%YAML:1.0
means: !!opencv-matrix
   rows: 15
   cols: 10
   dt: d
   data: [ -2.0389934096241475e+01, 8.0063782671828903e+01,
       1.9832323415122229e+01, -2.2258901008177489e+01,
       5.3497800514524796e+00, 1.3260683061093191e+01,
       -7.2986607850955805e+00, 1.4439407228155565e+00,
       6.5580920818341024e+00, 1.4733350763157493e-01,
       7.1344164758197522e+01, 4.0366789849459181e+01,
       -3.9082871983284122e+01, -2.1559199111307848e+01,
       -6.4842372239170540e+00, 3.4870649141264898e+00,
       -7.6239800221314213e-01, -9.3569191626339121e-01,
       -1.3857619864941138e+00, -1.7897954641985281e-01,
       -7.1367675698592976e+01, 8.0302518909983007e+01,
       -2.9674906732369273e+00, -4.5286468494223406e+01,
       3.0025656019130165e+00, -1.4385219927446884e+00,
       1.5619575903597651e+00, -6.7817848155106808e-01,
       -6.8255366227908132e-01, -8.5796655745574893e-02,
       1.2025875799064362e+02, -4.1639271164761297e+01,
       3.1158093401894732e+01, 6.6273280111249755e-01,
       8.1003271767427130e+00, 2.9067613050930741e-01,
       1.4782326328075206e+00, 1.9248751939198019e-01,
       2.0636843637266056e-01, 1.0208575394506531e-01,
       -1.7238674668977453e+02, 5.2625510552719277e+00,
       4.3326457611586477e+01, -1.5102573625992626e+01,
       1.1037251625994942e+00, -6.5416544563346122e+00,
       -3.8677204816010186e-01, 1.4094289397778028e+00,
       -5.6262233947363727e-01, 7.1418398480806000e-02,
       -4.6479969816853405e+01, -4.4765377015144750e+01,
       1.3796618343395444e+01, 1.2830598167303709e+01,
       7.6324747495498695e+00, 2.7039382839178829e+00,
       8.6435306246211041e-01, -5.4584906480259821e-02,
       -5.6805330962100709e-01, -2.5319572720248057e-01,
       5.1473479083437738e+01, 8.7136249160827404e+01,
       3.0320592650774270e+00, 6.0329588692214756e+01,
       1.7278620487379119e+00, 2.3065372498653489e+00,
       -6.2630806546612725e-02, 2.9645741703888828e-01,
       -2.5779085504805904e-01, 8.0542320340926746e-02,
       -1.7529888095245755e+02, -1.1694352612152431e+02,
       5.2933122907134795e+01, 2.9994148744234732e+01,
       -9.3217470707885965e+00, -7.3428882906004738e+00,
       -4.7676536723303107e+00, -1.7117784047881821e-01,
       -9.3119898915548427e-01, -7.4187565373466921e-02,
       8.0219134897171980e+00, -5.2622153908859076e+01,
       -5.0852884317353087e+01, 2.3911915327479655e+01,
       8.2249286792502261e+00, 1.3451972220165904e+00,
       1.6971192629597429e+00, 5.9859030078524655e-01,
       3.6140486880893236e-01, 1.3340133198859525e-01,
       8.4223298069740302e+00, -2.0271454064614130e+02,
       1.7312029835760605e+01, 6.7098483738357118e+01,
       -2.0256360931418339e+01, 4.2356339409596115e+00,
       -3.6785700637022911e+00, -3.0481708823668567e+00,
       -1.7160863327007778e-01, -7.5921469411106823e-01,
       8.7677010676248671e+01, -8.6381589621460961e+01,
       -1.0795204175722152e+01, 3.7217283051158795e+01,
       -8.9876924348732139e+00, -4.9556028946441284e+00,
       -8.2582334431878057e-01, -1.9721316955632464e+00,
       -1.1148778187427890e+00, 6.4059332796792878e-01,
       -2.0114781555087418e+02, -2.5457648308886458e+01,
       4.2070858961253833e+01, -1.6438204341367474e+01,
       -4.0411822435353502e+00, 1.8245652741741520e+01,
       7.2760589934640879e-02, -2.3766177446684162e+00,
       2.8457619028742358e+00, 1.9052457398395511e-01,
       2.7989854870520471e+01, 1.7645829344011538e+01,
       -9.0955570489422435e+00, -2.1440565577272775e+01,
       -1.4688254502747668e+01, 7.9179733725113186e+00,
       -6.2684683501415392e+00, -4.2815884523985864e-01,
       5.4175881434307804e+00, 3.0076213436538873e-01,
       1.6084135226353848e+02, 2.1056171611027459e+01,
       -3.7777359965093197e+01, 8.4764430323013720e+00,
       -7.4613107863181449e+00, -3.3011873871214301e+00,
       9.4100916611952246e-01, -1.9721330716332647e-01,
       -7.6802534947577838e-01, -7.2343383597943844e-02,
       1.0923217157076092e+01, 1.1068778046553280e+02,
       -1.9888722183546548e+01, -4.7346265713851778e+01,
       -2.4781944264661591e+00, -2.2557704957110087e+00,
       9.5662946354422385e-01, 4.8416194398551921e-01,
       -2.0276777133183835e-01, -7.2326097572736503e-02 ]
