%YAML:1.0
means: !!opencv-matrix
   rows: 15
   cols: 10
   dt: d
   data: [ 7.0057576218918925e+01, 1.4555764086262673e+01,
       -1.6368910300180271e+01, -2.7469211882808334e+01,
       -2.4088325435061812e+01, -4.4118077798890241e+00,
       3.9565214467584148e-01, -2.3778768311326539e+00,
       -7.4963860734208229e-02, 1.1760635172079398e-01,
       7.7537685168228251e+01, 3.2105395630470767e+01,
       -2.5937386179621758e+01, -2.8862930027389140e+01,
       1.1476629104333414e+01, -8.1430902122483140e+00,
       -4.9277510122511679e+00, -2.7427050008261782e+00,
       -2.0628407583084027e+00, -1.1385668595893839e+00,
       -1.9594072436896886e+02, 9.7294828108720807e+01,
       4.8767552870595487e+01, -5.5731413860994557e+01,
       3.3426795066575887e+00, -4.7979931281613322e+00,
       -3.8436705134789961e+00, 5.4936475545057206e-02,
       -3.4801149166482270e-01, 8.5584150728256411e-02,
       1.4085555335075938e+02, 9.9100444206387444e+00,
       -3.8246704130710469e+01, -1.5148395388398515e+00,
       6.6647976051820708e+00, -4.3761644109686246e+00,
       1.9467843657096018e-01, 5.1535198026972251e-01,
       4.8718064040812681e-01, 1.2646579091962365e-02,
       3.7515956967029766e+01, -1.0096885537653701e+01,
       8.8781482176901925e+00, 2.3478524172971085e+01,
       1.2969827255355243e+01, 1.3945067502739185e+01,
       -1.0429865816242517e+01, -6.1214386416794984e+00,
       -5.9507928709580558e+00, 6.4034512088174000e-01,
       -1.8536564586667172e+01, 2.8019701959816242e+01,
       -5.6625395935102546e+01, -1.4278358248716385e+01,
       8.4422380948290365e-01, 7.7194313520287032e+00,
       2.6423367275162879e+00, 1.1180563900626173e+00,
       2.1654098451588909e-02, -5.5190269487761359e-02,
       -1.2607963721245135e+02, -8.5542156015711981e+01,
       2.8774310747145698e+01, 5.5447207541512263e+01,
       -6.1401162969774008e+00, -3.2675953402720701e+00,
       8.4817788737714983e-01, -6.9637015022966220e-01,
       5.4341398651629735e-01, -5.2576782362054798e-02,
       4.7958639631002647e+01, -6.8825183073833870e+01,
       -1.9202215423731612e+01, 4.0503119190204487e+01,
       5.4497376259421753e+00, 4.3505207500316634e-01,
       -5.2255988631290150e-03, 1.3833271954631432e+00,
       4.3578305133487555e-01, -1.5913796365745481e-01,
       1.0132278647522625e+02, 2.3232948713469341e+01,
       2.4464610496098164e+01, -1.3520623143667700e+01,
       -1.5031179678062010e-02, 6.1587411811266639e+00,
       2.6594564902918933e+00, 1.4077602917033116e+00,
       -8.7788756288577040e-03, 7.1994086782912982e-03,
       -2.1140817959673484e+02, -6.4910159513930479e+00,
       4.9025331965420492e+01, 8.6957176099474367e+00,
       8.4302557907290385e+00, -3.2972990005141356e+00,
       -2.7298186535986066e+00, -2.2537622243990434e+00,
       -4.5953187866076861e-01, 1.5261700221016924e-01,
       4.1255716872077905e+01, -6.9418151534091677e+01,
       -6.7601105805294912e+00, 5.4678440106957311e+01,
       3.7418779765661809e+00, -5.6072103733174883e+00,
       4.8461280653617794e-02, -6.7010234897711896e-01,
       2.4132135278622774e-01, 2.3696160809016989e-01,
       1.8876784595530442e+01, 1.5302408996517579e+02,
       -2.5837385456798372e+00, -8.8239757148007712e+01,
       1.6193691766113673e+01, -2.0738709025640345e+00,
       -1.4000491605116705e+00, 2.3329556920780679e+00,
       1.9143355443501191e+00, 4.9168208960464102e-02,
       3.8300535793836715e+01, 1.5368107437945556e+01,
       -7.4516438347192766e+00, -1.7774555299688522e+01,
       -4.9965368598443698e+00, -2.0503521159243452e-02,
       -7.7835308069712827e-01, 5.2907676168719076e-01,
       3.0331772894425202e-01, -7.2413691592367033e-02,
       -4.5122746279403403e+00, -1.2526884982255112e+01,
       1.1325533262260734e+01, -4.8979573787390845e-01,
       2.8526593149825863e+00, 1.5794219957938310e+01,
       -1.1842662529194601e+00, -3.3493471072332426e+00,
       -2.7170525972951878e+00, 2.6468906826112465e-01,
       -1.6652940529639611e+02, 1.0241422226146794e+01,
       4.2039482951277229e+01, -4.2471652963659672e+00,
       -1.0036791728062440e+00, -1.4193060234427082e+00,
       1.0293332517013585e+00, 1.2388525421541621e+00,
       6.9737065758104655e-01, -6.7720322612620912e-02 ]
