%YAML:1.0
means: !!opencv-matrix
   rows: 15
   cols: 12
   dt: d
   data: [ 3.0046590834936193e+01, 4.6733943477733909e+01,
       -2.0247935046968792e+01, -2.3792658933578785e+00,
       6.9965419082909373e+00, -5.5341578158440621e+00,
       -3.3129109180391872e-02, 1.3792083790044625e+00,
       -1.8482638058559089e+00, -5.2959974438331181e-01,
       1.6175357306587590e-01, -5.6368901982189697e-02,
       3.3837562427025489e+01, -2.1346860413625226e+01,
       4.6303969599140494e+01, -1.0504892705423622e+01,
       1.9336356445855976e+00, -7.6452938143185523e-01,
       -1.3361761768107399e+00, 2.0287422203279935e+00,
       -1.2325444331082032e+00, -7.7495167073369442e-01,
       1.4460383392508450e-01, -7.8540851497916203e-02,
       -4.4004790336247190e+01, -2.1519853506934524e+01,
       -6.0575951956021377e+01, 5.4887693557737434e+00,
       -6.0162744503747625e+00, -1.7648563858023072e+00,
       -2.9483972587319283e+00, -4.4133477677348187e-01,
       1.2771274859036168e+00, -7.1871079570066010e-01,
       5.5431831251150539e-02, -4.9822781333558669e-03,
       -1.0001401606109019e+02, 6.3201440447100680e+01,
       -3.2398793831181791e+01, -1.0211879538203387e+01,
       7.6140048520136245e+00, 9.4155069344014533e-02,
       2.2441705907668497e+00, 6.2270825950446529e-01,
       2.8677641051900546e+00, 3.6301543498209208e+00,
       -1.8685376320047706e-01, 4.9105797828964709e-02,
       -6.9153473979131192e+01, 7.0973529839701769e+01,
       -2.5111661541068337e+01, -6.4893145895504221e+00,
       4.1059674181184560e+00, 1.6823371708760320e+00,
       1.7177576938216070e+00, -7.6078269240262522e-02,
       1.4926517488066813e-02, 1.4618361959212192e+00,
       -1.2799363725521168e-01, 8.5386870307734328e-02,
       9.0892239933027525e+01, -1.5611594884774446e+01,
       4.4959855695028686e+01, -1.5681856670420622e+01,
       9.2232513581501396e-01, 6.4598986055719223e+00,
       -1.1695262465178478e+00, -2.7968727682130718e+00,
       3.0837432854035918e-01, -2.6206167400766783e-01,
       -4.7311724194549036e-02, -1.1969705619499298e-02,
       -2.9365697577421976e+01, -7.0267115496725978e+01,
       4.4045068797464822e+01, -2.5979209793522511e+00,
       -1.2350034097263594e+01, 4.7182239120173115e+00,
       6.1188144081156595e-02, 6.0101452612968576e-01,
       3.3919210931290783e-01, -1.9389046259761133e-01,
       -9.8648195475514483e-02, 1.3460326156358778e-02,
       -4.6010967184740785e+01, -3.0729281557092037e+01,
       -5.5190336802546007e+01, 4.2469437549264617e+00,
       -1.1386990737214107e+01, -5.6993558078547304e+00,
       -2.7487520679051451e+00, 6.4128736894309823e-01,
       1.4383980366863278e+00, -2.4856670056360039e-01,
       3.5261083143672781e-02, -3.7702888685579708e-02,
       -7.7887471598370283e+01, 6.6300869671412485e+01,
       -3.7033133323352686e+01, 3.9269221310598168e-01,
       -2.5692657979722835e+00, 5.9420187668649884e+00,
       2.1808937197506779e+00, 1.1416735397212923e+00,
       -2.3361686443948395e+00, 1.1087589243594778e+00,
       -2.1844418241383817e-01, 8.0943717219029848e-02,
       9.3747078621033495e+01, 6.0493056743829577e+01,
       -3.2789337272388643e+01, 5.1425491150835088e+00,
       -1.3154194241129884e+00, 1.5153161251676777e+00,
       1.6427340757540108e+00, -3.0705612012919552e+00,
       7.4528482516952388e-01, -1.2636458311773411e+00,
       -4.5800941649693755e-02, 4.1229185607171863e-02,
       -1.0393480808314911e+02, 6.0949881585867210e+01,
       -2.2295459860461445e+01, 8.5189378953565154e+00,
       -1.2719138099170735e+00, 6.1564197847734690e+00,
       2.4204615411976427e+00, 5.0254822401847210e-01,
       -2.1077758481255771e+00, 6.7454189507978801e-01,
       -3.1877076495913859e-01, 2.6476947827855098e-02,
       1.6188506530151756e+01, -1.2801055225804754e+02,
       1.1588434419500024e+02, 2.3401148220041140e+01,
       -3.5572881845017195e+00, -6.8672229865380165e+00,
       5.3088170517694202e+00, 2.4124532528997111e+00,
       -5.3783684820681033e-01, 6.3670156850822779e-01,
       -1.1213398180910751e-02, 3.2056944997660666e-02,
       5.8588063977652709e+01, 5.3503343750235352e+01,
       -3.1043915167968443e+01, 7.8083796430838168e+00,
       -6.1557429151853299e-03, 6.9887018341836388e-02,
       -1.7431026927976425e+00, -3.5185343100620758e+00,
       -5.6694156472048152e-01, 9.8570650821747952e-01,
       1.3490563378056042e-01, -1.6295666428967363e-03,
       3.1664766595905807e+01, 5.0939688905026223e+01,
       -2.2284181277515572e+01, 8.0760576638170031e-02,
       1.1532036916671771e+01, -1.7732608759514605e+00,
       2.1347281448935634e-01, 1.1553164843344608e+00,
       -7.1417571895510112e-01, -1.1421990500483887e+00,
       1.8454070616862986e-01, -2.7106666076503361e-02,
       3.8912809763216465e+01, -7.9901603139803157e+01,
       7.5055246433056539e+01, -5.0630473879194957e+00,
       1.9516917296536576e+00, -3.6797924448399105e-01,
       -2.8265957658637695e+00, -2.9997593559256548e+00,
       1.1198168160694240e+00, 1.5716845124883150e+00,
       -8.2182478095964392e-02, -6.6226273390735182e-02 ]
