%YAML:1.0
means: !!opencv-matrix
   rows: 15
   cols: 12
   dt: d
   data: [ 3.1454744301951521e+01, 1.6781048587883525e+01,
       -1.6459403910847239e+01, 1.8147363870279123e+00,
       -9.9639275099368234e+00, -2.8951018492547691e+00,
       4.4668576189856785e-01, 9.1182245271117912e-01,
       -2.6632524704026790e+00, -7.5439797916153584e-01,
       -2.3040109235067212e-03, 2.0399897259713608e-02,
       -2.8355021831919998e+01, -2.9830702463930386e+01,
       2.2655334252530498e+01, -1.8934894865924978e+01,
       -4.3569153037346648e+00, 4.5624840671431386e+00,
       -8.1107620580022455e-01, -1.9943910946624568e+00,
       5.6786646703287924e-01, -7.9300328260140429e-01,
       1.4780924292952263e-01, 2.2933654192274801e-02,
       -4.3421028893124358e+01, -2.1672569444669264e+01,
       6.0747571823854862e+01, 1.9134074187398589e+01,
       5.7966862679561455e+00, -1.0205671817804889e+00,
       1.5371668393297571e+00, 1.0581664017687992e-01,
       -7.9097649459732655e-01, -4.2368223608702038e-01,
       1.4977503903390207e-01, 8.0045685830806793e-03,
       2.8511069762180387e+02, 8.0431010320452430e+01,
       -3.4773771759113856e+01, -2.0934298929291838e+01,
       2.0892679954980196e+01, 5.5941723616207495e-01,
       -1.7677116908082000e+00, 3.4059565680667774e+00,
       -1.4923629776642575e+00, -9.2697618123616077e-01,
       6.2863498510489516e-02, -2.3871131840424981e-01,
       4.4813132556975459e+00, 3.2083411002898039e+01,
       -1.9387390238359369e+01, 3.1691391421372800e-01,
       -7.3244235974535083e+00, -5.0460420495811977e+00,
       -1.1768786536587976e+00, 5.3450759898823463e-01,
       1.2470674672691502e+00, 1.3924459273540153e+00,
       1.4580457757926071e-01, 8.1634686448166030e-03,
       8.4832743453415034e+01, -1.5402325454606769e+01,
       -1.9669110265583498e+01, 4.7110385735180538e+00,
       -1.1632417976341278e+01, 2.7395819651477917e+00,
       6.7277658900070669e-01, -2.1570249636901657e+00,
       3.1419455268204617e+00, 1.0617234707937082e+00,
       -4.0795495754660327e-01, -5.5276740284722674e-02,
       5.1596352947736790e+01, -4.0342483812746352e+01,
       3.1425416962185349e+01, 1.4666838284622747e+01,
       -6.6111781815667801e+00, 3.8592793511864993e+00,
       4.3289586508569631e+00, -3.6819087984982075e+00,
       5.4614366023663976e+00, 6.1882661202400102e-01,
       -4.7870910968121505e-01, -6.8761830775208865e-02,
       -1.9628920550940411e+01, -3.4267825163956800e+01,
       -4.4596164228210455e+01, -4.3907462022962136e+00,
       -1.7658770178917240e+00, 1.0091421684258263e+01,
       5.2426718370655649e+00, -1.5237281908359781e+00,
       2.3612760421237797e+00, -1.9322198068666920e+00,
       4.4205106641410691e-01, 6.3903100066571961e-02,
       -6.8489900289148252e+01, 7.7036829529589861e+00,
       -6.7393067052188172e+01, 4.7222329852210265e+00,
       6.8668666343317994e+00, -1.3068234710840523e+00,
       -2.9985048512065948e-01, 5.4580200117610178e-01,
       1.9190499039763589e-01, -4.6549811227336219e-01,
       -6.1262603265924455e-02, 2.8418892275832046e-02,
       3.1346380712933662e+01, 5.3088531611577727e-01,
       -1.6784761892674343e+01, 2.3097751372312003e+00,
       -1.0147000670453787e+01, -4.8551339032073626e-01,
       9.4005570146515649e-01, -5.2212805096096326e-01,
       -5.7996987743438366e-01, -2.9524624098852309e-01,
       2.3141787794248647e-01, 1.9982312749145522e-02,
       -2.0717222093361450e+01, 3.1528706675006354e+01,
       -4.3640099774780737e+01, -2.0537502574740572e+00,
       2.2119529521992294e+00, 3.5200871143134610e-01,
       -8.1873624328637029e-01, -4.6578076373863858e-01,
       -1.0020367907122758e+00, 3.9898594109138108e-01,
       -7.9492513998383391e-02, 3.2043454021723608e-02,
       -1.0792724577935826e+02, -8.7354229691475311e+01,
       1.2580426945874855e+02, -1.4799574323272724e+01,
       4.9358380282364545e+00, -2.9179781013249797e+00,
       -2.9704999596048993e+00, 5.4341534312369555e-01,
       1.7525646622770116e-01, 1.1964215361070736e-01,
       -4.7847342958750264e-03, 1.6341940582864336e-02,
       -5.4135062297991190e+01, -3.6597519003611310e+01,
       1.2123388780358073e+02, -1.6581089557832705e+01,
       4.0939205412434330e+00, 8.7805007247920255e+00,
       -5.1211764076734543e+00, 5.5954942165106845e+00,
       3.6731944899343962e+00, 4.3289862078994668e-01,
       -3.2850979625296206e-01, -2.8847352758051292e-02,
       2.3149124159139453e+02, 1.5518769916458483e+01,
       7.7017586282633076e+01, 4.8049062014219794e+00,
       2.6812265186198552e+01, 5.0733871135839195e+00,
       3.7136555140278027e+00, 1.6111804303618118e+00,
       -8.7322311556283883e-01, 3.4165290485834094e+00,
       2.1869001215443973e-01, -2.0076108400766979e-01,
       -1.0012440363716237e+02, -1.6134057701110567e+01,
       3.0927152091303885e+01, -6.8551141398164210e+00,
       1.5999916874806773e+01, 2.8896151143082456e+00,
       -1.2045116316928342e+00, -1.6378246689787812e+00,
       -5.3588070733501481e-01, 1.2394354706484360e-01,
       -2.0411672772031569e-01, 3.2341597232854201e-02 ]
