%YAML:1.0
means: !!opencv-matrix
   rows: 15
   cols: 12
   dt: d
   data: [ -8.5242692850189997e+01, 6.4833206294925034e+01,
       9.1273864002522842e+01, 2.7351904644725948e+01,
       -5.8580453916384281e+00, 1.9983812592242877e+01,
       8.9525236471666112e+00, -3.9513109635182710e-02,
       7.7178889928448702e-01, -1.2511732237137491e-01,
       2.3020717155743816e-03, -6.4079761032373894e-02,
       5.8418495545502701e+01, -2.2873551000917914e+01,
       -6.6881629081211846e-01, 1.0516046599162348e+00,
       -8.7908731136422205e+00, -2.6571859393523445e+00,
       -1.5276649319753692e+00, -1.1342259643194994e+00,
       3.1209734668528273e+00, 7.9918460718735740e-01,
       -2.1388691645478051e-02, -3.4652744609073853e-02,
       -1.0649092901830237e+01, -6.5923627310723646e+01,
       -5.4305463803386729e+01, 9.3784925716021839e+00,
       1.2027566180158880e+01, 2.7383115358717531e+00,
       2.6513771096606633e+00, 2.3448290678181660e-02,
       2.2844330787629885e-01, -4.4675383029520155e-01,
       -2.8492722493410888e-01, 5.4680853178614007e-02,
       9.6278983693167518e+01, 3.2346829792669880e+01,
       -1.1936328126688403e+01, -2.4260482467962650e+00,
       -1.0700672259361234e+01, 4.3764878312756013e+00,
       -2.8716318669915610e+00, 8.6786321775550701e-01,
       -4.5388178174265752e+00, -2.7162764501071930e+00,
       -1.1656234905629190e-01, 1.3149788619779416e-03,
       -8.9081724094789266e+01, -1.7525859923713057e+01,
       4.0779038106919366e+01, 9.3219005275731064e+00,
       1.4071283155190695e+01, 2.7421644408127426e+00,
       1.1582945355618486e+00, -4.7166157758208771e-01,
       -5.3894191355855914e-01, 4.4933956078623777e-01,
       -1.1296524850235766e-01, 3.1293491685937862e-02,
       -1.3938569413460842e+01, 1.2206309816843742e+01,
       7.4272505354096793e+01, -4.4006825902578953e+01,
       -3.9606873016752772e+01, 8.4753437631981399e-01,
       6.1045318848743095e+00, 1.5059481429191587e+01,
       -2.1681609432695161e+00, 1.8243432535000674e+00,
       -3.8017240527378854e-01, 6.2752333786095377e-02,
       4.8045646054738064e+01, 4.0370271111465385e+01,
       5.0411136762304658e+01, -1.5915730075583802e+01,
       -2.2125384430755703e+00, 3.5628691925064215e+00,
       -3.7239247175966952e+00, 1.5434500015667143e+00,
       -3.9688719460961899e+00, -1.4940413583580607e+00,
       -7.8362824196133871e-02, -1.2350512647742765e-02,
       -2.6810638789306374e+01, 2.5870563676620336e+01,
       -5.7827073271840561e+01, -6.1330369496416051e+00,
       3.1296167092224603e+00, 6.8306945071772285e-01,
       -2.9349556003951721e-01, 3.3674413969898292e-01,
       -6.0227904271265797e-01, 1.2700045018937638e+00,
       1.0221626990209591e-01, 2.5019550022523662e-02,
       -7.3566420747880192e+00, -7.7553880695808502e+01,
       -4.9196895827663823e+01, 8.7726858304719073e+00,
       1.0338322298418117e+01, 1.0951900046859495e+00,
       1.2752566165222490e+00, -1.3819989603543101e-01,
       1.0272405300439198e+00, -1.1432937516738366e+00,
       -1.9402354408729217e-01, 8.1367567656593323e-02,
       3.1961739918320937e+01, -1.4796075016279463e+01,
       -1.8428155694197692e+01, 1.8549695873848555e+00,
       -3.5715189904673061e+00, -5.1349024973938890e+00,
       3.6531607790320592e-01, -4.0795872162289581e-01,
       2.9682791042192287e+00, -4.7950312364222442e-01,
       3.1401814445971893e-01, -2.6811253323477571e-02,
       -3.0277212399804132e+01, 3.9452337757608468e+01,
       -6.4783434885496007e+01, -3.5518713091960405e+00,
       3.9333158462799136e+00, 1.3851571767178041e+00,
       2.7685264595169279e-01, 3.0823208513055943e-02,
       -1.5143234722296925e+00, 1.5171294411337573e+00,
       4.1550136464217166e-02, 9.0391103554406885e-03,
       4.0385193425354892e+01, -1.7503384549859472e+01,
       -9.6374719163805658e+00, 2.8816983729931875e+00,
       -9.0111973597526305e+00, -7.6825169767994064e+00,
       1.8649282461239363e+00, -1.8456643913671560e+00,
       1.4669072834262803e-01, 8.4789182826956577e-01,
       1.2435453550058834e-01, -4.2924367967616922e-02,
       -2.9121320453929329e+01, 3.4633047125651841e+00,
       6.0739453764778034e+01, -1.1884072688515435e+01,
       2.3500414279643705e-02, -5.2521308303995138e+00,
       -1.4489899472860590e+00, -5.8302625766704819e-01,
       2.1188925372296024e+00, 1.0584034952654353e+00,
       9.9624387249463750e-02, -5.3557046243874799e-02,
       4.1610395105442208e+01, -1.1898299954138913e+01,
       -1.4452549679701100e+01, 3.2437781907302998e-01,
       -4.2270720155448842e+00, -2.7491940813123312e+00,
       3.3374948286233036e-01, -6.1729740828706203e-01,
       2.2998774941399245e+00, -1.5323687104775319e-01,
       1.6398777418767341e-01, -6.0863567565206812e-02,
       -1.3470609425881833e+02, 4.5267960987415584e+01,
       1.2711803607954445e+02, 1.4263392220690504e+01,
       9.9521995932583600e+00, -2.5958200808461478e+00,
       1.7430424012587580e+00, -5.4549648738969914e-01,
       -2.5336023946306929e-01, -6.8556395874684861e-01,
       7.3031721224471619e-03, 9.6452397469684904e-03 ]
