%YAML:1.0
means: !!opencv-matrix
   rows: 15
   cols: 8
   dt: d
   data: [ 4.8055679345372944e+01, -7.6979668749160183e+01,
       -1.2699255262148093e+01, 5.3690272808982556e+01,
       5.1632831501036556e+00, -3.7939083254517869e+00,
       7.0328490171463398e-01, 1.1015033799026573e-04,
       2.1288249049128350e+01, 1.4971249915908137e+02,
       -3.7023500014007262e+00, -8.6388564567034152e+01,
       1.4520717599940456e+01, -2.7182607617952543e+00,
       -1.2881239653724379e+00, 2.3181543180433715e+00,
       -1.9494580741004702e+02, 8.9645988771131726e+01,
       4.8182465592111519e+01, -5.1254254691682995e+01,
       9.8748076647328420e-01, -3.2731022840585888e+00,
       -2.7928156819117622e+00, -3.4288916018830148e-02,
       -1.3869064068305801e+02, -9.6963702574900466e+01,
       3.1175914319793140e+01, 6.1290998257081334e+01,
       -9.1166346413116930e+00, -8.3614686010460151e+00,
       -9.2590136450883774e-04, -1.8764107082427353e+00,
       1.3971437105319112e+02, 8.9954769910000341e+00,
       -3.7016897885767442e+01, -3.3800493386993238e+00,
       6.7594951134035339e+00, -4.1207683116168869e+00,
       3.8587085710097996e-01, 4.5184705540628611e-01,
       7.8494455252713152e+01, 9.9711884023180218e+01,
       1.1490267938480254e+00, 2.8342409135695760e+01,
       1.7957383819636824e-01, 5.5608597246637261e+00,
       1.2485150487842669e+00, 1.6525071514331777e+00,
       6.9659463934351933e+01, 1.4453020435745051e+01,
       -1.6522678531046814e+01, -2.7715664273710043e+01,
       -2.4246405995149320e+01, -4.3841662572901576e+00,
       4.2029521941596465e-01, -2.3855030385895133e+00,
       -1.1893219942871782e+02, -3.6791512204913900e+01,
       3.3922879753485482e+01, 2.0967237479919387e+01,
       -3.9797538237732097e+00, -7.6044798727250984e-01,
       1.5763471998739156e+00, 4.3253033254823520e-01,
       -4.0148214505778604e+01, 6.0357928232390652e+00,
       -6.9495510202235081e+01, -5.7958131935532773e+00,
       2.3778816702124348e+00, 6.6136091441688594e+00,
       1.9437680606521770e+00, 9.3905200792057286e-01,
       -2.1336988697216026e+02, 1.2629331752607529e+01,
       4.8130975875373359e+01, -4.6126196396231594e+00,
       5.1578566431371380e+00, -4.9801388914450460e+00,
       -2.1147271062940338e+00, -8.2976497689400119e-01,
       -1.8311256351203363e+02, 1.0153450338563070e+02,
       5.2486489501213747e+01, -3.8942439741238651e+01,
       2.7608456654948434e+01, -2.0515614942257965e-01,
       -2.5921811620101862e+00, 3.9270120143755252e+00,
       7.9439399439804248e+01, -2.8582386512755320e+01,
       8.3420249423330493e+00, -2.7637923597378013e+01,
       4.4779472631646282e+00, 5.9845119336656509e+00,
       1.8261916298612393e+00, 1.4559357712783645e+00,
       5.1925064585781016e+01, 1.1135057297042437e+01,
       -1.3006255795236354e+01, -2.6500676745993950e+01,
       -1.0191607142984639e+01, -4.8514433899987672e+00,
       -1.6347383063114813e+00, -9.8711511725146261e-01,
       -6.0776713860966574e+01, 1.4021702852036590e+01,
       1.9171890961423522e+01, -6.5287018257111225e+00,
       2.9642278545142564e+00, 1.2775202460379553e+01,
       1.0739526193337985e+00, 7.0104019276815777e-01,
       4.7144099152596908e+01, -2.4998637443943657e+01,
       -3.0773717199740607e+00, 1.1030921021374530e+01,
       5.5669492974975148e+00, 4.8640367997649605e+00,
       -6.0162434674109377e+00, -3.3379767485405027e+00 ]
covs: !!opencv-matrix
   rows: 120
   cols: 8
   dt: d
   data: [ 6.5527382692844676e+03, 9.3404992410539842e+02,
       2.3839630837848126e+03, -3.8799198945106241e+02,
       1.6710946875895965e+02, -5.8499771136670532e+01,
       -5.9985205978818620e+01, 9.4474828512964439e+00,
       9.3404992410539842e+02, 6.6118228199442347e+03,
       -3.4155850910807965e+02, 1.5569985396259112e+03,
       3.0913622181650254e+01, -6.7626115441643293e+01,
       4.8097873113753010e+01, -3.2020615845940959e+01,
       2.3839630837848126e+03, -3.4155850910807965e+02,
       2.5047157375976840e+03, 4.8526252595269632e+01,
       -2.5283753532410138e+01, -1.4448067331708303e+01,
       2.4252486767655380e+01, 1.0155885267270017e+01,
       -3.8799198945106241e+02, 1.5569985396259110e+03,
       4.8526252595269632e+01, 1.4072151571773800e+03,
       -1.8631570092850609e+02, 1.0068814391303921e+01,
       -3.3566593314334199e+01, 1.7020660198420291e+01,
       1.6710946875895971e+02, 3.0913622181650251e+01,
       -2.5283753532410138e+01, -1.8631570092850609e+02,
       6.2843311109565676e+01, -2.2496726213520848e-01,
       1.4149261923508352e+01, -3.5235607177507307e+00,
       -5.8499771136670546e+01, -6.7626115441643279e+01,
       -1.4448067331708305e+01, 1.0068814391303921e+01,
       -2.2496726213520882e-01, 3.5457497632760699e+01,
       -5.4078692168524851e+00, 7.9187638117903836e+00,
       -5.9985205978818598e+01, 4.8097873113753010e+01,
       2.4252486767655387e+01, -3.3566593314334199e+01,
       1.4149261923508352e+01, -5.4078692168524851e+00,
       1.6780511110934498e+01, -6.9833105912275295e-01,
       9.4474828512964493e+00, -3.2020615845940952e+01,
       1.0155885267270017e+01, 1.7020660198420288e+01,
       -3.5235607177507307e+00, 7.9187638117903836e+00,
       -6.9833105912275284e-01, 1.2557987831123237e+01,
       6.0336749955066816e+03, -4.3038200503592043e+02,
       2.6928202028473229e+03, 6.0149055744899476e+02,
       -3.5832164324449667e+02, 2.5511818530355933e+02,
       9.5240981278579909e+01, 6.2951151193117756e+00,
       -4.3038200503592037e+02, 6.8137495758168561e+03,
       2.8498570471440303e+01, 1.8080039571725445e+03,
       4.2788342932396290e+02, -4.3447306388117710e+01,
       -7.5312756117149874e+01, -7.3723592239255469e+00,
       2.6928202028473229e+03, 2.8498570471440264e+01,
       2.3026988064361904e+03, -6.1549920611784408e+01,
       1.2845607080288755e+02, 5.7598459282471190e+01,
       -1.2286137325109150e+00, -1.3057195554208342e+01,
       6.0149055744899476e+02, 1.8080039571725442e+03,
       -6.1549920611784408e+01, 1.1540173822148479e+03,
       -1.4732104192581687e+02, 9.4110670501828704e+00,
       4.1807239578329394e+01, -2.7343954380023852e+01,
       -3.5832164324449667e+02, 4.2788342932396290e+02,
       1.2845607080288755e+02, -1.4732104192581684e+02,
       2.3235752950323578e+02, -5.5327950926193871e+01,
       -2.3255498936407680e+01, -4.1416237749168578e+00,
       2.5511818530355933e+02, -4.3447306388117710e+01,
       5.7598459282471190e+01, 9.4110670501828739e+00,
       -5.5327950926193871e+01, 7.7884980290823350e+01,
       5.8613950050087977e+00, 2.7395096123813084e-01,
       9.5240981278579923e+01, -7.5312756117149888e+01,
       -1.2286137325109168e+00, 4.1807239578329394e+01,
       -2.3255498936407680e+01, 5.8613950050087977e+00,
       2.6478625226397067e+01, -1.7741071109938416e+00,
       6.2951151193117809e+00, -7.3723592239255478e+00,
       -1.3057195554208338e+01, -2.7343954380023852e+01,
       -4.1416237749168578e+00, 2.7395096123813106e-01,
       -1.7741071109938416e+00, 1.3911718810306329e+01,
       5.3695930395097075e+03, 2.0595049210419222e+02,
       3.0758885066577964e+03, 1.0402286354009259e+02,
       -7.3828801384657794e+01, -1.2214632562964563e+02,
       5.2340907085876616e+01, 1.7572178467123472e+00,
       2.0595049210419222e+02, 6.3084430954145228e+03,
       -9.4144503470105704e+01, 2.1205800264804598e+03,
       1.1807173349679454e+02, -3.2047349364214898e+02,
       -6.5047239306197554e+01, 6.6917956460157143e+01,
       3.0758885066577964e+03, -9.4144503470105647e+01,
       2.4180692897251765e+03, 7.2451460249293831e+01,
       4.4752565996263449e+01, 1.0997714197181399e+02,
       2.3330290631918933e+00, -2.0941167304509225e+00,
       1.0402286354009259e+02, 2.1205800264804598e+03,
       7.2451460249293859e+01, 1.1909977315114356e+03,
       -5.0277968271303855e+01, 1.5567111629906904e+02,
       2.6083896482761538e+01, -4.2559302801464106e+01,
