%YAML:1.0
means: !!opencv-matrix
   rows: 15
   cols: 8
   dt: d
   data: [ 1.1822074810598725e+02, 8.7635555080875402e+00,
       5.1637096250070421e+01, -1.9085985141881075e+01,
       1.0453862856408804e+00, 2.1611359577245963e+00,
       -1.7063324251959586e+00, -4.9835590797942236e-01,
       -8.6906753958477353e+01, -2.6830386588753331e+01,
       3.0637918933004009e+01, 1.4819380923887325e+01,
       1.1080310184940494e+01, -5.1826772545926838e+00,
       4.7619576496442895e-01, 1.2656586204020379e+00,
       -5.7848025079215205e+01, -1.1476149507428881e+01,
       -6.1932247482876825e+01, 2.8055591374853989e+01,
       3.0515090091839041e+00, 4.4338057212311011e+00,
       8.3666114100676148e-01, -4.7628164072116952e-01,
       6.1592362614507898e+01, -1.3302402991472009e+01,
       -1.0188391533541623e+01, -5.6524700909111258e-01,
       -1.4750225239461052e+00, 5.2638150516804521e+00,
       2.4948220570834660e+00, 3.1517767804926050e-01,
       4.1670909576891326e+01, 4.9530787174608069e+00,
       -2.1165344442090550e+01, 3.1265949677712168e+00,
       -7.6543393276449141e+00, 2.5136139150093095e+00,
       -4.9046218677910938e+00, -5.0492658507198018e-01,
       1.4103148956552531e+02, 3.2871016153320305e+01,
       -4.1109429190088207e+01, -2.1754114583912929e+00,
       -7.6024038141406711e+00, -2.4392246779889630e+00,
       4.6116422227822279e-01, -2.8731864356197551e-01,
       4.2762167643231216e+01, 1.0689589480618046e+02,
       5.5023674359112462e+00, 4.9418546696571532e+01,
       -7.7977834978733740e-01, 3.4413458775420027e+00,
       7.6137320839963263e-01, 6.1759370464367989e-02,
       -1.9112339258451746e+02, 2.8451419507505939e+01,
       3.4831651279457652e+01, -2.9846418697817448e+01,
       -9.8863231936223013e+00, 3.5171294554738015e+00,
       -8.8509057303757677e-01, -2.2452996092288603e-02,
       -1.7767690098867476e+02, -1.1388176419647712e+02,
       5.6163210982926543e+01, 2.0964605161704000e+01,
       -1.1639824167387230e+01, 3.2665195641478717e+00,
       -3.5495258630199542e+00, -8.9042206714575511e-01,
       -1.2408703154842161e+02, 9.6108191717386092e+01,
       1.6768239831479274e+01, -4.4077044372310922e+01,
       3.9100514513416043e+00, -4.3792060833253528e+00,
       1.2137008983127673e+00, 9.8417124476782902e-01,
       3.3140434598682468e+01, -1.1107151172449936e+02,
       -1.6997707513859250e+01, -3.6024220753120318e+01,
       7.2250303185776614e+00, 3.6254618078736836e+00,
       1.3224521273561862e+00, -6.3425411296037792e-01,
       8.0205752918811495e+00, -1.7552398956110949e+02,
       1.8379426448354071e+01, 5.8776619410063873e+01,
       -1.6759850009906938e+01, 6.1463505343642320e+00,
       -2.0732081313949262e+00, -2.6017614646520446e+00,
       -6.9915957501615011e-01, 1.1121058777472336e+02,
       -2.4264262781337312e+01, -5.1763392348357243e+01,
       -9.3697063088340615e-01, -3.2667358677499956e+00,
       1.0582362245061887e+00, -2.8140544799879513e-01,
       7.0766378807750399e+01, -5.9223344488004841e+01,
       -4.4224563250220434e+00, 3.5826910607259961e+01,
       1.6761366925253025e+01, -4.2725642706443097e+00,
       1.8436610259484494e+00, 7.5616518421441914e-01,
       -2.0325932816638215e+02, -5.0568336338236747e+01,
       5.3662656383664633e+01, -2.1952560635860325e+00,
       -1.1502750437449660e+00, -8.1127064010760233e+00,
       -1.2227986127597641e+00, 1.2347181868068651e+00 ]
covs: !!opencv-matrix
   rows: 120
   cols: 8
   dt: d
   data: [ 7.1177164439661683e+03, -8.3950648679031099e+02,
       -1.2344093895931999e+03, 7.2886773947238123e+02,
       3.2910312332689737e+00, -2.7083666906240575e+02,
       -1.5058816248320818e+02, 5.5454231618491576e+01,
       -8.3950648679031121e+02, 9.7587826273717073e+03,
       5.4865218656181878e+02, 3.1745608730277615e+02,
       -6.4449669498234115e+01, -2.6783804454416689e+01,
       -9.6366308859668749e+01, -1.8407811979793120e+01,
       -1.2344093895931999e+03, 5.4865218656181867e+02,
       7.8768227523413793e+02, 4.6931974217714139e+02,
       2.9838288931056894e+01, 1.1462919752198378e+02,
       2.9150788188766235e+01, -7.8918465722190962e+00,
       7.2886773947238123e+02, 3.1745608730277610e+02,
       4.6931974217714139e+02, 2.2004882664667025e+03,
       3.3221416720435919e+01, -3.5350149252219860e+00,
       3.7688731290762945e+01, 3.1689057303394881e+00,
       3.2910312332689742e+00, -6.4449669498234115e+01,
       2.9838288931056891e+01, 3.3221416720435947e+01,
       1.8108751190546596e+02, -3.1650016565453836e+00,
       2.5140333477987813e+00, -9.1152219471432672e-01,
       -2.7083666906240575e+02, -2.6783804454416682e+01,
       1.1462919752198378e+02, -3.5350149252219758e+00,
       -3.1650016565453827e+00, 8.9028822469573228e+01,
       -5.5047922621144663e+00, 4.8172571278480421e+00,
       -1.5058816248320818e+02, -9.6366308859668720e+01,
       2.9150788188766235e+01, 3.7688731290762945e+01,
       2.5140333477987813e+00, -5.5047922621144689e+00,
       2.6691547016999692e+01, -1.0106536589999064e+00,
       5.5454231618491583e+01, -1.8407811979793120e+01,
       -7.8918465722190989e+00, 3.1689057303394894e+00,
       -9.1152219471432694e-01, 4.8172571278480412e+00,
       -1.0106536589999067e+00, 1.3509913324642893e+01,
       8.8855098542291089e+03, 8.6808211083879553e+02,
       1.4845759287828835e+03, -1.2257433758971845e+03,
       1.5842990643803358e+02, 2.3570264167063661e+02,
       1.1912847053240452e+02, -1.1480370340096277e+01,
       8.6808211083879553e+02, 6.8117326526816087e+03,
       4.6366174317875016e+02, 1.6746510388333777e+03,
       -1.3668309586714823e+01, 2.1677525195910454e+02,
       4.1098860918512194e+01, -1.9401137797252296e+01,
       1.4845759287828835e+03, 4.6366174317875027e+02,
       2.5827623419679780e+03, 1.2109389828599019e+02,
       -1.4817261292580801e+01, -2.6839133835222817e+01,
       -3.1504769955220393e+01, -2.2136605601352195e+00,
       -1.2257433758971845e+03, 1.6746510388333777e+03,
       1.2109389828599019e+02, 1.8317857715943294e+03,
       5.0755222860448562e+01, -9.8340820372531994e+01,
       -1.4387167272686533e+01, -1.6690773512619597e+01,
       1.5842990643803356e+02, -1.3668309586714814e+01,
       -1.4817261292580801e+01, 5.0755222860448569e+01,
       1.2342270827994564e+02, 2.5794066178449651e+01,
       -2.0231130134837038e+01, -7.9137730998182789e+00,
       2.3570264167063655e+02, 2.1677525195910457e+02,
       -2.6839133835222817e+01, -9.8340820372531994e+01,
       2.5794066178449643e+01, 8.3968385942092908e+01,
       1.0823966637107064e+01, 8.2596640577691307e+00,
       1.1912847053240452e+02, 4.1098860918512202e+01,
       -3.1504769955220393e+01, -1.4387167272686533e+01,
       -2.0231130134837038e+01, 1.0823966637107064e+01,
       2.1963141870051160e+01, 1.4304477720780822e+00,
       -1.1480370340096272e+01, -1.9401137797252296e+01,
       -2.2136605601352195e+00, -1.6690773512619600e+01,
       -7.9137730998182816e+00, 8.2596640577691307e+00,
       1.4304477720780822e+00, 1.0983818848194151e+01,
       5.3969894355631523e+03, -5.3957638423243247e+02,
       -1.2344466387468940e+03, 3.5038224564946313e+02,
       -9.0103671450048040e+01, -3.1841947458934402e+02,
       -4.4245965000244624e+01, 5.2847314502997200e+01,
       -5.3957638423243259e+02, 7.7632358174803830e+03,
       1.1114408824207261e+02, 5.3794586583128682e+02,
       4.4273303326768129e+01, 2.1521270972465881e+01,
       -2.3944198849152436e+01, -3.8787225833705982e+01,
       -1.2344466387468940e+03, 1.1114408824207261e+02,
       1.0731941896426763e+03, 5.7039088678015696e+02,
       -2.0616757513997289e+01, 6.1668024253230946e+01,
       5.7589474551809552e+01, -2.5581597264315827e+00,
       3.5038224564946307e+02, 5.3794586583128682e+02,
       5.7039088678015696e+02, 2.1579535647232860e+03,
       4.2788823486747923e+01, -3.5022004005737465e+01,
       -8.2346431443284960e+00, 9.4239536145465959e+00,
