%YAML:1.0
means: !!opencv-matrix
   rows: 15
   cols: 12
   dt: d
   data: [ 1.3506763740274133e+02, 1.4758645825241052e+01,
       4.4534757879331224e+01, -1.7247382850863570e+01,
       1.5390472078398211e+01, 2.3489573301895017e-01,
       3.1825355369845226e-01, -1.7707832253184494e+00,
       3.8094573427100681e-01, -3.4826159315853850e-01,
       -2.0339124902636155e-01, -1.3269633714330739e-01,
       -2.5189566147163287e+01, 2.0232323869687395e+01,
       -5.3290894735012259e+01, -6.4461278735072169e-01,
       -8.5291220932359635e-01, -3.5960161836059714e+00,
       2.5331966087757474e-01, -1.0031158719239419e+00,
       4.1112099393975954e-01, 1.6584606779302358e-01,
       1.1091053271563386e-02, 1.6550923625191321e-02,
       1.3940869972052557e+01, -3.8431413413059779e+01,
       4.5891441266563099e+01, -1.3890414624032042e+01,
       -4.5696559611040383e-01, 1.2940639715543720e+00,
       3.0064476118873538e+00, -5.5015335421942679e-01,
       -2.0048424954430699e-01, -6.3851858402240114e-01,
       1.1383567823109496e-01, -1.3624373264815111e-02,
       -8.7301794541218271e+01, 1.0946047597630223e+01,
       -7.0940615467212055e+01, 1.2696035907849683e+00,
       4.6359675328656405e+00, -2.7847677985725019e+00,
       1.4187899600752263e+00, -1.6416463529448115e+00,
       1.3484847776909921e+00, -5.2166302671162290e-01,
       -6.2616060614366864e-02, 9.5253805155346965e-03,
       2.5096474241711419e+02, -1.1658415765168965e+02,
       8.7482055429105927e+01, 3.7562312855250333e+01,
       -4.8347424977139895e+00, 9.7781793157771251e+00,
       -1.9469760346415629e+01, -2.0329625207337685e+01,
       4.0071721502572837e+00, -1.9766942339693534e+00,
       2.1905684718302537e-01, -5.4031630885451508e-02,
       2.1078961850556911e+02, 1.5607931557058828e+02,
       -4.4599737760290239e+01, 1.2947287649129946e+01,
       1.5384779038800707e+01, 5.6762758326301821e+00,
       -6.0824014355795821e+00, 1.1389069769550126e+00,
       -1.7539301174581196e-01, -1.0143508884444139e+00,
       6.8534088627418277e-03, -2.3739310244966738e-01,
       -7.0407498110038290e+01, -9.1788118317253804e+01,
       9.8794804928953980e+01, 2.2026447489362173e+00,
       7.8632569290752441e+00, -7.3914756015801872e+00,
       -4.3918944986767947e+00, -1.7345104351632146e-01,
       -3.6720527947413217e-01, 1.1848812688374952e+00,
       -3.0400533895132292e-01, 2.1527475496589290e-03,
       -8.6437376439279447e+01, 8.1677003234288733e+01,
       -4.3603024672358110e+01, -4.2295040886664941e+00,
       -3.0266593469571563e+00, 5.1089600366958257e+00,
       -9.5703242025848023e-01, 1.5041773869169675e+00,
       -1.3538798421672185e+00, 5.6034989033120586e-01,
       -2.0153879525502419e-01, 4.4261530079092719e-02,
       4.3318784780359671e+01, 3.2047049461081080e+01,
       -3.5887132890719393e+01, 3.2717481627643417e+00,
       -4.6633439100937517e+00, 8.0961906671730155e-01,
       1.0476201091651616e+00, -2.9580413204619938e-01,
       -9.3609790139886084e-01, 1.7509660088987947e-01,
       9.4414588607000333e-02, 3.5911493817356770e-03,
       3.3317124838378348e+01, 2.5316807175969224e+01,
       -3.4106746296071023e+01, 1.8398066010217899e+00,
       -1.0932230239663333e+01, 1.1630917780925709e+00,
       2.2403299614790981e+00, 4.2156313567621478e-01,
       1.1513257387149843e-01, -7.5924818379839032e-01,
       1.6429923362236978e-01, 4.2031066002810431e-02,
       -4.7557409743521958e+01, -3.5021867865596050e+01,
       2.4334128551201623e+01, 9.6470234522553717e+00,
       3.8495111794380295e+00, -4.4848058627424292e+00,
       -4.7686370824414520e-01, 1.3341119127969261e+00,
       -1.3880594213252553e-01, -2.8883718483622610e-02,
       -7.7117518411771308e-02, 7.3231366324561144e-03,
       -1.3719322269020617e+01, 8.5505264867482893e+01,
       -5.1693084595053222e+01, 1.1990138909440553e+00,
       3.8955164590918705e+00, 3.4037748426873997e+00,
       -3.7335192875070957e+00, 1.6118545759547127e+00,
       8.8904997556334153e-01, 1.5438194400443792e+00,
       -2.5114799001274901e-01, 3.9747359189831553e-03,
       -3.6705779168615955e+01, -1.1051978138936146e+02,
       1.2053155869973136e+02, 2.2037695359308348e+01,
       -1.9179462662007338e+00, -1.0868792356034101e+01,
       -4.4229519509954933e+00, 4.2002767852331671e+00,
       -2.1095977857420500e+00, 5.7503419292445970e-02,
       2.0599092523995142e-02, 4.1050427640726327e-02,
       2.9702156743730819e+00, -6.0377875386556973e+01,
       1.5045130428878336e+01, -2.2768654998289694e+01,
       -2.4858954214924496e+00, 2.1367444023720639e+00,
       -2.9998527962407855e+00, 8.9231234858383990e-01,
       2.2408081356363527e+00, 2.0026859496650875e+00,
       1.6831159704873835e-01, 8.7153729040952068e-04,
       -2.4917057269397088e+01, -8.5967334617142868e+01,
       9.7550662905842429e+01, -6.6918518770590241e-01,
       7.7501007341878170e+00, 1.2162172141101218e+01,
       4.6112401792281386e+00, -2.8523684117162160e+00,
       8.7716397708247451e-01, 3.9049437526418329e-01,
       -7.9249835381116240e-02, 1.6063135262879794e-02 ]
