%YAML:1.0
means: !!opencv-matrix
   rows: 15
   cols: 8
   dt: d
   data: [ 1.4318455830116275e+02, 2.7193732235583372e+01,
       1.2740461648421399e+00, -4.3453550437539469e+01,
       -2.7075492643274199e+01, -3.4053581576875827e+00,
       -4.2527205090316533e-01, 3.7629196538135390e-01,
       2.7275568628546555e+01, -9.2182997384819288e+01,
       -2.9274634122059528e+01, -5.3484498216275851e+00,
       -2.3543777207749400e+01, 5.0328702203877791e+00,
       -1.6408792222246511e+00, -1.0990411503053419e+00,
       -1.8284322465116458e+02, 8.0572655966906748e+00,
       2.2897126553690899e+01, 3.2372650550562568e+01,
       -3.5992623662357410e+01, 7.9693782178154153e+00,
       1.3891165621300865e+00, 1.9174917274943561e+00,
       8.3619002302484930e+01, 1.8922994682829600e+01,
       3.9881713922884813e+01, 3.6285956079775502e+01,
       -1.5935356672449672e+01, 4.1636851652508824e+00,
       -4.2853730174317928e-01, -6.1329759767796466e-01,
       -9.6044254570596252e+01, 1.5091873150316733e+01,
       2.8298302410487523e+01, 1.8125839909083474e+01,
       -9.5333025415320858e+00, 8.4982320075089102e-01,
       -5.4512394337145098e+00, -2.4269927213272879e+00,
       7.3831283174022303e+01, -5.0685158471933086e+01,
       4.6861513682973595e+01, -2.9619954826942884e+01,
       3.9160247012051315e+00, 7.5145147672071977e-01,
       -6.3709446259819815e+00, -2.8059991459045865e+00,
       -1.7258767184788286e+02, -1.1782050307998576e+02,
       7.3733312885097035e+01, 2.6867714797270462e+01,
       -2.5709054574401108e+01, -1.5523915585955257e+00,
       5.1727232871048541e+00, 1.7067947847949563e-01,
       -5.1542880604403017e+01, 1.0162374359756338e+01,
       1.9758269925154281e+01, -6.2696580924497226e+01,
       -1.4021021984225390e+01, 5.2146840984190304e+00,
       -9.6301464954437921e-01, -4.0097088980237294e-01,
       5.8174057374794451e+01, 1.1322095889879411e+02,
       6.5714669446840261e+01, -2.8496500050850422e+01,
       -1.2954258086015107e+01, 3.7594302566723212e+00,
       -9.3354775458584638e-01, 7.6773226375664166e-02,
       -1.4399277366892912e+02, 1.1664977440929815e+02,
       -1.1563335230592848e+01, 3.1791118663182612e+01,
       -2.6883325242160236e+01, -5.3305880911147074e+00,
       -2.0950221112288880e+00, -1.8310901840890785e+00,
       7.8389431548831936e+01, 1.4147987740152381e+01,
       2.4462204252117186e+01, -2.3023727217850990e+01,
       -2.9103783262837524e+01, -4.4338399739743556e-01,
       6.0630446886634113e+00, -1.5978577379874055e+00,
       -1.9443624515796120e+02, -4.5229458423840200e+01,
       5.5421258718302212e+01, 3.6753568277676571e+01,
       -1.4646142526680574e+01, -8.1999221456322857e+00,
       -2.3947993473740672e-01, -2.4195212891782472e+00,
       6.1126473248614268e+01, -3.8389916303082572e+01,
       2.5938478620982821e+01, -1.6153802324004754e+01,
       -2.0685193013601094e+01, 6.7501942379596187e+00,
       -2.9572155872783337e+00, 5.0456928366703635e-01,
       1.0396972774450917e+01, -1.6808764460086326e+02,
       8.5098023552515997e+01, -2.3102468445538694e+01,
       -2.5376415704592254e+01, 1.6390727275234420e+00,
       4.6527229685663150e+00, 3.2781997564893888e+00,
       4.4121095938441703e+00, 1.1383547072026894e+02,
       -3.0596760997632803e+01, -7.1079318897185539e-01,
       -2.9455026134648730e+01, -2.0512891796841779e+00,
       -2.8078544910123506e+00, -6.0234772746758902e-01 ]
covs: !!opencv-matrix
   rows: 120
   cols: 8
   dt: d
   data: [ 6.6541624519139768e+03, -1.4028385954151527e+03,
       1.1484662698454977e+03, 2.3193977453686075e+03,
       2.0721457370927237e+02, -4.8014682064476510e+01,
       5.8391680226688806e+01, -5.5497729294121015e+01,
       -1.4028385954151527e+03, 7.2271656842324446e+03,
       1.5373878702782772e+03, 9.5035289477963602e+01,
       2.4777817831137705e+02, -1.5284428922528750e+01,
       7.1731405951303685e+01, 5.0964414382405984e+01,
       1.1484662698454979e+03, 1.5373878702782772e+03,
       1.7846513894120217e+03, 3.2367990328345456e+01,
       2.6460619286280399e+02, -3.4799321144745136e+01,
       -1.7078620538358849e+00, 1.1416097164575900e+01,
       2.3193977453686080e+03, 9.5035289477963516e+01,
       3.2367990328345428e+01, 2.3906197621727761e+03,
       -1.8214789128771201e+02, -6.4982037145268012e-01,
       -1.7496848118407851e+01, 7.4005580066691383e+00,
       2.0721457370927232e+02, 2.4777817831137705e+02,
       2.6460619286280394e+02, -1.8214789128771201e+02,
       9.7175655298638759e+01, -3.2492127725440345e-01,
       1.1143578207766696e+01, 1.8630255220115290e+00,
       -4.8014682064476496e+01, -1.5284428922528747e+01,
       -3.4799321144745136e+01, -6.4982037145268168e-01,
       -3.2492127725440351e-01, 2.1918281559453387e+01,
       8.0835780104657893e+00, -1.7317065181249505e+00,
       5.8391680226688806e+01, 7.1731405951303685e+01,
       -1.7078620538358862e+00, -1.7496848118407847e+01,
       1.1143578207766696e+01, 8.0835780104657911e+00,
       1.4541493218852519e+01, -4.2738573897299164e+00,
       -5.5497729294121015e+01, 5.0964414382405991e+01,
       1.1416097164575904e+01, 7.4005580066691401e+00,
       1.8630255220115295e+00, -1.7317065181249505e+00,
       -4.2738573897299164e+00, 1.0614988591770974e+01,
       1.0327165909790780e+04, -5.6379843643939830e+02,
       5.2340127598456763e+02, 1.4435825103514576e+03,
       8.2127688548936121e+01, -2.1731835203781048e+02,
       6.3749139525738137e+01, -6.0413294153239953e+01,
       -5.6379843643939830e+02, 4.7490093229338754e+03,
       -1.8216086662612154e+03, 5.2520864866784370e+02,
       -3.9158314504626179e+02, -1.1573680151528485e+02,
       1.6759020132962974e+01, 1.2882855863860840e+01,
       5.2340127598456763e+02, -1.8216086662612156e+03,
       1.2572129526253323e+03, 3.3023818018796391e+02,
       2.1578804089482350e+02, 5.8405213873710231e+01,
       -3.6312175237554683e+01, 1.0677069528648047e+01,
       1.4435825103514576e+03, 5.2520864866784359e+02,
       3.3023818018796391e+02, 2.5642198286925236e+03,
       -1.3382491450251732e+02, 2.5490973108137869e+01,
       -1.2343276166765655e+01, 1.3808464043630261e+01,
       8.2127688548936149e+01, -3.9158314504626179e+02,
       2.1578804089482355e+02, -1.3382491450251732e+02,
       2.2642069491227255e+02, 2.7325314767446429e+01,
       -2.8722191576425153e+01, -1.4563282604754077e+01,
       -2.1731835203781054e+02, -1.1573680151528485e+02,
       5.8405213873710231e+01, 2.5490973108137872e+01,
       2.7325314767446429e+01, 9.0792650307275693e+01,
       6.4689298602616159e+00, -3.8980010486823229e+00,
       6.3749139525738094e+01, 1.6759020132962970e+01,
       -3.6312175237554690e+01, -1.2343276166765655e+01,
       -2.8722191576425153e+01, 6.4689298602616150e+00,
       2.4588266655288603e+01, -1.9732574672547701e-01,
       -6.0413294153239981e+01, 1.2882855863860842e+01,
       1.0677069528648042e+01, 1.3808464043630259e+01,
       -1.4563282604754074e+01, -3.8980010486823238e+00,
       -1.9732574672547690e-01, 1.3404569525938005e+01,
       6.1222258114693814e+03, 4.7139115438758745e+02,
       2.3768138727714665e+02, 2.8684017981663528e+03,
       -2.3866670877323932e+02, -2.1925972311463826e+02,
       -8.9498301726665304e+01, -1.5578036632399593e+01,
       4.7139115438758768e+02, 7.9035942865446114e+03,
       1.5310069013896257e+03, -4.7653923850948280e+02,
       2.4552525659666176e+02, -2.1480393253215328e+02,
       5.5809834261243765e+01, -2.9642941175065367e+01,
       2.3768138727714677e+02, 1.5310069013896255e+03,
       1.9929688008277014e+03, 2.2472771744712702e+02,
       3.8306746859783664e+02, 6.2343028960628921e+01,
       -2.4947356525104734e+01, 1.9576664095827407e+01,
       2.8684017981663528e+03, -4.7653923850948291e+02,
       2.2472771744712699e+02, 2.0355513997478170e+03,
       -4.7987556232141912e+01, 4.9940700948859892e+01,
       -1.4697022139565650e+00, 1.1366804582659855e+01,
