%YAML:1.0
means: !!opencv-matrix
   rows: 15
   cols: 12
   dt: d
   data: [ -1.7035638721794861e+01, 5.6310439667337118e+00,
       7.7415475283676765e+00, -1.6182343145832096e+01,
       -8.6692378454331074e+00, 1.5167382606556611e+01,
       -3.6274717394631959e+00, -1.5492136890121617e+00,
       3.8144763250665417e+00, -2.5902318628240362e-01,
       -1.5685046393356650e-01, 8.3480218707501102e-04,
       1.5186241249009637e+02, 1.8948737597285941e+01,
       -3.9547422666498726e+01, 9.6680167694892525e+00,
       -8.0886103285657640e+00, -3.6385565604298020e+00,
       -4.4931354091241371e-01, -5.9587697402455142e-01,
       -8.1635871941795446e-01, -1.6623392340560587e-03,
       8.8719502943962247e-02, -7.8345306246379760e-03,
       4.7322249335999999e+01, -3.6681843709150779e+00,
       -5.4608922809764699e+00, -1.7731148439772491e+00,
       -1.4630813103252567e+00, 1.3288037823531340e+00,
       4.3182425328643772e+00, 1.4929402107075232e-01,
       3.4379489274909852e-01, 7.6973421250044069e-02,
       -2.6304005224734677e-02, 2.4048206771925269e-02,
       6.6433176786022401e+01, -5.0175578437719246e+01,
       -6.9935827276086453e+00, 3.0889244938737942e+01,
       1.3910042519394731e+01, -4.5815932487592157e+00,
       1.2269799598993496e+00, 8.8420508530632769e-01,
       6.5352480612192188e-01, 4.7381272809272339e-02,
       8.9994804642641132e-02, -1.2605553621895482e-02,
       -1.6177663521548379e+02, -1.2767285598341914e+01,
       4.3380830990173187e+01, -6.8228240826437778e+00,
       2.4660390995230039e+00, -6.4138559141328821e+00,
       3.9362612793049284e-02, 1.5311569026447207e+00,
       -3.7213044343221252e-01, 6.1301718624529350e-02,
       2.8488691480340587e-02, 3.6181267272645452e-03,
       -1.0374489628241560e+02, -2.7099726832655808e+01,
       2.8619061567751189e+01, 2.2899401753070721e+00,
       -1.0270526880175830e+00, 2.8199826906744230e+00,
       9.0845390121172820e-01, 4.0532702332513554e-01,
       -1.4902859778511084e+00, -1.2861328422807675e-01,
       -1.1954090420085467e-01, 1.0017093604260565e-02,
       1.9665440066413389e+01, -1.4188264302742622e+01,
       -5.0514383344239997e+00, -8.3658019699593531e+00,
       -1.3768051664827457e+01, 5.0182723111201408e+00,
       -2.9374831229270200e+00, 6.8372348459767618e-01,
       4.4188206622686739e+00, 8.2775228621186081e-01,
       2.5060706925681336e-01, -1.7182818326910840e-01,
       -1.6878887529350874e+02, -1.4349466393277339e+02,
       5.8633751187126087e+01, 3.9180339832152221e+01,
       -1.5078032261542019e+01, -1.1746539741763900e+01,
       -6.6795846674715182e+00, -3.5362010601785510e-01,
       -5.8292145065120227e-01, -4.9918884190406354e-02,
       -3.3487452117247886e-02, 2.6230182614227080e-02,
       4.1577718545222311e+01, 2.4357353471497387e+01,
       -1.8156923514201502e+01, -6.9334303500741046e-01,
       8.6351042825190500e+00, 4.4452283643112089e+00,
       -2.4464868479278650e+00, -6.9537996179525507e-01,
       -9.0366944474443123e-01, -4.1169676012914352e-02,
       -4.1859135506416845e-02, -1.1952276501445850e-03,
       1.5473677251335651e+01, -1.9452729779496022e+02,
       1.5516429604244037e+01, 7.3548337894818999e+01,
       -1.6003374711552631e+01, 1.5139635631024373e+00,
       -2.2707607038162498e+00, -2.3983729597563719e+00,
       -5.6334853568484333e-01, -5.6628423856907872e-01,
       1.8016265223745571e-02, -5.8562905990261087e-02,
       1.1953451787653255e+02, -6.2616949332976013e+01,
       -2.1238565119423008e+01, 3.7413389633600836e+01,
       -5.5482529477463896e+00, -1.0673921510393065e+01,
       -1.1544882070319971e+00, -1.1581209096770320e+00,
       -9.3405996989674189e-01, 7.0516719224748703e-01,
       -3.1246624379287080e-01, 2.1943971815772866e-02,
       -1.9647818380469786e+02, -2.5944509381796294e+01,
       4.2491142980829679e+01, -1.4958745674887988e+01,
       -2.3045161523103221e+00, 1.8114009928192512e+01,
       1.4736997088697182e-01, -2.1962985287753853e+00,
       3.0018843109389639e+00, 1.9607738150367734e-01,
       2.8416949589236320e-02, -6.1659976294982655e-02,
       7.0947676117018020e+01, 6.5326122170620096e+01,
       -1.3385357831893117e+01, -2.3118905111630799e+01,
       -1.2349017213865725e+01, 7.5707768860292424e+00,
       -1.1879262425452904e+01, 6.5930599657923938e-01,
       7.3276160311887892e+00, 9.7817114039024003e-02,
       -1.1868745130084403e-01, 1.1135343001957666e-01,
       4.4342246689234969e+01, 1.0739781197552043e+02,
       -3.0007435138035664e+01, -3.7175837149090775e+01,
       -5.6123449198549240e+00, -2.2857418542404968e+00,
       -6.0084487393346331e-01, -2.1805217170054228e-01,
       -6.3920639831827986e-01, 9.4703584343684269e-02,
       9.7991821228471027e-02, -8.0432557292478535e-04,
       -9.2526123250399962e+01, 1.3310140214795067e+02,
       9.1931478413784018e-01, -5.5770541055030485e+01,
       -6.8780196874680427e-02, -4.8849624417299990e+00,
       6.5455997411484268e-01, 5.9925421478296304e-01,
       -2.7726629326694180e-01, -3.4038952998082250e-01,
       8.0005111557600581e-02, -4.9993825347205353e-03 ]
