%YAML:1.0
means: !!opencv-matrix
   rows: 15
   cols: 8
   dt: d
   data: [ -6.8928039219451023e+01, -6.8247318193775641e+01,
       1.0689668141373652e+01, 7.6012310421296306e+01,
       -1.2979328531945441e+01, -4.9627367196328220e-01,
       -1.8744580219524551e+00, 1.8646198057222509e+00,
       4.5277388001055236e+01, 4.8850145160481361e+01,
       8.1566570861277454e-01, 7.3941737906236060e+00,
       -1.4067078626946079e+01, 9.2806852278948888e+00,
       -3.1126152947591539e+00, 1.5063339686552284e+00,
       1.0459993940076867e+01, 9.7592044379695189e+00,
       8.3128105615206387e+00, 2.3097080039230068e+01,
       -9.0087468383631517e+00, 1.1064228708312633e+01,
       1.8626459593472455e+00, -7.0731424058337868e+00,
       7.2885122903083442e+01, 2.4691364626563164e+01,
       -1.7472040772940304e+01, -7.2714796817303373e+00,
       -3.6080959780553435e+01, -8.6799608683904594e+00,
       3.3281232354662147e+00, 1.6861996265460982e-01,
       -1.9591013635711639e+02, 3.1514455475618661e+01,
       4.8098764711662220e+01, 1.5911432264641407e+01,
       -1.5256518919331295e+01, -3.7872837272372761e+00,
       -9.1128072506399871e+00, -8.5739752377059364e-01,
       5.1447265874210935e+01, 1.5762107320035183e+01,
       -7.8846687955044619e+00, 2.2564019902934216e+01,
       -4.2905302872526372e+00, 1.0091716463062740e+01,
       -6.8816653177091132e+00, 2.7842046187231066e-02,
       -2.6020695781609170e+01, 2.2024132950782985e+01,
       -8.2897338576939930e+01, 1.4489743600410183e+01,
       -1.3452447035248392e+01, 7.9318346976607241e+00,
       -2.8354938890818993e+00, 1.4050387412953009e+00,
       -1.7049843571791530e+02, -3.5180228986537280e+01,
       3.3135164983817390e+01, 5.9601608567903106e+01,
       -1.3867176523771132e+00, 3.5107364749658347e+00,
       -7.9667320546985287e+00, -9.9700485782669157e-01,
       1.5346832286941827e+02, 2.6426091831186653e+01,
       -4.0331248515730984e+01, 2.8845353017467401e+00,
       -8.0139182937243447e+00, -2.9535926901842098e+00,
       -1.0641925747635433e+01, -7.7085753341777841e-01,
       1.1939428184098507e+02, 5.3287923832352767e+01,
       -1.9545341792140881e+01, 3.6623383924951654e+01,
       -5.8749379512047355e+00, 6.9969346047340570e+00,
       -5.9592989579659887e+00, 1.4806334957338849e+00,
       9.5204666886551024e+01, -7.5945829702304081e+01,
       -1.4794670071598329e+01, -1.4225194910894327e+01,
       -1.3401153721378220e+01, 9.7688558978311537e+00,
       -8.3307253153810272e+00, 1.6469298471073270e+00,
       -4.6349017508212604e+01, 3.6311443135197280e+01,
       1.7254805294275673e+01, 3.2990361303045965e+00,
       -2.5669569675397671e+01, 2.0905943899457675e+00,
       -4.1586057825653200e-01, 1.7442181230023541e+00,
       4.9515811437682466e+01, -6.5337553611753805e+01,
       -2.1720808815647125e+01, 7.9537478677108467e+01,
       -3.6798639566195948e+00, -1.3128035471139670e+00,
       -6.5313504487770144e+00, 1.4330308003944137e-01,
       -1.9326027043668864e+02, 9.7848307926183907e+01,
       4.8453860984298778e+01, -2.9258799746075010e+01,
       -1.7522378777760196e+01, 2.3991387012493832e+00,
       -7.3432423452478881e+00, -2.8243974509238718e+00,
       -3.5812104809199474e+00, 1.6856853023301204e+02,
       1.1179540658688431e+01, -7.3447388663471941e+01,
       -7.2109726094625914e+00, 6.3973400398331721e+00,
       -1.8267026232619287e+01, -2.7584108132782830e+00 ]
covs: !!opencv-matrix
   rows: 120
   cols: 8
   dt: d
   data: [ 9.4893383437653338e+03, 2.1786460222780036e+02,
       2.1847356627454810e+03, 1.3285434357361163e+02,
       1.1172365257635163e+02, 3.6195112009215983e+01,
       -1.1775720258824164e+01, 1.5946393106246097e+01,
       2.1786460222780028e+02, 6.9629741397140479e+03,
       -1.3402044215090561e+02, 1.5662149767523906e+03,
       3.3425445122922127e+02, -1.4020380924314475e+02,
       1.0923063897453021e+02, 5.2710769675637714e+01,
       2.1847356627454810e+03, -1.3402044215090567e+02,
       2.4379934713312587e+03, 5.9858009291888472e+01,
       -4.1674741430660184e+01, 4.6154691894494784e+00,
       -1.5457703913231320e+01, 7.5598681274248829e+00,
       1.3285434357361163e+02, 1.5662149767523906e+03,
       5.9858009291888500e+01, 1.1387051672106270e+03,
       8.5217862815799251e+01, -4.9457415085303396e+01,
       6.6615168370473981e+01, -4.8145246755132959e+01,
       1.1172365257635160e+02, 3.3425445122922122e+02,
       -4.1674741430660177e+01, 8.5217862815799251e+01,
       8.0151658669071466e+01, 8.9751784399056378e-01,
       -1.8634291131084559e+01, 1.1377702828780901e+01,
       3.6195112009215975e+01, -1.4020380924314480e+02,
       4.6154691894494810e+00, -4.9457415085303403e+01,
       8.9751784399056422e-01, 5.0979448235486679e+01,
       -7.1716575347184708e-01, 1.1006977537431009e+00,
       -1.1775720258824164e+01, 1.0923063897453022e+02,
       -1.5457703913231315e+01, 6.6615168370473981e+01,
       -1.8634291131084559e+01, -7.1716575347184686e-01,
       2.0713573764625771e+01, -7.6476450043009496e+00,
       1.5946393106246097e+01, 5.2710769675637707e+01,
       7.5598681274248829e+00, -4.8145246755132966e+01,
       1.1377702828780901e+01, 1.1006977537431009e+00,
       -7.6476450043009496e+00, 1.6335331720506954e+01,
       4.5947115727523123e+03, 3.3460684925995093e+02,
       2.5347427792255457e+03, 4.2487480258947522e+02,
       -3.5238667523556934e+01, 4.2152864576920237e+01,
       5.3718009336080556e+01, -3.9555693472932617e+01,
       3.3460684925995093e+02, 6.8012614495884491e+03,
       -3.0013979682382842e+02, 9.7304377616079739e+02,
       1.3249927187909753e+02, -3.6053949399128079e+01,
       1.5475494090862998e+02, 5.2580417973009340e+01,
       2.5347427792255457e+03, -3.0013979682382831e+02,
       1.9524337347846558e+03, 1.6954445295770225e+02,
       -2.0091072836428030e+01, -2.9742166400890262e+01,
       -9.4312767798066606e+00, 2.8133397008216212e+00,
       4.2487480258947528e+02, 9.7304377616079739e+02,
       1.6954445295770216e+02, 1.4171890732654126e+03,
       1.9588550778829045e+02, -8.0655366113680344e+01,
       4.3197530563966303e+01, -3.1862599479969223e+01,
       -3.5238667523556927e+01, 1.3249927187909756e+02,
       -2.0091072836428033e+01, 1.9588550778829045e+02,
       1.1799963608401529e+02, -1.6589965884283782e+01,
       -3.2206666293494003e+01, -1.6443928803562560e-01,
       4.2152864576920237e+01, -3.6053949399128079e+01,
       -2.9742166400890262e+01, -8.0655366113680344e+01,
       -1.6589965884283782e+01, 3.0241430043322435e+01,
       5.7451236312824561e+00, -9.6644998402378448e+00,
       5.3718009336080556e+01, 1.5475494090862998e+02,
       -9.4312767798066606e+00, 4.3197530563966318e+01,
       -3.2206666293494003e+01, 5.7451236312824561e+00,
       3.1387272244222800e+01, -1.6043211167912927e+00,
       -3.9555693472932631e+01, 5.2580417973009325e+01,
       2.8133397008216208e+00, -3.1862599479969212e+01,
       -1.6443928803562566e-01, -9.6644998402378448e+00,
       -1.6043211167912930e+00, 1.7410275626459498e+01,
       9.0927922502848432e+03, 6.9574273852270107e+02,
       2.3390364738497269e+03, -3.8335207344083719e+00,
       6.2788259111379671e+02, 9.9847693171105149e+01,
       -3.1049729316185756e+02, -1.7454305805052837e+02,
       6.9574273852270062e+02, 7.9689437827248094e+03,
       -2.8857514105928215e+02, 1.3102726906815824e+03,
       3.2279682584584407e+02, -4.1378369879121507e+01,
       1.6269174280014903e+02, 4.6861335884339454e+01,
       2.3390364738497269e+03, -2.8857514105928215e+02,
       2.6679304114448669e+03, 2.3899654819977249e+02,
       -1.4598091386881256e+02, -2.3785242012427663e+01,
       4.8349988855895852e+01, 5.4226603481748086e+01,
       -3.8335207344083808e+00, 1.3102726906815824e+03,
       2.3899654819977255e+02, 1.7673247242677141e+03,
       1.2992125533273270e+02, 1.0537584660215257e+01,
       1.6348184724021792e+02, -4.0481806861316834e+01,
