%YAML:1.0
means: !!opencv-matrix
   rows: 15
   cols: 14
   dt: d
   data: [ 4.9825843806099172e+01, 3.4044001057431906e+01,
       -1.1352193344722098e+01, -2.1156970041023268e+01,
       -3.1428449664930000e+00, 7.4580265711655800e+00,
       2.5113786766340707e+00, 1.2009594802337475e+00,
       7.5595376762024130e-02, -4.0080026018869640e-02,
       1.6650322125099169e-02, 9.7260737661822045e-03,
       9.0940078275594826e-04, 6.8452386669872812e-04,
       1.6774927108270539e+01, 2.0280935815912993e+00,
       -3.9999825572921970e+00, -6.8727694160220931e+00,
       -5.3925717711983134e+00, 5.0770276929714013e+00,
       4.8392153259385384e-01, -1.3815609839241143e+00,
       -1.1656037008206803e+00, -6.1234733381580378e-02,
       -2.3889750545558022e-01, -3.4452305695621805e-03,
       -8.9483737547153570e-03, 1.6421924358781228e-02,
       -1.8639581414911262e+02, 1.0492600361394162e+02,
       4.8287885217792898e+01, -6.1686755596318164e+01,
       4.7929582349258197e+00, -4.4949640123766930e+00,
       -4.7824985911204188e+00, 3.7396148629736353e-01,
       -6.2507721858471510e-01, 1.3761734988136229e-01,
       -8.4277473730820732e-03, 7.8125099924227209e-03,
       -1.6499693196701720e-02, 1.3672438651978369e-02,
       1.2994699809715888e+02, -4.1745941906613604e+00,
       -3.6324789811036595e+01, -5.7857888170854492e+00,
       1.3696982506775043e+01, -1.0939937399769772e+01,
       -4.0660018483565494e+00, 2.0631472487754432e-01,
       -1.1753103050708078e+00, -5.2274001213217747e-01,
       -9.3298311958709731e-02, -2.6485577235251714e-02,
       1.3417401565694153e-03, -2.1677762435442435e-02,
       2.4678878614874549e+01, -3.5175101879691351e+00,
       1.2909029408706468e+01, 1.5440517143636106e+01,
       7.6912413884184074e+00, 1.5415982076344065e+01,
       -8.5285796179635636e+00, -6.3963374212858453e+00,
       -5.5374928505831269e+00, 6.1365086327846652e-01,
       5.3544890318485354e-02, 2.2876439893441736e-02,
       -7.4693778863330576e-02, 3.6264089641222304e-02,
       6.9962076971254618e+01, 1.4137474942509176e+01,
       -1.6906161164757851e+01, -2.8125110025915770e+01,
       -2.4267887415887479e+01, -4.5812834407294689e+00,
       2.9458090223949268e-01, -2.4879859940581497e+00,
       -4.3708153562867606e-02, 1.3095204819513362e-01,
       7.3152933735299894e-02, -2.8849091504530712e-03,
       -1.1825290057329270e-03, 1.9487284345630611e-03,
       -1.3705244848818785e+02, -7.8727983298816937e+01,
       2.8868757982481213e+01, 5.1389568587013095e+01,
       -9.1115874292259864e+00, -7.7894878469776927e+00,
       -5.0522893444978412e-01, -1.5030577806904115e+00,
       4.9909294477046534e-01, -1.0382134852184810e-01,
       3.6651113266206618e-02, -6.8384305384326027e-03,
       8.9799300468505446e-04, -1.1497878819314815e-02,
       1.3004514158933725e+02, -1.7768379230633990e+00,
       -3.1844133103169497e+01, 4.4957982589814289e+00,
       6.6219950737794520e+00, -1.1613407133641285e+00,
       7.0591673277689149e-01, 8.3290932256905792e-01,
       3.6929516707348559e-01, -1.4101785127971767e-01,
       -4.3786878429132446e-02, 4.3596655840493562e-03,
       3.7203818477749367e-03, 1.3152555460123642e-03,
       5.0981063125131044e+01, -2.4809512576258523e+01,
       -1.6665887040703598e+01, 1.8254532640596278e+01,
       7.0046932971611584e+00, -1.7572505410471007e+00,
       -1.9521260630688668e+00, 2.6644152711671032e-01,
       8.0537656104991973e-02, -1.8334843726656766e-02,
       1.3499574585449672e-01, -1.7057015211037974e-02,
       -2.3030278279596763e-04, -2.1615088977538697e-02,
       -2.0654231557035180e+02, 6.1041826576415259e+00,
       4.5957119246901804e+01, -3.3985790224339398e+00,
       5.9037738376591999e+00, 9.1199542383537535e-01,
       -1.9421902144108547e+00, -3.0335478852149653e+00,
       -7.9888109902371451e-01, 2.2915439095578910e-01,
       1.0258972163357454e-02, -5.4279556843064139e-02,
       2.6534412328665727e-02, -2.2807375495287496e-02,
       5.5345049291006092e+01, -6.8444137924463462e+01,
       -1.5194796266920443e+01, 4.7109032619581114e+01,
       6.5196276772568673e+00, -3.5659597467006949e+00,
       2.5196704474087195e-01, 1.7542450072161012e-01,
       3.7721242340236866e-01, 2.9819149383293575e-01,
       1.3511605968167495e-02, -6.9149984760428738e-03,
       1.0559749472620672e-02, 4.5304866218106128e-03,
       4.6927549947529066e+00, 1.2776462085034593e+02,
       8.2132207293323434e-01, -7.2885468493644396e+01,
       1.6611593396435968e+01, 1.0291335264594228e+00,
       -1.9625402380368304e+00, 1.1819734232976606e+00,
       9.8309710397596706e-01, -3.7953528296863698e-01,
       -1.0043288836934466e-01, 1.5002573102249152e-02,
       -8.3290127431075826e-03, 1.7234738832236879e-03,
       2.7190396380867938e+01, 1.1489625483368405e+01,
       -9.0543090620494286e+00, -1.7150194612269217e+01,
       -9.2316487080588985e+00, -9.5217355263037751e-01,
       -7.5461360400845201e-01, -1.8898719661226276e-01,
       1.2265533026720021e-01, -4.0490480634698255e-02,
       1.7738555030659070e-01, -1.1229507781679795e-02,
       -3.7355050619704375e-03, -1.7745498856570143e-02,
       -5.3533069782017435e+01, -4.7395131106852752e+01,
       1.6211555903443745e+01, 3.2921695446861946e+01,
       1.4627584266157685e+00, 3.5097587526091960e+00,
       3.0558751947859295e+00, 1.1823470403524101e+00,
       5.8739268498038177e-01, -1.1489088305461395e-01,
       -1.0865562273442712e-01, 2.8866683975460619e-02,
       -8.4462146264691540e-04, 1.5944506306002738e-02,
       -1.8982009329962682e+02, 3.0721943424314052e+01,
       4.7466150600815645e+01, -1.4898468739153287e+01,
       1.8918530698361320e+00, -3.9419382176344198e+00,
       -2.0693087102152263e-01, 1.4510686735892300e+00,
       7.0866427091426498e-01, -8.0416698860624442e-02,
       -2.5312645168515023e-02, 4.8589269827932213e-03,
       5.9133238226257868e-03, 1.1772484241455027e-03 ]
