%YAML:1.0
means: !!opencv-matrix
   rows: 15
   cols: 14
   dt: d
   data: [ -1.8234075244406132e+01, 8.4511707417262812e+01,
       1.6827889168794304e+01, -2.2448184392228764e+01,
       4.6775852452702207e+00, 1.3224544709886690e+01,
       -7.7093347443082658e+00, 1.4200759868959982e+00,
       6.6618299564328494e+00, 1.4313031647192107e-01,
       -1.0471375237537837e-01, 1.3140889689377408e-01,
       -7.3013503836179425e-02, 6.1728622288412492e-03,
       1.3599635087251488e+02, 3.3857817880715579e+01,
       -3.7777329262370174e+01, -1.8200967541707054e+00,
       -6.5271397307223289e+00, -1.2673100811967648e+00,
       7.6253895243311964e-01, -6.7950488568173284e-01,
       -9.3376575496056224e-01, 2.1125510740729329e-02,
       -2.4791094490270983e-02, 7.6369166208304382e-04,
       5.2462818662608905e-03, 2.8827036429128179e-03,
       3.2960629262787947e+01, 5.5349456477229367e+01,
       -1.7838629910756250e+01, -3.0344918872227229e+01,
       8.0870309301597820e-01, -1.2669626933493823e+00,
       1.7501025453081904e+00, 2.5512581605107054e-01,
       -8.5999152881467977e-02, -1.2574806053712231e-01,
       -1.2887184029117427e-01, -5.7312417423666679e-03,
       3.3090338988112505e-03, -9.2824854763866229e-04,
       6.8475908791471028e+01, -3.7940305834185530e+01,
       -9.9706638477346470e+00, 2.5767553706652233e+01,
       1.4083721647603738e+01, -6.2579777036843449e+00,
       8.1475300613634782e-01, 1.3754356218410639e+00,
       6.8056676255104176e-01, 5.2569466042276677e-02,
       1.2929300740538149e-01, -9.3093052779881502e-03,
       -7.5062689176753092e-04, -4.4621171855486038e-04,
       -1.5746168194451198e+02, -7.0966644309759941e+00,
       4.3801325849166453e+01, -8.5514719100599912e+00,
       3.7822804621479214e+00, -6.0307643312495793e+00,
       4.8752312880308242e-02, 1.3850587528679339e+00,
       -2.1034167288474442e-01, 6.2646534896015058e-02,
       4.6632723948610177e-02, 3.3132366186072941e-03,
       5.0951888683823136e-03, -2.0687302716819933e-03,
       -1.1412531212651234e+02, -2.7245075547644888e+01,
       3.0105074319094506e+01, -3.0882168874355975e-01,
       -2.1086944762147870e+00, 1.7239518254208503e+00,
       7.3512557669172285e-01, 6.0555791069776055e-01,
       -1.6283428559323243e+00, -7.6462876718193726e-02,
       -1.2100638043153052e-01, 5.8116618984792798e-03,
       2.9120438850042951e-03, -1.3845821698494989e-03,
       1.7206385093726517e+01, -1.3901176318433768e+01,
       -5.7619359985183074e+00, -9.8898478875473828e+00,
       -1.4489375376075945e+01, 4.4444147861305181e+00,
       -2.9953553178472294e+00, 5.4242774960384399e-01,
       4.4950427626823295e+00, 8.4150087287162745e-01,
       2.5625399150781086e-01, -1.8071598694680041e-01,
       1.6097590669603885e-02, 3.9662284782470608e-02,
       -1.6682557457226466e+02, -1.2713507382034723e+02,
       5.8267781914520583e+01, 3.8428990040415478e+01,
       -8.6724927718690594e+00, -1.0554385994556757e+01,
       -5.8783722839239818e+00, -2.9469830760440097e-01,
       -2.2515613089216979e-01, -1.2260091256540774e-01,
       -1.9225183444252752e-02, 2.8326598930999286e-02,
       -1.6772903408158107e-02, -4.7394292583859471e-03,
       3.4210844542926587e+01, -4.0686116748788791e+01,
       -1.1104616162722125e-01, 2.3705976144688176e+01,
       8.3933394179252510e+00, 5.1471198138017220e+00,
       1.5734102466896671e+00, -3.9665277294216295e-01,
       -2.2002990381869356e-02, 4.7497448589231842e-02,
       2.7413521011057638e-03, 1.4120277048016286e-02,
       -1.7282085491359366e-03, -1.0530956260961768e-03,
       1.3617555540711512e+01, -1.9330532775776462e+02,
       1.5777495299392786e+01, 7.1863445408368577e+01,
       -1.7593453660231773e+01, 2.8625102717886328e+00,
       -2.7722092536820089e+00, -2.5783513240886133e+00,
       -3.9260198741009544e-01, -6.2408936409997262e-01,
       1.7132370021797631e-02, -5.3807989154954661e-02,
       9.6170087351736405e-03, -1.7818821922618099e-02,
       1.2304520678591285e+02, -3.9197391955569756e+01,
       -2.3726650193748213e+01, 3.1429973819932698e+01,
       -1.6381286132705939e+00, -1.0405113022293602e+01,
       -5.5827707711250885e-01, -8.5966955792063915e-01,
       -6.7066451019025897e-01, 5.5300921494375721e-01,
       -2.6559356073407520e-01, 1.8030019829519846e-02,
       -5.1257461079181367e-03, 2.1188883406286912e-02,
       -2.0030790284737355e+02, -2.6396179858942574e+01,
       4.2679582681655731e+01, -1.5932160653684898e+01,
       -3.5819136276294339e+00, 1.8282603348100952e+01,
       6.4519336713643197e-02, -2.3389816125115819e+00,
       2.8859192455273219e+00, 1.9244325300604129e-01,
       3.3515383505061280e-02, -6.5019176158284939e-02,
       6.4400122632950665e-03, 1.4484199648741531e-02,
       3.3790271396227539e+01, 2.4772289015887434e+01,
       -8.0039731097044644e+00, -2.2464126374584232e+01,
       -1.3865343043029595e+01, 1.0914875881001720e+01,
       -7.0632047142486929e+00, -9.9713077341480438e-01,
       5.2231518971699868e+00, -1.0824711627654431e-01,
       -1.4922814617918007e-01, 2.3481647527461010e-02,
       -4.1012376103240232e-02, 8.3861117641709938e-03,
       6.3836735695432296e+01, 6.8010045419710949e+01,
       -2.7669935553480741e+01, -1.7800308387124538e+01,
       -6.0014053955346309e+00, -1.5547338904644217e+00,
       -1.5754464439327902e+00, -1.4604763592118516e-01,
       -5.5085145181329698e-01, 1.2947740559912158e-01,
       1.7108465944441506e-01, 7.0197360238603099e-03,
       2.6208136899785687e-03, -4.7916096625342597e-04,
       -9.4656794172089405e+01, 1.3358426175475873e+02,
       8.3927294142214459e-01, -5.5599405523803753e+01,
       -1.3839470073024501e-01, -4.9968253609513926e+00,
       6.2253150078116437e-01, 5.4963389554360809e-01,
       -2.6434212427335496e-01, -3.4113994193836916e-01,
       8.0219317511505392e-02, -4.8609358329941279e-03,
       3.8519836855962120e-03, -1.1919732125898591e-02 ]
