%YAML:1.0
means: !!opencv-matrix
   rows: 14
   cols: 13
   dt: d
   data: [ 9.3603931611741316e+01, -4.5941588539635880e+01,
       -2.0612645752575688e+01, 3.7617968097512865e+01,
       -2.8721994744788507e+01, 2.3829821480228613e+01,
       1.1900505042414415e+00, 1.2901818560642111e+00,
       4.8758077282445905e-01, 2.2648975689255894e-02,
       1.3169504791739431e-01, -4.7649602788254475e-03,
       -2.6607539880254450e-03, 5.1871985779751370e+01,
       -2.6675814737752837e+01, -7.6454049991172457e-01,
       7.6449330252210554e+00, 1.3722875786428641e+01,
       -3.1612332995510908e+00, 4.3511880762333561e+00,
       -3.3367011922716472e-01, 2.1694590557996565e-01,
       1.7335396927776311e-01, 2.0186356938170884e-02,
       4.1151901546131929e-02, 2.3711831894063233e-03,
       3.8890987117887789e+01, 1.2857373975771193e+02,
       -2.8445438239459929e+01, -5.0146350947348736e+01,
       -8.4927654580336647e+00, 2.0737396757455731e+00,
       1.9526077740242205e+00, -8.8169044927055309e-02,
       -2.6985202975698058e-01, -1.3119309274272661e-01,
       3.6282531768040208e-02, -2.6616821081060837e-02,
       4.4033571071570741e-03, 7.1931471395162172e-01,
       8.3623684706790797e+01, -9.1466819078705477e+00,
       -4.4520120097249240e+01, 8.4902219692026026e+00,
       -2.0222893295066857e+00, 1.8128993639513002e+00,
       -1.6296824513572683e-01, -3.4188805177180231e-01,
       -4.4879995909180223e-02, -7.5118619941341655e-02,
       6.6790304801969359e-03, 6.0268122928060540e-03,
       1.7047600302131551e+02, 1.5326952669817919e+01,
       -4.5434080030773828e+01, 1.1393624870491641e+01,
       -9.0170750992370685e+00, -6.3856959160032272e+00,
       -2.5007202996343625e-01, -6.4278770264369245e-01,
       -8.1656291747458598e-01, -5.6227074170139058e-02,
       1.4183483496633537e-01, -2.5504437016129086e-02,
       1.7835799291240906e-03, -9.3092819715400115e+00,
       -1.2653578311849390e+02, 1.1821577405238736e+01,
       4.0926621534964326e+01, 9.4568039819460310e+00,
       -1.4650545398288481e+01, -1.5944576234329466e+00,
       -3.5312547211740375e-01, 1.4262401732103376e+00,
       -1.0412045560459895e+00, -1.1285610824708159e-01,
       -6.9545143104279852e-02, -5.6672452771836684e-04,
       -1.7033082824268382e+02, -1.1833817436133666e+02,
       4.8135893326557117e+01, 4.1979500797227352e+01,
       -3.4671752362903256e+01, -4.6271609647619485e+00,
       -3.9605641502623352e+00, -1.0798936763409122e+00,
       -7.4868358641997734e-01, 1.3978681736289942e-02,
       1.2740629957839375e-01, 3.8802887215201677e-02,
       -6.7343272570634227e-03, 1.6345106054379002e+01,
       1.4038569672677536e+01, -1.3235884373959717e+01,
       -2.8597652950150401e+01, -6.4729233401148312e+00,
       -2.0353202354667516e+01, -3.2429256059038289e+00,
       1.8621947884643391e+00, 5.3053632568328393e+00,
       3.0397725420218324e-01, 2.8104871060900288e-01,
       -2.0457606260413386e-01, 2.7208631926698059e-03,
       1.1703596575487030e+01, -1.9813244725047067e+01,
       -3.3046336945432238e+00, 6.1125425064244947e+00,
       -1.1529317227706027e+01, -1.2673632141268939e+01,
       2.4225720053854594e-01, -4.2820399797372427e-01,
       -1.5766874386359251e+00, 2.5475176077879830e-01,
       -3.3267960173293815e-01, 1.5832036876671372e-02,
       6.8976977359459998e-03, -1.5338781482732190e+02,
       -1.4776189890562319e+01, 4.1298120057207925e+01,
       -1.4012711095298178e+00, -3.9163314718981170e+00,
       5.8571395543208418e+00, 8.0164751455836458e-01,
       1.3126356058125845e+00, -7.9987749910768302e-01,
       -4.5300547186248825e-02, -6.7805871801803318e-03,
       2.4669789090750642e-03, 3.1076516166847774e-03,
       5.4287158441588453e+01, -7.0145932354237317e+00,
       -1.2077584261405880e+01, 1.3443997245202308e+01,
       1.6909881598751149e+01, 6.2960983690395107e+00,
       -2.8426091606044186e+00, -6.0677484904602141e-01,
       -9.0986132365008265e-01, -3.6693536537005821e-02,
       -1.3162203300185694e-03, 2.8303119028576982e-03,
       1.5605992667175556e-04, -1.2360539648903064e+02,
       1.1385678930536275e+02, 1.1102576874322573e+01,
       -5.1964744197176941e+01, -1.0845003817721762e+01,
       9.6819862918924637e-01, 5.9817927819946681e-01,
       -2.5999205997176961e-01, -4.6253559732515603e-01,
       -2.2398573465481203e-01, 1.1322888062645367e-01,
       -3.2834522989068564e-03, 2.5544247414014737e-03,
       5.3292585044379969e+01, 5.0150067106152136e+01,
       -3.5156646603964758e+00, -1.8844393957489785e+01,
       6.8852224378236402e+00, -5.1140696292741978e+00,
       -1.1548653705520334e+01, 1.4753634803257225e+00,
       7.5680676475658890e+00, 1.1394314146312188e+00,
       -6.7041971193244412e-02, 1.3498464427306503e-01,
       -7.0293393775204688e-02, -1.9057941901515676e+02,
       -2.3906153403460255e+01, 3.3861921914244846e+01,
       -1.0904085505314718e+01, -4.4858686517833091e+00,
       -5.0693650348344503e+00, -2.7289308862189672e+00,
       -1.9596727481402951e-01, 4.3431119510641851e+00,
       7.3684040118309524e-01, -1.4962892692253577e-01,
       -9.4560081732043416e-02, -4.1989054360925806e-03 ]
