%YAML:1.0
means: !!opencv-matrix
   rows: 40
   cols: 4
   dt: d
   data: [ -1.3588822140983325e+02, -1.5739611578340302e+02,
       6.8771424819600568e+01, -3.3792686806433331e+01,
       2.0891657828015728e+00, -4.2628699204982956e+00,
       -4.1993499670064431e+01, -8.7278992627243710e+01,
       1.2099633588814309e+02, 1.5719214545541110e+01,
       -5.5452102034198163e+01, 1.2939020967543026e+01,
       1.5731118258753009e+01, -3.9120960424780172e+01,
       5.8088011911517450e+00, -2.5893487522043390e+01,
       -9.2563090488722949e+01, 1.0963665618237467e+02,
       -8.1578435338347276e+01, -3.3455100607616551e+01,
       9.8269722791136928e+01, -2.8881555402243485e+01,
       7.6237227150348971e+01, -5.5759444289539850e+00,
       -1.5896264767566487e+02, -8.8584452790774719e+00,
       1.1221511243660922e+01, 4.2082366601515076e+01,
       -8.7410485037089401e+01, 1.1716379792869340e+02,
       7.6763779939718319e+01, -1.7021594493014614e+01,
       -2.4061694613762816e+02, -7.6031495810838507e+01,
       1.7311501622910491e+01, 3.6290405709029869e+01,
       -7.6758635505949300e+01, -3.0563168796735177e+01,
       -4.1294915088037534e+01, 4.1990081033111018e+01,
       1.3570110719411508e+02, 1.2787520784462922e+02,
       -3.0577213594710571e+01, 5.0396822022547944e+01,
       -2.0717005789020638e+02, 1.2665595013256446e+02,
       6.1325420549374661e+00, 1.3159420044073803e+01,
       4.5883474548136661e+01, -2.4649253465111795e+02,
       2.4815117939442658e+01, 6.7233719344823555e+01,
       2.4308787257456805e+02, -2.9225113357485363e+01,
       -1.3974054978619179e+01, -3.7843181028936814e+00,
       -1.9846353974516470e+02, 1.9342415643590670e+01,
       -1.3744269394205066e+01, -4.9584860098630770e+01,
       5.6185175844208873e-02, -1.1804975593450602e+02,
       8.6092115766370689e+00, 1.8779913146607456e+01,
       1.5561783595505199e+02, -1.1845037316065290e+02,
       7.3827966306509154e+00, -4.7266479204575951e+01,
       9.0443049178001161e+01, 4.8292227828259357e+01,
       1.2377652945394541e+01, -7.1357418051425086e+01,
       -4.0609904073678955e+01, -9.5653316905866703e+01,
       6.7876640474516108e+01, -2.4161207454087258e+01,
       1.1299376173638254e+02, 1.3270594652537190e+02,
       5.4134145680716820e+01, -3.6380604171543787e+01,
       -2.0934985997324681e+01, 1.4254904939707902e+02,
       -6.5373170744381241e+01, 2.8413518142454905e+01,
       -1.0548711126644708e+01, 7.5539346882800231e+01,
       -4.6036471579489742e+01, -4.0525382608477251e+01,
       3.1588433955013418e+01, 3.5032809815420379e+01,
       3.9164756028751270e+01, 3.9064202470479586e+01,
       6.9014286419965231e+01, -1.3424248365221800e+02,
       -7.7345828558121539e+01, -1.2199921386809301e+01,
       8.8097207008752619e+01, 1.8191251452334310e+01,
       -1.1338122812467063e+01, 8.7114280413941287e+01,
       2.0477008093057714e+02, 4.5148352333147812e+01,
       3.6619705549517079e+01, 4.4665607045688638e+01,
       1.0713597393992809e+02, -8.6270724390705510e+01,
       -3.0111370587570327e+01, 1.6404642486307942e+01,
       -2.8633039090938416e+02, -3.6665914648888609e+01,
       -1.7197149512852093e+01, 3.1492771583013003e+01,
       -1.0253782980242531e+02, -1.0043147168152630e+02,
       -4.1219788140277153e+01, -2.7036034553877741e+01,
       -6.6903837709730865e+01, -2.4754571353722952e+02,
       -5.2473802573112870e+01, 8.9072676465353950e+01,
       3.4328701715461669e+01, 1.8409736646118051e+02,
       6.8641483291337906e+00, -5.6013208005480326e+00,
       -2.0020404490190438e+02, -1.4873855349557616e+02,
       2.8806545606311196e+00, -4.1097281092896061e+01,
       -1.3856618321192454e+02, -4.2122636261872934e+01,
       9.2187280895297249e+01, 2.0704683687567869e+01,
       -3.8045899417345709e+01, 8.9956220282248310e+01,
       1.9373526122195186e+00, 5.7716112554032087e+01,
       -7.7465507651968110e+01, 3.3883314861472398e+00,
       6.1729064556419161e+01, -8.0261761797675092e+01,
       2.2240984921338523e+01, -4.5094880836695012e+01,
       -7.8659902100806420e+01, 5.8268559986772345e+01,
       2.0110651216497939e+02, -5.3297811561249127e+01,
       3.1731287054246568e+01, -2.2106484629683326e+01,
       1.2336063778957835e+02, -4.0504223012602125e+01,
       -9.7354699397945377e-01, 3.4473315095924583e+01,
       -4.5688339354117723e+01, 2.8313753839025640e+01,
       8.8954396472050504e+01, 3.8564558364710251e+01,
       4.1697159041527286e+01, -1.6865634408468910e+02,
       2.5904819577936621e+01, -1.9425932326874406e+01 ]
