%YAML:1.0
means: !!opencv-matrix
   rows: 39
   cols: 5
   dt: d
   data: [ -9.2338941499303218e+01, 3.4311546674877938e+01,
       -5.4104468629955903e+01, -9.0328512880823766e+00,
       1.8362835833457538e+01, 7.0527207141800446e+01,
       -6.8662685903621949e+01, -3.1635872331487043e+01,
       -7.1319058452653181e+01, -2.4188223379925102e+01,
       2.1283086590049840e+02, 7.9568062867272658e+01,
       1.3388669071577681e+01, 2.8176711394892710e+01,
       -8.7834068125111795e+00, -1.0705611710429328e+02,
       -1.4332687831595265e+02, 5.5353221590733853e+01,
       4.6257420810784446e+01, -1.7541609769315869e+01,
       -4.7702119012105086e+01, 2.8554568178977235e+01,
       7.1877493026098975e+01, -2.4234754795655626e+01,
       6.5690547771873167e+00, -1.9333339130096391e+02,
       8.2366150555633325e+01, 3.4374784585036238e+01,
       -5.3788983088056284e+01, -2.4589666097480681e+01,
       1.2127872189296528e+02, -4.7199857483887989e+01,
       -2.0810161696581314e+01, 2.0242712885800870e+01,
       -3.6560373727485657e-01, -1.8203568274827227e+01,
       1.6414907663247843e+02, 1.1293899408644860e+01,
       -9.7758937520806100e+01, 1.2483197460705252e+01,
       1.8691586888113722e+01, -2.3145457200964419e+00,
       1.8139227167328585e+01, -1.9119422166987420e+01,
       4.7116889144286205e+00, -2.2291224344959625e+02,
       -1.1721809597904866e+02, -1.2073916937512932e+01,
       1.4235801265254270e+01, -5.7335661741342703e+00,
       1.5630043192495336e+01, -1.3331730222544036e+02,
       5.8823919864805376e+01, 1.1194277762289913e+00,
       1.8052602757094022e+01, 8.2395653244724969e+01,
       3.6947315196476026e+01, 6.9985569104260875e+01,
       -2.1130493285386322e+01, 3.4933842305299500e+01,
       -2.2526631371301463e+02, 1.5075027029416303e+01,
       4.6504306501968721e+01, -1.0707893085755671e+01,
       -1.5958805720961834e+01, 3.7602449902238519e+01,
       1.2079674317269082e+02, -5.1039162760471557e-01,
       3.2590010972221492e+01, 1.5804879798968804e+01,
       -1.7815807157080025e+02, -1.4954434637853680e+01,
       -1.2342429421844522e-01, 7.5784609570565877e+01,
       -8.9487940278318874e+00, 1.9069468933552987e+01,
       -1.8682007102033157e+02, -1.7696141753429114e+01,
       9.3132510397173043e+00, 4.6125160113137671e+00,
       3.2643891165703330e+01, -8.8798085056177328e+01,
       -8.2029882782969366e+01, -1.8914529640398932e+01,
       3.6348053400652396e+00, -2.0273160093954897e+02,
       1.1137321235059369e+02, 3.5857097218185899e+01,
       -5.7926117693056575e+01, -1.9456025699025538e+01,
       -1.1344524656787709e+02, -6.4565324232115969e+01,
       7.6316102413904275e+01, -1.3550519572739844e+01,
       -2.9295346809045189e+00, -6.8495607320720680e+01,
       -5.3217749816657269e+00, 8.6858461206590789e+01,
       7.4841719237979561e+01, -9.5857772941304127e+00,
       3.6166161328009565e+01, 1.3606293087467014e+01,
       -1.7862753800428642e+01, -1.1619328586046791e+01,
       2.0968939917318753e+01, -3.2743126534577335e+01,
       3.5580177845056070e+01, -4.9713441175792008e+00,
       -2.6377745146660679e+01, 3.7983553518196054e+01,
       4.1923319923973736e+01, 1.5787939974369110e+02,
       -8.5666715030899461e+00, -8.1411682886949777e+01,
       1.7930235427444845e+01, 3.0194267844406241e+01,
       6.0973943816867838e+01, -8.5522519438506166e+01,
       -1.6937807264414541e+01, -3.1718094778037993e+00,
       2.0819807348258462e+02, -2.8516029754163910e+01,
       1.2520502399277763e+01, -3.7427010952702524e+01,
       -6.3591153389815629e+00, 1.2500748224989630e+02,
       1.6745238558811081e+01, -6.7702398262840077e+01,
       -1.7366108567001408e+01, -5.7666516221568695e+00,
       -1.7243226433980806e+02, 1.1197455707926335e+02,
       3.9764319508047031e+01, 2.5249875585708406e+01,
       -6.6793844959626654e+00, 1.5015529433714391e+02,
       3.7130171452151835e+01, 3.0813790501639822e+01,
       -2.1169012527603655e+01, -2.8448434752957791e+01,
       5.3457625385095270e+01, 3.5772602540977076e+01,
       -1.7866926891575829e+01, -4.4305498723055841e+01,
       -1.1775072598371747e+01, -1.7247425791532714e+02,
       2.3567198563331321e+01, -1.1035503180418575e+01,
       -2.2656734774262777e+01, 7.2792649137620868e+00,
       -5.9398404251648074e+01, -1.6058479059200579e+01,
       -6.2377976523186263e-01, 5.9670212243403178e+01,
       1.6768290467655792e+01, 1.0365468590690688e+02,
       4.3347895027543814e+01, -2.8918556314839016e+01,
       7.1981757245984753e+01, -8.0532680329066810e+00,
       4.4577746471450979e+01, 5.7615755972606074e+01,
       -5.4951669510765882e+01, -1.4509075630313044e+01,
       -2.5772365356446461e+01, -9.8992737591098290e+01,
       -1.1873968320342495e+02, -2.9840679922739334e+01,
       -7.9830979547929115e-01, 2.2852907678157358e+01,
       1.3115810582671924e+02, 1.4004256295245680e+01,
       -8.3038577516599350e+00, -1.6428129247876889e+01,
       -2.5255054561225457e+01, 1.1674612676601366e+02,
       -1.1009786362798175e+02, 1.1230304139732098e+01,
       1.9937345405408987e+01, -7.8744131304397502e+00,
       1.3987638814604227e+02, -2.3825926056980954e+01,
       5.9556607656538588e+01, 6.3003112977923292e+00,
       6.5687667845535804e+00, -6.9834448124059216e+00,
       -6.2130908620549754e+01, -7.1730581154247261e+01,
       5.2533083698499155e+01, -4.1068448912735516e+00,
       3.4786495831875101e+01, -6.5487618993736163e+01,
       3.5181777290992819e+01, 7.0313527884555114e+01,
       8.4057902774648507e-01 ]
