%YAML:1.0
means: !!opencv-matrix
   rows: 8
   cols: 11
   dt: d
   data: [ 5.2726787551510398e+01, 2.1077345680656485e+01,
       -7.8363962665342379e+00, -8.3616036553615434e+00,
       1.8466425326536402e+01, 8.0194274864063164e-01,
       7.1004637673696247e-01, 1.1550366838772366e+00,
       3.6964940099421817e-01, 1.0659648691156392e-02,
       1.8599820471056922e-02, -1.7753073724495871e+02,
       -5.6823214943473900e+01, 3.6230929529059722e+01,
       3.9610553683668250e+01, -1.2890861727300738e+01,
       4.6780765508333069e+00, -2.9456404566182665e-01,
       -1.0392161140351124e+00, 2.8615747934367303e-01,
       -1.5445915539009819e-01, 1.7501573702429135e-02,
       7.4242907457151631e+01, 2.8480232864414927e+00,
       -1.3424461533238073e+01, -3.7026865984429089e+00,
       2.2164381356114520e+00, 2.2738173711178939e+00,
       -5.8246380780959557e+00, -4.9802981226533394e+00,
       -3.8050877687950213e+00, 8.7395241624752007e-01,
       -8.6200067404000269e-02, -2.8864569367656948e+01,
       5.2709469633870782e+01, 5.4730203633895318e+00,
       -2.9781545641008584e+01, 3.2887574837466076e+00,
       4.8416860335136560e+00, -3.1006746403665730e-01,
       1.4397321693152769e+00, -1.1946596445069818e-01,
       -5.3478931808929708e-01, -2.1588805483642906e-01,
       8.1977925807001554e+01, 1.5799213675273503e+01,
       -2.3962494955726516e+01, -3.2008206606271187e+01,
       -2.6443141875736657e+01, -1.9532552818724550e+01,
       9.1392067034985913e-01, -2.3144028995592900e+00,
       2.0646880916155114e-01, -2.8218310837774103e-02,
       1.0516560327361529e-01, 1.0886340014852821e+02,
       -3.7435422698822968e+01, -2.9821844338085917e+01,
       2.6835131163077683e+01, -5.5741745520488415e+00,
       8.6220371843422470e+00, -8.1105889840838288e-02,
       8.4744281079463979e-01, 2.9360092857611464e-01,
       -3.5209525496517624e-02, 3.3415551917273245e-02,
       -5.7979086108946625e+01, -3.3218907114024681e+01,
       2.0231259765010236e+01, 1.8389104253156130e+01,
       1.2636218675143025e+01, -9.8738142970470673e+00,
       2.2033765749418710e+00, -9.9859460525410004e-02,
       1.6608865934740111e-01, 3.5854169685171237e-02,
       1.3157359627691951e-02, -1.9133452958255950e+02,
       7.0693469377073569e+01, 4.0585760084010658e+01,
       -4.0789496966663130e+01, -1.7776753893587063e+01,
       7.2504964899303017e+00, -2.3673240055817666e+00,
       4.3332641429407093e-01, 1.1145630877394008e-01,
       1.7609985192170396e-01, 5.3817283580908900e-03 ]
covs: !!opencv-matrix
   rows: 88
   cols: 11
   dt: d
   data: [ 6.9236706550264498e+03, 4.1430674024370279e+02,
       2.2623421616987398e+03, -4.0205974818465871e+00,
       -9.1432813367408221e+02, 9.4164407256672234e+01,
       -5.6000431863862779e+01, 1.4907220207565501e+01,
       5.9763636249492755e+00, -1.8726533390963422e+00,
       -4.2795378187323436e+00, 4.1430674024370279e+02,
       7.6784463901206673e+03, -8.4087902534250134e+01,
       1.2399355215846203e+03, -8.7128386179685990e+01,
       -3.8681879978664864e+02, 5.6796582440909290e+01,
       -1.8093537578436340e+01, 2.5633065166707505e+00,
       -1.2566124962120212e-01, -7.3472900521209106e-01,
       2.2623421616987393e+03, -8.4087902534250134e+01,
       2.7188044974281752e+03, -6.2267243852775849e+01,
       1.5013972483896723e+02, -3.8151419627547966e+01,
       1.9732552055392965e+01, -2.1054726383458591e+00,
       2.1680917150391097e+00, 3.0032117303490482e+00,
       9.0095207741930605e-01, -4.0205974818465968e+00,
       1.2399355215846203e+03, -6.2267243852775870e+01,
       1.7176034443298834e+03, -2.5772022901145121e+01,
       1.3013522967024264e+02, -3.1199390526087505e+01,
       1.0658435260961749e+00, 1.5198687767051093e+00,
       -2.8727202517717005e+00, 3.5516981275403225e-01,
       -9.1432813367408221e+02, -8.7128386179686032e+01,
       1.5013972483896723e+02, -2.5772022901145142e+01,
       3.3604734885805448e+02, -4.1454802027951496e+00,
       -1.4078673653510075e+01, -4.3433302854355800e+00,
       5.9046427799749122e+00, -2.3216886797946773e-01,
       1.0674977885319454e+00, 9.4164407256672234e+01,
       -3.8681879978664864e+02, -3.8151419627547980e+01,
       1.3013522967024264e+02, -4.1454802027951496e+00,
       1.7353875909714500e+02, 3.0009869407933860e+00,
       -1.2936539827039043e+01, -6.6083792620488280e-01,
       -1.4896719461625612e+00, 2.7921255257397110e-01,
       -5.6000431863862765e+01, 5.6796582440909305e+01,
       1.9732552055392965e+01, -3.1199390526087505e+01,
       -1.4078673653510073e+01, 3.0009869407933860e+00,
       2.3078919010014694e+01, -2.3888044685285394e+00,
       -2.8183029344906498e+00, 4.6654238925073294e-01,
       4.9947441223536330e-02, 1.4907220207565507e+01,
       -1.8093537578436340e+01, -2.1054726383458577e+00,
       1.0658435260961761e+00, -4.3433302854355791e+00,
       -1.2936539827039043e+01, -2.3888044685285399e+00,
       1.3024529080397723e+01, -1.9307352015861097e+00,
       7.8308400950451573e-01, -6.9760929644547259e-03,
       5.9763636249492738e+00, 2.5633065166707523e+00,
       2.1680917150391106e+00, 1.5198687767051093e+00,
       5.9046427799749113e+00, -6.6083792620488280e-01,
       -2.8183029344906498e+00, -1.9307352015861092e+00,
       1.4719580274052817e+00, -1.3888237982224821e-01,
       -2.7789519513509629e-02, -1.8726533390963429e+00,
       -1.2566124962120193e-01, 3.0032117303490482e+00,
       -2.8727202517717005e+00, -2.3216886797946770e-01,
       -1.4896719461625609e+00, 4.6654238925073294e-01,
       7.8308400950451584e-01, -1.3888237982224821e-01,
       3.1238639512522881e-01, 6.6488728003096373e-03,
       -4.2795378187323436e+00, -7.3472900521209117e-01,
       9.0095207741930605e-01, 3.5516981275403214e-01,
       1.0674977885319454e+00, 2.7921255257397110e-01,
       4.9947441223536317e-02, -6.9760929644547241e-03,
       -2.7789519513509629e-02, 6.6488728003096373e-03,
       1.7115271285867661e-02, 5.7348632654863814e+03,
       -9.7575977944131989e+02, 2.8335863109172874e+03,
       8.0777646491665132e+02, -1.1442383371985815e+02,
       -1.2591132808295562e+02, 7.0544736102963469e+01,
       -7.1336462199575919e+01, 1.1906989807823303e+01,
       -5.2816746817990188e+00, -6.6720938043230635e-02,
       -9.7575977944132012e+02, 7.8834115039755834e+03,
       2.9039062315524927e+02, 1.1260083590284207e+03,
       7.0825312870956083e+01, 1.7660109278607987e+02,
       4.7545054426232831e+01, 1.5182349112557068e+01,
       -2.8477487702383929e+01, 8.9389038615734098e+00,
       -1.1127181690732918e-01, 2.8335863109172878e+03,
       2.9039062315524944e+02, 2.4966121709730637e+03,
       -2.0767823643130669e+02, -4.7604156482405855e+01,
       3.7478072491857795e+01, -2.2420115730359075e+01,
       2.3073952668340624e+01, -1.3961827355825205e+00,
       2.9477574282220204e-01, 3.1603277583428951e-01,
       8.0777646491665109e+02, 1.1260083590284207e+03,
       -2.0767823643130666e+02, 1.7117747677948607e+03,
       -1.2493528978210739e+02, -1.8411191059447521e+02,
       -2.3792215854618281e+01, -1.7382225285225086e+01,
       1.6220355542204487e+01, -1.9396950248026374e+00,
       -5.6118606034312166e-02, -1.1442383371985815e+02,
       7.0825312870956097e+01, -4.7604156482405855e+01,
       -1.2493528978210736e+02, 8.2818430964155766e+01,
       1.1087821686819794e+00, 4.9138299239047019e+00,
       -1.0555480288457964e+01, -6.4418009330110992e+00,
       2.9825352330290462e+00, -8.7693534369989257e-01,
       -1.2591132808295562e+02, 1.7660109278607987e+02,
       3.7478072491857795e+01, -1.8411191059447521e+02,
       1.1087821686819797e+00, 8.5894525399859717e+01,
       1.0683941064685197e+01, -6.9116046874615913e+00,
       -7.1776466965962866e+00, 3.8496272789529873e-01,
       2.7240642692593042e-01, 7.0544736102963469e+01,
       4.7545054426232831e+01, -2.2420115730359075e+01,
       -2.3792215854618281e+01, 4.9138299239047019e+00,
