%YAML:1.0
means: !!opencv-matrix
   rows: 4
   cols: 14
   dt: d
   data: [ 5.9322377101142031e+01, 2.0158795996923606e+00,
       -1.1453337502388019e+01, 5.1248592796880059e+00,
       5.5969053473940047e+00, 3.1877067937613921e+00,
       9.0208163850797640e-01, -1.5116131819877285e-01,
       -3.4072643198726610e-01, 7.5334640370112753e-03,
       2.2538155711125482e-02, 7.3357955070819728e-03,
       2.0631687493331418e-03, -2.1222027805013872e-03,
       -1.7378100710735927e+02, -3.8343841178889114e+01,
       4.2348284793525501e+01, 3.1228503723896428e+00,
       -1.3339460903500072e+01, -3.3263769140731090e+00,
       -1.2029550968314182e+00, 5.0910831838913595e-01,
       -3.7517842176593830e-01, 1.2033430746323658e-01,
       -4.0347990006844921e-02, 1.5113943392614708e-03,
       1.0151801055279755e-03, -5.7683149092586485e-05,
       2.3797288693142026e+01, -5.2347793968320651e+01,
       -4.7521768682997791e+00, 1.5780569615811435e+01,
       3.9614020503957781e-01, -1.2215105815925062e+01,
       -3.6881316501543884e+00, 3.0861717230871571e-01,
       2.4467105072397946e+00, -4.2158792781708185e-02,
       -9.6317126537586603e-02, -3.3312591336140014e-02,
       -1.4394733153780495e-02, 7.6635127283678564e-03,
       -7.3906602411943140e+01, 1.1968673313077255e+02,
       -1.1370037198841161e+00, -5.5227761921604042e+01,
       -1.0137556968711557e+01, 1.7896990968956339e+00,
       1.2565671650347754e+00, -3.7816079254317747e-01,
       -2.7945946505711405e-01, -1.8782883999656674e-01,
       5.3155390208822630e-02, -6.7476664686160620e-03,
       3.4837333370438977e-03, 3.7589489722479842e-03 ]
covs: !!opencv-matrix
   rows: 56
   cols: 14
   dt: d
   data: [ 1.0506228086711346e+04, -3.1903386662460690e+02,
       1.2686558656225873e+03, -3.0431674582995151e+02,
       -1.0759933515692580e+03, -2.9811835816868410e+02,
       -9.2227510826600735e+01, 1.3339457884333775e+01,
       -2.9534273544622664e+01, 1.3259226525713594e+00,
       -1.0399019704074992e+00, -4.1116589406815846e-01,
       8.7845515033141974e-02, -3.5384131220803035e-02,
       -3.1903386662460719e+02, 9.7327788076453999e+03,
       2.3260897692924172e+02, 9.1512661981635461e+02,
       -1.7294531843877391e+02, -4.1691420438192296e+02,
       -4.8898251567736544e+01, -1.8710295223872695e+01,
       -1.4111947896520757e+01, -9.5459459785743537e+00,
       -1.2390688349313435e+00, -4.9904853986010106e-01,
       8.2943469333122397e-02, -4.9352510882899117e-02,
       1.2686558656225873e+03, 2.3260897692924172e+02,
       3.0310419068446604e+03, -5.4537293314377827e+01,
       2.5238690677400427e+02, 8.8933310670193634e+01,
       2.8120775989935272e+01, -3.1144180890815600e+00,
       5.3424443498132739e+00, 1.3227470316195489e+00,
       -3.9260820538597710e-02, -8.3787071309825531e-02,
       2.3099584160407555e-02, 3.2104255046856447e-02,
       -3.0431674582995163e+02, 9.1512661981635461e+02,
       -5.4537293314377855e+01, 2.4972170797553654e+03,
       -3.5632047197036755e+01, 1.0176021108650046e+02,
       6.5267987451238723e+00, 9.8974240595047629e+00,
       8.0022508731116222e+00, -3.9901124552860362e-01,
       5.7965954016399523e-01, 9.2909190427649044e-02,
       -3.6299764294155198e-02, 7.2376742093502849e-03,
       -1.0759933515692578e+03, -1.7294531843877385e+02,
       2.5238690677400433e+02, -3.5632047197036741e+01,
       4.8693427407524632e+02, -5.5538112468333701e+01,
       -1.0059558068352588e+01, -7.3372375638648313e+00,
       -4.9181463336839677e+00, 7.6992128135667215e-01,
       1.6096102307428847e-01, 4.3628623798643726e-02,
       -5.1248813157639883e-03, 1.2738612741656889e-02,
       -2.9811835816868415e+02, -4.1691420438192296e+02,
       8.8933310670193663e+01, 1.0176021108650043e+02,
       -5.5538112468333701e+01, 2.3683972514696919e+02,
       -8.6193044475615466e+00, 1.1247588732441709e+00,
       4.5805132783228366e+00, -1.9563477085675580e+00,
       -7.6821511918533938e-02, -1.8216487791575472e-01,
       -1.3681407782769151e-02, 2.4366765082544338e-02,
       -9.2227510826600749e+01, -4.8898251567736551e+01,
       2.8120775989935272e+01, 6.5267987451238758e+00,
       -1.0059558068352587e+01, -8.6193044475615466e+00,
       2.3646098953955491e+01, 4.6915561801311439e-01,
       3.4895893244343252e+00, 1.4973807106670670e-01,
       -4.3721591539134005e-02, 5.3005426499523965e-02,
       -3.2034166841849676e-02, 9.5610591164795849e-03,
       1.3339457884333779e+01, -1.8710295223872699e+01,
       -3.1144180890815600e+00, 9.8974240595047682e+00,
       -7.3372375638648286e+00, 1.1247588732441709e+00,
       4.6915561801311428e-01, 1.4105848087411990e+01,
       -8.2245185733226522e-01, 5.8504151734646714e-01,
       -1.2410310687854019e-02, -4.7234148236463677e-03,
       2.7625971669682568e-03, 1.2414398561004925e-02,
       -2.9534273544622664e+01, -1.4111947896520757e+01,
       5.3424443498132757e+00, 8.0022508731116222e+00,
       -4.9181463336839668e+00, 4.5805132783228366e+00,
       3.4895893244343252e+00, -8.2245185733226511e-01,
       1.2966589715845105e+00, 3.3051492568442885e-02,
       2.5855820169280844e-02, 1.6618331709398845e-02,
       1.6202691974453533e-02, -9.0675447799364842e-04,
       1.3259226525713583e+00, -9.5459459785743537e+00,
       1.3227470316195484e+00, -3.9901124552860379e-01,
       7.6992128135667237e-01, -1.9563477085675580e+00,
       1.4973807106670675e-01, 5.8504151734646737e-01,
       3.3051492568442871e-02, 3.0638895122729048e-01,
       2.1852757221735710e-02, 1.9284938716877529e-04,
       3.3805584034083480e-03, -1.1152331458840883e-02,
       -1.0399019704074990e+00, -1.2390688349313435e+00,
       -3.9260820538597689e-02, 5.7965954016399512e-01,
       1.6096102307428845e-01, -7.6821511918533897e-02,
       -4.3721591539133978e-02, -1.2410310687854026e-02,
       2.5855820169280844e-02, 2.1852757221735710e-02,
       3.2001014391671155e-02, -1.1777967628875492e-03,
       1.0169318376052670e-04, 4.0594875890665204e-04,
       -4.1116589406815862e-01, -4.9904853986010106e-01,
       -8.3787071309825559e-02, 9.2909190427649030e-02,
       4.3628623798643754e-02, -1.8216487791575472e-01,
       5.3005426499523972e-02, -4.7234148236463616e-03,
       1.6618331709398845e-02, 1.9284938716877532e-04,
       -1.1777967628875492e-03, 2.0061609600328760e-03,
       4.7499008456629039e-04, -4.0461370819091698e-05,
       8.7845515033141960e-02, 8.2943469333122327e-02,
       2.3099584160407569e-02, -3.6299764294155171e-02,
       -5.1248813157639865e-03, -1.3681407782769146e-02,
       -3.2034166841849662e-02, 2.7625971669682577e-03,
       1.6202691974453533e-02, 3.3805584034083480e-03,
       1.0169318376052659e-04, 4.7499008456629039e-04,
       2.2793147509021202e-03, 5.7231869971303697e-05,
       -3.5384131220803049e-02, -4.9352510882899069e-02,
       3.2104255046856434e-02, 7.2376742093502883e-03,
       1.2738612741656894e-02, 2.4366765082544338e-02,
       9.5610591164795831e-03, 1.2414398561004927e-02,
       -9.0675447799364766e-04, -1.1152331458840883e-02,
       4.0594875890665204e-04, -4.0461370819091732e-05,
       5.7231869971303718e-05, 2.1711773139091767e-03,
       6.5104236799815471e+03, -3.2131351587071538e+02,
       2.9492183119124593e+03, -8.1369084776151647e+02,
       1.0852158245492289e+02, 8.6060505940639686e+01,
       7.8487931496333815e+01, 2.6242677823097537e+01,
       1.1827056500381847e+01, 4.4151941837659807e+00,
       -1.6400346593401511e+00, 4.5494707931601541e-01,
       1.7530563437571901e-02, 1.9884253497243468e-01,
       -3.2131351587071521e+02, 1.0018750140506061e+04,
       5.1576276950920908e+02, 8.8709463251454133e+02,
       7.2901611096267902e+02, 1.9733037887654172e+02,
       9.1225528623533862e+01, 4.1177402277632090e+01,
       1.4157338081135387e+01, 9.8010232916813989e-01,
       -4.0609880438559367e+00, -1.8036344310539254e+00,
       3.0099493873894795e-01, -4.0958509684753758e-02,
