%YAML:1.0
means: !!opencv-matrix
   rows: 16
   cols: 1
   dt: d
   data: [ -1.3729758914659516e+02, 6.9529621211832378e+01,
       -2.2557410870629518e+01, 1.9474254272459976e+02,
       -3.0962547609940043e+02, 1.5965633923861620e+02,
       1.0757420959582090e+01, -2.1959893890515710e+02,
       2.3924886119575066e+02, -6.0105475072105804e+01,
       -9.7847407103166603e+01, -2.6499092927152986e+02,
       -1.7814688825492999e+02, 9.7699331202439282e+01,
       1.2659316959804141e+02, 4.1800445386358405e+01 ]
covs: !!opencv-matrix
   rows: 16
   cols: 1
   dt: d
   data: [ 3.8075087644145520e+02, 1.9851769773394133e+02,
       2.6991734899843783e+02, 6.2518069614024023e+02,
       1.1836734626627976e+03, 3.8584357638238185e+02,
       2.3762733016513531e+02, 4.9481008913529109e+02,
       1.1667924667905015e+03, 3.0796916460749725e+02,
       3.3786042161649669e+02, 6.7767541937609485e+02,
       4.4935885378058066e+02, 2.1341928737901537e+02,
       2.7833717061822517e+02, 2.1144262588202236e+02 ]
weights: !!opencv-matrix
   rows: 1
   cols: 16
   dt: d
   data: [ 6.3409042980911462e-02, 8.2407867987008165e-02,
       9.0999363789710491e-02, 4.6622946936034616e-02,
       1.6169754364191345e-02, 6.6149657553943392e-02,
       9.0037937698414408e-02, 4.2037524723281552e-02,
       2.9881233440692292e-02, 8.0005502922381691e-02,
       7.4569148917617581e-02, 3.0146282798984455e-02,
       4.9776719655031200e-02, 8.1081375367311775e-02,
       7.0724563019382930e-02, 8.5981077845080731e-02 ]
pca_proj: !!opencv-matrix
   rows: 1
   cols: 21
   dt: f
   data: [ 4.36961316e-02, 8.50134730e-01, 1.73015636e-04,
       6.54514134e-02, 4.60692108e-01, 2.29939164e-04, 7.67599978e-03,
       1.46649793e-01, -1.37564148e-05, 1.21663406e-03, 1.30500361e-01,
       -5.45994153e-05, 8.06188770e-03, 1.42052382e-01, -2.12945142e-05,
       -2.45414903e-05, 9.56867734e-06, -1.94090262e-06, 3.13729906e-05,
       4.34020360e-04, 2.32224409e-07 ]
pca_mean: !!opencv-matrix
   rows: 1
   cols: 21
   dt: f
   data: [ 2.07625534e+02, 2.55653595e+02, 1.54502928e+00,
       2.18915131e+02, 2.60592743e+02, 1.67241716e+00, 2.65274475e+02,
       2.24016678e+02, 1.71669352e+00, 3.19420807e+02, 1.63929108e+02,
       1.75046074e+00, 3.16613464e+02, 2.25532654e+02, 1.70717156e+00,
       1.08872897e-04, -9.74175637e-05, 6.24380555e-05, -2.17504916e-04,
       -2.50119597e-01, 1.75055194e+00 ]
gamma: !!opencv-matrix
   rows: 16
   cols: 1
   dt: d
   data: [ 8.4112848907039883e-01, 7.9960010853806007e-01,
       7.8166156761055594e-01, 8.7220749773690087e-01,
       9.1064883121065610e-01, 8.5337504849888990e-01,
       7.7879650321072424e-01, 8.7941283932075509e-01,
       8.9334905943261234e-01, 7.9696084535002731e-01,
       8.1831302473441525e-01, 8.9578646673543860e-01,
       8.6216012052389202e-01, 8.1618702538604759e-01,
       8.3422412019529357e-01, 7.8646905187849370e-01 ]
