%YAML:1.0
means: !!opencv-matrix
   rows: 7
   cols: 2
   dt: d
   data: [ 5.1373142189975134e+00, -2.0187781250631684e+01,
       1.1480380491299202e+02, 7.8968627087584267e+01,
       -1.6872654083508050e+02, 7.7143775507277411e+01,
       1.1855517057005268e+02, -5.1818654850770841e+01,
       -1.8471049112630695e+01, -1.2568166000941294e+02,
       -5.1799150735280568e+00, 8.8725011097715097e+01,
       -1.8277312690003419e+02, -5.6880040906111084e+01 ]
covs: !!opencv-matrix
   rows: 14
   cols: 2
   dt: d
   data: [ 6.8185610252201241e+03, -6.5724136146889222e+01,
       -6.5724136146889208e+01, 3.0883108373757832e+03,
       5.7280857982681800e+03, -1.8956032702564707e+02,
       -1.8956032702564701e+02, 2.3726535175961849e+03,
       6.6005421206982101e+03, -9.0308283903760127e+02,
       -9.0308283903760127e+02, 5.7303617243992348e+03,
       4.8565399194997572e+03, -8.8268082368705379e+01,
       -8.8268082368705379e+01, 4.1051097716201093e+03,
       7.4648494007383488e+03, -6.8733910435771875e+01,
       -6.8733910435771890e+01, 3.8535146151010358e+03,
       6.5307140759683562e+03, 2.8147444320094365e+02,
       2.8147444320094354e+02, 6.0643000102701080e+03,
       5.9375680055763978e+03, -9.3470245162691776e+02,
       -9.3470245162691776e+02, 6.9881769321120628e+03 ]
weights: !!opencv-matrix
   rows: 1
   cols: 7
   dt: d
   data: [ 1.9368215908789418e-01, 1.5724693258291628e-01,
       1.0643392484795178e-01, 1.8109611793911023e-01,
       1.1030791000844511e-01, 1.4300158236754934e-01,
       1.0823137316613778e-01 ]
pca_proj: !!opencv-matrix
   rows: 2
   cols: 21
   dt: f
   data: [ 4.36961316e-02, 8.50134730e-01, 1.73015636e-04,
       6.54514134e-02, 4.60692108e-01, 2.29939164e-04, 7.67599978e-03,
       1.46649793e-01, -1.37564148e-05, 1.21663406e-03, 1.30500361e-01,
       -5.45994153e-05, 8.06188770e-03, 1.42052382e-01, -2.12945142e-05,
       -2.45414903e-05, 9.56867734e-06, -1.94090262e-06, 3.13729906e-05,
       4.34020360e-04, 2.32224409e-07, 7.68702388e-01, -5.10314330e-02,
       1.14127281e-04, 4.21110362e-01, -3.83849256e-02, 4.02935693e-05,
       2.81941950e-01, -1.35209868e-02, 1.95932400e-04, 2.66951323e-01,
       -4.70317341e-03, 2.29704310e-04, 2.76557714e-01, -1.55316098e-02,
       2.11025646e-04, -3.74769334e-05, 5.54774260e-06, -7.89335627e-06,
       8.86836962e-04, -5.85095040e-05, 1.91629806e-04 ]
pca_mean: !!opencv-matrix
   rows: 1
   cols: 21
   dt: f
   data: [ 2.07625534e+02, 2.55653595e+02, 1.54502928e+00,
       2.18915131e+02, 2.60592743e+02, 1.67241716e+00, 2.65274475e+02,
       2.24016678e+02, 1.71669352e+00, 3.19420807e+02, 1.63929108e+02,
       1.75046074e+00, 3.16613464e+02, 2.25532654e+02, 1.70717156e+00,
       1.08872897e-04, -9.74175637e-05, 6.24380555e-05, -2.17504916e-04,
       -2.50119597e-01, 1.75055194e+00 ]
gamma: !!opencv-matrix
   rows: 7
   cols: 1
   dt: d
   data: [ 8.6000932996426316e-01, 8.5567826557576876e-01,
       9.0451165176357395e-01, 8.7996652548742160e-01,
       8.8910170653005682e-01, 9.0369701985508433e-01,
       9.1221288870977701e-01 ]
