%YAML:1.0
means: !!opencv-matrix
   rows: 27
   cols: 4
   dt: d
   data: [ 4.5944866919805804e+01, -4.4500432543081253e-02,
       -6.0486185120068775e+01, 7.5066543898338722e+01,
       -1.3301951607941021e+02, 1.0794009366741126e+02,
       4.2780896974666653e+01, -2.1919860169145018e+01,
       2.4299395695909094e+01, -9.2117356097610809e+01,
       2.8490995397011950e+01, -1.4695386820866602e+01,
       2.0988091019301157e+02, -1.1933156801811766e+01,
       3.9111157997340626e+01, -2.8220268516659388e+00,
       -2.2047891352060711e+02, 7.0641617069297013e+01,
       -3.8692450519731253e+01, -2.7824202540133985e+01,
       -5.0764438509576827e+01, 9.7886167009706018e+00,
       -1.5712576260447324e+01, 5.0483844270526347e+01,
       9.1663931311037075e+01, -1.9991826445350569e+01,
       7.1220383577347349e+01, -2.5270001016297847e+00,
       6.2207367021696236e+01, -9.6071613465027255e+01,
       4.3956832680364251e+00, -6.1427206787740801e+01,
       1.4165060528190816e+00, 3.1680634071065764e+01,
       -5.9564377855995808e+01, -6.2121805718922197e+01,
       1.6967036090308957e+02, -8.0027345502221308e+01,
       -1.1349934929486949e+01, -9.7127073033440023e+00,
       1.4997424711233174e+02, 1.1823110021905597e+02,
       -9.3038988816348862e+00, 2.3292830896229184e+01,
       3.4945087433236360e+01, 1.7152180376665694e+02,
       1.3592253612317512e+01, -1.5185079679905343e+01,
       -6.4952688918568612e+01, -9.4450410825024719e+01,
       -4.7311040917130676e+01, -1.1290436694326289e+01,
       -1.4556935604909083e+02, -2.1463664565093033e+01,
       1.7739873126436109e+01, 3.4829427466335531e+01,
       -1.4509156974879690e+02, -7.1736115626917867e+00,
       2.0982466648428126e+01, -8.0160480249277072e+01,
       6.4699605983011779e+01, -9.7799583089409680e+01,
       -8.2803180895373458e+01, 3.3032711095005158e+00,
       -4.3065635587077118e+01, 1.0490768533913077e+01,
       1.0066118009075643e+02, -2.1668599793835568e+01,
       -1.5278414166858920e+02, -5.9179296409941522e+01,
       7.7966357396948382e+01, 1.7598448544503448e+01,
       -1.9104652148799531e+02, -1.6824022143029234e+02,
       2.5419996746662907e+01, -3.0392785471656069e+01,
       -1.0008526393406337e+01, 1.1662748931815341e+02,
       -6.9830870952772841e+01, 1.3751155870064025e+01,
       2.0272745909889696e+01, -2.4374411427261609e+02,
       6.0814861443594079e+00, 7.5356698316097805e+01,
       -1.8843586570021472e+02, -1.0804180020173902e+02,
       -2.3794716015165850e+01, -1.7708302875111052e+01,
       -2.6953915275006392e+02, -4.4836460662597162e+01,
       1.2826261304276201e-01, 4.6257168333489950e+01,
       -1.5800342014685907e+02, 1.7056763456162096e+02,
       3.3524876311512459e+00, 2.2260746874034918e+01,
       1.6594175112664797e+01, 5.2661681133744494e+01,
       5.0042378927850777e+01, 3.3436683124371726e+01,
       8.8395842894980603e+01, 5.3078316902050396e+01,
       1.9919111010895072e+01, -7.6264341387504373e+01,
       1.3606456037979174e+02, 2.0817448365318802e-01,
       2.1084008899460322e+01, 5.8903300990191752e+01 ]
covs: !!opencv-matrix
   rows: 108
   cols: 4
   dt: d
   data: [ 2.6788205735185752e+03, 6.6119862058882461e+02,
       2.6963739170757499e+01, -2.4109349472237341e+02,
       6.6119862058882461e+02, 3.2524579085971118e+03,
       -9.2316804630910568e+01, 8.4620002500775865e+02,
       2.6963739170757478e+01, -9.2316804630910596e+01,
       1.0072321712682646e+03, 1.3901678234839568e+02,
       -2.4109349472237338e+02, 8.4620002500775865e+02,
       1.3901678234839568e+02, 7.9762040956426165e+02,
       4.4720367592082039e+03, 1.9779383075770611e+03,
       1.1004478966736729e+03, -6.0937225364597066e+02,
       1.9779383075770611e+03, 5.7831418785261076e+03,
       5.9354868133306638e+02, 3.1872353791904328e+02,
       1.1004478966736729e+03, 5.9354868133306627e+02,
       1.5448177967701429e+03, 2.8696448970649521e+02,
       -6.0937225364597066e+02, 3.1872353791904328e+02,
       2.8696448970649527e+02, 7.8853077698233892e+02,
       3.5090552813846989e+03, -1.6752194929066104e+03,
       1.6874597060339948e+02, 1.4046101147546943e+02,
       -1.6752194929066106e+03, 6.4946685690612085e+03,
       6.4474695242318404e+01, -4.2694038848849164e+02,
       1.6874597060339954e+02, 6.4474695242318404e+01,
       9.6721056829306588e+02, -1.2421169713192788e+02,
       1.4046101147546938e+02, -4.2694038848849164e+02,
       -1.2421169713192786e+02, 5.7769487782921158e+02,
       3.5536273792206457e+03, 1.1400939300231373e+03,
       -6.9110624684602715e+02, 4.8901000224329960e+02,
       1.1400939300231373e+03, 8.4583956080531771e+03,
       5.5926852969303937e+01, 1.0966870869450074e+03,
       -6.9110624684602692e+02, 5.5926852969303944e+01,
       4.1668695629707435e+02, 3.4067862334447977e+02,
       4.8901000224329948e+02, 1.0966870869450074e+03,
       3.4067862334447983e+02, 1.6981315561606189e+03,
       3.5660036977516406e+03, 9.0092887564379612e+02,
       -3.9386455670463840e+02, -3.7931674265424965e+02,
       9.0092887564379612e+02, 5.5586333236680121e+03,
       -2.3489495946676354e+02, 1.2685770655726549e+03,
       -3.9386455670463829e+02, -2.3489495946676354e+02,
       7.9843532779399754e+02, 7.1351295139133845e+02,
       -3.7931674265424971e+02, 1.2685770655726549e+03,
       7.1351295139133845e+02, 1.5050062456759683e+03,
       2.3343475007051293e+03, -6.4960615918220174e+02,
       9.6510450314546006e+02, -3.8260045369130512e+02,
       -6.4960615918220174e+02, 6.3081920816887978e+03,
       -4.9742059572983260e+02, -7.2134075769744936e+02,
       9.6510450314546017e+02, -4.9742059572983243e+02,
       9.4478547208314910e+02, 1.5360753154951936e+02,
       -3.8260045369130506e+02, -7.2134075769744925e+02,
       1.5360753154951934e+02, 1.5526726470922740e+03,
       8.8969650858133468e+02, -2.5448484615743300e+02,
       1.0038351191463143e+02, -7.5673591537135152e+01,
       -2.5448484615743303e+02, 1.0400302408587648e+04,
       1.3643225291029384e+02, -3.3392360133878020e+02,
       1.0038351191463141e+02, 1.3643225291029378e+02,
       4.4910987401985625e+02, 6.5240872690337778e+02,
       -7.5673591537135238e+01, -3.3392360133878020e+02,
       6.5240872690337778e+02, 2.3537395678394550e+03,
       9.3967436099452261e+03, 3.5135228345352959e+02,
       -9.6304116214522969e+02, 3.0020587988824978e+01,
       3.5135228345352959e+02, 3.6808599463999772e+03,
       -4.5536298500484031e+02, -1.4043484060919122e+03,
       -9.6304116214522969e+02, -4.5536298500484020e+02,
       1.7543331255577255e+03, -1.5960698685259939e+02,
       3.0020587988824992e+01, -1.4043484060919120e+03,
       -1.5960698685259939e+02, 8.7546724891087968e+02,
       5.2600057004663231e+03, -7.9231531841089497e+02,
       5.4674372817021185e+02, 6.3109642893067019e+02,
       -7.9231531841089497e+02, 3.3774715993640998e+03,
       3.2650580932967057e+02, 6.6291047819050092e+01,
       5.4674372817021174e+02, 3.2650580932967051e+02,
       1.5622498257845830e+03, -6.7248692405606988e+01,
       6.3109642893067030e+02, 6.6291047819050092e+01,
       -6.7248692405606960e+01, 8.4418556167619431e+02,
       4.2719057171633976e+03, 4.8619447693196321e+02,
       7.6190312379733598e+01, -7.1546980108086518e+02,
       4.8619447693196321e+02, 3.6162824810143893e+03,
       -4.0187823883881174e+02, 5.8668175766955009e+01,
       7.6190312379733598e+01, -4.0187823883881180e+02,
       9.4715127732525764e+02, -2.8834835909847589e+00,
       -7.1546980108086518e+02, 5.8668175766955031e+01,
       -2.8834835909847589e+00, 7.6394649933015171e+02,
       3.8134255025352127e+03, -2.5399196326599238e+02,
       5.1245842402491121e+02, 3.6315570996286431e+02,
       -2.5399196326599238e+02, 3.9460314645531917e+03,
       9.3015228798663031e+02, -3.5348250780722231e+02,
       5.1245842402491121e+02, 9.3015228798663031e+02,
       1.5482217250550198e+03, -6.4146439942979964e+02,
       3.6315570996286419e+02, -3.5348250780722231e+02,
