%YAML:1.0
means: !!opencv-matrix
   rows: 3
   cols: 7
   dt: d
   data: [ -1.5389554911695038e+02, 2.6116510858511051e+00,
       3.4516727053195780e+01, -5.0148805210161525e-02,
       -8.5914720678831102e+00, 1.9680115440217738e+00,
       -4.4299223593477527e-01, 5.5280010247123776e+01,
       3.0899787816501412e+01, -1.1875232839658956e+01,
       -3.4120899942903606e+01, -6.1284465979334417e+00,
       -1.7363099287706749e+01, 1.3716297635917141e+00,
       6.2903912067711069e+01, -1.2790706066561487e+01,
       -1.4303855545889794e+01, 1.2594740492810651e+01,
       6.9077421356440976e+00, 5.3280572540303819e+00,
       -2.6479660485595446e-01 ]
covs: !!opencv-matrix
   rows: 21
   cols: 7
   dt: d
   data: [ 7.4429282153378017e+03, -6.8403973347319004e+02,
       2.7370190063832388e+03, 5.4599172932150202e+02,
       3.2603584588731599e+02, -3.3252899769425528e+02,
       1.0102642299919236e+02, -6.8403973347318981e+02,
       1.1509662703670372e+04, 1.1809887045343845e+02,
       -8.9491807369133994e+02, -2.8914030121791700e+02,
       4.9091909717109746e+02, -9.6439239954487505e+01,
       2.7370190063832388e+03, 1.1809887045343849e+02,
       2.5237171848433281e+03, -9.7340121826819413e+01,
       -8.1239681640767287e+01, 5.0155721752522169e+01,
       -2.5238660516625306e+01, 5.4599172932150202e+02,
       -8.9491807369134028e+02, -9.7340121826819342e+01,
       3.0168830240989951e+03, 8.0161138015448685e+01,
       -2.2434664400283120e+02, 4.9144544691352230e+01,
       3.2603584588731599e+02, -2.8914030121791700e+02,
       -8.1239681640767273e+01, 8.0161138015448685e+01,
       1.8788555892874780e+02, -1.0221545857521079e+02,
       1.7612078056191049e+01, -3.3252899769425528e+02,
       4.9091909717109746e+02, 5.0155721752522133e+01,
       -2.2434664400283120e+02, -1.0221545857521079e+02,
       3.0121991638736017e+02, -1.1673374352370953e+01,
       1.0102642299919236e+02, -9.6439239954487491e+01,
       -2.5238660516625295e+01, 4.9144544691352230e+01,
       1.7612078056191049e+01, -1.1673374352370953e+01,
       3.1396104137800666e+01, 5.9298622437318945e+03,
       -4.0697453713607229e+02, 2.5043650561637360e+03,
       1.6882621016836916e+02, -8.8726141868728359e+02,
       -6.7911334471054744e+01, -6.9787040046821403e+01,
       -4.0697453713607234e+02, 6.2106150158896908e+03,
       1.0393891125235820e+02, 2.3025523010865782e+03,
       3.6548602233773209e+02, -5.2763664526971624e+01,
       4.3810407943001032e+01, 2.5043650561637360e+03,
       1.0393891125235817e+02, 2.7795430705253693e+03,
       -2.2140871869562549e+01, 2.9872148971344018e+02,
       5.7055928627112770e+01, 1.6020814882910603e+01,
       1.6882621016836916e+02, 2.3025523010865782e+03,
       -2.2140871869562567e+01, 1.2121621328126962e+03,
       -8.3384989408560855e+01, -3.3854146451174067e+01,
       -2.9328419062757942e+00, -8.8726141868728314e+02,
       3.6548602233773209e+02, 2.9872148971344018e+02,
       -8.3384989408560855e+01, 7.1544690242376203e+02,
       7.4994478632230980e+01, 8.4558603235257248e+00,
       -6.7911334471054786e+01, -5.2763664526971610e+01,
       5.7055928627112777e+01, -3.3854146451174067e+01,
       7.4994478632230980e+01, 1.1243409186759231e+02,
       2.4957593087154734e+01, -6.9787040046821417e+01,
       4.3810407943001032e+01, 1.6020814882910610e+01,
       -2.9328419062757924e+00, 8.4558603235257284e+00,
       2.4957593087154734e+01, 2.1746658767899106e+01,
       9.3318723149519919e+03, 9.1289040234378524e+02,
       1.6123303026447222e+03, -4.5927602352446922e+02,
       -8.7472245132072192e+02, 3.8719140981014385e+02,
       -7.7115112062929626e+01, 9.1289040234378547e+02,
       9.6221459645563336e+03, -1.9875589967156390e+02,
       1.8560288504809446e+02, 1.9206664688727665e+02,
       1.6805510365469171e+01, 1.7670852476879396e+01,
       1.6123303026447225e+03, -1.9875589967156387e+02,
       2.9642018404219734e+03, 9.2664342546796320e+01,
       1.6637843826319994e+02, -8.4643404243737479e+01,
       1.8239750522073727e+01, -4.5927602352446928e+02,
       1.8560288504809446e+02, 9.2664342546796277e+01,
       2.3571758941198409e+03, -1.7691537090825108e+02,
       -1.5141617325935962e+02, -4.9480811444638313e+00,
       -8.7472245132072192e+02, 1.9206664688727659e+02,
       1.6637843826320002e+02, -1.7691537090825111e+02,
       2.8922110602913870e+02, -3.9169095037009313e+01,
       -9.7778908676746550e+00, 3.8719140981014391e+02,
       1.6805510365469189e+01, -8.4643404243737507e+01,
       -1.5141617325935960e+02, -3.9169095037009299e+01,
       1.2830084279632769e+02, 7.7779093631664429e+00,
       -7.7115112062929626e+01, 1.7670852476879389e+01,
       1.8239750522073724e+01, -4.9480811444638269e+00,
       -9.7778908676746568e+00, 7.7779093631664429e+00,
       3.1690983755132951e+01 ]
weights: !!opencv-matrix
   rows: 1
   cols: 3
   dt: d
   data: [ 2.8336797665464131e-01, 1.9290743220144521e-01,
       5.2372459114389602e-01 ]
pca_proj: !!opencv-matrix
   rows: 7
   cols: 21
   dt: f
   data: [ 4.36961316e-02, 8.50134730e-01, 1.73015636e-04,
       6.54514134e-02, 4.60692108e-01, 2.29939164e-04, 7.67599978e-03,
       1.46649793e-01, -1.37564148e-05, 1.21663406e-03, 1.30500361e-01,
       -5.45994153e-05, 8.06188770e-03, 1.42052382e-01, -2.12945142e-05,
       -2.45414903e-05, 9.56867734e-06, -1.94090262e-06, 3.13729906e-05,
       4.34020360e-04, 2.32224409e-07, 7.68702388e-01, -5.10314330e-02,
       1.14127281e-04, 4.21110362e-01, -3.83849256e-02, 4.02935693e-05,
       2.81941950e-01, -1.35209868e-02, 1.95932400e-04, 2.66951323e-01,
       -4.70317341e-03, 2.29704310e-04, 2.76557714e-01, -1.55316098e-02,
       2.11025646e-04, -3.74769334e-05, 5.54774260e-06, -7.89335627e-06,
       8.86836962e-04, -5.85095040e-05, 1.91629806e-04, 1.28585771e-02,
       -3.46314937e-01, -1.22481215e-04, -4.01510373e-02, 1.58088982e-01,
       -1.45607672e-04, 1.89476740e-02, 5.27356327e-01, 2.33430081e-04,
       1.79703757e-02, 5.36674440e-01, 2.90960423e-04, 1.17339585e-02,
       5.35117626e-01, 2.47836346e-04, -7.02231409e-06, -3.17391914e-06,
       2.59759432e-08, 1.54912759e-05, 1.72088097e-03, 2.08691781e-04,
       -5.93480825e-01, -8.48098937e-03, -8.88030772e-05, 2.05370650e-01,
       3.40346433e-02, 1.63823628e-04, 4.45453286e-01, -5.44621795e-03,
       -1.30590008e-04, 4.45820451e-01, -1.72652975e-02, -2.10900864e-04,
       4.54801619e-01, -3.90723068e-03, -1.75610170e-04, -1.74471352e-05,
       -6.38676829e-06, 1.65030560e-05, 1.38473080e-03, -5.51051289e-06,
       -1.34489819e-04, -4.15651649e-02, -3.88010889e-01,
       -1.59748225e-03, 2.57949054e-01, 8.27547431e-01, -5.50693134e-04,
       -8.53880048e-02, -1.33590102e-01, -3.55328375e-04,
       -8.88043940e-02, -1.88108414e-01, -3.67236295e-04,
       -7.92043582e-02, -1.47186622e-01, -3.09964700e-04,
       -2.68626522e-04, -4.51062988e-05, -9.29085581e-06,
       -3.75579461e-04, -5.09061909e-04, -3.50576767e-04,
       -2.29677543e-01, 6.27092123e-02, 2.84698303e-03, 8.33015800e-01,
       -2.64675170e-01, 3.15759354e-03, -1.39708534e-01, 2.80198567e-02,
       3.38124041e-03, -2.62821585e-01, 1.58270776e-01, 3.37547949e-03,
       -2.53903240e-01, 1.97897218e-02, 3.25371907e-03, -1.88428123e-04,
       9.26321736e-05, 1.05069688e-04, -8.69478390e-04, 5.32297554e-06,
       3.23282625e-03, 1.65469572e-02, -1.22944964e-02, 1.79094095e-02,
       -1.09140642e-01, 7.21300468e-02, 1.91718508e-02, 3.82933050e-01,
       -4.23867494e-01, 2.11461242e-02, -7.92417750e-02, 7.01953173e-01,
       2.17523333e-02, -2.13373944e-01, -3.30373585e-01, 2.08413042e-02,
       1.44753244e-03, -7.25856051e-04, -2.26010093e-06, -4.08638298e-04,
       -1.03708194e-03, 2.05057804e-02 ]
