%YAML:1.0
means: !!opencv-matrix
   rows: 32
   cols: 6
   dt: d
   data: [ -8.0151023997815471e+01, 1.3252852614007224e+02,
       1.3982099994387100e+00, -5.8235519426978541e+01,
       -2.0583061192254860e+01, -1.5331639058881388e+00,
       -8.6070291805331024e+01, -6.2765480751145271e+00,
       2.7290248797187981e+01, 4.1992032163225552e+00,
       1.7976626028533293e+01, 1.2492360960730318e+01,
       7.6086648797507166e+01, 2.8549453231125153e+01,
       -2.3298593860334087e+01, 3.3365762918020977e+01,
       1.1785173363470573e+01, -8.4638935754281555e+00,
       5.7293177534679842e+01, 2.4115305896511007e+01,
       1.6048862167588471e+01, -4.8319200629979157e+01,
       1.7271259040724004e+01, -6.7702670106676219e+00,
       1.2198582304511355e+02, 2.0030920746893919e+01,
       -7.5814831766355894e+01, 2.0700190385850846e+01,
       -1.0557398851942763e+01, -9.0180675931368928e+00,
       -1.8889355238046596e+02, 5.7786963651043813e+01,
       5.5425198848257502e+01, 1.3974356930418820e+01,
       -8.2999437622114325e+00, -9.3414976550280198e+00,
       -2.3848702028501603e+02, -1.1448235457197312e+02,
       1.0787325123719008e+01, 4.7020859580802771e+01,
       -3.1316992114060149e+01, -8.4309366644739043e+00,
       -1.8242018401141280e+02, -6.9666452872367415e+01,
       3.3208228935337175e+01, -5.3532928521533059e+01,
       -8.0512309257486532e+00, -8.0952729242011685e+00,
       -2.2555867127660434e+01, -1.5266054655900350e+01,
       9.7513187754889643e+01, -6.2918467981707620e+00,
       8.6129700970019769e+00, 8.6938197283430192e+00,
       5.5518046165143051e+00, -1.1554018856076819e+02,
       2.3825897503666685e+01, 4.6212267409176960e+01,
       3.4458117627899163e+01, 4.9276054292233225e+00,
       2.3348769700433593e+02, 1.3870445376648464e+01,
       2.5405244327764618e+00, -1.2972387806121710e-01,
       -1.2848070112526628e+01, -9.2425633214453757e+00,
       -8.1155096392492553e+01, 1.3675740413907914e+01,
       -5.0162676339140496e+01, 5.3372821594786624e+00,
       3.1206667368748931e+01, -3.5280506037975039e+00,
       1.1431502112986007e+02, 1.1763244629718636e+02,
       1.9147811666694366e+01, -4.5497316558683650e+01,
       -6.1283374371903170e+00, -4.6505803555381959e+00,
       -7.6379222844466540e+01, 9.3351274336577248e+01,
       4.0504368729842689e+01, -5.4732147961623774e+01,
       -1.0432735146441101e+00, 5.8556767178893896e+00,
       1.2436216277145075e+01, -3.3844051933323243e+01,
       1.8177211163119779e+01, 2.0105192699418961e+01,
       3.7252601085374771e+01, -1.9739126874471082e+00,
       -1.2673636340418000e+01, 9.9842383349203274e+01,
       -3.6543909229929552e+00, -3.6427800672820922e+01,
       1.5177722669632335e+01, -2.2637298583307794e+00,
       -7.9612819574244060e+00, -1.7617288320488267e+01,
       5.8836932793870877e+00, 2.0442880315747527e+01,
       1.0354248479097667e+01, 1.7221618408146394e+01,
       6.4595955891523872e+01, 1.6733202736858267e+01,
       -4.6156913900622826e+01, -8.4144246261980228e+01,
       -1.0100849860305788e+01, 2.9535769169535495e+00,
       1.4834525182694287e+02, 4.1022088745920271e+01,
       6.3164271340256256e+01, 9.6145537487666566e+00,
       7.8615757550741199e+00, -9.1722421900043893e-01,
       1.2386852097668107e+02, -3.9608879934952832e+01,
       -3.0610283908438994e+01, 4.2798818225797646e+01,
       -2.3701443717118124e+01, 6.3331970464200635e+00,
       1.0024993888522565e+02, -4.8161134323800944e+01,
       -2.1545221712844892e+01, 3.6289552405645260e+01,
       -2.7228818685281023e+01, 2.3185938351927255e+01,
       -1.2154180111963325e+02, -1.0905379083443935e+02,
       9.3879420870772748e+01, 2.5660047535747150e+01,
       -3.1237700950796242e+01, -8.1597365226514835e+00,
       -1.6794118263297219e+02, 1.0207769525515678e+02,
       -3.9727156627113835e+01, -3.7148550230000914e+01,
       1.4164435917029932e+00, 4.2123961351434280e+00,
       -8.1707645676744267e+00, 1.1615658665158317e+02,
       -6.6244463738182844e+01, -2.7853406166038884e+01,
       -1.6092227417965157e+00, -3.3815061468755263e+00,
       -2.5362463449157593e+02, -8.4693254187556484e+00,
       -2.2291213751684634e+01, 1.6930912188456781e+00,
       -4.0707283032164104e-01, 3.3956151891138747e-01,
       4.2525059313476653e+01, -1.0493894185518444e+02,
       -5.4745975586242871e+01, -2.9207586771847250e+01,
       1.2318017204186184e+01, 4.0973496739032839e-01,
       1.6723122149734525e+01, -1.3815742965919140e+01,
       -1.3961798399399081e+01, -2.5402553446251233e+01,
       -6.5467373286559294e+00, -2.4716352405978100e+01,
       -1.3121339317644853e+02, -5.8986935349960895e+01,
       3.8963667856535579e+01, 2.8598215384802764e+01,
       -1.5099145303748251e+01, 1.9363153702393330e+01,
       7.4584477808099592e+01, -7.4862471083415556e+01,
       -7.2848581028647592e+00, 5.2426854027082825e+01,
       3.8190405741898981e+00, 2.4552455053488924e+01,
       1.3997257782521482e+01, -2.2917196581321940e+02,
       9.3820214862674156e+00, 7.6002654959677216e+01,
       -1.6656860900419317e+00, -2.9197118366749141e+01,
       1.5480353689447654e+01, 1.9189167146529932e+01,
       -9.4484426750984039e+00, 6.1986811176121384e+00,
       -9.6038608213332299e+00, -8.5163281338833237e+00,
       1.4421844232491776e+02, -1.0102400730534197e+02,
       3.2480817989096806e+01, -4.8618719337027848e+01,
       9.2018564940827829e+00, 3.2022963182712387e+00 ]
