%YAML:1.0
means: !!opencv-matrix
   rows: 41
   cols: 8
   dt: d
   data: [ -1.4146304324700176e+02, 3.4680037104377817e+01,
       3.8183367544795551e+01, -2.3436284417986919e+01,
       -1.5870723319296458e+00, -1.2380459919362609e+01,
       2.8782056620866077e+00, 1.3981006902275068e+00,
       1.2015628652546955e+02, 4.4663160801909591e+01,
       -3.6145954607221753e+01, -1.8283495713346973e+01,
       -2.1140434619604469e+00, 1.9852741928112646e+01,
       -4.5017494955585544e+00, 2.3884755706835850e+00,
       3.4322388290746119e+01, -9.8807105369739730e+01,
       -1.1075404864885471e+01, 6.8210450749140307e+01,
       -4.8181507615247536e+00, -1.2063992993960437e+00,
       2.1654603519993718e+00, -3.4522900124364148e-01,
       1.5330399682496644e+01, 1.5648921775640045e+02,
       -3.9686137969784191e-01, -8.6659692107654763e+01,
       1.5752008362545190e+01, 1.6377098768663899e+01,
       -4.4914440049583676e-01, 2.3379260179531607e+00,
       6.4155876379015439e+01, -7.2931672126447737e+01,
       -2.2465246170204587e+01, 4.4656067286740090e+01,
       -1.2589341276205724e+01, 6.9877122150482132e+00,
       1.0520408530780438e+00, 1.1086602443987870e-01,
       -2.4127777068123617e+01, 3.5441588927366863e+00,
       4.2330677193925110e+00, 6.2077931819106693e+00,
       4.1245216833578908e+01, 4.9536636202691628e+00,
       -2.4320524005095212e-01, 1.4091065630447872e+00,
       -1.2768870417277844e+02, -9.3252996528174975e+01,
       2.8177173890643367e+01, 6.4753741983773011e+01,
       -1.2392996318822895e+01, -3.2416276524596346e+00,
       9.5863130539366048e-01, -5.0189358463118583e-01,
       6.3965130667874391e+01, 6.0275228002156744e+00,
       -1.5289008203107807e+01, -3.3948935405891454e+01,
       -8.5056567748541987e+00, -1.5342967810703115e+01,
       3.9805461848921841e-01, -9.6959027484967408e-01,
       -1.2651131918078678e+02, -3.0210523953144147e+01,
       3.6476182592693625e+01, 1.8045178879004514e+01,
       5.3045988796319197e+00, -1.0548922390090933e+01,
       2.8095363125524231e+00, -1.2387749876430637e-01,
       7.1843331614157734e+01, 5.5826550455221344e+01,
       -1.5581605223241171e+01, -4.2054560579174570e+01,
       9.1805876223460743e+00, -1.2229960500655830e+01,
       1.9321435966001741e+00, 1.8249005675156336e+00,
       8.7225052468312768e+01, 1.0656341196074584e+01,
       -3.0348994188025163e+01, -2.9155290954194264e+01,
       -2.7386550899704950e+01, -1.2883119542687250e+01,
       -2.1438583352229496e-01, -1.4340976468789510e+00,
       -1.9844907095187722e+02, 8.3243094877957986e+01,
       3.5545479705661357e+01, -5.1219000944399646e+01,
       -2.6769151309691136e+01, 7.7990644581791502e+00,
       -2.7293595579434573e+00, 1.2874347495985383e+00,
       -2.6288952787899685e+01, -5.2671214160759490e+01,
       2.1166548786183814e+01, 5.0418200980922400e+01,
       1.8288034436463818e+01, -4.4620740225401505e+00,
       -7.5204068310967171e+00, -3.3102520798974218e+00,
       -2.0005428776717855e+02, 4.5414669531845625e+01,
       3.6317064392318095e+01, -2.6533756376929929e+01,
       -5.1522508729338750e+00, 2.7561183957411099e+00,
       -3.5265806191309914e+00, -6.8255060546570014e+00,
       -5.7512279812885903e-01, -4.6161956644399886e+00,
       1.5855368380871488e+01, 1.5558237420291080e+01,
       3.0913288487048678e+01, 1.2320583517273065e+00,
       -9.5270649266491141e+00, -6.7165364053093599e+00,
       -7.7186000467316049e+01, 1.4152346599892564e+01,
       3.1857419015289015e+01, -1.5072165094613126e+01,
       1.5534692971401686e+01, -1.9517583328606655e+01,
       9.8869842310519207e-01, -1.3734740495266922e+00,
       8.1850312997596376e+01, -5.3264213024497245e+01,
       -3.4290213234754930e+01, 3.5398359069787382e+01,
       -1.0612628296258502e+00, 7.7525350881276935e+00,
       -3.6948406174826465e-01, 7.2294910491702058e-01,
       -1.7611377025734487e+01, 4.3631324202262590e+01,
       2.3677358722338977e+00, -4.7497502710429075e+01,
       4.0795675031105425e+00, -1.4197809934259075e+01,
       -9.5635582058471413e-01, -1.3212232890846118e-01,
       -1.9446803229472039e+01, -9.9689635332140043e+01,
       6.7866975300147931e+00, 6.0860062963404019e+01,
       8.0302697975396526e+00, -2.8284332251970326e+00,
       2.3033140954210531e+00, -4.2297186919125168e-01,
       8.5089972533213015e+01, 1.2575864856444321e+01,
       -2.2698917182020356e+01, -3.2941673011961711e+01,
       -2.7291321931241317e+01, -1.8242473629393047e+01,
       1.0791133341938757e+00, -2.7632072198941220e+00,
       1.6425949704964097e+02, 1.9498405562913174e+01,
       -4.5238307038538650e+01, -1.9899910002695442e+01,
       -7.8551647965270162e+00, 1.3095231595646256e+01,
       -2.3745439025451032e-01, -1.3359510711196534e+00,
       -1.3531814852220984e+02, -6.7198982670471850e+01,
       3.5908031315201541e+01, 3.8511203937644943e+01,
       -9.8126335985649615e-01, -9.7797389617239094e-01,
       4.9428744888674209e-01, -2.1550806779969536e-02,
       1.2923973795879337e+02, 1.7619875600816453e+01,
       2.9313649560628711e+01, -3.8715792508981495e+00,
       1.2176059466411738e+01, 4.3098446482869130e+00,
       6.5919861034541249e-01, 1.9092253348437451e+00,
       -1.3707854241546593e+02, 6.0725867353148843e+01,
       3.4805487852896327e+01, -4.4578905828952919e+01,
       -1.6212262331053605e+01, -1.4723292500217925e+01,
       -6.3901784507195492e-01, -1.2446743839548047e+00,
       -2.0564905873657352e+02, 1.2077589597119248e+02,
       5.0257312937219965e+01, -5.7675914581385314e+01,
       -2.0099876417491014e+01, 3.6723808286271272e+01,
       -6.5621008559100318e+00, 3.1194686976717785e+00,
       1.6831286582937082e+01, 2.0853876506985170e+01,
       -5.4379426783550997e+01, -3.8243413008534430e+00,
       1.6457770251158365e+01, 4.6060674962895884e+00,
       8.2578544852751579e-01, 1.3073161739369052e+00,
       1.5306113081774083e+02, -4.2452732729652043e+00,
       -4.1895177203805666e+01, 7.8931238292891468e+00,
       -6.0341366874288047e+00, 1.0622688439422145e+01,
       -2.4926645810532200e-01, 1.6119878035005304e+00,
       3.1598691737842724e+01, -3.1157799108363427e+01,
       -8.7012486788598977e+00, 9.2959457906911691e+00,
       -5.0279019843156911e+00, 7.0348274753666793e+00,
       -1.5620345794317665e+00, 8.5945107623826467e-01,
       -2.0884410863318348e+02, -2.1321338814431567e+01,
       4.1860787546435709e+01, 2.7448440217004471e+01,
       -1.0097471658346238e+01, 1.2725980342767729e+01,
       -1.9479430824238437e+00, -1.8407472994770175e+00,
       -1.6102871370213566e+02, 6.2207762250344878e+00,
       3.7313318906485513e+01, 1.1087346882315121e+01,
       -6.8989650637030673e+00, 2.5691803903097153e+01,
       -8.1807691513055725e-01, 3.0094873897449741e+00,
       -9.9928860963967061e+00, 1.2176932340363306e+01,
       7.2055746028141403e+00, -9.5999099286540313e-01,
       2.8441013354587341e+01, -6.2321118405828244e+00,
       1.5958986625295217e+00, 1.4488574692368955e-01,
       -5.2945782717848466e+01, -7.1718996858885887e+01,
       1.0786532931921871e+01, 4.4931318541303988e+01,
       1.2484847105476680e+01, -3.4207217757890929e+00,
       1.7521382650906412e+00, -8.5346591999035604e-02,
       -2.1139636811115699e+02, 1.7581599672745398e+01,
       4.8788125079560452e+01, -1.0514488628983122e+01,
       -1.4802576820591627e+01, 6.4836615531638158e+00,
       -4.5638140098698826e-01, 1.1927479957477147e+00,
       -1.4504977722019427e+02, -1.0870265680101893e+02,
       2.4372634899998406e+01, 6.8924338670706348e+01,
       -2.1347781138667699e+01, 1.3700107752272686e+00,
       -5.6062296531066813e-01, -2.1328745911782572e+00,
       1.1898856197544521e+02, -4.0553149927664677e+01,
       -3.0158261750367448e+01, 3.4304433662641046e+01,
       -2.9242309279767391e+00, 1.4263265978300101e+01,
       -2.7859941992323456e-01, 2.3298498090765185e+00,
       9.9178867536480666e+01, -2.8437761041496525e+01,
