%YAML:1.0
means: !!opencv-matrix
   rows: 5
   cols: 12
   dt: d
   data: [ 4.0800370973331468e+01, -8.1080147533877600e+00,
       -7.6787489308867753e+00, 1.3017882250570448e+01,
       -5.5517021359716949e+00, 6.5285035365924386e+00,
       3.0999206088910092e-01, 2.9905980406767224e-01,
       -3.7179541550578993e-01, 1.0063979888021769e-01,
       4.4152829457139359e-02, -1.7683362226779574e-03,
       -1.7806229110917226e+02, -3.6710490756558706e+01,
       4.2533227596041137e+01, 2.2699394743011392e+00,
       -1.4383497028553762e+01, -4.0659204729013707e+00,
       -1.3826967669821411e+00, 4.1127929148259174e-01,
       -3.5277035403852042e-01, 1.3648966200130505e-01,
       -3.2353967533685517e-02, 1.8831034141162295e-03,
       1.9049545745942524e+01, -5.5826901020703438e+01,
       -1.8582743978282645e+00, 1.4104866412099444e+01,
       3.1033769933527853e+00, -1.3502680701612180e+01,
       -4.8059497998526366e+00, 6.7500352359757676e-01,
       3.6887745800600089e+00, -2.1643828079197314e-01,
       -4.8305963642758312e-02, -4.1593536827827446e-02,
       7.2018031748015289e+01, -1.3688604821226601e+01,
       -1.1214665102431633e+01, 9.3494847127264773e+00,
       1.4243208337261029e+01, 4.0569698879491034e-01,
       1.1894112676780955e+00, -4.6516567717905688e-01,
       -4.0098271805776375e-01, -3.2066999343117963e-02,
       -2.6270405686005239e-02, 1.6994685989789347e-02,
       -2.8841220678834933e+01, 1.1663577035784751e+02,
       -1.0635795415855856e+01, -5.2298588407307307e+01,
       -5.8301975142460671e+00, 7.3705886108599838e-01,
       1.4205892208075042e+00, -4.0296280385647876e-01,
       -3.2755353069678889e-01, -1.1623427982064717e-01,
       4.4199309823321861e-02, -1.0379082115474558e-02 ]
covs: !!opencv-matrix
   rows: 60
   cols: 12
   dt: d
   data: [ 1.1544560314601657e+04, -1.0454294829783857e+03,
       8.7684084162565807e+02, -1.3168037742585912e+02,
       -1.1347569542880287e+03, -2.9609945529921890e+02,
       -1.3781043784435178e+02, -1.8428836838976597e+01,
       -1.4178355294772970e+01, 1.3149695496111558e+01,
       2.7849631180656806e+00, 5.6243225961171549e-03,
       -1.0454294829783860e+03, 9.0641892248845688e+03,
       6.3901655118014355e+02, 1.2652181088835657e+03,
       2.7142239162343475e+02, -3.0543456712596702e+02,
       -7.2037956450489276e+01, -1.5135357935355490e+01,
       -8.2632493770345334e+00, -1.0270500946938144e+01,
       -8.3001647771168072e-02, -1.2482458820874141e-01,
       8.7684084162565830e+02, 6.3901655118014367e+02,
       3.1733940361220948e+03, -2.2755129481757299e+02,
       2.1772780534040271e+02, 4.5018326093645577e+01,
       3.6923073117851402e+01, 5.7840328651861137e+00,
       1.9704070763107400e+00, -2.2184094249677004e+00,
       -9.8418161468081244e-01, -1.2568601577537883e-01,
       -1.3168037742585912e+02, 1.2652181088835657e+03,
       -2.2755129481757299e+02, 2.3528985794569548e+03,
       -1.8943406604131175e+02, 9.6839818934701441e+01,
       1.4698254637737307e+01, 5.2012611140043612e+00,
       9.8383945605313361e+00, 1.8791798287380124e+00,
       3.8431923282571101e-01, -1.1630810070427511e-01,
       -1.1347569542880290e+03, 2.7142239162343469e+02,
       2.1772780534040260e+02, -1.8943406604131175e+02,
       4.0670106713086727e+02, -1.0800774995523862e+02,
       -1.0602247638780241e+01, -9.3783466461649656e-01,
       -7.5455336982312655e+00, 1.1439504305569279e+00,
       8.3442404098152234e-01, -1.1056981124513672e-01,
       -2.9609945529921896e+02, -3.0543456712596702e+02,
       4.5018326093645562e+01, 9.6839818934701427e+01,
       -1.0800774995523862e+02, 3.4216320973049636e+02,
       2.8862787090790958e+00, 8.8455170028425396e+00,
       8.4696583518529494e+00, -3.9384585094229330e+00,
       1.3940670098026997e-01, -2.2672563622183975e-01,
       -1.3781043784435178e+02, -7.2037956450489276e+01,
       3.6923073117851402e+01, 1.4698254637737307e+01,
       -1.0602247638780241e+01, 2.8862787090790945e+00,
       2.5774068995590774e+01, 9.0538865168629823e-01,
       3.6679426461209137e+00, 4.3786375639591223e-02,
       -1.4602111363624481e-01, 3.2753748976510219e-02,
       -1.8428836838976608e+01, -1.5135357935355490e+01,
       5.7840328651861110e+00, 5.2012611140043576e+00,
       -9.3783466461649712e-01, 8.8455170028425396e+00,
       9.0538865168629856e-01, 1.5601291477490115e+01,
       -7.1355619800355663e-01, 5.0217006599985226e-01,
       -2.2968058574709436e-02, -8.4780341152174751e-03,
       -1.4178355294772979e+01, -8.2632493770345317e+00,
       1.9704070763107400e+00, 9.8383945605313325e+00,
       -7.5455336982312655e+00, 8.4696583518529494e+00,
       3.6679426461209137e+00, -7.1355619800355641e-01,
       1.5302249433931194e+00, -9.6169850735942100e-02,
       7.1410937580851791e-02, 1.2162287264288757e-02,
       1.3149695496111558e+01, -1.0270500946938142e+01,
       -2.2184094249677004e+00, 1.8791798287380124e+00,
       1.1439504305569275e+00, -3.9384585094229330e+00,
       4.3786375639591257e-02, 5.0217006599985237e-01,
       -9.6169850735942086e-02, 4.3132559925405856e-01,
       2.0006652102473130e-02, -6.0627848392777487e-03,
       2.7849631180656802e+00, -8.3001647771168183e-02,
       -9.8418161468081244e-01, 3.8431923282571101e-01,
       8.3442404098152267e-01, 1.3940670098026997e-01,
       -1.4602111363624481e-01, -2.2968058574709422e-02,
       7.1410937580851791e-02, 2.0006652102473130e-02,
       6.5544924021212966e-02, -2.1386979509714524e-03,
       5.6243225961171549e-03, -1.2482458820874141e-01,
       -1.2568601577537883e-01, -1.1630810070427514e-01,
       -1.1056981124513676e-01, -2.2672563622183972e-01,
       3.2753748976510219e-02, -8.4780341152174751e-03,
       1.2162287264288757e-02, -6.0627848392777461e-03,
       -2.1386979509714519e-03, 2.0713562453843846e-03,
       6.2993636786417510e+03, -4.7696245006448862e+02,
       2.9860175601666274e+03, -7.6619105471148328e+02,
       4.4444537564866245e+01, 5.0531778450188163e+01,
       6.9181553968599161e+01, 1.7529640591229775e+01,
       1.5136432136231051e+01, 5.3078125511175758e+00,
       -1.3717580106732958e+00, 4.7751471280242802e-01,
       -4.7696245006448856e+02, 1.0272596136838431e+04,
       4.8666697447581504e+02, 7.8037898369709512e+02,
       7.2416122234206887e+02, 1.8022594667977287e+02,
       8.9136129943838441e+01, 4.1221483675216263e+01,
       1.4519698784274656e+01, 6.1962456474235128e-01,
       -3.5483593197983678e+00, -1.8956347325512777e+00,
       2.9860175601666274e+03, 4.8666697447581504e+02,
       2.4265855600190916e+03, 9.6302596308520478e+01,
       -1.2762278420630086e+02, 6.6465305176262612e+00,
       -2.5466214674075129e+01, -6.6665226370350679e+00,
       -8.0004480057065503e+00, -2.0919643496931459e-01,
       7.5442956585404974e-01, 1.5036978552986530e-01,
       -7.6619105471148316e+02, 7.8037898369709512e+02,
       9.6302596308520464e+01, 2.4822632266105088e+03,
       -3.2990240690549962e+02, -4.5229302716602184e+00,
       -2.8014509547753619e+01, -2.3945560099835724e+01,
       -7.8530770578842113e-02, 2.5690746559307835e+00,
       1.4472274848031061e+00, 6.9681212097558420e-01,
       4.4444537564866245e+01, 7.2416122234206887e+02,
       -1.2762278420630086e+02, -3.2990240690549962e+02,
       2.2758415912878678e+02, 3.2094264089475587e+01,
       1.6034492066334817e+01, 1.3371120159438302e+01,
       8.9768921187624802e+00, 1.1912068147721941e+00,
       -1.5323219159755099e+00, -4.0912774821759845e-01,
       5.0531778450188163e+01, 1.8022594667977282e+02,
       6.6465305176262612e+00, -4.5229302716602202e+00,
       3.2094264089475587e+01, 2.4434049996805783e+02,
       -3.7971663672393396e+00, 8.7451983755966385e+00,
       7.5499558937274260e+00, 2.3527352976751476e-02,
       3.5512775814840924e-01, -8.7990756287928545e-02,
       6.9181553968599161e+01, 8.9136129943838441e+01,
       -2.5466214674075125e+01, -2.8014509547753626e+01,
