%YAML:1.0
means: !!opencv-matrix
   rows: 43
   cols: 3
   dt: d
   data: [ 2.1312153984949387e+02, -5.2648397092851397e+01,
       -4.5176703395629838e+00, -3.9695375218013695e+01,
       3.8104482764943086e+01, -1.8814569141348933e+01,
       1.5072702802498884e+02, 7.0789371564463195e+01,
       3.4481256823953835e+01, -8.4868609594236219e+01,
       -1.6015424682204340e+02, 6.8855636759978594e+01,
       -2.4579385008212961e+02, -2.3861433618287343e+01,
       -3.2350401713275282e+01, 7.8437733977018368e+01,
       -7.4856642184860789e+01, -3.7418568053174518e+01,
       4.8324109442690705e+01, 9.5342345301816735e+01,
       -8.8474838310355764e+01, 8.5114862244836786e+01,
       4.8073102002486884e+01, 6.6994198627612988e+01,
       9.1278305990935436e+01, -5.5510270816294728e+01,
       8.1470670141681254e+01, 9.5115958408330414e+01,
       1.5416055470607374e+01, -7.9781939010018121e+01,
       -1.1304216265270594e+02, -7.9688548665077377e+01,
       -6.0379744677827233e+01, -9.1660725242453722e+01,
       4.0945668947368098e+01, -6.2616442101783029e+01,
       9.5662134405573909e+00, -4.2982096352675221e+01,
       -8.5496291134295049e+01, -2.8184018594897526e+02,
       6.6679719093096878e+01, -1.4777051469259625e+01,
       6.3051278856050317e+01, 2.2821633803050492e+01,
       -3.3679155458293820e+01, -1.1516835644487665e+02,
       4.3547412206848712e+01, 7.8308157187704794e+01,
       -2.1112051433495549e+02, 7.8224525668699243e+01,
       4.4772908824963451e+01, -7.8461198668613818e+01,
       -1.4468970319254180e+02, -2.9311835906261926e+01,
       -1.7335178735314364e+02, -1.6756837199737384e+02,
       4.3540332223994733e+00, -4.0357063382065292e+01,
       -3.8514762549573107e+00, 1.0228621287417862e+02,
       2.8424964911589804e+01, -1.0498688338154383e+02,
       4.2769386118518938e+01, 1.6690411793858889e+01,
       -1.0714560059425831e+02, -5.0986499126385716e+01,
       1.5851928065609434e+02, 3.2964924656383026e+01,
       -7.4173398694916548e+00, 1.6724437353644500e+01,
       -2.2928860553273285e+01, 2.3583986931955813e+01,
       -1.2972958235552233e+02, -7.3412140301705207e+01,
       4.5160722431653241e+01, 2.2414852283839561e+01,
       8.7591168325250379e+01, 2.2837926233231059e+01,
       1.1193020155640941e+02, -1.4969935925436312e+02,
       1.1181544599037888e+01, -2.2839874090810749e+01,
       2.0659859951984754e+02, -3.3943831717748701e+01,
       1.2500876706310572e+02, -3.6187134775618219e+01,
       -8.1077631907120775e+00, 2.2416686341981872e+02,
       6.7292772081152222e+01, 1.6588056481397679e+01,
       1.9388948600778465e+02, -7.6419467540274173e+00,
       4.8234500961538508e+01, -1.7855891657046175e+02,
       1.0488601684641685e+02, 3.0453825895702405e+01,
       -7.9471852795009159e+00, 4.4756315304646044e+01,
       -9.3210190352247054e+01, -2.1169469761982228e+02,
       -1.0220760667520680e+02, -5.8899425216139898e+00,
       -1.0559630574914816e+02, 1.2420361157634049e+02,
       1.0613331846137949e+02, -5.5922289767008486e+01,
       -2.7763041754478600e+01, 7.0886117979334443e+01,
       7.9129596621986011e+01, 1.4448212631145816e+02,
       2.9938718795859565e+01, -5.7317537228273331e+01,
       1.2049628283439270e+02, -4.0281680626513314e+01,
       -1.7144527748925356e+02, -7.7163566047183449e+00,
       1.6081692306045380e+01, 7.9202625907895392e+00,
       -1.8173843723498979e+02, 6.2531267703224023e+00,
       -6.2996067696221552e+01, -3.7718032622646867e+01,
       -2.7306661933830604e+01, 1.4441377051771667e+02,
       1.0292036952116551e+02, -2.2798649221771090e+01,
       1.5709700918529711e+02, -6.0989650555426870e+01,
       2.9714827459143098e+01 ]
covs: !!opencv-matrix
   rows: 129
   cols: 3
   dt: d
   data: [ 1.3799276142754227e+03, -3.9377598726688683e+02,
       5.0743328690934760e+02, -3.9377598726688677e+02,
       2.7305248349858939e+03, -1.9448192414060017e+02,
       5.0743328690934760e+02, -1.9448192414060014e+02,
       5.2080340618334537e+02, 3.1242341455762985e+03,
       -1.0184003852367431e+03, -1.1862366879772610e+02,
       -1.0184003852367433e+03, 2.7597190461303385e+03,
       4.5412475125748205e+02, -1.1862366879772610e+02,
       4.5412475125748205e+02, 8.5948542771022005e+02,
       7.1465018349666900e+02, 1.7812596683923675e+02,
       3.0964940233190180e+02, 1.7812596683923678e+02,
       2.5968235090646012e+03, -1.4339391204780021e+01,
       3.0964940233190180e+02, -1.4339391204780018e+01,
       2.7995696200012480e+02, 2.1505883401884357e+03,
       6.6101383440165102e+02, 8.4686313881246622e+02,
       6.6101383440165091e+02, 3.0618584671862318e+03,
       -3.8564795858486086e+01, 8.4686313881246622e+02,
       -3.8564795858486093e+01, 6.5591161204242803e+02,
       2.7842343331545057e+03, 6.6233274311805189e+02,
       9.1023192786759509e+01, 6.6233274311805189e+02,
       7.9627766863439865e+03, 3.1351454459681565e+02,
       9.1023192786759580e+01, 3.1351454459681565e+02,
       2.0157297076358608e+02, 1.3662959134726268e+03,
       -5.6052945906718480e+02, 1.3222890191664951e+02,
       -5.6052945906718480e+02, 2.1277386187983607e+03,
       -4.3267046582345749e+01, 1.3222890191664948e+02,
       -4.3267046582345749e+01, 1.7344130675654678e+03,
       1.1128636257507508e+03, 2.2084633634983584e+02,
       -2.6315147869674814e+02, 2.2084633634983575e+02,
       1.5628162155827540e+03, 5.2174991174537276e+01,
       -2.6315147869674820e+02, 5.2174991174537240e+01,
       7.4874003471741196e+02, 8.2653050997934747e+02,
       5.0001204592508208e+02, 2.3043232619717097e+02,
       5.0001204592508208e+02, 7.2463953015436482e+03,
       4.5588898950671455e+02, 2.3043232619717097e+02,
       4.5588898950671455e+02, 2.6846360202492502e+02,
       1.9100635684243230e+03, -5.2752473103247974e+02,
       -4.4370652056197900e+02, -5.2752473103247974e+02,
       7.2339118705625433e+03, 5.3959366362597302e+02,
       -4.4370652056197889e+02, 5.3959366362597302e+02,
       2.6124293076912767e+02, 1.3331415746066846e+03,
       1.1061207535026779e+02, 5.5132067258720213e+02,
       1.1061207535026779e+02, 4.2202459553744266e+03,
       2.0974315058217331e+02, 5.5132067258720213e+02,
       2.0974315058217337e+02, 8.6910705904134284e+02,
       2.3471048034893179e+03, -8.6150588247798157e+02,
       -3.1268198845889617e+02, -8.6150588247798157e+02,
       4.0705718227440466e+03, 3.9247711612721730e+02,
       -3.1268198845889623e+02, 3.9247711612721730e+02,
       4.0578357436978803e+02, 2.6501066381381261e+03,
       -1.0603098869959138e+03, -6.2614981044208321e+02,
       -1.0603098869959138e+03, 3.9361447622689129e+03,
       3.6198863288511558e+02, -6.2614981044208321e+02,
       3.6198863288511552e+02, 4.6433777020220907e+02,
       1.5912954660685587e+03, 9.9804539463951710e+02,
       -8.5216788573357007e+01, 9.9804539463951710e+02,
       4.1351970128240400e+03, 5.8063094714355327e+02,
       -8.5216788573357022e+01, 5.8063094714355327e+02,
       5.8777233767496978e+02, 1.8119777925296899e+03,
       5.4775993276058591e+02, 2.9281156723741691e+02,
       5.4775993276058591e+02, 8.1090303588079951e+03,
       -2.1788049838596609e+02, 2.9281156723741691e+02,
       -2.1788049838596615e+02, 3.1984015185299091e+02,
       1.4184049953969218e+03, 3.9829104278478860e+02,
       9.2413165988144829e+02, 3.9829104278478860e+02,
       5.9556319213204688e+03, 2.5024705366134293e+02,
       9.2413165988144829e+02, 2.5024705366134293e+02,
       8.3910373265872522e+02, 1.7723230221300159e+03,
       1.0394023886079540e+03, -1.9182749840170960e+01,
       1.0394023886079540e+03, 4.2188837014040928e+03,
       -4.9059437907378748e+02, -1.9182749840170960e+01,
       -4.9059437907378748e+02, 5.8684055344947512e+02,
       2.4504732424334325e+03, 5.9216012649852280e+02,
       1.2883699815414459e+03, 5.9216012649852280e+02,
       6.8443400370071458e+03, -2.8468998360616388e+02,
       1.2883699815414459e+03, -2.8468998360616388e+02,
