%YAML:1.0
means: !!opencv-matrix
   rows: 20
   cols: 11
   dt: d
   data: [ 8.2693630750339523e+01, 1.6774350089968273e+01,
       -2.3525193765546664e+01, -3.1853429419397951e+01,
       -2.6451450247353243e+01, -1.9542749912934550e+01,
       9.0411342620170532e-01, -2.3885295547644154e+00,
       2.2721690182773405e-01, -5.5914617887509854e-03,
       1.0766020472368426e-01, 1.0244375820586734e+01,
       -5.2651268348010831e+01, -5.1076977270594268e+00,
       3.6525496903876295e+01, -5.9389572876004015e+00,
       2.9940199866497692e+00, 1.8560719637209302e+00,
       1.1934239316200292e+00, 5.3862220520537529e-01,
       4.1926234043904921e-02, -2.6447091295824371e-01,
       -6.9468359883287931e+01, 2.7038247667588941e+01,
       2.3766385533018873e+01, -2.3206367576476666e+01,
       1.9426118125473273e+01, -1.7080264234910029e+01,
       2.4631950939409548e+00, 2.1688577698006231e-01,
       1.5943741956941671e-01, 9.7815303211681096e-02,
       3.6247170083733786e-02, 1.4697056833432285e+02,
       -4.4606602470085699e+00, -3.9066048210107304e+01,
       6.5904318058364151e+00, -5.0881875251784265e+00,
       1.3338975301570470e+01, -1.0725604815656062e+00,
       1.5601720080448387e+00, 2.0805444717688659e-01,
       -3.2523340139457617e-02, 7.8402524092831175e-02,
       -5.4586019945950930e+01, -7.5176561748218376e+01,
       1.8160269073964621e+01, 4.6403263798848357e+01,
       1.1000133563741063e+01, -3.8368865737795037e+00,
       2.0612344502234801e+00, -3.1120665694328947e-01,
       2.3797658251801648e-01, 9.4338037660592566e-02,
       1.3929469392771038e-02, -1.9162721530248277e+02,
       8.2202265374165549e+01, 4.1133444984792952e+01,
       -4.7752101133859362e+01, -2.1690860584230364e+01,
       1.0958302843080338e+01, -2.5399170368113584e+00,
       1.8808531369727961e+00, 6.6414753694134476e-01,
       -4.2092809390303979e-02, 3.9973186109836009e-02,
       -1.4799275470347121e+02, -1.4677676585377954e+01,
       3.8179447814805236e+01, 1.7432949097021961e+01,
       -2.4879785181728016e+00, 6.7885695097194922e+00,
       1.6693888819829548e+00, 1.9348523971015648e+00,
       6.3172310789153419e-01, -2.3097070298049607e-01,
       -2.0333517707690602e-01, 5.3466467178554609e+01,
       9.3233327538947055e+00, 4.4793709326649894e-01,
       -5.4182495860205249e+00, 2.0871442244450847e+01,
       4.8954282047786233e+00, -4.9311660816097896e-01,
       1.2121053367008161e+00, 3.8243207117487577e-01,
       3.6785855810813749e-02, 1.0116460586129196e-01,
       1.0430081896723182e+02, -6.6850890421120202e+00,
       -1.6026436678836202e+01, 1.1848788247906729e+01,
       -1.8086827545315816e+00, 1.6430753169612224e+01,
       -1.2332118445922159e+01, -6.9170919591189488e+00,
       -5.7499022917602893e+00, 2.3706920869679449e+00,
       -1.9198905465960245e-02, 1.6222659034564481e+02,
       2.6940343376408187e+01, -4.3364652240915525e+01,
       -3.5075777313299497e+01, -9.5746778408783992e+00,
       1.2909189269702090e+01, 6.6765782103029925e-01,
       -3.8903164456811963e+00, -1.7720106387245722e+00,
       -3.5011152383085986e-01, -2.4160717716203076e-01,
       1.8968877954099952e+01, 1.5618054744188714e+02,
       -5.9466007257965814e-01, -8.5761487069991716e+01,
       1.5820911950053363e+01, 1.5585506059310523e+01,
       -3.5908612407230039e-01, 2.4229586049601286e+00,
       1.8934144776772470e+00, 4.4876091648985517e-01,
       -5.9179603212412772e-02, -4.1862096007336397e+01,
       -5.2675780675032691e+00, 3.0804994469070156e+01,
       1.4844695744535825e+01, 2.4747397696596384e+01,
       -1.2338804987902904e+01, -7.4681487415600962e+00,
       -5.3523787393374764e+00, -3.9871231741334383e+00,
       1.2715193149558131e+00, 1.9013646431825543e-01,
       -8.6210361992515594e+00, 2.9064550884230655e+01,
       7.9933594346768349e+00, -2.6450624328966633e+01,
       9.6360049350593275e+00, -4.4170171682941666e+00,
       -3.5027400315856951e+00, -1.6377955531871351e+00,
       -3.8210949026458212e+00, -2.0190096474760604e+00,
       -2.7027202881275414e-01, 1.3871233125198694e+02,
       3.2355185094283748e+01, -4.0279688977253478e+01,
       -1.6085779572050065e+01, -1.3937252160368036e+01,
       -1.9621334513905999e+00, 1.6635015685739849e+00,
       1.2757555263318634e+00, 8.0651556676624936e-01,
       1.6482253327113311e-01, -1.1254738427823903e-01,
       -1.8955947977767468e+02, 3.8174707107190436e+01,
       3.6135173786749505e+01, -2.4774825701433777e+01,
       -4.7494214434468711e+00, -9.6035961328445707e-01,
       -3.7823626278469624e+00, -6.8787176361925084e+00,
       -2.8420516222771282e+00, 1.0792698277964132e+00,
       -1.2903825370423747e-01, -2.0808509516768467e+02,
       -1.4046767841885618e+01, 4.4660422942206800e+01,
       1.4473585117989833e+01, -1.2149433200431988e+01,
       9.3062379832266160e+00, -8.9715180780011949e-01,
       -5.9427145298749894e-02, 1.5297410249810567e-01,
       -2.1931791519349913e-02, 1.2450976916688027e-02,
       3.9412988960223061e+01, 4.5845468276643730e+00,
       -1.2273558863079606e+01, 7.1180009729419575e+00,
       1.7420595651914780e+01, 1.7131043856583066e+00,
       8.8311375627814104e-01, 8.1853711636478632e-01,
       3.8031389759888357e-01, -8.0022996618828002e-02,
       -4.7589648951783907e-02, 3.8571590018118329e+01,
       3.5952515595699907e+01, -1.2334599666944452e+01,
       -4.1502953175794488e+01, -9.2228771008257588e+00,
       -2.2737149231869022e+01, 2.6839413197142088e+00,
       7.6062515071392256e-01, -2.9537291809673065e-02,
       -2.3801282347654711e-02, -1.4032109719752123e-02,
       4.8743222289318723e+01, -9.0029985937375073e+01,
       -1.6262269362165142e+01, 6.0872974800062146e+01,
       -4.3702915903255226e+00, 3.7310289866912727e-01,
       1.5022492826745266e+00, -2.1136898650239477e-01,
       1.6094900831318718e-01, -3.6855713381668216e-02,
       6.3100765695281155e-02, -1.3682599706707362e+02,
       -1.0342553934155649e+02, 2.5497266881592790e+01,
       6.6104615486848900e+01, -1.6980386599022559e+01,
       -9.9345684383228250e-01, 1.8027686125319647e-01,
       -1.3265299536951154e+00, 7.9098288753193824e-01,
       -3.4118337329776266e-01, 7.0237129388142319e-02 ]
