%YAML:1.0
means: !!opencv-matrix
   rows: 18
   cols: 8
   dt: d
   data: [ -1.2960780769832837e+02, 4.4010370506477059e+01,
       3.3964310530807843e+01, -2.9563429894248745e+01,
       -6.8830305106275402e-01, -1.2953151985179666e+01,
       2.6583593799187377e-01, -1.5759898342978800e+00,
       9.5933261832012192e+01, -3.8910528033468076e+01,
       -2.3782436216047500e+01, 2.1831278822708043e+01,
       -2.7354697604221303e+00, 1.0140043165633413e+01,
       -4.5564799086144427e+00, -1.2426351146556991e+00,
       3.3354121485883631e+01, -9.8218802936498946e+01,
       -1.1004991919609003e+01, 6.7703001973462577e+01,
       -4.0303741569286444e+00, -1.0386629299117403e+00,
       2.0321446303285113e+00, -3.7011511426096583e-01,
       8.7991272384231010e+01, 3.9733080238844479e+01,
       -1.9690303248229384e+01, -3.1031053694353545e+01,
       -5.2695338270943237e+00, -1.1595038540691800e+01,
       3.2704193200956089e-01, 1.7256981207073654e-01,
       -1.9966586702091374e+02, 9.5084950310072941e+01,
       4.1548463554474246e+01, -5.2732908272169894e+01,
       -2.4436814532787576e+01, 1.7092272748652334e+01,
       -3.8465635887436807e+00, 1.9607768802002774e+00,
       -1.4890743505323402e+02, -1.0355994503643076e+02,
       2.7472628990152824e+01, 6.6281719653267771e+01,
       -1.9723381978038869e+01, 7.0652421166996671e-01,
       -2.1926154233552406e-01, -1.4293691740393755e+00,
       2.9512766440554006e+00, 4.8751813523436551e+00,
       6.2592387229070443e+00, -8.5863978213792791e+00,
       -2.3206228682149530e+00, -9.0561610658939617e+00,
       1.5684457653428301e+00, 1.3168916873434673e+00,
       4.3584787411844124e+00, 1.2038682407636715e+02,
       4.3716452606688216e+00, -6.9211386694178458e+01,
       1.7587418242461428e+01, 4.9762934301136355e+00,
       -9.1065081001517600e-01, 1.2247514408125690e+00,
       -1.8495761669063648e+02, -1.9486574966484713e+00,
       4.5976565918065788e+01, 2.2551230441960106e+00,
       -8.3844354333806006e+00, -5.9597174673525832e-01,
       8.5129202191405173e-01, 1.1127043826120988e+00,
       -3.3184143679974746e+01, 1.0630051204346403e+01,
       7.9745370894549179e+00, -2.5813450371789113e+00,
       3.5132066610797764e+01, -2.6866720885085389e+00,
       9.2607947482700681e-01, 8.4158533629145382e-02,
       1.0421382965990743e+02, -5.0071764873424861e+01,
       -2.9943686437641233e+01, 3.5296366950427810e+01,
       -6.0073830443544738e+00, 1.1329748851797275e+01,
       2.2421695809220757e-01, 1.6342024751487327e+00,
       -3.1797829742388632e+01, -4.7580401583173764e+00,
       2.3852194376167308e+01, 1.0575933788482558e+01,
       1.9103934812634343e+01, -4.8290190906843922e+00,
       -4.7169940297243205e+00, -2.7896222537927131e+00,
       -1.8486013439534810e+02, -1.7800454841234444e+01,
       3.5293230166470067e+01, 1.8706930761127119e+01,
       -5.6221666794531258e+00, 1.5480264091338755e+01,
       -1.0794309617421558e+00, -1.2015705749596908e+00,
       1.5445385934903663e+02, 1.1774708108374909e+01,
       -4.3553306886719305e+01, -3.6425070873070511e+00,
       -5.5147898562211504e+00, 1.2509284982879919e+01,
       -1.0949738807548504e+00, 1.2692245680532637e+00,
       -6.3751096741844158e+01, -7.9593126590646037e+01,
       1.7018487635818456e+01, 4.9523459779766831e+01,
       7.3033272653119958e+00, -3.9484686355378038e+00,
       2.1380495671825108e+00, -2.6840556820807326e-01,
       8.1619660304446811e+01, 1.5568713264468956e+01,
       -2.3713365713484215e+01, -3.2459524743252366e+01,
       -2.6495812595941121e+01, -1.9834116702389714e+01,
       9.3104917617535932e-01, -2.3422834929393170e+00,
       4.0014933201978003e+01, 2.1296325696787957e+01,
       -2.9795414286886492e+00, -7.4028680633439610e+00,
       2.3063548926913160e+01, 5.6803620493344464e-01,
       1.2484531752093477e+00, 1.1882935383752418e+00,
       1.5899850937511769e+02, 3.1036604585464367e+01,
       -4.1723421269048956e+01, -2.4831527698960706e+01,
       -1.0434689545976630e+01, 7.4836657391114025e+00,
       1.1683975014709735e+00, -8.1827219363549120e-01 ]
