%YAML:1.0
means: !!opencv-matrix
   rows: 48
   cols: 4
   dt: d
   data: [ -1.7278050124673012e+01, 6.0892730710145315e+01,
       1.0639797713691445e+01, 6.3485425134360590e+01,
       3.6174810091809213e+01, -9.1259306837883656e+01,
       1.8686636129006473e+00, -6.8758766420475581e+01,
       -1.0502037677823054e+02, -8.8257363038199088e+01,
       -5.5021481908171410e+01, -2.1912281724263025e+01,
       5.5635640258673815e+00, 6.1587334241361248e+01,
       -1.0711611167197205e+01, -8.1675699568033252e+01,
       -2.6560187074963221e+02, 7.4227239703225322e+01,
       2.1117137789268842e+01, 3.7601027575990585e+01,
       1.6777743917365291e+02, 3.5540589641570051e+01,
       4.3898081784638599e+01, -3.9729267921694756e+01,
       -8.0550775020521769e+01, -1.4566699434202132e+01,
       -4.5776421405014254e+01, 4.2942882612016710e+01,
       1.0270656099305894e+02, -1.2679783633637811e+02,
       -5.1358101022381774e+01, -7.2553797861569773e+00,
       1.8662572549716538e+02, -4.2990090632509663e+01,
       4.8613036501909079e+01, 2.5939058118798741e+01,
       -2.3337668589367709e+02, -1.7812891937943047e+02,
       3.7733686430898090e-02, -2.3695156199774654e+01,
       -7.0117785973058361e+01, 1.8789405232877360e+02,
       7.9846607923437816e+01, -1.4190549323874334e+01,
       -6.6616528073985180e+01, -1.0163596615454229e+02,
       4.3618719631554555e+01, -2.7234158993176003e+01,
       2.8945758906764105e+01, 2.2423209735052853e+02,
       5.1230447934336238e+00, 5.5816470739102346e+00,
       1.7142350822186927e+02, -1.2811159731566656e+02,
       -7.7868124470790825e+00, -3.7837148721598346e+01,
       1.1090028566891172e+02, -2.8748796984415915e+01,
       -6.9843223148421769e+00, 4.7867094198504823e+01,
       -1.4989715527867821e+02, 1.6677326864607561e+01,
       1.5942587558899570e+00, 4.6776621704742887e+01,
       2.9147210033817828e+01, -1.0668759849092644e+00,
       -5.8594994379267206e+01, 8.5113547761505799e+01,
       -1.7776364893608059e+02, 1.8125570097062570e+02,
       1.2067740882527415e+01, 1.6831640312165298e+01,
       1.1625202189722906e+02, 1.4100336382227934e+02,
       4.3944688090912955e+01, -1.9486207257137021e+01,
       -1.1931197913552100e+02, -1.5635852280525134e+02,
       8.0743003022617771e+01, -3.4381506282101974e+01,
       3.5016957239999684e+01, 1.4953079218960971e+02,
       -7.3078818704915935e+00, -1.8818627455488116e+01,
       9.9888697960379574e+01, -6.0853656304123852e+01,
       7.4417050769930341e+01, -3.4691840984750577e+00,
       1.3796638892011194e+02, 1.0366715501262675e+02,
       -1.6042005527495380e+01, 4.9524560411188666e+01,
       1.1591545542684625e+02, -1.4441948214470994e+01,
       -6.5834499099938839e+01, 1.4458130086194862e+01,
       -1.7149016512286653e+02, -4.7361507551946083e+01,
       7.0607162020580191e+01, 2.9311993977089202e+01,
       2.3250886422222882e+02, -2.3642589842082636e+01,
       -2.0300960044058122e+01, -3.9794304121131732e+00,
       -4.9679214450632259e+01, 2.3681147110086112e+01,
       7.4901251036577136e+01, 3.0610898645641221e+01,
       -1.3303296297603106e+02, 8.6829128580750123e+01,
       3.6551947985149411e+01, -2.7138003731887135e+01,
       1.8085050532907097e+01, -1.9772554526830180e+02,
       1.0610347953995079e+01, -9.4890637001188303e+00,
       -9.8572230146894171e+00, -6.4116931619613897e+00,
       -6.3734990526126488e+01, -7.6320921426194289e+01,
       -2.2996087347095238e+02, 7.2104711285897096e+01,
       -3.6998571505398914e+01, -2.0486977646652367e+01,
       -6.5891090292686982e+01, -1.4740522741965958e+02,
       -4.6981033121732352e+01, 1.1864179532760147e+01,
       7.4027535299099412e+01, 4.6691297831586482e+01,
       6.6606643414554327e+01, 4.0592325590386309e+01,
       -6.8901753986060243e+01, 1.6562435964848541e+02,
       -6.6475145936055924e+01, 1.1462262377869322e+01,
       -3.8508793463638371e+00, 6.3633804398274130e+01,
       -5.8888696479311513e+01, -2.1200111471862208e+01,
       2.0749693429914700e+01, -2.9568018971092712e+01,
       1.4998653375934833e+01, 2.6895078786757498e+00,
       1.0614185738102206e+02, 4.1605455228408182e+01,
       4.7661163782963127e+00, -7.2582241899787945e+01,
       -5.4553448750650517e+01, 1.1882964868722743e+00,
       1.0490807123056052e+02, -1.7206363195089171e+01,
       -1.1812061157808775e+02, -2.4680940334375187e+01,
       3.9056627512273344e+01, -8.3611751398830663e+01,
       -9.3529073037470425e+01, 6.7584123905240716e+01,
       -8.1374560446445258e+01, -5.8220297830724682e+01,
       -2.8657960889103816e+02, -6.2365125571865207e+01,
       -1.1101506404440160e+01, 3.8244586493140091e+01,
       -2.2162704866614908e+02, -2.4413293913786752e+01,
       -8.3795718285335461e+00, -4.9661829904154445e+01,
       2.3691161574349856e+01, -1.0947306375767090e+02,
       -8.9619261762657658e+01, 2.1521622369677324e+01,
       7.4034672180797880e+00, -1.2220935027137268e+02,
       1.3920823116646559e+01, 3.0458845323369101e+01,
       2.4233621967311873e+02, 4.6518568191982432e+01,
       2.3931442164841421e+01, 4.5148084756314788e+01,
       -1.6091867173778843e+02, -7.4179648349317375e+01,
       4.0977781880709159e+01, 3.1771986276268620e+01,
       1.7824088397070116e+02, -5.3567670396776954e+01,
       1.4467860625708623e+01, -1.7107791157811327e+01,
       6.4926141232616430e+01, 8.2049904875725971e+01,
       -8.7897487459333078e+01, 5.9205589824024557e+01 ]
