%YAML:1.0
means: !!opencv-matrix
   rows: 3
   cols: 19
   dt: d
   data: [ 6.5764954408618706e+01, 1.0189015260895141e+01,
       -1.5133908937033199e+01, 1.1082167329129211e+00,
       5.6522177655231092e+00, 2.3948976971781888e+00,
       8.3884863976175206e-01, -3.7586917737005493e-01,
       -3.1355924671904339e-01, 1.8590980185658187e-02,
       4.0901205831126823e-02, 7.4268983335536720e-03,
       2.3857842210778433e-03, -3.6397340504514559e-03,
       8.4449594897897749e-03, 2.7992150376877300e-03,
       6.0907209438575344e-04, -1.2491276410117155e-03,
       -3.4830731291284392e-04, -1.7961081335240930e+01,
       -1.5572423210141640e+01, 3.1983528638679317e+00,
       -5.2912549296066684e+00, 3.4706649743844342e-01,
       -8.7844202788074455e+00, -4.3942678086836242e+00,
       1.0994774615389207e+00, 4.2691080718096712e+00,
       -7.0315796492069399e-02, -6.5666085305902386e-02,
       -4.6375429546037183e-02, -1.7153793667159911e-02,
       4.6359354905218270e-03, 2.1834013780208184e-03,
       -1.0011506233303397e-03, -2.5695076893563585e-04,
       -1.0332493702803493e-04, 2.4236919598792988e-03,
       -9.7400798239990408e+01, -1.0716929107970996e+01,
       2.2730046672053213e+01, 6.7995278372783102e-02,
       -9.0191129894980300e+00, -7.7037318903714658e-01,
       1.8305104975974529e-01, 2.1560641181781734e-01,
       -9.6506536854416036e-01, 3.2684825596480260e-04,
       -4.2389256745009055e-02, 3.8847558750135071e-03,
       2.1220733383832541e-03, 4.2521919235860043e-03,
       -1.4002629378092457e-02, -4.1099550246436562e-03,
       -9.1040620409455386e-04, 1.9437857596338540e-03,
       -3.0521637703262753e-04 ]
covs: !!opencv-matrix
   rows: 57
   cols: 19
   dt: d
   data: [ 9.5078896620662999e+03, -8.0870581531320522e+02,
       1.6496105133618621e+03, 1.8476283559592453e+01,
       -1.0338995735808965e+03, -1.4412273435324309e+02,
       -8.1220476385913614e+01, 3.1313255596115646e+01,
       -2.9962568275079466e+01, -2.0555655717281018e+00,
       -8.9626459879209830e-01, -6.3071331525075158e-01,
       5.2122154592710412e-02, 6.2737404524898427e-02,
       -1.2888761149630959e-01, -2.3604859033102069e-01,
       -1.5120008470965399e-01, 9.4191076606201560e-02,
       9.5053187379424628e-02, -8.0870581531320545e+02,
       1.0163661782992534e+04, 3.3137541479962766e+02,
       5.8347237318043506e+02, -2.3573508349058528e+02,
       -3.8785132769050830e+02, -3.1145432345606931e+01,
       -2.4321550051339852e+01, -9.4558997707830361e+00,
       -1.0264197990099289e+01, -1.1887810191082355e+00,
       -7.4623258858527475e-01, 1.2181628065044264e-01,
       8.4322419384980876e-02, -5.1864593912418944e-01,
       1.1029648438744126e-01, 1.2159964385716042e-01,
       -1.0628544276115579e-02, 3.9730162823590799e-03,
       1.6496105133618626e+03, 3.3137541479962761e+02,
       2.9015712845422486e+03, -7.5317564289134097e+01,
       2.4847835939565149e+02, 3.9971383342462843e+01,
       2.2207276006898368e+01, -6.9761469661232534e+00,
       3.6796741303677565e+00, 1.6573940576754029e+00,
       7.3976456604143079e-02, -6.3785069927606184e-03,
       2.4274406439429026e-02, -4.2289810390197809e-02,
       1.5165605181163738e-01, 4.4472838263437578e-02,
       1.4777182658874661e-02, -2.8719108789144562e-02,
       -2.3633673284937731e-02, 1.8476283559592407e+01,
       5.8347237318043506e+02, -7.5317564289134083e+01,
       2.7171411628388637e+03, 2.5004939568757472e+00,
       6.5891370857252326e+01, 1.7806768119477088e+00,
       1.6062259657025105e+01, 5.5833460587028947e+00,
       -4.2807427035206569e-01, 5.6662188484473119e-01,
       2.4470516057828054e-01, -5.3933608222969859e-02,
       -8.9784308647807648e-02, 1.8871766060096695e-01,
       -7.9322549795977706e-02, -3.7633913163022358e-02,
       2.6406185895077230e-02, 2.8886650305577691e-02,
       -1.0338995735808967e+03, -2.3573508349058525e+02,
       2.4847835939565155e+02, 2.5004939568757427e+00,
       4.8360106820653812e+02, -6.9364296249604010e+01,
       -1.1919106377902763e+01, -6.7902137153835351e+00,
       -6.0324281366441213e+00, 9.0772402534165597e-01,
       -1.6722054635887856e-01, 9.3770707969001665e-02,
       -7.4156496367525837e-03, 6.6042813270875472e-03,
       9.8216467585668290e-03, 1.6169268949253211e-02,
       -2.4357024505182378e-03, -5.0527069356065275e-04,
       -4.7613071309837865e-03, -1.4412273435324309e+02,
       -3.8785132769050841e+02, 3.9971383342462843e+01,
       6.5891370857252355e+01, -6.9364296249603996e+01,
       2.1283333564063253e+02, -1.0008060259108088e+01,
       -3.5676054955293129e-01, 4.2915928861964421e+00,
       -1.8184521154844830e+00, -2.5472356521828043e-01,
       -1.2883712731996400e-01, -9.3252863751772958e-03,
       1.4083555348924503e-02, -2.3925069412450893e-02,
       2.7180083715169878e-03, 1.9804567495551716e-02,
       4.9597835872886957e-03, -4.2430714806321783e-03,
       -8.1220476385913614e+01, -3.1145432345606938e+01,
       2.2207276006898372e+01, 1.7806768119477090e+00,
       -1.1919106377902757e+01, -1.0008060259108085e+01,
       2.3418796019503464e+01, 5.2014786649188927e-01,
       3.5236552307329667e+00, 1.3209668082615650e-01,
       -4.5518486438077023e-02, 5.4253530203431641e-02,
       -3.2028178366088081e-02, 8.1881124566165909e-03,
       -1.1799145619156199e-02, -4.7437438494696473e-03,
       -2.2712461851592285e-04, 3.0235335333893498e-04,
       -2.6562136092472184e-03, 3.1313255596115663e+01,
       -2.4321550051339852e+01, -6.9761469661232534e+00,
       1.6062259657025105e+01, -6.7902137153835351e+00,
       -3.5676054955293141e-01, 5.2014786649188927e-01,
       1.4294992069420696e+01, -8.8968029251887937e-01,
       5.7933629595997738e-01, 3.6104155898251675e-03,
       6.1629862481123068e-04, 3.0730262869493258e-03,
       8.5026138773018033e-03, -1.6560785799578769e-03,
       8.7046832679277212e-03, -1.5979291250969429e-03,
       -6.0940464397540438e-04, -8.6315890677572240e-05,
       -2.9962568275079466e+01, -9.4558997707830343e+00,
       3.6796741303677565e+00, 5.5833460587028947e+00,
       -6.0324281366441230e+00, 4.2915928861964421e+00,
       3.5236552307329667e+00, -8.8968029251887937e-01,
       1.2852480423867667e+00, 3.1867214237251085e-02,
       1.5564196918160925e-02, 1.6305106014066102e-02,
       1.6393633927222106e-02, -8.6755715938456872e-04,
       -1.1652482337300674e-03, 4.1495543140433055e-04,
       6.9896607008843438e-04, -1.5695160796502204e-03,
       -1.0132570674280653e-03, -2.0555655717281009e+00,
       -1.0264197990099291e+01, 1.6573940576754029e+00,
       -4.2807427035206563e-01, 9.0772402534165597e-01,
       -1.8184521154844830e+00, 1.3209668082615647e-01,
       5.7933629595997738e-01, 3.1867214237251092e-02,
       2.8701871190605088e-01, 2.3533515089621058e-02,
       6.4458326835142507e-04, 3.2004891066378118e-03,
       -1.1059605702075027e-02, 1.1815769329244476e-04,
       7.2423127260270916e-04, 2.5191776864763304e-05,
       -4.1031166512860807e-04, -1.9207844134237322e-04,
       -8.9626459879209830e-01, -1.1887810191082349e+00,
       7.3976456604143176e-02, 5.6662188484473142e-01,
       -1.6722054635887848e-01, -2.5472356521828060e-01,
       -4.5518486438077030e-02, 3.6104155898251688e-03,
       1.5564196918160923e-02, 2.3533515089621058e-02,
       2.7125028215087468e-02, -8.5654763464191165e-04,
       2.5493690412408255e-04, 4.0655370999173639e-04,
       -3.8327682224453764e-04, -1.0733002181789019e-04,
       -7.7021810429977691e-05, -3.5780021108885096e-04,
       -8.1818375403599572e-06, -6.3071331525075169e-01,
       -7.4623258858527464e-01, -6.3785069927606219e-03,
       2.4470516057828046e-01, 9.3770707969001665e-02,
       -1.2883712731996400e-01, 5.4253530203431641e-02,
       6.1629862481122960e-04, 1.6305106014066102e-02,
       6.4458326835142485e-04, -8.5654763464191165e-04,
       1.9135278447266312e-03, 4.5514954544069187e-04,
       -4.1480852651459057e-05, 7.2125172962290193e-04,
