%YAML:1.0
means: !!opencv-matrix
   rows: 7
   cols: 19
   dt: d
   data: [ 7.2509305395781380e+00, 1.2307681527309190e+02,
       -1.9332222238422663e+01, -4.4568528696109169e+01,
       -1.3657983943326263e+01, -9.4216160406623478e-02,
       1.3879325972588608e+00, 6.0113043704040810e-02,
       -4.1507623921466852e-01, -4.0663923543464436e-01,
       4.7363787841658248e-02, -1.9639931873670250e-02,
       4.2439640032845959e-03, 7.4317567062820748e-03,
       -3.0320481457327034e-02, 1.1997458574592853e-03,
       -8.1070738378649330e-03, 1.9101843296190899e-03,
       -8.7443768188879927e-04, -1.6887490815129982e+02,
       -7.4015800979981307e+01, 4.2094210430140031e+01,
       1.5139689445610864e+01, -1.5935174692342587e+01,
       -1.1324301312517031e+01, -3.8975445449138917e+00,
       -9.5240399793598940e-01, 1.3037737074665070e+00,
       4.2504168249930219e-01, -8.1116574820804990e-02,
       -1.2292016656509414e-02, -5.6843578449144666e-03,
       6.3875619393508973e-03, 1.1269457979221600e-02,
       1.1423761223198376e-02, -4.2139597201668122e-03,
       1.4200343024536556e-03, 6.9272440836893687e-03,
       5.3778874647565686e+01, -9.9412778926507457e+00,
       -5.5241975597690329e+00, 2.8771835260280336e+00,
       4.0037967171771029e+00, -1.3143102712036783e+00,
       4.5178798759523451e+00, 4.0625988192065754e-02,
       2.4525416770666300e-01, 1.3659534456658751e-01,
       3.5524194698336592e-02, 2.6538626452710250e-02,
       1.6337920449182909e-03, -3.1801852947757601e-03,
       6.0740368403018191e-03, 2.3346541058792266e-03,
       2.6408134841942872e-04, -1.5481366448736259e-03,
       -6.8735838873089955e-05, 4.0301197492459885e+01,
       2.7539167999808907e+01, -1.1462777791843020e+01,
       -1.8264930011871865e+01, 3.9048279642208508e-05,
       -8.4557669017873085e+00, -4.9846793022508340e+00,
       1.7028549245245854e+00, 4.2894730774185366e+00,
       3.4397303957249981e-01, -3.5156346715885127e-02,
       -2.1324446292766981e-02, -2.3547980837135555e-02,
       7.4602431938580651e-03, 6.2876417272605669e-03,
       -1.1556405166131094e-02, 1.8800438613101806e-03,
       3.2495312559649775e-03, -2.2256695713629275e-03,
       -1.6136774956064286e+02, -2.1232238348075190e+00,
       3.8410240095362127e+01, -9.3458748553822275e+00,
       -8.7365980173540869e+00, 2.5446386206927536e+00,
       6.1350879636411404e-01, 1.1279995115106825e+00,
       -9.2661535502663406e-01, -7.5670284807510965e-02,
       2.1418820243683939e-03, 5.3659993340622568e-03,
       2.5444144922974967e-03, -1.6749927096642806e-03,
       -2.6948176968975670e-03, -9.2430952892417536e-03,
       1.4083245000268132e-03, -1.0706507475237597e-03,
       -1.5754933125388007e-03, 5.3097460980320513e+01,
       1.8129293298201674e+01, -1.7979632343061091e+01,
       4.2557678711110443e+00, 8.1732409125258147e+00,
       7.8278512582323376e+00, -3.0947710536096675e+00,
       -6.6547194128758869e-01, -9.6392415022975964e-01,
       -9.1796629411600966e-02, 1.3791980201322215e-02,
       -8.5651796527387077e-03, 2.2206820851884885e-03,
       -3.0460354895920539e-03, 7.1180755171958605e-03,
       1.9907502336256942e-03, 1.0412609820553010e-03,
       -4.5777573604651817e-04, 3.3978696033290257e-04,
       3.1652017154610540e+01, -1.3819755808152138e+02,
       3.8725185853653716e+00, 5.2078271709627664e+01,
       -1.2515187229059315e+00, -1.4396373110502022e+01,
       -6.5624513767035242e-01, -1.2681067858915163e+00,
       -3.7455956050086237e-01, -3.5851230111683891e-01,
       -1.7361582530989889e-01, -4.0828754654303565e-02,
       4.7647344387525522e-03, 9.5512356119245960e-03,
       -3.6622319513969818e-02, 4.6604346239256314e-03,
       1.8540172555204222e-03, 4.2287139854006997e-03,
       -4.6486229308736609e-04 ]
covs: !!opencv-matrix
   rows: 133
   cols: 19
   dt: d
   data: [ 1.7832514512449168e+04, -2.7831538889837639e+03,
       6.6042178090986715e+02, 1.1363254383373703e+03,
       6.9188003283898922e+02, 9.8628337670811508e+00,
       7.9305380223552817e+01, 1.8094511296468812e+02,
       -2.9826104814466657e+01, 2.5126448174558331e+00,
       -5.8397941481985081e+00, -2.0386603239468966e+00,
       2.9409683351354637e-01, 3.0826327884961396e-01,
       -1.3975351496544139e+00, -1.9953105310164037e+00,
       3.9064634924239616e-01, -6.1707877280150585e-02,
       3.0460321753229522e-02, -2.7831538889837639e+03,
       7.2146831653819045e+03, 1.1218309865174172e+03,
       1.7906816403326527e+03, -5.0888020954146164e+01,
       1.5047172131281249e+02, -9.2363670946975816e+01,
       -4.6966083641094649e+01, -8.1593064595725497e+00,
       -5.5171473845629464e+00, -5.3344614420998360e-01,
       2.9693495990554453e-01, -6.0405416166278522e-02,
       -2.4810473701329157e-02, 3.8110520250868002e-01,
       5.2542194936686371e-01, 8.0290649449851023e-02,
       3.1110607253720765e-02, 1.9799139613822517e-02,
       6.6042178090986715e+02, 1.1218309865174172e+03,
       2.9576617746203610e+03, -3.9425539730547678e+02,
       -2.1664160589087064e+02, -7.1224774104011999e+01,
       -1.8551061782800478e+01, -3.0657949807605824e+01,
       2.2147447695538451e+00, 7.4676272412645099e+00,
       1.5939141165889368e+00, 2.5639627770067674e-01,
       -7.7919331581286486e-02, -1.5961934626253297e-04,
       3.1705866589900827e-01, 2.5001034068635458e-01,
       -7.4311653321656804e-02, -4.7911621273118189e-02,
       -1.3140661547367569e-02, 1.1363254383373703e+03,
       1.7906816403326523e+03, -3.9425539730547672e+02,
       2.3005306201117469e+03, 1.0834542744197671e+02,
       -1.7387319212966437e+02, 2.4470261460396625e+01,
       3.5383714963146559e+01, -4.8382876555155807e+00,
       -1.3335833907456789e+00, 5.8650217535045202e-01,
       1.7536688264828637e-01, 4.2904362061585301e-02,
       -1.1006559201550965e-01, -2.8912738390421849e-01,
       -4.4779113859866820e-01, -1.1678674303957243e-02,
       5.1055943685663775e-02, 4.9569300422943774e-02,
       6.9188003283898922e+02, -5.0888020954146164e+01,
       -2.1664160589087061e+02, 1.0834542744197672e+02,
       6.9260325060774818e+01, 1.3714585356537143e+01,
       3.4880197211225972e+00, 9.8637495700491655e+00,
       -7.6503693930172278e-01, -2.6357027006335187e-01,
       -5.1821752034383006e-01, -8.1800318229450830e-02,
       2.5179801445191319e-02, 8.5066228109106287e-03,
       -5.8032513723678299e-02, -6.2595278537421209e-02,
       3.5770007991720552e-02, -9.0422508923719016e-04,
       -7.0876036046554978e-04, 9.8628337670811455e+00,
       1.5047172131281249e+02, -7.1224774104011999e+01,
       -1.7387319212966437e+02, 1.3714585356537148e+01,
       5.6786461712175957e+01, -1.4622723014325878e+01,
       -4.8043327351371463e+00, -1.7750278640731652e+00,
       -7.5378427976340323e-01, -3.9631801825889329e-01,
       -1.2496111891121478e-01, 1.1103448903423869e-02,
       -4.3214337171462733e-03, 6.9521596481235436e-04,
       3.1247377995269422e-02, 2.7525860717846434e-02,
       5.0051683520540527e-04, -5.0139726573531895e-03,
       7.9305380223552845e+01, -9.2363670946975830e+01,
       -1.8551061782800474e+01, 2.4470261460396625e+01,
       3.4880197211225967e+00, -1.4622723014325878e+01,
       2.1762106580434207e+01, 8.4863058451822104e-01,
       2.8191434020936885e+00, 2.2361516543111659e-01,
       -2.1337109255689542e-02, 2.9816480268323332e-02,
       -2.7487587961697695e-02, 8.8115300510909472e-03,
       -7.6826776045260557e-03, -2.8719324144702405e-03,
       8.4771251733247940e-03, -7.8424783845790942e-03,
       -1.7756866391644315e-03, 1.8094511296468815e+02,
       -4.6966083641094649e+01, -3.0657949807605831e+01,
       3.5383714963146552e+01, 9.8637495700491709e+00,
       -4.8043327351371463e+00, 8.4863058451822126e-01,
       1.8114462764375979e+01, -1.5913131155024818e+00,
       6.0463724734853541e-01, -2.5890091337017831e-02,
       -1.0347086255209742e-02, 6.2574499663679978e-03,
       1.5724520394841141e-02, -1.8726231314039998e-02,
