%YAML:1.0
means: !!opencv-matrix
   rows: 15
   cols: 10
   dt: d
   data: [ 5.0405409716414901e+01, 6.6737674755298846e+00,
       -1.2665961026043715e+00, -1.5190557520787260e+00,
       6.3112892589254752e+00, 8.0662727356837713e+00,
       1.1514270895421963e+00, -1.5691444288185577e-01,
       1.5667274926572838e-01, -2.6595750867669552e-02,
       -1.2250155588582496e+01, 9.1481745051924221e+01,
       -6.9729310524180610e+00, -4.6611903638143943e+01,
       9.5588526530430720e+00, -8.6130610591545786e-01,
       1.6255390521786333e+00, -6.0581734490338102e-01,
       -2.3205942155890924e-01, 7.2095717049277197e-02,
       -7.0861564415721494e+00, -3.6682191414806631e+01,
       8.2504858462005153e+00, 1.1716206692629092e+01,
       3.9149925086281371e+01, -2.3621962953359002e-01,
       9.9843704517190557e-01, -8.9907753065510820e-01,
       -3.9886114814323581e-01, 1.8018405327132206e-01,
       8.7965493977830917e+01, -7.6103588941142677e+00,
       -1.7215113244355294e+01, 9.3095537846094381e+00,
       1.3791137919128854e+01, -9.5241544273030865e+00,
       -6.8620775357198149e-01, -1.1244645752765798e+00,
       -9.0861626121335337e-01, 1.8792782056262380e-01,
       -1.8303207304124032e+02, -6.5653040926338946e+01,
       4.5128780970480264e+01, 2.1010168981217983e+01,
       -1.9811108384052332e+01, 6.7208680013592259e+00,
       -1.6497606537922678e+00, 6.3963577769468472e-01,
       8.0476421372853846e-01, 2.6988648729922143e-01,
       9.9470527909566457e+01, -4.4619739335717455e+01,
       -2.2023751744193692e+01, 3.6831493215006624e+01,
       -2.7521907796795759e+01, 2.3415116195380087e+01,
       1.0925195323574000e+00, 1.2797678545873512e+00,
       4.8714016284535949e-01, 3.2599950110253462e-02,
       4.5624678745954981e+00, -1.8933440687072311e+02,
       1.5704011018946920e+01, 6.5730141028369943e+01,
       1.1209792475718686e+01, -1.9599001564031521e+01,
       -1.7455795051107423e+00, -8.5319307822523127e-01,
       6.0036191404393613e-01, -1.4404297317824586e+00,
       -1.5461055438582554e+02, 1.2064880904734019e+00,
       4.1053034871582149e+01, -1.0318910958849164e+01,
       -1.1917539527473074e-01, 3.6684197004769579e+00,
       8.5812466415985056e-01, 1.3366107355452608e+00,
       -8.2513375705324277e-01, -4.1487865826078454e-02,
       3.9342254413620083e+01, 2.9442358321279727e+01,
       -9.4850182676959705e+00, -2.1646182348480764e+01,
       -3.4048330359048268e-01, -1.3212077277972352e+01,
       -7.5294712412217333e+00, 2.0587337620941959e+00,
       6.4352267798684251e+00, 3.3450402478923646e-01,
       4.1696377914818456e+01, 1.2754121216044562e+02,
       -2.9886604090557089e+01, -4.9295952056065509e+01,
       -8.1911916287112732e+00, 1.4560620535849536e+00,
       2.1902379284643785e+00, 1.9894275393652947e-01,
       -2.9545624160715306e-01, -1.2994285643719466e-01,
       7.8626829327033461e+00, -7.2140732135194241e+01,
       1.0226085850529900e+01, 4.0989599300730525e+01,
       8.4461067558330374e+00, 2.4358736036532445e+01,
       2.4182758185670190e+00, 4.3319002181964039e-01,
       6.2065800164961410e-03, -1.0396690081998849e-01,
       -1.4688747764070558e+02, -1.2479595432564760e+02,
       4.6202637090718376e+01, 3.8131292128894962e+01,
       -2.3247640537671614e+01, -1.1617718669837503e+01,
       -4.8762309025326038e+00, -1.5936632533570574e+00,
       1.4035188845189980e-01, 4.1195023891242452e-02,
       1.8863837020874494e+00, -1.8701915339916283e+01,
       -6.7193261102782369e+00, 5.4628844866582895e+00,
       -9.8462149784730286e+00, -1.0208828216541935e+01,
       1.8552571269015530e-01, -5.8782451479988429e-01,
       -1.3832345152924839e+00, 1.4466322614625116e-01,
       1.6818662930322145e+02, 1.4260812127716171e+01,
       -4.5870219974477557e+01, 1.0691767520403561e+01,
       -1.1081795186000583e+01, -8.2590818108188966e+00,
       -2.6413406816583263e-01, -7.9048798000966050e-02,
       -8.6172606601879975e-01, -9.0045109410679863e-02,
       -1.3888418119881399e+02, 9.8659687194314060e+01,
       1.5272154463925913e+01, -4.9077012673487140e+01,
       -9.7919151111075298e+00, -1.8992116964951653e+00,
       2.4866423273323474e-01, -5.8123339446465354e-02,
       1.4154787076528033e-01, -1.2239012618940706e-01 ]
