%YAML:1.0
means: !!opencv-matrix
   rows: 17
   cols: 1
   dt: d
   data: [ -2.1376185835507960e+02, 1.5434458272532751e+02,
       -2.7180502379523133e+00, -9.5999000267641904e+01,
       5.9386739901137481e+01, 2.7342789112504943e+02,
       -3.0781654816547530e+02, 2.2724630745967008e+02,
       -3.5282020517088505e+01, -1.6943220242228148e+02,
       1.8836891848529257e+02, 2.8031371611239969e+01,
       9.0671391595028652e+01, -2.6217888589533891e+02,
       -1.3007644990518330e+02, -6.5931253120175228e+01,
       1.2077566819735848e+02 ]
covs: !!opencv-matrix
   rows: 17
   cols: 1
   dt: d
   data: [ 5.2146319667369653e+02, 2.9306954619124508e+02,
       2.5017758947883587e+02, 2.4376593625981744e+02,
       2.4439430143087750e+02, 1.3175994485358690e+03,
       1.1587464915072503e+03, 6.3486044572117135e+02,
       2.3942742335289904e+02, 4.3028434427574791e+02,
       4.0010612045603091e+02, 2.6063071346986322e+02,
       2.4061828951667621e+02, 6.8109090509423754e+02,
       3.0342480490169652e+02, 2.3183398904784170e+02,
       2.4349855402918149e+02 ]
weights: !!opencv-matrix
   rows: 1
   cols: 17
   dt: d
   data: [ 4.6761587350707672e-02, 5.7496202340718595e-02,
       8.7859168087829606e-02, 7.0466864833470200e-02,
       9.0787303523422624e-02, 2.0611929541267705e-02,
       1.5575040832166530e-02, 2.8851110866303955e-02,
       8.0213675706785809e-02, 5.2358026092621836e-02,
       4.4026518963990825e-02, 8.9867213705179957e-02,
       8.3095628258255505e-02, 2.9326300488551525e-02,
       5.9768258436460539e-02, 7.0220750552080838e-02,
       7.2714420420166820e-02 ]
pca_proj: !!opencv-matrix
   rows: 1
   cols: 21
   dt: f
   data: [ 1.02604255e-02, 8.46533298e-01, 5.67100069e-05,
       -5.08859605e-02, 4.68450844e-01, 1.89823491e-04, -5.55210514e-03,
       1.46431834e-01, -1.98076777e-05, -7.31809530e-03, 1.34976640e-01,
       -4.80776835e-05, -6.69380091e-03, 1.46460637e-01, -1.57161594e-05,
       2.11501210e-05, 1.32904761e-05, -3.16381829e-07, -1.62182951e-05,
       4.47223283e-04, 4.04881848e-06 ]
pca_mean: !!opencv-matrix
   rows: 1
   cols: 21
   dt: f
   data: [ 4.33646118e+02, 2.44701981e+02, 1.49672687e+00,
       4.18191803e+02, 2.60206879e+02, 1.62062907e+00, 3.68545319e+02,
       2.27059875e+02, 1.69770968e+00, 3.19420807e+02, 1.63929108e+02,
       1.75046074e+00, 3.16613464e+02, 2.25532654e+02, 1.70717156e+00,
       1.08872897e-04, -9.74175637e-05, 6.24380555e-05, -2.17504916e-04,
       -2.50119597e-01, 1.75055194e+00 ]
gamma: !!opencv-matrix
   rows: 17
   cols: 1
   dt: d
   data: [ 8.7191823472711605e-01, 8.4232303458166435e-01,
       7.6973603423409187e-01, 8.0733582321701691e-01,
       7.8703409033991134e-01, 8.9869408188600064e-01,
       9.0558629219061459e-01, 8.7852888043855371e-01,
       7.7577003579507497e-01, 8.5155039302662161e-01,
       8.6032672868970117e-01, 7.7441081650090726e-01,
       8.0467891018218685e-01, 8.9001148065834479e-01,
       8.2869751866708763e-01, 7.8960582751525843e-01,
       8.2272288282725714e-01 ]
