%YAML:1.0
means: !!opencv-matrix
   rows: 27
   cols: 9
   dt: d
   data: [ 1.0206299252182651e+01, -4.3106479045487447e+01,
       1.2074097035957816e+01, 1.6700755829345695e+01,
       3.7524274926646960e+01, -2.7848939314283547e+00,
       5.9727791844773170e-01, -8.9257050930788306e-01,
       -4.7921540005325791e-01, -3.8658380865731068e-01,
       8.2874498491297572e+01, 1.3750084632187688e+01,
       -2.7237317523760410e+01, 2.2293759737553042e+01,
       -5.4744632429178921e+00, -1.1052590463375376e+01,
       2.7911328903833268e+00, 7.0224048902638074e+00,
       3.2341638326316222e+01, 1.2624630229418690e+02,
       -2.6686421455483345e+01, -5.2163528781061444e+01,
       -8.5825732091160578e+00, 1.3261129203577904e+00,
       2.1794693851557714e+00, -2.6337985880066755e-01,
       -2.1473827162179024e-01, -8.2561672216610887e+01,
       -4.8714370219804032e+01, 3.2184670584791427e+01,
       2.5233594474275987e+00, 1.4183888860009416e+01,
       -8.2711810079161119e-01, -1.2442593231830776e+00,
       5.6287483859213505e-01, 2.3997948851576347e+00,
       1.0147168761104002e+02, -1.8415279240191431e+01,
       -2.7001632498720536e+01, -8.3806641372951631e+00,
       -5.2506499991925475e+00, -2.6584449319197098e+01,
       -9.5461353602563275e+00, 4.5866753916717080e+00,
       7.4650930737260683e+00, -1.4241728791411603e+02,
       -1.3805707204137670e+01, 3.3415121427353014e+01,
       -1.6323285500131433e+01, -4.3770310242582227e+00,
       -2.7506087982505981e+01, -8.5505663578250901e-01,
       2.8512515635692909e-01, -2.6908218071838337e+00,
       9.3713300583167126e+01, -7.0106664156110867e+01,
       -1.3047022723761220e+01, 5.0960080513048631e+01,
       -1.4765263867166121e+00, 2.2732044401984968e+01,
       2.0535873847724675e+00, 2.9849785282707880e-01,
       1.1245706248910366e-01, -1.6840630995563862e+02,
       -7.0479866567161238e+01, 4.0906740204143169e+01,
       2.8311893792763318e+01, -2.0635007831578051e+01,
       1.2221644595511846e+01, -1.9896235550599206e+00,
       5.9159533945106679e-01, 1.5206593411486609e+00,
       1.0007640213333644e+02, -4.5694739486593093e+01,
       -2.1009144433862065e+01, 3.6603228705080866e+01,
       -2.7644633529123666e+01, 2.3637665559336313e+01,
       1.1470957848533809e+00, 1.3392927850282459e+00,
       5.1344576117675567e-01, 1.1120115226325292e+02,
       3.1886162211915618e+01, -3.9409766936948436e+01,
       -1.8175406531871863e-01, -6.3935634440987998e+00,
       -5.5119877298046731e+00, -1.5748673718609107e+00,
       -3.6383352493773780e-01, -6.8059804077535002e-01,
       -1.6003334925520795e+02, 5.7022594393509443e+01,
       3.2893956474000667e+01, -3.2772101034981681e+01,
       -3.3033174181663463e+00, 1.1333762621184555e+00,
       7.1741672063392659e-01, 1.2643726392949532e+00,
       -8.3598904203251545e-01, 5.9355425445514189e+00,
       -2.0902594301729550e+02, 1.4608982448583578e+01,
       7.1849038863420517e+01, 1.0845214997284160e+01,
       -2.8631368218590659e+01, -1.7944013373743672e+00,
       -2.8323798463984922e+00, -1.1405627373546090e+00,
       7.6768149900372471e+00, -2.1452041439956723e+01,
       -2.8206336241517196e+00, 7.7597745249129737e+00,
       -8.9918676502686807e+00, -8.8635161797305244e+00,
       2.0457151577354252e-01, -3.2626960418501100e-01,
       -1.1880781756009966e+00, -1.9581941942677739e+02,
       -4.3346225381163450e+01, 5.1166734166293949e+01,
       6.0269253816742783e+00, -1.6006493085170202e+01,
       -6.2034002033483915e-01, -5.7489140491721669e-01,
       9.3241200787458900e-01, -1.2798664079449695e+00,
       -8.8229976930430372e+00, -3.9509768232664677e+00,
       -3.8974288604959170e+01, 7.0433182803444341e+00,
       2.0407082371637596e+01, 2.2023181558634641e-01,
       1.1870482239647762e+00, -8.2851440727550696e-01,
       -2.6827985927096126e-01, -1.1604342129183486e+02,
       1.2919646005099221e+02, 8.3733334258515413e+00,
       -5.5530928242367700e+01, -1.6614164226745128e+01,
       -1.0189277777908321e+00, 5.0989630961636734e-01,
       -5.1375961621528432e-01, -5.0715026619737424e-01,
       1.3007025710133348e+02, 4.3348076237204040e+01,
       -3.9890418344263040e+01, -4.4037569637026657e+00,
       -1.9627425762692109e+01, -1.0304428271214721e+01,
       -1.9672058501617529e+00, 2.0015090574670049e+00,
       -8.9607654163239370e-01, 1.2938857922159153e+02,
       -6.6528510143847356e+01, -3.1121231901227713e+01,
       4.2874167818777252e+01, -2.2893420971529526e+01,
       3.0997098131609251e+00, 1.0762755640744119e+00,
       -1.4443739254272170e+00, -6.9858323629430674e-01,
       -5.8117881944606488e+01, -4.3877564307163659e+01,
       2.7191771067612027e+01, 2.1911780079218701e+01,
       1.9703624576526128e+01, 1.8025847731771073e+01,
       2.0565857863495731e+00, 3.9717684040579360e-01,
       7.6214454497289016e-02, 1.9141482443613361e+02,
       1.2418867109710634e+01, -4.9549268845505104e+01,
       1.3726465981804004e+01, -9.7586119450168134e+00,
       -6.9479625712993904e+00, 1.0612215113245362e+00,
       -5.4588730728927781e-01, -9.2651846495214296e-01,
       -1.6987283905666740e+02, -1.5657151878284472e+02,
       5.2346254469243043e+01, 5.2344027576473138e+01,
       -4.1145079378680386e+01, -1.8792314362687904e+01,
       -5.5596765888969957e+00, -1.9134286004597796e+00,
       -1.5899596114571828e+00, 1.5308483032061933e+01,
       -6.1732770770327313e+01, 5.5207025097035229e+00,
       4.3128146216001340e+01, -3.0838751910304865e+01,
       3.0074045837569855e+01, 2.8876625596122714e+00,
       2.0572829889253517e+00, 1.7761565271812629e-01,
       5.6359296490036655e+01, 5.0005921600881535e+01,
       -1.4721192295540357e+01, -2.7854677763884371e+01,
       -3.8200204289531139e+00, -1.0660970007611603e+01,
       -7.8554433544895845e+00, 1.7578984979309151e+00,
       6.2914895260706043e+00, -1.9515675981698209e+02,
       7.9903154692693095e+00, 3.0444425294820014e+01,
       -2.9390552147928673e+01, -2.2180689020431413e-01,
       -1.2604337888563075e+01, -1.2040739295471867e+00,
       -3.0624847596225457e-01, 3.5752865436360164e+00,
       -3.4558420339940294e+00, -5.6987958508877107e+01,
       -2.7204246760390336e+00, -6.4139506845980403e+00,
       -1.3655157662784601e+01, -1.0292178730447450e+01,
       -1.3277810511695753e+00, -3.9767948553284152e-02,
       5.5414713977299472e+00, 1.1633133635193884e+02,
       -5.1673651888382812e+00, 3.9556223173501188e+01,
       -1.3252004660514078e+01, 1.3187486156765559e+01,
       -1.3602409142947103e-01, 7.0066349484226875e-01,
       -9.6254712369949835e-01, -4.1472687104285400e-01,
       -1.0108089737588761e+01, 8.8405727090025948e+01,
       -8.2099129349150797e+00, -4.3344440284012983e+01,
       1.1897625484482305e+01, -1.7292797382366725e+00,
       1.4669524447547628e+00, -2.3619383522038820e-01,
       -2.6999244570308267e-01 ]
