%YAML:1.0
means: !!opencv-matrix
   rows: 29
   cols: 10
   dt: d
   data: [ 9.9089112841333375e+01, -4.5201446859061051e+01,
       -2.2009881907692229e+01, 3.6753575845614002e+01,
       -2.7617448671400908e+01, 2.3447884523316937e+01,
       1.1326877324512374e+00, 1.3086028047534248e+00,
       4.9793246081436543e-01, 3.9308819771168513e-02,
       -6.5183444225607561e+00, -4.2899514017581346e+01,
       8.4629537001088160e+00, 1.8443880147642847e+01,
       4.0748303467173550e+01, 9.7750533269440065e-01,
       1.0312607371742593e+00, -9.5633375031878720e-01,
       -3.7999118542902854e-01, 1.9030236880246465e-01,
       6.6089926976843245e+01, -9.5580554960067900e+01,
       -4.0909351749565531e+01, -3.1578458963914372e+01,
       1.5189651479063565e+01, -2.8801280750490146e+00,
       1.0493219464790053e-01, -8.9052297629530008e-01,
       -7.4849565464216017e-01, 1.1580903313520896e-01,
       -7.5990516144284996e+01, 1.0587109781032282e+02,
       4.1650720990906800e+00, -5.4388250822015351e+01,
       2.3232133935084960e+00, 4.9596051982878304e+00,
       1.7029211434264937e+00, -2.9859757396831427e-01,
       -1.7200605871727914e-01, -1.1034562787430724e-01,
       6.0890446481680435e+01, 3.7422966267809848e+01,
       -3.3005262890139051e+01, 3.4977188706841297e+01,
       1.4289310731236327e+01, -1.0604415737347082e+01,
       -3.4443051720566653e-01, -8.7877721590363711e-01,
       -8.2166884894906556e-01, 1.3573102114067020e-01,
       3.7728240912924988e+01, 1.3191263406796165e+02,
       -2.6650333064535932e+01, -5.3568951915434504e+01,
       -9.3713932236187585e+00, 2.4175663730538473e+00,
       2.2150420677469245e+00, 1.0687120417914264e-01,
       -1.4530463250697720e-01, -2.3478589391578869e-01,
       -1.4142561791865418e+02, -5.9113651827122126e+01,
       3.9636120558312044e+01, 2.8168580365771508e+01,
       -1.7887659674214632e+01, 1.7034150575239948e+01,
       5.0815069675491664e-01, 1.2791546032038441e+00,
       -3.0255431663814886e-01, -9.6637763301628005e-04,
       6.9864339964422172e+01, 5.7081206735139624e+01,
       -8.4354813156386985e+00, -1.7961807493958915e+01,
       2.8203337937853403e+00, -7.5928258827960002e+00,
       -1.2946471590620249e+01, 1.4630023697763210e+00,
       7.5100519419677143e+00, 1.1815297223593699e+00,
       -1.9040130386460203e+02, 3.2244513835146428e+01,
       3.3460030180314455e+01, -3.6866437443269731e+01,
       -4.3646266187301652e+00, -1.6610637209790013e+01,
       -1.5936046597399462e+00, 2.1498992240733905e-01,
       1.0350780087691660e+00, 1.2277233455204775e-01,
       -1.6249055333011307e+02, 5.9286989310075214e+01,
       3.2715363558028685e+01, -3.2232774801139783e+01,
       -4.9611469667265560e+00, 3.6240296366307772e+00,
       1.1670164488049979e+00, 1.4678884391808174e+00,
       -7.2701659231180038e-01, 4.6069161663580278e-02,
       9.6456091497746684e+01, -8.2148310922859963e+01,
       -1.9276792269290667e+01, 4.7771245216170996e+01,
       -2.8694755112303806e+01, 8.1749332273033986e+00,
       2.0675779384932280e+00, -1.5171947203138321e+00,
       -5.5049530041198969e-01, 8.1143292398541300e-01,
       -1.9125405050892905e+02, -5.4018461579748966e+01,
       4.0151266975752023e+01, 5.1948376156455378e+00,
       -5.9820207383190587e+00, 1.7060306467406081e+00,
       -3.7782073918780954e+00, -1.6014371225748322e-01,
       4.8785448559791007e+00, 8.8881987882590929e-01,
       6.1186460333339824e+01, 9.5995015109990533e+01,
       -3.5939803515244996e+01, -2.9852678541174189e+01,
       -6.4665863770369842e+00, 5.2248445297604029e-01,
       7.1162964164031217e-01, -5.3068467515097784e-01,
       -3.7450706850792553e-01, 2.1735210662437976e-01,
       -1.6087284319214703e+02, -2.6594299608040338e+01,
       4.2215285983321685e+01, 3.0718466014544470e+00,
       -2.2266339266722572e+00, 4.5972978023782289e+00,
       5.0219018019336947e-01, 1.0824707862033172e+00,
       -8.8592781005525900e-01, -3.2272101002279577e-02,
       1.2754463061827916e+02, 1.2325081407870146e+01,
       -3.7742345669658370e+01, 6.8551717367312683e+00,
       -1.4496056525014716e+01, -1.0346012316473866e+01,
       -2.9639770702561097e+00, 7.5214308336765923e-01,
       -6.5080513225697989e-01, 1.8493114823580858e-01,
       1.9082125148685509e+02, 1.3313027108053012e+01,
       -4.9415824040372442e+01, 1.3221518618827764e+01,
       -9.5791386531094158e+00, -6.7353359299331093e+00,
       1.0573261378060956e+00, -4.7082633303806576e-01,
       -9.2167284187681253e-01, -2.5285728918624045e-01,
       1.3431861828361560e+01, -2.3922934533077390e+02,
       8.4047144795105346e+00, 7.5698988836716580e+01,
       -1.1355089638871358e+00, -3.2183968282711376e+01,
       -3.2493978644407022e+00, -1.3437061062427771e+00,
       3.0765010364980611e-01, -1.8824879850705281e+00,
       -1.3287345728940403e+02, 1.3136950756953291e+02,
       1.0340517777784557e+01, -5.4158959560987249e+01,
       -2.4972066705323495e+01, -4.0784963268290975e+00,
       -2.5671375998691903e-01, -1.1858962559502664e+00,
       -5.7831763494409671e-01, -4.2597774534999522e-01,
       -2.8190984739109762e+01, -9.5048649687922548e+01,
       2.6460719986239468e+01, 3.5667245427472189e+01,
       9.0261308284493822e+00, -1.4753433646801375e+00,
       -2.4372795851870257e+00, 2.1680678284312043e+00,
       4.5475710639535931e+00, -2.8921136757601320e+00,
       3.5547979073649452e+00, -9.5509654836593641e-02,
       -9.8650679442158378e+00, -2.3821608824873994e+00,
       -7.8493046541853468e+00, -8.9980107614766585e+00,
       8.6484248027006994e-02, -5.6051077501273960e-01,
       -1.1089809736893694e+00, -1.2547158854489945e-01,
       8.0101639189734648e+00, -2.4070095048242603e+01,
       6.4094497009247453e-01, -1.1456869369271999e+01,
       1.3805830925181162e+01, -1.5955046988367451e+01,
       -4.3339630209405264e+00, 4.2329642046107150e+00,
       6.3551815688739755e+00, -1.3523366423372263e+00,
       7.2171751619712063e+00, 5.3320558092388339e+01,
       -1.4911129112953851e+01, -4.1059470421665651e+01,
       -1.5051137053389013e+01, -8.2641008340825159e+00,
       -2.7727525734821845e+00, -1.2769058697490572e+00,
       4.5802495018206102e+00, 1.7680738468560218e+00,
       4.0456911131294980e+01, -1.0979412834808740e+02,
       6.5855223020342857e+00, 5.6183854256219107e+01,
       1.9262956878094815e+01, 1.1370121612387932e+01,
       1.9280425973893900e+00, -8.5492485710141985e-01,
       -6.4230438418309965e-01, 4.1018852294070945e-01,
       -1.7944806506903706e+02, -1.4239071283788422e+02,
       5.1973540394939022e+01, 4.7559840490900228e+01,
       -3.8230162443329476e+01, -1.5883148870594791e+01,
       -4.8948760295564417e+00, -1.6558472662271952e+00,
       -1.5555459320742970e+00, -6.9620680835640159e-02,
       -2.5531970980822926e+01, -1.5523912480035939e+01,
       1.0547840218994759e+01, 9.7095401915121826e+00,
       2.0878343136149873e+01, 1.3267927187508722e+01,
       1.7190358999699522e+00, -4.5258742210627007e-01,
       2.1273096994250043e-01, -9.9624327200220963e-02,
       9.7535310733762415e+01, -1.0704492907349973e+01,
       -2.7228325307444635e+01, 1.8916252688450133e+01,
       -1.6906197738038941e+01, 1.4097932236450475e+01,
       9.7060783645299942e-01, 1.6619089759715164e+00,
       3.2679869800124654e-02, -2.7425111196683293e-02,
       1.4618541516765671e+02, -2.3055713507886897e+00,
       4.4539432186656356e+01, -6.4407268531233930e+00,
       1.0686225034315969e+01, -2.9551231689311530e+00,
       6.8650215236622625e-02, -8.4155648672870664e-01,
       -5.1011686859190819e-01, 1.0539428331196375e-01,
       -1.3701022264434096e+02, -1.7795104741614367e+01,
       3.4200795713053665e+01, -1.5389308137644360e+01,
       -1.4823531183557275e+00, -2.2893100155590773e+01,
       -9.6434905185739961e-01, 6.9881224201512923e-02,
       -1.7341696649480436e+00, 2.5809230118221810e-02,
       7.1483791794219886e+00, 9.3262793739513924e+01,
