%YAML:1.0
means: !!opencv-matrix
   rows: 19
   cols: 10
   dt: d
   data: [ -1.5571783973518910e+02, -5.8881462674333292e+01,
       4.3574741993541828e+01, 2.4216175825402221e+01,
       -1.7968213608633402e+01, 1.2676701567533224e+01,
       2.3431436721517343e-01, 1.2596963167156106e+00,
       -5.9851958214904499e-01, -6.9535936195373960e-02,
       1.3483656302892416e+02, 6.6812950098377598e+01,
       -4.2014021413426491e+01, -1.0863992545296270e+01,
       -9.2357616152942104e+00, -7.3417174545715225e-01,
       1.8089133475360979e+00, 2.1083349393634021e-01,
       -3.8237843574917557e-01, -2.6807824186187706e-01,
       2.9374914152990470e+01, 1.2679098043397316e+02,
       -2.8196807513576896e+01, -5.2277030385617302e+01,
       -8.4713227742503321e+00, 1.1647446113880235e+00,
       2.0265423983609501e+00, -1.2321153381215282e-01,
       -2.4684435365903346e-01, -7.1806810862518056e-02,
       1.6708902802427042e+02, 2.0636506250171127e+01,
       2.8090502797451776e+01, -1.4467079034254061e+01,
       -1.3664315773064642e-01, -6.6041350581540215e+00,
       -5.1864388992617050e-01, -6.7653436225918662e-01,
       -6.4400257693271190e-01, 1.2141234823929536e-01,
       4.4769463270863369e+01, 5.3941090247743084e+01,
       -1.1737625392699979e+01, -2.5217457566824098e+01,
       -3.7340204402633592e+00, -8.5944993868026831e+00,
       -8.9889845157565436e+00, 5.8551961914544082e-01,
       6.5229926728494076e+00, 1.4629734115182065e+00,
       -1.3055398866007602e+01, -4.0681215649450280e+01,
       9.6036746561347623e+00, 1.5785358116543343e+01,
       3.3709115000021370e+01, 6.1287946104608908e+00,
       1.3010854381984289e+00, -8.2183653594037431e-01,
       -1.5678726331632709e-01, 1.0045795915533147e-01,
       -3.7177489450055390e+00, -3.9757345274385806e+01,
       7.7237790328465623e+00, -3.0921337678963030e+00,
       1.1193135160781075e+01, -1.2152910395481438e+01,
       -3.5269855678611592e+00, 3.4613065197559543e+00,
       5.9062912733302237e+00, -1.5458443098949854e+00,
       1.6052331865321787e+02, -4.9373823667281408e-02,
       -4.9568255725674113e+01, 1.5859708413299288e+01,
       -1.1852920365091364e+01, -9.7189199885576869e+00,
       -1.1934133943482670e+00, -4.8038785457287125e-01,
       -9.3260154705368359e-01, 1.6541618663329646e-02,
       -1.4723309063430276e+02, 5.8755477023867172e+01,
       2.5427499704885761e+01, -3.8401175804032299e+01,
       1.4755503531199299e+00, -4.9243280655310180e+00,
       4.4354280534695384e-01, 2.5104982021103062e-01,
       1.6714443652941282e+00, 2.9104491132881105e-01,
       8.7227884128111739e+01, -7.7400689839597689e+01,
       -9.7159533025507319e+00, 5.0330612675799593e+01,
       -1.0855816792686896e+01, 1.7956546346511399e+01,
       2.3214252015290366e+00, -4.5138829317774642e-01,
       -2.9521113398829468e-01, 3.6441624633738640e-01,
       -9.6513114021639232e+00, 8.8902943484920783e+01,
       -8.7298106188070328e+00, -4.2909557848593039e+01,
       1.2612669457225971e+01, -1.2531510221125948e+00,
       1.5283751558693528e+00, -1.4537093364506773e-01,
       -2.9818827396098641e-01, 4.6939595573019084e-02,
       -1.6867306915896333e+02, -1.3545661861954611e+02,
       4.9657406523825074e+01, 4.6246697837559061e+01,
       -3.5306663079609173e+01, -1.0706593579260135e+01,
       -5.6018924159005596e+00, -1.3268591829239975e+00,
       -2.3518148839843911e-01, 2.4301382545067854e-01,
       -3.1549302310518673e+01, -1.3044968569402929e+01,
       2.4573145889322698e+00, -9.8706687059814013e-01,
       -7.4861248055629366e+00, -1.3307506179067479e+01,
       -2.3721071169215321e-01, -3.4590017293634656e-01,
       -1.4947658409734581e+00, -2.6487758327045644e-02,
       -1.5496231604995126e+02, -1.2572198459473122e-02,
       4.1152973091423178e+01, -1.0153259677436308e+01,
       -7.1331886289552948e-02, 3.4780831950009174e+00,
       7.1069115468392274e-01, 1.1595800325120469e+00,
       -8.3119760253770525e-01, -4.9404213536354880e-02,
       -1.2555655131483981e+02, 1.1766227818201823e+02,
       1.0862816779658463e+01, -5.3111435536073444e+01,
       -1.3252430980135950e+01, 1.7002210973175499e-01,
       5.8105917701431253e-01, -2.4126967554055970e-01,
       -4.9972282834316650e-01, -2.9706440149291047e-01,
       9.9343885039005798e+01, -4.4642517428375662e+01,
       -2.1914829382032877e+01, 3.6767369935005590e+01,
       -2.7570281450471107e+01, 2.3510979946494167e+01,
       1.1076696499615555e+00, 1.2789319756468851e+00,
       4.9359621756705369e-01, 2.9351720255371930e-02,
       5.7344962955996657e+01, -1.0543986245975358e+01,
       -2.4686071212103450e+01, 1.0312386804514093e+01,
       1.1950054216216508e+01, -1.3685543758758130e+00,
       3.2008682701388358e-01, -4.6551835476423437e-01,
       -4.8498191405195840e-01, 6.6255512729113952e-02,
       2.3539529394659806e+00, -1.9630448428944686e+02,
       1.4454218518682204e+01, 6.7843426581457791e+01,
       1.1258738565762728e+01, -2.1593861335892626e+01,
       -1.8876453621868896e+00, -1.1689578009064301e+00,
       2.2699653404765932e-01, -1.2883474397144805e+00,
       -2.0538520568942934e+02, -5.5379061578993422e+01,
       4.0581538905522997e+01, 2.1928642625396098e+00,
       -3.8624709886911499e+00, -2.2075447878399066e+00,
       -2.8414262247867428e+00, -5.0653688535175079e-01,
       4.5003310689650506e+00, 7.7253067170790002e-01 ]
