%YAML:1.0
means: !!opencv-matrix
   rows: 37
   cols: 3
   dt: d
   data: [ 1.8764935585793057e+02, 8.3195445363455050e+01,
       4.3250938848100260e+00, -1.3412507984712573e+02,
       4.9902521786875013e+01, 6.0122553183145328e+01,
       3.8801236938406434e+00, 1.0916967875830931e+01,
       -9.1857152277197756e+01, 1.2708481730096123e+02,
       -1.2387605287231008e+02, 2.3785260246316980e+01,
       -1.8886988200713043e+02, -1.4555017832905034e+02,
       -1.0106904033261539e+01, 5.5844569755123310e+01,
       1.0196994914487545e+01, -3.8638194656533379e+01,
       -2.8406560020708315e+02, 4.2642511863422463e+01,
       -2.7724612804984496e+01, 8.0008088889716760e+00,
       2.0946515971891634e+02, -2.1294014085054656e+01,
       2.3705665042166939e+00, 8.7299636398967266e+01,
       5.6470141776717950e+00, -6.6542127713666716e+01,
       2.2957507461330096e+01, -3.5064281377052566e+01,
       -4.3986399054304705e+01, -1.4783705637429193e+02,
       -3.6485036112431736e+01, 3.6748739656489121e+01,
       -7.8778133236901695e+00, 2.9273759946295822e+01,
       2.8921926142841485e+01, -7.7072370577429226e+01,
       4.7576438683116194e+01, -1.0653733195231941e+02,
       -4.9401457888802611e+01, -6.1349955132858483e+01,
       8.3717311494590533e+01, 4.7365480513031379e+01,
       6.2802950886284044e+01, -1.9126433412303476e+02,
       9.4734890703200236e+01, 5.2374350909125319e+01,
       2.0191638513466046e+02, -1.3300279131479952e+01,
       4.6372190564845432e+01, 1.1636078709052794e+02,
       1.1156822095131055e+02, -3.2820245850104300e+01,
       -8.1337134008210597e+01, -1.5521571973672067e+01,
       7.9807817660844393e+01, -2.3702400938556619e+02,
       -7.2525194968592530e+01, -2.9568782427442077e+01,
       -2.0619442491934026e+02, 2.2276937943855234e+01,
       -4.4079911253530222e+00, 9.6202906698180826e+01,
       -4.1469223318071350e+01, 7.8550365786808342e+01,
       1.4132571921519028e+02, -5.9849550521479983e+01,
       -1.3006297548034080e+01, 2.7628843531045916e+01,
       9.7158339437579158e+01, -8.8013162093518048e+01,
       2.2410615405381131e+02, -1.2647709989294555e+01,
       1.7508815369645685e+01, -2.6362045447485156e+02,
       1.2165240921648460e+02, -3.5397924757047310e+00,
       -1.5067144395886899e+02, -4.2445701106865435e+01,
       2.9280555171973401e+01, -5.4465641580900282e+01,
       5.1651638878734891e+00, 1.0553090511589883e+02,
       4.9111346660477786e+01, 1.0721129194978977e+02,
       4.3329731692460562e+01, 1.4586141997952473e+02,
       2.3268403525498442e+01, 3.1816730579453822e+01,
       -1.7078339285074899e+00, -6.6184612082022667e+01,
       -9.2452386113128071e+01, -6.3907943221216897e+01,
       1.1967698026845588e+02, -4.2654966147248224e+01,
       1.5302783284016478e+01, -1.5131637586893575e+02,
       7.2722565764184495e+00, -9.8963195541064351e+01,
       -1.4087034987139970e+02, 5.9083043126228823e+01,
       8.3760667959270464e+01, -4.6480983738061539e+01,
       -8.1959754984485343e+01, 1.2957326743344203e+02,
       3.6258359796975249e+01, -4.1367621560800224e+01,
       -4.6011448663874766e+01, -5.1392444153374136e+01,
       -1.5432472191433675e+01 ]
covs: !!opencv-matrix
   rows: 111
   cols: 3
   dt: d
   data: [ 1.5641552851886504e+03, 2.8505473588828454e+02,
       1.0551104194457548e+02, 2.8505473588828448e+02,
       1.6219346929668000e+03, -3.9441937791938591e+00,
       1.0551104194457547e+02, -3.9441937791938573e+00,
       6.4936831386181245e+02, 1.6336554447215647e+03,
       1.3999774593849750e+03, 1.9220562246760534e+02,
       1.3999774593849750e+03, 4.4806757098218804e+03,
       1.7370357888871101e+01, 1.9220562246760534e+02,
       1.7370357888871109e+01, 9.4167606348508298e+02,
       1.9907312627679646e+03, 1.3330354205914176e+02,
       -4.4296638055385506e+02, 1.3330354205914179e+02,
       1.8548308458402876e+03, -2.3084286293967793e+02,
       -4.4296638055385506e+02, -2.3084286293967793e+02,
       5.0152570695750467e+02, 3.0624874601260062e+03,
       1.0947432412494986e+03, -4.6600121814239537e+02,
       1.0947432412494986e+03, 3.3315491422387017e+03,
       -4.8337250539210629e+02, -4.6600121814239549e+02,
       -4.8337250539210629e+02, 7.3370541606532527e+02,
       2.0070483743356278e+03, 1.0809013102363685e+03,
       8.5339889608832016e+02, 1.0809013102363685e+03,
       3.1271050283467771e+03, 4.5553552452164217e+02,
       8.5339889608832004e+02, 4.5553552452164217e+02,
       7.1299547535068291e+02, 1.6570418283903214e+03,
       -1.2989017955610976e+02, 1.1324195481360057e+03,
       -1.2989017955610976e+02, 6.5258266955824256e+03,
       -8.5170079904260547e+01, 1.1324195481360057e+03,
       -8.5170079904260518e+01, 1.0163880672693566e+03,
       1.9045469242391230e+03, 1.4225527857987777e+03,
       5.2696354689591942e+01, 1.4225527857987777e+03,
       6.0908599635638102e+03, -4.8272948087688526e+01,
       5.2696354689591942e+01, -4.8272948087688548e+01,
       1.9264740195165703e+02, 2.6411384999427573e+03,
       -7.4711985768738884e+02, 9.8776013725425594e+02,
       -7.4711985768738873e+02, 2.9517134701881664e+03,
       -4.0568058578489769e+01, 9.8776013725425594e+02,
       -4.0568058578489769e+01, 1.7005135858816041e+03,
       1.9794314628854602e+03, 1.6356689078827185e+02,
       4.4548861162157374e+02, 1.6356689078827182e+02,
       2.9857765208519309e+03, 1.2764585407318562e+02,
       4.4548861162157374e+02, 1.2764585407318559e+02,
       6.5803031647741432e+02, 2.2188506423740951e+03,
       -8.2822591943470320e+02, 1.5258433963930631e+02,
       -8.2822591943470320e+02, 2.5850174410289137e+03,
       -2.0377450501974980e+01, 1.5258433963930628e+02,
       -2.0377450501974970e+01, 6.1993112077775163e+02,
       4.0522384706963398e+03, 9.3075857386141115e+02,
       -3.3177678868083058e+02, 9.3075857386141115e+02,
       2.9820547046695310e+03, 3.3691171456500939e+02,
       -3.3177678868083063e+02, 3.3691171456500939e+02,
       1.3609239330017906e+03, 1.8110909552504886e+03,
       -3.1221874329344288e+01, 6.9905422608960620e+01,
       -3.1221874329344296e+01, 2.6114817685967851e+03,
       4.2032853357064727e+02, 6.9905422608960606e+01,
       4.2032853357064727e+02, 1.1294010914498310e+03,
       2.1943308653143722e+03, 3.5740263823780873e+02,
       -9.5313237196791690e+01, 3.5740263823780862e+02,
       2.6565764052627537e+03, -2.2819188742724424e+02,
       -9.5313237196791690e+01, -2.2819188742724424e+02,
       8.4009031624716329e+02, 2.3900522463475618e+03,
       -3.1250184111231800e+02, -3.9319906481191498e+02,
       -3.1250184111231806e+02, 6.3001950907628197e+03,
       4.6388340050530746e+02, -3.9319906481191498e+02,
       4.6388340050530746e+02, 4.1315655657272009e+02,
       8.5920448955367306e+02, 2.5288684225663803e+02,
       2.7165499071038209e+02, 2.5288684225663803e+02,
       7.6854784166374584e+03, 4.9590208033909346e+02,
       2.7165499071038215e+02, 4.9590208033909346e+02,
       3.3275233870697724e+02, 2.6312802838912849e+03,
       1.2488833108136489e+03, 1.2983777084282506e+03,
       1.2488833108136489e+03, 5.6223378460474332e+03,
       3.0528349471984313e+02, 1.2983777084282503e+03,
       3.0528349471984302e+02, 1.1732636206024870e+03,
       2.6127573739856030e+03, 2.4318934864197178e+02,
       -4.7312919186085799e+02, 2.4318934864197183e+02,
       7.9956764698961006e+03, 1.6159631697880070e+02,
       -4.7312919186085799e+02, 1.6159631697880076e+02,
       1.7493104659560220e+02, 1.7964650400551134e+03,
       4.2627040462798668e+01, 4.7214732466087696e+02,
       4.2627040462798668e+01, 1.0174046309070515e+03,
       -2.0556445266917405e+02, 4.7214732466087696e+02,
       -2.0556445266917410e+02, 1.6021660356269074e+03,
       1.9741174896586951e+03, 1.1683703427852297e+03,
       -4.2199669134545968e+02, 1.1683703427852302e+03,
       5.7263486124796118e+03, -2.7616557436434971e+02,
       -4.2199669134545968e+02, -2.7616557436434965e+02,
