%YAML:1.0
means: !!opencv-matrix
   rows: 38
   cols: 1
   dt: d
   data: [ 4.2682456302663873e+01, -2.5060429820102371e+02,
       1.6932696273856143e+02, -9.8244803961402411e+01,
       1.0836000904744884e+02, 2.5112186489972652e+02,
       -9.1586527796331900e+00, -1.6648279595116972e+02,
       -3.8881349445242215e+01, -3.2059229584007949e+02,
       -6.9297677979766021e+01, 1.7029207987370764e+01,
       -2.0650776953500073e+02, 2.2769306933344708e+02,
       -1.3006843486500060e+02, 8.2032375427194609e+01,
       1.3755941834059931e+02, 2.0590956316874028e+02,
       1.2296449903181737e+02, -2.2911697024345321e+02,
       3.0656195247357005e+02, 2.7899310711844856e+02,
       5.5534442550587926e+01, -8.4659410176199415e+01,
       -1.1308380566294856e+02, -2.3788848770096248e+01,
       6.8948271223534036e+01, -1.8642284081470049e+02,
       -5.4002601174694910e+01, -1.4822777608309732e+02,
       -3.4723331731161801e+02, 9.5423315406292303e+01,
       4.3087966414001500e+00, -2.9583914864891608e+02,
       1.5300270657909994e+02, -2.7308660610303781e+02,
       3.0478997880464281e+01, 1.8755973052491041e+02 ]
covs: !!opencv-matrix
   rows: 38
   cols: 1
   dt: d
   data: [ 3.8771205081324560e+01, 1.0736873103552554e+02,
       6.6863971728367076e+01, 4.4403852346387893e+01,
       4.7390971610873500e+01, 2.2443192794155783e+02,
       4.8469823400877928e+01, 9.0015635390737472e+01,
       5.3789478726517906e+01, 2.2426507713066829e+02,
       4.9670979994085698e+01, 4.4061973270168764e+01,
       8.9702817332561878e+01, 1.5488912506728175e+02,
       6.6842689064645882e+01, 4.1887807412427250e+01,
       6.4469446167045859e+01, 9.8414119754133552e+01,
       5.2654987633109577e+01, 9.4332761209501257e+01,
       8.1144165126960752e+02, 3.3858096959643092e+02,
       3.5303465078897730e+01, 4.5834384800766657e+01,
       4.9374130394393639e+01, 5.1618461479057558e+01,
       3.7889631521198339e+01, 9.2195188583007038e+01,
       5.2448642533475969e+01, 8.5291726600751034e+01,
       5.6446078171734382e+02, 4.4862457305488519e+01,
       4.6849860520216481e+01, 1.5401872561225667e+02,
       6.9874403892815693e+01, 1.1349471925314391e+02,
       4.2145531922480778e+01, 7.1220907175747797e+01 ]
weights: !!opencv-matrix
   rows: 1
   cols: 38
   dt: d
   data: [ 3.5541143960932109e-02, 1.3906593223188018e-02,
       2.6789312551930931e-02, 3.0163873448299468e-02,
       3.4948048881756691e-02, 1.1520958381744953e-02,
       3.7323923984236791e-02, 2.3773052735053112e-02,
       3.8738175180313840e-02, 5.5290396992298879e-03,
       3.7095440277984344e-02, 3.8004848871247041e-02,
       2.1723916124114340e-02, 1.6526321811710345e-02,
       3.1010018347246870e-02, 3.6354454684084381e-02,
       2.9337516020813120e-02, 1.8975126394962474e-02,
       3.4125647476842068e-02, 2.0291517808554548e-02,
       6.1531314874869892e-03, 8.3421899643953273e-03,
       3.7879755297136067e-02, 3.3645771278561200e-02,
       2.9192273395408443e-02, 3.8431475108690896e-02,
       3.7621883219069119e-02, 2.2759033087541590e-02,
       3.6813853747604958e-02, 2.5948589182349335e-02,
       3.3872731144108325e-03, 3.5127371558930406e-02,
       3.6963998208556760e-02, 8.1081439461566495e-03,
       2.7511030729296553e-02, 1.2914070310426344e-02,
       3.6143133209692938e-02, 2.1378093290029598e-02 ]
pca_proj: !!opencv-matrix
   rows: 1
   cols: 21
   dt: f
   data: [ 1.02604255e-02, 8.46533298e-01, 5.67100069e-05,
       -5.08859605e-02, 4.68450844e-01, 1.89823491e-04, -5.55210514e-03,
       1.46431834e-01, -1.98076777e-05, -7.31809530e-03, 1.34976640e-01,
       -4.80776835e-05, -6.69380091e-03, 1.46460637e-01, -1.57161594e-05,
       2.11501210e-05, 1.32904761e-05, -3.16381829e-07, -1.62182951e-05,
       4.47223283e-04, 4.04881848e-06 ]
pca_mean: !!opencv-matrix
   rows: 1
   cols: 21
   dt: f
   data: [ 4.33646118e+02, 2.44701981e+02, 1.49672687e+00,
       4.18191803e+02, 2.60206879e+02, 1.62062907e+00, 3.68545319e+02,
       2.27059875e+02, 1.69770968e+00, 3.19420807e+02, 1.63929108e+02,
       1.75046074e+00, 3.16613464e+02, 2.25532654e+02, 1.70717156e+00,
       1.08872897e-04, -9.74175637e-05, 6.24380555e-05, -2.17504916e-04,
       -2.50119597e-01, 1.75055194e+00 ]
gamma: !!opencv-matrix
   rows: 38
   cols: 1
   dt: d
   data: [ 7.7290125134337684e-01, 8.8102857819736202e-01,
       8.4646857767413608e-01, 8.0397552763619518e-01,
       8.1101663446581140e-01, 8.8266908276346911e-01,
       7.6351307720095674e-01, 8.4483689215899116e-01,
       7.7134434562936505e-01, 9.0231337530511613e-01,
       7.8644235172624410e-01, 7.6470243522947912e-01,
       8.6380526355345744e-01, 8.7356335637577420e-01,
       8.2407556649524616e-01, 7.9445457699584154e-01,
       8.2903797987636363e-01, 8.6409313064620175e-01,
       8.2013043708798528e-01, 8.7306284032856896e-01,
       9.0316249676395077e-01, 8.9237365900332632e-01,
       7.7900015863239569e-01, 7.9554522136324268e-01,
       8.1336585032602948e-01, 7.6626601951287265e-01,
       7.8650502806304134e-01, 8.5476327851885181e-01,
       7.7819237526698382e-01, 8.3491628238929427e-01,
       9.1042371963216628e-01, 8.0285592013824625e-01,
       7.6316096291376567e-01, 8.9539750792824946e-01,
       8.3785839894216763e-01, 8.8842931766111644e-01,
       7.6826047884172433e-01, 8.5549098970392845e-01 ]
