%YAML:1.0
means: !!opencv-matrix
   rows: 17
   cols: 13
   dt: d
   data: [ 8.1701409077101502e+01, 1.5414639317899596e+01,
       -2.4100261889290103e+01, -3.2400084607442402e+01,
       -2.6589551188748402e+01, -1.9751116459430136e+01,
       8.6488805955964709e-01, -2.3703054302925137e+00,
       2.1345542205141974e-01, -4.0931169434687394e-02,
       1.0626166643585708e-01, -5.4704504907539166e-03,
       5.6010535322514648e-04, -1.8775300624429886e+02,
       1.3173240319944739e+01, 3.5524754591432902e+01,
       -6.6302264407850462e+00, -3.7881841917870909e+00,
       3.8242318034080074e+00, -3.0100181999567805e+00,
       -6.6230655723573770e+00, -2.5662379371407589e+00,
       9.3348740155861731e-01, -1.4506242750724824e-01,
       -1.0660178848448752e-01, -3.9987681968536217e-03,
       -1.4427918960727189e+02, -4.1733539538575144e+00,
       3.6254556788278414e+01, 3.9745907961552662e+00,
       -6.1207307602587069e-01, -4.1391288301465332e+00,
       1.8171687979312534e+00, 1.0100358403790612e+00,
       4.0122008891219563e-01, -6.8438260025592293e-02,
       -6.2265093504656636e-02, 2.7088165901979098e-03,
       2.8247987875340656e-03, 1.0282360721379366e+02,
       1.2435152134088494e+01, -2.5989282582708430e+01,
       -5.1720390589141880e+00, 7.0516613906223713e-02,
       4.9273132319702571e+00, -1.2183504820383220e-01,
       1.0208671944415966e+00, 2.1753290973178596e-01,
       -1.2713560989587330e-01, -2.0584037898320820e-02,
       3.8239379998475459e-02, 8.7829091752167441e-03,
       -8.7256060847995194e+00, -5.8265374993057243e+01,
       -3.5000720276479402e+00, 3.5614609628516099e+01,
       4.7985817267543576e+00, 2.2083956889268833e-01,
       8.4750840391805815e-01, 4.6391678523843349e-01,
       6.1754846925649409e-01, 1.5334433469314376e-01,
       1.8292038823730146e-04, -3.2534589387968140e-03,
       -3.5543506714802399e-04, 1.2337927775033535e+01,
       6.0201785857435631e+01, -9.1179697073265775e-01,
       -3.6370717222283318e+01, 1.3172640143334256e+01,
       -1.4181830539147779e+01, 2.5322714008248650e+00,
       1.7066876899351457e+00, 4.5742395200802433e-01,
       1.9378100934606712e-01, -7.2282721645140338e-02,
       1.5857632372006394e-02, 2.0096044224771417e-03,
       1.6457590279311424e+02, 1.5339893825728579e+01,
       -4.5582377540892395e+01, -1.7832750824276836e+01,
       -7.8494739544505636e+00, 1.3324196591390024e+01,
       -2.8034246882943363e-02, -9.2834456999965376e-01,
       -9.7487146256496127e-01, -1.0478005294899380e+00,
       -5.4199391467993623e-02, -7.5823077124325011e-02,
       -3.4429665244044660e-03, 3.6376184143429064e+01,
       -9.7234549109946784e+01, -1.0103317820894118e+01,
       6.7978816841707911e+01, -4.0930539475474461e+00,
       -1.0673952567157738e+00, 2.0638658642012371e+00,
       -3.1750736093509829e-01, -7.8962491809480687e-02,
       -1.4906754567516309e-01, 1.6032985327992494e-02,
       -1.7015864252642132e-02, 3.0558761773368378e-03,
       -1.7157887812807490e+02, -7.3099028032173464e+01,
       3.5318197307938973e+01, 5.0593067073752628e+01,
       -1.7992003975725567e+01, 4.3738345832712389e+00,
       -8.3543632497298947e-01, -6.0105004044373977e-01,
       6.9557070954877642e-01, -3.6995198605256585e-01,
       7.9313973807219926e-02, 7.3630441264242556e-04,
       -2.6532574223947728e-03, 2.4730626381760239e+01,
       3.6314450382602836e+01, 4.3858239666022785e+00,
       -2.7918630575967928e+01, 8.7253888642065931e+00,
       -8.4887949490605852e+00, -4.2812772134302293e+00,
       -1.1610787715326119e+00, -5.0835109877735709e+00,
       -2.4046188078037978e+00, -2.2966628593261593e-01,
       5.4672836034392255e-02, -4.1822652382576618e-02,
       1.3807797936576742e+02, -1.3675636891467461e+01,
       -3.6503144287894486e+01, 1.2291419348359664e+01,
       -5.5221787850082480e+00, 1.1860082223681349e+01,
       -1.3423563239750871e+00, 1.5500821980172690e+00,
       1.4521021737169257e-01, 2.0693837013227245e-02,
       1.1000288418431255e-01, -2.9318111085478670e-02,
       -5.7577659658286521e-03, -1.9526687985526360e+02,
       8.5058919369258604e+01, 4.1220063648222308e+01,
       -4.8147429552684144e+01, -2.2922643495929631e+01,
       1.2428313629735809e+01, -2.8699122672044441e+00,
       1.8563674873522202e+00, 6.9905379545452151e-01,
       -5.3912081054608429e-02, 5.0620115221055133e-02,
       8.3401815198497192e-03, 2.9191959987000153e-03,
       -5.1900008372487726e+01, -3.0389438848880403e+01,
       2.6943778426826867e+01, 4.8816682765962447e+01,
       1.5348356611729910e+01, -8.7175050051820282e+00,
       -8.2312439737143528e+00, -3.3230600626921549e+00,
       -3.9702361480789272e+00, 1.4107113080208036e+00,
       1.2929715892010554e-01, 1.5837135350440903e-01,
       -5.6936965797627054e-02, 3.1281525019811309e+00,
       -1.5122742002840440e+01, 1.0573499436622029e+01,
       1.1129053834759715e+01, 2.6593301078263650e+01,
       -9.9265397615810880e-01, 1.3768084897979280e+00,
       1.5974792511590155e-01, 3.1248345210825612e-01,
       -3.8210176783941500e-02, 2.5803637805207516e-02,
       1.1882447110898581e-02, 1.0530709320893101e-02,
       1.9352676105604790e+01, 1.5648721447133704e+02,
       -1.7289731050760665e-01, -8.6061410266153359e+01,
       1.5813018764652350e+01, 1.5836293731361225e+01,
       -4.0428780413635895e-01, 2.4299928611781536e+00,
       1.8935101210245164e+00, 4.3679581783971527e-01,
       -5.7601961772746194e-02, -3.1470647582462333e-02,
       8.3397484289657808e-04, 1.6251151262387845e+02,
       2.1577754597360546e+01, -4.3720994320823642e+01,
       -2.0193344767057862e+01, -1.4773863151859242e+01,
       2.4712035905061343e+00, 3.1005102460105562e+00,
       -1.5906695698410038e+00, 7.6907377828666468e-01,
       1.5627245690017444e+00, -3.5071184144487733e-01,
       -8.4430964700653879e-02, 1.0928765564725254e-02,
       2.0245401497829928e+01, 1.8656461017093078e+00,
       5.9378721541081969e+00, -6.1758667446869986e-01,
       1.0237474030432665e+01, 7.0289638184478918e+00,
       -8.4461605436885758e+00, -6.8882254505590286e+00,
       -4.6987667987389488e+00, 1.4028677019700433e+00,
       -9.1713332263884839e-02, 5.3169302956575081e-03,
       -3.7316722651204962e-02 ]
