%YAML:1.0
means: !!opencv-matrix
   rows: 3
   cols: 2
   dt: d
   data: [ -1.3582631211900502e+02, -2.7195163597966818e+00,
       6.1545661809918080e+01, -6.2961172932580837e+01,
       7.5907219987368492e+01, 6.3465802061382078e+01 ]
covs: !!opencv-matrix
   rows: 6
   cols: 2
   dt: d
   data: [ 8.7036164842841990e+03, -1.0930407802253860e+03,
       -1.0930407802253865e+03, 1.1318060498793755e+04,
       7.8653018999615406e+03, 3.5312941872546202e+02,
       3.5312941872546190e+02, 5.0416082940965644e+03,
       7.8047288687119926e+03, -6.9846681494022766e+02,
       -6.9846681494022744e+02, 4.9322501918667358e+03 ]
weights: !!opencv-matrix
   rows: 1
   cols: 3
   dt: d
   data: [ 3.3640416230881032e-01, 3.2586982137875270e-01,
       3.3772601631244020e-01 ]
pca_proj: !!opencv-matrix
   rows: 2
   cols: 21
   dt: f
   data: [ 4.36961316e-02, 8.50134730e-01, 1.73015636e-04,
       6.54514134e-02, 4.60692108e-01, 2.29939164e-04, 7.67599978e-03,
       1.46649793e-01, -1.37564148e-05, 1.21663406e-03, 1.30500361e-01,
       -5.45994153e-05, 8.06188770e-03, 1.42052382e-01, -2.12945142e-05,
       -2.45414903e-05, 9.56867734e-06, -1.94090262e-06, 3.13729906e-05,
       4.34020360e-04, 2.32224409e-07, 7.68702388e-01, -5.10314330e-02,
       1.14127281e-04, 4.21110362e-01, -3.83849256e-02, 4.02935693e-05,
       2.81941950e-01, -1.35209868e-02, 1.95932400e-04, 2.66951323e-01,
       -4.70317341e-03, 2.29704310e-04, 2.76557714e-01, -1.55316098e-02,
       2.11025646e-04, -3.74769334e-05, 5.54774260e-06, -7.89335627e-06,
       8.86836962e-04, -5.85095040e-05, 1.91629806e-04 ]
pca_mean: !!opencv-matrix
   rows: 1
   cols: 21
   dt: f
   data: [ 2.07625534e+02, 2.55653595e+02, 1.54502928e+00,
       2.18915131e+02, 2.60592743e+02, 1.67241716e+00, 2.65274475e+02,
       2.24016678e+02, 1.71669352e+00, 3.19420807e+02, 1.63929108e+02,
       1.75046074e+00, 3.16613464e+02, 2.25532654e+02, 1.70717156e+00,
       1.08872897e-04, -9.74175637e-05, 6.24380555e-05, -2.17504916e-04,
       -2.50119597e-01, 1.75055194e+00 ]
gamma: !!opencv-matrix
   rows: 3
   cols: 1
   dt: d
   data: [ 9.3490262354565379e-01, 8.9977271689416360e-01,
       8.9652410269190463e-01 ]
