%YAML:1.0
means: !!opencv-matrix
   rows: 18
   cols: 4
   dt: d
   data: [ -7.4610583483441530e+01, -8.1818753542818285e+01,
       7.6836443933870697e+01, -4.4119236743521860e+01,
       1.8456245027785499e+02, -8.4287701347370245e+01,
       1.0428540868837425e+01, -1.7287803890793700e+01,
       -7.3921808163936078e+01, 4.4763675358147545e+01,
       -8.3976032614844698e+00, 5.3912195119308748e+01,
       1.7937775082722393e+01, -2.4151980665920050e+02,
       6.1040417728821099e+00, 7.6393658855523938e+01,
       7.7985007857259930e+01, 3.4274233156547780e+01,
       4.9205592598463799e+00, -8.1435522045059244e+01,
       -5.9294468470156218e+01, -7.6604043795065948e+01,
       -3.6814829356359503e+01, -1.2166890065734066e+00,
       -3.3431006409197963e+01, 3.3289718941052193e+01,
       -7.6063832572883626e+01, -5.9219626148798973e+01,
       5.5005832110067978e+01, -1.2303721126373566e+02,
       2.8055709719408842e+01, -4.3704078593906836e+01,
       -7.2075208340643030e+01, 4.7348595776546553e+01,
       9.8321554974435813e+01, 1.7689661973539245e+01,
       -2.1562611311789533e+02, -2.7639250174373558e+01,
       2.5343174788180725e+01, 3.7523014367359416e+01,
       -1.7459061057851028e+02, 9.1555722060068618e+01,
       1.0528410592592612e+01, -2.9506698090559738e+01,
       1.1611332052431965e+02, 1.4067426166661372e+02,
       3.8600038924736907e+01, -1.4367089189901005e+01,
       6.5403296075263640e+01, -9.3146493503159196e+00,
       -5.3138893196198488e+01, 6.4722448282933399e+01,
       8.2888689347689677e+01, -1.0481222612713209e+02,
       -7.1076417694158280e+01, -4.8535872970261478e+00,
       5.7386990256892169e+01, -7.8212576349035405e+00,
       5.5754655695889838e+01, 1.7342088271217310e+01,
       -1.9485670052419914e+02, -1.1540911446389104e+02,
       -3.9671548806315653e+00, -3.3289756794736618e+01,
       2.4764133283497820e+01, 1.2832816543356165e+02,
       -4.3495430008678831e+01, 9.9316390331956104e+00,
       1.7388884601485265e+02, 2.0988962953019318e+01,
       2.7967942424495359e+01, 5.4575372776820004e+01 ]
covs: !!opencv-matrix
   rows: 72
   cols: 4
   dt: d
   data: [ 3.5272414728440535e+03, 7.7665206165350025e+02,
       1.1336685443197474e+02, -1.4266818684910430e+02,
       7.7665206165350037e+02, 6.6430361887834242e+03,
       -3.3708848706645097e+02, -1.2584264807185639e+03,
       1.1336685443197477e+02, -3.3708848706645102e+02,
       5.6387456561217402e+02, 1.7694680683275595e+02,
       -1.4266818684910430e+02, -1.2584264807185641e+03,
       1.7694680683275595e+02, 1.3999336593641044e+03,
       3.9736687266297331e+03, 4.9200680293537278e+02,
       -4.0792839961471134e+02, -4.5593413612124596e+02,
       4.9200680293537278e+02, 3.5522996790616662e+03,
       -2.8561504277049289e+02, 2.0028757209147432e+01,
       -4.0792839961471134e+02, -2.8561504277049289e+02,
       9.2484941852296186e+02, 1.7068253472740821e+02,
       -4.5593413612124596e+02, 2.0028757209147429e+01,
       1.7068253472740821e+02, 9.2890025958218905e+02,
       4.3906231396296553e+03, -5.6032411347651566e+02,
       4.1489085261070545e+02, 1.5258491491303855e+02,
       -5.6032411347651566e+02, 4.6817361081931049e+03,
       -3.4642883062144527e+01, -8.3121816072377305e+02,
       4.1489085261070551e+02, -3.4642883062144520e+01,
       1.0782919263215238e+03, -9.0257158584654817e+01,
       1.5258491491303855e+02, -8.3121816072377305e+02,
       -9.0257158584654789e+01, 1.2269229356473625e+03,
       5.5977024519819997e+03, -3.0054571287866452e+02,
       2.9929522419965883e+03, -1.0013957931282602e+03,
       -3.0054571287866480e+02, 6.0731820586641497e+03,
       1.1423603055729952e+03, 2.6428194106574128e+03,
       2.9929522419965883e+03, 1.1423603055729955e+03,
       2.3756150575341831e+03, -5.2170707681706908e+01,
       -1.0013957931282600e+03, 2.6428194106574128e+03,
       -5.2170707681706922e+01, 1.7459431865656118e+03,
       6.3989426463421814e+03, -8.9564602858173453e+02,
       3.1080583697146757e+01, 4.2855217862231893e+02,
       -8.9564602858173487e+02, 3.1425775779218193e+03,
       3.2179229134690354e+02, 1.7142867546628693e+02,
       3.1080583697146743e+01, 3.2179229134690354e+02,
       1.1262063932384156e+03, -1.6828808892470877e+02,
       4.2855217862231893e+02, 1.7142867546628696e+02,
       -1.6828808892470877e+02, 8.7756803597543910e+02,
       2.4078409688723600e+03, -9.1506840578682147e-01,
       6.7801925225407012e+02, -1.5371001741594648e+02,
       -9.1506840578679594e-01, 5.8826181854825818e+03,
       1.5816126040959838e+02, -4.8239445643724497e+02,
       6.7801925225407024e+02, 1.5816126040959836e+02,
       8.3679888847066456e+02, 2.3351376214366914e+02,
       -1.5371001741594642e+02, -4.8239445643724497e+02,
       2.3351376214366906e+02, 1.4259247150848043e+03,
       6.1896746077702464e+03, -1.4568974999822778e+03,
       -1.6411801803115259e+02, 6.3191687303893536e+02,
       -1.4568974999822778e+03, 3.8054027309118464e+03,
       9.4864118027817753e+01, 2.1260717447604171e+02,
       -1.6411801803115262e+02, 9.4864118027817796e+01,
       9.3807976606779857e+02, -6.9560089565428285e+01,
       6.3191687303893536e+02, 2.1260717447604162e+02,
       -6.9560089565428285e+01, 8.7752487763107331e+02,
       2.8237693299933403e+03, -2.7965792102638073e+02,
       8.9719890686837812e+02, -1.7662387993585878e+02,
       -2.7965792102638073e+02, 5.0150631294323375e+03,
       -3.4021957058472884e+02, -1.6903245318293591e+03,
       8.9719890686837812e+02, -3.4021957058472884e+02,
       9.6735910287903528e+02, 5.5765187523177786e+01,
       -1.7662387993585887e+02, -1.6903245318293591e+03,
       5.5765187523177801e+01, 1.1609710464952041e+03,
       3.6498172600397243e+03, 6.2120387918895005e+02,
       -4.3896075103018958e+01, -2.5093775909294359e+02,
       6.2120387918895005e+02, 7.0761189219518192e+03,
       -3.1822953338904551e+02, -1.1604176157204754e+03,
       -4.3896075103018937e+01, -3.1822953338904546e+02,
       6.1228336992858578e+02, 2.2036089202145263e+02,
       -2.5093775909294359e+02, -1.1604176157204754e+03,
       2.2036089202145266e+02, 1.3094612117942982e+03,
       4.0700531569423397e+03, -7.8117430568491557e+02,
       1.4548350493632979e+03, -3.8370034525189681e+02,
       -7.8117430568491557e+02, 6.3859351143308295e+03,
       1.9084331935563804e+02, 3.4444099036627773e+02,
       1.4548350493632979e+03, 1.9084331935563807e+02,
       1.2435914513020834e+03, 3.4047470833490124e+01,
       -3.8370034525189681e+02, 3.4444099036627773e+02,
       3.4047470833490152e+01, 1.5444059729817657e+03,
       5.5880159114018988e+03, 8.4745948386688008e+02,
       1.5470734820357511e+03, -1.0577379807803784e+03,
       8.4745948386688008e+02, 7.0456271749504840e+03,
       -1.7007620980794141e+02, 1.8137140903843504e+03,
       1.5470734820357509e+03, -1.7007620980794141e+02,
       1.9335887758954093e+03, 6.6073639254383480e+01,
       -1.0577379807803784e+03, 1.8137140903843504e+03,
       6.6073639254383494e+01, 1.4377088729427039e+03,
       7.1848631864193558e+03, -1.7126961794861329e+03,
       -7.2104779120832472e+02, 1.0112689020251097e+03,
       -1.7126961794861334e+03, 4.8907181512703655e+03,
       3.5746332116192889e+02, 8.0621329279051199e+00,
       -7.2104779120832472e+02, 3.5746332116192889e+02,
       7.1997941631295612e+02, -1.8936481948318846e+02,
       1.0112689020251099e+03, 8.0621329279051128e+00,
       -1.8936481948318846e+02, 1.0192713661790974e+03,
       3.4929751533920221e+03, 8.5915487440775973e+02,
       2.4279482406076687e+02, -4.1498379030355505e+02,
       8.5915487440775973e+02, 4.0537150788362251e+03,
       -3.3265168798939840e+02, 1.1220064395300783e+03,
       2.4279482406076673e+02, -3.3265168798939845e+02,
       1.3596286126428190e+03, 4.1403000932074029e+01,
       -4.1498379030355505e+02, 1.1220064395300783e+03,
       4.1403000932074015e+01, 1.0006380319723035e+03,
       4.1105215417204399e+03, 5.7763564922822184e+02,
