%YAML:1.0
means: !!opencv-matrix
   rows: 5
   cols: 12
   dt: d
   data: [ 8.2447207963988845e+01, -8.5814443171801269e-01,
       -1.9961775654220862e+01, -2.4668704835582300e+00,
       3.2579734010631439e-01, 4.3849307971631696e-01,
       1.8868379025269064e-01, 2.5795737968976407e-01,
       2.9446537406133205e-01, -3.9717159504998885e-02,
       6.1697163132514041e-02, 2.1077557070534360e-03,
       -2.0053732594100188e+02, 4.7242827059070535e+01,
       4.2060837391146379e+01, -2.3531772005203333e+01,
       -1.6648763129682653e+01, 1.0277259271880316e+01,
       -2.5934940893403522e+00, -2.1411734415962289e-01,
       -1.8807006215571950e-02, 1.5123965585454702e-01,
       1.4840386176929087e-02, -1.9302084354260493e-02,
       -2.9371247550865068e+01, 3.6071421850176549e+01,
       9.5024928213427751e-01, -1.9050760748221780e+01,
       -1.2620849527444018e+00, 2.5671932097127996e+00,
       1.3088753567378426e+00, 2.0579022883205274e+00,
       9.5270661372871634e-01, 1.4435409150834763e-01,
       -1.8876518001202738e-01, 1.4325143369641052e-02,
       4.4083944683215364e+01, 1.0619145826897123e+01,
       -2.8034082994564344e+00, -9.3912810661707269e+00,
       6.8271341043875626e+00, 9.9815198690729146e-01,
       -5.3776064155746308e+00, -4.1667191026846355e+00,
       -4.2881094142598934e+00, -1.4290865564397329e-01,
       -1.3380219394946086e-01, -5.3897841272079966e-03,
       -5.8263793648499657e+01, -4.4295600630546311e+01,
       1.8143569565897000e+01, 2.9565510142013963e+01,
       6.3067421266605486e+00, -7.7020843518425917e+00,
       1.9335647136475640e+00, -1.7840290365441241e-01,
       2.7530666701913786e-01, -2.7650376669948778e-02,
       1.2034972309921503e-02, -1.5293710998379688e-04 ]
covs: !!opencv-matrix
   rows: 60
   cols: 12
   dt: d
   data: [ 7.3149285799840809e+03, 2.7792835317547144e+02,
       2.1004071161822721e+03, 1.0193274544046966e+02,
       -8.1082290680348478e+02, 2.0365898990553828e+02,
       -7.8927317729074488e+01, 2.6010634420195927e+01,
       1.4484875894384023e+01, -3.4399339725786598e-01,
       -2.9062113463817187e+00, -7.2967541623280271e-02,
       2.7792835317547133e+02, 7.3823646435937135e+03,
       -9.8265881547997594e+01, 1.3292977205977272e+03,
       -9.7154125039404974e+01, -2.7600460882368515e+02,
       4.1955543671975235e+01, -3.1113650589355800e+01,
       1.0021757262302544e+00, -5.5802656892012799e+00,
       7.4325481795990833e-01, 6.3083377323731660e-01,
       2.1004071161822717e+03, -9.8265881547997594e+01,
       2.8138740393558378e+03, 1.7023784421536352e+01,
       1.3887093968555581e+02, -2.1617627228134403e+01,
       2.9190107783321714e+01, -3.4373470592037765e+00,
       2.4810115788098392e+00, 3.5232738790917995e+00,
       2.9448721473411010e-01, -1.8367697437536804e-01,
       1.0193274544046966e+02, 1.3292977205977272e+03,
       1.7023784421536362e+01, 1.8980450928478567e+03,
       1.2523729124435776e+02, 1.5372950698526355e+02,
       -1.7664600362980938e+01, 3.3087145919417836e+01,
       -1.4235133386724266e+00, -2.3450589031323856e+00,
       -7.8655015170468440e-02, -2.0726820963401441e-01,
       -8.1082290680348478e+02, -9.7154125039405031e+01,
       1.3887093968555584e+02, 1.2523729124435776e+02,
       4.4775025844479541e+02, 1.2348058142831221e+02,
       -7.7118548010022465e+00, 1.0145051561210922e+01,
       4.9346915734897188e+00, -3.4468275000353460e-01,
       1.2761767357695497e-01, -1.5309286033496669e-02,
       2.0365898990553828e+02, -2.7600460882368515e+02,
       -2.1617627228134410e+01, 1.5372950698526353e+02,
       1.2348058142831221e+02, 2.3589377454977731e+02,
       6.7317187293687200e+00, 5.9346654622631858e+00,
       -9.6083747642462569e-01, -1.4815708935141086e-01,
       1.0543438785323765e-01, -4.0919709280176275e-03,
       -7.8927317729074474e+01, 4.1955543671975242e+01,
       2.9190107783321711e+01, -1.7664600362980938e+01,
       -7.7118548010022465e+00, 6.7317187293687182e+00,
       2.3680366411606865e+01, -3.5889977355665579e+00,
       -2.8241175833693184e+00, 1.8812512080471111e-01,
       3.4029147859834311e-02, 4.9410054332515531e-02,
       2.6010634420195924e+01, -3.1113650589355778e+01,
       -3.4373470592037751e+00, 3.3087145919417836e+01,
       1.0145051561210918e+01, 5.9346654622631858e+00,
       -3.5889977355665565e+00, 1.5639356577724545e+01,
       -2.2447148782585447e+00, 6.5044689773647801e-01,
       -4.1823565209568488e-02, -1.7254615908266078e-02,
       1.4484875894384018e+01, 1.0021757262302537e+00,
       2.4810115788098379e+00, -1.4235133386724259e+00,
       4.9346915734897188e+00, -9.6083747642462569e-01,
       -2.8241175833693184e+00, -2.2447148782585442e+00,
       1.5958884689168373e+00, -1.2860619160792902e-01,
       -3.0770261471533823e-02, 1.8583852313504390e-03,
       -3.4399339725786593e-01, -5.5802656892012807e+00,
       3.5232738790917999e+00, -2.3450589031323856e+00,
       -3.4468275000353449e-01, -1.4815708935141084e-01,
       1.8812512080471111e-01, 6.5044689773647801e-01,
       -1.2860619160792905e-01, 3.1472840809638997e-01,
       1.7826178658787786e-02, 1.2747594690752859e-03,
       -2.9062113463817187e+00, 7.4325481795990855e-01,
       2.9448721473411005e-01, -7.8655015170468481e-02,
       1.2761767357695500e-01, 1.0543438785323765e-01,
       3.4029147859834318e-02, -4.1823565209568467e-02,
       -3.0770261471533823e-02, 1.7826178658787783e-02,
       2.0128769150468358e-02, -3.2550011984154195e-03,
       -7.2967541623280258e-02, 6.3083377323731649e-01,
       -1.8367697437536809e-01, -2.0726820963401441e-01,
       -1.5309286033496659e-02, -4.0919709280176336e-03,
       4.9410054332515510e-02, -1.7254615908266078e-02,
       1.8583852313504390e-03, 1.2747594690752859e-03,
       -3.2550011984154195e-03, 2.3957271156289767e-03,
       5.3646208231327564e+03, 4.8146666007547032e+02,
       3.0832792740431196e+03, -6.8574925805796724e+01,
       -8.9027039353365481e+01, -7.6249255812729118e+01,
       5.3298289678003719e+01, -5.1071150475896715e+01,
       -1.7556568359705281e+01, 6.8329614460275998e+00,
       -2.2582053682317257e-01, 1.2751403386317736e-01,
       4.8146666007547049e+02, 8.8111216548869033e+03,
       -1.2361322957243233e+02, 5.6814365929351266e+02,
       -4.1896417252762552e+02, 2.2330937965657702e+02,
       -7.4975584690180028e+01, 6.3230340184990723e+01,
       1.7717857275249269e+01, -1.4324582597049493e+00,
       1.7291638247646268e+00, 1.5514416906484931e+00,
       3.0832792740431196e+03, -1.2361322957243233e+02,
       2.4462197307039291e+03, 5.6258826404399890e+01,
       -3.7115142685000727e+01, 4.6254047419465302e+01,
       -1.5376248887092643e+01, 2.2251341016413349e+01,
       9.7668235569155968e+00, -3.0524029531218893e+00,
       2.5604232286005407e-01, 2.4899600483301258e-02,
       -6.8574925805796767e+01, 5.6814365929351277e+02,
       5.6258826404399869e+01, 2.1597964060395093e+03,
       1.9821069379543891e+02, -1.1376755029748905e+02,
       3.9717710892344712e+01, -3.6214917021998886e+01,
       -5.7965064793993051e+00, -7.2110128743780288e-01,
       -1.1534088633025923e+00, -1.2194477053888433e+00,
       -8.9027039353365481e+01, -4.1896417252762541e+02,
       -3.7115142685000713e+01, 1.9821069379543889e+02,
       1.1536817090785175e+02, -2.4136338209921611e+01,
       1.1924036668633070e+01, -2.5963663932335415e+01,
       -5.6722375557187270e+00, 2.5631539261362124e+00,
       -9.5483803590158789e-01, -4.0450299342301060e-01,
       -7.6249255812729118e+01, 2.2330937965657694e+02,
       4.6254047419465316e+01, -1.1376755029748905e+02,
       -2.4136338209921611e+01, 2.2307650780129705e+02,
       1.9553299478119883e+00, 1.8113425356275023e+01,
       5.4841720372348330e+00, -3.8313514915983524e+00,
       5.1921324728065732e-01, 1.4932776547235593e-01,
       5.3298289678003705e+01, -7.4975584690180028e+01,
       -1.5376248887092643e+01, 3.9717710892344719e+01,
