%YAML:1.0
means: !!opencv-matrix
   rows: 23
   cols: 8
   dt: d
   data: [ 1.5937619198896693e+01, 1.1801727408689091e+02,
       -8.7219750653373107e-01, -6.9591706078087142e+01,
       6.6742806382209894e+00, 2.2565225606697363e+00,
       5.8602780534498755e-01, 1.4898421664348855e+00,
       -1.5171479245433306e+02, 6.6031129776181050e+00,
       3.7467427427638654e+01, 1.2478063047542291e+01,
       -5.9089052301885756e+00, 2.3316000511333584e+01,
       -1.2210462670129012e+00, 2.6052065585332662e+00,
       1.4249132500493002e+02, 6.7810001872061276e+00,
       -4.2013945431516220e+01, 6.2927258929820473e-01,
       -5.5813863309260254e+00, 8.2456387813125360e+00,
       3.4361808584841153e-01, 1.8600872569818776e+00,
       -1.8346685285702276e+02, 3.1845791869908325e+01,
       4.0560009203586702e+01, -2.2726547491352772e+01,
       -9.3530984605553282e+00, -4.0080240914416922e+00,
       -8.3518231026509460e-01, -1.4774060826374313e+00,
       8.2594866353015945e+01, 8.9701793095309377e+00,
       -2.7753741022384638e+01, -3.1203259398445841e+01,
       -2.9583651380856466e+01, -1.7361733365655311e+01,
       -3.1747399556443880e-02, -1.0296183984819127e+00,
       -6.9656269231368370e+01, -3.1635879842673478e+00,
       2.6530666292488107e+01, -6.8738090661222984e-01,
       2.0836702565165300e+01, -1.2568959763852336e+01,
       -6.9311674986806504e-01, -1.8126981110788318e+00,
       2.9678370587170342e+01, -1.0026395619188882e+02,
       -1.0484664675202284e+01, 6.7736475886439123e+01,
       -4.0590958997354933e+00, -1.2721679550413287e+00,
       2.1040766013487087e+00, -3.3029767606135968e-01,
       1.6533248468024399e+02, 1.6567499123853288e+01,
       -4.5691069268726729e+01, -1.7086950878538719e+01,
       -7.5712872853864619e+00, 1.2488853195236771e+01,
       -1.2181015554799435e-01, -9.7575939135293677e-01,
       -2.1062737093843680e+02, 1.0430269333618338e+02,
       4.8977618171498108e+01, -5.2214076807076630e+01,
       -2.1449725542529755e+01, 2.9180008945097988e+01,
       -5.4241420814529544e+00, 2.7555741348406708e+00,
       -9.3849506592445550e+01, -9.4251614454969015e+01,
       2.0689887637591681e+01, 5.5970334366588006e+01,
       -3.2039405142185569e+00, -2.0428083263151353e+00,
       1.2621267875704847e+00, -6.6007457363779776e-01,
       9.2854271504585171e+01, 3.6934807674524095e+01,
       -1.5952130220733917e+01, -3.1819806528870139e+01,
       -3.5358694621673492e+00, -9.8182669660852326e+00,
       7.7655775208139349e-02, 1.3646196277360317e-01,
       4.5840627715562135e+01, 7.7160386980100867e+01,
       8.6114904197263655e+00, 4.4922396076641910e+01,
       1.5275726213248678e+01, -3.1543858217111240e+00,
       1.1500087536603441e+00, 7.9709530443871002e-01,
       -2.6115087257004577e+00, -4.7199758055553911e+00,
       1.0655314356145880e+01, -7.0300852984264770e+00,
       1.1012864895470665e+01, -2.8179567210883674e+00,
       -1.5766927614497495e+00, 1.0138754322921463e-01,
       1.1096189919521638e+02, -2.2445397069239345e+01,
       -1.9929686633978267e+01, 4.9019284474984612e+00,
       -2.2780287014350686e+00, 1.2879777249334458e+01,
       -5.5603750276914550e+00, -6.0108588168542398e-01,
       -1.4826985551724408e+02, -5.1824301799066987e+01,
       3.8137977111948842e+01, 2.9357933767765470e+01,
       -8.8270200203297322e-01, -7.2184384497614138e+00,
       3.0879535709333927e+00, 6.5338738869578072e-01,
       -2.1346225546631763e+02, -1.1944318526394307e+01,
       4.3011271351283227e+01, 1.5572029503231768e+01,
       -9.5850760599888183e+00, 1.1152939553461893e+01,
       -1.8485920116033887e+00, -1.7355643176548610e+00,
       -1.5293817488136844e+02, 6.9560803669204660e+01,
       3.5241620138828772e+01, -4.5796855536871107e+01,
       -1.7728664638013203e+01, -5.3915427182204674e+00,
       -6.8715798508605990e-03, 9.7710068680248618e-01,
       2.5629753080512398e+01, 1.7656217820008848e+01,
       1.9003625782376588e+01, -1.8099430965424297e+01,
       3.3521339983564623e+01, -1.8598825507809387e+00,
       1.4279684203635168e+00, 1.0922464115433761e+00,
       1.1848602233952357e+02, -4.1665143883655375e+01,
       -3.0349866593402886e+01, 3.5343691469300410e+01,
       -3.2101601268104920e+00, 1.3451201165799509e+01,
       -1.2730262787008723e-01, 2.1677747814589483e+00,
       8.2160020021505588e+01, 1.9353258989170136e+01,
       -2.1652412272123261e+01, -3.2572493079488332e+01,
       -2.4762621592300146e+01, -2.0787263464406696e+01,
       1.3999544289467329e+00, -3.0263881804353931e+00,
       -3.5823535460529136e+01, 1.8872461843372065e+01,
       -6.1735919101957592e+01, -7.0051659339069614e+00,
       2.4547083711442198e+01, 1.2143610161001670e+00,
       1.1491958376590130e+00, 9.3365646231302868e-01,
       9.7231053102643401e+01, -4.4678231270763987e+01,
       -2.8214819952227085e+01, 3.1509477537807452e+01,
       -9.8033515575859518e+00, 7.9136782941855124e+00,
       1.9915361928816766e-01, 7.3996168411434449e-01,
       5.2798830874502030e+01, -6.3666186522157524e+01,
       -1.2416981066189299e+01, 3.5883801880164320e+01,
       1.2818497221766547e+01, 1.4221071136729037e+01,
       -8.7756171721577025e-01, 3.2198589771661934e-01 ]
