%YAML:1.0
means: !!opencv-matrix
   rows: 44
   cols: 3
   dt: d
   data: [ -4.6935847946680560e+01, -5.6657488614091704e+01,
       7.0607754387915563e+01, 2.2181069310517950e+02,
       -5.2153297864016025e+01, -1.9990507812470373e+01,
       -6.6619179757282964e+01, 1.6507301094230320e+02,
       -7.1982937727640476e+01, 1.2251430524766334e+02,
       -6.4546918309929637e+01, -8.2264790491497166e+01,
       -1.9457850532123413e+02, -6.8928420404291273e+01,
       -2.0168649828583717e+01, 3.9559754592153823e+01,
       1.8858184185273808e+02, 2.2006150662256978e+01,
       5.7073070785501820e+01, 3.4204870326849002e+00,
       -3.2726778636662431e+01, -2.0080997825612658e+02,
       1.1946921259969055e+02, -3.5559379546507390e+00,
       1.6705896486868472e+01, -2.6314396835766888e+02,
       6.4585374948167722e+00, 1.5787986790618490e+02,
       3.5501440736977905e+01, 3.7040026793618559e+01,
       -7.2649136394857777e+01, -8.8229385686265985e+01,
       -4.9079013829250229e+01, 1.8018446445608603e+02,
       -1.2205679635914809e+02, 3.1319862797346914e+01,
       8.6339960331661359e+01, 1.1645971338694291e+02,
       4.4466687307814297e+01, 8.0232582962655385e+01,
       7.6136231527221383e+01, -7.9593652486187310e+01,
       -9.0732391550123410e+01, -4.2184132741018399e+00,
       -4.4287411483822957e+01, 2.7837610640718765e+01,
       -6.0586651234971626e+01, 1.8569626600826712e+01,
       -1.3640715067221581e+02, -1.0177496110462168e+02,
       4.5617331982782019e+01, 9.3502076727019656e+01,
       -1.3073353455221488e+02, 6.0891372021041242e+01,
       1.3048079033897815e+02, 1.6950981746715172e+02,
       5.5578514286587108e+01, -9.4145029256933270e+01,
       4.1972192444185247e+01, 4.5572735786465088e+01,
       -2.8977071970390779e+02, -8.2758492616628700e+01,
       -1.8934110231558165e+01, -1.0226518447728344e+02,
       -8.9995871114940073e+01, 1.0371371442088237e+02,
       -7.8612854040963640e+01, -2.1052947450724156e+02,
       -5.3401477115219038e+01, 4.6650462212333544e+01,
       3.4185469707141124e+01, 4.7272020738022754e+01,
       -1.5641770536877564e+00, 3.3176195513641268e+01,
       -7.3627929920046071e+01, -1.8590162761121664e+02,
       -8.1930652985959860e+00, 6.1143361293208883e+01,
       -1.6986445445524353e+02, 1.8615725136795956e+02,
       -2.4292102968815541e+01, -9.3003072229425214e+01,
       1.7187276611836188e+02, 4.6192922379421127e+01,
       1.0116200706466196e+02, -2.4957084760042815e+01,
       7.6639531160993627e+01, 9.5624005695534038e+01,
       -1.0570298594734275e+02, -3.2705823383868641e+01,
       -6.7365404680938443e+00, 1.0914205372652249e+02,
       -1.6947146480810751e+01, -2.1067288202493395e+02,
       -1.5528247070745087e+02, 1.7407757266626945e+01,
       8.4346399977056699e+00, -1.4968566516840940e+02,
       1.5860420963729698e+00, 1.1317696989872155e+02,
       4.2334977491965560e+01, -1.5925003913522012e+01,
       -1.8366440580714726e+02, 3.7881223265126188e+01,
       -1.2956159977439853e+01, -2.1056614056658685e+01,
       4.5476118508013236e+01, 9.3601834848965112e+01,
       1.7246936692461841e+02, 9.2581762572186818e+01,
       -9.3303474294627122e+00, -7.3048719823156647e+00,
       1.8497062146669515e+02, -3.3042345533700050e+01,
       1.5312042779391211e+02, -3.6596303372550203e+01,
       1.8764762598735192e+01, 2.3086593891153075e+01,
       -9.7627057479563717e+01, -9.0563479700545727e+01,
       -2.7324025332676030e+02, 2.8995052543823139e+01,
       4.8276628175817382e-01, 2.4911352467829161e+02,
       2.5725981893662148e+01, 2.2989327930996634e+01,
       -2.9036656508343562e+01, 1.3481952033611813e+01,
       -5.8739581090132011e+00, -8.4561021994711467e+01,
       7.5322820481084278e+01, -4.5058047712723273e+01 ]
covs: !!opencv-matrix
   rows: 132
   cols: 3
   dt: d
   data: [ 2.7055827737642844e+03, -2.0753728280365463e+03,
       -5.6122961462190472e+02, -2.0753728280365463e+03,
       5.3838921206613231e+03, 8.4282079756882297e+02,
       -5.6122961462190472e+02, 8.4282079756882308e+02,
       9.8547868066908734e+02, 2.8851631282931021e+03,
       -4.5627698524781846e+02, 5.1281238728073424e+02,
       -4.5627698524781846e+02, 3.7077731750982521e+03,
       6.3797192155560971e+01, 5.1281238728073424e+02,
       6.3797192155560971e+01, 6.4902048917162585e+02,
       4.4893308016298142e+03, -8.2713950626134999e+02,
       -8.1691287244722628e+02, -8.2713950626134999e+02,
       3.5199321998368018e+03, -1.2535412774170909e+02,
       -8.1691287244722616e+02, -1.2535412774170909e+02,
       5.8292676930411676e+02, 2.4584408303981022e+03,
       -3.7838715436051177e+02, 7.1625741039109266e+02,
       -3.7838715436051194e+02, 2.9880967521179373e+03,
       9.7476198353787069e+01, 7.1625741039109266e+02,
       9.7476198353787112e+01, 1.3331259410340965e+03,
       2.4357345581252898e+03, -6.7431483969784290e+02,
       -2.1398698931318361e+01, -6.7431483969784313e+02,
       3.2793231434416125e+03, 3.1843224199401260e+02,
       -2.1398698931318361e+01, 3.1843224199401260e+02,
       7.4510817111741176e+02, 2.0897168481586414e+03,
       2.6719142050452899e+02, -2.0687645459112286e+01,
       2.6719142050452899e+02, 3.2268362285982466e+03,
       -1.2572818096512385e+02, -2.0687645459112275e+01,
       -1.2572818096512383e+02, 1.2163676106505827e+03,
       1.4047688241727583e+03, -1.3290028953419144e+02,
       4.8145312307284524e+02, -1.3290028953419142e+02,
       1.8755659374424745e+03, 2.0757278267512271e+02,
       4.8145312307284524e+02, 2.0757278267512274e+02,
       1.6182845077528027e+03, 2.4075495426436119e+03,
       -2.5749263075243556e+02, 3.9666750715911320e+02,
       -2.5749263075243562e+02, 2.0656289604656572e+03,
       9.5677665517500756e+01, 3.9666750715911326e+02,
       9.5677665517500756e+01, 1.5067706971476234e+03,
       4.4570575799456874e+03, -1.4468780468001839e+03,
       1.7483276212204337e+03, -1.4468780468001837e+03,
       4.1963720723366705e+03, 1.7839353315125558e+02,
       1.7483276212204337e+03, 1.7839353315125558e+02,
       1.2288621612641778e+03, 1.4521552786781954e+03,
       1.5617942513796658e+02, 3.8740023929094241e+02,
       1.5617942513796655e+02, 2.7993178661539382e+03,
       -9.2302228782349090e+01, 3.8740023929094241e+02,
       -9.2302228782349090e+01, 4.8243654405783280e+02,
       1.5932176164268749e+03, -2.0551710360206542e+02,
       1.8498282114841504e+02, -2.0551710360206542e+02,
       2.8368235807372262e+03, -1.1041397313471543e+02,
       1.8498282114841510e+02, -1.1041397313471542e+02,
       7.3886282404253689e+02, 1.5803346149645656e+03,
       -3.8179614919395317e+02, 1.8635460574328043e+01,
       -3.8179614919395323e+02, 2.2223972454709660e+03,
       8.2294195990226839e+01, 1.8635460574328050e+01,
       8.2294195990226854e+01, 2.8422273627342196e+02,
       1.8390580124616149e+03, 1.7959473628450371e+02,
       -1.5392207575470675e+02, 1.7959473628450380e+02,
       2.0043218627112312e+03, -4.0292374181524531e+02,
       -1.5392207575470675e+02, -4.0292374181524525e+02,
       9.0559319734082248e+02, 2.3320425144980936e+03,
       1.6532178867467113e+02, 1.6592831330948761e+02,
       1.6532178867467113e+02, 3.7100998230943915e+03,
       5.0974040632812051e+02, 1.6592831330948761e+02,
       5.0974040632812046e+02, 9.5603111276889990e+02,
       1.8891161940092090e+03, 1.0227152792572191e+02,
       -4.2371380955939685e+02, 1.0227152792572188e+02,
       1.7771694673997088e+03, -4.2753089722205681e+02,
       -4.2371380955939685e+02, -4.2753089722205681e+02,
       1.3971892572090844e+03, 1.7431992650908282e+03,
       -1.1214515403981270e+02, 5.8664491162887430e+02,
       -1.1214515403981272e+02, 1.8688463561535482e+03,
       2.4638607605672502e+02, 5.8664491162887430e+02,
       2.4638607605672502e+02, 9.3857951834446328e+02,
       1.8062127892729752e+03, -3.9490947817766306e+02,
       1.5880948639498371e+02, -3.9490947817766306e+02,
       3.2493502875826362e+03, -2.0428312229062155e+02,
