%YAML:1.0
means: !!opencv-matrix
   rows: 46
   cols: 5
   dt: d
   data: [ 8.3483574668461273e+01, -1.4323231575174740e+01,
       6.8933430667320152e+01, -4.3135868388511706e-01,
       2.8909531745487513e+01, -1.0900293807887138e+02,
       1.6646955082598705e+01, 3.5382560223785347e+01,
       -7.6937164734442334e+01, -5.5488210858222180e+00,
       -1.7966234751826530e+01, 1.2047797259767435e+02,
       -1.2206710712157204e+01, -5.6859462145148193e+01,
       -1.6322648907718897e+01, -1.3220364167710702e+02,
       -9.3849392908957498e+01, 2.1270931232936420e+01,
       -5.4063896666241469e+01, 3.5606772877129207e+00,
       -3.3864133733567061e+00, -1.4040287435635622e+02,
       3.0902668839494961e+01, 5.8133088762265011e+01,
       3.2271639740749258e+01, -1.6350116730256923e+02,
       1.2729626054398820e+02, 4.4025766417956589e+01,
       -5.9053103248833931e+00, -8.1678024286407389e+00,
       1.6745090541842455e+01, 1.9743040900501421e+00,
       -7.9372739964953368e+01, 2.0732556881970385e+01,
       9.1329516230629633e+00, -5.9149694804332391e+01,
       1.9517034451562779e+02, -3.4790337071646560e+00,
       9.3830553967848545e+00, 1.1113241581213451e+01,
       8.2687178498705052e+01, -6.4960113957185300e+01,
       -7.0928980094605230e+00, 6.2322585236924390e+01,
       5.2165937859675600e+00, 1.4087507336054605e+02,
       7.5982588876159696e+01, -5.2444490599676868e+01,
       4.8867802799575628e+01, -1.0837255369006241e+01,
       1.0924627401152725e+02, 3.1020175776573733e+01,
       -2.6370374204691012e+00, -2.0005470211078539e+01,
       2.0396635791145004e+00, -1.9180376025646279e+02,
       -3.4512183187754125e+01, 6.0956410035020141e+01,
       5.0587915876822557e+01, -2.8187815515762296e+01,
       8.1804915162266862e+00, -9.1491667266059736e+01,
       -8.2101091716175869e+00, -4.2715027287745144e+01,
       3.3309463013701496e+01, -1.1242337990471435e+02,
       -1.4444682986907705e+02, 8.7596692657036328e+01,
       -2.2096408503003875e+01, -2.5236947121490342e+01,
       -9.6966499307567133e+01, 5.3860910997573789e+01,
       -6.0097380837927581e+01, -5.4151074996106530e+01,
       1.2415850122589578e+01, 1.1428907473876401e+02,
       -5.0808473082434396e+01, -8.8644953483314481e+01,
       -7.6678663166860730e+00, -1.0575544695573905e+01,
       5.3925156328502002e+00, 9.9272724457411883e+01,
       3.2252799584259712e+01, -5.2263623640036052e+01,
       9.5838475519005755e+00, 3.4224949118635585e+01,
       -1.7067367008790256e+02, 9.7917023386560764e+00,
       5.9765847378181206e+01, 2.4246189773459403e+01,
       -4.9900159961979533e+01, -3.7357227561658384e+01,
       7.7598279739597999e+01, 1.3226237755529192e+01,
       1.0991602003815279e-01, -2.2377593190143270e+02,
       7.8758492799767978e+01, -5.0758974626856862e+01,
       -3.6428935912303196e+01, -3.3080278396502494e+00,
       1.5086018185576933e+02, 6.2567339687220835e+00,
       5.2664381502110466e+01, -2.4907861562353308e+01,
       1.0184437238540109e+00, -2.2680830598630166e+02,
       -1.6299252162254743e+02, 5.9648308320533019e+00,
       8.2953926378737952e-01, -2.5604341025265878e+01,
       1.4640077643247699e+02, -1.6928019942539649e+02,
       4.9390961020627564e+01, -2.7479238823164177e+01,
       6.1321016268017141e+00, 8.4677768195417130e+01,
       1.7060719976813260e+02, 3.5804694319151494e+01,
       9.9117847825101590e-01, 4.6986596784921693e+00,
       9.1576848029869296e+01, 4.4065663792571449e+01,
       -2.1682203904368603e+01, 8.7483520930816752e+01,
       -1.9676242341491427e+01, 8.6658204819689966e-01,
       -1.0012355107177240e+02, 2.0759611745012482e+01,
       2.5086472481957912e+01, 3.6742589979505873e+01,
       8.3031150570761376e+00, 2.6704791048196522e+01,
       1.6099453934803588e+01, 2.8287983473453046e+01,
       3.4277600783002100e+01, -8.8710181870504769e+01,
       -3.2718475249013437e+01, -4.8356608284976588e+01,
       3.5092327041422223e+01, 3.8410374109356908e+01,
       -2.5152534667396878e+02, 2.0570564484060046e+01,
       -8.7065665294573371e+00, -6.3022488701216384e-01,
       -5.3203569244402455e+00, 2.5346758919530217e+02,
       4.7261112881974995e+01, 1.8933645137198834e+01,
       2.7645742804170265e+01, -1.5760763703044924e+01,
       5.9807270536706987e+01, -3.8265651366881627e+01,
       -4.0407714924938368e+01, -7.3124067583219386e+01,
       6.6927307601555464e-01, -1.4383411672560163e+02,
       2.8973396273758169e+01, 3.1831680190119481e+01,
       2.8739323667618258e+01, 6.1043018348785107e+00,
       5.6798802597768720e+01, -5.3431328920756862e+01,
       -3.6957270402756578e+01, 3.4937683469934079e+01,
       -2.6573860135338027e+01, 1.6960898581023196e+02,
       -4.3531086512045505e+01, 2.8672149500671367e+01,
       2.1544724671735651e+01, -2.9512059567822298e+01,
       4.2680863851947997e+01, -1.7553134358116222e+02,
       -2.2710684714572238e+01, 1.1155051933773323e+00,
       5.3296503310126440e+00, 2.2315717403951950e+02,
       -6.1556988065236972e+01, -1.7011603661120372e+01,
       -2.8637344151723081e+01, -1.4410108445596416e+01,
       -7.1064071246340660e+01, -4.3272879704499893e+01,
       -4.2360103341363470e+01, 5.7019501195779432e-01,
       4.4752276607987165e+00, -1.3173359236491629e+00,
       7.3222295271803674e+01, -1.7292793616884680e+01,
       3.5625644353327367e+01, -1.0681050728601971e+01,
       -6.7616778069419766e+01, 1.4480231810334413e+02,
       -5.8166898454865446e+01, 2.3356807484690492e+01,
       1.2478802943404411e+01, 4.6029321956623612e+01,
       -2.6239941890487298e+01, 2.4777628230309062e+01,
       -1.5396394908821195e+01, -1.3000086238731475e+01,
       -6.8496031266913953e+00, 9.1366207431607165e+01,
       -5.7348933599492412e+01, -3.0789893999579935e+01,
       1.2136704994369978e+00, 1.5691890484967792e+02,
       1.3637109715002524e+02, 4.1888658669686791e+01,
       -5.8255485455617464e+00, -9.0079306090366611e+00,
       9.1759037007829249e+00, -2.3005153935418434e+02,
       9.3967659481207431e+00, 7.7470785703198899e+01,
       -4.0251625520194514e+00, -1.6636088820400357e+02,
       -3.9628775340946703e+01, -5.6224156531615499e+00,
       3.4694871411636591e+01, 7.2670694275092784e-01,
       -6.8931424019060785e+01, 5.1541443520729807e+01,
       9.6020862590576129e+01, -1.5440385926687771e+01,
       -1.8673736148954659e-01, 7.9562357167069109e+01,
       -5.2767925114636839e+01, -3.8586479111411968e+01,
       3.9861187576059741e+01, -2.6258908875705465e+01 ]
