%YAML:1.0
means: !!opencv-matrix
   rows: 1
   cols: 21
   dt: d
   data: [ 2.0762746829368467e+02, 2.5565271918945612e+02,
       1.5450228641283514e+00, 2.1891496301574708e+02,
       2.6059329662281039e+02, 1.6724302271986009e+00,
       2.6527552150421144e+02, 2.2401593292510989e+02,
       1.7166801722836496e+00, 3.1942026298919683e+02,
       1.6392823454116822e+02, 1.7504699958431722e+00,
       3.1661499765457154e+02, 2.2553124193481446e+02,
       1.7071898978412152e+00, 1.0887259674904799e-04,
       -9.7416542077919543e-05, 6.2436470098997473e-05,
       -2.1750623958165989e-04, -2.5011988726325335e-01,
       1.7505463921344282e+00 ]
covs: !!opencv-matrix
   rows: 21
   cols: 21
   dt: d
   data: [ 6.7479611819066886e+03, 2.6875141764854658e+02,
       9.9780879692025226e-01, 2.8387684048305455e+03,
       1.9286655204358318e+01, 5.6924790220725052e-02,
       1.4383782971224070e+03, 4.1821403979334171e+01,
       1.4996673696056715e+00, 1.3269349396179537e+03,
       1.0849755822476276e+02, 1.8505304279889889e+00,
       1.3893877856741042e+03, 2.1805276543531733e+01,
       1.6846077128370713e+00, -2.5819404540414831e-01,
       5.4068129218541545e-02, -9.2394391959017913e-02,
       4.5788513241101541e+00, -1.8836763827451083e-02,
       1.4912129991615495e+00, 2.6875141764854658e+02,
       1.3136517913068945e+04, 2.9419555365961187e+00,
       7.7887956967355649e+02, 6.5668980317917312e+03,
       3.6906400484658972e+00, -4.6971271928915023e+01,
       1.6131249228492827e+03, -4.6567785533053835e-01,
       -1.3569011797847313e+02, 1.3680091527232489e+03,
       -1.1525247434582662e+00, -3.3049899027696476e+01,
       1.5388164734556369e+03, -6.0966536925266002e-01,
       -2.9981209696528105e-01, 1.5206562854161468e-01,
       -2.2203770939447653e-02, 2.0824084357985845e-02,
       4.6178493706225865e+00, -2.2995949519017411e-01,
       9.9780879692025226e-01, 2.9419555365961187e+00,
       3.8248930207094682e-02, 9.8978756884747954e-01,
       6.0869288022572499e-01, 3.0384135181442992e-02,
       5.6745990881955100e-01, 1.8647366121178208e-01,
       2.0434203953003344e-02, -1.5995495555864231e-01,
       7.1519794782559332e-01, 1.8847761835345811e-02,
       -1.7930064340427782e-02, 1.0926217923149041e-01,
       1.9863203859833548e-02, -3.4185117041795846e-06,
       7.9833632387120185e-04, 8.1502962984323908e-04,
       6.7910512948011363e-06, -6.0479403874043497e-05,
       2.0800471013254843e-02, 2.8387684048305455e+03,
       7.7887956967355649e+02, 9.8978756884747954e-01,
       2.1230267949696536e+03, 3.9725532187813809e+02,
       1.0591687268450651e+00, 1.3676869521625488e+03,
       3.3382083526599672e+01, 1.2739052224710414e+00,
       1.2756785177059965e+03, 6.1724653599798152e+01,
       1.3117222674153484e+00, 1.3313160841840167e+03,
       1.6743684181701813e+01, 1.2798950325258796e+00,
       -2.5548382928035596e-01, 4.6986278649161328e-02,
       -4.6172724085781092e-03, 4.2149057946919255e+00,
       -1.8832061306550504e-02, 1.2449188314878288e+00,
       1.9286655204358318e+01, 6.5668980317917312e+03,
       6.0869288022572499e-01, 3.9725532187813809e+02,
       4.1049697125061375e+03, 1.4316400145359185e+00,
       -1.2123046644431181e+01, 1.4143262245805920e+03,
       -3.6913499689368889e-01, -5.3013481687574306e+01,
       1.2605687324913545e+03, -6.9076259309802079e-01,
       -1.5983271833706070e+00, 1.3784786302292814e+03,
       -4.0964126585661792e-01, -2.6109814221937272e-01,
       5.0327432178981710e-02, -2.1225129564162198e-02,
       -1.4169092434088508e-02, 4.2451811480517634e+00,
       -2.5790695718532125e-01, 5.6924790220725052e-02,
       3.6906400484658972e+00, 3.0384135181442992e-02,
       1.0591687268450651e+00, 1.4316400145359185e+00,
       2.9157184863008914e-02, 6.2252834973095095e-01,
       2.2079825736141542e-01, 2.0866307137954919e-02,
       -9.0207258854289360e-02, 7.6061415004229815e-01,
       1.9326771079508163e-02, 1.6909298557724058e-02,
       1.5248240971532270e-01, 2.0237438510294321e-02,
       -1.8546291684455664e-05, 8.4733635351911423e-04,
       7.9008949943771623e-04, 8.1207913468649189e-06,
       -3.7636989398718014e-05, 2.0803570542294335e-02,
       1.4383782971224070e+03, -4.6971271928915023e+01,
       5.6745990881955100e-01, 1.3676869521625488e+03,
       -1.2123046644431181e+01, 6.2252834973095095e-01,
       1.3194537423194911e+03, 1.1209594639502418e+01,
       6.6961144706977127e-01, 1.2639597439667862e+03,
       2.4113802099615754e+01, 6.5493114068500802e-01,
       1.3059717481852003e+03, 4.1927740723804838e+00,
       6.6420847406422046e-01, -1.5562094887966926e-01,
       1.5168901851532730e-02, -4.2787795958332863e-03,
       4.1006912257554049e+00, -1.3980930153076105e-02,
       6.5408612822931755e-01, 4.1821403979334171e+01,
       1.6131249228492827e+03, 1.8647366121178208e-01,
       3.3382083526599672e+01, 1.4143262245805920e+03,
       2.2079825736141542e-01, 1.1209594639502418e+01,
       1.3054657322755788e+03, 1.8047852675079606e-01,
       -8.2965722700241979e+00, 1.2639480843172907e+03,
       1.5826356932769148e-01, 4.1861285099406222e+00,
       1.3014699919839202e+03, 1.8485605030929977e-01,
       -1.4424671689413174e-01, 3.0239682550334355e-02,
       2.8094033503625539e-04, -1.7721770720390440e-02,
       4.1261804793374637e+00, 1.8166061105687525e-01,
       1.4996673696056715e+00, -4.6567785533053835e-01,
       2.0434203953003344e-02, 1.2739052224710414e+00,
       -3.6913499689368889e-01, 2.0866307137954919e-02,
       6.6961144706977127e-01, 1.8047852675079606e-01,
       2.1568003047602709e-02, 4.9934940774703741e-03,
       9.2600857991894148e-01, 2.1191043056178558e-02,
       2.3234927768773471e-02, 1.6518712480511161e-01,
       2.1208529599600172e-02, -1.8631730410872805e-05,
       5.2297083432053029e-04, 4.5041457191824687e-04,
       -2.3367422798795915e-05, -2.3423562650038085e-05,
       2.0804065078269370e-02, 1.3269349396179537e+03,
       -1.3569011797847313e+02, -1.5995495555864231e-01,
       1.2756785177059965e+03, -5.3013481687574306e+01,
       -9.0207258854289360e-02, 1.2639597439667862e+03,
       -8.2965722700241979e+00, 4.9934940774703741e-03,
       1.2493204960500202e+03, -1.3757548931187031e+00,
       9.8941157320338920e-03, 1.2730610309806518e+03,
       -3.3858141302422489e+00, -1.0180111024489147e-02,
       1.5447626038824457e-03, -2.2100476878133169e-03,
       8.6930991526287024e-03, 4.0210021467777191e+00,
       -1.3755576485513829e-02, -8.9645804476213078e-03,
       1.0849755822476276e+02, 1.3680091527232489e+03,
       7.1519794782559332e-01, 6.1724653599798152e+01,
       1.2605687324913545e+03, 7.6061415004229815e-01,
       2.4113802099615754e+01, 1.2639480843172907e+03,
       9.2600857991894148e-01, -1.3757548931187031e+00,
       1.2788782357976495e+03, 9.5887090438705991e-01,
       -2.6519543965184540e+00, 1.2712297178324015e+03,
       9.1806742667133612e-01, -7.2823374195799748e-03,
       -7.9903370559114757e-04, -2.8482947241664195e-03,
       -1.6740581316880339e-02, 4.0432151378124974e+00,
       8.9445905901564382e-01, 1.8505304279889889e+00,
       -1.1525247434582662e+00, 1.8847761835345811e-02,
       1.3117222674153484e+00, -6.9076259309802079e-01,
       1.9326771079508163e-02, 6.5493114068500802e-01,
       1.5826356932769148e-01, 2.1191043056178558e-02,
       9.8941157320338920e-03, 9.5887090438705991e-01,
       2.1551444566720753e-02, 2.1132225211162564e-02,
       1.5160864184202777e-01, 2.1151418665961055e-02,
       -2.0282137182527233e-05, 1.3849946894727733e-05,
       8.1344493076193681e-06, -2.7966952680026714e-05,
       -1.9361512232130999e-05, 2.0800047077245969e-02,
       1.3893877856741042e+03, -3.3049899027696476e+01,
       -1.7930064340427782e-02, 1.3313160841840167e+03,
       -1.5983271833706070e+00, 1.6909298557724058e-02,
       1.3059717481852003e+03, 4.1861285099406222e+00,
       2.3234927768773471e-02, 1.2730610309806518e+03,
