%YAML:1.0
means: !!opencv-matrix
   rows: 13
   cols: 11
   dt: d
   data: [ -7.8578769200423615e+00, 1.5033220901000762e+01,
       6.2686048231224349e+00, -1.6812983623500529e+01,
       9.1539126396181576e+00, -1.5101521102825366e+01,
       1.7119681037959418e+00, 1.5774136557962420e-01,
       1.7385984803566623e-01, 4.2279587822077566e-02,
       5.2113504722678068e-02, 8.1846220509191454e+01,
       1.5716711312523191e+01, -2.3966634351776825e+01,
       -3.2195311235139236e+01, -2.6478988434937893e+01,
       -1.9624653862431568e+01, 9.0698523973896439e-01,
       -2.3420164285221561e+00, 2.0428461977869039e-01,
       -2.9920877008602874e-02, 1.0590336124257234e-01,
       -1.7460803423028199e+02, 1.4083323401668498e+01,
       4.2304929157720039e+01, -8.6892559001013172e+00,
       -8.7403407714683343e+00, -3.3896043090680483e+00,
       1.1077906541160907e+00, 1.2991230969674301e+00,
       3.5388813143797482e-01, -9.6538834419041639e-02,
       1.3030016168438040e-02, 6.8012081237224564e+01,
       -6.2844461007664691e+01, -1.6849900164786423e+01,
       4.2234403822831958e+01, 3.7345440966840542e+00,
       8.5059162363141354e+00, -4.7601276965111305e-01,
       7.4538814690863139e-02, 5.9319862521479449e-01,
       7.7827336344500037e-02, 1.1849836204759955e-01,
       4.9299563120796051e+01, 2.4256086072930810e+01,
       -6.7574946312898456e+00, -8.6474890015310564e+00,
       2.0737955311270056e+01, 1.1119168275800899e+00,
       8.0390912314529417e-01, 1.1996948493415724e+00,
       3.5112899120552016e-01, 1.2635594016472374e-02,
       -1.4937455401049433e-03, -4.3654189018938695e+01,
       6.5491270900912582e+01, 1.0505474903486451e+01,
       -3.0955195698054759e+01, 6.5838400185263142e+00,
       1.1731225884411861e+01, 3.9441892940315476e-01,
       2.1980677596023588e+00, 1.1620164773862400e+00,
       1.4690776310275186e-01, -2.1380112817996458e-01,
       -1.6277481704227768e+02, -8.4160860779424411e+01,
       3.0283595032102831e+01, 5.4566653928280957e+01,
       -1.4763212607849972e+01, 4.3780161359390029e+00,
       -5.6740643890633446e-01, -2.3041795193828718e+00,
       2.3438255923138998e-01, -1.6716564713714366e-01,
       2.1081358044358581e-02, -1.9470652807104864e+02,
       8.4439816337137955e+01, 3.9848297098946269e+01,
       -4.7808183124493773e+01, -1.9405960833314282e+01,
       1.2428433606604093e+01, -4.4452934889281410e+00,
       -7.2649200886909782e-01, -1.9280982100184438e-01,
       3.0497081320367264e-01, 1.4034325991957102e-02,
       1.3083831780932911e+02, 1.0486180782693349e+01,
       -2.9649665151569430e+01, 8.6225277812846324e-01,
       -5.8394836922448086e+00, 1.8525077434197630e+01,
       -6.5588590176903612e+00, 1.1755445760531817e+00,
       -2.0565209859500979e+00, 1.0324784689453412e+00,
       2.3480509613665607e-01, 8.1429106858987286e+00,
       -9.1573396580542479e+01, -1.3739198314101466e+00,
       6.9928780567531192e+01, -2.4635273359352068e+00,
       -4.4872339255026938e+00, 1.2145963063610460e-01,
       -1.2839369388783026e+00, -7.9904081816511263e-01,
       8.1711461058187038e-02, 6.3278785358179310e-02,
       -3.1073289818671626e+01, -8.3052710086436747e+01,
       7.7859599044507988e+00, 5.0586572594321261e+01,
       8.5856273363694247e-01, -2.3118647934491494e+00,
       2.0047794006244377e+00, 1.4946218526810620e-01,
       2.6449650210431075e-01, -3.4216037094809623e-02,
       -7.6416231519595215e-02, 1.5213093163658016e+02,
       -4.2776386056438218e+00, -4.1949318332304053e+01,
       4.8321614630217384e+00, -6.6886522925559397e+00,
       1.1557896464188344e+01, -2.0100720872386033e-01,
       9.8745191285892853e-01, 4.0941183866789305e-01,
       -1.1515758137297909e-01, 6.2666454304068642e-03,
       4.6008130752259078e+01, 1.8083650067771078e+01,
       -6.0862557623019109e+00, -1.6640940641979675e+01,
       7.9684344107692686e+00, -6.4733207115018565e-01,
       -4.1603969941724781e+00, -4.0229528826813521e+00,
       -4.2152326385002548e+00, -5.2668444288195160e-01,
       -1.9855754919092022e-01 ]
