%YAML:1.0
means: !!opencv-matrix
   rows: 26
   cols: 7
   dt: d
   data: [ -1.2747649397828080e+02, 3.5814581163504279e+01,
       6.8572566642239053e+01, -2.6142695632388016e+01,
       -8.1267266536962968e+00, -5.6022803782265074e+00,
       -5.9009664474492567e-02, 1.5186571336018264e+02,
       3.2181385415123977e+01, -4.1788603394322315e+01,
       -1.4668517241320959e+01, -1.3126443998811355e+01,
       -7.4984794267755728e-01, 2.7205355517722127e+00,
       -4.6724588799880237e+01, -7.6469274855845075e+00,
       2.9806144987513189e+01, 4.9434550887022484e+00,
       2.4128809231441124e+01, -1.1453873314698340e+01,
       -2.3512457817640597e+00, 1.0994283036403047e+02,
       -5.9000282823038503e+00, -1.3534670331195690e+01,
       8.3106852909233933e+00, -6.8597654777828376e-01,
       1.7046357692579200e+01, -8.3161783047243478e+00,
       8.8975891720475815e+01, -6.2562761410525312e+01,
       -2.2740290870696683e+01, 4.0260128206967110e+01,
       -9.5642441756202441e+00, 7.4181884437044312e+00,
       4.3649622504911258e-02, 8.1844293183528933e+01,
       1.5147505278339686e+01, -2.0794702962269859e+01,
       -3.0305387462163520e+01, -3.0016864343603306e+01,
       -1.5949299412921764e+01, 4.9237112035936426e-01,
       -1.9631794809411733e+02, 9.7557270362116100e+01,
       3.9499648363681061e+01, -5.4225341530049924e+01,
       -2.4647512058118007e+01, 1.6654029012715245e+01,
       -3.5166300409153437e+00, -1.4766585531997188e+02,
       -1.0409659589318349e+02, 2.8142687133032080e+01,
       6.6572710234077377e+01, -1.9923033183688084e+01,
       7.4662536887732056e-01, -2.6562797326643184e-01,
       9.7382631932808366e+00, 1.4760985072752027e+02,
       -5.1380479967553805e-01, -8.0563375978862538e+01,
       1.7373380257864397e+01, 1.1614677756059550e+01,
       -8.0996226441263430e-01, -1.9091122026240692e+00,
       3.7654110734500534e+01, 1.1619552801119616e+01,
       -2.1299224310584457e+01, 3.8797646576189017e+01,
       -5.4545019336745799e+00, 1.5835443231940618e+00,
       6.2263983066130336e+01, 8.2393475445664180e+01,
       -8.8944913974020903e+00, 2.6744561766082029e+01,
       1.5995055028946194e+01, 1.6872766151321441e+00,
       7.1949904978543955e-01, -2.2874202653407275e+02,
       3.9500325341551395e+01, -1.4682748719767231e+01,
       -2.0647579173859146e+01, -2.3964328491466471e+00,
       -7.1409138680585738e+00, -2.3443687382145645e-03,
       1.0623215950237001e+02, 1.5746998896675782e+01,
       -3.2953035155323560e+00, -3.2752452997733954e+01,
       -2.6315493075632158e+01, -1.9961878070454027e+01,
       1.1682604282438607e+00, 8.5968319508948468e+01,
       -5.5211029314287735e+01, -2.4869001975903835e+01,
       3.8799807856988700e+01, 2.6931965334082548e+00,
       1.3875962783199661e+01, -6.7886000695166970e-01,
       7.2303857011401904e+00, 2.2634097449747173e+01,
       -8.5143809054408550e+01, -3.2262627677607703e+01,
       -2.3120511745027617e+01, -2.0379450920929170e+01,
       1.0805030917514711e+00, 1.8681264967062418e+02,
       6.5998140481430490e+00, -1.8997185159642711e+01,
       -4.1923891743671540e+00, -7.5950888701728001e+00,
       1.2360765749640553e+01, -1.5668803985354027e-01,
       3.1876361913775447e+01, -9.9921801372340383e+01,
       -1.0816442583735336e+01, 6.8042292952821157e+01,
       -4.7254482568800045e+00, -1.3578985319599337e+00,
       2.1562852776943058e+00, -1.6055874578278514e+02,
       -7.5398325730085162e+01, -4.3065723584637126e+01,
       5.2445951470166690e+01, 5.4156304116575207e+00,
       -5.6081688652267321e+00, 2.2415004488009642e+00,
       -1.6252718867258704e+02, -1.5874882542154669e+01,
       3.7184991843070129e+01, 2.0654125116080056e+01,
       -3.8030984350160688e+00, 1.9388797717686820e+01,
       -1.3125080914747072e+00, -3.4962284950466440e+01,
       -3.8778080171233867e+01, -6.9075351924132150e+01,
       -1.7889436429153317e+01, 1.7356045424597973e+01,
       1.9516596869091136e+00, 9.1610713115799003e-01,
       7.6443433025915539e+01, -5.4486387782068086e+01,
       7.3305448095995356e+00, -2.9689033645721835e+01,
       1.8238015897045631e+01, 7.5536811411210287e+00,
       9.7876207620734001e-01, 5.1356666828211260e+01,
       4.5037785619450297e+01, -6.3024798167081304e+00,
       -3.9092854496466053e+01, 1.6528232945523473e+00,
       -1.9385528087807103e+01, 1.3689401260756242e+00,
       2.0591775037299719e+01, 5.4500322474221745e+00,
       1.1819353233507950e+01, 5.6471803752016481e-01,
       2.0989877959175640e+00, -8.0829195821218403e-01,
       2.5377174758305515e-01, -1.8431095310930300e+02,
       -3.0561438641059251e+01, 4.6701632346344915e+01,
       2.1713300685915986e+01, -9.0534327959597487e+00,
       2.6814755750789572e+00, 5.2533589553388060e-01,
       7.8754017837785966e+01, 8.9199419079774760e+00,
       -9.8196769461392563e+01, -2.4679700041670682e+00,
       -3.5539583887591841e+00, 1.2490621541864288e+01,
       -5.9993974676783435e-01, -3.5024794111643445e+01,
       -8.4597869822705007e+01, 2.8713481796537614e+01,
       5.0359828103551898e+01, 7.6848838278427118e+00,
       -3.0252225737149194e+00, 1.9041399378407347e+00 ]
