%YAML:1.0
means: !!opencv-matrix
   rows: 26
   cols: 7
   dt: d
   data: [ -1.6952073020810820e+02, -1.5913012979448573e+02,
       5.2750553345434675e+01, 5.2354344264471962e+01,
       -4.1184795195679293e+01, -1.9732467079558496e+01,
       -5.6379143781335133e+00, 1.0031851211000659e+02,
       1.9206573226438504e+01, -3.9275901914434606e+01,
       8.0649301702472478e+00, -6.5611986955944550e+00,
       -6.7094901154701851e+00, -1.8060883199130648e+00,
       -4.3309774930728381e+01, -5.8249829473881597e+01,
       -6.4147631239068971e+01, -3.8483536118888196e+01,
       8.6321321629973617e+00, 2.1039576386072625e+00,
       -1.4231575995578634e+00, -1.4877722582667954e+02,
       1.1844831060711965e+02, 1.5687822554750836e+01,
       -5.1862489405583915e+01, -2.3885362072612317e+01,
       -4.6796256352145722e+00, -4.8945266594895409e-01,
       7.1288680711717873e+01, -3.9660031476389165e+01,
       -8.4495827275691191e+00, 4.0939461382836157e+01,
       -3.1637856139261391e+01, 2.4244740029322799e+01,
       1.2677494004229941e+00, 9.0419842886629766e+01,
       1.2304586441440405e+01, -2.9731679565156409e+01,
       5.2764809918097226e+00, 1.0767003145961388e+01,
       -8.2482057506183288e+00, 6.8186389684802362e-01,
       1.6093523927764898e+02, -6.4551078125288441e+01,
       -3.3644285747340973e+01, 4.9438766268138707e+01,
       -1.8074632956040119e+01, -5.0841956275519662e+00,
       5.1337142217087994e-01, 1.6756625831423730e+01,
       -2.8721722462641168e+01, 1.8635034359583560e+01,
       2.6605094990190267e+01, 3.6818477015946520e+01,
       -2.5512485411721659e+00, 1.1125662587162011e+00,
       -9.0155841990786968e+01, 1.0106784796322763e+02,
       9.5968908425825799e+00, -4.8114827184327304e+01,
       2.8989095135755498e+00, 5.8363631883100080e+00,
       2.0240415813730106e+00, -1.6706628571580569e+02,
       -6.6046431551984455e+01, 4.4778252059457678e+01,
       2.2302482699814693e+01, -1.6659944028848578e+01,
       8.4736624268570679e+00, -1.1278103371642840e+00,
       -1.9667449623784100e+02, 1.4289713848711628e+01,
       4.1460116125222022e+01, -2.2024443438313643e+01,
       -7.7848548590106841e+00, -5.4472788035339237e+00,
       -5.3272972898814908e-01, 3.5977584006902411e+01,
       -8.5508332617163688e+01, 1.3288990804499020e+01,
       4.4883721319260893e+01, 9.7278112202310272e+00,
       2.2328499496056846e+01, 2.3718194674479407e+00,
       -1.1511196592969435e+02, -2.9783570770163468e+01,
       -1.1691993595804238e+00, 1.8938268057345176e+01,
       2.1758948966273476e+01, 1.3545672558156559e+01,
       2.3166950069520960e+00, 6.6601695410896738e+01,
       -6.4578183740413564e+01, -1.7908884695004009e+01,
       5.0067002891317649e+01, 9.9859949635611223e+00,
       1.2930977792948203e+01, 1.1486340005012006e+00,
       9.9390474905767874e+01, -4.6753137132741159e+01,
       -2.1948801564578911e+01, 3.6385644708843678e+01,
       -2.7414143593203963e+01, 2.3449456245040121e+01,
       1.1979571872520050e+00, 3.2443377752413078e+01,
       1.2512904305409302e+02, -2.7117748283059697e+01,
       -5.2411167421468477e+01, -8.2909175044368251e+00,
       1.2974271145235592e+00, 2.2273023585970564e+00,
       5.1334318021520078e+00, -2.5807495624726915e+01,
       7.8329333688947173e+01, -3.0790642555035705e+00,
       2.0430152076172572e+01, 1.3383170569561845e+01,
       1.1058965892241011e+00, 2.2371214172380309e+00,
       -6.2040957293604485e+01, -1.8463389982045556e-02,
       1.7593080294562920e+01, -1.0231495088798408e+01,
       -1.3123836693704485e+01, -8.9203624431411210e-01,
       -1.8445093910490102e+00, 9.7224757282855151e+01,
       -7.5682459147191805e+00, -3.7477283067245381e+01,
       1.3963798274252994e+01, -3.4924780529561126e+00,
       -1.3613286960754818e+00, 1.9501241088168113e+00,
       -1.9535319823057762e+02, 1.6001187767868341e+01,
       6.9998644560350328e+01, 1.3556917930464063e+01,
       -2.5976886092201365e+01, -1.4321337166460770e+00,
       1.5962733889112093e+02, 2.8866453676154432e+01,
       3.8316675165852928e+01, -2.5475135511979055e+01,
       -2.8629457429353047e+00, -2.3128394129041152e+00,
       -1.5989932218281007e+00, 8.7205521035787754e+01,
       6.4355785553339047e+01, -3.6767480965623811e+01,
       -1.6096675957595110e+01, -1.4909434356280629e+01,
       -6.5102550335403944e+00, -3.6670048272849849e+00,
       -1.5051517672088828e+01, -1.0518429329270818e+01,
       -4.2185582459179054e+00, -1.4239018490907455e+01,
       2.6765340254350196e+01, 2.5939680184943614e+00,
       1.5221275780737538e+00, -1.4231859025352253e+02,
       -1.1298964896827293e+01, 3.1510083201519283e+01,
       -1.7798353987823710e+01, -3.7283528837773425e+00,
       -2.4618382457407247e+01, -1.5607133528540853e+00,
       2.4417944801630096e+01, -4.1298815085538827e+00,
       1.4100818956610943e+00, -1.4147500168460445e+01,
       2.5165745506075424e+01, -2.0998187928023324e+01,
       -4.3929620453091847e+00, 1.8598010427125550e+02,
       1.7027812252686342e+01, -5.0513738833401547e+01,
       1.1449075243750263e+01, -9.6905364037222324e+00,
       -6.7818224278788213e+00, 1.1261105254211994e+00 ]
