%YAML:1.0
means: !!opencv-matrix
   rows: 31
   cols: 6
   dt: d
   data: [ 1.0813708424953160e+02, -8.4644995644893783e+01,
       2.9454333359165730e+01, -4.5001691945426813e+01,
       1.3718481608891283e+01, 3.3752541324338639e+00,
       -8.4332899453966888e+01, -5.8488991399450619e+01,
       6.3649811780744635e+01, -8.8206331618932339e+01,
       -1.1232121557754453e+00, -2.1990595710207789e-01,
       6.1851324030274384e+01, 1.1742296282799531e+02,
       6.0306721110672505e+01, -1.8541037222446213e+00,
       1.5926515483869920e+01, -4.9122973816049464e+00,
       -1.3748956756209964e+02, -5.7787096937721202e+01,
       3.7348428354385860e+01, 3.1330251265958744e+01,
       -1.6657772908022569e+01, 1.8566908341870217e+01,
       -2.1422742559597701e+01, -8.3354371610748089e+01,
       -5.6648156690759990e+01, -2.5053947200493951e+01,
       1.8835652624902604e+01, 3.5136016362524236e+00,
       -1.5477287038460145e+02, -1.0822554785409513e+02,
       1.1934649861442866e+01, -3.1395118801894874e+01,
       3.0501589256762456e+00, 6.3936800322448812e+00,
       -8.2872914737798737e+00, 8.5731740928794395e+01,
       -1.4612209966510653e+01, -3.5563077364261090e+01,
       1.5609112261691790e+01, -5.3282128521129328e+00,
       5.1381897342076023e+01, -3.6784174957908256e+01,
       -7.2166980592948606e+00, 2.4892561665659105e+01,
       -8.5407355139963208e+00, -1.9083341446022207e+01,
       1.6217377791916419e+02, 1.6386442604228833e+01,
       -5.1191913706111940e+01, 1.8116205085904642e+01,
       -1.2122154813759053e+01, -1.0196725393310336e+01,
       -1.8716306261765462e+02, -1.1614744654045626e+02,
       5.0335874810293078e+01, 3.8715684875047501e+01,
       -3.1698126078649729e+01, -1.0503759516592899e+01,
       -8.9514644712734125e+01, 1.0104373178875935e+02,
       2.7567890151697787e+00, -5.3072318982711487e+01,
       1.8404000989983007e+00, 4.7118651596757157e+00,
       9.9099598908781829e+01, -8.4010015522984091e+01,
       -9.8994110124725090e+00, 5.2170084238439813e+01,
       -1.0929738818916748e+00, 1.5893286683768187e+01,
       8.0338988345803742e+01, -1.4691281558359069e+02,
       6.7136524383329984e+01, 4.4916777537083661e+01,
       2.2128914703845577e+01, -5.2579598451817455e+00,
       -1.9198546742946792e+02, 2.7531633719855417e+01,
       3.2077438296772890e+01, -2.4351239020477973e+01,
       -3.8404864873768219e+00, -1.7757829589979991e+01,
       -3.9307124254809054e+01, -1.6048960223975655e+02,
       -1.5547667961117744e+01, 7.1326461257214859e+01,
       1.8143281698488110e+01, -1.0444686462991664e+01,
       8.8415400395450391e+01, -2.8594163277360572e+01,
       -2.7390146573207190e+01, 3.4713973010353868e+01,
       -2.8676911361062071e+01, 1.9062670347369433e+01,
       -5.7052137375674832e+01, -1.2722911008419128e+01,
       1.0268043341220600e+02, -9.1904366731421288e+00,
       -2.7436905173250725e-01, 7.1347313777595422e+00,
       9.7619479986632243e+01, 9.7179001926316232e+01,
       1.9886247209666394e+01, -5.6069219187678073e+01,
       -1.1611832762483443e+00, -5.5227370160503773e+00,
       -1.5932550115400235e+02, 2.4071352897364182e+01,
       3.1205770257124858e+01, 3.5157815950406970e+01,
       3.9885530850254836e+00, 5.7434080517608175e+00,
       2.3486582816856558e+01, 3.6780330481312781e+01,
       -2.6380402145360499e+01, 1.0917289570303813e+01,
       -1.0763660387078168e+01, -3.5279721462357569e+00,
       9.2856518888252367e+01, 4.3819244298922172e+01,
       -3.3428510936724699e+01, -4.5274793734124748e+00,
       5.1628986221040463e-01, -1.9922588924274617e+01,
       1.8962790394953055e+02, 5.7876788792833871e+01,
       3.0262624438507078e+01, -2.7349389204699261e+01,
       -1.2195515111011551e+01, -2.6946650560458933e+00,
       -1.3370944447429088e+02, 1.2880428162870680e+02,
       1.2036850831811227e+01, -5.3603636195778208e+01,
       -2.5204804112322137e+01, -4.7341666621147089e+00,
       5.1693176458051447e+01, -3.9441618340508427e+01,
       -4.9700548305554211e+00, 3.5685517054174284e+01,
       -1.4943031822766896e+01, 2.8638187326675723e+01,
       -1.7195194231735695e+02, 6.4056509606228644e+01,
       2.9503963236163994e+01, -2.7697518078693861e+01,
       -5.2231657963358966e+00, 3.6536196526082514e+00,
       9.9973794300869955e+01, 3.0148320053707348e+01,
       4.2470443533204289e+01, 2.3558927492814405e+01,
       1.3971895245021420e+01, -4.6309338644161736e-02,
       2.1140720912834954e+01, 1.2949630824609045e+02,
       -3.5407827496265540e+01, -4.6521952880085692e+01,
       -7.9584895828987499e+00, 7.3910821848367303e-01,
       -1.7271213176680269e+00, -3.0734555489896948e+01,
       8.8602149206003507e+00, 1.1212784987316658e+01,
       3.8370710859690156e+01, -3.3849810672576375e+00,
       7.3289442372754252e+01, -3.0605116129108371e+01,
       -5.7876638035260747e+01, -6.3049006718855928e+01,
       -1.0379096200247446e+01, -1.0331467732355444e+00,
       -2.3214345998503820e+01, 4.9467115967615321e+01,
       -3.5298256198699335e+01, 3.8936789882077186e+01,
       1.9479367926431458e+01, -1.2797883836536559e+00,
       1.0116163606428567e+02, -4.8264388182846012e+01,
       -2.1481032420422178e+01, 3.6154855899427140e+01,
       -2.7198406285395343e+01, 2.3227980098084398e+01 ]
