%YAML:1.0
means: !!opencv-matrix
   rows: 33
   cols: 1
   dt: d
   data: [ 1.4864656754364935e+02, -5.0573581939270362e+01,
       -2.2560092260306934e+02, 2.3018129604648738e+01,
       -1.1629667309383885e+02, 2.4063811840389266e+02,
       1.0022979824394298e+02, -3.3633352743069565e+02,
       -2.7267535497934426e+02, -1.5745000887814552e+02,
       -5.1245413063991849e+00, 8.4333265522746203e+01,
       1.9031928353011057e+02, 5.3343139609663140e+01,
       6.8965855410610672e+01, -8.3939613482973911e+01,
       1.3076690270481379e+02, 3.0386957592624367e+02,
       -1.9971884879990334e+01, -2.0221424974668000e+02,
       -3.0407661855543682e+02, -1.3561599127159673e+02,
       2.7171792019997048e+02, -2.4615021068473212e+02,
       1.6796301962382665e+02, 2.1422787656747619e+02,
       -9.9036031384136521e+01, 3.7744911255800922e+01,
       9.3065612078052844e+00, 1.1550262705954630e+02,
       -1.7991095973348894e+02, -3.5002809533070312e+01,
       -6.7116723145736245e+01 ]
covs: !!opencv-matrix
   rows: 33
   cols: 1
   dt: d
   data: [ 8.2383845133128190e+01, 5.7562546182076574e+01,
       1.1844350926416340e+02, 4.8160052336390066e+01,
       8.2830973747797685e+01, 1.8577981172599021e+02,
       5.8625367131412652e+01, 7.2522446541426905e+02,
       1.9419547737342126e+02, 9.8676965963563433e+01,
       4.6345889922838403e+01, 5.8495721422798937e+01,
       1.2170162101120060e+02, 4.9727328317613413e+01,
       5.4521330108187144e+01, 6.4139520000592213e+01,
       7.1035386871222940e+01, 8.1743047133686059e+02,
       4.9534366142693408e+01, 1.0211265014564920e+02,
       3.6141756092220555e+02, 8.6984501497032852e+01,
       3.3577113144744300e+02, 1.5899410952716457e+02,
       9.2008508672727004e+01, 1.5790997733916308e+02,
       7.1379198595147358e+01, 4.8853891169541534e+01,
       4.5482491473460691e+01, 6.6518988149462288e+01,
       1.0804984695922496e+02, 5.3106028540940905e+01,
       5.9996020824575346e+01 ]
weights: !!opencv-matrix
   rows: 1
   cols: 33
   dt: d
   data: [ 3.2822704316063454e-02, 3.9635136890396945e-02,
       2.0189151662284056e-02, 3.9036707808461191e-02,
       3.4574634947270644e-02, 1.4966127389868047e-02,
       4.1688594842839308e-02, 5.2734989018230856e-03,
       1.6041632952594601e-02, 2.9643868020849180e-02,
       3.9654849902678667e-02, 4.2691341814680102e-02,
       2.8005245949038870e-02, 4.5148348434719980e-02,
       4.4147289829723088e-02, 3.7076492389085718e-02,
       3.4837483930374287e-02, 7.1928142533110228e-03,
       3.8369138025608325e-02, 2.3798439999835021e-02,
       1.0650437356005892e-02, 3.2872437413353918e-02,
       1.1130747714482648e-02, 1.5637195875673561e-02,
       3.2049136366219880e-02, 2.1639519061225816e-02,
       3.4427657321469733e-02, 4.4199360340643104e-02,
       4.0734160703186431e-02, 3.6725679809212125e-02,
       2.6198255212153975e-02, 3.8639778067591453e-02,
       4.0302132497263762e-02 ]
pca_proj: !!opencv-matrix
   rows: 1
   cols: 21
   dt: f
   data: [ 1.02604255e-02, 8.46533298e-01, 5.67100069e-05,
       -5.08859605e-02, 4.68450844e-01, 1.89823491e-04, -5.55210514e-03,
       1.46431834e-01, -1.98076777e-05, -7.31809530e-03, 1.34976640e-01,
       -4.80776835e-05, -6.69380091e-03, 1.46460637e-01, -1.57161594e-05,
       2.11501210e-05, 1.32904761e-05, -3.16381829e-07, -1.62182951e-05,
       4.47223283e-04, 4.04881848e-06 ]
pca_mean: !!opencv-matrix
   rows: 1
   cols: 21
   dt: f
   data: [ 4.33646118e+02, 2.44701981e+02, 1.49672687e+00,
       4.18191803e+02, 2.60206879e+02, 1.62062907e+00, 3.68545319e+02,
       2.27059875e+02, 1.69770968e+00, 3.19420807e+02, 1.63929108e+02,
       1.75046074e+00, 3.16613464e+02, 2.25532654e+02, 1.70717156e+00,
       1.08872897e-04, -9.74175637e-05, 6.24380555e-05, -2.17504916e-04,
       -2.50119597e-01, 1.75055194e+00 ]
gamma: !!opencv-matrix
   rows: 33
   cols: 1
   dt: d
   data: [ 8.3566699993378257e-01, 7.7664605328378267e-01,
       8.7196499879600819e-01, 7.6621903704452510e-01,
       8.1606884955096881e-01, 8.7866080881766284e-01,
       8.0619141054712551e-01, 9.0908634756948536e-01,
       8.8898997272715796e-01, 8.4020390063078709e-01,
       7.6313325662593945e-01, 7.9629443295851621e-01,
       8.5746284145924268e-01, 7.7829412875695148e-01,
       7.8697300466492004e-01, 7.9557188395138712e-01,
       8.2517757022167426e-01, 9.0255827218812068e-01,
       7.6528366152858562e-01, 8.6209528947421910e-01,
       8.9912443600166936e-01, 8.2773688212370300e-01,
       8.9020767790069755e-01, 8.7998189557564621e-01,
       8.4615678221367963e-01, 8.6828494225092967e-01,
       8.0510895363643287e-01, 7.7114374375828798e-01,
       7.6353920982142842e-01, 8.1585869386409049e-01,
       8.5186027769582162e-01, 7.6983748280132192e-01,
       7.8547963590768966e-01 ]
