%YAML:1.0
means: !!opencv-matrix
   rows: 5
   cols: 20
   dt: d
   data: [ 4.9709311138676604e+01, -3.5251205766251790e+00,
       -3.8004915114149016e+00, 1.6182780468582647e+00,
       4.0112654467033479e+00, -5.3313365674999968e-01,
       4.6668601794521818e+00, 1.9517948824166018e-01,
       2.6478675161404408e-01, 1.1288430472836544e-01,
       4.9872252116506789e-02, 2.2344198516516329e-02,
       1.5563505905016681e-03, -2.5207435227372157e-03,
       2.5926635555757484e-03, 6.4510656926355383e-04,
       -2.7012731915608193e-04, -1.4253038057111833e-03,
       -5.0174592677907834e-05, -4.4642297934172309e-04,
       -1.7314314750130629e+02, -4.8422080226549731e+01,
       4.3194364141615750e+01, 8.6408923557972734e+00,
       -1.4612557430970273e+01, -7.4821062691783491e-01,
       -1.4658301214197356e+00, 4.3946993341590190e-01,
       6.9751335175561049e-02, 1.1553775533665864e-01,
       -1.7677301571685806e-02, -4.8299081812622153e-03,
       -5.4879887106129360e-04, 1.3059313750568467e-03,
       3.0493776961887480e-03, 1.2608838412071554e-04,
       -4.8782894757568295e-04, -9.0417516462577049e-04,
       1.5610010843779246e-03, -1.5330727159800809e-03,
       1.9136074602779050e+01, -5.3604605341517562e+01,
       2.2002634837651196e+00, 1.2412751252702437e+01,
       5.3086602686278246e+00, -1.3520764534079813e+01,
       -4.6012878399919082e+00, 6.8329094687659886e-01,
       3.8384663713090950e+00, -2.2883467152951112e-01,
       -1.7859901859276463e-02, -4.3424939136260214e-02,
       -1.7511651507134244e-02, 6.1240409866132718e-03,
       -1.4564086423474164e-02, -2.5878830814790939e-03,
       3.4739678116075096e-03, 5.5867344003366149e-03,
       -2.7898376375885743e-03, 4.5219239751164717e-03,
       5.2778064386117805e+01, 2.2673067084134011e+01,
       -1.8921351081550323e+01, 2.6845727673212676e+00,
       7.4903323797609040e+00, 8.3625516146195213e+00,
       -2.9507951587107830e+00, -3.3103474823935758e-01,
       -9.1598235917463489e-01, -1.0089342372190482e-01,
       2.5818685675788496e-02, -1.1776207680308785e-02,
       2.0206705708675386e-03, -1.4627561623408081e-03,
       3.4384542304430128e-03, -1.5709753853972194e-03,
       -2.9296041367947467e-04, -1.5209367597379259e-03,
       2.6413791489160931e-04, -7.6328629644080014e-04,
       -6.4984044303828540e+01, 3.6049975808933773e+01,
       6.0914887815879490e+00, -2.3408658873161542e+01,
       -1.3285198272977524e+01, -6.8693040254576427e+00,
       3.7892298220132897e-01, -5.2477206805308785e-01,
       -1.0349142247320346e+00, 1.7084708683642532e-02,
       -1.2698420065956526e-01, 7.1727958585671679e-03,
       3.6408111745606497e-03, 3.4898246489179991e-03,
       -6.0490097129020882e-03, 3.1111723780113195e-03,
       -5.7767760910274249e-04, 3.2647895908144743e-03,
       -1.9624788136632975e-04, 1.2307719609434198e-03 ]
covs: !!opencv-matrix
   rows: 100
   cols: 20
   dt: d
   data: [ 9.1159124440525557e+03, -7.3505848393665883e+02,
       1.0553569709892697e+03, -4.1463167751829040e+01,
       -7.9874124436705063e+02, -2.5482506800790051e+02,
       -6.5676954855052671e+01, -1.3997507286735931e+00,
       -2.5200059323291523e+01, 1.0759628354111721e+00,
       -4.7953439701152739e-01, -5.4543120237420151e-01,
       7.7881107882363507e-02, -1.6148931699549118e-01,
       5.1483418606102294e-01, 7.8945735117426807e-02,
       -1.6327317071086195e-01, -5.4709714188656396e-02,
       5.1404085026658042e-01, 1.8324953582571199e-01,
       -7.3505848393665872e+02, 8.6979715759986975e+03,
       3.3775530101953109e+02, 4.8390603506900800e+02,
       -2.2921962661234349e+02, -3.7374012720959166e+02,
       1.2765795261849684e+01, -5.6259941277802883e-01,
       -2.0952595458163259e+00, -9.6045856008753088e+00,
       -5.2565228193639901e-01, -5.5541712209209582e-01,
       1.7581241860236313e-01, -1.8279042734145420e-02,
       -1.1498535242365135e-01, 1.9353310696009715e-01,
       5.7569488394903934e-01, -2.8055949071233205e-01,
       -4.7872666122777104e-03, -3.2677238204494715e-03,
       1.0553569709892695e+03, 3.3775530101953103e+02,
       2.5206814567646211e+03, -6.5718440469725437e+01,
       2.1057221433407710e+02, 9.4085211609341258e+01,
       1.3551751783096995e+00, -2.6474699586812704e+00,
       -4.7358627641554779e-01, -8.4480704836237297e-01,
       -1.2092315612543983e-01, -2.2150819245379935e-01,
       1.1992362236808050e-02, 4.0853491783408850e-02,
       -5.0913161768775597e-02, 6.3567180623565978e-02,
       5.2283382381155909e-02, -1.1995787959750977e-01,
       3.5003267666192661e-01, 6.7330233574981371e-02,
       -4.1463167751829054e+01, 4.8390603506900806e+02,
       -6.5718440469725465e+01, 2.2125016690969369e+03,
       -7.3695178525463829e+00, 6.8579411809532218e+01,
       2.2895286265398744e+00, 7.2912751789650061e+00,
       6.7618518597317596e+00, -1.3028153484261031e+00,
       2.9098413790306865e-01, 1.1425193549813158e-01,
       -2.9817633820977799e-02, 3.1573337597536097e-02,
       4.9812421019741315e-02, 1.2500401104294834e-01,
       2.8579087651505153e-01, -5.9345021062832549e-02,
       -7.9375270982410734e-02, -6.3452267553831390e-02,
       -7.9874124436705063e+02, -2.2921962661234343e+02,
       2.1057221433407710e+02, -7.3695178525463891e+00,
       3.8745666717094821e+02, -6.2442458580111499e+01,
       -4.3896790573644742e+00, -4.9006820421461441e+00,
       -3.6838589556192889e+00, 7.5904069791240014e-01,
       -2.3913157774880328e-01, 7.6533977670935796e-02,
       -9.1540593809056898e-03, 2.5103973103467403e-02,
       -9.0085403797888364e-03, 3.7976960229999801e-02,
       -3.4673094453826434e-04, 7.6976584258651448e-03,
       -2.2070478500308761e-02, -1.5667038088821989e-02,
       -2.5482506800790051e+02, -3.7374012720959166e+02,
       9.4085211609341229e+01, 6.8579411809532218e+01,
       -6.2442458580111492e+01, 1.6713691803578081e+02,
       6.1502278717119259e+00, 2.1349518884248599e+00,
       5.5640919321205722e+00, -1.0754967243531774e+00,
       -1.6076274965509099e-01, -1.2587713725712160e-01,
       -5.8616013949314471e-03, 2.8787711068013002e-02,
       -7.7172243726239459e-02, -2.9963669725756488e-02,
       -7.8774469249695694e-03, 8.9091852195931995e-03,
       -3.5275517435571129e-03, -9.7040339248768669e-03,
       -6.5676954855052699e+01, 1.2765795261849687e+01,
       1.3551751783096999e+00, 2.2895286265398735e+00,
       -4.3896790573644768e+00, 6.1502278717119259e+00,
       7.1083815990013397e+00, -5.0850091869829783e-01,
       9.8185831088866204e-01, -2.2341376205732141e-01,
       -3.1364188142987498e-02, 3.6977911493457895e-02,
       -3.2889747779565805e-02, 1.0647085637509332e-02,
       -2.3031999047099218e-02, -6.9988434251558058e-03,
       6.7538864139921884e-03, 3.5297302999066056e-03,
       1.8438257152516501e-03, 1.8430410424577117e-03,
       -1.3997507286735948e+00, -5.6259941277802750e-01,
       -2.6474699586812722e+00, 7.2912751789650070e+00,
       -4.9006820421461459e+00, 2.1349518884248595e+00,
       -5.0850091869829783e-01, 1.1660300885311903e+01,
       -8.7092688616125047e-01, 4.0683571758361409e-01,
       -3.5234740418878733e-03, -3.3923198179562058e-03,
       3.2043933955108483e-03, 1.0814183021756497e-02,
       -7.5557413989930646e-03, 2.3371521178685364e-02,
       -2.6557506830830620e-03, 2.6071877927775246e-03,
       -1.7398420474472270e-03, 1.9397931474509260e-03,
       -2.5200059323291523e+01, -2.0952595458163246e+00,
       -4.7358627641554735e-01, 6.7618518597317614e+00,
       -3.6838589556192889e+00, 5.5640919321205722e+00,
       9.8185831088866204e-01, -8.7092688616125047e-01,
       7.4514522641787262e-01, -3.6038237895869289e-02,
       1.6637840812973679e-02, 1.3130205765188101e-02,
       1.4188358702930963e-02, -2.6063137557546785e-04,
       -3.5578411147269822e-03, -1.9144600596695358e-03,
       2.0441268799497644e-03, -1.1590472245583817e-03,
       -5.9538657333254414e-04, -1.5667595648451249e-03,
