%YAML:1.0
means: !!opencv-matrix
   rows: 22
   cols: 5
   dt: d
   data: [ 8.5809252732159649e+01, 1.2083260638208817e+01,
       -2.7653370145516618e+01, -2.4439041182957151e+01,
       -2.6180138832373348e+01, -1.2291946479240350e+02,
       -7.6864185145028063e+00, -4.1440331416429803e+00,
       7.6549862910602272e+01, 2.0149753408911719e+00,
       9.1792340753672491e+01, -1.7220702020401522e+01,
       5.9070549836955237e+01, -1.7407854202923815e+01,
       1.5268661673797800e+01, 7.7832007396444894e+01,
       -2.1667394734507792e+00, -1.8603322882970922e+01,
       7.8125225066909934e+01, -7.3043326337571770e+00,
       -6.8342953156655881e+01, 1.2784124568216498e+01,
       2.3861827699798756e+01, -1.8103156254875891e+01,
       2.1453673497460755e+01, 9.0155642596543100e+00,
       -8.7458797090027460e+01, -7.6112801942454652e+01,
       1.9219409300816164e+01, 5.9622942075069318e-01,
       8.3118154490578974e+01, 1.6492344772244955e+01,
       -2.2912212424860336e+01, -3.2411270694493503e+01,
       -2.6057617609136209e+01, -2.4443827412029545e+01,
       -7.0026162414490045e+00, 7.8850825406478492e+01,
       7.1666671610641899e+01, -5.3521766285378936e-01,
       -2.7150729276917740e+01, -1.3261585907540947e+01,
       -2.6589250672349767e+01, -1.9162137661843392e+01,
       1.7451141571004403e+01, 1.5193915513922840e+02,
       -4.4572682642864706e+01, -4.0440784522760879e+01,
       -2.7914863204760689e+01, -5.7163584466308075e+00,
       -1.5917258904817996e+02, 1.2825281815565617e+02,
       4.6187718468389427e+01, 1.9420725658105152e+01,
       -7.4751401080814590e+00, -2.0122454698063041e+02,
       -1.3304524143566101e+02, -1.5118912677935203e+01,
       2.4632857646720321e+01, -5.5292891199629386e+00,
       1.0858690142070316e+02, 1.0170993895062954e+02,
       2.9693368924524155e+01, 2.9945938231034589e+01,
       1.3256565738990481e+01, 1.1881726365470327e+02,
       -1.1266006661646649e+02, 9.2077228981414123e+00,
       1.7357338077538081e+01, -3.5403055472728728e+00,
       9.6025347941985260e+01, 1.7903373380258888e+01,
       -3.0590241589467869e+01, -4.4385621225132475e+01,
       -2.5713344050600724e+00, -1.0496813621981454e+01,
       1.1315274322240644e+02, -5.3638191441545317e+01,
       2.7662073037092327e+01, 1.7651923110189355e+01,
       1.5820593619909565e+02, 8.3881544613353739e+01,
       -3.9979350586504353e+01, 2.2738964675222608e+01,
       -7.6654127314572511e+00, -6.2384930356839545e+00,
       7.3174378260579715e+01, 1.0790517323519801e+01,
       -5.3707398130533385e+01, 3.1336910987357005e+01,
       -1.8750292547920893e+02, 7.5351434151713079e+01,
       4.1759030468968483e+01, -5.2394573331987075e+01,
       -2.1307455878257610e+01, -2.5529930209069457e+02,
       1.7991509364753078e+01, -2.0563367745188284e+01,
       -1.8383031926091434e+01, -6.0949778516622244e+00,
       -5.2924417387029621e+01, -1.4142804934120815e+02,
       5.6699605805086769e+01, 1.9698545863722117e+01,
       1.9412445075290576e+00, -1.7665761213662771e+02,
       -1.6233121455529304e+01, 6.0372187427359485e+01,
       -2.5081361588555868e+00, -1.0263408367285209e+01 ]
covs: !!opencv-matrix
   rows: 110
   cols: 5
   dt: d
   data: [ 6.8336069027955427e+03, -7.9974711770212161e+02,
       2.5810785274543236e+03, 9.7969945496318383e+02,
       3.2204612874450930e+02, -7.9974711770212161e+02,
       6.2679875341457619e+03, 5.1447487129712336e+01,
       2.0837849592940756e+03, -1.3550428986499276e+02,
       2.5810785274543236e+03, 5.1447487129712265e+01,
       2.5235854488877535e+03, -1.3099552719535737e+02,
       -1.1725946885933149e+02, 9.7969945496318394e+02,
       2.0837849592940752e+03, -1.3099552719535737e+02,
       1.3841657354820657e+03, 8.5774294404426755e+01,
       3.2204612874450930e+02, -1.3550428986499276e+02,
       -1.1725946885933149e+02, 8.5774294404426769e+01,
       1.2112683716566360e+02, 5.5929911670637794e+03,
       3.8240241711097298e+02, 9.8276398856168623e+02,
       -4.3045041502898636e+02, 7.3046768312575284e+02,
       3.8240241711097292e+02, 2.5364950659738706e+03,
       -3.1174694740263078e+01, 1.9665012705437454e+02,
       2.4376130843393514e+02, 9.8276398856168623e+02,
       -3.1174694740263096e+01, 1.2799828493075793e+03,
       -9.9170737238888790e+01, -1.2486180259793470e+02,
       -4.3045041502898636e+02, 1.9665012705437459e+02,
       -9.9170737238888790e+01, 6.7020451102441916e+02,
       -1.9855219607576691e+02, 7.3046768312575284e+02,
       2.4376130843393514e+02, -1.2486180259793468e+02,
       -1.9855219607576691e+02, 2.9235038305003650e+02,
       2.0611808016909367e+03, 4.6366347268397033e+02,
       -5.8844563275860153e+01, -2.9135071102287532e+02,
       -6.9531241812810194e+01, 4.6366347268397021e+02,
       7.3517111337356473e+03, -7.9767714577893457e+01,
       -5.1904249644118352e+02, 3.0904497797341527e+01,
       -5.8844563275860153e+01, -7.9767714577893400e+01,
       4.8232181900684867e+02, 9.9802520454950269e+01,
       9.2208332128089125e+01, -2.9135071102287532e+02,
       -5.1904249644118352e+02, 9.9802520454950226e+01,
       2.2037726420051936e+03, -1.7620424273726317e+02,
       -6.9531241812810208e+01, 3.0904497797341531e+01,
       9.2208332128089125e+01, -1.7620424273726320e+02,
       2.4497347258732822e+02, 6.6619695645330012e+03,
       1.2894397299222671e+03, 2.2997346179640776e+03,
       -8.8475139773221815e+02, -5.8385432831099237e+01,
       1.2894397299222671e+03, 2.7653032230659023e+03,
       -4.5663009043177823e+02, -1.1999987890428800e+02,
       -3.7984234682605087e+00, 2.2997346179640776e+03,
       -4.5663009043177823e+02, 2.4012148294130402e+03,
       5.4462530530622729e+01, -1.0630074386807100e+02,
       -8.8475139773221804e+02, -1.1999987890428800e+02,
       5.4462530530622729e+01, 8.1394266087066819e+02,
       -1.2950784591112084e+01, -5.8385432831099259e+01,
       -3.7984234682605087e+00, -1.0630074386807098e+02,
       -1.2950784591112084e+01, 3.6172077709917041e+01,
       4.7395001993806954e+03, 3.0938730417765807e+01,
       1.9320985462435262e+03, 3.7791483497308701e+02,
       3.6207418926120675e+02, 3.0938730417765871e+01,
       5.5586210446008708e+03, -1.8019283464972386e+02,
       1.9090595105692428e+03, -1.2363177722197686e+02,
       1.9320985462435267e+03, -1.8019283464972386e+02,
       2.4775362313541050e+03, -2.6556303458814830e+02,
       -4.3146298393067195e+02, 3.7791483497308701e+02,
       1.9090595105692428e+03, -2.6556303458814830e+02,
       1.2194175174342336e+03, 1.6864106324393535e+02,
       3.6207418926120675e+02, -1.2363177722197688e+02,
       -4.3146298393067207e+02, 1.6864106324393535e+02,
       3.0329101054154017e+02, 3.1462693104100381e+03,
       1.9423100018880896e+03, -8.7712980509433180e+01,
       -8.0880357849587176e+02, -1.8776687822790720e+01,
       1.9423100018880896e+03, 5.8794381372884136e+03,
       -2.7848980508720297e+02, 1.9509173971031777e+02,
       2.8294709036382415e+01, -8.7712980509433194e+01,
       -2.7848980508720308e+02, 7.5869921377339119e+02,
       1.5539264778760653e+02, -1.8508701390583202e+01,
       -8.0880357849587165e+02, 1.9509173971031785e+02,
       1.5539264778760656e+02, 1.1241452272975007e+03,
       -6.3538207439924520e+01, -1.8776687822790723e+01,
       2.8294709036382415e+01, -1.8508701390583198e+01,
       -6.3538207439924520e+01, 9.1330919257497413e+01,
       4.0256851672257494e+03, 7.2075377319081213e+01,
       3.0697692667176098e+03, 1.3855541298053802e+02,
       -1.1176080308651014e+02, 7.2075377319081241e+01,
       5.5546170144619982e+03, -3.3946690135185804e+01,
       2.4592073093912031e+03, -4.8514543576280850e+01,
       3.0697692667176093e+03, -3.3946690135185833e+01,
       2.5661263583903092e+03, 3.4782974539112878e+01,
       -8.1319512595148936e+01, 1.3855541298053802e+02,
       2.4592073093912036e+03, 3.4782974539112828e+01,
       1.1680595624620471e+03, -6.3938180203924965e+01,
