%YAML:1.0
means: !!opencv-matrix
   rows: 46
   cols: 5
   dt: d
   data: [ -1.9334020822899257e+02, 3.6989757529635696e+01,
       2.2319969739051871e+01, 3.4669041596593502e+01,
       -5.3289542749425820e+00, 3.9652955720278209e+00,
       1.5804465636388001e+01, -8.6080622158255068e+01,
       -3.4556438344858158e+01, -2.3981143621991922e+01,
       1.9799666768333191e+02, 3.8411234879351163e+01,
       -4.2552123425301680e+00, 9.4677132907805870e+00,
       -8.2322039606898016e+00, -9.9996204637586672e+01,
       -1.5657217407165246e+02, 6.5055741178476922e+01,
       2.1651064777724276e+01, -1.0621076941358890e+01,
       3.4055579512951361e+01, 5.8331361597684278e+01,
       -5.0343493627267435e+01, 3.4286749652486833e+01,
       1.2483726862455818e+01, -8.5093086591984019e+01,
       2.3258626764466688e+00, 1.0591024756470125e+02,
       -1.3106482339234381e+01, -8.4157712142645575e+00,
       1.9565922378152973e+02, -4.1252198262190923e+01,
       4.1924136251593872e+01, 2.6078925380609842e+01,
       -8.6202215293543247e+00, 1.2151357948581239e+02,
       9.8377755139753233e+01, 3.3600848789669108e+01,
       3.8777689998833310e+01, 1.2267505839871255e+01,
       -2.2690084078516298e+02, -6.3574462474977970e+01,
       -3.3822829979631969e+01, 6.2838414667722553e+01,
       -1.0302158264315448e+01, 7.4537717678539849e+01,
       -1.0605163613337174e+01, -2.9667679929159799e+01,
       -5.6221075984555910e+01, -1.0959882711867805e+00,
       -7.0538211746483839e+01, 1.1796685109856940e+01,
       -1.1648801481873564e+01, 7.9030627373094759e+01,
       1.4519979308996403e+01, 3.5307261009960953e+01,
       1.4761654666918227e+02, -5.9934293114295460e+00,
       -8.2198005149975387e+01, 1.9331346985036674e+01,
       -3.3176206951434267e+01, 1.3116774192987686e+01,
       7.5380476122402797e+01, 7.4651988219774069e+01,
       5.8960795168457336e-01, -4.3065680124419409e+01,
       1.3269895027830640e+02, -2.4571921231324406e+01,
       2.9908000339782479e+01, 2.7433573316407585e+01,
       -7.3121720417639322e+00, -1.0626873605407457e+02,
       3.7420403568123753e+01, 2.3303308162787278e+01,
       1.5751644391764041e+01, 4.0551466019817994e+01,
       -7.8930822552090305e+01, -4.2023748093590250e+01,
       -9.5629983382773425e+00, 1.3581303619425602e+01,
       -1.9327252034539484e+02, -7.9823600074477184e+01,
       3.0433307724967186e+01, -4.1319121586592388e+01,
       -5.3232564830048528e+00, 1.0120989357360861e+02,
       6.4211571714747777e+01, -2.9881429385610097e+01,
       7.3957471915930157e+01, -8.0704376237966748e+00,
       7.7634812459107707e+01, 1.9706335785964342e+01,
       6.7718637694339023e+01, -4.7347609929814809e+01,
       7.3102404347416448e+00, 7.2666094051482910e-01,
       3.8567953113815733e+01, 1.4364083005479340e+01,
       -2.9970178725056975e+01, 3.7911527264056957e+01,
       7.2334708150512725e+01, -1.6165127833297419e+02,
       -1.6393062473072668e+01, 1.1583860566791024e+00,
       -4.5737503785335214e+00, -8.8373094380359220e+01,
       3.2155764199412502e+01, -5.4182333085713957e+01,
       -1.4850773201461308e+01, 1.9945949442164199e+01,
       -3.6663411030265557e+01, 1.1065786822414286e+02,
       7.4253614652072983e+01, 2.0069282772162644e+01,
       8.5332072324438890e+00, -4.8703023305334533e+01,
       -9.1305033067754351e+01, -5.6837319392366005e+01,
       6.8028132413579684e+01, -5.3825202397470919e+00,
       1.0121316121266265e+02, -4.6538884807531225e+01,
       -4.9831144941429981e+00, -6.0403344863976635e+01,
       -2.5916882394964837e+01, -2.2556853301180541e+02,
       4.4491745327090740e+01, 3.4821309653163276e+01,
       -3.5141788480181496e+01, -1.1140134940174811e+01,
       -4.2069141550773146e+01, 1.8087812107665584e+02,
       7.1707220174093438e+00, -1.0711944939153926e+02,
       -6.3699751413191077e+00, -2.9170466114811596e+01,
       -7.3062220028289673e+01, -5.0356992574655486e+00,
       -5.2083303542414598e+01, 2.1029761490570934e+01,
       -9.8517086094426418e+01, 1.7856560520391422e+01,
       2.2574275737441837e+01, -2.2408591178415985e+01,
       1.4008243172923750e+01, 8.0321426381299574e+01,
       1.2391904208892096e+02, -2.0611835485733433e+01,
       -7.7305140636529721e+00, -1.2651762704004923e+00,
       -1.1257064991557201e+02, -1.0587140411519950e+02,
       -3.8656730954822393e+01, 2.6417178911630653e+01,
       1.7922235612664974e+01, 1.2399029534406988e+02,
       7.8989356026940470e+01, -2.9222807607351825e+01,
       1.5375157331397194e+01, -2.2388391282517286e+01,
       3.4614090819631414e+01, -3.1139092141558173e+01,
       -9.3006213224496221e+01, 1.3789454821859488e+01,
       -2.1033085647716576e+00, 2.4254811553419557e+01,
       3.0386840870806907e+01, 1.8655898821593748e+01,
       -1.1890986818407892e+00, 9.3107876457206356e+00,
       1.5005603171152480e+01, 4.7371210068504880e+01,
       -1.1985680996661104e+01, -4.9797244273650556e+01,
       -3.8305765748520834e+01, -1.2137043613751059e+02,
       -5.9223686157936136e+01, 3.6403555530696622e+01,
       8.4945695265475294e+01, -1.7939321362347272e+01,
       8.5123254611868120e+01, -2.9867264491106344e+01,
       8.0263651714614483e+01, 1.8366932872239499e+01,
       1.9328631815770233e+01, 1.0934604519485060e+02,
       2.0270446708391944e+01, -8.4054671564372583e+01,
       -1.5933623661071110e+01, -5.4363644656679115e+00,
       -1.7386713571559477e+02, 7.1535547805194909e+01,
       3.0346166910695423e+01, -6.2096326938221310e+01,
       -2.8957887336707444e+01, -1.8200738108920612e+02,
       1.7456483793357506e+02, 4.0836015440870746e+01,
       -7.2271295328795464e+00, -1.7207901165490028e+01,
       -2.0288939208007150e+02, 7.5538327603836180e+01,
       4.6330540356051024e+01, -4.4184194291809668e+01,
       -2.4474131740243354e+01, 8.9573732265720153e+01,
       -6.1925611221049195e+01, -7.0383866211150803e+00,
       4.7269707025944676e+01, -6.0245469282306274e+00,
       -2.2179735928066805e+02, -1.3374400242100060e+02,
       -1.2095270307321618e+01, 1.0945916111657294e+01,
       -5.5524279364000400e+00, 1.0815160920136850e+02,
       7.7839758425532295e+01, -4.9892021557666455e+00,
       -3.4825571728822076e+00, -2.8016196364703106e+01,
       1.8910376908321152e+02, -7.4368627368089889e+01,
       -1.3220943027604559e+01, -4.7693739595202054e+01,
       -6.3344606513382384e+00, 1.3528672107823908e+02,
       -4.5210497041461771e+01, 3.9782303641391472e+01,
       -1.3389502953438592e+01, 1.1680372641308633e+01 ]
