%YAML:1.0
means: !!opencv-matrix
   rows: 5
   cols: 3
   dt: d
   data: [ -1.0366888052894701e+02, 7.4829655385338484e+01,
       -2.5716855889986228e+01, 1.5025579481734263e+02,
       -2.0626194479297556e+01, 4.8222305662055746e+01,
       -1.8760849236710359e+02, -5.9857598196950846e+01,
       4.3756165403106870e+01, 5.9027188592948399e+00,
       -3.4129146770969648e+01, -5.6643174864996297e+01,
       5.5600018416221118e+01, 1.5438576767020402e+01,
       2.4737331363815191e+01 ]
covs: !!opencv-matrix
   rows: 15
   cols: 3
   dt: d
   data: [ 9.6732759162563943e+03, 1.3305444385285355e+03,
       -6.3290919471480936e+02, 1.3305444385285355e+03,
       8.9789389496255699e+03, -2.9851624866935833e+02,
       -6.3290919471480936e+02, -2.9851624866935845e+02,
       1.4532330100748839e+03, 6.5011658538789816e+03,
       1.4138699515709454e+03, -1.6578085421788342e+03,
       1.4138699515709454e+03, 1.2008680768978355e+04,
       -2.0678559277015925e+01, -1.6578085421788342e+03,
       -2.0678559277015907e+01, 1.0049786073793387e+03,
       5.3527961042037496e+03, -4.3109795347516570e+02,
       2.8751138202845468e+03, -4.3109795347516570e+02,
       9.2017490169222419e+03, 8.4914274261274591e+02,
       2.8751138202845477e+03, 8.4914274261274602e+02,
       2.2914527351003580e+03, 6.7627442423006223e+03,
       9.7066825145758617e+02, -7.8127998188238575e+02,
       9.7066825145758628e+02, 1.0503923423888720e+04,
       -5.2627759553718067e+02, -7.8127998188238575e+02,
       -5.2627759553718090e+02, 1.4864743300183864e+03,
       8.5955774133711984e+03, -8.7666022956146151e+02,
       -2.2144892923938710e+03, -8.7666022956146116e+02,
       1.1579334050348427e+04, 8.3176608755630502e+02,
       -2.2144892923938705e+03, 8.3176608755630502e+02,
       1.8563237362266486e+03 ]
weights: !!opencv-matrix
   rows: 1
   cols: 5
   dt: d
   data: [ 1.8088153564059040e-01, 1.3877552120664269e-01,
       1.1146468540545333e-01, 2.5794035500955059e-01,
       3.1093790273775412e-01 ]
pca_proj: !!opencv-matrix
   rows: 3
   cols: 21
   dt: f
   data: [ 1.02604255e-02, 8.46533298e-01, 5.67100069e-05,
       -5.08859605e-02, 4.68450844e-01, 1.89823491e-04, -5.55210514e-03,
       1.46431834e-01, -1.98076777e-05, -7.31809530e-03, 1.34976640e-01,
       -4.80776835e-05, -6.69380091e-03, 1.46460637e-01, -1.57161594e-05,
       2.11501210e-05, 1.32904761e-05, -3.16381829e-07, -1.62182951e-05,
       4.47223283e-04, 4.04881848e-06, 8.19958210e-01, 1.87153444e-02,
       -7.93817599e-05, 4.28530097e-01, 8.29724409e-03, 8.75842488e-06,
       2.28233948e-01, -2.37727305e-03, -1.84168690e-04, 2.08515689e-01,
       -1.20344283e-02, -2.14158339e-04, 2.18838796e-01, -7.27251405e-04,
       -1.84816250e-04, -3.05604735e-05, -5.04301033e-06,
       -1.27042276e-05, 6.79167337e-04, 1.30049409e-06, -1.63660501e-04,
       -1.48704097e-01, -3.29387456e-01, -1.82470303e-05, 1.08596861e-01,
       1.49965823e-01, -1.77574475e-04, 1.29315495e-01, 5.12750924e-01,
       2.36419466e-04, 1.37444586e-01, 5.11233926e-01, 2.85520800e-04,
       1.36541247e-01, 5.06532609e-01, 2.30281497e-04, -1.19767010e-05,
       -4.37137305e-06, 1.85016711e-06, 4.23374237e-04, 1.63331581e-03,
       1.86568883e-04 ]
pca_mean: !!opencv-matrix
   rows: 1
   cols: 21
   dt: f
   data: [ 4.33646118e+02, 2.44701981e+02, 1.49672687e+00,
       4.18191803e+02, 2.60206879e+02, 1.62062907e+00, 3.68545319e+02,
       2.27059875e+02, 1.69770968e+00, 3.19420807e+02, 1.63929108e+02,
       1.75046074e+00, 3.16613464e+02, 2.25532654e+02, 1.70717156e+00,
       1.08872897e-04, -9.74175637e-05, 6.24380555e-05, -2.17504916e-04,
       -2.50119597e-01, 1.75055194e+00 ]
gamma: !!opencv-matrix
   rows: 5
   cols: 1
   dt: d
   data: [ 8.9506930401913343e-01, 8.4013907170728930e-01,
       9.2626580683075133e-01, 8.8477935634044480e-01,
       8.6650290277968500e-01 ]
