%YAML:1.0
means: !!opencv-matrix
   rows: 46
   cols: 2
   dt: d
   data: [ 9.4635816596739289e+01, 1.2262342714178533e+02,
       -2.0221003471779491e+02, -1.9563374819082650e+01,
       8.5351566384965636e+01, 2.2129504492143770e+01,
       8.7827676430848101e+01, -8.5585734976021712e+01,
       -5.9317201629281463e+01, -5.2526079553664138e+00,
       -4.9148147190982193e+01, 1.3450785428049267e+02,
       -8.9111408724643852e+01, -1.1316899302041779e+02,
       1.5075469541103115e+02, 7.1785614756929137e+00,
       -1.8989228628106139e+02, 1.1458329490378920e+02,
       -2.1097774566774950e+02, -9.6178770909920644e+01,
       -2.5106401722636336e+00, -2.6230135237376064e+01,
       -2.7630407986530201e+01, -1.3150943085367396e+02,
       5.9456418622084207e+01, 7.4202010003665848e+01,
       2.2404916984780439e+02, -8.9816747747622301e+01,
       2.3232220002351011e+02, 8.7214408841613363e+01,
       3.1420800377977347e+01, 1.2904313143910355e+02,
       2.7623762199913855e+01, -7.7620338749223379e+01,
       1.0573680055655389e+02, -1.8286889024114433e+02,
       1.6282395425857493e+02, 1.1201955560060962e+02,
       -7.4187981861105513e+01, 5.8973940438664933e+01,
       -2.3184573495327552e+02, 6.8690838548590065e+01,
       4.5774556644310714e+01, -1.3605154536004545e+02,
       -1.1848939787852439e+02, 1.1708353963879242e+02,
       -1.2395784628116630e+02, -5.6177043928142631e+01,
       5.9897760982600524e+01, -2.8680462280393016e+01,
       -2.7919684131008995e+02, 1.6621806374719906e+01,
       1.7807596722656683e+02, 5.3004657462694794e+01,
       -2.7485592474953808e+02, 1.2835563712736817e+02,
       -1.2101121846979204e+02, 7.4943601913807623e+00,
       -1.4771787605367581e+02, -1.2343164546019615e+02,
       1.4165749902848498e+02, -1.2390271926570189e+02,
       2.1908744408479009e+02, -7.9569728785532634e+00,
       -3.8387982818390363e+01, -6.5507288707976997e+01,
       -4.1053075170856328e+00, 8.3153247972326781e+01,
       -9.4712552478443854e+01, -1.9502729368711661e+02,
       1.1811215249570994e+02, 6.9745316083764521e+01,
       1.6074689048494233e+02, -6.4411284251887238e+01,
       1.4845967113453005e+01, 2.5416764307127895e+01,
       -1.5702389999053057e+02, 5.0322041689953572e+01,
       2.5114384843085622e+00, -2.0089159991420070e+02,
       1.1347651156788875e+02, -3.5076779987026640e+01,
       -2.8317473573128615e+02, -5.9504746813280043e+01,
       -1.6659685575839440e+01, 2.2213764474836387e+02,
       9.4946961412400668e+01, 1.8632855484778881e+02,
       -1.6657882809959136e+02, 1.7975237354783729e+02,
       -2.1262453010025757e+02, -1.7962562257632706e+02 ]
covs: !!opencv-matrix
   rows: 92
   cols: 2
   dt: d
   data: [ 8.5162210999057561e+02, -1.9569122846171464e+01,
       -1.9569122846171474e+01, 1.1565366684035848e+03,
       1.5357707928863842e+03, 2.3082910260878640e+02,
       2.3082910260878640e+02, 1.1569147384102696e+03,
       1.0567928314005219e+03, -3.6216664387642155e+01,
       -3.6216664387642162e+01, 6.9519387360763494e+02,
       8.5862773256911350e+02, -2.8744347450752816e+01,
       -2.8744347450752816e+01, 8.1157903814185818e+02,
       1.0932314086517370e+03, 3.8940050589324056e+02,
       3.8940050589324062e+02, 9.1017039115174259e+02,
       1.2384149875158987e+03, 1.3487025352856759e+02,
       1.3487025352856759e+02, 1.2361458028553002e+03,
       8.1173583576823341e+02, 6.0920185529357909e+01,
       6.0920185529357937e+01, 1.3412317903935341e+03,
       1.1359445745655310e+03, -1.2501496806571376e+02,
       -1.2501496806571382e+02, 8.9134678430132817e+02,
       1.1294108925994863e+03, -6.0016112234425115e+01,
       -6.0016112234425094e+01, 1.1554207986940526e+03,
       1.4529846661151050e+03, 3.9862820766761627e+02,
       3.9862820766761627e+02, 1.3770398379581313e+03,
       7.4061991852838378e+02, -1.8047783844229539e+01,
       -1.8047783844229528e+01, 7.3518966464273922e+02,
       1.0296627361778460e+03, 9.8507608301146860e+01,
       9.8507608301146860e+01, 1.5503364676693145e+03,
       8.0571452917827537e+02, 2.0661585445898286e+01,
       2.0661585445898300e+01, 8.4800988629635958e+02,
       1.3612064354096772e+03, -2.2972125312709057e+01,
       -2.2972125312709068e+01, 1.7917539386559035e+03,
       1.4294776534562188e+03, 1.6024315321202440e+02,
       1.6024315321202440e+02, 1.5679141832987004e+03,
       1.1489352075890322e+03, -2.8026256789846200e+00,
       -2.8026256789846187e+00, 9.3625425894659838e+02,
       8.3848185824584016e+02, 9.2724703442342914e+01,
       9.2724703442342943e+01, 8.9931045835734949e+02,
       3.4704923317327289e+03, -2.2204274437603708e+01,
       -2.2204274437603686e+01, 1.1189581420944241e+03,
       1.0383702545543670e+03, -1.7246219064644329e+01,
       -1.7246219064644322e+01, 9.9181693830695349e+02,
       1.0953644694168913e+03, 2.4192730994885185e+01,
       2.4192730994885178e+01, 1.1213652458000108e+03,
       1.2697647113615733e+03, -7.0005111308415837e+02,
       -7.0005111308415837e+02, 1.7483493480670231e+03,
       1.4659731651283103e+03, -4.2829098762464312e+01,
       -4.2829098762464319e+01, 8.8788416618043175e+02,
       1.0183699480177427e+03, 1.7681448107442876e+02,
       1.7681448107442876e+02, 1.4843745180924029e+03,
       1.3189133013428318e+03, 9.9037518197983417e+01,
       9.9037518197983459e+01, 8.7075653088822037e+02,
       6.5760477577026370e+02, -8.5677784304739149e+01,
       -8.5677784304739149e+01, 8.0133691088382920e+02,
       1.4151288264348898e+03, -3.4176498352250758e+02,
       -3.4176498352250758e+02, 1.7901855461299526e+03,
       1.0574426843314729e+03, 1.5390668629331628e+01,
       1.5390668629331621e+01, 9.5503682143062372e+02,
       2.1990095865478379e+03, 8.0540111991967331e+02,
       8.0540111991967308e+02, 4.5878182459913614e+03,
       1.1392066062395022e+03, 2.2538997821400977e+02,
       2.2538997821400974e+02, 8.3467050133902683e+02,
       1.1077462741171419e+03, 4.0356820207092259e+00,
       4.0356820207092126e+00, 1.2731659860585414e+03,
       1.4743787643583528e+03, 2.3822228927877291e+01,
       2.3822228927877298e+01, 9.4078231740134015e+02,
       1.6547436265882459e+03, 2.5661676421906219e+02,
       2.5661676421906219e+02, 1.4113238565663285e+03,
       9.8802474251302681e+02, -5.9252020211623631e+01,
       -5.9252020211623631e+01, 8.6626141683544211e+02,
       7.5192017601753059e+02, 8.5934801767447468e+01,
       8.5934801767447468e+01, 9.0234201459377505e+02,
       2.5051574043518604e+03, 5.6642698599562173e+01,
       5.6642698599562152e+01, 1.8332771043091082e+03,
       1.0402080230185663e+03, -1.1439237402264434e+01,
       -1.1439237402264441e+01, 9.6379057174175693e+02,
       9.2449689822770586e+02, 5.4603756751829579e+01,
       5.4603756751829565e+01, 9.5920230108803958e+02,
       1.0599191322761917e+03, -3.5711510485675930e+01,
       -3.5711510485675930e+01, 7.2692454457310726e+02,
       1.3855649989207939e+03, 2.6916086945101631e+02,
       2.6916086945101631e+02, 9.8381795457530791e+02,
       3.0313801701332750e+03, -8.9269868314396592e+02,
       -8.9269868314396592e+02, 1.8464679327041172e+03,
       7.1334887913160628e+02, -8.1803769539591698e+01,
       -8.1803769539591713e+01, 8.2750831334477516e+02,
       1.9215015105018515e+03, 3.7440951081628555e+02,
       3.7440951081628560e+02, 2.8926915785889446e+03,
       6.0769212261097018e+03, -9.8901816873258622e+02,
       -9.8901816873258633e+02, 2.1289638975932348e+03,
       3.7814094817070782e+03, -6.1411492353161782e+02,
       -6.1411492353161782e+02, 3.1097698668014705e+03,
       5.5041479803750099e+03, -1.5042334252740412e+02,
       -1.5042334252740409e+02, 7.0132156754924642e+02,
       1.8595574621038863e+03, 3.2058390469401678e+02,
       3.2058390469401678e+02, 1.9253001159799533e+03 ]
