%YAML:1.0
means: !!opencv-matrix
   rows: 10
   cols: 8
   dt: d
   data: [ -1.7892999518789529e+02, 2.2128449937571187e+01,
       4.0997005778712484e+01, -1.5721148764476965e+01,
       -8.0717485642186482e+00, -3.0660022395652948e+00,
       -2.3361264933417145e-01, -5.3488375016513967e-01,
       8.5619169152437109e+01, -2.7778000871289503e+01,
       -1.9401410831432017e+01, 1.3467907015136488e+01,
       -6.0590467874122629e+00, 5.4559252468121242e+00,
       -2.4982227070361791e+00, -1.1297068616344172e-01,
       8.1600775455799749e+01, 1.5649777815886653e+01,
       -2.3886931603823879e+01, -3.2257435920029792e+01,
       -2.6418994054443996e+01, -1.9772176339294955e+01,
       9.2597394622262974e-01, -2.3121624897480904e+00,
       -4.3127249344122141e+01, -3.0068064695670731e+01,
       1.8563905049340963e+01, 1.9908532706682092e+01,
       1.9574318602170703e+01, -7.5075397109193958e+00,
       3.6033301758403086e-01, -1.2081867581243964e+00,
       -1.4880941671294522e+02, -7.9675012311859490e+01,
       2.9891217629681680e+01, 5.1724480577189006e+01,
       -1.0733654829821752e+01, 1.9161830633660872e+00,
       6.1297090572867086e-01, -1.0650147002997132e+00,
       3.5880704571120503e+01, -9.7641583877859063e+01,
       -1.1977093343977302e+01, 6.5145164183062434e+01,
       -3.7245035192773215e+00, -1.8429105685150721e-01,
       2.0325539306664617e+00, -3.6251163799304953e-01,
       3.7250896670652700e+01, 2.6282439367095943e+01,
       -4.6366947470735376e+00, -1.0013604186575687e+01,
       2.3491508859565375e+01, 3.6555928675477917e-01,
       1.2113517992941560e+00, 1.2500982624249488e+00,
       -5.6716245968576500e+00, 7.6848437154246085e+01,
       6.3063401814668838e+00, -4.5096948097481139e+01,
       6.4169095487135754e+00, -3.5264079444050731e+00,
       1.2354891832454871e-01, 1.4450776087154604e+00,
       -1.8138970900859854e+02, 1.0511168508771476e+02,
       3.7688717813128775e+01, -5.7137778051583787e+01,
       -2.2229742668098595e+01, 1.8069298068533215e+01,
       -3.7331717266077535e+00, 2.0974800651090812e+00,
       1.4491878165736483e+02, -1.4988748996291135e+00,
       -4.0402872340645629e+01, 4.5484385965774639e+00,
       -5.8344651868575701e+00, 1.2653393542107075e+01,
       -1.1493698081692744e-01, 9.4936269051991473e-01 ]
covs: !!opencv-matrix
   rows: 80
   cols: 8
   dt: d
   data: [ 6.6006186638993377e+03, 2.9151974665717000e+02,
       2.9251083683486190e+03, -1.2835693803633666e+02,
       2.1569427491105057e+02, -4.7211255754783684e+02,
       1.2635408505787640e+02, -3.3690444219834760e+01,
       2.9151974665716995e+02, 6.8723786285841479e+03,
       -2.3048450081630989e+02, 1.7489694614305779e+03,
       -1.5327195052016978e+02, 7.7039157717642563e+00,
       9.7735875470737632e-01, -4.6499356699113676e+01,
       2.9251083683486190e+03, -2.3048450081631003e+02,
       2.4100420796090084e+03, 9.1562647460403383e+01,
       -7.6130276073041742e+01, 7.0189951969434873e+01,
       -1.6961929338250687e+01, 1.9970822386027979e+01,
       -1.2835693803633660e+02, 1.7489694614305781e+03,
       9.1562647460403397e+01, 1.4885089015702936e+03,
       9.2464349292559227e+00, 6.2076672118113848e+01,
       -3.9289895115927809e-01, 1.7163172977441906e+01,
       2.1569427491105060e+02, -1.5327195052016981e+02,
       -7.6130276073041742e+01, 9.2464349292559227e+00,
       9.2377902304619525e+01, -7.5554204529345327e+01,
       9.2333941399152799e+00, -1.3511651309622186e+01,
       -4.7211255754783684e+02, 7.7039157717642688e+00,
       7.0189951969434844e+01, 6.2076672118113862e+01,
       -7.5554204529345327e+01, 2.2344822501334193e+02,
       4.9834184694089840e+00, 1.7383134541245291e+00,
       1.2635408505787640e+02, 9.7735875470737532e-01,
       -1.6961929338250687e+01, -3.9289895115927870e-01,
       9.2333941399152817e+00, 4.9834184694089840e+00,
       2.9407345858220232e+01, 4.0916149553899972e+00,
       -3.3690444219834760e+01, -4.6499356699113690e+01,
       1.9970822386027979e+01, 1.7163172977441910e+01,
       -1.3511651309622190e+01, 1.7383134541245291e+00,
       4.0916149553899972e+00, 2.2986355777119428e+01,
       7.3136574611297319e+03, 1.4437330101185539e+03,
       2.5841540525884279e+03, -6.9737051426756750e+02,
       -1.4150720504665898e+02, 3.3434595367091944e+01,
       -1.7358604918844537e+02, -2.7652716661152258e+01,
       1.4437330101185537e+03, 8.3452207162362083e+03,
       -9.7474248319718001e+01, 1.0555726602289699e+03,
       -4.4649371864550332e+01, -1.1405416872209629e+02,
       -1.1477772705275465e+01, -4.9391258459939380e+01,
       2.5841540525884279e+03, -9.7474248319717944e+01,
       2.7302262478372991e+03, 1.0541352284237645e+02,
       -3.1502882738054005e+01, 6.1371944571503846e+01,
       2.8329615843993789e+01, 7.4604976328877131e+00,
       -6.9737051426756739e+02, 1.0555726602289699e+03,
       1.0541352284237651e+02, 2.0156715974621982e+03,
       -5.3456529273425531e+01, -2.1441527849632134e+01,
       8.2113562365520583e+00, 1.4554816033844540e+01,
       -1.4150720504665901e+02, -4.4649371864550346e+01,
       -3.1502882738053994e+01, -5.3456529273425531e+01,
       1.1389465161164826e+02, 5.2154416636769710e+01,
       -1.3159899876350488e+01, -3.0729411823130333e+00,
       3.3434595367091930e+01, -1.1405416872209634e+02,
       6.1371944571503803e+01, -2.1441527849632131e+01,
       5.2154416636769717e+01, 1.4814344284852081e+02,
       -1.5496809251623068e+01, -1.7881699995015754e+01,
       -1.7358604918844532e+02, -1.1477772705275470e+01,
       2.8329615843993789e+01, 8.2113562365520583e+00,
       -1.3159899876350487e+01, -1.5496809251623068e+01,
       4.5512006170887993e+01, 8.6002124804647693e+00,
       -2.7652716661152251e+01, -4.9391258459939380e+01,
       7.4604976328877131e+00, 1.4554816033844540e+01,
       -3.0729411823130337e+00, -1.7881699995015754e+01,
       8.6002124804647710e+00, 2.2302661132048229e+01,
       4.0870937888319486e+03, 8.3926301263908854e+01,
       3.0801883431076812e+03, 1.4438999951722045e+02,
       -1.0501809437256830e+02, -2.2348549959268794e+01,
       -5.3029200555276667e+01, -5.2788774012506066e+00,
       8.3926301263908798e+01, 5.6065461199876181e+03,
       -4.6893215186156432e+01, 2.4703456886015206e+03,
       -4.1489444934185826e+01, -1.3306099434006319e+02,
       4.0825026095691626e+01, -2.5892217306569215e+01,
       3.0801883431076812e+03, -4.6893215186156432e+01,
       2.5768003372819521e+03, 2.9677111511935323e+01,
       -8.2356322009178655e+01, 5.1261686978840579e+01,
       1.6294935760149727e+01, -5.1168132676400315e+00,
       1.4438999951722045e+02, 2.4703456886015210e+03,
       2.9677111511935323e+01, 1.1718132220747389e+03,
       -6.0753739137977348e+01, -8.7332223433494690e+01,
       4.4462635822224446e+00, 1.6929186679393382e+01,
       -1.0501809437256830e+02, -4.1489444934185826e+01,
       -8.2356322009178655e+01, -6.0753739137977348e+01,
       3.5468529391512092e+01, 8.7791805377125929e+00,
       4.3308857066956712e+00, -1.5821511018363118e+01,
       -2.2348549959268809e+01, -1.3306099434006319e+02,
       5.1261686978840586e+01, -8.7332223433494704e+01,
       8.7791805377125929e+00, 8.1930651640800193e+01,
       2.6459656621072600e+01, -7.7850092312342030e+00,
       -5.3029200555276667e+01, 4.0825026095691634e+01,
       1.6294935760149727e+01, 4.4462635822224401e+00,
       4.3308857066956685e+00, 2.6459656621072600e+01,
       2.0053936292907743e+01, -2.5559307517234497e+00,
       -5.2788774012506057e+00, -2.5892217306569204e+01,
       -5.1168132676400324e+00, 1.6929186679393382e+01,
       -1.5821511018363118e+01, -7.7850092312342030e+00,
       -2.5559307517234489e+00, 1.3946826215078040e+01,
       6.0483363495910471e+03, 1.1148365062845841e+02,
       2.8534373176412059e+03, 2.7109075678349296e+02,
       6.6551159948034666e+01, 2.3891750135771900e+02,
       -2.8004248118972001e+01, -2.4131343889994611e+01,
