%YAML:1.0
means: !!opencv-matrix
   rows: 4
   cols: 4
   dt: d
   data: [ 1.1424802787292988e+02, -1.9889271251835638e+01,
       5.2181364784821497e+01, -7.4838958834842706e-01,
       -1.7604863425985897e+02, 2.7302196139038659e+00,
       3.3328579157416378e+01, -1.3776896071717672e+00,
       3.4831017060321550e+01, 7.9763724928253637e+01,
       -2.3661514376960159e+01, 3.2693177130864768e+01,
       2.3256537788665490e+01, -4.6639046781593990e+01,
       -3.3487685934502451e+01, -2.1659965592255020e+01 ]
covs: !!opencv-matrix
   rows: 16
   cols: 4
   dt: d
   data: [ 7.6642724221862072e+03, 1.0838956397342672e+03,
       -1.6535585466670934e+03, -4.6428807217696988e+02,
       1.0838956397342674e+03, 8.5918803489079837e+03,
       -2.2993204955783607e+01, 2.3979797893668358e+01,
       -1.6535585466670934e+03, -2.2993204955783618e+01,
       8.4904781296925614e+02, 1.2052582733119682e+02,
       -4.6428807217696965e+02, 2.3979797893668369e+01,
       1.2052582733119677e+02, 2.4369965772309965e+03,
       5.9803285777306592e+03, -9.2292567200609619e+02,
       2.6854908408577517e+03, 6.8300902665363776e+02,
       -9.2292567200609631e+02, 1.1333251904805245e+04,
       4.2926928896723967e+02, -7.5462290507891441e+02,
       2.6854908408577521e+03, 4.2926928896723962e+02,
       2.3759325538868738e+03, -2.2591304310203523e+02,
       6.8300902665363787e+02, -7.5462290507891441e+02,
       -2.2591304310203523e+02, 2.8256885899281556e+03,
       9.1748192900209124e+03, 3.2482445387207360e+02,
       7.0830298272824712e+02, -2.6053221160103124e+02,
       3.2482445387207378e+02, 4.7104383777275016e+03,
       6.9335237186701903e+01, -1.8661807165816426e+03,
       7.0830298272824700e+02, 6.9335237186701903e+01,
       2.4253058976398011e+03, -3.7644994318895371e+01,
       -2.6053221160103141e+02, -1.8661807165816426e+03,
       -3.7644994318895357e+01, 1.8280928770921034e+03,
       7.8929558308773703e+03, 4.5486410171896853e+02,
       4.7454666654732353e+02, -3.9174519645204032e+02,
       4.5486410171896853e+02, 6.1251521410112746e+03,
       -2.4498110473340358e+01, -1.0730030724513394e+03,
       4.7454666654732353e+02, -2.4498110473340365e+01,
       2.0600927525121501e+03, -2.9503671189774838e+01,
       -3.9174519645204032e+02, -1.0730030724513394e+03,
       -2.9503671189774824e+01, 1.9582789585361368e+03 ]
weights: !!opencv-matrix
   rows: 1
   cols: 4
   dt: d
   data: [ 1.9247910382389100e-01, 2.1867050631959836e-01,
       2.4284848162421649e-01, 3.4600190823227367e-01 ]
pca_proj: !!opencv-matrix
   rows: 4
   cols: 21
   dt: f
   data: [ 4.36961316e-02, 8.50134730e-01, 1.73015636e-04,
       6.54514134e-02, 4.60692108e-01, 2.29939164e-04, 7.67599978e-03,
       1.46649793e-01, -1.37564148e-05, 1.21663406e-03, 1.30500361e-01,
       -5.45994153e-05, 8.06188770e-03, 1.42052382e-01, -2.12945142e-05,
       -2.45414903e-05, 9.56867734e-06, -1.94090262e-06, 3.13729906e-05,
       4.34020360e-04, 2.32224409e-07, 7.68702388e-01, -5.10314330e-02,
       1.14127281e-04, 4.21110362e-01, -3.83849256e-02, 4.02935693e-05,
       2.81941950e-01, -1.35209868e-02, 1.95932400e-04, 2.66951323e-01,
       -4.70317341e-03, 2.29704310e-04, 2.76557714e-01, -1.55316098e-02,
       2.11025646e-04, -3.74769334e-05, 5.54774260e-06, -7.89335627e-06,
       8.86836962e-04, -5.85095040e-05, 1.91629806e-04, 1.28585771e-02,
       -3.46314937e-01, -1.22481215e-04, -4.01510373e-02, 1.58088982e-01,
       -1.45607672e-04, 1.89476740e-02, 5.27356327e-01, 2.33430081e-04,
       1.79703757e-02, 5.36674440e-01, 2.90960423e-04, 1.17339585e-02,
       5.35117626e-01, 2.47836346e-04, -7.02231409e-06, -3.17391914e-06,
       2.59759432e-08, 1.54912759e-05, 1.72088097e-03, 2.08691781e-04,
       -5.93480825e-01, -8.48098937e-03, -8.88030772e-05, 2.05370650e-01,
       3.40346433e-02, 1.63823628e-04, 4.45453286e-01, -5.44621795e-03,
       -1.30590008e-04, 4.45820451e-01, -1.72652975e-02, -2.10900864e-04,
       4.54801619e-01, -3.90723068e-03, -1.75610170e-04, -1.74471352e-05,
       -6.38676829e-06, 1.65030560e-05, 1.38473080e-03, -5.51051289e-06,
       -1.34489819e-04 ]
pca_mean: !!opencv-matrix
   rows: 1
   cols: 21
   dt: f
   data: [ 2.07625534e+02, 2.55653595e+02, 1.54502928e+00,
       2.18915131e+02, 2.60592743e+02, 1.67241716e+00, 2.65274475e+02,
       2.24016678e+02, 1.71669352e+00, 3.19420807e+02, 1.63929108e+02,
       1.75046074e+00, 3.16613464e+02, 2.25532654e+02, 1.70717156e+00,
       1.08872897e-04, -9.74175637e-05, 6.24380555e-05, -2.17504916e-04,
       -2.50119597e-01, 1.75055194e+00 ]
gamma: !!opencv-matrix
   rows: 4
   cols: 1
   dt: d
   data: [ 8.4032529361796249e-01, 9.3425514222135675e-01,
       8.6503067540663514e-01, 9.0275318883031441e-01 ]
