%YAML:1.0
means: !!opencv-matrix
   rows: 4
   cols: 19
   dt: d
   data: [ -1.7820127842724509e+02, 4.8158918165293532e+00,
       3.8215936655961386e+01, 8.3044844766359638e-01,
       -1.3667502265545675e+01, 5.9950189859954195e+00,
       -7.5492662645599751e-01, 3.4245851442727099e-01,
       3.5885652944736490e-01, -5.9511128132958231e-02,
       -1.4394757593862518e-02, -1.0826570941160333e-02,
       2.4069116788882176e-03, -2.2127065470701215e-03,
       1.5155063903432807e-03, -2.9943876247075572e-03,
       -2.5708902807154704e-04, 5.2357588256204664e-04,
       -1.0213719640891103e-04, 9.6196051995453701e+01,
       1.2813399591572832e+01, -2.8001008537371916e+01,
       -2.6327609801418721e+01, -2.1994589090624956e+01,
       -1.1584748116019190e+01, 4.1814047653420755e-01,
       -1.7288760124434825e+00, -1.9252540047810496e-01,
       -1.9716449430156205e-01, 7.9889583085156618e-02,
       -2.1994196581530557e-02, 2.3807021136133490e-04,
       -3.1606704474540347e-03, 1.4620563216905285e-02,
       2.2281585185333725e-03, 4.2237624493499416e-03,
       4.6423338620798409e-03, -1.3094333617777616e-03,
       4.1134009411072270e+01, -1.2979466162803758e+01,
       -7.7280503180495073e+00, 9.7843230602348381e+00,
       8.3476351000746973e+00, -1.3263272732444845e-01,
       9.9170076237885418e-01, 7.0289123202410597e-01,
       3.1972793015939732e-01, -6.5022782295598375e-03,
       1.2565977769658995e-02, 5.8135378326342703e-03,
       3.8290885927663343e-03, 8.4694786303336214e-04,
       9.6883615335343633e-04, -1.3123320690517091e-03,
       8.9270538615208333e-04, -1.4050811210770852e-04,
       8.5558008026470221e-04, 9.6071477692383294e+00,
       4.5203297209846973e+01, 7.4799795226604882e-01,
       -2.3030633868477874e+01, 7.5058594721988090e+00,
       2.7890361764183798e+00, -4.3482031087953184e+00,
       -2.4031123836769934e+00, -2.1702940212451298e+00,
       3.8588819862860285e-01, -1.3379895513136786e-01,
       1.5639945417632098e-02, -2.5372239586662723e-02,
       3.5496146920810435e-03, -2.5207371829374235e-02,
       1.0312818295562711e-02, -9.3117276367300095e-03,
       -5.8018206079033423e-03, -2.8655027011518937e-03 ]
covs: !!opencv-matrix
   rows: 76
   cols: 19
   dt: d
   data: [ 6.0123468259603605e+03, -9.0556706787891869e+02,
       2.9791154174638150e+03, 8.1807687170833401e+02,
       2.1069362376925575e+01, -1.9949685737615019e+02,
       9.4763848732820748e+01, -3.7404667369173687e+01,
       -4.8167045259819643e+00, 5.0021736230990321e-01,
       -7.9124960667221789e-01, 4.2066535435278790e-01,
       -4.5165286633985606e-03, 1.8734100626381939e-02,
       -7.4464437581714982e-01, 1.0571634439625258e-01,
       -4.9190135547241186e-02, 4.7649994756447635e-02,
       7.6588523532130665e-02, -9.0556706787891869e+02,
       1.1555812343319700e+04, 2.3112126330202184e+02,
       -9.3067101396028863e+02, -3.2223998292769068e+02,
       4.5532664999557687e+02, -8.5533216382811744e+01,
       5.1536578697946865e+01, -4.8978408176655837e+00,
       1.6151022018968561e+01, 9.3462681244136092e-01,
       3.5752711247236996e-01, 4.9732454204857453e-02,
       4.7129920706762557e-01, 7.6639664075586500e-01,
       -2.4574476392761008e-01, 2.2514075534358829e-01,
       1.4783283423150004e-01, -9.0992020522786862e-02,
       2.9791154174638150e+03, 2.3112126330202196e+02,
       2.4513107563758290e+03, -1.5871174044386868e+02,
       -4.3369853079830364e+01, 4.7143225285611273e+01,
       -2.6079670310060717e+01, 1.6268079774589371e+01,
       6.1458258329718507e-01, 9.6605663769496275e-01,
       2.7829454155059252e-01, -7.1553169558367059e-03,
       -3.6539137054503332e-02, 5.8502551833044196e-02,
       5.1191817954789658e-02, -4.2608670362920209e-02,
       9.7345068182011132e-03, 3.3437395381643809e-02,
       2.1968817464728656e-02, 8.1807687170833401e+02,
       -9.3067101396028863e+02, -1.5871174044386854e+02,
       2.9953421569099619e+03, 1.2814464717272617e+02,
       -2.2679916880574669e+02, 4.2717016732611064e+01,
       -4.6147534370151568e+01, 7.5674694499579100e+00,
       -2.8444707040274841e+00, -8.2859674178004961e-01,
       -4.0392760473290290e-01, 1.2017826213355566e-02,
       -1.8196057700905513e-01, -3.7657035577954501e-01,
       3.5467785211277686e-01, -1.5627409479378951e-01,
       -4.1038390746614771e-02, 3.8518274341076825e-02,
       2.1069362376925572e+01, -3.2223998292769068e+02,
       -4.3369853079830378e+01, 1.2814464717272617e+02,
       1.2268041873938995e+02, -4.3860219525085178e+01,
       1.7830676400781886e+01, -1.0357772609090530e+01,
       -2.8150981007900158e+00, 1.2047462472433714e+00,
       -9.6674242150078327e-01, -1.8802531290785815e-01,
       4.2411462900595033e-02, -2.9041215725859475e-02,
       -1.1184183449797241e-01, 1.0272639865389703e-02,
       3.9627601667269224e-02, 4.2533278942516323e-02,
       5.5917807640989484e-03, -1.9949685737615019e+02,
       4.5532664999557687e+02, 4.7143225285611258e+01,
       -2.2679916880574669e+02, -4.3860219525085171e+01,
       2.3926889824097336e+02, -1.0238237827832956e+01,
       4.0857868722873976e+00, -1.8723062807334157e-01,
       -4.3713250365269518e-01, 1.1526018204161476e-01,
       2.2261733377341275e-01, -1.6577486072191307e-02,
       4.1135527303292452e-02, 1.3907496051613019e-01,
       2.7611437000045976e-02, 1.2919700438623741e-02,
       -3.1531014646173271e-02, -1.2898776065451262e-03,
       9.4763848732820748e+01, -8.5533216382811744e+01,
       -2.6079670310060724e+01, 4.2717016732611050e+01,
       1.7830676400781886e+01, -1.0238237827832956e+01,
       2.9351506725735941e+01, -2.4799461614103522e+00,
       -2.0796330966316288e+00, 2.5644288996880393e-01,
       -4.8720094268798884e-02, 2.6594680097771290e-02,
       -2.4694172711768412e-02, 5.7107954110409409e-04,
       -5.5582197702562744e-02, 1.8907372023255747e-03,
       -9.4287169552355928e-04, 9.9307695166705578e-03,
       -6.3911395009215079e-03, -3.7404667369173687e+01,
       5.1536578697946858e+01, 1.6268079774589363e+01,
       -4.6147534370151561e+01, -1.0357772609090532e+01,
       4.0857868722874002e+00, -2.4799461614103522e+00,
       1.9599740766348333e+01, 6.1000533112396272e-03,
       1.3966976265858216e-01, 2.9211100538845430e-02,
       4.8170142236601883e-02, -4.9368463197892393e-03,
       1.9454738974251175e-02, 1.9601763035054821e-03,
       -4.1321013905874565e-03, 2.6093787896177439e-03,
       7.2207540906368750e-03, -1.9357442852169903e-02,
       -4.8167045259819643e+00, -4.8978408176655801e+00,
       6.1458258329718529e-01, 7.5674694499579100e+00,
       -2.8150981007900158e+00, -1.8723062807334165e-01,
       -2.0796330966316288e+00, 6.1000533112396359e-03,
       2.5515873443521642e+00, -3.8655547621665265e-01,
       2.7011493071061798e-03, 3.0485206070549626e-02,
       -1.6071133575872445e-02, -3.8006350895352955e-03,
       2.3923284175139461e-03, -7.8215919220804130e-03,
       -5.4726225597001585e-03, -2.1179621642672206e-03,
       -7.4183503726370946e-03, 5.0021736230990310e-01,
       1.6151022018968561e+01, 9.6605663769496253e-01,
       -2.8444707040274855e+00, 1.2047462472433712e+00,
       -4.3713250365269524e-01, 2.5644288996880404e-01,
       1.3966976265858214e-01, -3.8655547621665265e-01,
       6.4365463174263748e-01, -3.7662451020756091e-02,
       -8.4409526764310655e-03, -1.3990780421945400e-03,
       -1.2077605607093726e-02, 3.5629337123817503e-03,
       8.1306686150142465e-04, 8.0633313934475059e-04,
       9.3205585197982555e-04, 8.7075642341388705e-04,
       -7.9124960667221811e-01, 9.3462681244136081e-01,
       2.7829454155059241e-01, -8.2859674178004961e-01,
       -9.6674242150078327e-01, 1.1526018204161476e-01,
       -4.8720094268798871e-02, 2.9211100538845430e-02,
       2.7011493071061781e-03, -3.7662451020756091e-02,
       2.2532815803171853e-02, 1.6747661231396500e-03,
       -8.1694757313345036e-04, 6.5928753203110715e-04,
