%YAML:1.0
means: !!opencv-matrix
   rows: 32
   cols: 5
   dt: d
   data: [ -1.5372224085114061e+02, 4.8819283662657277e+01,
       8.2324202782444161e+01, -4.5853739135890265e+01,
       -2.3160506158326555e+01, 1.3919876144588210e+02,
       -1.1490028441471610e+02, -1.2951625396624157e+01,
       -1.7455572811683151e+01, -3.3084899563325534e+00,
       -5.1553254979037630e+00, 2.6611546203460843e+01,
       1.4304635342829890e+01, -2.5959865801958696e+01,
       3.7695580798340075e+01, 3.8222303082566107e+01,
       3.0662085642949883e+01, -2.1922895207882572e+01,
       -2.7451215841551285e+01, 1.7754889404472834e+01,
       -1.2866672754651100e+02, -1.6481645833831525e+01,
       3.1151388611560314e+01, 9.8919023764008699e+01,
       -1.7891712361508837e+01, 2.2684468185034780e+02,
       3.1287550695869339e+00, 2.3178199503345684e+01,
       -3.3762495267776509e+00, -8.2790421667104113e+00,
       -2.1508809916533809e+02, 7.8602654554894627e+01,
       9.5029475230596905e+00, 3.2109263667318828e+01,
       -5.6349668844755776e+00, -1.8273283508060803e+02,
       1.6012364348005994e+02, 4.9166120292814995e+01,
       -1.9983752063113709e+01, -2.2046393234554792e+01,
       6.5570881795992184e+00, -3.5417718104589014e+01,
       -7.7790211440625086e+01, 4.7962246907671712e+01,
       -3.5252008830323383e+00, -4.1924720501630546e+01,
       1.8013529520813285e+02, 7.3704910988102004e+00,
       -1.0723179359705243e+02, -6.3866960438915354e+00,
       -1.1143159643186522e+02, 3.1400740852694430e+01,
       3.3809629180207537e+01, -3.3627850438254754e+01,
       1.0376758315718484e+00, 1.4169831550047172e+02,
       1.0392196809474876e+02, -4.6769821848946201e+01,
       3.1659618176614686e+01, -7.9658472638694704e+00,
       -1.6455368393638275e+02, -9.5272295694631680e+01,
       -3.1034469060392716e+01, 3.5882960017410916e+01,
       5.8179761568570045e+00, 3.2150551942240675e+01,
       1.8573879520307415e+01, -7.0462028554545782e+01,
       -2.4272857091652263e+01, -2.4990028987187838e+01,
       1.2074756340367873e+02, 1.3487518639728139e+01,
       7.7579912913210274e+00, -3.2539952873783825e+01,
       -2.7291294227723444e+01, -8.7984714668369705e+01,
       5.7007425199265910e+01, -3.9624118973294649e+01,
       4.5389323517069435e+01, 2.5577802619820933e+01,
       -1.8018659233311089e+02, -5.4917964775750413e+01,
       4.2914896869715200e+01, -2.4145251471285142e+01,
       -5.1748692291601328e+00, -9.0352273484503954e+01,
       6.9069733617298823e+01, 8.9468727263731367e+01,
       2.9764754609619263e+01, -4.4243570169255264e+00,
       -2.2225559344248797e+01, -6.6408294499744287e+01,
       4.7599675963588155e+01, 4.5910548940080083e+01,
       9.6094282875038477e+00, 3.7804856964066140e+01,
       -1.1298298611741436e+02, 3.3924819082240475e+01,
       -6.5985284733038174e+00, 1.2093446188927686e+01,
       -1.4289082585338693e+02, -1.4983657057587936e+02,
       3.0932551091656652e+01, 4.5318858210706992e+01,
       -1.7667561173359339e+01, 5.6591104189203477e+01,
       2.5792092169490875e+01, -1.6953040758983477e+01,
       -4.2450952306377722e+01, -2.8218386032093057e+00,
       -6.2150073483946695e+00, -1.5880160440673421e+02,
       -6.7870060795734631e+01, 2.7447268854933107e+00,
       3.3953157873981339e+00, -9.1036101295329416e+01,
       -5.1255692340678166e+01, -4.6119622722108737e+01,
       -3.1741990767858855e+01, 2.1936840975630432e+01,
       1.8904214686437530e+01, 2.1880149591425575e+01,
       -7.5052230245219391e+01, -3.2054076598395376e+01,
       -2.3966622538577194e+01, 1.0225075240816125e+02,
       -4.6936930312024728e+01, 1.2276796103798326e+00,
       5.4979308462997906e+01, -6.7948639095508927e+00,
       -2.7117381520909908e+02, 5.8907640801183675e+01,
       -1.5221093130916652e+01, -5.3637690573829083e+01,
       -2.0302148079824832e+01, 1.2942724021162724e+02,
       -3.8500092314615952e+00, -6.2107940127297923e+01,
       -2.1519087467530746e+01, -5.6364027657017868e+00,
       6.8186218883431266e+01, 1.2604664461787621e+02,
       -1.1291523705184547e+01, 3.2710098296919590e+01,
       1.3056648241983387e+01, 1.2515693768260658e+02,
       -6.7057561187042047e+00, 6.3220775149222654e+01,
       -2.1351163921243597e+00, 1.2014823043295676e+01,
       1.1445904501806439e+00, 9.4945766983036933e+01,
       1.1047810899928324e+01, 2.8218683889670555e+01,
       1.3540959538039550e+01, 1.4537178232701976e+02,
       9.7866700119319159e+00, 1.1600008423162473e+01,
       -2.3361280228336565e+01, -2.6218072168110595e+01 ]
