%YAML:1.0
means: !!opencv-matrix
   rows: 18
   cols: 10
   dt: d
   data: [ 5.8488646022089959e+01, 2.5248786359645383e+01,
       -2.1279499844202181e+01, -2.2261271279109874e+01,
       -1.2858222630635550e+01, -1.1267936070800621e+01,
       -7.4122593471114060e+00, -7.3545786797527857e-01,
       6.3671240974666921e+00, 2.0762577793928760e+00,
       -1.4412705195233170e+02, -5.0132953375410288e+01,
       4.2226010644823482e+01, 1.8340037889535406e+01,
       -8.6696902021240483e+00, 1.1509092431921818e+01,
       5.1824031679819427e-01, 1.1481434188271116e+00,
       -5.0353961413180326e-01, -7.9066271011246039e-02,
       -1.6966997779426038e+02, -1.2819622404253690e+02,
       4.7870021424833453e+01, 3.7500062326677082e+01,
       -2.8574058812506696e+01, -2.0939185194908767e+01,
       -4.8317249671950231e+00, -1.5958009376361340e+00,
       -1.7665077958777131e+00, 1.3973779311620778e-02,
       1.3860473858345200e+01, 1.0635729557505192e+02,
       5.4015937982758402e+00, -3.1863449879770634e+01,
       8.4899764078560214e+00, -2.6343329037434184e+00,
       -1.0630962655028105e+01, 2.3990226818286144e+00,
       6.2744110119353076e+00, 5.0419798399313309e-01,
       -9.9116906709658750e+00, -2.8118267224457480e+01,
       6.8219418401141940e+00, -7.4924344522757877e+00,
       1.2124696237767992e+01, -1.0830418197737426e+01,
       -3.5750842957721858e+00, 3.2223348091578208e+00,
       5.9106377208229652e+00, -1.2328190573185021e+00,
       -6.9225815631217624e-01, 8.8988679746144769e+01,
       -7.4640533447121777e+00, -4.3517613154293478e+01,
       1.2062532751400679e+01, -2.0017158421582031e+00,
       1.4996880592502000e+00, -2.0062022949654917e-01,
       -2.9404754580873926e-01, 4.0594388386329242e-02,
       -1.6564961556166429e+02, 3.5272710906871026e+01,
       3.6967445191880032e+01, -2.4833910892950282e+01,
       -2.7816630523614361e+00, -3.0668400854580502e-01,
       6.9101391678739377e-01, 1.1639991501601954e+00,
       -1.0399335627076625e+00, -3.7086912725787943e-02,
       1.9030331575343769e+02, 1.3342670938849926e+01,
       -4.9361115193568303e+01, 1.3026954927118943e+01,
       -9.7356369477819786e+00, -6.8866688263786457e+00,
       1.1978002209386187e+00, -5.2082325884611935e-01,
       -9.1897916521195455e-01, -2.5547779288470240e-01,
       1.2086427498623901e+02, 3.8057448549675200e+01,
       -3.2576998029512048e+01, -3.9046756510442906e+00,
       -9.5415078804092097e+00, -6.2509085945381120e+00,
       -1.4649681795418010e+00, -1.1661855695378166e-01,
       -6.3847803240080647e-01, 1.1025616414217788e-01,
       7.4608413118819144e+01, -2.6344435615531800e+01,
       -9.0479959591028003e-01, 1.4359888122376448e+01,
       1.6592301282037468e+01, 9.6157839628741415e-01,
       6.4477940215055796e-01, -5.8318618064822647e-01,
       -4.4393145226065167e-01, 6.3058371131911345e-02,
       -2.2916506850069794e+01, -3.4226711037421062e+01,
       4.2645579804535263e+00, 9.9054030563005000e+00,
       3.1215933763247886e+01, 5.4121698611430817e+00,
       1.5564178977962180e+00, -7.2742234603152878e-01,
       -8.9484246003042028e-02, 1.1529404634287890e-01,
       1.0038253184049125e+02, -8.7540520905347933e+01,
       -1.7271494957630409e+01, 4.3240773265492585e+01,
       -1.9627334937069921e+01, -9.5596077631496463e+00,
       7.2469203957782502e-01, -2.0166462878504947e+00,
       -1.3448536595571565e+00, 9.5218415969341053e-01,
       -1.8887416206610791e+02, -2.4044171159458500e+01,
       3.4382506065664074e+01, -9.9666552703999578e+00,
       -4.5397506806721468e+00, -4.4220717671684122e+00,
       -2.7595381309700984e+00, -1.6883774854273648e-01,
       4.3526836555237809e+00, 7.5749904365598597e-01,
       9.2290637001286480e-01, -1.9615055330128286e+02,
       1.4323110217886493e+01, 6.7419408068491251e+01,
       1.0452566982949515e+01, -2.0938266080377588e+01,
       -1.8215241140030085e+00, -1.1226186029003944e+00,
       1.2810279840056812e-01, -1.1797283626323478e+00,
       9.9616606442943052e+01, -4.4779510531366320e+01,
       -2.1722029589829781e+01, 3.6696261861790795e+01,
       -2.7541936327607960e+01, 2.3486098512082819e+01,
       1.1273483612435358e+00, 1.2942227240082911e+00,
       5.0132293861550092e-01, 3.2347087792549127e-02,
       6.5292974602981353e+00, -5.4725311014317706e+00,
       -1.1824580017900580e+01, 7.5663770848378640e+00,
       -1.0549836361609881e+01, 5.8034228008044053e-01,
       4.6189856181195166e-01, -1.2864000879368162e-02,
       -9.1465956383083014e-01, -5.3584832903331298e-02,
       3.4416466463221120e+01, 1.2707742927834735e+02,
       -2.7496869865577747e+01, -5.2331835499607884e+01,
       -8.7266007012495308e+00, 1.5024896361372773e+00,
       2.2586900362719109e+00, -6.0163203525763667e-02,
       -2.2290740008286822e-01, -1.1570354314096194e-01,
       -1.2037671921587308e+02, 1.1914143208032868e+02,
       9.9270364158264410e+00, -5.4682397953039747e+01,
       -1.3676119819957892e+01, 8.5188295451258684e-03,
       6.4361511556524653e-01, -3.8874096238715200e-01,
       -4.4543276942602006e-01, -2.9606216612337305e-01 ]
