%YAML:1.0
means: !!opencv-matrix
   rows: 44
   cols: 5
   dt: d
   data: [ 1.2990454695976280e+02, -1.0430248721643383e+02,
       -2.2480174601658387e+01, -2.0229797297915823e+01,
       -1.3760635269505215e+00, -1.6301237463439992e+02,
       -4.2096548568767489e+01, 9.9379229290518118e+00,
       6.4992079705271991e+01, -9.0092137842309388e+00,
       1.1449932596354508e+02, 1.0602087514403301e+02,
       -2.8143262196519579e+01, 2.0097639233760024e+01,
       -2.4055265408212939e+01, -1.8511101798432301e+02,
       1.9655779768085145e+02, 4.7654974081441623e+01,
       -7.8713099098950199e+00, -2.3677133891556338e+01,
       7.0282483522720469e+01, -9.7563414673955897e+00,
       -2.1000700154051451e+01, -4.1407260731866977e+01,
       -3.0021040393519360e+01, -3.2001007047165793e+01,
       1.1214042720708080e+02, 8.9861454193453369e+01,
       1.0951318097280646e+01, 3.2495020263218177e+00,
       3.3533554018501505e+01, 1.0472717341351026e+02,
       2.8351313341524669e+01, 2.7984870934204871e+01,
       1.6026502288080643e+01, 3.7340204268322530e+01,
       -3.3151705453658110e+01, -9.1055716373238255e+01,
       8.9604952368330348e+00, -1.3563912356703908e-01,
       -9.1775495164477320e+01, -5.8060022676400855e+00,
       -2.7984680651957863e+01, 6.9357552214352822e+01,
       1.6959711054466112e+01, -3.1258783540751011e+01,
       -4.6568330917606318e+01, -4.9487533792935281e+00,
       -2.9382379918155028e+01, 1.4068422671759189e+01,
       -8.8094820029449082e+01, 5.7046018007420528e+01,
       -5.2600185863058257e+01, 1.6892630071815449e+00,
       2.0012441174477260e+01, 2.3258056986625274e+01,
       4.5035114434775629e+01, 2.6414855244009185e+01,
       -3.2561361270447968e+01, 3.6160371031375838e+01,
       -2.6194106165256011e+02, 6.9428864021470289e+01,
       -1.7676325119133455e+01, -5.4987672221224663e+01,
       -2.4793242241586803e+01, 2.2776017643509982e+02,
       -5.4930304352873582e+00, 2.9060508494325322e+01,
       8.5930538557598413e-01, -8.3413347170699463e+00,
       -5.7278060853443096e+00, -5.2750477785983968e+01,
       -5.7788492537394056e+01, 6.9488710948620508e+01,
       -5.6572974443568231e+00, -2.0642258916310018e+02,
       -4.8938749959396851e+01, 5.5999394291972884e+00,
       -1.9873719733631098e+01, -1.2063792310876063e+00,
       -2.0312946576427495e+02, 9.2028339221609841e+01,
       1.8133156811278575e+01, 2.7093943898883410e+01,
       -5.8713727936977858e+00, 1.2007285134455742e+02,
       1.7247125223885300e+00, 1.6297433283495049e+01,
       7.6141275952032089e+01, -8.0092199553698151e+00,
       9.8553033280844019e+01, -1.1769067454744082e+02,
       9.0603023067753146e+00, 3.1292177800094940e+01,
       -7.0033405166080005e+00, 2.8317673289675138e+01,
       -1.4184367975954333e+02, -1.0038452878559207e+01,
       -1.6852183182296681e+01, 1.5467152855910419e+01,
       9.0877049856793889e+01, 2.4546505407000083e+01,
       -1.6645469905123988e+01, -2.8350713810757881e+01,
       -2.6627968592896924e+01, 1.2888189833102339e+02,
       9.3700352952714951e+01, 1.2845698050812567e+01,
       -1.8241263094660237e+01, -1.7497668203529075e+00,
       1.0358487855701024e+02, -3.2462916976830471e+01,
       6.6704481723730296e+01, -5.6018457257374870e+00,
       1.4261659783031169e+01, 3.6999013410101590e+01,
       1.4619264514836428e+02, -8.0246931923947002e+00,
       -8.2301184496333974e+01, 1.8730967731799279e+01,
       9.3112499078559509e+01, -3.2995128163797816e+01,
       2.4363192166926901e+00, -7.1702734721496654e+01,
       3.5091572662197406e+00, -4.1910654650546128e+01,
       1.8304596936478026e+02, 6.8382079692032693e+00,
       -1.0785876421001235e+02, -6.2839051972665203e+00,
       1.3569221738541447e+01, -5.8533500653212748e+01,
       -7.7194732308669671e+01, -6.9674110658381451e+01,
       -2.1478701213117670e+01, -1.3269680646810616e+02,
       -1.6805470389694912e+02, 3.4569806086336669e+01,
       7.0352922135180709e+00, -3.1602288895562669e+00,
       -1.0987324105983274e+02, -1.0760361615001705e+02,
       5.2200117119639025e+01, 6.7358149093346611e+01,
       -1.9487580708518255e+01, 1.4234585262689979e+01,
       1.1269638701002174e+02, -5.4957344836739338e+01,
       4.1737861980600329e+01, 1.5494529895036349e+01,
       -9.8171947999106180e+01, -1.5644033720065346e+02,
       -5.2599677730926295e+01, 2.6623244441473510e+01,
       8.9724328157355977e+00, -4.8697226104331492e-01,
       -8.5341300355105361e+01, 4.5939592054066580e+01,
       3.9082277056300029e+01, 1.2897792117199307e+01,
       -1.2702798750214409e+02, 3.9188325968049249e+01,
       3.3047206762935453e+01, -3.8285486216479882e+01,
       -4.3670091085436713e+00, 1.4769176609625163e+02,
       -4.5938277419208958e+01, -5.6652761105009581e+01,
       -4.4548143683554407e+01, -5.2988257170169568e+00,
       -2.0031562807614361e+02, 5.8063501611950855e+01,
       4.1933902400401941e+01, -5.6671715047978701e+01,
       -1.6817340289887177e+01, 1.6197117649514612e+02,
       9.9293463469589938e+01, -1.5772900566684477e+01,
       5.1056802524393419e+01, -8.3886588224003837e+00,
       -2.9342922867235512e+01, 2.3736381051619901e+01,
       6.5952176607843782e+01, 8.5688506898541775e+01,
       -2.2845080555313510e-01, 5.5960209333978419e+01,
       5.3966128695103448e+00, -1.3718219183249456e+01,
       1.1160773710629059e+01, 1.6946154965036406e+01,
       -2.1090266877084849e+02, 5.3453146803040790e+00,
       5.7621543534593357e+01, -2.8600520261587693e+01,
       -1.7398517315007869e+01, -8.6500071837600430e+01,
       -1.4974143542090477e+01, 9.6325731955914009e+01,
       -4.9639435632720108e+00, -4.4235339911350682e+00,
       -5.3624499889709206e+01, 9.3664066998132789e+00,
       3.5185083833403712e+00, -1.8848817471747456e+01,
       3.5084346516756732e+01, 1.3907478425322648e+02,
       5.4212264025273264e+01, -5.2753531768345468e+01,
       1.0883005954794740e+01, -6.6155298417620161e+00,
       -2.4333175335470352e+02, -8.7294449499458125e+01,
       -3.2802747914239966e+01, 4.2479235437507498e+01,
       -7.8258730645420345e+00, 1.2572998730211102e+01,
       5.3726634579148602e+01, -7.2685318617624986e+01,
       -3.6313621836669036e+01, 1.5348502207671375e+00 ]
