%YAML:1.0
means: !!opencv-matrix
   rows: 7
   cols: 5
   dt: d
   data: [ -2.8501647903608374e-01, -8.7792782692494796e+01,
       1.1954141939127624e+01, 3.1931629715880355e+01,
       2.8105142615914851e+01, 1.4054651144739248e+02,
       -8.8863826472940971e+01, -4.5024034861612066e+01,
       -4.8796355251658392e+00, -1.9813371992932694e+01,
       6.0363081751015415e+01, 8.8597607408819048e+00,
       -1.4516495422632032e+01, -2.1218618742744813e+00,
       4.4421859879395198e+00, 1.3436426414600098e+02,
       3.1934809643072672e+01, -2.3950092083181847e+01,
       6.2061160537714713e+01, -1.9424398121990006e+01,
       -9.6914721926873682e+01, 4.4981846517557287e+01,
       2.2600137570869652e+01, -2.6189668866361405e+01,
       7.4102025204979345e+00, -1.7055844949898551e+02,
       -6.4263722821957302e+01, 4.5290795786299249e+01,
       1.8232052981038201e+01, -1.7189646100162566e+01,
       3.2459948619110996e+01, 1.1074261892501369e+02,
       -2.2900314554439891e+01, -4.3179824849495603e+01,
       -1.1906042282106764e+01 ]
covs: !!opencv-matrix
   rows: 35
   cols: 5
   dt: d
   data: [ 5.5136858244730365e+03, -1.0870631103751159e+03,
       3.0740283998991845e+03, -6.9304403911210136e+02,
       -9.1326873281388231e+01, -1.0870631103751161e+03,
       1.1099640370057032e+04, 7.3575769842959653e+02,
       8.8704499502551153e+02, 9.2223077340457758e+02,
       3.0740283998991845e+03, 7.3575769842959653e+02,
       2.4954275573682899e+03, -4.0342169327034320e+01,
       2.1112706963611609e+00, -6.9304403911210125e+02,
       8.8704499502551198e+02, -4.0342169327034355e+01,
       2.3248425725012407e+03, -2.6038786256787409e+02,
       -9.1326873281388245e+01, 9.2223077340457758e+02,
       2.1112706963611543e+00, -2.6038786256787409e+02,
       3.2769583679973277e+02, 6.9209884758553826e+03,
       8.6906139283855191e+02, 2.3529321480062849e+03,
       -1.2081815683618649e+03, 2.7813208277608953e+02,
       8.6906139283855225e+02, 2.6006304960710231e+03,
       5.0843506200925404e+01, 2.4085714684599409e+02,
       1.0097031888335286e+02, 2.3529321480062849e+03,
       5.0843506200925425e+01, 2.4866169433743466e+03,
       -3.3117980862453066e+02, -1.8800660077813063e+02,
       -1.2081815683618649e+03, 2.4085714684599409e+02,
       -3.3117980862453066e+02, 8.4626178431700237e+02,
       -2.5473173537077418e+01, 2.7813208277608953e+02,
       1.0097031888335286e+02, -1.8800660077813063e+02,
       -2.5473173537077429e+01, 1.0030252260114007e+02,
       7.9753274217467151e+03, -1.1731820621617908e+03,
       2.2047487730198268e+03, -8.3141289075896353e+01,
       -4.3177739797571041e+02, -1.1731820621617910e+03,
       9.6840585138879651e+03, 1.8204836795131283e+02,
       7.6151933919903115e+02, 9.1948623254054041e+01,
       2.2047487730198268e+03, 1.8204836795131291e+02,
       2.6796747846445778e+03, 2.7499483220638247e+01,
       -7.9460687229581488e+00, -8.3141289075896381e+01,
       7.6151933919903126e+02, 2.7499483220638265e+01,
       2.4998941874484026e+03, -4.3365044370175747e+00,
       -4.3177739797571041e+02, 9.1948623254054041e+01,
       -7.9460687229581506e+00, -4.3365044370175809e+00,
       2.1327371693924218e+02, 7.0235085296628013e+03,
       1.1903207316867222e+03, 2.3640955598454630e+03,
       -1.0907489499633650e+03, 2.9945353702049999e+02,
       1.1903207316867222e+03, 3.0629722416776767e+03,
       -1.0269552321664902e+02, 4.5476027240404244e+02,
       1.5501025581608795e+02, 2.3640955598454630e+03,
       -1.0269552321664906e+02, 2.6055441640729850e+03,
       -3.5586027817738295e+02, -2.2785107480686517e+02,
       -1.0907489499633650e+03, 4.5476027240404233e+02,
       -3.5586027817738295e+02, 8.3191363467939721e+02,
       -9.4110326781979534e+00, 2.9945353702049994e+02,
       1.5501025581608795e+02, -2.2785107480686517e+02,
       -9.4110326781979605e+00, 1.1494630836031806e+02,
       1.0208304585345726e+04, -1.4616651297226352e+02,
       2.3080354142217629e+03, -6.2226741825808165e+02,
       8.8692247662551222e+02, -1.4616651297226346e+02,
       9.2662932033831294e+03, 4.2825806193957294e+02,
       1.6028866182656302e+03, -3.3011810639227690e+02,
       2.3080354142217625e+03, 4.2825806193957300e+02,
       2.6558804297703373e+03, 4.6647482931530007e+01,
       -1.6924944526040821e+02, -6.2226741825808165e+02,
       1.6028866182656302e+03, 4.6647482931530007e+01,
       2.0092639446653802e+03, 1.9402884798777535e+02,
       8.8692247662551222e+02, -3.3011810639227690e+02,
       -1.6924944526040821e+02, 1.9402884798777535e+02,
       2.9519934422972415e+02, 6.7182040542721197e+03,
       -3.7691516465017583e+02, 2.9577144166572748e+03,
       -6.0478984286928835e+02, 1.4554449212667046e+02,
       -3.7691516465017565e+02, 8.4897638227895968e+03,
       7.2810161164819442e+02, 1.6316386177876202e+03,
       6.5514834461781788e+02, 2.9577144166572743e+03,
       7.2810161164819442e+02, 2.3989583834823657e+03,
       -6.6969952148863484e+01, -9.5991897652624658e+01,
       -6.0478984286928846e+02, 1.6316386177876207e+03,
       -6.6969952148863499e+01, 2.1088150733941420e+03,
       -2.3812277131063877e+02, 1.4554449212667046e+02,
       6.5514834461781788e+02, -9.5991897652624658e+01,
       -2.3812277131063877e+02, 2.5553241630676817e+02,
       1.1752325603228777e+04, -1.3273437088220046e+03,
       2.0176187795646251e+03, 4.3175824814333987e+02,
       2.1533985875463691e+02, -1.3273437088220044e+03,
       7.1285369519628875e+03, 8.8111149429411830e+02,
       2.2346872396572162e+03, 4.4388576986362871e+01,
       2.0176187795646251e+03, 8.8111149429411830e+02,
       2.7228603157067610e+03, -2.9086133776272868e+02,
       -1.2130017057246107e+02, 4.3175824814333970e+02,
       2.2346872396572157e+03, -2.9086133776272879e+02,
       2.1138046269862530e+03, 6.2925074210339204e+01,
       2.1533985875463691e+02, 4.4388576986362885e+01,
       -1.2130017057246107e+02, 6.2925074210339197e+01,
       4.9273639693295777e+01 ]
weights: !!opencv-matrix
   rows: 1
   cols: 7
   dt: d
   data: [ 1.3691668041511337e-01, 7.2893884576132620e-02,
       2.7690309362734450e-01, 7.1964388263277057e-02,
       1.9147334175932967e-01, 1.2877941414917266e-01,
       1.2106919720961286e-01 ]
