%YAML:1.0
means: !!opencv-matrix
   rows: 9
   cols: 14
   dt: d
   data: [ -9.1776696612271138e+01, -1.8279310362840093e+01,
       2.3076790567216786e+01, 2.4968850764037886e-02,
       -9.4551496975995750e+00, -2.5985853603740070e+00,
       4.1198291700914258e-01, 5.5623934887806703e-01,
       -1.2384501312385801e+00, 9.9106999644570731e-02,
       -1.6519174576472415e-01, 7.7452004115458224e-03,
       4.8367557643874117e-03, 2.7787155610644763e-03,
       2.4611374681401486e+01, 1.0517914006789007e+02,
       -2.0943788084945808e+01, -4.4885138307331836e+01,
       1.9122465922250853e+00, -2.2784034132754347e+00,
       1.2374203740830478e+00, -4.1378078451759565e-01,
       -3.9149271517651535e-01, 6.9779001269163182e-03,
       3.4319216094505972e-02, -7.4985546459644340e-03,
       4.6237109589546722e-03, 2.1884869191268795e-03,
       1.9136374479288083e+01, 1.7851028277626352e+01,
       -4.8180139756738489e+00, -1.9324149561265589e+01,
       1.9221795915291788e+00, -1.0246672294598953e+01,
       -6.4437477509392984e+00, 1.4867446583393180e+00,
       6.0034621231154786e+00, 2.8065349294109643e-01,
       -2.8023582850359798e-02, -1.8270477867665235e-02,
       -3.2208585681568334e-02, 8.9769331746568024e-03,
       1.6346343806734649e+02, 2.6616255183177536e+01,
       -4.4496257977126923e+01, 6.9650117292328471e+00,
       -1.0693613463768049e+01, -6.4025184092944629e+00,
       -5.8516224500524439e-01, -2.8469009095320821e-02,
       -8.3753077887471006e-01, -6.5502582792586056e-02,
       7.3546068623222480e-02, -1.7152609849059995e-02,
       3.7756514378311693e-04, 1.2420205259194697e-02,
       -1.8110680239948064e+02, -9.5721329429360281e+01,
       4.6600376384278775e+01, 3.0706141748696915e+01,
       -2.6486816636798970e+01, -1.6051022561680162e+00,
       -3.6164581743092952e+00, -6.2384053441628684e-01,
       7.2752215191586500e-01, 1.9276539726545755e-01,
       6.8265010915061000e-02, 1.8717577522370781e-02,
       -8.5888380716880857e-03, -1.7782376645887929e-03,
       -1.4589345296572705e+02, 9.2662240272555962e+01,
       1.6522985903966813e+01, -4.7553356439456437e+01,
       -1.0157508322873566e+01, -2.0530428661277171e+00,
       2.4223678131722975e-01, -2.0132557172669083e-01,
       1.9028479330411457e-01, -1.1997889619335568e-01,
       6.8673849769586473e-02, -2.8199236224483573e-02,
       3.5098174166052864e-03, 1.0275815825629031e-03,
       7.5933815455746769e+00, -1.7196222880852253e+02,
       1.3934259692270027e+01, 6.3049555862024079e+01,
       1.2197228695462465e+01, -1.7337134343369733e+01,
       -1.5978232515481898e+00, -6.5843197027484957e-01,
       5.1396869128692613e-01, -1.0021859865483376e+00,
       -3.1104924060467733e-03, -8.1810030159326988e-02,
       3.7486040663709651e-03, 4.7053021568167425e-03,
       -1.3120258730032373e+00, -2.8237228471120513e+01,
       1.2472916145288183e+01, 1.1231562248413772e+01,
       2.5397335223096540e+01, 6.8685752568689802e+00,
       1.4527346593462198e+00, -4.8935702485020061e-01,
       -1.8303388996093856e-01, 1.6439297528119411e-02,
       2.3177976908699487e-02, 1.3116621614833303e-02,
       1.3346733323173229e-03, -2.9552174359581979e-03,
       1.1584410477237276e+02, -2.6089862541659659e+01,
       -2.6669712663467532e+01, 2.5351491194512558e+01,
       -1.3877280165679831e+01, 8.5836101203677710e+00,
       4.5850221601828722e-01, 4.6981216813037641e-01,
       -8.1282043790196656e-02, 2.5352118427754467e-02,
       3.7275014032883115e-02, 2.1366597731690820e-02,
       2.6822977286932207e-04, -1.3369084320491107e-02 ]
covs: !!opencv-matrix
   rows: 126
   cols: 14
   dt: d
   data: [ 1.7192483596498831e+04, -1.2475451001474951e+03,
       2.8347031159961239e+02, 1.5315962000758594e+02,
       -1.8207609569095774e+02, 1.5579236761185672e+02,
       9.6464110312490462e+01, -7.0357393879767699e+01,
       4.5458068818140312e+01, 1.6615537887398006e+01,
       -1.2496532531876896e+01, -2.3540684917670340e-01,
       5.0786292656889775e-02, 7.7494248393899234e-01,
       -1.2475451001474948e+03, 1.0437376251780188e+04,
       6.6198055019402727e+02, 8.8487106953313184e+02,
       3.6076498217788634e+02, 1.0833206304863852e+02,
       1.8386434603869066e+01, 3.8700183859719015e+00,
       1.0640039696682260e+01, -3.1858418149455892e+00,
       -5.6996887175437960e-01, -8.5712369287601087e-01,
       2.0354395545867175e-02, -1.6002363636679814e-01,
       2.8347031159961239e+02, 6.6198055019402727e+02,
       3.0339602478428164e+03, -1.6553878605133812e+02,
       -3.8549001475749321e+01, -1.5311332169862123e+01,
       -3.0998400625949550e+01, 2.0587160202818222e+01,
       -2.5933783758419522e+00, -5.7988355744332025e-02,
       3.0093231965011693e+00, 1.9711101836948650e-01,
       -8.8444829850618953e-02, -3.7500834457617552e-02,
       1.5315962000758600e+02, 8.8487106953313196e+02,
       -1.6553878605133812e+02, 2.3502631728558754e+03,
       -1.8158647674042879e+02, 4.4448751397735577e+01,
       1.5449706672579989e+01, -2.2069746328160690e+01,
       5.8953023836569489e+00, 1.2353782760271004e+01,
       -1.2965042967327618e+00, -3.1327266484721805e-01,
       3.5412569129214422e-02, 3.1532368858178356e-01,
       -1.8207609569095777e+02, 3.6076498217788634e+02,
       -3.8549001475749293e+01, -1.8158647674042879e+02,
       1.7879602279669544e+02, 1.3782395300944749e+01,
       1.1063150596781697e+00, 8.1751634360403038e+00,
       -1.7730552850101214e-01, -2.2252204155279247e+00,
       -1.8392469723281182e-01, -4.7949773410329931e-02,
       1.7085323458418466e-02, 1.4015174625896822e-02,
       1.5579236761185672e+02, 1.0833206304863852e+02,
       -1.5311332169862130e+01, 4.4448751397735577e+01,
       1.3782395300944749e+01, 2.6509362685593823e+02,
       2.9868706948299639e+00, 7.6144520810749388e+00,
       5.9633457433576291e+00, -7.1229312969717662e-01,
       6.5102294643600034e-01, -4.0776039581382312e-01,
       2.0286692072230675e-02, -1.8887908207381829e-02,
       9.6464110312490462e+01, 1.8386434603869066e+01,
       -3.0998400625949557e+01, 1.5449706672579993e+01,
       1.1063150596781701e+00, 2.9868706948299653e+00,
       2.4107943667670519e+01, 1.6774500534728745e+00,
       3.8172051106474321e+00, 4.4012432323138645e-01,
       2.0159719805946493e-02, 3.2981510157732860e-02,
       -3.8758403894852224e-02, 8.7566908915012055e-03,
       -7.0357393879767699e+01, 3.8700183859719024e+00,
       2.0587160202818222e+01, -2.2069746328160690e+01,
       8.1751634360403038e+00, 7.6144520810749370e+00,
       1.6774500534728747e+00, 1.5154637985174823e+01,
       -1.0374372727739001e+00, 3.0023085976643515e-01,
       1.2374547632668459e-01, -2.8623761052457303e-02,
       1.3058261960562312e-02, 1.7066720095131074e-02,
       4.5458068818140312e+01, 1.0640039696682264e+01,
       -2.5933783758419522e+00, 5.8953023836569489e+00,
       -1.7730552850101208e-01, 5.9633457433576309e+00,
       3.8172051106474321e+00, -1.0374372727739001e+00,
       1.8139159792887947e+00, 1.7793040241421709e-02,
       2.4421762292107442e-02, 2.2124522417883371e-02,
       1.7495165077331221e-02, 1.8388293735073081e-03,
       1.6615537887398006e+01, -3.1858418149455892e+00,
       -5.7988355744332039e-02, 1.2353782760271002e+01,
       -2.2252204155279260e+00, -7.1229312969717662e-01,
       4.4012432323138645e-01, 3.0023085976643504e-01,
       1.7793040241421702e-02, 7.0747200657639264e-01,
       -3.3982219046290132e-02, -1.2314287285523270e-02,
       4.0943878252133912e-03, -1.1969461584837665e-02,
       -1.2496532531876896e+01, -5.6996887175437982e-01,
       3.0093231965011693e+00, -1.2965042967327618e+00,
       -1.8392469723281188e-01, 6.5102294643600023e-01,
       2.0159719805946493e-02, 1.2374547632668459e-01,
       2.4421762292107442e-02, -3.3982219046290132e-02,
       2.5362459206853195e-02, 1.0949803353678563e-03,
       -5.7910498125190372e-04, -1.4854960070551879e-04,
