%YAML:1.0
means: !!opencv-matrix
   rows: 5
   cols: 19
   dt: d
   data: [ 4.8550477385731639e+01, -3.8858737269923744e+00,
       -4.6298194769508028e+00, 2.1542606170272900e+00,
       4.1023027380767569e+00, -5.6281867527313034e-01,
       4.6880471861389168e+00, 1.7974133435663647e-01,
       2.6910247367643336e-01, 1.1463004463910535e-01,
       5.0705789820745542e-02, 2.2793050839477129e-02,
       1.5665433163212501e-03, -2.7366972799953929e-03,
       2.5589454399768839e-03, 8.4940543757620998e-04,
       -1.6416796693841909e-04, -1.3992093276549500e-03,
       -4.3777950911931151e-05, -1.7364549274097777e+02,
       -5.5653447272355997e+01, 4.2780885244148102e+01,
       1.2957922877001627e+01, -1.5919113695615884e+01,
       5.8347311590490170e-01, -1.4806628675816422e+00,
       4.6780928427133400e-01, 2.1087047188782015e-01,
       1.6234090323461239e-01, -8.0361330392634527e-03,
       -1.0195375008914291e-02, -1.4591287470646383e-03,
       1.1867078568090670e-03, 6.0024665307836225e-03,
       2.7046466705869029e-04, -1.0610534255084104e-03,
       -5.7883827147934695e-04, 2.1886544013959884e-03,
       1.6248894760850110e+01, -5.2275691935886769e+01,
       2.5649323448655976e+00, 1.1655897041487471e+01,
       5.2606015306842782e+00, -1.3258457757352415e+01,
       -4.5390360699360466e+00, 5.9860223449794514e-01,
       3.7795729105414582e+00, -2.1715054285078575e-01,
       -2.3755131004943975e-02, -4.3054105052737032e-02,
       -1.7322645572590341e-02, 6.1792674172726934e-03,
       -1.4156833670826196e-02, -1.8132572815404021e-03,
       3.4430781861358763e-03, 5.5542611063291126e-03,
       -2.9912431814756394e-03, 5.4139742965495032e+01,
       2.3180370993777451e+01, -1.7494026950410056e+01,
       1.7010249091661667e+00, 7.3405724592270989e+00,
       8.3750586180886391e+00, -2.9494314134847319e+00,
       -3.6260049899539715e-01, -9.1240728196440590e-01,
       -1.0241509471883389e-01, 2.3951602257977846e-02,
       -1.1949259253560347e-02, 2.0689557253138380e-03,
       -1.4621130758176908e-03, 3.3132708420743847e-03,
       -9.7183857592086844e-04, -8.9654869013296238e-05,
       -1.4701923717774011e-03, 2.1131108027732355e-04,
       -7.5896435644211806e+01, 3.2287138891489903e+01,
       9.2287902348496686e+00, -2.2490632725189645e+01,
       -1.2736963727599203e+01, -7.3944333379725160e+00,
       3.2085066702279103e-01, -3.2179418755768208e-01,
       -1.0468588233526130e+00, -5.4810782942181458e-03,
       -1.1899395432339037e-01, 1.0224731124724950e-02,
       3.9056976313428379e-03, 3.6817841878565940e-03,
       -7.0524327831590437e-03, 9.3546094019917485e-04,
       -7.7002223688226585e-04, 2.4802284381376938e-03,
       -2.3298730754733765e-04 ]
covs: !!opencv-matrix
   rows: 95
   cols: 19
   dt: d
   data: [ 9.0390530241978522e+03, -7.1780485309249423e+02,
       1.0602328119110707e+03, -3.8214707454844316e+01,
       -8.0603361663833152e+02, -2.6038600684448835e+02,
       -6.1795155184813105e+01, -1.6893322638325201e+00,
       -2.4196886131080998e+01, 1.3700586964353834e+00,
       -3.6241776703915363e-01, -4.8062367315842008e-01,
       7.3102949066287351e-02, -1.7136034613216206e-01,
       5.2352706661604065e-01, 7.6991122746741927e-02,
       -1.6378613819741039e-01, -5.8201247924011885e-02,
       5.1785486142515313e-01, -7.1780485309249457e+02,
       8.6566431897791990e+03, 3.3908543893631804e+02,
       4.9295201149176449e+02, -2.2509961642384943e+02,
       -3.7552236149439250e+02, 1.4339119795875256e+01,
       -1.4725505647242660e+00, -1.7395266830939584e+00,
       -9.6475548620653200e+00, -5.2227945939145515e-01,
       -5.4135685768194763e-01, 1.7024910266615945e-01,
       -1.1744863569144341e-02, -1.2694581395723897e-01,
       2.0896005733832546e-01, 5.8701050761158147e-01,
       -2.8354343831911916e-01, -4.3748327757666631e-03,
       1.0602328119110707e+03, 3.3908543893631810e+02,
       2.5359563372465400e+03, -7.1678420276657647e+01,
       2.0642165536486328e+02, 8.9411962570973316e+01,
       5.3865245717675085e+00, -1.9941023271601752e+00,
       1.1439669546179743e-02, -8.1255866455916825e-01,
       -1.4074900874596466e-01, -1.8566104038407710e-01,
       4.8271469535477677e-03, 4.1616884121875489e-02,
       -6.2245106886148809e-02, 6.2996815904847861e-02,
       5.4977130383701805e-02, -1.2127013484784063e-01,
       3.5552731214378835e-01, -3.8214707454844316e+01,
       4.9295201149176449e+02, -7.1678420276657704e+01,
       2.2017156303248466e+03, -1.0871941400495322e+01,
       6.8755508068823048e+01, 1.4318767204221208e+00,
       7.9607728125323858e+00, 6.5141701493625757e+00,
       -1.4179530528569548e+00, 2.5864002292855964e-01,
       1.0037637565671059e-01, -2.8698041745858289e-02,
       4.0763452184697652e-02, 5.5703134222592890e-02,
       1.1413409374360278e-01, 2.8264176636537880e-01,
       -6.1976413324520856e-02, -8.0927368791896354e-02,
       -8.0603361663833152e+02, -2.2509961642384940e+02,
       2.0642165536486328e+02, -1.0871941400495317e+01,
       3.8850357079510087e+02, -6.3312396427454630e+01,
       -4.5134871467304745e+00, -4.7648661743216696e+00,
       -3.7673796434861750e+00, 7.5000640460751755e-01,
       -2.5831673704710850e-01, 7.5918765785660591e-02,
       -8.3464365328097517e-03, 2.6775396809635518e-02,
       -7.9196783890133262e-03, 3.6502646681640646e-02,
       -1.6649868898648312e-03, 7.3407989866254133e-03,
       -2.2288220981176231e-02, -2.6038600684448829e+02,
       -3.7552236149439250e+02, 8.9411962570973301e+01,
       6.8755508068823062e+01, -6.3312396427454637e+01,
       1.6766085764468031e+02, 6.2955438058146971e+00,
       2.2277707541389393e+00, 5.6015581330962165e+00,
       -1.0747412332644732e+00, -1.6083995614945046e-01,
       -1.2461469277008265e-01, -5.0005032731044452e-03,
       2.9038641886228799e-02, -7.7367427526427959e-02,
       -3.1065861664033634e-02, -8.1061403394343604e-03,
       9.3636831133167182e-03, -3.4985759319679844e-03,
       -6.1795155184813105e+01, 1.4339119795875252e+01,
       5.3865245717675112e+00, 1.4318767204221212e+00,
       -4.5134871467304727e+00, 6.2955438058146962e+00,
       7.0598402545732162e+00, -5.0135245432024811e-01,
       9.7032731985669196e-01, -2.3016031608685691e-01,
       -3.4763695391160122e-02, 3.6105647895354975e-02,
       -3.3055154871616865e-02, 1.0549476373187872e-02,
       -2.3519374983112032e-02, -6.7412864915803545e-03,
       6.9342156048856109e-03, 3.5483846356437225e-03,
       1.9503042167013920e-03, -1.6893322638325206e+00,
       -1.4725505647242660e+00, -1.9941023271601701e+00,
       7.9607728125323884e+00, -4.7648661743216696e+00,
       2.2277707541389393e+00, -5.0135245432024800e-01,
       1.1644634968893323e+01, -8.6536754036026964e-01,
       4.0929965358227088e-01, -1.5133984091999213e-03,
       -3.0443851526411607e-03, 3.1324406827072035e-03,
       1.0454272359136329e-02, -7.7653010369796143e-03,
       2.3083283792260129e-02, -2.5331161814874980e-03,
       2.6778018042472283e-03, -1.6952111112898040e-03,
       -2.4196886131080998e+01, -1.7395266830939595e+00,
       1.1439669546179863e-02, 6.5141701493625748e+00,
       -3.7673796434861746e+00, 5.6015581330962165e+00,
       9.7032731985669196e-01, -8.6536754036026964e-01,
       7.4313495154797349e-01, -3.6634174267696884e-02,
       1.6469745143493170e-02, 1.2907461390603640e-02,
       1.4255656324784311e-02, -2.4225250206161159e-04,
       -3.5492806424685225e-03, -1.8816353188988199e-03,
       2.0672556095740493e-03, -1.1644022927712969e-03,
       -5.8109225506536430e-04, 1.3700586964353840e+00,
       -9.6475548620653164e+00, -8.1255866455916936e-01,
       -1.4179530528569548e+00, 7.5000640460751766e-01,
       -1.0747412332644735e+00, -2.3016031608685691e-01,
       4.0929965358227083e-01, -3.6634174267696898e-02,
       2.1989580774411333e-01, 1.7584391376591665e-02,
       4.5292430213814979e-04, 2.7581767212211204e-03,
