%YAML:1.0
means: !!opencv-matrix
   rows: 20
   cols: 8
   dt: d
   data: [ 1.5933319517465580e+02, -2.5504751424421777e+01,
       -3.7399516484601442e+01, 2.8502202300604935e+01,
       -1.7100892385464128e+01, 3.1843373756583110e-01,
       8.3721280924767882e-01, -1.4616065072002399e-01,
       -7.7730998507639029e+01, 1.0228710697134491e+02,
       4.3969864834332242e+00, -5.1619864343455454e+01,
       3.0827121467812697e+00, 4.5455815987376891e+00,
       1.7531867395491290e+00, -2.6922000697618698e-01,
       -1.4785444950299734e+02, -3.2596174654070310e+01,
       4.1027517938050899e+01, 4.7009924510806478e+00,
       1.1707876649933080e+00, 5.7234990032974720e+00,
       4.9613520206146111e-01, 7.4371605076958169e-01,
       1.1829644004773567e+02, 3.4517570203238918e+01,
       -3.5969144057958779e+01, -2.3613598610546425e+00,
       -1.1643304311535770e+01, -6.2626966936984543e+00,
       -1.8034518987987864e+00, -1.6042791073984183e-01,
       -1.7148365423420910e+02, -1.5456509699297305e+02,
       5.2760882353991754e+01, 5.1056514798776462e+01,
       -4.0219140253175894e+01, -1.8691187227989271e+01,
       -5.3351552052403752e+00, -1.8665890196188994e+00,
       -6.9737503783847075e+00, 1.1764953484843190e+00,
       -5.7049920357142767e+00, -2.7775130721861561e+00,
       3.1772199144531893e+01, -4.3135760943260797e+00,
       2.1671282151182760e+00, -1.2680955560627891e+00,
       4.8018686091183895e+01, -1.0388620944864827e+02,
       -2.0597813742089667e+01, -3.6472621629186484e+01,
       1.2585987883724854e+01, 7.8074506579333001e+00,
       8.8543132940670632e-01, -8.6951360121900667e-01,
       1.1200820580165090e+02, -2.7117894908813469e+01,
       -2.1860466520029718e+01, 3.4381664187881469e+01,
       4.4991549333942169e+00, 4.8888942956268915e+00,
       9.9241888077021401e-01, 1.0651503090877024e-01,
       -1.5351820509674198e+02, 1.1495860404433067e+02,
       1.7756308426857391e+01, -5.0233002567408569e+01,
       -2.3858295607680084e+01, -5.0955881912425998e+00,
       -5.5935985011739442e-01, -2.8813542090110073e-01,
       2.2983516278023757e+01, -4.7672259014549361e+01,
       1.8041075528754806e+01, 2.1461073044115420e+01,
       3.7278466422005877e+01, -1.4965930248759864e+00,
       2.9509120651495618e-01, -7.1501600861626546e-01,
       -2.4533773820279702e+01, -7.3046515310974925e+01,
       1.2851201454886663e+01, 1.8765101441114673e+01,
       -8.1270714313816708e+00, -1.7262086817044203e+01,
       -1.2081766435588936e+00, -3.0112421565748747e-02,
       -1.7310054542722327e+02, 3.7281601492001791e+01,
       3.4193280387435877e+01, -3.0459227904715370e+01,
       -2.7483037718618011e+00, -4.2041503756578305e+00,
       1.2567710473594015e-01, 8.0559761545258124e-01,
       8.9669538906979369e+01, 7.7652089275692802e+01,
       -2.8431404307996562e+01, -2.0607103568008988e+01,
       4.0943885066273227e+00, -1.2510757885280492e+01,
       -1.3363746817160287e+00, -9.2366552900654098e-01,
       7.7364207832162180e+00, 9.2989911791689920e+01,
       -1.1155640088901245e+01, -4.1468442587002968e+01,
       1.1966987835770405e+01, -4.0035974555623177e+00,
       1.6370769984767508e+00, 8.7647259742393679e-02,
       9.8278393996431490e+01, -4.5801820158928201e+01,
       -2.2131555570879797e+01, 3.6849095463610212e+01,
       -2.7575527769484783e+01, 2.4141141412547974e+01,
       1.1748707751521408e+00, 1.3259542746577377e+00,
       1.9043090467467803e+01, 1.8291338552435374e-01,
       1.3678061791725741e+01, 2.5970864418075500e+01,
       1.4530236722650953e+01, 9.6847400524919305e+00,
       1.7707778650760059e-01, 3.5514430467709295e-02,
       2.0672984602986244e+01, 6.3047592752255028e+01,
       -7.3964472416876141e+00, -3.0673559091574010e+01,
       5.5319575352647190e+00, -1.3944262202480175e+01,
       -7.1351687140385653e+00, 3.0575895715510635e+00,
       3.0241581028753128e+01, 1.2775630430757388e+02,
       -2.6817460336667700e+01, -5.4008605335217823e+01,
       -9.8940894077405783e+00, 2.1758474309240654e+00,
       2.2842438414150932e+00, -1.1953469718498813e-01,
       -1.5123307619619084e+02, -6.2816605032176099e+01,
       4.3065295820440561e+01, 2.7360604078476253e+01,
       -1.8771400278686226e+01, 1.3742633159825118e+01,
       -6.8114834231607213e-01, 1.1374185479521621e+00,
       4.9342865460464607e+00, -1.7760639056344630e+02,
       1.5834405053028991e+01, 6.2578492276955735e+01,
       1.8360644685656595e+01, -1.5219780785993880e+01,
       -6.2149075043412716e-01, -2.1913714699975348e+00 ]
