%YAML:1.0
means: !!opencv-matrix
   rows: 44
   cols: 1
   dt: d
   data: [ 3.1447066626808979e+01, -1.5340873351441857e+02,
       1.8374573955181094e+02, -6.2179319867203915e+01,
       -2.8926296695068316e+02, 1.4805201727163848e+02,
       2.8952352479449485e+02, 1.0613462938162199e+02,
       6.7968484557462475e+01, -1.5104087066330397e+01,
       -7.3783134937352941e+01, -2.4962677902803338e+02,
       -9.8878621059239961e+01, 2.2172390071580733e+02,
       -2.0076974584082376e+02, 1.9543646190384916e+01,
       5.5131776586717919e+01, -1.1228289455082940e+02,
       -3.4310120974887400e+02, -2.6138929402431483e+01,
       2.4286748066757880e+02, 8.2076037698813735e+00,
       9.3314671305200605e+01, -4.9871191863385334e+01,
       1.3317349806208114e+02, 1.6511206139843043e+02,
       -2.3169115369340804e+02, 2.0224802267006817e+02,
       -1.8432626879335504e+02, -1.3830819633273524e+02,
       -2.1582674660936294e+02, 8.0425132300725025e+01,
       -3.7726382928102417e+01, 2.6715270138201089e+02,
       4.2827399324531427e+01, -8.6332168094649248e+01,
       3.3817306602338306e+02, -1.2548956564689358e+02,
       -2.6968599995195842e+02, -1.6828933183626117e+02,
       3.1367006168751374e+02, -3.7060327278514524e+00,
       -3.1526809499471597e+02, 1.2000471562448847e+02 ]
covs: !!opencv-matrix
   rows: 44
   cols: 1
   dt: d
   data: [ 3.3822628939925629e+01, 4.7720524922267032e+01,
       7.8132293429969025e+01, 3.4199432698543312e+01,
       1.5431256080330252e+02, 5.2919724731161978e+01,
       7.5957233686992168e+01, 4.2740180082078972e+01,
       3.4924943997383956e+01, 3.3597002861946663e+01,
       3.3150646213684098e+01, 7.7593800238107164e+01,
       3.3235351162205973e+01, 8.4513170676289533e+01,
       5.4235172293167807e+01, 3.2555021052881067e+01,
       3.1702707534761128e+01, 3.1900559315909405e+01,
       6.2040432482237236e+02, 3.3050666854960490e+01,
       9.6465458812278868e+01, 3.1757151731041965e+01,
       4.2276597741612392e+01, 3.2825231705458371e+01,
       4.8353712262018078e+01, 6.5281427375572363e+01,
       6.6404728240290353e+01, 8.3245950324501493e+01,
       4.9962269706150060e+01, 4.3631933722411745e+01,
       6.6621076594719284e+01, 3.8817802622745418e+01,
       3.2259064624964033e+01, 1.0177411883714643e+02,
       3.3700883540913033e+01, 3.2154054924591506e+01,
       4.1535242841553577e+02, 3.6695966550600431e+01,
       9.2815924719390907e+01, 4.7991231057044885e+01,
       1.0337900398696507e+02, 3.1550404965526187e+01,
       2.5250311393602129e+02, 4.6510295187483891e+01 ]
weights: !!opencv-matrix
   rows: 1
   cols: 44
   dt: d
   data: [ 3.3084464538377809e-02, 2.0767779305974746e-02,
       2.3900354348465744e-02, 2.9089318077559326e-02,
       9.2035650558867782e-03, 2.7480154109707243e-02,
       4.6932196434528199e-03, 3.4851050412603994e-02,
       3.5933879273575935e-02, 2.9077127716427991e-02,
       2.7668177698515976e-02, 1.2173870231944632e-02,
       2.8756438207548755e-02, 1.4667231554521437e-02,
       1.7358640723029641e-02, 3.2618699917270469e-02,
       3.6446307224791655e-02, 2.5182269900998637e-02,
       4.0573006707181362e-03, 2.8758931446757334e-02,
       1.2804739037692581e-02, 3.4000275358494543e-02,
       3.4535586436831092e-02, 3.0273302112729210e-02,
       2.8053788756420724e-02, 2.9891053123442160e-02,
       1.5447287557795373e-02, 1.9525058159237392e-02,
       1.8572425042770402e-02, 2.2253307957480043e-02,
       1.3950043888257090e-02, 3.4898362345769637e-02,
       3.0033415343798064e-02, 8.6946017894597299e-03,
       3.3949908912201135e-02, 2.9671284034075991e-02,
       1.5393434892680595e-03, 2.2065905766678440e-02,
       1.1361339197027504e-02, 1.8651318314559497e-02,
       2.8940039147516486e-03, 3.1935400712250407e-02,
       6.8691072732702391e-03, 3.2360361417600028e-02 ]
pca_proj: !!opencv-matrix
   rows: 1
   cols: 21
   dt: f
   data: [ 1.02604255e-02, 8.46533298e-01, 5.67100069e-05,
       -5.08859605e-02, 4.68450844e-01, 1.89823491e-04, -5.55210514e-03,
       1.46431834e-01, -1.98076777e-05, -7.31809530e-03, 1.34976640e-01,
       -4.80776835e-05, -6.69380091e-03, 1.46460637e-01, -1.57161594e-05,
       2.11501210e-05, 1.32904761e-05, -3.16381829e-07, -1.62182951e-05,
       4.47223283e-04, 4.04881848e-06 ]
pca_mean: !!opencv-matrix
   rows: 1
   cols: 21
   dt: f
   data: [ 4.33646118e+02, 2.44701981e+02, 1.49672687e+00,
       4.18191803e+02, 2.60206879e+02, 1.62062907e+00, 3.68545319e+02,
       2.27059875e+02, 1.69770968e+00, 3.19420807e+02, 1.63929108e+02,
       1.75046074e+00, 3.16613464e+02, 2.25532654e+02, 1.70717156e+00,
       1.08872897e-04, -9.74175637e-05, 6.24380555e-05, -2.17504916e-04,
       -2.50119597e-01, 1.75055194e+00 ]
gamma: !!opencv-matrix
   rows: 44
   cols: 1
   dt: d
   data: [ 7.6832609858232825e-01, 8.3714478111441815e-01,
       8.5377680521064014e-01, 7.8198882546436843e-01,
       8.9355857301604513e-01, 8.3482054058351307e-01,
       8.9331056502316664e-01, 8.0952212775784427e-01,
       7.8585521162728122e-01, 7.6382073243872151e-01,
       7.8861870816335011e-01, 8.8040236825452278e-01,
       8.0410882587433863e-01, 8.7046145920744988e-01,
       8.6084787977183586e-01, 7.6486397149789476e-01,
       7.7868492189362970e-01, 8.1248601348758043e-01,
       9.0988965455174975e-01, 7.6630724032812281e-01,
       8.7856193058192733e-01, 7.6296994955397179e-01,
       8.0147250905640466e-01, 7.7556598815183397e-01,
       8.2616352869924692e-01, 8.4426459780600005e-01,
       8.7374812773506549e-01, 8.6231808770803653e-01,
       8.5316968206002985e-01, 8.2849174682221915e-01,
       8.6745496295382529e-01, 7.9339032348689675e-01,
       7.7021680256794245e-01, 8.8678952332432548e-01,
       7.7280962467886249e-01, 7.9623081571949483e-01,
       9.0782534614756982e-01, 8.2072072275596952e-01,
       8.8719022232518729e-01, 8.4511715990037872e-01,
       9.0002175345035951e-01, 7.6258075559541105e-01,
       9.0119416570049438e-01, 8.1819972172993516e-01 ]
