%YAML:1.0
means: !!opencv-matrix
   rows: 6
   cols: 8
   dt: d
   data: [ -1.0183717356444311e+02, -1.1925867863548198e+02,
       3.3901159116465010e+01, 4.2477912137419018e+01,
       -1.0469227676401411e+01, -1.6918424252782345e+00,
       -1.7733629963569868e+00, -2.7405359818053676e-01,
       -1.5811930718899552e+02, 7.7424021558661771e+00,
       3.7447392709973897e+01, -1.4517499402449896e+01,
       -8.8943112983358308e-01, 3.1809236014535669e-01,
       5.0009016855853272e-01, 9.3185482100406114e-01,
       1.0719754417463922e+02, 1.6689830741741606e+01,
       -2.9239426759339725e+01, 2.0620668139745799e-01,
       -9.2477692501867121e+00, -8.5956025153382267e+00,
       -1.2253876253804272e+00, 1.3802408916501854e-01,
       9.5110228899257692e+01, -4.4909273455431460e+01,
       -2.1377700884786762e+01, 3.7728539932165006e+01,
       -2.8208029276959010e+01, 2.3320379820090686e+01,
       1.1854286869436677e+00, 1.2533055546631335e+00,
       3.0592267430127663e+01, -2.8243571925047817e+01,
       1.2226813671982955e+00, 1.2102648475758039e+01,
       2.2088352275293378e+01, 3.3651859051989863e+00,
       9.0896420717439019e-01, -5.9647149304518088e-01,
       -2.6504665576908138e+01, 1.1217038500221052e+02,
       -8.5415549414779974e+00, -4.9691851271439575e+01,
       -2.1274780465617100e+00, -5.1995595979190479e-01,
       7.0565071184167849e-01, -4.2457441022903764e-01 ]
covs: !!opencv-matrix
   rows: 48
   cols: 8
   dt: d
   data: [ 1.2075682226600238e+04, -3.1237921915588850e+03,
       1.8280065779594174e+03, 9.4421939176566667e+01,
       1.5411646898405763e+03, -4.5549076363542520e+02,
       9.6334231196850752e+01, -9.7369015310539471e+00,
       -3.1237921915588850e+03, 9.9441351748198686e+03,
       1.4056506654108719e+03, 1.5744750361904989e+03,
       -1.0392071548331922e+01, 1.2950357940768574e+03,
       1.1995943312032850e+02, 6.2655797925433994e+01,
       1.8280065779594181e+03, 1.4056506654108719e+03,
       2.7124209528640604e+03, -2.9120294958952803e+02,
       -3.0140483118596808e+02, 5.5086935408308698e+01,
       -3.4619755998408024e+01, 3.2278968714558225e+00,
       9.4421939176566624e+01, 1.5744750361904989e+03,
       -2.9120294958952815e+02, 2.1008128152336899e+03,
       2.8795751605750613e+01, -3.1049804653971830e+02,
       -2.3000961625191199e+01, -3.5937110767827299e+01,
       1.5411646898405763e+03, -1.0392071548331902e+01,
       -3.0140483118596808e+02, 2.8795751605750624e+01,
       6.0314440019093797e+02, 7.8137921735614313e+01,
       3.8398628820251261e+01, 9.8889601201642101e+00,
       -4.5549076363542520e+02, 1.2950357940768574e+03,
       5.5086935408308712e+01, -3.1049804653971830e+02,
       7.8137921735614313e+01, 4.7777572371164530e+02,
       1.8447981307298541e+01, 2.4784743708924584e+01,
       9.6334231196850737e+01, 1.1995943312032850e+02,
       -3.4619755998408024e+01, -2.3000961625191191e+01,
       3.8398628820251261e+01, 1.8447981307298544e+01,
       3.5364137283852060e+01, 3.1035592815212292e+00,
       -9.7369015310539488e+00, 6.2655797925433994e+01,
       3.2278968714558260e+00, -3.5937110767827306e+01,
       9.8889601201642083e+00, 2.4784743708924584e+01,
       3.1035592815212296e+00, 1.7657648528252921e+01,
       7.7824408397856641e+03, 2.3599262156842113e+02,
       2.7838472905487738e+03, -7.7127139302051523e+02,
       5.0816814320968831e+02, 4.3267179941560835e+02,
       1.3064918739223802e+02, 2.8783212631195397e+01,
       2.3599262156842113e+02, 8.1262356528820364e+03,
       5.7109346083827336e+02, 1.7763907588615648e+03,
       1.5330631819286981e+02, 1.0894907553841506e+02,
       -3.0709380219657976e+00, 1.3541210498344558e+00,
       2.7838472905487738e+03, 5.7109346083827324e+02,
       2.4096108661158623e+03, 3.0104106433816831e+01,
       -1.1971243699841799e+02, 8.9178792232854764e-01,
       -1.8552166432723610e+01, -4.9537989784315126e+00,
       -7.7127139302051523e+02, 1.7763907588615646e+03,
       3.0104106433816824e+01, 1.9269469790027881e+03,
       1.8974362094983881e+01, 1.8275263004409240e+01,
       2.3702012605421537e+01, -7.6166290554580440e-01,
       5.0816814320968831e+02, 1.5330631819286981e+02,
       -1.1971243699841800e+02, 1.8974362094983885e+01,
       1.7717955377702089e+02, 9.9201812718426581e+01,
       3.6184278430809194e+00, 5.0951026134879029e+00,
       4.3267179941560835e+02, 1.0894907553841506e+02,
       8.9178792232854764e-01, 1.8275263004409251e+01,
       9.9201812718426609e+01, 2.1122820359203283e+02,
       -2.1039805325785141e+00, 3.4542114161845894e+00,
       1.3064918739223802e+02, -3.0709380219657985e+00,
       -1.8552166432723617e+01, 2.3702012605421537e+01,
       3.6184278430809211e+00, -2.1039805325785146e+00,
       2.5431469883652625e+01, 2.2285067071867499e+00,
       2.8783212631195397e+01, 1.3541210498344534e+00,
       -4.9537989784315126e+00, -7.6166290554580574e-01,
       5.0951026134879038e+00, 3.4542114161845894e+00,
       2.2285067071867499e+00, 1.3044161235327570e+01,
       1.0544427088643366e+04, -2.8612859590282648e+02,
       1.5435523042572549e+03, 3.9299134902328184e+01,
       -1.9844756063595685e+02, 2.3226173324512814e+02,
       -4.4446938190164495e+01, -7.6825369962613532e+00,
       -2.8612859590282648e+02, 1.0040375259971810e+04,
       4.1247925249846713e+02, 1.1773560210901608e+03,
       8.0344874760681336e+01, 2.3894843625882714e+02,
       -2.5436455668564236e+01, 1.5353879412487945e+01,
       1.5435523042572554e+03, 4.1247925249846719e+02,
       2.8740138751576328e+03, -2.0414253973542085e+02,
       -6.5251009027266022e+01, -1.4279869578164335e+02,
       1.2183172131672698e+01, -2.3032403994528621e+00,
       3.9299134902328184e+01, 1.1773560210901608e+03,
       -2.0414253973542077e+02, 2.3313174327838187e+03,
       6.2976028556323929e+00, -1.2912983553370498e+02,
       8.2874024562620257e+00, -1.0571308695180932e+01,
       -1.9844756063595685e+02, 8.0344874760681364e+01,
       -6.5251009027266036e+01, 6.2976028556323929e+00,
       7.2277808226456415e+01, -3.0956720202469363e+01,
       -9.6710698501031231e+00, 8.1296904233604099e+00,
       2.3226173324512814e+02, 2.3894843625882714e+02,
       -1.4279869578164335e+02, -1.2912983553370498e+02,
       -3.0956720202469363e+01, 1.3638212678610844e+02,
       -4.0967473116202022e+00, -1.1852141668654824e+01,
       -4.4446938190164488e+01, -2.5436455668564253e+01,
       1.2183172131672695e+01, 8.2874024562620257e+00,
       -9.6710698501031249e+00, -4.0967473116201996e+00,
       3.6417531814950216e+01, -2.1564831160219424e+00,
       -7.6825369962613506e+00, 1.5353879412487949e+01,
       -2.3032403994528616e+00, -1.0571308695180937e+01,
       8.1296904233604099e+00, -1.1852141668654824e+01,
       -2.1564831160219415e+00, 1.7927886628485055e+01,
       4.6075214558036023e+03, 4.9955922491919502e+01,
       2.7976792025123204e+03, -8.7831693103903922e+02,
       2.7295130802353142e+00, -4.6840107912349112e+01,
       -7.5119221549739663e+01, 1.7757598847787794e+00,
       4.9955922491919459e+01, 5.2115320400374958e+03,
       9.0732102088121258e+02, 2.6854073257786417e+03,
       -1.5391238848878158e+01, -7.4344887808904787e+01,
       -2.8374483881332377e+01, -4.1811913669343447e+01,
       2.7976792025123204e+03, 9.0732102088121258e+02,
       2.5532716441334787e+03, -8.2313125972285860e+01,
       -1.1185476494061800e+02, -5.9515889331739459e+01,
       9.5722404003885266e+00, 1.7911158979976211e-02,
       -8.7831693103903933e+02, 2.6854073257786417e+03,
       -8.2313125972285832e+01, 1.7524170473244578e+03,
       4.9308069346869260e+01, -1.0660733661354112e+02,
       -8.5974716957525015e+00, 4.8441321002364743e+00,
       2.7295130802353120e+00, -1.5391238848878153e+01,
       -1.1185476494061800e+02, 4.9308069346869274e+01,
       5.0850342525063901e+01, -3.6943693824111747e+01,
       -2.4655470825831469e+00, 1.1653180925205243e+01,
       -4.6840107912349112e+01, -7.4344887808904758e+01,
