%YAML:1.0
means: !!opencv-matrix
   rows: 16
   cols: 11
   dt: d
   data: [ 1.6125963500678409e+02, 2.5336564181284611e+01,
       -4.2559952116367960e+01, -3.0393244902386026e+01,
       -9.9771116045841861e+00, 1.4553209276898377e+01,
       -1.6998841838578711e+00, -4.4585880511999312e+00,
       -2.4255581374554920e+00, 1.0662644771205369e-01,
       -2.0369832604940785e-01, -4.6917507786860682e+01,
       -2.5293850234281496e+01, 2.7770607918939945e+01,
       4.2663494538029134e+01, 2.0764574864962437e+01,
       -7.6347758697611896e+00, -8.7862865934351788e+00,
       -4.8500138537297826e+00, -4.7902330827414366e+00,
       1.5202346448921311e+00, 1.0584610508080433e-01,
       8.1906266285131267e+01, 1.5737467955382321e+01,
       -2.4022476879541845e+01, -3.2090865403848902e+01,
       -2.6463452995285959e+01, -1.9563579650439834e+01,
       9.0087626398544907e-01, -2.3297014780548446e+00,
       2.0660967420680831e-01, -3.2481248923506824e-02,
       1.0575589759664007e-01, -1.9254708518429328e+02,
       8.7586180965956871e+01, 4.0966904077471199e+01,
       -5.0193074687122945e+01, -2.2969282832589407e+01,
       1.2552683353130401e+01, -2.8805142210720875e+00,
       1.9448223386214853e+00, 7.0356798634705131e-01,
       -5.2476396383825494e-02, 4.3772905971813117e-02,
       -1.3604224999210768e+02, -1.0357281813874738e+02,
       2.5462085460125937e+01, 6.5201124078611798e+01,
       -1.6252273445407685e+01, -1.2683817760890017e+00,
       1.9875475322563327e-01, -1.3194871473795799e+00,
       7.6401392241373600e-01, -3.2422055640357389e-01,
       7.0469300990759126e-02, -2.0359502274787840e+01,
       -1.5256968032744885e+01, 1.3354143552358311e+01,
       1.0417726506217605e+01, 2.8390949908457820e+01,
       -4.0167191621858382e+00, 1.3167939256913974e+00,
       -1.2701382904181152e-01, 4.1116165102875613e-01,
       -1.4266317204488498e-02, 7.1232360954297039e-02,
       1.4763887010502825e+02, -3.0777817199971333e+00,
       -3.9127752902485227e+01, 5.9219369184844730e+00,
       -5.4380938397734964e+00, 1.3135021251760524e+01,
       -9.9879205171059093e-01, 1.5553877341829894e+00,
       1.6615893522354097e-01, -3.4915975980871740e-02,
       7.8925779005911550e-02, 2.2447104822148805e+01,
       8.6104898232622048e+01, 1.7551670020324570e+00,
       -5.1119535572127567e+01, 2.2866779106152546e+01,
       -6.1216470968844812e+00, 2.4509090320950175e+00,
       2.4956805714147996e+00, 7.3957234411619743e-01,
       3.4375110870095160e-01, -7.3246823298549729e-02,
       -1.4086752161345336e+02, -4.8750130366853659e+00,
       3.5130258819175992e+01, 1.2365646340170189e+01,
       -2.8367294006886783e+00, 1.6963988477471570e+01,
       -7.4018435124467791e-02, 2.1033936695668651e+00,
       7.7711144454627890e-01, -3.9298550394196041e-01,
       -2.8868129506206441e-01, -1.7307371112987221e+02,
       9.6487611691421318e+00, 3.5821472946807276e+01,
       -5.6091709146350039e+00, -1.6384193775866989e+00,
       8.0075691357994239e-01, -2.8790511322416301e+00,
       -6.7093100751259964e+00, -2.5857113589680574e+00,
       9.8200226006996727e-01, -1.4913979962380658e-01,
       8.3680584678329993e+01, 5.8804013312566372e-01,
       -2.0360582132049874e+01, 5.9072711212640776e+00,
       7.4444250336110711e+00, 6.5367928420141279e+00,
       -1.5396431559308299e-01, 1.1362605466272542e+00,
       3.8993003027157219e-01, -7.0225739058406263e-03,
       1.9639546345534581e-02, 3.3907046806143313e+01,
       -9.9086768956236668e+01, -1.0312024971296017e+01,
       6.7085729255493746e+01, -4.2199352562930770e+00,
       -1.0246906243374236e+00, 2.0292432532182216e+00,
       -3.0102569466857637e-01, -1.1096463622896960e-03,
       -1.1980358312530062e-01, 1.5100348387173638e-02,
       -2.6036347949374761e+01, 1.5518846249969803e+02,
       1.0729323134569123e+01, -9.0536557743756163e+01,
       1.1790497272054115e+01, 2.7394375086804448e+01,
       -3.4762305633494299e+00, 1.2526133686328256e+00,
       1.9379129359347040e+00, 4.7797987069213366e-01,
       -1.2804290780752079e-02, 1.1391783288651965e+01,
       -1.9578129583554688e+01, -7.1025012126461711e+00,
       7.5214201435383963e+00, -5.7881460915709741e+00,
       -8.4969024627911374e+00, 2.1062539674931839e+00,
       9.2469767584711482e-01, 3.9456052358258792e-01,
       6.1442494905188209e-02, -1.6178339549198856e-01,
       3.7073802714583522e+01, 2.2455462712586424e+01,
       6.1492741164192788e-01, -1.6292740463131551e+01,
       9.6393177619886092e+00, -5.9399156888375182e-01,
       -6.3519847707478174e+00, -3.3035905783078370e+00,
       -5.2199532507854451e+00, -9.4633485175724308e-01,
       -1.7453859245663364e-01, -1.6690044544705043e+02,
       -5.7154414630336818e+00, 4.2256838752653913e+01,
       5.2571227914866423e+00, -4.6453083321856337e+00,
       -3.7497753420293187e+00, 1.0742429457027471e+00,
       6.1961772681021576e-01, 3.4312693200656297e-01,
       -6.1311280624727051e-02, 3.3642428548690588e-02 ]
