%YAML:1.0
means: !!opencv-matrix
   rows: 14
   cols: 5
   dt: d
   data: [ 1.5510553139494547e+02, 6.7832918461585798e+00,
       -5.4940812399867795e+01, 1.5164325488054613e+01,
       -1.1452728934404140e+01, -5.3130685965180923e+01,
       -1.0138300449081580e+01, 8.0760905437532415e+01,
       -1.2732492698338968e+01, 5.4377576570745321e+00,
       1.6149504637099474e+02, 6.7862379373570434e+01,
       2.8024365972992115e+01, -3.8294750327224257e+01,
       -1.2543764304312122e+01, -1.8750825539277264e+02,
       -5.9228660639610045e+00, -9.3689394263139791e-01,
       4.4094620770369479e+00, 4.8191015015868004e+00,
       1.7392412441329881e+01, 3.1753697085519743e+01,
       -3.2180591122381657e+01, -7.4649230270162192e+01,
       3.6522573664539010e-01, 9.4332675724648027e+01,
       -1.0365181158346341e+02, 3.8060411059587897e+00,
       -1.7430154430552918e+01, 5.7055135635898768e-01,
       -1.7918169112978131e+02, -8.0994158997176939e+01,
       4.8471763279604488e+01, 2.6108060080078644e+01,
       -2.4253194966544910e+01, -3.9681603208836115e+01,
       -1.4964057445550452e+01, -6.3866034802844545e+01,
       1.9495087733010656e+01, 8.2069562396757849e+00,
       3.8654493696865795e+00, -2.9035762043317163e+01,
       9.5297572532534023e+00, 8.1692896740175307e+00,
       3.5585921399659043e+01, 8.8039851994345497e+01,
       1.8079322727665943e+01, 1.6883069068591752e+01,
       5.5229085653061389e+01, -1.8978852255623893e+00,
       9.9949296490244194e+01, -4.5289584430550818e+01,
       -2.1903497875234589e+01, 3.7587614264245026e+01,
       -2.7192384634272571e+01, 2.2293855205080185e+01,
       1.5209535514278687e+02, -7.8634839370993292e+00,
       -6.8793262633003529e+00, 2.5018246058570242e+00,
       -1.4063041946800504e+02, 8.9577995631054648e+01,
       2.0642736568804906e+01, -4.6529626638865402e+01,
       -1.0524996849680852e+01, 7.4872646866591399e+00,
       -1.6142314567861604e+02, 1.7798105785579914e+01,
       5.5943301428349194e+01, 1.7769500851175238e+01 ]
covs: !!opencv-matrix
   rows: 70
   cols: 5
   dt: d
   data: [ 5.1878789888942856e+03, -4.6553550455002136e+02,
       2.3109332764682213e+03, -5.8573571343435049e+02,
       -9.8994920600398274e+01, -4.6553550455002147e+02,
       7.2423905894179425e+03, 6.5420505412407294e+02,
       2.2499306335359120e+03, -1.7110036286491939e+00,
       2.3109332764682213e+03, 6.5420505412407294e+02,
       2.1005216429613342e+03, -1.4407206842790174e+02,
       -1.2282929404832051e+02, -5.8573571343435037e+02,
       2.2499306335359120e+03, -1.4407206842790177e+02,
       1.8169262148121882e+03, 8.8116331566211016e+01,
       -9.8994920600398274e+01, -1.7110036286491956e+00,
       -1.2282929404832051e+02, 8.8116331566211016e+01,
       4.8466070799604999e+01, 5.1633982122141770e+03,
       -3.8662498173398001e+02, 1.1512556523394608e+02,
       4.6457294457237379e+02, 8.8591520443051616e+02,
       -3.8662498173398001e+02, 7.8317063371945906e+03,
       8.1430868956147071e+02, 1.9082113703650059e+03,
       1.1370308548717499e+02, 1.1512556523394603e+02,
       8.1430868956147071e+02, 7.3054806385600841e+02,
       2.7766503101501831e+02, -1.2017378723133560e+02,
       4.6457294457237379e+02, 1.9082113703650059e+03,
       2.7766503101501826e+02, 1.7751640113529800e+03,
       1.1709537747816972e+02, 8.8591520443051616e+02,
       1.1370308548717497e+02, -1.2017378723133560e+02,
       1.1709537747816972e+02, 2.7088803299290464e+02,
       7.3362309785610369e+03, -2.6505351130836198e+03,
       -7.9518325662161283e+02, 1.9280858926182061e+03,
       1.6361870181564942e+02, -2.6505351130836189e+03,
       9.2357484965407693e+03, 1.0421511772212255e+03,
       7.8738145917929683e+02, 5.8267523316009822e+01,
       -7.9518325662161283e+02, 1.0421511772212257e+03,
       5.5097871863047283e+02, 1.6123498894897051e+02,
       -2.3964420953461648e+01, 1.9280858926182063e+03,
       7.8738145917929683e+02, 1.6123498894897048e+02,
       2.4311129356754004e+03, 4.3470848133167500e+01,
       1.6361870181564942e+02, 5.8267523316009822e+01,
       -2.3964420953461651e+01, 4.3470848133167500e+01,
       3.7599500209342835e+01, 6.7385191670667145e+03,
       -3.8496941224396488e+02, 7.4607078117018546e+02,
       2.4651291056039813e+02, 8.3802746900791988e+02,
       -3.8496941224396488e+02, 8.5418889574842087e+03,
       5.8361577248127821e+02, 1.9074788930181546e+03,
       1.0887923238104129e+02, 7.4607078117018546e+02,
       5.8361577248127810e+02, 8.8595530379172590e+02,
       3.3560751200339553e+02, -8.8866528300950478e+01,
       2.4651291056039818e+02, 1.9074788930181546e+03,
       3.3560751200339558e+02, 1.7839884515185367e+03,
       8.1776587798331889e+01, 8.3802746900791988e+02,
       1.0887923238104121e+02, -8.8866528300950478e+01,
       8.1776587798331889e+01, 2.1791282961191823e+02,
       7.1850018256349858e+03, -1.0897778325570903e+03,
       1.8179200411739550e+03, -5.8467321815908470e+01,
       2.6084967356735302e+01, -1.0897778325570903e+03,
       3.0100232596269448e+03, -1.7805861266184283e+02,
       2.8184201608741944e+02, -1.7001809286203743e+02,
       1.8179200411739550e+03, -1.7805861266184283e+02,
       2.5159322954595764e+03, -3.2946665029370888e+02,
       1.1854202733135652e+02, -5.8467321815908512e+01,
       2.8184201608741949e+02, -3.2946665029370888e+02,
       7.7427205275909967e+02, 5.1567478772987450e+01,
       2.6084967356735302e+01, -1.7001809286203743e+02,
       1.1854202733135649e+02, 5.1567478772987450e+01,
       1.4185630676087393e+02, 6.0408445143891386e+03,
       -2.1924811037651858e+02, 7.5483497932770013e+02,
       3.9995460537600536e+01, -2.2806114558722177e+02,
       -2.1924811037651867e+02, 4.3799626917215364e+03,
       -6.5634330041125423e+01, -5.7264048745543221e+02,
       8.9419398059672247e+01, 7.5483497932770035e+02,
       -6.5634330041125438e+01, 1.5740580429552174e+03,
       -1.0995262448057257e+02, 1.2819751369453951e+02,
       3.9995460537600557e+01, -5.7264048745543232e+02,
       -1.0995262448057260e+02, 1.1668063876270319e+03,
       -1.2450909958459981e+02, -2.2806114558722177e+02,
       8.9419398059672247e+01, 1.2819751369453951e+02,
       -1.2450909958459981e+02, 2.8247368353479015e+02,
       5.4906491039272159e+03, -6.9738268373641904e+02,
       2.8542888753014795e+03, -6.1476668552898252e+02,
       -7.7854155951236905e+01, -6.9738268373641881e+02,
       8.2446008705034765e+03, 8.5022716597585759e+02,
       1.7235638492529918e+03, 5.8848222073816362e+02,
       2.8542888753014795e+03, 8.5022716597585782e+02,
       2.3016760044367543e+03, -5.0121981714048708e+01,
       -3.8593709227228480e+01, -6.1476668552898263e+02,
       1.7235638492529913e+03, -5.0121981714048708e+01,
       2.0242863064799869e+03, -2.3412002709426494e+02,
       -7.7854155951236933e+01, 5.8848222073816362e+02,
       -3.8593709227228473e+01, -2.3412002709426494e+02,
       1.9554666512683752e+02, 4.9280262530473110e+03,
       -1.3000505819334167e+03, -8.1660343781784570e+02,
       3.1423156552782405e+02, -3.7815858820915497e+02,
       -1.3000505819334167e+03, 1.0203567046031649e+04,
       2.4776264259148113e+02, 4.6423160794637374e+02,
       2.7714242348717084e+02, -8.1660343781784559e+02,
       2.4776264259148110e+02, 8.4511626176567995e+02,
       5.4007599609663009e+02, 1.0470964933692606e+02,
       3.1423156552782405e+02, 4.6423160794637363e+02,
       5.4007599609663009e+02, 2.2550094809636871e+03,
       -4.1196445292819071e+01, -3.7815858820915491e+02,
       2.7714242348717090e+02, 1.0470964933692605e+02,
       -4.1196445292819071e+01, 3.4863065254158988e+02,
       4.9552334207462463e+03, -2.1236734937418717e+02,
       2.9226867696334757e+03, -6.3352807019045133e+02,
       -2.0446179649142491e+02, -2.1236734937418717e+02,
       7.9774526500725997e+03, 5.1902012904094556e+02,
       1.3742265874613283e+03, -1.1718827032991516e+02,
       2.9226867696334753e+03, 5.1902012904094556e+02,
