%YAML:1.0
means: !!opencv-matrix
   rows: 8
   cols: 10
   dt: d
   data: [ 7.3641610470212669e+01, 1.0453350087140590e+01,
       -1.2747674109332186e+01, -1.2957763264949205e+00,
       1.1509631489963967e+01, 3.1854798400730742e+00,
       3.3313081584167675e-01, 9.8946688578955255e-01,
       3.8075325744784277e-01, 1.7051582346274304e-02,
       -1.7041007088898706e+02, -5.9388102932485339e+01,
       3.6589191329393081e+01, 4.0044397521652030e+01,
       -1.1718883117787991e+01, 3.0083778220136912e+00,
       1.2383772847645678e-01, -8.8069553169211934e-01,
       2.7416796012520556e-01, -1.3237792134700560e-01,
       1.1884397678758076e+02, -1.5332313430571457e+01,
       -4.6283947286615430e+01, -3.1560147424362328e+00,
       -7.4619353854626098e+00, 1.0779652718206707e+01,
       -3.2616729475187611e+00, -1.8315457364721819e+00,
       -2.0027683297692520e+00, 5.0407945889864803e-01,
       -2.5078446822122750e+01, 5.8895939928539697e+01,
       4.7891212804124095e+00, -3.5349551037783662e+01,
       3.2404405142659147e+00, 3.0978273158337504e+00,
       -4.3645341123126014e-01, 1.5805708111563719e+00,
       -2.7866101629692008e-01, -6.2901882856196445e-01,
       8.2023605331203925e+01, 1.5885680459055882e+01,
       -2.3890206521143671e+01, -3.2048456555212333e+01,
       -2.6449841827885329e+01, -1.9604695013638576e+01,
       9.0725231870318612e-01, -2.3130450118230144e+00,
       2.0857424385666692e-01, -2.2845865112693087e-02,
       2.9984103358766854e+00, -8.7242118489629988e+01,
       -1.0470078538105387e+00, 5.6818982188921979e+01,
       1.6913937314708799e-01, -7.0049707514264969e-01,
       1.9502019138966422e+00, -1.7168810725389599e-01,
       1.9523407849463545e-01, -1.3487867448360648e-02,
       -8.8192907955201534e+01, 1.5917853239818522e-01,
       2.9054051395972934e+01, -2.4130569478639705e+00,
       1.4166434386308993e+01, -1.4367680947258687e+01,
       -2.1473645241131581e-01, -1.5814878804356027e+00,
       -1.1072061327532527e+00, 2.4724921320878682e-01,
       -1.9277546422946986e+02, 7.1725823356289425e+01,
       4.0649517433195712e+01, -4.0943921096884083e+01,
       -1.8056855150049110e+01, 7.9600256737113639e+00,
       -2.4998946737048149e+00, 4.0016853115636120e-01,
       1.1086215880994937e-01, 1.7579767964089299e-01 ]
covs: !!opencv-matrix
   rows: 80
   cols: 10
   dt: d
   data: [ 8.5916235139557120e+03, -1.0701312218245511e+02,
       1.7200669739104048e+03, 3.2313439230489570e+02,
       -1.1603222396884230e+03, 3.9012970466348440e+02,
       -1.0380365484969943e+02, 2.6289835982014484e+01,
       1.2173948343714953e+01, -3.2082821689655678e+00,
       -1.0701312218245508e+02, 7.5810157238688616e+03,
       -7.2102291256077748e+01, 1.2329310009273886e+03,
       7.1035249629515320e+01, -3.1438961196767633e+02,
       5.2416190463054875e+01, -1.8694101251899447e+01,
       2.4851703825309421e+00, -1.0249454457768907e+00,
       1.7200669739104048e+03, -7.2102291256077763e+01,
       2.8543040013109935e+03, -1.2632187059200375e+02,
       2.1378156791750618e+02, -1.2194059240005417e+02,
       3.3197418201696209e+01, -1.4794308919263242e+00,
       7.0645862275653215e-01, 3.3892203566153452e+00,
       3.2313439230489581e+02, 1.2329310009273886e+03,
       -1.2632187059200375e+02, 1.7754932603912694e+03,
       -1.4640106447611015e+02, 9.5037812483796571e+01,
       -2.8889033258888560e+01, 6.7325276070441618e+00,
       3.1578087663542653e-01, -3.2025937812187566e+00,
       -1.1603222396884230e+03, 7.1035249629515334e+01,
       2.1378156791750612e+02, -1.4640106447611018e+02,
       3.5675028150763046e+02, -7.7687471780443715e+01,
       -1.3722185609414800e-01, -5.0269978986057868e+00,
       4.1166813199115921e+00, 2.7470688077853911e-01,
       3.9012970466348435e+02, -3.1438961196767633e+02,
       -1.2194059240005414e+02, 9.5037812483796571e+01,
       -7.7687471780443715e+01, 1.8097871453604870e+02,
       9.2109006548551620e-01, -9.1908989996856274e+00,
       -9.1383206060341604e-01, -9.9597972788943767e-01,
       -1.0380365484969943e+02, 5.2416190463054861e+01,
       3.3197418201696216e+01, -2.8889033258888553e+01,
       -1.3722185609414786e-01, 9.2109006548551575e-01,
       2.4005840140365592e+01, -2.5789185481609569e+00,
       -2.9062946679604869e+00, 3.4213371019096150e-01,
       2.6289835982014477e+01, -1.8694101251899461e+01,
       -1.4794308919263250e+00, 6.7325276070441635e+00,
       -5.0269978986057868e+00, -9.1908989996856238e+00,
       -2.5789185481609569e+00, 1.3306501074710692e+01,
       -2.0289947480322308e+00, 7.4949685701881319e-01,
       1.2173948343714953e+01, 2.4851703825309426e+00,
       7.0645862275653215e-01, 3.1578087663542653e-01,
       4.1166813199115921e+00, -9.1383206060341604e-01,
       -2.9062946679604873e+00, -2.0289947480322308e+00,
       1.4711852719807206e+00, -1.5510961315152633e-01,
       -3.2082821689655678e+00, -1.0249454457768905e+00,
       3.3892203566153460e+00, -3.2025937812187575e+00,
       2.7470688077853950e-01, -9.9597972788943734e-01,
       3.4213371019096162e-01, 7.4949685701881319e-01,
       -1.5510961315152633e-01, 2.9387924197097742e-01,
       5.8757004824141050e+03, -8.9016807058295706e+02,
       2.8553881668218701e+03, 7.3936998268885543e+02,
       -5.0620195692996738e+01, -1.8503142464770650e+02,
       8.2553891850036209e+01, -6.0373732823335530e+01,
       9.9306386162735407e+00, -3.3419908713965589e+00,
       -8.9016807058295717e+02, 7.6903318889640159e+03,
       2.6562880703757412e+02, 1.2136267304630207e+03,
       4.3264604518213424e+01, 1.7206850496075208e+02,
       4.9683662754125379e+01, 1.1091345726445022e+01,
       -2.5255179143079250e+01, 8.3023979611555383e+00,
       2.8553881668218701e+03, 2.6562880703757412e+02,
       2.4776224349773315e+03, -1.9449089348860170e+02,
       -4.1848259890863126e+01, 2.7518597552410682e+01,
       -1.9334508910675893e+01, 2.2151417372968858e+01,
       -1.0815593697830324e+00, 6.1228347612842771e-01,
       7.3936998268885532e+02, 1.2136267304630207e+03,
       -1.9449089348860178e+02, 1.6540872999280130e+03,
       -1.1688817491530229e+02, -1.7406405620591258e+02,
       -2.6903115338523204e+01, -1.6689120770250359e+01,
       1.5023274397083702e+01, -1.4220275778164579e+00,
       -5.0620195692996745e+01, 4.3264604518213424e+01,
       -4.1848259890863126e+01, -1.1688817491530229e+02,
       8.6915667364366115e+01, -1.5969498245571810e+01,
       8.0443504159977497e+00, -8.0070948137525519e+00,
       -5.5153682956517791e+00, 2.7915290838669229e+00,
       -1.8503142464770650e+02, 1.7206850496075205e+02,
       2.7518597552410675e+01, -1.7406405620591258e+02,
       -1.5969498245571810e+01, 1.0154182567972617e+02,
       7.3774008131060951e+00, -8.4358425608538585e+00,
       -6.3575446259706698e+00, -2.8127362165396155e-02,
       8.2553891850036209e+01, 4.9683662754125372e+01,
       -1.9334508910675893e+01, -2.6903115338523204e+01,
       8.0443504159977497e+00, 7.3774008131060951e+00,
       2.4592189910660878e+01, -1.8717061536404875e+00,
       -1.9282855487799011e+00, 5.4782014141319024e-01,
       -6.0373732823335530e+01, 1.1091345726445029e+01,
       2.2151417372968858e+01, -1.6689120770250359e+01,
       -8.0070948137525519e+00, -8.4358425608538603e+00,
       -1.8717061536404871e+00, 1.7950470390904343e+01,
       -7.9963402559293584e-01, 3.3225983432881406e-01,
       9.9306386162735407e+00, -2.5255179143079246e+01,
       -1.0815593697830328e+00, 1.5023274397083702e+01,
       -5.5153682956517791e+00, -6.3575446259706698e+00,
       -1.9282855487799011e+00, -7.9963402559293562e-01,
       2.4132576770271941e+00, -5.1891734217382235e-01,
       -3.3419908713965598e+00, 8.3023979611555401e+00,
       6.1228347612842782e-01, -1.4220275778164582e+00,
       2.7915290838669229e+00, -2.8127362165396155e-02,
       5.4782014141319024e-01, 3.3225983432881395e-01,
       -5.1891734217382235e-01, 5.4543149149516523e-01,
