%YAML:1.0
means: !!opencv-matrix
   rows: 27
   cols: 2
   dt: d
   data: [ -8.7027763793117984e+01, 3.0454859074725370e+01,
       1.6949459864958664e+02, -8.3998011258363590e+01,
       6.5055643421061831e+01, 2.1320822249425767e+01,
       -1.1203877438653467e+02, -1.1295270934573401e+02,
       6.2640607983261887e+01, 1.0053621033386237e+02,
       -2.4616508764656299e+02, -4.6560854639013066e+01,
       -5.9064997380181481e+01, -5.2445842401948624e+01,
       1.4145909891122898e+02, 7.9250309107246437e+01,
       -9.2268968401248301e+01, 1.2153715934680802e+02,
       -2.2032053589973916e+02, 1.4035045434893988e+02,
       -1.3221891245661144e+01, -1.3253390991454489e+02,
       7.8698321593645858e+01, -1.0992900347858208e+02,
       -2.6987809644813274e+02, 4.1039080129446255e+01,
       1.1015219119821508e+02, 1.2128034675767273e+02,
       -1.5540017824276617e+02, -2.8688698877161212e+01,
       -4.3969159622116170e+00, 8.5944733202286017e+01,
       2.0034979109459917e+02, 9.4157765296321259e+00,
       9.2948859205038119e+01, -4.7387091330481972e+01,
       5.0054818313035883e+00, 1.9122487527067244e+02,
       -2.0263000117227728e+02, -1.2444097228371430e+02,
       -1.0789322383829150e+01, 2.1221770678758789e+00,
       9.1990141152948979e+01, -1.8028655545375457e+02,
       1.3385285255990814e+02, 2.5862274492056834e+00,
       -1.7209906167815581e+02, 5.2683309168981054e+01,
       2.0049863991152498e+02, 8.9664685433215411e+01,
       2.6081244983497079e+01, -5.9370484707787526e+01,
       -8.7040008950403859e+01, -1.9261190722379732e+02 ]
covs: !!opencv-matrix
   rows: 54
   cols: 2
   dt: d
   data: [ 1.5445488688920996e+03, 2.8018939745129195e+01,
       2.8018939745129192e+01, 1.8558818150531717e+03,
       2.8154215279050231e+03, -6.0699162151066652e+01,
       -6.0699162151066666e+01, 1.9715166465690052e+03,
       1.2347093286942420e+03, -4.9248505105720241e+01,
       -4.9248505105720241e+01, 1.4428925773562248e+03,
       1.9562609208019105e+03, -1.2856387138848470e+02,
       -1.2856387138848473e+02, 1.6648671827912747e+03,
       1.2922208903852149e+03, -1.2664378214868098e+02,
       -1.2664378214868098e+02, 1.5250885381397891e+03,
       2.9072657683065963e+03, 7.9312503297903402e+02,
       7.9312503297903402e+02, 3.1747071770667694e+03,
       2.0016671475607729e+03, -3.1174201250970083e+02,
       -3.1174201250970088e+02, 1.4389208198604340e+03,
       1.7227647150445935e+03, -1.4913805471525004e+02,
       -1.4913805471525004e+02, 1.9193534496574530e+03,
       2.1290612272614667e+03, -1.0669425172178133e+02,
       -1.0669425172178131e+02, 1.9195225579304376e+03,
       3.4331766386805639e+03, -3.8251465086502822e+02,
       -3.8251465086502822e+02, 2.6821276375833281e+03,
       2.2122643513373569e+03, -2.9428044658253363e+01,
       -2.9428044658253363e+01, 1.6394497247757756e+03,
       1.9786769128475300e+03, -8.7957646944249305e+01,
       -8.7957646944249305e+01, 1.2131409391056018e+03,
       2.0678016162381091e+03, 2.7120658116746359e+01,
       2.7120658116746373e+01, 3.0577017917740181e+03,
       2.0068295426874568e+03, -1.5693120943335853e+02,
       -1.5693120943335853e+02, 1.7021077538646689e+03,
       2.6588581313386289e+03, -1.7115981243018922e+02,
       -1.7115981243018922e+02, 1.8997093298149898e+03,
       1.1159451856463286e+03, -2.6150069587130753e+02,
       -2.6150069587130747e+02, 2.2094897624670834e+03,
       2.0435627599794691e+03, -1.6931468317839295e+02,
       -1.6931468317839293e+02, 1.8288396985142858e+03,
       1.7874851840664051e+03, -3.9244665599927248e+02,
       -3.9244665599927248e+02, 1.0403820062021002e+03,
       8.3477379292652749e+03, -5.1789487448318323e+02,
       -5.1789487448318323e+02, 3.3693109535851063e+03,
       1.9611835668215683e+03, 7.1778108831661746e+02,
       7.1778108831661746e+02, 3.5740619493077238e+03,
       1.1512229246514480e+03, 6.7342532480274627e+01,
       6.7342532480274613e+01, 1.3361797772586510e+03,
       4.9840377664177413e+03, 1.0279229923155633e+03,
       1.0279229923155633e+03, 2.1468109258092386e+03,
       1.3458056216923626e+03, -3.7410538688000446e+02,
       -3.7410538688000452e+02, 1.5046281543674463e+03,
       1.9191462591327559e+03, -2.4953677415670350e+02,
       -2.4953677415670350e+02, 2.1285194987407353e+03,
       2.4237040089528637e+03, 9.8013006518637653e+01,
       9.8013006518637653e+01, 1.5237769842178554e+03,
       1.5914687675989678e+03, 9.7307270161843149e+01,
       9.7307270161843149e+01, 1.2388770776444705e+03,
       3.6641878829493585e+03, 1.9331705977975591e+02,
       1.9331705977975591e+02, 1.7999749385819025e+03 ]
weights: !!opencv-matrix
   rows: 1
   cols: 27
   dt: d
   data: [ 5.1718211361997612e-02, 4.3974529425456696e-02,
       6.6500750366363937e-02, 3.3655606897149255e-02,
       4.7002895543063743e-02, 2.3966436660179190e-02,
       4.5708408528164962e-02, 4.5582751752949610e-02,
       3.7063725338838692e-02, 2.8152686005971622e-02,
       3.6788250287625231e-02, 3.7969223400819908e-02,
       2.2883208859912005e-02, 2.0977930713242589e-02,
       3.8890329079924214e-02, 5.2121488437706823e-02,
       2.7999813653187655e-02, 5.1377432289592691e-02,
       2.4285512845381028e-02, 2.1166750541923188e-02,
       5.0309700061426509e-02, 2.1705862361939724e-02,
       4.2512221296367718e-02, 3.1074877583149776e-02,
       2.6083345826600848e-02, 5.1728432133392038e-02,
       1.8799618747648735e-02 ]
pca_proj: !!opencv-matrix
   rows: 2
   cols: 21
   dt: f
   data: [ 4.36961316e-02, 8.50134730e-01, 1.73015636e-04,
       6.54514134e-02, 4.60692108e-01, 2.29939164e-04, 7.67599978e-03,
       1.46649793e-01, -1.37564148e-05, 1.21663406e-03, 1.30500361e-01,
       -5.45994153e-05, 8.06188770e-03, 1.42052382e-01, -2.12945142e-05,
       -2.45414903e-05, 9.56867734e-06, -1.94090262e-06, 3.13729906e-05,
       4.34020360e-04, 2.32224409e-07, 7.68702388e-01, -5.10314330e-02,
       1.14127281e-04, 4.21110362e-01, -3.83849256e-02, 4.02935693e-05,
       2.81941950e-01, -1.35209868e-02, 1.95932400e-04, 2.66951323e-01,
       -4.70317341e-03, 2.29704310e-04, 2.76557714e-01, -1.55316098e-02,
       2.11025646e-04, -3.74769334e-05, 5.54774260e-06, -7.89335627e-06,
       8.86836962e-04, -5.85095040e-05, 1.91629806e-04 ]
pca_mean: !!opencv-matrix
   rows: 1
   cols: 21
   dt: f
   data: [ 2.07625534e+02, 2.55653595e+02, 1.54502928e+00,
       2.18915131e+02, 2.60592743e+02, 1.67241716e+00, 2.65274475e+02,
       2.24016678e+02, 1.71669352e+00, 3.19420807e+02, 1.63929108e+02,
       1.75046074e+00, 3.16613464e+02, 2.25532654e+02, 1.70717156e+00,
       1.08872897e-04, -9.74175637e-05, 6.24380555e-05, -2.17504916e-04,
       -2.50119597e-01, 1.75055194e+00 ]
gamma: !!opencv-matrix
   rows: 27
   cols: 1
   dt: d
   data: [ 8.1685301896813622e-01, 8.5252463158597380e-01,
       7.9755329231519900e-01, 8.3882466048362492e-01,
       8.1661279821706945e-01, 8.8379731427482100e-01,
       8.0155809353831087e-01, 8.4364732581035506e-01,
       8.3921323898955391e-01, 8.7841960249572115e-01,
       8.3259302948702052e-01, 8.1887298669045128e-01,
       8.9006296867057622e-01, 8.4211875857952423e-01,
       8.3998887600050187e-01, 8.0559372697095388e-01,
       8.5248991768285942e-01, 7.8358282764855203e-01,
       8.9528157694146471e-01, 8.7616122842477662e-01,
       7.8295567988013748e-01, 8.7784227559520622e-01,
       8.1899382815153532e-01, 8.4869424744098176e-01,
       8.5116449404137917e-01, 7.9413557387356359e-01,
       8.6761886423055379e-01 ]
