%YAML:1.0
means: !!opencv-matrix
   rows: 8
   cols: 17
   dt: d
   data: [ 1.4775703405145359e+02, 1.3155221359717530e+00,
       -4.1482468980496819e+01, 8.3866809779441975e-01,
       -6.4391604170678720e+00, 1.1116075428347283e+01,
       -1.2576115925310865e+00, 7.9633651288190122e-01,
       4.9713860576940622e-01, -2.6812391716613242e-02,
       1.2152320435466978e-01, -3.0086613461119571e-02,
       -9.9292519721118008e-03, -1.6479615719632100e-02,
       -3.5863216425997893e-02, 3.4132707155211245e-03,
       2.9603134234158571e-03, -1.6118878891042300e+02,
       -4.9666764988483955e+01, 3.1896282003436138e+01,
       3.2243727658822976e+01, -1.1226069321563811e+01,
       6.4755767754474680e-01, -1.3524303717519544e+00,
       -3.7715727763775782e+00, -6.8536884933037989e-01,
       2.6894462563245064e-01, -3.4086214952399732e-02,
       -4.1761269066258953e-02, -2.5775293640619766e-03,
       -2.9774860187047831e-03, 5.4349307559557053e-03,
       1.2664438897075057e-02, -8.1110747982073321e-04,
       8.1748131938599641e+01, 1.5347258130095305e+01,
       -2.4146283965808227e+01, -3.2206559547112874e+01,
       -2.6490938082663718e+01, -1.9641133134547442e+01,
       8.7002383249632109e-01, -2.3319606297409434e+00,
       2.0909960546503856e-01, -4.2719811445599283e-02,
       1.0553574137507524e-01, -4.7143697898810594e-03,
       6.9057804043175556e-04, 2.8981768359007264e-03,
       1.5167195859584426e-02, 7.2178247290157734e-03,
       1.0843476048119356e-03, 1.5403710394083468e+01,
       6.2782546597208025e+01, -1.1331418029933003e-01,
       -3.9938900237860189e+01, 7.8753604863809059e+00,
       4.0950751826950560e+00, -2.1434652735117914e+00,
       -1.0643754642336214e+00, -1.1414507935605005e+00,
       -2.8593149003282320e-01, -2.1076665377038936e-01,
       -8.3604918284716691e-03, -1.4853310076525642e-02,
       -9.9421709012427941e-03, -2.9143299767452332e-02,
       1.7231278257639881e-02, -2.0583528066848017e-02,
       7.9513870309243146e+01, -1.2375027069650658e+01,
       -1.3144709118794479e+01, 1.1682986393715394e+01,
       5.9850865559846635e+00, 1.0556529292942791e+01,
       -6.7508651817092460e+00, -2.9630205047806282e+00,
       -4.1985739664841493e+00, 3.7195666532836069e-01,
       4.2336400771321232e-02, -9.4343155053345298e-03,
       -3.2449644505239732e-02, 1.8963964212951319e-03,
       1.0168158637733852e-03, -1.6926426247302021e-02,
       1.4838008344914822e-02, 5.7070673388867881e+01,
       -2.2510716956345128e+01, -1.0081388070664353e+01,
       1.6627668201273341e+01, 1.0563113334813615e+01,
       3.8087622888697510e+00, 5.2726140784196540e-01,
       5.1801708932110579e-01, 2.7920874295948017e-01,
       -9.1616781597949740e-02, 1.6359590211730505e-02,
       1.3528877956434246e-02, 8.7884848562380709e-03,
       5.8385294589988887e-03, 2.0312767633532843e-02,
       -4.6209996744117523e-04, 1.4679571305630261e-03,
       -1.9778368933570963e+01, -5.2678267943907298e-01,
       5.6230307899111693e+00, 2.5443003373799020e+00,
       8.1740944446820958e+00, -9.2077535983886456e+00,
       2.3285637898395297e+00, 9.4725797955738889e-01,
       3.8574213913052607e-01, 1.5645378806021953e-01,
       -4.0124718758365659e-02, 7.2011003856522282e-03,
       1.8080349860128377e-04, -8.3848505330071836e-04,
       -1.6868261677200926e-02, -3.0428626286622181e-03,
       -5.7658726166211237e-04, -1.8838755420491017e+02,
       3.5406816607392877e+01, 4.1558003628048461e+01,
       -1.8057507269311884e+01, -1.5283517724520996e+01,
       8.2450984191577792e+00, -9.5769261949185047e-01,
       1.7258472941707685e+00, 5.9967023755019733e-01,
       -1.0520364055245747e-01, -5.0742157063566069e-03,
       3.9881715714824330e-03, 4.0629450797307169e-03,
       7.9087449965648600e-04, 1.9471716892912640e-03,
       -9.4336156450138663e-03, 8.6634657073138743e-04 ]
covs: !!opencv-matrix
   rows: 136
   cols: 17
   dt: d
   data: [ 5.0696216758261035e+03, 3.0300847816444389e+02,
       2.8271113608981900e+03, -9.1977434767775492e+01,
       -8.7696643961684842e+01, -2.6302370351343313e+01,
       -4.8088746507827388e+01, 2.1244236750037114e+01,
       2.4334859673860255e+01, -2.3811559689560875e+00,
       -4.6780351431617797e+00, 2.4910279341856306e-01,
       2.2430090337848430e-01, 2.5190649276180210e-01,
       3.3523604488648995e-01, 3.1605110810196332e-02,
       1.9320669944309757e-01, 3.0300847816444400e+02,
       6.6350270780810915e+03, -1.9320311666843364e+02,
       1.8507019490337550e+03, -1.5188119990861580e+01,
       6.1076069554548766e+01, 6.5505700306613113e+00,
       -2.2765773488841198e+01, 4.6377645735537056e+00,
       -3.0572294373145343e+00, 1.6522656963062710e+00,
       4.4364174500848695e-02, 1.6297603754566514e-02,
       -5.9141017872535326e-02, -1.4274196662913963e-01,
       -1.3308562939977789e-01, -1.3022743622605944e-02,
       2.8271113608981900e+03, -1.9320311666843364e+02,
       2.6609642423251571e+03, 7.5601297272096559e+01,
       -8.4083598048531499e+01, 4.1275934671966048e+01,
       2.0997616926956109e+01, -3.0335295265376577e-01,
       1.2824656239154142e-01, 3.4908431537047875e+00,
       7.5744812293090447e-01, -3.5962191022730966e-01,
       1.1644916875261274e-01, -5.8656632590654619e-03,
       5.7441252752227043e-02, -6.2495490711151021e-02,
       -3.8996286680289177e-02, -9.1977434767775492e+01,
       1.8507019490337550e+03, 7.5601297272096573e+01,
       1.5350543664243407e+03, -8.5312675236713361e+01,
       -1.8285828617406821e+02, 4.6760643603443715e+00,
       1.3265657991084622e+01, -1.8265319691991917e+00,
       -3.6411013411193065e+00, -1.5968628641635663e-01,
       9.3607135910018721e-02, -6.3967915985749371e-02,
       -3.5518956563387945e-02, -6.4355912561667394e-02,
       7.1527414425026914e-02, -3.0283228007946673e-02,
       -8.7696643961684842e+01, -1.5188119990861583e+01,
       -8.4083598048531513e+01, -8.5312675236713361e+01,
       1.7699404551199414e+01, 1.6260545559192547e+01,
       -6.6499080844911846e+00, -4.5375801129945001e+00,
       1.2704863130637649e+00, 8.5646189589463975e-02,
       2.7683740983947452e-01, -5.5962265325886017e-02,
       9.9894559181708063e-03, -4.6234815663733046e-03,
       -3.3920906634976218e-02, -3.8403662833369094e-02,
       -4.2055399516419210e-03, -2.6302370351343310e+01,
       6.1076069554548766e+01, 4.1275934671966048e+01,
       -1.8285828617406821e+02, 1.6260545559192547e+01,
       6.6720974192277168e+01, 1.2484495884153580e+01,
       -9.2223652504091298e+00, -1.3833261550145506e+00,
       6.3915798486722486e-01, 3.4944994133799140e-01,
       -1.9339140413037442e-02, 2.5428612384543400e-02,
       2.2174227244045989e-02, 1.4923586000149385e-02,
       -4.5844175360666317e-02, -3.2088790025731322e-03,
       -4.8088746507827395e+01, 6.5505700306613148e+00,
       2.0997616926956098e+01, 4.6760643603443715e+00,
       -6.6499080844911846e+00, 1.2484495884153578e+01,
       2.4459318950191673e+01, -3.0155948616490145e+00,
       -2.7492197817877164e+00, -8.3239791909475447e-02,
       -9.7470186926812932e-02, 6.6286587181463907e-02,
       -1.9594164138549825e-02, 1.4316638977293744e-02,
       1.6489377071067155e-02, 1.3449525999068101e-02,
       3.3491480303163216e-03, 2.1244236750037114e+01,
       -2.2765773488841194e+01, -3.0335295265376727e-01,
       1.3265657991084623e+01, -4.5375801129945001e+00,
       -9.2223652504091316e+00, -3.0155948616490145e+00,
       1.3355587175158428e+01, -1.6513532508132038e+00,
       6.7994867843088169e-01, -1.1929640791975105e-02,
       -1.6275940143771272e-02, -2.0050609236344673e-02,
       4.3375277823929135e-04, -6.7353930240028710e-03,
       1.7994014766474078e-02, -2.7812937104485028e-03,
       2.4334859673860255e+01, 4.6377645735537056e+00,
       1.2824656239154170e-01, -1.8265319691991910e+00,
       1.2704863130637649e+00, -1.3833261550145506e+00,
       -2.7492197817877164e+00, -1.6513532508132038e+00,
