%YAML:1.0
means: !!opencv-matrix
   rows: 2
   cols: 21
   dt: d
   data: [ 2.0224969493615015e+02, 2.5834902263855827e+02,
       1.5525647291828337e+00, 2.1654780753042294e+02,
       2.6188731454854212e+02, 1.6822599280137049e+00,
       2.6505337785773042e+02, 2.2363974445801131e+02,
       1.7200702035420004e+00, 3.1973902131967759e+02,
       1.6442179345218312e+02, 1.7538506978706301e+00,
       3.1676371510198032e+02, 2.2523732219474130e+02,
       1.7081043718200910e+00, 9.4457572933019692e-05,
       1.6685639989966438e-04, 4.3296210334408284e-05,
       -1.7940094081082245e-04, -2.4981399173067881e-01,
       1.7522208619788204e+00, 2.4028165702290232e+02,
       2.3928058971419438e+02, 1.4992281702121240e+00,
       2.3328848470030974e+02, 2.5273593582372681e+02,
       1.6127436461123061e+00, 2.6662439213801434e+02,
       2.2630017370390348e+02, 1.6960956825424602e+00,
       3.1748474172592853e+02, 1.6093131281210268e+02,
       1.7299421537973501e+00, 3.1571197566532805e+02,
       2.2731594166563946e+02, 1.7016371525118061e+00,
       1.9640155658615820e-04, -1.7020989914172788e-03,
       1.7865736918233274e-04, -4.4888408593561456e-04,
       -2.5197730478311858e-01, 1.7403789026019985e+00 ]
covs: !!opencv-matrix
   rows: 42
   cols: 21
   dt: d
   data: [ 6.3410954891482634e+03, 5.0355604255197659e+02,
       1.4130597674413772e+00, 2.6306752267886413e+03,
       1.6563498495720194e+02, 9.0270504167284971e-01,
       1.4172888682224034e+03, 4.5764751631053663e+01,
       1.6958704448800668e+00, 1.3129785459577520e+03,
       1.1393930309644442e+02, 1.8991463215734634e+00,
       1.3772397633526029e+03, 3.1181120768658147e+01,
       1.7935904322094887e+00, -2.6193943035199119e-01,
       6.6136381603589353e-02, -5.3260954305223110e-02,
       4.5020860157059719e+00, -1.2025924512693771e-03,
       1.6341440139667922e+00, 5.0355604255197693e+02,
       1.2659112223767786e+04, 2.7224608425018544e+00,
       8.4020472430162408e+02, 6.3266598858142625e+03,
       3.4760602454232101e+00, -3.3738288764949660e+00,
       1.5550418544948241e+03, -4.6556632901237954e-01,
       -1.0892753735886238e+02, 1.2923145467506599e+03,
       -1.3365834362735962e+00, 1.1504392632779217e+01,
       1.4750979233545233e+03, -5.5544547695378954e-01,
       -2.8958422426889568e-01, 1.0336108553643841e-01,
       -5.4285648177211161e-02, 1.2262405188679494e-01,
       4.4990068557765257e+00, -3.2992074956400741e-01,
       1.4130597674413774e+00, 2.7224608425018544e+00,
       3.7314036546171284e-02, 9.9139259046840844e-01,
       4.6932694605967334e-01, 2.9496067214986526e-02,
       5.6944320846183960e-01, 1.4507068741580267e-01,
       1.9742586827986946e-02, -1.6436381622613849e-01,
       6.2133735152661340e-01, 1.8531399667039462e-02,
       -2.9730433874890484e-02, 5.1840273948188409e-02,
       1.9573886853077798e-02, 8.9821484064506380e-06,
       7.4787731204280195e-04, 8.5560282335748821e-04,
       8.7529419160778957e-05, -2.3197262317990909e-04,
       2.0656993782105684e-02, 2.6306752267886413e+03,
       8.4020472430162408e+02, 9.9139259046840844e-01,
       2.0238393140106991e+03, 4.5641969244827965e+02,
       1.3303184655778486e+00, 1.3529341604314070e+03,
       2.5703144259187358e+01, 1.3477296417210838e+00,
       1.2660578522413355e+03, 5.6569306999735417e+01,
       1.3392144271620736e+00, 1.3210586795417989e+03,
       1.0078568183851521e+01, 1.3368803859310061e+00,
       -2.5547985801250539e-01, 4.8521029655652970e-02,
       2.1586398146209166e-02, 4.1732476443183799e+00,
       -2.3006412732054036e-02, 1.2961190531956783e+00,
       1.6563498495720185e+02, 6.3266598858142625e+03,
       4.6932694605967340e-01, 4.5641969244827965e+02,
       3.9736209440557750e+03, 1.2851356964143437e+00,
       2.6085121370208650e+00, 1.3663646737347615e+03,
       -3.7565917490760115e-01, -4.4728890651760274e+01,
       1.2144240485328846e+03, -8.0012090827054971e-01,
       1.4902997533502690e+01, 1.3307782406055683e+03,
       -4.1069617986300433e-01, -2.5701609541291875e-01,
       1.3048845147404783e-02, -4.0727083851111914e-02,
       3.3962357631971286e-02, 4.1535924029986173e+00,
       -3.3106862918362834e-01, 9.0270504167284971e-01,
       3.4760602454232092e+00, 2.9496067214986526e-02,
       1.3303184655778488e+00, 1.2851356964143437e+00,
       2.8112833684225267e-02, 6.3481164398257128e-01,
       1.7308297252527488e-01, 2.0285175526153207e-02,
       -9.2076901971655967e-02, 6.7797601040675448e-01,
       1.9095739317673558e-02, 1.6284275578258837e-02,
       9.2734394868874581e-02, 2.0021810816845176e-02,
       -6.4817375140074764e-06, 7.9263310500372322e-04,
       7.9440899821522513e-04, 1.0265070322222711e-04,
       -2.0377209256837992e-04, 2.0639678583121681e-02,
       1.4172888682224034e+03, -3.3738288764949673e+00,
       5.6944320846183982e-01, 1.3529341604314070e+03,
       2.6085121370208615e+00, 6.3481164398257139e-01,
       1.3037889598264874e+03, 8.1536747333880708e+00,
       6.7137065587033573e-01, 1.2501386961733335e+03,
       2.3422870671281718e+01, 6.5932387637512269e-01,
       1.2921038445886288e+03, 3.2624757494555578e-01,
       6.5490743491566716e-01, -1.5326121350278521e-01,
       1.5394984460166943e-02, 1.4833595483971399e-02,
       4.0743944680396664e+00, -1.7568999992514371e-02,
       6.4767334987254599e-01, 4.5764751631053677e+01,
       1.5550418544948236e+03, 1.4507068741580265e-01,
       2.5703144259187368e+01, 1.3663646737347615e+03,
       1.7308297252527483e-01, 8.1536747333880619e+00,
       1.2821068535867503e+03, 1.7149837487317821e-01,
       -8.6784173067108714e+00, 1.2511242278926181e+03,
       1.5671110777672967e-01, 3.1224052504641491e+00,
       1.2810240717679078e+03, 1.6775523812239787e-01,
       -1.4434225270436038e-01, 1.7048071054892207e-02,
       -4.2776144592827471e-03, -1.6103869648414239e-02,
       4.0931456861078779e+00, 1.5588255500756384e-01,
       1.6958704448800668e+00, -4.6556632901237938e-01,
       1.9742586827986946e-02, 1.3477296417210838e+00,
       -3.7565917490760115e-01, 2.0285175526153207e-02,
       6.7137065587033562e-01, 1.7149837487317815e-01,
       2.1251955476825145e-02, 7.5840457006043117e-03,
       8.9667187734422649e-01, 2.1092241048224818e-02,
       2.2621605487475403e-02, 1.6052643745829323e-01,
       2.1083856437002634e-02, -1.9555950867823243e-05,
       4.8764248398385288e-04, 4.5828871084802617e-04,
       -3.0613245905400019e-05, -1.0436087932203224e-04,
       2.0716667422780013e-02, 1.3129785459577522e+03,
       -1.0892753735886234e+02, -1.6436381622613846e-01,
       1.2660578522413355e+03, -4.4728890651760267e+01,
       -9.2076901971655939e-02, 1.2501386961733335e+03,
       -8.6784173067108572e+00, 7.5840457006043039e-03,
       1.2316171924360506e+03, -3.1795864018435327e+00,
       8.1521798123486838e-03, 1.2582373964967928e+03,
       -5.2417795983481890e+00, -8.9492434240434123e-03,
       1.2021404395878715e-03, -2.3357065648893789e-04,
       2.6464826965479925e-02, 3.9971030475388432e+00,
       -1.3698091612673543e-02, -1.5117469696347023e-02,
       1.1393930309644442e+02, 1.2923145467506599e+03,
       6.2133735152661362e-01, 5.6569306999735417e+01,
       1.2144240485328846e+03, 6.7797601040675448e-01,
       2.3422870671281718e+01, 1.2511242278926179e+03,
       8.9667187734422649e-01, -3.1795864018435354e+00,
       1.2636095115542198e+03, 9.2877994643194728e-01,
       -4.1158054500460031e+00, 1.2606347948971384e+03,
       8.9601302250957571e-01, -7.1992664445850851e-03,
       -1.2645720993612088e-02, -5.5601712336554240e-03,
       -2.1095308368924440e-02, 4.0146644392440045e+00,
       8.6159537390619079e-01, 1.8991463215734632e+00,
       -1.3365834362735964e+00, 1.8531399667039462e-02,
       1.3392144271620732e+00, -8.0012090827054927e-01,
       1.9095739317673558e-02, 6.5932387637512258e-01,
       1.5671110777672959e-01, 2.1092241048224818e-02,
