%YAML:1.0
means: !!opencv-matrix
   rows: 45
   cols: 1
   dt: d
   data: [ -2.8055207816737859e+01, 1.7962276524523745e+02,
       -1.9801014218598021e+02, 3.6093487020018507e+01,
       -1.3039105501121503e+02, 1.1684226409232288e+02,
       -2.2659240618140976e+02, -6.8573752277517158e+01,
       2.4789264503297235e+02, -3.5685326177799413e+02,
       7.1570146634915261e+01, -2.6261992967861670e+02,
       -1.5805314869016794e+02, 2.3837668382466521e+01,
       1.5186139808953126e+02, 2.1465944284720800e+02,
       9.3785029178835032e+01, -4.1792199979563613e+01,
       -3.0818091014203719e+02, -1.0503962393937799e+02,
       -1.6918126746525206e+00, -1.8402737883042164e+02,
       8.2710147493651263e+01, 2.2993827459000147e+02,
       -8.1089917932364301e+01, 2.6860082776373724e+02,
       1.6514824147390456e+02, 4.8035171892134152e+01,
       -1.4406268285246597e+02, -2.1253192767542072e+02,
       -5.5643740941092425e+01, -1.1687211515647725e+02,
       1.1065267935389247e+01, -2.8411733197071669e+02,
       -2.4326862108329905e+02, 1.3942766600146072e+02,
       -3.3188608120947663e+02, -1.7152377743630760e+02,
       1.9562788433423128e+02, 1.0517209607709619e+02,
       6.0287344001270036e+01, 2.9079155092056868e+02,
       1.2780603183056425e+02, -9.3297742982927232e+01,
       -1.4594021027861977e+01 ]
covs: !!opencv-matrix
   rows: 45
   cols: 1
   dt: d
   data: [ 3.9096450987642029e+01, 5.0439048250656676e+01,
       5.1840175318282249e+01, 3.8082691948441024e+01,
       4.3199639004211164e+01, 2.9251419318033598e+01,
       6.6401814205045213e+01, 3.4986610157074693e+01,
       1.1817055633744735e+02, 4.7512346147399478e+02,
       2.6893018253234541e+01, 8.3836538503377824e+01,
       4.8754403423067757e+01, 3.6021234815650487e+01,
       3.3167965379194236e+01, 7.7013672719946186e+01,
       2.5945521811752844e+01, 3.9758758768744222e+01,
       1.2735425600055186e+02, 3.4823716069539557e+01,
       3.7092589691713840e+01, 4.5193214285398817e+01,
       2.5429974374884829e+01, 1.1328570867134943e+02,
       3.1350890781611508e+01, 1.8958420563583579e+02,
       4.1354504149565692e+01, 3.6027573246055184e+01,
       4.7325015007944295e+01, 6.4891240944712422e+01,
       3.9775335223883623e+01, 3.9328846697226965e+01,
       3.5381247661406853e+01, 9.4045679888313884e+01,
       7.3177020153007646e+01, 3.0592239023619673e+01,
       2.1548173305298036e+02, 4.8000067113328129e+01,
       6.0145599951573637e+01, 2.7448453976680455e+01,
       3.2269184377248855e+01, 3.9341920171370623e+02,
       3.0178754996660082e+01, 3.0666708214095152e+01,
       3.6668497487431310e+01 ]
weights: !!opencv-matrix
   rows: 1
   cols: 45
   dt: d
   data: [ 3.4198646831197818e-02, 2.2645684183846739e-02,
       1.5708418605613790e-02, 3.4298996511129200e-02,
       2.2144023669654369e-02, 2.9295070355496007e-02,
       1.4021989797006246e-02, 2.7044782128213311e-02,
       8.3531853171420461e-03, 2.4856352775135858e-03,
       3.3471985554585866e-02, 1.3712580468079010e-02,
       1.9777741826054716e-02, 3.5317730142381140e-02,
       2.5761386963433195e-02, 1.3716179675015957e-02,
       3.2771887047328745e-02, 3.0748135556637732e-02,
       7.6389143631801068e-03, 2.1447710695760253e-02,
       3.4136262514860849e-02, 1.5465264697104643e-02,
       3.1975611599558897e-02, 1.0313145605072819e-02,
       2.4021673052034242e-02, 4.6547382634579042e-03,
       2.4728627312584791e-02, 3.8259220251843438e-02,
       2.1437170135743054e-02, 1.5359241079648285e-02,
       2.9141277075988271e-02, 2.2493174801871862e-02,
       3.6444189748778159e-02, 1.1140738245311657e-02,
       1.4221769503440711e-02, 2.5504089641240301e-02,
       3.8634163366621896e-03, 1.5045082747853445e-02,
       2.1371294914597435e-02, 3.2374216353146537e-02,
       3.5625115938408912e-02, 3.7015824384940416e-03,
       2.5285774189328036e-02, 2.3623946908036604e-02,
       3.5252691675653605e-02 ]
pca_proj: !!opencv-matrix
   rows: 1
   cols: 21
   dt: f
   data: [ 4.36961316e-02, 8.50134730e-01, 1.73015636e-04,
       6.54514134e-02, 4.60692108e-01, 2.29939164e-04, 7.67599978e-03,
       1.46649793e-01, -1.37564148e-05, 1.21663406e-03, 1.30500361e-01,
       -5.45994153e-05, 8.06188770e-03, 1.42052382e-01, -2.12945142e-05,
       -2.45414903e-05, 9.56867734e-06, -1.94090262e-06, 3.13729906e-05,
       4.34020360e-04, 2.32224409e-07 ]
pca_mean: !!opencv-matrix
   rows: 1
   cols: 21
   dt: f
   data: [ 2.07625534e+02, 2.55653595e+02, 1.54502928e+00,
       2.18915131e+02, 2.60592743e+02, 1.67241716e+00, 2.65274475e+02,
       2.24016678e+02, 1.71669352e+00, 3.19420807e+02, 1.63929108e+02,
       1.75046074e+00, 3.16613464e+02, 2.25532654e+02, 1.70717156e+00,
       1.08872897e-04, -9.74175637e-05, 6.24380555e-05, -2.17504916e-04,
       -2.50119597e-01, 1.75055194e+00 ]
gamma: !!opencv-matrix
   rows: 45
   cols: 1
   dt: d
   data: [ 7.7544120935059868e-01, 8.5775375808271237e-01,
       8.6538186454121491e-01, 7.7868830304889869e-01,
       8.3071530017084516e-01, 8.2338692992194318e-01,
       8.7716846594611309e-01, 7.9352435279897160e-01,
       8.8585705850750107e-01, 9.1587324752911325e-01,
       7.9594431744608252e-01, 8.8976959681820433e-01,
       8.4614421875350543e-01, 7.7461347169879591e-01,
       8.4346276547316734e-01, 8.7331010774831275e-01,
       8.0925525885992611e-01, 7.8035320006354625e-01,
       9.0293684468566870e-01, 8.1535616739590966e-01,
       7.7125348450742670e-01, 8.5897503976324197e-01,
       8.0249933663187811e-01, 8.7953799855520631e-01,
       8.0069917740359575e-01, 8.9305008243112960e-01,
       8.5052813705527408e-01, 7.8372166787906605e-01,
       8.3856363745617812e-01, 8.7165283406022909e-01,
       7.8674182015593774e-01, 8.2263683579485225e-01,
       7.7199543364162571e-01, 8.9626919878999289e-01,
       8.8327492385521111e-01, 8.3657998599603745e-01,
       9.0913955683937575e-01, 8.5300179102352913e-01,
       8.6516996775108268e-01, 8.1626947191100530e-01,
       7.8979172179003054e-01, 9.0089980432966499e-01,
       8.2990411332005032e-01, 8.0806895480423513e-01,
       7.7231244957878864e-01 ]
