%YAML:1.0
means: !!opencv-matrix
   rows: 25
   cols: 4
   dt: d
   data: [ -1.9775489499683064e+02, 1.2938528689950658e+02,
       1.3193255426827470e+01, 2.4009475555762987e+00,
       1.2378722982550302e+02, 1.4493677569134391e+00,
       3.5733649443116069e+00, 5.8056405449768434e+01,
       -8.9687158129621551e+01, -2.6504921295138768e+01,
       -3.7801157253291485e+01, -4.8012627978152409e+01,
       -2.0501756598597430e+02, 1.5259161850952399e+01,
       2.5924444446600257e+00, 6.7047885140691122e+01,
       1.2754328636334967e+02, 2.0565360376055807e+01,
       -5.0270653672300561e+01, -2.1786147196171349e+01,
       -2.2475402273945224e+02, -1.2239755611739899e+02,
       -1.7829569110807810e+01, 1.9498149602454028e+01,
       1.7785998794616845e+02, -8.1630194803735918e+01,
       7.1468528239787243e+00, -2.4971854127396135e+01,
       2.4559046770378870e+01, 1.0494152374436770e+02,
       2.3249103879488374e+01, 3.2771711327462754e+01,
       4.5423133139759635e+01, -1.3361552992259703e+02,
       2.5250850506802387e+01, 2.6669801401930631e+01,
       1.9408889063011426e+02, 7.1859827252633494e+01,
       3.1285126792421099e+01, 3.1154780302514351e+00,
       1.9268744023978442e+01, -1.5345852409959612e+01,
       -7.2234840832915140e+01, 5.3306028935002978e+01,
       9.1054538702678954e+01, -8.3540879991792920e+01,
       -7.3448038001975149e+01, -2.3212430077097938e+01,
       3.2679174337916507e+01, 7.2620874701656319e+01,
       -9.5374079007148140e+01, -5.5989142161531325e+00,
       -1.0339763876129881e+02, 9.1951502651330955e+01,
       8.7567658139405395e+01, 1.7254227719526785e+01,
       -1.0360611031441886e+02, -1.4350146004600791e+02,
       5.8962405263653338e+01, 2.8588328455924252e+01,
       9.3991554459745188e+01, -2.5607516717946606e+01,
       7.2900901780623599e+01, 5.2616160465109578e+00,
       -4.6300912946551044e+01, -1.3535060634675972e+02,
       -4.8730650862281365e+01, 8.4017423297963436e+00,
       -1.4892145330320062e+02, -1.5091163579958661e+01,
       6.9455476622468950e+01, -4.6864249636438934e+01,
       -8.0038568573485549e+01, -2.5780478862285594e+01,
       4.0034520769836881e+01, 8.2697503615933783e+01,
       -7.6497800415445468e+01, 7.5257918280968809e+01,
       -4.5391461212366785e+01, 1.8581234029465577e+01,
       -2.6910568427053221e+02, 2.8030623704466855e+01,
       -9.8066859278980338e+00, -4.7741992762990684e+01,
       7.9304045733816082e+01, 5.6686656086121188e+00,
       -2.3475303675449698e+01, -3.7977182321786181e+01,
       1.1818587198719912e+02, 1.0995645228137946e+02,
       -3.6141039465999697e+01, 3.7353812279352432e+01,
       1.7029789258659669e+01, 1.3978556663414162e+02,
       -3.6816291052219130e+00, -9.4661964671360479e+01,
       2.3275227886625537e+01, -1.5913131237532383e+00,
       2.7952983095888104e+01, -3.2159015935582438e+01 ]
covs: !!opencv-matrix
   rows: 100
   cols: 4
   dt: d
   data: [ 4.5037652885876314e+03, -1.1316943009338943e+03,
       1.2895654193499154e+03, 3.6371079030492027e+01,
       -1.1316943009338943e+03, 3.2757735174225413e+03,
       -6.6468956461617992e+01, -5.2160198082236275e+02,
       1.2895654193499154e+03, -6.6468956461617978e+01,
       1.1247281784273873e+03, -1.0705647315436023e+02,
       3.6371079030492020e+01, -5.2160198082236286e+02,
       -1.0705647315436021e+02, 7.2406084429878047e+02,
       3.9735482208387230e+03, 1.4220088380201125e+03,
       4.1737188898509180e+02, -7.5228486429051100e+02,
       1.4220088380201125e+03, 2.6376409333593833e+03,
       -2.0986828452942950e+02, -2.6296585395295705e+02,
       4.1737188898509180e+02, -2.0986828452942950e+02,
       1.1235165222138560e+03, 4.2451773077066520e+02,
       -7.5228486429051100e+02, -2.6296585395295693e+02,
       4.2451773077066520e+02, 1.2394514548830350e+03,
       5.1165140814102360e+03, 6.4572731590684668e+02,
       -4.0155079105766362e+02, -4.2748056003410159e+02,
       6.4572731590684657e+02, 3.0670840983789412e+03,
       -6.2342899007059430e+01, 1.7231145108973098e+02,
       -4.0155079105766373e+02, -6.2342899007059430e+01,
       8.5105719102041155e+02, 1.1301976986781393e+02,
       -4.2748056003410159e+02, 1.7231145108973095e+02,
       1.1301976986781391e+02, 7.8940419119188687e+02,
       2.8372841928390294e+03, -4.3501905481791334e+02,
       7.4031220221807098e+02, 1.3578419234452690e+02,
       -4.3501905481791334e+02, 2.9071492674504725e+03,
       6.4163354108834983e+02, -1.7186500809097015e+02,
       7.4031220221807098e+02, 6.4163354108834983e+02,
       1.2871733836643780e+03, -4.7488102529611382e+02,
       1.3578419234452693e+02, -1.7186500809097018e+02,
       -4.7488102529611382e+02, 8.4289727598285072e+02,
       3.6424568038921680e+03, 1.2922772206305317e+03,
       1.5955835566677943e+03, 9.5691326648181484e+02,
       1.2922772206305317e+03, 3.9797317686260544e+03,
       8.3533292171298024e+02, 1.5482371820497387e+03,
       1.5955835566677943e+03, 8.3533292171298024e+02,
       1.4095867854526741e+03, 3.0240836992374454e+02,
       9.5691326648181462e+02, 1.5482371820497385e+03,
       3.0240836992374454e+02, 1.1497083108772224e+03,
       2.6021736545942053e+03, -8.3907246096164997e+01,
       4.2143214330054718e+02, 2.0457430667757262e+02,
       -8.3907246096164968e+01, 3.7599603336262689e+03,
       4.8115015923842122e+02, 1.0424171860362661e+01,
       4.2143214330054718e+02, 4.8115015923842134e+02,
       6.5420136001664491e+02, -2.8915389314595785e+02,
       2.0457430667757259e+02, 1.0424171860362655e+01,
       -2.8915389314595780e+02, 8.5220042937085498e+02,
       2.7984056313330602e+03, 2.3332797979595546e+02,
       4.0792146593913765e+02, -4.8753177606638508e+02,
       2.3332797979595543e+02, 2.5388850255515731e+03,
       1.8217911103076364e+01, -1.4106539619130206e+02,
       4.0792146593913765e+02, 1.8217911103076371e+01,
       5.9565210120729296e+02, 3.7341329816239025e+01,
       -4.8753177606638508e+02, -1.4106539619130203e+02,
       3.7341329816239011e+01, 1.0333492388307320e+03,
       3.9673027666335474e+03, 8.4575075443790502e+02,
       1.5795263328811147e+03, -6.5198394528582787e+02,
       8.4575075443790490e+02, 4.4017537573974923e+03,
       8.0148473046553391e+01, -2.1298522630587972e+03,
       1.5795263328811147e+03, 8.0148473046553391e+01,
       1.5317135440314134e+03, -2.2456361315373948e+02,
       -6.5198394528582787e+02, -2.1298522630587977e+03,
       -2.2456361315373948e+02, 1.6867516215256371e+03,
       4.6358340879975394e+03, -3.3742864041235430e+02,
       2.0446969787190287e+02, -2.5148554301264420e+02,
       -3.3742864041235441e+02, 3.6749819344024882e+03,
       -2.5386698827992100e+02, 3.2522065506260788e+02,
       2.0446969787190287e+02, -2.5386698827992100e+02,
       1.1226859546453368e+03, -3.4851906102091505e+01,
       -2.5148554301264411e+02, 3.2522065506260788e+02,
       -3.4851906102091505e+01, 7.2781441455871891e+02,
       2.8787560248760128e+03, -6.4172504023539511e+02,
       -2.5265782905353115e+02, 4.6862745585432458e+02,
       -6.4172504023539511e+02, 2.4858276572259938e+03,
       2.7256529294721793e+02, 4.1342267272344020e+02,
       -2.5265782905353120e+02, 2.7256529294721793e+02,
       3.1140121548666713e+02, -3.7261830639633082e+01,
       4.6862745585432458e+02, 4.1342267272344020e+02,
       -3.7261830639633082e+01, 7.0838869707304809e+02,
       3.5145415751134551e+03, 1.4970239148359240e+03,
       -2.8857850760581208e+01, -1.0506485145747686e+03,
       1.4970239148359237e+03, 3.8039645113673628e+03,
       -2.5928474595763839e+02, 2.0501290947178083e+02,
       -2.8857850760581172e+01, -2.5928474595763851e+02,
       8.1605349624880898e+02, 1.6718637569663375e+02,
       -1.0506485145747686e+03, 2.0501290947178086e+02,
       1.6718637569663375e+02, 1.4041257523019490e+03,
       2.3655298218051980e+03, 2.2524778653181187e+02,
       9.2770358212736346e+02, -2.8377896735748448e+02,
       2.2524778653181190e+02, 2.0304286092748441e+03,
