%YAML:1.0
means: !!opencv-matrix
   rows: 6
   cols: 15
   dt: d
   data: [ -1.7514216912735407e+02, 6.6308206548982383e+01,
       3.7738672958756588e+01, -3.7591523635642695e+01,
       -1.4111492254436270e+01, 7.7577554410967693e+00,
       -2.0242790075878099e+00, 5.5288980399782806e-01,
       2.4233906602458935e-01, 9.4244793696477411e-02,
       -3.7682718350180534e-02, 4.2193306409835781e-03,
       2.0627965256043400e-03, 5.0861817791871926e-03,
       5.2106506416978527e-03, 1.1227822923368878e+02,
       -3.4584583134192464e+01, -3.1432293037159063e+01,
       2.5579520917983597e+01, -4.8581377361262623e+00,
       8.6033287689138760e+00, -4.4628070099195973e-03,
       9.2570824343901681e-01, 2.5029124128589408e-01,
       -2.3905575979275569e-02, 4.9077940221128838e-02,
       -1.7048659068974611e-02, -1.5425103019230289e-03,
       -8.1934205910538134e-03, -1.6441128879277917e-02,
       8.1700669772846766e+01, 1.5347977191061160e+01,
       -2.4120626718983491e+01, -3.2289156458553578e+01,
       -2.6516868230662126e+01, -1.9675909244718461e+01,
       8.7652928665187835e-01, -2.3396296213400740e+00,
       2.0701737925608238e-01, -4.1749710689674840e-02,
       1.0575428542840573e-01, -4.9170793234922551e-03,
       6.9121418983438346e-04, 2.8954420580877501e-03,
       1.4966887829011391e-02, 4.2515300443848076e+01,
       3.9014476569017418e+01, -8.7838962878977522e+00,
       -2.1496738634345586e+01, 8.9976487175644788e+00,
       3.3490395080231270e+00, -3.7571936378449853e+00,
       -2.0267297440197893e+00, -2.5789276630242117e+00,
       6.1063310282942714e-02, -1.3632238192471149e-01,
       -1.0706531554375872e-02, -2.6025489028266183e-02,
       -4.6445230610054058e-03, -2.1041678648037458e-02,
       1.6954845584518285e+01, -1.1858230911041323e+00,
       1.2815154645528244e+00, 1.8532620460862050e+00,
       1.3732828888480997e+01, -3.3398471013003803e+00,
       1.2906720271191845e+00, 6.1383679806805558e-01,
       3.2471570140390288e-01, 1.5137352446658071e-02,
       -2.8970614027276440e-03, 1.6158166270438031e-02,
       6.1838958358835724e-03, 4.9119333633620100e-03,
       9.8522637963614958e-03, -1.6267938437589234e+02,
       -6.3038483463715657e+01, 3.4946494715196664e+01,
       4.1263189614051150e+01, -1.0090252866251404e+01,
       2.4020485871001247e+00, 2.8425427109432111e-01,
       -6.5387235018644896e-01, 2.3599557016369599e-01,
       -1.4076083328731318e-01, -8.1199926803963236e-04,
       -2.0763225303458574e-02, 4.5613172695324801e-04,
       -8.1010924339762480e-03, -7.8421215388280036e-03 ]
covs: !!opencv-matrix
   rows: 90
   cols: 15
   dt: d
   data: [ 7.1869005050547576e+03, 5.9981660204127843e+02,
       2.8742075026305511e+03, -1.3793372009373428e+02,
       1.7217975427657166e+02, -6.7728010539202359e+01,
       6.2421297838570702e+01, -3.2534845670968252e+01,
       -1.2531449552855063e+01, 3.1326092506953667e+00,
       -2.3185211520430578e+00, 8.3819867771333700e-01,
       -9.8135831915360891e-02, 1.6611540864035740e-02,
       -1.2618950348063855e+00, 5.9981660204127843e+02,
       8.1311414607366642e+03, -1.9143900177779787e+02,
       1.3262677534760051e+03, -3.0057741972067242e+02,
       5.6627688266207224e+02, -1.0681515082385319e+02,
       2.2062675700525165e+01, 1.5777031824932759e+01,
       2.9309644849330350e+00, 1.9523615276231485e+00,
       4.3363298670996558e-02, -1.6796872539464097e-01,
       -1.2879583367826369e-01, 4.6002145000471555e-02,
       2.8742075026305497e+03, -1.9143900177779787e+02,
       2.4740857748775970e+03, 1.1678126701282451e+02,
       -6.0582255415141191e+01, 3.3314996114348055e+01,
       -1.8219361481522842e+01, 1.2546311348458206e+01,
       3.4007009210134220e+00, -1.7192435674686893e-03,
       5.0401808298640283e-01, -2.3286717034853893e-02,
       -1.8742371595935326e-02, 5.2513634610819954e-02,
       1.5649769572075981e-01, -1.3793372009373425e+02,
       1.3262677534760051e+03, 1.1678126701282451e+02,
       1.6893655289612291e+03, 1.3268909822606426e+02,
       -1.8893909416502910e+02, 4.5589750640718506e+01,
       -1.9155621100531153e+01, 3.7027077358522609e-01,
       2.5362942243569164e+00, -1.6653420187613159e+00,
       -1.5717666617045736e-01, 1.6290796820555975e-01,
       1.3936777558334928e-01, 1.3069211030807151e-01,
       1.7217975427657163e+02, -3.0057741972067237e+02,
       -6.0582255415141198e+01, 1.3268909822606429e+02,
       1.5225670814719862e+02, -5.3904961474264681e+01,
       1.5304496528268501e+01, -1.5911586776405992e+01,
       -1.6837327729034997e+00, 1.1199026762967648e+00,
       -1.2226271263763271e+00, -2.8734409473872173e-02,
       2.9012018734074191e-02, -1.0949621989778266e-02,
       -1.8995312730050246e-01, -6.7728010539202387e+01,
       5.6627688266207224e+02, 3.3314996114348062e+01,
       -1.8893909416502910e+02, -5.3904961474264681e+01,
       3.8153354073267400e+02, -1.6855881636853194e+01,
       2.2631138220387420e+01, 1.1163483785465138e+01,
       -4.6964144509188621e+00, 2.0171538636346376e-01,
       2.9202780281094232e-01, -2.0129369690659385e-03,
       -3.4497988269660385e-02, 1.1176690653057522e-01,
       6.2421297838570702e+01, -1.0681515082385319e+02,
       -1.8219361481522842e+01, 4.5589750640718520e+01,
       1.5304496528268501e+01, -1.6855881636853194e+01,
       3.3610604309601463e+01, 1.8949280837970009e-01,
       -1.2939734090665966e+00, -1.0242357365341249e-01,
       -6.9573984420851345e-02, 8.3191965648780446e-03,
       -1.2709888752275151e-02, -4.1802087378351258e-03,
       -5.5896726152023145e-02, -3.2534845670968245e+01,
       2.2062675700525155e+01, 1.2546311348458206e+01,
       -1.9155621100531153e+01, -1.5911586776405992e+01,
       2.2631138220387431e+01, 1.8949280837970020e-01,
       2.3279695060066075e+01, 2.4273279232173377e+00,
       -8.7295273317228139e-01, 6.7413663381076017e-02,
       -6.6266100864500119e-03, 8.2400764091515900e-03,
       -1.2381419861357773e-02, -2.5070755382270203e-03,
       -1.2531449552855063e+01, 1.5777031824932763e+01,
       3.4007009210134234e+00, 3.7027077358522520e-01,
       -1.6837327729034990e+00, 1.1163483785465138e+01,
       -1.2939734090665966e+00, 2.4273279232173377e+00,
       3.7093368744692023e+00, -7.2921979877121323e-01,
       -7.8570912496579819e-03, 1.2913477481596139e-02,
       -6.7412205075608415e-03, -1.0755718898609342e-02,
       6.2916963999846871e-03, 3.1326092506953667e+00,
       2.9309644849330336e+00, -1.7192435674682029e-03,
       2.5362942243569155e+00, 1.1199026762967643e+00,
       -4.6964144509188621e+00, -1.0242357365341249e-01,
       -8.7295273317228139e-01, -7.2921979877121323e-01,
       9.7413224003565457e-01, -2.9042014728696056e-02,
       -2.7646319531459472e-03, -5.4599044504276472e-03,
       -6.6841555109684045e-03, -1.8917725105556933e-03,
       -2.3185211520430578e+00, 1.9523615276231479e+00,
       5.0401808298640294e-01, -1.6653420187613159e+00,
       -1.2226271263763271e+00, 2.0171538636346367e-01,
       -6.9573984420851373e-02, 6.7413663381076003e-02,
       -7.8570912496579801e-03, -2.9042014728696056e-02,
       2.4713908144163601e-02, 5.2762416129255980e-04,
       -7.6635472881477114e-04, 2.6538421192792358e-04,
       2.1268304343475767e-03, 8.3819867771333734e-01,
       4.3363298670996517e-02, -2.3286717034853938e-02,
       -1.5717666617045722e-01, -2.8734409473872173e-02,
       2.9202780281094226e-01, 8.3191965648780463e-03,
       -6.6266100864500127e-03, 1.2913477481596143e-02,
       -2.7646319531459481e-03, 5.2762416129256001e-04,
       3.6955324336443666e-03, 3.8038804547034126e-04,
       -1.7914098527839633e-04, -3.5239099767354789e-04,
       -9.8135831915360849e-02, -1.6796872539464106e-01,
       -1.8742371595935316e-02, 1.6290796820555972e-01,
       2.9012018734074187e-02, -2.0129369690659433e-03,
       -1.2709888752275151e-02, 8.2400764091515918e-03,
       -6.7412205075608415e-03, -5.4599044504276472e-03,
