%YAML:1.0
means: !!opencv-matrix
   rows: 47
   cols: 3
   dt: d
   data: [ 1.0559069596030759e+00, 7.1990057641880981e+01,
       -8.8406697674131578e+01, 1.6033352847113690e+02,
       -7.7259326777205928e+01, 3.6532687371964009e+01,
       -1.9129280599707380e+02, -3.4928894139395673e+01,
       2.2892661312488862e+01, -4.0411758006315054e+01,
       -6.8294166840752965e+01, -8.3430657257167535e+00,
       7.2526230007707582e+01, 9.2886586344058220e+00,
       5.3044138137102593e+01, -1.2496155365928395e+02,
       1.9397325827870144e+01, 6.6431723752780570e+01,
       -9.2276107742410815e+01, -1.0265335591674973e+02,
       -6.7545267360757151e+01, -2.8816223316146915e+02,
       7.0603518673672696e+01, -2.3672511666394989e+01,
       2.2369447893326171e+02, -4.0489191819058412e+00,
       1.3027080444078559e+01, 1.4593112331901941e+02,
       -1.6756958042702472e+01, -3.0296481210402039e+01,
       -9.0594867142575040e+01, 8.2049807439518133e+01,
       -5.3635873455483328e+01, 8.4097510480515950e+01,
       -5.7838662846696323e+01, -9.1936439866760253e+01,
       -2.3598985587406392e+02, 9.0148029956142096e+01,
       1.8964434667350631e+01, 6.2498730429040769e+01,
       1.2379229827394661e+02, 4.0625762572656548e+01,
       -5.0601499267770123e+01, -9.6897439036964013e+00,
       9.5603614727684970e+01, -1.4094979133148160e+01,
       1.5217638645795708e+02, -2.5630047389049825e+01,
       -1.0081487104189939e+02, -1.9170306221791904e+01,
       -3.9593268115557223e+01, -9.9650760100084042e+01,
       1.2089735521181463e+02, 5.5731590548926953e+01,
       4.8231182746372085e+01, -1.5832228906734252e+02,
       3.8899161203956950e+01, 1.1609798849123459e+02,
       -1.1491353952883682e+02, -1.8943305362216648e+01,
       2.7885414331779600e+01, -3.6097299906605884e+00,
       -1.2040603991320928e+01, 9.9616358542651639e+01,
       -1.0934468051890908e+01, 7.8344765917011529e+01,
       -1.3035388338841582e+01, -1.5602772536565419e+02,
       -3.9320237726824558e+01, 1.0240751744376239e+02,
       -5.2462264478863318e+01, -3.8532934952250182e+00,
       -5.8628102929335277e+01, -1.3480552696067355e+02,
       8.5783580836031163e+01, 1.6389723049154460e+02,
       7.9653143251196397e+01, -2.8255352321433318e+01,
       -2.4254850616513122e+02, -1.4433251820170206e+01,
       -2.8026369821972050e+01, -1.9904552831755217e+02,
       -9.9392759253993191e+01, -1.1978867209539267e+01,
       -7.3231560759461507e+00, 8.1475603804998698e+01,
       6.0612850652658974e+00, 6.5906662584651741e+01,
       5.0172532876224508e+01, -1.0045623863380777e+02,
       -1.3375006526947456e+02, -1.5973719408951573e+02,
       3.4767404993129638e+01, 1.5787097253249982e+02,
       9.3538785318145074e+01, 3.8387963655355058e+01,
       -1.8506914180665527e+02, 6.7352272432031967e+01,
       8.8853487534396542e+00, -5.2033802783301518e+01,
       1.0371895796092272e+01, -2.1680150978541779e+01,
       -1.1331829318841795e+02, -6.8481967714548489e+01,
       5.0692338468357619e+01, 1.9408329628608070e+02,
       -9.6786136683784136e+01, 4.8995640705956340e+01,
       1.5301759734876013e+01, -4.8311238845893584e+01,
       4.9728314197889560e+01, -1.5922014867464486e+02,
       8.9309466683868308e+01, 7.9161733760673613e+01,
       3.2505957704101682e+01, -8.4290447689886008e+01,
       -3.2293054367230660e+01, 2.2098903875718318e+02,
       5.3396395424273322e+01, 4.1111351043136857e+01,
       1.4267015361057545e+02, 1.7355220846625468e+01,
       2.8506610802415274e+01, 6.2200196806450698e+01,
       1.1298867889064014e+02, -6.8067021578973396e+01,
       6.4729237797099273e+01, 1.8808090532054868e+02,
       1.7705371555108176e+01, -2.0182298954353430e+00,
       -4.4942506215108196e+01, -8.6796534781985784e+01,
       -2.3688131580372558e+02, -1.6372909338135821e+02,
       -3.8540427404709362e+01, -6.1705918228819208e+01,
       8.4001717831192167e+01, 1.1215396561719199e+02,
       7.6992715713007456e+01, 5.5325719525993726e+01,
       -2.4347548863029807e+01 ]
