%YAML:1.0
means: !!opencv-matrix
   rows: 30
   cols: 9
   dt: d
   data: [ -1.5283713438265406e+02, 5.1642914103836063e+01,
       3.7180436134674494e+01, -3.4365050887248934e+01,
       -1.1235627203313399e+01, -8.9896129489483503e+00,
       1.3427292333502809e+00, 1.2267183312359355e+00,
       2.2710974129749648e-01, -4.5932768682586328e+01,
       3.4915975168555882e+01, 2.1080984849851518e+01,
       -2.7211746836633338e+01, 2.6335473749517480e+01,
       -1.6132830003231856e+01, 2.4472012840017805e+00,
       2.0215253544687273e-01, 2.0393060562461451e-01,
       -1.4863511125357036e+02, -1.0364561155688733e+02,
       2.7459627813703015e+01, 6.6531703144270736e+01,
       -1.9817670884326809e+01, 7.2430778748696878e-01,
       -2.3211606341266694e-01, -1.4409195488701896e+00,
       1.0349061370253072e+00, 1.1569229897369685e+02,
       8.1702136328694550e+00, 4.8007382985783579e+01,
       7.7782221492625609e+00, 1.1260894828734731e+01,
       9.9467915910358096e-01, -4.6112796876312701e-01,
       9.8833778300179598e-01, 4.7556663037138214e-01,
       1.5647839756812891e+02, 1.7002098902882484e+01,
       -4.4481861930741353e+01, -6.3897906658592962e+00,
       -5.3034891925539833e+00, 1.2896305825059713e+01,
       -1.2956380651227297e+00, 1.1501466075628191e+00,
       5.0936898376668438e-01, 8.5569650665687888e+01,
       8.9217108511173002e+00, -2.6660864394174812e+01,
       -3.1007968220850287e+01, -2.9158638512683140e+01,
       -1.6656200766955063e+01, 6.1704765230912187e-02,
       -1.1504888213192204e+00, 5.0238831138388715e-02,
       -4.2713678683907318e+01, -7.3938979232501822e+01,
       4.3206724342592242e+00, 4.4647106404439334e+01,
       -9.8031411645464883e-01, -3.9281591244261986e+00,
       2.3104230391586102e+00, 1.1499267406835210e+00,
       4.1154830791000147e-01, -1.8879456120460355e+02,
       1.3523561471549231e+01, 3.5363759059767176e+01,
       -6.5765934912600654e+00, -3.8030064224264919e+00,
       4.1008301969743881e+00, -3.0099138007233766e+00,
       -6.6211157535416918e+00, -2.5728040170883899e+00,
       1.1239525760193030e+02, -1.6442612487878275e+01,
       -2.0723015866797049e+01, 1.6158153791027804e+01,
       -6.3258589813066104e+00, 2.1263643509389649e+01,
       -1.3061881981176832e+01, -6.3473191300344016e+00,
       -5.9215154378707267e+00, 9.7679927336002990e+01,
       -4.7629669394835588e+01, -2.9291271391740036e+01,
       3.6731040692217633e+01, -3.3718043333035030e+00,
       1.0995327533394653e+01, 1.9618789835166375e-01,
       6.7801507167032260e-01, 5.2176205575622636e-01,
       1.1758990443624230e+01, 1.8222074849619290e+01,
       -5.8977059108318940e+01, -1.2229069260563437e-01,
       7.6194478217841395e+00, -1.1419227591853227e+00,
       2.1131587993912046e-01, 5.7472400491930209e-01,
       5.2169234895457428e-01, 1.3613595863767733e+02,
       -2.2699883865791183e+01, -3.6830596134100801e+01,
       1.7185121992522664e+01, -8.0466494626163403e+00,
       1.0459468844989608e+01, 2.0307307819628917e-01,
       2.5028181641706371e+00, -2.5370457871174462e-01,
       -1.9562458070996200e+01, 9.7628793750363130e+00,
       7.7304398839166071e+00, -2.8490391197037246e-01,
       3.6248901144926592e+01, -1.2037210299990337e+00,
       7.4372336323986010e-01, 1.4815325354551756e-01,
       3.9008774956385012e-01, -5.6738368232602888e+01,
       -8.3819816450471933e+01, 1.7948116008869661e+01,
       5.1965606953312005e+01, 7.7030259931794021e+00,
       -4.0564120742367393e+00, 1.9625628929287793e+00,
       -7.2328258704174164e-01, 1.3753562968633903e-01,
       -1.9326312180306465e+02, -1.9250699931591051e+01,
       4.4538284399458675e+01, 1.4777309276576574e+01,
       -9.9523994737059311e+00, 2.3264655541209027e+00,
       4.4702350123172785e-01, 1.0129175964019954e+00,
       4.5955946423138511e-01, 6.4448991860258644e+01,
       4.6511592110343408e+01, -1.4497758550199325e+01,
       -4.1013252437008461e+01, 2.4583549358626029e+00,
       -1.9155504117257461e+01, 2.7404905869680607e+00,
       1.3076134709396128e+00, -1.4225213496077968e-01,
       3.3038522511206615e+01, 1.4867524259732804e+02,
       -1.5303966648087639e+00, -8.1201855582462230e+01,
       2.0859357981572213e+01, 1.0549560170493478e+01,
       8.7917284741820900e-01, 2.4846246308001860e+00,
       1.9251954270661769e+00, -2.0557347609057953e+02,
       9.7098928280896743e+01, 4.3135483410781902e+01,
       -5.2087401406824405e+01, -2.3950848800352961e+01,
       2.0799500107262599e+01, -4.6562383384602288e+00,
       1.9961760398506085e+00, 9.9529323427699312e-01,
       6.2491644194283467e+01, -1.1204469728820624e+02,
       -2.1972536435940551e+01, -3.6891017476549116e+01,
       1.5705332402939629e+01, 7.7937146527675638e-02,
       -4.6900182832440072e+00, 2.6138815805982816e+00,
       1.0086546356637218e+00, -8.7304822938651991e+00,
       1.1360384617839223e+02, -2.2029775184378075e+00,
       -7.5918599302090684e+01, -2.3130493607803896e+01,
       7.9531975884281207e+00, -1.3352177321724898e+00,
       1.0331280119027741e+00, 8.9850783412469193e-01,
       -8.7290827697499864e+01, 1.9387588135778273e+01,
       2.9617971188301365e+01, -1.7868737724424612e+01,
       3.5416440601847641e+00, -1.2804995652546403e+00,
       -3.3636956123590762e+00, -4.5226687574536539e+00,
       -9.2558671318447383e-01, -1.4311767911320737e+02,
       -1.1400766686130677e+01, 3.6731366088631738e+01,
       1.7475528925028240e+01, -2.2250258936711180e+00,
       1.2893498952951468e+01, 5.8258916133184113e-01,
       2.1498472992627540e+00, 6.8359267735367268e-01,
       2.7305406492105668e+01, 1.7302902945790475e+01,
       -6.0682134958646623e+00, -2.6349760729054941e+00,
       -3.5969262871234351e+00, 2.2592460720908862e+00,
       -1.0111817777864320e+00, 4.9760008385054555e-01,
       -1.5915397125509969e+00, 8.1441575596387281e+01,
       2.0052889982505363e+01, -2.2469938157492606e+01,
       -3.2105571199120341e+01, -2.4944582943290513e+01,
       -2.0844971684415121e+01, 1.3189393658100612e+00,
       -2.9943135930154776e+00, 3.2232278923100760e-01,
       1.6225568987268673e+02, 2.7564146281723005e+01,
       -4.2885501508626959e+01, -3.4386419908725109e+01,
       -9.6917154619341463e+00, 1.2868679943492115e+01,
       6.4148347324439559e-01, -3.6611501408112250e+00,
       -1.7465769221084482e+00, -4.9383688750367604e+01,
       -3.1202664612943156e+01, 3.5504461400116583e+01,
       5.1387234225847678e+01, 1.8186116884623697e+01,
       -1.2056120253962357e+01, -1.2072415693305722e+01,
       -4.7515265834447513e+00, -5.0222203382271218e+00,
       -1.0144211309371105e+01, 4.9438809899548467e+01,
       1.1869669614787911e+01, -3.9420361595204660e+01,
       1.1613466102597554e+01, -1.5563197909945561e+01,
       -1.5731420680486248e+00, -1.8551325380363684e-01,
       -3.8789763918720075e+00, 6.6571633752913954e+01,
       2.1445865065088473e+01, -1.1694584278310701e+01,
       4.0365652314545430e+00, 1.5060320557624317e+01,
       5.3062478198314595e+00, 1.5589643118223351e+00,
       1.2689953638185794e+00, 2.2772922682201666e-01,
       -2.9039262905089478e+00, 2.5312875428411976e+00,
       2.3939880994420520e+01, 9.8940935122311444e+00,
       3.3420142726512978e+01, -1.1878594808044531e+00,
       -8.3764932498401468e+00, -7.4873416488478508e+00,
       -5.9003490355817103e+00, 3.2599152764616754e+01,
       -9.7236602068672624e+01, -9.5884126449366303e+00,
       6.9807948216796291e+01, -4.1930925156031398e+00,
       -1.5689939878230079e+00, 2.1036608255694889e+00,
       -3.8887708815867100e-01, -9.6018073490825750e-02 ]
