%YAML:1.0
means: !!opencv-matrix
   rows: 34
   cols: 9
   dt: d
   data: [ -1.8517460479606179e+01, 8.4096801637563772e+00,
       -9.8146817766495023e+00, -3.3317415445268928e+01,
       -1.9548430008664162e+01, -1.0207720828239575e+01,
       7.6355293817815006e-01, -3.2597369832126470e+00,
       4.7654139578271373e+00, -1.6707113639137120e+02,
       -1.3895351670879992e+02, 5.1038802759805002e+01,
       4.7309112334950640e+01, -3.5900046594130018e+01,
       -1.2050876741581670e+01, -5.0591519456197220e+00,
       -1.6490081710602009e+00, -9.5067147967481636e-01,
       -9.7838968667119524e+00, -3.1906541559153162e+01,
       -4.9725554941181883e+01, 1.7819370721626814e+01,
       2.5087981308230447e+01, -3.5447578289821817e+00,
       1.4592058297582677e+00, -6.0732506520349550e-01,
       -6.6176779656005280e-01, 1.4737426462166664e+02,
       -6.9112075319298938e+01, 3.5083219661925831e+01,
       -3.1034684252642890e+01, 6.8642172735413833e+00,
       4.1271694833388137e+00, 8.4889911115398486e-01,
       -7.8949259518023296e-01, -3.2708265490528354e-01,
       -1.5048858679863061e+01, -6.8925831555355771e+01,
       1.9012462647534857e+01, 2.3084063180336358e+01,
       1.6321008573679478e+01, 2.7408119930673229e+00,
       -1.3265020786916997e+00, 2.6300509734205688e+00,
       5.5711288249286879e+00, 6.1948887979750992e+01,
       8.5973213947052145e+01, 4.6852715584120588e+01,
       -5.9505113065594507e+01, 5.6208695953013486e+00,
       2.9466405082425379e-01, 1.0922982972386557e+00,
       -1.2327368250217923e+00, -3.5640920668909415e-01,
       -1.8172875816034636e+02, -4.4225514019975599e+01,
       1.0519409216872489e+01, 2.1438166426570778e+01,
       -2.7098292758002516e+00, 1.1317897160424655e+01,
       1.1295148048880577e+00, 1.3299073790029825e+00,
       -5.9266071923679220e-01, 3.4674107907338282e+01,
       1.1721972490849990e+02, -3.4017387555078926e+01,
       -4.5584694112576933e+01, -8.4004319148025886e+00,
       -3.5870446289455415e-01, 1.4857568202192080e+00,
       -3.5199241834643535e-01, -6.2121132477073193e-01,
       2.7899739948252598e+00, 8.4581320032482822e+01,
       1.4132626711169410e+01, -2.7093112421952625e+01,
       2.2540373966291543e+01, -5.4632489992900011e+00,
       -1.1450043147538565e+01, 2.6219607415989330e+00,
       7.0847107472255928e+00, 6.5998987989793036e+01,
       -1.7937836058092866e+00, -5.3869843930704043e+01,
       1.8403783296149573e+01, -6.6390468149893609e+00,
       3.1263865424145902e+00, -4.2122138262629233e-01,
       3.2438568845170551e-01, -6.5708816384316282e-01,
       1.1519732570267038e+02, -2.8975490177344079e+00,
       -8.2881310343792798e+00, 1.8248970850879889e+01,
       7.4954028955570422e+00, -1.0689822602341698e+01,
       -2.3022388802944067e+00, -1.1505443327208846e+00,
       -8.2797544166243275e-01, -1.9414866844701962e+02,
       1.0475927218219677e+01, 2.9872959826255826e+01,
       -3.1188612933603491e+01, -3.7379124356648821e-02,
       -1.3023536318170308e+01, -1.1215379201505602e+00,
       -3.3451645203235497e-01, 3.5221128362684033e+00,
       -1.2220280613062342e+02, -6.6621320528370305e+01,
       3.9844655192057772e+01, 8.0328697224690018e+00,
       -6.8393523594326533e-01, -1.8832456682134129e+01,
       -2.3626851764944665e+00, -9.0108645919516916e-01,
       -5.6124549123430090e-01, 1.9173267311934586e+02,
       1.3583348097212440e+01, -4.9661423520880803e+01,
       1.3821185222854687e+01, -9.7194322762787611e+00,
       -6.8086210490594139e+00, 1.0210396090629974e+00,
       -5.1913966836022218e-01, -9.4271382875642318e-01,
       3.7466328336073104e+01, -8.7058102487677516e+01,
       9.9975994611924737e+00, 4.6778254544497699e+01,
       2.0658443895246144e+01, 2.0559295933790288e+01,
       2.1832872631892419e+00, -2.4630945839212740e-01,
       1.5145343671901770e-01, 1.1620561358362744e+01,
       -2.3647386249113646e+02, 8.4667989323638917e+00,
       7.5393182814353580e+01, -1.3134249785889212e+00,
       -3.1251578163008634e+01, -3.2601789370217729e+00,
       -1.1711966408209753e+00, 4.0452001303149027e-01,
       -2.1409709084360475e+02, 9.7885019042084238e+00,
       4.6930631797329632e+01, -1.7434269296266898e+01,
       -1.2754774414013875e+01, -8.3157143320111899e+00,
       -6.2299458345097092e-01, 9.5722500659828458e-01,
       -1.5191930789590549e+00, -1.4719805449056753e+02,
       6.8575599157043399e+01, 2.4913040046184971e+01,
       -3.6144380981772898e+01, -1.8032652024510711e+00,
       6.2282567209043931e+00, 1.5321779146111811e+00,
       1.2374340659299572e+00, -5.5637337934315290e-01,
       -1.8426633634927606e+02, -7.2317354694233558e+01,
       3.8669888924532636e+01, 2.8226682690440018e+01,
       -2.1937108606239139e+01, 9.2026218701237603e+00,
       -2.5642035430749734e+00, 3.3492360146425154e-01,
       1.9825945356473398e+00, -1.1767527731538105e+02,
       4.1305070757155029e+01, 2.7050142161321105e+01,
       -3.3330249710360398e+01, 7.5774121826205008e+00,
       -9.6689479418865680e+00, 6.1937359984451468e-01,
       1.1894547256594896e+00, -1.4877486764728283e+00,
       6.0057771521140948e+00, -3.3415842376429872e+01,
       1.7677040618570803e+01, 1.2970317013792055e+01,
       3.9648342599022250e+01, -1.9223041469144955e+00,
       8.4600775379551429e-01, -8.9765175759466431e-01,
       -3.6450731225439975e-01, 1.4127341465649448e+02,
       5.5756605206960572e+01, -3.9263828898076589e+01,
       -2.5261794735524155e+00, -1.9049921435601114e+01,
       -4.9750631836748029e+00, -3.5725949101579064e+00,
       4.5187060918565249e+00, -4.4061044016641304e-01,
       1.2956947823130577e+02, 3.0821465190354228e+01,
       -4.1361171963055213e+01, -4.8781997286522634e+00,
       -2.0022688948577311e+01, -1.3328583257853385e+01,
       -3.5039238076002899e-01, 1.4413055109190745e-01,
       -1.1932343690209524e+00, 9.9336350972897989e+01,
       -4.5728300382851202e+01, -2.1896072399013338e+01,
       3.6468564020605193e+01, -2.7606066616471537e+01,
       2.3521454148480892e+01, 1.1575490223913107e+00,
       1.3213119689549375e+00, 5.0636128119812152e-01,
       1.1342103610443610e+02, 4.6590791762778629e+01,
       -3.4658047931801875e+01, -5.1939330592120019e+00,
       -7.9490877302907776e+00, -2.5567585570744584e+00,
       1.2781758221765149e-01, -3.2142998289228264e-01,
       -3.2754380741768463e-01, -1.3990803127471299e+01,
       8.8451920097266523e+00, 8.2033136471750314e+00,
       -5.2523315035493914e+00, 2.3508881244994470e+01,
       5.3861446271796680e+00, 1.3810275265869405e+00,
       -8.5880272345281461e-01, -1.3483346729821941e-02,
       1.6611802748833879e+00, -6.2857127957513683e+01,
       6.9987154378660028e+00, 2.4618229807048071e+01,
       1.5789831498088920e+00, -1.0907686294252841e+01,
       -3.3216322774560381e-02, -8.8667899398504357e-01,
       -1.3133777051245115e+00, -7.8451121148307323e+01,
       -4.0078398316772542e+01, 9.3307463976932027e+01,
       2.0080741956128008e+00, -7.0663345184178947e+00,
       9.5371733773390250e+00, 2.1478662722338785e-02,
       1.2609935141459534e+00, -6.7766960875983429e-01,
       -2.3435761712648695e+01, 9.0040893516359390e+01,
       -2.1807960407537042e+01, -3.8515123719393991e+01,
       1.3300378535853914e+01, -2.5559208296816918e+00,
       1.5985833880897411e+00, -2.7365145565424194e-02,
       -2.4079513059249397e-01, 8.7362939711316059e+01,
       -6.7244400315986681e+01, -1.2945522824357441e+01,
       4.6117949226621036e+01, -2.4184843782148548e+01,
       1.1505838176343927e+01, 1.8681407694942791e+00,
       -8.3768275623760702e-01, -4.6403603349212474e-01,
       2.5357078098526479e+01, 1.3279139923345437e+02,
       -2.3724932506266182e+01, -5.7370943388031186e+01,
       -8.6758338615537003e+00, 2.4849301138551190e+00,
       2.5784621999197843e+00, 4.0361378307258035e-02,
       4.7445861382903201e-02, -1.2026136194406796e+02,
       1.2963868706768093e+02, 6.8124963757648915e+00,
