%YAML:1.0
means: !!opencv-matrix
   rows: 8
   cols: 16
   dt: d
   data: [ -1.2760956221785302e+02, 9.9413819824238544e+01,
       1.5662746337314340e+01, -4.7561410906889002e+01,
       -8.9873944217034651e+00, 2.3007660600704241e+00,
       8.6825004805991057e-01, 7.2321536376837192e-02,
       -4.6200153278184458e-01, -1.4977553378262146e-01,
       9.2559055033324636e-02, -1.3999451565880948e-03,
       3.1300293460488344e-03, -2.0760634895757566e-03,
       1.0462941746702654e-03, 4.7541701874140637e-03,
       6.7844886670103026e+00, -1.8913682676495310e+02,
       1.6042950612297293e+01, 6.6082128851699892e+01,
       1.1127537110366521e+01, -1.8652603294404965e+01,
       -1.6348061936538774e+00, -1.0662580885329460e+00,
       2.9949343251740651e-01, -1.1971610010843854e+00,
       1.4214684606211316e-02, -7.8970634040199078e-02,
       2.9700201611553984e-03, 9.3557228658818718e-03,
       -6.1271077207172890e-02, 5.5439580713074017e-03,
       1.6753614115955120e+01, 1.8021704477102841e+01,
       -7.1020373116850681e+00, -1.4752073161921944e+01,
       3.0249162813553014e+00, -9.0361301394831006e+00,
       -5.2767858189083894e+00, 1.2233311150691923e+00,
       5.0111090982332716e+00, 3.0637317462261704e-01,
       -5.9652838060197645e-02, -2.6233710322086649e-02,
       -2.6589888549040507e-02, 4.8411806151159639e-03,
       8.3900246961064722e-03, -5.0565376340989815e-03,
       1.0220904061198985e+02, -4.1935280626262980e+01,
       -2.3541189393236213e+01, 3.5806257763637511e+01,
       -2.4712629329008411e+01, 1.8363460418155384e+01,
       3.6531545763496304e-01, 8.7902043961955156e-01,
       3.2737481020877612e-01, 1.1313392230352338e-01,
       2.0664652013514634e-01, -7.4697601856846757e-03,
       -3.1822990737747823e-03, -3.6392206186675238e-03,
       1.3963801574594283e-02, -2.8790526726943160e-04,
       -8.5172969289692304e+01, -2.8799049601142627e+01,
       2.6506275003598141e+01, 6.3549748092644576e+00,
       -4.0238751659804608e+00, 2.2738949432864728e+00,
       9.6879863388078769e-01, 7.3751541570499879e-01,
       -9.7152388535586442e-01, 2.5572661642051971e-02,
       -1.3247253996256977e-01, 5.0101012789373388e-03,
       4.0261481790563975e-03, 6.5954679004580352e-03,
       -1.9539171998945396e-02, -9.6856794369068501e-03,
       -1.8796850974442262e+02, -6.6734398126383212e+01,
       4.4193084871985072e+01, 1.6814150229303959e+01,
       -2.1633098525379236e+01, -4.3384812173447749e+00,
       -3.0796242437603483e+00, -4.7501846019145755e-01,
       7.5325599232945883e-01, 2.6711582705669251e-01,
       3.0617263548440580e-02, -7.6519793139840841e-03,
       -4.3360698137903126e-03, -1.2435302458649415e-03,
       1.6758668650611246e-02, 9.2518261772576108e-03,
       4.5103588098172700e+01, -4.1474954844540326e+00,
       -5.6366348048091313e+00, 3.4340439257636843e+00,
       1.6842335357102790e+01, 7.4212313497244475e-01,
       7.9441774030641832e-01, -5.3580706277925139e-01,
       -3.7407007453188151e-01, 5.6940463554325679e-02,
       9.5051664375495042e-03, 2.0845031828579171e-02,
       2.7227490880029539e-03, -8.7867097899926878e-03,
       2.0510673891034850e-02, 2.7406366796925321e-03,
       1.0392847271862514e+02, 7.3155775111140827e+01,
       -3.7743603427320316e+01, -2.1101261914206383e+01,
       -1.0070733030305520e+01, -2.8670675870392954e+00,
       7.5736790013547306e-01, -1.4049461192366677e-01,
       -5.9512951954842552e-01, -1.2871269518509509e-01,
       5.3591616087709081e-03, -1.5956534309373018e-02,
       2.3700596654021842e-03, 1.0777795190063692e-02,
       -2.7436715025746756e-02, -8.7519834337851593e-04 ]
covs: !!opencv-matrix
   rows: 128
   cols: 16
   dt: d
   data: [ 6.6512216449458165e+03, 5.1289274012999670e+02,
       2.4797658949753600e+03, -1.2430291112641796e+03,
       1.5782676869768068e+02, 1.0666456408313530e+02,
       6.9977680673201064e+01, 5.4455911426460881e+00,
       1.1363892242477968e+01, -5.7252788924240572e-01,
       -6.5924549781698971e-01, -4.4836036861653827e-01,
       -1.9149360438791594e-02, 5.2317341766118353e-02,
       -3.3769425785372237e-01, 3.3915939458191030e-01,
       5.1289274012999670e+02, 6.9323051382520289e+03,
       4.4984033976049676e+02, 2.1977682002428642e+03,
       -1.0178904063772646e+02, -5.5998027183148146e+01,
       -8.5727963399164125e+01, -3.1399745710775008e+01,
       -1.0314083233913282e+01, -1.1379650320045577e+01,
       -1.6729718648544212e-01, -7.8965676814533803e-01,
       9.2890611215254604e-02, 2.8419314881315544e-01,
       -4.7126202490604813e-01, 3.1477298454132724e-01,
       2.4797658949753600e+03, 4.4984033976049676e+02,
       2.6874641530210370e+03, 8.1473329231959383e+01,
       -8.8541762200320846e+01, -4.9809836918915387e+01,
       -1.6762443815448677e+01, 5.3942069000785970e+00,
       -2.3773366476811453e-01, 3.4784435620900127e+00,
       1.6001978776947906e-01, 1.1744161822863228e-01,
       -3.5836289162655514e-02, -2.1002122179416351e-02,
       2.1905694416982546e-01, -1.7338370193843533e-01,
       -1.2430291112641798e+03, 2.1977682002428642e+03,
       8.1473329231959411e+01, 1.8166179637973869e+03,
       5.4001865587340134e+01, -8.4135170642343226e+01,
       2.9982201070640382e+01, 8.4456323606625592e+00,
       7.2836639853700786e+00, 6.0497249698170643e+00,
       -2.6184695517183743e-01, 7.0137749712173736e-02,
       1.6069043055188723e-02, -3.6440208364638633e-02,
       1.5486269151602322e-01, -5.0345989852565325e-02,
       1.5782676869768068e+02, -1.0178904063772646e+02,
       -8.8541762200320846e+01, 5.4001865587340149e+01,
       1.6812936875160889e+02, 8.0555628844717603e+01,
       7.5196031035538384e+00, 1.0265903874543174e+01,
       4.2675526037907235e-01, 1.9604683067253199e+00,
       -5.9293233464903483e-01, -9.6164999332320519e-02,
       2.6763287394564361e-02, 2.6423951275060045e-03,
       1.0094738386938479e-01, -3.0111266171753581e-02,
       1.0666456408313528e+02, -5.5998027183148146e+01,
       -4.9809836918915380e+01, -8.4135170642343226e+01,
       8.0555628844717603e+01, 7.5083440629200140e+01,
       -1.2755237968831423e+01, 1.4892092660460781e+00,
       -3.2314917046302694e+00, -6.5082810776958111e-01,
       -3.9162442110916940e-01, -1.4063078089703729e-01,
       1.5229410088663605e-02, -1.4106197422700145e-02,
       3.0206724961673315e-02, -3.4296224815490051e-02,
       6.9977680673201050e+01, -8.5727963399164125e+01,
       -1.6762443815448680e+01, 2.9982201070640375e+01,
       7.5196031035538384e+00, -1.2755237968831427e+01,
       2.4409917292883879e+01, 1.6957168491432584e+00,
       2.7048117564402858e+00, 2.3884797829819721e-01,
       -2.3873567439763047e-02, 2.3167562717811712e-02,
       -2.7224517923726085e-02, 8.6349436683824544e-03,
       -8.1775224388641217e-03, -9.4462542626769976e-03,
       5.4455911426460872e+00, -3.1399745710775008e+01,
       5.3942069000785988e+00, 8.4456323606625592e+00,
       1.0265903874543172e+01, 1.4892092660460785e+00,
       1.6957168491432586e+00, 1.8737183754601329e+01,
       -1.7333360558563835e+00, 6.9806489730460064e-01,
       -7.1594689987992621e-02, -9.0022781250189386e-03,
       9.3387407141188612e-03, 1.1368089932822543e-02,
       -4.3802155602010945e-03, -2.9000406661081685e-02,
       1.1363892242477972e+01, -1.0314083233913284e+01,
       -2.3773366476811494e-01, 7.2836639853700786e+00,
       4.2675526037907224e-01, -3.2314917046302694e+00,
       2.7048117564402858e+00, -1.7333360558563835e+00,
       1.3184408193599086e+00, 1.6860152118372246e-01,
       2.0507590033918364e-02, 2.5927072535059333e-02,
       1.6599431523670841e-02, 4.0686185626069164e-04,
       -2.6845349729222360e-03, 4.6622626112394986e-03,
       -5.7252788924240494e-01, -1.1379650320045576e+01,
       3.4784435620900127e+00, 6.0497249698170643e+00,
       1.9604683067253199e+00, -6.5082810776958111e-01,
       2.3884797829819726e-01, 6.9806489730460053e-01,
