%YAML:1.0
means: !!opencv-matrix
   rows: 38
   cols: 8
   dt: d
   data: [ -1.3717525821121235e+01, 7.6901442592745388e+00,
       5.3911152006465848e+00, -1.2437185681579844e+01,
       2.6859544688226620e+01, 2.2605225685959378e+00,
       5.7899966690297799e-01, -1.0769225415331294e+00,
       -1.3467050087946751e+02, 1.2983895268598258e+02,
       1.1538090206762394e+01, -5.4089816445990131e+01,
       -2.5227953727571695e+01, -4.4458676642161343e+00,
       -3.4727557338079207e-01, -1.2202428587375818e+00,
       1.2430458664780228e+02, 8.2316603730625872e+01,
       -3.3144794690399181e+01, 1.1773349463971511e+01,
       -3.7283504173520905e+00, -1.2763370308503927e+01,
       -2.8109945399006704e+00, -6.6345504130604938e-01,
       6.9035329868625164e+00, 9.1801079136162357e+01,
       -1.1002247080907228e+01, -4.2317147321646480e+01,
       1.3127940326221845e+01, -3.9953083484163439e+00,
       1.6343452482540910e+00, 3.0092904584631353e-01,
       -1.7648249689205156e+02, -1.4578359653089672e+02,
       5.3408874233665941e+01, 4.8390580425329482e+01,
       -3.9847036924033723e+01, -1.5958126794764613e+01,
       -4.6243304713583377e+00, -1.7993175421333858e+00,
       1.6510586158841477e+02, 3.8903286608289283e+00,
       -4.3954808613164502e+01, 1.8200983298292297e+01,
       -1.2116182553034369e+01, -4.8492124610481895e+00,
       1.4932403294329097e+00, -6.7853668689072277e-02,
       -5.5352518521784496e+01, 2.2027481776569228e+01,
       -6.2549805778791630e+01, 1.4513713291039318e+01,
       1.4597684671267995e+01, -7.1303663089932379e-01,
       2.2718433214287681e-01, 1.3783585039274751e-01,
       2.6332452019181371e+01, 1.2935730329493614e+02,
       -2.9394039192034537e+01, -5.3872440106811034e+01,
       -9.7340740350387858e+00, 2.3508043640471801e+00,
       2.5258526469617251e+00, 1.2499464605050349e-01,
       1.0084392256793589e+02, 5.8021347888099051e+01,
       -4.0404750056100418e+01, -1.1509957768028666e+01,
       -1.6510744903369414e+01, -4.7093330495988894e+00,
       -4.0592619562804080e+00, 1.6850521439440325e+00,
       1.2583713274628370e+00, -4.1366196632841891e+01,
       1.1369990989930425e+01, 1.0843938182717315e+01,
       3.8775012111505440e+01, -1.6891214760664592e+00,
       1.1870398047720119e+00, -8.6126377562787770e-01,
       1.0212983017204417e+02, -3.1846049789178892e+01,
       -1.7162613741701435e+01, 3.5473594180216026e+01,
       -2.8803810691751583e+01, 2.7002208641475526e+01,
       1.1406765303807183e+00, 1.2449326558761138e+00,
       2.2491458097203738e+00, -1.3924611267242994e+02,
       2.6052044100045006e+01, 5.9409268852670543e+01,
       3.0583766686808257e+01, -5.7033361945663765e+00,
       4.0844650109957487e-01, -2.1374880585214040e+00,
       -2.1096218478334293e+02, 4.6975951036974003e+01,
       4.1230169905696897e+01, -3.3581580557975919e+01,
       -1.5965225590733327e+01, -1.1490475885448374e+01,
       -1.9468701698712672e+00, 1.5302232048528577e+00,
       4.8860644910791528e+01, -5.7230020743890726e+01,
       -5.4549567497778625e+01, -5.6122606070888423e+01,
       -2.7580886200265047e+00, -1.6104416606244953e+00,
       -1.5429356862181527e+00, -8.5723153693515497e-01,
       -8.6992142590053675e+01, -7.8204688234412018e+01,
       3.8681514644247819e+01, 1.7633666884973689e+01,
       -6.9951575232604657e-01, -1.6730219035208041e+01,
       -3.9859669148750521e+00, -2.3585115248744768e+00,
       1.1612986172285115e+02, 9.2897018384221738e+01,
       3.2992906307715259e+01, -5.3557157623577218e+01,
       -1.1329766250579327e+01, 1.1905879680853548e+00,
       4.2219075984117549e-01, -1.2704666715996069e+00,
       -1.5142093413079996e+02, 5.5145445912355896e+01,
       3.2980015900241149e+01, -2.7463376549216786e+01,
       -1.0651256416295358e+00, 7.6294267880478577e+00,
       2.0187704664695940e+00, 1.5034085311621392e+00,
       7.9565980740075801e+01, -6.7041582918139966e+01,
       -2.4964848599942240e+01, -6.1854234105471866e+00,
       3.1342773047723216e+00, 7.5111423672065580e+00,
       1.6615880311858775e+00, -1.8348338237387238e-01,
       -1.5861150960007765e+02, -1.2640206006471037e+02,
       2.0470474546959593e+01, -4.3668842601682201e+01,
       2.3389413943858459e-01, 7.0735359586518367e+00,
       -5.5925382941218404e-01, 1.0532705070253030e+00,
       9.7022137930129190e+01, -5.3558601704510004e+01,
       -2.5777276409414668e+01, 3.7798185992652193e+01,
       -2.6443581836232710e+01, 2.0721767553407844e+01,
       1.0721791170154991e+00, 1.3197280915493974e+00,
       7.7149386721016072e+01, 8.1454108345522442e+01,
       -3.5387511845414423e+01, -2.6746087452251594e+01,
       4.5340956829184131e+00, -1.1059489772331247e+01,
       5.4112781382662278e-01, -1.1575847209746599e+00,
       -1.7621594900913681e+02, -7.3316591353884917e+01,
       4.5371186400686511e+01, 2.9029554129365820e+01,
       -2.7790723938828290e+01, 8.4342691617563528e+00,
       -4.7098871902877609e-01, 1.0992770652475992e+00,
       -1.3879279036447599e+02, -1.0661600610291177e+02,
       4.7274849450699300e+01, 4.1097438153618548e+01,
       -2.4023203626902877e+01, 2.1538935610262038e+00,
       -7.5979444226332618e+00, -1.2767682341236830e-01,
       1.3548903767444475e+01, -6.2183569357617607e+01,
       5.2709239003262489e+00, 4.1646695592942194e+01,
       -3.2010629584095817e+01, 2.9900981646446777e+01,
       2.7756063220122162e+00, 2.0359820646928006e+00,
       1.6600722079617663e+02, -1.4510437001297513e+01,
       4.3659273318050040e+01, -1.3926695484201360e+01,
       5.6186027819337534e+00, -2.2467239085193516e+00,
       -1.5285321077992573e+00, -1.2663558807315264e-01,
       5.2119329734867392e+00, -6.6821275044088338e+01,
       1.0620956607387422e+00, 1.8413928786844256e+01,
       -1.0750813664415082e+01, -1.3202567899958579e+01,
       -9.6176799050520512e-01, -9.2666531766853175e-02,
       3.9814246008612841e+01, 1.8665604619097856e+01,
       -1.4308909209239641e+01, -2.5211279162491429e+01,
       2.3889476093187438e+00, -2.4683462253145944e+01,
       -5.0949223519270070e+00, 4.7545919692014937e+00,
       -1.9977633275596548e+02, -2.5346245595644081e+01,
       5.2714268634055927e+01, 1.1784366597443505e+01,
       -1.2701989647276495e+01, -2.0688648703485675e+00,
       -1.0546211193794843e+00, 6.8716655858048514e-01,
       8.9065000326082625e+01, -8.3972250200892006e+01,
       -3.7812227336438919e+00, 4.8418247004763472e+01,
       1.3241246187746528e+01, 1.1925508857783667e+01,
       1.5256976532511448e+00, -5.6406631041868915e-01,
       5.0437001280795801e+00, 6.9725367013135482e+01,
       1.5754250966418045e+01, -1.9156748288163090e+01,
       2.5117240136369482e+01, -8.9918640951271236e+00,
       -8.9751711270659875e+00, 9.9823982444088222e-01,
       -7.0199463774863943e+01, 9.9747108214698670e+01,
       4.2976103149370397e+00, -5.2305848268350722e+01,
       4.0333097409900249e+00, 4.5049385773534922e+00,
       1.7761372772595576e+00, -3.5361446893380866e-01,
       1.7428107257627894e+02, -1.9312423153481781e+01,
       -4.6111584929434031e+01, 2.1472584596228746e+01,
       -8.9066766024635946e+00, -9.5226349026789467e+00,
       -8.5687898343477653e-01, -1.6366845174829734e+00,
       -1.5838752322584293e+02, 7.2271112691520216e+01,
       1.8436049819358026e+01, -4.2820723454559356e+01,
       -3.8469656803429539e+00, -1.4715587969644723e+01,
       -4.3333495263058430e-01, -7.9925499480918150e-02,
       -1.3788700694458200e+02, -2.9651585620524646e+01,
       3.9514654797322798e+01, -9.0559811472308454e+00,
       -5.1429737826994080e+00, -2.9503322923205165e+01,
       -7.7945456269948543e-01, 2.5688596606816344e-01,
       -6.3147984413394511e+01, -4.5124832021313466e+01,
       2.7817112749692086e+01, 2.7580300162144560e+01,
       1.7595220393811424e+01, 1.7854399072366469e+01,
       2.1042810741968809e+00, 7.0872591402395413e-01,
       6.5844680087594398e+01, 6.6713408713932068e+01,
