%YAML:1.0
means: !!opencv-matrix
   rows: 12
   cols: 12
   dt: d
   data: [ -1.6160170076574258e+02, 8.1400833290374365e+01,
       2.0438524514536343e+01, -4.5110393566071096e+01,
       -1.3748082823233194e+01, -6.7723549285819882e+00,
       -5.6809059022135322e-01, -5.2481220438258325e-01,
       7.3602525080505765e-01, -4.1189211367004298e-02,
       4.0680069298316211e-02, -4.3738115223219541e-02,
       4.2879647035477525e+01, 4.7345911531854348e+01,
       -8.4981725503436003e+00, -2.4159775915020646e+01,
       -9.8880788176223056e-01, -8.4781082613404983e+00,
       -9.1506624640046290e+00, 3.3348464877227840e-01,
       6.7596352402307920e+00, 1.5580877664705934e+00,
       5.0538001644286172e-02, 2.3517427955120521e-02,
       1.7515497391661873e+02, 1.2282474961676781e+01,
       -4.5066896433261810e+01, 1.3085257596650111e+01,
       -1.0304051920017915e+01, -8.1365448493276507e+00,
       -7.8459964191805343e-01, -1.1865216737538228e-01,
       -9.1770253095547683e-01, -1.8690967578158326e-02,
       7.9974980404919266e-02, -1.6303999192476652e-02,
       -5.5751962362297502e-01, -1.1431789331417829e+02,
       1.5765655981664130e+01, 4.6629595642765736e+01,
       2.2541957393752902e+01, -3.9803965596081863e+00,
       8.0925959504024966e-02, -1.3903438871710303e+00,
       -1.1758131241095806e+00, 3.7519713024157408e-01,
       -2.6816946055130481e-02, -1.6030388853251119e-02,
       -1.7590699332206412e+02, -1.0770410334723240e+02,
       4.5808048393951751e+01, 3.6138640068876143e+01,
       -2.9108668261065613e+01, -2.2717384114015147e+00,
       -4.1522228464151159e+00, -8.1066322884518660e-01,
       6.8009801121969315e-01, 2.5607822529137397e-01,
       6.4423548536231987e-02, 2.3577327931673671e-02,
       8.8291471097346310e+00, -8.6348793428398253e+01,
       3.4130929359022013e+00, 1.7876838726890949e+01,
       7.5630616902485199e+00, -1.5880321675098855e+01,
       -2.8030905272059559e+00, 2.2910086347747831e+00,
       4.2977770600626970e+00, -2.0462287658160152e+00,
       -9.7308143126554184e-02, -8.7244286565347468e-02,
       4.5031353184095565e+01, -1.2730703076597836e+01,
       -1.4263377475205486e+01, 9.7008301657277798e+00,
       -7.5095798681563712e+00, 6.4138911843887891e+00,
       1.6924494657414497e+00, -4.4335743869003719e-01,
       -5.0569671703174801e-01, -7.2418965695541194e-03,
       -2.2275007728495372e-01, 4.8361867597955912e-03,
       -1.4790302263744513e+02, -1.1694265859693569e+01,
       3.9682858476084888e+01, -3.0250045643876784e+00,
       -2.6553522772240692e+00, 3.1507329390443917e+00,
       6.1546312580301765e-01, 1.1309265865205016e+00,
       -9.3819282995572595e-01, -3.2906657371920639e-02,
       -3.6193966358595092e-02, 4.7280115226551959e-03,
       4.9095097166778658e+01, 1.2599590747282870e+02,
       -3.0371922384534301e+01, -4.5523244478201264e+01,
       -8.5626037287412693e+00, 2.4879622062629418e+00,
       1.6416043283465769e+00, 2.6992211471634896e-02,
       -2.7706764466971895e-01, -1.2863160237481794e-01,
       6.4433616815990843e-02, -2.7237677523155836e-02,
       9.9199939079335920e+01, -4.3884178430530426e+01,
       -2.1942976343891353e+01, 3.7002136763108879e+01,
       -2.7651024062338944e+01, 2.3398508802937364e+01,
       1.0688147445960323e+00, 1.2870890959356034e+00,
       4.9010046641448612e-01, 3.0050715254760881e-02,
       1.4722762615030291e-01, -3.0745944593776721e-03,
       5.8867148047801457e+01, -9.7741066107963146e+00,
       -7.1439455119331505e+00, 6.1273053843025620e+00,
       1.6247151935944494e+01, -1.8178793158589424e+00,
       4.3807436425809315e-01, -5.8851924649260312e-01,
       -4.3020958098912221e-01, 9.5363503677182160e-02,
       1.8967003836669709e-02, 2.8466009066714541e-02,
       -3.5825200488490104e+01, 1.0013442658573041e+02,
       -5.2339205053557860e+00, -4.9957347132688632e+01,
       6.1911407672719054e+00, 1.0910522194042398e+00,
       1.7572574754909704e+00, -2.7301275685340964e-01,
       -2.5987861197439577e-01, -1.4113032702284384e-02,
       2.5459307614040562e-02, -1.5676920951536088e-03 ]
