%YAML:1.0
means: !!opencv-matrix
   rows: 35
   cols: 6
   dt: d
   data: [ -1.1457292727185400e+02, 5.1442793232234955e+01,
       -5.2496685265017309e+00, -9.2700700162886292e+01,
       -1.4652537358991317e+01, 1.0829195104182436e+00,
       8.9050328278459489e+01, 1.1281927404953494e+02,
       -2.1265550675482583e+01, -4.5884844263283249e+01,
       -1.0641678503978218e+01, 8.4939921526751916e-01,
       -4.6571202543044734e+01, -5.0843812773040868e+00,
       8.5800488691941155e+01, -2.3654877429457816e+01,
       6.3819424540549088e+00, 6.6695532458992073e+00,
       1.0135136391499126e+01, -1.1858207637416737e+02,
       2.4950788331667116e+01, 4.3903053718527367e+01,
       3.5777332592425843e+01, 2.8381505011348303e+00,
       -1.8216861592603419e+02, -1.2559223688302392e+02,
       5.5864381338597497e+01, 4.3934437529433509e+01,
       -3.4185860071324107e+01, -1.5138582337210126e+01,
       -3.4574550030623326e+00, -7.7015549416405776e+01,
       -6.4759230042039029e-01, -2.0243808844705072e+01,
       2.8570325003764133e+01, 5.9486794458726333e+00,
       5.3325064493052125e+01, 3.0700796210956621e+01,
       -2.9926988641196910e+01, -7.2243089535902001e+01,
       -8.8742032878257049e-01, -4.6888259125796719e+00,
       -5.2785591313736155e+01, 1.2685353212205608e+02,
       -8.1519730072546153e+01, -3.9439002026466127e+01,
       -6.6526653058560825e+00, 1.4922333890984074e+00,
       9.3001814737089731e+01, -3.4015223548673553e+01,
       -2.1119943871962114e+01, 3.4223155520553632e+01,
       -3.0171595313148284e+01, 2.9712372491425910e+01,
       -1.9768788551775572e+01, 9.1731637787968538e+01,
       -3.0919583520471949e+00, -3.6207121056092184e+01,
       1.6486813422900173e+01, -1.6572926272275246e+00,
       -1.2019058434526818e+02, -1.9862513222781356e+01,
       -1.0511389053705294e+01, 1.4575865271472550e+01,
       2.4058248648092569e+01, 9.9272787001272107e+00,
       1.3107623949510659e+02, -1.5873254729487924e+00,
       5.7073709391814660e+01, -2.0901502264202918e+01,
       1.1923897305953123e+01, -1.8719577394375078e-01,
       -1.6295975748687826e+02, -7.9958782711532649e+01,
       4.7672824586579686e+01, 4.2361193706445377e+01,
       -3.2223951882551553e+01, 3.4020058973119029e+00,
       -1.6911040072253078e+02, 9.4286289811469857e+01,
       4.6850535980454204e+01, 3.5964678250537325e+01,
       5.7627672332365065e-01, 9.0918685470068061e-01,
       1.1487575000225796e+02, 1.2405526529076299e+01,
       -8.8221083276233713e+01, 2.5000718004160728e+01,
       -1.0533155556531343e+01, -9.0875812475683944e+00,
       2.1915871983030918e+01, -6.5932254817291110e+01,
       2.0508024517999686e+00, 4.6967229447025332e+01,
       -3.7211052074976585e+01, 2.9186010990220471e+01,
       7.2651687058835988e+00, 6.2488695459477462e+01,
       2.6639759025662919e+01, 4.5928753266134343e+01,
       2.9054571831205152e+01, 1.5621728418320040e+00,
       2.3124485624626578e+02, 1.0312230797614593e+01,
       -7.1829562255252544e+00, 3.1904671861582492e+00,
       -1.3871218483917815e+01, -9.5146881080115495e+00,
       -2.1570520639932647e+02, -3.7191853733448575e+01,
       3.7398319127328378e+01, -1.2358371691542182e+01,
       -1.0580534113994057e+01, -6.0466991067797604e+00,
       1.1828367187926284e+01, -8.6790692073170206e+00,
       -8.7156389247125308e+00, 9.6568719083410244e+00,
       -8.3544966238527092e+00, -7.2104160764203256e+00,
       8.4060794320943373e+01, -1.0377760961877281e+02,
       -4.0592990496229497e+01, -3.8674837658957998e+01,
       7.7242773719966245e+00, -5.4954005919080040e-01,
       -1.2900450498465258e+02, 1.6856306844573672e+02,
       2.0842036481766815e+01, -2.9411867067788023e+01,
       -1.9193245043450123e+01, -3.6571625253025961e+00,
       5.2860195952630207e+01, 1.6469678647936612e+02,
       -5.4668297761432258e+00, -5.3947219232424546e+00,
       1.3982734952490797e-01, -9.1361685114282309e+00,
       -1.3816244002733058e+02, -1.5240086595427366e+02,
       2.4283907780545640e+01, -3.1066408886970944e+01,
       -4.1969306764274439e+00, 1.0391551683451532e+01,
       1.0385059806422251e+02, -5.5861837838450413e+01,
       -2.2588851342609729e+01, 3.8761580574586660e+01,
       -2.4847601294692101e+01, 1.8128484638368842e+01,
       2.6726771258689400e+01, 2.3201529113444650e+01,
       -1.6396250299864729e+01, -1.6648157562259406e+01,
       -1.4088519024462371e+01, -6.5525360970902033e+00,
       -1.3545210349288516e+02, 7.4735713535272481e+01,
       1.9425948170755223e+01, -4.2161736737478648e+01,
       -8.5406590762383972e-01, 5.6752206183401777e+00,
       -1.2006494766228761e+02, -3.8639129282737905e+01,
       4.0762763549477278e+01, 3.3309434573993087e+01,
       -8.7635439357816942e+00, 1.9949585570872692e+01,
       1.2905616967931221e+02, -1.8942281781095019e+01,
       -3.7136929572631828e+01, 2.5151547413112077e+01,
       -1.2928460147930769e+01, -3.6194255894628187e+00,
       1.1395817256086706e+02, -8.3372608124413688e+01,
       2.9772073843746220e+01, 4.0019161736039173e+01,
       4.8563210809369535e+00, 2.2409394135376733e+01,
       1.5068109071807479e+01, -2.3232334766162998e+02,
       9.2002528693059222e+00, 7.6644292594922675e+01,
       -1.1785677603495663e+00, -3.0420051676254321e+01,
       -3.9065379747828519e+00, -7.8464420013814191e+01,
       -4.6746104583486641e+01, 6.3804324654268633e+01,
       8.2558741825924216e+00, 2.1011519149774184e+01,
       -1.5406823153368504e+02, 2.4253377739238502e+00,
       2.6038937588678639e+01, -2.3253484508869430e+01,
       -3.8291462641182159e+00, -2.4876831978741642e+01,
       1.0370417710376744e+01, -5.6187199375230064e+00,
       -5.9047373117303499e+00, -1.1575608013546045e+01,
       2.9185075317553078e+01, -1.9649618797482322e+01,
       5.4974284068662762e+01, 3.4532740005856599e+00,
       -2.2830458514474124e+01, 3.0640384164252989e+01,
       1.7169242552223963e+01, -6.9494417876528871e+00 ]
