%YAML:1.0
means: !!opencv-matrix
   rows: 9
   cols: 3
   dt: d
   data: [ 1.2030527597459700e+02, -4.8985486841155421e+01,
       1.2006242841846694e+01, -2.7096783121682801e+01,
       2.4537592120077409e+01, 4.4400812488360391e+00,
       6.6105747243404409e+01, -5.8363326434859291e+00,
       -6.0760753800383910e+01, -4.7812252557447437e+01,
       2.5849082394941373e+01, -6.6782515344150838e+01,
       -1.4967868563014005e+02, 2.1983196265613977e+01,
       5.7966343684595735e+01, 9.5914632625390894e+01,
       -1.7178905998710785e+01, 6.6812704147093200e+01,
       -6.0476650606561897e+01, -1.2216844915626490e+02,
       9.4467205767562543e+00, 1.2465117384505707e+02,
       8.8431761512093885e+01, 3.4097138259072373e+00,
       -2.4812769735578715e+02, 8.7427033566353778e+00,
       -1.8790602560645581e+01 ]
covs: !!opencv-matrix
   rows: 27
   cols: 3
   dt: d
   data: [ 4.5308632908670006e+03, 6.2884174367505148e+02,
       -6.4780466761481236e+01, 6.2884174367505148e+02,
       5.2821100444897938e+03, 4.4004382552675459e+01,
       -6.4780466761481236e+01, 4.4004382552675480e+01,
       7.5299304199681580e+02, 4.6534256816283169e+03,
       2.1513596363563320e+03, 1.2860584117383971e+03,
       2.1513596363563329e+03, 7.9526931098306341e+03,
       6.7552146409951013e+02, 1.2860584117383971e+03,
       6.7552146409950990e+02, 1.3980892651612669e+03,
       2.9890116956522679e+03, 6.0561100182911241e+02,
       4.9259575202594783e+02, 6.0561100182911264e+02,
       6.5702498464828896e+03, -1.8369646468306183e+02,
       4.9259575202594789e+02, -1.8369646468306183e+02,
       1.1526636775991892e+03, 4.9362480145952532e+03,
       2.8677269936726731e+02, -1.2216088729615451e+03,
       2.8677269936726714e+02, 1.0175726580669228e+04,
       6.0483887478414692e+02, -1.2216088729615451e+03,
       6.0483887478414692e+02, 9.0624950185028638e+02,
       3.7190603564977873e+03, -7.2181769984318862e+01,
       1.3018528679262047e+03, -7.2181769984318819e+01,
       9.6110511788147469e+03, 4.5676341425082575e+02,
       1.3018528679262047e+03, 4.5676341425082586e+02,
       1.2761756514987578e+03, 9.1295632434111103e+03,
       1.1403456164026145e+03, -1.9667466092267612e+03,
       1.1403456164026143e+03, 9.4799755728565287e+03,
       -3.5297006784766559e+01, -1.9667466092267612e+03,
       -3.5297006784766552e+01, 6.9502471446222796e+02,
       5.3195785340040693e+03, 2.2261095671247818e+02,
       -2.2246179541066503e+01, 2.2261095671247816e+02,
       4.1857168049548181e+03, 4.7502461388791812e+02,
       -2.2246179541066510e+01, 4.7502461388791812e+02,
       2.6043094725015726e+03, 5.1887633965866498e+03,
       -1.0193870055585014e+03, 4.1874849237496585e+02,
       -1.0193870055585014e+03, 2.9918175365415063e+03,
       4.4678320006855948e+01, 4.1874849237496585e+02,
       4.4678320006855962e+01, 9.8182497306614573e+02,
       2.8183945065473890e+03, -7.7445588283927725e+02,
       2.0662571381124209e+02, -7.7445588283927748e+02,
       1.1691277319993435e+04, 4.8881992211492491e+02,
       2.0662571381124209e+02, 4.8881992211492491e+02,
       4.4364283519877051e+02 ]
weights: !!opencv-matrix
   rows: 1
   cols: 9
   dt: d
   data: [ 1.2595686141465920e-01, 1.2611764050466479e-01,
       1.6424739912323033e-01, 1.1666354561032979e-01,
       1.2633414556814898e-01, 1.3251134444492027e-01,
       5.8645268586481281e-02, 8.0023187668929768e-02,
       6.9500607078612595e-02 ]
pca_proj: !!opencv-matrix
   rows: 3
   cols: 21
   dt: f
   data: [ 4.36961316e-02, 8.50134730e-01, 1.73015636e-04,
       6.54514134e-02, 4.60692108e-01, 2.29939164e-04, 7.67599978e-03,
       1.46649793e-01, -1.37564148e-05, 1.21663406e-03, 1.30500361e-01,
       -5.45994153e-05, 8.06188770e-03, 1.42052382e-01, -2.12945142e-05,
       -2.45414903e-05, 9.56867734e-06, -1.94090262e-06, 3.13729906e-05,
       4.34020360e-04, 2.32224409e-07, 7.68702388e-01, -5.10314330e-02,
       1.14127281e-04, 4.21110362e-01, -3.83849256e-02, 4.02935693e-05,
       2.81941950e-01, -1.35209868e-02, 1.95932400e-04, 2.66951323e-01,
       -4.70317341e-03, 2.29704310e-04, 2.76557714e-01, -1.55316098e-02,
       2.11025646e-04, -3.74769334e-05, 5.54774260e-06, -7.89335627e-06,
       8.86836962e-04, -5.85095040e-05, 1.91629806e-04, 1.28585771e-02,
       -3.46314937e-01, -1.22481215e-04, -4.01510373e-02, 1.58088982e-01,
       -1.45607672e-04, 1.89476740e-02, 5.27356327e-01, 2.33430081e-04,
       1.79703757e-02, 5.36674440e-01, 2.90960423e-04, 1.17339585e-02,
       5.35117626e-01, 2.47836346e-04, -7.02231409e-06, -3.17391914e-06,
       2.59759432e-08, 1.54912759e-05, 1.72088097e-03, 2.08691781e-04 ]
pca_mean: !!opencv-matrix
   rows: 1
   cols: 21
   dt: f
   data: [ 2.07625534e+02, 2.55653595e+02, 1.54502928e+00,
       2.18915131e+02, 2.60592743e+02, 1.67241716e+00, 2.65274475e+02,
       2.24016678e+02, 1.71669352e+00, 3.19420807e+02, 1.63929108e+02,
       1.75046074e+00, 3.16613464e+02, 2.25532654e+02, 1.70717156e+00,
       1.08872897e-04, -9.74175637e-05, 6.24380555e-05, -2.17504916e-04,
       -2.50119597e-01, 1.75055194e+00 ]
gamma: !!opencv-matrix
   rows: 9
   cols: 1
   dt: d
   data: [ 8.5325896624031117e-01, 8.9634363601428813e-01,
       8.8562823677276870e-01, 8.2550008347113291e-01,
       9.1468153021744014e-01, 8.1151210006559582e-01,
       8.9099596314293250e-01, 8.6018049010534792e-01,
       8.6704924567472708e-01 ]
