%YAML:1.0
means: !!opencv-matrix
   rows: 32
   cols: 2
   dt: d
   data: [ 2.4197125201326517e+02, -2.2413119987222384e+01,
       -8.2171917535983496e+01, -1.6882171500199806e+02,
       -6.3673666633382389e+01, 1.8427887342933573e+02,
       -6.2443947835394319e+01, -1.1436971234213175e+01,
       9.3301796088108304e+01, -9.9973361835833856e+01,
       -2.8066150747580303e+02, 2.1994606932334495e+01,
       3.8112315452351851e+01, 8.0993998831958592e+01,
       1.1823968738748572e+02, 1.3125380872937464e+02,
       1.7752117728316833e+02, -1.0909285404969233e+02,
       -2.0411280608806291e+02, 2.3365910464424992e+01,
       -1.4718480250644711e+02, 1.6898089564693467e+02,
       1.0120201957276340e+02, 4.0250801683690142e+01,
       9.4502506719868109e+01, -1.7299799462790770e+02,
       -7.4294896718071229e+01, -8.1669945488423934e+01,
       -2.5101452232547481e+02, -7.6404802742050379e+01,
       -3.5088800068357322e+01, 1.1114417725326180e+02,
       1.5639283313320527e+02, -2.1340498925062679e+01,
       1.1709554241422394e+01, -5.8012401182706128e+01,
       2.6788580349690476e+00, -2.8992972555927389e+02,
       4.4776690729506825e+01, 2.2146502402283767e+02,
       -2.1698095991917211e+02, -1.6775631421488063e+02,
       2.4709387184442656e+02, 8.6015535995316341e+01,
       -5.5331217433529368e+01, 5.0736762379694106e+01,
       -2.2168406000999045e+02, 1.1821006275360851e+02,
       1.9768368820470023e+01, 1.5057268711463106e+01,
       -1.1875231563436269e+02, 7.3045347384324884e+01,
       1.3978543501789208e+01, -1.3809195322314500e+02,
       1.7368918670348015e+02, 5.9013473934452527e+01,
       7.8817481643465371e+01, -2.9583601595440285e+01,
       3.1625285289050975e+01, 1.5849186999077048e+02,
       -1.3506805414854540e+02, -1.3221115588888701e+01,
       -1.4797203084246610e+02, -1.0757325516607321e+02 ]
covs: !!opencv-matrix
   rows: 64
   cols: 2
   dt: d
   data: [ 2.1882160540835393e+03, -1.0924730971070876e+03,
       -1.0924730971070874e+03, 3.6918651034616032e+03,
       1.8159377345997530e+03, -2.3091819069767840e+02,
       -2.3091819069767840e+02, 2.4860641893576990e+03,
       2.1231829397703177e+03, -4.2153271033312291e+02,
       -4.2153271033312291e+02, 3.2090329463709895e+03,
       1.3266790682953720e+03, -1.6323214149125170e+02,
       -1.6323214149125170e+02, 1.2026545358981784e+03,
       1.7647686952218207e+03, 5.5148142070749273e+01,
       5.5148142070749294e+01, 1.4895161790704756e+03,
       1.7802001997689899e+03, -7.4095258730145275e+01,
       -7.4095258730145289e+01, 2.3131506107154341e+03,
       2.1202700268237700e+03, 5.2339375762356531e+02,
       5.2339375762356531e+02, 1.1591998280200005e+03,
       2.3849694771750887e+03, 8.0390732904958929e+02,
       8.0390732904958918e+02, 2.8351755156859986e+03,
       2.1030205762300611e+03, -1.9386867692470463e+02,
       -1.9386867692470463e+02, 2.1850687218266598e+03,
       1.0681079659642489e+03, 3.2097357857404506e+02,
       3.2097357857404506e+02, 3.2088838458332639e+03,
       3.5221331856347751e+03, -1.0625420270673751e+03,
       -1.0625420270673751e+03, 2.9659531082956596e+03,
       1.2899401083008865e+03, -4.6052249267906930e+01,
       -4.6052249267906952e+01, 1.3067261368310892e+03,
       2.1796535410492452e+03, 3.3465331211648066e+02,
       3.3465331211648066e+02, 2.3470968296099295e+03,
       1.4578779514155567e+03, -4.5602725918636418e+02,
       -4.5602725918636412e+02, 1.5690819856987741e+03,
       2.4228612007612987e+03, 1.9789345847046999e+02,
       1.9789345847047005e+02, 2.7491757204231476e+03,
       1.9648449465114161e+03, -1.1551388398127007e+02,
       -1.1551388398127007e+02, 1.0168390880308598e+03,
       1.5550337439179259e+03, -2.6835470805721349e+02,
       -2.6835470805721349e+02, 1.5987344994604450e+03,
       1.1290719539275585e+03, -1.1795241262504697e+02,
       -1.1795241262504699e+02, 1.4621159503583126e+03,
       6.8969765098114785e+03, -7.9971385710041238e+02,
       -7.9971385710041261e+02, 2.6989004790037748e+03,
       3.3015831044594511e+03, 5.8648218296409155e+01,
       5.8648218296409162e+01, 2.1351584826557614e+03,
       2.8061900520230961e+03, -4.0701409830052903e+01,
       -4.0701409830052903e+01, 3.1902519849871815e+03,
       2.1367334365608813e+03, -4.0466074836609641e+02,
       -4.0466074836609624e+02, 3.9026797447342101e+03,
       2.0117182108335417e+03, 6.0744875377933653e+01,
       6.0744875377933667e+01, 9.2485799225689755e+02,
       3.6150743382679748e+03, -1.3173522439090226e+02,
       -1.3173522439090235e+02, 2.0329756611223445e+03,
       1.5927971024528258e+03, 1.1065155750961165e+02,
       1.1065155750961165e+02, 1.0990956960880605e+03,
       1.5152422685227668e+03, 2.2837557643076340e+02,
       2.2837557643076340e+02, 2.7105614734772025e+03,
       1.6604305171835838e+03, -2.3737390893013345e+01,
       -2.3737390893013345e+01, 1.8638379637654305e+03,
       1.6179035590854785e+03, -2.2888835547079933e+02,
       -2.2888835547079933e+02, 2.0251265356022468e+03,
       1.2263655406866665e+03, -1.3247670197070266e+02,
       -1.3247670197070258e+02, 1.2842546246040829e+03,
       2.5327895388317575e+03, -3.3754761537248822e+02,
       -3.3754761537248822e+02, 1.4469117948741887e+03,
       1.3401924674734403e+03, -6.8500600666949595e+01,
       -6.8500600666949595e+01, 1.8945719523687046e+03,
       1.8841557607768332e+03, -6.0541923782795573e+02,
       -6.0541923782795573e+02, 1.6005951991977042e+03 ]
weights: !!opencv-matrix
   rows: 1
   cols: 32
   dt: d
   data: [ 2.1965958536924107e-02, 2.5005743769268944e-02,
       2.7716918293324139e-02, 3.9159438736275552e-02,
       4.6821465574213440e-02, 1.4917462409176577e-02,
       3.9009084122209776e-02, 3.5127540767354436e-02,
       3.2529095600301629e-02, 3.0471465212652045e-02,
       1.9014011551055435e-02, 4.8750229169910592e-02,
       2.3147119669004918e-02, 3.9108073977701954e-02,
       2.3222252750482283e-02, 3.2967382326241863e-02,
       4.1667807175454923e-02, 4.7604029593250920e-02,
       1.0700436187618999e-02, 1.6804603120197922e-02,
       1.8967389491507274e-02, 1.6758255544013487e-02,
       4.0584211785143917e-02, 1.7207897462934513e-02,
       5.6109909372457689e-02, 3.4880600368646292e-02,
       3.8007251820688669e-02, 2.8756204089688993e-02,
       4.6771779266621245e-02, 3.0617432639737853e-02,
       3.1345455997124801e-02, 2.4283493618788544e-02 ]
pca_proj: !!opencv-matrix
   rows: 2
   cols: 21
   dt: f
   data: [ 1.02604255e-02, 8.46533298e-01, 5.67100069e-05,
       -5.08859605e-02, 4.68450844e-01, 1.89823491e-04, -5.55210514e-03,
       1.46431834e-01, -1.98076777e-05, -7.31809530e-03, 1.34976640e-01,
       -4.80776835e-05, -6.69380091e-03, 1.46460637e-01, -1.57161594e-05,
       2.11501210e-05, 1.32904761e-05, -3.16381829e-07, -1.62182951e-05,
       4.47223283e-04, 4.04881848e-06, 8.19958210e-01, 1.87153444e-02,
       -7.93817599e-05, 4.28530097e-01, 8.29724409e-03, 8.75842488e-06,
       2.28233948e-01, -2.37727305e-03, -1.84168690e-04, 2.08515689e-01,
       -1.20344283e-02, -2.14158339e-04, 2.18838796e-01, -7.27251405e-04,
       -1.84816250e-04, -3.05604735e-05, -5.04301033e-06,
       -1.27042276e-05, 6.79167337e-04, 1.30049409e-06, -1.63660501e-04 ]
pca_mean: !!opencv-matrix
   rows: 1
   cols: 21
   dt: f
   data: [ 4.33646118e+02, 2.44701981e+02, 1.49672687e+00,
       4.18191803e+02, 2.60206879e+02, 1.62062907e+00, 3.68545319e+02,
       2.27059875e+02, 1.69770968e+00, 3.19420807e+02, 1.63929108e+02,
       1.75046074e+00, 3.16613464e+02, 2.25532654e+02, 1.70717156e+00,
       1.08872897e-04, -9.74175637e-05, 6.24380555e-05, -2.17504916e-04,
       -2.50119597e-01, 1.75055194e+00 ]
