%YAML:1.0
means: !!opencv-matrix
   rows: 41
   cols: 3
   dt: d
   data: [ 9.5958111603111590e+01, 8.8633705922961525e+01,
       -6.1308625229142280e+01, -6.1488298832896362e+01,
       -1.0371306207475259e+02, 7.5921835623103192e+01,
       -1.9137759624691324e+02, 1.6662587158778093e+00,
       6.0292425935935078e+01, 7.1429441177515471e+00,
       4.9312430585624469e+01, 8.9705957920057280e+00,
       2.1788437952217649e+02, -6.9461845892448025e+01,
       -2.2981460366576460e+01, -1.3259022492970729e+02,
       -8.1399305388126137e+01, 1.5787118533028116e-01,
       2.0812509046925651e+01, -7.4202410726666088e+01,
       -8.6131507652308272e+01, 6.0003908705595386e+01,
       -2.0454170943551446e+02, 4.7982346833558154e+01,
       5.4789641199767303e+01, -3.0909781335005846e+01,
       -4.2551505167316757e+00, 5.3489015489996099e+01,
       1.1846351819167847e+02, 2.9001845346683428e+01,
       1.8870522972249159e+02, 2.9479805161804876e+01,
       -6.3951490487251093e+00, -7.9444704426952470e+01,
       1.7200346356451541e+02, -6.5209754248209492e+01,
       -1.3673266455852254e+02, 8.4126788855381648e+01,
       3.4837923424781884e+01, -7.4004516096788763e+01,
       -1.1332458939315578e+02, -5.2600956184623719e+01,
       -2.1777828142662511e+02, 1.5149180919662257e+02,
       -2.3955843323905452e+01, 8.3029753725294086e+01,
       2.8839539162237831e+01, 6.6227338943510190e+01,
       -2.8282223050473658e+02, 2.3604021657929142e+01,
       1.5719729554467826e-01, -3.5680664244058285e+01,
       7.0867124593199421e+01, 1.0219019232629329e+02,
       -2.2849503603258773e+02, -1.6339652467225719e+02,
       3.0328987235042129e+00, 1.1981066771061347e+02,
       -4.1600060854926873e+01, -8.6499468340301945e+01,
       1.1897644545585909e+02, 1.8272762629462210e+02,
       5.7369305108200543e+01, 1.0229456392429775e+02,
       -1.0256943705334592e+02, 6.5042096827816522e+01,
       2.6234847923869143e+02, 1.4465644255518495e+01,
       2.1979831627073040e+01, 7.3409704434012284e+01,
       -1.2279695867235245e+02, -5.7510556134630342e+01,
       1.0494031228222369e+02, 2.8939624597494127e+01,
       -4.2376109746548893e+00, -1.8750246719560133e+02,
       2.0869764071659382e+01, -1.9840950065063506e+01,
       1.5688625320303163e+02, 1.2172112331835558e+02,
       2.0587081648262398e+01, 7.7850981018622214e+00,
       2.2554684421692862e+01, -7.2235280171987199e+01,
       -1.4123796698241858e+02, -1.2404864025096953e+02,
       6.9451724923164875e+01, -5.8445331203740054e+01,
       -2.2345283329604534e+01, -3.3885776657829361e+01,
       -7.8222332175978522e+01, 5.3413770580691256e+01,
       -2.3803496791969881e+01, -2.7621061638180936e+02,
       -9.2724691274762691e+01, -2.1075688009187111e+01,
       1.9111106900490206e+01, -1.1600704115697791e+02,
       8.7777188687669021e+00, 1.7022048364016231e+02,
       -2.7855811831702269e+01, 3.9076489546597472e+01,
       -3.6003472554852216e+01, -2.5442124150613381e+02,
       -2.7301091493093530e+01, 1.3518357437938667e+02,
       -1.0065807982021718e+02, -6.8113356107481238e+00,
       -1.0114939935334536e+02, 8.6875571906542906e+00,
       7.8227982885149061e+01, 9.6736794897656697e+00,
       1.8826225045640660e+02, -1.8024168840181620e+01,
       -8.2236828684475853e+01, 1.7839408709419374e+02,
       3.7138659842214494e+01, -4.0247211244103376e+00,
       -1.0260786299662724e+01, 6.0012923047934585e+01,
       -4.1692904137606639e+01, 1.1372671410534849e+02,
       -5.6210933884123165e+01 ]
covs: !!opencv-matrix
   rows: 123
   cols: 3
   dt: d
   data: [ 2.7647350824848027e+03, -5.4202206109221159e+01,
       4.9088116814683309e+02, -5.4202206109221166e+01,
       3.2089444189531700e+03, 1.3988681909140479e+02,
       4.9088116814683309e+02, 1.3988681909140473e+02,
       1.2521907984350364e+03, 1.9748791247470779e+03,
       -4.3224208366891702e+02, -1.7622023534848120e+02,
       -4.3224208366891691e+02, 2.6759064957540772e+03,
       1.0865973990590426e+02, -1.7622023534848117e+02,
       1.0865973990590429e+02, 8.1619624012331860e+02,
       2.8912814060150422e+03, -3.0449196272515252e+02,
       1.4857310593141724e+03, -3.0449196272515258e+02,
       5.1514671041569281e+03, 6.6458760633558495e+02,
       1.4857310593141724e+03, 6.6458760633558484e+02,
       1.3746891792540375e+03, 1.6738806378403947e+03,
       -5.0354044447640246e+02, 3.9239561944164768e+02,
       -5.0354044447640246e+02, 2.8267035529071850e+03,
       -1.1558380887218161e+02, 3.9239561944164768e+02,
       -1.1558380887218161e+02, 9.4642161054043515e+02,
       2.3394589740319525e+03, 1.5980422982074867e+02,
       3.9633187204937900e+02, 1.5980422982074870e+02,
       2.8728709403492135e+03, 1.8631142988346321e+02,
       3.9633187204937906e+02, 1.8631142988346318e+02,
       7.0255922725812275e+02, 2.9783901830020413e+03,
       3.6281081636150539e+01, 8.9900980820443078e+02,
       3.6281081636150518e+01, 2.7509753176057798e+03,
       3.5575015264388071e+02, 8.9900980820443056e+02,
       3.5575015264388071e+02, 1.2742541296051352e+03,
       8.3182121840191530e+02, -9.8826483652424969e+01,
       1.3165704903296944e+02, -9.8826483652425026e+01,
       2.7216374460823386e+03, 4.4006894528318878e+02,
       1.3165704903296941e+02, 4.4006894528318867e+02,
       6.1123288546977039e+02, 2.4672098693674652e+03,
       -2.1358708130243472e+03, 4.7014024000086198e+02,
       -2.1358708130243481e+03, 6.5474224411994937e+03,
       3.2325856280958982e+02, 4.7014024000086198e+02,
       3.2325856280958982e+02, 5.8718084039076075e+02,
       1.8993634424380598e+03, -2.6714998032490814e+02,
       4.2526035427110479e+01, -2.6714998032490814e+02,
       1.9163796666743376e+03, -1.3079395947797456e+01,
       4.2526035427110479e+01, -1.3079395947797464e+01,
       1.6873127951757128e+03, 2.2505471352896939e+03,
       -5.1718147920569083e+02, 3.1541969768216552e+02,
       -5.1718147920569072e+02, 2.7777173448811295e+03,
       -1.1881561074577313e+02, 3.1541969768216552e+02,
       -1.1881561074577310e+02, 9.3877753837062960e+02,
       2.2573373772890727e+03, 3.6944016181426468e+02,
       2.5456722609935753e+02, 3.6944016181426468e+02,
       2.3644156781699926e+03, 9.1618217695826885e+01,
       2.5456722609935753e+02, 9.1618217695826857e+01,
       9.5011494098582330e+02, 3.4453060335772525e+03,
       -8.8155664464477780e+01, -6.2851123419203577e+02,
       -8.8155664464477695e+01, 3.7261087030278977e+03,
       -4.1956150543633946e+01, -6.2851123419203566e+02,
       -4.1956150543633932e+01, 7.3406535309256492e+02,
       3.4546972829234778e+03, -8.7581327680744857e+02,
       8.1826753696192213e+02, -8.7581327680744857e+02,
       4.0366618083817052e+03, 2.4430371257653732e+02,
       8.1826753696192213e+02, 2.4430371257653732e+02,
       9.5408870031739627e+02, 1.8692829904587347e+03,
       -6.8056472537986633e+02, 1.3248223215076473e+02,
       -6.8056472537986645e+02, 3.6672282199621623e+03,
       -1.1166720715682786e+02, 1.3248223215076473e+02,
       -1.1166720715682783e+02, 5.2866936975379247e+02,
       2.4439030747332595e+03, 4.3357819643808102e+02,
       8.8653322683136594e+01, 4.3357819643808097e+02,
       4.2750108956307140e+03, -5.4280666487665042e+02,
       8.8653322683136594e+01, -5.4280666487665053e+02,
       7.0186851777198467e+02, 1.1205674483602552e+03,
       -2.2097240696533854e+02, 2.6270815841007982e+02,
       -2.2097240696533856e+02, 3.4791606849421551e+03,
       3.4341150333029749e+00, 2.6270815841007976e+02,
       3.4341150333029735e+00, 6.6219807835281608e+02,
       1.8616071481102679e+03, -7.5816458089388482e+02,
       4.0244629234081697e+02, -7.5816458089388459e+02,
       5.0588488577347189e+03, 7.0274312653666428e+01,
       4.0244629234081697e+02, 7.0274312653666442e+01,
       5.4996282213920085e+02, 3.0954040229916718e+03,
       -8.9786765686170975e+02, -3.7446572175305818e+02,
       -8.9786765686170975e+02, 5.1529391980663831e+03,
