%YAML:1.0
means: !!opencv-matrix
   rows: 15
   cols: 11
   dt: d
   data: [ 4.4228954978180735e-01, -3.0962171776549987e+01,
       8.8607012081133050e+00, 3.3072995624952910e+01,
       9.1986471413042690e+00, 8.5005142332433448e-01,
       -7.1090496042689226e+00, -4.2467304381176314e+00,
       -3.8289180296077490e+00, 1.4752652589262363e+00,
       -2.2541355686276021e-02, -2.3418731154861000e+01,
       -3.7649229582362629e+01, 1.3020615033781652e+01,
       2.2032775132095619e+01, 2.5100109424379557e+01,
       -2.5046183706872420e+00, 1.0664555744913364e+00,
       2.7001339805863004e-02, 4.0274230776861947e-01,
       6.2798776147009600e-02, 9.6766860474684996e-02,
       1.3831795878156120e+02, -1.5651070323560694e+01,
       -3.7987999164469628e+01, 1.2738679691597657e+01,
       -4.9069075104028110e+00, 1.1437758526737799e+01,
       -3.9235217559088975e-01, 6.7981024019163006e-01,
       4.4499531094447198e-01, -1.1261170050540509e-01,
       6.0009368643482802e-02, 1.4015154794390300e+01,
       4.4108288733531793e+01, 6.3417450190907294e+00,
       -2.0663506153376112e+01, 3.1582503680244461e+01,
       -6.3213220561634351e+00, 2.0432549961084447e+00,
       8.3015940021908208e-01, 4.3389010309272236e-01,
       1.0376638635899608e-01, 2.6267720754275737e-02,
       -1.9424205183643309e+02, 8.6867144775626429e+01,
       4.0808887028556057e+01, -4.9755217487910258e+01,
       -2.3007205687106005e+01, 1.2758648229276128e+01,
       -2.8545884123245782e+00, 1.9377285364569972e+00,
       7.1350700362790398e-01, -5.9643959539731957e-02,
       4.6202309534966304e-02, 6.6893279237586398e+01,
       3.5094061610226269e+01, -1.4165941523350341e+01,
       -3.5200738241709431e+01, 4.0806313001700403e+00,
       -2.5707941868922629e-01, -1.7285928893791935e+00,
       -2.6079200565265062e+00, -3.9020691519892443e+00,
       -1.8200828540247964e+00, -2.8479910155771804e-01,
       -1.3720234407682324e+02, -1.0293349809007951e+02,
       2.5927574027576060e+01, 6.5382983249668584e+01,
       -1.6600030863702390e+01, -1.0916549243652804e+00,
       1.6870873818527943e-01, -1.3711707967350628e+00,
       7.8561921028986215e-01, -3.3944173197562838e-01,
       7.2144675139341405e-02, 9.5618305488158384e+01,
       6.1073463044574208e+00, -2.2932562344431094e+01,
       -2.4365534221108742e+00, 3.3879851215102157e+00,
       4.7564984791149900e+00, -1.6374555427292592e-01,
       1.2807050730307419e+00, 3.4925369143289720e-01,
       -3.8452544158255005e-02, -4.1940757441195728e-02,
       -1.4038921506517963e+02, -9.8744137359796014e+00,
       3.5960479779885880e+01, 9.6259008686579435e+00,
       9.6600545251723860e-02, -3.8011555137799138e+00,
       1.8123132317423516e+00, 9.0101121422900965e-01,
       4.0407058329161294e-01, -3.8822264246086445e-02,
       -6.6229315615085466e-02, 3.4156047654926873e+01,
       -9.6502584271500083e+01, -1.2043160263343051e+01,
       6.2271576625490091e+01, -5.9533892157296915e+00,
       5.1277806544416593e-01, 1.8114979800222046e+00,
       -3.2730390503925122e-02, 7.0844017522321251e-02,
       -1.2718039970136361e-01, -4.9696967563906243e-02,
       4.1519239120874554e+00, 2.8195691522886285e+01,
       -3.2612099907168393e+00, -2.0629331650035091e+01,
       -3.8127490845544059e+00, -1.2793118289744410e+01,
       2.3335171825757550e+00, 1.3965874735326709e+00,
       4.2734735867323620e-01, 2.3374633301805895e-02,
       -1.7931965333626090e-01, -1.9188460173675966e+02,
       4.4589940988369632e+00, 4.1829797926738841e+01,
       -8.3420514595232961e-02, -7.9143630969320826e+00,
       4.7937383999961902e+00, -2.6146618016907333e+00,
       -3.5960831798781179e+00, -1.3879877110564272e+00,
       4.6352560948060367e-01, -3.0371977546929409e-02,
       1.6577943862807427e+01, 1.5377680681630346e+02,
       4.1040434495983663e-01, -8.4745264915820258e+01,
       1.5351907641544411e+01, 1.5556913249089476e+01,
       -6.9208898508466776e-01, 2.2893506780899044e+00,
       1.7560945874236606e+00, 3.8868807170805619e-01,
       -6.0576229291556517e-02, 8.1897351306332240e+01,
       1.5576759830389038e+01, -2.3979830792134180e+01,
       -3.2180291825962847e+01, -2.6447115394321003e+01,
       -1.9580774943536255e+01, 9.0212692411884177e-01,
       -2.3330933516976260e+00, 2.0286474314683911e-01,
       -3.4648846315262827e-02, 1.0570445881151692e-01,
       1.2745578119353490e+02, 4.9558085050965213e+00,
       -3.2039069777350697e+01, 4.7420629423942922e+00,
       -5.2139792212507645e+00, 1.8772352149491088e+01,
       -5.3293508543648418e+00, 2.0793061255114123e+00,
       -1.7862662912105225e+00, 8.2440644216742132e-01,
       2.1540710027442517e-01 ]
