%YAML:1.0
means: !!opencv-matrix
   rows: 34
   cols: 7
   dt: d
   data: [ 7.9938290444441776e+01, -3.9785559421983145e+01,
       -2.9918294810704637e+01, 2.6300431961024739e+01,
       -8.2957298764574006e+00, 7.9896317366242569e+00,
       -1.3255801836475349e+00, 8.3126728716641779e+01,
       1.7508200739832681e+01, -2.3467927014549332e+01,
       -3.3615704578039903e+01, -2.4931446399511263e+01,
       -2.0212793132050514e+01, 1.0272715791596154e+00,
       -1.4866949654249478e+02, -1.0383087183960218e+02,
       2.7045057301049535e+01, 6.6733651672871758e+01,
       -2.0021742127694051e+01, 8.6325636108283832e-01,
       -2.8282936518184476e-01, -2.6484306952922856e+02,
       5.3844733392505994e+01, -2.4740696403456838e+01,
       -3.0817974585579947e+01, -9.0447909170101770e+00,
       -3.3243836446284818e+00, -3.7710503995925010e-01,
       1.2116954067030996e+02, 7.4885944640076858e+01,
       -3.5306300210952749e+01, -4.0011131489839023e+01,
       -3.0056763680799952e+00, 1.0319209239872358e+00,
       2.5501117207896820e+00, 6.2483545729763314e+01,
       3.8038597089946983e+01, -1.6204797210376380e+01,
       -3.7951283819416702e+01, 1.0367614644919767e+00,
       -1.8404728291619882e+01, 1.0021461426376606e+00,
       -7.9697177414537435e+01, -6.7872597658905605e+01,
       7.2955124603584380e+01, 3.8382401825691929e+01,
       -1.4493446874790292e+00, -3.8200449685907829e+00,
       2.1181003073495455e+00, 3.2448113413425709e+01,
       -8.4152971121423803e+01, -2.1043179372959198e+01,
       -2.8841310069170099e+01, 2.0567910098448536e+01,
       8.5212290063886815e+00, 9.1048101353917787e-01,
       -8.1320901615396281e+01, 1.9488559023698990e+01,
       3.1061814262717217e+01, -1.6794032234890039e+01,
       1.6969700731034195e+01, -1.6028539297084489e+01,
       1.4342458182959235e+00, 8.8852616736987962e+00,
       4.2979169864901273e+01, -6.2055136675148859e-01,
       -4.3717648215537018e+01, -2.5040343752988921e+01,
       -2.1167213148715213e+01, 3.0688231531222083e+00,
       1.0741771427342057e+02, -1.9125745502411110e+01,
       -1.4441999102340723e+01, 1.7695270079566104e+01,
       -9.8695814015282857e-01, 2.1346090566198257e+01,
       -1.2830893495118874e+01, 5.1035081254218348e+01,
       -6.6124573302381819e+01, -1.7251009474384578e+01,
       4.3236245706585677e+01, 7.7390316287286263e+00,
       1.1199697307186000e+01, -7.4492332099945502e-01,
       -1.8633655768484874e+02, 4.5630991043577254e+01,
       5.5866915882623232e+01, -2.5192729606592088e+01,
       -1.4815525924174734e+01, 4.8165188244680577e+00,
       -7.6205070285953402e-01, -1.7682457990319612e+01,
       9.8251832015705389e+01, 6.4058858046166078e-01,
       -5.0236234758448006e+01, 5.0696085404690470e+00,
       9.7947202149110471e+00, -1.0915202040938830e+00,
       -6.8510730098669271e+01, -8.8855572946149692e+01,
       1.3456622598547359e+01, 5.4111487377009233e+01,
       5.7787366161595033e+00, -4.5764853467681732e+00,
       1.9343755061477705e+00, 1.2010925708271152e+02,
       -3.7675505956283111e+00, 6.4510982030516473e+01,
       6.4623600045258103e+00, 1.6596001560963071e+01,
       8.8992306666025234e-01, 8.2119998372896325e-02,
       -2.5486155872776384e+00, 4.2969371920941640e+01,
       9.6179112986540449e+00, -2.3263194980106871e+01,
       3.8919117323586441e+01, -5.9342248542109646e+00,
       1.6653045496293906e+00, 8.7048089948830224e+01,
       5.2000553131832461e+01, -2.1886457693035197e+01,
       -3.6566831376524952e+01, 6.7881577283889816e-01,
       -5.8285497465831639e+00, 8.1953600925808845e-01,
       2.2803415375013526e+02, -1.8764328521182729e+00,
       1.2128260900965191e+01, -2.1494694079912087e+00,
       -8.3299006289967039e+00, 1.0507669668120526e+01,
       -1.2057630536785302e+00, -3.8620955729625948e+01,
       -5.4061939216476922e+01, 2.3275724781962765e+01,
       4.7258821609450763e+01, 1.7935822521985795e+01,
       -7.3496272707737580e+00, -5.3046920129130601e+00,
       -8.5050003972894483e+00, 1.7928704812010000e+01,
       6.2578892815734415e+00, -1.6598203663093091e+01,
       2.2686695144058369e+01, -8.6694497633095562e+00,
       -3.1685480502783725e+00, -2.0397248801387954e+02,
       1.1799519664206605e+02, 5.1691814160667455e+01,
       -5.6557612000579695e+01, -2.0562828093730797e+01,
       3.5511637221484023e+01, -6.2539767316931947e+00,
       -1.8785438207358570e+02, -4.7238243250699107e+01,
       1.5974863514127129e+00, 2.7225054588387138e+01,
       2.3547714040651790e+00, -6.7038458547346007e+00,
       2.7176157087400696e+00, -1.7180088540524682e+02,
       3.0615896886724318e+01, 3.9080956759735862e+01,
       -7.7957731190337745e+00, -4.5479814047983718e+00,
       1.9674888391128697e+01, -2.6930186880361231e+00,
       3.6058540944614585e+01, 5.3790330663592222e+01,
       -2.3040361075528502e+01, 2.4773170479467229e+01,
       1.8104346697172893e+01, 3.3758265371030109e+00,
       1.1402787411087401e+00, 1.3617454383291835e+02,
       1.5113158482640211e+01, -6.1379479331801768e+01,
       -7.4431668072721191e+00, -6.3644641183658974e+00,
       1.2769699175306782e+01, 1.4955874563678759e-01,
       -2.0637265862259963e+02, -2.1947518333003774e+01,
       4.3990160762844432e+01, 2.4242064788668483e+01,
       -9.7367969912220200e+00, 1.1920475778514168e+01,
       -1.7964147254187779e+00, 1.1444044513599017e+02,
       -4.5304154732012705e+01, -3.3582975138284077e+01,
       3.4439379975910960e+01, -3.5259489769771042e+00,
       1.3099272276269790e+01, -1.3622245202257871e-01,
       1.5903205789795680e+00, 1.5484448785836372e+02,
       4.9209597041427404e+00, -8.6457421803612661e+01,
       1.8220687843095014e+01, 1.9619412526341968e+01,
       -1.3017886268671215e+00, 2.9960717265692658e+01,
       -9.9393337938807434e+01, -1.1142888012107226e+01,
       6.8794152529912026e+01, -4.7887888152919755e+00,
       -1.5253364307794481e+00, 2.1880073820511572e+00,
       7.7420399325616728e+01, 1.0451561080940150e+01,
       -2.2023391458043037e+01, -2.8382914857470940e+01,
       -3.1552912913258226e+01, -1.8629548432039527e+01,
       1.0310377889485998e+00, -1.5763712405563444e+02,
       7.4157223896914772e+01, 3.5266460665199716e+01,
       -5.3054544302234184e+01, -2.3773618903075182e+01,
       -4.4956459467944052e+00, -1.8459112984346040e+00,
       4.9938021223802735e+01, 1.7872455199116793e-01,
       -1.5159513601752021e+01, 8.4670714395875846e-01,
       -7.4778733434348998e+00, 7.7533742635783498e-01,
       -5.1810134977058175e-01, -3.7773622969310011e+01,
       -3.0718650164152219e+01, 1.1547885423749992e+01,
       2.4581403207792015e+01, 1.2725913569605700e+01,
       -4.7528625334531114e+00, 2.8930851594678799e+00 ]
