%YAML:1.0
means: !!opencv-matrix
   rows: 17
   cols: 2
   dt: d
   data: [ 8.1968364268110335e+01, 5.6678711543890216e+01,
       2.2533929125741892e+01, -1.0612360987774213e+02,
       -9.0010243250889104e+01, -1.1040839954475258e+01,
       9.5145093137435566e+01, -3.2545947961281016e+01,
       1.9221965389138379e+02, -2.5981939477302006e+01,
       -7.9153497309147852e+01, 1.8241457134338850e+02,
       -1.2616322816280192e+01, -2.3005735768893447e+02,
       2.8517967854234829e+00, 6.6714275418707185e+00,
       -9.1692347960998831e+01, -1.1408785541244507e+02,
       -2.3325748681138123e+01, 1.0289764751896259e+02,
       1.9213552945564922e+02, 6.5326911169841736e+01,
       -1.0749004914000194e+02, 6.8262941448035477e+01,
       -2.3022541528107379e+02, 1.0691730702000143e+02,
       1.2983447349709550e+02, -1.1820002525623104e+02,
       -2.3109813249662653e+02, -1.1852997377934773e+02,
       -2.0187771468027458e+02, -6.3143662651875125e+00,
       7.6955808581574601e+01, 1.6001383102629001e+02 ]
covs: !!opencv-matrix
   rows: 34
   cols: 2
   dt: d
   data: [ 2.4072563885721843e+03, -4.4084982355992466e+01,
       -4.4084982355992466e+01, 2.6137396989611930e+03,
       2.7053888270802336e+03, -8.5588199776851479e+02,
       -8.5588199776851479e+02, 3.2374071743618865e+03,
       1.8436410069580245e+03, 2.9557844350205396e+01,
       2.9557844350205389e+01, 2.8208113479858284e+03,
       2.7233891222887587e+03, 2.8763425557680836e+02,
       2.8763425557680824e+02, 2.5544305477269349e+03,
       3.9019200510570745e+03, -9.7906507124478890e+02,
       -9.7906507124478890e+02, 4.2036113200028194e+03,
       4.6983514342991784e+03, 7.4729138287131855e+02,
       7.4729138287131866e+02, 3.2245033037556132e+03,
       7.5278751738410901e+03, -1.4270489280402169e+03,
       -1.4270489280402169e+03, 5.4236269632931944e+03,
       2.2619460668802112e+03, -2.7604412667967193e+02,
       -2.7604412667967193e+02, 2.5968772402753661e+03,
       3.0075493427682995e+03, -3.6767066371468655e+02,
       -3.6767066371468655e+02, 3.2590747374896264e+03,
       2.7921346209032267e+03, 6.8542945581600179e+01,
       6.8542945581600179e+01, 2.9652279827275170e+03,
       3.9585545297240669e+03, 6.6952872706460099e+01,
       6.6952872706460084e+01, 4.5026102894327487e+03,
       3.5456069366739539e+03, 2.8722673947673223e+02,
       2.8722673947673229e+02, 2.7362070632999389e+03,
       3.9401586583834364e+03, 1.5646496301567395e+03,
       1.5646496301567392e+03, 6.0853459437218125e+03,
       3.4540721014546002e+03, 1.5734585616781857e+02,
       1.5734585616781857e+02, 2.3803975998590267e+03,
       2.9738965717671258e+03, -3.2809983500473481e+02,
       -3.2809983500473487e+02, 5.1778713148236875e+03,
       3.7602831225413374e+03, 1.8138437834660098e+02,
       1.8138437834660084e+02, 3.7287579979139805e+03,
       4.3866021780062501e+03, -2.6519758048127881e+02,
       -2.6519758048127881e+02, 3.5332897240363723e+03 ]
weights: !!opencv-matrix
   rows: 1
   cols: 17
   dt: d
   data: [ 8.9548494939404449e-02, 7.6909249928542450e-02,
       5.8470614764504311e-02, 8.5936779439602581e-02,
       5.4671496945515222e-02, 4.2181914043428435e-02,
       2.5787131989468047e-02, 9.5212572179442984e-02,
       6.9171197297774614e-02, 5.9298656727373604e-02,
       4.9115977226303786e-02, 5.8056094424082536e-02,
       2.9968432006320288e-02, 5.9502267868683706e-02,
       3.6873393124975277e-02, 5.4836712661422378e-02,
       5.4459014433145929e-02 ]
pca_proj: !!opencv-matrix
   rows: 2
   cols: 21
   dt: f
   data: [ 1.02604255e-02, 8.46533298e-01, 5.67100069e-05,
       -5.08859605e-02, 4.68450844e-01, 1.89823491e-04, -5.55210514e-03,
       1.46431834e-01, -1.98076777e-05, -7.31809530e-03, 1.34976640e-01,
       -4.80776835e-05, -6.69380091e-03, 1.46460637e-01, -1.57161594e-05,
       2.11501210e-05, 1.32904761e-05, -3.16381829e-07, -1.62182951e-05,
       4.47223283e-04, 4.04881848e-06, 8.19958210e-01, 1.87153444e-02,
       -7.93817599e-05, 4.28530097e-01, 8.29724409e-03, 8.75842488e-06,
       2.28233948e-01, -2.37727305e-03, -1.84168690e-04, 2.08515689e-01,
       -1.20344283e-02, -2.14158339e-04, 2.18838796e-01, -7.27251405e-04,
       -1.84816250e-04, -3.05604735e-05, -5.04301033e-06,
       -1.27042276e-05, 6.79167337e-04, 1.30049409e-06, -1.63660501e-04 ]
pca_mean: !!opencv-matrix
   rows: 1
   cols: 21
   dt: f
   data: [ 4.33646118e+02, 2.44701981e+02, 1.49672687e+00,
       4.18191803e+02, 2.60206879e+02, 1.62062907e+00, 3.68545319e+02,
       2.27059875e+02, 1.69770968e+00, 3.19420807e+02, 1.63929108e+02,
       1.75046074e+00, 3.16613464e+02, 2.25532654e+02, 1.70717156e+00,
       1.08872897e-04, -9.74175637e-05, 6.24380555e-05, -2.17504916e-04,
       -2.50119597e-01, 1.75055194e+00 ]
gamma: !!opencv-matrix
   rows: 17
   cols: 1
   dt: d
   data: [ 8.3599152854756043e-01, 8.4475541186216729e-01,
       8.3068549477803943e-01, 8.3553380430660618e-01,
       8.8301173701236246e-01, 8.8012911432268359e-01,
       9.1276340825417879e-01, 8.1998881260226308e-01,
       8.6215975464932848e-01, 8.4416819463099868e-01,
       8.8789010092247922e-01, 8.5068908679283717e-01,
       9.0092659002919628e-01, 8.5894431100831048e-01,
       8.9875885350030449e-01, 8.7955429899926130e-01,
       8.7988525618295210e-01 ]
