%YAML:1.0
means: !!opencv-matrix
   rows: 35
   cols: 9
   dt: d
   data: [ 1.0991669728244085e+02, 2.8676945001794479e+01,
       -4.6274203994268895e+01, 2.1896146916411952e+00,
       -6.9938608447469450e+00, -3.6237108487589409e+00,
       -3.4660877524028205e-01, 3.5237397349411825e-01,
       -6.8084237227673661e-01, -1.2597391655201410e+02,
       1.5391876680809712e+01, 3.0025540987609929e+01,
       -2.9630368197318788e+01, 5.6977714699768578e+00,
       -1.1968563843972303e+01, 5.0928469826769163e-01,
       8.0819364033969243e-01, -1.3938121139938833e+00,
       6.0950576030870657e+01, -2.2670654971583737e+01,
       -1.3378091834175304e+01, 9.0463572798414287e+00,
       1.6526622252002614e+01, -7.4905381394762296e+00,
       -1.9450916943628198e+00, -8.9067683851443524e-01,
       -7.7070774247971319e-01, 5.5902434032347603e+00,
       -2.0845690593637195e+02, 1.5240703941371551e+01,
       7.2683708715886553e+01, 1.0419406871891958e+01,
       -2.9334151868469945e+01, -1.8099274254846880e+00,
       -2.8351585549667235e+00, -1.2805379337477090e+00,
       -3.1808555535661878e+01, -7.8617137280804727e+01,
       1.1955009877732049e+01, 2.4113025813837556e+01,
       -7.9539527307045814e+00, -1.8494780269304965e+01,
       -1.3159470069490415e+00, -8.4422708404429336e-01,
       -1.6715874039379168e+00, -1.9011676224259013e+01,
       -2.3608112798936492e+01, 8.4423849521991965e+00,
       1.4359140676468151e+01, 2.1231759470912763e+01,
       1.4230876577671456e+01, 1.6095412927044730e+00,
       -4.8438933429041231e-01, 1.7209625944322293e-01,
       -1.3107271037614930e+02, 4.2265748171603455e+01,
       2.3358525263993720e+01, -2.1815187123216781e+01,
       6.4680780749129712e+00, 3.8166524556410035e+00,
       1.2777902256649891e+00, 5.8280909843599271e-01,
       1.6375424347590974e+00, -1.7340871115446271e+02,
       5.2442023418630406e+01, 3.2138390533212629e+01,
       -2.9243717469848978e+01, -5.6986228900430689e+00,
       3.5883846491190963e+00, 1.0461005715305569e+00,
       1.4129315618775660e+00, -8.4170223985881665e-01,
       -2.2199238545977916e+01, 2.4042579873033759e+01,
       -1.1560250816373566e+01, -4.2147338961617542e+01,
       -1.9775992263456008e+01, -7.7572374993110591e+00,
       9.1226162435453007e-01, -3.4201900706080979e+00,
       3.9806748377076686e+00, 1.1063103757776607e+02,
       4.7740316942625462e+01, -3.9254410717416469e+01,
       -9.6424109184333773e+00, -1.9359139957558437e+01,
       -1.1386286371560255e+01, -5.5067817968533828e-01,
       8.9452366325260957e-01, -1.0977872490022744e+00,
       4.7717448460648583e+01, -5.6731577951817949e+00,
       -2.8782563695284935e+01, 3.0215947680109114e+01,
       1.9843471463102087e+01, -6.6786887457448465e+00,
       1.0724669670040266e+00, -8.2093602328316195e-01,
       -7.0322510603121935e-01, 1.3249746130165664e+02,
       -2.2590412368263355e+01, -3.3446675045214242e+01,
       2.1764951670031483e+01, -2.1413157413454108e+01,
       -5.1296157216175349e+00, -1.3026489264198653e+00,
       3.8114983588429602e-01, -8.1216949556928486e-01,
       1.0285754307674900e+02, -6.4120465040987938e+01,
       -1.5967811168832242e+01, 5.1412509076266993e+01,
       -4.8026913077527835e+00, 2.0765888323337435e+01,
       1.6692690388412830e+00, 1.6703440729533411e-01,
       4.2980980227483583e-02, 3.7826227812839100e+01,
       1.2721721454014440e+02, -2.8306021154790027e+01,
       -5.1236639639769820e+01, -8.3388007515950875e+00,
       1.6252199391508750e+00, 2.3242265120409353e+00,
       -5.1515421536308087e-02, -2.2516033048729062e-01,
       -1.8433074064305021e+02, -7.4409441203211614e+01,
       3.8223190367576343e+01, 2.7355561385458277e+01,
       -2.1678673516982535e+01, 9.1549790153681023e+00,
       -2.6397573448177960e+00, 1.7478881067362123e-01,
       2.0524054838017833e+00, 8.0433139518078619e+01,
       2.5563552190177926e+01, -2.1959286646777819e+01,
       -2.1061531326146493e+01, -4.4633235559483184e+00,
       -1.9450672552247617e+01, -9.0881872587836305e+00,
       3.3195785191875924e+00, 6.8350924827571129e+00,
       9.5930801586317003e+00, -3.9612879564713708e+01,
       1.8828089006006852e+01, 1.8812143239710377e+01,
       4.0266980158053506e+01, 1.6773815680780343e-01,
       8.5118736049392918e-01, -9.3242909837865839e-01,
       -3.3554553138061000e-01, -1.3279941968972273e+02,
       1.3140198398988551e+02, 1.0739670778946689e+01,
       -5.4052650369342402e+01, -2.5053088961060581e+01,
       -4.1272198441493781e+00, -2.7973019311172526e-01,
       -1.1459050805330984e+00, -5.8057906555437899e-01,
       -8.1384605793583106e+01, 1.0485190125849489e+02,
       4.9403836261872121e+00, -5.2478135564049758e+01,
       3.1002027015242097e+00, 5.3359370971985278e+00,
       1.7105274030245898e+00, -5.0044751153682780e-02,
       -2.0677784150678835e-01, 3.5330407308749994e+00,
       9.1837970549586075e+01, -1.3175612034243402e+01,
       -3.7587913077144357e+01, -9.8594545292414590e+00,
       9.3456590438809661e-01, 1.0094956137089135e+00,
       -4.3820601126666481e-01, -6.9578046277293182e-01,
       1.5200353980843756e+01, -3.3765011589982734e+01,
       -2.2312988355928120e+01, -3.4112465794286344e+01,
       2.9134927195096385e+01, -7.3840562394638729e+00,
       1.6295185021710177e+00, -1.4733001983582383e+00,
       -6.0332147360363020e-01, -1.0660073438630400e+02,
       -2.0915174397106938e+01, 8.5221516964768313e+01,
       -5.8640372894588770e+00, -3.9808840048551111e+00,
       2.8103045109571827e+00, -2.6630966215812232e-02,
       9.9263510508089414e-01, -7.7847525870649259e-01,
       -1.7464314961871221e+02, -1.4791787555295988e+02,
       5.2970557150353706e+01, 4.8685486573037842e+01,
       -3.8926224551328595e+01, -1.7380423895382386e+01,
       -5.5075509990284441e+00, -1.7682109376563160e+00,
       -1.4552456159079215e+00, -1.4064019608650744e+02,
       -1.2539163032625346e+02, 1.8474000266587449e+01,
       -1.9731930211688628e+01, -3.1072554311084093e+00,
       1.2511574107386002e+01, 7.8355265023438703e-01,
       1.5830820200248155e+00, -6.6529529221517125e-01,
       1.4933546289585570e+02, 4.7285150806532128e+00,
       4.5442833603248154e+01, -1.8641621302436523e+01,
       8.5343808209279182e+00, -2.0382395975915695e+00,
       4.2318288658320569e-01, -9.6332324353296550e-01,
       -4.8571849105184839e-01, 6.8491126856747231e+00,
       -1.5504487567994326e+02, 1.6444255760253043e+01,
       5.3232404719121213e+01, 1.0515604129878344e+01,
       -2.7470588425410662e+00, -1.3977401735585093e+00,
       2.0826191502244100e+00, 3.3878576819944977e+00,
       1.9091043020033547e+02, 1.3748729730205620e+01,
       -5.0071892699286842e+01, 1.3872968709227923e+01,
       -9.7967143743355454e+00, -6.8937637106599663e+00,
       1.0315781928204970e+00, -4.9854901953145697e-01,
       -9.3223182179005482e-01, 2.2845087740757304e+00,
       8.9576834020707523e+01, -1.2122870818899102e+01,
       -4.1673066326044783e+01, 1.1973240740267652e+01,
       -3.5673432030695871e+00, 1.4812869222472345e+00,
       -1.0356755624900221e-01, -3.4952338673310551e-01,
       2.1606488865976338e+01, -6.7460260318387967e+01,
       3.0126397607026791e+00, 4.5125216618497170e+01,
       -3.5290515774671050e+01, 2.9375117395461075e+01,
       2.8296442251831024e+00, 1.7270441860596462e+00,
       2.0987147708901507e-01, -1.2560882537539221e+01,
       1.2147977327883352e+02, 1.9867789111228880e+01,
       -2.9201959686166060e+01, 1.9008534947993116e+01,
       2.5608636236722167e-02, -1.2816960075310362e+01,
       2.5111992314796638e+00, 6.0012081110115991e+00,
       -3.1048155272021994e+01, -2.1521102328353351e+01,
       1.8205185116854967e+01, -1.7354904017105263e-01,
       1.7043726981971957e+01, 2.5395233978021943e+00,
       -4.5030668739449995e+00, 9.7728400380744362e-01,
       6.5269611924571826e+00, -2.1310273790837127e+02,
       3.1831552669282677e+00, 3.7704747054514918e+01,
