%YAML:1.0
means: !!opencv-matrix
   rows: 21
   cols: 1
   dt: d
   data: [ -2.1732652978809856e+01, 1.2753337530996821e+02,
       -2.2029789410764582e+02, -1.5789681084706964e+02,
       7.6119747512841343e+01, 1.8667115810089976e+02,
       -7.5594939444520236e+01, 4.0341398630593792e+00,
       2.6396008883381967e+02, 2.7750639199749287e+01,
       -3.2861549383079631e+02, 1.0134235005807152e+02,
       -1.3107525706342068e+02, -4.9079960761155149e+01,
       1.5599065899427640e+02, -2.9017930236316408e+02,
       -2.5458099302939885e+02, 2.2358344509367083e+02,
       -1.8846433619184796e+02, 5.1740319464473565e+01,
       -1.0317247603587516e+02 ]
covs: !!opencv-matrix
   rows: 21
   cols: 1
   dt: d
   data: [ 1.6986583051103580e+02, 1.9276253531752053e+02,
       2.5145126699041057e+02, 2.0136966072299720e+02,
       1.5242117487237309e+02, 2.5091853262947282e+02,
       1.8683982972536933e+02, 1.6351810454204619e+02,
       7.5958486446082520e+02, 1.5744991182547062e+02,
       8.8305888202376150e+02, 1.6566967459214121e+02,
       1.9054567603694238e+02, 1.8810779133514313e+02,
       2.0917063407716998e+02, 4.9751647357787624e+02,
       3.3346899573087512e+02, 4.3091875820101791e+02,
       2.2200213750697645e+02, 1.4830892693844913e+02,
       1.8591227322541934e+02 ]
weights: !!opencv-matrix
   rows: 1
   cols: 21
   dt: d
   data: [ 6.9262074204086130e-02, 6.3420638976490543e-02,
       3.2355455416191933e-02, 3.8744300896535203e-02,
       7.3663564463684106e-02, 4.3890160043513864e-02,
       5.5316876085826958e-02, 6.8338396204466828e-02,
       1.2476263434607131e-02, 6.6822928281171798e-02,
       8.1541910197690110e-03, 7.3440682249602915e-02,
       4.3720891207691862e-02, 5.8795046185470851e-02,
       5.7330753054593682e-02, 1.7456788637096921e-02,
       2.5006829267437525e-02, 2.8919932873396528e-02,
       3.6127524987199761e-02, 7.3476042865475613e-02,
       5.3280659645672662e-02 ]
pca_proj: !!opencv-matrix
   rows: 1
   cols: 21
   dt: f
   data: [ 4.36961316e-02, 8.50134730e-01, 1.73015636e-04,
       6.54514134e-02, 4.60692108e-01, 2.29939164e-04, 7.67599978e-03,
       1.46649793e-01, -1.37564148e-05, 1.21663406e-03, 1.30500361e-01,
       -5.45994153e-05, 8.06188770e-03, 1.42052382e-01, -2.12945142e-05,
       -2.45414903e-05, 9.56867734e-06, -1.94090262e-06, 3.13729906e-05,
       4.34020360e-04, 2.32224409e-07 ]
pca_mean: !!opencv-matrix
   rows: 1
   cols: 21
   dt: f
   data: [ 2.07625534e+02, 2.55653595e+02, 1.54502928e+00,
       2.18915131e+02, 2.60592743e+02, 1.67241716e+00, 2.65274475e+02,
       2.24016678e+02, 1.71669352e+00, 3.19420807e+02, 1.63929108e+02,
       1.75046074e+00, 3.16613464e+02, 2.25532654e+02, 1.70717156e+00,
       1.08872897e-04, -9.74175637e-05, 6.24380555e-05, -2.17504916e-04,
       -2.50119597e-01, 1.75055194e+00 ]
gamma: !!opencv-matrix
   rows: 21
   cols: 1
   dt: d
   data: [ 7.7815155855952212e-01, 8.3302994727375768e-01,
       8.7689279909592932e-01, 8.4863862211264707e-01,
       8.0202657666192756e-01, 8.6383355721443822e-01,
       8.0173448353677279e-01, 7.7568901959024184e-01,
       8.9666953518503723e-01, 7.7974215758132936e-01,
       9.1267640875922007e-01, 8.1720098129627128e-01,
       8.3405391118316041e-01, 7.8815325677333403e-01,
       8.4863639849887373e-01, 9.0111851275837052e-01,
       8.8956170362365161e-01, 8.8072114046543548e-01,
       8.6349763999903695e-01, 7.8892741858399784e-01,
       8.1778821335137020e-01 ]
