%YAML:1.0
means: !!opencv-matrix
   rows: 25
   cols: 9
   dt: d
   data: [ 1.0184477651788539e+02, -6.4061888970078073e+01,
       -1.9868602642828968e+01, 4.6042353667870934e+01,
       -1.9797600853414444e+01, 1.5516772516388579e+01,
       1.4806425006243931e+00, -4.4113512226327145e-01,
       -2.3440155265033552e-01, 8.4732364667424740e+00,
       -3.9930725412476349e+01, 1.7761918684880168e+01,
       1.3206564001299325e+01, 3.9652951355355988e+01,
       -6.6790098307204018e-02, 1.0561570757970833e+00,
       -8.6772139424779615e-01, -3.3575299387496577e-01,
       -1.9518489743455632e+02, -4.2747410667819594e+01,
       5.1314425483519670e+01, 5.8959895245171605e+00,
       -1.5988184544178312e+01, -3.8992528761854778e-01,
       -5.0130894727750153e-01, 1.0197591364138436e+00,
       -1.3291076616773094e+00, 1.2347414561272095e+02,
       3.0260706325154672e+01, -3.4035607654945764e+01,
       -1.9988595264869791e+00, -8.9097524881913674e+00,
       -6.4295890567891059e+00, -1.4214430934140130e+00,
       9.6375934531124488e-02, -6.8053986956998747e-01,
       -1.5052712409614529e+02, 4.2061086043435921e+01,
       3.7518370423761276e+01, -3.0665785892849822e+01,
       -9.0138906665968299e-02, -1.1705975815332639e+01,
       -4.0559573930768467e-01, 1.0718495015411749e+00,
       -1.4697198843359587e+00, -1.4696001313786806e+02,
       -5.6511829883380614e+01, 3.8552944129697387e+01,
       2.8100533936315166e+01, -1.5779154882761274e+01,
       1.6143658079073106e+01, -4.2382612883127013e-01,
       7.7966049087637979e-01, 8.7088867364807443e-01,
       -1.3743681743499837e+02, 1.1743579637995133e+02,
       1.1306087029372538e+01, -5.2678572895600567e+01,
       -1.8782460555553062e+01, -6.3290254292991754e+00,
       -1.4572490355391304e-01, -7.6528602900349396e-01,
       1.8209490005892878e-01, -1.9380819434712382e+01,
       1.2978828500625950e+01, -1.0146218592406738e+01,
       -3.4999716783460883e+01, -1.9660586812992928e+01,
       -9.4827531974942012e+00, 7.4826612734438214e-01,
       -3.3038887049736756e+00, 4.5836216817022777e+00,
       -1.5628625916187676e+02, 6.4774931354052740e+01,
       2.9237225397485034e+01, -3.5393312437463180e+01,
       -3.9840919092377129e+00, 4.6601859149211391e+00,
       1.2960910096992000e+00, 1.3988111313170670e+00,
       -7.0621622465733547e-01, -1.4500375023400807e+01,
       3.0011675609525557e+01, -1.6994934014247072e+01,
       -8.0837217090787661e+01, 6.8572533413858157e+00,
       1.3708953528952481e+00, 1.2505535014407203e+00,
       -7.6143059558025328e-01, -3.3039800286895171e-01,
       1.9160055438335749e+02, 1.1791280748299100e+01,
       -4.9430770027514129e+01, 1.3881943670271944e+01,
       -9.7751145756347331e+00, -6.9964206988850366e+00,
       1.0452516133303584e+00, -5.3818451373143961e-01,
       -9.2365929833078542e-01, 8.6090175179252498e+01,
       -3.0172984988166853e+01, 5.7712639210505978e+00,
       1.2619674881271012e+01, 1.9550227400872281e+01,
       -2.7376746717472740e+00, 1.9543360993934608e-01,
       -7.4963821809020681e-01, -7.0283923843391238e-01,
       -3.0007663310193379e+01, -1.3838441432379444e+01,
       -6.8000861970855254e+01, 1.8476903950082807e+01,
       2.2405087520671124e+01, -1.9262113226848021e+00,
       8.8811221293708842e-01, -4.9738947731315297e-01,
       -5.9456804381158035e-01, 4.5685699441531582e+01,
       1.3227649023474752e+01, -1.0971524024814400e+01,
       -2.2034235339384349e+01, 7.0737302163378777e+00,
       -1.9888996450584333e+01, -7.3487005665398861e+00,
       3.8111462315006235e+00, 6.8306931561935231e+00,
       7.1326311047905184e+00, -1.8201356700480698e+01,
       1.6412826824570118e+01, 2.8041497597270730e+00,
       1.6888841157361526e+01, 1.3239135891188887e+01,
       1.8456008075505976e+00, -6.8562428862056879e-01,
       3.0323108392428971e-01, 3.9911403149376000e+01,
       1.2840134174626090e+02, -2.8952803867912738e+01,
       -4.9620586478224595e+01, -8.3157603052816427e+00,
       1.4954320935855816e+00, 2.3054939192433377e+00,
       1.0091018474169358e-01, -2.3730098896605006e-01,
       9.9464155190631246e+01, -4.6163651884135518e+01,
       -2.1696778336477028e+01, 3.6398265735604497e+01,
       -2.7602559707287114e+01, 2.3503285818211371e+01,
       1.2093756315460875e+00, 1.3349721189919843e+00,
       5.1867646937027823e-01, -4.7010863623310737e+00,
       1.1424486161176388e+02, 1.4727189787356675e+01,
       -3.0386111776257145e+01, 1.4726424178175003e+01,
       -2.0416275108850681e+00, -1.1179728984767491e+01,
       2.4780643276455980e+00, 5.7797382297709099e+00,
       -1.6045835950094823e+01, 1.5245166948022742e+02,
       4.3831443869157063e+00, -1.5140389748465855e+01,
       9.6263347718551184e+00, -3.3700705644384223e+00,
       1.7095438902085240e+00, -2.1628607256061008e-01,
       -2.4320080047087003e-01, 5.8586888259548555e+00,
       -2.0918625416714747e+02, 1.4260421344840134e+01,
       7.2080974481933367e+01, 1.1130828351048766e+01,
       -2.9208871783417816e+01, -1.8036564111730209e+00,
       -2.9094243364109795e+00, -1.1558311188792123e+00,
       -7.2180400110451743e+01, -3.7918114928723249e+01,
       3.2855557939215558e+01, 1.5475515130106313e+01,
       1.6727069331138175e+01, 1.6426671853154843e+01,
       2.1655456446904569e+00, 8.1017995494455630e-01,
       2.6312079372667049e-02, -1.7386977773731292e+02,
       -1.3713955744110191e+02, 4.8120243608637644e+01,
       4.4800069300368150e+01, -3.4286315672333629e+01,
       -1.1360042180642511e+01, -5.4255214990160221e+00,
       -1.4934290719109218e+00, 1.9919518275318215e-01,
       -1.0344108517222743e+02, -6.3492443605066647e+01,
       3.0831297822188972e+01, 4.8608317644232626e+00,
       4.8569157751268328e+00, -1.1132912952269333e+01,
       -1.9447661259413711e+00, 6.1943362690226789e-01,
       2.2449657672043117e+00, 1.3903583141257451e+02,
       2.7001909426121959e+01, -3.3453450898330019e+01,
       -1.1914390476550949e+01, -1.7496360300888988e+01,
       -1.0846580379020391e+01, -1.3037487921271309e+01,
       1.0678820508923101e+00, 8.2479493108660904e+00,
       1.4007116839077487e+01, -1.0293504945078062e+01,
       -3.5644947751747678e+00, 6.0617193346554528e+00,
       -9.4018308815651004e+00, -8.4645008858096542e+00,
       1.7034812353061219e-02, -6.0683378213001704e-01,
       -1.1844947778509560e+00 ]
