%YAML:1.0
means: !!opencv-matrix
   rows: 15
   cols: 6
   dt: d
   data: [ -1.1676580980002635e+02, 1.0865710419317830e+02,
       8.8472408751042941e+00, -5.3024075749320275e+01,
       -9.1885223678990364e+00, 1.0807368057207436e+00,
       1.3789862163488931e+02, -2.3622894693744609e+01,
       5.4010278177462624e+01, -8.7053741781755214e+00,
       1.5661815963921285e+01, -3.5570257802096923e+00,
       2.7139501654437055e+01, 1.2225656485591968e+02,
       -2.5744150373032451e+01, -4.9979766704197338e+01,
       -7.7618299857116941e+00, -4.0632640798514680e-01,
       1.4089530372129730e+02, 5.6057925401965790e+01,
       -2.3176631374774605e+01, 7.2847423159733026e+01,
       -1.2229229362988505e+01, -5.2891224375877419e+00,
       1.1135419146554462e+02, 4.1099510374683220e+01,
       -3.7070302777839672e+01, -1.0334060246662416e+01,
       -1.1078655941873890e+01, -5.4438635351049527e+00,
       6.2519961853550843e+00, -1.5085806955202796e+02,
       1.4523124742362583e+01, 5.4608593892557863e+01,
       2.1455497433548803e+01, -7.2193104409703439e+00,
       6.6174214530726179e+00, 8.8513458729908905e+01,
       -1.0687766033417255e+01, -3.6196283057619219e+01,
       1.2991582367151358e+01, -5.0763665620372693e+00,
       -1.6710187726662303e+02, -9.5015474930634454e+01,
       4.8007617975647982e+01, 3.3932741943569006e+01,
       -2.7839856899669812e+01, 1.3526245755859327e+00,
       -8.8874351563935534e+01, -1.2041625341126796e+00,
       7.8299298659127075e+01, -2.2119011844092249e+01,
       -9.5510176642309419e-01, -3.4669358536838085e-01,
       -1.6842491201636875e+01, -2.0573970907930562e+01,
       -3.0224842534505743e+00, 3.5999675846436046e+00,
       2.4237583237828659e+01, -8.9190329063994529e+00,
       1.2952056646149492e+02, -7.7854917701353742e+01,
       -3.8367512965269171e+01, 1.8405144587210859e+01,
       -2.2355626010798357e+01, 6.3765548268697287e+00,
       9.9490463499067729e+01, -4.7480003814990013e+01,
       -2.2007872358135582e+01, 3.6568164660313137e+01,
       -2.7127521960799672e+01, 2.3636797933662244e+01,
       -2.1468221192981824e+02, -1.1426755726434819e+00,
       6.1194406280352742e-01, -2.3792415558013866e+00,
       -8.3802906539705291e-01, -1.4929931963172085e+00,
       3.0914368352232422e+01, -1.0556552229108675e+02,
       -2.4494073900936218e+01, -1.8037920802592595e+01,
       1.3460157352541108e+01, 9.1737086527621283e+00,
       2.4555318558660201e+01, 2.7325461363290888e+01,
       -2.1221062567440456e+00, 5.2133403653015087e+01,
       1.4417931773926625e+01, 6.4223941390536554e+00 ]
covs: !!opencv-matrix
   rows: 90
   cols: 6
   dt: d
   data: [ 6.3498586604609891e+03, -1.9448427311985083e+02,
       2.6108754330263805e+03, -1.1234520358967900e+03,
       2.9514173398841461e+02, 1.3917712249291409e+02,
       -1.9448427311985074e+02, 5.9633167860881513e+03,
       7.7806736176008246e+02, 2.4211033766972887e+03,
       -7.3898251866164770e+01, -4.5811799786272573e+01,
       2.6108754330263805e+03, 7.7806736176008258e+02,
       2.6065600655992730e+03, 2.4593952986706828e+01,
       -1.3663131907896818e+02, -8.2827388140878853e+01,
       -1.1234520358967900e+03, 2.4211033766972887e+03,
       2.4593952986706796e+01, 1.7627567908379990e+03,
       3.5320029490675751e+01, -1.0405565569079890e+02,
       2.9514173398841461e+02, -7.3898251866164799e+01,
       -1.3663131907896818e+02, 3.5320029490675736e+01,
       2.0176307143052759e+02, 8.6655724108743627e+01,
       1.3917712249291409e+02, -4.5811799786272545e+01,
       -8.2827388140878867e+01, -1.0405565569079894e+02,
       8.6655724108743627e+01, 6.7415248213670694e+01,
       3.4159002929025455e+03, -7.7833132292533492e+01,
       -8.4216785492542442e+02, 5.4664680919929594e+01,
       -7.9380695601312243e+02, -1.6475672179480875e+02,
       -7.7833132292533548e+01, 8.1658956311293077e+03,
       4.0696749924692352e+02, 1.1860851454661524e+03,
       -1.1766879086221630e+01, -3.1727592878903340e+02,
       -8.4216785492542431e+02, 4.0696749924692347e+02,
       7.4988385060734970e+02, 4.9327137433931227e+02,
       3.4724114196962290e+02, 1.0993213158407872e+02,
       5.4664680919929545e+01, 1.1860851454661524e+03,
       4.9327137433931227e+02, 1.9158531390143510e+03,
       2.9522842351438371e+01, 7.6159344710321513e+00,
       -7.9380695601312243e+02, -1.1766879086221635e+01,
       3.4724114196962290e+02, 2.9522842351438385e+01,
       3.7072313256391016e+02, 7.0216962105200793e+01,
       -1.6475672179480881e+02, -3.1727592878903340e+02,
       1.0993213158407873e+02, 7.6159344710321513e+00,
       7.0216962105200793e+01, 1.3399990467188246e+02,
       8.0921902937970972e+03, -1.3379717344148189e+03,
       2.5105129375404695e+03, -4.1755815690277973e+02,
       2.2830847666181793e+02, -1.6622872721371144e+02,
       -1.3379717344148187e+03, 6.7680260421968724e+03,
       9.3204073432932137e+02, 2.3808332949959645e+03,
       -5.5701845453141466e+01, 8.9112055915338388e+01,
       2.5105129375404699e+03, 9.3204073432932137e+02,
       2.6663105638106449e+03, -2.0527193534160480e+02,
       -1.5970990084417389e+02, -3.6631441981338561e+01,
       -4.1755815690277973e+02, 2.3808332949959645e+03,
       -2.0527193534160475e+02, 1.8912490014111240e+03,
       1.2098146268872122e+02, -1.8030126465960836e+02,
       2.2830847666181791e+02, -5.5701845453141466e+01,
       -1.5970990084417389e+02, 1.2098146268872122e+02,
       7.0855553443363902e+01, -2.3357455574815212e+01,
       -1.6622872721371144e+02, 8.9112055915338388e+01,
       -3.6631441981338568e+01, -1.8030126465960836e+02,
       -2.3357455574815209e+01, 5.9629727775640191e+01,
       6.5526538992580527e+03, 8.0557171308647514e+02,
       2.3388304691299800e+03, -7.0447630802343315e+02,
       -5.6387044653869651e+00, -1.3699509698387524e+02,
       8.0557171308647503e+02, 2.5970803391137224e+03,
       -4.6605525442531513e+02, 3.3138039082537404e+01,
       1.0411662363367424e+02, 3.6775495181497227e+01,
       2.3388304691299795e+03, -4.6605525442531513e+02,
       2.5906087982508834e+03, -4.7386448508555623e+02,
       -2.2241430142418557e+02, 1.0180555871731566e+02,
       -7.0447630802343315e+02, 3.3138039082537432e+01,
       -4.7386448508555623e+02, 5.4489636115998735e+02,
       -2.3153978077721352e+01, 6.5338499509498078e+01,
       -5.6387044653869571e+00, 1.0411662363367424e+02,
       -2.2241430142418557e+02, -2.3153978077721348e+01,
       1.0354874756598419e+02, -1.0528145866270438e+02,
       -1.3699509698387530e+02, 3.6775495181497242e+01,
       1.0180555871731566e+02, 6.5338499509498078e+01,
       -1.0528145866270438e+02, 1.8964905705211513e+02,
       9.8084489368035720e+03, -2.1530797805072934e+03,
       1.8636923187262250e+03, 5.3101688890830508e+02,
       -7.1904914539755808e+01, -8.6234491848243096e+01,
       -2.1530797805072934e+03, 9.0411160778849317e+03,
       1.1072593915052428e+03, 1.3724687923617496e+03,
       1.1839892753698701e+01, 2.3767354557696257e+02,
       1.8636923187262250e+03, 1.1072593915052428e+03,
       2.6542479088466653e+03, -3.5097969237047568e+02,
       -8.5793580651054825e+01, -5.2062288561325254e+01,
       5.3101688890830508e+02, 1.3724687923617494e+03,
       -3.5097969237047568e+02, 2.0916148293035949e+03,
       4.6847767001696496e+01, -1.6447926504787910e+02,
       -7.1904914539755808e+01, 1.1839892753698704e+01,
       -8.5793580651054825e+01, 4.6847767001696504e+01,
       4.2925103552337134e+01, 1.1970137057551893e+00,
       -8.6234491848243124e+01, 2.3767354557696251e+02,
       -5.2062288561325268e+01, -1.6447926504787907e+02,
       1.1970137057551893e+00, 8.4603633375190256e+01,
       5.1027053671754184e+03, -8.4103052363841448e+02,
       2.8362190090995487e+03, -8.3740102753243741e+02,
       -4.0601417234532526e+01, -1.0000860142053997e+02,
       -8.4103052363841448e+02, 9.7047876393512252e+03,
       1.1398359109832852e+03, 1.5006143326694933e+03,
