%YAML:1.0
means: !!opencv-matrix
   rows: 29
   cols: 7
   dt: d
   data: [ -1.4312505860942252e+02, 5.6655726852194185e+01,
       2.5681073435374454e+01, -3.6271297248276746e+01,
       2.2150848788906274e+00, -4.0472154101317885e+00,
       6.5159839510336437e-01, 4.2627434736487835e+01,
       -1.0364341485406567e+02, -4.4369226690736959e+01,
       -2.3496141649823993e+01, 1.7804170082257361e+01,
       -1.0200071868979026e+00, 4.1392151188498288e-01,
       -1.9699898114372718e+02, -5.7248000207508419e+01,
       4.9553370621514027e+01, 1.0909885067093862e+01,
       -1.5356705451020247e+01, 8.2760762427821349e-03,
       -1.1938169038669657e+00, 1.8772419382691237e+02,
       1.1639881951320980e+01, -5.0644595715210919e+01,
       1.4757938737847914e+01, -9.4471842298004152e+00,
       -7.3096174977181150e+00, 1.0242848501562780e+00,
       1.7144164532783270e+02, 8.5452278299339056e+01,
       3.9176812788538044e+01, -1.8363945597979082e+01,
       -9.8373827210972511e+00, -5.0338406519615280e+00,
       -1.0457968074610238e+00, 2.2019284823594667e+01,
       -6.6949176603001106e+01, 2.6796780392321717e+00,
       4.5013112728384478e+01, -3.8245219080007367e+01,
       2.8989417929468683e+01, 2.5550923807818973e+00,
       -2.0156025545055348e+02, 1.9026125827833969e+01,
       4.4730788875007633e+01, -2.4693793913606825e+01,
       -1.0792246656038721e+01, -5.9121121523573041e+00,
       -3.3109489736386288e-01, -2.3093469571279662e+01,
       3.2449265323743610e+00, -6.0778912986367168e+01,
       3.6117358126503227e+01, 2.4182843146182595e+01,
       -4.8511153835832062e+00, 1.3349196492166842e+00,
       -5.6489351394606757e+01, -4.2267595109206056e+01,
       2.8436059708742523e+01, 1.7631379092297443e+01,
       2.3738883661162607e+01, 1.3565067884775402e+01,
       1.7929282581778185e+00, 1.0340417501282525e+02,
       3.1942722752379876e+01, -3.5980005951373109e+01,
       -3.8143309756764294e+00, -8.7483417629976081e+00,
       -1.6261261852378460e+01, -4.8996167698902786e+00,
       1.8072852775007558e+01, 9.1629736516979804e+01,
       -1.6676803247477917e+01, -3.7320263162837406e+01,
       1.1642410891607588e+01, -5.7091991460053348e+00,
       1.2292793844122925e+00, 4.4196575918552838e+01,
       1.9037289562446045e+01, -3.8901703641763298e+01,
       -8.8140039850532901e+01, -8.9636223910464032e+00,
       1.5334800842899445e+00, -2.9464840042136992e-01,
       -1.3704514138503259e+02, -5.7443739053425290e+01,
       4.1674887182114908e+01, 1.8982207307681935e+00,
       -1.1604636944222178e+00, -1.9970876995918022e+01,
       -2.1707837166856896e+00, -1.4907154782729737e+02,
       1.1862570321959818e+02, 1.5969772674587162e+01,
       -5.1551460897071443e+01, -2.3889543123783870e+01,
       -4.7399783056247440e+00, -5.0381275708595408e-01,
       1.2441251983368194e+02, -3.9189621635514072e+01,
       -3.3990513209352272e+01, 3.2661062002196694e+01,
       -1.8975540945000066e+01, 2.9817173732459903e+00,
       8.4515044773175207e-01, 2.6553609681098624e+00,
       -9.5053907227539582e+01, -1.4807816913107765e+00,
       3.0671235552419230e+01, -7.5092181176701294e+00,
       -1.4740745059706072e+01, -1.4748467963330540e+00,
       1.4739752284879791e+02, -8.5333870817961525e+01,
       3.2240566285473832e+01, -3.8093289866953803e+01,
       1.2802437266262263e+01, -7.5275546002307980e-01,
       -4.3523444174407294e-01, -2.8342728867377711e+00,
       -3.3664342602152497e+00, 3.5748048912449519e+00,
       -7.0568174897026683e+00, 3.7575429335073572e+01,
       -1.2717301139871905e+01, -8.6381498038634352e-01,
       -7.6745007306625268e+01, 1.0137292066880539e+02,
       5.5016197421064721e+00, -4.9613148178483954e+01,
       4.5434668908023994e+00, 5.0342148627888257e+00,
       1.9786009705608241e+00, 3.7873231029726377e+00,
       8.3576373532497541e+01, -3.1472231047847314e+00,
       -2.8095883055949518e+01, 7.7893558845529522e+00,
       -4.7655629516655855e+00, -7.8686588806669509e+00,
       9.1098816289244155e+01, 3.4223505807626310e+01,
       1.2453850850445976e+01, 3.8471588293040860e+01,
       1.8218194229857190e+01, -7.4876179300580477e+00,
       -4.0903740619645960e-02, 8.7912002514459928e+01,
       -5.7326222646704309e+01, -1.2937164262611951e+01,
       4.9199851345244419e+01, -5.2154586288014579e+00,
       2.6587472677362214e+01, 2.2396550841215457e+00,
       1.0063900977024473e+02, -4.7991251614378882e+01,
       -2.1474468272693375e+01, 3.5873701026648504e+01,
       -2.7476118582670438e+01, 2.2868194369238090e+01,
       1.1579017183103300e+00, 6.3447488580153475e+01,
       1.9643232658910950e+01, -3.0329399752296400e+01,
       -4.4507601790363294e-01, -1.1007087069497830e+01,
       -6.2208180280242829e+00, -1.5166576023356260e+00,
       1.9681610268000880e+00, -1.9349949624132745e+02,
       1.8014671927548523e+01, 7.0046359801820316e+01,
       1.4144049301107435e+01, -2.7699239890874239e+01,
       -1.3364715657522361e+00, -1.3593349577643320e+02,
       -6.1086136592059475e+01, 3.8365753881202728e+01,
       3.0235481658589837e+01, -1.7324858024301140e+01,
       1.8368249845063342e+01, -6.9772721145636107e-01,
       4.0346203809105607e-01, -1.7728399392697739e+01,
       1.1242226579194217e+01, 1.1052102920388998e+01,
       2.0382469866412848e+01, 1.2500541667205374e+01,
       1.5815850808834406e+00, -1.6976443873055320e+02,
       -1.5637757358255436e+02, 5.3049632966353585e+01,
       5.1993055450719154e+01, -4.0947420082719347e+01,
       -1.9078259890100004e+01, -5.5466781898742132e+00,
       3.1204965506891259e+01, 1.3146989100677141e+02,
       -2.8837664152245935e+01, -5.0118419269767301e+01,
       -9.0332143984156428e+00, 1.7657867007076633e+00,
       2.4449851079550826e+00 ]
