%YAML:1.0
means: !!opencv-matrix
   rows: 46
   cols: 1
   dt: d
   data: [ 9.2446335186203214e+01, -1.1839190197846848e+02,
       1.3357636126718795e+01, -2.8477829699677733e+02,
       1.6779677656315391e+02, -4.5108329732603821e+01,
       -1.9511289639172341e+02, 2.2872143796092362e+02,
       1.3061880109955629e+02, 6.4375296508279817e+01,
       -2.2167136322455974e+01, -1.5848990294602692e+02,
       -9.3297957759720049e+01, -2.0694017162189482e+02,
       -3.5617529863700929e+02, -2.6571289104649662e+02,
       2.6484251554050792e+02, 2.5984947558874023e+01,
       1.9726050280458855e+02, -3.3102609116582380e+02,
       -2.3544982049640777e+02, 1.3321923225229269e+00,
       7.8355958172571064e+01, 1.0553365395176017e+02,
       -1.4514383823511545e+02, -6.8882207132971587e+01,
       2.4579541365554169e+02, 3.8732861996846019e+01,
       1.5444969841352329e+02, -1.0598751201696669e+02,
       -3.0774268710015400e+02, 2.8749290242077655e+02,
       -1.8297380297503398e+02, 1.8217661413718105e+02,
       5.0797665608680035e+01, -1.0911385796177330e+01,
       -2.2043116551218930e+02, 2.1480340768919456e+02,
       -3.3240524365982147e+01, -5.7293115552374580e+01,
       1.1846090714260777e+02, -2.5012671035732927e+02,
       -1.3183146329815855e+02, -1.7106420866122613e+02,
       1.4228741722314737e+02, -8.0769194709270337e+01 ]
covs: !!opencv-matrix
   rows: 46
   cols: 1
   dt: d
   data: [ 4.2842356337893094e+01, 4.1131586570329162e+01,
       3.3306630831966203e+01, 8.3483555686550076e+01,
       4.2192279038214409e+01, 3.2055412874954342e+01,
       2.5763482364212916e+01, 9.0990168861279443e+01,
       4.0169711917489174e+01, 4.5972316310725205e+01,
       3.6187406988053723e+01, 4.1569212980844277e+01,
       3.3542618517758122e+01, 2.7101908918027707e+01,
       4.8340090745217526e+02, 7.2689267681935277e+01,
       1.5259106030625406e+02, 3.3396972429937428e+01,
       4.9708124589731376e+01, 2.2037788612530710e+02,
       5.3033847323701856e+01, 3.5022539093893791e+01,
       4.9722618042570225e+01, 3.7787361825833337e+01,
       4.2911055434219307e+01, 2.8171309286588141e+01,
       9.3038502164917560e+01, 3.6803969648225490e+01,
       3.8382543808715603e+01, 3.8520360535490411e+01,
       1.2572021796556606e+02, 4.1180340045841251e+02,
       3.0200567084168220e+01, 4.7781737361014606e+01,
       3.9999041105782219e+01, 3.5308322792269983e+01,
       3.8974161761762296e+01, 6.5212365550769533e+01,
       3.4496239068111507e+01, 2.9414599142455071e+01,
       3.7521080185855709e+01, 6.8417231790888167e+01,
       4.0647037068714184e+01, 3.6439080660977609e+01,
       3.9164912752023184e+01, 2.9461523404013487e+01 ]
weights: !!opencv-matrix
   rows: 1
   cols: 46
   dt: d
   data: [ 3.9579334529457791e-02, 2.2634192534842303e-02,
       3.5104847878643486e-02, 1.0162446312522900e-02,
       2.3770974427586126e-02, 2.6472537061601981e-02,
       1.2930885642833487e-02, 9.6620795201018284e-03,
       2.6417727828265160e-02, 4.2694543058195429e-02,
       2.8439199857739354e-02, 1.8573957830956781e-02,
       2.5500939643485293e-02, 1.2546884243464505e-02,
       2.5691357242558538e-03, 1.0928728601056094e-02,
       4.9276446839712175e-03, 3.5637039417518758e-02,
       1.8515591667537665e-02, 3.9818652720238741e-03,
       1.2804821561900036e-02, 3.2760444386380316e-02,
       4.3522070637068984e-02, 3.5305883353765381e-02,
       2.0651347698802853e-02, 2.4682523055423778e-02,
       8.0967025663633372e-03, 3.5704990455422539e-02,
       2.5168726975496450e-02, 2.3310442631744914e-02,
       7.6078219777055908e-03, 4.6637852705773766e-03,
       1.4724683097140112e-02, 2.1732784928713653e-02,
       3.8506588374439731e-02, 3.2185222242730849e-02,
       1.4912920836758832e-02, 1.2784954726144002e-02,
       2.7378690116655408e-02, 2.5237219001791121e-02,
       3.1906285145813465e-02, 1.1185198552556005e-02,
       2.1408220963551369e-02, 1.4184924355287863e-02,
       2.4766682200149669e-02, 2.3755509151547873e-02 ]
pca_proj: !!opencv-matrix
   rows: 1
   cols: 21
   dt: f
   data: [ 4.36961316e-02, 8.50134730e-01, 1.73015636e-04,
       6.54514134e-02, 4.60692108e-01, 2.29939164e-04, 7.67599978e-03,
       1.46649793e-01, -1.37564148e-05, 1.21663406e-03, 1.30500361e-01,
       -5.45994153e-05, 8.06188770e-03, 1.42052382e-01, -2.12945142e-05,
       -2.45414903e-05, 9.56867734e-06, -1.94090262e-06, 3.13729906e-05,
       4.34020360e-04, 2.32224409e-07 ]
pca_mean: !!opencv-matrix
   rows: 1
   cols: 21
   dt: f
   data: [ 2.07625534e+02, 2.55653595e+02, 1.54502928e+00,
       2.18915131e+02, 2.60592743e+02, 1.67241716e+00, 2.65274475e+02,
       2.24016678e+02, 1.71669352e+00, 3.19420807e+02, 1.63929108e+02,
       1.75046074e+00, 3.16613464e+02, 2.25532654e+02, 1.70717156e+00,
       1.08872897e-04, -9.74175637e-05, 6.24380555e-05, -2.17504916e-04,
       -2.50119597e-01, 1.75055194e+00 ]
gamma: !!opencv-matrix
   rows: 46
   cols: 1
   dt: d
   data: [ 8.0885835157494546e-01, 8.2358784321562029e-01,
       7.7226276851521569e-01, 8.9636968263467054e-01,
       8.5187427914973779e-01, 7.8152153802861524e-01,
       8.6375697405424146e-01, 8.7884839332592946e-01,
       8.3173947252420521e-01, 7.9241723137778208e-01,
       7.7378110127046185e-01, 8.4625179671275252e-01,
       8.0814141282728769e-01, 8.6888115665356513e-01,
       9.1578926661268656e-01, 8.9063432302427048e-01,
       8.9158966935118988e-01, 7.7512765069333356e-01,
       8.6574306540493196e-01, 9.0897942490624872e-01,
       8.8029545647994156e-01, 7.7120496472972178e-01,
       8.0054667751784347e-01, 8.1673034247396581e-01,
       8.3908115220943491e-01, 7.9350326675658356e-01,
       8.8490391277518110e-01, 7.7968151342202374e-01,
       8.4493361727249383e-01, 8.1602151617153207e-01,
       9.0281490798728847e-01, 9.0017980394446895e-01,
       8.5826353642044950e-01, 8.5891589224341025e-01,
       7.8516347410313947e-01, 7.7176879714957280e-01,
       8.7448845160566580e-01, 8.7322701511273737e-01,
       7.7694295260679580e-01, 7.8726868467272526e-01,
       8.2453454875536702e-01, 8.8556602758803160e-01,
       8.3149937129297746e-01, 8.5259328330918471e-01,
       8.3833983536097079e-01, 8.0045707286572343e-01 ]
