%YAML:1.0
means: !!opencv-matrix
   rows: 34
   cols: 9
   dt: d
   data: [ 1.3781887130516961e+02, 4.9388375536858922e+00,
       5.1958869433149552e+01, 6.5782475107985965e+00,
       1.3065299791026236e+01, 3.5945078675188515e+00,
       1.1133514358325766e-01, 1.7582141554682151e+00,
       4.1227750928966023e-01, -1.5245586886474118e+01,
       1.6215632450300532e+02, 1.0356669422481557e+01,
       -9.2869996728476366e+01, 1.7021531754627414e+01,
       2.9963851957425138e+01, -2.8812341655367022e+00,
       1.9868052969744108e+00, 2.3941301274820774e+00,
       9.4412957767022249e+01, 2.5172456176701935e+01,
       -1.2375693878261592e+01, -3.0152187655698015e+01,
       -2.5875013452045543e+01, -1.8737226339147064e+01,
       1.6421084309669070e+00, -3.5855876854353190e+00,
       4.8357239699811239e-01, -2.0175060227379282e+02,
       3.0805405770860464e+01, 3.7129308787754837e+01,
       -1.7589915343467950e+01, -3.1276813215411603e+00,
       4.6896745587428725e+00, -2.9921325416955167e+00,
       -6.5768360219784157e+00, -2.4391938547192376e+00,
       6.3823406747595307e+01, -6.4512990709629520e+01,
       -2.4708278702721209e+01, 4.1355442038474365e+01,
       4.7285619384413193e+00, 1.1395539231394428e+01,
       -6.2958987427714586e-01, 2.8114698223023299e-01,
       8.2601843546563447e-01, -8.8303418787549219e+01,
       2.3660758893787211e+01, 2.7302331280349929e+01,
       -2.0838279733704077e+01, 1.4002232837281344e+01,
       -1.8116869454718337e+01, 2.2883609091765105e+00,
       -9.6216956132340589e-02, 9.3747752675595125e-02,
       -1.8621289989938802e+01, -1.1921444427955761e+01,
       2.7361100302077954e+01, 2.7925247579802377e+01,
       2.7026439212219717e+01, -4.1646250562148062e+00,
       -1.0041577418880498e+01, -6.4687685986201791e+00,
       -5.5825345593706386e+00, 8.0790177227712391e+01,
       6.9275486547471203e+00, -2.8785393270804565e+01,
       -3.2575835834836582e+01, -2.9411170704681684e+01,
       -1.7088199646510137e+01, 1.2725758443722479e-01,
       -1.0882133512058427e+00, -7.1952364385858081e-05,
       -2.3124486039626120e+01, -2.9810861027773514e+00,
       7.6344013354080866e+00, 3.9334861767466411e+00,
       3.5646785600964492e+01, 1.4764642768620442e-01,
       -4.6937431905759303e-02, 8.8498948225495713e-02,
       4.2147018625313687e-01, 9.3972125972663193e+01,
       -4.3705238120869517e+01, -3.0660827663344016e+01,
       2.6483666474832845e+01, -8.8195527969071605e+00,
       7.2626821003286723e+00, -7.9575702266856330e-01,
       5.5223216209916959e-01, 4.5085382276385011e-01,
       1.5836920414198497e+02, 2.8291550743449118e+01,
       -4.0420362447981297e+01, -1.1723491978420400e+01,
       -1.0421890709612732e+01, 2.8361573402308826e+00,
       1.1488202394048872e+00, 2.3885214475321046e+00,
       6.5007570534504122e-01, -7.7648944642896538e+00,
       3.3310771391949224e+01, -5.2250960947783665e-01,
       -1.9967265504661416e+01, -9.8389982132357936e+00,
       4.4645851825172604e+00, 7.8205878309873544e-01,
       1.4874670664779688e+00, 6.9565065696243356e-01,
       -6.9355012683945191e+01, -7.7220885527479837e+01,
       1.2778108717532287e+01, 4.4798393089625080e+01,
       5.0167095645989193e+00, -3.8240599619623330e+00,
       1.5014460358366351e+00, 8.6278803974476015e-01,
       5.0018787954937161e-01, -1.9417514315500736e+02,
       4.5877249761462458e+01, 4.4040482924273391e+01,
       -2.5542857655985639e+01, -1.4501096344902635e+01,
       2.0138583078823711e+00, -1.5149444626596570e-01,
       1.3931654224424785e+00, 5.8426376548645909e-01,
       -1.6422023257045771e+02, -5.8018546886452658e+00,
       3.4811605581036510e+01, 1.7782474388295920e+01,
       -8.4714515864433011e+00, 2.6055813932693752e+01,
       1.2113950186911862e-01, 3.4186271106729791e+00,
       9.4709735908915993e-01, 6.4208728003786646e+01,
       1.3237232675753200e+01, -3.5347082537712545e+01,
       -3.4799239449547478e+01, -2.2846579163956417e+01,
       -2.4844323228080818e+01, 8.0562008605507651e-01,
       -2.1534090473322238e+00, 2.6352072776191372e-02,
       7.1023081850398233e+00, 5.3961255245547534e+01,
       8.1956795385353463e+00, -4.2159244006073422e+01,
       1.4511264947186785e+01, -1.0972164081058779e+01,
       -3.5528223587187915e+00, -1.0706049306201515e+00,
       -5.4497167199953447e+00, -1.1231949240563105e+02,
       1.3994683452906061e+01, 3.8576796094757739e+01,
       -3.5412018855943130e+00, 7.8117734009261701e+00,
       -1.2163762874236759e+00, -2.2941792881880447e+00,
       -3.0344047223989352e+00, -8.8327457535129827e-01,
       1.3562384960845137e+02, 3.5490469752296065e+01,
       -3.7795116520854641e+01, -2.4344569218396582e+01,
       -4.5375256860577471e+00, 1.8968163861791083e+01,
       -2.3831726056291211e+00, 8.3496040739814953e-02,
       -1.7083295602488673e+00, -2.0954517532743719e+02,
       1.1318849473769096e+02, 4.9252905221353799e+01,
       -5.5518604677277423e+01, -2.0661998310169317e+01,
       3.3574752820727809e+01, -6.0806763114813256e+00,
       2.9492041651148555e+00, 1.1104300254988104e+00,
       -1.4855685729864160e+02, -1.0366960931496133e+02,
       2.7532237932003238e+01, 6.6535712739072423e+01,
       -1.9891446569958166e+01, 7.8885010349341977e-01,
       -2.5000109901738371e-01, -1.4570852553545515e+00,
       1.0379314809556284e+00, 1.6482131575303148e+02,
       1.6276315534155309e+01, -4.7959935035975498e+01,
       -1.7350788148335297e+01, -7.5314740156495974e+00,
       1.1667549423614906e+01, -3.9459397911778571e-01,
       -8.3339935861332537e-01, 3.8710400532636019e-01,
       -1.6661300821389065e+02, 7.9404722528133760e+01,
       3.1623785391915579e+01, -5.4212146037942006e+01,
       -2.5750747635458438e+01, -3.1902018522079176e+00,
       -2.4006637642893920e+00, -4.3232606419294167e-01,
       -3.4479713893460412e-01, 1.0623377792029622e+02,
       -1.0978709334439893e+01, -1.9304902853205171e+01,
       1.0817125813017547e+01, -8.5623927628859917e+00,
       1.4904922394830216e+01, -1.1086426223418490e+01,
       -5.6138057890594579e+00, -5.1930168157825500e+00,
       -2.0775392568666436e+02, -2.3036327978829707e+01,
       4.5091339135720375e+01, 2.1220498679492625e+01,
       -1.1648592734632413e+01, 1.1175394313084604e+01,
       -1.5317421465893803e+00, -5.1670771016365324e-01,
       -2.1139850348834563e-01, -5.7383993966590772e+01,
       -8.7806335496231455e+01, 1.7629484182280066e+01,
       5.4150681462608901e+01, 6.2793266953432321e+00,
       -4.1270855078651119e+00, 2.1089375944580717e+00,
       -8.9108465092387112e-01, 5.3757771641841270e-02,
       5.0424879998693648e+01, 1.4816234047152969e+02,
       -8.1836950801422983e+00, -8.0408658646795544e+01,
       1.7624854379777062e+01, 5.2964970927701449e+00,
       1.7222248184027305e+00, 3.0545487367149766e+00,
       1.6127654186222196e+00, 1.3127259218904871e+02,
       -2.4418836731368884e+01, -3.5445180592896826e+01,
       2.4609757511757579e+01, -4.3885454885910073e+00,
       1.3602604724920131e+01, 2.7198407502502964e-02,
       2.1054516600394342e+00, -2.0827528281169214e-01,
       2.7526402019631014e+01, 1.2091599743238760e+01,
       -2.3854033976955073e+01, 2.6963114946486648e+00,
       2.1187115698491418e+01, 4.5302031591221201e+00,
       9.6137296080296808e-01, 1.1904614266385034e+00,
       3.4121795786009790e-01, -1.4529679980236085e+02,
       -4.8392001589164281e+01, 3.7417987693975761e+01,
       2.8250085142825178e+01, 2.1595762301849838e-01,
       -9.4237931393324263e+00, 3.1121309021131154e+00,
       3.9750892129042081e-01, 3.1754209703600217e-01,
       -2.3787446437308879e+00, 5.4416959105110905e+01,
       1.2364373554935144e+01, -3.5598958829495942e+01,
       3.6772978787562586e+01, -1.2729745899469016e+01,
       2.5629382667352951e+00, 6.4232950359369267e-01,
       4.7091902632889476e-01, 7.5897227846983753e+01,
       4.1704242632245581e+01, -2.3548548383440576e+01,
