%YAML:1.0
means: !!opencv-matrix
   rows: 21
   cols: 4
   dt: d
   data: [ 1.1329280330851886e+02, 1.8858277538200408e+01,
       -7.0849127929416174e+00, 6.8099866301021336e+01,
       7.2014762702395487e+01, 9.5525861588324368e+00,
       -2.9716072568221900e+01, -3.6519744295939120e+01,
       -1.0779983742925249e+02, 1.2250248113386671e+02,
       6.8096285526100630e+01, -4.6914578228724659e+00,
       -2.0867450252934273e+02, -9.8279674058185677e+01,
       -1.2374893921667685e+01, 3.2796107788018347e+01,
       1.4848198021142247e+02, -1.0204298689102941e+02,
       2.6604340700735541e+01, 1.6854126216452006e+01,
       -6.6616381529309635e+01, 4.6013379384754735e+01,
       -3.9918574467053674e+01, -4.1387347228699642e+00,
       -1.5433046752476920e+02, 3.5417004592127135e+01,
       3.8439314496030271e+01, 7.0162563906659301e+01,
       1.1972735682749075e+02, -3.8130867289929327e+01,
       -5.4504265007054116e+01, -2.6816977714734286e+01,
       1.5227368362970743e+01, 1.1639717513693664e+02,
       1.2167398068596322e+01, 3.0632351292358923e+01,
       4.5573171334447991e+01, -1.0466451403199499e+00,
       4.6492558694076166e+01, -1.7132900285778184e+01,
       1.9867764982637260e+02, 7.8318222530446462e+01,
       3.4003775955566667e+01, 1.1853241265345353e+01,
       -2.4363759636098443e+01, -1.1021216200436378e+02,
       -3.4096745365158405e+01, 1.8944101199722677e+01,
       -1.2566585012958737e+02, -1.0938124407727761e+01,
       8.3762660951120139e+01, -3.5627449927915649e+01,
       1.4526145571559477e+01, -2.0982456702087294e+01,
       -8.7287911181963963e+01, 4.2211727301964686e+01,
       -2.3625676786869161e+02, 1.2360052206031476e+02,
       -5.5415828123585769e+00, 5.1856106576427266e+00,
       -8.3455752647190735e+01, -9.8027970416766692e+01,
       6.6788312117155897e+01, 5.3756832793231979e+01,
       1.0628445486450106e+02, 9.8535230781663813e+01,
       -5.5594396371498668e+01, 1.3317416166352952e+01,
       1.7130045005517843e+02, -4.6357800543103870e+01,
       4.1716645691941658e+01, -5.8529203165530646e+01,
       -2.5446864105640935e+02, 1.3323574830963933e+01,
       1.2272436662996256e+00, -5.0581835398088799e+01,
       5.0581410235648949e+00, -1.7266360835176596e+02,
       -2.2322203828145604e+00, 1.8662648236262831e+00,
       -7.1070756824207777e+01, -4.6306070974273332e+01,
       -2.0714408396501668e+01, -5.6289738634351096e+01 ]
covs: !!opencv-matrix
   rows: 84
   cols: 4
   dt: d
   data: [ 4.4883381625375805e+03, 1.4894881030847707e+03,
       1.0318026479793389e+03, -5.6557807575167055e+02,
       1.4894881030847707e+03, 2.9510951405264009e+03,
       -4.7903906884741184e+02, -4.5103276603693917e+02,
       1.0318026479793389e+03, -4.7903906884741195e+02,
       1.5980785524279395e+03, 3.0689313281743370e+02,
       -5.6557807575167055e+02, -4.5103276603693905e+02,
       3.0689313281743370e+02, 8.7307884944103728e+02,
       3.4805014959453179e+03, 1.0509023722193639e+02,
       2.6372530032662221e+03, 1.1870368938351363e+02,
       1.0509023722193642e+02, 5.0217836130252208e+03,
       9.1080096521271727e+01, 2.1626102532867212e+03,
       2.6372530032662221e+03, 9.1080096521271756e+01,
       2.2128770515844785e+03, 6.7936882886018680e+01,
       1.1870368938351366e+02, 2.1626102532867212e+03,
       6.7936882886018680e+01, 1.0198116177835484e+03,
       4.1113201249750800e+03, -1.1357714338936103e+03,
       9.9072216989875710e+02, 5.1906878728872050e+02,
       -1.1357714338936103e+03, 2.9808669572215604e+03,
       4.5313873119405491e+02, -5.8794121021224200e+01,
       9.9072216989875722e+02, 4.5313873119405503e+02,
       1.1431275793340794e+03, 1.2082282040382379e+01,
       5.1906878728872027e+02, -5.8794121021224200e+01,
       1.2082282040382383e+01, 5.6775441955443193e+02,
       2.6597697646914762e+03, 5.1030608356319834e+02,
       6.8995802117506685e+02, 1.9735175795475971e+02,
       5.1030608356319817e+02, 4.7408460100208595e+03,
       4.4627057104032497e+02, 7.4342098516499459e+02,
       6.8995802117506685e+02, 4.4627057104032485e+02,
       8.2309870795039444e+02, -2.9582948878572546e+02,
       1.9735175795475971e+02, 7.4342098516499459e+02,
       -2.9582948878572557e+02, 1.1073892316665836e+03,
       3.7537439489780386e+03, 1.1533766228244856e+03,
       -1.7629939965006514e+02, -9.9464911132666521e+02,
       1.1533766228244854e+03, 4.3332252674494539e+03,
       -3.6811760964265028e+02, 3.2329111465399784e+01,
       -1.7629939965006514e+02, -3.6811760964265034e+02,
       7.2671422618362249e+02, 3.2764002019213370e+02,
       -9.9464911132666521e+02, 3.2329111465399770e+01,
       3.2764002019213370e+02, 1.1238505199731944e+03,
       3.2213987065193423e+03, 4.9670592949060563e+02,
       1.3611181557610922e+02, -6.2583240666740107e+02,
       4.9670592949060551e+02, 5.3408039810362197e+03,
       -1.6676451348520504e+02, -1.1324835324837727e+03,
       1.3611181557610922e+02, -1.6676451348520504e+02,
       7.1034267245302249e+02, 7.8662854920683472e+01,
       -6.2583240666740119e+02, -1.1324835324837725e+03,
       7.8662854920683500e+01, 3.1033416065111091e+03,
       4.5697606289710184e+03, -4.4775788365625442e+02,
       1.9939760131120365e+03, -6.9018390567203596e+01,
       -4.4775788365625425e+02, 2.4335813479902395e+03,
       7.5819520672286626e+02, -6.7321798315515070e+02,
       1.9939760131120365e+03, 7.5819520672286626e+02,
       2.4456486116224114e+03, -6.6313129590649135e+02,
       -6.9018390567203596e+01, -6.7321798315515070e+02,
       -6.6313129590649123e+02, 8.5245970810087022e+02,
       3.0568688497927437e+03, 2.7936648999621985e+02,
       1.6632381439200881e+03, 6.0619337737123722e+01,
       2.7936648999621985e+02, 3.0439847821234966e+03,
       3.4178381211148360e+02, 5.3501952254391551e+02,
       1.6632381439200881e+03, 3.4178381211148354e+02,
       1.7590347724854498e+03, 2.0625622624785072e+02,
       6.0619337737123722e+01, 5.3501952254391551e+02,
       2.0625622624785069e+02, 9.5549912303480278e+02,
       5.0278889377914584e+03, 3.4875665526202579e+02,
       1.9243799028239739e+03, -2.9982614521672821e+02,
       3.4875665526202579e+02, 5.5410639488535744e+03,
       -6.9513105812209994e+02, -2.8522250554577372e+03,
       1.9243799028239739e+03, -6.9513105812210006e+02,
       2.1955594764358461e+03, 2.3937922375560956e+02,
       -2.9982614521672832e+02, -2.8522250554577372e+03,
       2.3937922375560964e+02, 2.0192056507341979e+03,
       2.9421651314132537e+03, 1.1431957592982940e+03,
       4.3823590998625042e+02, -3.7689333275045226e+02,
       1.1431957592982938e+03, 7.5357185853054243e+03,
       -4.6527826092156079e+02, -9.8791143827039480e+02,
       4.3823590998625042e+02, -4.6527826092156079e+02,
       1.0095725745670426e+03, 2.7066773738270388e+02,
       -3.7689333275045232e+02, -9.8791143827039491e+02,
       2.7066773738270388e+02, 2.4352984605489200e+03,
       2.6459235854694739e+03, -4.2315129189923152e+02,
       -3.5048721840072966e+02, 2.9417219741498923e+02,
       -4.2315129189923152e+02, 2.4241971052061967e+03,
       1.3705256096048257e+02, 1.2162529550627401e+02,
       -3.5048721840072966e+02, 1.3705256096048254e+02,
       3.7775720810572801e+02, -6.2364040621108018e+01,
       2.9417219741498923e+02, 1.2162529550627401e+02,
       -6.2364040621108018e+01, 7.6246883241280807e+02,
       6.6847806483473996e+03, 9.3219331143258250e+02,
       3.9886562215035872e+02, 6.0459830393512837e+00,
       9.3219331143258228e+02, 2.4998877600664237e+03,
       4.4797834739005873e+02, -9.7021605313338071e+01,
       3.9886562215035872e+02, 4.4797834739005873e+02,
       1.0901173600997145e+03, 2.7108566782304024e+02,
       6.0459830393512837e+00, -9.7021605313338085e+01,
       2.7108566782304024e+02, 1.0498549675814838e+03,
       2.9658100989103418e+03, -2.5658302015775479e+02,
       6.7411028393755601e+02, 6.4995609795240256e+01,
       -2.5658302015775479e+02, 6.3370815638111417e+03,
