%YAML:1.0
means: !!opencv-matrix
   rows: 10
   cols: 12
   dt: d
   data: [ -1.7887312862837285e+02, -4.9595362808489540e+01,
       4.5764446162691897e+01, 8.6793844247944154e+00,
       -1.7697976901240796e+01, -4.1161546618492473e+00,
       -1.2215822064086763e+00, 5.0485253334963698e-01,
       -1.2898974482400591e+00, 1.0741352841900481e-02,
       -4.1352743168111342e-03, 1.9651931828846284e-02,
       -1.9660984302413131e+00, -2.0013388513886330e+01,
       5.8616056396273910e+00, 1.3260850490191505e+01,
       5.8470428006597954e+00, 8.7241769209276629e+00,
       1.6456761432318197e+00, -3.6090762056617078e-02,
       -3.7418940193746286e-01, -1.3081636270265073e-02,
       -1.1802775378726969e-01, 1.2768812790028578e-03,
       -1.3066661091053078e+02, 1.1070864287479898e+02,
       1.3676481542319253e+01, -5.0798921961284286e+01,
       -1.1685326668022590e+01, 9.8501249267963553e-01,
       5.8797727953768575e-01, -1.7103207912824039e-01,
       -4.9068037803741316e-01, -2.4469043089841527e-01,
       1.1446174398958166e-01, -2.3756366342480620e-03,
       1.3909798071615052e+02, -1.4625835210916142e+01,
       -3.4656664847412486e+01, 2.5592795040542459e+01,
       -1.7721511732736008e+01, 7.6866473211599988e+00,
       2.2216153186024570e-01, 2.5689672922832346e-01,
       -2.3299666236524405e-01, -1.6614809773296133e-02,
       1.4240665175144809e-01, -1.3788482089361793e-02,
       6.0373059686251544e+01, 4.9643235181203174e+01,
       -4.0847901426526221e+00, -1.8095107367971405e+01,
       7.8121877152775854e+00, -6.7867971782042904e+00,
       -1.2417866696821534e+01, 1.4423403587446879e+00,
       7.6612578659485919e+00, 1.1949188433915321e+00,
       -3.7067189874500361e-02, 1.5133447792383686e-01,
       -2.2486981738838665e+01, 2.0150771822302547e+00,
       1.3696627926778402e+00, -8.2800744545611185e+00,
       1.6541844890983551e+01, -3.6943807721601050e+00,
       1.6850583097614466e-01, -9.9753871613936018e-01,
       1.1649357750180702e+00, 1.2371290490899405e+00,
       2.7413822290657641e-01, -1.4461166790959215e-01,
       6.6993369269645328e+01, -5.7438659908841299e+00,
       -9.7532304019835276e+00, 2.7333668555487898e+00,
       1.5432785470586042e+01, -4.2510882908186511e+00,
       3.0262455673336019e-01, -4.2396153136528503e-01,
       -4.9929227238323221e-01, 8.9465967842686150e-02,
       -4.2020189297611102e-03, 3.0742194968662106e-02,
       2.5256220278620852e+01, 1.1430177055636250e+02,
       -2.3416109002100526e+01, -4.8618377292596520e+01,
       -2.3318209654845958e+00, 4.3779001427107928e-01,
       1.6661401206238424e+00, -3.0608462466013414e-01,
       -2.8057109091169774e-01, -4.6251224673726991e-02,
       3.4744101821616045e-02, -1.4996882506423302e-02,
       -1.8045672969876898e+02, -1.8812716225882191e+01,
       3.3202835708806184e+01, -1.1673993643360422e+01,
       -2.7150822065128453e+00, -3.8875397889373247e+00,
       -2.5399374627794540e+00, -1.9328320621040126e-01,
       4.2687150296241354e+00, 7.2314229928141349e-01,
       -1.6297121715423041e-01, -8.4006342410421334e-02,
       9.0237434233732667e+00, -1.0628823279518663e+02,
       4.8042928856772260e+00, 2.9386707017809567e+01,
       5.1884464049880235e+00, -1.7523316528261375e+01,
       -3.0813649096859410e+00, 8.1303754351900770e-01,
       2.5215426877558684e+00, -1.1489634472839290e+00,
       -5.0343985985522775e-02, -6.5154349202883516e-02 ]
covs: !!opencv-matrix
   rows: 120
   cols: 12
   dt: d
   data: [ 6.3673732904881635e+03, -7.3811584671684034e+02,
       3.0378792851805383e+03, -6.6421302886913907e+02,
       4.4498769333679171e+01, 5.9218676317769990e+01,
       6.1839116398134713e+01, 2.1322312016084240e+01,
       2.3416906400959071e+01, 6.8017045397636151e+00,
       -1.3499133339697942e+00, 3.5372551071198521e-01,
       -7.3811584671684034e+02, 9.8296425974717840e+03,
       6.5553785754012529e+02, 1.0104676835200507e+03,
       7.1137434288561883e+02, 3.5142954919271108e+02,
       9.8414316763303219e+01, 3.8904929880330108e+01,
       8.3365463390467518e+00, 6.4370516962015305e+00,
       -3.6288052688780010e+00, -1.0621521032711998e+00,
       3.0378792851805383e+03, 6.5553785754012563e+02,
       2.4081996323372523e+03, 1.6060393621129382e+01,
       -9.1786280466090560e+01, -2.2415673616080194e+00,
       -3.6659908918335695e+01, -6.9763602114475152e+00,
       2.7059054954453261e+00, 3.1659135966048235e+00,
       5.0680159089888976e-01, 7.7685057956853376e-02,
       -6.6421302886913907e+02, 1.0104676835200507e+03,
       1.6060393621129379e+01, 2.3716114982319782e+03,
       -3.1752486992086591e+02, -5.5298483388087099e+01,
       -3.2684717306957921e+01, -3.7968023633592665e+01,
       5.9966416772673403e+00, 5.4257903393993656e+00,
       1.1888599039366223e+00, 1.7883985055267126e-01,
       4.4498769333679192e+01, 7.1137434288561883e+02,
       -9.1786280466090560e+01, -3.1752486992086585e+02,
       2.2127825757757196e+02, 4.3991967425823212e+01,
       2.2890344141504201e+01, 1.8409557204257482e+01,
       -1.2638190620270346e+00, 3.7945855307924381e-02,
       -1.3912351748132883e+00, -1.7186771681680871e-01,
       5.9218676317769990e+01, 3.5142954919271091e+02,
       -2.2415673616080243e+00, -5.5298483388087071e+01,
       4.3991967425823226e+01, 2.6283375946389162e+02,
       7.4620233892913035e+00, 1.2893650107464389e+01,
       5.9347501631067470e+00, -1.2282257514312067e+00,
       3.7573235318175524e-01, -3.0196158108126020e-01,
       6.1839116398134713e+01, 9.8414316763303233e+01,
       -3.6659908918335695e+01, -3.2684717306957921e+01,
       2.2890344141504201e+01, 7.4620233892913035e+00,
       3.1175888341349221e+01, 4.6107546338538130e+00,
       2.9818287698138719e+00, 4.0546959819118472e-01,
       -8.4202163314217204e-02, -2.1027567416170786e-02,
       2.1322312016084240e+01, 3.8904929880330123e+01,
       -6.9763602114475169e+00, -3.7968023633592665e+01,
       1.8409557204257482e+01, 1.2893650107464385e+01,
       4.6107546338538130e+00, 1.4776522930526772e+01,
       -6.3742190765320572e-01, 5.1727995409229288e-01,
       -8.5243516049926055e-02, -5.1969725933791094e-02,
       2.3416906400959071e+01, 8.3365463390467500e+00,
       2.7059054954453261e+00, 5.9966416772673403e+00,
       -1.2638190620270349e+00, 5.9347501631067470e+00,
       2.9818287698138723e+00, -6.3742190765320572e-01,
       2.0567537398205138e+00, -2.1089799297241717e-02,
       6.6171143777176894e-02, 4.0322870712915633e-02,
       6.8017045397636142e+00, 6.4370516962015296e+00,
       3.1659135966048235e+00, 5.4257903393993674e+00,
       3.7945855307924332e-02, -1.2282257514312067e+00,
       4.0546959819118472e-01, 5.1727995409229288e-01,
       -2.1089799297241724e-02, 6.2469348083390774e-01,
       -3.0470149551459390e-02, -7.1370657463531951e-03,
       -1.3499133339697942e+00, -3.6288052688780010e+00,
       5.0680159089888965e-01, 1.1888599039366221e+00,
       -1.3912351748132883e+00, 3.7573235318175524e-01,
       -8.4202163314217177e-02, -8.5243516049926055e-02,
       6.6171143777176894e-02, -3.0470149551459390e-02,
       2.2072000390003899e-02, 1.8601092800882026e-03,
       3.5372551071198521e-01, -1.0621521032711998e+00,
       7.7685057956853307e-02, 1.7883985055267126e-01,
       -1.7186771681680868e-01, -3.0196158108126014e-01,
       -2.1027567416170775e-02, -5.1969725933791094e-02,
       4.0322870712915633e-02, -7.1370657463531934e-03,
       1.8601092800882026e-03, 2.8517058431892467e-03,
       1.0678772791425934e+04, -2.1655496347577391e+03,
       1.5657736574456749e+03, 1.3467831309608928e+02,
       -6.7661784677560763e+02, -1.5889332516235183e+02,
       -4.0260509350134477e+01, -4.2841847499070568e+01,
       -9.8016648457460960e+00, 1.1778455513822045e+01,
       -5.4443273413443904e+00, 7.9114722252680153e-02,
       -2.1655496347577387e+03, 1.0109128933969365e+04,
       7.5364075299135686e+02, 7.1747089101294807e+02,
