%YAML:1.0
means: !!opencv-matrix
   rows: 7
   cols: 16
   dt: d
   data: [ -7.3206383088344936e+01, 1.2395756989980936e+02,
       -2.1949048348062061e+00, -5.6668721828723648e+01,
       -1.1350726230449400e+01, 1.5735530505670046e+00,
       1.1545137291997314e+00, -5.4263704553803505e-01,
       -2.3520406482607392e-01, -2.1178422792223811e-01,
       5.4769400592789022e-02, -6.1612543494168146e-03,
       3.3904666545080528e-03, 3.8331791627216854e-03,
       -1.0483616996371851e-02, 1.0911289462458019e-02,
       -1.7225269358086081e+02, -9.4625112627372943e+01,
       4.7721087537140825e+01, 3.1194140410367314e+01,
       -2.6509322577859784e+01, -1.4809881967010832e-01,
       -2.8413988169120805e+00, 2.6116038542357348e-02,
       -4.6131829254220186e-01, 1.2650879424203565e-01,
       4.5861664807990463e-02, 3.2252468831193495e-02,
       -6.1875851932451688e-03, -2.2404695539639929e-03,
       7.2864653642877421e-03, 1.2497781458336425e-03,
       3.7354154060419368e+01, -4.2246938261314682e+01,
       3.5517473106339831e-01, 2.2380493239557889e+01,
       9.5359149076720406e+00, 1.2168688991933768e+01,
       1.4688404114467688e+00, 3.0163723334613191e-02,
       1.6463952707332873e-02, 1.6018987201406799e-02,
       2.0324977029177786e-02, 1.1873514996457663e-02,
       2.0039715931954050e-04, -4.3038596404241878e-03,
       9.0525872636406692e-03, 6.8391044401606386e-04,
       3.1401198550374410e+01, 8.9070339407004955e+00,
       -6.4002575865304303e+00, -9.7361923732921376e+00,
       3.2492051401793010e+00, -8.7905876320442076e+00,
       -5.6927850175141410e+00, 2.4865443558610942e+00,
       5.2802680710447794e+00, -9.5465891807456710e-02,
       -2.3903858997170967e-02, -2.7692263562664621e-02,
       -2.7102056987481506e-02, 5.4303639871561412e-04,
       3.7251923847237381e-03, -1.5441504342762247e-02,
       -1.6485728300698648e+02, 1.1287000988055066e+01,
       3.8303146774937659e+01, -1.6846387573144945e+01,
       -1.7115892848326117e+00, 5.8722153984144165e-01,
       3.7588147596715210e-01, 9.3088445377817064e-01,
       4.1159371985999775e-02, 5.5488139892594511e-02,
       -4.8997120247755245e-02, -2.0111850020029243e-02,
       3.8779931799134892e-03, 1.8217224854160394e-03,
       -1.2189608086631781e-03, -5.3854304471695784e-03,
       9.1911057714888329e+01, 4.8694060949444030e+01,
       -2.8353369688746348e+01, -1.2306236165976964e+01,
       2.4465953587541338e+00, -6.2512703859400265e+00,
       1.7625303876677151e-01, -4.6286227113082229e-01,
       -7.0981205966219518e-01, 2.0608172150607729e-02,
       6.2190363588085010e-02, 4.2139832346867965e-04,
       3.3712862885541344e-03, -8.4803990596596650e-04,
       2.3353728636931544e-03, 5.2414051579478588e-04,
       9.4275150844399871e+00, -6.4570174054727758e+01,
       3.3157647436843996e-01, 2.0474612648249934e+01,
       -5.7090526575325962e+00, -1.5437556185244731e+01,
       -2.8688963983431931e-01, -1.2334617180426335e+00,
       -1.3048260013613686e+00, 9.9508291892823567e-03,
       -2.3615266733012236e-01, -1.2459531778937161e-02,
       6.0908860544788140e-03, 1.1200062393390511e-02,
       -3.0378552110529672e-02, 3.0356051356013915e-03 ]
covs: !!opencv-matrix
   rows: 112
   cols: 16
   dt: d
   data: [ 8.7775826837392742e+03, 4.8163260319101124e+02,
       1.9998059081684037e+03, -1.1692434754608651e+03,
       1.4227193645115457e+02, 1.4708665130271729e+02,
       7.4052237235060616e+01, 2.8386222283149571e+01,
       1.0280942982887542e+01, 3.3035735249666534e+00,
       -4.4957188451985681e+00, -7.1949385654863740e-01,
       7.6164964071212510e-02, 2.7178642523707697e-01,
       -4.3861676312528475e-01, 1.3945863157516822e-01,
       4.8163260319101124e+02, 6.5954323738932499e+03,
       5.7337616206229052e+02, 2.5174997268015627e+03,
       -2.7529746241914197e+01, 1.4782894841343778e+01,
       -9.3416847411672819e+01, 9.9351872183298724e+00,
       -1.7465190489894105e+01, -1.3017369785976136e+01,
       -8.3668165601368394e-01, -5.4388601307810736e-01,
       1.2100579961362245e-02, 1.4568084278980073e-01,
       -3.2859160611084498e-01, -1.1728050842007852e-01,
       1.9998059081684037e+03, 5.7337616206229063e+02,
       2.8227243670256671e+03, 1.0768090180991242e+01,
       -1.1030549165663831e+02, -8.9013049337339083e+01,
       -1.2380037148561868e+01, -5.7457238958992347e+00,
       -2.0385639835479648e+00, 3.1059306363821348e+00,
       1.4407507874659362e+00, 1.0837628796394071e-01,
       -4.0228957551534834e-02, -2.4592213569662926e-02,
       2.7772230680137211e-01, -9.1995638430266841e-02,
       -1.1692434754608653e+03, 2.5174997268015622e+03,
       1.0768090180991260e+01, 1.7412698056442989e+03,
       2.7874964098406473e+01, -1.1250886373292721e+02,
       2.5710150261433757e+01, 1.1524231712190575e+01,
       5.5669503789256325e+00, 2.0860176449522436e+00,
       5.4855850157644004e-01, 2.3043971706777755e-01,
       -2.1661989435448014e-02, -9.5961711294153554e-02,
       6.7475852177897255e-02, -7.2368877795796982e-02,
       1.4227193645115460e+02, -2.7529746241914193e+01,
       -1.1030549165663832e+02, 2.7874964098406480e+01,
       1.1848779259127149e+02, 4.2601232794087863e+01,
       3.0580394890950688e+00, 5.1538974078511526e+00,
       3.3509172925383146e-01, 1.0745661602924337e+00,
       -5.0828933875671189e-01, -1.5325520139363608e-02,
       1.3699593032682226e-02, -7.1359405103780839e-03,
       9.7513672172682461e-02, 9.0711373259163494e-03,
       1.4708665130271729e+02, 1.4782894841343770e+01,
       -8.9013049337339083e+01, -1.1250886373292721e+02,
       4.2601232794087856e+01, 5.3123002144609231e+01,
       -1.5871106585847130e+01, -8.0773364357247546e-01,
       -3.1210753001292324e+00, -9.2222858410604347e-01,
       -3.0596134173040773e-01, -1.3123410113724637e-01,
       1.2274660220408124e-02, -8.8381279573266965e-03,
       1.3264022772976705e-03, -1.6713232469391878e-02,
       7.4052237235060630e+01, -9.3416847411672819e+01,
       -1.2380037148561868e+01, 2.5710150261433760e+01,
       3.0580394890950688e+00, -1.5871106585847130e+01,
       2.2875844264319074e+01, 1.0146358954022185e+00,
       2.9295950135858990e+00, 2.6684475501367955e-01,
       1.3894000961991843e-03, 4.0168819116175390e-02,
       -2.8107243075035093e-02, 7.9603969576833595e-03,
       -4.5133478997532997e-03, -8.1684159241198206e-03,
       2.8386222283149579e+01, 9.9351872183298688e+00,
       -5.7457238958992365e+00, 1.1524231712190575e+01,
       5.1538974078511526e+00, -8.0773364357247579e-01,
       1.0146358954022181e+00, 1.9395729109432835e+01,
       -1.7012525783447383e+00, 4.4786059975482317e-01,
       3.9709625453453419e-02, 3.2188675201393221e-03,
       1.6575739239435958e-03, 9.1281363574451033e-03,
       -1.6554655235973093e-02, -4.4131671168413933e-02,
       1.0280942982887542e+01, -1.7465190489894109e+01,
       -2.0385639835479634e+00, 5.5669503789256325e+00,
       3.3509172925383152e-01, -3.1210753001292320e+00,
       2.9295950135858990e+00, -1.7012525783447385e+00,
       1.1770398626155352e+00, 1.9183572340745991e-01,
       -4.8807482249871546e-03, 2.0340001795119664e-02,
       1.7632910396460179e-02, 1.6358861674829941e-03,
       -2.7931970450733993e-04, 3.8821194299066357e-03,
       3.3035735249666516e+00, -1.3017369785976138e+01,
       3.1059306363821357e+00, 2.0860176449522441e+00,
       1.0745661602924341e+00, -9.2222858410604347e-01,
       2.6684475501367955e-01, 4.4786059975482312e-01,
       1.9183572340745991e-01, 4.4391072647152863e-01,
       1.2450610011283353e-03, 8.2679055697160869e-04,
       2.8717059769955890e-03, -1.1511524050030465e-02,
       1.5813207461289234e-03, 1.8515231605827681e-03,
       -4.4957188451985681e+00, -8.3668165601368394e-01,
       1.4407507874659362e+00, 5.4855850157644015e-01,
       -5.0828933875671189e-01, -3.0596134173040773e-01,
       1.3894000961991839e-03, 3.9709625453453419e-02,
       -4.8807482249871564e-03, 1.2450610011283357e-03,
