%YAML:1.0
means: !!opencv-matrix
   rows: 13
   cols: 13
   dt: d
   data: [ -9.0521028028277286e+01, 1.2321577114594524e+02,
       1.2423514418656116e+00, -5.6489713062589821e+01,
       -1.1193867435842826e+01, 1.5166319215343171e+00,
       1.0671040163443539e+00, -7.6504168391210925e-01,
       -2.8209885634802551e-01, -2.2668695445225104e-01,
       7.5273864440774094e-02, -7.7407969406186406e-03,
       2.1931963794458824e-03, 9.3370858349013570e+00,
       -1.4968804526274294e+01, -2.9845560822868600e+00,
       3.9834599352798747e+00, -1.2371118487084896e+01,
       -6.2303359658351907e+00, 5.9748123247215912e-01,
       -1.2734882320393989e-01, -1.1962415843287111e+00,
       1.0103253609305946e-01, -2.9305086114956180e-01,
       1.1796115996109907e-02, 5.3095362209475781e-03,
       -1.8838757885296573e+02, -2.4488438535214982e+01,
       3.4359563346376042e+01, -9.7411371725111753e+00,
       -4.4875701809505486e+00, -4.0746182049190258e+00,
       -2.7895163438531023e+00, -1.5921310129918706e-01,
       4.3597872900534140e+00, 7.7051351572614901e-01,
       -1.4625711884937800e-01, -8.8133984100222468e-02,
       -5.2601104479737598e-03, 6.8473793775697456e-01,
       -3.9847077314155035e+00, -3.6476848827636119e+00,
       -1.4988293270846276e+01, 3.1892815484654293e+00,
       -1.2152744401320229e+01, -3.6938322518055706e+00,
       2.7350020936497659e+00, 5.2677976745711215e+00,
       -9.5968527583825214e-01, -1.0970337318700034e-01,
       -5.7556373874420128e-02, -1.3153940563855035e-02,
       3.7638928440972933e+01, -1.4083568211857889e+01,
       -2.8097435138057865e+00, 6.0013721377799198e+00,
       1.8940163250778681e+01, 2.4803379390293339e+00,
       1.0316216318867295e+00, -4.9171672335513456e-01,
       -3.1863348235072098e-01, 4.9988221517859872e-02,
       5.3857571197549947e-03, 2.1029394638741677e-02,
       1.7327449837055778e-03, 5.9281319264985477e+01,
       4.8162153065817392e+01, -2.7841554449418711e+00,
       -1.7022631084034554e+01, 8.8675728533673084e+00,
       -6.7787053396948034e+00, -1.2493578410486380e+01,
       1.4529258564117240e+00, 7.6693152060613192e+00,
       1.1920910292732931e+00, -4.1858619187737284e-02,
       1.5327253143982400e-01, -7.5295351199438407e-02,
       8.9311883600560577e+01, 8.9347822124102308e+01,
       -3.2895296056015191e+01, -2.5891413042354678e+01,
       -5.2084381972118807e+00, -5.3058989644179295e+00,
       2.1182097644783329e-01, 1.5695031876400481e-01,
       -6.5884952597043445e-01, 3.6937436050255658e-02,
       9.0395177660823889e-03, -2.5638309238894463e-03,
       4.5569193849466262e-03, 9.9078167218541168e+01,
       -4.3818000270264271e+01, -2.2018180197653820e+01,
       3.7049571114252252e+01, -2.7664655284598723e+01,
       2.3405390260215452e+01, 1.0594394472322874e+00,
       1.2840201016616684e+00, 4.8824148649786864e-01,
       2.8810565567893329e-02, 1.4754524749825007e-01,
       -3.1913632771891007e-03, -2.5657562732231687e-03,
       -1.7191666360390741e+02, -1.0327821421878373e+02,
       4.8604658868897872e+01, 3.5489852708605540e+01,
       -2.9959833561414552e+01, -2.0517496098029140e+00,
       -3.0275995466875965e+00, -3.7388471936618750e-01,
       -1.0384748247024671e+00, -1.5789165478125169e-02,
       7.0874207450997401e-02, 3.1115213188205822e-02,
       -4.0768403047808984e-03, 1.6165492324611060e+02,
       2.0469628637550780e+01, -4.4449912418640473e+01,
       7.8084619985010058e+00, -9.0574209510482060e+00,
       -5.2180535339763710e+00, -3.3302611563184772e-02,
       -6.8574911995716870e-01, -7.4445253347302243e-01,
       -8.3417334438251056e-02, 1.4955208548352372e-01,
       -2.8036243449057561e-02, 1.7756284269375676e-03,
       -1.4930307102165568e+02, 3.4111063944649939e-01,
       3.8951419446460037e+01, -7.4480111856622200e+00,
       -5.8357304822364131e-01, 5.7702059128700798e+00,
       9.5399417778425222e-01, 1.2168869667633091e+00,
       -6.9654365293972764e-01, -6.3722043527358732e-02,
       4.0954835943973009e-03, 1.4980174577106534e-03,
       2.8186359663002845e-03, 5.5265767224483069e+00,
       -1.8911067678971918e+02, 1.5894024297542419e+01,
       6.6523796065426879e+01, 1.1537315262193085e+01,
       -1.8542324256793631e+01, -1.6377636579900634e+00,
       -1.0784877156430515e+00, 1.7177412777036294e-01,
       -1.1224109695224420e+00, 1.9490941045478005e-02,
       -7.9021678148993663e-02, 3.3558365657114638e-03,
       -1.5604672323915809e+01, 2.0084974628067521e+01,
       -3.1662007260467786e+00, -1.6413948024864037e+01,
       5.5297301119829856e-01, -5.7550414934731675e+00,
       5.2364767374408649e-01, -1.5064774034697572e+00,
       2.7975838803281041e+00, 1.9578777462253754e+00,
       1.7878785035970454e-01, -2.3079285142012645e-01,
       1.3792443638156021e-02 ]
