%YAML:1.0
means: !!opencv-matrix
   rows: 28
   cols: 7
   dt: d
   data: [ -1.7103986707362634e+02, -1.5500019177266518e+02,
       5.2819798620279997e+01, 5.1229601278409604e+01,
       -4.0348110882679812e+01, -1.8754739334403215e+01,
       -5.3813780212119262e+00, 4.5384809889217664e+01,
       -5.3414304008819592e+01, 1.2919044302287439e+01,
       2.5067887099925912e+01, 3.1379460223661347e+01,
       -1.4148990215320074e+00, -5.6852119630592002e-01,
       3.2024730187524448e+00, -1.0972892125840214e+02,
       2.0845038461411143e+01, 4.8245639596081681e+01,
       6.6617630434283353e+00, 7.7899942910187923e+00,
       1.3883429936855678e+00, -1.7549344701315979e+02,
       8.9169575684820714e+01, 4.5778161659528898e+01,
       -8.5128475102276868e-01, -2.9358069511632734e+00,
       -2.6193356421201957e+00, 5.2340919809410524e-01,
       5.0509715736977569e+01, -7.8423849331339895e+01,
       3.1697283748202327e+00, 4.2374715047753391e+01,
       5.2694491145904649e+00, 2.0151503956054821e+01,
       1.4812175125446556e+00, -1.0150449711782359e+00,
       7.7291763891666733e+01, 1.6401410507749322e+01,
       -2.4539266915948016e+01, 2.4359129283604069e+01,
       -5.9333751653415714e+00, -9.8803687410180085e+00,
       -7.5129492855048783e+00, -3.6512586181622773e+01,
       1.0873907384325420e+01, 1.0356496589238773e+01,
       4.0067961233197195e+01, -2.0510119980871657e+00,
       1.4641948876330459e+00, 1.6732759980714465e+02,
       3.6003371448962596e+01, 3.1262921624128868e+01,
       -3.3490437547644007e+01, -1.1718404657118539e+01,
       -3.9837787677724656e+00, -1.3327104211112666e+00,
       9.9254545977867096e+01, 3.0276094293749182e+01,
       -3.5556954450501578e+01, -9.9854799713729907e+00,
       -1.0100459599314371e+01, -1.6462271830988840e+01,
       -6.3563177511130844e+00, 9.9850584264244631e+01,
       -4.5005202112796738e+01, -2.1530112315816666e+01,
       3.6764369586909339e+01, -2.7526521849036172e+01,
       2.3302210540273350e+01, 1.1329960718542407e+00,
       -5.2197899034000436e+01, -6.5577950595864351e+01,
       -3.9744930379603097e+01, -2.4967710945609841e+01,
       2.4783787966814199e+01, 7.7485607694137135e+00,
       1.3807894269476124e+00, 3.2704078103425083e+01,
       -3.0052719472295632e+01, -3.3244173921156126e+01,
       -7.6189360732852647e+00, -1.0546180110523704e+01,
       -5.9999034805451208e+00, -8.9837012043878439e-01,
       -1.5658565418891399e+02, -4.0400694203749474e+01,
       4.0011164793939592e+01, 6.2453959677489550e+00,
       -9.3724760043973665e-01, 5.4789128996661303e+00,
       2.3324073896295086e-01, -1.4762058438206108e+02,
       -7.0126406918875714e+00, 3.2553275953901128e+01,
       -1.6960761173003075e+01, -4.0802384237688445e+00,
       -2.5814246807975774e+01, -1.5879709921287459e+00,
       -7.3560296804471022e+01, 1.0064795586471901e+02,
       4.3231448845746172e+00, -5.2535497320341747e+01,
       3.3476074015725668e+00, 4.6284082457075835e+00,
       1.8758555636427150e+00, 7.7358672757127636e+01,
       1.1651083168767751e+02, -2.7188159381015030e+01,
       4.3226736469143077e+01, -8.1739819410390400e+00,
       -5.8768902583814535e+00, -9.6115697357245411e-01,
       -6.6721990600792282e+01, 6.2709984730502214e+01,
       -1.0948066994730459e+01, 4.5793382640094379e+01,
       2.4269955796972713e+01, 6.9101766428025355e+00,
       1.0684492692102692e+00, 5.9277470565419513e+01,
       -1.5406198770480088e+00, 5.8792739420532705e+01,
       -1.7464061085279091e+01, 1.9528974032621662e+01,
       7.6109663331302952e+00, 6.2201205886247113e-01,
       1.1703751330052351e+02, -8.4561609139924400e+01,
       -1.5046756999221738e+01, 5.1986269769621302e+01,
       -2.6382866250532926e+00, 1.5008794927474714e+01,
       2.2652417255837465e+00, -1.4868920025122083e+02,
       -6.2511597835090058e+01, 4.2195384332335379e+01,
       2.8427089936549393e+01, -1.8675211561867432e+01,
       1.4573637048691177e+01, -6.7334547291497049e-01,
       -1.7029712055272987e+02, -3.7350420113691456e+01,
       2.4298444578457485e+01, -6.4050095387410479e+01,
       -2.9488096233618135e+00, -1.0563928640178697e+00,
       -6.7311988567539935e-02, -2.2084791464996294e+00,
       8.7068819780701588e+01, -1.1491896168636604e+01,
       -3.9757635088146039e+01, 1.8098685202881324e+01,
       -4.6841153022367328e+00, 1.6303350141366226e+00,
       1.0378149572097713e+02, -7.8744781554696406e+00,
       -3.4506704733590531e+01, 8.6187683471528338e+00,
       7.5211541285658763e+00, -7.8195789714858073e+00,
       4.3959293411753209e-01, 1.8716497102341907e+02,
       1.2093702902157016e+01, -5.0345123558741655e+01,
       1.3053096788947816e+01, -9.7285799292150514e+00,
       -7.3049633283534696e+00, 1.3649251827406192e+00,
       2.7759501441938401e+01, 1.2807146273742799e+02,
       -2.6761652368485571e+01, -5.5442651075097096e+01,
       -1.0528494394290163e+01, 2.3407107279893209e+00,
       2.4178995851016420e+00, -1.4863041933451495e+02,
       1.1853627611848451e+02, 1.5867451337824548e+01,
       -5.1901956115055285e+01, -2.4040555598737175e+01,
       -4.8079594724191699e+00, -5.2240055775649497e-01,
       1.2812653669170036e+01, -2.3302191074459446e+02,
       8.5451762873741046e+00, 7.5362824528946120e+01,
       -1.7219352942632127e+00, -2.9571320687512092e+01,
       -3.2178919612286028e+00, 5.9109651213955480e+01,
       8.4222428439937943e+01, -2.9717907090452638e+01,
       -3.4182533879368471e+01, 4.7922657850261920e+00,
       -8.3316253434323304e+00, 4.7322128411619468e-01 ]
