%YAML:1.0
means: !!opencv-matrix
   rows: 5
   cols: 11
   dt: d
   data: [ 7.1423554558072865e+01, -8.5069806816010518e-01,
       -1.5209162095122423e+01, 4.0390711754502506e+00,
       1.0131643615840419e+01, 3.2628875042647119e+00,
       4.5602641287500278e-01, 9.4184672710125461e-01,
       3.4894715672418980e-01, -1.0064611085504110e-03,
       3.6553286078394996e-02, -1.8754255612949061e+02,
       5.0515497628670815e+01, 3.8908745123246504e+01,
       -2.6466955983293790e+01, -1.4380699271842985e+01,
       1.1099205455509058e+01, -2.4672363257614309e+00,
       9.8712613626123685e-02, 5.7169283605373357e-02,
       8.4203980426386285e-02, -2.8944058155059085e-02,
       3.9321312328117600e+01, 4.1307822316758163e+01,
       -6.3866147248946561e+00, -2.8621699458744985e+01,
       6.0327137654448828e+00, -4.8270723163256501e-01,
       -3.3982524120596862e+00, -2.0871840758667641e+00,
       -2.4713843083632234e+00, 3.8297416063282519e-02,
       -1.0305429594252481e-01, 8.1909470885128812e+01,
       1.5786611859146165e+01, -2.3984163267842323e+01,
       -3.2031134257486322e+01, -2.6447213610011065e+01,
       -1.9564191788792687e+01, 9.1182713049871233e-01,
       -2.3116463150387556e+00, 2.0722413465815809e-01,
       -2.8379144561489517e-02, 1.0510918844479078e-01,
       -7.4670774269436023e+01, -5.5983521676125449e+01,
       1.8440414345309243e+01, 3.5692539401793120e+01,
       -2.1826900593935692e+00, -4.7989030806308035e+00,
       1.8352028214507325e+00, 3.5240330655158893e-02,
       3.2843439041443040e-01, -5.4625010569843223e-02,
       -5.1252497830380613e-02 ]
covs: !!opencv-matrix
   rows: 55
   cols: 11
   dt: d
   data: [ 8.5971866542492025e+03, 1.3285503819125557e+02,
       1.7183127365259058e+03, 1.3234430681953651e+02,
       -1.0942784758503410e+03, 3.6860090002093824e+02,
       -9.5862366913231568e+01, 3.4565708370637140e+01,
       1.1837168615323296e+01, -1.5418146740605607e+00,
       -3.0726269559897430e+00, 1.3285503819125540e+02,
       8.2000023437057826e+03, -2.8825941803652871e+01,
       8.9452325402832037e+02, 1.4072701991421675e+02,
       -2.8020234787206778e+02, 4.3865796652623459e+01,
       -1.4504700599347547e+01, 4.3199591083029345e+00,
       -6.8683533205108382e-01, 2.4297738976154257e-01,
       1.7183127365259058e+03, -2.8825941803652828e+01,
       2.9375356088861186e+03, -9.7723456948001868e+01,
       2.2217888631276912e+02, -1.0753485266576642e+02,
       3.4962701196489967e+01, -6.6667792808665434e+00,
       1.0191424649347427e+00, 3.7921340587935899e+00,
       3.2344240214628117e-01, 1.3234430681953660e+02,
       8.9452325402832037e+02, -9.7723456948001910e+01,
       2.0054990857010009e+03, -1.7439669706218515e+02,
       6.5961485568486609e+01, -2.1604611315301678e+01,
       6.4077402011862290e+00, -1.5639739009382232e+00,
       -3.2127984109997518e+00, 2.9313129026691570e-01,
       -1.0942784758503410e+03, 1.4072701991421675e+02,
       2.2217888631276907e+02, -1.7439669706218518e+02,
       3.4306785081784085e+02, -7.2259204575365231e+01,
       -1.9649195301498272e+00, -6.2718628838602761e+00,
       4.2098979780258690e+00, 1.6791933233642617e-01,
       4.8310757043537289e-01, 3.6860090002093824e+02,
       -2.8020234787206783e+02, -1.0753485266576642e+02,
       6.5961485568486594e+01, -7.2259204575365231e+01,
       1.6598858839276042e+02, 3.3933251000278144e+00,
       -8.9153773449651208e+00, -1.5432373434324920e+00,
       -8.6476436929830158e-01, 3.5316367111703623e-01,
       -9.5862366913231568e+01, 4.3865796652623459e+01,
       3.4962701196489967e+01, -2.1604611315301685e+01,
       -1.9649195301498272e+00, 3.3933251000278135e+00,
       2.3942570112924205e+01, -2.8243783243586664e+00,
       -2.7546412856331481e+00, 3.1517258671147880e-01,
       9.1345697286010757e-03, 3.4565708370637147e+01,
       -1.4504700599347542e+01, -6.6667792808665434e+00,
       6.4077402011862299e+00, -6.2718628838602735e+00,
       -8.9153773449651208e+00, -2.8243783243586664e+00,
       1.3866178333055741e+01, -2.1196514741268144e+00,
       7.3965205424011493e-01, -3.0041213583129438e-02,
       1.1837168615323296e+01, 4.3199591083029363e+00,
       1.0191424649347434e+00, -1.5639739009382225e+00,
       4.2098979780258690e+00, -1.5432373434324915e+00,
       -2.7546412856331477e+00, -2.1196514741268144e+00,
       1.6040594102403463e+00, -1.2620170784136869e-01,
       -3.6726900533351169e-02, -1.5418146740605605e+00,
       -6.8683533205108427e-01, 3.7921340587935912e+00,
       -3.2127984109997518e+00, 1.6791933233642622e-01,
       -8.6476436929830180e-01, 3.1517258671147896e-01,
       7.3965205424011493e-01, -1.2620170784136869e-01,
       3.3714641972591475e-01, 1.3616928919131972e-02,
       -3.0726269559897421e+00, 2.4297738976154271e-01,
       3.2344240214628134e-01, 2.9313129026691576e-01,
       4.8310757043537278e-01, 3.5316367111703623e-01,
       9.1345697286010653e-03, -3.0041213583129455e-02,
       -3.6726900533351155e-02, 1.3616928919131972e-02,
       2.2441819578910602e-02, 6.8068357072400813e+03,
       1.0785426466043339e+03, 2.8951605445492992e+03,
       -4.1171866537826509e+02, 6.5553901765751974e+01,
       5.2703747490660142e+01, 3.6524804282734493e+01,
       -4.1148849297563146e+01, -1.0097736864725047e+01,
       2.6040471195038082e+00, -2.1554100467839890e+00,
       1.0785426466043339e+03, 9.3595606719503721e+03,
       -2.0394306483763822e+02, 3.9557916811603809e+02,
       -3.6467372966160991e+02, 3.8034854419820044e+02,
       -8.9517182813941801e+01, 6.6441592257796472e+01,
       2.7724474154832556e+01, -2.9014171715388232e-01,
       2.0064948224720336e+00, 2.8951605445492992e+03,
       -2.0394306483763819e+02, 2.4806695663471373e+03,
       1.1816838413026915e+02, -5.7035607850657307e+01,
       1.9967687735195458e+01, -1.9603839994848155e+01,
       1.3229295996988826e+01, 4.6722322807567584e+00,
       -9.4224978280286420e-01, 6.7383170517959168e-01,
       -4.1171866537826509e+02, 3.9557916811603809e+02,
       1.1816838413026912e+02, 2.2701468482211781e+03,
       1.7428396800647110e+02, -1.3032081528578047e+02,
       3.9865489292038703e+01, -3.9024636083842267e+01,
       -9.6241937788444698e+00, 2.4808835170565029e+00,
       -1.5899121450102827e+00, 6.5553901765751988e+01,
       -3.6467372966160991e+02, -5.7035607850657307e+01,
       1.7428396800647110e+02, 1.3590643957888017e+02,
       -1.0348047412923345e+01, 8.5165902572328154e+00,
       -2.3292084113731054e+01, -4.2206625873981425e+00,
       1.4296066837325199e+00, -1.2665050391012578e+00,
       5.2703747490660142e+01, 3.8034854419820044e+02,
       1.9967687735195458e+01, -1.3032081528578041e+02,
       -1.0348047412923339e+01, 2.7341193206489453e+02,
       -3.8656601909674295e+00, 1.9052238253785298e+01,
       8.0124302221862944e+00, -3.6774824421987433e+00,
       2.1470713144872960e-01, 3.6524804282734500e+01,
       -8.9517182813941801e+01, -1.9603839994848155e+01,
       3.9865489292038703e+01, 8.5165902572328136e+00,
       -3.8656601909674286e+00, 3.1613112959168816e+01,
       -1.4306921381588209e+00, -1.2682931648370184e+00,
       2.2476714102821607e-01, -3.7374224826802464e-02,
       -4.1148849297563146e+01, 6.6441592257796472e+01,
       1.3229295996988821e+01, -3.9024636083842253e+01,
       -2.3292084113731054e+01, 1.9052238253785298e+01,
       -1.4306921381588205e+00, 2.4854649859223301e+01,
       3.0502789139382509e+00, -8.5855317352111649e-01,
       1.7146917903296266e-01, -1.0097736864725047e+01,
       2.7724474154832556e+01, 4.6722322807567611e+00,
       -9.6241937788444698e+00, -4.2206625873981416e+00,
       8.0124302221862944e+00, -1.2682931648370188e+00,
       3.0502789139382509e+00, 3.7573887954881622e+00,
       -6.3616284750504393e-01, 1.6162286598572356e-02,
       2.6040471195038095e+00, -2.9014171715388198e-01,
       -9.4224978280286398e-01, 2.4808835170565033e+00,
       1.4296066837325196e+00, -3.6774824421987433e+00,
