%YAML:1.0
means: !!opencv-matrix
   rows: 23
   cols: 4
   dt: d
   data: [ 1.2473894023989043e+02, -2.9270473158044659e+01,
       -3.8968848508192768e+00, 3.6462571349874835e+01,
       -2.1138259485368189e+02, 3.4481640640167889e+01,
       -1.4069008748843164e+01, -3.9676124676078857e+01,
       2.1470518069402171e+01, -1.0751823987389278e+02,
       -7.1711789390109757e+01, 4.5594201864428119e-01,
       3.1604670553236982e+01, -1.6538576850743262e+01,
       3.7588960981933965e+01, -3.9951562371578902e+01,
       5.1856405484341899e+01, -4.8333442629517577e+01,
       -6.2252846048655606e+01, -6.5641567900479714e+01,
       2.5744733936011585e+01, 1.4135782899538754e+02,
       -3.4120290762377423e+00, -9.2934589556310812e+01,
       -7.6923124144878727e+01, 9.8832264894642748e+01,
       -4.9838098560577485e+01, 3.3685525878072824e+01,
       1.6145309202040576e+02, 1.0057303661659265e+02,
       1.8787660862007224e-01, 3.1057736016135596e+01,
       -9.8806196696777789e+01, 7.4977495961252487e+01,
       7.0800477375819597e+01, 1.9242771091465876e+01,
       -9.8774079291790656e+01, -1.1935921455635217e+01,
       3.0658350683463755e+01, 8.8317479590993258e+01,
       2.4464263554449431e+01, 1.6526102759700785e+00,
       -7.4356947968710500e+01, 5.9900441267194935e+01,
       7.5027823732332507e+01, -1.3511279450969948e+02,
       2.2061267357907465e+01, 6.8902326345349483e+00,
       -7.5636613047860408e+01, -3.3281703452732465e+01,
       -3.6010036651683563e+01, -2.0940828613631094e+01,
       -1.2157750499122548e+02, -5.1806624994949736e+01,
       7.1306252451479679e+01, -4.2611259792665656e+01,
       5.9578357138334226e+01, 7.3447037138905102e+01,
       -7.2380923237360619e+01, -5.1867779654365815e+00,
       8.7886011029716030e+01, 1.5274471872193963e+01,
       -1.5138141090641188e+01, -3.3014818182411062e+01,
       -1.1123788080060149e+02, -1.4501910140499828e+02,
       5.0705052292286844e+01, 3.3278034420281273e+01,
       -2.3181682032819884e+02, 1.3503916542288334e+02,
       1.1117711500105717e+01, 1.9456028208180889e+01,
       1.8183479768239496e+02, -1.2687863531471315e+01,
       1.9749427958931349e+01, -4.0817579133455851e+01,
       -2.0386327130180416e+02, 4.2645157590276213e+01,
       4.4360952047493285e+01, -4.2577756931439438e+01,
       -2.2307489186751633e+02, -8.1242808387651337e+01,
       -1.6123670198078880e+01, 2.5744991741403588e+01,
       1.9744928262167779e+01, 8.9756629623886340e+01,
       2.1485940523288569e+01, 2.4725715563612479e+01,
       9.6877224356378221e+01, -1.7251261242613801e+01,
       7.1697191765605282e+01, 9.3726587782254231e+00 ]
covs: !!opencv-matrix
   rows: 92
   cols: 4
   dt: d
   data: [ 3.7392406791818589e+03, 8.6228120046202071e+02,
       4.2634664525752578e+02, -1.1118934143648519e+03,
       8.6228120046202071e+02, 3.7558850714379969e+03,
       -5.9873958092145422e+01, 4.8535778417633770e+02,
       4.2634664525752584e+02, -5.9873958092145429e+01,
       1.2284585783720452e+03, 6.0745822751676815e+02,
       -1.1118934143648519e+03, 4.8535778417633770e+02,
       6.0745822751676815e+02, 1.9950391662850861e+03,
       5.0968862265578709e+03, -9.4186430358976031e+02,
       5.9621686217596789e+02, 8.3699924195370579e+02,
       -9.4186430358976042e+02, 5.3696987913152852e+03,
       9.6346430083425233e+01, 1.2168960531410721e+03,
       5.9621686217596789e+02, 9.6346430083425275e+01,
       4.8964290039740820e+02, 4.6312878216037632e+01,
       8.3699924195370613e+02, 1.2168960531410721e+03,
       4.6312878216037632e+01, 1.1120430166151309e+03,
       4.5080427330931598e+03, 2.0291026334952924e+03,
       -2.1082336217992682e+02, -1.1939579776519008e+03,
       2.0291026334952919e+03, 4.4919097641526287e+03,
       -3.8649321226461296e+02, -6.9560229508660154e+02,
       -2.1082336217992682e+02, -3.8649321226461291e+02,
       1.0317108278034991e+03, 3.0451411100909945e+02,
       -1.1939579776519008e+03, -6.9560229508660154e+02,
       3.0451411100909939e+02, 1.0263060811601390e+03,
       2.8158309962899089e+03, 6.5865748685103620e+02,
       7.5757154469481509e+02, -2.8565264937699015e+02,
       6.5865748685103620e+02, 3.7514041613392519e+03,
       -2.0098649024293252e+02, 2.9281275650670477e+02,
       7.5757154469481509e+02, -2.0098649024293255e+02,
       9.0430210503831040e+02, -1.2430818603430853e+02,
       -2.8565264937699015e+02, 2.9281275650670477e+02,
       -1.2430818603430858e+02, 1.0295317574609253e+03,
       3.7467456791014047e+03, -2.2585744914717662e+02,
       8.6073928729308273e+02, 2.3731353691195366e+02,
       -2.2585744914717665e+02, 1.4998853175398929e+03,
       1.9209755696948375e+02, 3.3079064282807326e+02,
       8.6073928729308261e+02, 1.9209755696948375e+02,
       1.4209045349576309e+03, -6.9988310114756473e+01,
       2.3731353691195369e+02, 3.3079064282807337e+02,
       -6.9988310114756473e+01, 3.1718889000964333e+02,
       6.3863213543501552e+03, -2.6069750515560355e+02,
       2.4311323694007428e+03, 6.8592660549070547e+02,
       -2.6069750515560355e+02, 6.2352345554741478e+03,
       -1.2918345332560074e+02, 1.7438172121591681e+03,
       2.4311323694007428e+03, -1.2918345332560074e+02,
       2.2562439312662755e+03, -1.9920975660119137e+01,
       6.8592660549070570e+02, 1.7438172121591679e+03,
       -1.9920975660119122e+01, 1.0535211562974098e+03,
       5.1604813304120344e+03, 1.4719981078297837e+03,
       -7.7637733130702748e+02, -5.8148006489049510e+02,
       1.4719981078297837e+03, 4.8010935190571054e+03,
       -6.1817243898892549e+01, -2.0259305239593145e+03,
       -7.7637733130702770e+02, -6.1817243898892549e+01,
       6.6881402349390112e+02, -5.8322595466694898e+00,
       -5.8148006489049499e+02, -2.0259305239593145e+03,
       -5.8322595466694862e+00, 1.7191747383128004e+03,
       3.6505238271120606e+03, -2.6675453320029101e+02,
       7.6448021986271374e+02, 8.0753027165906659e+01,
       -2.6675453320029101e+02, 1.6190483438377237e+03,
       3.5866825987952240e+01, -4.9724122286775747e+02,
       7.6448021986271374e+02, 3.5866825987952240e+01,
       1.0746744131872940e+03, -1.4740493717989753e+02,
       8.0753027165906659e+01, -4.9724122286775741e+02,
       -1.4740493717989753e+02, 7.8018701320694493e+02,
       3.0696915765182598e+03, -1.1255504408909076e+02,
       2.7931312427049232e+02, 7.4671198100381403e+01,
       -1.1255504408909070e+02, 5.1684905391338598e+03,
       5.4541712607459226e+02, -1.1340018801119793e+03,
       2.7931312427049232e+02, 5.4541712607459226e+02,
       1.0068934237367456e+03, -7.9138952742601617e+01,
       7.4671198100381403e+01, -1.1340018801119793e+03,
       -7.9138952742601617e+01, 1.1595395428323641e+03,
       5.8688860211274314e+03, 2.1172712187040301e+02,
       2.5283690909252437e+03, -3.6354915245710851e+02,
       2.1172712187040301e+02, 1.9431977117844499e+03,
       -4.0512205914735546e+01, 1.7104125600951321e+02,
       2.5283690909252437e+03, -4.0512205914735532e+01,
       2.0749163764612254e+03, -1.0652932300315632e+01,
       -3.6354915245710845e+02, 1.7104125600951321e+02,
       -1.0652932300315630e+01, 5.0005908449433451e+02,
       3.4711176070417769e+03, 1.9296587180334666e+03,
       -1.0579790263548138e+02, -8.9285857793906962e+02,
       1.9296587180334666e+03, 3.8269199498084477e+03,
       -3.5358161711566959e+02, -1.0748420039937469e+02,
       -1.0579790263548135e+02, -3.5358161711566959e+02,
       9.0167279749946090e+02, 2.4388705845346010e+02,
       -8.9285857793906962e+02, -1.0748420039937471e+02,
       2.4388705845346007e+02, 1.1588822361570869e+03,
       6.8264799872389331e+03, 4.6795560782664359e+02,
       -4.2345825112763401e+02, -9.7204282369653595e+02,
       4.6795560782664359e+02, 3.2546287161843429e+03,
       -3.3597171482497390e+02, -3.8702633329919399e+02,
       -4.2345825112763401e+02, -3.3597171482497384e+02,
       1.1281876872972623e+03, 3.2979827253948338e+02,
       -9.7204282369653595e+02, -3.8702633329919399e+02,
