%YAML:1.0
means: !!opencv-matrix
   rows: 13
   cols: 1
   dt: d
   data: [ 1.2904397988759749e+01, -1.1821592705125695e+02,
       2.0955072644398848e+02, 1.2599658159212750e+02,
       -2.2045527385067865e+02, -2.9863854249306026e+01,
       -7.4762578715290957e+01, 9.1739001987179165e+01,
       -1.6852843857264992e+02, 5.3860913975186961e+01,
       -2.7863193889239830e+02, 2.6388690227597669e+02,
       1.6573107128000004e+02 ]
covs: !!opencv-matrix
   rows: 13
   cols: 1
   dt: d
   data: [ 3.9489215184754050e+02, 6.0909525296507923e+02,
       7.5157374112270406e+02, 3.6058670253865131e+02,
       1.0276237746336737e+03, 4.6063343357499417e+02,
       5.1604705310226984e+02, 3.5073037055700775e+02,
       7.9772175923120858e+02, 3.6155511338626377e+02,
       1.7259088673517770e+03, 1.5074248202414444e+03,
       4.6612879056549076e+02 ]
weights: !!opencv-matrix
   rows: 1
   cols: 13
   dt: d
   data: [ 1.1919681785902511e-01, 8.5421625606702883e-02,
       4.4005794847666181e-02, 7.7264509176668952e-02,
       5.0922367630155951e-02, 1.1209223491829347e-01,
       1.0694233503859946e-01, 9.7752634940858854e-02,
       6.2685152627680527e-02, 1.1401486241630651e-01,
       3.7218835399901680e-02, 2.7202401564493349e-02,
       6.5280427973621838e-02 ]
pca_proj: !!opencv-matrix
   rows: 1
   cols: 21
   dt: f
   data: [ 1.02604255e-02, 8.46533298e-01, 5.67100069e-05,
       -5.08859605e-02, 4.68450844e-01, 1.89823491e-04, -5.55210514e-03,
       1.46431834e-01, -1.98076777e-05, -7.31809530e-03, 1.34976640e-01,
       -4.80776835e-05, -6.69380091e-03, 1.46460637e-01, -1.57161594e-05,
       2.11501210e-05, 1.32904761e-05, -3.16381829e-07, -1.62182951e-05,
       4.47223283e-04, 4.04881848e-06 ]
pca_mean: !!opencv-matrix
   rows: 1
   cols: 21
   dt: f
   data: [ 4.33646118e+02, 2.44701981e+02, 1.49672687e+00,
       4.18191803e+02, 2.60206879e+02, 1.62062907e+00, 3.68545319e+02,
       2.27059875e+02, 1.69770968e+00, 3.19420807e+02, 1.63929108e+02,
       1.75046074e+00, 3.16613464e+02, 2.25532654e+02, 1.70717156e+00,
       1.08872897e-04, -9.74175637e-05, 6.24380555e-05, -2.17504916e-04,
       -2.50119597e-01, 1.75055194e+00 ]
gamma: !!opencv-matrix
   rows: 13
   cols: 1
   dt: d
   data: [ 7.7538114359485955e-01, 8.2817025973643621e-01,
       8.7336011985535900e-01, 8.2807915641954311e-01,
       8.7998958079690359e-01, 7.8093531488679768e-01,
       8.0203557758628419e-01, 8.0797677936261891e-01,
       8.5662764236861544e-01, 7.8765832050224704e-01,
       9.0286322448765033e-01, 8.9775772247741459e-01,
       8.5080386480079395e-01 ]
