%YAML:1.0
means: !!opencv-matrix
   rows: 6
   cols: 6
   dt: d
   data: [ 6.5212876002888393e+01, -1.0150061253750553e+02,
       -5.6004369789459592e+00, 4.4151435811467387e+01,
       -3.9421404347560345e+00, 1.4144845900944683e+00,
       -1.5881856044863918e+02, -3.3019062720338091e+01,
       4.0924795167047762e+01, 4.2702110741849522e+00,
       -9.0093377646961024e+00, 4.1136792935682398e-01,
       9.6940576287850803e+01, 5.5638382267025889e+01,
       -3.2379311306171701e+01, -1.5806934786325886e+01,
       -9.1877253232055995e+00, -5.1924013905571513e+00,
       9.9659702734476241e+01, -4.5502496516752316e+01,
       -2.1948647083257093e+01, 3.7302567630005264e+01,
       -2.7218574434273958e+01, 2.2911218813113134e+01,
       1.3926077026903579e+01, -2.0968217692086387e+01,
       4.5096355200551193e+00, 5.6068028123952720e+00,
       2.6354913550176541e+01, -7.2925877534778083e-01,
       -6.9057263786142016e+01, 1.0295100738589922e+02,
       4.7957277988826226e+00, -4.6470509721841523e+01,
       7.8776581540728641e-01, -1.5084287239809770e-03 ]
covs: !!opencv-matrix
   rows: 36
   cols: 6
   dt: d
   data: [ 8.7811346949117287e+03, 1.7176920669636638e+03,
       2.0219172764026923e+03, -1.2545445766164689e+03,
       -2.8617191647923016e+02, 4.0686341568709054e+02,
       1.7176920669636638e+03, 1.0665887295240598e+04,
       2.4101867972273627e+02, 1.4381741283496863e+03,
       -3.0449663494423635e+02, 1.0634806614598690e+03,
       2.0219172764026923e+03, 2.4101867972273632e+02,
       2.5807974346557571e+03, 3.9557207373852989e+01,
       6.7005323315002485e+01, -1.1607852020757082e+02,
       -1.2545445766164692e+03, 1.4381741283496863e+03,
       3.9557207373852975e+01, 1.9988749453354244e+03,
       7.6838267348468605e+01, -1.5925570339013777e+02,
       -2.8617191647923022e+02, -3.0449663494423635e+02,
       6.7005323315002457e+01, 7.6838267348468605e+01,
       2.9883657192705999e+02, -5.9287041821826023e+01,
       4.0686341568709042e+02, 1.0634806614598690e+03,
       -1.1607852020757078e+02, -1.5925570339013777e+02,
       -5.9287041821826037e+01, 5.1983439719622436e+02,
       7.3782877770885370e+03, 7.4400577763322488e+01,
       2.8622903589421508e+03, -7.3329132524597753e+02,
       4.1118489245910627e+02, 3.5658128870870894e+02,
       7.4400577763322431e+01, 9.6032319543666708e+03,
       5.3143692885568305e+02, 1.1404196401561985e+03,
       7.6100972932879870e+02, 2.8218753942228074e+02,
       2.8622903589421503e+03, 5.3143692885568305e+02,
       2.4436708795381201e+03, 3.7695730740446805e+01,
       -1.4835022905617456e+02, -3.3320716944737100e+01,
       -7.3329132524597730e+02, 1.1404196401561985e+03,
       3.7695730740446798e+01, 2.3372708001029214e+03,
       -2.6107275092856662e+02, 1.4560267208016251e+01,
       4.1118489245910632e+02, 7.6100972932879870e+02,
       -1.4835022905617456e+02, -2.6107275092856662e+02,
       3.1334185255171565e+02, 1.1715671552951780e+02,
       3.5658128870870894e+02, 2.8218753942228074e+02,
       -3.3320716944737121e+01, 1.4560267208016239e+01,
       1.1715671552951780e+02, 3.0259478137264625e+02,
       1.0453197746029524e+04, -2.9698619818204343e+03,
       1.9932268554670027e+03, 9.8968883223856096e+02,
       -8.9953398908798647e+01, -1.6774099574021571e+02,
       -2.9698619818204343e+03, 9.4248025547845555e+03,
       1.0714425078318479e+03, 1.0003465184537768e+03,
       5.6361627682581876e+01, 2.5221622485983534e+02,
       1.9932268554670027e+03, 1.0714425078318479e+03,
       2.7028017268000076e+03, -3.8654852250959510e+02,
       -8.6705764223159520e+01, -5.9047514451195703e+01,
       9.8968883223856062e+02, 1.0003465184537768e+03,
       -3.8654852250959522e+02, 2.6154784492757226e+03,
       4.4126491535477442e+01, -2.2561082347826365e+02,
       -8.9953398908798619e+01, 5.6361627682581883e+01,
       -8.6705764223159520e+01, 4.4126491535477449e+01,
       5.7821481928841330e+01, -8.6310872006324733e+00,
       -1.6774099574021571e+02, 2.5221622485983534e+02,
       -5.9047514451195717e+01, -2.2561082347826360e+02,
       -8.6310872006324697e+00, 9.1306255491661375e+01,
       4.1665565711291792e+03, -1.1022053154805998e+02,
       2.9129201869224821e+03, -8.1307099388709685e+02,
       -7.7445326286916867e+01, -3.3568824791627215e+01,
       -1.1022053154806001e+02, 5.0835222173705843e+03,
       9.1173755296060813e+02, 2.6849672879301156e+03,
       -4.1902768045083178e+01, -8.0410865845073474e+01,
       2.9129201869224821e+03, 9.1173755296060813e+02,
       2.5314560637901100e+03, -1.1122481731125737e+02,
       -9.3057366767626064e+01, -7.9845860776778395e+01,
       -8.1307099388709707e+02, 2.6849672879301156e+03,
       -1.1122481731125738e+02, 1.7569992445247253e+03,
       6.9055278042103353e+01, -1.3260951840346846e+02,
       -7.7445326286916867e+01, -4.1902768045083192e+01,
       -9.3057366767626078e+01, 6.9055278042103353e+01,
       3.6463745617222884e+01, -3.6538520467193820e+01,
       -3.3568824791627200e+01, -8.0410865845073431e+01,
       -7.9845860776778423e+01, -1.3260951840346846e+02,
       -3.6538520467193827e+01, 1.4391462941999674e+02,
       6.2093577978998210e+03, -6.9682457284342107e+01,
       2.6031186011904756e+03, -8.7878099911456638e+02,
       -3.4168813307871642e+02, -2.4955626532621642e+02,
       -6.9682457284342064e+01, 8.4923933120363199e+03,
       1.9311863549076762e+02, 1.4475260886495164e+03,
       -2.0883552085651135e+02, -3.7528740391086905e+02,
       2.6031186011904761e+03, 1.9311863549076764e+02,
       2.6618757838881165e+03, 9.5244612393608719e+01,
       3.4994196442767738e+01, 1.0831256162363063e+02,
       -8.7878099911456638e+02, 1.4475260886495164e+03,
       9.5244612393608733e+01, 2.1898757398635667e+03,
       1.4554484378609058e+02, 8.1315807626740764e+01,
       -3.4168813307871642e+02, -2.0883552085651141e+02,
       3.4994196442767752e+01, 1.4554484378609058e+02,
       2.1887647555934728e+02, 4.4148206345067663e+01,
       -2.4955626532621648e+02, -3.7528740391086905e+02,
       1.0831256162363063e+02, 8.1315807626740778e+01,
       4.4148206345067663e+01, 2.1407042163215252e+02,
       9.3413717899732128e+03, -4.8434838531930711e+02,
       2.2432953271744036e+03, -7.1350487935162971e+02,
       7.2211103915569197e+02, -7.3643489931436036e+01,
       -4.8434838531930711e+02, 6.4475272554495805e+03,
       7.6855252085129280e+02, 2.4659800436950118e+03,
       -1.2738563759270781e+02, -5.5677768231884492e+01,
       2.2432953271744032e+03, 7.6855252085129280e+02,
       2.7479668363655655e+03, -4.8421078677825356e+01,
       -1.7530985649592935e+02, -2.6358917082844229e+01,
       -7.1350487935162960e+02, 2.4659800436950122e+03,
       -4.8421078677825413e+01, 1.7524915580115180e+03,
       1.1819910549098681e+02, -1.1677406563343465e+02,
       7.2211103915569208e+02, -1.2738563759270781e+02,
       -1.7530985649592935e+02, 1.1819910549098681e+02,
       2.7790958762093197e+02, 3.5047571919095930e+01,
       -7.3643489931436065e+01, -5.5677768231884478e+01,
       -2.6358917082844240e+01, -1.1677406563343462e+02,
       3.5047571919095930e+01, 6.2049884574346983e+01 ]
weights: !!opencv-matrix
   rows: 1
   cols: 6
   dt: d
   data: [ 1.1583292044979332e-01, 2.1450878270221024e-01,
       2.6297971687314697e-01, 5.6035509847095107e-02,
       2.3679165357577867e-01, 1.1385141655195162e-01 ]
