%YAML:1.0
means: !!opencv-matrix
   rows: 28
   cols: 6
   dt: d
   data: [ 5.5841794178236405e+01, -2.1786247757999785e+01,
       -7.3820969490195381e+01, 2.5925517629395372e+01,
       2.0464456226112190e-01, -5.1153908405683532e+00,
       2.7324504232835615e+01, 3.8595354439165192e+01,
       -2.6934887616020116e+01, -6.3824133182103203e+01,
       7.8711743563308989e+00, -4.9791705087927172e+00,
       -1.8519491524271461e+02, -1.0763407152736895e+02,
       5.1598323269933111e+01, 4.0108477476696841e+01,
       -3.1659464853615464e+01, -9.8881596781611520e+00,
       -9.4828784395543181e+01, 2.7307565810782805e+01,
       3.2048204199916292e+01, 2.8282203313979807e+01,
       1.7480275992168785e+01, 1.2380526154945056e+01,
       2.3520349089509963e+01, -3.7947760402168157e+01,
       2.5536564403991946e+01, 1.9584253537094632e+01,
       3.6230994863243012e+01, -9.8911825413926668e-01,
       1.7514071357838020e+02, -2.7229913107065514e+01,
       -5.7637012218221377e+00, 8.5865775737123453e+00,
       -1.2852485606787976e+01, -3.7909938066569913e+00,
       -4.7270472092228841e+00, -5.0568095724332004e+01,
       6.3129043172318191e+00, 1.0295618607300396e+01,
       -1.1051754725441860e+01, -2.1608171506372983e+01,
       1.0019532577817301e+02, -5.9585812508342947e+01,
       2.8084592742007647e+01, -3.1332189861360231e+01,
       1.1164957913395787e+01, 3.4672821415459252e+00,
       3.1922886400958528e+00, 8.6998016283915675e+01,
       -6.4915442578063889e+01, -2.3334618977525526e+01,
       -9.3203887564384953e+00, 1.4697583946862780e-01,
       -1.5142408869157262e+02, 1.1551600587619963e+02,
       1.6300581608577424e+01, -5.0940082415159409e+01,
       -2.4302889871512914e+01, -5.6053111621136082e+00,
       1.3333625629750355e+01, -2.0959886051817415e+02,
       8.7827322740248306e+00, 6.6400005281641384e+01,
       -3.6995809021276043e+00, -2.5265915522387857e+01,
       -6.7061642844974386e+01, -1.9817550184888653e+01,
       -4.4554698856687367e+01, 1.9658885485683189e+01,
       2.5872419538611332e+01, 5.1980895968061480e+00,
       -6.1356148844248693e+01, -1.3223048838389063e+01,
       1.0235688336650672e+02, -1.5469738076919183e+01,
       -6.2095781337593658e-01, 4.3370891561512472e+00,
       -7.4950220749310475e+01, -1.0892987962469843e+02,
       3.3279643164456658e+00, -3.7009583760449402e+01,
       2.3074078151851808e+01, 1.0960073660250391e+01,
       1.3227970793726007e+02, 9.5925437550237902e+01,
       1.8687364257995519e+01, -4.9590614336752971e+01,
       -1.2255311834655998e+01, 2.0296500162017836e-01,
       1.7043083085832819e+01, 1.2867861482916678e+02,
       -2.8344841704446239e+01, -5.3245429377290279e+01,
       -9.2908150869360728e+00, 1.3516909898146263e+00,
       2.4818622935395396e+01, 1.6026954239966241e+02,
       -3.3914718335297644e+00, 2.8733778699347585e+00,
       9.8990807159932110e+00, -1.0139639716026240e+01,
       -6.2367468185727304e+01, 9.4899042614284170e+01,
       5.2462816739503975e+00, -4.6938700224716683e+01,
       7.7036025618379096e+00, 3.5697346083373414e+00,
       1.7424185648934130e+02, 8.9823724447390312e+00,
       -4.8995241044022414e+01, 1.4081563190147243e+01,
       -1.1877535559060924e+01, -9.4136338250352694e+00,
       -1.5755249518428769e+02, 6.2407932354741796e+01,
       2.8406367755658330e+01, -3.3596846487411618e+01,
       -3.2846588250993545e+00, 5.4500709568666981e+00,
       -2.0123860341157567e+02, -3.4543193505865704e+00,
       3.1023820182669706e+01, -1.4077996564421616e+01,
       -6.1670341455880342e+00, -1.1538197593983080e+01,
       9.9674144979042111e+01, -4.5733599930632700e+01,
       -2.1841236930948583e+01, 3.6874940338642453e+01,
       -2.7282339325177123e+01, 2.3190732310009935e+01,
       -1.4595657253330725e+02, -1.4420161679150146e+02,
       2.5663462267969486e+01, -1.7229436593574977e+01,
       -1.5813946681462031e+01, 1.6647454949909029e+01,
       9.4289658231557461e+00, -1.1490232145238430e+02,
       2.8129509947638830e+01, 4.6587364560476331e+01,
       3.4169603448516476e+01, 4.5972241829439380e+00,
       9.3508666617839367e+01, 7.1428054738781327e+01,
       3.3345322171540943e+01, 4.0859984160277627e+01,
       7.8864869672084250e+00, -1.3383655206788325e+00,
       -1.3559805065896217e+02, -1.9765235674803897e+01,
       4.3984864376459171e+01, 5.1200737245862776e+01,
       -1.5767863779612794e+01, 1.8547347805195429e+01,
       1.6763189642965038e+01, -4.9688923211278819e+00,
       -6.3296213758808157e+00, -1.6330427922247736e+01,
       2.7665878830005617e+01, -2.0479188640125802e+01,
       6.2943051861187755e+01, -7.6447567476612377e+01,
       -3.4566272458222151e+00, 4.8313077901114639e+01,
       -3.1637434656784285e+00, 2.6475970141731011e+01 ]
