%YAML:1.0
means: !!opencv-matrix
   rows: 4
   cols: 5
   dt: d
   data: [ -1.6203755443604501e+02, -4.0016781337015381e+01,
       4.2623287848480757e+01, 7.3983018541928995e+00,
       -1.0464236128676086e+01, 1.3921445555635879e+02,
       -1.7580623866493436e+01, -3.4765816769792465e+01,
       2.4153023116855298e+01, -1.6911150398785789e+01,
       1.9649425991700582e+01, -3.7687514775597748e+01,
       3.2645381934814441e+00, 1.3282314411071276e+01,
       1.8730200695245006e+01, -1.2332121750690494e+01,
       9.7395766252798666e+01, -9.9940341128092118e+00,
       -4.3348292244789675e+01, -4.6738751271104402e+00 ]
covs: !!opencv-matrix
   rows: 20
   cols: 5
   dt: d
   data: [ 7.3410980159253859e+03, -6.9941569159433527e+01,
       2.9056938108994332e+03, -6.9034031937496150e+02,
       3.8648063138575043e+02, -6.9941569159433627e+01,
       9.3067228226337884e+03, 6.3519378319808834e+02,
       1.2917163576112096e+03, 7.3543550374173628e+02,
       2.9056938108994341e+03, 6.3519378319808823e+02,
       2.4091827803912797e+03, -5.4837365972696714e+00,
       -1.2655187617334838e+02, -6.9034031937496161e+02,
       1.2917163576112096e+03, -5.4837365972696803e+00,
       2.2473279316234984e+03, -2.6023876770442416e+02,
       3.8648063138575043e+02, 7.3543550374173628e+02,
       -1.2655187617334838e+02, -2.6023876770442416e+02,
       3.1164019897740411e+02, 6.5602374566051985e+03,
       6.1910898339894948e+02, 2.4370328017439410e+03,
       -1.1224154672461561e+03, 1.9129447655040943e+02,
       6.1910898339894948e+02, 7.1871393457479062e+03,
       5.1569112726257435e+02, 2.0702577648969427e+03,
       1.7104262373011579e+02, 2.4370328017439410e+03,
       5.1569112726257435e+02, 2.6215040436835179e+03,
       2.6989699700616803e+00, -1.7663678087193674e+02,
       -1.1224154672461564e+03, 2.0702577648969427e+03,
       2.6989699700616736e+00, 1.9836333346307574e+03,
       -1.8945723381971888e+01, 1.9129447655040937e+02,
       1.7104262373011579e+02, -1.7663678087193671e+02,
       -1.8945723381971884e+01, 1.1428997821799814e+02,
       6.9955500942654162e+03, -5.6942547500004093e+02,
       2.5202708408294084e+03, -6.5199442760131694e+02,
       -4.1713555811655124e+02, -5.6942547500004082e+02,
       1.1673816711645119e+04, 2.9522124371838089e+02,
       3.9713253254280727e+02, 2.0564143484012413e+02,
       2.5202708408294084e+03, 2.9522124371838095e+02,
       2.6076190869808656e+03, 6.3733933110343962e+01,
       4.8011328214087975e+01, -6.5199442760131672e+02,
       3.9713253254280721e+02, 6.3733933110343962e+01,
       2.5355038266284014e+03, -2.9437464807378770e+01,
       -4.1713555811655124e+02, 2.0564143484012413e+02,
       4.8011328214087975e+01, -2.9437464807378785e+01,
       3.4640266049950526e+02, 1.2891323606823224e+04,
       -4.8089717710579231e+02, 1.2624979430219801e+03,
       -3.0112266308417111e+02, 1.1293820918628992e+02,
       -4.8089717710579225e+02, 7.2614988116997065e+03,
       6.6891644630451401e+02, 2.2954861974021032e+03,
       -1.0897469039418215e+02, 1.2624979430219798e+03,
       6.6891644630451401e+02, 2.9848140705690462e+03,
       -1.6005666531981726e+02, -8.1924609317822814e+01,
       -3.0112266308417105e+02, 2.2954861974021028e+03,
       -1.6005666531981728e+02, 1.8659105272577781e+03,
       9.0273444336835709e+01, 1.1293820918628995e+02,
       -1.0897469039418215e+02, -8.1924609317822814e+01,
       9.0273444336835709e+01, 1.4490519026676412e+02 ]
weights: !!opencv-matrix
   rows: 1
   cols: 4
   dt: d
   data: [ 1.9516624157337714e-01, 1.9978700548684394e-01,
       3.5243924019059575e-01, 2.5260751274917487e-01 ]
pca_proj: !!opencv-matrix
   rows: 5
   cols: 21
   dt: f
   data: [ 1.02604255e-02, 8.46533298e-01, 5.67100069e-05,
       -5.08859605e-02, 4.68450844e-01, 1.89823491e-04, -5.55210514e-03,
       1.46431834e-01, -1.98076777e-05, -7.31809530e-03, 1.34976640e-01,
       -4.80776835e-05, -6.69380091e-03, 1.46460637e-01, -1.57161594e-05,
       2.11501210e-05, 1.32904761e-05, -3.16381829e-07, -1.62182951e-05,
       4.47223283e-04, 4.04881848e-06, 8.19958210e-01, 1.87153444e-02,
       -7.93817599e-05, 4.28530097e-01, 8.29724409e-03, 8.75842488e-06,
       2.28233948e-01, -2.37727305e-03, -1.84168690e-04, 2.08515689e-01,
       -1.20344283e-02, -2.14158339e-04, 2.18838796e-01, -7.27251405e-04,
       -1.84816250e-04, -3.05604735e-05, -5.04301033e-06,
       -1.27042276e-05, 6.79167337e-04, 1.30049409e-06, -1.63660501e-04,
       -1.48704097e-01, -3.29387456e-01, -1.82470303e-05, 1.08596861e-01,
       1.49965823e-01, -1.77574475e-04, 1.29315495e-01, 5.12750924e-01,
       2.36419466e-04, 1.37444586e-01, 5.11233926e-01, 2.85520800e-04,
       1.36541247e-01, 5.06532609e-01, 2.30281497e-04, -1.19767010e-05,
       -4.37137305e-06, 1.85016711e-06, 4.23374237e-04, 1.63331581e-03,
       1.86568883e-04, -4.72028166e-01, 1.25829116e-01, -3.95576280e-05,
       1.75304204e-01, -4.03850079e-02, -1.91588406e-04, 4.72358793e-01,
       -1.55570537e-01, 3.14154240e-05, 4.64089781e-01, -1.42328069e-01,
       9.23298430e-05, 4.71241623e-01, -1.54795542e-01, 4.75230554e-05,
       -2.49870754e-05, 5.87460408e-06, 1.53038200e-05, 1.49897439e-03,
       -5.03496267e-04, 3.15210091e-05, 4.28138897e-02, -3.98029029e-01,
       -1.64866622e-03, -1.49486646e-01, 8.53724658e-01, -7.20556185e-04,
       4.98631820e-02, -1.44551426e-01, -6.16796780e-04, 4.10989933e-02,
       -1.98635340e-01, -7.75538327e-04, 2.98115760e-02, -1.52079150e-01,
       -6.80539582e-04, 2.25883312e-04, -2.69945431e-05, 2.70592113e-06,
       9.03362306e-05, -4.77506634e-04, -7.18366122e-04 ]
pca_mean: !!opencv-matrix
   rows: 1
   cols: 21
   dt: f
   data: [ 4.33646118e+02, 2.44701981e+02, 1.49672687e+00,
       4.18191803e+02, 2.60206879e+02, 1.62062907e+00, 3.68545319e+02,
       2.27059875e+02, 1.69770968e+00, 3.19420807e+02, 1.63929108e+02,
       1.75046074e+00, 3.16613464e+02, 2.25532654e+02, 1.70717156e+00,
       1.08872897e-04, -9.74175637e-05, 6.24380555e-05, -2.17504916e-04,
       -2.50119597e-01, 1.75055194e+00 ]
gamma: !!opencv-matrix
   rows: 4
   cols: 1
   dt: d
   data: [ 9.1986059706515466e-01, 9.1698736937194214e-01,
       9.3228987440384736e-01, 9.2516042805751242e-01 ]
