%YAML:1.0
means: !!opencv-matrix
   rows: 8
   cols: 18
   dt: d
   data: [ 1.4773746948724281e+02, 1.9749064272518126e+00,
       -4.1799338686490209e+01, -1.7334809853494304e-01,
       -6.3994609452824971e+00, 1.1035499012674567e+01,
       -1.3404946086062661e+00, 8.0405499506045208e-01,
       5.1870846378129154e-01, -8.1126235087162074e-03,
       1.2853261417706904e-01, -3.0929169972545294e-02,
       -1.0557760731003601e-02, -1.6749636057453086e-02,
       -3.6287748090833426e-02, 3.6763969526347456e-03,
       2.4697373819241113e-03, -1.4201374995617382e-04,
       -1.6119668483642121e+02, -5.0252575502709377e+01,
       3.1932786819865107e+01, 3.2564579319038756e+01,
       -1.1244082574781130e+01, 6.4109443148306677e-01,
       -1.3198288669023475e+00, -3.7234817773707398e+00,
       -6.6639970899178191e-01, 2.6041315028583756e-01,
       -3.2963741171941348e-02, -4.0904547405385482e-02,
       -2.4647787779431244e-03, -3.0318850662492338e-03,
       5.4996383783020453e-03, 1.2560001249129737e-02,
       -9.2157519090640689e-04, -4.0386739366189027e-03,
       8.1594953683783046e+01, 1.5275204656038374e+01,
       -2.4139118230480669e+01, -3.2301072429731889e+01,
       -2.6502357135130438e+01, -1.9706889975561211e+01,
       8.7989543768336731e-01, -2.3369327388139656e+00,
       2.0695125095857661e-01, -4.1246861095097773e-02,
       1.0543742778105800e-01, -4.7889214461402426e-03,
       7.2756055811400806e-04, 2.8668740754643923e-03,
       1.5085314837633914e-02, 7.2044703833877366e-03,
       1.1176372980839623e-03, 1.3764408513362314e-03,
       1.6520665294656798e+01, 5.8584196864707927e+01,
       -3.3998880149286603e-01, -3.6485339702481909e+01,
       7.5526193180562711e+00, 3.8371234608972005e+00,
       -2.3467523831681296e+00, -1.1766217442978208e+00,
       -1.2785702090803492e+00, -2.8220339833290919e-01,
       -2.1135638704031443e-01, -7.2407114247830216e-03,
       -1.5619220117453536e-02, -9.5827904309525140e-03,
       -2.7569304974134862e-02, 1.5727873602631344e-02,
       -2.1290229974356176e-02, -9.2259278852634720e-03,
       8.2528276630760757e+01, -1.2316426790499319e+01,
       -1.4441817005783243e+01, 1.2051579974117745e+01,
       5.6716950721307153e+00, 1.1688417361840834e+01,
       -6.2771066816059129e+00, -2.6430315869408338e+00,
       -3.9103695971603472e+00, 3.3160930690323404e-01,
       4.4539289215134753e-02, -9.0441140378742773e-03,
       -2.9479914342714870e-02, 8.7423326379436513e-04,
       3.2614103242230965e-03, -1.5870690878079435e-02,
       1.3826420151524731e-02, 8.6498195273402613e-03,
       5.6157405597305626e+01, -2.1603071663815246e+01,
       -1.0070856081560532e+01, 1.6906612935562947e+01,
       1.0587294967331706e+01, 3.5401008917978989e+00,
       5.5871775892076048e-01, 4.9904339539467346e-01,
       3.0094699000077912e-01, -8.7085815703115466e-02,
       1.6055576971165723e-02, 1.3137698476675039e-02,
       8.2521194105113025e-03, 5.2864376143652329e-03,
       1.9549075465476937e-02, -4.0497445281572460e-05,
       1.3774598939399606e-03, -1.1629948513241356e-03,
       -2.1325894434612241e+01, 6.2728398620242687e-01,
       6.0166753025823043e+00, 3.5284590673162135e-02,
       7.9250396248519630e+00, -9.3434028080910725e+00,
       2.3619932165790125e+00, 1.0139199564085739e+00,
       3.8570349161585782e-01, 1.5373099545931992e-01,
       -4.3098758432500044e-02, 6.9969666547715133e-03,
       3.5063861244507530e-04, -3.2335624708164557e-04,
       -1.8401768556113453e-02, -3.2022899890498386e-03,
       -9.9604371745221984e-05, 1.1234357680164066e-03,
       -1.8837499839478320e+02, 3.6126680819295359e+01,
       4.1903452582082608e+01, -1.7874880709431437e+01,
       -1.5426357800885393e+01, 8.4628534452783306e+00,
       -9.6581868712312635e-01, 1.7110626057363465e+00,
       6.1042122488322514e-01, -1.0865207907580143e-01,
       -4.8658949583626947e-03, 3.8981415103259507e-03,
       4.6286883149776643e-03, 8.2396871219981454e-04,
       2.1532897296150846e-03, -9.5955644445355759e-03,
       8.7308713987947274e-04, 3.2820700222922672e-03 ]
