%YAML:1.0
means: !!opencv-matrix
   rows: 21
   cols: 5
   dt: d
   data: [ 1.0457529709597259e+02, -3.2490134162383200e+00,
       -8.8896616029646381e+01, 2.2011443007688246e+01,
       -9.0617423589737971e+00, -1.9239236568364240e+02,
       8.8991745850340962e+01, -1.8787897705289463e+01,
       -3.5218094692524986e+01, -7.7953104510503151e+00,
       -7.0979638687204798e+01, -6.4296722442579266e+01,
       2.8988865241900111e+01, -4.2881585382330734e+00,
       1.1351888637246908e+01, -2.1816193341176280e+01,
       1.9253756902307134e+02, 1.3787271647783273e+01,
       1.7623784616823510e+00, 6.6234261816125599e+00,
       9.9960334812151885e+01, -4.4819637211755378e+01,
       -2.1476594266593835e+01, 3.7683581625924816e+01,
       -2.7245790393095611e+01, -2.2725756204721304e+01,
       -1.0524858092330550e+02, -6.3911959758095740e+01,
       -2.3723936264191444e+01, 1.0632042277429473e+01,
       4.4312927989113561e+01, 8.4849458712695039e+01,
       -2.1084420439015471e+01, -6.3720906225743974e+01,
       -1.1383737828631499e+01, -1.2200879944802710e+02,
       5.3084130442396969e+01, 4.2786982570682923e+01,
       3.0373642446378604e+01, 8.1339507171770720e+00,
       -5.2972022715195886e+00, -1.4482985771335953e+02,
       1.0196045743938543e+01, 4.8855159544741809e+01,
       2.3226917473924598e+01, 2.1476507238715141e+02,
       -4.2884436755372519e+01, -1.8809487692144547e+01,
       -1.1382278611802427e+01, -1.4787981475973121e+01,
       8.0289741126287865e+01, -2.8893069685872494e+01,
       6.0735162275924225e+01, 6.6298781847671515e+00,
       1.2792205981144464e+01, 1.7357468819068495e+02,
       1.1986235573413200e+00, 1.7449040764390528e+01,
       2.9294197295391680e+01, -5.7076039313553339e+00,
       -1.2019391044671120e+02, -6.8057358821076519e+01,
       9.4228914073789227e+01, 1.0022344916277431e+01,
       -2.3610634862477159e+01, -1.6562020163472309e+02,
       -6.9742172983551200e+01, 2.3071700643901202e+01,
       -5.5442246132477251e+01, -3.0553077316236421e+00,
       1.0975201596328503e+02, -9.8607787968559919e+01,
       8.9510986187575412e+00, -5.3113267275409939e+01,
       8.8124351605731643e+00, -1.1507321133544711e+01,
       -3.2569047322657219e+01, -3.9920775827141441e+01,
       5.8649808434220553e+01, -1.2966737649972007e+00,
       9.8161542610428498e+01, 1.4673549536122982e+02,
       -1.6806499248637436e+01, 2.4447393185513786e+01,
       -9.4543502140906721e+00, -3.4733363542593899e+01,
       7.5943879818055322e+01, -6.7216442776240001e+01,
       -2.0596477685800693e+01, 7.1644385266467925e+00,
       2.1414097651890060e+01, 2.5795876460497876e+01,
       -5.4506671534278199e+00, 3.9844537919745493e+00,
       2.2871888859689804e+01, -2.4004232971164947e+02,
       -7.7098335989016221e+01, 1.1292288913871655e+01,
       3.7537946107709701e+01, -2.3730862118553262e+01,
       -3.1911931583024682e+01, 8.5442144333056291e+01,
       5.9487927770520074e+01, -5.7103062089007551e+01,
       -1.8403835276730911e+00 ]
covs: !!opencv-matrix
   rows: 105
   cols: 5
   dt: d
   data: [ 2.4646570097516678e+03, -3.7158049177583456e+02,
       4.6544763171920243e+02, -7.9688537670671323e+01,
       3.7362309648601588e+01, -3.7158049177583450e+02,
       6.0318427128672802e+03, 5.5319245128515445e+02,
       2.0029227589373472e+03, -2.7626620181490967e+01,
       4.6544763171920243e+02, 5.5319245128515445e+02,
       9.2512282689731512e+02, 1.8340001417935019e+02,
       -2.1956765366971148e+01, -7.9688537670671337e+01,
       2.0029227589373472e+03, 1.8340001417935022e+02,
       1.6950399567510024e+03, 5.8733945203727686e+01,
       3.7362309648601595e+01, -2.7626620181490992e+01,
       -2.1956765366971144e+01, 5.8733945203727686e+01,
       4.4856802007280486e+01, 4.1175134487840796e+03,
       2.2894971951143961e+02, 4.0789453809398435e+02,
       -9.0457714930475402e+02, 8.4351207907294651e+01,
       2.2894971951143967e+02, 5.3839542770384060e+03,
       2.8227283305566226e+02, 1.6588903514821054e+03,
       -2.3308966191980736e+02, 4.0789453809398447e+02,
       2.8227283305566226e+02, 1.3138757333904421e+03,
       5.8765150932375866e+02, -1.9138020423553531e+01,
       -9.0457714930475402e+02, 1.6588903514821056e+03,
       5.8765150932375877e+02, 1.5485863841690239e+03,
       3.5504984526150302e+01, 8.4351207907294622e+01,
       -2.3308966191980736e+02, -1.9138020423553520e+01,
       3.5504984526150317e+01, 1.6116736250770961e+02,
       5.7232854429296494e+03, 1.0244093363044274e+03,
       1.8971827202196898e+03, -1.1023405168386744e+03,
       7.3457608330715425e+02, 1.0244093363044274e+03,
       4.1365581225618489e+03, 1.4804812835981983e+02,
       1.4424980921152205e+03, 4.7663168650999728e+02,
       1.8971827202196903e+03, 1.4804812835981983e+02,
       2.4573983628228657e+03, 5.1245642363968678e+01,
       -3.8978610628943647e+02, -1.1023405168386741e+03,
       1.4424980921152210e+03, 5.1245642363968692e+01,
       1.3193516087101843e+03, -2.9505250099527677e+02,
       7.3457608330715425e+02, 4.7663168650999728e+02,
       -3.8978610628943653e+02, -2.9505250099527689e+02,
       4.5783552827052273e+02, 1.0162955342678573e+04,
       -9.0197858129801875e+02, 2.0621784108030110e+03,
       -7.0158241119822435e+02, 1.7339632045600510e+02,
       -9.0197858129801909e+02, 2.7410067505633788e+03,
       -2.1167342866600524e+01, 2.6604411972925373e+01,
       -2.3262798544646989e+02, 2.0621784108030110e+03,
       -2.1167342866600531e+01, 1.9379402112079406e+03,
       -4.7079645046841870e+02, -1.2827215188010595e+02,
       -7.0158241119822458e+02, 2.6604411972925394e+01,
       -4.7079645046841870e+02, 4.2802095812162423e+02,
       1.5349664843863414e+02, 1.7339632045600510e+02,
       -2.3262798544646989e+02, -1.2827215188010595e+02,
       1.5349664843863420e+02, 2.3852951255510720e+02,
       4.0443379045989873e+03, -7.5953371634024165e+01,
       2.8729957159454616e+03, -7.9690432846595365e+02,
       -8.5682941678532686e+01, -7.5953371634024165e+01,
       5.0616043257151032e+03, 9.1844805334326986e+02,
       2.6668656927565180e+03, -4.2165949822274669e+01,
       2.8729957159454616e+03, 9.1844805334326986e+02,
       2.5228172945849010e+03, -1.1098671991100967e+02,
       -9.6280464946740111e+01, -7.9690432846595365e+02,
       2.6668656927565180e+03, -1.1098671991100967e+02,
       1.7441133555864435e+03, 6.8337117592939379e+01,
       -8.5682941678532671e+01, -4.2165949822274655e+01,
       -9.6280464946740111e+01, 6.8337117592939379e+01,
       3.5195362668047423e+01, 5.0724646625629730e+03,
       -5.7689633878123743e+02, -1.6511726961056337e+02,
       3.5177675272508566e+02, -5.7421397847739047e+02,
       -5.7689633878123732e+02, 4.7356473416495846e+03,
       -5.3630300455156475e+02, -1.4749974869917080e+03,
       8.4134621281656088e+00, -1.6511726961056343e+02,
       -5.3630300455156475e+02, 9.9907351718833434e+02,
       1.7626327307094823e+02, 5.1972097849919365e+01,
       3.5177675272508566e+02, -1.4749974869917080e+03,
       1.7626327307094826e+02, 1.0805305032296217e+03,
       -7.1596141736309875e+01, -5.7421397847739047e+02,
       8.4134621281656177e+00, 5.1972097849919415e+01,
       -7.1596141736309875e+01, 3.8606893977507502e+02,
       7.4627576565712570e+03, -3.1660317170862743e+02,
       2.2852475575761391e+03, -1.1657686403098531e+02,
       1.2081215794718479e+02, -3.1660317170862743e+02,
       4.8561115251265264e+03, 5.5145061649778995e+02,
       1.3166966891805653e+03, 4.2190600703465300e+01,
       2.2852475575761387e+03, 5.5145061649778995e+02,
       2.1828353313672687e+03, -1.5398651496976902e+02,
       -7.4434278995965059e+01, -1.1657686403098531e+02,
       1.3166966891805650e+03, -1.5398651496976910e+02,
       1.2511649316267074e+03, 4.3202222853989895e+01,
       1.2081215794718479e+02, 4.2190600703465293e+01,
       -7.4434278995965030e+01, 4.3202222853989880e+01,
       3.7261026072539352e+01, 9.1392103106052182e+03,
