%YAML:1.0
means: !!opencv-matrix
   rows: 4
   cols: 10
   dt: d
   data: [ -1.7796760717432457e+02, 1.7182198253495859e+01,
       3.6617679766017886e+01, -8.1705525483952020e+00,
       -1.3252951539957850e+01, 7.2808269029910981e+00,
       -1.4678532697583453e+00, 1.1845800680114872e-01,
       2.0572378979899641e-01, 2.9884945792774500e-04,
       1.1678297836438267e+02, 7.9994084011878153e+00,
       -3.2206228670114101e+01, -1.1980970257031917e+01,
       -1.5219124034092850e+01, -2.5169559604045793e+00,
       1.5791712899143390e-01, -2.3444558027115414e-01,
       2.4230820274473761e-01, -2.7994045185679231e-02,
       9.3295733541228660e+00, -1.9317864577220288e+01,
       2.2117594985444629e+00, 1.4751977485292723e+01,
       1.1458526767615597e+01, -2.4995308472284421e+00,
       1.3625421397761193e+00, 5.0198738514115193e-01,
       3.2513268206310053e-01, 1.4118469201162673e-02,
       4.7783017619356983e+01, 3.9621144790987387e+01,
       -1.0351914042158455e+01, -2.6450438858144611e+01,
       8.6244817728089860e+00, 3.0064869766920044e+00,
       -4.0071585769505891e+00, -2.1821177639528955e+00,
       -2.6332941981260549e+00, 2.4926164291146939e-03 ]
covs: !!opencv-matrix
   rows: 40
   cols: 10
   dt: d
   data: [ 6.4209913307782044e+03, 1.6580542732437152e+02,
       2.8676816178313452e+03, 1.0605683495808030e+02,
       6.1674637153622818e+01, -4.0163615199237590e+01,
       5.3573446827270089e+01, -3.9110423144512211e+01,
       -6.3479004540083901e+00, 8.3064939821424422e-01,
       1.6580542732437149e+02, 1.1853880099641199e+04,
       1.2571385227118576e+02, -9.6870353810480697e+02,
       -2.6646467159548052e+02, 5.0875838354452890e+02,
       -1.0328082296882869e+02, 4.1068849102524055e+01,
       -1.2569431430167682e-01, 1.2789072820571413e+01,
       2.8676816178313452e+03, 1.2571385227118576e+02,
       2.4988455510551398e+03, -6.5209958408717199e+01,
       -5.9802697914866620e+01, 4.0723614864660043e+01,
       -2.3711174368763878e+01, 1.3978348101427928e+01,
       1.0382621813996995e+00, 3.1177448028535731e-01,
       1.0605683495808029e+02, -9.6870353810480685e+02,
       -6.5209958408717171e+01, 3.0092084330580683e+03,
       9.6383999227483002e+01, -2.3109707469500330e+02,
       5.1831982034637655e+01, -2.9884667465345913e+01,
       4.6946305287407659e+00, -2.8065980484805975e+00,
       6.1674637153622825e+01, -2.6646467159548052e+02,
       -5.9802697914866606e+01, 9.6383999227483002e+01,
       1.2785081382956218e+02, -3.2791121106698697e+01,
       1.1489275085272563e+01, -1.5427432943263936e+01,
       -3.5863709116373577e+00, 1.6004007704526724e+00,
       -4.0163615199237590e+01, 5.0875838354452890e+02,
       4.0723614864660050e+01, -2.3109707469500330e+02,
       -3.2791121106698697e+01, 2.6558353865683318e+02,
       -6.0827449275211833e+00, 1.2753205965753908e+01,
       4.4147682305909166e+00, -2.7290964863083946e+00,
       5.3573446827270089e+01, -1.0328082296882872e+02,
       -2.3711174368763878e+01, 5.1831982034637655e+01,
       1.1489275085272562e+01, -6.0827449275211851e+00,
       3.1088827834511147e+01, -1.0602660449670687e+00,
       -1.3629368834509437e+00, 1.3301144333077797e-01,
       -3.9110423144512218e+01, 4.1068849102524062e+01,
       1.3978348101427928e+01, -2.9884667465345910e+01,
       -1.5427432943263936e+01, 1.2753205965753910e+01,
       -1.0602660449670696e+00, 2.1972164734372893e+01,
       1.5533886456115982e+00, -4.6048213117015835e-01,
       -6.3479004540083910e+00, -1.2569431430167594e-01,
       1.0382621813996988e+00, 4.6946305287407668e+00,
       -3.5863709116373577e+00, 4.4147682305909166e+00,
       -1.3629368834509437e+00, 1.5533886456115982e+00,
       3.2858084564144976e+00, -6.3755024858524656e-01,
       8.3064939821424422e-01, 1.2789072820571413e+01,
       3.1177448028535731e-01, -2.8065980484805975e+00,
       1.6004007704526726e+00, -2.7290964863083946e+00,
       1.3301144333077805e-01, -4.6048213117015852e-01,
       -6.3755024858524667e-01, 8.5756215719598783e-01,
       5.5674444818337497e+03, -1.1059662676818338e+02,
       2.7021849491266621e+03, 6.2172742949116491e+02,
       1.9342244408049089e+02, 4.2656889153632824e+02,
       -8.3412392196419091e+01, 5.5953063728589456e+01,
       2.6229311176827867e+01, 4.9107739501018016e-01,
       -1.1059662676818338e+02, 6.1710842734074040e+03,
       -7.2736255907675499e+01, 2.0032433029984536e+03,
       -1.2345313275427021e+02, -2.2083211015509204e+02,
       3.4663962272140289e+01, -4.6949947819699268e+01,
       6.3943908758698047e+00, -5.1085145152771547e+00,
       2.7021849491266626e+03, -7.2736255907675499e+01,
       2.6102015512166745e+03, -1.0131475789996470e+02,
       -1.6519760268289696e+02, -6.8928857077475925e+01,
       2.8416456008786881e+01, -1.5184358605191372e+01,
       4.1967112235310050e-02, 2.3594521132365580e+00,
       6.2172742949116503e+02, 2.0032433029984541e+03,
       -1.0131475789996472e+02, 1.6604904179930750e+03,
       1.3628276325872986e+02, 1.9708500934618377e+02,
       -1.5683509990226847e+01, 5.7679864106789637e+01,
       -5.3891230262962413e+00, -2.4355840742230512e+00,
       1.9342244408049089e+02, -1.2345313275427024e+02,
       -1.6519760268289699e+02, 1.3628276325872986e+02,
       1.3484932081714916e+02, 1.6834120598234335e+02,
       -8.5863293400734708e+00, 8.0710346584049706e+00,
       1.6476330237367887e+00, -6.7825597591171594e-01,
       4.2656889153632829e+02, -2.2083211015509207e+02,
       -6.8928857077475925e+01, 1.9708500934618377e+02,
       1.6834120598234333e+02, 3.0356254613914660e+02,
       7.2088265492222146e+00, 1.7873042030009060e+01,
       -2.5217286918812278e+00, -7.7826907382507568e-02,
       -8.3412392196419091e+01, 3.4663962272140303e+01,
       2.8416456008786877e+01, -1.5683509990226847e+01,
       -8.5863293400734690e+00, 7.2088265492222172e+00,
       2.2578196403692470e+01, -4.0390742157579460e+00,
       -2.3530198415112484e+00, 2.2850318716432896e-01,
       5.5953063728589477e+01, -4.6949947819699268e+01,
       -1.5184358605191372e+01, 5.7679864106789637e+01,
       8.0710346584049724e+00, 1.7873042030009060e+01,
       -4.0390742157579460e+00, 1.7370609648887513e+01,
       -2.5947664658943141e+00, 6.6776746033245560e-01,
       2.6229311176827867e+01, 6.3943908758698047e+00,
       4.1967112235310279e-02, -5.3891230262962422e+00,
       1.6476330237367880e+00, -2.5217286918812287e+00,
       -2.3530198415112484e+00, -2.5947664658943141e+00,
       1.7361725296402624e+00, -1.4012572338513823e-01,
       4.9107739501018016e-01, -5.1085145152771547e+00,
       2.3594521132365593e+00, -2.4355840742230517e+00,
       -6.7825597591171571e-01, -7.7826907382507457e-02,
       2.2850318716432894e-01, 6.6776746033245571e-01,
       -1.4012572338513821e-01, 3.3636911505618688e-01,
       8.7873580934201491e+03, 7.0477702064954133e+02,
       1.8692832455407197e+03, -1.2791660753279214e+02,
       -2.5977259266998306e+02, 3.9283405916471060e+02,
       -7.2071204362331784e+01, 4.1210975704749337e+01,
       1.1293475608942622e+01, 4.1592370425653513e-01,
       7.0477702064954087e+02, 9.7150218746532319e+03,
       -2.7401763367828654e+01, 1.9633705785889326e+01,
       4.2219903678302728e+02, -2.4847437191673049e+02,
       5.0284156897192176e+01, 1.1509012046020949e+01,
       -2.4216259447365909e-01, 1.3285212854479627e+00,
       1.8692832455407197e+03, -2.7401763367828639e+01,
       2.8332280050680224e+03, -1.3058198593744271e+02,
       5.1815580780116743e+00, -1.0121639679092353e+02,
       2.1522767965866784e+01, -5.0845147540898727e+00,
       -1.7564526305703448e-01, 2.5868353203466192e+00,
       -1.2791660753279210e+02, 1.9633705785889319e+01,
       -1.3058198593744265e+02, 2.4869927340591717e+03,
       -3.4506067584204510e+02, 7.9363980609628044e+01,
       -2.7301664283752537e+01, -1.4415808387164232e+01,
       2.2904951128296456e+00, -2.8282124483242574e+00,
