%YAML:1.0
means: !!opencv-matrix
   rows: 11
   cols: 14
   dt: d
   data: [ 3.2869251476320308e+01, 1.2121602900556846e+02,
       -3.4139434628791863e+00, -7.1377222580673930e+01,
       7.9284019119880575e+00, 4.7909364684532713e-01,
       1.5662698295668198e+00, 1.8015488283763470e+00,
       1.4789375663109954e+00, 4.9229926984085598e-01,
       -6.0532619979501254e-02, -2.7345492441118269e-02,
       1.0332125540416296e-03, -6.0457429727357234e-03,
       -1.7865959319241207e+02, 9.7629909817201490e+00,
       3.5635856181254447e+01, -5.3517804999668703e+00,
       -2.4689066464618632e+00, 1.9602778090278448e+00,
       -2.8509236741307182e+00, -6.6135810525597201e+00,
       -2.5154601390121831e+00, 9.4645203783160026e-01,
       -1.4603106154014145e-01, -9.3082395512715216e-02,
       -3.7365188908005812e-03, 2.7246118306975082e-03,
       5.3069104421749259e+01, 1.3007178863641879e+01,
       -5.7356140546014469e+00, -1.0691489534278931e+01,
       6.6206421976411001e+00, 1.4889335141466984e+00,
       -5.5709686812700374e+00, -3.9688156008099962e+00,
       -4.2931751759221974e+00, -1.9974357169826323e-01,
       -1.2888778832452696e-01, -4.5143395101693781e-03,
       -3.5040441876533837e-02, -6.4630141733394717e-03,
       8.1428170728618170e+01, 1.7240296214322900e+01,
       -2.3536731168655102e+01, -3.2607676376768069e+01,
       -2.5637211791151170e+01, -2.0298696353987115e+01,
       1.0865527356389373e+00, -2.7078684332943146e+00,
       2.7674484821436174e-01, -2.4460722391691045e-02,
       1.0191380230347304e-01, -6.5176665100244655e-03,
       1.3822531763142240e-03, 2.6953068622552418e-03,
       -4.8983272549452245e+01, 1.2564602725212977e+01,
       3.5619294390342571e+00, -8.3795286252856416e-01,
       -7.2319717767522507e+00, 1.2450157194280706e+01,
       -1.1518071595447091e-01, 2.2200857239547598e+00,
       9.0956343945567530e-01, 5.6598200296291194e-02,
       -2.6255472727836993e-01, 4.3357342757519249e-02,
       3.9275230226561457e-03, 1.1463923276455417e-02,
       -1.6245931233293990e+02, -6.7922842217672994e+01,
       3.5013557490090740e+01, 4.4854371898056044e+01,
       -1.2848169682766104e+01, 5.9207296013162514e-01,
       3.9337505271838558e-01, -1.0101123309756409e-01,
       5.5832549205222504e-01, -2.3504074774761219e-01,
       4.6645346832325442e-02, -7.1590494135626414e-03,
       -1.4889788417416690e-04, -8.7049093715290439e-03,
       -4.1645955037495597e+01, 6.3288207349466274e+00,
       1.7339801342305798e+01, -6.7982783363040200e-01,
       2.1683431266099589e+01, -1.1297074270257216e+01,
       2.1753101135112631e+00, 3.4502749134184080e-01,
       2.7976435118785514e-01, 1.3122161345696409e-01,
       4.0913282592670991e-02, -2.3230886763629869e-03,
       9.0776762308219041e-04, -2.7835931603054100e-03,
       1.3333614144226104e+02, 8.6596455217119974e+00,
       -3.7525067132457174e+01, -1.6333058592616311e+01,
       -1.6182811770347190e+01, -9.8682167241262242e-01,
       -3.1448100157651593e-02, -2.9949780279590288e-01,
       3.7817546324990192e-01, -1.2407029345473969e-01,
       6.0412121157597913e-02, -4.2896820758983887e-03,
       -2.4218679709498139e-03, -4.0819227494881156e-03,
       8.6098237088799308e+01, -4.2228458838428145e+00,
       -1.9816342081113937e+01, 5.4173557290190786e+00,
       7.0826407896407488e+00, 6.8773697772359448e+00,
       -2.8507921988166662e-01, 1.1863732072259259e+00,
       2.9350540593615904e-01, -2.5842008252553363e-02,
       3.9839439199645457e-02, 9.6326547290634390e-03,
       5.5290619329788938e-03, 4.6844149943301577e-03,
       2.8978258457257287e+01, -9.3747957318263872e+01,
       -7.5152160846483183e+00, 6.0687115038445853e+01,
       -2.8020348161653965e+00, 2.9798548065528802e-01,
       1.8845607872918229e+00, -2.1149066053739687e-01,
       5.2797187510842496e-03, -1.8675072735227269e-01,
       -3.8811000809659421e-02, 8.6116020655197553e-04,
       4.2724463969725235e-03, -5.0246686865720149e-03,
       -1.9077020649347534e+02, 6.4200093845208926e+01,
       4.1691230888763414e+01, -3.7533577734871329e+01,
       -1.7989321506208459e+01, 6.1959835438834228e+00,
       -1.1896241312754272e+00, 1.6746520509048717e+00,
       7.3248326965132426e-01, -3.0725984614614798e-02,
       2.3877990600900255e-02, 2.4090032289537499e-03,
       4.8834411491040465e-03, 2.6210272391037127e-03 ]
