%YAML:1.0
means: !!opencv-matrix
   rows: 16
   cols: 13
   dt: d
   data: [ -1.7343934904443370e-01, -1.8009546715870283e+02,
       1.5754929089706959e+01, 6.2497105357971478e+01,
       1.2187832960774212e+01, -1.6698642908997240e+01,
       -1.2324071411866038e+00, -9.1524402273018479e-01,
       5.8266933709157798e-01, -1.1666376429229111e+00,
       -2.0429327628639898e-02, -8.8240380702579307e-02,
       4.5114207599992089e-03, 8.3834800783821791e+01,
       1.2898654983331067e+01, -9.0119530362649485e+00,
       -8.8509833958489548e+00, 6.1873592975025042e+00,
       -7.9522712365704917e+00, -1.2011547605414066e+01,
       9.5091133285301610e-01, 8.3175775587651017e+00,
       1.6642003335789981e+00, -1.2594085778283681e-01,
       8.1225086907024291e-02, -6.9674213159417450e-02,
       4.6475907602890203e+01, -1.4419121637574092e+01,
       -1.4726477302056098e+00, 3.4236153810188713e-01,
       1.3313841263839675e+01, -3.6607092451086443e+00,
       4.4682554775520753e+00, -2.5619867744528668e-01,
       2.0236250076408890e-01, 1.5893980648981504e-01,
       1.6443650672471624e-02, 3.9705669459192620e-02,
       2.4896299668154772e-03, -1.2407687321420647e+02,
       1.1280456082620580e+02, 1.1502024215578528e+01,
       -5.1563914363585148e+01, -1.0588391815597232e+01,
       1.1136684517480255e+00, 6.2499046228693844e-01,
       -3.0827497858944070e-01, -4.4718291448327147e-01,
       -2.1642616287406610e-01, 1.1170505479381633e-01,
       -2.9449971636746398e-03, 2.6044876377884752e-03,
       3.7935753443525748e+01, 1.0544054201900424e+01,
       -1.4574512574562185e+01, -2.1497950166681218e+01,
       -2.0582160282473132e+00, -1.8668663073498372e+01,
       -5.1998379751408130e+00, 3.9015571150696604e+00,
       5.7773761633652789e+00, -1.1779018324934132e+00,
       -2.2375537254487904e-02, -5.0316528862706801e-02,
       -1.7920093374518237e-02, 9.8898692746984082e+01,
       -4.4115805351436634e+01, -2.2015032432761750e+01,
       3.7015617277537075e+01, -2.7686057988927931e+01,
       2.3434167836984876e+01, 1.0721411510400005e+00,
       1.2964466271827271e+00, 4.9175750810103014e-01,
       3.0401051317793644e-02, 1.4814325192824590e-01,
       -3.4043980053437973e-03, -2.5620223107711156e-03,
       -3.9234166065616214e+00, 1.0562157900421280e+02,
       3.7071988907129354e+00, -3.2469441424389665e+01,
       1.5990638228864210e+01, -4.0246931928518519e+00,
       -5.6580623123835192e+00, 2.5190223730182901e+00,
       2.6271991115426312e+00, 4.1034225980693295e-01,
       5.9547038932451307e-02, 1.4549328127876943e-01,
       -3.7380609265842142e-02, 4.8054311930879621e+01,
       6.0006722365798471e+00, -1.1589058690982847e+01,
       6.4872301278862166e+00, 1.9558367769310571e+01,
       5.2520345680735989e+00, -2.9384591680337064e+00,
       -1.0405751939820866e+00, -9.7615323700631029e-01,
       -6.8088344221374525e-02, 2.3810241620681105e-03,
       2.6279826122096906e-03, 2.0300436038246960e-03,
       -1.9079051214189610e+02, -3.2435554459177276e+01,
       4.7659023740451680e+01, 3.1987530252620595e+00,
       -1.7425284693774294e+01, 6.6910005415083273e-01,
       -4.8791882958049093e-01, 1.0389126176295127e+00,
       -1.1344363960759527e+00, 1.7669204143120929e-02,
       2.5544033660489181e-02, 1.4162180161908813e-02,
       3.6912956899514144e-03, -1.5245918255698180e+02,
       -1.2792291625350848e+02, 4.7109176921258729e+01,
       4.3002796670413481e+01, -2.9438840952287663e+01,
       -8.3174238779001080e+00, -6.1918807174232491e+00,
       -1.5281860428646408e+00, 4.6123576778843800e-01,
       2.9350891696953851e-01, 4.7569635953070774e-02,
       6.4988619233744743e-02, -1.9243598359230715e-02,
       -1.8501914504730442e+02, -9.7121469819695463e+00,
       3.2295138838052260e+01, -1.8448440968876756e+01,
       -3.8045613973904396e-01, -7.7067523438839896e+00,
       -1.6406508305611995e+00, -4.0842736201927848e-01,
       3.8612548588989628e+00, 5.6395197432699173e-01,
       -1.8051206129065922e-01, -1.1610181810618063e-01,
       2.7607473146045972e-03, 1.6695588658345207e+02,
       1.9644855657018436e+01, -4.4981472209480465e+01,
       9.6905521577056923e+00, -1.0375159755975767e+01,
       -6.7368012704236913e+00, -7.0008397421123347e-01,
       -9.8853912233054217e-02, -8.2298023725626246e-01,
       -3.2953066589947469e-02, 9.9887965023814682e-02,
       -1.8604255295288259e-02, 3.1425043893531265e-04,
       3.4984333708312043e+01, 1.2753453460179458e+02,
       -2.8151866491401314e+01, -5.1426124892108447e+01,
       -8.6111717282876672e+00, 1.8847944893121140e+00,
       1.9901868872715633e+00, -2.2332598482563026e-01,
       -2.5161733041076306e-01, -1.1373460393143214e-01,
       2.2537115062273416e-02, -2.5835208125838244e-02,
       4.4887980240208023e-03, -8.6817395439217108e+01,
       -7.4656993584679103e+00, 2.9447189035733377e+01,
       5.8197405049014037e+00, 1.3357405856290296e+01,
       1.7205387313311370e+01, 2.5444344656609772e+00,
       1.2010530675923592e+00, 2.6224701662914823e-02,
       -1.6828579349756120e-01, 6.0675777973482762e-03,
       -1.1123121077360094e-02, -1.2437368587855311e-04,
       -7.2006121496671698e+00, 8.1606255654865887e+00,
       -3.4549462196031993e+00, -1.3588880307571653e+01,
       -1.6002949784987048e+00, -7.2408065859264337e+00,
       6.5923522188827754e-01, -1.3550714721000678e+00,
       3.1694763692050212e+00, 2.2076668727242468e+00,
       1.6089664773919232e-01, -2.6678833942740227e-01,
       1.5895071394086684e-02, -1.1584309957012575e+01,
       -1.6272106388321234e+01, 1.8509499801607181e+00,
       1.8748896496465535e+00, -1.0195297378170741e+01,
       -5.6905585210647471e+00, 7.7106482835193346e-01,
       2.0795637356988678e-04, -1.1639967151325725e+00,
       8.3015430552453889e-02, -2.7400638036246666e-01,
       1.1407823875078001e-02, 5.2158682289061946e-03 ]
