%YAML:1.0
means: !!opencv-matrix
   rows: 17
   cols: 9
   dt: d
   data: [ -7.1148645905675352e+01, -7.9298530735014793e+01,
       1.9637400159007264e+01, 4.8501281627275546e+01,
       6.1642925366483183e+00, -4.7995195728332902e+00,
       2.1266804544094220e+00, -2.3228924262026199e-01,
       2.3261705105188715e-01, 1.2712005918597728e+02,
       1.3077156851233434e+01, -4.4958693449164187e+01,
       -6.0855277153149876e+00, -6.3259235345111691e+00,
       4.7442651252021157e+00, 3.7680248261432886e-01,
       1.7321598048524658e+00, 5.4214334107349693e-01,
       -1.6391223650995542e+02, 2.1346733904385506e+01,
       3.9686797024769923e+01, -1.4109703891512661e+01,
       -4.9610569046822457e+00, -6.2352295689717119e+00,
       1.6657864196105767e+00, 1.1892266179151560e+00,
       4.5169376940255862e-01, 4.7754498329542365e+01,
       1.9196185305522640e+01, -2.1942548828912420e-01,
       -1.3901130491943471e+01, 1.4625207349593943e+01,
       -5.4885016474960979e+00, 1.9165018971915482e-01,
       9.0897335540951507e-01, 3.4106849839897407e-01,
       6.1963279305950259e+01, 3.6967175539952883e+00,
       -8.5602348973855413e+00, -1.0306901514650637e+01,
       -5.3877975899958939e+00, -1.0397066063851066e+00,
       -6.2495283031461835e+00, -3.0476255274078019e+00,
       -4.6415725077480596e+00, 3.3471397786649980e+01,
       -9.6709500181543561e+01, -9.6851757618605117e+00,
       6.9498627747718842e+01, -4.1565146849542547e+00,
       -1.4224456810420405e+00, 2.1029547615094244e+00,
       -3.8438633695114677e-01, -8.4389683653405045e-02,
       -4.3121302317028878e+01, 2.7578550983168949e+01,
       2.1157330959308258e+01, -2.2999614674401279e+01,
       2.6858497050520967e+01, -1.5260656448710744e+01,
       2.4938127689590579e+00, 9.6630811650504009e-02,
       1.9029916369922056e-01, 3.1568928238155546e+01,
       1.5428251184518227e+00, -6.0104106781850097e+00,
       9.8938752275017841e+00, 2.3814636182671688e+01,
       5.0611335509318502e+00, 1.3319039724218786e+00,
       9.8854495071250470e-01, 3.0974222162722370e-01,
       -1.9635095077840776e+02, 9.2785418935280447e+01,
       3.9888168504675498e+01, -5.1968242345191527e+01,
       -2.4086370007023408e+01, 1.4470610793198491e+01,
       -3.4587623661673526e+00, 1.9198006087926334e+00,
       7.4030619445637369e-01, 1.4767512577111449e+02,
       8.2456556234335885e+00, -4.1168173549495719e+01,
       -1.5582525757416512e+01, -8.4209378684380365e+00,
       1.2890273148700745e+01, 1.0363977361020206e-01,
       -9.6287278686893962e-01, -1.7369191248336706e+00,
       -1.4909289846696302e+02, -1.0310157901308841e+02,
       2.7426452491532729e+01, 6.6351114195075724e+01,
       -1.9627256477274077e+01, 6.4834163527762212e-01,
       -1.9315817356931389e-01, -1.4358934405756103e+00,
       1.0192275695448314e+00, 1.5544871306491791e+02,
       1.4436010587703652e+01, -4.2504306892930821e+01,
       -3.1861237219595906e+00, -5.4937896801645714e+00,
       1.2916897953698163e+01, -1.0776361995869141e+00,
       1.0585218429193193e+00, 4.9764411504939376e-01,
       9.1013564443901956e+01, -5.7528419859739770e+01,
       -2.6051390177760950e+01, 3.7150293900184536e+01,
       -4.9328711006963211e+00, 9.7879021260688468e+00,
       -2.2815204858178889e-01, 8.2002403432551796e-01,
       4.7325631038501509e-01, -3.7557472520302213e+01,
       1.6163312734849242e+01, 2.6771322564929307e+01,
       -1.0118461496878914e+00, 2.2634245675057432e+01,
       -6.8254596552779159e+00, -6.7678249862097717e+00,
       -4.9757113395101147e+00, -4.5844461227515412e+00,
       -3.0286053164127523e+01, 6.8435111042015222e+01,
       6.8754701412918537e+00, -3.4772600767143196e+01,
       1.9198629251822774e+00, 9.8910552901394535e+00,
       5.2211923966901796e-01, 2.1187433015265515e+00,
       1.2185352138084196e+00, 8.1705492676209744e+01,
       1.5753637825894508e+01, -2.3989944993959323e+01,
       -3.2263149366751946e+01, -2.6487544890175638e+01,
       -1.9717353319546213e+01, 9.1756232215942024e-01,
       -2.3383543081337836e+00, 2.0583527699062545e-01,
       -2.0233185159840338e+02, 2.6331850333763231e+00,
       4.1105225330934687e+01, 2.0208855786435853e+00,
       -9.0744146201579046e+00, 6.6332528689031811e+00,
       -2.8179330537336824e+00, -3.3487282592999597e+00,
       -1.3339878793427480e+00 ]
