%YAML:1.0
means: !!opencv-matrix
   rows: 15
   cols: 4
   dt: d
   data: [ -1.0619563250110396e+02, -4.7303284419144006e+01,
       2.1462177617667987e+01, -5.8608575128149269e+01,
       1.7522338982230673e+02, -7.1165892412896227e+01,
       1.9185997183375520e+01, 4.0529376032836462e+00,
       -4.4255017487311882e+01, 7.8541435347689195e+00,
       -8.7918643871527802e-01, 8.8670472946921322e+01,
       -1.6617230694094152e+02, -1.4529462667434117e+02,
       3.4673839906297843e+01, 1.6841721193749519e+00,
       5.6552084729787907e+01, 1.1674210004217127e+02,
       8.0445356639282757e+00, 2.6050203569597937e+01,
       -2.3186311080847361e+02, 9.9789738878164620e+00,
       -1.1444925616908497e+01, -5.7210120821021315e-01,
       1.0062843768853840e+02, 8.8365692578674828e+00,
       -3.0322383990144278e+01, 5.1785993312162219e+01,
       -6.8255299409222072e+00, -1.2282256208888707e+02,
       -3.1770267785664537e+01, 1.8303262349297103e+01,
       5.0273047393417876e+01, 9.4656224784179713e+01,
       -8.7048993598984424e+01, 2.2307392360405416e+01,
       1.1866442171801836e+02, -1.9575931450901518e+01,
       -5.6149501205725414e+01, -3.1542274381253556e+01,
       7.9936943335420196e+01, 6.7836382772944432e+00,
       -2.3287411638663070e+01, -3.7861870269670689e+01,
       8.5829753971852639e+01, -1.4673709587756568e+01,
       6.6032419446823042e+01, -2.4550832303260086e+00,
       -1.1541732476984900e+02, 1.3242497427282963e+01,
       7.5774296634998933e+01, -4.4183075099067470e-01,
       -2.0109940366015670e+02, 1.3743985101196256e+02,
       4.0806038060297176e+01, 1.0319453984423030e+00,
       -2.5065046965749101e+01, 3.4952948291708800e+01,
       -1.4195890786867453e+01, -2.6687954149328533e+01 ]
covs: !!opencv-matrix
   rows: 60
   cols: 4
   dt: d
   data: [ 8.2561948527268505e+03, -1.7401473612094460e+03,
       8.9132090748215819e+02, 1.2241052238985976e+03,
       -1.7401473612094462e+03, 2.2226827681209083e+03,
       4.2829813461422913e+02, -2.7450676518253556e+02,
       8.9132090748215830e+02, 4.2829813461422913e+02,
       2.5474360237304309e+03, -3.5209908523302994e+02,
       1.2241052238985974e+03, -2.7450676518253573e+02,
       -3.5209908523303000e+02, 6.5935330279686457e+02,
       3.8394231296356152e+03, 1.5967308537995552e+03,
       1.6588633603305269e+02, -1.1090324405721390e+03,
       1.5967308537995552e+03, 5.7681369355805728e+03,
       -5.9606635067616821e+01, 1.6683584890876227e+02,
       1.6588633603305269e+02, -5.9606635067616828e+01,
       4.6616522109055217e+02, 1.9234378121889310e+02,
       -1.1090324405721390e+03, 1.6683584890876227e+02,
       1.9234378121889310e+02, 1.4980092410982995e+03,
       7.8946826545854856e+03, 4.6511911750134271e+02,
       7.2156115199921976e+02, -1.2128611377831430e+01,
       4.6511911750134271e+02, 1.6011088950883836e+03,
       -2.1892276778187161e+02, -8.5170677719580638e+01,
       7.2156115199921965e+02, -2.1892276778187161e+02,
       2.9238683577113161e+03, -1.0629563928994375e+02,
       -1.2128611377831430e+01, -8.5170677719580638e+01,
       -1.0629563928994375e+02, 4.9469017179860782e+02,
       5.6377326615668608e+03, -9.7048990346193295e+02,
       2.4343677213430806e+03, 5.0318157638332798e+02,
       -9.7048990346193284e+02, 3.3786049662338642e+03,
       4.6679983634687454e+02, -8.6174535398813782e+02,
       2.4343677213430810e+03, 4.6679983634687443e+02,
       2.3916615220494550e+03, -3.8369708284908734e+02,
       5.0318157638332798e+02, -8.6174535398813782e+02,
       -3.8369708284908734e+02, 8.7353514011426762e+02,
       1.2170086519912515e+04, -4.3050469335912101e+02,
       6.7460890187502889e+02, 8.8946789008329091e+01,
       -4.3050469335912101e+02, 1.4179295389135953e+03,
       -6.2970302881301670e+01, -4.5073821166725691e+02,
       6.7460890187502901e+02, -6.2970302881301613e+01,
       1.7550149468597790e+03, -1.5607352039344130e+02,
       8.8946789008329119e+01, -4.5073821166725691e+02,
       -1.5607352039344133e+02, 6.1940973047657258e+02,
       3.3494285358164939e+03, 1.0493537083082414e+02,
       4.4280318433463856e+02, 9.9698213781974619e+02,
       1.0493537083082414e+02, 6.4731280291483281e+03,
       2.4587974853958221e+02, -8.0138651472393337e+02,
       4.4280318433463856e+02, 2.4587974853958221e+02,
       5.7164357581837078e+02, -1.5246639990367876e+02,
       9.9698213781974619e+02, -8.0138651472393337e+02,
       -1.5246639990367876e+02, 3.0896134426041995e+03,
       6.8741692297230802e+03, 3.3443439543710379e+03,
       2.2498401617735994e+03, -7.1793840452960126e+02,
       3.3443439543710379e+03, 4.1058230171324085e+03,
       5.4881633012157704e+02, -4.1676041358759096e+02,
       2.2498401617735994e+03, 5.4881633012157693e+02,
       1.9660294780112508e+03, 3.2320517701408664e+02,
       -7.1793840452960103e+02, -4.1676041358759096e+02,
       3.2320517701408664e+02, 1.0980403380223952e+03,
       7.1439590492824909e+03, 6.9068744532789651e+02,
       4.9275248538839932e+01, -1.0168997016511730e+03,
       6.9068744532789651e+02, 3.4996542630356862e+03,
       -5.9316684333883607e+01, 5.7206419944806036e+01,
       4.9275248538839946e+01, -5.9316684333883607e+01,
       2.2186839386687211e+03, 3.2085135277494220e+02,
       -1.0168997016511730e+03, 5.7206419944806015e+01,
       3.2085135277494209e+02, 8.4392802839648982e+02,
       2.3567695534760510e+03, 1.4051859332484290e+02,
       8.1049232775994522e+00, 2.2875848181044330e+02,
       1.4051859332484284e+02, 2.0286682347665562e+03,
       1.3089319686257659e+02, -1.3472936866575301e+02,
       8.1049232775994664e+00, 1.3089319686257656e+02,
       6.3279680457103495e+02, -1.3076512156348559e+02,
       2.2875848181044330e+02, -1.3472936866575301e+02,
       -1.3076512156348556e+02, 8.5027535960673856e+02,
       3.7369538569952228e+03, 3.8284937238856838e+02,
       1.9617259909143265e+03, 3.4170054315282943e+02,
       3.8284937238856867e+02, 3.7274690863137585e+03,
       4.8792339636027242e+02, 9.6593736595595715e+02,
       1.9617259909143265e+03, 4.8792339636027248e+02,
       1.9066049904997628e+03, 1.1936767285272606e+02,
       3.4170054315282948e+02, 9.6593736595595715e+02,
       1.1936767285272607e+02, 9.1979446633146688e+02,
       3.8929131354502688e+03, 1.0443818068304076e+02,
       2.8712662672566316e+03, 1.4829445795841320e+02,
       1.0443818068304083e+02, 4.9674055800322458e+03,
       2.1075469317505345e+01, 2.1311222347514663e+03,
       2.8712662672566316e+03, 2.1075469317505398e+01,
       2.3408549073473091e+03, 5.4122758903338685e+01,
       1.4829445795841318e+02, 2.1311222347514663e+03,
       5.4122758903338685e+01, 1.0116893044817597e+03,
       4.8373827910896716e+03, 1.2893948734058276e+03,
       -8.7990052673514208e+02, -4.1197516373794298e+02,
       1.2893948734058276e+03, 9.9424546747898949e+03,
       -1.4548281836705482e+02, -7.4374266570439465e+02,
       -8.7990052673514197e+02, -1.4548281836705488e+02,
       5.3152766280015317e+02, 1.1071578404989287e+02,
       -4.1197516373794298e+02, -7.4374266570439454e+02,
       1.1071578404989292e+02, 2.5212814785960504e+03,
       2.8766318958529923e+03, -4.7567785489591408e+01,
       6.1073738039529167e+02, 8.1293479999107024e+02,
       -4.7567785489591373e+01, 6.4115677582641283e+03,
       2.7532004105893850e+02, -9.1098708527443716e+02,
       6.1073738039529167e+02, 2.7532004105893839e+02,
       8.3296491873265859e+02, -1.5119579609677160e+02,
       8.1293479999107024e+02, -9.1098708527443739e+02,
       -1.5119579609677160e+02, 2.7880557966847546e+03,
       4.9142039202243859e+03, 2.5271055284299010e+02,
       2.7634779227756271e+03, -2.9208288974305810e+02,
       2.5271055284299018e+02, 3.5492889023694102e+03,
       -2.5848079750245097e+02, -7.9120159912806560e+02,
       2.7634779227756271e+03, -2.5848079750245097e+02,
       2.1784869343221608e+03, 7.1900619777652963e+01,
       -2.9208288974305799e+02, -7.9120159912806560e+02,
