%YAML:1.0
means: !!opencv-matrix
   rows: 12
   cols: 9
   dt: d
   data: [ 1.4358331747910015e+02, -3.8841895930070649e+00,
       -3.9155661978931207e+01, 5.4654667661874710e+00,
       -5.2792026712753986e+00, 1.2641749092290336e+01,
       -6.3020948064931237e-01, 1.1597821634760095e+00,
       2.2919737433039333e-01, -1.7593456261311465e+02,
       6.6078613751998347e+01, 3.8136201795783343e+01,
       -4.0288120898643626e+01, -1.8444187098147012e+01,
       -3.6134690995953372e-01, -5.3103366789154216e-01,
       1.3357131996517699e+00, 4.3201918791324517e-01,
       1.5646261905616555e+01, 3.1374993572832324e+00,
       -3.9111666431467363e+01, 2.1677958414892595e+00,
       1.5589642270089321e+01, 1.7458664470135468e+00,
       7.1110564674702137e-01, 7.0349771048517118e-01,
       4.2379125361471370e-01, 3.6775741763103817e+01,
       -9.7717987683996753e+01, -1.2009242823342555e+01,
       6.6443070916897611e+01, -4.3274169541900562e+00,
       -6.4103687671809340e-01, 2.0814473043186350e+00,
       -2.8780752396177528e-01, 6.4506326919582510e-02,
       1.1439075162509847e+02, -5.0126718890181170e+00,
       4.2396959307414328e+01, 6.6014935302901625e+00,
       1.0281233527312446e+01, 1.1247554140242542e+00,
       8.2613166577102923e-02, 1.1525803746779915e+00,
       4.4447998045359310e-01, 1.9566870135156915e+01,
       1.1718053408648441e+02, -2.7259951351152418e+00,
       -7.1427738935826895e+01, 5.6296294499294133e+00,
       1.7868121954503637e+00, 8.7907470852582670e-01,
       1.6617719014538561e+00, 1.3500448750002834e+00,
       8.1659050975654253e+01, 1.5658377457863637e+01,
       -2.4025612593206485e+01, -3.2242027228434651e+01,
       -2.6460182639493812e+01, -1.9722538166018417e+01,
       9.0837103141602715e-01, -2.3235260093573702e+00,
       2.0095744639971563e-01, -2.0028757830319265e+02,
       -1.9416962239205862e+01, 4.1928316741468166e+01,
       1.5717792113975728e+01, -9.0917425596557031e+00,
       8.4536304426092030e+00, -5.4861448753250808e-01,
       -4.2242498082336566e-01, -3.9227510137054208e-02,
       -1.7360759302918862e+02, 6.9219245269672044e+01,
       4.1281796469901593e+01, -3.4281543031218490e+01,
       -9.3939936298746822e+00, 1.6251720045367193e+01,
       -4.3077879974744402e+00, -8.6232373085987912e-01,
       -4.1577509739387442e-01, -5.7884865636320249e+01,
       2.0679008811544378e+01, 2.2408345693154796e+01,
       -1.9111150608135219e+01, 2.3596532277393916e+01,
       -1.5560906162087473e+01, 2.4947503156783482e+00,
       1.2099421901967501e-01, 1.8630195786213810e-01,
       -9.7174089403366096e+01, -8.8304400796120447e+01,
       2.1242767724450225e+01, 5.4783972473086251e+01,
       -2.1129661945698301e+00, -3.1071653255768750e+00,
       1.4453172589924148e+00, -5.5136655654580458e-01,
       4.5028547672277408e-01, 2.0000303885712921e+01,
       6.1781500848502349e+00, -1.7397912621159561e+00,
       -8.7302830599310588e-01, 5.3263059302187221e+00,
       8.1523046792448997e-02, -4.2597482807149900e+00,
       -2.3464732348421560e+00, -3.5423467183441510e+00 ]
covs: !!opencv-matrix
   rows: 108
   cols: 9
   dt: d
   data: [ 4.8729654531150436e+03, 2.4941505003038134e+02,
       2.8233833016898534e+03, -1.5658605724729023e+02,
       -1.8443288311314808e+02, -1.2423040053078101e+02,
       -5.4411539632945384e+01, -5.6851828334558787e+00,
       2.5513172189771431e+01, 2.4941505003038139e+02,
       6.6095763933285480e+03, -2.3757829035595500e+02,
       1.7423044361013694e+03, -9.9928982732854919e+01,
       -7.5886304996725158e+01, 2.2727821447723354e+01,
       -5.7567562034259758e+01, 7.4063265623631276e+00,
       2.8233833016898534e+03, -2.3757829035595500e+02,
       2.5391952118294189e+03, 9.4622578554083404e+01,
       -8.8960372858856360e+01, 5.1739300349068216e+01,
       3.0692912882472914e+01, 5.7350383788112040e+00,
       -2.0185930291281222e+00, -1.5658605724729014e+02,
       1.7423044361013697e+03, 9.4622578554083375e+01,
       1.6104241977293691e+03, -2.0844382051817373e+01,
       -9.6518769728876734e+01, -2.8760496582729869e+00,
       4.7671291940501646e+01, -5.4119159619862058e+00,
       -1.8443288311314808e+02, -9.9928982732854934e+01,
       -8.8960372858856360e+01, -2.0844382051817373e+01,
       3.0717971996089744e+01, 2.0330720732707380e+01,
       -6.9615890464958321e+00, -2.8930774811275568e+00,
       8.8642774791685908e-01, -1.2423040053078101e+02,
       -7.5886304996725158e+01, 5.1739300349068195e+01,
       -9.6518769728876734e+01, 2.0330720732707377e+01,
       5.7197911110635083e+01, 1.0842209201120395e+01,
       -9.1882521972887332e+00, -2.2648675864107743e+00,
       -5.4411539632945384e+01, 2.2727821447723347e+01,
       3.0692912882472914e+01, -2.8760496582729869e+00,
       -6.9615890464958321e+00, 1.0842209201120397e+01,
       2.3889531801629190e+01, -3.8793581322340458e+00,
       -2.4706015351496884e+00, -5.6851828334558796e+00,
       -5.7567562034259758e+01, 5.7350383788112040e+00,
       4.7671291940501646e+01, -2.8930774811275564e+00,
       -9.1882521972887350e+00, -3.8793581322340449e+00,
       1.6405600175474468e+01, -2.3539963947235658e+00,
       2.5513172189771428e+01, 7.4063265623631249e+00,
       -2.0185930291281218e+00, -5.4119159619862058e+00,
       8.8642774791685908e-01, -2.2648675864107743e+00,
       -2.4706015351496884e+00, -2.3539963947235658e+00,
       2.0540565838200577e+00, 5.8569361875125369e+03,
       -1.1582075690602286e+02, 3.0574670805314840e+03,
       2.2364000758299764e+02, 1.5817401941849127e+02,
       -3.0525591371604986e+02, 1.0945180457793215e+02,
       -1.9357575232404500e+01, -1.4142970184212544e+01,
       -1.1582075690602291e+02, 6.6531109620629550e+03,
       -6.9724756715955465e+01, 2.0971420118327869e+03,
       -2.9058161517927294e+02, 2.9139108567933158e+02,
       -5.6256467259464202e+01, -2.4561770066090229e+01,
       1.1211035592607560e+01, 3.0574670805314840e+03,
       -6.9724756715955522e+01, 2.4695412517313434e+03,
       8.4428312398794390e+01, -3.9391697924361303e+01,
       6.4373943098656397e+01, -2.6973355801958729e+01,
       4.8497837502019747e+00, 2.3719943295177462e-01,
       2.2364000758299767e+02, 2.0971420118327878e+03,
       8.4428312398794375e+01, 1.2606496339064554e+03,
       1.1152831693114784e+02, -7.6866328218807723e+01,
       1.7036287396517796e+01, -1.2592592528255860e+01,
       3.4684060841579396e+00, 1.5817401941849127e+02,
       -2.9058161517927289e+02, -3.9391697924361303e+01,
       1.1152831693114784e+02, 1.3798591392895329e+02,
       -8.7613334708915929e+01, 2.6537386056749721e+01,
       -3.6555332063846411e+00, -3.0502192456963478e-01,
       -3.0525591371604992e+02, 2.9139108567933158e+02,
       6.4373943098656397e+01, -7.6866328218807737e+01,
       -8.7613334708915886e+01, 2.1983554509027792e+02,
       -6.4631866549288528e+00, -6.4962427474666482e+00,
       -2.4921132631799303e-01, 1.0945180457793214e+02,
       -5.6256467259464202e+01, -2.6973355801958732e+01,
       1.7036287396517800e+01, 2.6537386056749721e+01,
       -6.4631866549288501e+00, 2.8546347666711739e+01,
       -9.3052292142091075e-01, -3.0611888927718556e+00,
       -1.9357575232404489e+01, -2.4561770066090236e+01,
       4.8497837502019721e+00, -1.2592592528255858e+01,
       -3.6555332063846420e+00, -6.4962427474666482e+00,
       -9.3052292142091042e-01, 1.3006227616788109e+01,
       -1.9285136293947855e+00, -1.4142970184212544e+01,
       1.1211035592607564e+01, 2.3719943295177420e-01,
       3.4684060841579405e+00, -3.0502192456963473e-01,
       -2.4921132631799314e-01, -3.0611888927718556e+00,
       -1.9285136293947855e+00, 1.5964604263559794e+00,
       4.7275582090849939e+03, 4.9246142181708279e+02,
       8.3873629707789951e+02, -1.7526649031163521e+02,
       -7.7837255871674097e+02, 7.2361226108390127e+01,
       -1.3838262620104731e+01, 3.0156894250166562e+00,
       7.8348550015339571e+00, 4.9246142181708274e+02,
