%YAML:1.0
means: !!opencv-matrix
   rows: 3
   cols: 15
   dt: d
   data: [ -3.4305069964671347e+01, 2.7907428569420315e+01,
       1.2727025610655389e+00, -1.3320423240013010e+01,
       -1.1406186387713078e+01, -2.7907404464773231e+00,
       1.3595045249438564e-01, 1.2720193792807102e-01,
       -9.2691610618876141e-01, -2.6364627916995863e-02,
       -1.5988945308253281e-02, -2.1710818837436118e-03,
       3.2339115455897955e-03, 4.5855734488196237e-03,
       -1.2637622578133424e-02, 4.1530058173114590e+01,
       -8.5144049645164888e+00, -4.0659968659020818e+00,
       8.0332946802467866e+00, 9.5658822742066594e+00,
       5.2909786075923853e+00, 1.1441334760224489e+00,
       -1.6070778413817033e-01, -1.9753434888250948e-01,
       2.3382310622085775e-02, 2.5580690455160399e-02,
       1.4222615157318695e-02, 2.0611172280792043e-03,
       -6.0840658668716539e-03, 1.2543167255022095e-02,
       -4.3878864369978594e+01, -5.1319210527182456e+01,
       1.0312447487462308e+01, 1.0827126397530510e+01,
       1.5975446368523900e-02, -1.0170520024046795e+01,
       -4.3329823363372757e+00, 1.8634810657587458e-01,
       3.3646862746254094e+00, 9.5509915984889424e-03,
       -4.3061093990785032e-02, -4.3441270770219927e-02,
       -1.6422998117707990e-02, 7.9712074285310519e-03,
       -6.5697054747490009e-03 ]
covs: !!opencv-matrix
   rows: 45
   cols: 15
   dt: d
   data: [ 2.3994170734715990e+04, 1.5234847174812553e+03,
       -1.8225772603617720e+03, -2.7320868820360442e+02,
       1.9391851624209448e+02, -1.4613753137002632e+02,
       1.9929207200110742e+01, -3.1933980280798995e+01,
       1.7103899240578393e+01, 5.8909125657827861e+00,
       -2.1030175269698961e+00, -1.8923270025845740e+00,
       -1.2001268584490413e-01, 1.1467367066851020e+00,
       -2.1677344530439235e+00, 1.5234847174812553e+03,
       1.3291314803887903e+04, -5.8797420338773884e+02,
       -1.3965254835879898e+02, 3.1738682703584942e+02,
       2.9133518755538444e+02, 1.4142285552003807e+01,
       -1.0005762636323983e+01, 2.5459978259336292e+01,
       -1.6553570394320090e+01, 1.8434327207429173e+00,
       -1.2668030189998993e+00, -7.7961038201922836e-02,
       1.7614997979176575e-01, -4.5688654154272784e-01,
       -1.8225772603617720e+03, -5.8797420338773884e+02,
       3.8371114757875685e+03, 1.2713426878650529e+02,
       -1.6858474906935797e+02, -2.4780970046284040e+01,
       -1.8719379273536934e+01, 1.3290172252736625e+01,
       -7.0866406843518766e+00, 4.2654836346674720e+00,
       -1.3048613045484028e-01, 5.6363022059282142e-01,
       1.8952295673804329e-02, -1.7415400623753488e-01,
       5.6710184452374368e-01, -2.7320868820360442e+02,
       -1.3965254835879895e+02, 1.2713426878650536e+02,
       2.8705933930823835e+03, -9.6993738311264281e+01,
       -1.6138413170923457e+02, -9.7345234591009699e+00,
       -2.2562479404605327e+00, -7.2249816804590079e+00,
       7.4209205721948610e+00, -7.0358075481874205e-01,
       2.8113437703216076e-01, 4.8528734557237788e-03,
       5.8142992274224641e-02, 7.0530760840461074e-02,
       1.9391851624209448e+02, 3.1738682703584942e+02,
       -1.6858474906935797e+02, -9.6993738311264295e+01,
       1.2667773427280012e+02, 1.8607763167455602e+01,
       2.7121238532506733e+00, 7.6441083787890598e+00,
       -9.9555294310817999e-01, 3.0084043639457068e-02,
       -2.8202688867876186e-01, -1.1940327609480757e-01,
       1.9060460951688014e-02, 2.8337240017224149e-02,
       -4.2823878691499020e-02, -1.4613753137002632e+02,
       2.9133518755538444e+02, -2.4780970046284033e+01,
       -1.6138413170923457e+02, 1.8607763167455609e+01,
       1.4909383734998974e+02, -7.4061445002751327e+00,
       7.5610847202424269e-01, 2.2400636820853919e+00,
       -1.3123973857119682e+00, 3.6274673650290273e-01,
       -2.1178976124149512e-01, 1.7841212155416647e-02,
       -3.2413386903623498e-02, 6.2476716903983744e-02,
       1.9929207200110753e+01, 1.4142285552003802e+01,
       -1.8719379273536934e+01, -9.7345234591009753e+00,
       2.7121238532506742e+00, -7.4061445002751309e+00,
       2.4752339229230866e+01, 8.1153447358658781e-01,
       3.4255738788547911e+00, 1.8365569732692902e-01,
       -5.0932301545020882e-02, 3.1594021460067102e-02,
       -3.1090099543791386e-02, 7.6732758083918702e-03,
       -1.2261589478405700e-02, -3.1933980280798984e+01,
       -1.0005762636323983e+01, 1.3290172252736625e+01,
       -2.2562479404605291e+00, 7.6441083787890571e+00,
       7.5610847202424292e-01, 8.1153447358658781e-01,
       1.6104940974011175e+01, -1.2286009801656534e+00,
       5.1547485785234970e-01, -3.9300327660567153e-02,
       -6.0310081390195112e-03, 6.7088110323295447e-03,
       1.3090561491311433e-02, -3.3387775413226831e-03,
       1.7103899240578393e+01, 2.5459978259336292e+01,
       -7.0866406843518774e+00, -7.2249816804590079e+00,
       -9.9555294310818010e-01, 2.2400636820853927e+00,
       3.4255738788547911e+00, -1.2286009801656534e+00,
       1.6101092386070011e+00, 2.3168326515981965e-02,
       7.2807661697020076e-02, 1.7552261003460464e-02,
       1.6888973709613113e-02, 2.2265824402194190e-03,
       -6.5353314601099867e-03, 5.8909125657827888e+00,
       -1.6553570394320094e+01, 4.2654836346674712e+00,
       7.4209205721948610e+00, 3.0084043639457051e-02,
       -1.3123973857119682e+00, 1.8365569732692891e-01,
       5.1547485785234981e-01, 2.3168326515981965e-02,
       5.2376988682866377e-01, -5.2206380310551269e-03,
       -3.8470568586995734e-03, 3.7731519932668401e-03,
       -1.0597834353423714e-02, -9.3364235828646597e-04,
       -2.1030175269698961e+00, 1.8434327207429169e+00,
       -1.3048613045484037e-01, -7.0358075481874172e-01,
       -2.8202688867876186e-01, 3.6274673650290279e-01,
       -5.0932301545020868e-02, -3.9300327660567153e-02,
       7.2807661697020076e-02, -5.2206380310551278e-03,
       4.5056651412824472e-02, -1.1709125427137651e-03,
       -7.5824644250304209e-04, 7.3280276057099722e-05,
       -6.4593644931211879e-05, -1.8923270025845740e+00,
       -1.2668030189998993e+00, 5.6363022059282164e-01,
       2.8113437703216076e-01, -1.1940327609480755e-01,
       -2.1178976124149512e-01, 3.1594021460067102e-02,
       -6.0310081390195129e-03, 1.7552261003460461e-02,
       -3.8470568586995734e-03, -1.1709125427137651e-03,
       2.3314023300226739e-03, 5.3157316079563378e-04,
       1.5615809437960755e-04, 1.2960776042324787e-04,
       -1.2001268584490413e-01, -7.7961038201922878e-02,
       1.8952295673804322e-02, 4.8528734557237796e-03,
       1.9060460951688025e-02, 1.7841212155416637e-02,
       -3.1090099543791379e-02, 6.7088110323295508e-03,
       1.6888973709613116e-02, 3.7731519932668414e-03,
       -7.5824644250304209e-04, 5.3157316079563389e-04,
       2.2144990769016356e-03, 1.2330303149674836e-04,
       -1.7955065813314859e-04, 1.1467367066851020e+00,
       1.7614997979176561e-01, -1.7415400623753491e-01,
       5.8142992274224668e-02, 2.8337240017224138e-02,
       -3.2413386903623498e-02, 7.6732758083918719e-03,
       1.3090561491311430e-02, 2.2265824402194190e-03,
       -1.0597834353423714e-02, 7.3280276057099695e-05,
       1.5615809437960755e-04, 1.2330303149674836e-04,
       1.9906114707483147e-03, 2.8753173124403906e-04,
       -2.1677344530439235e+00, -4.5688654154272784e-01,
       5.6710184452374379e-01, 7.0530760840461074e-02,
       -4.2823878691499027e-02, 6.2476716903983751e-02,
       -1.2261589478405697e-02, -3.3387775413226818e-03,
       -6.5353314601099867e-03, -9.3364235828646629e-04,
       -6.4593644931211920e-05, 1.2960776042324787e-04,
       -1.7955065813314857e-04, 2.8753173124403911e-04,
       9.8343411275527413e-04, 9.4565830226402322e+03,
       -8.9845282216156124e+02, 1.5979335488252457e+03,
       -1.4707162721548750e+02, -9.8262852543559075e+02,
       -1.6823865432753894e+02, -7.8426462040812169e+01,
       1.2723351075146338e+01, -2.0526800800185072e+01,
       2.9236047626472499e+00, -1.2861308447817956e+00,
