%YAML:1.0
means: !!opencv-matrix
   rows: 9
   cols: 18
   dt: d
   data: [ 1.2351345832088832e+02, -3.6313734280743894e+01,
       -2.9341552540761711e+01, 3.2226893455048639e+01,
       -2.3527302583820390e+01, 1.3813564849162884e+01,
       1.0032967164696940e+00, 6.4010081991801282e-01,
       3.0069427880158615e-02, -2.4404544017659686e-02,
       7.1398753788346980e-02, -1.8691550599598458e-03,
       -2.5714548062325839e-04, -3.0028001846537783e-03,
       7.2810640554210309e-03, 1.6444739678373762e-03,
       1.6772809236007124e-03, 1.2068691112872114e-03,
       2.3998181749090470e+00, 1.1333939324687817e+02,
       -1.6770985052336968e+01, -4.9275880549727837e+01,
       -4.7398945666626174e-01, 1.0619047264830950e+00,
       1.7704992551815721e+00, 1.5608053173404884e-02,
       -2.6665157580150789e-01, -6.8831336275585617e-02,
       3.0918402326186280e-02, -8.8405617604922545e-03,
       4.9123901333050467e-03, 3.0216565140872148e-03,
       -5.8547864884722668e-03, 2.8107234523201789e-03,
       1.3158628608859249e-03, -2.0687467605365041e-04,
       1.7771497943213049e+01, 2.5664296819891320e+01,
       -1.1613440328480257e+01, -1.5005315369512045e+01,
       -7.2209576789372303e+00, -8.1684412737863923e+00,
       5.6216738122602827e-01, -6.7295840243551375e-01,
       -2.0189514849974252e-01, 3.4519774394016445e-01,
       -2.1559428541859563e-01, -3.4299892953547101e-02,
       6.0199536410884043e-03, 5.7187542236627675e-03,
       9.0706971550300801e-04, 4.0596217486947731e-03,
       5.5413928637021862e-03, 5.0678798039668054e-03,
       1.0924091936929263e+02, 2.1730927637779235e+01,
       -2.8259663320034601e+01, 1.7446593739289762e+00,
       3.6914116708721281e+00, -6.9918156322300415e+00,
       -8.9373687977792970e-01, -6.0581779093650323e-01,
       -8.0763007016394106e-01, 4.6474498448471097e-02,
       1.0150253604692049e-01, 7.1122221443363333e-03,
       1.7667344110957502e-03, -4.3232531828868818e-03,
       1.3514541152196574e-02, -9.9803176432064185e-04,
       -1.2690780891698287e-03, -4.5380808519018536e-03,
       -1.5909553855677893e+02, -3.0677124166418857e+01,
       4.1793703837213485e+01, 4.1402627402757597e+00,
       -1.1020568298885053e+01, 2.6990579056602515e-01,
       -3.1196106972596621e-01, 8.0011606938759006e-01,
       -1.0759663988031798e+00, -5.4672023188583413e-02,
       -3.9250751955084134e-03, 9.2841956160128365e-03,
       2.1883735385236284e-03, -1.1219079405521154e-04,
       -7.6117369187179819e-03, -8.2626542545760993e-03,
       8.5363005170403415e-04, -4.3913202331719539e-05,
       -1.6445330838586148e+02, 4.7764277287527506e+01,
       2.3560744397569522e+01, -3.0174360170409894e+01,
       -1.1897567915352820e+01, -2.4306357388900768e+00,
       -1.3712746833421980e+00, -6.3576320901601058e-01,
       1.7512644159708695e+00, 2.0942286716841479e-01,
       2.8806909325804261e-03, -3.4239827646466235e-02,
       -2.6546957871509962e-03, 5.3967844031360341e-03,
       9.1230786437764035e-03, 1.5521603135519084e-02,
       -9.2324193805186187e-03, 3.1933315493639091e-04,
       2.4512959111238281e+01, -1.5111692240844613e+02,
       7.2493075390195676e+00, 5.5052085343990619e+01,
       1.3922930384071892e+00, -1.3103061657900936e+01,
       -1.0634878749090702e+00, -1.3956927326352788e+00,
       4.1478557684848150e-01, -6.0536880864616138e-01,
       -1.4766810446458931e-01, -5.9128461353160411e-02,
       3.8989374772521947e-03, 7.2089395532651908e-03,
       -3.5851359189029999e-02, 1.0889833315303936e-02,
       1.9317745720526518e-04, 2.5631817153943192e-03,
       1.6516313000725621e+01, -3.9383957385938601e+01,
       7.8943665831970362e+00, 1.5808741398545628e+01,
       2.3171396120160864e+01, 8.2454397198715856e+00,
       1.8779663045324098e+00, -4.7137708845056181e-01,
       -9.0887486977144064e-02, 1.6867448431258671e-02,
       -2.5356121301654041e-02, 1.8273720762548719e-02,
       1.0885444350884810e-03, -3.5477100523229064e-03,
       5.0450363165062883e-03, 2.5559143641166464e-03,
       -6.1350230910561159e-04, -8.3867619324358360e-05,
       6.2871240465649166e+01, 3.8467533600085126e+01,
       -1.1387732549025195e+01, -1.8381841934745481e+01,
       1.6621238986547364e+00, -1.1396786201351100e+01,
       -8.4194187132725133e+00, 3.2943403880330173e+00,
       5.7924799825409803e+00, 2.1585263881834829e-01,
       -1.1099453763329152e-02, 4.9261708866245799e-02,
       -4.3050888423101938e-02, 6.1568562960313024e-03,
       -1.0213989527908961e-02, -2.6211809002749577e-02,
       1.0093891085959294e-03, 4.5236070860309808e-03 ]
