%YAML:1.0
means: !!opencv-matrix
   rows: 19
   cols: 11
   dt: d
   data: [ -1.2034972151584145e+00, -5.0427447887678596e+01,
       7.4561515830531677e+00, 2.9367534473466911e+01,
       1.3428056206174892e+01, -5.3646967353678632e-01,
       1.0057580185703319e+00, 1.3687145098120512e-01,
       4.0828797540924266e-01, 3.7611413453526282e-02,
       2.9727999898188962e-02, -1.9866090951669287e+02,
       9.4363528224113537e+01, 4.2654785057245540e+01,
       -5.1145699499292789e+01, -2.4192801207610547e+01,
       1.6778262404897490e+01, -4.0185826637257671e+00,
       1.6039855727370123e+00, 8.0588428843938054e-01,
       -3.0208331009600600e-02, 7.2821371774003441e-02,
       1.7862453815668090e+01, 1.5530949302229843e+02,
       -6.3253885525635556e-01, -8.5896965811867247e+01,
       1.5443348054999392e+01, 1.5713947152828800e+01,
       -3.9301574885227974e-01, 2.3784133772822678e+00,
       1.8705647782993731e+00, 4.1594448084652258e-01,
       -6.2417101811342530e-02, 8.1435273046041431e+01,
       2.0448809523551873e+01, -2.3114656862924004e+01,
       -3.1328718051114649e+01, -2.5420872411530283e+01,
       -2.0459340339183193e+01, 1.2740866054753244e+00,
       -2.8108422618188036e+00, 3.1340140475305056e-01,
       -2.7064025921888580e-03, 1.0256130510215107e-01,
       1.2956126738456984e+01, 5.0021994418667333e+01,
       -8.8097694445223573e-01, -3.5404141664309726e+01,
       1.0389873069343270e+01, -1.4727649455248017e+01,
       2.5225213273246854e+00, 1.4264270577663734e+00,
       3.3965590826950443e-01, 1.3068179542412586e-01,
       -7.3931721337908804e-02, -1.3628054188043760e+02,
       -1.0385722833434860e+02, 2.5353987563065683e+01,
       6.5910216854831887e+01, -1.6717865677770643e+01,
       -1.1439754645005233e+00, 1.8084451199145746e-01,
       -1.3032679136153078e+00, 7.7748103929139467e-01,
       -3.3352557013705586e-01, 6.9526994669252523e-02,
       9.2128135005372194e+00, -3.7601057012463855e+01,
       -1.1630283165212683e+01, 2.1078998415567213e+01,
       2.7744204211852495e+00, 6.0005634756041748e-01,
       -3.1771624310335298e+00, -2.6460004290559334e+00,
       -1.8073324726335773e+00, 1.0555061049993795e+00,
       -2.1003167289559296e-01, 8.7606609498066035e+01,
       5.2449535474418418e+00, -2.7195446539303159e+01,
       -3.0847378629169501e+01, -2.7634381371187033e+01,
       -1.5638866882193280e+01, -3.9985325690551583e-02,
       -1.2829322997939323e+00, 7.5420575573419732e-02,
       -1.2719222914097647e-01, 1.0503917407652293e-01,
       1.6142904708519714e+02, 2.7847581503821711e+01,
       -4.3615738637225945e+01, -3.5378568817302693e+01,
       -9.7627722671132879e+00, 1.2981472966245727e+01,
       7.2438492166061641e-01, -3.9617304813300742e+00,
       -1.8843110797719160e+00, -3.4956619263001787e-01,
       -2.5057875234395494e-01, 1.1617066771852544e+02,
       -4.5544973382041548e-01, -3.1986259557880981e+01,
       3.8976667690344469e+00, -6.5164384453907225e+00,
       1.3200277247589138e+01, -5.6451170108702531e+00,
       -7.2364564640784124e-01, -9.8835625757921730e-01,
       7.1270922923830349e-01, 3.0272047569974797e-01,
       -1.3416099124701375e+02, 3.0687876145263573e+01,
       3.4569947016803233e+01, -2.3286451182113389e+01,
       -5.1910500080285860e-01, -1.3780661325283955e+01,
       2.3423811648276605e+00, 9.1140981922663300e-01,
       1.0725579828373240e-01, -8.0168593356788175e-03,
       4.2541982776321454e-03, -1.8868278268524278e+02,
       4.1894854350277249e+01, 3.5926733759903875e+01,
       -2.6934945497567128e+01, -5.0761769021864742e+00,
       -1.8772188211941359e+00, -3.8866601348300822e+00,
       -6.9632252475123853e+00, -2.8803115380220148e+00,
       1.1138268671620193e+00, -1.2817917186457944e-01,
       6.1197345312155505e+01, 1.8995542315459474e+01,
       -1.0357185840449301e+01, -4.1611822662966631e+00,
       1.7004044625144328e+01, 3.1257768509322301e+00,
       6.8303520623963521e-01, 1.0740408073973462e+00,
       3.3036669357819942e-01, -3.8582453542829714e-02,
       -1.4943771382838571e-02, -1.0655270402508833e+02,
       -4.7039444045803371e+01, 3.3270805806058313e+01,
       4.0798735760094438e+01, 6.4736290451655236e+00,
       -8.3630147454995640e+00, -1.8363438710198829e+00,
       -1.8017239064183048e+00, -1.3640778149547295e+00,
       3.6165667650960004e-01, 1.1943136102369099e-01,
       3.5235093668763795e+01, -9.7839265471943705e+01,
       -1.1431535956130118e+01, 6.7374649757347214e+01,
       -4.2972201813571926e+00, -9.9866083390945182e-01,
       2.0851819966393865e+00, -2.5952371144870429e-01,
       1.4959472440453593e-02, -9.6094971239661722e-02,
       1.5669840092524055e-02, -1.4059345766319353e+02,
       -1.9286538031345106e+01, 3.7783202584397408e+01,
       1.7640297961018707e+01, -1.9426437843148461e+00,
       8.4321918022989788e+00, 4.9342292480130401e-01,
       1.9292580820818774e+00, 5.2134258588594939e-01,
       -2.7774310940986818e-01, -2.2617609634824676e-01,
       1.4679593672410880e+02, -1.2044429663898269e+01,
       -3.9898736071336039e+01, 1.1274564668802158e+01,
       -5.3008194988227286e+00, 1.2403873156489260e+01,
       -4.4959926185948601e-01, 1.4402450973894156e+00,
       2.0108781524869460e-01, -1.0134686238396516e-01,
       3.2558759886030082e-02, -2.0965675520004652e+02,
       -1.3660175026618811e+01, 4.5170744778948396e+01,
       1.4692054740705560e+01, -1.2194800856972499e+01,
       9.8967068850909321e+00, -1.0838446998360367e+00,
       -1.3504605320933891e-01, 1.1057360953803566e-01,
       -2.5895210858478915e-02, 1.4659570742716517e-02,
       9.8200944081480195e+00, 4.6406987831194584e+01,
       7.2793028218670850e+00, -3.6522544904616332e+01,
       1.3220325480370946e+01, -8.7862047346610108e+00,
       -3.4440510530599884e+00, -1.2411480184739108e+00,
       -5.2783886445285901e+00, -2.8647689686525832e+00,
       -2.6533453313216065e-01 ]
