%YAML:1.0
means: !!opencv-matrix
   rows: 28
   cols: 5
   dt: d
   data: [ -2.7855335155964889e+02, 3.0249002993865741e+01,
       -1.6149335023867362e+01, -8.4205092337218534e+00,
       -8.4192374408626058e+00, 4.7924565018655770e+01,
       2.1469852684857244e+01, 4.6768746486882812e+01,
       -3.4973370344649524e+01, 3.4516819597337829e+01,
       3.0325493878157552e+01, -5.7169195410028152e+01,
       -5.4533580491981112e+01, 4.7072173697448662e+01,
       -5.2334301658935249e+00, 1.1354554885770614e+02,
       9.6474108245217579e+01, -3.2752781348447790e+01,
       1.6908994971523786e+01, -2.2927115797786808e+01,
       1.1481106944194444e+02, 2.5219488799980063e+01,
       4.0674891482373440e+01, -4.2229670693589675e+01,
       1.7040474139429795e+00, -1.4394030577502062e+02,
       -1.0844055030683202e+02, 2.6454211924788670e+01,
       6.4550294899820628e+01, -1.8249063712549162e+01,
       5.5077286625290618e+01, 1.2362659350994794e-01,
       -4.0408252334417917e+01, -4.7161385460611861e+01,
       -1.2809327815059959e+01, -1.9756697176478443e+02,
       7.9030783807397370e+01, 3.8240658722549981e+01,
       -5.4419465835902898e+01, -2.5988247920426705e+01,
       -3.2370601075777891e+01, -1.2531228057695303e+01,
       5.8465224221813067e+01, 6.7575020045422676e+01,
       4.4775150139118800e+00, -4.8561598808363833e+01,
       -1.5724440422372228e+02, -1.1815291559900230e+01,
       1.3203170344990147e+01, 1.3217379812330982e+01,
       -6.0882911116226550e+00, -8.0778143170956227e+01,
       8.8703016966609880e+01, 1.6693232237091021e+01,
       7.9614021665075958e+00, 1.3717280276435349e+02,
       -2.9158764714609852e+01, 3.1057696074181926e+01,
       6.5880749894633723e+01, -8.4909088549517087e+00,
       3.1902420691685056e+00, 1.0353884586503915e+02,
       1.0127024687043903e+01, 3.3072880557743915e+01,
       1.7720897252691639e+01, -1.6822256963518265e+02,
       4.5116972487942860e+01, 6.1985841265528570e+01,
       1.5668367480111438e+00, -1.0131965938844049e+01,
       1.1304319415385172e+02, -1.0107159722797230e+02,
       4.3372764815189221e+01, 5.3775579407266809e+00,
       4.1533535337124512e+00, -4.2981110287314138e+01,
       -4.0074620224350808e+00, -3.5940839940837073e+01,
       -3.4168033889325791e+01, 1.5025513310736875e+01,
       1.4811695141259284e+02, 1.0453075768671585e+01,
       2.9246494189845571e+01, -3.2822433955053967e+01,
       -2.8194468161679453e+01, 7.9451395813426402e+01,
       1.0627328001295010e+02, -2.1017527890398508e+01,
       3.5795519207582998e+01, 8.2212687812602478e+00,
       -6.9512349595194252e+01, 4.2194159972768439e+01,
       -3.2604656429879277e+01, -2.9489266733817374e+01,
       3.8040975288381837e+01, 4.4225232033102280e+01,
       1.8496195991906671e+01, -5.4050248449300902e+01,
       -3.2553686459326208e+01, -2.4970825668399414e+01,
       1.1912613257875883e+02, 1.9513469458279911e+01,
       -7.1787671189912231e+01, -1.5541821475092489e+01,
       -5.6666040195769680e+00, -1.0979862044404791e+02,
       1.2685373311724446e+02, 3.5836623432642753e+01,
       1.7489648969286971e+01, 5.7996034010974196e+00,
       -1.3659858451590634e+02, -2.6983196197245359e+01,
       -1.9146608097167849e+01, 5.8335193108071948e+01,
       7.3895433822977745e+00, 2.1428478716933645e+02,
       -2.3212886138236701e+00, 1.0647983570922227e+01,
       -3.6243223715736659e+00, -8.2794988699301406e+00,
       6.1955920480189675e+01, -5.5283319459337456e+01,
       -3.8343692336913726e+01, 4.7266277455488312e+00,
       8.3657064851755774e+00, 2.6294747857257988e+01,
       1.6005126771032229e+02, -2.0463423966611454e+00,
       -9.3281316893899032e+01, 8.4522640789769810e+00,
       -1.1614298981551592e+02, 3.1393899085307186e+01,
       3.2630880980353190e+01, -3.6620564926018282e+01,
       -1.0727411969348770e+00, -1.7365044757203768e+02,
       -1.0393868561333146e+02, 3.9536011902270474e+01,
       -2.5911115269302666e+01, -2.4832942774863835e+00 ]
covs: !!opencv-matrix
   rows: 140
   cols: 5
   dt: d
   data: [ 2.1506456592546256e+03, -1.3131156583645284e+02,
       2.7379942855257912e+02, 3.4568969785917398e+02,
       1.6192969708199792e+02, -1.3131156583645287e+02,
       7.3280234263053544e+03, 2.6952766513159554e+02,
       6.2333942944103603e+02, -1.7379764154370349e+02,
       2.7379942855257906e+02, 2.6952766513159548e+02,
       2.7398625174508243e+02, -1.1557513403063824e+02,
       -3.2122335942720660e+01, 3.4568969785917398e+02,
       6.2333942944103603e+02, -1.1557513403063824e+02,
       2.0048034498050094e+03, 9.6001612495421085e+01,
       1.6192969708199792e+02, -1.7379764154370349e+02,
       -3.2122335942720660e+01, 9.6001612495421085e+01,
       7.4947433572715184e+01, 2.0895743918792996e+03,
       6.2662827431634298e+02, 1.0928719206368969e+03,
       1.7903392380501323e+01, -2.5678521725933980e+01,
       6.2662827431634287e+02, 6.6096730831099776e+03,
       1.3061054475274955e+02, 7.4048492685803330e+02,
       -1.6765261950274922e+02, 1.0928719206368969e+03,
       1.3061054475274955e+02, 9.2808342054370496e+02,
       2.0453877431620693e+01, -1.0601956370833003e+01,
       1.7903392380501330e+01, 7.4048492685803319e+02,
       2.0453877431620690e+01, 1.5092616671226253e+03,
       4.3515728655590195e+01, -2.5678521725933980e+01,
       -1.6765261950274922e+02, -1.0601956370833001e+01,
       4.3515728655590195e+01, 6.7647767120677827e+01,
       4.0939242709509458e+03, 1.3501982075296537e+03,
       6.1522991539953819e+02, -8.7300765749501704e+02,
       8.3762982184897172e+00, 1.3501982075296537e+03,
       6.3386007261242503e+03, -4.9698160095322720e+02,
       1.1987411091903368e+03, -2.6158733327827072e+01,
       6.1522991539953819e+02, -4.9698160095322726e+02,
       1.3504446301748226e+03, 1.5636668020930793e+02,
       -6.4669545361863669e+01, -8.7300765749501704e+02,
       1.1987411091903368e+03, 1.5636668020930796e+02,
       1.5770599590608033e+03, -2.5503608339889457e+01,
       8.3762982184897243e+00, -2.6158733327827058e+01,
       -6.4669545361863669e+01, -2.5503608339889457e+01,
       3.9962217814194091e+01, 6.3504632301905358e+03,
       -6.8288956271232814e+02, 2.0638567448401241e+03,
       8.5744858484836971e+02, 4.0640917218878491e+02,
       -6.8288956271232814e+02, 1.3665492412043982e+03,
       -8.1434027474161880e+01, 1.0866208200433019e+02,
       -9.6290117725393198e+00, 2.0638567448401241e+03,
       -8.1434027474161866e+01, 2.2744435533716842e+03,
       -1.7797779413807928e+02, -1.8134645794229951e+02,
       8.5744858484836993e+02, 1.0866208200433019e+02,
       -1.7797779413807925e+02, 4.6944621337958762e+02,
       1.3712924957579276e+02, 4.0640917218878491e+02,
       -9.6290117725393198e+00, -1.8134645794229951e+02,
       1.3712924957579276e+02, 1.3827207912616441e+02,
       4.3966217248028097e+03, 5.3410699943310851e+02,
       -3.6325435995642937e+02, 1.0635002360423235e+02,
       -2.0539024831248972e+02, 5.3410699943310840e+02,
       5.3237209580350445e+03, -1.6087219052290652e+02,
       1.5730075944120695e+03, 3.7617386033089858e+01,
       -3.6325435995642937e+02, -1.6087219052290658e+02,
       7.2835508814485001e+02, -2.3945899077475818e+01,
       5.8159470684160588e+01, 1.0635002360423231e+02,
       1.5730075944120695e+03, -2.3945899077475811e+01,
       9.8981673859865737e+02, -1.4291903619212067e+02,
       -2.0539024831248972e+02, 3.7617386033089836e+01,
       5.8159470684160588e+01, -1.4291903619212064e+02,
       1.5592452633455446e+02, 4.7447450731067329e+03,
       7.8403649214273833e+02, 3.0310376796381420e+03,
       2.4287303808627087e+02, -7.1374185688164317e+01,
       7.8403649214273833e+02, 5.9975013337379878e+03,
       2.5132990295060404e+02, 2.2035016772040049e+03,
       -1.0588860968407705e+02, 3.0310376796381420e+03,
       2.5132990295060409e+02, 2.3439480051389760e+03,
       9.1207629727506543e+01, -7.4074455023597920e+01,
       2.4287303808627095e+02, 2.2035016772040049e+03,
