%YAML:1.0
means: !!opencv-matrix
   rows: 25
   cols: 6
   dt: d
   data: [ -9.8188472193699354e+01, -7.5619418099473052e+01,
       -1.6302091162278415e+01, 4.7483521286958812e+01,
       1.0825611393538617e+01, -3.0967216304814715e+00,
       8.6419813382729401e+01, -5.8896655850419208e+01,
       -2.6775055124888560e+01, 3.8813898053538956e+01,
       -8.4354712805621244e+00, 8.5645134540845973e+00,
       1.3246120888157549e+02, 9.5025320095591653e+01,
       2.8551091334864495e+01, 3.9469441683140772e+01,
       5.5292545361979588e+00, 1.8700492922952783e+00,
       5.1749198930330742e+00, -8.1272239551976398e+01,
       6.8985605912134815e+01, 4.7423619493990635e+01,
       6.9267793941752833e+00, -4.3025108639030751e+00,
       4.4279604242413740e+01, -9.0208365367235530e+01,
       -1.5226707416103292e+01, 6.0747701834466028e+01,
       -2.7909005030994809e+00, 2.2333257003143183e+00,
       1.2986795624163869e+02, -3.8269537726747522e+01,
       3.2918319146111443e+01, -1.1709269443478730e+01,
       8.3614365624482403e+00, 8.8758392972502698e+00,
       -2.0047525188979509e+02, -7.5286190459584617e+01,
       3.1363683403217632e+01, -3.0225016441850812e+01,
       -5.4692351306889959e+00, 1.1950380444059169e-01,
       6.0244148837494258e+01, 7.7360958519992522e+01,
       -4.3031572040431492e+01, -5.5928983054576387e+00,
       -2.6043232507230503e+01, -2.2519468406002279e+01,
       1.5928305197115193e+02, 3.1356501360103564e+01,
       3.8273354588749790e+01, -2.3163140849893544e+01,
       -2.8860066603252964e+01, -1.9948921488539860e+01,
       -3.0375640512983772e+01, 1.0821289555505440e+02,
       -3.7614368937818924e+01, 4.0033188853149866e+01,
       1.6752436825760118e+01, -6.9189376964337566e+00,
       2.8635285708338909e+01, -1.1198836729479948e+01,
       -6.1163658565775357e+01, 3.1213614176269555e-01,
       9.4095266270514895e+00, 8.8332988424764167e+00,
       8.8643601241240248e+01, 1.3134546229796264e+01,
       -3.0445361661330701e+01, -2.7087303232501114e+01,
       -2.6581357725769017e+01, -1.3066316162415085e+01,
       6.4959923259229839e+01, -5.0495807086575617e+01,
       -3.4949707680042224e+01, -6.4218574364693865e+01,
       -2.3762294066761154e+01, -1.7858619312235671e+01,
       -1.6628262458464721e+02, -1.3595623389457641e+01,
       3.4336013601725256e+01, 1.9630757759567341e+01,
       -4.2697301995769568e+00, 2.0269672041393470e+01,
       -4.9780200022988669e-01, 7.9647201284213494e+01,
       1.1175851782331524e+01, -2.0702351508551544e+00,
       3.7067842457029428e+01, -6.0086583031812619e+00,
       -1.2985545840331693e+02, 5.0137019237792828e+01,
       3.0792490642053647e+01, -3.3359755072518404e+01,
       -4.2596687812743816e+00, -1.2087522238419107e+01,
       -6.3620000658080237e+01, 1.1230032763971190e+01,
       1.0341960312163508e+02, -7.7478264126694896e+00,
       -1.7735200495952739e+00, -5.6049672017522454e+00,
       -1.1236434403223841e+01, -4.5760754193916590e+01,
       1.2328369175380697e+01, -5.2676316422141298e+01,
       3.7838687919538664e+01, -3.7019998856287533e+00,
       1.5380444749911544e+02, 8.6707664151591608e+00,
       -4.2370785223568738e+01, -3.2549078178864241e+00,
       -6.5555588324012151e+00, 1.2578359983139690e+01,
       -1.5269642750697082e+02, -9.8739882634707314e+01,
       2.8895927152200976e+01, 6.4178945001425561e+01,
       -1.9242587400094571e+01, 1.3839919860354493e+00,
       -2.0736260250351151e+02, 9.2859938237338739e+01,
       3.9334153139120843e+01, -4.7908668579657906e+01,
       -2.0883165629418251e+01, 1.9416587628538068e+01,
       -1.9684685318177793e+02, 6.0044160646419087e+01,
       2.9211415774013357e+01, 2.6256881056268046e+01,
       -6.9862946010194538e+00, -8.9768729061959085e-01,
       1.9911980674991032e+01, 1.5053713395873430e+02,
       -9.3895199592971468e-01, -8.5779321905614850e+01,
       1.5879445388948476e+01, 1.4568193821735756e+01,
       4.9884700145682075e+01, 4.2314437341873251e+01,
       -1.1660342891916347e+01, -4.2409759932530221e+01,
       3.1271870905553825e+00, -1.6911469966909014e+01,
       -4.2495730181410593e+01, -6.3353280151521449e+00,
       4.2299523029305455e+00, -2.8436492412492451e+00,
       1.2080958741650564e+01, -3.3687798043047916e+00 ]
