%YAML:1.0
means: !!opencv-matrix
   rows: 19
   cols: 3
   dt: d
   data: [ 8.4838881290716131e+01, 2.5050644505335843e+01,
       -3.6544277393499385e+01, 1.4126124467442612e+01,
       -4.9230122821975122e+01, 1.9004378604392862e+01,
       2.3269073278890371e+01, -1.3473839036959527e+02,
       1.9202391342230634e+01, -1.1380236304030408e+01,
       1.8394216497433572e+02, 1.3827749111941132e-02,
       -1.8810199847621257e+02, 9.8555535298693879e+00,
       -2.2880891116950099e+00, 1.4184534655383695e+02,
       -4.3420181342736470e+01, 3.7870647064818925e+01,
       -1.7231227860367449e+02, -1.2580038086936055e+02,
       5.2124140915897144e+01, -4.8258055131012441e+01,
       1.4706455809183442e+01, -4.5496051869677714e+01,
       2.1390052555219748e+02, 3.0719035668458854e+01,
       3.7993002501798351e+01, 4.6839914223100337e+01,
       5.2710978446536892e+01, 4.8470446621105935e+01,
       1.1699699994757088e+02, 1.2056151528040078e+02,
       2.7079132642638260e+01, 1.4815160292584710e+02,
       -9.0962884508003668e+01, -2.2864813355397935e+01,
       -2.7095151740882898e+02, -6.3466588044272108e+01,
       -6.7767632597694050e+00, -6.1562519698941742e+01,
       5.3043879204815219e+01, 7.4254637775781717e+01,
       -7.9206646154542867e+01, -8.9131024057376933e+01,
       -4.5271322735349820e+01, -9.0255452724688851e+01,
       1.6465652228081021e+02, -6.2079329871662217e+01,
       -1.3510726592156433e+02, -3.3227554285073850e+01,
       8.8228165331259760e+01, 5.0804726913037435e+01,
       -8.5130773425199706e+01, -8.3771264469944128e+01,
       -2.6209666063223839e+01, 9.8570060260371207e+01,
       -4.1371476252613277e+01 ]
covs: !!opencv-matrix
   rows: 57
   cols: 3
   dt: d
   data: [ 3.9423652147044058e+03, 4.9602375992211535e+02,
       7.2999348730918575e+02, 4.9602375992211552e+02,
       3.0511549728550067e+03, -3.5946528904315471e+02,
       7.2999348730918575e+02, -3.5946528904315471e+02,
       1.8673012916581154e+03, 4.6013054608198509e+03,
       7.5143705512827376e+02, -4.1869765719228423e+02,
       7.5143705512827387e+02, 4.9289124199721764e+03,
       -8.5714558802128306e+02, -4.1869765719228423e+02,
       -8.5714558802128261e+02, 1.3995874582255105e+03,
       3.4707322986215722e+03, -2.1379024731222577e+02,
       1.9549639099249616e+03, -2.1379024731222560e+02,
       1.0964713381608666e+04, 1.2969540821880330e+03,
       1.9549639099249616e+03, 1.2969540821880330e+03,
       1.8097734398786076e+03, 6.6183201720945090e+03,
       1.4094274313977112e+02, -2.3643943033181074e+02,
       1.4094274313977118e+02, 3.0357067027783146e+03,
       1.0598078335645197e+02, -2.3643943033181080e+02,
       1.0598078335645195e+02, 1.5229599484747926e+03,
       2.8885499453884054e+03, -9.9831869940003412e+02,
       4.6084305232256031e+02, -9.9831869940003446e+02,
       9.1318986829330679e+03, 5.1703351572134601e+01,
       4.6084305232256025e+02, 5.1703351572134629e+01,
       1.3481328632084110e+03, 3.4523142202598156e+03,
       5.5002481814942246e+02, -1.1010220909015052e+03,
       5.5002481814942246e+02, 8.1846209789210952e+03,
       -8.9010763107133084e+02, -1.1010220909015052e+03,
       -8.9010763107133084e+02, 9.4933666616646985e+02,
       3.4126604619341911e+03, -1.8046692308854601e+03,
       1.5428194263829530e+03, -1.8046692308854604e+03,
       6.2773166992634769e+03, -1.2879066814744098e+02,
       1.5428194263829530e+03, -1.2879066814744098e+02,
       1.2236177257401448e+03, 3.4920704705874386e+03,
       -1.5520175134423164e+02, -6.6974722360339422e+02,
       -1.5520175134423158e+02, 2.9487879255747525e+03,
       -2.0220296594977118e+01, -6.6974722360339422e+02,
       -2.0220296594977100e+01, 1.6529813065140331e+03,
       3.8662555021883954e+03, -6.7203065108306919e+02,
       -9.3026492866949991e+02, -6.7203065108306930e+02,
       8.3166971614408067e+03, 4.8189754890270672e+02,
       -9.3026492866950014e+02, 4.8189754890270683e+02,
       5.9376075063485575e+02, 2.2556942528081177e+03,
       -3.3655621998657966e+02, 8.6819758821000516e+02,
       -3.3655621998657966e+02, 3.7532696619398007e+03,
       -3.8391532170151243e+02, 8.6819758821000539e+02,
       -3.8391532170151243e+02, 1.1079336022958398e+03,
       3.7729664308441666e+03, -1.4319256676342955e+03,
       -1.1028247328847986e+03, -1.4319256676342950e+03,
       5.5805155385040644e+03, 1.1588412560947222e+03,
       -1.1028247328847986e+03, 1.1588412560947222e+03,
       1.2331387811895754e+03, 4.3906755232425294e+03,
       8.2293992359289462e+02, 4.7284843181910219e+01,
       8.2293992359289450e+02, 3.2633132796446394e+03,
       -2.7740742079582520e+02, 4.7284843181910190e+01,
       -2.7740742079582526e+02, 9.3248466208532977e+02,
       2.0746891868840958e+03, -1.3080792577811944e+03,
       4.1420215799391565e+02, -1.3080792577811942e+03,
       9.5985721085575187e+03, 6.8936863641643640e+02,
       4.1420215799391565e+02, 6.8936863641643652e+02,
       5.8223748317234299e+02, 2.5066578372777803e+03,
       -6.7533249162414961e+02, 5.4594791833473323e+02,
       -6.7533249162414961e+02, 7.0977195069004420e+03,
       6.8734878114339111e+01, 5.4594791833473323e+02,
       6.8734878114339111e+01, 8.9476020693838666e+02,
       1.4459948412568310e+03, -2.4600614518787185e+02,
       3.0389751209530823e+02, -2.4600614518787191e+02,
       6.1176204316986177e+03, 2.2120239859965967e+01,
       3.0389751209530823e+02, 2.2120239859965960e+01,
       5.7657197591277634e+02, 6.8482199088326515e+03,
       -5.2562207035901326e+02, -1.1529349555423798e+03,
       -5.2562207035901326e+02, 3.8954202300572515e+03,
       5.0172165575438171e+01, -1.1529349555423798e+03,
       5.0172165575438164e+01, 8.1504054457037478e+02,
       2.3251064778457117e+03, -1.5184295199159478e+03,
       8.0981690523717043e+02, -1.5184295199159476e+03,
       7.9280982478983797e+03, 4.5486349074943899e+02,
       8.0981690523717043e+02, 4.5486349074943899e+02,
       9.0039148896337451e+02, 3.6072744048315840e+03,
       3.8086195101177776e+02, -2.7270103370870885e+02,
       3.8086195101177776e+02, 3.4505158325883126e+03,
       -1.9304557458961941e+02, -2.7270103370870879e+02,
       -1.9304557458961946e+02, 9.6968666615759560e+02,
       7.0635015890442037e+03, 1.3217147484981347e+03,
       -1.9228187083415762e+01, 1.3217147484981347e+03,
       2.5631679678299156e+03, 1.4656240841148628e+01,
       -1.9228187083415804e+01, 1.4656240841148641e+01,
       1.4847735446290876e+03 ]
weights: !!opencv-matrix
   rows: 1
   cols: 19
   dt: d
   data: [ 9.6775146139433263e-02, 6.3718562308474003e-02,
       5.7953520986246766e-02, 3.8050378686648866e-02,
       7.4766024184821506e-02, 6.4196322552136142e-02,
       2.2703709613880216e-02, 6.4494090236771356e-02,
       4.6251355850861167e-02, 5.0021160188567705e-02,
       4.1877118283914674e-02, 5.5151849822290044e-02,
       3.6310460098884279e-02, 5.6590610806103656e-02,
       3.8635278222431506e-02, 2.9560775085869590e-02,
       4.3073281805609653e-02, 6.0514623488064093e-02,
       5.9355731638974764e-02 ]
