%YAML:1.0
means: !!opencv-matrix
   rows: 43
   cols: 8
   dt: d
   data: [ 3.5771903603070236e+01, 2.3862529249463133e+01,
       -6.1362223538693549e+01, -8.0742163020155413e+00,
       1.1968558918699685e+01, 5.7292595176032899e+00,
       3.6771081791524379e-01, 1.7590693030145403e+00,
       -5.8244982351244996e+00, -8.5870018391882452e-01,
       2.2160201047424462e+01, 1.3046392337398187e+01,
       3.1941210436739386e+01, -2.0122060670781918e+00,
       -8.9964009711528909e+00, -6.7756196508187969e+00,
       -1.2098622023872632e+02, 9.4421766028466294e+01,
       3.4409632768262924e+01, 6.8134135011180836e+00,
       3.8143567732612689e+00, -1.3415778597396603e+01,
       1.5740718997913843e+00, -6.1900998476755620e-02,
       -4.4224147742407443e+00, 5.1515067692600176e+01,
       9.4825990039227364e+00, -2.9238319290145871e+01,
       1.0403303021087922e+01, -6.0780734061171229e+00,
       -1.0745760730366385e+00, 1.5642659859861257e+00,
       -1.1545394407220267e+02, -4.0654217074398780e+01,
       3.4923558957851434e+01, -4.5944616119762870e+01,
       6.2053775076657578e+00, -1.6185398551018764e+01,
       1.8495309893515730e+00, -4.4309150612752501e-01,
       1.6517865251716066e+02, 1.6428391281488867e+01,
       -4.5711422433943312e+01, -1.6232579559450276e+01,
       -7.5268053380091189e+00, 1.3039848143322020e+01,
       -5.1221797466133379e-01, -5.9375267638642659e-01,
       3.9240798393942114e+01, -9.7126057818525979e+01,
       -1.3510668100815328e+01, 6.7185679177258024e+01,
       -4.5885574018509505e+00, -7.4120342439480602e-01,
       2.0788667330687587e+00, -3.4717356511550640e-01,
       3.3291426293611948e+01, 1.5187204185007249e+02,
       -2.0472867234138787e+00, -8.2386128906170171e+01,
       2.0084830257325951e+01, 1.2108571309437705e+01,
       8.5559312833765067e-01, 2.6929551289941793e+00,
       1.3882567353983879e+02, -5.0637240171279700e+01,
       3.1751743446170568e+01, -3.4414495477368185e+01,
       1.1217083465894957e+01, 6.6162516695296087e+00,
       4.3374873494659388e-01, 2.0008031527867729e+00,
       1.4532241869942760e+02, 8.2023096294678606e+00,
       -2.8586239934792072e+01, -7.7884014739063490e-01,
       -1.1699839713036686e+01, 2.0565009147570390e+01,
       -1.5005263429183419e+01, -7.0069517111795117e+00,
       -2.3813316707310879e+01, 3.7056137683226105e+00,
       4.7269747108841162e+00, 6.8894139151499898e+00,
       4.1094147636825198e+01, 5.1943889183040408e+00,
       -4.4880413427782218e-01, 1.3566789475973919e+00,
       7.9887833553674355e+01, 1.4444977427151667e+01,
       -2.3098885036125591e+01, -3.5174121803112833e+01,
       -2.4422743713837956e+01, -2.0434357342516694e+01,
       1.5509755338785192e+00, -3.3620412217750730e+00,
       -5.9906263441765482e+01, 1.3058072231186669e+01,
       -1.9184979767405608e+00, 8.1111516869323054e+01,
       1.0904840310142413e+01, -4.5164775190549342e+00,
       1.5253395002053063e+00, 3.4597638559482302e-01,
       1.7034579944749282e+01, 4.7243464211459802e+01,
       1.2599628526093425e+00, -4.3497376692016473e+01,
       -1.9585758111170250e+01, -2.2678524727660598e+01,
       3.3379328525430276e+00, 2.5070385055475297e-01,
       -1.5692904302273666e+02, 7.3082492013465625e+01,
       4.9995540313824563e+01, -4.9080410245334086e+01,
       -2.4996339893002300e+01, -1.7025309798577773e-01,
       -1.2035134856708287e+00, 1.1256967655303591e+00,
       -1.6012523827111738e+02, 3.1332785547823705e+00,
       3.6874663498849181e+01, 1.2376758698848182e+01,
       -7.0996708160197182e+00, 2.5684919887083836e+01,
       -8.0993470290449132e-01, 2.8728165113140980e+00,
       -2.1096492724680792e+02, -1.4651507703936264e+01,
       4.4808482373547150e+01, 1.6146380435676019e+01,
       -1.0475192489711802e+01, 1.0971226135582787e+01,
       -1.4874513829378815e+00, -1.0297831348450643e+00,
       8.5174502764353804e+01, 1.2377219604235655e+01,
       -2.8133162074885856e+01, -2.9745300126699171e+01,
       -2.8892512904105466e+01, -1.6444397737821493e+01,
       -1.9904730324280195e-02, -9.6964107808192501e-01,
       8.7268535124689976e+01, -5.8529867765778413e+01,
       -2.8881668480717526e+01, 3.4281296004887160e+01,
       -9.7723433288124077e+00, 6.8802692396508816e+00,
       4.2694100909648020e-01, 6.5438429966132439e-01,
       -1.4431363092940376e+02, -1.0562243225299423e+02,
       2.4424501566260041e+01, 6.4979958804900207e+01,
       -2.7119025867575594e+01, 3.8708958363143608e+00,
       -1.5768777707376243e+00, -3.8329561707985813e+00,
       7.9905218218695893e+01, 2.8926991014423635e+01,
       -1.5738141320486230e+01, -2.7457989776595131e+01,
       -2.8587250342623470e+01, -2.5706812079444145e+01,
       7.3096528332769362e-01, -1.9398972708793656e+00,
       7.2180027356414371e+01, 5.8008273981606749e+01,
       -1.4798411121040379e+01, -4.1090343273375211e+01,
       9.8462086290768678e+00, -1.2213072275103722e+01,
       1.8115054890493358e+00, 1.7903855193131730e+00,
       -9.2860033448255720e+01, -7.9518342813183992e+01,
       3.0479060385307211e+01, 6.0560125890824800e+01,
       -1.5084925947722339e+00, -7.1321841090631981e+00,
       -2.4263579587805340e+00, -1.7333794562453768e+00,
       3.9202980781005841e+00, 1.7272394704130775e+01,
       5.6432600758078930e+00, -3.2349640656026351e+00,
       3.3768691444844862e+01, -1.3876813381110233e+00,
       1.4812158760027772e+00, 6.5851958969852642e-01,
       1.4394629779133709e+02, 1.7980870853570853e+01,
       -4.1205107813200875e+01, -2.5274226356881280e+00,
       -4.3123183212874139e+00, 1.3470600125950273e+01,
       -1.5114957521947137e+00, 1.7564279393959632e+00,
       4.4866571235723839e+01, -4.3219385790591829e+01,
       -1.2661830899329079e+01, 1.8999488347763602e+01,
       -8.7353675207179116e+00, 3.9446482550083486e+00,
       -9.1884323343912044e-01, 2.5191114679375431e-01,
       -2.1324458067883617e+02, 7.7304067544772309e+01,
       5.4820811382003150e+01, -3.8414538732718547e+01,
       -1.7741048467540622e+01, 2.3076273566233986e+01,
       -3.3980243204875400e+00, 2.4037973258454968e+00,
       1.4739618791942998e+01, -7.8812537402324182e+01,
       6.7213684837557267e+01, 4.5103534692642043e+01,
       1.1670451643809304e+01, -4.6934587314718303e+00,
       2.7442965815121836e+00, -4.6863403639284518e-01,
       1.6305386644602217e+02, 2.4796105097528834e+01,
       -4.3273214855613752e+01, -1.6315481905281644e+01,
       -1.5379255195942770e+01, 2.1313981010295238e+00,
       3.5767608710069809e+00, -1.4306459787200549e+00,
       -2.6630796612418493e+02, 8.7113509986027537e+01,
       -1.4257336377599925e+01, -5.4926075237363065e+01,
       -2.5772304239439986e+01, 8.7136053054670999e+00,
       -2.3597930107160514e+00, 1.5901443039452599e+00,
       -4.9256319738259009e+01, 1.3688594490684511e+02,
       1.4360266329725798e+01, -8.3201330798266511e+01,
       -5.7378633664910508e+00, 2.8267336817352501e+01,
       -5.6258618517524415e+00, 6.2311554262026780e-01,
       -1.8937720476439185e+02, 5.3469149010858331e+01,
       3.4755185825021613e+01, -3.4538735956290225e+01,
       -7.3234679934808886e+00, -2.5651190285020893e+00,
       -4.6446166271462870e+00, -7.3117337801110658e+00,
       1.4836940828052204e+02, 8.6158859698671563e+01,
       2.3598498874293021e+01, 2.4181701065429042e+01,
       6.5051812663704354e+00, 2.8432033850650025e+00,
       2.9276798243856683e-01, 2.3001041989463031e+00,
       -1.4577233345110668e+02, -4.9250181163022830e+01,
       3.5853962540423041e+01, 2.6420227421352994e+01,
       1.0689938516811601e+00, -7.1200641651063687e+00,
       2.2520560247942822e+00, 1.9827004349040248e-01,
       -1.4944997923911356e+02, -1.0244537404115901e+02,
       2.8088000092066643e+01, 6.7959284210182744e+01,
       -1.8049819957787953e+01, 2.2309085480395599e-01,
       1.2334250262290643e-01, -7.4511981019527751e-01,
       -7.4299929097754486e+01, -1.1924594560859175e+02,
