%YAML:1.0
means: !!opencv-matrix
   rows: 41
   cols: 6
   dt: d
   data: [ -4.4912831381645880e+01, -2.4964185058073923e-01,
       5.6134113533882273e+00, -5.0655958158433991e+00,
       3.4737164161307163e+01, -3.6372999061492459e+00,
       1.4330438800081920e+01, -1.9405537894268224e+02,
       -8.6262617866308453e+00, 2.4719303947230692e+01,
       -2.4977924493388666e+00, 2.1355646735951415e+00,
       1.0293106183376547e+02, 7.0504281897571090e+01,
       -7.6564881785691492e+00, -8.2049538304272396e+00,
       -2.6823171587041468e+01, -2.2088186980645265e+01,
       1.4485182450866836e+02, -1.7876801182197980e+01,
       -5.3388501782415148e+01, -1.7746924853147593e+01,
       -6.0806662137137177e+00, 1.3892300687485797e+01,
       1.0712358122840136e+01, 1.1245084189464306e+02,
       1.2135581912812789e+01, 3.2215978848291343e+01,
       2.0032133573561371e+01, -7.9669966445353761e+00,
       1.1494509365971703e+02, 9.4532778562953595e+01,
       -2.2486023642987888e+01, 4.6719212152019971e+01,
       -1.4074215434463178e+00, 4.8887270363741377e+00,
       -1.9796363117692164e+02, 1.0529612515132773e+02,
       5.5820540064468588e+01, -5.2396912153781798e+01,
       -2.1053482062262724e+01, 3.1150568966825610e+01,
       -8.6633560739427851e-02, -9.3132410797637718e+01,
       6.0242872191882441e+01, 4.4942733625040297e+01,
       7.7634512891513614e+00, -3.4462486163733885e+00,
       5.0977144979931602e+01, -5.4814130965725880e+01,
       -5.7541807661947935e+01, 2.6158540908858306e+01,
       -6.9630669460730346e+00, 8.4311435645004611e+00,
       -8.7371043079541508e+01, -1.3037715873376962e+02,
       7.0860472656589039e+01, 6.1678871154450583e+00,
       -1.7186205097815926e-01, -3.0778175731428354e+00,
       3.6804966787322009e+00, 4.7291200587505244e+01,
       1.4266627924047958e+01, -4.2034390260574220e+01,
       3.6321448992513652e+01, -1.0784850524219511e+01,
       1.3428026815406184e+02, -7.6367657145907501e+01,
       3.1301401285220624e+01, 4.1194164325690224e+01,
       -1.3068768137608505e+01, 4.0775971993431650e+00,
       -2.0554739834170532e+00, 2.3970933656359897e+01,
       -9.0750599987199806e+01, -3.1627005837096107e+01,
       -2.2767122255242249e+01, -2.0616885690172786e+01,
       -2.1516582517921157e+02, -1.0896511455910833e+02,
       -5.6150651463066525e+00, -9.5860683219322063e+00,
       1.5190934373130320e+00, -1.2986607941818080e+00,
       -1.5096034332729158e+02, 1.1813188372685185e+02,
       4.5551757928844040e+01, 2.8336585797176208e+00,
       -4.5611623923697957e+00, -2.2769902589464959e+00,
       1.0723115210980255e+02, -4.3841524805967538e+01,
       -3.1951608737359415e+01, 3.6276681806792752e+01,
       -1.4863784022523743e+00, 1.4320726470218972e+01,
       2.1456322023593165e+02, -2.5197282976166804e+01,
       1.4906238255577557e+01, -1.2374073278824860e+00,
       -7.6945470856383755e+00, 1.1260482064738019e+01,
       -1.5304290897655846e+02, -4.7070739575032000e+01,
       6.7114947121917908e+01, -4.6819652874732796e+01,
       -9.2295954844903676e+00, -2.4075592769110017e+00,
       -4.8144274346549196e+01, -2.2835322511296845e+01,
       -3.0702836016513322e+00, -1.2574413728840604e+01,
       7.0771685509435240e+00, -1.7984824317808099e+00,
       4.6504437714976660e+01, -6.9339966744223716e+01,
       -1.4529847214750140e+01, 5.2352281709598998e+01,
       5.5493907822719457e+00, 7.8560926415481687e+00,
       -1.9543314079573437e+02, 4.0732444390303959e+00,
       4.5834224453262394e+01, 1.6030288389420850e+01,
       -8.6429647927139381e+00, 1.4939962657333821e+01,
       -1.0005056854276300e+00, 1.5368899984886315e+02,
       -7.1573525701166574e-01, -8.8596595646814848e+01,
       1.6359774635551091e+01, 1.9114833286968317e+01,
       -1.5761053910237922e+02, 6.8528127716973273e+01,
       2.5486199788290939e+01, -4.5455741726831221e+01,
       -1.6405200929800568e+01, -5.6565673140564305e+00,
       1.5161555659529154e+02, 8.7550447744454772e+01,
       -4.5438321985536867e+01, 4.2234392415125960e+01,
       -7.7957065221169959e+00, 9.2792603020022177e+00,
       9.2060377051953623e+01, 3.2765202571574996e+01,
       -2.1914668410994498e+01, -3.3444254853154305e+01,
       -3.8444022069636974e+00, -1.0422769560654395e+01,
       -1.4733587289158282e+02, -1.0285889883278612e+02,
       2.7809763015432488e+01, 6.6846119006674385e+01,
       -1.9753391770319467e+01, 9.2160380752791737e-01,
       -1.1322434057696648e+02, -8.7093244688589792e+01,
       -2.7755116671838088e+01, 4.5030841107425729e+01,
       1.0603399820526217e+01, -2.8341572390986589e+00,
       -2.9212213979750652e+02, 7.2011503939851849e+01,
       -2.1822964342211360e+01, -4.4429053402667108e+01,
       -1.6170826027853771e+01, 7.4519299230344860e+00,
       9.3293404406495910e+01, -5.6670147208691432e+01,
       -1.1157363455972691e+01, -6.7175406665615256e+01,
       -2.3855654070515083e+01, -1.7587163701094820e+01,
       9.0101774824148592e+01, 1.1327269852990380e+01,
       -2.1839745633014811e+01, -2.9647974515638658e+01,
       -2.9913651158153996e+01, -1.7336821350836551e+01,
       -1.3142340969670889e+02, 1.1677351513473202e+01,
       3.5545105652777842e+01, 5.0814359816242259e+01,
       1.5959067880741571e+00, -6.8543624824859624e+00,
       -2.3873630785540414e+02, 2.7598906499165114e+01,
       -2.9927376265613264e+00, -1.1624588150244055e+01,
       -8.9858765816885295e+00, -4.4979057297048470e+00,
       4.5979079600338999e+01, -2.0021447552243959e+01,
       -1.3124723663151906e+01, -7.9186197538372278e+00,
       1.9583275234706537e+01, 7.6472970373723870e+00,
       1.4450062454526747e+02, 2.3865596721731215e+01,
       -4.2150237296036572e+01, -3.1282964427618381e+01,
       -7.6774088790589259e+00, 1.1954554775386640e+01,
       -4.6017347372691418e+01, 3.3868681432929534e+01,
       9.4880368705899542e+01, -3.0133052500902505e+01,
       -1.1139659802961757e+00, -1.1179779054534944e+01,
       -1.9608716608215964e+01, 2.1036913246704884e+01,
       1.2228554563056955e+01, 8.5787215351433517e+01,
       1.5740876832940204e+01, -5.9108678218108928e+00,
       1.0869451596770128e+01, 4.1323279413545279e+01,
       -1.7789310098045887e+00, -4.3828204160624345e+01,
       -2.4844007872866625e+00, -2.3505917731362402e+01,
       1.1104011843508513e+02, -2.5743242722476360e+01,
       6.6273579847355123e+01, -1.1672408475837006e+01,
       1.7765646536407925e+01, 7.8476161897899022e-01,
       2.6567641362068763e+01, -8.8117692729503531e+01,
       -8.9475685496130293e+00, 7.5603464743932065e+01,
       -5.8885861748930592e+00, -2.4792911805727584e+00,
       -2.7414838079703657e+01, 5.7172535063373282e+01,
       -7.2931630518622953e+01, 6.8426724983417850e+00,
       1.8345018744827055e+01, 3.7725696675007309e-01,
       6.9668732884860546e+01, 7.9807099005595191e+01,
       -7.0649810436174820e-01, -4.0720270951842181e+01,
       5.2557324184261356e+00, 4.9317060288178105e+00 ]
