%YAML:1.0
means: !!opencv-matrix
   rows: 21
   cols: 1
   dt: d
   data: [ -3.0281716150543765e+01, 1.1921673855241605e+02,
       -2.3050012286854496e+02, -1.3147711494955615e+02,
       4.3440595084524944e+01, 2.0567959801573625e+02,
       2.4326058180268728e+02, -8.0190957590240444e+01,
       1.7791291718363581e+01, 1.4580393005094334e+02,
       -1.9614503515528523e+02, 9.4239179618639938e+01,
       -2.6968671494317175e+02, -1.6221718661766772e+02,
       -3.1089892041236101e+02, 2.8564013425088268e+02,
       -5.5503449113552854e+00, 1.7329414677561053e+02,
       -1.0398945040424634e+02, -5.5066731343564790e+01,
       6.8778187854910101e+01 ]
covs: !!opencv-matrix
   rows: 21
   cols: 1
   dt: d
   data: [ 1.4884297096968348e+02, 1.7765223455810931e+02,
       2.6316670689615421e+02, 1.8980970085977515e+02,
       1.5209591175695607e+02, 3.6798821586441267e+02,
       6.0654522469112533e+02, 1.6737539661875130e+02,
       1.4719860475673215e+02, 2.2418678287541573e+02,
       2.5214229369534866e+02, 1.5700511479967736e+02,
       4.2158227893687325e+02, 2.3013173847970828e+02,
       1.0319268863259658e+03, 1.1146816851133469e+03,
       1.4741922096491641e+02, 2.7282724477591501e+02,
       1.7893062944644939e+02, 1.5555660902363911e+02,
       1.5077890092643696e+02 ]
weights: !!opencv-matrix
   rows: 1
   cols: 21
   dt: d
   data: [ 6.2925278266708407e-02, 6.1409872636911826e-02,
       2.9257927063237842e-02, 4.7239787730860468e-02,
       7.4943863740220024e-02, 3.3230856795136911e-02,
       2.2129504070895558e-02, 5.7889697358947972e-02,
       6.9667207234596684e-02, 4.8639160405784511e-02,
       3.8015100351512343e-02, 6.7085489278240956e-02,
       2.2924103653949760e-02, 4.1717794044359789e-02,
       1.5226136564755289e-02, 1.3662699978482950e-02,
       6.4734349073663378e-02, 4.3741291507169350e-02,
       5.3088901574546446e-02, 6.0724719648559210e-02,
       7.1746259021443243e-02 ]
pca_proj: !!opencv-matrix
   rows: 1
   cols: 21
   dt: f
   data: [ 1.02604255e-02, 8.46533298e-01, 5.67100069e-05,
       -5.08859605e-02, 4.68450844e-01, 1.89823491e-04, -5.55210514e-03,
       1.46431834e-01, -1.98076777e-05, -7.31809530e-03, 1.34976640e-01,
       -4.80776835e-05, -6.69380091e-03, 1.46460637e-01, -1.57161594e-05,
       2.11501210e-05, 1.32904761e-05, -3.16381829e-07, -1.62182951e-05,
       4.47223283e-04, 4.04881848e-06 ]
pca_mean: !!opencv-matrix
   rows: 1
   cols: 21
   dt: f
   data: [ 4.33646118e+02, 2.44701981e+02, 1.49672687e+00,
       4.18191803e+02, 2.60206879e+02, 1.62062907e+00, 3.68545319e+02,
       2.27059875e+02, 1.69770968e+00, 3.19420807e+02, 1.63929108e+02,
       1.75046074e+00, 3.16613464e+02, 2.25532654e+02, 1.70717156e+00,
       1.08872897e-04, -9.74175637e-05, 6.24380555e-05, -2.17504916e-04,
       -2.50119597e-01, 1.75055194e+00 ]
gamma: !!opencv-matrix
   rows: 21
   cols: 1
   dt: d
   data: [ 7.7124863534294996e-01, 8.2044494403873136e-01,
       8.7539989267234108e-01, 8.2730052672194898e-01,
       7.7669099741106173e-01, 8.6729153634471756e-01,
       8.8370805379161477e-01, 7.9598131766391789e-01,
       7.6820773209589321e-01, 8.3657909189484747e-01,
       8.6135367526515849e-01, 8.0481360038278793e-01,
       8.9002081921150034e-01, 8.4485224838352679e-01,
       9.0543468308840669e-01, 9.0022817750897266e-01,
       7.6648262565152114e-01, 8.5155078287837616e-01,
       8.1065859559660702e-01, 7.8175559102458381e-01,
       7.8950912546468788e-01 ]
