%YAML:1.0
means: !!opencv-matrix
   rows: 47
   cols: 3
   dt: d
   data: [ 1.6578099881377133e+02, -1.5313109706904108e+01,
       3.8717093883573739e+01, 9.9728302497729295e+00,
       1.0136764530387605e+02, 1.2784596141062146e+01,
       -1.4863256146410578e+02, -1.5256113870203637e+02,
       6.4940092827298599e+01, 3.2364855839760317e+01,
       -9.9768483331769303e+01, 3.0996028068251203e+01,
       -8.9184969448297466e+01, 1.8455809129579777e+02,
       -6.6227056403538057e+01, -1.7987380691154371e+02,
       5.9655036214406131e+01, -1.6319319309436132e+01,
       9.8614205826852981e+01, 1.0634001703456282e+02,
       -4.1561070208562164e+01, -9.7976597980119308e+01,
       1.5070855305458591e+02, 4.3472430679089442e+01,
       -2.5496442127807732e+01, -9.3321800498120613e+00,
       -1.5533018834767674e+01, -2.8047852479197911e+02,
       -7.6386673370103722e+01, -1.5971985578069461e+01,
       -2.7797190004476306e+01, -8.5416379561619934e+01,
       -1.3926462430028124e+01, 9.3113662588747076e+01,
       -1.2422068535297949e+02, -4.8145934851761957e+01,
       -7.1874650220751278e+01, -3.3696911652673514e+01,
       8.2908442359197608e+01, 7.8803493540084631e+01,
       8.1518578745259617e+01, 5.7548029606716121e+01,
       9.3870935087064808e+01, -1.1300889538032116e+01,
       7.0632696396182354e+01, 1.7052036815151158e+02,
       -1.0798758427663807e+02, 1.3318742388801933e+01,
       -1.8818151500812866e+02, -1.1384475575736330e+02,
       2.9337545406915854e+01, 4.7295354152695602e+01,
       -1.6721033593629099e+02, 2.8887468288768961e+01,
       -2.1528804687931174e+02, 1.4533175659102044e+01,
       4.8315330552770391e+01, 2.5156743126707545e+02,
       2.9013267051560014e+01, 2.5620997643329705e+01,
       7.6141970515394249e+01, 1.7079230013075704e+02,
       5.7517817759569567e+01, 6.5840396207376983e+01,
       -3.7582524605608747e+01, -3.9411414482277728e+01,
       -2.3389360936062923e+02, -1.9048533125509471e+02,
       1.1269984993133746e+00, -9.0315846901705967e+01,
       -8.8416378061866823e+01, -5.4566225601013947e+01,
       -7.1496738418907555e+01, 1.0992477510305959e+02,
       -5.0445341285527668e+01, 1.6806893856702138e+02,
       4.5258522532309250e+01, 8.1457588389182654e+00,
       9.7758020662945341e+01, 2.7320493735549686e+01,
       -1.0515721378790669e+01, -1.0950226676830732e+02,
       -8.2762486611251305e+01, 1.0034608295298138e+02,
       1.3194862110106291e+02, -3.0220216483444737e+01,
       -8.0683076510397441e+01, -2.3543475457572548e+01,
       4.4270247616789113e+01, 9.1693837483849080e+01,
       -4.6753611916957247e+01, 1.8431208031287245e+01,
       -7.2911439320844892e+01, -2.0086760989813322e+02,
       1.6537539782623463e+02, -8.6755749950016536e+00,
       9.8792047751141254e+00, 1.9454483663059952e+02,
       -2.2033513407961927e+01, -9.7976351646555315e+01,
       7.1132196878984374e+01, 9.5465230798299118e+01,
       3.1931895743806013e+01, -8.5519373757771291e+00,
       3.0298133638021795e+01, -3.3614997257596258e+01,
       -1.6328557296111828e+02, -3.0013769084915957e+01,
       2.8667790206281961e+01, -3.2379994183937191e+02,
       -5.6201338022364515e+00, 1.0250097050261745e+02,
       -1.1535183733670983e+02, 6.7869538754830117e+01,
       3.3820648769558659e+01, 4.6746085504993744e+01,
       -7.6905593273524900e+01, 1.6353109332963135e+02,
       1.3802375397256228e+02, 1.4508939749870173e+01,
       -1.4544559668140104e+02, -3.3679513403003767e+01,
       3.7487494720981395e+01, -2.8392758803306060e+02,
       5.2121335938992985e+01, -1.9801706021397962e+01,
       -6.3545526900507667e+01, 5.2902563151249801e+01,
       1.0690829946780232e+01, 2.1743061802337291e+01,
       -8.6103509042579006e+01, -9.3072017462967523e+01,
       -9.9306195174092409e+01, 8.4303492111988572e+00,
       -4.4615687900729299e+01, 2.2020760790546876e+02,
       -5.1775945434959326e+01, -2.0256757469207113e+01,
       -2.0730862125095629e+02, -2.6053830686752079e+01,
       -1.4775667694048035e+01 ]
