%YAML:1.0
means: !!opencv-matrix
   rows: 15
   cols: 1
   dt: d
   data: [ -6.0218961973653336e+01, 1.0973837864732066e+02,
       -2.1269203880998325e+02, 1.1392838383743838e+01,
       1.8481993576699119e+02, -1.7096237190064471e+02,
       7.7034259138269292e+01, -3.0479461486367933e+02,
       -9.6320462604710400e+01, -2.2936685923409854e+01,
       2.3149018045964542e+02, -1.3311519890262755e+02,
       1.4721680917537896e+02, 4.5129629123671350e+01,
       -2.5872351979096265e+02 ]
covs: !!opencv-matrix
   rows: 15
   cols: 1
   dt: d
   data: [ 2.9278416544831697e+02, 3.0619923654426469e+02,
       5.0635232708804187e+02, 2.6496295091027343e+02,
       5.8359648981388375e+02, 4.3590647583190554e+02,
       2.8168820520329484e+02, 1.2773014471694785e+03,
       3.0757749184071616e+02, 2.7677234934649016e+02,
       1.2863044345397377e+03, 3.5681100508446264e+02,
       3.9709960788778426e+02, 2.6123750316690825e+02,
       7.4690881502878040e+02 ]
weights: !!opencv-matrix
   rows: 1
   cols: 15
   dt: d
   data: [ 7.7586719665438356e-02, 9.2465849891542759e-02,
       4.4686217212431704e-02, 9.4829574709298259e-02,
       5.6222958931729849e-02, 4.9568098008788496e-02,
       9.7378708409698589e-02, 1.8764470776593989e-02,
       6.9865895869274081e-02, 9.1533828205223822e-02,
       3.9048571232704873e-02, 6.0193291466410295e-02,
       7.7549941231685460e-02, 9.6586564407263570e-02,
       3.3719309981894936e-02 ]
pca_proj: !!opencv-matrix
   rows: 1
   cols: 21
   dt: f
   data: [ 4.36961316e-02, 8.50134730e-01, 1.73015636e-04,
       6.54514134e-02, 4.60692108e-01, 2.29939164e-04, 7.67599978e-03,
       1.46649793e-01, -1.37564148e-05, 1.21663406e-03, 1.30500361e-01,
       -5.45994153e-05, 8.06188770e-03, 1.42052382e-01, -2.12945142e-05,
       -2.45414903e-05, 9.56867734e-06, -1.94090262e-06, 3.13729906e-05,
       4.34020360e-04, 2.32224409e-07 ]
pca_mean: !!opencv-matrix
   rows: 1
   cols: 21
   dt: f
   data: [ 2.07625534e+02, 2.55653595e+02, 1.54502928e+00,
       2.18915131e+02, 2.60592743e+02, 1.67241716e+00, 2.65274475e+02,
       2.24016678e+02, 1.71669352e+00, 3.19420807e+02, 1.63929108e+02,
       1.75046074e+00, 3.16613464e+02, 2.25532654e+02, 1.70717156e+00,
       1.08872897e-04, -9.74175637e-05, 6.24380555e-05, -2.17504916e-04,
       -2.50119597e-01, 1.75055194e+00 ]
gamma: !!opencv-matrix
   rows: 15
   cols: 1
   dt: d
   data: [ 7.9657201160383961e-01, 8.2531048324939105e-01,
       8.7700494022599396e-01, 7.7979641238442765e-01,
       8.6763342500993457e-01, 8.5871594680022989e-01,
       8.0603269793856358e-01, 9.1024961381504654e-01,
       8.1670815432365595e-01, 7.8197463571748238e-01,
       8.9224687717601636e-01, 8.3844014850748361e-01,
       8.4740942094091898e-01, 7.8940884656900734e-01,
       8.9461111197481791e-01 ]
