%YAML:1.0
means: !!opencv-matrix
   rows: 12
   cols: 1
   dt: d
   data: [ 9.7545591771790058e+01, -3.7284306291542535e+01,
       -1.2783117381718581e+02, 1.9273017162925464e+02,
       -1.7997658783212324e+02, 7.9086014021464504e+00,
       -2.8562192099749461e+02, -8.2850529631351762e+01,
       5.2418454564346682e+01, 1.4333156126155930e+02,
       -2.3088941404346033e+02, 2.5374882550703686e+02 ]
covs: !!opencv-matrix
   rows: 12
   cols: 1
   dt: d
   data: [ 5.3525355652665178e+02, 4.6784684915304922e+02,
       5.8125064369812867e+02, 9.7988004767182122e+02,
       7.7888840025930688e+02, 4.4285448484170752e+02,
       1.5960388233539609e+03, 4.8846134392520611e+02,
       4.6462859169896109e+02, 7.3783958214183770e+02,
       1.0274893631676289e+03, 1.7663068989257752e+03 ]
weights: !!opencv-matrix
   rows: 1
   cols: 12
   dt: d
   data: [ 1.2198076498001140e-01, 1.1371091349474756e-01,
       7.9842293725214813e-02, 6.0718588428916448e-02,
       6.1390892771433843e-02, 1.2536961297609131e-01,
       3.0210609111254109e-02, 1.0621445570880025e-01,
       1.2800329587374254e-01, 9.2529779161847875e-02,
       4.5289918166451781e-02, 3.4738875601461119e-02 ]
pca_proj: !!opencv-matrix
   rows: 1
   cols: 21
   dt: f
   data: [ 1.02604255e-02, 8.46533298e-01, 5.67100069e-05,
       -5.08859605e-02, 4.68450844e-01, 1.89823491e-04, -5.55210514e-03,
       1.46431834e-01, -1.98076777e-05, -7.31809530e-03, 1.34976640e-01,
       -4.80776835e-05, -6.69380091e-03, 1.46460637e-01, -1.57161594e-05,
       2.11501210e-05, 1.32904761e-05, -3.16381829e-07, -1.62182951e-05,
       4.47223283e-04, 4.04881848e-06 ]
pca_mean: !!opencv-matrix
   rows: 1
   cols: 21
   dt: f
   data: [ 4.33646118e+02, 2.44701981e+02, 1.49672687e+00,
       4.18191803e+02, 2.60206879e+02, 1.62062907e+00, 3.68545319e+02,
       2.27059875e+02, 1.69770968e+00, 3.19420807e+02, 1.63929108e+02,
       1.75046074e+00, 3.16613464e+02, 2.25532654e+02, 1.70717156e+00,
       1.08872897e-04, -9.74175637e-05, 6.24380555e-05, -2.17504916e-04,
       -2.50119597e-01, 1.75055194e+00 ]
gamma: !!opencv-matrix
   rows: 12
   cols: 1
   dt: d
   data: [ 8.1565002209960114e-01, 7.8352771246898067e-01,
       8.3282959465167550e-01, 8.6967079659982260e-01,
       8.6138509187938328e-01, 7.7635645066681780e-01,
       9.0354332685655125e-01, 8.0572637388651636e-01,
       7.8997130604921739e-01, 8.4423680082586916e-01,
       8.8347957810860478e-01, 8.9727988832253169e-01 ]
