%YAML:1.0
means: !!opencv-matrix
   rows: 49
   cols: 5
   dt: d
   data: [ 9.7735546680570351e+01, -1.1353509656729431e+01,
       7.5620384902052933e+01, 2.7607642235854652e+00,
       2.7204191778271881e+01, -1.4918419989366774e+02,
       -2.2472664767679554e+01, -1.0217065206673778e+01,
       1.8082764567537872e+01, 1.4911335571747713e+01,
       -9.5793276874460901e+01, 7.5610925834988123e+01,
       5.9752835205207177e+01, -4.6207801628297931e+00,
       3.9351053419522475e+00, -8.4039457635709425e+01,
       1.3673118839613079e+02, -7.1863740519213579e+01,
       -6.9772095292141820e+00, 4.3968223648237208e+00,
       1.0587590798041722e+02, -3.6909958402380077e+01,
       -1.6485418513788940e+01, 4.4642781604846832e+01,
       -2.6186315520180020e+01, 9.2455052121421687e+01,
       3.8254380875858374e+00, 4.6612542938212331e-01,
       8.9347214406488703e+01, 6.2654357975222519e-01,
       -2.0287057673368389e+00, -1.3545159500912982e+02,
       3.1895268927947185e+01, 5.7048982803948057e+01,
       2.9998091625972680e+01, 8.9255317463543904e+01,
       -1.2288486499132090e+02, -1.7975523519774583e+01,
       3.4670796540060110e+01, 4.5830034003660156e+00,
       4.6211723300710908e+01, 1.5887610597252464e+02,
       -1.9619005578374069e+00, 2.0046335381784299e+01,
       2.9880582642039517e+00, -5.6014066012415121e+01,
       -8.3714202353252688e+01, 2.1607816668374848e+01,
       -2.5372933300273210e+01, 1.7888321453471189e+01,
       -2.5505250272427901e+02, -1.8126300789989205e+02,
       -1.4978730944979556e+01, -1.4023364839226026e+01,
       -2.1579541765268019e+01, 1.0486749041036401e+02,
       -1.7519102292882593e+01, -8.8712135569357343e+01,
       1.1364048424032269e+01, -9.9928711068197078e+00,
       8.5364978972658729e+00, -2.3519931962249527e+02,
       6.6411260125616156e+00, 7.4938217880880387e+01,
       -1.6522028679558709e+00, -1.8584472412069678e+02,
       9.1779505626813975e+00, 6.1900658926332888e+01,
       1.8131132528827929e+00, -9.9680581848517544e+00,
       9.0537127490355260e+00, 2.0343676248515870e+01,
       1.5559563547976898e+01, 2.8013711209229371e+01,
       3.4082182213686181e+01, 1.2171963334753325e+02,
       2.1561912103949382e+01, 1.4888410128079228e+01,
       -1.0449982711519091e+01, 4.0690263581385961e+00,
       4.8989472053255312e-01, -3.1853020370903256e+01,
       -2.3443246521977148e+00, 7.8021596756466920e+00,
       -1.2817797148220679e+01, 2.2700794399347288e+02,
       -3.3855875349243210e+00, -1.0891009120180174e+01,
       1.6455953351932520e+00, -1.4582467858493818e+01,
       -1.0224064553686476e+02, 2.7317862195207265e+01,
       4.0716709389113824e+01, 5.3074751518069853e+01,
       6.1221579190555842e+00, 2.4169334755141630e+01,
       -1.8269691726851516e+02, -5.2889946402352281e+00,
       -8.9828873014135162e+00, 4.5154667732487432e+00,
       -2.4984568738793538e+01, 8.1228968284202395e+01,
       -1.4605030615555987e+00, -5.0269113819664796e+01,
       1.0150210516092708e+01, -1.3183243071139034e+02,
       -1.7025529236845276e+02, 6.7858611037149188e+01,
       -3.8176984689589354e+01, -2.2728860084298855e+01,
       -3.5367161208060317e+01, -4.4914107941687924e+01,
       9.8081824451539504e+01, 1.3084815758071892e+01,
       -6.8909698793622622e+00, -1.3391287749953088e+02,
       1.2997114072918149e+02, 1.0899541637181800e+01,
       -5.3883354359005381e+01, -2.5129005511802536e+01,
       -2.3527589452736396e+02, -2.4280255002080938e+01,
       -2.6516753427166844e+01, -4.8267622950102293e+01,
       -2.6761234137175607e+00, -6.5498816578091038e+01,
       1.9039718482117704e+02, 1.5849735842524248e+01,
       4.8520422523386690e+00, 1.0272145944898261e+01,
       6.6449193608261439e+01, -3.7937199506886408e+01,
       -8.8810874596269489e+00, -8.0386154362904364e+01,
       5.5962560383145199e+00, 9.0326979605126297e+01,
       -1.1138100571145631e+02, -4.0980062252889020e+01,
       -6.3078937717646459e+00, -3.0360910032205609e+01,
       1.6639817230849329e+02, -8.8264529823161510e+01,
       3.9751271659087891e+01, -5.1742640938943339e+01,
       2.8403571859555572e+00, -6.6411875744506602e+01,
       -8.5859113677069544e+01, -1.9716939860998046e+01,
       5.5036081236420230e+01, 1.1432505442235234e+01,
       3.6925185849592538e+01, 1.3826693748777471e+01,
       -5.9318143649561108e+01, 9.4081829748011014e-01,
       8.9387077266571051e+00, -2.3527263310461336e+02,
       9.6764418919996388e+01, -5.5409566237665953e+00,
       1.1399423885720395e+01, -1.8428358242202683e+00,
       1.5897269687166636e+02, 1.1626377507759693e+00,
       -4.3187694778794153e+01, 6.5308411125615152e+01,
       -1.4255474738278291e+01, -2.6755478313367348e+02,
       -5.7786958427697037e+01, 3.6932318159285424e+00,
       5.6695218691540497e+01, -2.4954321229679852e+01,
       1.2132776677313259e+01, -1.2011246408727040e+02,
       -6.8797965178605134e+00, -3.3243963986455697e+01,
       3.3572393171881473e+01, -2.4204005143716600e+01,
       9.2814080595514341e+01, 8.7610485586775638e+01,
       -4.1390650732397347e+01, 2.9793276646900479e+00,
       -7.8718620772353134e+01, 5.1106895058447698e+01,
       -4.1160275167381315e+01, 5.1426506154123757e+01,
       3.0658123796355397e+01, 2.0258189525716179e+02,
       3.9577831705746640e+01, 4.2566821039693039e+01,
       1.4646203876331782e+01, -1.2806545492942085e+01,
       4.2051654487929319e+01, 1.1584847899257845e+02,
       -3.0423541660709866e+01, -4.5901214690199645e+01,
       -1.0049381588569899e+01, 1.5144248508142994e+02,
       -8.9810886740814368e+01, -5.6236234955342091e+01,
       -3.7390842956924985e+01, -1.1572752988437845e+01,
       1.1197476680650313e+02, 1.0826314197864140e+02,
       4.8613549836318157e+01, -6.3057079988326450e+01,
       -6.1264234716831281e+00, -1.1766529970030747e+02,
       -4.3075043493627483e+01, 4.4881364650452461e+01,
       -7.4577329289003345e+01, -2.3523853600172950e+00,
       -6.3490064722795786e+01, 1.7843479706364171e+01,
       -7.3878320292022295e+01, -7.6521239795772090e+01,
       5.2085894068793896e+00, -1.6872901593329391e+02,
       -7.4609766128406875e+01, 3.7285307545278663e+01,
       3.2293017343186655e+01, -2.2494661820251881e+01,
       -6.8860180330174288e+01, -5.8799582926534242e+01,
       -7.2803410242491637e+01, -2.4397839161292929e+01,
       2.0991501780045144e+01, 6.4002821137869390e+01,
       -1.7140439790490692e+01, -2.3571907135059057e+01,
       5.1931593823101899e+01, -2.8469931934078208e+01,
       1.2274987977913604e+02, 1.0034844572195608e+02,
       -4.9233730145598031e+01, 5.8258323560341722e+01,
       -8.7304065113870895e+00, -6.7469212143009143e+00,
       -8.2978312720223684e+01, 1.8443170811696625e+01,
       2.7901158179640884e+01, 3.9314853259407784e+01,
       -1.6851454968596246e+02, -8.8754281466692632e+01,
       7.1533469252783703e+01, 3.5594568784684817e+01,
       -3.1045644820978911e+01 ]
