%YAML:1.0
means: !!opencv-matrix
   rows: 22
   cols: 7
   dt: d
   data: [ -1.2152587989853745e+02, 1.1972527816381061e+02,
       1.0497280428821805e+01, -5.4267123177068875e+01,
       -1.4114745094264466e+01, -4.1996956172806565e-01,
       6.3844982873589839e-01, 3.6169504335316747e+00,
       -2.8814304770261767e+01, 2.1075779854210907e+01,
       2.6650641541074595e+01, 1.5127365625505920e+01,
       1.7285845860406518e+01, 1.4480339269996887e+00,
       -1.7301161038565968e+02, 3.5572275246260112e+01,
       3.3185019435293228e+01, -2.8278670749447286e+01,
       -2.8086348692374030e+00, -1.1119973449479144e+00,
       4.6693645160766090e-01, -2.7853689987994855e+01,
       1.0094506513412266e+01, -7.2921392773777441e+01,
       2.3984730001462591e+01, 1.5966420952710637e+01,
       -2.1994089230987282e-01, 8.0008191254295480e-01,
       1.2665887410623638e+02, -4.0702297186678599e+01,
       -2.4790158875621511e+01, 4.4449088687563538e+01,
       -2.3643781894399361e+01, 8.3574848107957269e+00,
       3.4712642966921736e-01, 1.2655896703181895e+02,
       4.4854929817629063e+01, -3.5094267750900634e+01,
       -7.4915666754920007e+00, -1.8686692097912164e+01,
       -1.0474055945279993e+01, -5.3510808089578603e+00,
       -1.4696162151425057e+02, -7.1118065199520837e+00,
       3.1900508997480326e+01, -1.7778539278484654e+01,
       -4.0468817351245541e+00, -2.5536423316505886e+01,
       -1.5936485813926506e+00, 1.1682029206595762e+02,
       -7.0172759428958713e+01, -3.8223736471877572e+01,
       -4.9320737004692973e+01, -3.2590249568473797e+00,
       -1.2318875405251077e+00, -6.6934298773917089e-01,
       9.8696418174844069e+01, -4.7316995034183400e+01,
       -2.2275498293466804e+01, 3.6385342418012790e+01,
       -2.7249358388842744e+01, 2.3778498369894418e+01,
       1.2733844726256018e+00, 5.1164396971918194e+01,
       2.1660483290335872e+01, -1.1477465488858938e+01,
       -2.1540760211111665e+00, -7.4803047517068810e+00,
       -1.0378543427141041e+01, -2.0356696039107183e+00,
       -1.8002118298847378e+02, -4.5989633434150541e+01,
       2.0372355219879768e+01, 1.8342481553528327e+01,
       -3.6684358024785455e+00, 8.9273427861598176e+00,
       3.8822326817521235e-01, 3.8765527735466541e+00,
       8.9882030276150701e+01, -8.8477203828700564e+00,
       -4.0177098836845893e+01, 1.2445960948888025e+01,
       -3.4871855651863006e+00, 1.6316928866360936e+00,
       -1.2060777053342706e+01, 6.8283364373434864e+01,
       1.4149693239185385e+01, -2.2659275435590562e+01,
       2.1879932235183080e+01, -5.4223725263637723e+00,
       -5.4559877401093448e+00, 1.8792883583192702e+02,
       1.6408892583998224e+01, -4.9101474018067272e+01,
       1.3451929266707852e+01, -9.6274183181729320e+00,
       -7.1017150580200807e+00, 1.1760562049058614e+00,
       7.3944850768970056e+00, -1.8674411486670922e+02,
       1.7188134724092105e+01, 6.4768856200834890e+01,
       1.2862905097633801e+01, -1.6676618791211741e+01,
       -1.4736786597932063e+00, -1.6854422641650828e+02,
       -1.1471333727371906e+02, 4.8160026122286936e+01,
       4.0649065145230239e+01, -3.3437449103706861e+01,
       -2.9357469108297343e+00, -3.8111268441461328e+00,
       1.0242835375136291e+02, 3.0945048185646179e+01,
       -1.1471049658622701e+00, 1.9403577412242175e+01,
       1.1670055049394286e+01, -9.2202686688556117e+00,
       3.0028069095900922e-01, 7.2459371239583078e+01,
       -9.1484145727466455e+01, 2.7738113964582962e+00,
       4.4907132632785228e+01, 2.1359754673748135e+01,
       1.5878791612143031e+01, 1.7662782205486860e+00,
       -7.1628181969018314e+01, -3.0742348031589120e+01,
       9.5300644051520180e+01, -6.3722780139981339e+00,
       -1.7945756054922331e+00, 6.7670595593962677e+00,
       -7.0040674903967162e-02, 3.5006600838835145e-01,
       -3.2349219486661219e+01, 1.4795309066095717e+01,
       1.3888273331533027e+01, 3.9674440809558860e+01,
       -1.6988151730366150e+00, 1.2708567081992452e+00,
       -3.1777373339889482e-02, -7.6013215580265580e+01,
       -8.2978537639352830e+00, -4.5286955154939477e+01,
       2.5878694600880984e+01, 4.7417809779143347e+00,
       1.2001728626367663e+00, 3.1240893499086848e+01,
       1.2619594410864694e+02, -2.6625932527156230e+01,
       -5.2023587823491766e+01, -9.0236633552943477e+00,
       1.3248941115136905e+00, 2.3441195405315383e+00 ]
