%YAML:1.0
means: !!opencv-matrix
   rows: 31
   cols: 2
   dt: d
   data: [ 9.0965510760827726e+01, -1.7163952682457648e+02,
       -1.7964361181476221e+02, 4.8910138240760801e+01,
       1.3546717763974902e+02, -2.3671502358718147e+01,
       4.4076014965898864e+01, -3.0916505444141567e+01,
       -2.0111432715139151e+02, -1.6389737159834831e+02,
       1.2793597283983739e+02, 4.7057711534299024e+01,
       -9.6011252605310887e+01, 2.0468576370251327e+02,
       -9.4721255919081983e+01, 4.1571638232143535e+01,
       -2.3857586112070443e+01, 1.6847781230204163e+02,
       -9.3177680286640339e+01, -3.5378390714749251e+01,
       -1.0444511124739439e+01, -7.6270220673929444e+01,
       -1.9019109050812929e+02, -3.7903490127477070e+01,
       5.7065637934042279e+01, 3.4388008453244083e+01,
       7.2807481127456564e+00, -2.9636398127969107e+02,
       -8.0481383454591793e+01, -1.8757739896362634e+02,
       2.3435010035945396e+02, -5.4649531187347065e+01,
       -2.1716325338220503e+02, 1.3918496367586084e+02,
       4.8852344299239284e+01, 2.0299148959821156e+02,
       1.5999314086370549e+02, -1.0873960395702153e+02,
       -2.0813045099525407e+01, 9.9388284876887401e+00,
       9.7284237657680226e+00, -1.4558045061681685e+02,
       6.9611826542764788e+01, 1.0958232688796778e+02,
       -2.6613320324689641e+02, -9.5598386329689347e+01,
       -9.5540341051231863e+01, 1.1497043039740618e+02,
       -1.5321366642375894e+01, 8.5637212531723520e+01,
       7.9140397842397732e+01, -9.8306141122551807e+01,
       -1.0347504608396737e+02, -1.1427139686342203e+02,
       1.2585974338920917e+02, 1.4677366194999260e+02,
       1.8227651798886598e+02, 1.0988030918761559e+02,
       2.1909477392840395e+02, 3.5697238698143813e+01,
       -2.6545985265590571e+02, 1.3725164435744153e+01 ]
covs: !!opencv-matrix
   rows: 62
   cols: 2
   dt: d
   data: [ 2.0223992047249728e+03, 2.1313393194702991e+02,
       2.1313393194702996e+02, 2.4201548465054761e+03,
       1.4459032759994348e+03, -1.3733347235280939e+02,
       -1.3733347235280948e+02, 2.7088680925041867e+03,
       2.3999462068994389e+03, -1.2677618016796886e+02,
       -1.2677618016796882e+02, 1.4858256915501779e+03,
       1.8816570969788547e+03, 1.7798333141119127e+01,
       1.7798333141119127e+01, 1.0333837201405299e+03,
       2.9674636705367925e+03, 3.6295346816948734e+02,
       3.6295346816948734e+02, 3.5390951497086671e+03,
       1.9426273624810431e+03, 1.6966083184308246e+02,
       1.6966083184308246e+02, 1.5582148595817112e+03,
       3.8936646398008211e+03, 1.0174642332252273e+03,
       1.0174642332252274e+03, 2.9562708837342147e+03,
       1.4002853173026783e+03, 1.6684576552479146e+02,
       1.6684576552479152e+02, 1.2381093548746544e+03,
       2.3388810012444155e+03, -3.3878736153427133e+02,
       -3.3878736153427133e+02, 1.8628530600678789e+03,
       1.3619134550457588e+03, -9.2478776505845204e+01,
       -9.2478776505845218e+01, 1.3510957541061543e+03,
       2.0114487937116260e+03, 1.0479132627337727e+01,
       1.0479132627337730e+01, 1.3221156640952377e+03,
       1.9346624029721800e+03, -4.0371831615613004e+01,
       -4.0371831615612997e+01, 2.7436472779459018e+03,
       1.7138139499606380e+03, -1.7156925524683160e+02,
       -1.7156925524683152e+02, 1.2934813478933788e+03,
       6.6528961936213746e+03, -6.2093485928010375e+02,
       -6.2093485928010375e+02, 2.4355825709723395e+03,
       1.6399907259448548e+03, -1.9033133572774139e+02,
       -1.9033133572774139e+02, 2.1394627383817133e+03,
       2.6237033756495625e+03, -2.8258436116605941e+02,
       -2.8258436116605947e+02, 2.8706099016093322e+03,
       3.5383313160537982e+03, 1.0006964639244783e+03,
       1.0006964639244783e+03, 4.5595873151351188e+03,
       2.0697850810104437e+03, 2.9733795755986318e+02,
       2.9733795755986318e+02, 2.4807345352141274e+03,
       2.1057460193449565e+03, -4.5340831336967813e+02,
       -4.5340831336967818e+02, 2.1788485851305381e+03,
       1.4780870128540373e+03, 3.4516760787270499e+01,
       3.4516760787270492e+01, 1.2434339361859766e+03,
       1.6241649937808977e+03, -2.0733945017450711e+01,
       -2.0733945017450750e+01, 1.8660057841753330e+03,
       1.7261374032004919e+03, -3.1149275237657026e+01,
       -3.1149275237657019e+01, 1.8984935179455324e+03,
       2.0597055844134588e+03, -2.0230422471505722e+02,
       -2.0230422471505722e+02, 3.4062613653691765e+03,
       1.7997636041398546e+03, -1.2719629696105615e+02,
       -1.2719629696105611e+02, 1.5822473408985916e+03,
       1.4985433071875943e+03, -1.3971807896774223e+02,
       -1.3971807896774223e+02, 1.5193667474127183e+03,
       1.9086460541735194e+03, 4.9113084914418685e+01,
       4.9113084914418700e+01, 1.5028335819647286e+03,
       2.6385548133602028e+03, -2.7203382974340093e+02,
       -2.7203382974340093e+02, 1.4627188042183593e+03,
       1.9977761612306904e+03, 8.1648149166703956e+02,
       8.1648149166703956e+02, 3.0119242653883248e+03,
       3.2556138508131498e+03, 8.8765398382823253e+02,
       8.8765398382823253e+02, 2.5476177684720046e+03,
       2.7883697852348473e+03, 8.0062210802632740e+02,
       8.0062210802632740e+02, 2.2737769190051749e+03,
       2.2524591978674148e+03, -4.8387123674582074e+02,
       -4.8387123674582074e+02, 3.4791286839011914e+03 ]
weights: !!opencv-matrix
   rows: 1
   cols: 31
   dt: d
   data: [ 2.4282913881413203e-02, 3.1978417356047409e-02,
       5.0557904549258105e-02, 4.7536848241491229e-02,
       1.8863332700196678e-02, 4.3301419823380934e-02,
       1.9571040251907281e-02, 4.3299123972343416e-02,
       2.9548806346868125e-02, 4.2261576087513825e-02,
       4.0547531067411165e-02, 3.0545156903970711e-02,
       5.3895099349632672e-02, 9.5894400186572453e-03,
       1.6684901732849668e-02, 2.4867302782593175e-02,
       2.0798521154872174e-02, 1.8982959926271553e-02,
       3.4960127487993507e-02, 5.3119007250280494e-02,
       3.0964228235342700e-02, 4.2009077937238813e-02,
       1.7499072355217204e-02, 3.3333744859175105e-02,
       4.4240678581309444e-02, 4.9690798893239872e-02,
       3.8988452532555389e-02, 2.2109051703452749e-02,
       1.9331037255379418e-02, 2.6092496450807901e-02,
       2.0549930311303789e-02 ]
pca_proj: !!opencv-matrix
   rows: 2
   cols: 21
   dt: f
   data: [ 1.02604255e-02, 8.46533298e-01, 5.67100069e-05,
       -5.08859605e-02, 4.68450844e-01, 1.89823491e-04, -5.55210514e-03,
       1.46431834e-01, -1.98076777e-05, -7.31809530e-03, 1.34976640e-01,
       -4.80776835e-05, -6.69380091e-03, 1.46460637e-01, -1.57161594e-05,
       2.11501210e-05, 1.32904761e-05, -3.16381829e-07, -1.62182951e-05,
       4.47223283e-04, 4.04881848e-06, 8.19958210e-01, 1.87153444e-02,
       -7.93817599e-05, 4.28530097e-01, 8.29724409e-03, 8.75842488e-06,
       2.28233948e-01, -2.37727305e-03, -1.84168690e-04, 2.08515689e-01,
       -1.20344283e-02, -2.14158339e-04, 2.18838796e-01, -7.27251405e-04,
       -1.84816250e-04, -3.05604735e-05, -5.04301033e-06,
       -1.27042276e-05, 6.79167337e-04, 1.30049409e-06, -1.63660501e-04 ]
pca_mean: !!opencv-matrix
   rows: 1
   cols: 21
   dt: f
   data: [ 4.33646118e+02, 2.44701981e+02, 1.49672687e+00,
       4.18191803e+02, 2.60206879e+02, 1.62062907e+00, 3.68545319e+02,
       2.27059875e+02, 1.69770968e+00, 3.19420807e+02, 1.63929108e+02,
       1.75046074e+00, 3.16613464e+02, 2.25532654e+02, 1.70717156e+00,
       1.08872897e-04, -9.74175637e-05, 6.24380555e-05, -2.17504916e-04,
       -2.50119597e-01, 1.75055194e+00 ]
