%YAML:1.0
means: !!opencv-matrix
   rows: 18
   cols: 2
   dt: d
   data: [ 2.3700555025907843e+01, 9.5972905845385341e+01,
       -6.5395830943904556e+01, -3.5555600653199988e+01,
       2.0165870812264490e+02, -5.5010335355462090e+01,
       -2.5930317256913304e+02, 6.9213598571406596e+00,
       -1.7865749673665127e+02, 1.1105912345003151e+02,
       -9.1912980611683992e+01, -1.2266360819423490e+02,
       1.1059411482697614e+02, 1.1999745802508593e+02,
       1.0797853366598777e+02, 1.2181400233599021e+01,
       -2.3642966285070176e+02, -1.1869548723320247e+02,
       1.1847858251392314e+02, -1.1739445527950195e+02,
       -1.6837180043189042e+02, -1.3544803116278224e+01,
       -7.9167440988260239e+01, 4.9079936619929747e+01,
       -7.4294149695356637e+01, 1.5867232507292519e+02,
       3.0536984827476189e+01, 1.8617656239203185e+02,
       -3.8992891383951580e+00, -2.1399748935739228e+02,
       3.4148515628671603e+01, -8.5608441156701176e+01,
       2.0474273867290472e+02, 5.0628776623742091e+01,
       1.5144496390845399e+01, 1.3268435964235371e+01 ]
covs: !!opencv-matrix
   rows: 36
   cols: 2
   dt: d
   data: [ 3.5339956239283051e+03, -4.2466237318332435e+02,
       -4.2466237318332435e+02, 2.2807599228481645e+03,
       2.1592232211675464e+03, -1.7422953701892192e+02,
       -1.7422953701892189e+02, 2.3736223476360819e+03,
       3.6594044801269420e+03, -1.1134059919159515e+02,
       -1.1134059919159515e+02, 3.9859208556938997e+03,
       2.5417885388304967e+03, -7.8003251840189307e+02,
       -7.8003251840189307e+02, 6.0391616335509898e+03,
       2.9146121037417047e+03, -3.9346274663088298e+02,
       -3.9346274663088298e+02, 5.4282436451265803e+03,
       2.6666110350132917e+03, -1.7328237255809339e+02,
       -1.7328237255809344e+02, 3.0937767428962766e+03,
       3.0525874909438367e+03, 1.0429778683370180e+03,
       1.0429778683370180e+03, 3.6042936587577556e+03,
       2.1955510574805198e+03, -7.1407122716470866e+01,
       -7.1407122716470894e+01, 3.1522327407351936e+03,
       2.8601701459871292e+03, -5.6772366049982645e+02,
       -5.6772366049982645e+02, 5.4788751703445596e+03,
       3.0240384434692810e+03, 4.7709318436404851e+02,
       4.7709318436404840e+02, 2.8982033139880250e+03,
       2.3390272282162509e+03, -6.2253714357600586e+02,
       -6.2253714357600586e+02, 4.7171878129829711e+03,
       2.2816280702472527e+03, 1.5533444332685107e+02,
       1.5533444332685102e+02, 2.3819556887233239e+03,
       2.5716387658208923e+03, -3.1243290698311135e+01,
       -3.1243290698311149e+01, 4.0834449579536486e+03,
       2.9678849488740184e+03, 4.0314433119760270e+02,
       4.0314433119760264e+02, 3.0009713339838554e+03,
       7.0447898728546625e+03, -9.8923517993385303e+02,
       -9.8923517993385292e+02, 6.3924571629855664e+03,
       2.3329095306571626e+03, 3.3754722888682090e+02,
       3.3754722888682096e+02, 3.1957243578581119e+03,
       3.1360047554621556e+03, 7.3096581856946636e+02,
       7.3096581856946625e+02, 3.8898557316026481e+03,
       1.8976590560552338e+03, -1.8928517167015934e+02,
       -1.8928517167015934e+02, 2.0572368471550913e+03 ]
weights: !!opencv-matrix
   rows: 1
   cols: 18
   dt: d
   data: [ 6.2351910413862711e-02, 5.9755893011763109e-02,
       4.9038962663424328e-02, 3.1039784496505868e-02,
       3.8630385054751797e-02, 5.3316221154724286e-02,
       4.8698828324861838e-02, 1.0448973078223672e-01,
       3.4283278890050513e-02, 6.5229854134679646e-02,
       5.2419511235945689e-02, 7.0822798556225142e-02,
       4.8978955445769273e-02, 3.4376229476780915e-02,
       3.0588332849085929e-02, 9.4917633132288862e-02,
       4.3069777888091722e-02, 7.7991912488942300e-02 ]
pca_proj: !!opencv-matrix
   rows: 2
   cols: 21
   dt: f
   data: [ 1.02604255e-02, 8.46533298e-01, 5.67100069e-05,
       -5.08859605e-02, 4.68450844e-01, 1.89823491e-04, -5.55210514e-03,
       1.46431834e-01, -1.98076777e-05, -7.31809530e-03, 1.34976640e-01,
       -4.80776835e-05, -6.69380091e-03, 1.46460637e-01, -1.57161594e-05,
       2.11501210e-05, 1.32904761e-05, -3.16381829e-07, -1.62182951e-05,
       4.47223283e-04, 4.04881848e-06, 8.19958210e-01, 1.87153444e-02,
       -7.93817599e-05, 4.28530097e-01, 8.29724409e-03, 8.75842488e-06,
       2.28233948e-01, -2.37727305e-03, -1.84168690e-04, 2.08515689e-01,
       -1.20344283e-02, -2.14158339e-04, 2.18838796e-01, -7.27251405e-04,
       -1.84816250e-04, -3.05604735e-05, -5.04301033e-06,
       -1.27042276e-05, 6.79167337e-04, 1.30049409e-06, -1.63660501e-04 ]
pca_mean: !!opencv-matrix
   rows: 1
   cols: 21
   dt: f
   data: [ 4.33646118e+02, 2.44701981e+02, 1.49672687e+00,
       4.18191803e+02, 2.60206879e+02, 1.62062907e+00, 3.68545319e+02,
       2.27059875e+02, 1.69770968e+00, 3.19420807e+02, 1.63929108e+02,
       1.75046074e+00, 3.16613464e+02, 2.25532654e+02, 1.70717156e+00,
       1.08872897e-04, -9.74175637e-05, 6.24380555e-05, -2.17504916e-04,
       -2.50119597e-01, 1.75055194e+00 ]
gamma: !!opencv-matrix
   rows: 18
   cols: 1
   dt: d
   data: [ 8.4159059645332979e-01, 8.2477230084371633e-01,
       8.8406477001281591e-01, 9.0088730617712676e-01,
       8.8684990818976794e-01, 8.5810223508053918e-01,
       8.4974808877925745e-01, 8.4417227028130837e-01,
       9.0120287900524554e-01, 8.6061135766962937e-01,
       8.7461620464666656e-01, 8.2836546231398922e-01,
       8.6544571523629932e-01, 8.6295566909700894e-01,
       9.1438519916178507e-01, 8.3630355688777214e-01,
       8.7505965822673693e-01, 8.0703051555110772e-01 ]
