%YAML:1.0
means: !!opencv-matrix
   rows: 4
   cols: 3
   dt: d
   data: [ 3.5984121271969833e+01, -5.2806244959725767e+01,
       -4.7784194103334322e+01, 9.0059916990645988e+01,
       8.6302743019403501e+00, 4.2462163190984356e+01,
       -1.8943093412409758e+02, -5.6796431261675480e+01,
       4.2648756509735321e+01, -6.6447465818288819e+01,
       5.8319084348633361e+01, -2.7630619351482764e+01 ]
covs: !!opencv-matrix
   rows: 12
   cols: 3
   dt: d
   data: [ 7.3735935053619378e+03, 1.6001967587918502e+03,
       -1.3764238038103883e+02, 1.6001967587918500e+03,
       9.5436403751145826e+03, -5.9734125647566145e+02,
       -1.3764238038103883e+02, -5.9734125647566145e+02,
       1.8275088641494790e+03, 1.0242939969667472e+04,
       -9.5409601309873744e+02, -1.7832552277004038e+03,
       -9.5409601309873733e+02, 1.2192285565626029e+04,
       2.0766819209898918e+02, -1.7832552277004038e+03,
       2.0766819209898904e+02, 1.3341436127611319e+03,
       5.3962857228855937e+03, -4.0437032255340262e+02,
       2.8887503047899881e+03, -4.0437032255340279e+02,
       9.3647223503538589e+03, 8.6345063208697457e+02,
       2.8887503047899872e+03, 8.6345063208697457e+02,
       2.3103460190837118e+03, 1.0696728380172830e+04,
       2.0264699100978063e+02, -6.4458032247209246e+02,
       2.0264699100978061e+02, 9.3983313308484812e+03,
       -1.5498721509196645e+02, -6.4458032247209269e+02,
       -1.5498721509196645e+02, 1.6673267231410216e+03 ]
weights: !!opencv-matrix
   rows: 1
   cols: 4
   dt: d
   data: [ 2.4932703362477934e-01, 3.5122691063997158e-01,
       1.1434123482654822e-01, 2.8510482090869499e-01 ]
pca_proj: !!opencv-matrix
   rows: 3
   cols: 21
   dt: f
   data: [ 1.02604255e-02, 8.46533298e-01, 5.67100069e-05,
       -5.08859605e-02, 4.68450844e-01, 1.89823491e-04, -5.55210514e-03,
       1.46431834e-01, -1.98076777e-05, -7.31809530e-03, 1.34976640e-01,
       -4.80776835e-05, -6.69380091e-03, 1.46460637e-01, -1.57161594e-05,
       2.11501210e-05, 1.32904761e-05, -3.16381829e-07, -1.62182951e-05,
       4.47223283e-04, 4.04881848e-06, 8.19958210e-01, 1.87153444e-02,
       -7.93817599e-05, 4.28530097e-01, 8.29724409e-03, 8.75842488e-06,
       2.28233948e-01, -2.37727305e-03, -1.84168690e-04, 2.08515689e-01,
       -1.20344283e-02, -2.14158339e-04, 2.18838796e-01, -7.27251405e-04,
       -1.84816250e-04, -3.05604735e-05, -5.04301033e-06,
       -1.27042276e-05, 6.79167337e-04, 1.30049409e-06, -1.63660501e-04,
       -1.48704097e-01, -3.29387456e-01, -1.82470303e-05, 1.08596861e-01,
       1.49965823e-01, -1.77574475e-04, 1.29315495e-01, 5.12750924e-01,
       2.36419466e-04, 1.37444586e-01, 5.11233926e-01, 2.85520800e-04,
       1.36541247e-01, 5.06532609e-01, 2.30281497e-04, -1.19767010e-05,
       -4.37137305e-06, 1.85016711e-06, 4.23374237e-04, 1.63331581e-03,
       1.86568883e-04 ]
pca_mean: !!opencv-matrix
   rows: 1
   cols: 21
   dt: f
   data: [ 4.33646118e+02, 2.44701981e+02, 1.49672687e+00,
       4.18191803e+02, 2.60206879e+02, 1.62062907e+00, 3.68545319e+02,
       2.27059875e+02, 1.69770968e+00, 3.19420807e+02, 1.63929108e+02,
       1.75046074e+00, 3.16613464e+02, 2.25532654e+02, 1.70717156e+00,
       1.08872897e-04, -9.74175637e-05, 6.24380555e-05, -2.17504916e-04,
       -2.50119597e-01, 1.75055194e+00 ]
gamma: !!opencv-matrix
   rows: 4
   cols: 1
   dt: d
   data: [ 9.0312749979444373e-01, 8.7268096640638382e-01,
       9.2653815917414939e-01, 9.0433082281147448e-01 ]
