%YAML:1.0
means: !!opencv-matrix
   rows: 8
   cols: 8
   dt: d
   data: [ 4.7501450468857591e+01, -1.4108985580723473e+01,
       -1.4309189727093039e+00, 1.2740754701814888e+01,
       1.1854924670585275e+01, 5.9110915610606503e+00,
       -7.3897509673316020e-01, -1.2676995522224610e-01,
       -5.8143696086181382e+00, -5.8902768349375023e-01,
       2.6516381808203233e+00, -7.4241643997333959e+00,
       3.0517490762355781e+01, -1.3605711363497757e+00,
       1.7814932380027757e+00, -5.4539933806979024e-01,
       1.1311140275450086e+02, 5.7119167153854988e+00,
       -3.0025592379056761e+01, 5.2553155237571172e+00,
       -1.0029759592326918e+01, -9.5587547871127754e+00,
       -1.2067505301309565e+00, 8.6487823822206045e-02,
       -1.5579396866104355e+02, -6.8443886824320955e+01,
       4.3348099134439785e+01, 2.0797226177315725e+01,
       -1.3083022244494495e+01, 3.4830155628812061e+00,
       -1.0575805785051291e+00, 3.6566565028557485e-01,
       2.9958747319826237e+01, 1.1283708258304475e+02,
       -2.3745392867241158e+01, -4.8630912928573508e+01,
       -4.2915640582005690e+00, -1.0321617051482670e+00,
       1.7915723792465532e+00, -5.4952716587797035e-01,
       8.6801206963783830e+00, -1.5972866653309981e+02,
       1.6929474806026139e+01, 5.7577243124787259e+01,
       1.8801124100192197e+01, -7.2953086963361740e+00,
       -6.8858374222484986e-01, -9.8811706344833272e-01,
       -1.5017299532707051e+02, 6.6852051965415313e+01,
       2.6113371730938283e+01, -3.7912764848945848e+01,
       -5.9120611512116783e+00, -2.2770933636152679e+00,
       4.4958691416660984e-01, 4.3373003345489825e-01,
       9.5326347434499326e+01, -4.4914542917551223e+01,
       -2.1347569087014364e+01, 3.7731185334802078e+01,
       -2.8247360173711726e+01, 2.3297017583615929e+01,
       1.1971083328226479e+00, 1.2546461319001179e+00 ]
covs: !!opencv-matrix
   rows: 64
   cols: 8
   dt: d
   data: [ 8.5124166559540863e+03, -1.4143645259271625e+03,
       1.9247887791814417e+03, -3.7410369119925787e+02,
       -5.6384985585795300e+02, -2.1708595080653697e+02,
       6.4020012746878114e+00, -2.7612924201012885e+00,
       -1.4143645259271625e+03, 9.8026909325472607e+03,
       7.8280701766365257e+02, 1.0974215736649198e+03,
       6.3035660914714811e+01, -5.0123504011165369e+02,
       -1.9199320279905706e+02, -1.2136590488081200e+01,
       1.9247887791814412e+03, 7.8280701766365280e+02,
       2.8876652865784827e+03, -1.7985264222891499e+02,
       9.6853144152196066e+01, 7.9275539190104212e+01,
       8.4309789197466998e+00, 1.6752156704947061e+00,
       -3.7410369119925787e+02, 1.0974215736649194e+03,
       -1.7985264222891499e+02, 2.4174865848253435e+03,
       1.1486898308429625e+01, 1.3198429644559113e+02,
       7.4530406124488351e+01, 5.2312116757153095e+00,
       -5.6384985585795300e+02, 6.3035660914714839e+01,
       9.6853144152196066e+01, 1.1486898308429618e+01,
       2.8359965886399669e+02, -5.1172384862291253e+01,
       -3.0496606399846542e+01, -2.0000582181807164e-01,
       -2.1708595080653697e+02, -5.0123504011165357e+02,
       7.9275539190104212e+01, 1.3198429644559113e+02,
       -5.1172384862291260e+01, 2.6965050228644930e+02,
       1.0085630125490832e+01, -1.0161913925386123e+00,
       6.4020012746878088e+00, -1.9199320279905703e+02,
       8.4309789197467069e+00, 7.4530406124488337e+01,
       -3.0496606399846542e+01, 1.0085630125490832e+01,
       3.6273834806157872e+01, -1.6403847851621103e+00,
       -2.7612924201012907e+00, -1.2136590488081200e+01,
       1.6752156704947077e+00, 5.2312116757153087e+00,
       -2.0000582181807175e-01, -1.0161913925386121e+00,
       -1.6403847851621098e+00, 1.4764515318095251e+01,
       5.2537237655253366e+03, -4.5866907859780008e+02,
       2.9292815901556210e+03, -7.6982110631497187e+02,
       -1.3911308862948115e+02, -1.2577630826764215e+02,
       -3.4597579726154950e+00, 1.2702696437102798e+01,
       -4.5866907859779991e+02, 8.6089457410322630e+03,
       2.5296824819763447e+02, 1.2943036854675238e+03,
       -3.1857476004703045e+02, -1.5627100838614581e+02,
       -2.9233867531499524e+01, 9.5756789045627713e+00,
       2.9292815901556210e+03, 2.5296824819763441e+02,
       2.4753890655784389e+03, 1.1684923302637443e+02,
       -1.1044200415170570e+01, 1.7510335313596311e+01,
       1.9507972890712157e+01, -5.1471594572997086e+00,
       -7.6982110631497187e+02, 1.2943036854675238e+03,
       1.1684923302637449e+02, 2.1155743519464249e+03,
       1.9624527767825117e+02, -3.7980436436380870e+01,
       1.3891956873760233e+01, -3.8334152466170996e+00,
       -1.3911308862948115e+02, -3.1857476004703040e+02,
       -1.1044200415170570e+01, 1.9624527767825126e+02,
       1.5714239541010392e+02, 1.2953039864570689e+01,
       -3.0371708939320939e+01, -4.0089362383125273e+00,
       -1.2577630826764212e+02, -1.5627100838614581e+02,
       1.7510335313596311e+01, -3.7980436436380870e+01,
       1.2953039864570686e+01, 9.3854753677610020e+01,
       -1.3793891778981454e+01, -7.7420039122353828e+00,
       -3.4597579726154950e+00, -2.9233867531499520e+01,
       1.9507972890712157e+01, 1.3891956873760233e+01,
       -3.0371708939320939e+01, -1.3793891778981452e+01,
       2.0006290496552101e+01, 5.9904060072079790e-01,
       1.2702696437102803e+01, 9.5756789045627713e+00,
       -5.1471594572997077e+00, -3.8334152466171005e+00,
       -4.0089362383125273e+00, -7.7420039122353828e+00,
       5.9904060072079812e-01, 1.2949414784136946e+01,
       1.0673014700790869e+04, 1.9720886340301146e+02,
       1.5021236797035262e+03, -8.9487149820175532e+01,
       -1.7570987482001863e+02, 2.9652822775758466e+02,
       -5.1487149842610705e+01, -6.0276284535012206e+00,
       1.9720886340301141e+02, 9.0712917948764498e+03,
       3.4824318460580685e+02, 1.5472357420282194e+03,
       4.4603817283829372e+01, 1.6029145397876471e+02,
       -3.7947278377972374e+01, 8.5006438809888234e+00,
       1.5021236797035262e+03, 3.4824318460580690e+02,
       2.8346882932516883e+03, -1.8465096320940938e+02,
       -6.6122688698112199e+01, -1.5200652785519227e+02,
       1.4926001928511898e+01, -5.3265730580816262e-01,
       -8.9487149820175532e+01, 1.5472357420282192e+03,
       -1.8465096320940933e+02, 2.1871321190261701e+03,
       2.2365064797691087e+01, -8.7114351516607712e+01,
       1.3067644485320317e+01, -7.7548015622501580e+00,
       -1.7570987482001863e+02, 4.4603817283829386e+01,
       -6.6122688698112214e+01, 2.2365064797691090e+01,
       6.6728885888591563e+01, -3.3482757297985209e+01,
       -6.4938561987939023e+00, 9.0636743898573418e+00,
       2.9652822775758466e+02, 1.6029145397876468e+02,
       -1.5200652785519230e+02, -8.7114351516607712e+01,
       -3.3482757297985209e+01, 1.3191970383994482e+02,
       -5.0662121893486534e+00, -1.4323786320564736e+01,
       -5.1487149842610691e+01, -3.7947278377972367e+01,
       1.4926001928511900e+01, 1.3067644485320317e+01,
       -6.4938561987939032e+00, -5.0662121893486542e+00,
       3.5708060540422892e+01, -2.5679777873853311e+00,
       -6.0276284535012179e+00, 8.5006438809888145e+00,
       -5.3265730580816240e-01, -7.7548015622501580e+00,
       9.0636743898573418e+00, -1.4323786320564736e+01,
       -2.5679777873853307e+00, 1.8328155543090595e+01,
       7.1853588006104656e+03, 4.1971105079306756e+02,
       2.8357979357611198e+03, -9.1686603783953183e+02,
       5.0048275745357824e+02, 3.6796670008473154e+02,
       1.2096148522656478e+02, 3.2090428648268500e+01,
       4.1971105079306744e+02, 7.8835300298112606e+03,
       7.4399031732508354e+02, 2.0172104536457368e+03,
       6.8770181567070745e+02, 5.9463064411184109e+02,
       1.1309117981011647e+02, 3.5619715954734794e+01,
       2.8357979357611198e+03, 7.4399031732508354e+02,
       2.4559281822225494e+03, -4.9269738610892659e+01,
       -1.4637185566324601e+02, -7.3859280945282478e+01,
       -2.9762238183272455e+01, -6.3375868507935094e+00,
