%YAML:1.0
means: !!opencv-matrix
   rows: 3
   cols: 16
   dt: d
   data: [ -3.5922416147266638e+01, 2.8051810395891348e+01,
       1.6134193024804222e+00, -1.4021750661086505e+01,
       -1.1264553344877555e+01, -2.6474593495994978e+00,
       1.3460756717428762e-01, 5.9064163457284678e-02,
       -9.1079499960398913e-01, -2.1298112255472439e-02,
       -1.5322560332249590e-02, -2.2371694941217767e-03,
       3.1907932768340365e-03, 4.6890371325613535e-03,
       -1.2103881419807307e-02, -2.1336396903009736e-03,
       4.2946203977479584e+01, -9.8752784500806552e+00,
       -4.2581516073706700e+00, 9.0352720924451368e+00,
       9.5702831907570243e+00, 5.2143766371105817e+00,
       1.1407437455399752e+00, -1.2228116062724669e-01,
       -2.1117759473925113e-01, 2.1076729500253837e-02,
       2.5444643058972576e-02, 1.4323040816990217e-02,
       2.0764459221816818e-03, -6.1443606132332426e-03,
       1.2269261383905767e-02, 1.1332005869566608e-03,
       -4.1891963473611085e+01, -4.9766527014302142e+01,
       9.9900579594229377e+00, 1.0586753094575103e+01,
       4.4386614036410910e-01, -1.0246666918409796e+01,
       -4.3809327448751310e+00, 2.4949628296308698e-01,
       3.4759551240849897e+00, 4.6291640492584036e-03,
       -4.3910984216181045e-02, -4.3969985900595067e-02,
       -1.6795546762759871e-02, 7.6226125640277550e-03,
       -6.3349823543364528e-03, 2.3362675496198713e-03 ]
covs: !!opencv-matrix
   rows: 48
   cols: 16
   dt: d
   data: [ 2.3508352216635023e+04, 1.6388402782900189e+03,
       -1.7066756590753419e+03, -3.6322373722848369e+02,
       1.9541609288687428e+02, -1.2285048862265552e+02,
       2.2776157314679562e+01, -2.8014019998046201e+01,
       1.8684438618651608e+01, 5.7768965063701403e+00,
       -2.1386889178896911e+00, -1.8529372883174398e+00,
       -1.2190181755777857e-01, 1.1351803248450298e+00,
       -2.1517884055575336e+00, -1.0023834215702422e-02,
       1.6388402782900191e+03, 1.3419278863733976e+04,
       -6.1677503787603143e+02, -1.8636083823296838e+02,
       3.4730920226915981e+02, 3.0613842001711981e+02,
       1.7704650609364229e+01, -1.0517081078877066e+01,
       2.7653289203594522e+01, -1.6747750635681093e+01,
       1.7826155647774542e+00, -1.2664271622667331e+00,
       -8.9511394292416377e-02, 1.5113665474133206e-01,
       -4.3277293112246795e-01, 3.8070604164089888e-01,
       -1.7066756590753419e+03, -6.1677503787603143e+02,
       3.8095241278627414e+03, 1.5074561913894752e+02,
       -1.7250055662424958e+02, -3.2413967263909811e+01,
       -1.9754983059852169e+01, 1.2214890720373878e+01,
       -7.5697222728834914e+00, 4.1034157238906523e+00,
       -1.0909050779613379e-01, 5.5231284533134450e-01,
       1.7598913283284570e-02, -1.7079935536678315e-01,
       5.6234673417807790e-01, -9.1524211853483445e-02,
       -3.6322373722848369e+02, -1.8636083823296852e+02,
       1.5074561913894752e+02, 2.8944154037121216e+03,
       -1.1249529631774274e+02, -1.6699757191250632e+02,
       -1.1038611713712580e+01, -1.6265866992044803e-01,
       -8.2607751050536447e+00, 7.6234855761644749e+00,
       -7.2137248338809701e-01, 2.7174835109417883e-01,
       6.5660670738823604e-03, 5.8427799304882844e-02,
       5.2468059292896323e-02, -1.2620744892185989e-01,
       1.9541609288687417e+02, 3.4730920226915987e+02,
       -1.7250055662424958e+02, -1.1249529631774271e+02,
       1.3548795448734052e+02, 2.3894906871976310e+01,
       3.3534354657934626e+00, 7.0315812565802664e+00,
       -5.4495397225425091e-01, -6.5866228428571663e-02,
       -2.7592668697279721e-01, -1.2086727965533657e-01,
       1.6455533253786025e-02, 2.7738958582809014e-02,
       -3.6350728524850009e-02, -7.5982573745404878e-03,
       -1.2285048862265552e+02, 3.0613842001711981e+02,
       -3.2413967263909811e+01, -1.6699757191250632e+02,
       2.3894906871976310e+01, 1.5109062498255781e+02,
       -6.9803805724894481e+00, 4.5721272098152710e-01,
       2.4428017751668807e+00, -1.3519857044799468e+00,
       3.4856872078037582e-01, -2.1244979416635590e-01,
       1.6444739133941715e-02, -3.3515518920042224e-02,
       6.5845204840481383e-02, 2.0293373497620566e-02,
       2.2776157314679576e+01, 1.7704650609364229e+01,
       -1.9754983059852165e+01, -1.1038611713712580e+01,
       3.3534354657934613e+00, -6.9803805724894481e+00,
       2.4819478833074996e+01, 7.5854739836375218e-01,
       3.4673148256996114e+00, 1.6917401072279034e-01,
       -5.1272994599160279e-02, 3.0848559135100394e-02,
       -3.1458479580563407e-02, 7.7775901197351237e-03,
       -1.1996497900174860e-02, 1.9885302099972766e-03,
       -2.8014019998046209e+01, -1.0517081078877077e+01,
       1.2214890720373877e+01, -1.6265866992044781e-01,
       7.0315812565802664e+00, 4.5721272098152799e-01,
       7.5854739836375207e-01, 1.6376464126406816e+01,
       -1.2877916786323289e+00, 5.0581736846987779e-01,
       -4.0695252463281081e-02, -5.7550035394883809e-03,
       6.2345315695583915e-03, 1.3123472781034866e-02,
       -5.0005671001379292e-03, -1.0850759242774833e-02,
       1.8684438618651601e+01, 2.7653289203594525e+01,
       -7.5697222728834914e+00, -8.2607751050536447e+00,
       -5.4495397225425091e-01, 2.4428017751668802e+00,
       3.4673148256996114e+00, -1.2877916786323285e+00,
       1.6411704292079692e+00, 2.3561845844823497e-02,
       7.1768804068360142e-02, 1.7423461556758949e-02,
       1.6864703341194727e-02, 2.0961740996539302e-03,
       -5.8928970328104621e-03, 5.7717039682115764e-03,
       5.7768965063701403e+00, -1.6747750635681093e+01,
       4.1034157238906523e+00, 7.6234855761644766e+00,
       -6.5866228428571594e-02, -1.3519857044799468e+00,
       1.6917401072279026e-01, 5.0581736846987768e-01,
       2.3561845844823480e-02, 5.2580400842285679e-01,
       -5.1332918332670750e-03, -3.7423672712293774e-03,
       3.7350775488745993e-03, -1.0647279408646557e-02,
       -7.9834242466529800e-04, 7.7835995054659917e-04,
       -2.1386889178896911e+00, 1.7826155647774542e+00,
       -1.0909050779613376e-01, -7.2137248338809679e-01,
       -2.7592668697279721e-01, 3.4856872078037576e-01,
       -5.1272994599160272e-02, -4.0695252463281088e-02,
       7.1768804068360129e-02, -5.1332918332670768e-03,
       4.4820600317067513e-02, -1.1228113662418424e-03,
       -7.5272416413644323e-04, 6.9037588848741316e-05,
       -5.2413811794537883e-05, 4.7010119203004514e-04,
       -1.8529372883174398e+00, -1.2664271622667331e+00,
       5.5231284533134450e-01, 2.7174835109417883e-01,
       -1.2086727965533653e-01, -2.1244979416635590e-01,
       3.0848559135100390e-02, -5.7550035394883809e-03,
       1.7423461556758949e-02, -3.7423672712293774e-03,
       -1.1228113662418429e-03, 2.3279412289065144e-03,
       5.3281725432255812e-04, 1.6226544606058409e-04,
       1.3014303995211227e-04, -3.2154280554531996e-05,
       -1.2190181755777862e-01, -8.9511394292416363e-02,
       1.7598913283284591e-02, 6.5660670738823656e-03,
       1.6455533253786028e-02, 1.6444739133941722e-02,
       -3.1458479580563400e-02, 6.2345315695583933e-03,
       1.6864703341194727e-02, 3.7350775488746006e-03,
       -7.5272416413644312e-04, 5.3281725432255812e-04,
       2.2160271247147509e-03, 1.2308847939036520e-04,
       -1.7831214956870708e-04, -3.1238780494785611e-05,
       1.1351803248450296e+00, 1.5113665474133212e-01,
       -1.7079935536678315e-01, 5.8427799304882858e-02,
       2.7738958582809014e-02, -3.3515518920042231e-02,
       7.7775901197351264e-03, 1.3123472781034871e-02,
       2.0961740996539319e-03, -1.0647279408646557e-02,
       6.9037588848741438e-05, 1.6226544606058409e-04,
       1.2308847939036520e-04, 1.9915550432059101e-03,
       2.8464154981501212e-04, 5.1433966328955605e-06,
       -2.1517884055575336e+00, -4.3277293112246784e-01,
       5.6234673417807790e-01, 5.2468059292896323e-02,
       -3.6350728524850009e-02, 6.5845204840481397e-02,
       -1.1996497900174860e-02, -5.0005671001379266e-03,
