%YAML:1.0
means: !!opencv-matrix
   rows: 7
   cols: 7
   dt: d
   data: [ 2.1202192573887832e+01, -1.9297534992033203e+01,
       3.7874196867797192e+00, 8.9421613928529720e+00,
       2.2429092093453452e+01, 3.9134246605149530e+00,
       4.0724614196081466e-01, 9.5451043137341884e+01,
       -4.5724517323714544e+01, -2.1181010044255263e+01,
       3.7893766049703338e+01, -2.7782734519188946e+01,
       2.3228679722100637e+01, 1.2653504541128529e+00,
       7.8219437171179500e+00, -1.6391143120789920e+02,
       1.7526510356913679e+01, 5.6322914352484290e+01,
       1.9019956215650456e+01, -9.0382973763555743e+00,
       -8.4890046545915143e-01, -1.5247249641201299e+02,
       6.5401770850490848e+01, 2.7165291106068057e+01,
       -3.6982574553468297e+01, -6.0631258744860297e+00,
       -2.4863423492598216e+00, 3.7779876342915686e-01,
       1.1273515790429197e+02, 9.9084215214911602e+00,
       -3.0340652236916714e+01, 3.5901067451037343e+00,
       -9.3957997866911480e+00, -8.9261891263545721e+00,
       -1.2696616267407337e+00, -1.5504414058248298e+02,
       -6.8153369528806252e+01, 4.3419010009091977e+01,
       2.0790935941477880e+01, -1.2916793332012654e+01,
       3.6007598159120824e+00, -1.0935072037352316e+00,
       1.6029471025388926e+01, 1.0783717573151597e+02,
       -2.0059808330346549e+01, -4.8076130385744825e+01,
       -1.2264711434502119e-01, -1.1351860420922326e+00,
       1.9075436989743366e+00 ]
covs: !!opencv-matrix
   rows: 49
   cols: 7
   dt: d
   data: [ 7.3067954049370719e+03, -1.0934114644064036e+03,
       2.4561371205480964e+03, -3.8392971533392637e+02,
       -5.1695382052284367e+02, -5.7813320788644667e+01,
       -1.5048746465637164e+01, -1.0934114644064036e+03,
       8.6383562064503913e+03, 6.9959544715499908e+02,
       1.3626425263246128e+03, 2.6980540254781516e+01,
       -3.5350952981629337e+02, -1.2456915047041920e+02,
       2.4561371205480964e+03, 6.9959544715499896e+02,
       2.6346957548414757e+03, -1.0374403210850215e+02,
       1.4415186705719252e+01, 3.3721258142528889e+01,
       1.1894730755507082e+01, -3.8392971533392648e+02,
       1.3626425263246128e+03, -1.0374403210850215e+02,
       2.2882217827312247e+03, -1.3702653045445839e+01,
       1.0301402303718775e+02, 4.2307483219786803e+01,
       -5.1695382052284367e+02, 2.6980540254781527e+01,
       1.4415186705719261e+01, -1.3702653045445830e+01,
       2.7569371469156692e+02, -6.5966962696740580e+01,
       -2.3293950798094180e+01, -5.7813320788644674e+01,
       -3.5350952981629337e+02, 3.3721258142528896e+01,
       1.0301402303718775e+02, -6.5966962696740566e+01,
       2.1245677134892418e+02, -4.0862189060271419e+00,
       -1.5048746465637162e+01, -1.2456915047041920e+02,
       1.1894730755507082e+01, 4.2307483219786803e+01,
       -2.3293950798094180e+01, -4.0862189060271428e+00,
       3.0443589093059511e+01, 4.6386887399736406e+03,
       7.1661185255523776e+01, 2.8043190709906512e+03,
       -8.7195998095460209e+02, 4.4479347836537864e+00,
       -4.9887078191704823e+01, -7.6282312468909240e+01,
       7.1661185255523733e+01, 5.2274874549587812e+03,
       9.0236959865645929e+02, 2.6687189311679331e+03,
       -2.2406291232666426e+01, -7.2341093439442119e+01,
       -3.0816575768930043e+01, 2.8043190709906512e+03,
       9.0236959865645895e+02, 2.5463420789703896e+03,
       -8.4537538788488973e+01, -1.0883043064529114e+02,
       -6.0624635312213258e+01, 9.8954808927537972e+00,
       -8.7195998095460209e+02, 2.6687189311679331e+03,
       -8.4537538788489030e+01, 1.7438532536000675e+03,
       5.0834960893431123e+01, -1.0744730744692613e+02,
       -8.3107459843135612e+00, 4.4479347836537819e+00,
       -2.2406291232666426e+01, -1.0883043064529114e+02,
       5.0834960893431123e+01, 5.4140013237175729e+01,
       -3.6767970212049732e+01, -1.8642660407185001e+00,
       -4.9887078191704802e+01, -7.2341093439442119e+01,
       -6.0624635312213236e+01, -1.0744730744692612e+02,
       -3.6767970212049718e+01, 1.3890820308454511e+02,
       -2.3529529320244091e+01, -7.6282312468909240e+01,
       -3.0816575768930051e+01, 9.8954808927537954e+00,
       -8.3107459843135612e+00, -1.8642660407184994e+00,
       -2.3529529320244091e+01, 2.1759922174944091e+01,
       5.5834756558173303e+03, -7.4512172416455894e+02,
       3.0478943056206904e+03, -9.0985564183377130e+02,
       4.0470825957629067e+01, -8.0404560518942176e+01,
       -6.1978972724978874e+01, -7.4512172416455894e+02,
       9.2660520073706903e+03, 1.3365479730243235e+03,
       1.6948546187426412e+03, 1.0027938190904741e+03,
       1.2213081410638513e+03, 1.6104871435038299e+02,
       3.0478943056206904e+03, 1.3365479730243237e+03,
       2.4752151423817254e+03, -2.2672237303043153e+02,
       1.3590553606616774e+02, 1.2813267369841125e+02,
       7.0984515203869289e+00, -9.0985564183377119e+02,
       1.6948546187426412e+03, -2.2672237303043153e+02,
       2.0652790221400128e+03, -3.2352284912110127e+02,
       -2.8735010610637624e+02, -3.6301771098812381e+01,
       4.0470825957629074e+01, 1.0027938190904740e+03,
       1.3590553606616774e+02, -3.2352284912110127e+02,
       4.2387581568511689e+02, 2.9073139548234514e+02,
       1.5850234583996818e+01, -8.0404560518942176e+01,
       1.2213081410638515e+03, 1.2813267369841125e+02,
       -2.8735010610637613e+02, 2.9073139548234508e+02,
       4.8121131619298774e+02, 1.6015205893459129e+01,
       -6.1978972724978853e+01, 1.6104871435038302e+02,
       7.0984515203869263e+00, -3.6301771098812374e+01,
       1.5850234583996814e+01, 1.6015205893459122e+01,
       2.6398658444280176e+01, 7.1988279588675859e+03,
       1.0574669793894718e+03, 2.5634795193948971e+03,
       -1.2349296951448346e+03, 1.5604370069081000e+02,
       2.4082821623589615e+02, 1.0591789984860414e+02,
       1.0574669793894718e+03, 8.0843587879162560e+03,
       2.4071337730288204e+02, 2.0023096139760696e+03,
       -9.6114924546295043e+01, 1.5549087264420720e+02,
       -4.6585499554887200e+01, 2.5634795193948971e+03,
       2.4071337730288204e+02, 2.5817701018175940e+03,
       8.5670820232240629e+01, -5.3414632206634458e+01,
       -3.7909606564348501e+01, -1.7237933846050304e+01,
       -1.2349296951448350e+03, 2.0023096139760696e+03,
       8.5670820232240587e+01, 1.8100499579575123e+03,
       6.7102075648531610e+01, -6.8826652877198697e+01,
       2.9748524448124641e+01, 1.5604370069081000e+02,
       -9.6114924546295043e+01, -5.3414632206634472e+01,
       6.7102075648531610e+01, 1.6093298246607074e+02,
       5.6078061572619688e+01, 4.4963566979252452e+00,
       2.4082821623589615e+02, 1.5549087264420720e+02,
       -3.7909606564348493e+01, -6.8826652877198725e+01,
       5.6078061572619688e+01, 1.4305914439241778e+02,
       -5.0251544086296418e+00, 1.0591789984860414e+02,
       -4.6585499554887200e+01, -1.7237933846050307e+01,
       2.9748524448124641e+01, 4.4963566979252461e+00,
       -5.0251544086296418e+00, 2.4866183290962788e+01,
       1.0149263320034779e+04, -1.3036960313583288e+02,
       1.6468143237643503e+03, -8.1343696055774771e+01,
       -1.8278190519761111e+02, 2.4408299663472829e+02,
       -4.3814194897646594e+01, -1.3036960313583296e+02,
       9.3046717240591188e+03, 4.3212702771006809e+02,
       1.4580285053745404e+03, 7.2826869240026184e+01,
       1.3946705829348448e+02, -4.3946727382045850e+01,
       1.6468143237643503e+03, 4.3212702771006803e+02,
       2.8129572891734870e+03, -1.9425327769980640e+02,
       -6.8279106684689836e+01, -1.3749885465156848e+02,
       1.3099471482901688e+01, -8.1343696055774771e+01,
       1.4580285053745404e+03, -1.9425327769980640e+02,
       2.2275204056213756e+03, 1.5809249195728468e+01,
       -9.6582086949487703e+01, 1.5086827004373747e+01,
       -1.8278190519761111e+02, 7.2826869240026184e+01,
       -6.8279106684689822e+01, 1.5809249195728471e+01,
       7.5044353025196983e+01, -3.4169678955008500e+01,
       -9.0698423324813309e+00, 2.4408299663472829e+02,
