%YAML:1.0
means: !!opencv-matrix
   rows: 13
   cols: 10
   dt: d
   data: [ 4.7843118961271607e+00, -2.2350183746648359e+01,
       -2.6232002797179566e-01, 9.6559122219367275e+00,
       -9.5137785299282773e-01, -1.0303542878607351e+01,
       1.9116935198199372e+00, 7.5416294348322355e-01,
       4.3482972333904713e-01, 9.7963698825744877e-02,
       9.6605862311458893e+01, 8.2221166431021331e+00,
       -3.1515409001219833e+01, -3.3139647510574029e+01,
       -2.4216087599451889e+01, -1.2074334111531844e+01,
       2.5691149465174201e-01, -1.4702253957717364e+00,
       6.0688018838643262e-02, -3.5033556735938465e-01,
       -1.2826751931889063e+02, 3.0756256518732172e+01,
       3.4787145892958129e+01, -2.1207557646601696e+01,
       2.9958193338175541e+00, -1.0260185142245451e+01,
       1.9098362573707766e+00, 7.8565855839601972e-01,
       2.5660187526425055e-01, -1.6041807269110045e-02,
       1.0212685702234566e+02, -3.7728677909153078e+01,
       -3.1179989600711753e+01, 2.5186357418998949e+01,
       -3.8323337255229379e+00, 1.0232680067254007e+01,
       -1.0738984139676375e+00, 9.1828180964632311e-01,
       5.7192054510815127e-01, 5.5120231132721818e-02,
       3.8299027130618114e+01, 2.1927979714035935e+01,
       -2.7956104338594447e+00, -8.5886812484980304e+00,
       2.2870093856331856e+01, 9.0414855175558459e-02,
       8.7693223145970511e-01, 1.0697515605445043e+00,
       3.4254886169672100e-01, 3.2429227761740106e-02,
       -4.1934815958522101e+01, 7.2438090018862283e+01,
       8.0191143810915904e+00, -3.4672913998437345e+01,
       6.1071501119745903e+00, 1.4304103235401358e+01,
       2.0226685657221019e-01, 2.4212905322836478e+00,
       1.2807552625155816e+00, 1.9177428644081115e-01,
       -1.7950782776357499e+02, -3.4713749948945555e+01,
       4.0677086980215364e+01, 2.3460353457145928e+01,
       -5.4314296186649242e+00, 2.4584646058036683e+00,
       3.9923659370077974e-01, -6.4656760881548880e-01,
       -1.2133533166451449e-01, -6.9450190107667835e-03,
       -1.9681977250321634e+02, 8.4993218330359042e+01,
       3.9190527084352901e+01, -4.8084586572608899e+01,
       -2.0380466193782212e+01, 1.1479273450977175e+01,
       -4.0900229932424583e+00, -2.3588860385656130e-01,
       -3.2002057794371631e-02, 2.4682435907187181e-01,
       8.3491706677469125e+01, 1.9668054768528513e+01,
       -2.1865026740329974e+01, -3.1457830409317094e+01,
       -2.5760523527742436e+01, -1.9987703133533227e+01,
       1.0982896705954528e+00, -2.6928499488229911e+00,
       2.9980840461454467e-01, 8.2959172308247522e-02,
       -1.3950594956371765e+02, -1.0256019635579416e+02,
       2.6313672960739144e+01, 6.5823812267045355e+01,
       -1.7203429491698863e+01, -9.1790577047802091e-01,
       1.2386359798860304e-01, -1.2721549071642180e+00,
       8.1170323197135408e-01, -3.3974870704480109e-01,
       2.6476977520515854e-01, -9.5249972470005162e+01,
       4.7944749196691538e-01, 6.1599578662394244e+01,
       2.3296785991004056e+00, -2.3822828407225769e+00,
       2.2304655707547902e+00, -6.4778329822328107e-01,
       5.8230916069734864e-02, -8.4973714968671843e-02,
       1.5316581844233133e+02, -5.5814302811151313e+00,
       -3.8567020590989323e+01, 9.0499166989504847e+00,
       -6.1808341563859521e+00, 1.2238114612754000e+01,
       -3.2236703637109942e-01, 1.4818976407473849e+00,
       4.6918557180332006e-02, -1.0162211447059109e-01,
       4.4722940434531552e+01, 1.4874795552570939e+01,
       -2.5662855888628209e+00, -9.9099323284680807e+00,
       7.6618406697782202e+00, 5.5660432512769586e-01,
       -5.9089305769465463e+00, -4.4072293017675319e+00,
       -4.6693014429923290e+00, -1.6215239006845669e-01 ]
covs: !!opencv-matrix
   rows: 130
   cols: 10
   dt: d
   data: [ 9.5639857173111468e+03, 1.6730360083149687e+03,
       1.5937894389298542e+03, -8.8561248444641024e+02,
       -6.5511330151751349e+02, 3.9325561179849359e+01,
       -1.0034343153835653e+01, 2.5074600919880346e+01,
       2.9875467770744297e+01, 2.7791548303730151e-01,
       1.6730360083149685e+03, 8.6559361153022255e+03,
       -4.5070154511697314e+02, 6.1558896984598653e+02,
       -3.7576149105463594e+02, -3.5402597872477401e+02,
       7.9719057674186914e+01, -3.5980705478479756e+01,
       -1.0389366500210373e+01, 2.3220872843456166e+00,
       1.5937894389298544e+03, -4.5070154511697314e+02,
       3.0286501963661362e+03, 2.5675005985369285e+02,
       1.5075217670005699e+02, -3.0349597085354578e+01,
       -5.4709687934846130e-01, -8.1106598153901750e+00,
       -9.9234131768226970e+00, -1.2742090691141896e+00,
       -8.8561248444641024e+02, 6.1558896984598664e+02,
       2.5675005985369290e+02, 2.3829145568763074e+03,
       2.2509222059864027e+02, 2.6273582066633986e+02,
       -4.4150751690412200e+01, 1.1552668224344346e+01,
       6.3846162495510761e+00, 4.0199796898152691e+00,
       -6.5511330151751372e+02, -3.7576149105463594e+02,
       1.5075217670005699e+02, 2.2509222059864027e+02,
       3.1609276628552760e+02, 1.4371139714898431e+00,
       -1.4728991559933474e+01, -9.7918670646179535e+00,
       1.7527049306860423e+00, -4.4680842137592658e-01,
       3.9325561179849380e+01, -3.5402597872477412e+02,
       -3.0349597085354567e+01, 2.6273582066633986e+02,
       1.4371139714898431e+00, 1.8368031045421395e+02,
       1.6052774878050577e+01, -8.1203689523807672e+00,
       1.4924838651720362e+00, 3.6687513377474068e-01,
       -1.0034343153835657e+01, 7.9719057674186914e+01,
       -5.4709687934846163e-01, -4.4150751690412200e+01,
       -1.4728991559933471e+01, 1.6052774878050577e+01,
       2.1184411259531977e+01, -6.5843127839156712e-01,
       -2.7128223588631943e+00, 3.4703448459599173e-01,
       2.5074600919880343e+01, -3.5980705478479749e+01,
       -8.1106598153901750e+00, 1.1552668224344350e+01,
       -9.7918670646179553e+00, -8.1203689523807672e+00,
       -6.5843127839156734e-01, 1.3353172874217409e+01,
       -1.8523634664539230e+00, 7.2454089232718055e-01,
       2.9875467770744297e+01, -1.0389366500210373e+01,
       -9.9234131768226970e+00, 6.3846162495510752e+00,
       1.7527049306860418e+00, 1.4924838651720362e+00,
       -2.7128223588631943e+00, -1.8523634664539230e+00,
       1.7452059104416964e+00, -7.1616949958724488e-02,
       2.7791548303730146e-01, 2.3220872843456180e+00,
       -1.2742090691141896e+00, 4.0199796898152673e+00,
       -4.4680842137592652e-01, 3.6687513377474057e-01,
       3.4703448459599173e-01, 7.2454089232718044e-01,
       -7.1616949958724502e-02, 3.9161550268434986e-01,
       5.3467179923205185e+03, 1.0790109890739163e+02,
       2.9123204047068598e+03, 9.5414929895109609e+01,
       1.5207548595906957e+02, 4.1610808790536095e+02,
       -7.3421673993776096e+01, -5.1441326964582164e+00,
       2.6373547228306069e+01, 8.3641437620582746e+00,
       1.0790109890739163e+02, 5.7057114250605555e+03,
       -2.1239719933208775e+02, 2.4720808827429278e+03,
       4.6503972978032992e+00, -1.6490445073235634e+01,
       4.0884277543542119e+01, -3.9675455421602258e+01,
       4.0315943723609866e+00, -1.3220215180622843e+01,
       2.9123204047068602e+03, -2.1239719933208769e+02,
       2.6069168118836960e+03, -1.9163024523564101e+01,
       -1.2094608876185642e+02, -6.1447251973552515e+00,
       2.2669362053848051e+01, -9.6060068541493060e-01,
       2.0809752980905658e-01, 6.2892528025364518e+00,
       9.5414929895109566e+01, 2.4720808827429278e+03,
       -1.9163024523564090e+01, 1.1985232804444313e+03,
       -4.8527850384478462e+01, -6.3873981031485286e+01,
       5.9961611576351599e+00, 1.0614614635152135e+01,
       -1.6985512424534299e+00, -4.7902480043772089e+00,
       1.5207548595906957e+02, 4.6503972978033081e+00,
       -1.2094608876185642e+02, -4.8527850384478477e+01,
       8.8856970603671030e+01, 1.0700981133224313e+02,
       1.7838133024852147e+00, -1.4712917090864607e+01,
       2.5745935665457758e+00, -2.0949335006353680e+00,
