%YAML:1.0
means: !!opencv-matrix
   rows: 48
   cols: 4
   dt: d
   data: [ 1.0498021292362425e+02, -1.2355925875405538e+02,
       -3.0139778685003474e+01, -1.8689190552559737e+01,
       -1.4862042741892330e+02, -1.0089986690862256e+01,
       5.2284638642215782e+01, 3.1321515412501714e+01,
       -3.5134897914553882e+01, 1.2117646486257337e+02,
       -3.1429628986664095e+01, 3.6823800938235152e+01,
       -2.3750803195460873e+02, 1.5434802444666619e+02,
       1.2051839955244981e+01, 1.6136804788298537e+01,
       2.0679751804559265e+02, 5.8316746142273495e+00,
       4.0286874074177696e+01, -2.6287625623763542e+01,
       1.8536557767051747e+01, -7.4527748578954188e+01,
       2.2865759391598097e+01, -5.4933110560129023e+01,
       -1.6426992791905198e+02, -1.7815897344111565e+02,
       1.2668023646087310e+01, 2.5343802602923564e+01,
       -2.5695412575798576e+02, -6.1815401613258928e+01,
       -2.5978202270435201e+01, 3.2904852429556691e+01,
       8.3082111098885125e-01, -5.9647151258375111e+01,
       -8.7187867017778046e+01, -7.2226145912601012e+01,
       -1.1007160194383215e+02, -5.1704818672426249e+01,
       3.4731589980152890e+01, 7.9160776139803758e+01,
       1.3233879016772505e+02, -9.5581099965156628e+00,
       -5.3727447883562789e+00, 3.6778671682913483e+01,
       1.5894643122204879e+01, 1.2759260932980825e+02,
       1.6070364115347612e+01, -1.8559398361513859e+00,
       -2.1154228251682338e+02, 7.4475438103288909e+01,
       -1.5228822048928978e+00, 1.8313435467655947e+00,
       1.0865089088999871e+02, 7.0413897181469139e+01,
       -1.3752645348607289e+00, -7.3424655624540414e+00,
       -1.1787597850875699e+02, -7.3930388251247379e+01,
       -5.1844368523997773e+01, 5.6993735981212289e+01,
       -1.5354363402230322e+02, 5.5727432743841632e+01,
       8.1375541583890353e+01, -3.9220895362641762e+01,
       1.0186782128675624e+01, 5.1817089656810360e+01,
       -8.0249278134124594e+01, -1.8652952051169127e+01,
       -5.6506463809767361e+01, -1.4523737125442471e+01,
       1.0372500122329814e+02, -2.2612038809221260e+00,
       4.2638276697733907e+01, 1.4322027054512625e+02,
       8.5602871037990411e+00, -9.1739437214448870e+01,
       -7.1356247787457463e+01, 1.0252272281812553e+02,
       5.2464404387899485e+01, 1.0699766525789475e+01,
       1.7517036432453156e+02, -9.1372401155538327e+01,
       3.9825073925525295e+01, 2.0335701934077292e+01,
       7.9938073212161441e+01, 2.6024430460874417e+01,
       7.1523511265951015e+01, -5.9526970583618786e+00,
       4.8227898044581060e+01, 8.7506976086636229e+01,
       -9.9550348328413520e+01, 3.7411642431332780e+01,
       6.6423413138489565e+01, 9.4576813961425358e+01,
       3.2596794475625295e+01, 5.5594344986503465e+01,
       -5.3070856270577615e+01, -1.8542324544416297e+02,
       -1.6961075244123734e+01, 1.4183577776444459e+01,
       1.9494757949199473e+02, 4.1037974693594855e+01,
       4.3696217683374130e+01, 5.8786250619361205e+01,
       -1.8023529123972548e+02, 3.5626589807348594e+01,
       5.0540991537120865e+00, 8.2755360924451196e+01,
       -8.8960460661229021e+01, -6.0938097456638346e+01,
       -4.7633942981713901e+01, -4.2428130427305334e+01,
       -1.7432624287292199e+01, -1.2080899648491135e+02,
       -3.9720467192129320e+01, 4.1158367916960962e+01,
       -8.0215547936224169e+01, 6.0498712837821209e+01,
       -5.4058877675732838e+01, -4.0626664155781542e+00,
       -1.2045853156136793e+02, -5.2010569010303787e+00,
       3.6614708666347042e+01, -5.0222270393385237e+01,
       1.6963556876334164e+02, 1.1231490872493718e+02,
       3.0920677760318792e+01, 1.7072891370746071e+01,
       -1.7611408068692944e+02, 1.4291980547544421e+02,
       5.0000758754668908e+01, -2.6679551862971397e+01,
       1.0247580737381331e+02, -7.1339563401521602e+01,
       7.6384172417613144e+01, -3.4860170346701992e+01,
       9.1613231631452564e+01, 2.8140939213839633e-01,
       -8.7442488252451795e+01, -2.4642731257955987e+01,
       3.9895858256455213e+01, -3.8312532483061723e+01,
       -7.5428572194211412e+01, 1.9542563203671971e+01,
       5.1432161020505953e+00, 1.4110444162195976e+00,
       -5.7018640457023054e+01, 8.9406494938523451e+01,
       7.9967366508474527e+01, -1.4161544532187102e+02,
       2.3606469180758097e+01, 1.8597585853361608e+01,
       -1.5043902616965046e+00, 8.7787629845351738e+00,
       1.1046544537637651e+01, -1.5844743004431788e+01,
       2.9350277715254308e+01, -6.2068074404038725e+01,
       3.5810890524260152e+01, 6.8130674227726729e+01,
       1.5110708472651038e+02, 4.2798727923617314e+01,
       -2.9499116331489801e+00, -2.1225353814745311e+01,
       -6.8332106804642294e+01, -1.4517190041417504e+02,
       7.8834635716625229e+01, 2.9187868577428919e+01,
       1.3611020001920171e+01, 7.5099424936799551e+01,
       -3.9645365176032897e+01, -3.4719219840101132e+01,
       -2.8846348015246599e+02, 5.0781478864365369e+01,
       -2.0258971610609315e+01, -4.2627969606629804e+01,
       1.4922219890765291e+02, 1.0435438449863351e+02,
       -4.5773120976093843e+01, 3.2290760554949856e+01,
       1.7999175529683163e+02, -6.5893132993600574e+01,
       -2.0920169100880287e+01, -5.4290673724977374e+01,
       -2.0228010734072822e+02, -8.0141501898926322e+01,
       3.4784813982016594e+01, -4.1204189642269881e+01,
       9.8576062915872171e+01, -5.3899497932395882e+01,
       -7.2264153193383027e+00, -6.4518051777697011e+01 ]
