%YAML:1.0
means: !!opencv-matrix
   rows: 43
   cols: 6
   dt: d
   data: [ -1.3271939548558669e+02, 1.2912955154467954e+02,
       1.2719248274088285e+01, -5.3538521660193616e+01,
       -2.5198502665882589e+01, -4.7221623372839678e+00,
       -1.8267856324632154e+02, -1.0881233839922750e+02,
       3.9865179283349860e+01, -5.3345461666034225e+01,
       -9.0905492869380247e+00, -5.0218532968623117e+00,
       1.3979097264136237e+02, -5.2782280036018456e+01,
       -3.0139509897560981e+01, 3.5954614855102768e+01,
       -2.1151526226164112e+01, 2.2387859715465570e+00,
       -3.6440904248153977e+01, 1.0495469591447041e+02,
       3.5161023557833218e+01, -6.5815009783189268e+01,
       -4.3376737010069777e-01, 4.6403495698492705e+00,
       1.7285862822157461e+02, -5.6858853467902463e+01,
       -5.3755014124821436e+01, -1.8073798341129525e+01,
       -1.2832122902458179e+01, -8.4520961307217117e+00,
       7.2822142719044521e+01, -8.0882409071941083e+01,
       -1.8992841267620491e+00, 4.8708536101270226e+01,
       4.3499803827949899e+00, 2.3669814346531290e+01,
       -9.1768930353860952e+01, -8.2314983392941699e+00,
       -3.9725703378488731e+01, 1.1926311257341165e+01,
       3.5727936302448938e+01, 9.2716324100063252e-02,
       -1.5011404986193517e+02, 2.4884696128235841e+00,
       2.8086234443548541e+01, -2.2282187523935150e+01,
       -3.9616155357957905e+00, -2.5001793780503093e+01,
       -2.5233383237843779e+02, 2.5846843462508822e+01,
       2.1963698563704060e+01, 2.6599023190347690e+01,
       -9.1107945632889784e+00, -6.2047616228229998e+00,
       -9.3490234366654548e+01, -1.2903426884976543e+02,
       2.4179525841528584e+01, -3.4312078095389545e+01,
       5.9932190318669543e+00, 1.8169499244458759e+01,
       1.3059705336275664e+02, 9.8150391984632364e+01,
       1.7921883740016739e+01, -5.6473265222583308e+01,
       -1.1734069264773323e+01, 4.7100481165912145e-01,
       -3.9185852205675673e+01, 8.3647018146789222e+01,
       -7.3827301630819974e+01, -2.2689960139658968e+01,
       7.1460731472841212e+00, -7.9210055963202732e+00,
       6.7315041433437685e+01, -3.4564018206160213e+01,
       -1.9815144353044971e+01, 4.3185440086290669e+01,
       -3.0442991926136681e+01, 2.9025188768229484e+01,
       -1.3439333237423835e+02, 8.0561620269347838e+00,
       9.5445895055370514e+01, -3.1667278492528644e-01,
       -1.0430077496564605e+01, -5.6994224920697771e+00,
       -1.5976379310949423e+02, -7.8495276361049889e+01,
       4.9303775724297559e+01, 3.7125367949282115e+01,
       -3.0595054099940448e+01, 3.4686734444398324e+00,
       2.1420080196833084e+01, -1.3043649496628370e+02,
       -5.9525300407344357e+00, -2.4876927531066361e+01,
       3.3000398817756427e+01, 8.5523840397213280e-01,
       3.5063068056369900e+01, -4.8167480144645666e+01,
       -3.9817321781541352e+01, -1.2510430388548450e+01,
       1.1135981238475262e+01, 6.7811202149558913e-01,
       -1.4547060635017039e+02, 9.7444233430292357e+01,
       -4.5018169923371978e+01, -3.9419529083526221e+01,
       4.4527418634559091e+00, 4.0370613577501384e+00,
       1.4555175841542729e+02, 9.9936864266677887e+01,
       -3.6530157987689833e+01, 1.9018096234062476e+01,
       -6.5492198925214371e+00, -9.0501299260313601e+00,
       -6.4593405074293216e+01, -8.6299187319438900e+01,
       -2.2476630894648618e+01, 5.1824471678152975e+01,
       3.5932520272473830e+01, 9.8333492346989093e+00,
       -8.1173538183107425e+01, -4.7329815948430564e+01,
       7.5831783720498223e+01, 2.7527492327600960e+01,
       -1.6484828157896370e+01, 1.9142763626052954e+01,
       1.4460068079659149e+02, 1.2636211341815160e+01,
       5.1460012062029477e+01, -6.2960229155630527e+00,
       6.0155556981664642e+00, -1.2299177886507400e+00,
       2.5222401368360750e+01, 4.6632243635973161e+01,
       7.7054561882855985e+00, 3.6711079949373534e+01,
       3.0006464962327215e+01, -1.0503346309612684e+01,
       1.0329839866043980e+02, -5.1099474256347641e+01,
       -2.1305092602904253e+01, 3.5193955630324311e+01,
       -2.6981954225600273e+01, 2.1892834131778944e+01,
       3.8867564185026701e+01, -1.7070352444621207e+01,
       4.9709322056118332e+01, 9.0552733672480539e+00,
       3.7525726226752631e+01, -2.1664964365582121e-01,
       -8.5461614680442395e+01, 1.2753828083239245e+01,
       4.4088453874501198e+01, 6.1857111719577755e+00,
       1.3289160253550328e+01, 1.2694406401510284e+01,
       1.0220942701157512e+01, -1.6694197774430162e+02,
       2.2106336046059909e+01, 6.0016229083275583e+01,
       2.8827414222861485e+01, -2.6884230144839076e+01,
       -1.5581690284121765e+02, 6.8323398268382718e+01,
       3.3790699158298914e+01, -3.5399759158266626e+01,
       -5.1922136906939542e+00, 4.0076715189947452e+00,
       5.8446280300665741e+01, -1.0603589955082161e+02,
       6.0015304501570675e+01, 2.5293425370434438e+01,
       3.2144082614981599e+01, 1.1637035972978168e+01,
       2.1211674770567118e+01, 1.2612752917125570e+02,
       -2.8221113326950086e+01, -5.4867979386766606e+01,
       -8.4164516478028606e+00, 1.4350282986993657e+00,
       1.5818896508745362e+02, 5.7162432620194451e+01,
       -3.4099470120669999e+01, 4.9204599184363573e+01,
       -1.1565296925534648e+01, -1.1524602502413343e+01,
       1.3328615218394822e+02, -9.0089954665035776e+01,
       1.5926027316087533e+01, -6.1109752162801882e+01,
       3.9615200025228838e+00, 1.8950708319427667e+00,
       -2.5409665942025393e+02, -5.8641497021144488e+01,
       -2.9139996370887449e+01, -1.7825148383890824e+01,
       -4.1422073004304433e-01, 1.4844830011023455e-01,
       2.8796546980712492e+01, -9.5899028392984285e+00,
       -1.2704157677228769e+00, -1.2750609319972344e+01,
       2.4249372993201746e+01, -2.4732019345878719e+01,
       -1.9925047557608349e+02, -4.9664558499951021e+01,
       -1.0216610209903138e+01, 4.7415979260014623e+01,
       -1.3253005767510976e+01, 1.8608865537607517e+01,
       2.8046992415379506e+01, 7.7578890857661051e+01,
       -6.7602520838614391e+00, 4.8595837855529183e+01,
       1.4381528719757334e+01, -1.3414013381640553e+00,
       -1.8232428401063657e+02, -1.2994551055915733e+02,
       5.4619153005593539e+01, 4.2857332225902383e+01,
       -3.4470279216578952e+01, -1.5211329691074177e+01,
       5.4996251851923965e+00, -3.1027019144810531e+01,
       -1.0762835959679973e+00, 1.3716755249059874e+01,
       -8.9315705885193513e+00, -9.0231640822587114e+00,
       7.7729310096306136e+01, 7.9752226415628087e+01,
       7.4611077043026630e-01, -4.0680929350396809e+01,
       6.7633547286640319e+00, -9.7098604429157742e+00,
       4.6693556209999755e+01, 5.7551683347200857e+01,
       -7.5205530253746645e+01, -1.6400073722078041e+01,
       -9.5975697820030117e+00, 1.9002824203605784e+00,
       1.2502426224787779e+01, -2.2994392529513996e+02,
       1.0469912732434860e+01, 7.9089849111359840e+01,
       -2.9157176794731408e+00, -2.8019435784689456e+01,
       -6.1964743997162328e+00, -1.2611021658685610e+01,
       -5.0263449288182187e+00, -1.3179387148243904e+01,
       -1.6029274572498544e+01, -1.4448487548209233e+01,
       -7.2791657815592599e+00, 9.0956417334057264e+01,
       5.4548192152384791e+00, -3.4499050425757851e+01,
       1.9637989200362487e+01, -2.5522168399932514e+00 ]
