%YAML:1.0
means: !!opencv-matrix
   rows: 6
   cols: 12
   dt: d
   data: [ 7.5155723230238323e+00, -9.2449587773208236e+01,
       2.7472659258749941e+00, 2.9147191648168818e+01,
       3.6377294353472140e+00, -1.6754039916592788e+01,
       -1.5188873939343526e+00, 6.7193289421411262e-01,
       9.1886582620787516e-01, -9.5497853705653835e-01,
       -1.1474407237201710e-01, -5.3753654415966183e-02,
       -1.7104634292633676e+02, -4.9645605381789991e+01,
       4.2369825729655197e+01, 7.2005590671030193e+00,
       -1.3355440381419301e+01, -3.8157757908969518e+00,
       -1.6267896088914773e+00, 2.8148215171023344e-01,
       -1.9220988165375566e-01, 1.1679661958717689e-01,
       -4.7374674801854991e-02, 2.0538518917636583e-03,
       1.0852774130442248e+02, 6.4531614280420058e+01,
       -3.6745185954300311e+01, -1.6345415606306197e+01,
       -9.4173882441205343e+00, -4.2663351763962467e+00,
       4.0409524344071290e-01, -2.3368183235117534e-01,
       -6.5652941221146899e-01, -7.3824341722303580e-02,
       2.9681238140822890e-02, -1.4529099867226385e-02,
       3.9669704540144224e+01, -1.4318785486930704e+01,
       -3.6565957769976203e+00, 9.7267917123380041e+00,
       1.0489115984756202e+01, 6.1949696383995754e+00,
       1.0527367699242782e+00, -8.5455874667752799e-02,
       -1.9735152651373453e-01, 3.4640061505708107e-02,
       2.2216567915930727e-02, 1.4388643520660466e-02,
       5.4890128977980538e+01, 6.5913389517999805e+00,
       -1.2092896095180174e+01, -3.6614498650267495e+00,
       -4.1510466788582017e+00, -5.2515729092814585e+00,
       -5.6098731141099742e+00, -5.4140097232447737e-01,
       4.5117863776486118e+00, 1.3539713242000491e+00,
       -9.9456234120687215e-02, 1.5993515482371757e-03,
       -1.2503771113691117e+02, 9.3664403290744673e+01,
       1.7614679889363750e+01, -4.5197758102448546e+01,
       -7.6110858393684335e+00, 2.0967326836606404e+00,
       1.2030420593919215e+00, 9.8371860422945170e-02,
       -5.0130080585925418e-01, -1.2993396923212369e-01,
       5.9990153439370066e-02, -1.1784640327927992e-03 ]
covs: !!opencv-matrix
   rows: 72
   cols: 12
   dt: d
   data: [ 6.3807287185302375e+03, -7.7248795734810119e+02,
       2.9612022797259451e+03, -9.6347096796007065e+02,
       -1.9692924537106069e+02, -2.7604869446783783e+02,
       -8.6544734927538542e+01, 4.1337227059813110e+01,
       6.4391847404152387e+01, -3.2070579030074171e+01,
       2.3545745315266222e+00, -8.4062945426147240e-01,
       -7.7248795734810153e+02, 1.7064838451793541e+04,
       -1.6135966856081299e+02, -1.2533222955951755e+03,
       -4.6340969520927025e+01, 7.2229691879901611e+02,
       8.4041995986654896e+01, 1.4956908692259483e+02,
       8.0716111418538816e+01, 4.4388361357345325e+01,
       -9.9551320866371906e+00, 1.4737405410679980e+00,
       2.9612022797259451e+03, -1.6135966856081299e+02,
       2.5450217796103725e+03, 4.0628625525109516e+02,
       2.7070730457702474e+01, 2.3868624943438892e+01,
       1.1343052739512419e+01, -2.0069230545340663e+01,
       -6.4230090448144157e+00, 2.8791832512914595e+00,
       5.1222150619751317e-01, 5.5626469433248345e-02,
       -9.6347096796007065e+02, -1.2533222955951755e+03,
       4.0628625525109516e+02, 3.1483988938638395e+03,
       1.2770309758397586e+02, -1.4584693925097903e+02,
       -4.2231837423560821e+00, -7.4983296967658703e+01,
       -4.5865197891021865e+01, 1.5306004947989923e+01,
       1.6651593477594071e+00, -9.7688913707194180e-01,
       -1.9692924537106066e+02, -4.6340969520927025e+01,
       2.7070730457702481e+01, 1.2770309758397585e+02,
       2.7406578404644921e+02, 5.8340067610041501e+01,
       -1.1580085378783003e+00, 7.5414857744083372e+00,
       2.0548663881494478e+00, 2.7526788006019434e+00,
       2.1783378068802759e+00, -7.0240803664373974e-01,
       -2.7604869446783783e+02, 7.2229691879901611e+02,
       2.3868624943438917e+01, -1.4584693925097906e+02,
       5.8340067610041501e+01, 2.7236333571917208e+02,
       7.1276643132450710e+00, -6.6186129823261561e+00,
       -3.6097997830711099e+00, 6.7986157724474081e+00,
       -2.3109202082861238e+00, 6.3239478517332370e-01,
       -8.6544734927538613e+01, 8.4041995986654896e+01,
       1.1343052739512423e+01, -4.2231837423560821e+00,
       -1.1580085378782996e+00, 7.1276643132450737e+00,
       2.8030893832632454e+01, -2.8650073081797536e+00,
       -1.2267168906824117e+00, 2.1078459487507759e+00,
       -1.9827939082983750e-01, 9.3945166901684821e-02,
       4.1337227059813124e+01, 1.4956908692259489e+02,
       -2.0069230545340673e+01, -7.4983296967658703e+01,
       7.5414857744083372e+00, -6.6186129823261597e+00,
       -2.8650073081797531e+00, 2.6622474193696711e+01,
       9.3653788430143869e+00, -4.5968535129120616e+00,
       1.9055866270756758e-01, -8.7378485322391286e-02,
       6.4391847404152387e+01, 8.0716111418538830e+01,
       -6.4230090448144201e+00, -4.5865197891021865e+01,
       2.0548663881494491e+00, -3.6097997830711090e+00,
       -1.2267168906824115e+00, 9.3653788430143869e+00,
       1.3911992414082890e+01, -5.4322334194313378e+00,
       1.2624798450605390e-01, -1.3547370237969450e-01,
       -3.2070579030074178e+01, 4.4388361357345325e+01,
       2.8791832512914590e+00, 1.5306004947989923e+01,
       2.7526788006019434e+00, 6.7986157724474090e+00,
       2.1078459487507764e+00, -4.5968535129120607e+00,
       -5.4322334194313378e+00, 6.0964192785311928e+00,
       -1.2851749266100673e-01, 4.7292318282175824e-02,
       2.3545745315266227e+00, -9.9551320866371888e+00,
       5.1222150619751283e-01, 1.6651593477594073e+00,
       2.1783378068802759e+00, -2.3109202082861238e+00,
       -1.9827939082983756e-01, 1.9055866270756752e-01,
       1.2624798450605390e-01, -1.2851749266100676e-01,
       7.8702314984679597e-02, -1.0115800056521207e-02,
       -8.4062945426147240e-01, 1.4737405410679985e+00,
       5.5626469433248317e-02, -9.7688913707194180e-01,
       -7.0240803664373974e-01, 6.3239478517332381e-01,
       9.3945166901684862e-02, -8.7378485322391286e-02,
       -1.3547370237969450e-01, 4.7292318282175824e-02,
       -1.0115800056521207e-02, 1.3440043012889223e-02,
       6.8331405893853589e+03, -3.9812018360153553e+02,
       2.9713992248621134e+03, -8.1023129801525454e+02,
       1.6705923946349890e+02, 8.9984766995126520e+01,
       6.9908913709170335e+01, 1.9978839000361692e+01,
       1.9552729741051390e+01, 3.9961153117633850e+00,
       -1.9134424335061804e+00, 7.0428903631881534e-01,
       -3.9812018360153553e+02, 9.4605867918035710e+03,
       5.1721942860391937e+02, 1.1175661230275002e+03,
       7.0483472122117382e+02, 1.4647006919186555e+02,
       7.9980572924720207e+01, 3.1861327250269895e+01,
       2.6150499157831792e+01, 1.8453789052039109e+00,
       -4.5159030362729329e+00, -2.1353355768863698e+00,
       2.9713992248621134e+03, 5.1721942860391948e+02,
       2.4320189710478999e+03, 7.8028243063642194e+01,
       -1.4320220749478048e+02, 6.0285159318222349e-02,
       -2.4066697213690187e+01, -5.4935875965344936e+00,
       -9.0405770865702877e+00, 2.3374319188084702e-01,
       8.3491629058809269e-01, 1.9135306424771825e-01,
       -8.1023129801525454e+02, 1.1175661230275002e+03,
       7.8028243063642222e+01, 2.3929549249245888e+03,
       -3.3496673119003970e+02, 3.5940024741203310e+01,
       -2.3004278771535695e+01, -2.0175259684337480e+01,
       -3.6721486211399732e+00, 1.6805440662298521e+00,
       1.9460781449048956e+00, 8.2382664768243818e-01,
       1.6705923946349895e+02, 7.0483472122117382e+02,
       -1.4320220749478048e+02, -3.3496673119003970e+02,
       2.8099611838493826e+02, 4.8339397992110896e+01,
       1.6072725029887241e+01, 1.3739479275188520e+01,
       1.1960966358099354e+01, 8.4100128492778548e-01,
       -1.7732267268351518e+00, -4.2155932840037191e-01,
       8.9984766995126520e+01, 1.4647006919186555e+02,
       6.0285159318231925e-02, 3.5940024741203310e+01,
