%YAML:1.0
means: !!opencv-matrix
   rows: 10
   cols: 9
   dt: d
   data: [ -1.6773434804073179e+02, 6.6558525860194521e+01,
       2.7806027468421487e+01, -3.8655406521215554e+01,
       -1.1378353322749158e+01, -4.0147682988123607e+00,
       -6.6641344161525451e-02, 2.2527043152379492e-01,
       -3.0142173895212171e-01, 2.6078694526349736e+01,
       1.8327696704634608e+01, -3.5623571325654124e+00,
       -1.6997765191813809e+01, 3.0603243517660839e+00,
       -1.0682022508384330e+01, -6.8522868592661590e+00,
       1.9073757611853628e+00, 6.4310253583385091e+00,
       2.0140963991475785e-01, -1.9165733359129194e+02,
       1.5319977324620517e+01, 6.6496284575693991e+01,
       1.1331248788601471e+01, -1.9778616786852371e+01,
       -1.6578206080648659e+00, -1.0082171422511368e+00,
       1.9883641530431265e-01, -4.2165602345553211e+01,
       3.9992364155814329e+01, 1.0314472734762198e+01,
       -1.9578357999122595e+01, 1.6183866808514239e+01,
       6.1770477251137965e+00, 2.0105530597511438e+00,
       2.1203308973112306e-01, -6.3752394669473592e-02,
       -4.5221236320292334e+01, -2.4312964568752225e+01,
       1.1114760512753357e+01, 8.0909152907361843e+00,
       -5.1840031769552590e+00, -4.9191333223050577e+00,
       -5.0890266128708332e-02, 2.4943889779235864e-01,
       -1.2702699101551895e+00, -1.8038992627254697e+02,
       -8.4387587470939465e+01, 4.8195511950388450e+01,
       2.5399569078196478e+01, -2.3612293729465581e+01,
       -5.1390649066964644e-01, -2.4666339304939329e+00,
       1.5470503597743243e-01, -8.2208783457301912e-02,
       9.9001051968877903e+01, 6.8272962001774985e+01,
       -3.5201304923356524e+01, -2.1056633384566762e+01,
       -8.7875879362365801e+00, -3.1995235037392180e+00,
       1.0786241057113199e+00, -4.8163206853746598e-01,
       -4.7625869448651281e-01, 1.1225969562547886e+02,
       -5.6639253127434657e+01, -2.6088829596510394e+01,
       4.4078049333927893e+01, -2.3887139167597649e+01,
       1.1469278643702634e+01, 8.1263756427458600e-01,
       -5.8013589532191201e-01, -3.6334087042856261e-01,
       9.9476378215125791e+01, -4.6721343911109209e+01,
       -2.1573398598446477e+01, 3.6219070457997852e+01,
       -2.7619161144245059e+01, 2.3617909108120450e+01,
       1.2272876205838337e+00, 1.3469287439630748e+00,
       5.2785593889535243e-01, 5.6593332367452724e+01,
       -2.7123649433993716e+01, -4.8882075399875227e+00,
       1.3486410591715291e+01, 1.8933695600698215e+01,
       4.6013282794633587e-01, 2.2398024605376951e-01,
       -4.9600876727764792e-01, -4.9680542273412098e-01 ]
covs: !!opencv-matrix
   rows: 90
   cols: 9
   dt: d
   data: [ 6.5135608040969437e+03, 1.3056030288474574e+03,
       2.4376528359113645e+03, -1.3836095597740218e+03,
       -8.9719096397591727e+01, 1.4460140944545202e+02,
       9.1980805587480532e+01, 1.5331024898799481e+00,
       1.0093369336270628e+01, 1.3056030288474574e+03,
       8.2466807902976634e+03, 8.6474036542719517e+01,
       1.8800444025887721e+03, -1.7450976194512990e+02,
       1.2726055698987543e+02, -4.9129191846453047e+01,
       -3.7440827458058131e+01, -1.1371292593278676e+01,
       2.4376528359113645e+03, 8.6474036542719489e+01,
       2.6598256810960934e+03, 1.3227368570078525e+02,
       -1.9435551166599435e+01, -5.1268249939610406e+01,
       -2.3041836122494079e+01, 6.3096296375126144e+00,
       -6.1528618862469582e+00, -1.3836095597740218e+03,
       1.8800444025887721e+03, 1.3227368570078525e+02,
       1.8403428006596134e+03, 6.3060925970070812e+01,
       -9.0299439795175161e+01, 2.3489235882617596e+01,
       7.5662474331280833e+00, 3.5892704312290666e+00,
       -8.9719096397591755e+01, -1.7450976194512987e+02,
       -1.9435551166599424e+01, 6.3060925970070819e+01,
       1.0836663441935771e+02, 2.0407415444189255e+01,
       3.3275983423934619e-02, 7.8025310375831856e+00,
       5.6411275713498359e+00, 1.4460140944545202e+02,
       1.2726055698987543e+02, -5.1268249939610421e+01,
       -9.0299439795175161e+01, 2.0407415444189255e+01,
       1.0021681547756521e+02, -9.0547165920164154e+00,
       4.3417829308593253e-01, -7.2331135750105684e+00,
       9.1980805587480532e+01, -4.9129191846453054e+01,
       -2.3041836122494090e+01, 2.3489235882617589e+01,
       3.3275983423934716e-02, -9.0547165920164172e+00,
       2.5016781291585879e+01, 1.5844242223044596e+00,
       2.4862762044354128e+00, 1.5331024898799499e+00,
       -3.7440827458058131e+01, 6.3096296375126144e+00,
       7.5662474331280851e+00, 7.8025310375831873e+00,
       4.3417829308593237e-01, 1.5844242223044602e+00,
       1.5750749398631585e+01, -1.7033569551657619e+00,
       1.0093369336270625e+01, -1.1371292593278678e+01,
       -6.1528618862469582e+00, 3.5892704312290666e+00,
       5.6411275713498368e+00, -7.2331135750105684e+00,
       2.4862762044354128e+00, -1.7033569551657624e+00,
       3.3057353360377322e+00, 9.7051652233729710e+03,
       -1.4472647464572307e+02, 1.7443647984107454e+03,
       -7.4587726946212638e+02, -8.0809296878266741e+02,
       -5.0044411183365327e+02, -2.3318099593233322e+02,
       4.9821590483465442e+01, 5.8562605804661374e+01,
       -1.4472647464572299e+02, 9.8283524073300305e+03,
       8.6929266825539389e+02, 1.4828913452724864e+03,
       1.3304931208476810e+02, 1.3323409789091519e+02,
       -2.4010380865614843e+02, 2.3217083723055820e+00,
       1.9033058343562878e+01, 1.7443647984107454e+03,
       8.6929266825539366e+02, 2.9147745073806936e+03,
       -6.8600667087693836e+01, 1.3864511626753151e+02,
       1.3920857905606218e+02, 7.9715876358391398e+01,
       -3.1317762512572202e+01, -1.7475642794822118e+01,
       -7.4587726946212649e+02, 1.4828913452724864e+03,
       -6.8600667087693864e+01, 1.9149025229260403e+03,
       5.5974709206839272e+01, -9.9503319064915573e+01,
       3.8937935994784404e+01, 3.1012178299906431e+01,
       2.6495616321118504e+01, -8.0809296878266741e+02,
       1.3304931208476810e+02, 1.3864511626753151e+02,
       5.5974709206839250e+01, 3.1809516978347426e+02,
       7.9527313142501981e+01, -1.6448115079503406e+01,
       1.8164021828364422e+01, 8.3547133011958430e-01,
       -5.0044411183365327e+02, 1.3323409789091519e+02,
       1.3920857905606218e+02, -9.9503319064915573e+01,
       7.9527313142501981e+01, 2.4568299768504519e+02,
       -2.5317493594506349e+01, -3.4093026152112095e+01,
       -3.5904830426436560e+00, -2.3318099593233322e+02,
       -2.4010380865614843e+02, 7.9715876358391398e+01,
       3.8937935994784411e+01, -1.6448115079503406e+01,
       -2.5317493594506349e+01, 6.0106996421663887e+01,
       -1.6397233573091041e+00, -5.5711436265006151e+00,
       4.9821590483465442e+01, 2.3217083723055834e+00,
       -3.1317762512572202e+01, 3.1012178299906431e+01,
       1.8164021828364422e+01, -3.4093026152112095e+01,
       -1.6397233573091046e+00, 2.3367036673094347e+01,
       -5.9110965910943403e-01, 5.8562605804661374e+01,
       1.9033058343562892e+01, -1.7475642794822118e+01,
       2.6495616321118504e+01, 8.3547133011958430e-01,
       -3.5904830426436560e+00, -5.5711436265006151e+00,
       -5.9110965910943403e-01, 4.1578775505082630e+00,
       5.4672631343196836e+03, -1.4645586198991102e+03,
       2.9250272947603526e+03, -8.6557339420842288e+02,
       -6.4616396373347740e+01, -3.1569673263084979e+02,
       -7.7587952355052934e+01, -6.9705479408842859e+00,
       4.6630468580994147e+01, -1.4645586198991102e+03,
       9.0219785495869801e+03, 1.4113210121709926e+03,
       2.0629758542348200e+03, 7.5973728904104735e+02,
       1.0175209652120126e+03, 1.6614433217025365e+02,
       3.2594904505814313e+01, 1.8462068967832298e+01,
       2.9250272947603521e+03, 1.4113210121709928e+03,
       2.4905586932680203e+03, -2.3076358508073875e+02,
       1.6186205073354921e+02, 1.3942077665220447e+02,
       7.6722947902001897e+00, 1.4884517220661435e+01,
       -2.6709203948290390e+00, -8.6557339420842288e+02,
