%YAML:1.0
means: !!opencv-matrix
   rows: 4
   cols: 17
   dt: d
   data: [ -1.8170924646222724e+02, 7.1882137458045889e+00,
       3.8388099865718651e+01, -7.1987089422512285e-01,
       -1.4312131501335639e+01, 6.8431424089620547e+00,
       -9.7760826123304179e-01, 3.2594642372316662e-01,
       3.5960452051032776e-01, -5.9228179027445628e-02,
       -1.4505473825879089e-02, -1.1455177473586341e-02,
       2.3644782809110324e-03, -1.8318351224254010e-03,
       2.9943034267850611e-03, -2.8758750853806240e-03,
       -4.3987210234671585e-04, 1.1323359207153949e+02,
       -1.0791978567051723e+00, -3.1500361324093486e+01,
       -6.7978137392160090e+00, -1.4252410302989350e+01,
       -1.8185035831320013e+00, -4.5710594502509180e-02,
       -1.8555560671553645e-01, 1.8457294538351735e-01,
       -6.0670046303896531e-02, 8.4160341847066084e-02,
       -1.0497356983448452e-02, -1.1471831118054336e-03,
       -4.0287360432929272e-03, -2.8644238164688999e-03,
       -9.5006595048557527e-04, 2.5736702817134639e-03,
       1.3345746260387925e+01, -1.2851416491930427e+01,
       5.8529279817739632e-01, 9.9590542864189100e+00,
       1.1824162436319098e+01, -2.8569713369405507e+00,
       1.4236573651497397e+00, 5.8265213233284463e-01,
       3.2790197228180679e-01, 2.8976152612185765e-02,
       -4.6124237472738886e-03, 1.1007796783231457e-02,
       5.4200937305611350e-03, 3.4241482342158617e-03,
       5.3069771600971951e-03, -7.4137799959437113e-04,
       1.3330872921178121e-04, 2.1176661215560230e+01,
       4.2529249437449387e+01, -2.4610087105938971e+00,
       -2.5246012685260535e+01, 6.3795028314864766e+00,
       3.6836000340517128e+00, -4.0432985023762473e+00,
       -2.5737333223355381e+00, -2.3491440146426212e+00,
       1.1576126175277654e-01, -1.3358260595730728e-01,
       -3.1134423426512721e-03, -2.3836399222665845e-02,
       -2.2703566578914538e-03, -2.0789312898868734e-02,
       1.0151976232370036e-02, -5.2600303558452350e-03 ]
covs: !!opencv-matrix
   rows: 68
   cols: 17
   dt: d
   data: [ 5.8679536075120141e+03, -8.0425432219021320e+02,
       2.9898949536092109e+03, 7.4426280492375349e+02,
       -1.9562377023485066e+01, -1.5327641613417299e+02,
       8.5732762216262259e+01, -3.8917174147907041e+01,
       -4.3650069147506168e+00, 6.2777071235706208e-02,
       -7.1077290431838402e-01, 4.2722611747902772e-01,
       -8.8512696060572393e-03, 3.6266942258023412e-02,
       -6.7404037553197593e-01, 1.2251764755987443e-01,
       -6.9129007518891311e-02, -8.0425432219021320e+02,
       1.1601267881561364e+04, 2.3224082622859996e+02,
       -9.2287532720320769e+02, -3.1551639992315961e+02,
       4.4173764809539131e+02, -8.7030004738214018e+01,
       5.4668146643123336e+01, -5.0112968396400666e+00,
       1.6981333384658196e+01, 1.0403945329974993e+00,
       3.6362555050113604e-01, 4.5603644939530660e-02,
       4.4770314282326762e-01, 7.5688414753320188e-01,
       -2.7388134331337333e-01, 2.4082044718531634e-01,
       2.9898949536092109e+03, 2.3224082622860007e+02,
       2.4465016909568080e+03, -1.5833229613010593e+02,
       -4.3647177258441282e+01, 4.8629707403804979e+01,
       -2.5835618448608471e+01, 1.6139220855425965e+01,
       7.5047970574542189e-01, 8.7187876885680760e-01,
       3.2853019067218203e-01, 4.7569118653610579e-03,
       -4.0181944612015505e-02, 5.9877897115378061e-02,
       5.6106031097488525e-02, -4.2238734478125033e-02,
       8.2237957230479643e-03, 7.4426280492375349e+02,
       -9.2287532720320769e+02, -1.5833229613010585e+02,
       3.0030299615453337e+03, 1.2270806378959919e+02,
       -2.1819956284827288e+02, 4.1472564720849313e+01,
       -4.6529153265649754e+01, 8.1423727787170623e+00,
       -3.3750795363774926e+00, -8.8884813771058957e-01,
       -4.1064436423748096e-01, 1.1399209680416278e-02,
       -1.9191209787364072e-01, -3.6059537587949908e-01,
       3.6646879143556965e-01, -1.6672833536075546e-01,
       -1.9562377023485070e+01, -3.1551639992315961e+02,
       -4.3647177258441282e+01, 1.2270806378959919e+02,
       1.1765308510523873e+02, -3.3821216882133157e+01,
       1.5914559839451407e+01, -1.1040998787903931e+01,
       -2.9931731867371854e+00, 1.3031641256736282e+00,
       -9.9549395187482059e-01, -2.0922855230247384e-01,
       4.2359430405498624e-02, -2.4773979513274539e-02,
       -9.4776030285841098e-02, 1.2787315325312508e-02,
       3.7659729787783570e-02, -1.5327641613417299e+02,
       4.4173764809539131e+02, 4.8629707403804979e+01,
       -2.1819956284827288e+02, -3.3821216882133157e+01,
       2.3075845787401624e+02, -8.1255478731412865e+00,
       4.9735497832803022e+00, -1.9084982255086042e-01,
       -4.2504592865213237e-01, 1.2264835291688524e-01,
       2.2880318229795810e-01, -1.5478562499258565e-02,
       3.5627920884542807e-02, 1.2346617725894397e-01,
       2.4361257716925593e-02, 1.8105953437394288e-02,
       8.5732762216262273e+01, -8.7030004738214018e+01,
       -2.5835618448608464e+01, 4.1472564720849306e+01,
       1.5914559839451407e+01, -8.1255478731412865e+00,
       2.8988837738195802e+01, -2.3595760080006092e+00,
       -1.9449617058944693e+00, 2.2345829668012299e-01,
       -4.6891060451080067e-02, 2.5544633839511780e-02,
       -2.5343077009921663e-02, 1.0671973565274044e-03,
       -5.1940947924057741e-02, 2.3567185680703952e-03,
       -2.4171596222824100e-03, -3.8917174147907041e+01,
       5.4668146643123322e+01, 1.6139220855425965e+01,
       -4.6529153265649761e+01, -1.1040998787903932e+01,
       4.9735497832803039e+00, -2.3595760080006096e+00,
       2.0197038693549143e+01, 1.7366970845110352e-01,
       9.1385337982407777e-02, 3.7676626895335581e-02,
       5.4608377964360057e-02, -5.0200505827600840e-03,
       1.9643717031842079e-02, 1.6331877784812759e-03,
       -5.7054786206133766e-03, 2.2288334346183877e-03,
       -4.3650069147506141e+00, -5.0112968396400648e+00,
       7.5047970574542222e-01, 8.1423727787170659e+00,
       -2.9931731867371867e+00, -1.9084982255086042e-01,
       -1.9449617058944697e+00, 1.7366970845110352e-01,
       2.6418636854618422e+00, -4.1205119065049556e-01,
       6.3054614605111354e-03, 3.2867639208001072e-02,
       -1.5701798892405517e-02, -3.9313782407177844e-03,
       1.8764085481170079e-03, -8.1807663386739438e-03,
       -5.8103621399751577e-03, 6.2777071235706125e-02,
       1.6981333384658200e+01, 8.7187876885680804e-01,
       -3.3750795363774908e+00, 1.3031641256736282e+00,
       -4.2504592865213242e-01, 2.2345829668012301e-01,
       9.1385337982407777e-02, -4.1205119065049545e-01,
       6.6696268875935583e-01, -4.0201779466140480e-02,
       -9.1736012563290656e-03, -1.4377340800596121e-03,
       -1.1790911500581161e-02, 3.6583463401736504e-03,
       8.7709691115998509e-04, 9.3486269382483673e-04,
       -7.1077290431838391e-01, 1.0403945329974993e+00,
       3.2853019067218209e-01, -8.8884813771058946e-01,
       -9.9549395187482059e-01, 1.2264835291688526e-01,
       -4.6891060451080081e-02, 3.7676626895335574e-02,
       6.3054614605111345e-03, -4.0201779466140480e-02,
       2.2934063227206643e-02, 1.9012683819944179e-03,
       -8.2188651517333560e-04, 6.4289667933980089e-04,
       1.1916417747737471e-03, -1.7506752053150589e-04,
       -4.8977316639329052e-04, 4.2722611747902772e-01,
       3.6362555050113599e-01, 4.7569118653610545e-03,
       -4.1064436423748107e-01, -2.0922855230247386e-01,
       2.2880318229795815e-01, 2.5544633839511780e-02,
       5.4608377964360029e-02, 3.2867639208001072e-02,
       -9.1736012563290656e-03, 1.9012683819944179e-03,
       4.2396831622497919e-03, 4.7585452453281128e-04,
       -3.4147304634439595e-04, -4.0603531924968302e-04,
       -1.4052615826660086e-04, -2.6249613206395892e-04,
       -8.8512696060572497e-03, 4.5603644939530640e-02,
       -4.0181944612015505e-02, 1.1399209680416265e-02,
       4.2359430405498638e-02, -1.5478562499258568e-02,
       -2.5343077009921663e-02, -5.0200505827600857e-03,
