%YAML:1.0
means: !!opencv-matrix
   rows: 7
   cols: 13
   dt: d
   data: [ -5.2786503679814111e+01, 1.1847739357417493e+02,
       -5.3910492563754833e+00, -5.2281991954183233e+01,
       -3.8105720317766369e+00, 1.9704967917996183e-01,
       1.3201526631629916e+00, -2.7072836924202726e-01,
       -3.1899821475506346e-01, -1.6675215823345052e-01,
       5.0430682697832074e-02, -4.9090135633667840e-03,
       3.4333885595872948e-03, -1.5564170933128736e+02,
       -7.7482298349171330e+01, 4.3188533481918505e+01,
       2.5664950525067589e+01, -1.6084303805023200e+01,
       4.0869152508370883e+00, -1.5977482469913502e+00,
       3.7958917394921282e-01, -4.7230714734706924e-01,
       9.8888039373959576e-03, 3.4260445234686576e-02,
       1.8945072939819695e-02, -5.3732855452805007e-03,
       4.8448797700797790e+01, -2.2500069913682164e+01,
       -4.6087426981441872e+00, 1.3264492235025310e+01,
       1.0260352119843661e+01, 6.1310538374824128e+00,
       9.9052080890245031e-01, -2.2289822971532519e-01,
       -1.8133691789331172e-01, 4.8453872478184265e-02,
       2.4750927177616528e-02, 1.7009772347693426e-02,
       1.5942788883815651e-03, 3.4318176519668341e+01,
       2.9938521547353201e+01, -7.4012058084478491e+00,
       -2.0928167297794680e+01, 1.8075173621249181e+00,
       -1.1492142839260662e+01, -7.4893189791344277e+00,
       1.7064489730468635e+00, 6.5612695819996736e+00,
       6.3513990597462289e-01, 2.3996845919298876e-02,
       -1.9809676531365936e-02, -3.6917964887891563e-02,
       -1.7114412660410622e+02, 2.3930001403597661e+01,
       3.7285884659546710e+01, -2.2808642778738285e+01,
       -3.8026973327418747e+00, -2.7253521579346196e+00,
       7.4515359380930693e-02, 7.5778468488130624e-01,
       -6.4066093060833286e-03, 1.1816182659802005e-01,
       -6.2626987781994159e-02, -1.8528913680631236e-02,
       4.8940277557600028e-03, 1.2570673475777380e+02,
       5.3627859079025619e+01, -3.9154231109824849e+01,
       -1.0129311133833705e+01, -9.5627660521556361e+00,
       -5.1443443178074162e+00, 1.6134366866948144e-01,
       -1.5905980553521551e-01, -7.3098860441501989e-01,
       -5.1642716317898102e-02, 3.8862512122392237e-02,
       -1.4513551499356772e-02, 2.3292915633798886e-03,
       8.7711448559510909e+00, -9.5366552294866949e+01,
       2.8752154660468503e+00, 3.3189504770701667e+01,
       -3.6153804575818915e-01, -1.2709916793770775e+01,
       -4.9312073650313942e-01, -6.7946473374543426e-01,
       -3.9072427898177686e-01, -3.7302425102836689e-01,
       -2.0808979463649457e-01, -3.0873931025695769e-02,
       4.1761060259180261e-03 ]
covs: !!opencv-matrix
   rows: 91
   cols: 13
   dt: d
   data: [ 8.3778144040798798e+03, -2.1868034008135982e+02,
       2.2178936248256477e+03, -7.3315537444275083e+02,
       4.6096353158531184e+02, -1.0640648156361328e+01,
       4.4290383375762353e+01, 3.9033320137361635e+01,
       -1.3497568067465080e+00, 8.1495357720544490e+00,
       -3.7485263657298655e+00, -3.6545940936113525e-01,
       4.9487906796389459e-02, -2.1868034008135990e+02,
       6.4301961705887697e+03, 6.8429440306757897e+02,
       2.4689265627433947e+03, -1.2801865500859802e+02,
       5.4576708649887227e+00, -9.1930448332109265e+01,
       -1.3000075208363182e+01, -1.3147695750493410e+01,
       -1.2251265056946998e+01, -7.2853055524203325e-01,
       -5.7207556876002708e-01, 5.1843895795354381e-03,
       2.2178936248256477e+03, 6.8429440306757897e+02,
       2.7147936461128284e+03, -8.7805354721893494e+01,
       -1.6273025333808783e+02, -5.9714191721300814e+01,
       6.5565865739426410e-01, -4.7538193330058940e+00,
       1.0106183338662127e+00, 4.7980907849162741e-01,
       1.1750405109245401e+00, 1.7509550283856874e-02,
       -2.9354672758188989e-02, -7.3315537444275071e+02,
       2.4689265627433952e+03, -8.7805354721893465e+01,
       1.7575204750808953e+03, 1.1567074175770149e+02,
       -1.3510877566040824e+02, 2.9768250762605060e+01,
       1.4252663435224056e+01, 5.6005599735364360e+00,
       2.3476122702131512e+00, 8.3492597669715771e-02,
       1.9553615876602021e-01, -6.5141332744365259e-04,
       4.6096353158531196e+02, -1.2801865500859805e+02,
       -1.6273025333808783e+02, 1.1567074175770145e+02,
       2.4509489397751608e+02, 1.3828276135053425e+01,
       6.2969509848511795e-02, 1.2868562128823070e+01,
       -2.3530265890173916e+00, 1.7114696421595679e+00,
       -7.1398863203855545e-01, 1.0947050632480261e-02,
       1.0875308319815726e-02, -1.0640648156361321e+01,
       5.4576708649887209e+00, -5.9714191721300836e+01,
       -1.3510877566040824e+02, 1.3828276135053420e+01,
       5.6097494949296674e+01, -1.6340501545913316e+01,
       -4.0256230512233069e+00, -2.6917369053453450e+00,
       -1.3369753295209681e+00, -1.7676472836457879e-01,
       -1.2288679776344662e-01, 8.7321761618601029e-03,
       4.4290383375762353e+01, -9.1930448332109307e+01,
       6.5565865739426410e-01, 2.9768250762605060e+01,
       6.2969509848511310e-02, -1.6340501545913312e+01,
       2.1901752715765380e+01, 1.1590690079140737e+00,
       2.8497169545484060e+00, 3.3093920181305070e-01,
       2.0911488250865265e-02, 4.7822874301518180e-02,
       -2.9777056430511720e-02, 3.9033320137361635e+01,
       -1.3000075208363192e+01, -4.7538193330058940e+00,
       1.4252663435224054e+01, 1.2868562128823076e+01,
       -4.0256230512233078e+00, 1.1590690079140740e+00,
       1.7975749557427218e+01, -1.6402244017646002e+00,
       6.0584456264400532e-01, 7.8857473120603500e-03,
       6.9234758252289304e-03, 3.9166143259780576e-03,
       -1.3497568067465080e+00, -1.3147695750493412e+01,
       1.0106183338662125e+00, 5.6005599735364360e+00,
       -2.3530265890173911e+00, -2.6917369053453450e+00,
       2.8497169545484060e+00, -1.6402244017646002e+00,
       1.1626857849788501e+00, 1.4802478741487593e-01,
       7.3871374680293369e-03, 2.0395286651198500e-02,
       1.7409455203565717e-02, 8.1495357720544508e+00,
       -1.2251265056946998e+01, 4.7980907849162741e-01,
       2.3476122702131530e+00, 1.7114696421595679e+00,
       -1.3369753295209681e+00, 3.3093920181305053e-01,
       6.0584456264400532e-01, 1.4802478741487593e-01,
       4.3362927815931063e-01, 3.2896584114324012e-03,
       -6.3007191423216258e-04, 2.3295096586803720e-03,
       -3.7485263657298655e+00, -7.2853055524203325e-01,
       1.1750405109245401e+00, 8.3492597669715715e-02,
       -7.1398863203855534e-01, -1.7676472836457877e-01,
       2.0911488250865265e-02, 7.8857473120603500e-03,
       7.3871374680293343e-03, 3.2896584114324016e-03,
       9.0284928915190694e-03, 8.8919741582309578e-04,
       -1.7145051805972410e-04, -3.6545940936113536e-01,
       -5.7207556876002708e-01, 1.7509550283856874e-02,
       1.9553615876602026e-01, 1.0947050632480262e-02,
       -1.2288679776344662e-01, 4.7822874301518166e-02,
       6.9234758252289296e-03, 2.0395286651198500e-02,
       -6.3007191423216312e-04, 8.8919741582309578e-04,
       1.7044417142602322e-03, 5.4922203772561986e-04,
       4.9487906796389459e-02, 5.1843895795354658e-03,
       -2.9354672758189010e-02, -6.5141332744364771e-04,
       1.0875308319815730e-02, 8.7321761618601047e-03,
       -2.9777056430511720e-02, 3.9166143259780654e-03,
       1.7409455203565717e-02, 2.3295096586803720e-03,
       -1.7145051805972413e-04, 5.4922203772561986e-04,
       2.2191562943180373e-03, 6.7952905465789336e+03,
       4.1428696735121935e+02, 2.8579335418932146e+03,
       -1.0169789510107644e+03, 5.1457877352752575e+02,
       3.2662073813441759e+02, 8.6397389760973269e+01,
       3.0351835491144538e+01, 3.8881608259936726e+01,
       3.8569173054773827e+00, -7.2126827419989314e-01,
       -1.3086844592946553e-01, -1.6952199810311586e-01,
       4.1428696735121935e+02, 7.9644196171217654e+03,
       6.4224327558331220e+02, 2.1173319802927408e+03,
       7.4828380400505671e+02, 7.1870917123993343e+02,
       1.1680561920469941e+02, 3.5922873751265740e+01,
