%YAML:1.0
means: !!opencv-matrix
   rows: 14
   cols: 8
   dt: d
   data: [ -1.2875482977514480e+02, 4.0040410409160529e+01,
       3.4131709456088657e+01, -2.7309958234202870e+01,
       7.4675812424745625e-01, -1.2821046295832479e+01,
       5.1322554825269939e-01, -1.5587850115397450e+00,
       8.2422730828292529e+01, 1.6962088641651771e+01,
       -2.3137992909510043e+01, -3.2066955702760438e+01,
       -2.6172793951790727e+01, -1.9810910184206932e+01,
       1.0293317045266881e+00, -2.4286443864789504e+00,
       3.3046398154532014e+01, -9.8423014079806251e+01,
       -1.1051591366255069e+01, 6.6293038535116025e+01,
       -3.6528343460980168e+00, -6.1978672224036724e-01,
       2.0147392927804924e+00, -3.5466994081982567e-01,
       1.6562969829966380e+02, 1.7930248636605135e+01,
       -4.5373054034186680e+01, -1.5982466130976164e+01,
       -7.5334485370159667e+00, 1.1622394777415895e+01,
       -2.3800191351951824e-01, -6.2457548177750810e-01,
       -1.9935020017825073e+02, 9.3806772571050232e+01,
       4.1706311879116747e+01, -5.2133227349706218e+01,
       -2.4160598470848960e+01, 1.6870962001990637e+01,
       -3.6875739328982471e+00, 1.9580709116675510e+00,
       -1.3808751553053557e+02, -1.0247493989519018e+02,
       2.6313859428870860e+01, 6.6149114111413851e+01,
       -1.7471196269462762e+01, -6.7073430413081092e-01,
       1.8696813744466562e-01, -1.3602144813519836e+00,
       6.4558303533764089e+01, 2.2600699752363315e+01,
       -1.5874318807776579e+01, -2.9248726988586327e+01,
       -1.3020823426044439e+01, -1.6182036224724857e+01,
       4.0987381514467514e-01, -2.9102150178143998e-01,
       -3.8355149508036406e+00, 1.0963955055288645e+02,
       6.2299899369335456e+00, -6.6367142061320962e+01,
       1.9185438377155794e+01, 3.2273916295713652e+00,
       -8.8067918374835608e-01, 1.1150904553941672e+00,
       -1.8799837909085912e+02, -1.1191380044794947e+01,
       4.3931324587416320e+01, 8.0643605532933353e+00,
       -7.2044626384704236e+00, 2.3127796946138424e+00,
       5.1582815244250624e-01, -1.8543778913908934e-01,
       -1.9323274407756983e+01, -3.0390108854980721e+01,
       1.0496088196629211e+01, 1.9973459727284393e+01,
       1.6958652254766342e+01, -2.4839818876511179e+00,
       -1.4254147008513163e+00, -8.9609406515179524e-01,
       1.3047054170648289e+02, -2.9369082517552322e+01,
       -3.4841117561057438e+01, 2.3681954427715819e+01,
       -4.5265470947824014e+00, 1.2764539183221526e+01,
       5.6805563790982005e-02, 2.0366548849227462e+00,
       3.9455827690362035e+01, 2.5981998587517310e+01,
       -6.1830278997143040e+00, -8.4328696711097084e+00,
       2.2528904651366503e+01, 8.2968051348310468e-01,
       1.0840567815015749e+00, 1.2556320839707522e+00,
       -1.0912812186888621e+02, -5.2650425683358527e+01,
       3.0804107288932983e+01, 3.7272924909365351e+01,
       1.5774259287390968e+00, 2.7850601985256547e+00,
       1.7196310273663991e+00, 4.7418988079774149e-01,
       9.6197062371508011e+01, -2.9797019759483220e+01,
       -2.7075471252301956e+01, 2.1130572005102504e+01,
       -7.6103806815747950e+00, 1.0255914552044588e+01,
       -3.1988229040551790e+00, -2.7742787735318442e-01 ]
covs: !!opencv-matrix
   rows: 112
   cols: 8
   dt: d
   data: [ 6.5756300658379778e+03, -4.0111374793033156e+02,
       2.9909951586567981e+03, 4.3612660087683366e+02,
       3.7336376265803983e+02, -2.4689778652706929e+02,
       1.4395444186451377e+02, 6.4391489720817319e+01,
       -4.0111374793033173e+02, 6.3991654436897097e+03,
       -1.3337071859297751e+02, 2.1386602790463803e+03,
       -2.4738644788237792e+02, 1.5875879945161324e+02,
       -1.0095387034236937e+01, -1.0303607899540674e+01,
       2.9909951586567981e+03, -1.3337071859297743e+02,
       2.4176321036868653e+03, 1.3724402549277485e+01,
       -6.6062735455344239e+01, 4.1115600217557770e+01,
       -5.4147610131073591e+00, 8.8473308147470817e+00,
       4.3612660087683366e+02, 2.1386602790463803e+03,
       1.3724402549277499e+01, 1.2095871520409289e+03,
       1.2774037522626814e+02, -2.2387211555556810e+01,
       7.0198851971426492e+00, 3.4382089118305457e+00,
       3.7336376265803983e+02, -2.4738644788237784e+02,
       -6.6062735455344239e+01, 1.2774037522626814e+02,
       1.8772464390172931e+02, -4.6376865129044653e+01,
       1.1259769036294097e+01, -2.0144654191796487e+00,
       -2.4689778652706929e+02, 1.5875879945161324e+02,
       4.1115600217557777e+01, -2.2387211555556817e+01,
       -4.6376865129044653e+01, 1.5315554661393986e+02,
       1.5069287542587661e+01, -1.5526035257513037e+01,
       1.4395444186451377e+02, -1.0095387034236945e+01,
       -5.4147610131073609e+00, 7.0198851971426492e+00,
       1.1259769036294093e+01, 1.5069287542587659e+01,
       3.0369596599924968e+01, 9.2237062520113362e+00,
       6.4391489720817333e+01, -1.0303607899540674e+01,
       8.8473308147470853e+00, 3.4382089118305430e+00,
       -2.0144654191796492e+00, -1.5526035257513037e+01,
       9.2237062520113362e+00, 2.5243131454516547e+01,
       4.0459391306563534e+03, 6.6891338240779760e+01,
       3.0742777614195843e+03, 1.3614761129732065e+02,
       -1.1378691465607827e+02, -2.8547666175914955e+01,
       -5.2562510631922237e+01, -4.6729815594344384e+00,
       6.6891338240779703e+01, 5.5495326348654944e+03,
       -6.1336305531176365e+01, 2.4517701152269156e+03,
       -4.8253054465239160e+01, -1.3783194916627633e+02,
       3.7537901294881301e+01, -2.2516497473625861e+01,
       3.0742777614195843e+03, -6.1336305531176365e+01,
       2.5625287604106838e+03, 2.1840429859988664e+01,
       -8.3604890650774834e+01, 5.4026059130116373e+01,
       1.4995352456779900e+01, -5.2893638026076149e+00,
       1.3614761129732059e+02, 2.4517701152269156e+03,
       2.1840429859988635e+01, 1.1616087708351861e+03,
       -6.2493892155598026e+01, -9.0106977434630693e+01,
       3.2844826668030063e+00, 1.7895378252869691e+01,
       -1.1378691465607824e+02, -4.8253054465239146e+01,
       -8.3604890650774820e+01, -6.2493892155598026e+01,
       3.2264044710310046e+01, 6.5081598295640166e+00,
       4.0331860092467640e+00, -1.5479441198945125e+01,
       -2.8547666175914941e+01, -1.3783194916627633e+02,
       5.4026059130116373e+01, -9.0106977434630693e+01,
       6.5081598295640166e+00, 8.0629479349468909e+01,
       2.6705022590403512e+01, -7.6400670438319276e+00,
       -5.2562510631922230e+01, 3.7537901294881294e+01,
       1.4995352456779903e+01, 3.2844826668030072e+00,
       4.0331860092467631e+00, 2.6705022590403512e+01,
       1.9659713045094552e+01, -2.4715996703333700e+00,
       -4.6729815594344402e+00, -2.2516497473625865e+01,
       -5.2893638026076157e+00, 1.7895378252869683e+01,
       -1.5479441198945125e+01, -7.6400670438319258e+00,
       -2.4715996703333700e+00, 1.3877553122815263e+01,
       5.9744212619326809e+03, 6.0351200515043865e+02,
       2.8475634307754613e+03, -6.6473553526315072e+01,
       -7.3884717010040262e+01, 1.4045495843942800e+02,
       -3.5297438205002841e+01, 9.7528380951894551e+00,
       6.0351200515043888e+02, 6.2193066689079478e+03,
       -2.0234323198116533e+02, 2.1209103819063894e+03,
       -6.5187822356577243e+01, -1.2497931867731136e+01,
       7.2252078276583305e+01, -1.1866175757513075e+01,
       2.8475634307754613e+03, -2.0234323198116533e+02,
       2.5649779150280697e+03, -2.2481226476263164e+01,
       -1.1911737031995523e+02, 2.3406096313566653e+01,
       1.8412197915959410e+01, 4.3744523762840233e+00,
       -6.6473553526315044e+01, 2.1209103819063894e+03,
       -2.2481226476263213e+01, 1.1979011132150038e+03,
       -5.2462701513373773e+01, -1.6237194209213757e+02,
       -3.7589095632269043e+01, 1.6953840592054672e+01,
       -7.3884717010040262e+01, -6.5187822356577243e+01,
       -1.1911737031995524e+02, -5.2462701513373759e+01,
       2.8210935257376136e+01, 9.6476374654108419e+00,
       -4.3762604046776499e+00, -3.0093471167944870e+00,
