%YAML:1.0
means: !!opencv-matrix
   rows: 6
   cols: 11
   dt: d
   data: [ 1.3680916326936707e+01, -9.1901836972406755e+01,
       -9.5726927633746384e-01, 3.3938378481682363e+01,
       7.3542947614932352e-02, -1.1340468194168167e+01,
       -3.1926950637714413e-01, -6.3482351337763687e-01,
       -2.4730828882250749e-01, -4.4121077817446430e-01,
       -2.0433440846805442e-01, -1.6810372386600301e+02,
       -3.5907075080484397e+01, 4.1588573972255674e+01,
       3.2849773747949897e+00, -1.1332484222359220e+01,
       -1.6528136359853012e+00, -1.0196707438742660e+00,
       4.9766514704022424e-01, -2.7313394229693322e-01,
       9.2710560046651069e-02, -3.7388013303108987e-02,
       1.1492727704731654e+02, 6.0636319357230661e+01,
       -3.7108118027947931e+01, -1.4248227353497102e+01,
       -9.3787329082866844e+00, -4.5909759608144327e+00,
       3.9789446534513134e-01, -1.6810478911870658e-01,
       -6.5957912297068066e-01, -5.5957033798164690e-02,
       3.6321075935242440e-02, 4.1870731802967256e+01,
       -1.3067675073861086e+01, -3.9296595619504311e+00,
       9.0811646549531648e+00, 1.0665447447624944e+01,
       5.9908783370185379e+00, 1.0214951177268383e+00,
       -9.7772114563336565e-02, -1.9583871702507055e-01,
       4.0426248794834772e-02, 2.5078072608110645e-02,
       3.7124457802185042e+01, 3.1132849876713635e+01,
       -8.3318956994398334e+00, -2.1475937937018323e+01,
       1.7241247132506350e+00, -1.1991413404369112e+01,
       -7.8524579979717446e+00, 1.7824904344806023e+00,
       6.6728847022013182e+00, 6.8841436506915776e-01,
       3.4690769787082534e-02, -1.0720597546546763e+02,
       1.1480946255983275e+02, 7.1079655561141166e+00,
       -5.3607606812699849e+01, -1.0207544836980393e+01,
       1.5961504545622374e+00, 9.8188721988940209e-01,
       -6.4931202677208755e-01, -3.1947084180485358e-01,
       -2.0019298459241003e-01, 8.8374491558558435e-02 ]
covs: !!opencv-matrix
   rows: 66
   cols: 11
   dt: d
   data: [ 8.7515682526272267e+03, -1.6244464232447897e+03,
       2.4282278679247856e+03, -2.1934199991278342e+02,
       -6.1576675009575172e+02, -2.0856464477653476e+00,
       -2.4320453290373504e+01, -4.1792494225637704e+01,
       1.7630335144338563e+01, 1.2196141202206483e+01,
       -3.6492689993409737e+00, -1.6244464232447899e+03,
       1.6103713713887097e+04, -1.7659480698430364e+01,
       -6.1144965801198055e+02, -1.2008581490727764e+02,
       8.6827278608625147e+02, 1.5283370288190773e+02,
       4.6339009467351850e+01, -2.1490921043545917e+01,
       5.5291150350271444e+01, -1.2541097492629278e+01,
       2.4282278679247861e+03, -1.7659480698430389e+01,
       2.5975910576024371e+03, 1.8086067499962007e+02,
       1.0544693378834867e+02, -8.7253735512817485e+01,
       -1.1300005327216846e+01, 1.2402671335784802e+01,
       1.2753526544117804e+01, -5.7961681168623533e+00,
       1.8791020665984877e+00, -2.1934199991278331e+02,
       -6.1144965801198032e+02, 1.8086067499962004e+02,
       2.8082665760076302e+03, 8.7442053082393670e+01,
       -1.7807614650276821e+02, -3.4684613919196892e+01,
       -3.7262968071696413e+01, 1.4761825404590148e+00,
       8.6929750300199924e+00, 3.3281226346889023e+00,
       -6.1576675009575172e+02, -1.2008581490727768e+02,
       1.0544693378834866e+02, 8.7442053082393699e+01,
       3.1907082097944618e+02, 3.5699239995505202e+01,
       -9.2736182542647647e+00, 1.4580016636028581e+01,
       6.0199769251992414e+00, -3.3893342656314585e+00,
       2.4444727778285120e+00, -2.0856464477653507e+00,
       8.6827278608625147e+02, -8.7253735512817443e+01,
       -1.7807614650276821e+02, 3.5699239995505202e+01,
       2.6065875412415227e+02, 6.4446623178582145e+00,
       4.2513281184570522e+00, 2.8476240890254099e+00,
       6.0977172916328612e+00, -1.4218209456345976e+00,
       -2.4320453290373514e+01, 1.5283370288190773e+02,
       -1.1300005327216846e+01, -3.4684613919196877e+01,
       -9.2736182542647629e+00, 6.4446623178582119e+00,
       2.5619327875281027e+01, -1.7434151466808834e-01,
       2.0210503608454697e+00, 2.1537019030953197e+00,
       -1.1139108473515283e-01, -4.1792494225637711e+01,
       4.6339009467351850e+01, 1.2402671335784806e+01,
       -3.7262968071696399e+01, 1.4580016636028581e+01,
       4.2513281184570513e+00, -1.7434151466808839e-01,
       1.9516178083553605e+01, 3.8870443482252663e+00,
       -2.9418228109893305e+00, -6.5488848921592735e-02,
       1.7630335144338570e+01, -2.1490921043545917e+01,
       1.2753526544117804e+01, 1.4761825404590141e+00,
       6.0199769251992414e+00, 2.8476240890254108e+00,
       2.0210503608454702e+00, 3.8870443482252663e+00,
       8.0861669786926864e+00, -4.1899691721659504e+00,
       -1.7980947119781373e-02, 1.2196141202206483e+01,
       5.5291150350271430e+01, -5.7961681168623551e+00,
       8.6929750300199888e+00, -3.3893342656314602e+00,
       6.0977172916328630e+00, 2.1537019030953197e+00,
       -2.9418228109893314e+00, -4.1899691721659504e+00,
       5.0336649143984573e+00, -7.1703569544141241e-02,
       -3.6492689993409737e+00, -1.2541097492629278e+01,
       1.8791020665984881e+00, 3.3281226346889015e+00,
       2.4444727778285125e+00, -1.4218209456345976e+00,
       -1.1139108473515283e-01, -6.5488848921592735e-02,
       -1.7980947119781369e-02, -7.1703569544141241e-02,
       4.6860337877208107e-02, 6.7612666826670766e+03,
       -1.9147721657863985e+02, 2.9056944503516411e+03,
       -8.2563475965113059e+02, 2.2903844194894953e+02,
       1.8894876394071048e+02, 8.5168187776489972e+01,
       2.4183772766219455e+01, 1.7160652850184380e+01,
       2.2529896924352806e+00, -1.4147979892483236e+00,
       -1.9147721657863988e+02, 9.8766361089347938e+03,
       5.1915073222872627e+02, 9.9974932805668493e+02,
       7.3342394917808247e+02, 2.2820263208192705e+02,
       9.5506855159851455e+01, 3.9970066219560827e+01,
       1.3598857597618784e+01, 2.2198362312650527e-01,
       -3.5486927789394009e+00, 2.9056944503516415e+03,
       5.1915073222872616e+02, 2.4314409910119366e+03,
       5.6583716108408979e+01, -1.4746740660828422e+02,
       -2.3692642885703467e+01, -2.8560270729851066e+01,
       -6.4454133334235157e+00, -8.2021296506262011e+00,
       3.6611179760951174e-01, 6.5194846028714359e-01,
       -8.2563475965113059e+02, 9.9974932805668504e+02,
       5.6583716108409028e+01, 2.3891229804756640e+03,
       -3.0572987242998857e+02, 2.8678261319306277e+00,
       -2.5075219696167196e+01, -2.2587178789097322e+01,
       6.7493155966879581e-01, 2.1564564130986090e+00,
       1.5116629309831446e+00, 2.2903844194894958e+02,
       7.3342394917808247e+02, -1.4746740660828419e+02,
       -3.0572987242998857e+02, 2.7977781344823649e+02,
       7.8646607458493307e+01, 2.0642803219615597e+01,
       1.4349021197321605e+01, 9.1919182532215977e+00,
       1.8188170707066839e-01, -1.4490774777886466e+00,
       1.8894876394071045e+02, 2.2820263208192713e+02,
       -2.3692642885703460e+01, 2.8678261319306242e+00,
       7.8646607458493307e+01, 2.7570043063536610e+02,
       1.5683569138291829e+00, 9.0390000580894654e+00,
       6.9753923409730403e+00, -5.6936730156131010e-01,
       3.5667136251606779e-01, 8.5168187776489944e+01,
       9.5506855159851469e+01, -2.8560270729851066e+01,
       -2.5075219696167203e+01, 2.0642803219615601e+01,
       1.5683569138291835e+00, 3.1575660208884493e+01,
       3.9350471727704028e+00, 7.9859142116308268e-01,
       2.7992443234882761e-02, -2.1564421893301423e-02,
       2.4183772766219455e+01, 3.9970066219560834e+01,
       -6.4454133334235175e+00, -2.2587178789097322e+01,
       1.4349021197321605e+01, 9.0390000580894618e+00,
       3.9350471727704028e+00, 1.4157868645175483e+01,
       -1.3042101185676511e+00, 3.2084166274675135e-01,
       -4.0721915831167209e-02, 1.7160652850184380e+01,
       1.3598857597618787e+01, -8.2021296506262011e+00,
       6.7493155966879559e-01, 9.1919182532215977e+00,
