%YAML:1.0
means: !!opencv-matrix
   rows: 36
   cols: 5
   dt: d
   data: [ 1.1117892785068882e+02, -6.0002523701075589e+01,
       -8.7865121336476875e+01, -4.5061944100561639e+00,
       -1.1945945732018030e+01, 1.2960635904357321e+01,
       4.8967984044660618e+01, 3.2542043325504146e+01,
       5.9563245114250215e+01, 3.2133352838576634e+01,
       -1.8633652671226944e+01, 2.5889620389094002e+01,
       1.0466943797518232e+02, 2.7394216222573323e+01,
       5.7555429857867999e+00, 3.4533259888721574e+01,
       -4.0892947292795505e+01, 7.4328996143332589e+00,
       1.6761398917198623e+01, -1.1687520157480778e+01,
       -1.6340776292607822e+02, -1.0344320888691500e+02,
       1.0421189373303688e+01, -4.8389246783448371e+01,
       1.0399061674995322e+00, -7.7528312780219665e+01,
       -8.8396115531356244e+01, -6.3509987842844886e+01,
       -1.3205594054632069e+01, 1.7184718893801922e+01,
       1.0627186377243366e+02, -2.1473060285340146e+01,
       7.3057234881809137e+01, -9.1688786633231096e+00,
       2.2561546768565044e+01, -6.3309957827506992e+01,
       1.7624683411619861e+02, 4.6505333025398429e+01,
       -3.7884241501305551e+00, 4.5755917189498980e+00,
       1.7761430546237366e+02, -9.8544201529912300e+01,
       -2.0274660840014416e+01, -4.4577398056804022e+01,
       -1.0684808338637637e+01, -7.0159435553682144e+01,
       4.3633186525095518e+01, 4.8074006208482380e+01,
       -6.6255163954532279e+01, -5.3236979951039398e-01,
       -5.1864750913174625e+01, 1.4050040347256706e+02,
       -5.5785735377886695e+01, 7.2454684693901017e+00,
       9.2805447923098736e+00, -8.1620937513042307e+01,
       2.9028368850191075e+01, -3.5474266316753443e+01,
       6.2979678154118560e+01, 2.2557066694017145e+01,
       -1.2707598286194263e+02, 1.3000095957236499e+02,
       8.8408912065523424e+00, -5.4863950517516649e+01,
       -2.4798307123014443e+01, 4.9770021322343133e+01,
       7.1102869131971701e+01, -5.6634589811875486e+01,
       5.6347979239023900e+01, -1.3975969913985128e-02,
       1.2046138601527453e+02, 1.5210374658509380e+00,
       1.4770832616704741e+01, -4.9640656258658630e+01,
       2.6923488366532382e+00, 9.7986749167835256e+01,
       -8.0795714788542327e+01, -6.2300141333602967e+00,
       5.3040936403408935e+01, 3.1576909009848277e+00,
       4.1100774637589716e+01, -1.0142368612412500e+02,
       -3.9772798738379711e+00, -5.6600101595888482e+01,
       1.6754638656954949e+01, -2.7823065279764503e+00,
       -7.9213781962696530e+01, 1.5721508098028222e+01,
       2.5676613709573036e+01, 4.5867430673322872e+01,
       -2.5268851999271223e+02, -9.0360012384771281e+01,
       1.0781979841786724e+00, 4.0274617082395878e+01,
       -2.3524469417611062e+01, -1.4016548362935137e+02,
       5.3856720229527767e+01, 4.4517092818800208e+01,
       1.6987382765500378e+01, 3.1615238841985023e+00,
       1.6307568015120432e+02, 6.8276784235009359e+01,
       3.9206279588852226e+01, -3.7720793920676293e+01,
       -1.2800936289093762e+01, -1.1110169278100491e+02,
       -4.0376989701052374e+01, 3.1372228451241828e+01,
       2.2820717052709316e+01, 1.1221114708086137e+00,
       9.5578350909813224e+01, 1.2578376322361196e+02,
       2.5426255648751901e+01, 6.6126632599005895e+00,
       4.2557750952176061e+00, 1.4268410409898259e+01,
       1.1797199657799483e+02, -3.7813676589349299e+01,
       -4.6960776670772361e+01, -9.8721808527575181e+00,
       -2.2358586627743921e+02, 7.5015980399783700e+01,
       -3.1217362532553114e+01, -2.3009358925086413e+01,
       -1.2708923977702757e-01, 9.9483706743200088e+01,
       -4.4446590403209100e+01, -2.1462846382196563e+01,
       3.7445631212899080e+01, -2.7424118416877548e+01,
       1.2585147698935584e+01, -2.3587800079034062e+02,
       7.1648039987868390e+00, 7.5708368169663316e+01,
       -2.2302527037746733e+00, 2.1718407494757361e+01,
       -6.4261480554928042e+01, 2.5360010701719045e+00,
       4.6494560547939003e+01, -3.9731312389130352e+01,
       3.5969554212219926e+01, -1.8920171762085175e+01,
       -6.2426423321717429e+01, -1.9971291770592661e+01,
       8.8072185327332839e+00, 2.3403487449140221e+02,
       -9.6401193712727662e-01, -2.0101090643551798e+00,
       7.3129574329536995e+00, -1.5842077609726426e+01,
       -4.9982798877681788e+01, 4.7867291001901215e+01,
       -3.5498713452704287e+01, -6.1532062044860666e+01,
       1.1326058809244868e+01, -9.3792840631079208e+00,
       -6.8148804423279429e+01, 6.9810861320777062e-01,
       3.0384647569242449e+00, 3.3364139653167591e+01,
       -2.4775005603027697e+02, 1.4415195987535645e+01,
       1.1959539374745297e+01, -7.0361417106136654e+00,
       -1.1967257952537027e+01, -1.3918465425098074e+02,
       -8.4600750779026768e+01, 8.3688122727240980e+01,
       1.4270650719907284e+01, -2.5149581419580976e+01,
       -3.8062817160779964e+01, -7.4260361491239820e+01,
       8.4646345321092880e+01, -5.2999546615131166e+01,
       2.7897098359947021e+00, 1.3893525450122092e+02,
       6.8467582524831329e+01, -5.8867850390408996e+01,
       4.8005280558517711e+01, -9.4730176158128465e+00 ]
