%YAML:1.0
means: !!opencv-matrix
   rows: 17
   cols: 11
   dt: d
   data: [ 4.5119533756910055e+00, 9.3029128849534487e+01,
       -1.1442751951361586e+01, -4.6204849239309240e+01,
       9.7151154694961601e+00, -2.5212351610842343e+00,
       1.6818223393768890e+00, -3.2488164972032801e-01,
       -3.1495377501592703e-01, 4.4519707190359692e-02,
       -2.3397066001725687e-02, -2.4467089353004901e+01,
       -1.2803415603835548e+00, 9.5375014636902602e+00,
       -4.7799563067921351e+00, 3.0457533705306798e+01,
       3.6096507192971758e+00, 1.0473108491028760e+00,
       -9.3953340017318832e-01, -1.8528152190037575e-01,
       6.9791843933988226e-02, 8.2492715019468324e-02,
       -1.5942845726513733e+02, 3.8117234933379236e+00,
       4.1345813987478770e+01, -1.1828745675214883e+01,
       -1.5194296916213150e+00, 3.0543136792729801e+00,
       6.7420472948795862e-01, 1.2730687157251139e+00,
       -8.4432786910217128e-01, -3.3004448999757900e-02,
       -2.1359456323902841e-02, 1.0813577898507471e+02,
       -4.2334015234078528e+00, -2.3767086981759832e+01,
       1.1697911199624604e+01, -8.3382604545160366e-01,
       1.3928133732784320e+00, 4.9391661207352555e-01,
       -1.1059522871330716e-02, -3.0815035244350464e-01,
       -4.4407607097555660e-02, -8.7375925041149605e-02,
       5.5837026393830570e+01, -8.3732572105213130e+00,
       -8.3509674400989109e+00, 2.3647526294156154e+00,
       2.2314767663726315e+01, -1.0850415925416639e+01,
       -5.1439397228858919e-01, -1.0890672187817072e+00,
       -9.4644779526257183e-01, 2.1624937952871925e-01,
       6.4668783700603361e-02, 4.1212078032469982e+01,
       1.2744892100069765e+02, -2.8537689905389431e+01,
       -4.9361812749002823e+01, -8.5096170302848098e+00,
       2.0714328347799067e+00, 1.8269600097029064e+00,
       -2.0472749048243574e-02, -2.8344312396875104e-01,
       -1.0133741856525877e-01, 4.2377293965646830e-02,
       2.2927963434885800e+01, 1.6854692314873073e+01,
       -4.0507707567277844e+00, -1.7426947473726159e+01,
       2.4610870746282703e+00, -1.0560359763738708e+01,
       -6.6693998044340086e+00, 1.7561098440168805e+00,
       6.2735064770556050e+00, 2.5497931234774102e-01,
       -3.2119299558316737e-02, -3.0013930222401257e+01,
       -2.5224912181277426e+00, 5.1562138149955210e+00,
       -7.7503927478408849e+00, -6.6235147317103840e+00,
       -1.2720136560406443e+01, -6.3902206522352553e-02,
       -4.2851279638921058e-01, -1.3540543981580020e+00,
       -5.9927211502540073e-02, -3.0110599566243457e-01,
       2.6539740159471869e+01, -8.0748643483030150e+01,
       1.1774087207281736e+01, 4.1792797246181252e+01,
       1.5395878171694655e+01, 2.0697115013880261e+01,
       2.3538450938539168e+00, -8.9095665436175503e-02,
       1.3155828335774086e-01, -3.8191660645903090e-02,
       -1.2502561481620605e-02, 9.9341904968338483e+01,
       -4.4270912772901198e+01, -2.1943129334263585e+01,
       3.6891242501139359e+01, -2.7602520576579010e+01,
       2.3363677369788007e+01, 1.0881271070265346e+00,
       1.2886597835238194e+00, 4.8966456327105123e-01,
       3.4338943212162909e-02, 1.4700955631192558e-01,
       1.1625474848410082e+02, 1.2145098276309065e+01,
       -3.6660633561812908e+01, 7.8009951060098572e+00,
       -6.5682112013024279e+00, -6.3320842456161222e+00,
       -2.4120444517368034e+00, -1.0397473091418392e+00,
       -4.3083120242022743e-01, 4.4053883293658092e-01,
       4.9485902893187983e-01, -1.3183780222936247e+02,
       1.0749489206047654e+02, 1.2133873659377869e+01,
       -5.1609725318658008e+01, -1.0584620721850696e+01,
       -1.6430242112649278e+00, 4.3624171258572869e-01,
       -1.7485616911669463e-01, -3.0460444375494087e-02,
       -1.4872955177581598e-01, 7.5346900772596828e-02,
       1.0310541379737217e+02, -7.7480262255125609e+01,
       -2.1466107725854840e+01, 4.6285593414047696e+01,
       -1.1029978833043215e+01, -8.2080025063506024e-01,
       1.7079926973867612e+00, -1.8796756028273949e+00,
       -5.4521290328104521e-01, 1.3402480964509846e+00,
       -3.2227339724333759e-01, 4.1653948149258015e+00,
       -1.9532319898309444e+02, 1.5216999140686900e+01,
       6.7897244564842978e+01, 1.0043825004736865e+01,
       -2.0911569000415927e+01, -1.9106420516279183e+00,
       -1.0222038586387927e+00, 2.7873456123049761e-01,
       -1.2903529138701280e+00, 2.7742126741802091e-02,
       -1.4871110602673207e+02, -4.0347785611464147e+01,
       3.5772684788608728e+01, 1.1985053460249732e+01,
       -1.0410814489118465e+00, 1.1900346732618550e+01,
       -1.1319463020270228e+00, 3.1998077871836894e-01,
       3.0109470802780138e+00, 3.9136375105290855e-01,
       -1.0714187136195322e-02, -1.7507198210209745e+02,
       -1.0128852786875009e+02, 4.9076156335825857e+01,
       3.5056203373761157e+01, -3.0431162490518034e+01,
       -1.5763621691651064e+00, -2.4860998922666644e+00,
       -3.4114758067134800e-02, -1.1464219086406333e+00,
       -4.2129544601043276e-03, 7.5324898647707028e-02,
       1.7966226251924201e+02, 2.1629843936220031e+01,
       -4.6741068774393568e+01, 9.2133425335656334e+00,
       -1.1732547100476451e+01, -7.7720603419170606e+00,
       2.7462266669066254e-01, 1.1362145804780600e-01,
       -9.6271400276662500e-01, -1.9836393870038552e-01,
       -5.0436554860809980e-02 ]
