%YAML:1.0
means: !!opencv-matrix
   rows: 4
   cols: 20
   dt: d
   data: [ 5.7593284582398873e+01, -2.1134111495793551e+01,
       -7.6195046145156811e+00, 1.5619237242046459e+01,
       8.9622412337414161e+00, 5.1584558570091827e+00,
       5.0954491798046964e-01, -2.0383976859569450e-01,
       -2.1859382241438655e-01, 8.0605506773517077e-02,
       5.7223637055161890e-02, 1.3975402183050666e-02,
       8.7456246949468429e-04, -6.0788500243149825e-03,
       1.5007487722695620e-02, 6.2783785550641453e-04,
       -2.2092308067962321e-04, -3.1619558544263996e-03,
       -3.6542687925965821e-04, -1.2066882020619410e-03,
       -1.4534684591786979e+02, -1.8382610123801534e+01,
       3.6564466553395583e+01, -2.3390350739295174e-01,
       -9.6693548145704522e+00, -6.5089644998194932e-02,
       -1.9572060989933243e-01, 7.0992357723855637e-01,
       -1.0026366394506454e+00, -2.5139690486062165e-02,
       -8.5737361114880655e-03, 9.8793938596752860e-03,
       1.1414216226822858e-03, 6.9888588913904624e-04,
       -7.5491456544966714e-03, -7.6485395468965465e-03,
       -3.8580434053189642e-04, 3.2804471611364781e-04,
       -1.5899135293468765e-03, 1.2343313550374712e-03,
       -2.6610597112697771e+01, -4.5369540623276173e+01,
       8.7039208469512541e+00, 7.4467415777953336e+00,
       2.7707848837696112e+00, -1.0393757849133522e+01,
       -4.0290987212587526e+00, 3.5330879605751103e-01,
       3.8461014853404856e+00, 3.1967899589815121e-02,
       -5.9561723665519026e-02, -5.2260026957304695e-02,
       -1.4653774223814900e-02, 8.3182365539629377e-03,
       -5.5982169447348481e-03, 2.4197027518360874e-03,
       1.0883374316329783e-03, 4.4317963067741738e-03,
       2.8248686961599898e-03, 1.1548843641032169e-03,
       5.6390442941466880e+01, 6.9125179705472348e+01,
       -2.5334291210358852e+01, -2.6485522906802387e+01,
       -6.0073631861428538e+00, -2.7016916461269256e+00,
       1.3186763050607817e+00, -4.9553134375344204e-01,
       -5.9506765066411937e-01, -1.0506570500236552e-01,
       -4.9810047799492926e-02, -5.2596823066318760e-03,
       4.6100756998278883e-03, 4.6172293059456018e-03,
       -1.2859789742241437e-02, 4.6710761868758652e-03,
       1.0552276535119553e-04, 2.2322947605509028e-03,
       5.9215820495897022e-04, 2.3036518886891333e-04 ]
covs: !!opencv-matrix
   rows: 80
   cols: 20
   dt: d
   data: [ 8.3144280965762136e+03, -2.3758586293995359e+02,
       1.8791476359767687e+03, -4.2746891053310560e+02,
       -1.1578840408407864e+03, -5.5904317705017746e+01,
       -9.1843849195717439e+01, 3.9042299331463902e+01,
       -1.7208825827676421e+01, 3.2148755353266707e+00,
       3.0389894517298299e-01, -2.3924835708734746e-01,
       5.9527443936571375e-02, -1.3433176750028869e-01,
       6.1345215037793144e-01, -1.5274506351694253e-01,
       -1.1394051472115761e-01, -5.5308857275172554e-02,
       1.0393058252987069e-02, -6.7897927576744061e-03,
       -2.3758586293995359e+02, 8.2942030363274025e+03,
       4.2471755254087032e+02, 1.5579640766222535e+03,
       -5.1287290182524288e+01, -4.5092333212575375e+02,
       -6.6726267257419124e+01, -2.2075825257232317e+01,
       -9.6251973664032935e+00, -6.3539984997545780e+00,
       9.4779224260392952e-02, -8.2445008968804381e-03,
       2.6469563738264461e-02, -2.7499970335915125e-01,
       2.8966509313238475e-01, -7.0259923902086283e-02,
       1.3789161446750464e-02, -1.7567223957360070e-01,
       2.3258062530809514e-02, -5.0725470497758940e-02,
       1.8791476359767687e+03, 4.2471755254087037e+02,
       2.8495736126955635e+03, -1.0925311561311332e+02,
       2.6633243275714165e+02, 1.7653091906879382e+01,
       3.0967446824337976e+01, -1.2124324743891600e+01,
       6.6641533890517535e-01, -3.8950463521708006e-01,
       -4.3483149375337216e-01, -2.4427094355932341e-01,
       6.8670811185298705e-02, 6.8936177884918889e-02,
       -1.8886372349192523e-01, 7.3964454478659902e-02,
       1.9099728071872893e-02, 4.6244544038102818e-02,
       -2.1360329598855317e-02, -3.0766898574793696e-02,
       -4.2746891053310549e+02, 1.5579640766222535e+03,
       -1.0925311561311332e+02, 2.2353255103818365e+03,
       -1.3240885525419753e+02, 1.2398449478212432e+02,
       1.2569572961106889e+01, 1.3749652518824858e+01,
       8.2071535129576514e+00, -1.5710463671826878e+00,
       1.3001692678849378e-01, -9.9688400937871999e-02,
       -1.5017410117658853e-02, 4.7858407985994139e-02,
       -9.0166582834009260e-02, 8.6840565054522277e-03,
       4.3927962431393542e-03, 8.3834378884620211e-02,
       1.5209702043487998e-02, 6.6776121984786071e-03,
       -1.1578840408407862e+03, -5.1287290182524309e+01,
       2.6633243275714176e+02, -1.3240885525419753e+02,
       6.2877073817797793e+02, -1.3583688143747369e+02,
       -8.9112664314097998e+00, -1.6662002711649698e+01,
       -9.3125511256031785e+00, 2.6886182633558320e-01,
       -3.5716266586066264e-01, 4.5120334436391640e-03,
       1.2617552230472394e-02, 6.5782874989121845e-02,
       -1.4978594484969818e-01, 7.3857794459327525e-02,
       -1.8861471090350745e-03, 3.6269694591920684e-02,
       7.6481580111324341e-04, 2.6680364495975818e-03,
       -5.5904317705017746e+01, -4.5092333212575375e+02,
       1.7653091906879379e+01, 1.2398449478212432e+02,
       -1.3583688143747369e+02, 2.7194249308741018e+02,
       -3.2855814702991712e+00, 2.5706366241099863e+00,
       5.5766619523273500e+00, -2.8331794050898060e+00,
       -6.5392234529844695e-01, -1.9592591768108275e-01,
       -8.7941309116238518e-03, 4.1590993719129971e-02,
       -1.0553223239589035e-01, 6.8878924009715001e-05,
       3.1408973807105951e-02, 3.2700683122171711e-02,
       1.8854504288483973e-04, -7.4284716246646653e-03,
       -9.1843849195717439e+01, -6.6726267257419153e+01,
       3.0967446824337976e+01, 1.2569572961106891e+01,
       -8.9112664314097998e+00, -3.2855814702991712e+00,
       2.5004164336508158e+01, -3.4162485168110782e-02,
       3.7575665211164346e+00, 6.7736819208365828e-02,
       -8.7590615743135564e-02, 5.1630502889088041e-02,
       -3.0299821742636370e-02, 4.8643939133217531e-03,
       -9.0335643837595511e-03, 3.4400796367747431e-03,
       3.2778720493766944e-03, 5.9388663796611126e-03,
       -2.6195760954029449e-03, 1.9024140088162301e-03,
       3.9042299331463887e+01, -2.2075825257232314e+01,
       -1.2124324743891597e+01, 1.3749652518824854e+01,
       -1.6662002711649698e+01, 2.5706366241099876e+00,
       -3.4162485168110844e-02, 1.4587452314519396e+01,
       -7.3076875392850615e-01, 6.3146454138944974e-01,
       -2.1744085569341976e-02, -4.7970069331413814e-03,
       -7.1147946893480524e-05, 1.2116669927098766e-02,
       -3.9140543443732237e-03, 9.3562036630487518e-03,
       1.1473421764035600e-04, -5.6669622529446012e-03,
       -8.9767134233437705e-04, -1.1926006913770930e-03,
       -1.7208825827676417e+01, -9.6251973664032935e+00,
       6.6641533890517590e-01, 8.2071535129576514e+00,
       -9.3125511256031785e+00, 5.5766619523273500e+00,
       3.7575665211164346e+00, -7.3076875392850615e-01,
       1.2983432343993992e+00, -1.9432270014863164e-02,
       -1.5795819663638176e-03, 1.3113709642906908e-02,
       1.6421003360307631e-02, -5.2085867759888219e-04,
       -4.9982412378893398e-03, -8.7258040994645067e-04,
       6.7830087782980988e-04, -3.7425617596071594e-04,
       -5.8556968786346777e-04, -1.4720673459655443e-03,
       3.2148755353266707e+00, -6.3539984997545780e+00,
       -3.8950463521708034e-01, -1.5710463671826878e+00,
       2.6886182633558309e-01, -2.8331794050898060e+00,
       6.7736819208365801e-02, 6.3146454138944974e-01,
       -1.9432270014863171e-02, 2.7940860809298268e-01,
       2.2119874947229917e-02, -1.7172658576347047e-03,
       3.0339382917601867e-03, -1.0327640511139631e-02,
       -2.1513083756762690e-03, -5.2916205307930214e-04,
       -5.0072498662048878e-04, -4.4087862133274406e-04,
       -2.0862242612789444e-04, 9.8900921362479250e-05,
