%YAML:1.0
means: !!opencv-matrix
   rows: 23
   cols: 7
   dt: d
   data: [ 6.3242968763099569e+01, -5.2428506357481929e+01,
       -2.1275401951674667e+01, 3.3008091969681843e+01,
       8.7439093861767070e+00, 1.6722903450867786e+01,
       -2.2707193760191662e+00, -1.9942061278852867e+02,
       -4.2906041487475094e-01, 4.6402136352590205e+01,
       3.4603079884541783e+00, -1.1004805893111461e+01,
       3.5389783987387387e+00, 3.3238117759539854e-01,
       -7.6371349062166765e+00, 1.0317717062213193e+01,
       3.7227387382084870e-01, -7.2286745974004685e+00,
       7.9179538155714049e+00, -3.0909688580635915e+00,
       -1.9922712826238664e+00, 1.3881976471866496e+01,
       1.5947388745358444e+02, -9.7895447167555449e-01,
       -8.6940518465937316e+01, 1.6664592938587077e+01,
       1.7448898857791981e+01, -5.0004370724160152e-01,
       -1.7337256001559911e+02, 7.1902267705050349e+01,
       3.6271923674915840e+01, -4.6114500537808702e+01,
       -1.9229151290311147e+01, -2.1606625902254715e+00,
       -1.4808068337199753e+00, 1.4943517213557635e+02,
       3.4975577657779109e+00, -4.1781373371299253e+01,
       1.0398767962897513e+00, -6.6989480252446372e+00,
       1.0496650098250228e+01, 1.9545509190186806e-02,
       1.4084767684570414e+02, 8.4389385512028753e+01,
       4.8235265791815884e+01, 2.9633246029982384e+01,
       8.3026784921372503e+00, -2.0663387668166222e+00,
       -3.8828864031552812e-01, 4.2990494155797791e+01,
       2.6828997176391894e+01, -3.1918311223971173e+01,
       -7.4248533972822868e+00, 1.5345979261839091e+01,
       3.7670921627648006e+00, 1.0009599492843233e+00,
       8.5360757950049447e+01, -3.7091988537108215e+01,
       -2.7931624193439589e+01, 2.3155865524819905e+01,
       -8.9084284795630566e+00, 9.4834016224752489e+00,
       -3.2585051909027887e+00, 8.2808713377751218e+01,
       1.6873431383573941e+01, -2.2942288048954669e+01,
       -3.2474123818186136e+01, -2.5868105331100789e+01,
       -1.9878850332061639e+01, 1.0685773659222138e+00,
       -1.6358061297828274e+02, 3.1015956842229851e+01,
       3.5184274672177430e+01, -1.2198423490526880e+01,
       -3.7714060379653969e+00, 1.6642288124092875e+01,
       -2.5559029922933778e+00, 1.1508262413964857e+02,
       -4.8483864219947215e+01, -3.0004980267375643e+01,
       3.5726852164956938e+01, -3.5318771605562471e+00,
       1.2806655411067304e+01, 3.7221173743510159e-02,
       -8.9913984270250921e+01, 1.8318422586345939e+01,
       2.8934307979185068e+01, -1.6288890091995508e+01,
       1.5436953774179914e+01, -1.6465258177000717e+01,
       1.4930300984918334e+00, -2.8560222884052532e+01,
       -3.6865389556197805e+01, 8.7087632625165483e+00,
       2.3646499453675077e+01, 2.0355218892308930e+01,
       -6.2960161348374397e+00, 2.3924399920574477e+00,
       1.3597186494888953e+02, -5.6541115573216580e+01,
       5.1877210840457330e+01, -3.2188311545570038e+01,
       1.1514203247771889e+01, 3.0104376043824370e+00,
       -1.0817619537454227e-01, -3.7705319739165954e+00,
       3.6225256951417485e+01, 8.1579843407197039e+00,
       -2.1762619900334311e+01, 3.8917405770129861e+01,
       -5.1303293079381884e+00, 1.1298855484321926e+00,
       -1.5286875531347269e+02, -7.3978762178102500e+01,
       2.6084401004232667e+01, 4.6666128753213464e+01,
       -8.9838618564163060e+00, 5.5362493975080591e+00,
       -3.2910314412548036e-01, 1.6344270591928276e+02,
       1.3040113565700787e+01, -4.8354867288540362e+01,
       -1.2425444593603139e+01, -6.8485358584406768e+00,
       1.3138111947846530e+01, -9.1872787713784682e-02,
       2.5992804080824349e+01, -1.0171499866249351e+02,
       -9.7699149339367892e+00, 6.8476974168126844e+01,
       -4.2024775861626100e+00, -1.7007867569899573e+00,
       2.0588573571487592e+00, -6.5475266977765145e+01,
       -6.3502579219809668e+01, 2.2530361197844517e+01,
       4.4059315214069620e+01, 1.2073737449223465e+01,
       -6.1468018923888081e+00, 5.1223793707654279e-02,
       6.3408932716446785e+01, 3.0931112844092933e+01,
       -2.3701847187658789e+01, -3.5012716019733837e+01,
       -1.3317366498724885e+01, -1.7417827367460724e+01,
       9.3432035103275246e-01, -2.1418609825070840e+02,
       9.9578546033957792e+01, 4.7602020959566580e+01,
       -5.0596414039387554e+01, -2.0857994546759876e+01,
       2.8548882919196423e+01, -5.3349793758688149e+00,
       -1.3632563244515327e+02, -9.7118078117408928e+01,
       2.8955665832206538e+01, 6.7495038788344999e+01,
       -1.5644651065991818e+01, -1.2486091726830300e+00,
       8.0730135337821596e-01 ]
