%YAML:1.0
means: !!opencv-matrix
   rows: 13
   cols: 2
   dt: d
   data: [ -2.2823354092367148e+02, -9.0298054294216058e+01,
       3.3245733731672416e+01, -7.2033663268643451e+01,
       1.0618207955594227e+02, 1.8780152294621509e+01,
       5.2194296942597624e+01, 1.3943338703581543e+02,
       -8.0614159763092132e+01, 1.6984563865283178e+02,
       -8.1739282000126252e+01, 6.3240171249761339e+01,
       1.1017249450704830e+02, -1.1990508554467972e+02,
       -5.2471273809623710e+01, -1.5673612043694638e+02,
       -8.5164940650824818e+01, -5.8107502278103276e+01,
       1.0686727349952889e+01, 2.5299474973646674e+01,
       -2.0499045984864978e+02, 4.2672591037060272e+01,
       1.8460317044697658e+02, 7.3344986524947970e+01,
       1.9512098377557200e+02, -4.1368271738643749e+01 ]
covs: !!opencv-matrix
   rows: 26
   cols: 2
   dt: d
   data: [ 3.1654483025875320e+03, -2.0601688702194562e+02,
       -2.0601688702194571e+02, 6.6386057220200837e+03,
       2.3508665969137355e+03, 5.7813855201702097e+02,
       5.7813855201702097e+02, 3.5608286519893181e+03,
       2.0791986019277224e+03, -3.3919568305653871e+02,
       -3.3919568305653871e+02, 4.0729329449953057e+03,
       5.1280861693798452e+03, 2.0273204339696352e+02,
       2.0273204339696358e+02, 4.3700409372553777e+03,
       6.3087420951585455e+03, 2.7677112792052606e+02,
       2.7677112792052606e+02, 3.6927890478845425e+03,
       3.4898572293772004e+03, 1.1872050324167726e+03,
       1.1872050324167728e+03, 3.5354141144095270e+03,
       3.2130592155120066e+03, 4.4803001538126102e+02,
       4.4803001538126114e+02, 2.9912569873143339e+03,
       8.3924368787644362e+03, -3.7515222643148218e+03,
       -3.7515222643148213e+03, 9.5137110711094610e+03,
       2.3542156288659744e+03, 3.7171754448268291e+02,
       3.7171754448268280e+02, 5.5007899149817758e+03,
       2.4969118700251138e+03, 3.8662595901636047e+02,
       3.8662595901636047e+02, 2.7293114651093811e+03,
       4.4134832630525843e+03, -3.4996678563908638e+01,
       -3.4996678563908681e+01, 6.2815915240589929e+03,
       4.2476101708537381e+03, -2.2433035947714771e+02,
       -2.2433035947714771e+02, 4.5873834391991004e+03,
       3.6033290629923063e+03, -3.1824569344640008e+02,
       -3.1824569344640020e+02, 4.6515373043716781e+03 ]
weights: !!opencv-matrix
   rows: 1
   cols: 13
   dt: d
   data: [ 5.1080663568287880e-02, 1.0146246377501884e-01,
       1.0460100218074127e-01, 7.8993961787539896e-02,
       5.8291468514451765e-02, 8.6718337192159364e-02,
       7.0910814244153020e-02, 5.8159154475553067e-02,
       9.8973190063032734e-02, 1.0622806390158478e-01,
       7.0213283280646036e-02, 5.2065196165088333e-02,
       6.2302400851737237e-02 ]
pca_proj: !!opencv-matrix
   rows: 2
   cols: 21
   dt: f
   data: [ 1.02604255e-02, 8.46533298e-01, 5.67100069e-05,
       -5.08859605e-02, 4.68450844e-01, 1.89823491e-04, -5.55210514e-03,
       1.46431834e-01, -1.98076777e-05, -7.31809530e-03, 1.34976640e-01,
       -4.80776835e-05, -6.69380091e-03, 1.46460637e-01, -1.57161594e-05,
       2.11501210e-05, 1.32904761e-05, -3.16381829e-07, -1.62182951e-05,
       4.47223283e-04, 4.04881848e-06, 8.19958210e-01, 1.87153444e-02,
       -7.93817599e-05, 4.28530097e-01, 8.29724409e-03, 8.75842488e-06,
       2.28233948e-01, -2.37727305e-03, -1.84168690e-04, 2.08515689e-01,
       -1.20344283e-02, -2.14158339e-04, 2.18838796e-01, -7.27251405e-04,
       -1.84816250e-04, -3.05604735e-05, -5.04301033e-06,
       -1.27042276e-05, 6.79167337e-04, 1.30049409e-06, -1.63660501e-04 ]
pca_mean: !!opencv-matrix
   rows: 1
   cols: 21
   dt: f
   data: [ 4.33646118e+02, 2.44701981e+02, 1.49672687e+00,
       4.18191803e+02, 2.60206879e+02, 1.62062907e+00, 3.68545319e+02,
       2.27059875e+02, 1.69770968e+00, 3.19420807e+02, 1.63929108e+02,
       1.75046074e+00, 3.16613464e+02, 2.25532654e+02, 1.70717156e+00,
       1.08872897e-04, -9.74175637e-05, 6.24380555e-05, -2.17504916e-04,
       -2.50119597e-01, 1.75055194e+00 ]
gamma: !!opencv-matrix
   rows: 13
   cols: 1
   dt: d
   data: [ 9.0246628863900458e-01, 8.3491039847063031e-01,
       8.5175499206776495e-01, 8.8381188230002683e-01,
       8.8979948420002175e-01, 8.4711144797060522e-01,
       8.6181492611665533e-01, 9.2158087715272530e-01,
       8.5610098191131856e-01, 8.2030160306496358e-01,
       9.0225835668335386e-01, 8.9040018064360482e-01,
       8.8752547248223368e-01 ]
