%YAML:1.0
means: !!opencv-matrix
   rows: 16
   cols: 4
   dt: d
   data: [ 1.5765565193132809e+00, 1.1330357363688793e+02,
       -6.2144715274051023e+01, 4.2866392798621682e+00,
       9.3420806308406469e+01, -1.0625425561578497e+02,
       -6.6304853754282533e+01, -4.0211686031256910e+00,
       1.8965889823217262e+02, -7.5517451527355263e+01,
       1.2434748773082278e+01, -2.0866619471157570e+01,
       -7.0890492231066673e+01, 8.8782449000185490e+00,
       2.3883497350169495e+01, 3.1163829318112185e+01,
       9.4918252076126649e+01, 1.4243243716267986e+02,
       2.3133818543162530e+01, -9.6093671926325861e+00,
       -1.8282447012514365e+02, -7.3435704388274161e+01,
       5.3707898977604152e+01, 1.5730054212327875e+01,
       6.6601449500374926e+01, -1.1675076423626982e+02,
       3.6031905515178806e+01, -4.0559755126355292e+01,
       -5.5655228911956691e+01, -5.2490664039083846e+01,
       -2.6501442335528953e+01, 3.7616501331365114e+01,
       6.5352349962748619e+01, -7.5563493020387602e+00,
       -5.1126467149791587e+01, 6.4575029185548644e+01,
       -1.6197037402278269e+02, 8.2436093664373857e+01,
       1.6617837660281293e+01, -2.9857915158780543e+01,
       4.5908503750121028e+01, 4.0066310555061925e+01,
       -1.9461307424578937e+01, -7.7709798294230282e+01,
       6.9177752423924787e+01, -1.1770685887362774e+01,
       6.2632394832594514e+01, 2.3386779531740018e+01,
       1.7220191491833975e+02, 2.3117503337754716e+01,
       2.7266408140156685e+01, 5.4717671031640108e+01,
       -4.7942707680925189e+01, 4.7326879278475360e+00,
       9.2031723006773319e+01, -2.6362144717319527e+01,
       -6.5295162881780996e+01, -8.2645387702183683e+01,
       -3.5956480238975651e+01, -4.4416552971630445e+01,
       -2.6226898574716154e+02, -4.1869889038867541e+01,
       -1.5715715294508060e+01, 1.8910474152553775e+01 ]
covs: !!opencv-matrix
   rows: 64
   cols: 4
   dt: d
   data: [ 7.5772594031541576e+03, -2.1475027606090493e+03,
       -5.8914395654588411e+01, 1.3099748446111628e+03,
       -2.1475027606090493e+03, 5.9760025966433632e+03,
       3.9463713829736918e+02, 5.0790849359750212e+02,
       -5.8914395654588461e+01, 3.9463713829736918e+02,
       9.9089869322178822e+02, -4.9258580329796633e+00,
       1.3099748446111623e+03, 5.0790849359750200e+02,
       -4.9258580329796731e+00, 1.3889236561321254e+03,
       4.3158049595059510e+03, 5.5775251759797300e+02,
       8.1438782447334074e+02, -6.9261961682065032e+02,
       5.5775251759797300e+02, 2.8271287145449578e+03,
       -2.6645561237035878e+02, -1.9170729901325271e+02,
       8.1438782447334074e+02, -2.6645561237035884e+02,
       1.5819316519634108e+03, -2.9250558812432306e+01,
       -6.9261961682065032e+02, -1.9170729901325274e+02,
       -2.9250558812432285e+01, 6.5628267227755373e+02,
       3.7490242402454169e+03, 2.9474915420271117e+02,
       -4.3243195161411597e+02, -2.7599949223638725e+02,
       2.9474915420271117e+02, 3.6948538652442753e+03,
       -2.4108501861650268e+02, -5.1617624908086462e+01,
       -4.3243195161411592e+02, -2.4108501861650268e+02,
       8.2876818663797303e+02, 1.8481500601019050e+02,
       -2.7599949223638714e+02, -5.1617624908086448e+01,
       1.8481500601019050e+02, 1.0515581813605718e+03,
       7.8116583083334554e+03, 9.3368452682100337e+02,
       5.5426560515280448e+02, -1.2384449824186256e+03,
       9.3368452682100337e+02, 3.7912349973060423e+03,
       7.9952840313359603e+00, 1.0749065894747962e+03,
       5.5426560515280437e+02, 7.9952840313359639e+00,
       2.1307404612907571e+03, 3.2228970786508178e+01,
       -1.2384449824186254e+03, 1.0749065894747962e+03,
       3.2228970786508178e+01, 1.1170924128117840e+03,
       7.9193673579206643e+03, -1.5734141732392345e+03,
       -8.8940446005128123e+01, 7.2911359883109571e+02,
       -1.5734141732392341e+03, 4.6346527431236282e+03,
       3.6729236506091763e+02, -4.6432212172627985e+00,
       -8.8940446005128138e+01, 3.6729236506091763e+02,
       9.9512084774311290e+02, -2.3956933351529975e+02,
       7.2911359883109571e+02, -4.6432212172627931e+00,
       -2.3956933351529980e+02, 9.8040915084971152e+02,
       3.9382484709766491e+03, -1.3982227670724258e+03,
       1.9630672806922262e+03, -4.4734718704739134e+02,
       -1.3982227670724258e+03, 9.0059754263541054e+03,
       7.5867678937034816e+02, 9.5782082197272575e+02,
       1.9630672806922264e+03, 7.5867678937034816e+02,
       1.5889717112580363e+03, -4.6094563625588776e+01,
       -4.4734718704739117e+02, 9.5782082197272575e+02,
       -4.6094563625588769e+01, 2.3782547141385703e+03,
       2.2653544835290209e+03, -7.9744991564995462e+02,
       5.7349643873402999e+02, -2.5117650656634879e+01,
       -7.9744991564995462e+02, 9.2667063881581871e+03,
       -2.4568905704882471e+02, -2.9219853032178244e+03,
       5.7349643873402988e+02, -2.4568905704882468e+02,
       7.0886006755174492e+02, 8.8003517357751903e+01,
       -2.5117650656634886e+01, -2.9219853032178244e+03,
       8.8003517357751903e+01, 1.7516461411432360e+03,
       2.3372500630249815e+03, -1.4987632958014894e+03,
       8.0997703957962904e+02, -6.6651669406646690e+01,
       -1.4987632958014892e+03, 1.5116126658324038e+04,
       4.5082964066157166e+02, -7.1609010248381298e+02,
       8.0997703957962892e+02, 4.5082964066157172e+02,
       8.8316706989295915e+02, 3.5265359953082623e+02,
       -6.6651669406646690e+01, -7.1609010248381298e+02,
       3.5265359953082623e+02, 2.2010313204462786e+03,
       3.8320322597127679e+03, 5.1983332844373354e+02,
       1.7502066167104599e+02, -5.8791620011342013e+02,
       5.1983332844373354e+02, 3.7763379431735166e+03,
       -2.6718606121301349e+02, 1.0723088751461921e+03,
       1.7502066167104593e+02, -2.6718606121301349e+02,
       1.4296769894784386e+03, 5.1266117972089717e+01,
       -5.8791620011342036e+02, 1.0723088751461921e+03,
       5.1266117972089717e+01, 1.0311033698363301e+03,
       4.5960797075285163e+03, 2.7010418844875909e+02,
       1.5636931877256975e+03, -7.4645591454545900e+02,
       2.7010418844875915e+02, 7.0297239523866665e+03,
       -2.8006755346420817e+02, 1.9572859286759776e+03,
       1.5636931877256975e+03, -2.8006755346420834e+02,
       2.0479846630404656e+03, 1.9639047136289096e+02,
       -7.4645591454545922e+02, 1.9572859286759776e+03,
       1.9639047136289096e+02, 1.6577654386690540e+03,
       8.1582668211954478e+03, -8.0223236330863483e+02,
       1.7047287445318900e+03, 4.8714737762483928e+01,
       -8.0223236330863472e+02, 2.8139120567198070e+03,
       1.5238945565353532e+02, 3.0931958096411097e+02,
       1.7047287445318900e+03, 1.5238945565353538e+02,
       1.8939266661491295e+03, -3.0432971559418661e+02,
       4.8714737762483949e+01, 3.0931958096411097e+02,
       -3.0432971559418661e+02, 8.5745509035369378e+02,
       1.7248771867858420e+03, -2.1701931438012818e+02,
       5.7441421519361631e+02, -6.8067283073068353e+01,
       -2.1701931438012818e+02, 9.8534814257362486e+03,
       2.5112602537466964e+02, -1.5421385287959456e+03,
       5.7441421519361631e+02, 2.5112602537466969e+02,
       6.8670460645068908e+02, 2.8845840548256240e+02,
       -6.8067283073068381e+01, -1.5421385287959456e+03,
       2.8845840548256245e+02, 2.0226189587495901e+03,
       4.7040261111308164e+03, 1.0966144273985915e+03,
       -1.3096189339127167e+02, -4.5622080371258158e+02,
       1.0966144273985915e+03, 2.9111069373978667e+03,
       -2.2100252190382218e+02, 3.5448902579486241e+02,
       -1.3096189339127167e+02, -2.2100252190382218e+02,
       9.7088728486880473e+02, 1.3166681654075069e+02,
       -4.5622080371258158e+02, 3.5448902579486241e+02,
       1.3166681654075069e+02, 7.3213495797118583e+02,
       3.2206219991429293e+03, 4.4198616421827296e+02,
       -3.6664447727639316e+02, -3.5228232428326675e+02,
       4.4198616421827302e+02, 1.1435039915551984e+04,
       1.3265013220645514e+02, 4.1133730701635665e+02,
       -3.6664447727639316e+02, 1.3265013220645514e+02,
