%YAML:1.0
means: !!opencv-matrix
   rows: 15
   cols: 5
   dt: d
   data: [ 8.6435093816825130e+01, 1.1960157474682516e+01,
       -2.9915090524575454e+01, -2.5224941547964118e+01,
       -2.4931897525756735e+01, -1.1851222911010291e+02,
       1.2697716799059224e+02, 3.3402180091175481e+01,
       7.5118214648121127e+00, 2.3587387471500874e+00,
       7.2493618984625016e+01, 1.5572436571434849e+01,
       -9.5137645006967404e+01, -1.2816694144717269e+01,
       -3.7183733791318594e+00, 7.2408442251373586e+01,
       -1.0915492713560120e+02, -2.6035109165336365e+01,
       2.2529640638645482e+01, -3.2575983393914094e+00,
       -1.2943423289354945e+01, 1.1898105647089714e+01,
       -2.2410690072325462e+01, -2.7129386083080028e+01,
       1.4394505062647417e+01, 3.8440034527313621e+01,
       1.1919797415821486e+02, -1.2766482063505531e+01,
       2.2672937483049655e+01, 1.9880284415432257e+01,
       -2.1230012448722727e+02, 4.6923468571835528e+01,
       2.9392264988883433e+01, -3.4786592329829737e+01,
       -1.7161904636938772e+01, -8.7598292202353107e+01,
       -2.8730542188616204e-01, 9.9971395437683483e+01,
       -6.6423339856541448e+00, -5.8692450751753604e+00,
       9.8054894538598575e+01, 2.7400185423324224e+01,
       -2.4415319210312905e+01, 7.1467364148185041e+01,
       -7.4171864892681372e+00, 1.0587720391418833e+02,
       -7.2389627476812910e+00, 5.6471804615496936e+01,
       -8.8154986615965178e+00, 1.5129446382772761e+01,
       1.8284402384511628e+02, 1.0990073476809629e+01,
       -1.1336172242483133e+01, -1.5542182059413944e+01,
       -7.0565771859535618e+00, -1.0491956570126094e+02,
       4.1009394341368379e+00, 2.2516056964665783e+01,
       7.9165756763212954e+01, -1.4493749017990349e+00,
       -1.0752725833182107e+02, -1.3127625936654093e+02,
       1.8102963400656499e+01, 2.7475900976323292e+01,
       1.0301535226283880e+00, 8.3059436153445034e+01,
       1.6715136692792221e+01, -2.3007050645562256e+01,
       -3.2388034385607611e+01, -2.5978180878474848e+01,
       -7.5636516607833343e+01, -3.3314260922296177e+00,
       1.0625446951692211e+01, -2.5085729562734329e+01,
       2.5040884064172747e+01 ]
covs: !!opencv-matrix
   rows: 75
   cols: 5
   dt: d
   data: [ 6.3655202351142943e+03, -6.3311385749479393e+02,
       2.4651535325015207e+03, 8.7742416138559133e+02,
       2.9926815218322145e+02, -6.3311385749479382e+02,
       6.3010795718930558e+03, 1.3987210263990787e+02,
       2.1071755283518146e+03, -1.2119503044882670e+02,
       2.4651535325015207e+03, 1.3987210263990787e+02,
       2.4705766811235444e+03, -1.1190652884959879e+02,
       -1.2289807409191894e+02, 8.7742416138559133e+02,
       2.1071755283518146e+03, -1.1190652884959874e+02,
       1.3634617033174761e+03, 6.8948279397660770e+01,
       2.9926815218322145e+02, -1.2119503044882670e+02,
       -1.2289807409191899e+02, 6.8948279397660770e+01,
       1.2646367970233851e+02, 8.7698419073912701e+03,
       -2.4261225655567423e+03, 2.2254030234029537e+03,
       1.1368631701835168e+03, 9.5117837848727470e+02,
       -2.4261225655567423e+03, 2.2514792774106909e+03,
       1.9001637544851025e+02, -3.3093310458502458e+02,
       -5.7516722606393637e+02, 2.2254030234029533e+03,
       1.9001637544851022e+02, 2.2753677839722541e+03,
       -1.6243643364549615e+02, -2.1984310003401393e+02,
       1.1368631701835163e+03, -3.3093310458502458e+02,
       -1.6243643364549618e+02, 5.9984914959396860e+02,
       3.2948572913089612e+02, 9.5117837848727470e+02,
       -5.7516722606393637e+02, -2.1984310003401393e+02,
       3.2948572913089612e+02, 3.5415700224456816e+02,
       1.3128007408281580e+03, 2.1255596882877324e+01,
       1.3983108319170299e+02, 7.7386094326867294e+01,
       -6.3355383570580194e+01, 2.1255596882877352e+01,
       6.0318448729344591e+03, 1.4186077120554299e+02,
       1.8615053195779556e+03, -6.3143048480394931e+01,
       1.3983108319170296e+02, 1.4186077120554299e+02,
       5.9468432194313482e+02, -4.3992413438209049e+01,
       6.2230019880218395e+00, 7.7386094326867308e+01,
       1.8615053195779556e+03, -4.3992413438209056e+01,
       1.4471426286425155e+03, -2.7814986835985188e+01,
       -6.3355383570580194e+01, -6.3143048480394960e+01,
       6.2230019880218412e+00, -2.7814986835985184e+01,
       3.1939506600942973e+01, 6.7215481800513517e+03,
       1.0732764881012420e+03, 2.4364499632834268e+03,
       -9.0115960938849526e+02, -7.6915680076928979e+01,
       1.0732764881012424e+03, 4.4136887598261192e+03,
       -3.7617877610514887e+02, 2.7678269056326053e+02,
       6.8101605580795848e+01, 2.4364499632834268e+03,
       -3.7617877610514870e+02, 2.4363720398889450e+03,
       1.5679968319597671e+02, -1.1948376959325002e+02,
       -9.0115960938849526e+02, 2.7678269056326059e+02,
       1.5679968319597674e+02, 1.0078487562681634e+03,
       -4.5013884480977779e+01, -7.6915680076928950e+01,
       6.8101605580795834e+01, -1.1948376959325002e+02,
       -4.5013884480977779e+01, 5.9904167357484013e+01,
       4.1326381082056678e+03, -7.0272309997786380e+01,
       1.4383382155537329e+03, -2.3370892921190443e+02,
       -9.7820329233420310e+01, -7.0272309997786451e+01,
       9.6503216177258528e+03, 3.3069181144235012e+02,
       -1.0747953141048490e+03, -1.7967926168210420e+02,
       1.4383382155537329e+03, 3.3069181144235017e+02,
       1.7273890188238552e+03, -1.3420361711591480e+02,
       -1.1391161954481231e+02, -2.3370892921190440e+02,
       -1.0747953141048490e+03, -1.3420361711591480e+02,
       2.4517382949018979e+03, -2.3142860152065104e+01,
       -9.7820329233420324e+01, -1.7967926168210417e+02,
       -1.1391161954481231e+02, -2.3142860152065097e+01,
       2.3579241524741843e+02, 5.5404796427832471e+03,
       -7.7406170011269708e+01, 2.0945386031227226e+03,
       -4.0604993823764850e+01, -6.0628291147277332e+02,
       -7.7406170011269708e+01, 4.4297815494827919e+03,
       3.2508878651726030e+02, -1.8551710189928103e+03,
       1.7099033401512014e+02, 2.0945386031227226e+03,
       3.2508878651726019e+02, 2.2961111791545036e+03,
       -2.2250996597888016e+02, 8.9704731230559346e+01,
       -4.0604993823764858e+01, -1.8551710189928101e+03,
       -2.2250996597888016e+02, 1.5364445325068900e+03,
       -6.4840293201129271e+01, -6.0628291147277332e+02,
       1.7099033401512017e+02, 8.9704731230559332e+01,
       -6.4840293201129271e+01, 2.0902132522900638e+02,
       5.0916106242524493e+03, 7.3087384208478829e+02,
       2.6357919603386390e+03, -3.9538292630887349e+02,
       -1.8568810926421472e+02, 7.3087384208478841e+02,
       7.5075462583175768e+03, 6.2946494416685352e+00,
       1.0452397453526517e+03, -4.5755033142955841e+02,
       2.6357919603386395e+03, 6.2946494416685228e+00,
       1.9962839087843747e+03, -9.7728765923554931e+01,
       -7.7428406280632743e+01, -3.9538292630887338e+02,
       1.0452397453526517e+03, -9.7728765923554931e+01,
       1.8334223543205562e+03, 1.8802312087714020e+02,
       -1.8568810926421472e+02, -4.5755033142955841e+02,
       -7.7428406280632714e+01, 1.8802312087714020e+02,
       1.2778568771071511e+02, 3.2561181005585058e+03,
       -5.6904143151019775e+02, -2.8877688361825154e+01,
       4.2729555244581525e+02, 4.7834258312929262e+02,
       -5.6904143151019798e+02, 8.1034630560464393e+03,
       1.2899113295050336e+02, 7.1612510373914415e+02,
       -3.0434059401356154e+02, -2.8877688361825147e+01,
       1.2899113295050338e+02, 3.2458828845882528e+02,
       -3.2859525128335001e+01, -5.8541382304929996e+01,
       4.2729555244581508e+02, 7.1612510373914415e+02,
       -3.2859525128335001e+01, 1.7918280876553604e+03,
       8.2390894932996474e+01, 4.7834258312929268e+02,
       -3.0434059401356154e+02, -5.8541382304929996e+01,
       8.2390894932996474e+01, 1.2325906710060401e+02,
       7.4928507109765387e+03, 2.1645308798606629e+03,
       2.3535149585195554e+03, -1.2475405257230152e+03,
       -8.6075493556511773e+01, 2.1645308798606629e+03,
