%YAML:1.0
means: !!opencv-matrix
   rows: 33
   cols: 8
   dt: d
   data: [ 2.7719708973867572e+01, 5.7594699438545653e+01,
       -5.1969002949809058e+00, -4.2950397260807897e+01,
       -4.4736479305877870e+00, -2.1687712931494378e+01,
       2.9004785914458848e+00, 1.1572603629972744e+00,
       -8.3053704629199402e+01, -1.0009206224087677e+02,
       1.9331387014941605e+01, 6.6323601698850212e+01,
       -6.4277990507280585e+00, -5.0946225730000272e+00,
       1.4537424605282456e+00, -7.0694264598352860e-02,
       -1.4875072004698094e+02, -1.0403326483188306e+02,
       2.7044101485483086e+01, 6.6577195435108123e+01,
       -2.0240898963837459e+01, 1.0831947642390036e+00,
       -3.1210264867494236e-01, -1.5242110022078028e+00,
       8.5989515330629800e+01, 1.3233055063456863e+01,
       -2.2292458337338367e+01, -3.2992783046148944e+01,
       -2.7146716135103020e+01, -1.8179181738351993e+01,
       1.1601056636892213e+00, -3.0066634332387974e+00,
       1.6922257931316164e+01, 1.5717405527708951e+02,
       -4.3516930523326341e-01, -8.6647608999918958e+01,
       1.6049138458767622e+01, 1.6317467151994030e+01,
       -4.5182807328122010e-01, 2.4041384765872333e+00,
       4.4304542676354281e+01, -4.3394214482306509e+01,
       -4.9728705486597022e+01, -3.3655073732919384e+01,
       1.3218948768307133e+01, 7.7917554188150548e+00,
       6.4696427242855403e-01, 1.5699810405913746e+00,
       -1.6496410886265198e+02, 7.8001823630722171e+01,
       3.2914804915447753e+01, -5.3652726473367089e+01,
       -2.5073567554681535e+01, -3.2653980616688196e+00,
       -2.1544019495874549e+00, -3.3691846288347532e-01,
       9.3288601479357524e+01, 9.6573090269559017e+01,
       -2.4686508838030516e+01, 2.4226309011642410e+01,
       7.8731380783259191e+00, 3.2478861467909632e+00,
       2.9505019449682046e-01, 2.0630408822239681e+00,
       -2.1289725275780160e+02, -1.7627170642351008e+01,
       4.3323162613449590e+01, 2.1078183576196007e+01,
       -1.0636396595761651e+01, 1.2791625798167331e+01,
       -2.0176616780918568e+00, -1.3856872093210870e+00,
       8.3990040162455628e+01, 7.0606666482096454e+00,
       -2.9416352703316541e+01, -3.1236250788876120e+01,
       -2.8663480009054524e+01, -1.6327374482183707e+01,
       -1.4000628743927612e-01, -1.3845342123550930e+00,
       -2.0450723053297096e+02, 3.4385685499439617e+01,
       4.1266633022185864e+01, -2.2548785727830122e+01,
       -1.1823923607925998e+01, 2.5949916210782313e+00,
       -1.4492459123720973e+00, -1.5681913371989535e+00,
       -2.1383563322817910e+01, -8.3283202137265651e+00,
       1.7524341486354949e+01, 2.7516177208251871e+00,
       2.3474767870741900e+01, -8.4549359348409237e+00,
       -6.5201828466436473e-01, -1.6001123892969076e+00,
       1.1815278914336761e+02, 1.2532233542903970e+00,
       -3.3815895135622192e+01, -3.3611763223327213e+00,
       -1.2726795011557545e+01, -1.6611346359726358e+00,
       2.6558881708225746e-01, -3.2296419199742604e-02,
       1.4408122949184454e+02, 1.5590876770425519e+01,
       -4.1714293785631313e+01, -1.7583207953770841e+00,
       -4.4591459790208070e+00, 1.3280723357854862e+01,
       -1.3957209947455813e+00, 1.7041146398957094e+00,
       1.4399723361473858e+02, -4.1995431211780947e+01,
       4.6515026699249049e+01, -2.3049952609128020e+01,
       1.2709874436968512e+01, 5.5088058821847481e+00,
       3.4255463326503016e-01, 1.9549346341126319e+00,
       7.9248880967499813e-01, -7.5231261774878121e+01,
       3.5880469503515592e+01, 4.8617001808862902e+01,
       1.2835688985404818e+01, -1.8482493645255420e+00,
       2.0467178049347408e+00, -4.4062734700288581e-01,
       -1.0699071070970673e+02, 2.7374948144407536e+01,
       3.2479607095149106e+01, -1.9941868719986129e+01,
       8.9693663284255365e+00, -1.4973993709108790e+01,
       1.7733129470509574e+00, -4.4906902999536463e-01,
       8.1469084710726364e+01, 4.5765009284117610e+01,
       -1.8802351575807968e+01, -3.7616369590753756e+01,
       -2.4225563015239948e+00, -1.3659720124883579e+01,
       7.3187461658124942e-01, 5.7369095062000919e-01,
       -5.0184650498455223e+00, 3.4800878168143520e+01,
       7.1811837003641825e+00, -2.2017452445639424e+01,
       5.7098107529777620e+00, -5.4146698235968325e+00,
       -4.6331758120011385e-01, 1.8112157573360512e+00,
       1.1961811246481297e+02, -3.8916364401897027e+01,
       -3.1601776004277280e+01, 3.3707568688654547e+01,
       -3.3227451902473377e+00, 1.3795683172952632e+01,
       -1.1356323077786921e-01, 2.1036483527162781e+00,
       -1.3547060530627490e+02, -4.8712364437933950e+01,
       4.0104796559076881e+01, 2.7835467134741233e+01,
       1.5026522701376757e+00, -7.4789528420255023e+00,
       2.3314750274229454e+00, -8.8524089931354202e-02,
       -4.4185542830763325e+01, -3.1953894646867276e+01,
       3.5852573524241890e+01, 4.9050720389154115e+01,
       1.9537838204317364e+01, -1.0500594023266707e+01,
       -1.2218193542983492e+01, -5.0380221582181024e+00,
       -1.2685028889951327e+02, -7.5438886899490498e+01,
       -4.4214717236270815e+01, 4.8211623917256205e+01,
       1.3063480584103022e+01, -3.9717105038206757e+00,
       1.7110017757212581e+00, -3.0822336926998628e-01,
       7.3929340197900785e+01, -6.8628158129900726e+01,
       -2.4909564058568133e+01, 4.0554322223249606e+01,
       -1.0793088097473200e+01, 5.8507794718541826e+00,
       -1.6847043874863796e-01, 1.9207134021773453e-01,
       8.8007857343046126e+01, -3.2233496365805451e+01,
       -2.2859555655017701e+01, 2.1437385124554691e+01,
       3.4734112224763756e+00, 1.8212486684090731e+01,
       -6.3237862437723829e+00, -1.5484160384586960e+00,
       7.8741803920942573e+01, 2.4848413662246923e+01,
       -2.1676284610260030e+01, -3.0892323702069383e+01,
       -2.3646807713117575e+01, -2.2881971222077201e+01,
       1.3118744863487588e+00, -2.3023380131411351e+00,
       4.8617730364181915e+00, 1.3525546260581450e+01,
       -1.0447950265839336e+00, 6.7592579029201216e+00,
       3.2118151025434479e+01, 2.8625348183443227e+00,
       5.0374236269029948e-01, 7.9152888962881773e-01,
       -2.1672960233629647e+02, 8.7615863437610187e+01,
       5.1093504970498344e+01, -4.1866511307258627e+01,
       -1.8899990331849743e+01, 2.4182699539842748e+01,
       -3.8119527591751172e+00, 2.2448942556847289e+00,
       -1.2757292655447991e+02, -4.0809106757045424e+00,
       3.4055303403578499e+01, 9.1159136111215151e+00,
       -7.3768318519009872e+00, 1.8745389229772265e+01,
       -9.1235501970013211e-01, 1.7694838861113422e+00,
       -8.7975830645882596e+00, 4.6988661037579604e+01,
       1.3129405850086876e+01, -3.1306689031700724e+01,
       3.5992796163445149e+01, -1.2426342479051053e+01,
       2.6425711464404236e+00, 5.0318887962653869e-01,
       -1.6983433817967747e+02, 1.8459057185626904e+02,
       3.7910122343529274e+01, -8.7180778205467746e+01,
       -3.8535851215947631e+01, 4.6095211237979022e+01,
       -1.3007100567500778e+01, 3.4104935295660042e+00,
       3.7439640136767558e+01, -9.7550581024565645e+01,
       -1.1639101490072884e+01, 6.7169504687342368e+01,
       -4.0601876602159184e+00, -7.3402544273803561e-01,
       2.0289024619693214e+00, -3.9277256416838363e-01,
       1.6605193690124759e+02, 1.8620569016534500e+01,
       -4.4507830517222303e+01, -1.8489512160621075e+01,
       -7.8339397529613031e+00, 1.2609632358128263e+01,
       -3.1862749579881233e-01, -1.1542605154348426e+00 ]
