%YAML:1.0
means: !!opencv-matrix
   rows: 21
   cols: 2
   dt: d
   data: [ 1.4155035008203100e+02, 1.1607139651549053e+02,
       -1.0105253667469161e+02, -1.4892695938950862e+02,
       -5.9508558277553021e+01, 1.7483190472647215e+02,
       1.3216030817078709e+01, -9.2581142388652342e+00,
       8.2473494403050594e+01, -5.1228123299302823e+01,
       -1.8190358681098593e+02, -2.0685341412151807e+01,
       1.5020176095469185e+02, 6.0387966282969634e+00,
       1.1120154745676285e+02, -1.3326244571110490e+02,
       -1.1248521494236248e+02, 6.9042623215740164e+01,
       1.1822349972764972e+01, -1.1640241402309020e+02,
       -2.4736569959287834e+02, 4.0113766392007527e+01,
       2.3297090427638722e+02, 4.0645777419116229e+01,
       -1.6680920494875724e+02, 1.4481818032870541e+02,
       7.9573331152102455e+01, 4.7619734547665026e+01,
       -8.0449230153186988e+01, -6.5661594770996146e+01,
       -7.0476492410310073e+01, 1.5050201035167049e+01,
       -2.4375090417530458e+02, -1.1212018494410786e+02,
       -1.4695566138178433e+01, 8.4343872687774635e+01,
       1.9189967742746913e+02, -8.7688864816994638e+01,
       4.7917130159253894e+01, 1.6169529446363350e+02,
       -2.2661031807472178e+00, -2.6753556228905467e+02 ]
covs: !!opencv-matrix
   rows: 42
   cols: 2
   dt: d
   data: [ 2.3819253492292519e+03, 2.6550544468345419e+02,
       2.6550544468345407e+02, 4.2520824082807521e+03,
       2.6349344941620375e+03, -6.7019071386573648e+02,
       -6.7019071386573648e+02, 2.7394330147076744e+03,
       2.6490447891269123e+03, -7.6953399608893193e+01,
       -7.6953399608893122e+01, 3.3855421683225554e+03,
       1.2888956814891803e+03, 1.2787149680682417e+02,
       1.2787149680682414e+02, 2.4487659110547311e+03,
       1.5499072257476257e+03, 8.2157404393090019e+01,
       8.2157404393090033e+01, 2.4723178294083473e+03,
       2.0212390685634480e+03, -1.7246622174897416e+02,
       -1.7246622174897416e+02, 4.2338199413207667e+03,
       1.7774063508409656e+03, 5.7767885262649678e+01,
       5.7767885262649685e+01, 2.8551916609392497e+03,
       2.8486745844594552e+03, 8.2431606132761544e+02,
       8.2431606132761544e+02, 3.0916677979858518e+03,
       2.6364331033651565e+03, 6.5694707913160005e+02,
       6.5694707913160005e+02, 2.7022614614518511e+03,
       2.1720773679443864e+03, 9.9791177172121071e-01,
       9.9791177172121159e-01, 2.2910319504543554e+03,
       2.9972613853508938e+03, -9.3057409285558293e+01,
       -9.3057409285558293e+01, 5.0567807135867033e+03,
       2.2430867573111409e+03, 4.9143413446566353e+02,
       4.9143413446566353e+02, 4.6604119652460658e+03,
       3.4559698310752055e+03, -1.0909591515105460e+02,
       -1.0909591515105463e+02, 4.1064941770730011e+03,
       1.5159925880587616e+03, 7.7133644052763188e+01,
       7.7133644052763202e+01, 2.8694098832017048e+03,
       2.0770757753959579e+03, 2.3246212759125092e+02,
       2.3246212759125098e+02, 2.0590330059456201e+03,
       2.1247891690545907e+03, 3.2719754337032737e+02,
       3.2719754337032737e+02, 1.6970525790016920e+03,
       2.6928415141897131e+03, -8.6792365922351485e+02,
       -8.6792365922351496e+02, 5.8898204260215634e+03,
       2.2387378948687724e+03, -1.2527080465254357e+02,
       -1.2527080465254349e+02, 2.3150592568420820e+03,
       4.1129090313302577e+03, 4.7456922548285144e+02,
       4.7456922548285144e+02, 3.1651278869503722e+03,
       2.4547368179572914e+03, -7.2427649209351941e+00,
       -7.2427649209352083e+00, 3.8304741861146422e+03,
       7.1585132616330002e+03, -1.0228738340430799e+03,
       -1.0228738340430799e+03, 3.7056513810109154e+03 ]
weights: !!opencv-matrix
   rows: 1
   cols: 21
   dt: d
   data: [ 4.1277021795378933e-02, 3.6410212557765026e-02,
       3.9890175767376919e-02, 7.2859040527755034e-02,
       5.9812886868807862e-02, 4.1176249858901393e-02,
       5.9296904564773108e-02, 4.9037882968648215e-02,
       5.0288374853639781e-02, 6.1960705866719978e-02,
       3.2187592303585227e-02, 3.1486852676237645e-02,
       2.9470047774843935e-02, 7.6894149844502838e-02,
       5.6137512901961707e-02, 6.0655557011285416e-02,
       3.7157714688260512e-02, 5.9633151262101718e-02,
       4.3540506388285188e-02, 4.5811251480201313e-02,
       1.5016208038949864e-02 ]
pca_proj: !!opencv-matrix
   rows: 2
   cols: 21
   dt: f
   data: [ 1.02604255e-02, 8.46533298e-01, 5.67100069e-05,
       -5.08859605e-02, 4.68450844e-01, 1.89823491e-04, -5.55210514e-03,
       1.46431834e-01, -1.98076777e-05, -7.31809530e-03, 1.34976640e-01,
       -4.80776835e-05, -6.69380091e-03, 1.46460637e-01, -1.57161594e-05,
       2.11501210e-05, 1.32904761e-05, -3.16381829e-07, -1.62182951e-05,
       4.47223283e-04, 4.04881848e-06, 8.19958210e-01, 1.87153444e-02,
       -7.93817599e-05, 4.28530097e-01, 8.29724409e-03, 8.75842488e-06,
       2.28233948e-01, -2.37727305e-03, -1.84168690e-04, 2.08515689e-01,
       -1.20344283e-02, -2.14158339e-04, 2.18838796e-01, -7.27251405e-04,
       -1.84816250e-04, -3.05604735e-05, -5.04301033e-06,
       -1.27042276e-05, 6.79167337e-04, 1.30049409e-06, -1.63660501e-04 ]
pca_mean: !!opencv-matrix
   rows: 1
   cols: 21
   dt: f
   data: [ 4.33646118e+02, 2.44701981e+02, 1.49672687e+00,
       4.18191803e+02, 2.60206879e+02, 1.62062907e+00, 3.68545319e+02,
       2.27059875e+02, 1.69770968e+00, 3.19420807e+02, 1.63929108e+02,
       1.75046074e+00, 3.16613464e+02, 2.25532654e+02, 1.70717156e+00,
       1.08872897e-04, -9.74175637e-05, 6.24380555e-05, -2.17504916e-04,
       -2.50119597e-01, 1.75055194e+00 ]
gamma: !!opencv-matrix
   rows: 21
   cols: 1
   dt: d
   data: [ 8.6741830647095963e-01, 8.6560130268545676e-01,
       8.6449672685575674e-01, 8.0043313237521241e-01,
       8.2404322601255997e-01, 8.7267141926041580e-01,
       8.4966340191146617e-01, 8.6138630947706329e-01,
       8.4355791655346546e-01, 8.3292570169028946e-01,
       8.9670570795573379e-01, 8.8539677949220141e-01,
       8.8490038664792636e-01, 8.2564229323322591e-01,
       8.2075791263452302e-01, 8.0442242280769727e-01,
       9.0326837501109192e-01, 8.2606486525142475e-01,
       8.7697064466060415e-01, 8.6053744677277388e-01,
       9.0753575559637367e-01 ]
