%YAML:1.0
means: !!opencv-matrix
   rows: 28
   cols: 2
   dt: d
   data: [ -8.8932539768891417e+01, 3.2963717737620911e+01,
       2.0514107709461379e+02, -8.9554102113356734e+01,
       6.6302057565250180e+01, 3.3494359462039455e+01,
       -1.1252142461352611e+02, -1.1480768477629260e+02,
       6.2740154755033899e+01, 1.0442044025802379e+02,
       -2.4679261136109500e+02, -4.6518604745695896e+01,
       -6.5282966157067051e+01, -4.8116604540128279e+01,
       1.4301991775267396e+02, 7.8368491819913885e+01,
       -9.1614096907369770e+01, 1.2241767758455944e+02,
       -2.2051819749382477e+02, 1.4053402530225028e+02,
       -2.3118408616952589e+01, -1.3342677977402184e+02,
       6.0138390780331498e+01, -1.0646301548104304e+02,
       -2.6989728235845541e+02, 4.0756143822599157e+01,
       1.1086417659356270e+02, 1.2053025015767366e+02,
       -1.5610831880256123e+02, -2.8246733326737552e+01,
       -4.9441652437230061e+00, 8.4668902260974406e+01,
       1.9782889715119776e+02, 8.8759492641769810e+00,
       7.4454710520760116e+01, -3.9666427753084832e+01,
       3.3971571603813873e+00, 1.9096709555061727e+02,
       -2.0348545715326810e+02, -1.2380778775242301e+02,
       -8.3209206004673817e+00, 1.8015797050087357e+00,
       9.5450096311356518e+01, -1.7099968067320208e+02,
       1.2777663541224817e+02, -1.5430684441104505e+00,
       -1.7321444260191043e+02, 5.3383093198654919e+01,
       1.9937500347131152e+02, 9.3321031244283105e+01,
       1.1022440508641019e+01, -6.2242770831515415e+01,
       -9.2281640990595747e+01, -1.9573052231986000e+02,
       1.4062734889902796e+02, -7.9762984575479919e+01 ]
covs: !!opencv-matrix
   rows: 56
   cols: 2
   dt: d
   data: [ 1.5838895068759548e+03, 6.7733088405303960e+01,
       6.7733088405303903e+01, 1.8251822888092031e+03,
       1.9406061992995610e+03, 2.3719372909730302e+02,
       2.3719372909730302e+02, 2.4664504486535793e+03,
       1.2972076920888683e+03, -4.7758321898069205e+01,
       -4.7758321898069198e+01, 1.1986391484296425e+03,
       1.9401718413079850e+03, -1.4762918137551776e+02,
       -1.4762918137551776e+02, 1.6524116298306835e+03,
       1.3357365876881786e+03, -1.2337140070552603e+02,
       -1.2337140070552603e+02, 1.3863888194902670e+03,
       2.8892852149056198e+03, 7.9429921666571829e+02,
       7.9429921666571852e+02, 3.1966394389442585e+03,
       1.7970446041743724e+03, -1.2804547053740396e+02,
       -1.2804547053740390e+02, 1.4031619775512395e+03,
       1.7262028250758058e+03, -2.4587388240449204e+02,
       -2.4587388240449204e+02, 1.9574265449872705e+03,
       2.1699515733067647e+03, -8.0229414028739654e+01,
       -8.0229414028739626e+01, 1.8843552010861215e+03,
       3.4326745202450638e+03, -3.7598363939538262e+02,
       -3.7598363939538262e+02, 2.6893180914775476e+03,
       1.7811689018956672e+03, -1.3351462486165005e+02,
       -1.3351462486164999e+02, 1.9541900464275298e+03,
       1.3375547068526723e+03, 1.8637249801831118e+02,
       1.8637249801831109e+02, 1.2921824183294796e+03,
       2.0667440759460806e+03, 1.8453693011085932e+01,
       1.8453693011085917e+01, 3.0725807585298385e+03,
       2.0089662549406394e+03, -1.6210011999934076e+02,
       -1.6210011999934073e+02, 1.8700695199731069e+03,
       2.5940099199102688e+03, -1.3772576035080826e+02,
       -1.3772576035080817e+02, 1.9073533274254901e+03,
       1.0728433964836993e+03, -2.0971595057381867e+02,
       -2.0971595057381865e+02, 2.1848681261492775e+03,
       2.0904166590055802e+03, 8.3717536515428733e+01,
       8.3717536515428762e+01, 1.9140019661517256e+03,
       1.1322869175214948e+03, -2.1463451196053421e+02,
       -2.1463451196053421e+02, 1.1457130669339065e+03,
       8.2921337219052457e+03, -4.6636816902150230e+02,
       -4.6636816902150218e+02, 3.3733579561629740e+03,
       1.9187097794141162e+03, 7.2504974911516979e+02,
       7.2504974911516979e+02, 3.6230960036486085e+03,
       1.3569364922193170e+03, 4.9437639966188263e+00,
       4.9437639966188289e+00, 1.1996932135314762e+03,
       3.8841953752227682e+03, 8.9758428302629204e+02,
       8.9758428302629170e+02, 2.3902687874480080e+03,
       1.1848930063469900e+03, -5.2391113287616498e+01,
       -5.2391113287616470e+01, 1.4565759468242582e+03,
       1.9209904421955521e+03, -2.4516342357396729e+02,
       -2.4516342357396729e+02, 2.1629178483787300e+03,
       2.4469033535360359e+03, 7.2113699532362247e+01,
       7.2113699532362247e+01, 1.4470783751071949e+03,
       1.2435053004377573e+03, 1.2245928313154992e+02,
       1.2245928313154995e+02, 1.2021492586205361e+03,
       3.5766531992984178e+03, 3.6317917355212479e+01,
       3.6317917355212465e+01, 1.7799215877854599e+03,
       1.4167813121950746e+03, 4.1430046690146679e+02,
       4.1430046690146668e+02, 1.9390920021691895e+03 ]
weights: !!opencv-matrix
   rows: 1
   cols: 28
   dt: d
   data: [ 5.0170635295890310e-02, 2.2352248313714747e-02,
       5.8938753015999490e-02, 3.3483450636549922e-02,
       4.4743004311951849e-02, 2.3729390064833693e-02,
       4.3433739964794459e-02, 4.6145062763130212e-02,
       3.6954679233370410e-02, 2.7968285093762528e-02,
       3.4554151364510045e-02, 3.4965237803076345e-02,
       2.2881061280769544e-02, 2.0193597079680763e-02,
       3.8659305588232919e-02, 5.1595756660230231e-02,
       2.8706298846132034e-02, 5.5910818011289123e-02,
       2.4351998707495062e-02, 2.0863595482877587e-02,
       5.2703627100150453e-02, 2.3867948162260375e-02,
       4.2174323153851480e-02, 3.0536647971135304e-02,
       2.4779344971560674e-02, 4.4904932074843286e-02,
       1.7412488147484129e-02, 4.3019618900399223e-02 ]
pca_proj: !!opencv-matrix
   rows: 2
   cols: 21
   dt: f
   data: [ 4.36961316e-02, 8.50134730e-01, 1.73015636e-04,
       6.54514134e-02, 4.60692108e-01, 2.29939164e-04, 7.67599978e-03,
       1.46649793e-01, -1.37564148e-05, 1.21663406e-03, 1.30500361e-01,
       -5.45994153e-05, 8.06188770e-03, 1.42052382e-01, -2.12945142e-05,
       -2.45414903e-05, 9.56867734e-06, -1.94090262e-06, 3.13729906e-05,
       4.34020360e-04, 2.32224409e-07, 7.68702388e-01, -5.10314330e-02,
       1.14127281e-04, 4.21110362e-01, -3.83849256e-02, 4.02935693e-05,
       2.81941950e-01, -1.35209868e-02, 1.95932400e-04, 2.66951323e-01,
       -4.70317341e-03, 2.29704310e-04, 2.76557714e-01, -1.55316098e-02,
       2.11025646e-04, -3.74769334e-05, 5.54774260e-06, -7.89335627e-06,
       8.86836962e-04, -5.85095040e-05, 1.91629806e-04 ]
pca_mean: !!opencv-matrix
   rows: 1
   cols: 21
   dt: f
   data: [ 2.07625534e+02, 2.55653595e+02, 1.54502928e+00,
       2.18915131e+02, 2.60592743e+02, 1.67241716e+00, 2.65274475e+02,
       2.24016678e+02, 1.71669352e+00, 3.19420807e+02, 1.63929108e+02,
       1.75046074e+00, 3.16613464e+02, 2.25532654e+02, 1.70717156e+00,
       1.08872897e-04, -9.74175637e-05, 6.24380555e-05, -2.17504916e-04,
       -2.50119597e-01, 1.75055194e+00 ]
gamma: !!opencv-matrix
   rows: 28
   cols: 1
   dt: d
   data: [ 8.1778105532048118e-01, 8.7377399718615822e-01,
       7.9243118429686443e-01, 8.3928352262533168e-01,
       8.1611856841501484e-01, 8.8417550368784381e-01,
       8.0180979956749798e-01, 8.4472130610951346e-01,
       8.3964422009754469e-01, 8.7868076409082629e-01,
       8.3203821144125623e-01, 8.1851971227392151e-01,
       8.9013573559847781e-01, 8.4464445148847245e-01,
       8.4054307659696947e-01, 8.0503021867765479e-01,
       8.5478666038287665e-01, 7.8796119107057261e-01,
       8.9532497387028931e-01, 8.7635259456058556e-01,
       7.7865287077054191e-01, 8.7588607015177200e-01,
       8.2093916348949769e-01, 8.4981407823258581e-01,
       8.4964963896583945e-01, 7.9071023162373755e-01,
       8.6903642270980730e-01, 8.4897998583554046e-01 ]
