%YAML:1.0
means: !!opencv-matrix
   rows: 38
   cols: 8
   dt: d
   data: [ 5.7120783916288012e+01, 6.0336205571755265e+01,
       -8.2824675664023228e+00, -4.2607750616185037e+01,
       1.2790418702697437e+01, -1.7843451974233037e+01,
       3.2718484033536166e+00, 1.8643219624210614e+00,
       6.6696204375048481e+01, -6.2615555423374190e+01,
       -2.2365640011845827e+01, 4.0749271060695534e+01,
       4.9806184987509097e+00, 1.2390667398109407e+01,
       -8.4525237645331563e-01, 3.9468726782454000e-01,
       1.2298649398769471e+02, -1.3519430396348520e+01,
       -2.2315233282241039e+01, 1.3631924238284800e+01,
       -8.2771163775459211e+00, 2.1010692024448751e+01,
       -1.3611891236139677e+01, -6.5340154637019721e+00,
       -6.8454541045551281e+01, -9.8691237151059719e-01,
       -2.7711540053476931e+01, 1.1198350867733730e+01,
       2.3403162398280898e+01, -8.0850824184928562e+00,
       1.6011906343450295e+00, -5.2729262527864895e-01,
       1.0622994202018837e+02, 4.6591805368562675e+01,
       -3.1059071209711252e+01, -1.7542339266829618e+01,
       -1.3021685924792710e+00, 1.9386453992033569e+01,
       -3.7082629726870566e+00, 2.6213098004938962e+00,
       8.9767418094180300e+01, -5.6570026703330910e+01,
       -2.5986328429450655e+01, 3.7202833582988575e+01,
       -1.0792326562872328e+01, 6.3697991069566076e+00,
       9.8824506275485099e-02, 3.9927844153391667e-01,
       -2.1638825633314150e+02, 9.1310877402069522e+01,
       5.0311954481152149e+01, -4.4256903085986238e+01,
       -1.9058603110023718e+01, 2.4878219090121494e+01,
       -4.0687143978582343e+00, 2.3426518850722693e+00,
       -1.9617509036016841e+01, 8.3055783208096357e-01,
       7.4398161752999590e+00, 5.7676634301443297e+00,
       4.1403122037737560e+01, 5.2534681396893452e+00,
       -5.5993565883286300e-01, 1.4208320010902908e+00,
       -8.0536242571646667e+01, -9.4904841140659599e+01,
       1.4013530661578445e+01, 6.7876450342208599e+01,
       -6.1248227245336357e+00, -4.2738098868701320e+00,
       1.4281601885243123e+00, -2.3039595239003618e-01,
       5.2365361759548044e+01, 1.5075528615549487e+02,
       -7.4687462496684764e+00, -8.0798283197495991e+01,
       1.7144291359701615e+01, 6.4210221351691450e+00,
       1.7218894855576103e+00, 3.1731464733410331e+00,
       3.7780252087167455e+01, -9.7480796763914142e+01,
       -1.1521468852916907e+01, 6.7919379416652276e+01,
       -4.9052243893902450e+00, -1.0109034842545339e+00,
       2.1471459728468805e+00, -3.2822606062505733e-01,
       1.6517548675155160e+02, 1.5646199131547583e+01,
       -4.6398937138201788e+01, -1.3516348864862040e+01,
       -7.2502695495253917e+00, 1.3135439436388230e+01,
       -2.4890116133969170e-01, -3.9820131999057329e-01,
       1.2383698718065841e+02, -3.7300786699135742e+01,
       -3.0264125239187724e+01, 3.2646721986670691e+01,
       -3.9113985649612029e+00, 1.4059321250639391e+01,
       -3.0174349544129969e-01, 2.1995647376960168e+00,
       -1.7333390778446321e+02, 1.1139241309356089e+02,
       3.3898128164690625e+01, -6.4885733033532688e+01,
       -3.3362596358909741e+01, 1.2388485262369882e+01,
       -4.5019347700498278e+00, 1.1848265227213097e+00,
       4.7459821913563843e+01, -1.9326924252075646e+01,
       -9.8457227339545472e+00, 5.2169901120796505e+00,
       -5.1800768043970091e+00, 3.8770768348393196e+00,
       -9.8158602748920254e-01, 1.2354524716919717e+00,
       -1.5714154943201237e+02, -9.5721618998432618e+01,
       2.6688332227230649e+01, 5.9623545461683683e+01,
       -2.6314335271665744e+01, 5.7984237869475344e+00,
       -1.7693226958740713e+00, -3.0073798026756076e+00,
       -8.5399561541270543e+01, 2.1296607849859974e+01,
       2.3133611905626754e+01, -1.7903167805432162e+01,
       1.9304387945886713e+01, -1.4793895189462431e+01,
       2.1133882225747467e+00, -6.0747921745662881e-01,
       -4.8532529219955926e+01, -1.1653954173592767e+02,
       9.6955759443180440e+00, 5.0627643846994999e+01,
       4.8110641348816952e+00, -2.6311572531531846e+00,
       1.6430420164414539e+00, -8.3154961118716109e-01,
       8.2901115049231421e+01, 8.6524406335653534e+00,
       -2.7749265190053411e+01, -3.1294288517328990e+01,
       -2.9523154593408016e+01, -1.7252417631309001e+01,
       -6.9309689727940688e-02, -1.0558245620305162e+00,
       -1.4626830081493974e+01, 1.6189208446065356e+02,
       1.0621582117912633e+01, -9.2764755108544477e+01,
       1.7209626584496391e+01, 2.9913564189708250e+01,
       -2.8641485647635792e+00, 2.0053112578989820e+00,
       -1.9000631403134798e+02, 5.4267771583277415e+01,
       3.5966051550016864e+01, -3.8964795746252825e+01,
       -1.2421258855420575e+01, -1.6346698086053537e+00,
       -3.7828015187422972e+00, -4.6284789932082742e+00,
       -1.4973601322741322e+02, -1.0203133536861615e+02,
       2.7962613967630517e+01, 6.8161763967806380e+01,
       -1.8134986488309984e+01, 3.2494454379868809e-01,
       1.6419922071625070e-01, -7.3167472748408147e-01,
       9.1934294626503942e+01, 4.0046365719564868e+01,
       -1.8753317351931376e+01, -3.1711888614577155e+01,
       -6.0795990802585766e+00, -1.1316753065994002e+01,
       -6.8492080435810704e-02, -1.2799208832942585e-01,
       -1.4595825681187776e+02, -5.9253964457894099e+01,
       3.6438020538194365e+01, 3.6489118789739052e+01,
       -1.5258379189016067e+00, -1.7254978268451418e-01,
       1.1206853967448027e+00, -6.0226986024788431e-01,
       1.8204981284292103e+00, 2.7438362543408488e+01,
       -7.3696466772797947e+01, -7.2323264282504098e+00,
       1.6733668478477590e+01, 5.7937654982691154e+00,
       3.7588800758479818e-01, 1.6490768417378461e+00,
       -2.1851955406813516e+02, -1.2767962045513780e+01,
       4.3273601267600469e+01, 1.7200489565225517e+01,
       -9.8159023227706843e+00, 1.3948008310499773e+01,
       -2.3425067851318411e+00, -1.3834389411379420e+00,
       1.5039592817921255e+02, 4.8877305067992562e+00,
       -4.1523744690637827e+01, -2.8860926604949615e+00,
       -5.3446532371425803e+00, 1.1397127002859035e+01,
       -1.6840260231183532e-01, 5.3667245226964277e-01,
       8.2145187008810836e+01, 1.9357617860857030e+01,
       -2.1725015599343592e+01, -3.2477992641203805e+01,
       -2.4836100158619164e+01, -2.0743461080413613e+01,
       1.3909077981163622e+00, -2.9905434252561260e+00,
       6.2775189711280632e+01, -1.1954016238859817e+01,
       6.3099062597078259e+01, 1.0290847717558528e+01,
       1.9956037661687958e+01, -4.9403866751347136e+00,
       1.2703621744981042e+00, 8.9136736445875053e-03,
       7.6347219476243538e+01, 6.8909227895835379e+00,
       8.0741281706903170e+00, 3.8242125089338090e+00,
       1.7490956180805522e+01, 4.5091651835877240e+00,
       8.5916955380099924e-01, 1.5656030582605815e+00,
       1.5350239402664758e+02, 3.2689284226971047e+01,
       -4.0411640865410774e+01, -1.4431409896577829e+01,
       -1.3043929617703123e+01, -1.5722474960770624e-01,
       2.8053424279175867e+00, 2.7008330828912577e+00,
       -1.9819288360205558e+00, 5.1315427826463321e+01,
       6.4471058946742525e+00, -4.3317610902972476e+01,
       4.3045786713450102e-01, -1.7272492658776549e+01,
       -7.4112182107113933e-01, 4.3624705171143641e-01,
       -1.2139164300422421e+02, 3.9442285542226621e+01,
       3.5740858158578355e+01, -1.6341120185320065e+01,
       -2.2581244214333802e+00, 1.6267665285911992e+01,
       -2.1639684710776095e+00, 4.1496458147311516e-01,
       3.8344918204838510e+00, 4.7202751653522888e+01,
       1.4745687116823238e+01, -3.2357079816247492e+01,
       3.7037482662456860e+01, -1.0428917157921539e+01,
       2.3388406001930639e+00, 7.6976832732911116e-01,
       -4.9863006162804190e+01, -6.8545552018951113e+01,
       1.4119024102779390e+01, 4.5588209257880393e+01,
       1.3699565070637085e+01, -3.7229650342378013e+00,
       2.1220752771987628e+00, -4.0352045624054961e-01,
       -1.9701493211196683e+02, 7.6087819794967499e+00,
