%YAML:1.0
means: !!opencv-matrix
   rows: 26
   cols: 4
   dt: d
   data: [ -1.7837807717769269e+02, 1.4300849468985341e+01,
       6.3885257822341380e+01, -4.6197831733866330e+01,
       1.5263357731203212e+02, -9.3658435769653607e+01,
       3.6284443541898788e+00, -6.9476652606027258e+00,
       3.7411171657790170e+01, -2.3845536406040724e+00,
       -7.7005637557323396e+01, 4.1455220608965206e+01,
       -1.3772893812787251e+02, -1.7568315572107349e+02,
       2.3609584467631475e+01, 2.3359501858019119e+01,
       1.5255530150420785e+02, 9.1475562882106075e+01,
       7.3928558872170802e+00, 5.1950648941847781e+00,
       -2.2578093397574406e+02, 2.2423813933630644e+01,
       -1.3400142182027571e+01, -5.0794745047062534e+01,
       1.2483211187439520e+02, 7.6685172090652323e+00,
       2.8317348509887883e+00, 6.2507854001856721e+01,
       4.6276441927203491e+00, -1.3140975966249084e+02,
       -6.2042840124103748e+01, 2.9420310719467366e+00,
       8.7741979385143850e+01, 1.2434118246729413e+02,
       -2.4401091134574166e+01, 3.3100882452961272e+01,
       1.4789837068454617e+02, -2.0211316497275586e+01,
       -4.3954963698396419e+01, -3.2504900155861385e+01,
       8.1667717640524245e+01, 1.4979354278027082e+00,
       -2.1951048611487074e+01, -3.9666280847417745e+01,
       4.5131971379330594e+01, -3.9527955930897598e+01,
       4.0551776488954388e+01, -4.7973298722664310e+01,
       -1.1989661988332443e+02, 1.0489944786512648e+02,
       8.5962212111493798e+01, 2.1312346596102991e+01,
       -2.3558526166031425e+02, 1.3017738815081631e+02,
       3.6789849735597060e+00, 1.5366439365579676e+01,
       -7.9240633449724655e+01, 9.5332902982032394e+01,
       -4.9642890765616691e+01, 1.6802630063733968e+01,
       2.3526033541393048e+01, 9.8091575778847712e+01,
       2.3925621158899506e+01, -1.9274388699513767e-01,
       3.4820682319884440e+01, -1.4039554216254490e+02,
       3.6214460047532199e+01, 3.2957279882075454e+01,
       -9.5888489595160280e+01, -7.2737265787154186e+01,
       7.0161719480817112e+01, -3.5504007954166115e+00,
       2.7513811815129987e+01, 3.7074577624405471e+01,
       -9.0262675888282700e+01, -2.5864056349993199e+01,
       -9.9390486028859314e+01, -1.3504709527547991e+01,
       -2.2568587224974497e+01, 7.9167622757317417e+01,
       2.2458035958007319e+01, 1.5577770904382146e+02,
       -2.7018155677387230e+00, -8.8960745310565386e+01,
       -4.8294383210350908e+01, 7.6749729613504371e+01,
       4.1928199520378634e+01, 6.6928349533835743e+00,
       1.2714678624053363e+02, -1.8017303406387843e+01,
       6.4374234983523408e+01, 7.3945921632312261e+00,
       -6.4959340584873189e+01, -3.5676449450000483e+01,
       -3.0946663482046976e+01, -3.2498748519634027e+01,
       -2.3632292577660795e+02, -6.2962163211782219e+01,
       -8.5102672360765599e+00, 1.9697745016417407e+01,
       -4.0328038554687971e+01, -3.3217350171248334e+00,
       6.0232407391502186e+01, 8.3419838550011519e+01 ]
covs: !!opencv-matrix
   rows: 104
   cols: 4
   dt: d
   data: [ 3.1557427718599752e+03, 2.7091411714282026e+02,
       1.7272612348048542e+03, -1.6704043591632259e+02,
       2.7091411714282026e+02, 5.9190286315591457e+03,
       -5.4314070136827695e+02, -1.5840957257530567e+02,
       1.7272612348048542e+03, -5.4314070136827695e+02,
       1.5152261299247084e+03, 1.4589280695509854e+02,
       -1.6704043591632259e+02, -1.5840957257530562e+02,
       1.4589280695509848e+02, 1.4070163118244386e+03,
       3.8871983900688074e+03, 5.0174951279062179e+02,
       6.1891164398580713e+02, -1.1033450594284093e+03,
       5.0174951279062157e+02, 2.9868177801653869e+03,
       1.8373667065289737e+01, -1.0561982320527603e+02,
       6.1891164398580713e+02, 1.8373667065289737e+01,
       6.8277358321489953e+02, -6.9493101349205006e+01,
       -1.1033450594284093e+03, -1.0561982320527601e+02,
       -6.9493101349205020e+01, 1.1302234875079773e+03,
       3.3652587658851376e+03, 1.7776642045195065e+03,
       1.5472438185717442e+02, -1.0318125093588205e+03,
       1.7776642045195065e+03, 4.4927542171346067e+03,
       -2.2526664968061465e+02, 9.6276585192453624e+01,
       1.5472438185717439e+02, -2.2526664968061465e+02,
       6.8857600941765793e+02, -2.3049829004149625e+01,
       -1.0318125093588205e+03, 9.6276585192453624e+01,
       -2.3049829004149615e+01, 1.3449872605313562e+03,
       4.7135226150728131e+03, 4.9633174959471739e+02,
       2.7425427646652797e+03, -1.6472018037818199e+02,
       4.9633174959471745e+02, 2.2268185540941372e+03,
       -1.7276802425765516e+02, 1.2232626902717701e+02,
       2.7425427646652797e+03, -1.7276802425765507e+02,
       2.3895589761429455e+03, -1.3807204721471902e+02,
       -1.6472018037818199e+02, 1.2232626902717701e+02,
       -1.3807204721471899e+02, 3.5152023576772535e+02,
       4.0851226500097669e+03, 7.9550866461632893e+01,
       4.6042641324268533e+02, 8.9681909928052471e+02,
       7.9550866461632921e+01, 1.3240420048497599e+03,
       1.2232077205241616e+02, 1.7160285525101895e+02,
       4.6042641324268521e+02, 1.2232077205241616e+02,
       1.0087312637543985e+03, -4.8196364174984971e+01,
       8.9681909928052482e+02, 1.7160285525101898e+02,
       -4.8196364174984971e+01, 6.5624100227369991e+02,
       4.2442832149900578e+03, -1.1656040341639803e+03,
       6.2539015832566122e+02, 5.8660304796388664e+02,
       -1.1656040341639800e+03, 4.4978147406306452e+03,
       -1.1465117923084584e+02, 9.0257926542993835e+02,
       6.2539015832566122e+02, -1.1465117923084584e+02,
       5.1759316434552795e+02, -5.0029610537994600e+00,
       5.8660304796388664e+02, 9.0257926542993857e+02,
       -5.0029610537994547e+00, 9.5632565029307466e+02,
       4.3699290002883990e+03, 1.4800215034533937e+03,
       4.9298531370949337e+02, -9.4722494493919339e+02,
       1.4800215034533935e+03, 2.6234447791817943e+03,
       -2.6404954988120556e+02, -3.3013416798660222e+02,
       4.9298531370949337e+02, -2.6404954988120556e+02,
       1.1837069197005353e+03, 3.5986787809823556e+02,
       -9.4722494493919305e+02, -3.3013416798660211e+02,
       3.5986787809823556e+02, 1.1876826389782614e+03,
       5.3460749877870239e+03, 1.7680227762281925e+03,
       -9.4829196078075569e+01, -1.1777547133260314e+03,
       1.7680227762281927e+03, 3.3716156883059612e+03,
       -2.0396564058078360e+02, -6.0463131770006339e+02,
       -9.4829196078075540e+01, -2.0396564058078360e+02,
       1.1120478844648001e+03, 1.8345975317652892e+02,
       -1.1777547133260314e+03, -6.0463131770006339e+02,
       1.8345975317652892e+02, 8.6022605420839750e+02,
       4.2223586725650048e+03, -1.6754553137138294e+02,
       8.0044906294607449e+02, 1.8258779301700935e+02,
       -1.6754553137138299e+02, 1.5591148945413438e+03,
       3.9621240487649737e+02, -8.4489288549290836e+02,
       8.0044906294607483e+02, 3.9621240487649737e+02,
       2.4943221103479691e+03, -2.6864063306686830e+02,
       1.8258779301700935e+02, -8.4489288549290836e+02,
       -2.6864063306686819e+02, 7.9058880493151173e+02,
       3.1279890659961620e+03, 5.3736825538511368e+02,
       1.9879252070645821e+03, 3.6671959435071614e+02,
       5.3736825538511380e+02, 3.2751795923938748e+03,
       6.5282985312493929e+02, 1.0308192896665678e+03,
       1.9879252070645821e+03, 6.5282985312493929e+02,
       1.9277597122284621e+03, 1.6254664789228750e+02,
       3.6671959435071614e+02, 1.0308192896665676e+03,
       1.6254664789228744e+02, 9.4717710219087257e+02,
       3.5408454214327471e+03, -2.6779613091595758e+02,
       2.6421385589495990e+03, -5.4779705515075790e+01,
       -2.6779613091595763e+02, 4.9044947264609591e+03,
       -2.0845855481964691e+02, 2.1001965273389014e+03,
       2.6421385589495990e+03, -2.0845855481964679e+02,
       2.1833709967010309e+03, -7.3479497793620155e+01,
       -5.4779705515075776e+01, 2.1001965273389014e+03,
       -7.3479497793620141e+01, 9.8671713747604429e+02,
       3.3137618945524337e+03, 7.1727811242447638e+02,
