%YAML:1.0
means: !!opencv-matrix
   rows: 38
   cols: 6
   dt: d
   data: [ 6.6966366970778379e+00, -8.3582049570795746e+01,
       1.4131548257400654e+01, -3.2633942224798794e+01,
       2.0145558681150682e+01, -6.0950879326823593e-01,
       -1.7581695204160690e+02, -7.5757760788396794e+01,
       2.7084980949985813e+01, 4.7706196698044309e+01,
       -1.6974770001078525e+01, 7.2841593702061873e+00,
       8.8460220945374047e+01, 1.2032007978160715e+01,
       -2.5029523765273510e+01, -2.9230345863737622e+01,
       -2.9535353771706333e+01, -1.6648477519223622e+01,
       4.2069701315806869e+00, 4.9833022276280097e+01,
       2.4097242890446293e+00, -4.0744721798598022e+01,
       9.2466417165665238e+00, -2.1493604947501922e+01,
       8.5875100766323854e+01, -6.1270883397615101e+01,
       -2.4841093738496614e+01, 4.2325279306168724e+01,
       7.9277327831691602e-01, 1.1541956458225444e+01,
       -8.4150020390809985e+01, 3.3093583643216675e+01,
       -4.3978999741438315e+01, 6.5442185125411978e+00,
       1.3926951979783858e+01, -3.1190181614417347e+00,
       7.7386924326521267e+01, 4.2187867554190341e+01,
       -2.3218991281964882e+01, -3.7349594581886826e+01,
       -3.0922132328542178e+00, -1.2229935640417690e+01,
       -2.7235240909317662e+02, 1.8831626610160356e+01,
       -1.9000728158727529e+01, -1.1229412066150541e+01,
       -6.7963920141133149e+00, -1.0654120689719831e-02,
       2.0293348555173548e+01, -1.0307334485601631e+02,
       -1.0121598296778743e+01, 7.0353666615292482e+01,
       -5.5488800249024948e+00, -2.4763523566739836e+00,
       -1.6188917011961536e+02, -4.7546724922869217e+00,
       3.8303327809859610e+01, 1.5528921714325554e+01,
       -5.8303935562153111e+00, 2.3614817419620795e+01,
       -2.0716431121012263e+02, 1.0741042577363258e+02,
       5.0335124256014367e+01, -5.1731111725664213e+01,
       -2.0509200833351610e+01, 3.1156900004760026e+01,
       8.6673316056348142e+00, 5.4604775424316088e+01,
       1.2547156054188831e+01, -2.9184625289239754e+01,
       3.6425716195176854e+01, -7.3220223144768832e+00,
       6.0220949985686040e+01, -5.0111944009936870e+01,
       -3.0491012392354534e+01, -1.3059628513845896e+01,
       1.2151952825812200e+01, 1.2053313290866969e+01,
       4.0063112543261221e+00, 2.3520177953569654e+01,
       -8.5564847763509093e+01, -3.2005730349536186e+01,
       -2.3027699228336932e+01, -2.0625765677069758e+01,
       -1.2644306945173224e+02, 1.3985626642629489e+02,
       4.0269577414403507e+01, 1.3494355923149890e+00,
       -7.9949092857869593e+00, -8.5493240987166086e+00,
       9.6955125660969500e+01, 3.6240973856384130e+01,
       -3.8829473674019042e+01, -3.4298112224688595e+01,
       -3.9161966930082706e+00, -4.4091485602268525e+00,
       3.0996259396890256e+01, 1.5209128976701115e+02,
       3.7856326131583004e-02, -8.2469339195899721e+01,
       2.1046122910065787e+01, 1.3405380898775372e+01,
       1.0806416643371757e+02, 1.6589946160870728e+01,
       -1.7705582106441116e+00, -3.2894651710225347e+01,
       -2.5964878487809447e+01, -2.0126985695299400e+01,
       1.5872409201234109e+02, 1.8672521364677394e+01,
       -5.0005891831606135e+01, -1.1617426661846080e+01,
       -6.7521883414166357e+00, 1.4196807238104011e+01,
       -1.0987333047751045e+02, -5.3871901368928810e+01,
       -4.4811912183642598e+01, -4.7640406286022817e+01,
       3.6691802233788493e+01, -6.1132621909057443e+00,
       -1.1111148951362775e+02, -4.9485429124497834e+01,
       3.0470843067833918e+01, 3.8809517284510612e+01,
       6.4176264449929254e+00, -9.0696990589990580e+00,
       -7.1627290399892303e+01, -8.1003126202096723e+01,
       -1.4756687483580336e+01, 4.7783353718802175e+01,
       1.3131730586315935e+01, -1.5286292703814988e+00,
       -1.4925478028335615e+02, 2.6126011107206832e+01,
       3.3239588239445794e+01, -5.8091523254363850e+01,
       -1.3340054250207594e+01, -5.9020769692534749e+00,
       6.9599443973987206e+01, -6.5930168679547918e+01,
       -2.5805757240942931e+01, 4.1702879620582046e+01,
       -1.0660332081912639e+01, 5.7029453872376328e+00,
       2.4224525551097429e+01, -8.6003953425130931e+01,
       7.3142584849374430e+01, 4.8859489053404118e+01,
       7.3405005465227378e+00, -3.8974531996424364e+00,
       -1.3878177485426866e+02, -9.9941226890487954e+01,
       3.0287029140197706e+01, 6.9233442001082395e+01,
       -1.6506361989669937e+01, -1.2844522106305110e+00,
       -1.6404590046449914e+02, 7.2416589825500068e+01,
       5.9927825351457784e+01, 2.0215048829642956e+01,
       -9.2385049591744171e+00, 4.6551841637188320e-02,
       1.0015238430668040e+02, 5.5963950330462467e+01,
       -7.6979278724411827e+01, 2.5054056065139321e+01,
       -5.3961938306803026e+00, 1.0526543849633445e+01,
       -4.3791932506489879e+01, 1.6967819767868608e+02,
       6.9952936237398129e+00, -1.0359943080686408e+02,
       -6.4415544645956073e+00, 3.4257528555920501e+01,
       1.3577698301078888e+02, -7.3452867652765406e+00,
       6.0636437884621877e+01, -6.2718866047907023e+00,
       1.1673012011233746e+01, 1.3449470140075839e+00,
       7.8395015319525328e+01, 7.6658707728900310e+01,
       -2.5147695839775068e+01, 4.4382295658431836e+01,
       7.8203289949192438e+00, 7.3516627189295791e+00,
       7.6472492594000997e+01, 7.2535405467396572e+01,
       1.3076014562002413e+01, 1.4809132530472024e+01,
       -8.8236373634547043e+00, 2.8470794535819261e-02,
       2.1357670270018676e+02, -1.8258394404715093e+00,
       1.1894783450730037e+01, 4.0253533923987534e+00,
       -8.0524759686895546e+00, 1.1690317299614708e+01,
       -1.7204442301775342e+02, -5.7253948410862442e+01,
       5.9612749401600951e+01, -3.7875788731280672e+01,
       -8.1353369140557579e+00, 1.0445886624543357e+00,
       1.5704121845334267e+01, 4.9479733904012704e+01,
       -1.0631596725600330e+01, -4.8340745056472706e+01,
       -3.7990257267611391e+01, -1.8032295347634161e+01,
       1.0749637170592273e+02, -7.3605804947547782e+01,
       -6.8283494841967823e+01, -3.1443080492803865e+01,
       -3.8682641467760832e+00, 1.4047656039841906e+01,
       -3.8417405607103476e+01, 1.2857422225972137e+01,
       1.7196887520515688e+01, -1.3133419007147304e+00,
       3.2021903590457313e+01, -5.8080815021734145e+00,
       4.9734905571588733e+01, 8.3199827454766435e+01,
       4.2171043061988371e+01, 2.6018295811689093e+01,
       2.1868070437765446e+01, -6.7247580713919213e+00 ]
