%YAML:1.0
means: !!opencv-matrix
   rows: 43
   cols: 3
   dt: d
   data: [ 1.0993204902100384e+01, 1.9743611536609959e+02,
       -2.5809542346310326e+00, 2.7674606185796378e+01,
       -4.4828309493614881e+01, 2.8248354407218674e+01,
       1.4590402259440927e+02, 5.6222073790403975e+01,
       1.6020345245602424e+01, 9.9536294920952972e+00,
       6.8971755381804698e+01, 2.5071956764557982e+01,
       -2.7500270597649057e+02, -1.0203875069216154e+02,
       -1.6978350075640012e+01, -1.0683694582701538e+02,
       -1.0395172540221704e+02, -4.5844641354480416e+01,
       -7.5477808382788155e+01, 1.4807767199525807e+02,
       6.7895582029256843e+01, 4.0949040520445756e+01,
       -1.4434508127434620e+02, 2.2926087323596139e+01,
       2.2784263714968898e+01, -3.6386709412341673e+01,
       -7.2985758042418439e+01, 1.1115952342980731e+02,
       -1.1928878598738092e+02, -2.3168037369075218e+01,
       -2.3384213950505790e+02, 9.6149922866287341e+01,
       2.4153777264047420e+01, 8.9928173125824273e+01,
       1.0958806253167039e+02, -4.3829509457826276e+01,
       1.3852255420582691e+02, 1.8649062455104858e+01,
       -7.3309656070534004e+01, -1.8797192193405772e+02,
       4.3968314057633954e+01, -2.6162261163036376e+01,
       4.3052108861771785e+00, -3.1277306544376518e+02,
       -1.5553217551698923e+01, -1.9762677131261103e+02,
       -1.7106493146324499e+02, 3.0381521591134469e+01,
       2.1583637743315208e+02, -6.3126099209693347e+00,
       -9.5611430308927616e+00, 7.5597131866035042e+01,
       2.9304114631552938e+01, 6.4244485399509259e+01,
       -1.9614308292485282e+02, -7.2504691944505069e+01,
       3.9772999093373876e+01, 1.5720866779988805e+02,
       1.5043673682206278e+02, 3.6478227271402595e+01,
       -7.0179558881955103e+01, -7.9796583334196811e+01,
       5.3047908135183604e+01, 5.1960057564717836e+01,
       -1.1258282048584256e+02, -9.2039538425534104e+01,
       9.8895624312595459e+01, -1.7226002837472956e+02,
       6.7210651839190149e+01, -2.7696996530204835e+01,
       5.0709282838829557e+00, -9.5828042227993890e+00,
       -1.6010284847077102e+02, 1.5372331270004000e+02,
       2.5099653788707190e+00, 8.8857805266526071e+01,
       1.9031295691123702e+01, -1.9672521842506423e+01,
       -1.6300687583439672e+01, 1.3844062544889059e+02,
       -4.0387154345633562e+01, -2.4666789489617148e+02,
       -1.4020845583233193e+01, -1.9427765430929888e+01,
       1.6561143417008284e+02, -2.8705856017833142e+01,
       3.3794767554289024e+01, -8.9014160622475288e+01,
       -5.4825629331424990e+00, -4.7393123631658334e+01,
       -1.6067654196707863e+02, -6.2159014791299960e-01,
       4.3306221410503440e+01, 1.0226364435513564e+02,
       -8.2003849012853763e+01, 6.2372552960780766e+01,
       -3.5863105904635759e+01, -8.2044038451018679e+01,
       -2.7754351252440753e+01, -8.4187583291988574e+01,
       6.2769804621236879e+01, -6.8081241352170734e+00,
       1.0994089106654573e+02, -5.2736289966488151e+01,
       -3.0705391903790229e+01, 7.4019917289191014e+01,
       1.2437289446370039e+02, 4.2888581458841472e+01,
       2.4723427984830346e+02, 2.0038805641301039e+01,
       2.9089614532167957e+01, 1.4742565708574127e+00,
       4.7363234236580141e+01, -8.5005693286337660e+01,
       -9.0120162248087951e+01, 1.5160437682989593e+02,
       -6.0752279245486555e+01, 1.9842253064619339e+02,
       -9.6604945047851686e+01, -3.4396766662572155e+01,
       -1.0991575791322131e+02, -6.5282708221361460e+01,
       1.0405696547953605e+02, -4.3806555460581656e+01,
       -1.7312360906276467e+02, -3.0749745056074858e+01,
       -3.9247918420391720e+01, 3.9544345001562107e+01,
       9.2501770403202869e+01 ]
covs: !!opencv-matrix
   rows: 129
   cols: 3
   dt: d
   data: [ 4.5382971100331069e+03, 2.5286158752901176e+02,
       4.6972207213887555e+02, 2.5286158752901159e+02,
       2.8828721029024118e+03, 8.9511560887545556e+01,
       4.6972207213887555e+02, 8.9511560887545556e+01,
       1.1202072594201600e+03, 1.2306328927488823e+03,
       -2.7769476919943532e+01, -3.9760338654413181e+02,
       -2.7769476919943511e+01, 2.4777554278549992e+03,
       -8.2429926651061862e+01, -3.9760338654413181e+02,
       -8.2429926651061862e+01, 1.2890156123732679e+03,
       2.4110448820714309e+03, -1.4008297900128224e+02,
       5.1988214933697679e+02, -1.4008297900128218e+02,
       1.9345055128443812e+03, -8.3570813991931132e+01,
       5.1988214933697679e+02, -8.3570813991931132e+01,
       9.1827448435671636e+02, 1.1421461573444860e+03,
       -1.6539296864727010e+02, 1.0829717965198826e+01,
       -1.6539296864727015e+02, 2.5150631056670768e+03,
       -1.8279637268328656e+02, 1.0829717965198832e+01,
       -1.8279637268328662e+02, 1.2125584737750578e+03,
       2.0210190526568240e+03, -1.0824735206013722e+03,
       2.2448519771131785e+02, -1.0824735206013722e+03,
       5.3310784350390913e+03, 4.3055698812462487e+02,
       2.2448519771131788e+02, 4.3055698812462487e+02,
       3.5895871625389799e+02, 2.2276484551352873e+03,
       -3.0766367518386385e+01, -4.5348389019184026e+02,
       -3.0766367518386385e+01, 1.7021295180181467e+03,
       -1.1712908298260929e+02, -4.5348389019184026e+02,
       -1.1712908298260929e+02, 8.7749080278855683e+02,
       3.7247678967456718e+03, 9.3925742449326799e+02,
       3.3303624597540312e+02, 9.3925742449326776e+02,
       4.1553089654146443e+03, 1.4908218077385581e+02,
       3.3303624597540318e+02, 1.4908218077385581e+02,
       7.6854564668787498e+02, 1.2736825025055457e+03,
       -1.0942206594684885e+02, 1.8423056366838938e+02,
       -1.0942206594684886e+02, 3.7262701893864578e+03,
       1.7446063187660317e+02, 1.8423056366838941e+02,
       1.7446063187660323e+02, 5.6615364001648777e+02,
       8.2279953940315420e+02, -4.4914513990457628e+01,
       2.8027855860123719e+02, -4.4914513990457642e+01,
       4.2688468693395243e+03, 7.8729768793933044e+02,
       2.8027855860123714e+02, 7.8729768793933044e+02,
       7.6403055459679513e+02, 2.3655177032013662e+03,
       -4.3034058192138741e+02, 1.3506669371130401e+03,
       -4.3034058192138730e+02, 1.9974474288586703e+03,
       -9.9692599136817662e+01, 1.3506669371130401e+03,
       -9.9692599136817620e+01, 1.2155371272406910e+03,
       2.4514777167959901e+03, -5.1075606535687484e+02,
       1.1623246512971348e+03, -5.1075606535687490e+02,
       3.6666014267318965e+03, -3.4140473560471719e+02,
       1.1623246512971348e+03, -3.4140473560471719e+02,
       1.4298428056539562e+03, 2.9271302794284270e+03,
       1.1907388152665535e+03, 5.2159180602117272e+02,
       1.1907388152665537e+03, 2.6576901910443776e+03,
       5.4925399995508462e+02, 5.2159180602117272e+02,
       5.4925399995508462e+02, 1.5490156383271380e+03,
       3.5011228846255071e+03, 7.3510660380823163e+02,
       1.4102398539010294e+03, 7.3510660380823163e+02,
       3.2231102680959671e+03, 6.7412424234969569e+02,
       1.4102398539010294e+03, 6.7412424234969569e+02,
       1.2761871578352425e+03, 1.4293357114815144e+03,
       -3.4352887299012991e+02, 4.2149900345180964e+02,
       -3.4352887299012991e+02, 3.6668066610321521e+03,
       -4.5372145035315737e+02, 4.2149900345180976e+02,
       -4.5372145035315742e+02, 1.1188105627937584e+03,
       3.6172277099564099e+03, -4.8734898497800700e+01,
       1.9336424434570679e+03, -4.8734898497800735e+01,
       1.9527088903167084e+03, 5.4675070889476854e+02,
       1.9336424434570679e+03, 5.4675070889476854e+02,
       1.6939782494166450e+03, 3.2592904896796999e+03,
       -2.1627150034150077e+02, 1.4046176751839134e+03,
       -2.1627150034150077e+02, 3.8919103483900731e+03,
       5.1877271230804263e+02, 1.4046176751839134e+03,
       5.1877271230804263e+02, 1.1345529002743760e+03,
       3.0850497716347040e+03, -1.6343003307390422e+03,
       1.8330892781345668e+02, -1.6343003307390422e+03,
       4.2049318363860111e+03, -2.1036351299976435e+01,
       1.8330892781345668e+02, -2.1036351299976442e+01,
