%YAML:1.0
means: !!opencv-matrix
   rows: 43
   cols: 4
   dt: d
   data: [ 1.9547647903628388e+01, 1.8618806276019899e+02,
       8.1602379474988034e+00, -5.8932650914234852e-01,
       -1.5768741214791035e+02, -5.8064542528751545e+01,
       6.8846882717608892e+01, -5.3060321783487673e+01,
       -9.8057190833748436e+01, 1.7894199258392288e+01,
       3.5500053068085315e+01, -7.9988485242945373e+01,
       6.0258172363437232e+00, -3.8065026513398344e+01,
       4.1484086101179017e+01, -1.3551916647471717e+01,
       1.1576954111809729e+02, -8.9639675532844016e+00,
       -5.4758386452183885e+01, 1.2423586715265548e+01,
       -9.6657569944808998e+01, 2.3414116160947255e+01,
       -4.3002862509452846e+01, 5.9351595842281412e+01,
       -7.0166981756050802e+01, 1.5683149869655000e+02,
       -6.4686626203464030e+01, 1.3303288169008564e+01,
       -2.2367312102096901e+02, 1.1928589888054992e+02,
       -1.0228515296469975e+01, 6.3808576924035645e+00,
       9.8680981942895855e+01, -1.4404417902083833e+02,
       -4.5923551401689920e+01, -1.5982868267294410e+01,
       1.5097889090942400e+02, -4.4054325344362574e+01,
       1.9004508454790539e+01, 2.7226386510422614e+01,
       1.6899080008953158e+02, 1.2149894471918705e+02,
       -1.1353285027191621e+01, 4.4868455865094390e+01,
       -1.0039186705710955e+02, -1.4219146950367875e+02,
       4.8176167298534857e+01, -3.0028291460155732e+01,
       -1.7364587857327155e+02, -5.1636491675283544e+01,
       6.5003773092165929e+01, 3.2586387234789875e+01,
       -4.6028560937256188e+01, 6.2346082201478836e+01,
       -8.6364780493319557e+01, -4.5946083019606021e+01,
       -2.8042767043431849e+02, -1.0904756312269677e+02,
       -2.0138248513090865e+01, 7.2395552345185914e+00,
       1.0159031756387724e+02, 7.9478559678853046e+01,
       3.8254189874657776e+01, -7.1148777300034993e+01,
       -1.7743028995321037e+00, -1.4118869400539597e+02,
       -9.5587887073690503e+00, -2.6598832115637933e+01,
       4.9054724813233854e+01, -4.1640917702368426e+01,
       -5.8301018468949842e+01, 5.1367695625275687e+01,
       1.0232312695154847e+02, 1.6386727235372032e+02,
       4.2289587908578689e+01, -1.7391633179926671e+01,
       -6.7264575486101378e+01, -5.1628478803372907e+01,
       -4.9018965656030531e+01, -3.6442772278257545e+00,
       1.6605902224697772e+02, -9.7812038797261124e+01,
       -6.2586446149178691e+01, -1.9400766427660013e+01,
       6.3578319944017238e+01, -1.0222865364002641e+02,
       -4.0064139859359331e+00, 4.1617583642717086e+01,
       5.3058526503797800e+01, -9.9948260608093136e+01,
       5.8531136535694728e+01, 2.8515087253191499e+01,
       -1.5355099570564229e+02, -7.0382206665405775e+01,
       -4.3847691459998490e+00, 8.7121164609991091e+00,
       1.0458845281282957e+02, 3.7677497854478531e+01,
       5.7909865175364184e-01, 8.6109759155196329e+01,
       2.3658161012414801e+01, -2.4361160334365607e+02,
       9.1352011903801458e+00, 7.4806782049404376e+01,
       2.2685728433985531e+01, 9.1985217587282335e+01,
       -1.8076156945006222e+01, -4.6419332813172616e+01,
       -1.8789144259753124e+02, -1.7020889203051988e+02,
       2.5801667809665446e+01, -3.9401080847647911e+01,
       1.1872298190580331e+02, -5.3285734881135440e+01,
       5.8147912991289388e+01, -4.8442215273464690e+01,
       2.2582509648810080e+02, -1.9822922226537489e+01,
       -8.0697336993549165e+00, -1.0521581107084433e+01,
       -1.2188015415986740e+02, 1.2270317544146090e+02,
       5.3918979980896751e+01, -1.5348701107088303e+01,
       3.0333410698503396e+01, -2.1354076047886952e+01,
       -4.7003490352677183e+01, -8.0105492200962814e+01,
       -1.1228159509226050e+02, 2.0950818948622472e+02,
       -1.7173219257608228e+01, 2.0659916904377482e+01,
       -3.2486647860291846e+01, 6.7516199200410583e+01,
       2.9816265551860390e+01, 4.8048513110181688e+01,
       -5.8342964418866671e+01, 4.3284880395437341e+01,
       1.0811373089583846e+02, 1.3089751231636557e+00,
       -2.1677256273863355e+02, 2.8877111071204453e+00,
       -2.7794526545567361e+01, -5.1479049829087593e+01,
       -8.0358580157129857e+00, -4.0366355710703047e+01,
       5.2696503232677694e+00, 4.0033254615671154e+01,
       9.3773006192280732e+01, 2.3701705990795794e+01,
       7.9548898881954571e+01, 2.2492173904852553e+01,
       7.2211068646058521e+01, 7.7820377852786848e+01,
       -8.6356130625073561e+01, 5.2132623955751498e+01,
       2.3664571852761686e+01, -1.0029014818791383e+02,
       -1.0065147777992310e+02, 1.2594396539224542e+00,
       2.2044529392778614e+02, 1.5535837712701628e+01,
       3.8947129097273773e+01, 2.1160113923104142e+01,
       1.1890720763273066e+02, -1.1372163474940318e+02,
       3.4222577341896532e+01, -6.1871277538160953e+01,
       -2.7852671597940633e+02, 2.9546075310414683e+00,
       1.2624691556031764e+00, 6.9591343629948128e+01 ]
