%YAML:1.0
means: !!opencv-matrix
   rows: 23
   cols: 11
   dt: d
   data: [ -3.7187882254606066e+01, -3.3684799483617688e+01,
       2.4487707361464725e+01, 3.3524033895875831e+01,
       2.3722122157256006e+01, -6.7414265665769006e+00,
       -7.6885718515639967e+00, -5.3936671826891152e+00,
       -3.6369459260487269e+00, 1.1399697681222856e+00,
       1.9360388453723767e-01, -5.8336798113201127e+01,
       3.0673254110816764e+01, 2.1932771434017994e+01,
       -2.7356317177975658e+01, 2.3023239729422169e+01,
       -1.7080464287008283e+01, 2.4723044416218549e+00,
       4.0025444272056893e-01, 1.8362807923856028e-01,
       1.3700869534001955e-01, 9.1231139243400400e-02,
       -2.0582703259193994e+02, -2.2845015942899373e+01,
       4.3328790842356156e+01, 2.4242485643925246e+01,
       -9.2373205231206619e+00, 1.2975851392534739e+01,
       -1.8369887075543829e+00, -2.0315513765916031e+00,
       -7.8028933362516162e-01, 1.2166807048236281e-01,
       9.9129381781841129e-03, 1.4233446953690310e+02,
       1.8060956299494279e+01, -3.8150791196084541e+01,
       -2.8138688235592770e+01, -1.5836618426910762e+01,
       2.6607391815486985e-02, 8.1236218346449762e-01,
       -3.4906398747832124e+00, 4.6271733824445083e-01,
       1.2431626019562680e+00, -1.7810780148060507e-01,
       1.5250009599779909e+02, 3.7559581930300219e+01,
       -4.1131606643333711e+01, -1.7399152660959437e+01,
       -1.1600105832171661e+01, 1.5804692275099252e+00,
       1.7396466599795879e+00, 2.2535389772238457e+00,
       7.6627602869165790e-01, 2.9289385589973882e-01,
       -1.6398681108072383e-01, 1.4380112529956105e+02,
       1.7120589088427607e+01, -3.9200617165584184e+01,
       -2.4683755723564893e+01, -1.1063232803818396e+01,
       1.3018032878357349e+01, -4.2347659610103161e+00,
       -4.3522416217807622e+00, -4.1695610718783680e+00,
       -1.0117738956391682e+00, -7.1197197866362957e-02,
       -1.2595291594246272e+02, -6.3023673991156087e+01,
       3.4046016800645127e+01, 3.7817488707337496e+01,
       9.3454612054512465e-01, -4.2939541354660786e+00,
       2.1637339315818127e+00, 4.1584017435146187e-01,
       3.1988216294328375e-01, -6.7688830343861695e-02,
       -5.1107605923203750e-02, 2.4877402119049304e+01,
       1.5628977017997465e+02, -1.2730603308322219e-01,
       -8.5419819118141675e+01, 1.7668620734892695e+01,
       1.5239120008605711e+01, -1.3260118029108792e-01,
       2.5834895335421448e+00, 1.9525314013537958e+00,
       5.2858054909671126e-01, -4.4244025735074029e-02,
       1.5792178854153974e+02, 1.9559171032528489e+01,
       -4.1417939145395593e+01, -7.4363810841024538e+00,
       -4.9386899445734995e+00, 1.3221449331250227e+01,
       -1.7413677963120608e+00, 1.1013195586124989e+00,
       5.9810497137872265e-01, 1.4604286427265950e-01,
       1.6648887545687072e-01, -1.9216027956208396e+02,
       8.5851331467358150e+01, 4.0263985062237879e+01,
       -5.0202892307783699e+01, -2.3043322871739516e+01,
       1.1232114795615162e+01, -2.5099349896397083e+00,
       1.8314714369273173e+00, 7.8576717516487427e-01,
       -5.8822342275570462e-02, 4.5100001740082850e-02,
       1.4044753793674792e+02, -1.0326574552083327e+01,
       -4.0425434108688442e+01, 1.2415598353689955e+01,
       -4.5481879718848441e+00, 1.2749816771558041e+01,
       -2.9919343646215537e-02, 1.3365867667271227e+00,
       2.7167763242821030e-01, -2.7463035052310342e-01,
       -2.1477788661034902e-02, 8.2960073647351166e+01,
       1.6722883492060426e+01, -2.3466153761943328e+01,
       -3.1943071952940631e+01, -2.6353217733953667e+01,
       -1.9445167049033437e+01, 9.2626168538098974e-01,
       -2.4055003081559527e+00, 2.3696765827282781e-01,
       5.6790229421837344e-03, 1.0790800781188242e-01,
       3.5518924998478795e+01, 2.2321839568762321e+01,
       1.1212913120765946e+00, -1.6511973895623356e+01,
       9.0361423133396794e+00, -8.6437727291032973e-01,
       -6.0153195782670430e+00, -2.9471535323652320e+00,
       -5.2708835333559065e+00, -1.2546019527198300e+00,
       -2.0090960820494880e-01, -1.3941765999665039e+01,
       -1.8524632972128469e+01, 8.5317196420375883e+00,
       1.8411507075318564e+01, 2.4644288350907438e+01,
       -4.4543846861641594e+00, 1.6614048210778924e+00,
       -2.0975263703316741e-01, 3.6659714018516748e-01,
       -7.8568685681280101e-02, -1.8936970757786040e-02,
       9.7738956048385432e+01, -5.9268916565903034e+01,
       -2.8195905035317672e+01, 3.4973384064142060e+01,
       -2.1825553757318255e+00, 1.1211660707306496e+01,
       -1.4405497892514663e+00, 1.6829872163579134e+00,
       1.8014294290117985e-02, 2.0984861645962624e-01,
       1.5001440136668065e-01, -1.7512615206013965e+02,
       4.4935292638784233e+01, 3.5570831884422233e+01,
       -3.0151883654193750e+01, -4.5043093731064721e+00,
       -5.9425007279353750e+00, -4.0711470559474208e+00,
       -7.3329721904136393e+00, -3.0568695637283825e+00,
       1.3491070609058495e+00, -1.2258304244860713e-01,
       -1.9045576961321765e+02, 2.5215577296814782e+01,
       4.3951751622255280e+01, -1.4141795103279549e+01,
       -1.0304530650948811e+01, -5.9760905892665028e-02,
       6.6583898126226249e-01, 1.3794203469782591e+00,
       6.3266266334420274e-01, -3.8242868236663903e-02,
       -3.6816836667869861e-03, -1.2882460307030379e+02,
       5.4746675524303519e+01, 3.0547900323635101e+01,
       -2.0181798800148844e+01, -7.0693161627713890e+00,
       2.1034841750990058e+01, -3.8505792783900588e+00,
       6.3831241533242644e-01, 8.7645237624076874e-02,
       -1.0193494068245318e-01, -2.3675370919460678e-01,
       -1.3584008321043319e+02, -1.0348360377592115e+02,
       2.5126645571573235e+01, 6.6410072904365975e+01,
       -1.6913600583937061e+01, -1.0364755815902975e+00,
       1.6114114518388536e-01, -1.3504743328096278e+00,
       7.9111952251231032e-01, -3.4309941292036922e-01,
       7.0372321115406145e-02, 1.2958932168628348e+01,
       -4.7456984202160363e+01, -4.7043989754535582e+00,
       3.1283042046279736e+01, -6.7088701208814800e+00,
       4.1067371452877719e+00, 1.9389963554336656e+00,
       1.3512839874068037e+00, 5.5571685469184184e-01,
       6.2133526653062703e-02, -2.8645087320131130e-01,
       5.7816150182646503e+01, 3.5107331472980077e+00,
       -8.6160475100164362e+00, 1.9295680278829919e+00,
       1.7031214107752756e+01, 5.5247877553104132e+00,
       -1.3555462902354898e-01, 1.2487609096541803e+00,
       3.3175664134624139e-01, -1.4294550624746365e-02,
       3.2413786051277954e-02, 3.2959019400942836e+01,
       -9.9475815275962532e+01, -1.0355351136471953e+01,
       6.7705980056909908e+01, -4.4169660127114492e+00,
       -1.2515649483394027e+00, 2.0529331899647052e+00,
       -3.1044014184446012e-01, -1.8809748665318538e-02,
       -1.2078650774792095e-01, 1.6931983192817232e-02,
       3.8937316465111714e+01, 4.9890496279388842e+01,
       -1.2192962490867449e+01, -4.0031485002219888e+01,
       -2.8836898274928973e+00, -1.9413338977859215e+01,
       2.6618816752033054e+00, 1.2292700619026318e+00,
       1.3118122581927266e-01, 8.7857044061015091e-02,
       -3.5770553150708657e-02 ]
