%YAML:1.0
means: !!opencv-matrix
   rows: 30
   cols: 8
   dt: d
   data: [ -1.4793775601450196e+02, -7.3620247284211231e+01,
       2.8840623676054406e+01, 3.6727803901427613e+01,
       -3.9952256768311938e+00, -5.8542147320821802e-01,
       8.7602417318025338e-01, 5.4229226433189663e-02,
       5.6281016871408582e+01, 6.4248655612424002e+01,
       -2.4194451872973730e+01, 1.4777740635202731e+01,
       1.4427315413201706e+01, 2.8634963796266768e+00,
       8.7089375008108194e-01, 1.4424422529660690e+00,
       -3.7244693969029846e+01, -7.3668661610006666e+01,
       1.1154420259079943e+01, 4.6381380371716126e+01,
       1.5458102926921141e+01, -3.0976017262887927e+00,
       2.1889251495244686e+00, -3.7587515935198701e-01,
       1.4454536480116653e+02, 1.6165078987410176e+01,
       -4.1952771527034329e+01, -1.8401084715582976e+00,
       -4.4851395012423252e+00, 1.3166702210462191e+01,
       -1.4373241346415209e+00, 1.7339253018214147e+00,
       -1.4875875988177719e+02, -1.0378084552543172e+02,
       2.7260589782928967e+01, 6.6501907204957107e+01,
       -2.0149503899075210e+01, 1.0278195779488914e+00,
       -2.8311372626156300e-01, -1.4953113520192105e+00,
       9.2715843890808287e+01, -2.0717594883488076e+01,
       -3.0191023831805676e+01, 1.8063176823415617e+01,
       -5.1240916734886477e-01, 1.9542946644204822e+01,
       -7.3655208766152862e+00, -2.8596673629297937e+00,
       -1.7526206319177697e+02, 7.7579450102224584e+01,
       3.4358282533647930e+01, -4.9914257280053576e+01,
       -2.1981638631158511e+01, -1.7903563064880996e+00,
       -2.3127696843309424e+00, -1.2351365071367715e+00,
       1.1334438129187242e+02, -3.7302687314700749e+00,
       6.6396063232779156e+01, 4.0657103514297468e+00,
       1.5629341638961597e+01, -1.0965545989875740e+00,
       3.0481982510825192e-02, 1.1098540132007204e+00,
       2.4934347112508178e+01, 5.0332167225639019e+01,
       -3.9448886566373389e+00, -4.3093470196220501e+01,
       -2.3787716723666499e+00, -2.2935926941759700e+01,
       2.8447949531162120e+00, 1.3367006408166162e+00,
       -9.9429965378444312e+00, 1.4914739083933778e+01,
       3.1411566104537840e+00, -7.2966709143471604e+00,
       1.4179300630962063e+01, -3.4939062565010328e+00,
       -1.9476677436665764e+00, -5.8059156143621526e-01,
       1.2892900291044120e+02, -5.5020403212477511e+01,
       6.4912078305306000e+00, 2.6107968869417672e+01,
       1.7435914854386410e+00, 1.4642506332167397e+01,
       -5.5868871300959286e+00, 7.8520114814129099e-02,
       -1.5931444074162948e+02, 3.5889248067125109e+01,
       3.9539265199672485e+01, -2.4148924698227134e+01,
       -6.8915576615764511e+00, -7.7717622381717426e+00,
       9.0699160135762513e-01, 2.5416069430464044e-01,
       3.9663744822662892e+01, -9.6563684274628159e+01,
       -1.2857536432372060e+01, 6.7219249514513720e+01,
       -4.5043915746335506e+00, -6.8857010274703268e-01,
       2.0510406270363246e+00, -2.7193631810482538e-01,
       -2.1241376629637398e+02, -1.1161405043334030e+01,
       4.4461762830719380e+01, 1.2682983230947412e+01,
       -1.0226821293120276e+01, 1.0519812517521274e+01,
       -1.4346869863020750e+00, -1.0634930088654517e+00,
       -2.9878783160108004e+01, -9.9181881653390724e-01,
       4.8098518219969373e+00, 4.7248713533465256e+00,
       3.6401309363441086e+01, -4.9164725470345047e-02,
       4.7588261995475606e-01, 6.3013650072042549e-01,
       7.1797014981389026e+01, -6.4795564674113038e+01,
       -2.9204831337612926e+01, 3.8602716390687860e+01,
       -1.0268723197823316e+01, 5.6789922947659894e+00,
       2.8649166773071327e-01, 3.9677573329155902e-01,
       1.6666441774472594e+02, 1.9301459847856979e+01,
       -4.4078214733854502e+01, -1.7914300641420475e+01,
       -7.8848141757816048e+00, 1.2376120949087614e+01,
       -3.2465050354203923e-01, -1.0847830741265654e+00,
       -5.9728441551993313e+01, -9.9037689441364250e+01,
       1.1028036645489493e+01, 6.5299635712926474e+01,
       -3.5065085277333616e+00, -3.4071442647368717e+00,
       1.6078819786559166e+00, -1.9807816498885975e-01,
       8.2006571683143932e+01, 1.9207077696780559e+01,
       -2.1980199875527322e+01, -3.2260088937443406e+01,
       -2.5046234747569613e+01, -2.0626314008845807e+01,
       1.3515659731219432e+00, -2.8667706087373324e+00,
       -9.2591004082571217e+01, 1.5271129948504154e+01,
       2.6855872517695882e+01, -1.1369535390707171e+01,
       1.7318051117681566e+01, -1.3962520092760240e+01,
       1.6486949494504715e+00, -8.1576070728734140e-01,
       1.2182680344299509e+02, -3.5568001034240446e+01,
       -3.2284139002245830e+01, 3.2879639288203578e+01,
       -3.6103307954250154e+00, 1.3993334167561823e+01,
       -1.5037313323078405e-01, 2.1349143408821472e+00,
       -9.4040998463126940e+01, -5.0877131723580298e+01,
       3.7031244711454391e+01, 4.1067548782841641e+01,
       8.5006242181070562e+00, -1.0080062996878048e+01,
       -2.1997482018136774e+00, -1.8814026309304608e+00,
       3.3280996912737439e+00, 5.4113851775454506e+01,
       1.3879267090158914e+01, -3.5954578552837788e+01,
       3.7003623781985823e+01, -1.1730845606729899e+01,
       2.4949054526680241e+00, 6.3981326063703603e-01,
       3.2468570894711412e+01, 1.5144408151289770e+02,
       -2.2735731636802790e+00, -8.1701425517279318e+01,
       2.0249036716215080e+01, 1.1842593276214647e+01,
       8.8723686467313156e-01, 2.6114305522939838e+00,
       1.0308161844578548e+02, 2.0926447360517866e+01,
       -2.7233109411417928e+01, -1.8447635825260413e+01,
       -1.0095573718382202e+01, -7.5381084220939041e+00,
       5.5848854567050625e-02, -2.0880635010214046e-02,
       -1.5772678071146521e+02, 7.0484371361513700e+00,
       3.7988359787888776e+01, 1.0412479578131384e+01,
       -6.7417874700247111e+00, 2.5481193267012959e+01,
       -1.4464692308986462e+00, 2.7102780288691783e+00,
       8.4394113988807533e+01, 8.0830352714320686e+00,
       -2.7623258893390652e+01, -3.1139901063706432e+01,
       -2.9242904343283065e+01, -1.6842342772065880e+01,
       -1.3263651302950552e-01, -1.1274448067679192e+00,
       -2.1092149190882014e+02, 1.0513478766699312e+02,
       4.9310118379543070e+01, -5.1926044220059033e+01,
       -2.1192045350017207e+01, 2.9391549750935202e+01,
       -5.5632386313153814e+00, 2.6664352340170132e+00,
       4.9614018839699504e+01, -7.0640237292112914e+01,
       -2.3677758469082136e+01, -3.9053401462288065e+01,
       1.6790214182533781e+01, 7.0553708842563303e+00,
       7.7548902081349302e-01, 1.1664764450738048e+00,
       -4.2825304011776694e+01, 9.6717557088327709e+01,
       7.6869925158038610e+00, -5.4703084145609630e+01,
       -2.8287827475494400e+00, 2.0994795267556295e+01,
       -1.8771915485839716e+00, 1.5001613593617176e+00 ]
