%YAML:1.0
means: !!opencv-matrix
   rows: 36
   cols: 7
   dt: d
   data: [ -6.3301538669965282e+01, 2.1191936206835528e+01,
       1.2944776837612457e+01, -1.6843761314907656e+01,
       3.1036050229014982e+01, -1.1571176250752364e+01,
       2.0280009774490075e+00, 8.2479985563020634e+01,
       1.0285265027651377e+01, -2.8876180256786824e+01,
       -2.9591851714574307e+01, -2.8616100419803480e+01,
       -1.7212769590100738e+01, 1.0608014453406925e-01,
       -1.9096301459385124e+01, -4.1106691895483607e+01,
       7.2028513856990406e+00, -7.5786858028821165e+00,
       4.1326970177877634e+01, 7.5703456373145359e+00,
       -1.2785430337041945e+00, 2.0676671229773755e+00,
       3.6811692340666454e+01, 1.0307779313536436e+00,
       -4.2446365993760729e+01, -1.6259878760743874e+01,
       -2.3305651861938433e+01, 2.3966307579306418e+00,
       1.4030575226734592e+02, -7.4378254607189032e-01,
       4.3560151937160377e+01, -1.0507471010657408e+01,
       1.2798845301149861e+01, 4.4316335262634565e+00,
       9.9408626188459537e-01, 2.2802434414880128e+01,
       6.4823843232143687e+01, -4.9368375830591425e+01,
       1.3050800827409448e+01, 1.5363438109118805e+01,
       2.9498521546921923e+00, 1.2421805630022384e+00,
       -3.5940957771135508e+01, -7.5919256616145631e+01,
       7.9020397963929895e+01, 4.1656028274941285e+01,
       3.3773494372102242e+00, -5.9412730861059568e+00,
       2.0960190482229097e+00, -2.0541967692954933e+02,
       -2.6973675376877409e+01, 4.1218779090661677e+01,
       2.3692758083345012e+01, -9.1276535986077239e+00,
       1.0427660711046151e+01, -1.4429407542085200e+00,
       1.2311229581529352e+02, 1.0739392046099314e+02,
       3.6729038178415131e+01, 3.8475479499821546e+01,
       1.0016976307257234e+01, -3.0131686153389650e+00,
       -1.6664007053670363e-01, -2.1651705506298973e+02,
       8.3165916631908786e+01, 4.5435164562982891e+01,
       -4.2319387005195026e+01, -2.1410283142937878e+01,
       1.8119623366689240e+01, -3.2976811428785493e+00,
       6.3738098351820177e+01, -7.5303388852447979e+00,
       -1.1246821756658342e+01, -6.1506180773346646e+00,
       1.0949532564416085e+01, 7.2914367493065424e-01,
       -4.5225412085376373e+00, 3.1126409485655742e+01,
       -7.1447124285988892e+01, -3.7605836917740866e+01,
       -4.0033056043485836e+01, 1.7135804231750793e+01,
       7.9669226052748403e+00, 1.1676658077814877e+00,
       -2.0446131816327343e+02, 7.5731982529555381e+01,
       4.7991386431133890e+01, -3.4812610370550267e+01,
       -4.4145031345075409e+00, 2.0315843819014891e+01,
       -3.1066736030664575e+00, -1.6011136137581380e+02,
       -8.9966084989427220e-01, 3.5808299357052114e+01,
       1.5483342247343092e+01, -7.3091404170701155e+00,
       2.5753173211725741e+01, -8.3802470970149068e-01,
       -2.0701641226936470e+01, 6.5135176153936044e+01,
       1.0074497169770677e+01, -4.1921917593051923e+01,
       1.8529586904294138e+01, -9.1061518403203578e+00,
       -2.6071039379708973e+00, 6.1555095319913228e+01,
       -5.7650019926516634e+01, -2.0244458380517898e+01,
       3.7168876103777933e+01, 7.4857862817869947e+00,
       1.4472001835476684e+01, -1.4752288896039234e+00,
       4.0027318074485066e+01, -9.7217811801045983e+01,
       -1.3280076660788607e+01, 6.7450065733149017e+01,
       -4.7943200542024282e+00, -8.6817732689365124e-01,
       2.0807285328879201e+00, -9.4400703253668041e+01,
       -4.1365280469425571e+01, 2.9945146214700305e+01,
       3.4405098140574275e+01, 1.2338000255253524e+01,
       -1.0937808101109779e+01, -4.0048975244354583e+00,
       8.2634102675774869e+01, 1.8176317609528681e+01,
       -2.2118904656724713e+01, -3.2884227246284389e+01,
       -2.5080253254755487e+01, -2.0290057108865550e+01,
       1.3108331486567608e+00, -1.6855545843618134e+02,
       8.1425836508009596e+01, 3.2228096985571959e+01,
       -5.5730979394770117e+01, -2.7791670663641447e+01,
       -3.6633290419791276e-01, -1.1495296396206578e+00,
       -1.5005920793733824e+02, -1.0408838035553268e+02,
       2.6837494370428690e+01, 6.6236929302075225e+01,
       -1.9850410043753058e+01, 7.8209018296941268e-01,
       -2.7224403854529183e-01, -6.7847802889701654e+01,
       3.3015788677874314e-01, 7.9515436440935687e+00,
       8.2838519667234038e+01, 6.7271204401325404e+00,
       -5.9101034075490411e+00, 1.7054769692921112e+00,
       -7.0795578275395499e+01, -1.3215001554757490e+02,
       4.8192714184612946e+00, 2.8114508566153066e+01,
       1.0260354053681766e+01, -2.2708449640813839e+00,
       2.0278838125395753e+00, -8.6757049699001712e+01,
       2.1684056007971375e+01, 3.1422936148241789e+01,
       -1.8629792794551626e+01, 1.2608837513536884e+01,
       -1.8782993744559310e+01, 1.4128217440203104e+00,
       -2.5394664324345204e+01, -1.0673096909840586e+02,
       3.8459428732595136e+00, 7.0036922424610125e+01,
       -3.8601348688581263e+00, -3.4621675178393110e+00,
       1.9383730217186568e+00, -2.2352011284547749e-01,
       4.9442585743026491e+01, 1.4243244738303089e+01,
       -2.8772736867243559e+01, 3.7354120871581657e+01,
       -1.0208961152617576e+01, 2.3384887963404544e+00,
       9.9311224260571947e+01, 3.3753450059103827e+01,
       -1.9987013926053898e+01, -2.5616014211390702e+01,
       -4.7001769491870506e+00, -2.8399233217009634e+00,
       -4.2233443419276409e+00, -1.5990540332020814e+02,
       1.1099938153783914e+02, 3.4035302075026046e+01,
       -6.5104895458181502e+01, -2.3201239227403978e+01,
       1.0273107144241527e+01, -9.6423662187921462e+00,
       5.7940954462832250e+00, 1.5932422674457553e+02,
       -6.5078141009101187e-01, -8.7475138806593307e+01,
       1.5953212610033267e+01, 1.8565064730826919e+01,
       -7.7889033383651951e-01, 2.0239133966167770e+01,
       1.8045894907704270e+01, -6.1351488034106314e+00,
       -1.0964862040607020e+01, -2.3365474558986938e+00,
       1.4971200988888300e+00, 9.0925817879519910e-01,
       1.5980623552958494e+02, 1.2391130450205713e+01,
       -4.5390574630073651e+01, -9.2767559970209668e+00,
       -7.0390824464422570e+00, 1.2075755794884572e+01,
       -1.7851733834659445e-01, 1.5144910937191432e+02,
       3.1828998447966214e+01, -4.2492988153779180e+01,
       -1.3135494439474950e+01, -1.3455317179196834e+01,
       -8.0143400183987301e-01, 2.8453741554648198e+00,
       -1.2116367666367607e+01, -2.3585289958907167e+00,
       8.6289373674704670e+00, 9.7803871920093037e+00,
       2.4115869168234287e+01, -5.5712242473521449e+00,
       1.9252826403113063e-01, -1.7606135791565728e+02,
       2.1902890422486976e+01, 4.1170508769533228e+01,
       -1.4381056985133583e+01, -6.9484786819547635e+00,
       -3.5813566951583256e+00, 6.7166922531664708e-01,
       8.5326440344486485e+01, -4.1082911946637601e+01,
       -2.8488940619056802e+01, 2.7669758631437126e+01,
       -8.4074292373443384e+00, 7.7123849269038640e+00,
       -8.8682917870669831e-01, 1.2253123158336598e+02,
       -4.0006746978218011e+01, -3.2367218777016909e+01,
       3.1135039674399763e+01, -4.0602790507159767e+00,
       1.3468174310466274e+01, -1.2048307275805070e-01 ]
