%YAML:1.0
means: !!opencv-matrix
   rows: 20
   cols: 5
   dt: d
   data: [ 8.7975713033128741e+01, 1.5129753317277345e+01,
       -2.7787813423888334e+01, -2.3587464087629591e+01,
       -2.5918926029030924e+01, -1.9983221400044164e+02,
       -7.9187907778525272e+01, 2.8062474048556252e-01,
       2.6918774145109179e+01, -5.8511516187793253e+00,
       -1.2390321982044988e+02, 1.0669018446878457e+02,
       2.9450516994758360e+01, 1.9500301617545419e+00,
       3.7655846538810369e+00, 1.3144982048116159e+02,
       1.4676801788590586e+01, -5.7229394845599387e+01,
       -1.4345454015604581e+01, -5.8583864403608050e+00,
       1.0110309411177863e+02, 3.8091033144268920e+01,
       -2.9348571318916502e+01, 7.2244123652919825e+01,
       -7.2685982158251150e+00, 8.3882669125805947e+01,
       1.6613301826496077e+01, -2.2230751809638861e+01,
       -3.2325365065415568e+01, -2.6084806900910731e+01,
       -1.0517192543028762e+02, 3.5658060931006652e+00,
       9.7256710756960786e+01, -6.8351598128860465e+00,
       -7.9320617971497640e+00, -2.0444042365309994e+02,
       6.1676307669219000e+01, 3.1689414111966766e+01,
       -3.7259096689621309e+01, -2.1695070218298280e+01,
       1.9854879328907209e+01, 3.7560893484967700e+01,
       -5.6733640464748618e+01, -4.3607840252220512e+01,
       3.3595062986750035e+00, -2.7098725533543231e+01,
       -9.9811897547249316e+01, 6.9759465288897403e+01,
       4.2231566756787608e+01, 4.7599612547766312e-01,
       2.1874577597065908e+02, -2.1281899655721115e+00,
       2.7838240626225993e+01, -3.7150253367969461e+00,
       -7.9860218207644218e+00, -1.6092945520726047e+01,
       -4.5100923216617339e+01, -6.6083542585614950e+01,
       2.2865590628922519e+01, 1.2587974212660358e+01,
       -1.1115276630323528e+02, 1.5115625738732186e+01,
       1.8213854089593141e+01, 8.0016754536993403e+01,
       -7.7795367987165853e-02, 2.8193188908374744e+01,
       1.0957025256939797e+02, 3.2586395530673790e-01,
       3.4811826626321633e+01, 1.2462417918179245e+01,
       -1.1904366235561787e+01, 4.0999000849073155e+01,
       7.2150115952206519e+00, -2.9716527479319836e+01,
       3.7414329473825781e+01, 1.0962466817446234e+02,
       3.7377733301183995e+00, 3.3054545872914488e+01,
       -1.0005051890469046e+01, 1.4291340246362440e+01,
       -1.3432198620053086e+02, -2.5950686083911233e+01,
       3.0333508226860477e+01, -5.3660096340053585e+01,
       4.2493352304125649e+00, 5.4537030594924305e+00,
       1.5976165877461287e+02, -1.5403487064778119e+01,
       -9.2775996889252497e+01, 8.8987824587525477e+00,
       7.5988046192741137e+01, -1.0628096445423398e+02,
       -1.5759414502994685e+01, 2.8417724232084161e+01,
       -5.3683611714560779e+00, -1.8145926287980892e+01,
       -6.0322460536982490e+01, -1.1296483205780237e+00,
       -1.7201561592301744e+01, 1.3122635842247810e+01 ]
covs: !!opencv-matrix
   rows: 100
   cols: 5
   dt: d
   data: [ 6.3572227091299355e+03, -6.8544494271216524e+02,
       2.4148780266830345e+03, 8.8870011175280126e+02,
       3.3490780068249990e+02, -6.8544494271216524e+02,
       6.1672525070157399e+03, -7.4339180832627065e+01,
       2.1210166823511026e+03, -1.0999864286042394e+02,
       2.4148780266830349e+03, -7.4339180832627065e+01,
       2.4676317071284561e+03, -2.2758060119870632e+02,
       -1.1809851709752259e+02, 8.8870011175280126e+02,
       2.1210166823511026e+03, -2.2758060119870623e+02,
       1.4055209750906758e+03, 9.0666494102332180e+01,
       3.3490780068249990e+02, -1.0999864286042393e+02,
       -1.1809851709752259e+02, 9.0666494102332180e+01,
       1.2199944664054567e+02, 3.9673160806499764e+03,
       -9.7773646618732664e+02, 9.4822048020011846e+02,
       3.0161184320315215e+02, 1.7680198401279239e+02,
       -9.7773646618732676e+02, 7.4985113523054424e+03,
       5.4565990320248682e+02, 5.6122806799958369e+02,
       2.1811732097113602e+01, 9.4822048020011823e+02,
       5.4565990320248682e+02, 1.1830637252848289e+03,
       -2.7382841922515888e+02, -1.2758271266274170e+01,
       3.0161184320315215e+02, 5.6122806799958357e+02,
       -2.7382841922515894e+02, 1.1804897613976361e+03,
       -1.3398619204275639e+02, 1.7680198401279239e+02,
       2.1811732097113612e+01, -1.2758271266274177e+01,
       -1.3398619204275639e+02, 1.1802934658624145e+02,
       9.3010309217562972e+03, -2.6540436364298175e+03,
       2.4811293785020384e+03, 9.6766270722020590e+02,
       9.7072917268561935e+02, -2.6540436364298175e+03,
       3.2305341492579323e+03, 1.4943393000405797e+02,
       -7.3872495527371839e+01, -6.0638135901193323e+02,
       2.4811293785020384e+03, 1.4943393000405791e+02,
       2.1735567405476759e+03, -4.7179355929049166e+01,
       -1.2179733950143167e+02, 9.6766270722020602e+02,
       -7.3872495527371854e+01, -4.7179355929049137e+01,
       5.9323201572990149e+02, 2.3329507153615828e+02,
       9.7072917268561935e+02, -6.0638135901193323e+02,
       -1.2179733950143164e+02, 2.3329507153615830e+02,
       2.9337326689480068e+02, 3.2185949240772047e+03,
       -2.0082146878897629e+02, 1.9788237047287787e+03,
       -4.6810649643022451e+01, -9.2772887496959299e+01,
       -2.0082146878897649e+02, 5.9723274256965851e+03,
       9.7935253532362665e+01, 1.8566077312242940e+03,
       -5.2828312666013801e+01, 1.9788237047287789e+03,
       9.7935253532362637e+01, 1.8879000479451377e+03,
       -2.6343875024800251e+01, -5.8128102323382862e+01,
       -4.6810649643022487e+01, 1.8566077312242940e+03,
       -2.6343875024800244e+01, 1.2114947489170668e+03,
       -1.9107384987014370e+01, -9.2772887496959299e+01,
       -5.2828312666013794e+01, -5.8128102323382862e+01,
       -1.9107384987014370e+01, 1.8490048966354344e+01,
       6.3294201897052808e+03, 1.8027107395373025e+03,
       2.0295994631241135e+03, -1.1433619433003248e+03,
       -9.5678503623280463e+01, 1.8027107395373025e+03,
       2.8872903832708594e+03, -7.2559349402246016e+02,
       -9.4421566938281114e+02, 8.6049381792167612e+00,
       2.0295994631241135e+03, -7.2559349402246005e+02,
       2.5524298136206644e+03, 2.8927676919727986e+02,
       -9.8587117527705544e+01, -1.1433619433003248e+03,
       -9.4421566938281114e+02, 2.8927676919727969e+02,
       9.7939661059723176e+02, 2.3542316790672643e-01,
       -9.5678503623280449e+01, 8.6049381792167665e+00,
       -9.8587117527705530e+01, 2.3542316790672588e-01,
       3.5039621170964516e+01, 4.0245406935568049e+03,
       7.0651700722434413e+01, 3.0651836552538080e+03,
       1.3348061074202130e+02, -1.0754028404374239e+02,
       7.0651700722434413e+01, 5.5498677265478591e+03,
       -3.7542612674846055e+01, 2.4560395656984610e+03,
       -4.7548818365417020e+01, 3.0651836552538084e+03,
       -3.7542612674846055e+01, 2.5567639614599111e+03,
       2.9258378844869387e+01, -7.8057685740735593e+01,
       1.3348061074202127e+02, 2.4560395656984610e+03,
       2.9258378844869373e+01, 1.1658043257958159e+03,
       -6.3598855754373794e+01, -1.0754028404374239e+02,
       -4.7548818365417013e+01, -7.8057685740735593e+01,
       -6.3598855754373794e+01, 3.2594701263607959e+01,
       2.7488801225759653e+03, -1.1070495032338924e+02,
       2.0928015610327293e+02, 3.1459365400687773e+02,
       3.4365689055616139e+02, -1.1070495032338918e+02,
       8.5336896866452007e+03, 1.4442118276074626e+02,
       7.2141875836275221e+02, -3.0047820824609516e+02,
       2.0928015610327293e+02, 1.4442118276074626e+02,
       4.1348565994024392e+02, -5.4920395573121041e+01,
       -4.8961214050128667e+01, 3.1459365400687773e+02,
       7.2141875836275199e+02, -5.4920395573121041e+01,
       1.5407932183791324e+03, 7.1892071618264623e+01,
       3.4365689055616139e+02, -3.0047820824609516e+02,
       -4.8961214050128667e+01, 7.1892071618264623e+01,
       1.0262976091941621e+02, 5.1901180650186443e+03,
       9.8606504662528471e+02, 2.8211969464039889e+03,
       -4.8370587129788339e+02, -2.2084856421621663e+02,
