%YAML:1.0
means: !!opencv-matrix
   rows: 16
   cols: 12
   dt: d
   data: [ 5.9037242461339199e+00, -1.8789612295307640e+02,
       1.6094501192862086e+01, 6.6342086361683258e+01,
       1.1293006886540997e+01, -1.8303792411744272e+01,
       -1.5910623082180184e+00, -1.0401027486571808e+00,
       2.3550681580312011e-01, -1.1273029519271605e+00,
       1.4400440629382651e-02, -7.7505715309468606e-02,
       4.9131611393769802e+01, 4.3243408615468084e+01,
       5.7179411346582421e-01, -1.5154663054255835e+01,
       9.6375786419873339e+00, -4.6117701458697322e+00,
       -1.1910500337483084e+01, 1.3447388968751413e+00,
       7.5771052792176876e+00, 1.2476691869672243e+00,
       -4.9848697378118124e-02, 1.4521276982436959e-01,
       4.7501538054096265e+01, -2.0917089875774845e+01,
       -4.4292664709821777e-01, 4.9389588657010535e+00,
       1.3476605049617788e+01, -3.4465676535357543e+00,
       4.6239282404498114e+00, -1.8900479663394926e-01,
       2.3978104653628196e-01, 1.8756812615836163e-01,
       2.3916103009999558e-02, 4.2332819896873534e-02,
       -1.2126707898060398e+02, 1.1606007623802086e+02,
       9.5841138881837615e+00, -5.3056311216943996e+01,
       -1.1611437619525789e+01, 7.9436974018665607e-01,
       6.3026313146163604e-01, -3.5220080761999911e-01,
       -4.2670646802976531e-01, -2.6076919244763291e-01,
       1.1904244636725948e-01, -3.4185993518513588e-03,
       1.9347493207395491e+01, -7.5822917412437940e+00,
       -8.9782022274428996e+00, -1.5197463195742012e+01,
       4.6043444601947692e-01, -1.6535738313689688e+01,
       -4.4473554776758455e+00, 3.2736246816555652e+00,
       5.5319697606138654e+00, -1.2599778946548224e+00,
       -7.7995080376200593e-02, -6.0102332540702991e-02,
       9.8966135610332401e+01, -4.4254227924709603e+01,
       -2.2000687610049418e+01, 3.6935043034592056e+01,
       -2.7681257291170986e+01, 2.3436929423158016e+01,
       1.0812440344428453e+00, 1.2980951867336636e+00,
       4.9361052811653522e-01, 3.1013581315139122e-02,
       1.4783098961947255e-01, -3.3540369317207703e-03,
       3.8031687573375613e+01, 1.2835112648501197e+02,
       -2.8386040056135812e+01, -5.0613223449663018e+01,
       -8.6632537573412982e+00, 2.0933422574980716e+00,
       2.0115065044004621e+00, -1.3032537027641877e-01,
       -2.5162443891471331e-01, -1.3070830176705803e-01,
       3.1765857607158256e-02, -2.6567427210399695e-02,
       5.2822583870821390e+01, -3.9757196823003702e+00,
       -1.0349738854276534e+01, 1.1923992778845800e+01,
       1.9358635936425863e+01, 5.7688645310176243e+00,
       -2.9232724335706455e+00, -9.6306419066789972e-01,
       -9.3500685105624814e-01, -4.4038829617734254e-02,
       6.5816863704648435e-03, 3.3911546052366841e-03,
       -1.9201098431566334e+02, -2.0362540455132578e+01,
       4.8090320528129993e+01, -4.4809366794348371e+00,
       -1.3796240195589320e+01, -4.1603808861524288e-01,
       -2.2740671109884145e-01, 1.2927942951989404e+00,
       -1.2233392444407667e+00, 5.3648333645493665e-02,
       2.4282108714194250e-04, 1.1599911970007355e-02,
       -1.7114445565728053e+02, -1.2320877898268192e+02,
       4.7726017512924429e+01, 4.4034276991362539e+01,
       -3.6678769700317538e+01, -6.1506953756423464e+00,
       -3.9582035942956804e+00, -1.1673823136912194e+00,
       -9.8790937280292479e-01, -6.0544512968475205e-02,
       1.3620080914006605e-01, 3.6554924284135648e-02,
       -1.8087996971021232e+02, -1.8628720416002860e+01,
       3.3109652168654314e+01, -1.1681301971729074e+01,
       -2.7457037369110755e+00, -3.9599713232971854e+00,
       -2.5484434365977116e+00, -1.8283169046420297e-01,
       4.2681825835429725e+00, 7.2380703780524480e-01,
       -1.6276064631951037e-01, -8.4537228368139192e-02,
       1.6801820011409154e+02, 1.7974452011623328e+01,
       -4.4994658340862351e+01, 9.7667248467906251e+00,
       -1.0225458266778700e+01, -6.7187325923206984e+00,
       -6.2760796958192322e-01, -1.2746216184597203e-01,
       -8.1874798446145880e-01, -2.9033639880980670e-02,
       1.0407134909398134e-01, -2.0153548853579211e-02,
       9.6887178052699152e+00, 6.7138920326369643e+01,
       -1.6563124083271536e+01, -3.5779747436486666e+01,
       1.8164840957510351e+00, -3.3080299658301668e+00,
       1.3284872065551621e+00, -1.8266616358317223e-01,
       -6.5521826747613210e-01, -1.5688919649585262e-01,
       -1.7833711567995186e-01, 8.0108381800685531e-03,
       -1.0742938200235689e+02, 7.3304491603800539e+00,
       3.1436477797286880e+01, -6.5637944888752600e+00,
       8.4414865304109838e+00, 9.0647925440937911e+00,
       1.5318372465613825e+00, 1.0735832352920487e+00,
       -4.5014262775209163e-01, -1.7454220256200964e-01,
       -3.3173919068536055e-02, -2.4251529429311167e-03,
       -7.9810789354589788e+00, 8.9035205256853498e+00,
       -3.8631420988350564e+00, -1.4690123582224480e+01,
       -1.9981136588112052e+00, -7.1586194713892803e+00,
       6.8940380075037022e-01, -1.4207321988127142e+00,
       3.1576585904364776e+00, 2.1993060256367691e+00,
       1.6032217891186076e-01, -2.6509583201411352e-01,
       2.0333356847646331e+00, -7.6539114121882818e+01,
       7.0059690646721444e+00, 3.3805322759263333e+01,
       -1.5815171551300532e+01, -4.1406886928342823e+00,
       2.9779128595715743e-01, -5.6403798075416478e-01,
       -1.2559949916816522e+00, 4.5874923085443037e-01,
       -2.9290447447574547e-01, 7.4337360129023674e-03 ]
