%YAML:1.0
means: !!opencv-matrix
   rows: 3
   cols: 17
   dt: d
   data: [ 6.5754898297294375e+01, -5.3881296386321456e+00,
       -1.4923294185646608e+01, 2.0673590022352704e+00,
       3.4783308639834436e+00, -1.5066780642745787e+00,
       6.3127486441538982e-01, 2.2109336441729008e-01,
       3.0646851044486750e-01, -1.2782478534706763e-02,
       4.8015677851006015e-02, 1.5129339456189841e-03,
       3.2609485125832337e-03, 8.2525861881982475e-04,
       8.4558774065473501e-03, 2.3234735114587761e-04,
       6.7597312183055624e-04, -1.3060219201391260e+02,
       -6.2125780125309236e+00, 2.9425232493665320e+01,
       6.1356351649826442e+00, -9.3453060176332752e+00,
       9.9574245986954568e-01, 4.8888398779646364e-01,
       9.1742525396706720e-01, 4.9262966784297901e-01,
       -9.1871618736669616e-02, -3.3391926695195577e-02,
       1.0097395731508705e-02, 2.4938559936013996e-03,
       -4.9701799516976212e-04, -9.5808978993688915e-03,
       -3.9717545117073762e-03, -9.6971078654281388e-05,
       -4.6584887744746792e+00, 3.4145371235364777e+01,
       1.4774875301283612e+00, -2.0583427160216974e+01,
       4.6226885191844387e+00, 4.0812984347535863e+00,
       -3.5192239987928295e+00, -2.7318466015399072e+00,
       -2.2136131166697157e+00, 2.3804117886350534e-01,
       -1.2715988680120244e-01, -2.6222102371406885e-02,
       -1.8084057468201638e-02, -2.2601059897150700e-03,
       -1.4905284579475304e-02, 7.0887170704721988e-03,
       -2.5707940315767034e-03 ]
covs: !!opencv-matrix
   rows: 51
   cols: 17
   dt: d
   data: [ 8.0423842631749776e+03, 6.2118196221675953e+02,
       1.9100167098274642e+03, -1.6423844961225285e+02,
       -9.1315935449273479e+02, 2.8618973184834857e+02,
       -8.8741396773313483e+01, 2.4205943068520202e+01,
       1.4988117211986753e+01, -1.5097875161181147e+00,
       -1.9112173693697310e+00, -1.8991495807247614e-03,
       -2.3933036127537721e-02, -7.4827311921188522e-02,
       -3.2631523280476565e-01, -2.0500578966465904e-01,
       8.7723193791371626e-02, 6.2118196221675953e+02,
       8.2023819509343648e+03, -1.6034324456492604e+02,
       7.6626999168560394e+02, 3.1112929191709959e+01,
       -2.6683468928493932e+02, 3.7787198579752207e+01,
       -1.4874077935718624e+01, 2.5119481039344591e+00,
       -2.4333184487400614e+00, 8.8128217050033120e-01,
       5.7007342600725519e-01, 5.4928571250138059e-02,
       1.2282666313246116e-01, 1.9609659316695344e-01,
       -7.8131225057804107e-02, -8.9230957644526612e-02,
       1.9100167098274642e+03, -1.6034324456492607e+02,
       2.8757007838806780e+03, 3.4764043741498035e+01,
       1.8954152664217600e+02, -5.7696539509951783e+01,
       3.0249677478261798e+01, -1.5038294475017391e-01,
       1.1675713620816859e+00, 3.4289638157000226e+00,
       1.0629221942963953e-01, -1.9761702606135598e-01,
       9.5767432197088956e-02, 4.1478296027595313e-02,
       1.6226471220618552e-01, -1.7727210540152423e-02,
       -2.7341294011181860e-02, -1.6423844961225296e+02,
       7.6626999168560360e+02, 3.4764043741498007e+01,
       2.2606759530898585e+03, 1.7267702310009270e+01,
       1.3189630416014751e+02, -1.4402689799899463e+01,
       1.7689810974098730e+01, -1.0052721326515746e+00,
       -3.2551165102504429e+00, -3.7800402406347755e-01,
       -2.2080308107471547e-01, -2.4603038838035884e-02,
       -1.1346967656367123e-01, -1.3352081381589750e-01,
       2.1439597504125780e-03, 4.0351330128396173e-02,
       -9.1315935449273479e+02, 3.1112929191710009e+01,
       1.8954152664217600e+02, 1.7267702310009263e+01,
       4.5927170869465061e+02, 6.1071976938114730e+01,
       -3.6861300048526044e+00, 9.3649752672115660e+00,
       4.5216301014212830e+00, 1.8582760629041239e-01,
       7.6075364260759261e-03, -2.2521128010398881e-02,
       2.6925752862579044e-02, 2.6949957115417568e-02,
       6.8106405285261212e-02, -2.8127662338066448e-02,
       -2.2848204600350294e-02, 2.8618973184834857e+02,
       -2.6683468928493932e+02, -5.7696539509951783e+01,
       1.3189630416014745e+02, 6.1071976938114737e+01,
       2.2210212326933370e+02, 6.6439630767739608e+00,
       1.2319489705008755e+00, -1.0341663933277301e+00,
       -5.8601545708665381e-01, 1.6565950667312443e-01,
       3.3125046202841665e-02, 5.6982051447443463e-03,
       -1.5750730141351167e-03, -3.7976012758144759e-02,
       -3.8788181641306790e-02, -7.3322034536496290e-03,
       -8.8741396773313483e+01, 3.7787198579752214e+01,
       3.0249677478261788e+01, -1.4402689799899463e+01,
       -3.6861300048526022e+00, 6.6439630767739617e+00,
       2.2924272705143100e+01, -2.8314393108586855e+00,
       -2.8228430820424277e+00, 2.7008727861133419e-01,
       3.3884085021317359e-02, 4.4143871904736932e-02,
       -2.9737621255010321e-02, 7.9843594866105989e-03,
       1.8805525394952434e-03, 2.7620832664392646e-03,
       2.1510422716608472e-03, 2.4205943068520213e+01,
       -1.4874077935718624e+01, -1.5038294475017330e-01,
       1.7689810974098730e+01, 9.3649752672115660e+00,
       1.2319489705008759e+00, -2.8314393108586851e+00,
       1.5034523795635492e+01, -2.1348925227832987e+00,
       6.3326756858426059e-01, -3.9394548491193476e-02,
       -1.7344314754716143e-02, -1.3000823578704749e-02,
       1.1603013930416293e-03, 2.7270564489880206e-03,
       3.8518978675646342e-03, -1.1904649289109346e-04,
       1.4988117211986753e+01, 2.5119481039344591e+00,
       1.1675713620816859e+00, -1.0052721326515752e+00,
       4.5216301014212830e+00, -1.0341663933277292e+00,
       -2.8228430820424277e+00, -2.1348925227832991e+00,
       1.5327960843908757e+00, -1.1495856113507587e-01,
       -3.3859590599792412e-02, 5.2127668664751021e-04,
       -1.6869343901464131e-02, -4.3539304958223812e-03,
       -1.7649997808010353e-03, -9.7333256262039042e-04,
       -1.4928050921743192e-03, -1.5097875161181140e+00,
       -2.4333184487400610e+00, 3.4289638157000226e+00,
       -3.2551165102504438e+00, 1.8582760629041253e-01,
       -5.8601545708665392e-01, 2.7008727861133414e-01,
       6.3326756858426048e-01, -1.1495856113507585e-01,
       3.1727437289300658e-01, 1.1909260462663660e-02,
       1.4685812294397231e-03, 9.4221853272743290e-04,
       -1.1644795237717737e-02, 5.5446321053159687e-04,
       1.8836687279520092e-04, -1.8425118882434467e-03,
       -1.9112173693697314e+00, 8.8128217050033109e-01,
       1.0629221942963953e-01, -3.7800402406347738e-01,
       7.6075364260759287e-03, 1.6565950667312448e-01,
       3.3884085021317359e-02, -3.9394548491193469e-02,
       -3.3859590599792419e-02, 1.1909260462663660e-02,
       1.8825811551414166e-02, -2.7642404751853080e-03,
       2.7852483740714324e-04, -5.4494927384185986e-04,
       -8.5351491610000585e-04, 1.3796153107127981e-04,
       -5.8885799465740627e-04, -1.8991495807247386e-03,
       5.7007342600725530e-01, -1.9761702606135598e-01,
       -2.2080308107471547e-01, -2.2521128010398891e-02,
       3.3125046202841658e-02, 4.4143871904736932e-02,
       -1.7344314754716143e-02, 5.2127668664751086e-04,
       1.4685812294397236e-03, -2.7642404751853080e-03,
       2.2186166104878314e-03, 1.6266550667003380e-04,
       -2.9537298655141772e-04, 5.9294611418151679e-04,
       -6.4428693540487532e-05, 3.4090081544923333e-06,
       -2.3933036127537752e-02, 5.4928571250138072e-02,
       9.5767432197088970e-02, -2.4603038838035881e-02,
       2.6925752862579054e-02, 5.6982051447443463e-03,
       -2.9737621255010321e-02, -1.3000823578704742e-02,
       -1.6869343901464127e-02, 9.4221853272743311e-04,
       2.7852483740714324e-04, 1.6266550667003388e-04,
       2.3548361350079617e-03, 6.9954276771713085e-06,
       -4.2861062445950979e-05, -4.0843008546949086e-05,
       -7.9496579444746741e-06, -7.4827311921188508e-02,
       1.2282666313246117e-01, 4.1478296027595292e-02,
       -1.1346967656367120e-01, 2.6949957115417554e-02,
       -1.5750730141351186e-03, 7.9843594866106007e-03,
       1.1603013930416275e-03, -4.3539304958223786e-03,
