%YAML:1.0
means: !!opencv-matrix
   rows: 2
   cols: 6
   dt: d
   data: [ -1.2109033962070814e+02, -1.4975763022092636e+01,
       2.7172527753771636e+01, -4.3140348352226168e+00,
       -9.6838832200533282e+00, -5.4336594048499194e+00,
       5.6796531185621795e+01, 7.0215671289956285e+00,
       -1.2747083490628567e+01, 2.0241983055120421e+00,
       4.5418401041328114e+00, 2.5451234541815193e+00 ]
covs: !!opencv-matrix
   rows: 12
   cols: 6
   dt: d
   data: [ 1.1486314408264960e+04, -1.1409871451882445e+03,
       1.6422822684960204e+03, -5.2604965599200307e+02,
       4.5615479068092128e+02, -3.5880586634064514e+02,
       -1.1409871451882450e+03, 1.5770783918423678e+04,
       1.7195031840091860e+02, -1.1571987055993127e+03,
       3.2486685820728223e+02, 6.3882847731151890e+02,
       1.6422822684960204e+03, 1.7195031840091860e+02,
       2.7682531096931298e+03, 1.7795147572700998e+02,
       -1.6713671656769111e+02, 5.0332729062012078e+01,
       -5.2604965599200307e+02, -1.1571987055993127e+03,
       1.7795147572701001e+02, 3.0807198280933717e+03,
       -1.2922006592869624e+02, -1.9331964781437475e+02,
       4.5615479068092134e+02, 3.2486685820728229e+02,
       -1.6713671656769111e+02, -1.2922006592869624e+02,
       2.4077766615264994e+02, 1.8181100160938954e+01,
       -3.5880586634064520e+02, 6.3882847731151890e+02,
       5.0332729062012085e+01, -1.9331964781437475e+02,
       1.8181100160938957e+01, 2.5816682641646605e+02,
       1.0417230646275093e+04, -7.1420850258622716e+02,
       1.4970155856544914e+03, -1.1325041202818780e+02,
       -1.0219456595680091e+03, -2.8487572453753990e+02,
       -7.1420850258622716e+02, 1.0770130613921476e+04,
       1.9972256835443852e+02, 4.9827319425308048e+02,
       -2.5229510415542555e+02, -3.5568022741535236e+02,
       1.4970155856544914e+03, 1.9972256835443841e+02,
       3.0288180530335217e+03, -2.6820096508554014e+00,
       2.5971664200513698e+02, 7.8088364208419918e+01,
       -1.1325041202818778e+02, 4.9827319425308059e+02,
       -2.6820096508554130e+00, 2.7494289361053357e+03,
       3.1822046456422058e+01, 7.4530214965125055e+01,
       -1.0219456595680091e+03, -2.5229510415542563e+02,
       2.5971664200513698e+02, 3.1822046456422072e+01,
       4.8354167080358627e+02, -4.4768558448327234e+01,
       -2.8487572453753984e+02, -3.5568022741535225e+02,
       7.8088364208419890e+01, 7.4530214965125040e+01,
       -4.4768558448327234e+01, 2.2856415316164521e+02 ]
weights: !!opencv-matrix
   rows: 1
   cols: 2
   dt: d
   data: [ 3.1929006373979502e-01, 6.8070993626020593e-01 ]
pca_proj: !!opencv-matrix
   rows: 6
   cols: 21
   dt: f
   data: [ 1.02604255e-02, 8.46533298e-01, 5.67100069e-05,
       -5.08859605e-02, 4.68450844e-01, 1.89823491e-04, -5.55210514e-03,
       1.46431834e-01, -1.98076777e-05, -7.31809530e-03, 1.34976640e-01,
       -4.80776835e-05, -6.69380091e-03, 1.46460637e-01, -1.57161594e-05,
       2.11501210e-05, 1.32904761e-05, -3.16381829e-07, -1.62182951e-05,
       4.47223283e-04, 4.04881848e-06, 8.19958210e-01, 1.87153444e-02,
       -7.93817599e-05, 4.28530097e-01, 8.29724409e-03, 8.75842488e-06,
       2.28233948e-01, -2.37727305e-03, -1.84168690e-04, 2.08515689e-01,
       -1.20344283e-02, -2.14158339e-04, 2.18838796e-01, -7.27251405e-04,
       -1.84816250e-04, -3.05604735e-05, -5.04301033e-06,
       -1.27042276e-05, 6.79167337e-04, 1.30049409e-06, -1.63660501e-04,
       -1.48704097e-01, -3.29387456e-01, -1.82470303e-05, 1.08596861e-01,
       1.49965823e-01, -1.77574475e-04, 1.29315495e-01, 5.12750924e-01,
       2.36419466e-04, 1.37444586e-01, 5.11233926e-01, 2.85520800e-04,
       1.36541247e-01, 5.06532609e-01, 2.30281497e-04, -1.19767010e-05,
       -4.37137305e-06, 1.85016711e-06, 4.23374237e-04, 1.63331581e-03,
       1.86568883e-04, -4.72028166e-01, 1.25829116e-01, -3.95576280e-05,
       1.75304204e-01, -4.03850079e-02, -1.91588406e-04, 4.72358793e-01,
       -1.55570537e-01, 3.14154240e-05, 4.64089781e-01, -1.42328069e-01,
       9.23298430e-05, 4.71241623e-01, -1.54795542e-01, 4.75230554e-05,
       -2.49870754e-05, 5.87460408e-06, 1.53038200e-05, 1.49897439e-03,
       -5.03496267e-04, 3.15210091e-05, 4.28138897e-02, -3.98029029e-01,
       -1.64866622e-03, -1.49486646e-01, 8.53724658e-01, -7.20556185e-04,
       4.98631820e-02, -1.44551426e-01, -6.16796780e-04, 4.10989933e-02,
       -1.98635340e-01, -7.75538327e-04, 2.98115760e-02, -1.52079150e-01,
       -6.80539582e-04, 2.25883312e-04, -2.69945431e-05, 2.70592113e-06,
       9.03362306e-05, -4.77506634e-04, -7.18366122e-04, -2.83197194e-01,
       -1.15955826e-02, -1.67501986e-03, 8.56651485e-01, 1.54669777e-01,
       -2.37696129e-03, -1.20549113e-01, -2.06198599e-02,
       -3.04474914e-03, -2.70571560e-01, -1.17506422e-01,
       -3.04362620e-03, -2.44462311e-01, -1.05650024e-02,
       -2.97378097e-03, -2.55348248e-04, -4.88344995e-05, 2.20185507e-06,
       -8.00635200e-04, 8.29089622e-05, -2.87367473e-03 ]
pca_mean: !!opencv-matrix
   rows: 1
   cols: 21
   dt: f
   data: [ 4.33646118e+02, 2.44701981e+02, 1.49672687e+00,
       4.18191803e+02, 2.60206879e+02, 1.62062907e+00, 3.68545319e+02,
       2.27059875e+02, 1.69770968e+00, 3.19420807e+02, 1.63929108e+02,
       1.75046074e+00, 3.16613464e+02, 2.25532654e+02, 1.70717156e+00,
       1.08872897e-04, -9.74175637e-05, 6.24380555e-05, -2.17504916e-04,
       -2.50119597e-01, 1.75055194e+00 ]
gamma: !!opencv-matrix
   rows: 2
   cols: 1
   dt: d
   data: [ 9.4206247599449000e-01, 9.3644817057923635e-01 ]
