%YAML:1.0
means: !!opencv-matrix
   rows: 47
   cols: 1
   dt: d
   data: [ 9.1515815199566489e+01, -8.9969192349772371e+01,
       -2.2337470533320661e+02, 2.0106333554117487e+02,
       -8.8019701577986726e+00, -3.3069325856687487e+02,
       -1.4341875439768376e+02, 1.4989153990627179e+02,
       2.6915336868769295e+01, 1.2374589336013834e+02,
       2.7695860883437911e+02, -5.3530400915320243e+01,
       6.1503260307898714e+01, -1.8204016429386434e+02,
       -2.8347417593786599e+02, 1.8799888565231629e+02,
       -1.6948871881529232e+02, 5.0615338389829567e+01,
       -3.0673188421050472e+01, -2.4105233930023653e+02,
       2.3701467145929382e+02, 1.1215847691016111e+02,
       -3.0756590510433432e+02, -1.1557290109081717e+02,
       -1.0228662979358752e+02, 1.7494651909041164e+02,
       1.4472247141290277e+01, -7.7263542581589604e+01,
       3.9480100720873438e+01, 1.6237838875537807e+02,
       8.1604192967626943e+01, -1.2985232065213495e+02,
       -6.5168565943641383e+01, -2.0838433470541744e+02,
       -1.5683699450474293e+02, -3.5631926612239653e+02,
       2.1835662758775936e+02, -1.9627645798487201e+01,
       -1.9502746571737248e+02, 2.5523261156125145e+02,
       1.3687673955730222e+02, 7.1591941227793754e+01,
       1.0161587928245784e+02, 2.9171486470794190e+00,
       2.9273765264609847e+02, -4.1982602640309011e+01,
       -2.6134533598504760e+02 ]
covs: !!opencv-matrix
   rows: 47
   cols: 1
   dt: d
   data: [ 2.1076296461812433e+01, 4.2967195630243417e+01,
       5.3929235263680020e+01, 4.5298489180750025e+01,
       3.3115825941444264e+01, 2.3319842051225837e+02,
       4.6393472227339252e+01, 3.5838115756539473e+01,
       3.2133728989912939e+01, 3.5055038767537603e+01,
       2.5629182836657594e+02, 2.9711555062456284e+01,
       2.3413990455514529e+01, 3.6164540852321402e+01,
       9.6845772428302368e+01, 4.6722120525035571e+01,
       4.1880695725360027e+01, 2.7624796606116430e+01,
       2.5634437748889201e+01, 7.0006743907466472e+01,
       8.6249709626772997e+01, 3.3176332849997380e+01,
       1.3131892921904941e+02, 4.5671014561382442e+01,
       4.6937896793280430e+01, 4.4996798601649182e+01,
       3.2882496124416235e+01, 3.8183452947498736e+01,
       3.1315623155324467e+01, 4.0286255004230291e+01,
       1.9084501593321519e+01, 4.5568371105269705e+01,
       3.3825487986278503e+01, 4.6745768952417862e+01,
       4.6258165241379203e+01, 4.8489673588694734e+02,
       5.5485044643087832e+01, 3.0243030846110525e+01,
       3.8328881459757092e+01, 1.2614565569911848e+02,
       3.5628857829561262e+01, 1.9707167742340278e+01,
       2.6487850721806041e+01, 3.3935277553914254e+01,
       4.3703694625836135e+02, 2.6130639917001456e+01,
       8.7343433307500973e+01 ]
weights: !!opencv-matrix
   rows: 1
   cols: 47
   dt: d
   data: [ 2.8758013795063753e-02, 2.5093311595120873e-02,
       1.5834549008010110e-02, 1.4784271030620789e-02,
       3.0674181262970990e-02, 4.0957536303959661e-03,
       2.0740678390877527e-02, 2.5930965283317512e-02,
       3.5800347673369086e-02, 3.0209785087982874e-02,
       3.8658772234965873e-03, 2.4327403972210681e-02,
       3.1478923478084980e-02, 1.5260385298390029e-02,
       1.1381143002911980e-02, 1.8003283377624666e-02,
       1.4763470317054985e-02, 3.3763084984964151e-02,
       2.6494083539461255e-02, 1.5410768555508526e-02,
       1.0266289991267075e-02, 2.9548641783107996e-02,
       7.5818980771329043e-03, 2.4719611587319248e-02,
       2.4359778215313016e-02, 2.0403239165690607e-02,
       3.4213491601183151e-02, 2.4910885668414363e-02,
       3.5184053267651789e-02, 2.2802890098988681e-02,
       2.8616654373259758e-02, 2.2557574401890372e-02,
       2.5883846323073056e-02, 1.4894699243638895e-02,
       1.9030910628323672e-02, 2.5274398577026956e-03,
       1.3880972093689187e-02, 2.8703798096362417e-02,
       1.4286920177825383e-02, 6.8473965563352179e-03,
       2.8404063913969234e-02, 3.0127939566622623e-02,
       2.9311465208884339e-02, 3.1804131372540359e-02,
       2.5520978180605032e-03, 2.5277539543033020e-02,
       1.4631490861274998e-02 ]
pca_proj: !!opencv-matrix
   rows: 1
   cols: 21
   dt: f
   data: [ 4.36961316e-02, 8.50134730e-01, 1.73015636e-04,
       6.54514134e-02, 4.60692108e-01, 2.29939164e-04, 7.67599978e-03,
       1.46649793e-01, -1.37564148e-05, 1.21663406e-03, 1.30500361e-01,
       -5.45994153e-05, 8.06188770e-03, 1.42052382e-01, -2.12945142e-05,
       -2.45414903e-05, 9.56867734e-06, -1.94090262e-06, 3.13729906e-05,
       4.34020360e-04, 2.32224409e-07 ]
pca_mean: !!opencv-matrix
   rows: 1
   cols: 21
   dt: f
   data: [ 2.07625534e+02, 2.55653595e+02, 1.54502928e+00,
       2.18915131e+02, 2.60592743e+02, 1.67241716e+00, 2.65274475e+02,
       2.24016678e+02, 1.71669352e+00, 3.19420807e+02, 1.63929108e+02,
       1.75046074e+00, 3.16613464e+02, 2.25532654e+02, 1.70717156e+00,
       1.08872897e-04, -9.74175637e-05, 6.24380555e-05, -2.17504916e-04,
       -2.50119597e-01, 1.75055194e+00 ]
gamma: !!opencv-matrix
   rows: 47
   cols: 1
   dt: d
   data: [ 8.0774333255322439e-01, 8.0635363235344593e-01,
       8.7580194650478105e-01, 8.6732288965275839e-01,
       7.7147717322264386e-01, 9.0898778318124551e-01,
       8.3818868574395256e-01, 8.4244892114450787e-01,
       7.7536041821657964e-01, 8.2762028321563896e-01,
       8.9604771573296194e-01, 7.8538123266910587e-01,
       7.9018724188780165e-01, 8.5791011177115706e-01,
       8.9611005807911337e-01, 8.6158546916216960e-01,
       8.5189323804808326e-01, 7.8469475999362204e-01,
       7.7580087958885302e-01, 8.8246944567636032e-01,
       8.8179458709178460e-01, 8.2065002792075248e-01,
       9.0281100393090419e-01, 8.2199505073104173e-01,
       8.1396190361143206e-01, 8.5543558032715838e-01,
       7.7243347783824756e-01, 7.9861872930883415e-01,
       7.7980900212140192e-01, 8.4909990079863185e-01,
       8.0166483347512274e-01, 8.3044993970327241e-01,
       7.9159605402813937e-01, 8.6972952491554190e-01,
       8.4546161092563188e-01, 9.1582551048376548e-01,
       8.7451235406103245e-01, 7.7301516381951929e-01,
       8.6388885380205394e-01, 8.8833715912211730e-01,
       8.3523463599900505e-01, 7.9575575776582885e-01,
       8.1407024851643561e-01, 7.7122127541213281e-01,
       9.0173537006206694e-01, 7.7999746800544778e-01,
       8.8939988883231558e-01 ]
