%YAML:1.0
means: !!opencv-matrix
   rows: 11
   cols: 15
   dt: d
   data: [ 1.4108787334010313e+02, -2.6384776465959536e+01,
       -3.4387824505764144e+01, 2.9538983237231527e+01,
       -1.8209444101948964e+01, 7.2853279787146850e+00,
       1.4882901212438174e-01, 2.5180007626972978e-01,
       -2.4335297077670875e-01, 1.7740822371663859e-02,
       1.3517335191479621e-01, -9.5607067734108618e-03,
       -3.0811465117840478e-04, 8.4420919915699814e-04,
       -4.0257596182497650e-04, -1.5233540788924108e+02,
       -9.7792861502421626e+00, 4.0556295404094932e+01,
       -3.4929090120853750e+00, -2.7835526472375420e+00,
       5.3226723888962448e+00, 7.1630788517368327e-01,
       1.1937959731450234e+00, -7.8368934040248339e-01,
       -4.4214066328529165e-02, -8.1402489199506305e-03,
       3.4574613643366067e-03, 2.7893633074801733e-03,
       1.3130249408357861e-03, -1.0976272207748147e-02,
       4.7289440846264270e+00, -1.5243148044675749e+01,
       -5.0779030345759846e-01, 4.4899063743380117e+00,
       -1.3532538970235660e+01, -8.1904735267982165e+00,
       3.1307753003530159e-01, 3.5860432355507310e-01,
       -1.4093576773504526e+00, 5.1582343667242507e-02,
       -2.8248785052497211e-01, 1.7228245432361709e-02,
       5.3698293645352956e-03, 5.7404939311458836e-03,
       -1.9808536884393099e-02, 1.4847882779189758e+00,
       -1.1824786949434535e+02, 1.0025713718962136e+01,
       3.5059279291287993e+01, 9.3288741332369511e+00,
       -1.6308553868717365e+01, -2.6594232304653134e+00,
       6.1854548815597787e-01, 2.4957332513493307e+00,
       -1.2233135895280656e+00, -3.2709617704796398e-02,
       -7.2386977227240565e-02, -3.3227749415760330e-03,
       -6.8650957103722418e-03, -1.9319308025218966e-02,
       4.2651881717228676e+01, 1.1232507009231894e+02,
       -2.7771854724203404e+01, -4.4169869391269913e+01,
       -4.7688839225532691e+00, 1.0098091275169006e+00,
       1.6501908052069656e+00, -3.4990745590194339e-01,
       -2.6647747124669258e-01, -8.4457755977183024e-02,
       4.6781783839348064e-02, -1.7993567520813630e-02,
       4.2169423745310646e-03, 7.8258034168960551e-03,
       -1.5615435669808494e-02, -1.8254967083485553e+02,
       -1.8893325828815833e+01, 3.3178632973485200e+01,
       -1.1633077419198303e+01, -3.1265543126159017e+00,
       -4.1066101621811137e+00, -2.6006023653134522e+00,
       -1.7118808707464039e-01, 4.2831112760552310e+00,
       7.4900008604698154e-01, -1.5857561472780174e-01,
       -8.5927903769262931e-02, -4.8831056042860253e-03,
       1.2835529174648920e-02, 2.6218527788094210e-02,
       7.4920520876406371e+01, 6.0105546082857522e+01,
       -1.3048280686577289e+01, -1.9990655621858206e+01,
       -1.3590492345038546e-01, -8.2218595374954617e+00,
       -1.0644799668803687e+01, 2.2307899225851147e+00,
       5.8786099962287217e+00, 9.9563568182477669e-01,
       -3.1721166110010315e-02, 1.1749307216034154e-01,
       -6.0670653236804067e-02, 2.5415063819429175e-02,
       -4.1052423663501800e-02, -1.2680184805670223e+02,
       1.1683314921883233e+02, 1.1129610360497651e+01,
       -5.2669669284312938e+01, -1.2924623273021217e+01,
       5.1037648958275328e-01, 6.0598558393975066e-01,
       -1.9613887650937137e-01, -5.1098956887794544e-01,
       -2.7630873100750358e-01, 1.1445579106947638e-01,
       -3.6637922365278324e-03, 2.9406805226995301e-03,
       -3.9199826525432313e-05, -7.3032692276607655e-03,
       -1.7311924853930466e+02, -1.1851277721401490e+02,
       4.8745248356902927e+01, 4.1419753793166770e+01,
       -3.5706791611312568e+01, -5.3154153972767926e+00,
       -3.7643167592421189e+00, -9.5724325584464354e-01,
       -9.6932980881905451e-01, -5.4698538782556726e-02,
       1.3414616884898464e-01, 3.5260987516293224e-02,
       -4.9365018078459987e-03, -5.3514062913073528e-03,
       6.1368435334687600e-03, 1.7685939268046656e+01,
       4.9202184274969190e+00, -1.5499142166153979e+01,
       -8.3124459079825392e+00, -5.7224530622029510e+00,
       -2.8426568936577556e+00, 1.3136441852539751e+00,
       -2.0831991642465395e+00, 1.0652584595563095e+00,
       1.1862146280803911e+00, -1.1848899733992467e-01,
       -1.1945885781246504e-01, 7.6017666086003475e-03,
       1.6784995575379370e-02, 2.3645657928411376e-02,
       4.3887320601200045e+01, -1.0885405632667979e+01,
       -4.1040200370342257e+00, 6.3847805024167759e+00,
       1.7858410539602421e+01, 1.4372846794196257e+00,
       8.2780232497644735e-01, -5.1908008622347257e-01,
       -3.7781904106485070e-01, 3.8509112677586943e-02,
       4.9195759062076894e-03, 2.0931827453825165e-02,
       1.9621737102413195e-03, -7.9683842172805896e-03,
       1.8209032337961187e-02 ]
