%YAML:1.0
means: !!opencv-matrix
   rows: 23
   cols: 8
   dt: d
   data: [ -4.9337356044377554e+00, -3.5186584160227653e+01,
       7.2411266143430648e+00, 8.8755593674150397e+00,
       3.8179325516272726e+01, -1.3551389316022853e+00,
       1.1881732059359007e+00, -8.3730774662884111e-01,
       -1.7688668846734600e+02, 3.1997403595408279e+01,
       3.5861467302578255e+01, -2.8647273564238183e+01,
       -4.4090615363202943e+00, -5.9550101653310135e+00,
       -5.4626075621135750e-02, 7.7139415252452348e-01,
       4.7226330186697556e+00, 9.1478070289858039e+01,
       -1.1323346540719319e+01, -4.1821878457989484e+01,
       1.2119444501405058e+01, -3.8401350466336672e+00,
       1.6035425295128092e+00, 9.2189319355295157e-04,
       -8.1112786405195408e+01, 1.0245085610637246e+02,
       4.6960752563174317e+00, -5.1845185524852880e+01,
       3.0223000281447914e+00, 4.9301644916679885e+00,
       1.6886112395665200e+00, -2.3740468677109910e-01,
       4.8686542757240638e+01, 1.2283707403953613e+01,
       -2.0516289588879928e+01, -2.7327716214241655e+00,
       -1.0976331971335833e+01, -7.8979480865882330e+00,
       -9.0851459100519794e-01, -1.2980558195033935e+00,
       2.7620953484627211e+01, -2.1680091846590685e+01,
       -9.3411689152377217e+00, 5.6181413177936363e+00,
       -9.9602367314770923e+00, -8.7701835719244805e+00,
       -2.6697488996048073e+00, 4.2969921164595357e+00,
       -1.5351846668363913e+02, 1.1481588617461895e+02,
       1.7828616057307123e+01, -5.0269186788199846e+01,
       -2.3855443258038033e+01, -5.0956919558189666e+00,
       -5.7038978538857643e-01, -2.6973473445420643e-01,
       2.9628683898362603e+01, -1.1658394532988710e+02,
       9.9706375972453323e+00, 5.3387499883701039e+01,
       2.1496739707380616e+01, 1.1302506326791992e+01,
       1.8793978502490121e+00, -6.6193013192250449e-01,
       1.1544404174634824e+01, 3.2133068669339586e+00,
       -2.6989845921148518e+01, 1.9936578451450011e+01,
       3.7871683667553837e+00, 1.2470957388419448e+01,
       1.9946671819608199e+00, -8.6111436095729049e-02,
       -1.4407103717431889e+02, -1.1446623910222357e+02,
       4.7612082009229297e+01, 2.7721261911311853e+01,
       -2.0196571360143054e+01, -2.9597546957420835e+01,
       -5.6906502452203274e+00, -1.0809579464400647e+00,
       9.9099768764931696e+01, -4.5162228482278586e+01,
       -2.1994207814708773e+01, 3.6855874893296800e+01,
       -2.7564723225870075e+01, 2.3496258679747605e+01,
       1.1185985838796604e+00, 1.3071549523475927e+00,
       8.1183830168559780e+01, -9.5683623317673323e+01,
       -3.8975377249471087e+01, -4.3597326438556081e+01,
       6.8124264288639154e+00, 2.0960543404968335e-01,
       -8.0076734500036206e-01, -2.8510799109010881e-01,
       1.7395509063580511e+02, -7.9592023265240019e+00,
       -4.5854674256241310e+01, 2.3665098711166376e+01,
       -1.2412681595725266e+01, -5.3853395144759650e+00,
       1.0155442279750495e+00, -6.4132639380345524e-01,
       -1.6569063123815815e+02, -5.5487678512311533e+01,
       4.3081580576441276e+01, 1.7491170671623937e+01,
       -1.1140585364935168e+01, 8.2501253932159457e+00,
       -8.7705698417832467e-01, 9.5941447850745065e-01,
       -1.7481069740583195e+02, -1.1527486002743190e+02,
       4.8833808755773475e+01, 3.9370354889515745e+01,
       -3.4701069824605447e+01, -4.3847431591479102e+00,
       -2.2988139223960142e+00, -9.8125383241670450e-01,
       -6.1070037246497222e+01, -3.1697074531499410e+01,
       2.7697621158753606e+01, 1.3015799402243992e+01,
       2.3158642374188254e+01, 1.3899211916733600e+01,
       1.6352902263220475e+00, 6.1821600667810894e-01,
       2.9098269493111864e+01, 1.2627227576058075e+02,
       -2.7908356191037758e+01, -5.3532682890533678e+01,
       -9.2046894937041461e+00, 1.9047981671890684e+00,
       2.2661960661298486e+00, -2.1739449259979779e-01,
       1.3377128529885744e+02, -6.3947275206804708e+00,
       5.2020443853811180e+01, -1.9376012883525688e+00,
       5.2437374966739201e+00, 8.9822210991104523e+00,
       7.1115780829752584e-01, -4.3821412682209598e-01,
       1.8400618185938990e+02, 6.0693530341226996e+01,
       1.7952088516556689e+01, -2.7301721539323395e+01,
       -9.8738831920931531e+00, -9.5264979732724555e+00,
       -2.7091333660248611e+00, 2.5105807016039416e-01,
       6.3184410412425422e+01, 6.8108378570761857e+01,
       -6.1655937113142571e+01, -2.4601504100035032e+00,
       -8.0083769173498069e+00, -1.0500249621172415e+01,
       -3.6685729231677504e+00, 8.2235706535857656e-01,
       7.7942436161582563e+01, 6.9282561355253867e+00,
       -2.1743256687773091e+01, 1.9756254736366198e+01,
       1.4822730548192858e+01, -9.9194141845506163e+00,
       3.2804703171801614e-01, -9.6510724458063557e-01,
       3.7218100092762993e+00, 5.7209164609904526e+01,
       1.8691735443093766e+01, -1.6912165188631437e+01,
       2.7107717577875547e+01, -8.2084465513399394e+00,
       -7.1951450331794931e+00, 6.2860508246288005e-01,
       1.4878556687479255e+01, -2.0115317969649766e+02,
       7.5184249856875294e+00, 6.5061825266850562e+01,
       -3.9264809110337660e+00, -2.3837546542245907e+01,
       -2.5501871853163922e+00, -1.2627240140487892e+00 ]
