%YAML:1.0
means: !!opencv-matrix
   rows: 14
   cols: 9
   dt: d
   data: [ 1.6545934539704638e+02, 1.2824830026808216e+01,
       -4.5963627289921448e+01, 1.3413957031098738e+01,
       -1.0036707405890816e+01, -8.5991208353497033e+00,
       -5.7731223838765178e-01, -1.9853460939868747e-01,
       -8.7936446147284353e-01, -5.6571295611544681e+00,
       -3.8550987770947614e+01, 7.8011203469567203e+00,
       -1.8080123283469933e+00, 7.2629355796020931e+00,
       -1.2220571042869235e+01, -2.8121229083152111e+00,
       2.6756105454622321e+00, 5.8983350004301789e+00,
       -1.7600454039442090e+02, -1.0741795894446187e+02,
       4.6492384526162546e+01, 3.7741678180980863e+01,
       -2.9828548275709661e+01, -2.2416832180989745e+00,
       -3.8199372512533825e+00, -6.2890190062391005e-01,
       2.3833959572711000e-01, -7.4672932805237291e-01,
       -9.8183262439683947e+00, -6.7553521429246635e+00,
       1.4908839223133676e+00, -9.6525188502077359e+00,
       -9.3171052283951070e+00, -4.7499805528907396e-01,
       1.0764050579080471e-01, -1.2588071317398799e+00,
       -1.0663152284053496e+02, 1.1024322532959293e+02,
       8.7786952937236098e+00, -5.2196459300951204e+01,
       -7.6966717125394286e+00, 1.3286824384160405e+00,
       9.8969135752057869e-01, -6.7098227584598658e-01,
       -3.3968538189685898e-01, 9.9577320295999726e+01,
       -4.5585685089515600e+01, -2.1808506032582720e+01,
       3.6501000969052342e+01, -2.7570459614196704e+01,
       2.3468965960397121e+01, 1.1708163064096373e+00,
       1.3191277947716014e+00, 5.0786758235831697e-01,
       -1.7037296491140125e+02, 3.9361144703860489e+01,
       3.1084971083384922e+01, -2.9830512461085625e+01,
       -1.5552321639651343e+00, -3.9093473819106150e-01,
       5.9730483716722693e-01, 9.3000214436146766e-01,
       7.3882922368708481e-01, 5.2837658476434321e+01,
       5.8788271205729792e+01, -1.1232427946053065e+01,
       -2.6215998741257589e+01, -4.4461923836638911e-01,
       -8.0535692321127108e+00, -1.0082818436453270e+01,
       1.1938607171976858e+00, 6.6812972585766790e+00,
       3.0789024149387112e+00, -1.9832999547432249e+02,
       1.5018441597303545e+01, 6.7947559526505245e+01,
       1.0801188791735418e+01, -2.1985226412325630e+01,
       -1.9119891795270099e+00, -1.2401212078306791e+00,
       1.4538438892402321e-02, 8.4907849818919374e+01,
       -6.9171570229451177e+01, -1.4511439704915643e+01,
       4.8305308782757834e+01, -1.0596484837459101e+01,
       1.9414612706434891e+01, 1.7683969233883376e+00,
       -6.1875973633854067e-02, -1.4247124823220988e-01,
       1.0443868241678783e+02, -3.8848722280380876e+00,
       4.4269294673635542e+01, -1.2869722831559542e+01,
       1.6346616427552370e+01, 1.1633362827314352e-01,
       4.6662894048422499e-01, -8.4752269237317346e-01,
       -4.6647367105627319e-01, 3.7313334636260215e+01,
       1.1911888477135855e+02, -2.6412247815115961e+01,
       -4.9426459761531056e+01, -6.8404253822188723e+00,
       1.2412643840925111e-01, 2.0464898544948582e+00,
       -3.6518772404784000e-01, -2.2472112168349584e-01,
       -1.6647434899531511e+01, -4.7427469363045418e+00,
       -3.0059094256674268e+01, 8.8298698774718343e+00,
       2.4575755231760692e+01, -6.2312306056153577e-01,
       1.0010411743281955e+00, -5.2283650594566622e-01,
       -3.3833875701845045e-01, -1.4766434705889441e+02,
       -2.4505616314375597e+01, 4.2646300599992401e+01,
       3.2494963544844966e+00, -2.3600387592772152e+00,
       6.4140712633022989e+00, 6.5307127158644507e-01,
       1.1600907379928802e+00, -7.3545276811136040e-01 ]
covs: !!opencv-matrix
   rows: 126
   cols: 9
   dt: d
   data: [ 5.9592456602373950e+03, -3.5310190878756856e+02,
       2.6990167451617385e+03, -6.7194706189434999e+02,
       -7.8779529342835204e+01, 8.9556955930860369e+01,
       -5.0949437910981807e+01, 9.9678648396440526e+00,
       -3.0413356890212000e+01, -3.5310190878756856e+02,
       7.2637207294610762e+03, 7.3265902079821149e+02,
       2.1880236125285546e+03, -2.2533781738338632e+01,
       4.8993497420071044e+01, -3.6959147822795622e+01,
       5.2120397782051571e+00, -4.8272850502221925e+00,
       2.6990167451617390e+03, 7.3265902079821149e+02,
       2.4556178588320086e+03, -1.3466385271543385e+02,
       -8.2331002946770312e+01, -8.4319497972340898e+01,
       1.8338198236481478e+01, 7.8047853278679646e+00,
       5.0297954341372952e-01, -6.7194706189434976e+02,
       2.1880236125285546e+03, -1.3466385271543388e+02,
       1.9105086854878000e+03, 8.5087972913501119e+01,
       -1.1045287804257879e+02, -1.1401863679206601e+01,
       5.0130351772020065e-01, -2.7594752745781248e+00,
       -7.8779529342835232e+01, -2.2533781738338632e+01,
       -8.2331002946770283e+01, 8.5087972913501105e+01,
       4.2568355968299791e+01, -4.1065952616453814e+00,
       -4.3861613964773332e+00, 7.2563602989681963e-01,
       -1.1029969148814796e+00, 8.9556955930860369e+01,
       4.8993497420071051e+01, -8.4319497972340898e+01,
       -1.1045287804257879e+02, -4.1065952616453805e+00,
       5.7604556419478925e+01, -1.2510365722188936e+01,
       -6.2693748225112724e+00, -9.1018240665948236e-01,
       -5.0949437910981821e+01, -3.6959147822795643e+01,
       1.8338198236481475e+01, -1.1401863679206603e+01,
       -4.3861613964773332e+00, -1.2510365722188936e+01,
       2.6895453298648736e+01, -1.3414408460622531e+00,
       3.3620560154053387e+00, 9.9678648396440472e+00,
       5.2120397782051580e+00, 7.8047853278679646e+00,
       5.0130351772020088e-01, 7.2563602989681908e-01,
       -6.2693748225112724e+00, -1.3414408460622536e+00,
       1.5924008631589928e+01, -9.0066573514998116e-01,
       -3.0413356890212000e+01, -4.8272850502221898e+00,
       5.0297954341372952e-01, -2.7594752745781244e+00,
       -1.1029969148814791e+00, -9.1018240665948191e-01,
       3.3620560154053378e+00, -9.0066573514998127e-01,
       1.1263174865929177e+00, 7.4642889996884969e+03,
       2.3024121264322378e+02, 2.1877822953151845e+03,
       -1.2311830991622980e+03, -4.7112720165308900e+02,
       -8.2178680323462004e+02, -3.7482344078677649e+01,
       1.4186973962896943e+02, 1.7586736008064495e+01,
       2.3024121264322386e+02, 7.0996757230427265e+03,
       6.3562568182990242e+02, 1.6994803566924725e+03,
       1.1417873695077097e+02, -2.1396795868808445e+02,
       -6.2687325934403631e+01, 3.3893780434179732e+01,
       6.2423416274899978e+01, 2.1877822953151845e+03,
       6.3562568182990242e+02, 2.8369338300136433e+03,
       5.2800821600740512e+01, 4.2514296601113372e+01,
       3.1609747270471451e+02, 2.3688029866672014e+01,
       -6.7896614285434282e+01, -3.0816410443579181e+00,
       -1.2311830991622980e+03, 1.6994803566924725e+03,
       5.2800821600740534e+01, 2.0222788874740950e+03,
       1.5101671021963568e+02, 1.0438659090027420e+02,
       3.1815256553157063e+01, 2.7358639607225321e+01,
       1.6423692965610456e+01, -4.7112720165308895e+02,
       1.1417873695077101e+02, 4.2514296601113372e+01,
       1.5101671021963563e+02, 3.0768147836796493e+02,
       1.6850534191366575e+02, -1.7107442689453116e+01,
       1.6509095892893889e+01, -5.2352198454268539e-01,
       -8.2178680323461981e+02, -2.1396795868808439e+02,
       3.1609747270471439e+02, 1.0438659090027417e+02,
       1.6850534191366575e+02, 4.4551835253066201e+02,
       -2.6127086900596259e+00, -5.5640361261219311e+01,
       -4.0534942365941946e+00, -3.7482344078677635e+01,
       -6.2687325934403631e+01, 2.3688029866672004e+01,
       3.1815256553157063e+01, -1.7107442689453123e+01,
       -2.6127086900596255e+00, 4.0861817417895466e+01,
       -5.2550054196365901e+00, -2.3067545632370932e+00,
       1.4186973962896943e+02, 3.3893780434179732e+01,
       -6.7896614285434282e+01, 2.7358639607225321e+01,
       1.6509095892893889e+01, -5.5640361261219311e+01,
       -5.2550054196365910e+00, 2.8478007088352314e+01,
       -1.3154255983323668e-01, 1.7586736008064488e+01,
