%YAML:1.0
means: !!opencv-matrix
   rows: 32
   cols: 4
   dt: d
   data: [ -1.7074173554775521e+02, 4.2713783044905476e+01,
       7.1510209517927549e+01, -3.9594990116152417e+01,
       1.5190805199743423e+02, 2.5571764762691283e+00,
       3.2734690692362875e+01, -3.7338099647670923e+01,
       2.1708866990449028e+01, 3.6383485180503370e+00,
       -7.7292477057884781e+01, 5.4612389715312787e+01,
       -1.4053027555970687e+02, -1.7445109247328259e+02,
       2.9647748609291479e+01, 2.6056610650035285e+01,
       1.4976359878433675e+02, 9.7451944228136639e+01,
       3.8931121698328170e+00, 1.0167028860077631e+01,
       -1.4704777466032129e+02, -2.8943406277222113e+01,
       3.5830652165550894e+01, -6.8367341439823903e+01,
       1.0431481217149268e+02, -1.0745034172856101e+01,
       -1.7837326323997122e+00, 5.9628679560767203e+01,
       -8.7367073273876613e+01, -1.3277467628085228e+02,
       -4.5758058648700150e+01, 3.9780903286379996e+01,
       7.1287031445519602e+01, 1.1589553856881571e+02,
       -7.5828493849334194e+01, 2.4475312190280754e+01,
       5.1157434779260456e+01, 7.0379696888640515e+00,
       -4.5687846423566981e+01, -3.8111197822954750e+01,
       2.1832026979779258e+02, -4.4719749149413154e+01,
       2.5551151555710181e+01, -1.3292703158771291e+01,
       3.6859603703794150e+01, -3.6608488089502494e+01,
       3.1291409562359931e+01, -4.7853148153941923e+01,
       -1.2080695450208260e+02, 8.8776139887658999e+01,
       3.3390995177915499e+01, -9.1848086493011056e+00,
       -2.1159657342013779e+02, 1.5900428571678589e+02,
       3.0545185884276190e+01, 1.4183629260575358e+01,
       -8.4419096630162102e+01, 8.4889552834516849e+01,
       -4.9946102458777595e+01, 2.0729877744694825e+01,
       1.0190364883980352e+02, -1.6176616339870925e+01,
       7.2498794659538717e+01, -7.3136699403727456e-01,
       4.4756339409811289e+01, -9.9829832366822899e+01,
       -7.1138291229216364e+01, -5.3158162483426326e+00,
       -9.3380067357595379e+01, -7.4205447801955941e+01,
       8.5840979591974317e+01, -3.2250986715488339e+00,
       1.9926858079076951e+01, 2.1593946019821363e+01,
       -9.4752615808691246e+01, -3.6296311055716586e+01,
       -1.7846805185752041e+02, 2.5526729883430015e+01,
       1.9004716834611013e+01, 6.4230747116200973e+01,
       1.7960012055795318e+01, 1.5009831646409285e+02,
       -4.4864963525892358e+00, -9.1390622818370503e+01,
       -6.7907205104214782e+01, 6.8461088299390298e+01,
       1.0347561272140108e+02, 3.1142124735391654e+01,
       2.1764432561674056e+02, 4.7380769701696835e+01,
       4.1096201806075882e+01, 4.2371529839168971e+01,
       -7.2961283751715030e+01, -3.6618491167351465e+01,
       -3.9245029970529522e+01, -3.7972343979134941e+01,
       -2.1859529697364567e+02, -8.0894578512226246e+01,
       2.7356876680154745e+00, 7.5836580314893558e+00,
       -6.8586532572630929e+01, -3.1795248029063774e+01,
       4.0343222244061202e+01, 7.5105666045924522e+01,
       1.6872617637275450e+01, 7.5223001573149716e+01,
       1.9830381212157331e+01, 3.4230235941646567e+00,
       1.4842304496275105e+02, -6.1740407656964230e-02,
       -4.0860769418572708e+01, -2.6033213322343475e+01,
       1.3539935096808972e+02, -1.1366038981085215e+02,
       6.4618820344469476e+00, 7.6365607711196881e-01,
       2.4286698070041808e+01, 1.0248240083368410e+02,
       9.5291884220935874e-01, 5.2113316988316392e+01,
       -2.8029536777177350e+02, 4.8269309625508328e+01,
       -1.7303436990811022e+01, -3.3557082838404924e+01,
       9.0421930487334325e+00, -1.5732181568240068e+02,
       3.0970159921690744e+01, 2.1986373740828871e+01 ]
covs: !!opencv-matrix
   rows: 128
   cols: 4
   dt: d
   data: [ 2.4215052681937518e+03, 5.3821295339649316e+02,
       1.2353260343985937e+03, -4.2031587945645055e+02,
       5.3821295339649316e+02, 6.1919990570042191e+03,
       -4.7359623778575843e+02, 7.4874872439107236e+01,
       1.2353260343985939e+03, -4.7359623778575843e+02,
       1.1257236591137985e+03, 3.0675416116607757e+01,
       -4.2031587945645060e+02, 7.4874872439107236e+01,
       3.0675416116607735e+01, 1.4622192519113776e+03,
       7.8455866721336304e+02, 1.7250967186314116e+02,
       3.9766578075370603e+02, 9.9457778856954533e+01,
       1.7250967186314119e+02, 5.3097204233407292e+03,
       1.7519333083563194e+02, 2.2471477509741007e+03,
       3.9766578075370614e+02, 1.7519333083563200e+02,
       3.6093151735287159e+02, 6.0732306341491537e+01,
       9.9457778856954533e+01, 2.2471477509741012e+03,
       6.0732306341491558e+01, 1.0460385139006571e+03,
       3.1406927316765987e+03, 1.2744500809782919e+03,
       -1.4421555848526188e+02, -1.0598548492040065e+03,
       1.2744500809782917e+03, 2.7357112140468821e+03,
       -2.3201880344985645e+02, -8.9786545193273355e+01,
       -1.4421555848526194e+02, -2.3201880344985639e+02,
       7.7144583851145990e+02, 1.5810094478806599e+02,
       -1.0598548492040065e+03, -8.9786545193273383e+01,
       1.5810094478806599e+02, 1.3569016335628257e+03,
       4.0439378534612270e+03, 5.6726645482988238e+02,
       2.5922366107245575e+03, -8.8451789677693213e+01,
       5.6726645482988238e+02, 2.4344372256710553e+03,
       8.0632505114734187e+01, 1.8677924217415250e+02,
       2.5922366107245575e+03, 8.0632505114734215e+01,
       2.0995595301217586e+03, -9.6357454745753785e+01,
       -8.8451789677693171e+01, 1.8677924217415250e+02,
       -9.6357454745753770e+01, 4.1493469766461379e+02,
       3.7329506520318728e+03, 2.6856540467738483e+02,
       4.0682126988720802e+02, 8.0370555023410134e+02,
       2.6856540467738478e+02, 1.3676693580626293e+03,
       1.9401838067585768e+02, 3.8488046354041387e+01,
       4.0682126988720802e+02, 1.9401838067585771e+02,
       8.7866703501058237e+02, -9.7378289471114257e+01,
       8.0370555023410134e+02, 3.8488046354041387e+01,
       -9.7378289471114229e+01, 7.0806751879890180e+02,
       6.4201226013220476e+03, -1.2921303232982389e+03,
       2.4292390613202197e+03, 7.0111895789988603e+02,
       -1.2921303232982389e+03, 2.2577791939761241e+03,
       -8.2494707315795992e+01, -6.9138065743630463e+01,
       2.4292390613202197e+03, -8.2494707315796020e+01,
       1.9292126832275421e+03, -3.3823057671315183e+01,
       7.0111895789988580e+02, -6.9138065743630449e+01,
       -3.3823057671315198e+01, 5.3984951235520350e+02,
       3.9063155109276818e+03, 1.7101104791790046e+03,
       2.1972358631738649e+02, -6.1701795017129928e+02,
       1.7101104791790042e+03, 3.4172063270609051e+03,
       -4.5349452173174637e+02, -1.8866226761604568e+02,
       2.1972358631738635e+02, -4.5349452173174649e+02,
       1.2254392645845996e+03, 3.3091481418184821e+02,
       -6.1701795017129928e+02, -1.8866226761604568e+02,
       3.3091481418184827e+02, 9.7154706784248731e+02,
       3.0648001785565384e+03, 1.3500274859824276e+02,
       8.6977781075873551e+01, 2.7151345878834934e+02,
       1.3500274859824270e+02, 4.1553276063768117e+03,
       5.0964847696805214e+02, 7.9220000408540852e+02,
       8.6977781075873551e+01, 5.0964847696805214e+02,
       8.4403095967116872e+02, -1.0315099021780877e+02,
       2.7151345878834934e+02, 7.9220000408540852e+02,
       -1.0315099021780878e+02, 6.7424226349601008e+02,
       2.3580127326753054e+03, 9.4792290145837825e+01,
       3.2751603572873171e+02, 2.6869425868374850e+02,
       9.4792290145837839e+01, 9.1011572385328043e+02,
       5.8320883047402880e+01, -1.4802328175253038e+02,
       3.2751603572873182e+02, 5.8320883047402901e+01,
       9.1305350906154092e+02, -1.9673886933198065e+02,
       2.6869425868374844e+02, -1.4802328175253035e+02,
       -1.9673886933198065e+02, 5.4614338834312184e+02,
       2.1464625294154812e+03, 8.7004695408488004e+00,
       1.6076551816352383e+03, 1.5469799989101665e+01,
       8.7004695408487809e+00, 4.8479993981011348e+03,
       -1.4102229927497090e+01, 2.0887830161878555e+03,
       1.6076551816352385e+03, -1.4102229927497065e+01,
