%YAML:1.0
means: !!opencv-matrix
   rows: 16
   cols: 11
   dt: d
   data: [ 4.7804914599702348e+00, -1.9587088273942231e+02,
       1.5797589972935471e+01, 6.7964041787382968e+01,
       1.0618293528779368e+01, -2.1089004182802622e+01,
       -1.8714713103691825e+00, -1.0942116123788932e+00,
       1.8821850563761947e-01, -1.2243162062268373e+00,
       3.6010577096024947e-02, 6.1104190082459930e+01,
       3.4571510866185520e+01, -9.7272315481073548e+00,
       -1.9528621424449145e+01, 5.5310489335674227e+00,
       -1.5643090800670755e+01, -1.0798989830107324e+01,
       3.0629776368383785e+00, 7.2289227020043807e+00,
       2.3191263533933124e-01, 9.7008805076052709e-02,
       8.0549875417080898e+01, 8.2595453824019271e-01,
       -1.7070222131562627e+01, 3.2291899330883425e+00,
       1.0726824773081784e+01, -4.9882567724911571e+00,
       -1.3660551884795102e-01, -5.4964050988987900e-01,
       -6.5020337693037056e-01, 8.4018659402971471e-02,
       2.4201047007554308e-02, -1.2524989204917657e+02,
       1.1674552158599508e+02, 1.1130970179706109e+01,
       -5.3038415219305207e+01, -1.2810221403751806e+01,
       3.9867409621604644e-01, 6.0467093891197465e-01,
       -2.1861073593428434e-01, -4.9164266762176734e-01,
       -2.8031751848360692e-01, 1.1296565434981484e-01,
       2.0474239955615778e+00, -1.1307017065579918e+01,
       -1.3859455330943433e+00, 3.3061804366525660e-01,
       -1.0123291869439983e+01, -1.1203684357349330e+01,
       1.6840102298820869e-01, -6.1352134414356096e-01,
       -1.3502793875816792e+00, 1.4931239776660926e-01,
       -3.1042668908569293e-01, 1.0004530677181026e+02,
       -4.3928308791158578e+01, -2.1605791864033549e+01,
       3.7084267061574117e+01, -2.7561503536370942e+01,
       2.3238358627884562e+01, 1.0586127258255504e+00,
       1.3110924349432673e+00, 4.7969704733333202e-01,
       4.0176771248637319e-02, 1.4804127760329938e-01,
       3.5451564105070780e+01, 1.2636668203967911e+02,
       -2.8523689999084620e+01, -5.1764922493762896e+01,
       -8.9467341258646726e+00, 1.9670581101792868e+00,
       1.9822243187661654e+00, -1.9810356402615878e-01,
       -2.3726431726458061e-01, -8.7874874310875775e-02,
       2.2763887221576969e-02, -2.3631722389148106e+01,
       -2.4952293407574420e+00, 1.8235301491627953e-02,
       -1.4370930057172398e+01, -3.0497127965115023e-01,
       -5.4663048221742940e+00, -2.0223719009982166e+00,
       2.6238969394710737e-01, 4.8098392432759240e+00,
       7.3162345294873088e-02, -1.7950827925559010e-01,
       -1.8753072356822554e+02, -6.0246318892509727e+01,
       4.8759656646459312e+01, 1.7923679377395874e+01,
       -2.1502561483046506e+01, 2.9420145571171741e+00,
       -5.7620806844378725e-01, 8.9008386307757725e-01,
       -1.1304100214760329e+00, 6.2838892527400783e-02,
       3.1472968365413710e-02, -1.6165977651518762e+02,
       -1.3661278968556039e+02, 4.7437322634829869e+01,
       4.6754069158274689e+01, -3.4434566975777940e+01,
       -8.9355953624609263e+00, -6.1547611993947147e+00,
       -1.3889981500581201e+00, 2.7972261115182867e-01,
       3.5743593029996418e-01, 7.7301769181954139e-02,
       -2.0501531872123425e+02, -3.5743579271086117e+00,
       3.8929727953545921e+01, -1.9685087914542642e+01,
       -7.0048058155522135e+00, -1.0172974101828418e+01,
       -1.9946273637613581e+00, 8.1089289658676632e-03,
       1.9615625693347487e+00, 3.3748990631458181e-01,
       -8.2137873576380541e-02, 1.6708223175521019e+02,
       2.0617741623269435e+01, -4.3480674300910437e+01,
       9.9081009386369008e+00, -1.0171684097363983e+01,
       -6.8867503886277266e+00, -6.1463819001157638e-01,
       -1.0206852752247270e-01, -8.0169089102362623e-01,
       -2.0237647764547523e-02, 1.0693778485042668e-01,
       -3.2317789178787244e+00, 9.0255799375365953e+01,
       -7.4598667567287968e+00, -4.3468674314254443e+01,
       1.1789150858540335e+01, -1.5608668582102634e+00,
       1.5584505307345333e+00, -1.6391299065219325e-01,
       -2.8916004647495497e-01, 5.1433939668620754e-02,
       1.6912035927643218e-02, -1.2035845168173552e+02,
       6.0658002574958960e+00, 3.5255755812247955e+01,
       -6.2792539752730567e+00, 6.3421397999369358e+00,
       1.1324794386044928e+01, 1.7414609062202451e+00,
       1.3452355327071874e+00, -3.9290894785409075e-01,
       -1.1768132003041963e-01, -4.1643450517926282e-03,
       8.1195056457265369e-01, -4.6979227875053482e+01,
       1.0935783840904939e+01, 1.8544636630508823e+01,
       3.1167888546998601e+01, 7.0743952076023371e+00,
       1.6054600610135317e+00, -9.7073549241620727e-01,
       -5.6527550493806346e-02, 8.3160828481826071e-02,
       -2.3989211335179225e-02, 5.9918143933019792e+01,
       -6.8139933281177051e+01, -4.1383150114891674e+00,
       4.4195393164817695e+01, -8.7099567738429116e+00,
       2.7813127955161193e+01, 2.7476243653787402e+00,
       8.4904007679898208e-01, 2.5405264014808626e-01,
       -1.2985378847784068e-01, -3.2933477734840705e-02 ]
