%YAML:1.0
means: !!opencv-matrix
   rows: 33
   cols: 6
   dt: d
   data: [ 3.2220974852374603e+01, 1.4950875725259331e+02,
       -1.7057167453881064e+00, -8.0891485869967880e+01,
       2.0793052653232884e+01, 1.0979032008687019e+01,
       -9.0236809696301805e+01, 1.0540865418918706e+01,
       9.9845592935751739e+00, 8.1442375677498163e+01,
       6.0365735730408536e+00, -7.0393543811761097e+00,
       1.4951485581469962e+01, -9.3283587354601451e+01,
       7.3217273712595073e+01, 4.3988465514826878e+01,
       7.1927342814457100e+00, -3.8754316375050908e+00,
       1.1193178156557241e+02, 1.6144356760113947e+01,
       8.3582766940298425e-01, -3.2417034340504522e+01,
       -2.6457570865612482e+01, -2.0027995492440731e+01,
       1.3742565835187639e+01, -6.2032488915301180e+01,
       -6.7514343407891971e+01, 3.8182727741278384e+01,
       -8.7993145060696314e+00, 6.6910242255858190e+00,
       -2.0077503584454593e+02, 1.0473245904469266e+01,
       1.8676322857926689e+01, -2.0720167227547524e+01,
       -6.4803866478329173e+00, -5.7889560665522923e+00,
       1.4426616343381809e+02, 8.1164063218934274e+01,
       -3.9431327911321254e+01, 5.1714154782131430e+01,
       -7.9204959556360901e+00, 8.6143354138588215e+00,
       4.4274176319014728e+01, -5.9602315105352787e+01,
       -2.6736342380827683e+01, -3.4033167589717706e+01,
       1.3326673132013642e+01, 5.8740219873454746e+00,
       1.1402330291820844e+02, -7.7673495533254382e+01,
       1.5260618683995919e+01, 4.1511686152085716e+01,
       -1.2626382777447125e+01, 4.4163632025956101e+00,
       -8.1259465560092735e+01, 2.7734297675694446e+00,
       1.0225393195899645e+02, -1.3071668903231538e+01,
       -5.9700316819226282e+00, -4.9359613665249027e+00,
       -1.1852101290442070e+02, -8.7035234680170717e+01,
       2.9710512550664003e+01, -5.6455208704715663e+00,
       1.0222042574256433e+01, -8.4465710072145725e+00,
       1.8469176381729152e+01, 4.9092207090936810e+01,
       -2.1769075206053272e+00, -4.1508452678868871e+01,
       6.6123232766582261e+00, -2.2242517188507872e+01,
       -5.6468497756454736e+00, 3.1185345890518644e+01,
       1.0272402141947648e+01, -2.4510250816043140e+01,
       3.8433764238619752e+01, -5.5618416068898986e+00,
       -1.6446785750066880e+02, 7.1459489031830188e+01,
       3.1380244094646699e+01, -5.5877791926590348e+01,
       -2.5304956801459841e+01, -2.8323637542440929e+00,
       2.2002856555075009e+01, -1.0097744551256170e+02,
       -9.8291484921226289e+00, 7.0577620103528929e+01,
       -5.5360284258510095e+00, -2.2906188343665956e+00,
       7.3492655367446318e+01, 7.5607222802584673e+01,
       4.6874131911010961e+00, 3.0887477425586273e+01,
       1.5993763605854474e+01, 3.2501663440548683e+00,
       2.1422220816473887e+02, -1.6659534121055998e+01,
       1.2435531281591670e+01, -7.4416629297535204e+00,
       -7.6590109735076961e+00, 1.1913750438198356e+01,
       1.5839417267658115e+02, 1.1758429588822120e+01,
       -4.9022551415992801e+01, -1.5698382279701692e+01,
       -6.7428384863364101e+00, 1.4713745953001922e+01,
       1.2704106925165240e+02, -1.2178667608231901e+01,
       6.0520616075629682e+01, -1.1335253216398881e+01,
       1.3329084910238867e+01, 1.1652865615928640e+00,
       -1.9971721504171086e+02, -1.1962862671286613e+01,
       3.6445146873025458e+01, 1.2409787632164736e+01,
       -7.8349013539107331e+00, 1.4731209346116680e+01,
       1.0334003686955425e+01, 2.2809079444552985e+01,
       -8.1707302370498624e+01, -3.2071869025611832e+01,
       -2.3256872254470608e+01, -2.0464175839804295e+01,
       -8.5541377858845010e+01, -1.1547177472955424e+02,
       -1.4382768114462236e+01, 3.1265744453292115e+01,
       1.3076078209918570e+01, -1.1948987289716417e+00,
       1.0662073108220144e+02, -1.0475480530296363e+01,
       -7.1539720992495958e+01, -1.3431046228518918e+01,
       -4.3946978088290587e+00, 1.2982804345899872e+01,
       6.2078263186155120e+01, -7.6915584166764717e+01,
       -1.6128704017947417e+01, 4.4024469421595469e+01,
       3.3214095345536028e+00, 9.7650391443419053e+00,
       -2.6084926805622420e+01, 6.9060628295457903e+01,
       -7.0294516494298904e+01, 1.4478694892961991e+01,
       1.8695749356099380e+01, 3.2456221005459313e-01,
       -4.3713438567478569e+01, 1.7612532763782789e+02,
       6.4945350210113899e+00, -1.0626533813863053e+02,
       -6.4705790235601404e+00, 3.5822928138516197e+01,
       1.0817224338417448e+02, 8.3547593915445702e+01,
       -2.7647537224916782e+01, -2.6134135827997449e+00,
       -8.7978777698285686e+00, -5.7663838317989740e+00,
       -4.4365808247502528e+01, 8.8778186256848035e-01,
       7.1083161789556149e-01, 1.2374507979618639e+00,
       1.1991031681235082e+01, -3.3248387765392859e+00,
       -2.1244119784281483e+02, 1.0533435028903308e+02,
       4.7800477850142613e+01, -4.9456038589039082e+01,
       -2.0453948626547778e+01, 2.9732830739547808e+01,
       -1.2575275246488364e+02, 1.0950380301080858e+02,
       3.2326115698148378e+01, 4.2946300185685695e+00,
       3.9045940758956421e+00, -1.0218047759572276e+01,
       1.1622403009677107e+02, -3.9112437190162616e+01,
       -3.3940020180415637e+01, 3.0360741390558587e+01,
       -2.7443860409250052e+00, 1.5143134860683684e+01,
       -1.4780591500964780e+02, -1.0391298580041563e+02,
       2.7466721865906667e+01, 6.6315787722447823e+01,
       -1.9840070513096396e+01, 1.0361015245758378e+00,
       8.3438468616919991e+01, 9.9667077194031357e+00,
       -2.0477564086177665e+01, -3.2688921998461147e+01,
       -2.9665348850368577e+01, -1.5791677332069726e+01 ]
