%YAML:1.0
means: !!opencv-matrix
   rows: 9
   cols: 7
   dt: d
   data: [ -5.2417413820786393e+01, -3.0664441740955777e+01,
       2.0496125987796233e+01, 1.9546611223965574e+01,
       1.8292931836259626e+01, -8.7666824311558411e+00,
       3.9845174210367723e-01, 7.5762938831323609e+01,
       -2.8117913360123890e+01, -1.4453820813465601e+01,
       1.5648046549621478e+01, -3.4872801148641011e+00,
       5.7545820147321853e+00, -2.7951410795303331e+00,
       -1.7663032024249767e+02, 7.1132622141685118e+01,
       3.8888022404139470e+01, -4.2959237702033079e+01,
       -1.5779551656249707e+01, 3.6047940757549140e+00,
       -1.9518756188539095e+00, 6.3858554747016001e+00,
       9.3877386419183651e+01, 4.0496957587758082e+00,
       -5.9255067009981396e+01, 9.5493385260595645e+00,
       -4.2660917029834744e+00, -1.6947399473067948e-01,
       -3.1141770125034501e+01, -1.0196412589369494e+02,
       1.9817128013339511e+00, 6.6815789483508311e+01,
       -1.0067097712876382e+01, -5.2942358503771847e-01,
       1.4218524354093496e+00, 1.4227540205803601e+02,
       -4.2977091691218616e+00, -3.9715668749506918e+01,
       6.0696161803842728e+00, -5.5956066605418799e+00,
       1.2422021245545446e+01, -1.7048044470495061e-02,
       8.1522653826476812e+01, 1.5857929833346926e+01,
       -2.3828347026713260e+01, -3.2597949264006566e+01,
       -2.6089552392195937e+01, -1.9852313655377387e+01,
       9.6827298459798594e-01, 4.2131224817477758e+01,
       2.7902689441091372e+01, -7.4119158827237968e+00,
       -1.0518831201287972e+01, 2.1290685352546245e+01,
       6.4384910355490077e-01, 1.1564685772290841e+00,
       -1.8201539194207638e+02, -2.4213992091505119e+01,
       4.0404312328309743e+01, 1.8631585946913415e+01,
       -7.8277991475983422e+00, 6.9851650263694225e+00,
       2.6100885157007819e-01 ]
covs: !!opencv-matrix
   rows: 63
   cols: 7
   dt: d
   data: [ 6.3365048730260605e+03, 2.1473768686757359e+02,
       2.8999074795314750e+03, 1.1987046763920597e+02,
       2.0280453713209025e+02, 2.0660054893985148e+02,
       -2.9455059756665555e+01, 2.1473768686757367e+02,
       8.2837590630711111e+03, -4.9843023819222452e+01,
       9.3664120863394237e+02, 2.0960357666019425e+02,
       -2.0080915357288961e+02, 4.5597137861646225e+01,
       2.8999074795314755e+03, -4.9843023819222417e+01,
       2.5988129941323609e+03, -8.0090113095898644e+01,
       -1.2671878763691218e+02, -2.9364785204602601e+01,
       -9.9548440928079387e+00, 1.1987046763920600e+02,
       9.3664120863394226e+02, -8.0090113095898701e+01,
       2.0294444930300547e+03, -2.2657832810379239e+02,
       2.6888560349208976e+01, -3.9340187069886298e+01,
       2.0280453713209025e+02, 2.0960357666019428e+02,
       -1.2671878763691215e+02, -2.2657832810379239e+02,
       1.6939261778211073e+02, -3.5460380681010455e+00,
       -2.4480141158923686e+01, 2.0660054893985148e+02,
       -2.0080915357288961e+02, -2.9364785204602601e+01,
       2.6888560349208984e+01, -3.5460380681010455e+00,
       1.0416716708931818e+02, 1.9333080708473414e+01,
       -2.9455059756665566e+01, 4.5597137861646225e+01,
       -9.9548440928079334e+00, -3.9340187069886298e+01,
       -2.4480141158923686e+01, 1.9333080708473414e+01,
       3.5135125130112542e+01, 7.6594075094704012e+03,
       6.6448161407722091e+02, 2.4972168330338804e+03,
       -3.6435300822456622e+02, -2.6783079552334419e+02,
       8.3031202276397735e+01, -2.0330643664812263e+02,
       6.6448161407722125e+02, 8.2423776921648914e+03,
       2.6969223553107501e+01, 1.1959808445368183e+03,
       -8.5965494122254910e+01, -6.2287830890688170e+01,
       9.1978492913962950e-01, 2.4972168330338804e+03,
       2.6969223553107486e+01, 2.7512443003350645e+03,
       3.1558437943962886e+01, 4.4488064737835060e+00,
       4.3314667448539929e+01, 4.0537273946731858e+01,
       -3.6435300822456622e+02, 1.1959808445368183e+03,
       3.1558437943962907e+01, 1.9545924093648541e+03,
       -1.0213730341752457e+01, -4.3007541930053392e+01,
       6.3931920386294259e+00, -2.6783079552334419e+02,
       -8.5965494122254881e+01, 4.4488064737835042e+00,
       -1.0213730341752447e+01, 1.4381407007175633e+02,
       5.3726376214340888e+01, -7.5572488267699844e+00,
       8.3031202276397721e+01, -6.2287830890688170e+01,
       4.3314667448539936e+01, -4.3007541930053392e+01,
       5.3726376214340888e+01, 1.5841807506892917e+02,
       -1.7336306761246391e+01, -2.0330643664812263e+02,
       9.1978492913963128e-01, 4.0537273946731844e+01,
       6.3931920386294259e+00, -7.5572488267699836e+00,
       -1.7336306761246391e+01, 4.7040505261838149e+01,
       6.2443737159252496e+03, -2.6403512788921785e+02,
       3.0616844293374616e+03, 3.3024600812822757e+02,
       1.6603886677703392e+02, -4.5435949858004329e+02,
       1.2595589811746359e+02, -2.6403512788921785e+02,
       7.3016393658417192e+03, -5.5420014065170831e+00,
       1.9104510751528267e+03, -3.5253692774786100e+02,
       5.9061512451958504e+02, -1.0598155210619048e+02,
       3.0616844293374616e+03, -5.5420014065170964e+00,
       2.4732427339357610e+03, 5.1513117355020185e+01,
       -4.2700948487851271e+01, 1.0847546920303974e+02,
       -2.3556944846425161e+01, 3.3024600812822757e+02,
       1.9104510751528262e+03, 5.1513117355020171e+01,
       1.2886136389756132e+03, 1.3318951517511414e+02,
       -1.8803589564200985e+02, 3.6328031419117579e+01,
       1.6603886677703392e+02, -3.5253692774786100e+02,
       -4.2700948487851285e+01, 1.3318951517511420e+02,
       1.6671621956611258e+02, -1.1592402208974148e+02,
       2.5556051607559116e+01, -4.5435949858004324e+02,
       5.9061512451958527e+02, 1.0847546920303969e+02,
       -1.8803589564200982e+02, -1.1592402208974148e+02,
       4.2236502678641057e+02, -3.0644692443370086e+01,
       1.2595589811746362e+02, -1.0598155210619046e+02,
       -2.3556944846425143e+01, 3.6328031419117579e+01,
       2.5556051607559120e+01, -3.0644692443370069e+01,
       3.6528086354401658e+01, 6.4625129192995983e+03,
       4.6783052431677442e+02, 2.9050860473533717e+03,
       -4.2088898634508666e+01, 9.1273063227046833e+01,
       -2.2469045769878224e+02, 3.6895437857049892e+01,
       4.6783052431677430e+02, 9.3146096245694298e+03,
       -4.3107155307267988e+02, 1.1468566611610208e+03,
       2.8779868789380862e+02, 1.1050908946396469e+03,
       -5.4377785528374460e+01, 2.9050860473533717e+03,
       -4.3107155307268022e+02, 2.6283587719615598e+03,
       9.3525962158148005e+01, 7.2333992640636282e+01,
       3.7590224704754540e+01, -4.1249261342946561e+01,
       -4.2088898634508723e+01, 1.1468566611610208e+03,
       9.3525962158148005e+01, 1.6077225860134733e+03,
       -8.9629348274470658e+01, -3.8047567762348348e+02,
       1.8023068976841714e+01, 9.1273063227046833e+01,
       2.8779868789380862e+02, 7.2333992640636296e+01,
       -8.9629348274470658e+01, 4.2811797545423354e+02,
       5.7247340462151499e+01, -1.8254932891099305e+01,
       -2.2469045769878218e+02, 1.1050908946396469e+03,
       3.7590224704754569e+01, -3.8047567762348348e+02,
       5.7247340462151513e+01, 5.0825800568265572e+02,
       -1.6386246612260372e+01, 3.6895437857049899e+01,
       -5.4377785528374460e+01, -4.1249261342946561e+01,
       1.8023068976841714e+01, -1.8254932891099305e+01,
       -1.6386246612260376e+01, 3.4401814441490629e+01,
       1.1534897697421842e+04, 4.6782647257530624e+02,
       1.7275726211867200e+03, -6.1595888413094166e+01,
       4.0981802005108113e+02, 2.7462108809911260e+01,
       7.3838785521399970e+01, 4.6782647257530624e+02,
       6.2446071986269235e+03, -1.1618009738718320e+02,
       2.1627953868022996e+03, -7.0567748357287513e+01,
       -1.9467386078099700e+01, 8.3286139800077081e+01,
       1.7275726211867204e+03, -1.1618009738718324e+02,
       2.8051799075111612e+03, 2.0932127647530628e+01,
       -2.0162406339974552e+02, 2.9339231532329102e+01,
       -1.3763318353402655e+01, -6.1595888413094137e+01,
