%YAML:1.0
means: !!opencv-matrix
   rows: 20
   cols: 2
   dt: d
   data: [ -5.5728213584403015e+01, 3.3353890784729052e+00,
       1.1991084703705900e+02, -1.4419279271762420e+01,
       -2.1360196348877218e+02, 1.1687721101709711e+02,
       2.2048026783939786e+01, -1.4847467810027240e+02,
       6.3733836869973874e+00, 9.1648250591615337e+01,
       -2.0997832059273176e+02, -8.7179396646494411e+01,
       1.3296093254709282e+02, -9.5722787748589710e+01,
       1.7541076391448462e+02, 7.5949079387370730e+01,
       -8.9223914451967460e+01, -1.5560087571272507e+02,
       -9.2068539710090363e+01, 1.0129304705287109e+02,
       -2.7062544702128400e+02, 1.6744061778660093e+01,
       8.9013039573907136e+01, 7.5929672598649262e+01,
       -1.1486718847137536e+02, -6.1891544341677999e+01,
       -3.1128479613729322e+01, 1.7896304000695602e+02,
       3.7585586956158416e+01, 1.0127565791335561e+01,
       2.0118911735453349e+02, -3.8514485025179901e+01,
       5.8946256520314932e+01, -6.7340851706706161e+01,
       -1.9598882023287192e+01, -6.5628753762559739e+01,
       9.4443978314386811e+01, 1.1995934076770254e+02,
       -1.6196704563868317e+02, 1.6831775618110989e+01 ]
covs: !!opencv-matrix
   rows: 40
   cols: 2
   dt: d
   data: [ 2.3248681495625910e+03, -1.3579485308356047e+02,
       -1.3579485308356050e+02, 1.7514572057219500e+03,
       1.8927168798195271e+03, 6.4936946757505453e+01,
       6.4936946757505467e+01, 2.2080902178092188e+03,
       3.8081990472256825e+03, -4.6056970953450087e+02,
       -4.6056970953450070e+02, 3.8418101430301194e+03,
       3.8408813126635750e+03, -5.6270936859459744e+02,
       -5.6270936859459744e+02, 2.9063185975528399e+03,
       1.8657661844111997e+03, -2.1208104060762523e+00,
       -2.1208104060762527e+00, 1.8705505364014812e+03,
       2.2456988809963677e+03, 2.2866323852987756e+02,
       2.2866323852987750e+02, 5.4515285675997548e+03,
       2.0399241146797024e+03, -6.5959899768028592e+01,
       -6.5959899768028620e+01, 2.8669753979330389e+03,
       2.9314276626088554e+03, 1.2476759723997786e+02,
       1.2476759723997786e+02, 2.0616280114365395e+03,
       3.2121143260655390e+03, -5.2171416452644934e+01,
       -5.2171416452644905e+01, 2.9044527648842263e+03,
       2.2985137667607755e+03, 1.4882106755082572e+02,
       1.4882106755082572e+02, 2.5674511526343572e+03,
       2.2171572613946414e+03, 7.7482864175731311e+02,
       7.7482864175731333e+02, 5.5719123748553047e+03,
       1.9719360585296861e+03, 6.6325503617177432e+01,
       6.6325503617177446e+01, 2.1392122939758328e+03,
       1.7400477859818056e+03, 1.0848564146941372e+02,
       1.0848564146941372e+02, 2.3782743945912939e+03,
       8.3655574107609755e+03, 1.2181304058923395e+03,
       1.2181304058923395e+03, 3.7102507552453444e+03,
       1.9820050497528741e+03, 6.1925736635986041e+01,
       6.1925736635986020e+01, 1.6298113782921635e+03,
       2.0462795601007515e+03, -2.7734477535939413e+02,
       -2.7734477535939413e+02, 4.0882033205254070e+03,
       1.7038226173840928e+03, 7.5058986427111080e+01,
       7.5058986427111066e+01, 1.9535717189072932e+03,
       1.6571685897533539e+03, 2.0723436608053575e+02,
       2.0723436608053575e+02, 2.1798619981183570e+03,
       2.3886795320593633e+03, 5.2792479166942057e+00,
       5.2792479166942021e+00, 1.7414208043955243e+03,
       2.4887364219708629e+03, 5.5293833319637577e+02,
       5.5293833319637565e+02, 2.5656162537886030e+03 ]
weights: !!opencv-matrix
   rows: 1
   cols: 20
   dt: d
   data: [ 6.4414987721350403e-02, 7.0812114880180535e-02,
       4.0190103685979910e-02, 4.4382342532076013e-02,
       6.2464975732317241e-02, 3.9493260887776868e-02,
       5.1632427567387333e-02, 6.0860192660799374e-02,
       3.9432311985138628e-02, 4.4565392502203850e-02,
       2.9527324630052851e-02, 5.7259582169392309e-02,
       4.7037883644470396e-02, 2.8980296467751798e-02,
       7.3574638719130656e-02, 4.1083264729441335e-02,
       7.1078762170037543e-02, 5.6572464981699745e-02,
       3.1899369088874079e-02, 4.4738303243920960e-02 ]
pca_proj: !!opencv-matrix
   rows: 2
   cols: 21
   dt: f
   data: [ 4.36961316e-02, 8.50134730e-01, 1.73015636e-04,
       6.54514134e-02, 4.60692108e-01, 2.29939164e-04, 7.67599978e-03,
       1.46649793e-01, -1.37564148e-05, 1.21663406e-03, 1.30500361e-01,
       -5.45994153e-05, 8.06188770e-03, 1.42052382e-01, -2.12945142e-05,
       -2.45414903e-05, 9.56867734e-06, -1.94090262e-06, 3.13729906e-05,
       4.34020360e-04, 2.32224409e-07, 7.68702388e-01, -5.10314330e-02,
       1.14127281e-04, 4.21110362e-01, -3.83849256e-02, 4.02935693e-05,
       2.81941950e-01, -1.35209868e-02, 1.95932400e-04, 2.66951323e-01,
       -4.70317341e-03, 2.29704310e-04, 2.76557714e-01, -1.55316098e-02,
       2.11025646e-04, -3.74769334e-05, 5.54774260e-06, -7.89335627e-06,
       8.86836962e-04, -5.85095040e-05, 1.91629806e-04 ]
pca_mean: !!opencv-matrix
   rows: 1
   cols: 21
   dt: f
   data: [ 2.07625534e+02, 2.55653595e+02, 1.54502928e+00,
       2.18915131e+02, 2.60592743e+02, 1.67241716e+00, 2.65274475e+02,
       2.24016678e+02, 1.71669352e+00, 3.19420807e+02, 1.63929108e+02,
       1.75046074e+00, 3.16613464e+02, 2.25532654e+02, 1.70717156e+00,
       1.08872897e-04, -9.74175637e-05, 6.24380555e-05, -2.17504916e-04,
       -2.50119597e-01, 1.75055194e+00 ]
gamma: !!opencv-matrix
   rows: 20
   cols: 1
   dt: d
   data: [ 8.0596958963273591e-01, 8.3594240630019134e-01,
       8.8850390101778298e-01, 8.6198504274648535e-01,
       8.1840923600596815e-01, 8.9212382881954033e-01,
       8.5623576555559133e-01, 8.5497419090139060e-01,
       8.6871690154047077e-01, 8.4850131781320515e-01,
       9.0459677597875254e-01, 8.3225169090010576e-01,
       8.3892906638611853e-01, 8.9854330689878747e-01,
       7.9970371348390079e-01, 8.7948438256737738e-01,
       8.1916410904659709e-01, 8.1518146696252092e-01,
       8.4016139509188814e-01, 8.5731875791622936e-01 ]
