%YAML:1.0
means: !!opencv-matrix
   rows: 28
   cols: 1
   dt: d
   data: [ -2.1387795770090219e+02, 5.0528912466645728e+01,
       -1.1660472495798241e+02, 1.5212083030138012e+02,
       -2.5270473617915954e+01, 2.7054533286893917e+02,
       2.0421187205877283e+02, -3.0357226125950268e+02,
       1.0534473136526513e+02, -6.3065302502114413e+01,
       1.2337818696598948e+01, 3.1848177779666834e+01,
       -1.6191350104775697e+02, 8.6323363578170415e+01,
       -2.7023088293414725e+02, -1.3735793356100871e+02,
       2.3520436799122865e+02, -1.8898289132813386e+02,
       -4.4112840011801794e+01, -9.7667058850663480e+01,
       1.7691094683861047e+02, -3.3624836206995991e+02,
       1.2703441550860441e+02, -8.1237452982126570e+01,
       -6.3726288562728790e+00, 6.8606260680249932e+01,
       -2.3835534398532212e+02, 3.0445841820335102e+02 ]
covs: !!opencv-matrix
   rows: 28
   cols: 1
   dt: d
   data: [ 1.9946813468381742e+02, 8.3046270726752908e+01,
       1.0620428268872594e+02, 1.6371993868196142e+02,
       8.2420775226844398e+01, 3.9530098481708251e+02,
       2.1232307138496259e+02, 3.7550060189980042e+02,
       1.0181563365792105e+02, 8.2553520391772537e+01,
       7.8654331812390978e+01, 8.2189513507399354e+01,
       1.4395547521003351e+02, 9.4017985919799642e+01,
       2.2080894221302444e+02, 1.1901944801780670e+02,
       2.5668041017591543e+02, 1.7345095937216425e+02,
       8.3144801685678445e+01, 8.9836055623188969e+01,
       1.9306743160569403e+02, 7.2970718662210459e+02,
       1.2172470899587006e+02, 8.7573856071543901e+01,
       7.9117208826736004e+01, 8.5085455189605369e+01,
       1.8413948889214623e+02, 8.2756809650480989e+02 ]
weights: !!opencv-matrix
   rows: 1
   cols: 28
   dt: d
   data: [ 2.4347272997713883e-02, 5.3531535497329079e-02,
       3.7160907993332014e-02, 4.4893668908083592e-02,
       4.8542246417269320e-02, 1.2161855758398959e-02,
       2.8275747835617818e-02, 1.0888588574337929e-02,
       5.2949246165976786e-02, 4.4569605330278220e-02,
       5.5690341869313202e-02, 5.4222304585233257e-02,
       3.3460895490759472e-02, 4.8997960202660618e-02,
       1.8468719643730154e-02, 3.5141450538677559e-02,
       1.9828532463175428e-02, 3.0109977879488523e-02,
       4.7478875402528598e-02, 3.7972905512982699e-02,
       3.6550722168696294e-02, 5.2570250634729728e-03,
       5.1320866328383265e-02, 4.0232216074759124e-02,
       5.0073717369002062e-02, 5.0011662439767762e-02,
       2.1032882080578935e-02, 6.8282694084389412e-03 ]
pca_proj: !!opencv-matrix
   rows: 1
   cols: 21
   dt: f
   data: [ 1.02604255e-02, 8.46533298e-01, 5.67100069e-05,
       -5.08859605e-02, 4.68450844e-01, 1.89823491e-04, -5.55210514e-03,
       1.46431834e-01, -1.98076777e-05, -7.31809530e-03, 1.34976640e-01,
       -4.80776835e-05, -6.69380091e-03, 1.46460637e-01, -1.57161594e-05,
       2.11501210e-05, 1.32904761e-05, -3.16381829e-07, -1.62182951e-05,
       4.47223283e-04, 4.04881848e-06 ]
pca_mean: !!opencv-matrix
   rows: 1
   cols: 21
   dt: f
   data: [ 4.33646118e+02, 2.44701981e+02, 1.49672687e+00,
       4.18191803e+02, 2.60206879e+02, 1.62062907e+00, 3.68545319e+02,
       2.27059875e+02, 1.69770968e+00, 3.19420807e+02, 1.63929108e+02,
       1.75046074e+00, 3.16613464e+02, 2.25532654e+02, 1.70717156e+00,
       1.08872897e-04, -9.74175637e-05, 6.24380555e-05, -2.17504916e-04,
       -2.50119597e-01, 1.75055194e+00 ]
gamma: !!opencv-matrix
   rows: 28
   cols: 1
   dt: d
   data: [ 8.6821438678606122e-01, 7.7787888528482130e-01,
       8.1675500644742816e-01, 8.3897019644188298e-01,
       7.6765195660930829e-01, 8.9035971344600573e-01,
       8.6477375298382797e-01, 8.9909568692212749e-01,
       8.1036455048925837e-01, 7.8385131886032988e-01,
       7.6502121482455676e-01, 7.6999405857971814e-01,
       8.4331262558394138e-01, 7.9841577389071905e-01,
       8.8846652907592372e-01, 8.2935179714697538e-01,
       8.7743129152362820e-01, 8.5707897360325858e-01,
       7.7443902348071159e-01, 8.0469404753837959e-01,
       8.5213132981380679e-01, 9.0909534318773844e-01,
       8.2396114314431124e-01, 7.9453252921790707e-01,
       7.6428835849389065e-01, 7.8760673005575665e-01,
       8.7745795927628556e-01, 9.0277066421738428e-01 ]
