%YAML:1.0
means: !!opencv-matrix
   rows: 9
   cols: 17
   dt: d
   data: [ 9.8837711998609990e+01, -4.3946770888510123e+01,
       -2.2106105192738266e+01, 3.7035280268709492e+01,
       -2.7655373965888831e+01, 2.3477743464409063e+01,
       1.0578577073236235e+00, 1.3010722215015917e+00,
       4.8993837697253861e-01, 2.8582117937331109e-02,
       1.4705831679713879e-01, -3.3556449130955415e-03,
       -2.5869543541715227e-03, -7.6166785554226107e-03,
       1.9912765205015642e-02, 3.3600455998750414e-05,
       3.2034543848636844e-03, 9.3651032548409802e+01,
       8.2460988470898897e+01, -3.5518085941248316e+01,
       -2.6080073873822084e+01, -1.1122791118003070e+01,
       -1.6480284440627990e+00, 1.2896928644943402e+00,
       -1.4483924920725130e-01, -4.6744779355831961e-01,
       -2.3583785449561542e-01, -1.4455476763914434e-02,
       -1.7669779290148225e-02, 3.1209264870386074e-03,
       1.1399358846682835e-02, -3.5748477883730805e-02,
       1.3969724116114754e-03, -2.0575640858095721e-03,
       2.3451999837248419e+01, 2.1511489430036548e+01,
       -5.0969237763532957e+00, -1.7345279451471811e+01,
       3.6842528573517441e+00, -9.8768062246570079e+00,
       -6.0521052842181327e+00, 1.6901055532958973e+00,
       5.7816224863492076e+00, 4.2978065588841424e-01,
       -1.4698079775656374e-02, -2.7971583179913981e-02,
       -2.9456856790567823e-02, 6.7340246404098709e-03,
       1.0024581690531002e-02, -1.0048893490663418e-02,
       4.5061011389394964e-03, 6.8942429083898190e+01,
       3.2378522453534778e+01, -2.4025009711317974e+01,
       -6.1277243444082332e+00, 9.2387179346460044e+00,
       -2.7453756556433340e-01, -3.2172651148530798e+00,
       -7.2125975009383891e-01, -1.0582587913800967e+00,
       4.8479856884552017e-02, 4.6009363825672063e-02,
       -1.3069032213614252e-03, 8.6043792155902682e-04,
       -5.4474941015269819e-03, 2.0817690867742343e-02,
       -3.1043735584078565e-04, -4.8774965171379537e-05,
       -1.8099940885700477e+02, -7.9632528369917338e+01,
       4.7799267221709734e+01, 2.3615070096563358e+01,
       -2.2109999850755298e+01, -4.1861462899094615e-01,
       -2.2785353015370005e+00, 2.0336182556646737e-01,
       -1.8101653280118010e-01, 1.9880103645954708e-01,
       1.9155305770201810e-02, 1.4409842154622524e-02,
       -3.4486163662579452e-03, -1.2941796839165251e-03,
       9.9467433667487590e-03, -2.5618566060136129e-04,
       -2.7101314062750456e-04, -1.5660954753920413e+02,
       7.4369200519607617e+01, 2.4429587703488085e+01,
       -4.0783472127757584e+01, -8.8502038622429868e+00,
       -2.2655282503070673e+00, 2.1985377256566005e-01,
       3.9366463321563122e-01, -2.7830154814613967e-01,
       -7.6468846667483076e-02, 3.5488453005815448e-02,
       -1.5792885985775700e-02, 4.5614471147460475e-03,
       -3.6348657395482106e-04, 1.1157717888925446e-03,
       1.4083699741412254e-03, -4.2780290864388552e-03,
       -6.0798978044812433e+00, -8.8638760090204499e+01,
       7.0955856311482313e+00, 2.8949506086861774e+01,
       -2.7687041068743929e+00, -1.5450265498821924e+01,
       -6.1829590277336521e-01, -9.9235542675658694e-01,
       -8.1446525131481917e-01, -3.2043320298429406e-01,
       -2.1774294081932105e-01, -1.8915479896799231e-02,
       5.2565738908496862e-03, 5.8459932447208849e-03,
       -2.9326038371666134e-02, 3.2426316799872000e-03,
       2.8995452348549136e-03, -3.0000093466984147e+01,
       -4.3241062382941081e+01, 1.9942853385512034e+01,
       1.9199574294261836e+01, 1.8291298894155577e+01,
       1.5057505009988734e+01, 1.5590164107288786e+00,
       3.4530996846209905e-01, -2.0784144443882246e-01,
       -1.1622776572714524e-01, -1.5801334333196471e-02,
       -6.4934167887955360e-03, -4.9022251738349337e-04,
       7.1646399555280824e-03, -2.2796357821674020e-02,
       -4.4053065175394335e-03, -5.4345555478749793e-04,
       5.3198902280971573e+01, -5.9298632224436595e-03,
       -4.7925296650805844e+00, -1.5851812387373951e+00,
       1.0399060211335277e+01, -5.2521915751356358e+00,
       4.3537601530024892e+00, -2.6849172770399454e-01,
       1.5765084450932135e-01, 1.6521065501917032e-01,
       1.5692139542488964e-02, 4.0140772347050130e-02,
       4.6642938509232710e-03, -9.8756143908703756e-03,
       2.1326579578504177e-02, 3.8503682095015635e-03,
       4.9146865336848627e-04 ]
