%YAML:1.0
means: !!opencv-matrix
   rows: 17
   cols: 6
   dt: d
   data: [ 2.8916999337260751e+01, -1.0914406939022682e+02,
       -2.9068172672659880e+01, -2.0187710885732912e+01,
       1.3658333564648135e+01, 8.1300590933500345e+00,
       -1.2162583631567564e+02, 1.1203866530826831e+02,
       7.6541451420885291e+00, -5.5141513901895216e+01,
       -1.2361499883296123e+01, 4.3829445347896734e-02,
       2.6855179230139939e+01, 1.2163340708745686e+02,
       -2.8430259512903827e+01, -4.8645402521755919e+01,
       -7.2893887062510778e+00, -6.0245966098509196e-01,
       -4.3314183140286699e+00, -9.9305615568543733e+00,
       7.1647879127881386e-01, -2.0349946956222817e+00,
       3.2996224610156879e+01, -9.7584794717414827e+00,
       9.9722252995432271e+01, -4.7435407824860953e+01,
       -2.1867554973443625e+01, 3.6606111949768945e+01,
       -2.7109001646046327e+01, 2.3592152424633188e+01,
       -6.8798510707782272e+00, -7.5674739370755674e+01,
       9.4463175349374833e+00, 2.2341715280474411e+01,
       -9.9660403729782452e+00, -1.8122814200684569e+01,
       9.5770722688218129e+01, 7.5034963629181959e+01,
       3.5467899694096147e+01, -4.7554216181077429e+01,
       1.5627995706558795e+00, -6.8605891694938617e+00,
       1.4019637583727510e+02, -2.9076470372619855e+01,
       5.8789083514352846e+01, -7.0404892343705627e-01,
       1.3106720845166159e+01, 2.6342378527711827e+00,
       -1.1946292551584042e+02, -4.5912003882362946e+01,
       3.8723142765542804e+01, 2.2844350901206319e+01,
       -4.9837244899725883e+00, 1.7170061163922277e+01,
       2.2647652082910056e+01, 2.2597306112299080e+01,
       -1.1953471899293605e+01, 4.9214779465133887e+01,
       1.4174583392414217e+01, 4.2371144560437628e+00,
       -1.8568329318562442e+02, -1.1029098605722962e+02,
       5.2603200592288808e+01, 3.4065679429811659e+01,
       -3.0938603751161892e+01, -9.4896715956944657e+00,
       1.5288464960558310e+00, -1.4542499617955178e+02,
       1.4343919803164233e+01, 5.4865217531143365e+01,
       2.3489456769496851e+01, -6.7725148460967279e+00,
       1.2525640309601481e+02, -4.0843743347151545e+01,
       -3.2696337072803466e+01, 4.0274602682900827e+01,
       -2.2529581105794481e+01, 6.5325766869408115e+00,
       -2.2042962817682897e+02, 1.1066589452477864e+01,
       3.9120457778636564e-01, -8.3556807429204287e+00,
       -1.4288343556829426e+00, -2.1456849241302116e+00,
       1.2479682184090022e+02, 3.8300444020837254e+01,
       -4.1694202586481381e+01, -3.5569817337444798e+00,
       -1.0755417208897544e+01, -5.9005281064957140e+00,
       -2.2888613682274595e+01, 8.9798909968165162e+01,
       -1.7085312060574484e+01, -3.3951834063959872e+01,
       1.5055591952514900e+01, -3.2126926858400142e+00,
       -9.6609550545286922e+01, 1.3083555955285753e+01,
       7.8724659503394605e+01, -2.9041541326689135e+01,
       -1.8285371395677537e+00, -5.3520287851369230e-01 ]
covs: !!opencv-matrix
   rows: 102
   cols: 6
   dt: d
   data: [ 7.5866286980156974e+03, -5.3188911239826234e+02,
       1.4029588589478192e+03, -9.8208022706483845e+01,
       -7.3045111024447385e+02, -1.0505817808276382e+02,
       -5.3188911239826234e+02, 3.4743006658884319e+03,
       -4.2764294650436005e+02, -7.1714902460140434e+02,
       -1.4953842067635333e+02, -2.6375880183131864e+02,
       1.4029588589478192e+03, -4.2764294650436011e+02,
       2.1663401052087415e+03, -1.8460582562230047e+02,
       5.7994691222789065e+01, 1.3310406144191691e+02,
       -9.8208022706483860e+01, -7.1714902460140434e+02,
       -1.8460582562230053e+02, 1.0218022552351982e+03,
       -2.0591933073275353e+01, 1.5219945528975961e+02,
       -7.3045111024447385e+02, -1.4953842067635333e+02,
       5.7994691222789065e+01, -2.0591933073275342e+01,
       3.1030834008632576e+02, -3.5575171191200269e+01,
       -1.0505817808276382e+02, -2.6375880183131864e+02,
       1.3310406144191691e+02, 1.5219945528975961e+02,
       -3.5575171191200269e+01, 2.1471347256059909e+02,
       6.0391238132388453e+03, -1.5582618899152561e+02,
       2.5209689087409879e+03, -1.1737215270330692e+03,
       2.2560496924375661e+02, 1.3103220226255661e+02,
       -1.5582618899152575e+02, 5.8441723106982790e+03,
       7.8680831840899384e+02, 2.4172646609335316e+03,
       -5.7014847146139914e+01, -3.0324401419442452e+01,
       2.5209689087409879e+03, 7.8680831840899407e+02,
       2.5833242553741911e+03, 6.0194206513171459e+01,
       -1.4232907539199994e+02, -9.3757142105913431e+01,
       -1.1737215270330692e+03, 2.4172646609335316e+03,
       6.0194206513171487e+01, 1.7421200377832806e+03,
       -5.7442695032250617e+00, -1.2045904794820315e+02,
       2.2560496924375664e+02, -5.7014847146139914e+01,
       -1.4232907539199994e+02, -5.7442695032250564e+00,
       1.6160629734936160e+02, 7.3816432523740218e+01,
       1.3103220226255664e+02, -3.0324401419442459e+01,
       -9.3757142105913459e+01, -1.2045904794820315e+02,
       7.3816432523740218e+01, 6.3424371204400096e+01,
       7.6862676744505079e+03, -1.1885339047944403e+03,
       2.4238387945616487e+03, -4.3147443330036418e+02,
       1.8702352619676546e+02, -1.3914010585959824e+02,
       -1.1885339047944403e+03, 6.8790267243001708e+03,
       9.9844722015393825e+02, 2.3327637310462624e+03,
       -7.0037187241977023e+01, 1.1218532699185194e+02,
       2.4238387945616487e+03, 9.9844722015393825e+02,
       2.5771610854115688e+03, -2.1569240997038114e+02,
       -1.6873918246733930e+02, -1.7970290590414645e+01,
       -4.3147443330036407e+02, 2.3327637310462624e+03,
       -2.1569240997038111e+02, 1.8860255806277630e+03,
       1.2782095654215422e+02, -1.8620597516207459e+02,
       1.8702352619676546e+02, -7.0037187241977023e+01,
       -1.6873918246733933e+02, 1.2782095654215422e+02,
       7.2744934892682721e+01, -2.7565945870380197e+01,
       -1.3914010585959826e+02, 1.1218532699185194e+02,
       -1.7970290590414645e+01, -1.8620597516207459e+02,
       -2.7565945870380197e+01, 6.3754838705340667e+01,
       4.6643906575461633e+03, -2.7311857009690567e+02,
       2.4503091879533877e+03, -9.6797316547385276e+02,
       -3.8636916441283478e+02, -3.8396769709375786e+02,
       -2.7311857009690561e+02, 5.1557593401543290e+03,
       6.2224895909061991e+02, 2.0669820605161649e+03,
       7.6890430016366452e+01, -7.1533095560737067e+01,
       2.4503091879533877e+03, 6.2224895909061991e+02,
       2.1927294809077439e+03, -5.7844812436452145e+01,
       -2.5061351390095250e+01, 3.7059152404526095e+01,
       -9.6797316547385299e+02, 2.0669820605161649e+03,
       -5.7844812436452123e+01, 1.6891945981952822e+03,
       1.1496052454953755e+02, -1.3595987066329771e+01,
       -3.8636916441283478e+02, 7.6890430016366423e+01,
       -2.5061351390095240e+01, 1.1496052454953755e+02,
       1.8488550193135492e+02, 1.2545916259180606e+02,
       -3.8396769709375775e+02, -7.1533095560737095e+01,
       3.7059152404526095e+01, -1.3595987066329771e+01,
       1.2545916259180608e+02, 2.0749428961781845e+02,
       4.1159985345146779e+03, -1.0941530132357111e+02,
       2.9094997912666099e+03, -8.2145676728978367e+02,
       -8.6077240264795904e+01, -2.0570972034409785e+01,
       -1.0941530132357117e+02, 5.0453294433002256e+03,
       9.2449125389294477e+02, 2.6721952409707583e+03,
       -4.0623645676305188e+01, -6.2787234210075098e+01,
       2.9094997912666099e+03, 9.2449125389294477e+02,
       2.5448596336163769e+03, -1.0935876730415545e+02,
       -9.6087326788008312e+01, -8.0578320620179326e+01,
       -8.2145676728978356e+02, 2.6721952409707592e+03,
       -1.0935876730415545e+02, 1.7549952248110578e+03,
       7.1210019454765643e+01, -1.2528844325207000e+02,
       -8.6077240264795890e+01, -4.0623645676305181e+01,
       -9.6087326788008312e+01, 7.1210019454765657e+01,
       3.6766800162089993e+01, -3.5548799619963852e+01,
       -2.0570972034409795e+01, -6.2787234210075120e+01,
       -8.0578320620179340e+01, -1.2528844325207000e+02,
