%YAML:1.0
means: !!opencv-matrix
   rows: 46
   cols: 4
   dt: d
   data: [ -1.8219600234228605e+02, 3.6157389912122966e+01,
       6.2037907912122463e+01, -3.4061331393315442e+01,
       8.1032277919553863e+01, -5.6553315534017159e+01,
       -2.1023905609728171e+01, -6.6703129358074804e+01,
       5.7065950414023119e+00, -8.6058247912622878e+00,
       -8.7964913001329478e+01, 4.8149330459172646e+01,
       -1.4649376005876343e+02, -1.9049759844576297e+02,
       2.1150877204864670e+01, 2.2068051399664405e+01,
       1.6438448587576502e+02, 1.0326019887475583e+02,
       -9.9402478517287796e-01, 4.1335253633363315e+01,
       -2.0081881844926747e+02, -8.0445636332106034e+01,
       2.7799830251619333e+01, -4.2523330816055491e+01,
       1.3389669890095385e+02, -4.0652517564175845e+00,
       3.9869906008827876e+01, 7.4671333481616983e+01,
       -2.0729891065089287e+01, -1.4295667223972833e+02,
       -6.7974377092139505e+01, -1.0145759578164308e+00,
       7.7632269152138392e+01, 7.1674251904875717e+01,
       -2.7287104051541881e+01, -7.7641528850123871e+00,
       -4.9901825966093121e+00, 3.8727597664434779e+00,
       -9.0233457578520046e+01, -4.0966365581176568e+01,
       2.1241724801920586e+02, -6.9839281202670577e+01,
       1.7769732280491160e-01, -5.6390994281348895e+01,
       9.2269940697899827e+01, -6.3157619135035056e+01,
       7.3188319716815258e+01, -2.5798514930017287e+01,
       -1.3121838514040931e+02, 7.7799705849837764e+01,
       1.2847646108256090e+01, 6.5371861175940058e+00,
       -2.1382078595255061e+02, 1.4577680454547504e+02,
       2.4057506869827776e+01, 2.2901752448920615e+01,
       -1.8001702220455442e+00, 1.1801345674986644e+02,
       -3.3003885624539011e+00, 4.1663115798377987e+01,
       9.2847785580011063e+01, 7.8385105961700944e+01,
       7.4511003294318158e+01, 4.4242463761138024e+00,
       6.8545293942946500e+01, -8.4315964683377601e+01,
       -3.9220009896044147e+01, 2.3420026839067635e+01,
       -4.8822074057708448e+01, -1.6113570742588678e+01,
       7.4272759275077590e+01, -4.2083681694803950e+01,
       2.5241561688313350e+01, 2.7805189306031142e+01,
       -9.4424581697607991e+01, -3.2418420579057980e+01,
       -2.4640242422292323e+02, -4.3908847763438516e+01,
       -2.5171753007141554e+01, 3.6980946550250110e+01,
       5.4238347516723948e+00, 1.4644501622697123e+02,
       -1.1915898084225915e+01, -9.0716393240888991e+01,
       -4.3889714188518276e+01, 7.1827266406181209e+01,
       9.9917342352277259e+01, 3.2653223740717664e+01,
       2.0994699268561726e+02, 3.2459557078726952e+01,
       4.6283973466461312e+01, 3.3316100076825819e+01,
       -1.0916718138266353e+02, -9.0471638834536449e+01,
       -5.1508701104966512e+01, 4.9173191219624606e+01,
       -1.7761467688092921e+02, -8.4938891815559572e+01,
       2.8689663483344630e+00, 5.6028233929303880e+01,
       -8.0554247371659159e+01, -5.2400671753958591e+01,
       6.8170519692914766e+01, 8.9379563982130989e+01,
       8.9944157147925701e+00, 4.4046124437183551e+01,
       1.3302287707166839e+01, 1.5822381979919141e+01,
       1.4047951584361644e+02, 2.2242902799038212e+01,
       -5.0987354691560341e+01, -1.5351941858154291e+01,
       1.5147645088854074e+02, -1.0775001876451807e+02,
       2.7654805707232718e+01, 1.6650138085553802e+01,
       1.9355380142691949e+01, 1.0588093480644990e+02,
       4.2955005862500046e+00, -2.4315483462772676e+01,
       -2.8696953240830044e+02, 5.6221740579125431e+01,
       -2.0834096353135354e+01, -3.6998223973972920e+01,
       5.5138116681290072e+01, -1.5778609263401086e+02,
       1.7754983013284505e+01, -4.3758637528620943e+00,
       8.7709809989450648e+01, 2.2717624556939342e+01,
       -3.4251929899472863e+01, 6.3431938295016153e+01,
       -1.4693952099297852e+02, 1.4873303650061146e+01,
       2.6033868494401769e+01, 6.5746876561991954e+01,
       1.6149533404067031e+02, 1.8993732742953068e+01,
       4.1296368646227229e+01, -3.0316676855319141e+01,
       -1.4088655716456233e+02, -4.3183503899421758e+01,
       -1.6711853096878961e+01, -4.3957721408542362e+01,
       -8.7314124706001948e+01, -1.0877202284771171e+02,
       8.3902761241911847e+01, 1.5831780615312553e+01,
       -8.5329808991715481e+01, 3.7032431158542124e+01,
       -5.2801579843977137e+01, -1.2686964458555122e+01,
       -6.4168819207751486e+00, -7.5753418583149198e+01,
       2.1263718091273169e+01, 5.6690347900742196e+01,
       7.2184029914004654e+01, -9.0127320852893025e+00,
       -2.5966770483518761e+01, -3.2025618194680575e+01,
       2.2116861371702674e+02, 4.9065316605033846e+00,
       2.2202413713499631e+01, -8.9282995647008363e+00,
       -1.7722676394446674e+02, 1.2853956750417413e+02,
       4.2918108207300726e+01, -2.9540382893955194e+01,
       1.2092627712290225e+02, -1.0232200240831499e+02,
       -5.1399230060918612e+01, -3.8299371775412439e+01,
       1.3840241213948846e+02, 1.4154752165771120e+02,
       3.5471773511419457e+01, -2.2086937343123033e+01,
       5.8249202778123269e+01, 1.1645886363092629e+02,
       -8.2232912309334651e+01, 2.6174794148724608e+01,
       3.2493610662252244e+00, -3.6829996715548603e+01,
       1.4876867192526266e+01, -4.9470635598194001e+01 ]
