%YAML:1.0
means: !!opencv-matrix
   rows: 7
   cols: 18
   dt: d
   data: [ -1.0007158590580936e+01, 1.1819576762926322e+02,
       -1.6738191561358075e+01, -5.1753565484901621e+01,
       -3.6227144613029973e+00, 1.5761565977014822e+00,
       1.5914551516200885e+00, -2.6783241773842731e-01,
       -3.4864331209879984e-01, -1.5681700720931763e-01,
       2.6747395490868187e-02, -1.5212759394980693e-02,
       4.8642415641004548e-03, 3.1212633953802489e-03,
       -7.8377264912423625e-03, 6.4145434668782201e-03,
       -5.9287961556942295e-04, -4.4936888876574326e-05,
       -1.5830417576298265e+02, -3.3846536396756605e+01,
       4.1820891480357965e+01, 4.9359198096030150e+00,
       -1.1101660804792409e+01, -5.5548342901699388e-01,
       -3.1691894858778080e-01, 7.0642293396432310e-01,
       -1.1251525607551844e+00, -5.2937235831850893e-02,
       -1.6048450160942817e-02, 9.7293222593121242e-03,
       1.5516446171679574e-03, 1.7635625569513801e-04,
       -7.3368970468596336e-03, -7.9199393701699806e-03,
       6.1058511864758717e-04, 1.7537193277467720e-04,
       6.1453362570163165e+01, -1.9376475458925249e+01,
       -7.0474528257815301e+00, 9.4174019509998832e+00,
       4.4745966484100395e+00, -1.3131236176675474e+00,
       4.4435852803630960e+00, 3.4025373025528931e-02,
       2.4415935734329011e-01, 1.3275038987504090e-01,
       3.8728016609885466e-02, 2.9242464712026600e-02,
       2.2252348082704618e-03, -3.9755700947282698e-03,
       5.9838472193366535e-03, 1.5854340914094706e-03,
       5.3184037567295447e-06, -1.5796415226188181e-03,
       1.4870245510614586e+01, 1.7819655035646907e+01,
       -3.8440901872843667e+00, -1.8013042796198938e+01,
       3.4872850007882739e+00, -9.1022044373594806e+00,
       -5.4775209286681834e+00, 1.3593053104583854e+00,
       5.3309295755620134e+00, 3.2257503597683990e-01,
       -4.1291670396259847e-02, -2.2664321668994170e-02,
       -2.7212630149584437e-02, 6.3996879323227973e-03,
       8.8196936360739209e-03, -5.4071004231715175e-03,
       4.2884832980628314e-03, 9.7772551579457991e-03,
       -1.8489603922328905e+02, 2.0861718531678854e+01,
       3.2331427527470765e+01, -2.2278344107395505e+01,
       -1.2668575430593894e+01, -3.3131538520007231e+00,
       -2.1947892488558125e+00, 5.6660801921113793e-02,
       1.8927122696456200e+00, 4.0796791368981061e-01,
       1.0481934056388663e-02, -3.1394807497593331e-02,
       -3.3650190588235666e-03, 5.2059897009791951e-03,
       1.7390379565859492e-02, 9.2664694976790484e-03,
       -6.3377872656608901e-03, -3.3589870098652138e-04,
       7.4309899199269410e+01, 3.6752320048989229e+00,
       -1.8240999752328264e+01, 1.1077184235894496e+01,
       6.7230516909162477e+00, 7.2105292207578024e+00,
       -3.0727382503784098e+00, -4.1342419748281212e-01,
       -9.4833051771659838e-01, -9.4585240929242323e-02,
       6.2498811274630953e-03, -6.4916200914832004e-03,
       6.6089677711152488e-04, -2.6510779859008158e-03,
       5.9290141918812104e-03, -1.3348000729357708e-03,
       -3.9623425261625238e-04, -1.9934649983618870e-03,
       3.2300111549151644e+01, -1.3767021226839520e+02,
       3.6104219004174820e+00, 5.2265779313112880e+01,
       -1.3146579832972172e+00, -1.4527426557705152e+01,
       -6.2053426026265512e-01, -1.2848079678525981e+00,
       -4.1717738370089513e-01, -3.3352015525175016e-01,
       -1.7305240783460549e-01, -4.0443396587615352e-02,
       4.8318728484973792e-03, 1.0043364224243597e-02,
       -3.7111688809217461e-02, 4.5598703492567534e-03,
       1.9056341244418765e-03, 4.2694287640525058e-03 ]
covs: !!opencv-matrix
   rows: 126
   cols: 18
   dt: d
   data: [ 9.2137946466223038e+03, -4.1569624996927416e+02,
       2.0258330932834463e+03, -5.8855958114559394e+02,
       -1.4261493311727190e+01, -7.6701923533181741e+01,
       -9.1067950190458475e+00, 5.0142910637354781e+01,
       -1.1710226589061705e+01, 7.8733143832621524e+00,
       -2.1319444617087817e+00, -7.9656370000766552e-01,
       1.2606707733798322e-02, 2.5634529875635570e-01,
       -3.5550674293143625e-01, -3.4214919039918346e-01,
       1.4455187207812847e-01, 3.4234023840770990e-02,
       -4.1569624996927416e+02, 6.5433155061150619e+03,
       7.4463566820821006e+02, 2.4840494853323667e+03,
       -1.2344490577683302e+02, -5.0411965501746590e+00,
       -8.8455148488079516e+01, -3.9049576183841470e+00,
       -1.4558179334419645e+01, -1.2343775548576923e+01,
       -9.6297549702500385e-01, -4.4818451940931348e-01,
       -6.5494233005026117e-02, 8.1096970102656374e-02,
       -3.5785846532290760e-01, -7.0903911094058192e-02,
       -1.0766165938049108e-01, 6.5338407745407334e-02,
       2.0258330932834463e+03, 7.4463566820821018e+02,
       2.7444867234709391e+03, -1.7247821008726052e+02,
       -7.3141825747681068e+01, -3.1509905777267157e+01,
       7.9236351331940087e+00, -9.9365183475763832e+00,
       2.0112372458424335e+00, 1.0042604657283225e+00,
       7.0969396236400983e-01, 6.4681841663238496e-02,
       -1.8825237473603120e-02, -1.0764824472707282e-01,
       2.2657578149774910e-01, 3.9773336903863477e-02,
       -3.2562920181778969e-02, -2.5822246537478052e-02,
       -5.8855958114559405e+02, 2.4840494853323667e+03,
       -1.7247821008726049e+02, 1.7410625101137537e+03,
       9.4562196939561844e+01, -1.2659405699553803e+02,
       2.7588691313016330e+01, 1.5737567980649526e+01,
       3.5444078014350056e+00, 1.9656377283948978e+00,
       3.3044672648522254e-02, 8.0593810860166620e-02,
       -1.3000678345182823e-02, -1.0237554714849424e-01,
       8.6899472855407139e-02, -1.0569158436129096e-01,
       -3.0930886330670405e-03, 7.6666133709716753e-03,
       -1.4261493311727191e+01, -1.2344490577683305e+02,
       -7.3141825747681054e+01, 9.4562196939561858e+01,
       1.4513871873402837e+02, -5.4862017108536083e+00,
       -8.3252528909466808e+00, 7.6798596549807279e+00,
       -2.1020095955272828e+00, 1.9040883370892301e+00,
       -1.2343059805167908e-01, 4.6757638039642516e-02,
       -7.9948333842361236e-03, -5.2492065993968287e-02,
       1.9520633152695951e-01, -6.0152119953037451e-02,
       3.4912780741637221e-02, -1.8079182403432099e-03,
       -7.6701923533181741e+01, -5.0411965501746545e+00,
       -3.1509905777267150e+01, -1.2659405699553803e+02,
       -5.4862017108536065e+00, 4.7238761371030002e+01,
       -1.7175675037918765e+01, -4.2596558030948577e+00,
       -2.0794003475836433e+00, -1.1735365747255384e+00,
       -2.5343785669509376e-02, -9.0885706738595695e-02,
       7.9643335170024102e-03, 1.9081847923578990e-02,
       -4.6497126400555908e-02, -6.3428245687424667e-04,
       -2.8213246709612545e-03, 3.5340299437612880e-03,
       -9.1067950190458475e+00, -8.8455148488079516e+01,
       7.9236351331940105e+00, 2.7588691313016319e+01,
       -8.3252528909466808e+00, -1.7175675037918765e+01,
       1.9449809524464239e+01, 4.5281541252495511e-01,
       2.6268218380731900e+00, 2.5729307157170661e-01,
       6.6597445766689176e-02, 4.2102292859191814e-02,
       -3.5119111807078114e-02, 9.8732382415411424e-03,
       -2.3778293774878107e-03, -7.7877794524573761e-03,
       -6.4309062118388200e-03, -2.1302652252183601e-03,
       5.0142910637354774e+01, -3.9049576183841452e+00,
       -9.9365183475763796e+00, 1.5737567980649525e+01,
       7.6798596549807261e+00, -4.2596558030948577e+00,
       4.5281541252495527e-01, 1.6811010326826818e+01,
       -1.5495208396818814e+00, 6.0075244577528408e-01,
       -1.4656953474001897e-02, 3.2823079185151779e-03,
       3.0199449940075712e-03, 1.0541899315662982e-02,
       -7.1794118316146766e-03, -2.3524268057408315e-02,
       -1.2795813256271932e-02, -9.7536814375501907e-04,
       -1.1710226589061712e+01, -1.4558179334419645e+01,
       2.0112372458424335e+00, 3.5444078014350056e+00,
       -2.1020095955272824e+00, -2.0794003475836438e+00,
       2.6268218380731900e+00, -1.5495208396818814e+00,
       1.1364715065310833e+00, 1.0108833432849765e-01,
