%YAML:1.0
means: !!opencv-matrix
   rows: 20
   cols: 1
   dt: d
   data: [ 1.7022617581370699e+01, -1.9343159646242023e+02,
       1.6811524420712635e+02, -9.2455482502862722e+01,
       2.8405673255234103e+02, 1.1508361143692197e+02,
       -2.6874566168132543e+02, 4.2812884999949098e+01,
       -3.4899226088829806e+01, -2.2883073540926566e+02,
       2.4023372533111689e+02, -6.3185580222109628e+01,
       -1.5764854684641566e+02, 6.7456828257432463e+01,
       -1.2402078008445778e+02, -3.1008522726200431e+02,
       2.0132192289448750e+02, 9.1635460449994213e+01,
       -7.6062811164532560e+00, 1.3977838261527637e+02 ]
covs: !!opencv-matrix
   rows: 20
   cols: 1
   dt: d
   data: [ 1.5457835833440603e+02, 2.8080593140832997e+02,
       2.5395917663794935e+02, 1.9994497766221301e+02,
       1.1303401204205445e+03, 1.7284269546891630e+02,
       4.4879877542557739e+02, 1.4924843780072590e+02,
       1.8594040293092721e+02, 2.8738836169301544e+02,
       6.0135013950362668e+02, 1.9526303613184481e+02,
       2.6862038912947810e+02, 1.4458615021367854e+02,
       2.3850673893386767e+02, 1.0576178160226330e+03,
       3.6498660265470670e+02, 1.5083233522413155e+02,
       1.7227484953369429e+02, 2.1113706409027728e+02 ]
weights: !!opencv-matrix
   rows: 1
   cols: 20
   dt: d
   data: [ 7.1360982926278793e-02, 3.9804423302935169e-02,
       4.7223354904629117e-02, 6.8462869877807433e-02,
       1.4596683366252097e-02, 5.9709267832419713e-02,
       2.3455228895585829e-02, 7.3363447785593533e-02,
       7.1133032663649176e-02, 3.0481135034819883e-02,
       2.3814849767228544e-02, 6.8986307714772752e-02,
       4.5522939853203395e-02, 6.9007954034423766e-02,
       5.8157651764311515e-02, 1.5468014366809562e-02,
       3.7064685517925071e-02, 6.2999219046685151e-02,
       6.9732182007841176e-02, 4.9655769336810630e-02 ]
pca_proj: !!opencv-matrix
   rows: 1
   cols: 21
   dt: f
   data: [ 1.02604255e-02, 8.46533298e-01, 5.67100069e-05,
       -5.08859605e-02, 4.68450844e-01, 1.89823491e-04, -5.55210514e-03,
       1.46431834e-01, -1.98076777e-05, -7.31809530e-03, 1.34976640e-01,
       -4.80776835e-05, -6.69380091e-03, 1.46460637e-01, -1.57161594e-05,
       2.11501210e-05, 1.32904761e-05, -3.16381829e-07, -1.62182951e-05,
       4.47223283e-04, 4.04881848e-06 ]
pca_mean: !!opencv-matrix
   rows: 1
   cols: 21
   dt: f
   data: [ 4.33646118e+02, 2.44701981e+02, 1.49672687e+00,
       4.18191803e+02, 2.60206879e+02, 1.62062907e+00, 3.68545319e+02,
       2.27059875e+02, 1.69770968e+00, 3.19420807e+02, 1.63929108e+02,
       1.75046074e+00, 3.16613464e+02, 2.25532654e+02, 1.70717156e+00,
       1.08872897e-04, -9.74175637e-05, 6.24380555e-05, -2.17504916e-04,
       -2.50119597e-01, 1.75055194e+00 ]
gamma: !!opencv-matrix
   rows: 20
   cols: 1
   dt: d
   data: [ 7.6829467465594048e-01, 8.6053070158492062e-01,
       8.4872413018310267e-01, 8.0414870799811777e-01,
       8.9994857386586380e-01, 8.1786702920186960e-01,
       8.8997076512417650e-01, 7.7633406985330844e-01,
       7.7396517789303643e-01, 8.7503686284074811e-01,
       8.8265325739378520e-01, 7.8710389383551871e-01,
       8.4311137949901216e-01, 7.8859345600192421e-01,
       8.2392501124971151e-01, 9.0542152032628342e-01,
       8.6544882905579346e-01, 8.0307365405882147e-01,
       7.6743873808607521e-01, 8.3301005669841710e-01 ]
