%YAML:1.0
means: !!opencv-matrix
   rows: 35
   cols: 4
   dt: d
   data: [ -5.9984330161389522e+01, 1.4893200282798065e+02,
       -7.1881581928383980e+01, 1.0070130636788518e+01,
       3.7664357249229163e+01, 3.9416926440210136e+00,
       -8.5040192571109870e+01, -9.6624717393884030e+00,
       9.4949137044780542e+01, -3.5414249117917684e+01,
       5.8384241824860695e+01, -5.8047121217314483e+01,
       -2.7108395783955183e+02, -9.1549802625747905e+00,
       8.9267120741939099e+00, 6.4620663563202157e+01,
       9.6482166030391056e+01, 1.2295206890693089e+01,
       8.6876825577019247e+01, 2.9785805674562901e+01,
       2.2572862776826575e+01, -2.4798365494233494e+02,
       7.7719083427552595e+00, 7.1055194206120689e+01,
       -2.7320016614735103e+01, -2.7690312574178900e+01,
       -6.8577463578085665e+00, 2.8169340620186453e+01,
       -9.5755574904530093e+01, -8.0333190783925843e+01,
       -5.3048670513025172e+01, -2.1888254691073836e+01,
       1.6457402039249206e+02, 6.5106038848574577e-01,
       -4.7489338123072500e+01, 1.1082615606302127e+01,
       -7.5698725304484427e+01, 4.7339486720636117e+01,
       -7.8935095850885105e+01, -6.6564179727416445e+01,
       -1.1278345965941267e+02, 1.3896001414375752e+01,
       4.1407593047915412e+01, -7.1641939724949935e+01,
       1.0743330031467812e+02, 1.3106407632830448e+02,
       4.6067173875320968e+01, -3.5519836726376489e+01,
       2.1015040839166093e+02, -2.8991078707232536e+01,
       3.3815000826145798e+01, 1.1013265509874133e+01,
       -1.3047447189570622e+02, -2.1529763856377844e+01,
       4.0984966427410519e+01, 3.8084570018268096e+01,
       -4.1321173066511045e+00, 2.0820576595924501e+02,
       5.9470549222639812e+00, 8.2167601777048080e+00,
       -2.7345775987620664e+02, -1.1731088223808474e+02,
       -1.8505727199844497e+01, 4.5061609998270331e+00,
       2.6578619838806095e+01, -1.2343273695862443e+02,
       -8.7802589885682707e+01, 1.6507098307653280e+01,
       -1.9749945939107454e+02, 1.1831734050292880e+02,
       1.1656676872443297e+01, 7.7446611033009205e+00,
       -1.6518318654576822e+02, -1.4860925073372897e+02,
       2.7315832248162902e+01, -4.4652649580738682e+01,
       2.2797271564503558e+02, 7.5492443591681507e+01,
       8.1747741905378799e+00, 3.9382325210501293e+01,
       1.2363432812981041e+02, -1.3143953909697021e+02,
       -1.5936197548612906e+01, -3.8460384726047323e+01,
       -1.0339936735430193e+01, -1.6627792852332522e+02,
       -1.5169151082342784e+01, 3.7103110493348268e+00,
       1.1864357020436235e+02, 1.5449969872443672e+01,
       3.0776332054767813e+01, 7.8419263740159835e+01,
       9.1296713797606174e+01, -2.8551689066947421e+01,
       -2.4106173459332716e+01, 5.0508942480258419e+01,
       5.0542586456724337e+01, 2.5012070374023512e+01,
       -9.0101054073756170e+00, -8.7789372304377096e+01,
       1.6069633115757284e+01, 1.3414637171254199e+02,
       -1.8192896434404638e+01, -2.2042419800035212e+01,
       1.1684350807880078e+02, -9.5959125934909821e+01,
       -4.8783611628288206e+01, -2.8453505044957108e+00,
       -7.2523705270136375e+01, 2.9870660523809740e+01,
       -3.5777729660453787e+01, 6.2886369406187200e+01,
       6.6521789870769908e+01, -1.1639217561546862e+02,
       5.5412474032585422e+01, 1.1187686393499192e+01,
       2.9246661977136235e+01, 5.0723494459802367e+01,
       4.9330910825141665e+01, 2.4629050707952882e+01,
       4.3721180127082135e+00, -8.1876305707675485e+01,
       2.7245479063958701e+01, -4.2870063636808133e+01,
       1.2353568355616308e+02, 1.1611622875899546e+02,
       -3.8736763052371252e+01, 5.7675738911514408e+01,
       -2.2139323438889477e+02, 1.2750337685759881e+01,
       -2.7411926477946636e+01, -4.8148751132179790e+01,
       -8.6001131901619289e+01, 1.1847345776730559e+02,
       8.0821891461538556e+01, -1.6979455354807104e+01,
       -1.5173220838521243e+02, -6.7376013998988256e+01,
       7.8606512037014795e+01, 1.6248224244043264e+01 ]
covs: !!opencv-matrix
   rows: 140
   cols: 4
   dt: d
   data: [ 4.9405957280934153e+03, -8.0735128136488072e+02,
       -8.1559541000957404e+02, 9.6389751643038835e+02,
       -8.0735128136488072e+02, 3.8402797673320324e+03,
       -5.0928209825880508e+01, 2.4758033393452669e+02,
       -8.1559541000957392e+02, -5.0928209825880508e+01,
       5.8630085288517500e+02, -3.0938794216316829e+01,
       9.6389751643038835e+02, 2.4758033393452669e+02,
       -3.0938794216316829e+01, 8.8854963924495667e+02,
       2.8638748319163919e+03, -7.6046711269873481e+02,
       -6.0692427111212726e+02, 9.1054880718051652e+02,
       -7.6046711269873481e+02, 3.4910074194625672e+03,
       2.6171761749056958e+02, -1.7224082586984287e+02,
       -6.0692427111212703e+02, 2.6171761749056958e+02,
       9.5851645406278044e+02, -3.1757093115287728e+02,
       9.1054880718051652e+02, -1.7224082586984278e+02,
       -3.1757093115287722e+02, 2.0599830802093484e+03,
       9.2160814807197585e+03, -9.2218993276346146e+02,
       -2.2345723671996943e+03, 2.1331301385950147e+02,
       -9.2218993276346146e+02, 6.3680665059923022e+03,
       -9.9718069054030408e+01, -1.1514496251150908e+03,
       -2.2345723671996943e+03, -9.9718069054030408e+01,
       8.2894602053908682e+02, 3.5213833785821538e+02,
       2.1331301385950147e+02, -1.1514496251150908e+03,
       3.5213833785821538e+02, 1.3595388173699482e+03,
       2.3890258645627773e+03, -1.3802923181841147e+03,
       6.5468223213273438e+02, 3.4874864981911389e+02,
       -1.3802923181841147e+03, 5.2253234062160673e+03,
       -2.8166076821603969e+01, -7.3929447670346303e+02,
       6.5468223213273427e+02, -2.8166076821603969e+01,
       4.9465045125781148e+02, 1.2074960251420836e+02,
       3.4874864981911389e+02, -7.3929447670346303e+02,
       1.2074960251420836e+02, 1.2625794107060958e+03,
       8.1902737819404956e+02, -1.3333075178839741e+02,
       2.9583098755533957e+01, 2.3014065772424463e+01,
       -1.3333075178839741e+02, 6.1360970345962296e+03,
       -6.7810452419567540e+01, -8.7380872736065407e+02,
       2.9583098755533946e+01, -6.7810452419567497e+01,
       2.9340711385105158e+02, 3.4541945864127501e+02,
       2.3014065772424459e+01, -8.7380872736065407e+02,
       3.4541945864127501e+02, 1.4264444820532215e+03,
       5.3668461299150258e+03, 2.4991687884035262e+01,
       2.9656605207010120e+03, -8.5753384415171524e+02,
       2.4991687884035226e+01, 5.5868127175144482e+03,
       1.1381843220738642e+03, 2.4066927612011132e+03,
       2.9656605207010120e+03, 1.1381843220738645e+03,
       2.3834997990581451e+03, -7.7761840512830574e+01,
       -8.5753384415171524e+02, 2.4066927612011132e+03,
       -7.7761840512830574e+01, 1.6823933767340770e+03,
       2.8652238625139175e+03, 4.7401031078281420e+02,
       1.3247541500571147e+03, -3.9582056216551626e+02,
       4.7401031078281409e+02, 6.1439205517617993e+03,
       5.6666078363205270e+02, -4.4832959171259358e+02,
       1.3247541500571147e+03, 5.6666078363205281e+02,
       1.2409784705182108e+03, 3.0496173204379403e+02,
       -3.9582056216551621e+02, -4.4832959171259364e+02,
       3.0496173204379409e+02, 2.3265506447648722e+03,
       5.1241748870614401e+03, 8.3641361982866249e+02,
       -1.3131870204169061e+03, -8.6747918981967678e+02,
       8.3641361982866272e+02, 2.2074263293643385e+03,
       -2.8562942451202525e+02, -3.5683710927632482e+01,
       -1.3131870204169061e+03, -2.8562942451202531e+02,
       1.1727304735281525e+03, 3.9961534341053039e+02,
       -8.6747918981967712e+02, -3.5683710927632497e+01,
       3.9961534341053039e+02, 7.5570752595204374e+02,
       4.6311997721377084e+03, -2.1205795580175391e+03,
       1.4415276648717722e+03, -1.3570017187527051e+03,
       -2.1205795580175386e+03, 3.7124757090369344e+03,
       -6.3126665838867655e+02, 1.3363545144619957e+03,
       1.4415276648717722e+03, -6.3126665838867643e+02,
       1.2733685176336530e+03, -7.1143665494502534e+02,
