%YAML:1.0
means: !!opencv-matrix
   rows: 7
   cols: 11
   dt: d
   data: [ 1.2851021925553859e+01, 1.1266106389015488e+02,
       -1.9385209035271412e+01, -4.9514924906872153e+01,
       -4.7347746359983767e-01, 6.1232625568813981e-02,
       1.7072451130890807e+00, -2.5650783183247161e-01,
       -2.6928031799302532e-01, -2.1807786734571805e-02,
       2.1331102402477362e-02, -1.6079456486987345e+02,
       -6.9892718239651231e+01, 4.4019101478527659e+01,
       2.1793033014298295e+01, -1.4638574348648076e+01,
       4.1125127431554684e+00, -1.4599089680805115e+00,
       3.7076194093917342e-01, -2.7085271266147942e-02,
       1.0594030360431965e-01, 1.8333560666193533e-02,
       5.1151136613564681e+01, -2.4739205264637892e+01,
       -4.6293368711527627e+00, 1.4773594661334405e+01,
       1.0169094439189321e+01, 6.2660529374065206e+00,
       9.1660618403097105e-01, -2.0847494053159915e-01,
       -1.9449359299165392e-01, 4.6347615122397955e-02,
       2.2193171997283843e-02, 3.3466871008068495e+01,
       2.7564893858441135e+01, -7.1594513366850840e+00,
       -1.9833090859387795e+01, 1.9119336687281554e+00,
       -1.1852226925702075e+01, -7.4928125417101041e+00,
       1.7857337389321253e+00, 6.6066830492363140e+00,
       5.6308469460374977e-01, 9.4062511735622505e-03,
       -1.5747668924448044e+02, 6.6335689229725546e+01,
       2.7541203812188389e+01, -3.6839036503077921e+01,
       -7.6681492865895704e+00, -1.3711594553445254e+00,
       4.3944428948203623e-01, 4.6941045197196268e-01,
       -3.4861288615868546e-01, -7.1963974373643658e-02,
       2.3203305385410163e-02, 1.6030664376250499e+02,
       2.6088449946787396e+01, -4.3270032355984085e+01,
       6.2637167242527285e+00, -1.0472576246732913e+01,
       -7.0513748849215014e+00, -4.0689104985941971e-01,
       -9.4900769926730480e-02, -8.2240512191600856e-01,
       -5.0087857437989193e-02, 6.9484524525258148e-02,
       -9.1209441041688724e+00, -7.3642455594300586e+01,
       3.7639192062248998e+00, 2.3618975782818939e+01,
       -6.0396940145800837e-01, -1.2929251244245714e+01,
       -3.6535185262429365e-01, -5.7205241857310896e-01,
       -6.4122084642097965e-01, -3.4956371716814488e-01,
       -2.1678654227073244e-01 ]
covs: !!opencv-matrix
   rows: 77
   cols: 11
   dt: d
   data: [ 6.6780753444483726e+03, -1.0714600100433988e+02,
       2.5058313499558844e+03, -6.3486560818988858e+02,
       -1.8160185752052283e+02, -8.8971148557753665e+01,
       -1.8700861801799611e+01, 3.3026539668670459e+01,
       -2.0263063076428242e+01, -4.5287076075814475e-01,
       -1.3506203230403702e+00, -1.0714600100433988e+02,
       6.6582375204199716e+03, 7.2031183291926664e+02,
       2.4439092249124201e+03, -1.2984586574439857e+02,
       2.2828038399902578e+01, -9.0218791401345783e+01,
       -6.3267372101053099e-01, -1.3981230643757433e+01,
       -1.4154349045097470e+01, -1.5854974713137617e+00,
       2.5058313499558844e+03, 7.2031183291926629e+02,
       2.6187919241211998e+03, -1.3248303900702356e+02,
       -5.0369389067531536e+01, -4.8862137614534952e+01,
       1.8706636540806763e+01, -5.4818163008454421e+00,
       2.5172497684482709e+00, 8.4042244468343164e-01,
       3.6420495171359463e-01, -6.3486560818988869e+02,
       2.4439092249124201e+03, -1.3248303900702356e+02,
       1.7602975864383757e+03, 1.1520238807687406e+02,
       -1.5086646091165082e+02, 2.9200306463427168e+01,
       1.8620081843636598e+01, 2.4217568044134254e+00,
       1.1001752648958384e-02, 2.3411456571319536e-01,
       -1.8160185752052280e+02, -1.2984586574439859e+02,
       -5.0369389067531536e+01, 1.1520238807687406e+02,
       1.5531842456167055e+02, -2.3721225242036258e+01,
       -1.0376246266149357e+01, 7.4638458870887101e+00,
       -4.0996837855440127e+00, 2.3486717446290573e-01,
       3.8140514074042786e-02, -8.8971148557753637e+01,
       2.2828038399902578e+01, -4.8862137614534952e+01,
       -1.5086646091165082e+02, -2.3721225242036258e+01,
       5.5627354053066696e+01, -1.8803257460442101e+01,
       -6.3063590295506682e+00, -1.6851586480897933e+00,
       -1.3416953583185258e+00, 1.0144076043155901e-02,
       -1.8700861801799604e+01, -9.0218791401345783e+01,
       1.8706636540806759e+01, 2.9200306463427168e+01,
       -1.0376246266149362e+01, -1.8803257460442104e+01,
       2.0778435918889286e+01, 7.4689485900821118e-01,
       2.9890510244754962e+00, 2.8303408145712694e-01,
       7.3030351170685043e-02, 3.3026539668670459e+01,
       -6.3267372101052810e-01, -5.4818163008454412e+00,
       1.8620081843636598e+01, 7.4638458870887110e+00,
       -6.3063590295506682e+00, 7.4689485900821151e-01,
       1.6433707806798445e+01, -1.6501253227546377e+00,
       3.6672281177694793e-01, -8.5131751234576673e-03,
       -2.0263063076428242e+01, -1.3981230643757431e+01,
       2.5172497684482695e+00, 2.4217568044134250e+00,
       -4.0996837855440127e+00, -1.6851586480897933e+00,
       2.9890510244754962e+00, -1.6501253227546377e+00,
       1.1529453962036322e+00, 7.5389397378582107e-02,
       2.4985466837284094e-02, -4.5287076075814481e-01,
       -1.4154349045097469e+01, 8.4042244468343164e-01,
       1.1001752648958368e-02, 2.3486717446290550e-01,
       -1.3416953583185258e+00, 2.8303408145712705e-01,
       3.6672281177694793e-01, 7.5389397378582065e-02,
       3.5061655856286600e-01, 2.3318370391983666e-02,
       -1.3506203230403706e+00, -1.5854974713137617e+00,
       3.6420495171359446e-01, 2.3411456571319544e-01,
       3.8140514074042786e-02, 1.0144076043155899e-02,
       7.3030351170685043e-02, -8.5131751234576725e-03,
       2.4985466837284094e-02, 2.3318370391983666e-02,
       1.4596873691418343e-02, 6.9256078872905782e+03,
       3.2698878237265319e+02, 2.8835464409082460e+03,
       -9.1306509778665657e+02, 4.2530687521511396e+02,
       3.6095983779936194e+02, 9.9230964062973726e+01,
       3.4325680492094250e+01, 2.0237479197694849e+01,
       4.9837943074531710e-01, 4.1326590681177344e-01,
       3.2698878237265319e+02, 7.9284274152109556e+03,
       7.1332250448823243e+02, 2.0101386157087395e+03,
       7.3294938114233025e+02, 6.0517050879392059e+02,
       1.0469324082605696e+02, 3.7848842039832618e+01,
       3.3002889599211329e+01, -5.2067344189680809e-01,
       -1.7293377280811386e+00, 2.8835464409082460e+03,
       7.1332250448823220e+02, 2.4733924120575803e+03,
       -4.3038235497771858e+01, -1.4353342381390655e+02,
       -9.1619144220284568e+01, -3.0565229206898991e+01,
       -6.4734784749745318e+00, -8.3862958087234265e+00,
       1.4775544451136129e+00, 1.3177919974001659e-01,
       -9.1306509778665657e+02, 2.0101386157087395e+03,
       -4.3038235497771879e+01, 1.9657726760976016e+03,
       -2.5260411674010425e+02, -1.3343421936695026e+02,
       -2.5974304387708241e+01, -2.1329790436577269e+01,
       -5.7293775103128315e+00, 6.5892801451980218e-02,
       8.1559936209193951e-01, 4.2530687521511402e+02,
       7.3294938114233014e+02, -1.4353342381390658e+02,
       -2.5260411674010427e+02, 3.8097728424187613e+02,
       1.8827778359664168e+02, 2.9719258239468907e+01,
       2.0465988884008674e+01, 1.5160561097739828e+01,
       5.7784041667175579e-01, -1.0830380908207746e+00,
       3.6095983779936205e+02, 6.0517050879392059e+02,
       -9.1619144220284568e+01, -1.3343421936695026e+02,
       1.8827778359664168e+02, 2.9714911195266285e+02,
       1.0910144458318173e+01, 1.2935281219209308e+01,
       9.1632462867392039e+00, -1.1825038753084112e+00,
       -1.6800379409846924e-01, 9.9230964062973726e+01,
       1.0469324082605695e+02, -3.0565229206898991e+01,
       -2.5974304387708241e+01, 2.9719258239468907e+01,
       1.0910144458318175e+01, 3.4841765508203139e+01,
       4.3622839113293610e+00, 3.2659025272181591e-02,
       -3.2906909301358428e-01, 3.5811767971773163e-02,
       3.4325680492094264e+01, 3.7848842039832618e+01,
       -6.4734784749745344e+00, -2.1329790436577277e+01,
       2.0465988884008670e+01, 1.2935281219209308e+01,
