%YAML:1.0
means: !!opencv-matrix
   rows: 20
   cols: 9
   dt: d
   data: [ 9.8262761031303455e+01, -4.6043005579240479e+01,
       -2.2188782389765322e+01, 3.6754972480064929e+01,
       -2.7597337281020906e+01, 2.4044924520521629e+01,
       1.2173935960471109e+00, 1.2900640303186799e+00,
       5.3540875135663435e-01, -1.4165614732423387e+02,
       -1.2185793909746822e+02, 4.6240686555953197e+01,
       4.0653525990773034e+01, -2.3243384187770680e+01,
       -9.1563942651719774e+00, -4.8824971804247159e+00,
       -1.5500712371476084e+00, 4.5044906954209601e-01,
       2.8526246344482105e+00, 8.6251013157633281e+01,
       1.5610989414344646e+01, -2.6740973131417373e+01,
       2.2605243327966281e+01, -4.2306862541747803e+00,
       -1.1836062506627663e+01, 2.2176941434597204e+00,
       7.0446666917073300e+00, 3.6274600283952805e+00,
       -4.1524771870826264e+01, 1.3185856593634373e+01,
       1.4956803958969513e+01, 3.9329375010649272e+01,
       -2.5178997858985075e-01, 1.0476517238289056e+00,
       -9.1835748388385330e-01, -3.6740095246868487e-01,
       4.2472234996341427e+01, 1.8735169974990054e+01,
       -1.2964376299919282e+01, -1.9674152804592101e+01,
       -8.8258518074328283e+00, -9.9865686537327090e+00,
       -6.1121769004238349e+00, 4.4639141125423709e-01,
       6.2016706320116324e+00, 4.8838741377236111e+01,
       -2.2739175792387261e+01, -1.7337064417257579e+01,
       -2.0243350937254817e+01, 5.8721288107987428e+00,
       -3.5354775494939190e+01, -5.4228835319586555e+00,
       7.6337543537927290e+00, 6.4153694262072127e+00,
       -1.4723803245541038e+02, 1.0812239591979386e+02,
       1.2909204910972601e+01, -5.0758332758599821e+01,
       -1.7807691106030418e+01, -7.7058316039070140e+00,
       -3.4181878154323247e-01, -9.1289369999733183e-01,
       4.5789958846528400e-01, 2.6667519737527876e+01,
       -2.8587607168078337e+00, -3.8615050701404412e+00,
       -4.5076603966333533e+00, 1.8832789318210409e+01,
       8.5752168519853034e-01, 1.7251381806542743e+00,
       -8.2821635329216103e-01, -1.2501078984635572e-01,
       3.9925361025275046e+00, 8.9323835266250654e+01,
       -1.0378905723339839e+01, -4.2933000784123614e+01,
       1.2591272133524781e+01, -3.4656369305548478e+00,
       1.4880740236161039e+00, 5.6202351797629641e-02,
       -3.6992138794990226e-01, -3.5796314211402922e+01,
       -2.2714439064557354e+01, 8.0790861187683944e+00,
       2.8842596074987892e+00, -7.8788345370340966e+00,
       -1.4819298522569055e+01, -1.4675109117647969e-01,
       -8.4273814330541888e-02, -1.6561258841777182e+00,
       -8.0318750109772267e+01, 1.0101952919914366e+02,
       6.4530586149219715e+00, -5.1167302428376331e+01,
       4.6397050718813917e+00, 5.8152649919630948e+00,
       1.7913986870667562e+00, 7.5658307434489661e-02,
       -2.2821690934893962e-01, -1.9359191522378640e+02,
       -5.4427720745991657e+01, 4.0021623060848739e+01,
       8.8568385785832575e+00, -1.2172958718737046e+01,
       2.8011569792477169e+00, -2.7463623696253023e+00,
       -3.6041444840933695e-01, 3.1493084710336636e+00,
       1.6208778139339685e+02, 5.0701192908137971e+00,
       -4.4550508138953610e+01, 1.5527376471891124e+01,
       -1.1183432492790619e+01, -9.9703863531722252e+00,
       -1.5513852620067514e+00, -2.5124745288766309e-01,
       -9.4656883328535191e-01, 2.4986910192805816e+00,
       -1.9316042459093899e+02, 1.5927890171600858e+01,
       6.6926014277636270e+01, 1.1649604506719214e+01,
       -2.0444139250573663e+01, -1.7622042544764651e+00,
       -9.7652171928571474e-01, 2.5090698545289680e-01,
       1.2819898188856487e+02, -5.1680598209282095e+01,
       -3.0449034000034892e+01, 3.7548908787790225e+01,
       -2.2902281108058645e+01, 6.9386562902289191e+00,
       6.6885350525367027e-01, 2.4732695530763776e-02,
       -4.1765822887921988e-01, -1.4455710621688925e+02,
       -5.0493612450764211e+01, 4.2708227974310802e+01,
       1.6920348545651120e+01, -7.3187407078374491e+00,
       9.9363078423238331e+00, 5.5868622283727876e-01,
       1.2763152318437594e+00, -6.5728058513225529e-01,
       -1.7008753040891307e+02, 3.6392939571761609e+01,
       3.8836698676320758e+01, -2.5173417951011679e+01,
       -4.5378322840895899e+00, 3.4924661049485495e-01,
       5.8175892055503209e-01, 1.3228144456548103e+00,
       -9.5597886030874424e-01, 7.7355701095455785e+01,
       -3.1898983362724497e+01, -9.2126909630145501e+00,
       2.4107076460155980e+01, 6.4876610196925677e+00,
       6.0364324519451573e+00, -4.4518774042775899e-01,
       -2.9849852671018484e-01, -6.2616276747798216e-01,
       3.0067007624404287e+01, 1.2232412117876333e+02,
       -2.6683348628557248e+01, -5.1047063080184948e+01,
       -7.8002095326311691e+00, 1.4972068726339399e-01,
       1.8002245212561179e+00, -5.1200032228093084e-01,
       -2.5379028209318549e-01, 1.3392238597614821e+02,
       6.5413684033900338e+01, -3.9132390833788499e+01,
       -1.3033172947807564e+01, -9.6691778770112222e+00,
       -4.2187529416769542e-01, 1.9183858787663748e+00,
       -3.4659804880261255e-02, -3.1979945302681612e-01 ]
