%YAML:1.0
means: !!opencv-matrix
   rows: 7
   cols: 12
   dt: d
   data: [ -1.0321337398310828e+02, 1.1599100374521490e+02,
       5.9054088471831427e+00, -5.4238944448823901e+01,
       -1.0048162044790478e+01, 1.6116017443649131e+00,
       9.9792618765760599e-01, -7.0225624636714334e-01,
       -3.1006727360602165e-01, -1.9793053346832382e-01,
       8.4330161496688941e-02, -6.0200707194746220e-03,
       -1.5805918892628159e+02, -3.5559436925872369e+01,
       4.2182686360646706e+01, 5.8622411220962034e+00,
       -1.0592998589964257e+01, 2.6167408326468322e-01,
       -4.5143176451345546e-01, 7.0829640662143356e-01,
       -1.0027479635582810e+00, -4.4178360679130266e-02,
       -9.2265416125947592e-03, 1.3894415292342342e-02,
       4.6542181420537013e+01, -1.3221962130995774e+01,
       -5.8557252173952659e+00, 9.0563770683976941e+00,
       1.0351299770634636e+01, 5.3316558006207231e+00,
       9.8235482273128472e-01, -1.5961323389483364e-01,
       -2.1392920621652034e-01, 4.9469507615093958e-02,
       2.3863633526496092e-02, 1.6128086029224768e-02,
       3.0536618674944400e+01, 2.9468439398435027e+01,
       -5.8679889597075725e+00, -2.0517345552212554e+01,
       2.3770026963567967e+00, -1.0582990883466522e+01,
       -7.4535526892311363e+00, 1.5987864320092231e+00,
       6.5335369286764653e+00, 6.8983952900977064e-01,
       2.7081359969261001e-02, -1.7479789730966467e-02,
       -1.8815950043636397e+02, -2.3936653185125778e+01,
       3.4103432983008652e+01, -1.0006489984156367e+01,
       -4.3741182865392512e+00, -4.1022978025673691e+00,
       -2.7730011387132563e+00, -1.6747434761002555e-01,
       4.3514670862098352e+00, 7.7283500998408949e-01,
       -1.4716526660267593e-01, -8.8003558738594861e-02,
       1.1664729190149674e+02, 6.0818675750158597e+01,
       -3.7833404520701727e+01, -1.3544869792702562e+01,
       -9.3974995231116569e+00, -4.5609156527793973e+00,
       3.4366285658587492e-01, -1.2531753279270347e-01,
       -6.9537367784175663e-01, -6.5728387478480615e-02,
       3.4116847993917364e-02, -1.5114780460292885e-02,
       1.4697913358859937e+01, -9.1344468619234249e+01,
       4.5973979834157164e-01, 3.2715169250604603e+01,
       1.8616781153617271e-01, -1.1496444457721891e+01,
       -4.2745653622544055e-01, -6.7606109592086694e-01,
       -4.5553770514348772e-02, -4.1372206797232991e-01,
       -2.0687865000065925e-01, -3.6972981399297201e-02 ]
covs: !!opencv-matrix
   rows: 84
   cols: 12
   dt: d
   data: [ 7.1465927698199002e+03, 2.7199241258264635e+02,
       2.3498939669116021e+03, -1.2139964410865164e+03,
       1.4088113582822186e+02, 1.2156963353456864e+02,
       7.7535268396601623e+01, -1.5949615457025477e+01,
       1.4648163584889915e+01, 9.8158833928208777e-01,
       -2.3495820963944287e+00, -5.4935456335840260e-01,
       2.7199241258264630e+02, 6.4895365053108526e+03,
       5.8741505083328923e+02, 2.4587821959237076e+03,
       -4.8103626241859402e+01, -4.4511629514522264e+00,
       -8.6706067556955503e+01, -9.7049034679455488e+00,
       -1.4374943293306663e+01, -1.1205421855533764e+01,
       -1.2239125124266172e+00, -6.6157380491705153e-01,
       2.3498939669116025e+03, 5.8741505083328923e+02,
       2.7677923852132794e+03, 3.5242599103217536e+01,
       -1.0431050047312112e+02, -7.9898230724108203e+01,
       -1.6203243368535482e+01, 5.7000806413658056e+00,
       -9.5443650011611925e-01, 2.4892546641948821e+00,
       9.2955401171125807e-01, 1.2575978778514016e-01,
       -1.2139964410865164e+03, 2.4587821959237076e+03,
       3.5242599103217565e+01, 1.7645118586098868e+03,
       4.6253161605340395e+01, -1.0567536784152648e+02,
       2.4544087598129547e+01, 1.0705413527497180e+01,
       5.9524311575045905e+00, 3.7740563887147052e+00,
       2.3544346254987694e-01, 1.0953399069700123e-01,
       1.4088113582822189e+02, -4.8103626241859416e+01,
       -1.0431050047312111e+02, 4.6253161605340402e+01,
       1.5906458599449499e+02, 6.1932126459965474e+01,
       5.1215424884694309e+00, 7.1006130235245699e+00,
       3.7136847451457061e-01, 1.3985044921015226e+00,
       -5.1510548795330280e-01, -5.0516000579543273e-02,
       1.2156963353456865e+02, -4.4511629514522264e+00,
       -7.9898230724108203e+01, -1.0567536784152648e+02,
       6.1932126459965474e+01, 6.2653105801507657e+01,
       -1.4387579292003693e+01, -1.3926604789934303e+00,
       -2.9817557930602909e+00, -9.8221020617534283e-01,
       -2.9341289148786037e-01, -1.3402483403021914e-01,
       7.7535268396601637e+01, -8.6706067556955503e+01,
       -1.6203243368535478e+01, 2.4544087598129543e+01,
       5.1215424884694301e+00, -1.4387579292003693e+01,
       2.3342551028108552e+01, 6.7545007743522989e-01,
       2.8764137806555694e+00, 2.2716054442055339e-01,
       -1.0493030508804811e-02, 2.9148177578682044e-02,
       -1.5949615457025484e+01, -9.7049034679455541e+00,
       5.7000806413658056e+00, 1.0705413527497175e+01,
       7.1006130235245699e+00, -1.3926604789934298e+00,
       6.7545007743523022e-01, 1.9272880643922878e+01,
       -1.8955525373131745e+00, 4.8271109974900567e-01,
       2.8708687789435555e-02, 8.5940928116470874e-03,
       1.4648163584889915e+01, -1.4374943293306663e+01,
       -9.5443650011611869e-01, 5.9524311575045941e+00,
       3.7136847451457083e-01, -2.9817557930602909e+00,
       2.8764137806555694e+00, -1.8955525373131745e+00,
       1.2873700868719511e+00, 1.9581897171204551e-01,
       1.0867663772248862e-03, 2.1024210931487253e-02,
       9.8158833928208800e-01, -1.1205421855533764e+01,
       2.4892546641948834e+00, 3.7740563887147047e+00,
       1.3985044921015226e+00, -9.8221020617534260e-01,
       2.2716054442055345e-01, 4.8271109974900578e-01,
       1.9581897171204551e-01, 4.8849327737202847e-01,
       2.3065576682417752e-03, -6.0249196938176846e-04,
       -2.3495820963944287e+00, -1.2239125124266175e+00,
       9.2955401171125807e-01, 2.3544346254987697e-01,
       -5.1510548795330280e-01, -2.9341289148786037e-01,
       -1.0493030508804811e-02, 2.8708687789435555e-02,
       1.0867663772248866e-03, 2.3065576682417769e-03,
       8.7251655406813695e-03, 1.1679313047965518e-03,
       -5.4935456335840249e-01, -6.6157380491705153e-01,
       1.2575978778514019e-01, 1.0953399069700116e-01,
       -5.0516000579543280e-02, -1.3402483403021914e-01,
       2.9148177578682037e-02, 8.5940928116470874e-03,
       2.1024210931487253e-02, -6.0249196938176846e-04,
       1.1679313047965518e-03, 1.8460721305743745e-03,
       7.2887047629967301e+03, -3.5799481255679972e+01,
       2.8098912267197697e+03, -7.9489024984502419e+02,
       4.5079490705511449e+02, 3.0343580898840275e+02,
       9.2555685481862199e+01, 3.0284363523424535e+01,
       3.5589535744435103e+01, 2.5545734267789690e+00,
       -1.5481277671112916e+00, -3.2671066088946731e-02,
       -3.5799481255680085e+01, 9.9178413789518127e+03,
       5.6981585091479519e+02, 1.0583349267660567e+03,
       7.7609841844931623e+02, 3.8481700103271584e+02,
       1.0127495717332884e+02, 3.7318604755166795e+01,
       1.1540200738643039e+01, 4.5101726567817844e+00,
       -3.2065850304240953e+00, -1.2123356040784956e+00,
       2.8098912267197707e+03, 5.6981585091479519e+02,
       2.4445023033781022e+03, 9.0498418560292446e+00,
       -1.5119501475041892e+02, -5.1845194975267653e+01,
       -4.0810145178774683e+01, -8.2122821014835168e+00,
       -6.7738573443186423e-01, 3.1662774737741253e+00,
       3.9787962325250986e-01, 1.2487397142289650e-01,
       -7.9489024984502407e+02, 1.0583349267660567e+03,
       9.0498418560292411e+00, 2.3349990221859384e+03,
       -2.7618934655785341e+02, -3.2350090629367543e+01,
       -2.3264397854214238e+01, -3.1602045518931728e+01,
       7.1161191383054820e+00, 4.6128597126620932e+00,
       1.1754240523908870e+00, 1.5307322103498500e-01,
       4.5079490705511449e+02, 7.7609841844931623e+02,
       -1.5119501475041898e+02, -2.7618934655785341e+02,
