%YAML:1.0
means: !!opencv-matrix
   rows: 7
   cols: 3
   dt: d
   data: [ -1.5866688500149561e+02, 1.8766213727125770e+01,
       8.7547622955339968e+00, 1.3978315932758827e+02,
       -4.0149678297894958e+01, -1.8299998017217984e+01,
       9.1397893389638742e+00, -1.6550837155284800e+01,
       -5.6171083653462269e+01, -2.0061705375143472e+01,
       1.1320681308591918e+02, -4.3958047093611199e+01,
       -1.0844881462105212e+01, -9.6305130965379064e+01,
       6.8802061389458968e-01, -1.9407513450693850e+02,
       -6.2745310213084842e+01, 4.4983237587456344e+01,
       8.4886855814341828e+01, 2.3078486726335345e+01,
       4.8577738458299848e+01 ]
covs: !!opencv-matrix
   rows: 21
   cols: 3
   dt: d
   data: [ 4.8244353236640436e+03, -4.9372307876001622e+02,
       1.6273401655294319e+03, -4.9372307876001639e+02,
       9.4658672251811404e+03, 5.4175879442300698e+02,
       1.6273401655294315e+03, 5.4175879442300698e+02,
       1.5601318159170212e+03, 5.1580080492398556e+03,
       9.6117127734517862e+02, 7.8936506010846858e+02,
       9.6117127734517851e+02, 6.2941370696456033e+03,
       6.8404629299385363e+02, 7.8936506010846858e+02,
       6.8404629299385329e+02, 1.3181140798586357e+03,
       6.1508826231557705e+03, -2.9415840840684368e+01,
       -8.6141309605356003e+02, -2.9415840840684343e+01,
       6.6059417313954191e+03, 6.8049058449737799e+02,
       -8.6141309605356003e+02, 6.8049058449737799e+02,
       1.6761009592511682e+03, 9.0359854358703833e+03,
       -1.1600481184939024e+03, 1.4124896974541764e+02,
       -1.1600481184939024e+03, 6.0345752903482271e+03,
       4.4379978895331357e+02, 1.4124896974541767e+02,
       4.4379978895331368e+02, 1.5331466268980603e+03,
       4.8539894601486831e+03, -1.6582957531363738e+03,
       2.4699309406814255e+03, -1.6582957531363741e+03,
       1.2209704424351688e+04, 2.3753925875065943e+02,
       2.4699309406814255e+03, 2.3753925875065937e+02,
       1.8724506547909452e+03, 5.8589117702927879e+03,
       -1.1693280641363995e+03, 3.0298488242137551e+03,
       -1.1693280641363995e+03, 9.4123775243928121e+03,
       7.3412695572320411e+02, 3.0298488242137551e+03,
       7.3412695572320411e+02, 2.2731424806716673e+03,
       1.0030181836355790e+04, -9.2686050274533125e+02,
       -1.7942717187971105e+03, -9.2686050274533125e+02,
       1.1381681672256816e+04, 9.8218900313964554e+01,
       -1.7942717187971100e+03, 9.8218900313964596e+01,
       1.2097149080336198e+03 ]
weights: !!opencv-matrix
   rows: 1
   cols: 7
   dt: d
   data: [ 9.5788099403373392e-02, 1.0894303373606118e-01,
       1.8254666882483844e-01, 1.4095452183900894e-01,
       1.0313947075689793e-01, 1.0411735730724929e-01,
       2.6451084813255926e-01 ]
pca_proj: !!opencv-matrix
   rows: 3
   cols: 21
   dt: f
   data: [ 1.02604255e-02, 8.46533298e-01, 5.67100069e-05,
       -5.08859605e-02, 4.68450844e-01, 1.89823491e-04, -5.55210514e-03,
       1.46431834e-01, -1.98076777e-05, -7.31809530e-03, 1.34976640e-01,
       -4.80776835e-05, -6.69380091e-03, 1.46460637e-01, -1.57161594e-05,
       2.11501210e-05, 1.32904761e-05, -3.16381829e-07, -1.62182951e-05,
       4.47223283e-04, 4.04881848e-06, 8.19958210e-01, 1.87153444e-02,
       -7.93817599e-05, 4.28530097e-01, 8.29724409e-03, 8.75842488e-06,
       2.28233948e-01, -2.37727305e-03, -1.84168690e-04, 2.08515689e-01,
       -1.20344283e-02, -2.14158339e-04, 2.18838796e-01, -7.27251405e-04,
       -1.84816250e-04, -3.05604735e-05, -5.04301033e-06,
       -1.27042276e-05, 6.79167337e-04, 1.30049409e-06, -1.63660501e-04,
       -1.48704097e-01, -3.29387456e-01, -1.82470303e-05, 1.08596861e-01,
       1.49965823e-01, -1.77574475e-04, 1.29315495e-01, 5.12750924e-01,
       2.36419466e-04, 1.37444586e-01, 5.11233926e-01, 2.85520800e-04,
       1.36541247e-01, 5.06532609e-01, 2.30281497e-04, -1.19767010e-05,
       -4.37137305e-06, 1.85016711e-06, 4.23374237e-04, 1.63331581e-03,
       1.86568883e-04 ]
pca_mean: !!opencv-matrix
   rows: 1
   cols: 21
   dt: f
   data: [ 4.33646118e+02, 2.44701981e+02, 1.49672687e+00,
       4.18191803e+02, 2.60206879e+02, 1.62062907e+00, 3.68545319e+02,
       2.27059875e+02, 1.69770968e+00, 3.19420807e+02, 1.63929108e+02,
       1.75046074e+00, 3.16613464e+02, 2.25532654e+02, 1.70717156e+00,
       1.08872897e-04, -9.74175637e-05, 6.24380555e-05, -2.17504916e-04,
       -2.50119597e-01, 1.75055194e+00 ]
gamma: !!opencv-matrix
   rows: 7
   cols: 1
   dt: d
   data: [ 9.1204052757178700e-01, 8.9166816254741021e-01,
       8.7605147386233206e-01, 9.0101378247876152e-01,
       8.9467286379446376e-01, 9.2832242754498207e-01,
       8.6339514442690690e-01 ]
