%YAML:1.0
means: !!opencv-matrix
   rows: 6
   cols: 20
   dt: d
   data: [ -1.5755736190825289e+02, 5.8110737625052366e+01,
       3.5355085788381906e+01, -3.0806299033913536e+01,
       -5.5277011223790078e+00, 1.3926382669357404e+01,
       -3.9676619835286822e+00, -3.1009456944739391e+00,
       -9.7416102591635434e-01, 4.2257026313713481e-01,
       -1.2138268551873220e-01, -3.9275803008197926e-02,
       -2.2024124423881443e-03, 3.3651738948180898e-03,
       9.4747595147589552e-03, 1.7592615570389734e-02,
       7.5160222050757799e-03, 7.2160635241450151e-04,
       9.7204349081846733e-03, -6.0354011085325078e-03,
       9.3235077945825225e+01, 1.3063579138930626e+01,
       -2.6893770545292750e+01, -2.7816021501850880e+01,
       -2.3027695572532796e+01, -1.3343303828291438e+01,
       5.6470193524566481e-01, -1.9100147172185917e+00,
       -2.3996689656418374e-01, -2.2670538925021036e-01,
       8.0749965740602433e-02, -2.4341042816047730e-02,
       3.3758205851315960e-04, -3.7262092564520743e-03,
       1.4561905763801458e-02, 2.0674645297420876e-03,
       4.7504452776484943e-03, 3.9265183254239425e-03,
       -1.6942076314886863e-03, -2.5933324534145093e-03,
       4.5429683148696022e+01, -2.1133666155465824e-01,
       5.2520539830352708e-01, 7.2096679269982333e+00,
       6.5554781211123521e+00, 4.3391739507744509e+00,
       4.3333205007972744e+00, -3.7485368677042635e-01,
       -8.3755162009724854e-02, 2.4802831216918033e-02,
       3.5616926434525839e-02, 1.9198187996512361e-02,
       3.2757580985931741e-03, 9.7721339639091835e-04,
       1.2756874830991071e-03, -9.7959199224709236e-04,
       3.2247720506260611e-04, -6.4762415291795516e-06,
       1.0712615248697596e-03, -1.0701125215990931e-03,
       4.0022442132162901e+01, 4.2563607257086467e+01,
       -1.5943888790877225e+00, -1.9907029184893087e+01,
       1.0346926949601928e+01, 2.7388651134575666e+00,
       -4.3081057183504177e+00, -2.2500595428234029e+00,
       -2.6387549221040607e+00, 3.9263801801410736e-01,
       -1.0878936431400980e-01, 1.3126011097123096e-02,
       -2.9956205295302803e-02, 1.5288453904651651e-04,
       -2.9091505449877379e-02, 3.7265134043129892e-03,
       -1.4249206723594051e-02, -8.4119707414806594e-03,
       -7.9848357123527818e-03, 8.5740693138574731e-03,
       4.0151194309586039e+01, -2.6086656048760840e+01,
       -1.8947312409916400e+01, 1.2048550818929909e+01,
       9.0656721504572921e+00, -4.5999371817960180e+00,
       -2.7455303354541583e+00, 1.8441513628950756e+00,
       7.7098673086637992e-01, -3.1677238387249756e-02,
       -1.3973142438458031e-02, -7.1128119088296193e-03,
       4.0312703915916055e-03, 1.3118616463563726e-03,
       1.0154318837086325e-03, -1.1244554558224149e-03,
       1.2708906079642592e-03, 8.9203983819455718e-05,
       8.6396131961230483e-04, -7.8813429257578924e-04,
       -1.7375289174396707e+02, -4.2121384449005053e+00,
       3.7270035736917407e+01, 5.3157352353446878e+00,
       -1.4386042707136180e+01, 2.9519013104796992e+00,
       2.6819912880487891e-03, 9.2477194641964855e-01,
       5.9752764045253615e-01, -1.6423848651317502e-01,
       -3.0701877095654008e-04, 1.1991920773509249e-03,
       2.3231411210077758e-03, -2.5488794280371214e-03,
       -2.7639823905482577e-03, -5.2750098327337073e-03,
       -1.5643921564656130e-03, 9.7484348443260761e-04,
       -1.6299359144763249e-03, 2.8902037831752994e-03 ]
covs: !!opencv-matrix
   rows: 120
   cols: 20
   dt: d
   data: [ 8.5218003745678598e+03, 9.8928978314869801e+02,
       2.6025417376291994e+03, -5.2116049820918602e+02,
       1.9697899214342939e+02, -1.0190984194968240e+02,
       7.6792840572887044e+01, -7.8911238453383321e+00,
       2.0579563923465411e+01, -1.6267879533090351e+01,
       -2.7055917420331994e+00, 1.8134251603099942e+00,
       1.4914603637502249e-01, -8.7039750488183007e-02,
       -1.1768496877614727e+00, 8.9101704387515945e-01,
       -8.2278610967172303e-02, 1.1695263353652498e-01,
       9.6682139797277897e-02, -6.1050156505698061e-02,
       9.8928978314869801e+02, 1.1642199290172335e+04,
       -1.7414767568666457e+02, -6.6607718313679527e+02,
       -6.0541593819436093e+02, 9.1973929807063632e+02,
       -1.6217620003242163e+02, 2.6847334642984544e+02,
       7.0756278984967125e+01, -3.4916401813252129e+01,
       5.8921394268310028e+00, 3.7036641826005248e+00,
       -4.5959824051006315e-01, -3.8598168941841915e-01,
       -1.0907484707337896e+00, -3.0991815796832795e-01,
       -1.6241758933983549e-01, 1.0068314955684399e-01,
       -4.2192502154284017e-01, -8.0136966198708415e-02,
       2.6025417376291994e+03, -1.7414767568666448e+02,
       2.5486136699123076e+03, 1.6386952762085545e+02,
       -9.5582769611727201e+01, 3.2948258204859400e+01,
       -5.1050414625751008e+00, 2.3871586091288489e+01,
       1.2873457501219129e+01, -1.9924170260211995e+00,
       9.5951131273866963e-01, -1.4861525746923931e-01,
       9.7767587340557030e-02, 7.8460550464726983e-03,
       2.9775682410201276e-01, -1.0053013071042208e-01,
       -3.3248522671175888e-02, -8.5698064669624069e-02,
       -9.6712614618388107e-02, -2.1714468913428892e-02,
       -5.2116049820918579e+02, -6.6607718313679516e+02,
       1.6386952762085551e+02, 2.7604567504933179e+03,
       2.4239826516272740e+02, -4.0573575903228721e+02,
       8.3925228924257084e+01, -1.1843313268660678e+02,
       -4.0381580566840000e+01, 6.2826544779714801e+00,
       -2.3555354243771429e+00, -2.1960018209797099e+00,
       1.7839540689665490e-01, -1.2769081790181866e-01,
       6.7507942076498695e-01, 1.0561256865251938e-02,
       -4.1551626150004101e-02, 4.2725899160796298e-02,
       1.3714332681672120e-01, 2.4379272842458551e-02,
       1.9697899214342939e+02, -6.0541593819436105e+02,
       -9.5582769611727201e+01, 2.4239826516272740e+02,
       1.8041813459395786e+02, -1.3504956369861546e+02,
       2.7442181746364710e+01, -3.7977026728218370e+01,
       -6.0933646057285982e+00, 1.0878806916428558e+00,
       -1.6030231874018066e+00, -5.3906041864734366e-01,
       8.7039518770159668e-02, -5.3861198679811366e-02,
       7.4368599183518125e-02, 1.3113602015933218e-01,
       -3.3620926825566437e-02, 5.6360214096971024e-03,
       8.0184408423510628e-02, 1.5679320634501632e-02,
       -1.0190984194968240e+02, 9.1973929807063644e+02,
       3.2948258204859400e+01, -4.0573575903228721e+02,
       -1.3504956369861546e+02, 4.5017996290905950e+02,
       -9.0009897031130901e+00, 8.0729151829656232e+01,
       3.2627075175865720e+01, -1.2504500845867229e+01,
       1.4827306838362750e+00, 4.0807193865477720e-01,
       3.0166420707988906e-02, -2.0392137855568987e-01,
       -1.5844269266300740e-01, -9.0118175049489935e-02,
       -7.6026752062406069e-02, -7.1841053383943171e-02,
       -1.9733539459978119e-01, -4.0935327828160707e-02,
       7.6792840572887044e+01, -1.6217620003242163e+02,
       -5.1050414625751017e+00, 8.3925228924257084e+01,
       2.7442181746364710e+01, -9.0009897031130865e+00,
       3.4697611029755073e+01, -9.8606077888937502e+00,
       -2.5905264896440050e+00, 1.3422354090761310e-01,
       -1.7876422834621464e-01, -1.3238353282432000e-01,
       1.3586907294443423e-02, -1.0996015788182862e-02,
       2.8801779894136747e-02, 3.2129128990321464e-02,
       -1.1477406062572660e-02, -3.9710774380281857e-03,
       1.1396333933903068e-02, 1.0399877789805180e-02,
       -7.8911238453383321e+00, 2.6847334642984544e+02,
       2.3871586091288496e+01, -1.1843313268660678e+02,
       -3.7977026728218370e+01, 8.0729151829656232e+01,
       -9.8606077888937502e+00, 3.2640036252667699e+01,
       6.6482864519106402e+00, -2.3881435439341452e+00,
       4.1990318462901643e-01, 1.8611060569257806e-01,
       -9.2099627628515254e-03, -2.2423281091521592e-02,
       -1.6890838775902826e-02, 7.8484346314904065e-03,
       -1.7013770089625097e-02, -1.4151163138757953e-02,
       -5.8241837644034372e-02, 2.2022494304152524e-03,
