%YAML:1.0
means: !!opencv-matrix
   rows: 30
   cols: 2
   dt: d
   data: [ -1.8840114154482424e+02, -8.5442283335655915e+00,
       9.1047009344232393e+01, 9.6338730743576875e+01,
       7.0984370237573771e+01, 1.7674574808070634e+01,
       2.1642856015510095e+01, -4.8356610208115178e+01,
       -6.0321596928145333e+01, 2.0698544409025425e+02,
       -1.4164828375122141e+02, -9.8088912710747280e+01,
       1.2798681412414018e+02, -3.8272397474245402e+01,
       1.5674903761011899e+02, -1.1880321839772576e+02,
       -2.5276772633492212e+02, 5.9775153223736432e+01,
       1.5246427527004886e+02, 1.3984473265372668e+02,
       1.3791763609380654e+01, -1.2516399067274394e+02,
       -6.9011548432239678e+01, 1.3792780149465000e+02,
       -1.4090395466767231e+02, 4.7106352819284865e+01,
       -6.8944981753392724e+01, 6.2580058455577174e+01,
       -2.5198335729733526e+02, -6.5039881963498644e+01,
       3.4989390956923110e+00, -3.0231474308103657e+02,
       -8.3699302433596500e+01, -2.0612705455211756e+01,
       1.4027821018122822e+01, 8.4714014005112048e+01,
       -2.3131082221789967e+02, -1.6254835983792270e+02,
       4.1199028060715598e+01, 1.7231680428206204e+02,
       1.4064741474128979e+02, 3.8260462261975583e+01,
       2.3671445184897161e+02, -8.3380078835919477e+01,
       -1.6633668536722516e+02, 1.5000072758343259e+02,
       -5.4955429405772671e+00, 1.9163586402203222e+01,
       1.9435183685751619e+02, -6.3575768689280467e+00,
       8.5903699343533987e+01, -1.0508550931006626e+02,
       2.4429002811294998e+02, 6.2477324646900968e+01,
       -8.1455244442808464e+01, -1.7819187006353872e+02,
       -6.2043648131152189e+01, -9.7894498792166701e+01,
       6.9413191445798049e+01, -1.9130767284891843e+02 ]
covs: !!opencv-matrix
   rows: 60
   cols: 2
   dt: d
   data: [ 1.8694413050963419e+03, -1.0019438900471340e+02,
       -1.0019438900471346e+02, 2.1246403932420112e+03,
       1.2664914093581888e+03, 1.2020508872688470e+02,
       1.2020508872688467e+02, 2.1078535347671373e+03,
       1.3792413291772225e+03, 6.9587621056135134e+01,
       6.9587621056135120e+01, 1.5936803715862529e+03,
       1.5430870918079179e+03, 4.3618034488768060e+01,
       4.3618034488768075e+01, 1.3481572634946899e+03,
       2.6214167114001443e+03, -2.5123366832121189e+02,
       -2.5123366832121189e+02, 2.5342092711067039e+03,
       1.9819158635609554e+03, -4.6645593587247497e+01,
       -4.6645593587247497e+01, 1.7545559231246602e+03,
       2.0079283255466128e+03, 1.3271309073686240e+02,
       1.3271309073686237e+02, 1.4685177883671461e+03,
       1.4925289902171539e+03, 1.4901030412750916e+02,
       1.4901030412750916e+02, 1.8275223208776738e+03,
       2.8406394654984942e+03, 4.2418797726135793e+01,
       4.2418797726135786e+01, 4.2952128305466867e+03,
       1.9112250050244388e+03, -3.1756785633322062e+00,
       -3.1756785633322111e+00, 3.4390879506770634e+03,
       1.1285094980878116e+03, 8.9818192117059326e+01,
       8.9818192117059354e+01, 1.7850014165882299e+03,
       3.1402690165637946e+03, 4.2052870174908026e+02,
       4.2052870174908026e+02, 1.7980229383771577e+03,
       2.4667910002060344e+03, -3.4686849485424227e+02,
       -3.4686849485424227e+02, 1.9393551905284121e+03,
       1.5078246425672662e+03, 2.4175279688340279e+02,
       2.4175279688340285e+02, 1.5378559247135579e+03,
       2.4445386132431768e+03, -4.8298693329022052e+02,
       -4.8298693329022052e+02, 3.5404868018447169e+03,
       6.7213148690951366e+03, -7.9587302924376661e+02,
       -7.9587302924376650e+02, 2.1988066225395560e+03,
       1.7058883511725976e+03, 2.5428485775623518e+01,
       2.5428485775623539e+01, 1.5750162673676107e+03,
       1.5888792277008936e+03, -1.7206780000918062e+02,
       -1.7206780000918062e+02, 1.6200834871591408e+03,
       2.8887606478844214e+03, -5.4094680485027743e+02,
       -5.4094680485027743e+02, 3.6958679416946034e+03,
       2.2200020120130662e+03, 2.9243792182378905e+02,
       2.9243792182378900e+02, 3.5020166107202353e+03,
       1.6400773826106604e+03, 5.4123780613782094e+02,
       5.4123780613782094e+02, 1.7449718615042275e+03,
       2.5298238303393009e+03, 4.9661092414914998e+02,
       4.9661092414914987e+02, 3.3227796575997691e+03,
       3.1718172367883431e+03, -3.9397987926360776e+02,
       -3.9397987926360776e+02, 3.7196279523381845e+03,
       1.2875804258949181e+03, 8.0792951461185069e+01,
       8.0792951461185041e+01, 1.3024570552537264e+03,
       1.5258786700539611e+03, 3.5425128053016527e+02,
       3.5425128053016527e+02, 2.2683259619300798e+03,
       1.0799444256180093e+03, 1.0087742424132645e+02,
       1.0087742424132645e+02, 1.8976313937381744e+03,
       2.0019160094108340e+03, 1.3532434547785354e+02,
       1.3532434547785360e+02, 4.3237276044601804e+03,
       2.3261455895414906e+03, -3.7303634720047995e+02,
       -3.7303634720048001e+02, 2.2933747004384832e+03,
       1.4725467633734318e+03, 4.9433641863005533e+01,
       4.9433641863005512e+01, 1.7153970243868105e+03,
       2.3961511171483471e+03, -2.5894019394029698e+02,
       -2.5894019394029692e+02, 2.0211935911979338e+03 ]
weights: !!opencv-matrix
   rows: 1
   cols: 30
   dt: d
   data: [ 2.8664075229205558e-02, 4.1365416832641944e-02,
       5.7506814054167722e-02, 5.4409242201744576e-02,
       2.0982962316157292e-02, 2.9521066831297477e-02,
       4.6191675934908340e-02, 3.0279288415263794e-02,
       2.5502266651221673e-02, 2.5457312455908817e-02,
       3.5699309511906342e-02, 3.9329874752860976e-02,
       3.4540384350303661e-02, 4.4361186276375017e-02,
       2.5001433385536041e-02, 8.6312853092002217e-03,
       5.3099900903483072e-02, 4.1771929668654721e-02,
       1.8521059235216200e-02, 3.7359289453988476e-02,
       4.0021325373928510e-02, 2.1931594503037784e-02,
       2.5263438576388745e-02, 4.9574831811857061e-02,
       2.3108189655996026e-02, 4.3305799965856297e-02,
       2.0859507954437032e-02, 2.5123323439783535e-02,
       3.4313404568924046e-02, 1.8302810379722846e-02 ]
pca_proj: !!opencv-matrix
   rows: 2
   cols: 21
   dt: f
   data: [ 1.02604255e-02, 8.46533298e-01, 5.67100069e-05,
       -5.08859605e-02, 4.68450844e-01, 1.89823491e-04, -5.55210514e-03,
       1.46431834e-01, -1.98076777e-05, -7.31809530e-03, 1.34976640e-01,
       -4.80776835e-05, -6.69380091e-03, 1.46460637e-01, -1.57161594e-05,
       2.11501210e-05, 1.32904761e-05, -3.16381829e-07, -1.62182951e-05,
       4.47223283e-04, 4.04881848e-06, 8.19958210e-01, 1.87153444e-02,
       -7.93817599e-05, 4.28530097e-01, 8.29724409e-03, 8.75842488e-06,
       2.28233948e-01, -2.37727305e-03, -1.84168690e-04, 2.08515689e-01,
       -1.20344283e-02, -2.14158339e-04, 2.18838796e-01, -7.27251405e-04,
       -1.84816250e-04, -3.05604735e-05, -5.04301033e-06,
       -1.27042276e-05, 6.79167337e-04, 1.30049409e-06, -1.63660501e-04 ]
pca_mean: !!opencv-matrix
   rows: 1
   cols: 21
   dt: f
   data: [ 4.33646118e+02, 2.44701981e+02, 1.49672687e+00,
       4.18191803e+02, 2.60206879e+02, 1.62062907e+00, 3.68545319e+02,
       2.27059875e+02, 1.69770968e+00, 3.19420807e+02, 1.63929108e+02,
       1.75046074e+00, 3.16613464e+02, 2.25532654e+02, 1.70717156e+00,
       1.08872897e-04, -9.74175637e-05, 6.24380555e-05, -2.17504916e-04,
       -2.50119597e-01, 1.75055194e+00 ]
