%YAML:1.0
means: !!opencv-matrix
   rows: 23
   cols: 4
   dt: d
   data: [ 1.8998491288306494e+02, 7.9235069827759958e+01,
       1.8181893052365592e+01, 5.5718650489087409e+01,
       -2.7709688657558280e+02, -5.6652908673578871e+01,
       -9.6567291268847946e+00, 3.5423791309282251e+01,
       7.6412379571079370e+01, 9.7743406195069753e+01,
       -4.9135351079665391e+01, 1.4673547803006253e+01,
       8.1513316591003232e+01, -9.4532315933472162e+01,
       -7.1954353172959188e+01, 1.5324216408001672e+00,
       -1.1310185455945478e+02, 4.4459320008219890e+01,
       -2.4653982343780068e+01, 5.3002700479979239e+01,
       -2.1768318599460963e+02, 7.1227790920120228e+01,
       -1.6126200227141641e+01, -1.9563710552641478e+01,
       1.4058973423395142e+02, -4.1070596047118464e+01,
       1.4950144622041503e+01, 3.5813969893203087e+01,
       8.5873689130643427e+01, 1.6309355174741071e+02,
       3.8161934839164317e+01, -1.9188893911705328e+01,
       -3.8141382954340102e+01, -4.7151464795597754e+01,
       -1.5828375354605928e+01, 3.7052918102373603e+01,
       6.8578487804422025e+01, 4.4870481843233172e+01,
       1.0091854384886995e+01, -8.4393730812522591e+01,
       -7.0108107669407204e+01, 1.7647416307728386e+02,
       -3.3639619112754104e+01, 3.4620169375081113e+00,
       -4.5942249124979973e+01, -5.9094775119360492e+01,
       8.7256702704005875e+01, -4.4930273765040205e+01,
       -4.2396216806035582e+01, 4.3866164346148381e+01,
       -7.0588904667877017e+01, -6.1491574106237373e+01,
       8.0937486086500599e+01, -4.2863894648158151e+01,
       6.0710858121683565e+01, 1.2091727066095888e+01,
       -1.0569740422035332e+02, 9.3667842630378018e+01,
       5.9418346824750571e+01, -3.2949736443330430e+01,
       9.0246883405366940e-01, -1.9632749304740045e+02,
       -3.3624134181972667e+00, -1.3585219045867900e+00,
       -2.2791363974462705e+01, 4.3596378350739002e+01,
       6.1106552806002242e+01, 3.6816143390648229e+01,
       -1.6098746673634491e+02, -5.4869103672849299e+01,
       7.2122588920164020e+01, 2.1109817840515120e+01,
       2.1671821461952922e+02, -2.6943760834917843e+01,
       9.5614052702441370e+00, -7.9562829328248696e+00,
       -1.8144147499095394e+02, -1.2838297011187936e+02,
       1.5593660225263557e+01, -4.5516218229379454e+01,
       4.8202844868308802e+01, 9.0639370534425612e-01,
       -5.3282922284542771e+01, 7.6699900754477071e+01,
       1.1142819124128889e+02, -1.0273683549839704e+02,
       1.3984893004740307e+01, -5.7334338606534530e+01,
       -6.6114732812825963e+01, -7.2998331721911939e+01,
       -1.7130722040941684e+01, -1.9858628858783497e+01 ]
covs: !!opencv-matrix
   rows: 92
   cols: 4
   dt: d
   data: [ 4.5110804354172151e+03, 7.3839335623812337e+02,
       3.1741793603677132e+02, -2.4959155239241690e+02,
       7.3839335623812303e+02, 3.3964269602809504e+03,
       -2.9046176343686267e+02, -6.5800429453892411e+02,
       3.1741793603677132e+02, -2.9046176343686267e+02,
       9.5312768818410404e+02, -1.5408151872800101e+01,
       -2.4959155239241690e+02, -6.5800429453892411e+02,
       -1.5408151872800085e+01, 6.7093845296412348e+02,
       1.9756400135603647e+03, -1.3945718116648513e+03,
       2.8498401886544286e+02, 2.6679609487001863e+02,
       -1.3945718116648513e+03, 7.8031526201943834e+03,
       4.2430847747151751e+02, 8.4471251902449649e+02,
       2.8498401886544286e+02, 4.2430847747151734e+02,
       3.8278671689136775e+02, 3.9136664927050498e+02,
       2.6679609487001858e+02, 8.4471251902449683e+02,
       3.9136664927050492e+02, 2.0054767193381854e+03,
       5.4765400770348915e+03, -2.0452542945649172e+03,
       4.4861207015192355e+02, 9.0242195087684343e+02,
       -2.0452542945649172e+03, 5.1568246907658113e+03,
       1.2327894298653406e+02, 1.5866445989351641e+02,
       4.4861207015192355e+02, 1.2327894298653406e+02,
       1.4166757011814809e+03, -6.1261342842077920e+02,
       9.0242195087684343e+02, 1.5866445989351641e+02,
       -6.1261342842077920e+02, 1.5808199851736852e+03,
       4.3447309099567437e+03, 7.9411876861976941e+02,
       4.7389476229921740e+02, -4.9236807663153070e+02,
       7.9411876861976941e+02, 3.3267517424473849e+03,
       -1.9176936216199999e+02, -6.4951385180802987e+01,
       4.7389476229921740e+02, -1.9176936216199999e+02,
       1.3460193789275486e+03, 1.1907048865229105e+02,
       -4.9236807663153064e+02, -6.4951385180803015e+01,
       1.1907048865229105e+02, 7.4838745113729669e+02,
       6.9434169894549805e+03, 1.4193411223523481e+03,
       -1.8734951748786145e+03, -7.2160878473431433e+02,
       1.4193411223523481e+03, 3.1199336242703403e+03,
       -4.6055709006833689e+02, 2.1292395055839205e+02,
       -1.8734951748786145e+03, -4.6055709006833689e+02,
       1.3245191946979262e+03, 2.9444969824589202e+02,
       -7.2160878473431455e+02, 2.1292395055839202e+02,
       2.9444969824589202e+02, 7.6763660447667371e+02,
       2.6279137021793686e+03, 2.9584552282893007e+01,
       8.3501301567845104e+01, -4.0813833723125180e+02,
       2.9584552282893025e+01, 6.3197333387008666e+03,
       -1.4392111538680948e+02, 1.5205641920721380e+03,
       8.3501301567845118e+01, -1.4392111538680939e+02,
       1.2774784437021628e+03, 7.8537475254682249e+02,
       -4.0813833723125180e+02, 1.5205641920721380e+03,
       7.8537475254682249e+02, 1.5528707268036458e+03,
       1.7847521143426209e+03, -3.2451083607272366e+01,
       1.1156689244861627e+03, -2.7374842980618132e+02,
       -3.2451083607272317e+01, 4.1660072435534730e+03,
       6.2811133140895618e+02, 1.9634796991511016e+03,
       1.1156689244861625e+03, 6.2811133140895618e+02,
       1.1005562214953943e+03, 2.1614944287415994e+02,
       -2.7374842980618132e+02, 1.9634796991511016e+03,
       2.1614944287415983e+02, 1.3068272954899051e+03,
       5.1547916178271007e+03, -6.4389971535960444e+02,
       -1.6623793730836553e+02, 1.2190428730589966e+02,
       -6.4389971535960422e+02, 3.8449346408857646e+03,
       1.6858363043091154e+02, 2.5887248287637675e+02,
       -1.6623793730836556e+02, 1.6858363043091148e+02,
       7.9737633998948775e+02, -6.9244906311467275e+01,
       1.2190428730589964e+02, 2.5887248287637675e+02,
       -6.9244906311467290e+01, 6.9196634758921607e+02,
       2.5565647296158427e+03, 6.2975323018975210e+01,
       1.1249854422038161e+03, -2.4192130613977480e+02,
       6.2975323018975260e+01, 9.9182459458463472e+03,
       6.0738857007550826e+02, -1.2315840422820788e+03,
       1.1249854422038161e+03, 6.0738857007550837e+02,
       1.0933175304249689e+03, 3.2178895550814929e+02,
       -2.4192130613977477e+02, -1.2315840422820786e+03,
       3.2178895550814940e+02, 2.5481441440444405e+03,
       6.0677345359485007e+03, -6.8075753916856200e+01,
       3.6562642884198077e+01, 4.3906648749527614e+02,
       -6.8075753916856172e+01, 2.3597364241674723e+03,
       2.4885729667000146e+02, 2.8425831395655632e+02,
       3.6562642884198063e+01, 2.4885729667000146e+02,
       1.0200952126653872e+03, -1.2355775840058133e+02,
       4.3906648749527614e+02, 2.8425831395655632e+02,
       -1.2355775840058139e+02, 8.5167023398639446e+02,
       4.9382278475813491e+03, -4.8506648149168257e+02,
       -2.3944872010122185e+02, -2.9122233686046847e+01,
       -4.8506648149168257e+02, 3.4038345115068810e+03,
       -6.7344644400035932e+01, 2.3639715944546245e+02,
       -2.3944872010122188e+02, -6.7344644400035961e+01,
       1.4070519398301842e+03, -6.6571536125979065e+01,
       -2.9122233686046869e+01, 2.3639715944546248e+02,
       -6.6571536125979065e+01, 5.3383784546875438e+02,
       3.1313541220083175e+03, 1.4111892851865903e+03,
       -1.5223193523441714e+02, 2.8708495200274194e+02,
       1.4111892851865907e+03, 7.5861240682623456e+03,
       -3.3101989819627761e+02, -9.4159603624053784e+02,
       -1.5223193523441711e+02, -3.3101989819627772e+02,
       3.4206245359128707e+02, 2.4415017670083091e+02,
       2.8708495200274194e+02, -9.4159603624053796e+02,
