%YAML:1.0
means: !!opencv-matrix
   rows: 13
   cols: 4
   dt: d
   data: [ 1.0286939525747131e+02, -2.1122747078766405e+01,
       6.8033109837060266e+01, 1.2792643345840403e+01,
       -7.9390624211200972e+01, 2.8284147715887357e+01,
       -4.9052272199630799e+01, 4.2799156054679441e+00,
       -1.1184918887240879e+02, 3.7144223733339430e+01,
       8.5102580031696945e+01, -1.4151582615315920e+01,
       -1.4503615935557784e+02, -7.8320901525030735e+01,
       2.2946555089657149e+01, 5.8796443503480006e+01,
       1.6342038074103937e+02, -4.4453803938153825e+01,
       2.5120860022108012e+01, -5.9091257327779189e+01,
       1.5057797699256326e+01, 4.1855599987027261e+01,
       2.1672756427055287e+01, -1.1020390966349523e+00,
       7.0981179853142692e+01, 1.4091384509007648e+01,
       -3.0065549911901986e+01, -3.4451668515729963e+01,
       8.7374446620859530e+01, -9.6900450912883358e+01,
       -3.0926894602432320e+01, 8.5491142235140849e+00,
       -2.3293396748726454e+02, 5.1905327565735647e+01,
       1.0090568011909067e+01, -2.0057244805414623e+01,
       1.7725676231431962e+02, 7.9476192630839748e+01,
       4.0331970229578262e+00, 1.3419510230592097e+01,
       8.1352341393953495e+01, 3.3761092879478944e+01,
       -8.2581470480779160e+01, -1.3242810357913624e+01,
       7.7301984873848340e+01, 2.2060900751207765e+01,
       -2.9700615331813719e+01, 7.1104132665696667e+01,
       -4.3095239633424015e+01, -9.3584580512110733e+01,
       5.5536870284461344e+00, -3.9684931257537613e+01 ]
covs: !!opencv-matrix
   rows: 52
   cols: 4
   dt: d
   data: [ 7.6738499017882687e+03, 8.3746490855564809e+02,
       -1.8181577966811906e+03, -4.5477633657386178e+02,
       8.3746490855564809e+02, 9.4169796828108483e+03,
       1.1042261720831746e+02, -4.1067019765654393e+01,
       -1.8181577966811906e+03, 1.1042261720831749e+02,
       6.4581555302015261e+02, 5.7647297636043284e+01,
       -4.5477633657386178e+02, -4.1067019765654365e+01,
       5.7647297636043248e+01, 2.1133531159881991e+03,
       4.2154609856664183e+03, 1.4009310603557599e+03,
       -5.3051102649804261e+02, -4.9743367269093000e+02,
       1.4009310603557599e+03, 1.0415268030272309e+04,
       1.4651038828640935e+02, -1.1140998614223506e+03,
       -5.3051102649804250e+02, 1.4651038828640935e+02,
       6.8558850678816304e+02, 2.7893755900935567e+01,
       -4.9743367269093000e+02, -1.1140998614223506e+03,
       2.7893755900935567e+01, 2.5003352025238519e+03,
       2.3987511542519510e+03, 4.2701714716516328e+01,
       2.4165186958495576e+02, 2.7389945217645379e+02,
       4.2701714716516371e+01, 8.3310865163584385e+03,
       5.7004926584100609e+01, 4.6427997640191660e+02,
       2.4165186958495576e+02, 5.7004926584100595e+01,
       6.4465495013022951e+02, -1.0892858449044853e+02,
       2.7389945217645379e+02, 4.6427997640191660e+02,
       -1.0892858449044850e+02, 2.0846493266230941e+03,
       5.2228074940610059e+03, 5.3658486375500047e+02,
       2.8780060325554591e+03, 2.1231844812400931e+02,
       5.3658486375500047e+02, 6.4748120685517933e+03,
       9.1216004599996921e+01, 1.8174947664832778e+03,
       2.8780060325554591e+03, 9.1216004599996793e+01,
       2.1398736575616012e+03, 1.7323383345033129e+01,
       2.1231844812400931e+02, 1.8174947664832778e+03,
       1.7323383345033143e+01, 1.1996772883082754e+03,
       3.2833572807133896e+03, -5.9559844740713447e+02,
       -4.4858913977819617e+02, 4.5089554023502978e+02,
       -5.9559844740713447e+02, 2.1201071694359316e+03,
       1.2474087555106418e+02, 4.4209561522798327e+02,
       -4.4858913977819617e+02, 1.2474087555106414e+02,
       7.9486036198172269e+02, -1.6055703080952253e+02,
       4.5089554023502978e+02, 4.4209561522798339e+02,
       -1.6055703080952256e+02, 4.8297502613631247e+02,
       3.7606698454749203e+03, 1.4475831738614813e+03,
       1.0906828054937985e+03, -8.0495337657578784e+02,
       1.4475831738614813e+03, 8.6337893867135335e+03,
       -4.9110813695273905e+01, -9.3620710932109000e+02,
       1.0906828054937985e+03, -4.9110813695273919e+01,
       1.2197421487680251e+03, -2.9804342268623053e+01,
       -8.0495337657578773e+02, -9.3620710932109012e+02,
       -2.9804342268623035e+01, 2.3689864192139216e+03,
       3.4870200331450419e+03, 2.5783819948136158e+02,
       2.6430485386372802e+03, 1.9436604149991143e+02,
       2.5783819948136147e+02, 5.2488417588085476e+03,
       1.8886833568125849e+02, 2.2655762120195359e+03,
       2.6430485386372807e+03, 1.8886833568125843e+02,
       2.2083327241609800e+03, 1.1550174618279394e+02,
       1.9436604149991149e+02, 2.2655762120195359e+03,
       1.1550174618279389e+02, 1.0624600831229966e+03,
       5.9452470167509873e+03, 1.4184166656742998e+03,
       1.8295380634198123e+03, -1.0740003298373781e+03,
       1.4184166656742998e+03, 3.9895517914254101e+03,
       -2.0042831541969667e+02, -1.7483233408757178e+02,
       1.8295380634198123e+03, -2.0042831541969676e+02,
       2.2063249723603958e+03, 2.9222267982766311e+02,
       -1.0740003298373779e+03, -1.7483233408757178e+02,
       2.9222267982766323e+02, 1.1608274111598776e+03,
       3.4820146427717059e+03, 5.6272568556899989e+02,
       1.3065311423065141e+03, 1.2701645914108045e+02,
       5.6272568556899978e+02, 7.9359445339162594e+03,
       3.1947540930993974e+01, 7.8785123335075559e+02,
       1.3065311423065143e+03, 3.1947540930993991e+01,
       1.1181812193218927e+03, 8.4874332452284648e+01,
       1.2701645914108039e+02, 7.8785123335075571e+02,
       8.4874332452284662e+01, 1.9647311212749923e+03,
       2.9013247821011159e+03, -4.5583327555488734e+02,
       5.1574079278070815e+02, 2.8688660399773119e+02,
       -4.5583327555488728e+02, 2.5355576637500862e+03,
       4.2868800249150603e+01, 1.9203978492092355e+02,
       5.1574079278070815e+02, 4.2868800249150674e+01,
       8.3647770281559053e+02, -1.1863723458923006e+00,
       2.8688660399773119e+02, 1.9203978492092355e+02,
       -1.1863723458923014e+00, 6.9193685199433048e+02,
       2.0722108036171985e+03, -1.7939362082923503e+02,
       5.8175203995454478e+02, 9.9447507311381301e+01,
       -1.7939362082923500e+02, 5.5278838700512551e+03,
       1.8549500627522110e+02, 2.0164297850385153e+03,
       5.8175203995454478e+02, 1.8549500627522110e+02,
       9.0435478457019235e+02, -6.9526644491386733e+01,
       9.9447507311381344e+01, 2.0164297850385160e+03,
       -6.9526644491386747e+01, 1.3473517728917927e+03,
       5.4572179382461709e+03, 1.2778373010762518e+03,
       1.6575335798720448e+03, -7.6004159288107246e+02,
       1.2778373010762518e+03, 2.8628336118498391e+03,
       -5.4869457793246818e+02, -4.8427090062059187e+02,
       1.6575335798720448e+03, -5.4869457793246818e+02,
       2.4338715915584644e+03, 2.9690502455327271e+02,
       -7.6004159288107246e+02, -4.8427090062059182e+02,
       2.9690502455327271e+02, 8.6693057941965708e+02,
       1.0533709105074991e+04, 4.0786094219446034e+02,
       6.6865606425424971e+02, -2.8390028253715815e+02,
       4.0786094219446045e+02, 5.3000231895374582e+03,
       -3.2094895497044359e+02, -2.5627957931058663e+03,
       6.6865606425424983e+02, -3.2094895497044365e+02,
       2.3696160314501712e+03, 1.8346293684633247e+02,
       -2.8390028253715809e+02, -2.5627957931058668e+03,
       1.8346293684633247e+02, 1.8017833645469032e+03 ]
weights: !!opencv-matrix
   rows: 1
   cols: 13
   dt: d
   data: [ 7.9215974736241243e-02, 1.0909118746990544e-01,
       6.6778788563062172e-02, 5.4781136614178182e-02,
       2.8671156566250782e-02, 1.3843958133712783e-01,
       7.9834147468039407e-02, 9.9840568520432091e-02,
       8.7920628059777101e-02, 4.8867415014001832e-02,
       5.6277885209808254e-02, 7.0441125371994248e-02,
       7.9840405069160042e-02 ]
