%YAML:1.0
means: !!opencv-matrix
   rows: 3
   cols: 7
   dt: d
   data: [ -2.5284688653788965e+01, 9.9948471263504203e+01,
       -6.5078025523389380e+00, -4.5110457849708482e+01,
       -2.7130357052636200e+00, -1.6723359253981140e+00,
       7.7732656901214603e-01, 7.3325610282716426e+01,
       -2.2213779005020427e+01, -1.3513983025450324e+01,
       1.5725787080173427e+01, 4.5866390314722469e+00,
       1.6176182146121536e+00, -3.4706224475209629e-02,
       -1.3357149780818619e+02, -6.1814650820765401e+01,
       3.6987278494723938e+01, 1.5336674681745208e+01,
       -7.1023079086374503e+00, -1.7219615284874485e+00,
       -7.8582937406289888e-01 ]
covs: !!opencv-matrix
   rows: 21
   cols: 7
   dt: d
   data: [ 1.2011391910796196e+04, -3.3063336446579235e+01,
       1.4316670969919903e+03, -6.7978509963596798e+02,
       1.1469177195329989e+02, 4.2186813934369518e+01,
       3.1533851781914514e+01, -3.3063336446579179e+01,
       7.0844518353537478e+03, 5.3163200573435176e+02,
       2.3344246368099107e+03, -9.2818000012681225e+01,
       8.2770515860231768e+01, -8.9138786621727988e+01,
       1.4316670969919903e+03, 5.3163200573435176e+02,
       2.8970780634052740e+03, -7.4372186055844239e+01,
       -7.1368671099521492e+01, -7.4789130450998314e+01,
       -1.0509918375216520e+01, -6.7978509963596764e+02,
       2.3344246368099107e+03, -7.4372186055844239e+01,
       1.7717508887654942e+03, 9.9497070813171376e+01,
       -1.3473142970020467e+02, 2.3200427686437234e+01,
       1.1469177195329991e+02, -9.2818000012681225e+01,
       -7.1368671099521492e+01, 9.9497070813171376e+01,
       1.9144595493544696e+02, 6.4856482995583722e+00,
       -1.1811577850013885e+01, 4.2186813934369546e+01,
       8.2770515860231768e+01, -7.4789130450998329e+01,
       -1.3473142970020464e+02, 6.4856482995583740e+00,
       8.2686105539368327e+01, -1.4134855819773295e+01,
       3.1533851781914510e+01, -8.9138786621727988e+01,
       -1.0509918375216522e+01, 2.3200427686437230e+01,
       -1.1811577850013885e+01, -1.4134855819773295e+01,
       2.8619876332682281e+01, 9.8129960996157079e+03,
       4.8778776656987299e+02, 1.4536374780079632e+03,
       -5.8162304962350856e+02, -1.1930555380570454e+03,
       -2.0611166766981103e+02, -8.4719448048953268e+01,
       4.8778776656987287e+02, 8.2775596389534239e+03,
       2.1650400672312838e+02, 1.6566949306787687e+03,
       -1.2698981970469310e+02, -3.5912351868296167e+02,
       -7.6574263019396398e+01, 1.4536374780079632e+03,
       2.1650400672312830e+02, 2.9983113580930521e+03,
       -5.2249811986541509e+01, 2.9512493197007058e+02,
       5.7168387354555165e+01, 3.1992853995310440e+01,
       -5.8162304962350879e+02, 1.6566949306787685e+03,
       -5.2249811986541523e+01, 2.1890250558299472e+03,
       -6.2209168038134763e+01, 1.0338814814698269e+02,
       2.6312572680492021e+01, -1.1930555380570456e+03,
       -1.2698981970469315e+02, 2.9512493197007046e+02,
       -6.2209168038134727e+01, 5.7152796381717326e+02,
       -6.2290546825815497e+01, -7.3079564946028803e+00,
       -2.0611166766981103e+02, -3.5912351868296167e+02,
       5.7168387354555186e+01, 1.0338814814698269e+02,
       -6.2290546825815497e+01, 2.8489664172192005e+02,
       2.5062154926465681e+00, -8.4719448048953282e+01,
       -7.6574263019396398e+01, 3.1992853995310444e+01,
       2.6312572680492025e+01, -7.3079564946028785e+00,
       2.5062154926465650e+00, 3.0283160656529422e+01,
       1.0710796479011549e+04, -2.9050265624141730e+03,
       2.1519139371161477e+03, 2.7852024151593423e+02,
       7.3620501772260911e+02, -1.3079299923714436e+02,
       7.4172563411482983e+01, -2.9050265624141730e+03,
       1.1706692780961725e+04, 1.2793730911948505e+03,
       4.7646693266857648e+02, 4.6869307377421535e+02,
       8.5765451629573295e+02, 1.3115499066635820e+02,
       2.1519139371161477e+03, 1.2793730911948505e+03,
       2.5592845160078591e+03, -2.2670109532134140e+02,
       -1.9155206740568531e+02, 5.6701057130498512e+01,
       -2.5218551906522894e+01, 2.7852024151593417e+02,
       4.7646693266857631e+02, -2.2670109532134131e+02,
       2.5263181642885179e+03, -1.5881479167162462e+02,
       -1.9178053921499094e+02, -3.1581502126802633e+01,
       7.3620501772260911e+02, 4.6869307377421535e+02,
       -1.9155206740568536e+02, -1.5881479167162465e+02,
       3.6380852973071046e+02, 9.6474056245919670e+01,
       2.6300161117270211e+01, -1.3079299923714433e+02,
       8.5765451629573295e+02, 5.6701057130498533e+01,
       -1.9178053921499091e+02, 9.6474056245919698e+01,
       3.5466469848937277e+02, 1.0351673657752126e+01,
       7.4172563411482983e+01, 1.3115499066635820e+02,
       -2.5218551906522890e+01, -3.1581502126802622e+01,
       2.6300161117270211e+01, 1.0351673657752126e+01,
       3.2246194078399292e+01 ]
weights: !!opencv-matrix
   rows: 1
   cols: 3
   dt: d
   data: [ 2.5700272762981768e-01, 5.1107777354777395e-01,
       2.3191949882239990e-01 ]
pca_proj: !!opencv-matrix
   rows: 7
   cols: 21
   dt: f
   data: [ 1.02604255e-02, 8.46533298e-01, 5.67100069e-05,
       -5.08859605e-02, 4.68450844e-01, 1.89823491e-04, -5.55210514e-03,
       1.46431834e-01, -1.98076777e-05, -7.31809530e-03, 1.34976640e-01,
       -4.80776835e-05, -6.69380091e-03, 1.46460637e-01, -1.57161594e-05,
       2.11501210e-05, 1.32904761e-05, -3.16381829e-07, -1.62182951e-05,
       4.47223283e-04, 4.04881848e-06, 8.19958210e-01, 1.87153444e-02,
       -7.93817599e-05, 4.28530097e-01, 8.29724409e-03, 8.75842488e-06,
       2.28233948e-01, -2.37727305e-03, -1.84168690e-04, 2.08515689e-01,
       -1.20344283e-02, -2.14158339e-04, 2.18838796e-01, -7.27251405e-04,
       -1.84816250e-04, -3.05604735e-05, -5.04301033e-06,
       -1.27042276e-05, 6.79167337e-04, 1.30049409e-06, -1.63660501e-04,
       -1.48704097e-01, -3.29387456e-01, -1.82470303e-05, 1.08596861e-01,
       1.49965823e-01, -1.77574475e-04, 1.29315495e-01, 5.12750924e-01,
       2.36419466e-04, 1.37444586e-01, 5.11233926e-01, 2.85520800e-04,
       1.36541247e-01, 5.06532609e-01, 2.30281497e-04, -1.19767010e-05,
       -4.37137305e-06, 1.85016711e-06, 4.23374237e-04, 1.63331581e-03,
       1.86568883e-04, -4.72028166e-01, 1.25829116e-01, -3.95576280e-05,
       1.75304204e-01, -4.03850079e-02, -1.91588406e-04, 4.72358793e-01,
       -1.55570537e-01, 3.14154240e-05, 4.64089781e-01, -1.42328069e-01,
       9.23298430e-05, 4.71241623e-01, -1.54795542e-01, 4.75230554e-05,
       -2.49870754e-05, 5.87460408e-06, 1.53038200e-05, 1.49897439e-03,
       -5.03496267e-04, 3.15210091e-05, 4.28138897e-02, -3.98029029e-01,
       -1.64866622e-03, -1.49486646e-01, 8.53724658e-01, -7.20556185e-04,
       4.98631820e-02, -1.44551426e-01, -6.16796780e-04, 4.10989933e-02,
       -1.98635340e-01, -7.75538327e-04, 2.98115760e-02, -1.52079150e-01,
       -6.80539582e-04, 2.25883312e-04, -2.69945431e-05, 2.70592113e-06,
       9.03362306e-05, -4.77506634e-04, -7.18366122e-04, -2.83197194e-01,
       -1.15955826e-02, -1.67501986e-03, 8.56651485e-01, 1.54669777e-01,
       -2.37696129e-03, -1.20549113e-01, -2.06198599e-02,
       -3.04474914e-03, -2.70571560e-01, -1.17506422e-01,
       -3.04362620e-03, -2.44462311e-01, -1.05650024e-02,
       -2.97378097e-03, -2.55348248e-04, -4.88344995e-05, 2.20185507e-06,
       -8.00635200e-04, 8.29089622e-05, -2.87367473e-03, -1.90952867e-02,
       -1.04048569e-02, 1.94934364e-02, 1.05285741e-01, 5.99324331e-02,
       1.98610481e-02, -4.06789601e-01, -4.04562384e-01, 2.10659001e-02,
       1.33018449e-01, 6.97962642e-01, 2.22086515e-02, 1.94465607e-01,
       -3.32292259e-01, 2.13628728e-02, -7.54120236e-04, -7.96889421e-04,
       1.06485822e-04, 5.98366372e-04, -1.02219894e-03, 2.12240666e-02 ]
