%YAML:1.0
means: !!opencv-matrix
   rows: 28
   cols: 4
   dt: d
   data: [ 1.6586083971724804e+02, 2.4819985049144870e+00,
       8.4546258409828532e+00, -3.2404693651218011e+01,
       -8.7208814101717707e+01, -3.2866984906264996e+01,
       -3.9153254933248455e+01, -3.8780663044101217e+01,
       1.9123189521899040e+01, 1.4435239498411585e+02,
       -5.1080544330815529e+00, -9.0357854313796082e+01,
       -2.6328427003094549e+02, 4.7065958767710704e+01,
       -1.7340973361172978e+01, -5.2963180106454736e+01,
       -1.7895287867708944e+02, -6.6702885147112481e+00,
       -7.6485074004483966e-01, 7.7147217635390192e+01,
       8.6599904543937768e+01, 2.7847055478563272e+00,
       7.7219291602174948e+01, -1.9990387685390825e+00,
       -2.1929419377104927e+02, 1.2586212157195469e+02,
       1.9786163303414135e+01, 1.0234282620900823e+01,
       1.5501001950659917e+01, -1.5034396950440953e+02,
       2.6484892430773755e+01, 2.3669964849808391e+01,
       1.4771084760638146e+02, 1.0924375959559033e+02,
       -8.6190912694047199e+00, 1.7139539195862813e+01,
       -4.9357812424518670e+01, -2.7359185345120650e+01,
       4.6018950527896394e+01, 7.1654321557540456e+01,
       6.6199909805472913e+01, -5.1062870178291881e+01,
       -2.7637104910552527e+01, -7.2541190676586197e+01,
       -8.8425593882567398e+01, 7.9779226128388004e+01,
       -4.8548963183998332e+01, 2.1221123613257674e+01,
       -2.4713429084670162e+02, -9.1190327610412439e+01,
       -1.7435025344281637e+01, 1.4407899714839665e+01,
       -1.0600015552009856e+02, -1.3209766319040654e+02,
       6.1811049567091935e+01, 1.9316423828547315e+01,
       1.2958581754448798e+02, -4.5219862220409546e+00,
       8.7491564194321505e+00, 5.7942095775399075e+01,
       -1.7957416694275395e+02, -2.9349476056791541e+00,
       6.1351392177092102e+01, -4.8401324552189294e+01,
       1.0922676843396641e+02, -9.9751122067365657e+01,
       -4.0029303439959797e+01, -1.5719669913149922e+01,
       2.2767041193382177e+01, 9.9687001069374645e+01,
       4.5704331511206906e+00, 4.9146580410092184e+01,
       1.7956424850646528e+02, -9.3355530107052147e+01,
       4.0414188262914614e+01, 1.0471304254976287e+01,
       3.5551204099116532e+01, 9.2461342524030044e+01,
       -8.0404878533003355e+01, -3.1302519234712189e+00,
       -2.5784391552587131e+01, -6.9845527513389021e+00,
       4.0256057282133980e+01, -1.9693746424773064e+01,
       -6.7004729348746636e+01, -1.3318963813121593e+02,
       -5.6433695379972725e+01, 1.6144480047470587e+01,
       -2.6054825376797595e+01, -5.0119553647456812e+01,
       -4.5265063588446409e+01, 7.8547813534502453e+01,
       7.4678086090517525e+01, 1.4009627056209332e+01,
       -7.8712839856480159e+01, 1.9324089910399113e+01,
       7.5333717563130108e+01, 8.7096682411446640e+00,
       -2.6378598276843874e+01, -3.6124121649819187e+01,
       -9.4664468154727700e+01, 8.1883880871842024e+01,
       9.5194860301136075e+01, 1.9736586607446924e+01,
       1.5436803405591144e+01, 4.5021324157279352e+01,
       1.8300052745245242e+01, -2.7985249679800731e+01,
       2.1800909472804926e+02, 6.9975540877926818e+01,
       3.7905999602264771e+01, 1.5141303987411597e+01 ]
covs: !!opencv-matrix
   rows: 112
   cols: 4
   dt: d
   data: [ 2.7697490750973434e+03, -1.2539149350084865e+03,
       7.9224073282483999e+01, 4.2400888993333524e+01,
       -1.2539149350084865e+03, 4.1972618636511379e+03,
       -2.3739021028937984e+02, 1.1254541174773360e+03,
       7.9224073282483999e+01, -2.3739021028937987e+02,
       8.5236321243117766e+02, -3.0189482418205222e+02,
       4.2400888993333496e+01, 1.1254541174773360e+03,
       -3.0189482418205222e+02, 9.2028540814012138e+02,
       5.5818056512671292e+03, 1.0057970073811404e+03,
       -6.5245604043745413e+02, 9.6663191323980442e+01,
       1.0057970073811404e+03, 3.3430560714628618e+03,
       -2.5077421042444473e+02, 8.8155982441031512e+01,
       -6.5245604043745425e+02, -2.5077421042444468e+02,
       9.3604458373672389e+02, 1.1234243762773416e+02,
       9.6663191323980385e+01, 8.8155982441031455e+01,
       1.1234243762773413e+02, 8.6259192923578314e+02,
       6.1277350096107493e+03, -6.3288493671971516e+01,
       2.3451420519706271e+03, 6.7843085045988869e+02,
       -6.3288493671971459e+01, 6.3700277750576097e+03,
       6.7038346894341203e+01, 1.8561039701333011e+03,
       2.3451420519706271e+03, 6.7038346894341203e+01,
       2.1050908009932241e+03, 7.0875248824419373e+01,
       6.7843085045988869e+02, 1.8561039701333009e+03,
       7.0875248824419430e+01, 1.1125114607225512e+03,
       2.3682218944360152e+03, 6.6871593984750547e+01,
       3.3990264390091312e+02, 1.7960088470173108e+02,
       6.6871593984750547e+01, 4.9585856505569109e+03,
       1.4394038982168532e+01, 1.3389490336694882e+03,
       3.3990264390091312e+02, 1.4394038982168546e+01,
       3.7960548730489086e+02, -3.6253325636183824e+00,
       1.7960088470173102e+02, 1.3389490336694880e+03,
       -3.6253325636183771e+00, 9.5644628728025236e+02,
       2.3802747106492452e+03, 1.8237187232130191e+02,
       1.0681181401176163e+03, -3.6347904885080175e+02,
       1.8237187232130191e+02, 2.4049221102624401e+03,
       3.7973643355701211e+02, 9.6857469995420303e+01,
       1.0681181401176163e+03, 3.7973643355701211e+02,
       1.2519193373601902e+03, -3.9109285293845056e+02,
       -3.6347904885080175e+02, 9.6857469995420331e+01,
       -3.9109285293845056e+02, 7.1365207852895435e+02,
       2.0105610709558337e+03, 1.0463996507435058e+03,
       -3.3048543580468646e+02, -5.3065255665581003e+02,
       1.0463996507435058e+03, 8.4467781878118494e+03,
       -7.6988096126288752e+01, -2.4145657151148319e+02,
       -3.3048543580468646e+02, -7.6988096126288724e+01,
       2.3228208755776095e+02, 1.3092087829070238e+02,
       -5.3065255665580992e+02, -2.4145657151148325e+02,
       1.3092087829070238e+02, 2.3586345526404693e+03,
       3.5082277176508146e+03, -7.1007203722597652e+01,
       1.4990141622301317e+03, -3.5724996838993138e+02,
       -7.1007203722597623e+01, 3.9881930610281961e+03,
       -1.8199433867877707e+02, -1.1384725129941471e+03,
       1.4990141622301317e+03, -1.8199433867877707e+02,
       1.2134343856550147e+03, -7.3730124711297591e+01,
       -3.5724996838993138e+02, -1.1384725129941471e+03,
       -7.3730124711297577e+01, 1.0911936097037751e+03,
       3.4691474707964676e+03, -2.9197475996892365e+02,
       3.0767962569211085e+02, 1.7002669129550330e+02,
       -2.9197475996892382e+02, 3.0277518923466964e+03,
       1.5206605584909337e+02, 1.5296523674049550e+02,
       3.0767962569211085e+02, 1.5206605584909343e+02,
       1.4367091109562696e+03, -7.8536508007493453e+01,
       1.7002669129550333e+02, 1.5296523674049550e+02,
       -7.8536508007493424e+01, 5.5236787018009636e+02,
       2.8235952013762835e+03, -1.2063284129758402e+02,
       4.5095226687389686e+02, 5.0959266460850051e+02,
       -1.2063284129758402e+02, 9.3652104442298696e+02,
       6.6474313393319150e+01, -3.5744364645310355e+01,
       4.5095226687389675e+02, 6.6474313393319136e+01,
       1.3294829792130765e+03, -2.2640835063800395e+02,
       5.0959266460850051e+02, -3.5744364645310370e+01,
       -2.2640835063800395e+02, 5.2821413222120725e+02,
       3.5279750002792803e+03, 9.0077738856178439e+02,
       8.1688656069538786e+02, -4.8754579278921307e+02,
       9.0077738856178416e+02, 2.2355030478903191e+03,
       2.8616849272875353e+01, 2.7621987633576447e+02,
       8.1688656069538786e+02, 2.8616849272875342e+01,
       1.3111775694196849e+03, 3.5321112627232475e+02,
       -4.8754579278921284e+02, 2.7621987633576441e+02,
       3.5321112627232475e+02, 8.4942641296671536e+02,
       4.3694382687697625e+03, -7.3169510794283553e+02,
       1.1383012871807089e+03, 1.5756029127863360e+02,
       -7.3169510794283553e+02, 1.3086129269423702e+03,
       2.3444393796106897e+02, 1.2694821558970925e+02,
       1.1383012871807089e+03, 2.3444393796106894e+02,
