%YAML:1.0
means: !!opencv-matrix
   rows: 27
   cols: 7
   dt: d
   data: [ 7.3065097583402164e+01, -6.4352671909844886e+01,
       -2.3640104383079365e+01, 3.9310001517768299e+01,
       -1.0343688553298071e+01, 5.9457219164174226e+00,
       -8.1361600412583862e-02, -4.7193986399896396e+01,
       -8.1277708571096454e+01, 1.3639136751800374e+01,
       4.6172066901464149e+01, 1.1533952965585836e+01,
       -3.4306785203089567e+00, 2.0612554500145883e+00,
       -1.0640769320413011e+02, -9.9524829630837601e+01,
       1.9982546437567123e+01, 6.4991615471974399e+01,
       -8.5060160459271685e+00, -4.9339044183034444e+00,
       1.3410166307590363e+00, 5.3927213405644089e+01,
       1.0130602800087642e+02, 1.5303847397916241e+00,
       4.3830119721867007e+01, 1.4513000169060328e+01,
       -3.3133107795866574e+00, 4.3134001795849192e-01,
       1.0223635620284773e+02, -2.5456762431745755e+01,
       -1.5968907992229406e+01, 1.2087090788479367e+01,
       2.0938746306012748e+00, 1.7347506831095334e+01,
       -6.2074427612768623e+00, -1.8607327298814644e+02,
       3.3208673210429978e+01, 4.1081848682791154e+01,
       -1.8343982882931957e+01, -4.5452159217323933e+00,
       1.2702793785600917e+01, -9.7765902185105413e-01,
       8.2665783773926023e+01, 1.7596470422872528e+01,
       -2.2617437607316642e+01, -3.2457817869937067e+01,
       -2.5629040777590649e+01, -2.0129204493653571e+01,
       1.1503571217629300e+00, -1.1697641831433774e+02,
       1.0894005265390843e+01, 3.1872308516531174e+01,
       2.0090006539137928e-01, -8.5416434103109609e+00,
       2.1808811685774103e+01, -1.5385802578369216e+00,
       1.1910008007842809e+02, -4.4047818513789295e+01,
       -3.0879385721301741e+01, 3.2541928979507226e+01,
       -2.9275466936176282e+00, 1.3744476738952445e+01,
       -1.2454342968516968e-01, 1.5585205604893801e+02,
       1.2591516392100278e+01, -4.5265901702848815e+01,
       -5.7889032087681134e+00, -6.1885427087225739e+00,
       1.2745241102484345e+01, -4.7430994276273181e-01,
       -1.4864916473154867e+02, -1.0054589716838586e+02,
       2.8820982223877994e+01, 6.8123367445106254e+01,
       -1.8129111933632132e+01, 3.9844848941364336e-01,
       2.7199357230990800e-01, 7.2676572697103836e+01,
       4.0883987119674750e+01, -1.4151678324008516e+01,
       -4.0287452715954778e+01, 1.0182833485470624e+00,
       -1.6831763458044254e+01, 1.0702338172198276e+00,
       -1.9344334450730585e+02, 9.7830884785933407e+01,
       3.6642006820127179e+01, -5.7377161456905299e+01,
       -2.8192192851815243e+01, 1.4155463255470901e+01,
       -3.6954086942729405e+00, 1.8359302838191049e+01,
       1.5767944308223676e+02, -3.9663979937690863e-01,
       -8.6868959149074456e+01, 1.7284051605532937e+01,
       1.6894396655562144e+01, -3.6421152140574603e-01,
       -9.4499869206582643e-01, 3.6889263472493759e+01,
       1.1910416446126639e+01, -2.2263789944660846e+01,
       3.8547697392341050e+01, -5.7441973538874000e+00,
       1.6177639805370940e+00, -1.7961965726434028e+02,
       5.1940464884062145e+01, 4.1795337844817475e+01,
       -3.1420837446346464e+01, -1.2570206893622087e+01,
       -2.9305293175669380e+00, -1.1737076673074178e+00,
       -8.5250784550335013e+01, 1.6648852060777894e+01,
       2.8219423748503097e+01, -1.6888693571816372e+01,
       1.6461629229514863e+01, -1.7097534531994757e+01,
       1.9456111620656540e+00, -2.0099997292457067e+02,
       -2.3299895472933638e+01, 4.3218992111927108e+01,
       2.2339358168876405e+01, -9.1609419206344853e+00,
       9.6546835097732391e+00, -1.0755115453436663e+00,
       -1.4340484018349910e+00, 1.3837240773508801e+00,
       1.7608517623940006e+01, -1.7655977777265282e+01,
       1.7655757223110697e+01, -9.2892711902316041e+00,
       -1.2159525728293707e+00, 4.7990914117291972e+01,
       1.7144362177279386e+00, -5.5288453051615480e+00,
       -1.4760572696690861e+00, -5.1004734936497913e+00,
       3.9765392371598272e+00, -6.9974480849861798e-01,
       7.9537262471219265e+01, -4.7741198913971790e+00,
       1.1874234264759954e+01, -1.2322736945061472e+01,
       1.8052068578563162e+01, 5.0005431782278231e+00,
       1.1940929155071547e+00, 1.5855608139324434e+02,
       3.0087018983113158e+01, -4.0626534412297076e+01,
       -2.5244727100628435e+01, -1.2192034749907736e+01,
       2.9602668159838799e+00, 1.8702135513995486e+00,
       3.3315083071407109e+01, -9.9335650542701273e+01,
       -1.0915962220273958e+01, 6.7794202526062634e+01,
       -4.0093179639818519e+00, -1.1620171204860839e+00,
       2.0587318999749216e+00, -8.7845282172520953e+01,
       -4.2864621140995922e+01, 3.9765809734751187e+01,
       4.0472660688950647e+01, 9.3753841848731376e+00,
       -9.1626950879534039e+00, -2.8149159411253333e+00,
       -1.4709051692660222e+02, -1.0843980640436702e+02,
       2.3189544381721912e+01, 6.5529669762825677e+01,
       -2.6204094492213933e+01, 3.2532219491186170e+00,
       -1.6625308901275548e+00, -2.5345047302722016e+01,
       1.1785253905186837e+01, -7.2287229744954445e+01,
       -3.2523377141693603e+00, 1.8613023213508320e+01,
       3.0811527547232642e+00, 8.2653324011844409e-01,
       7.2876778278889475e+01, 1.5372372173148717e+01,
       -2.7338493164944232e+01, -3.1054312075550737e+01,
       -2.9891358932659337e+01, -1.6359814205338445e+01,
       6.2137838142690127e-01 ]
