%YAML:1.0
means: !!opencv-matrix
   rows: 45
   cols: 1
   dt: d
   data: [ -1.5756275464451072e+01, 1.2660586805251270e+02,
       -1.9006703856271699e+02, -8.2730397886944971e+01,
       2.2202216546725595e+02, 4.4866059125881918e+01,
       -2.6926308297325750e+02, 2.6372965480367679e+02,
       -1.4838662762008340e+02, 1.5378091606933819e+02,
       -3.4141595257962626e+02, 8.9494004882606220e+01,
       2.2387619540380474e+01, -4.1352380748308917e+01,
       1.8154827672042629e+02, 3.0983319368331939e+02,
       -1.0939533785163881e+02, 1.0161211482630291e+02,
       -2.5034448911208742e+02, -2.8791564097596478e+02,
       -2.0470410659211510e+02, 7.7904967594990936e+01,
       -1.3449649472783835e+02, 1.0182659305835099e+01,
       2.0685235465361711e+02, 1.4033248583582596e+02,
       -2.8537229854520252e+01, 2.8799817796809685e+02,
       -3.1342752946202017e+02, -6.8445329227356382e+01,
       -5.4463666658209000e+01, -1.7671622180915054e+02,
       -2.3405460854343360e+02, -1.2198773612517749e+02,
       2.4051146359643084e+02, -2.2024489575889834e+02,
       1.1377064252496241e+02, 5.5489594194488518e+01,
       3.4302819797377204e+01, 6.6821976213322202e+01,
       -1.6235977356034195e+02, 1.6760606631905901e+02,
       -9.5712477083012217e+01, 1.9357344880926553e+02,
       -2.8281987416033525e+00 ]
covs: !!opencv-matrix
   rows: 45
   cols: 1
   dt: d
   data: [ 4.3325261722996395e+01, 4.2042726576957634e+01,
       5.6210398016987774e+01, 4.1993331598991048e+01,
       5.1987449527625550e+01, 2.6685521554010474e+01,
       8.5357418543794395e+01, 1.7022785707164508e+02,
       5.2918608783421902e+01, 5.4524978115629196e+01,
       6.4393888191897895e+02, 3.2069891868876923e+01,
       3.4012738872219046e+01, 4.4287782916188704e+01,
       5.3066284474979810e+01, 8.3435688191403801e+02,
       4.4336104689943831e+01, 3.3858939578425790e+01,
       6.8239012139770125e+01, 1.4376448548011052e+02,
       4.8686209208823080e+01, 2.9635529390435874e+01,
       4.5671810754408952e+01, 3.5712038296531411e+01,
       3.8846790512215762e+01, 5.1027609423727952e+01,
       4.5702289358002481e+01, 3.6048186939252997e+02,
       2.6138880257393464e+02, 4.2886036113237736e+01,
       4.3578596617191359e+01, 6.2988609604839198e+01,
       5.7481024899784245e+01, 4.8639191807372548e+01,
       8.7930383875198117e+01, 5.7751906166465361e+01,
       3.8022671671374802e+01, 2.3901257215163419e+01,
       2.9793166632475710e+01, 2.6995529016975603e+01,
       5.7390588110610366e+01, 4.9820004139283498e+01,
       4.1616722733170000e+01, 4.3618973804245094e+01,
       3.9120689535726115e+01 ]
weights: !!opencv-matrix
   rows: 1
   cols: 45
   dt: d
   data: [ 3.3317146236210987e-02, 3.0322234041300647e-02,
       1.5410393047867316e-02, 3.1399983683816413e-02,
       1.2131923066646583e-02, 2.9306893447507400e-02,
       1.0849716302632990e-02, 8.8358077633978651e-03,
       1.9374855838370654e-02, 2.3395381419218889e-02,
       4.3586279702442889e-03, 3.1596754850932211e-02,
       3.3839883872381585e-02, 3.2274424226879837e-02,
       1.7010440199301147e-02, 4.7870407158236272e-03,
       2.6051677566623282e-02, 3.2912471282975239e-02,
       1.1191623835373256e-02, 8.9914548874271902e-03,
       1.5881281018264738e-02, 3.1527327367669944e-02,
       2.1553754770824340e-02, 3.7072187766546895e-02,
       1.2766032875567627e-02, 2.6002108547707393e-02,
       3.3203525879297049e-02, 6.4704723607316699e-03,
       7.3235391063378036e-03, 3.4499415989335140e-02,
       3.2711087969581824e-02, 1.6312628245630408e-02,
       1.2899274716943611e-02, 2.1875972139944695e-02,
       1.1975939374911473e-02, 1.3428346003704393e-02,
       2.9875565591058150e-02, 3.1617322396784643e-02,
       3.2462907994751773e-02, 3.1982354073384754e-02,
       1.8743406407671560e-02, 2.2432548216389171e-02,
       3.0186695810691312e-02, 1.3950368939525453e-02,
       3.5887202181802899e-02 ]
pca_proj: !!opencv-matrix
   rows: 1
   cols: 21
   dt: f
   data: [ 1.02604255e-02, 8.46533298e-01, 5.67100069e-05,
       -5.08859605e-02, 4.68450844e-01, 1.89823491e-04, -5.55210514e-03,
       1.46431834e-01, -1.98076777e-05, -7.31809530e-03, 1.34976640e-01,
       -4.80776835e-05, -6.69380091e-03, 1.46460637e-01, -1.57161594e-05,
       2.11501210e-05, 1.32904761e-05, -3.16381829e-07, -1.62182951e-05,
       4.47223283e-04, 4.04881848e-06 ]
pca_mean: !!opencv-matrix
   rows: 1
   cols: 21
   dt: f
   data: [ 4.33646118e+02, 2.44701981e+02, 1.49672687e+00,
       4.18191803e+02, 2.60206879e+02, 1.62062907e+00, 3.68545319e+02,
       2.27059875e+02, 1.69770968e+00, 3.19420807e+02, 1.63929108e+02,
       1.75046074e+00, 3.16613464e+02, 2.25532654e+02, 1.70717156e+00,
       1.08872897e-04, -9.74175637e-05, 6.24380555e-05, -2.17504916e-04,
       -2.50119597e-01, 1.75055194e+00 ]
gamma: !!opencv-matrix
   rows: 45
   cols: 1
   dt: d
   data: [ 7.6425033278554877e-01, 8.2211934270763420e-01,
       8.5598475233733751e-01, 7.9426074440914585e-01,
       8.7021456007454767e-01, 7.7350899943280060e-01,
       8.8699187806915103e-01, 8.8630420951058519e-01,
       8.3443657717822584e-01, 8.3802525953728846e-01,
       9.0967497375178175e-01, 7.9883172191482299e-01,
       7.6559880556545568e-01, 7.7206247668053141e-01,
       8.5236233544174955e-01, 9.0409254509377823e-01,
       8.1095921929385295e-01, 8.0648242014559168e-01,
       8.8056176520117768e-01, 8.9309109352389271e-01,
       8.6251331781607177e-01, 7.9161383209313885e-01,
       8.2629210699196143e-01, 7.6332189049446952e-01,
       8.6376601022676602e-01, 8.3039454498175702e-01,
       7.6742224821704164e-01, 8.9509518907056929e-01,
       9.0079600085155853e-01, 7.8576343006303717e-01,
       7.7816501484567946e-01, 8.4962855154792571e-01,
       8.7455014191527958e-01, 8.1883343124574359e-01,
       8.7762866505518733e-01, 8.6915694136974997e-01,
       8.1417777877020181e-01, 7.7864345869559237e-01,
       7.6922201375630839e-01, 7.8497411410111184e-01,
       8.4215342047124153e-01, 8.4531922408157156e-01,
       8.0232085935392072e-01, 8.5791501818729610e-01,
       7.6280237525333361e-01 ]
