%YAML:1.0
means: !!opencv-matrix
   rows: 3
   cols: 5
   dt: d
   data: [ 5.3952630797641568e+01, -5.1105200544312034e+01,
       -1.3055555484248973e+01, -2.3861508351899399e+01,
       4.3545314376857096e+00, 6.1990091387987313e+01,
       7.2781584842355002e+01, -1.2559978198674719e+01,
       2.9685776203778971e+01, 2.3135002990653932e+00,
       -1.6016207013759129e+02, -3.2967623060523144e+00,
       3.5874300053956723e+01, 3.5211201356253232e+00,
       -9.7521097181718979e+00 ]
covs: !!opencv-matrix
   rows: 15
   cols: 5
   dt: d
   data: [ 8.6718617608001132e+03, 4.6243334334082682e+01,
       1.7823469958418414e+03, -1.9830035374536598e+02,
       -8.5379019273148128e+02, 4.6243334334082682e+01,
       5.8273178685394705e+03, -3.9270886973984290e+01,
       -1.0616998512403377e+03, 1.3603197334583771e+02,
       1.7823469958418409e+03, -3.9270886973984261e+01,
       2.9680285638766709e+03, 2.1548548469039822e+01,
       2.1506074972142883e+02, -1.9830035374536598e+02,
       -1.0616998512403375e+03, 2.1548548469039822e+01,
       1.8420667803276581e+03, 1.4528899808006543e+01,
       -8.5379019273148128e+02, 1.3603197334583771e+02,
       2.1506074972142883e+02, 1.4528899808006548e+01,
       4.4768039374410455e+02, 8.9015501219255293e+03,
       -3.7635927667890627e+01, 1.7551113989841260e+03,
       -1.6793692513835094e+02, -8.4294458732954502e+02,
       -3.7635927667890627e+01, 4.8723850182726101e+03,
       -8.5887434191588042e+01, -1.6533739050395752e+03,
       2.4116322596495121e+02, 1.7551113989841258e+03,
       -8.5887434191588042e+01, 2.8810184779672777e+03,
       -3.7762834219875081e+01, 1.6882177123192648e+02,
       -1.6793692513835094e+02, -1.6533739050395752e+03,
       -3.7762834219875081e+01, 1.7874586160668393e+03,
       -3.1161504284169354e+01, -8.4294458732954502e+02,
       2.4116322596495121e+02, 1.6882177123192653e+02,
       -3.1161504284169361e+01, 4.0511293000368158e+02,
       7.0560127685040270e+03, -1.4261493117862751e+03,
       2.8546400520850925e+03, 9.9075013763346601e+02,
       2.6157403599023394e+02, -1.4261493117862749e+03,
       1.1439100832052214e+04, 2.8352471068464030e+02,
       -8.4090633932182629e+02, -3.7528470273812565e+02,
       2.8546400520850930e+03, 2.8352471068464030e+02,
       2.4896118580240445e+03, -1.7990756302906058e+02,
       -7.0271160229424794e+01, 9.9075013763346624e+02,
       -8.4090633932182629e+02, -1.7990756302906064e+02,
       2.9281813129813304e+03, 1.3437804841382325e+02,
       2.6157403599023388e+02, -3.7528470273812565e+02,
       -7.0271160229424780e+01, 1.3437804841382325e+02,
       1.6936511877891797e+02 ]
weights: !!opencv-matrix
   rows: 1
   cols: 3
   dt: d
   data: [ 4.2556159992009129e-01, 3.1078813303223257e-01,
       2.6365026704765876e-01 ]
pca_proj: !!opencv-matrix
   rows: 5
   cols: 21
   dt: f
   data: [ 4.36961316e-02, 8.50134730e-01, 1.73015636e-04,
       6.54514134e-02, 4.60692108e-01, 2.29939164e-04, 7.67599978e-03,
       1.46649793e-01, -1.37564148e-05, 1.21663406e-03, 1.30500361e-01,
       -5.45994153e-05, 8.06188770e-03, 1.42052382e-01, -2.12945142e-05,
       -2.45414903e-05, 9.56867734e-06, -1.94090262e-06, 3.13729906e-05,
       4.34020360e-04, 2.32224409e-07, 7.68702388e-01, -5.10314330e-02,
       1.14127281e-04, 4.21110362e-01, -3.83849256e-02, 4.02935693e-05,
       2.81941950e-01, -1.35209868e-02, 1.95932400e-04, 2.66951323e-01,
       -4.70317341e-03, 2.29704310e-04, 2.76557714e-01, -1.55316098e-02,
       2.11025646e-04, -3.74769334e-05, 5.54774260e-06, -7.89335627e-06,
       8.86836962e-04, -5.85095040e-05, 1.91629806e-04, 1.28585771e-02,
       -3.46314937e-01, -1.22481215e-04, -4.01510373e-02, 1.58088982e-01,
       -1.45607672e-04, 1.89476740e-02, 5.27356327e-01, 2.33430081e-04,
       1.79703757e-02, 5.36674440e-01, 2.90960423e-04, 1.17339585e-02,
       5.35117626e-01, 2.47836346e-04, -7.02231409e-06, -3.17391914e-06,
       2.59759432e-08, 1.54912759e-05, 1.72088097e-03, 2.08691781e-04,
       -5.93480825e-01, -8.48098937e-03, -8.88030772e-05, 2.05370650e-01,
       3.40346433e-02, 1.63823628e-04, 4.45453286e-01, -5.44621795e-03,
       -1.30590008e-04, 4.45820451e-01, -1.72652975e-02, -2.10900864e-04,
       4.54801619e-01, -3.90723068e-03, -1.75610170e-04, -1.74471352e-05,
       -6.38676829e-06, 1.65030560e-05, 1.38473080e-03, -5.51051289e-06,
       -1.34489819e-04, -4.15651649e-02, -3.88010889e-01,
       -1.59748225e-03, 2.57949054e-01, 8.27547431e-01, -5.50693134e-04,
       -8.53880048e-02, -1.33590102e-01, -3.55328375e-04,
       -8.88043940e-02, -1.88108414e-01, -3.67236295e-04,
       -7.92043582e-02, -1.47186622e-01, -3.09964700e-04,
       -2.68626522e-04, -4.51062988e-05, -9.29085581e-06,
       -3.75579461e-04, -5.09061909e-04, -3.50576767e-04 ]
pca_mean: !!opencv-matrix
   rows: 1
   cols: 21
   dt: f
   data: [ 2.07625534e+02, 2.55653595e+02, 1.54502928e+00,
       2.18915131e+02, 2.60592743e+02, 1.67241716e+00, 2.65274475e+02,
       2.24016678e+02, 1.71669352e+00, 3.19420807e+02, 1.63929108e+02,
       1.75046074e+00, 3.16613464e+02, 2.25532654e+02, 1.70717156e+00,
       1.08872897e-04, -9.74175637e-05, 6.24380555e-05, -2.17504916e-04,
       -2.50119597e-01, 1.75055194e+00 ]
gamma: !!opencv-matrix
   rows: 3
   cols: 1
   dt: d
   data: [ 9.1566860960769203e-01, 8.8976614896248774e-01,
       9.3217034687063971e-01 ]
