%YAML:1.0
means: !!opencv-matrix
   rows: 28
   cols: 1
   dt: d
   data: [ -1.1298415018672391e+02, 7.4238079107899026e+01,
       1.5215759499405647e+02, -1.9892321656356341e+01,
       -2.5910789974096093e+02, -1.5414244916898167e+02,
       2.1648710042059358e+02, -5.7538944428653394e+01,
       1.1415359560539262e+02, 3.5313696431786454e+01,
       -1.7792779342541732e+02, -2.0196122710254906e+02,
       -3.3015493659637934e+02, -2.9264749911531646e+02,
       2.7431976836019675e+02, -2.4704035341721218e+00,
       -9.4334421638856199e+01, 5.4294737425507293e+01,
       1.5691940100738135e+01, 2.4237271065655406e+02,
       1.7128640980875500e+02, 1.9221268022776292e+02,
       1.3330840596573412e+02, 9.4647231367729177e+01,
       -3.8264177432561631e+01, -7.5604917339102315e+01,
       -2.2793849899759371e+02, -1.3301454716111073e+02 ]
covs: !!opencv-matrix
   rows: 28
   cols: 1
   dt: d
   data: [ 8.1645483897235295e+01, 9.7228687010160670e+01,
       8.6440982799844505e+01, 8.2667331530956986e+01,
       2.8885653092043640e+02, 1.1164756395166216e+02,
       1.2818440977471818e+02, 8.4338522758855646e+01,
       9.2298672848910158e+01, 1.0107446903335322e+02,
       1.3570362044289047e+02, 1.7275039069949401e+02,
       8.5693438846564345e+02, 4.6684102894293159e+02,
       5.7979591992906967e+02, 8.7079362132429921e+01,
       7.7200864540709148e+01, 1.0092887003719605e+02,
       9.1287886938415923e+01, 2.2906012480091138e+02,
       9.3170588627411078e+01, 1.0181108767754941e+02,
       9.2311006161129839e+01, 9.2483272254587675e+01,
       8.4074290617326255e+01, 8.4910119228182225e+01,
       2.1522170538379549e+02, 9.5671960183648906e+01 ]
weights: !!opencv-matrix
   rows: 1
   cols: 28
   dt: d
   data: [ 3.4109743073742392e-02, 6.1391528079597073e-02,
       3.7561749943416628e-02, 4.6687448138386531e-02,
       2.1974457291547480e-02, 3.2158178341028833e-02,
       1.8198552291149545e-02, 3.9788833207964405e-02,
       5.0627178023648460e-02, 5.6133089106210343e-02,
       2.8406483035083113e-02, 2.7171339773117399e-02,
       7.7290037578958181e-03, 1.6308328920901689e-02,
       8.6339788987480192e-03, 4.6914289955609527e-02,
       3.5840404477738536e-02, 5.9715972563224806e-02,
       5.4074342798878600e-02, 1.4459699582693948e-02,
       3.2670212760862301e-02, 2.8540555780061774e-02,
       4.1682713608388426e-02, 5.8146381438745350e-02,
       4.3270125029498473e-02, 3.8214930662175177e-02,
       2.6586126066848438e-02, 3.3004353392821650e-02 ]
pca_proj: !!opencv-matrix
   rows: 1
   cols: 21
   dt: f
   data: [ 4.36961316e-02, 8.50134730e-01, 1.73015636e-04,
       6.54514134e-02, 4.60692108e-01, 2.29939164e-04, 7.67599978e-03,
       1.46649793e-01, -1.37564148e-05, 1.21663406e-03, 1.30500361e-01,
       -5.45994153e-05, 8.06188770e-03, 1.42052382e-01, -2.12945142e-05,
       -2.45414903e-05, 9.56867734e-06, -1.94090262e-06, 3.13729906e-05,
       4.34020360e-04, 2.32224409e-07 ]
pca_mean: !!opencv-matrix
   rows: 1
   cols: 21
   dt: f
   data: [ 2.07625534e+02, 2.55653595e+02, 1.54502928e+00,
       2.18915131e+02, 2.60592743e+02, 1.67241716e+00, 2.65274475e+02,
       2.24016678e+02, 1.71669352e+00, 3.19420807e+02, 1.63929108e+02,
       1.75046074e+00, 3.16613464e+02, 2.25532654e+02, 1.70717156e+00,
       1.08872897e-04, -9.74175637e-05, 6.24380555e-05, -2.17504916e-04,
       -2.50119597e-01, 1.75055194e+00 ]
gamma: !!opencv-matrix
   rows: 28
   cols: 1
   dt: d
   data: [ 8.2123937795446000e-01, 7.9943680858377442e-01,
       8.4454800363103399e-01, 7.7483414078207447e-01,
       8.9055803783724030e-01, 8.4516479991637239e-01,
       8.7463230153394100e-01, 7.8904527025392135e-01,
       8.2315566791865469e-01, 7.8043012111399390e-01,
       8.5743629989022985e-01, 8.6864880634108610e-01,
       9.1282920821701841e-01, 9.0151828132353262e-01,
       8.9800197274063154e-01, 7.7297137699223173e-01,
       8.0986477887705344e-01, 7.8873907255860576e-01,
       7.7462273247130031e-01, 8.8510846989876413e-01,
       8.5439299404359048e-01, 8.6423022599012855e-01,
       8.3430725449958887e-01, 8.1142635469038782e-01,
       7.8037181170388958e-01, 7.9893761133268426e-01,
       8.7932169008236905e-01, 8.3327155610933978e-01 ]
