%YAML:1.0
means: !!opencv-matrix
   rows: 23
   cols: 3
   dt: d
   data: [ -2.0490390491957726e+01, -2.5784270725827150e+02,
       -2.0505078543283858e+01, 1.6486378162758406e+01,
       4.4089974779749078e+01, 2.1647912727562449e+01,
       -2.5597081352583814e+02, 1.2057149496045124e+01,
       1.5533426871860170e+01, -3.0877742284655909e+01,
       -1.0190735370606498e+02, -2.0238746138322234e+01,
       1.4218885830952223e+02, -1.0177371190421574e+02,
       -1.2201816413357426e+01, 2.0348056879502582e+02,
       5.1785759565499362e+01, -1.4827354753958025e+01,
       1.3423515674500956e+02, 3.4428535972390513e+01,
       4.0769023770269442e+01, -6.5014133352253666e+01,
       9.7857009345062469e+00, 8.6753594856332796e+01,
       4.1408719517744743e+01, 1.5627901964764982e+02,
       1.9983749882255992e+01, 2.7642326413121651e+01,
       -5.7094302587788860e+01, 2.8519481912637492e+01,
       1.7063633077376110e+01, -8.7703121177266965e+00,
       -7.0132442159738630e+01, -6.9569220630396870e+01,
       1.8095384551627572e+02, -5.9383012966554361e+01,
       -1.4443450415638154e+02, -7.5979063590733929e+01,
       7.7368918753612334e+01, -7.3097567213846077e+01,
       1.1656589964448935e+01, -4.0439210537359997e+01,
       -7.7271467298309418e+01, 1.3438073090924431e+02,
       6.0000174585217479e+01, 1.0010725308727609e+02,
       1.6204068279417193e+01, -3.4356449101123104e+01,
       -1.5618090702046175e+00, 1.0422952458234737e+02,
       -6.3418301460862168e+01, -2.6048975181051634e+02,
       -1.1774020912968712e+02, -1.0927003486658991e+01,
       -1.7191969655984684e+02, 6.4746661654398807e+01,
       -6.4690296609444404e+00, 2.1392120700191279e+02,
       7.1426382587609814e+00, 3.8005507445534576e+01,
       7.3103927479265622e+01, -9.2433454042295949e+01,
       6.1079090872533385e+01, 5.5908409437596930e+01,
       -1.0554607002262529e+02, -8.3655480658703752e+01,
       -1.7030012387847407e+02, -5.7376053851918037e+01,
       -6.0570340673259624e+00 ]
covs: !!opencv-matrix
   rows: 69
   cols: 3
   dt: d
   data: [ 2.8966762656687947e+03, -4.6191822622500291e+02,
       1.3562813399409167e+03, -4.6191822622500302e+02,
       4.9470579408595449e+03, 9.0922900268174408e+02,
       1.3562813399409165e+03, 9.0922900268174430e+02,
       1.4039243242022378e+03, 3.5434119990399026e+03,
       3.3909463556127139e+02, -1.4190058500358998e+02,
       3.3909463556127139e+02, 2.5056152832280404e+03,
       -1.6695119374988483e+01, -1.4190058500359001e+02,
       -1.6695119374988501e+01, 1.5139698960695798e+03,
       2.6763618931442284e+03, -1.2127389114704795e+03,
       9.1684238798085255e+02, -1.2127389114704786e+03,
       5.7527268015438121e+03, -6.2409138459494571e+01,
       9.1684238798085255e+02, -6.2409138459494606e+01,
       8.4981253524887222e+02, 2.6388703794387202e+03,
       2.3523366571215601e+02, 1.1463534406186914e+03,
       2.3523366571215584e+02, 5.0430647916218377e+03,
       3.0634371486103248e+02, 1.1463534406186914e+03,
       3.0634371486103242e+02, 9.8231090286171343e+02,
       3.4213428063555207e+03, 5.4456361625253703e+02,
       -5.6537283745081923e-01, 5.4456361625253703e+02,
       2.8577381043559453e+03, -2.7227132776664598e+02,
       -5.6537283745082123e-01, -2.7227132776664604e+02,
       1.1482886459943809e+03, 3.5786796542689453e+03,
       -2.2593949288102917e+03, 5.3104319867438517e+02,
       -2.2593949288102917e+03, 7.6039902379105342e+03,
       6.2511089781545490e+02, 5.3104319867438517e+02,
       6.2511089781545468e+02, 9.6950412651306806e+02,
       2.5950853197977431e+03, -1.4164829462177568e+03,
       -8.1525231380307616e+02, -1.4164829462177568e+03,
       8.6915008782868790e+03, 4.2029107989350541e+02,
       -8.1525231380307616e+02, 4.2029107989350547e+02,
       9.5306027644630319e+02, 3.1582835438139118e+03,
       -9.8962450598446242e+02, 6.2045807361583343e+01,
       -9.8962450598446242e+02, 5.8988960681005747e+03,
       5.2844940181923664e+02, 6.2045807361583350e+01,
       5.2844940181923664e+02, 7.4731208386438368e+02,
       3.3647193693715581e+03, 6.2768240856351278e+00,
       6.1818485404224361e+02, 6.2768240856351314e+00,
       4.1180693657732645e+03, 5.1555369955658747e+01,
       6.1818485404224361e+02, 5.1555369955658769e+01,
       1.1424784956686351e+03, 4.9629885121383440e+03,
       2.0853823055289345e+03, -8.4224169728445781e+02,
       2.0853823055289345e+03, 4.4508683575016148e+03,
       -1.0797869748558701e+03, -8.4224169728445781e+02,
       -1.0797869748558701e+03, 1.3580266599441547e+03,
       1.3558619786526579e+03, -5.2645768812549159e+02,
       3.6715559354591232e+02, -5.2645768812549181e+02,
       3.3288948460731363e+03, -3.3628135182439408e+01,
       3.6715559354591232e+02, -3.3628135182439422e+01,
       8.8482552246127636e+02, 6.1954331906972457e+03,
       -7.0647350841553168e+02, -7.9324244322990307e+02,
       -7.0647350841553168e+02, 3.4731687807312355e+03,
       2.3899564746800664e+02, -7.9324244322990319e+02,
       2.3899564746800672e+02, 9.8413032801870816e+02,
       2.5028475357380557e+03, -1.2178619642394262e+03,
       1.0366583156650884e+03, -1.2178619642394262e+03,
       8.7524931075931108e+03, 7.3426056432311657e+02,
       1.0366583156650884e+03, 7.3426056432311657e+02,
       1.0647386200237822e+03, 1.4722648354504115e+03,
       1.1583088147452345e+02, 3.2955384928978123e+02,
       1.1583088147452349e+02, 5.9193724950918249e+03,
       3.3488036867794506e+02, 3.2955384928978123e+02,
       3.3488036867794506e+02, 9.7833677521687662e+02,
       2.8988592688837184e+03, 3.0622202559167647e+02,
       6.9155789493466909e+02, 3.0622202559167647e+02,
       5.1963658394726945e+03, -2.9887174711998234e+01,
       6.9155789493466909e+02, -2.9887174711998270e+01,
       1.0877708489143024e+03, 2.0463174261285810e+03,
       -1.4607593567805600e+02, 3.7338360060041788e+02,
       -1.4607593567805606e+02, 3.1017674512917929e+03,
       -4.6546046477018606e+01, 3.7338360060041788e+02,
       -4.6546046477018606e+01, 2.1730172002810682e+03,
       6.6306067942438594e+03, 4.8436655425706573e+02,
       -1.3720692381169633e+02, 4.8436655425706573e+02,
       3.1734567624237393e+03, 6.3433955275565461e+02,
       -1.3720692381169630e+02, 6.3433955275565461e+02,
       1.1646023031405946e+03, 2.2352984195896374e+03,
       -1.1095717686814526e+03, 5.4038427902054809e+02,
       -1.1095717686814526e+03, 5.8928156984886073e+03,
       5.4199971042437966e+01, 5.4038427902054809e+02,
       5.4199971042437980e+01, 5.3187968890505499e+02,
       3.1873307358303214e+03, -1.1196078008067402e+03,
       7.5181416089114043e+02, -1.1196078008067402e+03,
       5.9893140003300286e+03, -1.1303287985127405e+02,
       7.5181416089114043e+02, -1.1303287985127396e+02,
       1.4116483691064877e+03, 3.1728994946970729e+03,
       3.4033652791017209e+02, -7.0581728913892016e+02,
       3.4033652791017192e+02, 9.8792913589017680e+03,
       3.2343831548605829e+02, -7.0581728913891993e+02,
       3.2343831548605829e+02, 4.8807865053409068e+02,
       1.5530716534626615e+03, -9.8083480235591901e+02,
       4.2803475236314659e+02, -9.8083480235591878e+02,
       1.1419311949928007e+04, 8.8271089267580885e+02,
       4.2803475236314648e+02, 8.8271089267580874e+02,
       6.8085070252145113e+02, 3.7185381276275180e+03,
       6.2779204212747322e+02, -2.4134477588942644e+02,
       6.2779204212747322e+02, 2.8219289811608537e+03,
       -3.4346873616336399e+02, -2.4134477588942644e+02,
       -3.4346873616336404e+02, 1.0562568136404295e+03,
       3.2934477582295817e+03, -9.2665876745064384e+02,
       5.2100843343125598e+02, -9.2665876745064384e+02,
       4.5086175618386114e+03, 2.1551323553402290e+02,
       5.2100843343125598e+02, 2.1551323553402290e+02,
       1.1459921049285929e+03 ]
