%YAML:1.0
means: !!opencv-matrix
   rows: 7
   cols: 4
   dt: d
   data: [ -2.4578717353545652e+01, 7.4883179656078710e+01,
       -4.5880339527868266e+01, 2.2703101217291529e+01,
       -1.9952852331094419e+02, 4.1542118174044532e+01,
       3.4260273273942502e+01, -1.9093296854429806e+01,
       8.2449981459670198e+01, -5.8662667442855941e+01,
       5.8906187220957214e+01, -1.2852675332801585e+01,
       7.5556316022052783e+01, 7.5695645305077434e+01,
       4.2433404132477918e+01, 3.6205535758248061e+01,
       9.9227578939250961e+01, 1.4712179427225891e+01,
       -3.1713753578693115e+01, -2.8287430171460858e+01,
       -2.2524400110139084e+01, -7.4663707461442669e+01,
       -9.3055520518463108e+00, 4.9586950673127795e+01,
       -2.8481436733150343e+01, -6.6597867609269827e+01,
       -2.3839078853661007e+01, -2.8966993252092134e+01 ]
covs: !!opencv-matrix
   rows: 28
   cols: 4
   dt: d
   data: [ 7.3576665401414830e+03, 4.8384108919695898e+01,
       -1.0025060900247726e+03, 2.0890902469937470e+02,
       4.8384108919695933e+01, 5.4418206944215644e+03,
       2.3522674286089577e+02, -1.6418655829396330e+03,
       -1.0025060900247727e+03, 2.3522674286089583e+02,
       1.3830065876264644e+03, -2.3405411536577171e+02,
       2.0890902469937461e+02, -1.6418655829396330e+03,
       -2.3405411536577162e+02, 2.0213046891606541e+03,
       5.2720941349027416e+03, 2.4808079126581762e+02,
       2.7781169202437868e+03, 2.3020011751628973e+00,
       2.4808079126581768e+02, 8.7049652756298292e+03,
       1.0832493386135461e+02, 5.1578918422988420e+02,
       2.7781169202437868e+03, 1.0832493386135454e+02,
       2.2367008086774044e+03, -1.0853174375342655e+02,
       2.3020011751628946e+00, 5.1578918422988420e+02,
       -1.0853174375342658e+02, 2.1020260303688178e+03,
       9.8947836785323088e+03, 8.4628635366228161e+02,
       -2.0196467482229821e+03, -3.6434312041554062e+02,
       8.4628635366228127e+02, 6.9612448424904078e+03,
       -2.1568533963402935e+01, -1.1772372126963016e+03,
       -2.0196467482229818e+03, -2.1568533963402956e+01,
       9.1047809878088856e+02, 5.3557563686044219e+01,
       -3.6434312041554068e+02, -1.1772372126963016e+03,
       5.3557563686044219e+01, 1.9745853424862439e+03,
       9.9292453307111955e+03, 5.4525733743730530e+02,
       -1.5099260918066184e+03, -2.0933034011500339e+02,
       5.4525733743730541e+02, 4.7657177309989165e+03,
       -9.7348160703727629e+01, -2.0356029913670882e+03,
       -1.5099260918066184e+03, -9.7348160703727714e+01,
       1.3059285655546241e+03, 4.2237962919947805e+01,
       -2.0933034011500334e+02, -2.0356029913670882e+03,
       4.2237962919947769e+01, 1.8505839019047219e+03,
       5.0945582510713884e+03, 3.2948723107839996e+01,
       2.0955919181624931e+03, 6.3047282681022648e+02,
       3.2948723107839967e+01, 5.1638764962749738e+03,
       7.2716164599153487e+01, 2.1150622813706927e+03,
       2.0955919181624931e+03, 7.2716164599153487e+01,
       2.5344027426931038e+03, -1.4874661999155353e+02,
       6.3047282681022648e+02, 2.1150622813706927e+03,
       -1.4874661999155353e+02, 1.2858436408819682e+03,
       1.3968591586536430e+04, 1.1256686575184010e+03,
       4.5445489379348868e+02, -1.3421823326426056e+03,
       1.1256686575184010e+03, 5.4753086534296490e+03,
       -2.4910561396738672e+02, 1.3872733456408050e+03,
       4.5445489379348868e+02, -2.4910561396738672e+02,
       2.1704062711742104e+03, 9.6947293662408640e+01,
       -1.3421823326426056e+03, 1.3872733456408050e+03,
       9.6947293662408640e+01, 1.2233755658262696e+03,
       1.0323646410888585e+04, 6.9894391016249642e+02,
       -4.4354696163746496e+02, -1.6236951038595762e+02,
       6.9894391016249654e+02, 6.3227329593423638e+03,
       4.0096565343476720e+02, -1.9928817806458821e+03,
       -4.4354696163746496e+02, 4.0096565343476732e+02,
       2.1867582079773160e+03, -1.3384743187819862e+02,
       -1.6236951038595768e+02, -1.9928817806458821e+03,
       -1.3384743187819859e+02, 1.7666549579524467e+03 ]
weights: !!opencv-matrix
   rows: 1
   cols: 7
   dt: d
   data: [ 1.4427712362447520e-01, 1.3163244442733027e-01,
       1.2920714571695777e-01, 1.2413442284377950e-01,
       1.7565534224871138e-01, 1.2629109031160179e-01,
       1.6880243082713123e-01 ]
pca_proj: !!opencv-matrix
   rows: 4
   cols: 21
   dt: f
   data: [ 4.36961316e-02, 8.50134730e-01, 1.73015636e-04,
       6.54514134e-02, 4.60692108e-01, 2.29939164e-04, 7.67599978e-03,
       1.46649793e-01, -1.37564148e-05, 1.21663406e-03, 1.30500361e-01,
       -5.45994153e-05, 8.06188770e-03, 1.42052382e-01, -2.12945142e-05,
       -2.45414903e-05, 9.56867734e-06, -1.94090262e-06, 3.13729906e-05,
       4.34020360e-04, 2.32224409e-07, 7.68702388e-01, -5.10314330e-02,
       1.14127281e-04, 4.21110362e-01, -3.83849256e-02, 4.02935693e-05,
       2.81941950e-01, -1.35209868e-02, 1.95932400e-04, 2.66951323e-01,
       -4.70317341e-03, 2.29704310e-04, 2.76557714e-01, -1.55316098e-02,
       2.11025646e-04, -3.74769334e-05, 5.54774260e-06, -7.89335627e-06,
       8.86836962e-04, -5.85095040e-05, 1.91629806e-04, 1.28585771e-02,
       -3.46314937e-01, -1.22481215e-04, -4.01510373e-02, 1.58088982e-01,
       -1.45607672e-04, 1.89476740e-02, 5.27356327e-01, 2.33430081e-04,
       1.79703757e-02, 5.36674440e-01, 2.90960423e-04, 1.17339585e-02,
       5.35117626e-01, 2.47836346e-04, -7.02231409e-06, -3.17391914e-06,
       2.59759432e-08, 1.54912759e-05, 1.72088097e-03, 2.08691781e-04,
       -5.93480825e-01, -8.48098937e-03, -8.88030772e-05, 2.05370650e-01,
       3.40346433e-02, 1.63823628e-04, 4.45453286e-01, -5.44621795e-03,
       -1.30590008e-04, 4.45820451e-01, -1.72652975e-02, -2.10900864e-04,
       4.54801619e-01, -3.90723068e-03, -1.75610170e-04, -1.74471352e-05,
       -6.38676829e-06, 1.65030560e-05, 1.38473080e-03, -5.51051289e-06,
       -1.34489819e-04 ]
pca_mean: !!opencv-matrix
   rows: 1
   cols: 21
   dt: f
   data: [ 2.07625534e+02, 2.55653595e+02, 1.54502928e+00,
       2.18915131e+02, 2.60592743e+02, 1.67241716e+00, 2.65274475e+02,
       2.24016678e+02, 1.71669352e+00, 3.19420807e+02, 1.63929108e+02,
       1.75046074e+00, 3.16613464e+02, 2.25532654e+02, 1.70717156e+00,
       1.08872897e-04, -9.74175637e-05, 6.24380555e-05, -2.17504916e-04,
       -2.50119597e-01, 1.75055194e+00 ]
gamma: !!opencv-matrix
   rows: 7
   cols: 1
   dt: d
   data: [ 8.6055871510713455e-01, 9.3319630005546683e-01,
       8.3525957294921649e-01, 8.3475395168299027e-01,
       8.8642962963470584e-01, 9.1447069234491585e-01,
       8.7378566408409442e-01 ]
