%YAML:1.0
means: !!opencv-matrix
   rows: 44
   cols: 7
   dt: d
   data: [ 1.2806037955624213e+01, -5.1986413125842716e+01,
       8.3981937652545096e+00, 1.6174692995304646e+01,
       3.7022863095774170e+01, -2.5246930922149704e+00,
       2.9372352523238421e-01, 4.6841448746868197e+00,
       1.3412318976441415e+02, -2.2674005219751209e+01,
       -6.0969350731466413e+01, -8.8737856833824118e+00,
       3.1158323605559541e+00, 2.4265701213037052e+00,
       1.6482017112352767e+02, 8.2775103780564393e+01,
       4.0921501338784061e+01, -2.1674354915705759e+01,
       -1.1081239886549165e+01, -4.9421252516851508e+00,
       -1.2927402437221156e+00, 5.9553267647752911e+01,
       8.9350683920265396e+01, -3.0812804256064897e+01,
       -3.1605905339416378e+01, 4.7889978425396151e+00,
       -8.5614741077183201e+00, 5.4591203975708069e-01,
       -1.7604144636272741e+02, -1.4873500581607055e+02,
       5.2484454268364274e+01, 4.9848758407923043e+01,
       -3.7118302171878973e+01, -1.8555066309732968e+01,
       -5.1336995029051575e+00, 1.2887676064372633e+02,
       -2.4926977097902704e+01, -3.6507584760606221e+01,
       1.5738340097874351e+01, -1.1904618351616872e+01,
       -1.3499502315302884e+01, -5.9792266530897660e+00,
       4.6328657068623606e+01, -4.7422957797068129e+01,
       -5.9752461937664371e+01, -4.3178750518570190e+01,
       -5.9185241668725812e+00, -2.1478710758970982e+00,
       -6.8162306714978593e-01, -4.0538681492176831e+00,
       -2.4295564212865802e+01, -4.8856532420695773e+00,
       3.6340632701196351e-01, -1.2719158176696764e+01,
       -1.4465808970823574e+01, -1.0279080078249023e-01,
       1.0162781821571461e+02, -4.8997254506261385e+01,
       -2.1330075273015243e+01, 3.5542628529887807e+01,
       -2.7386530801359037e+01, 2.2477966540535014e+01,
       1.1110648214703873e+00, -1.6065991948526025e+02,
       3.5360820832340977e+01, 2.7142051844345708e+01,
       -3.9219857431441461e+01, 1.6582587048142734e+00,
       -1.5670006583535645e+01, -5.5425652468633491e-01,
       1.6209410896120055e+01, -1.0873135682281006e+02,
       1.8304311434776444e+01, 4.9332785704519473e+01,
       2.0079578325694374e+01, 1.8414933788701735e+01,
       1.7847790194528519e+00, -1.2586409197066045e+01,
       6.9759386073541819e+01, -1.0951749866801661e+01,
       -5.1307097093806178e+01, 1.5270159208815681e+01,
       -6.3740343407293898e-01, 2.1457740267582524e+00,
       -1.0722664671687159e+01, -9.3429185312441003e+00,
       1.1909035042824963e+00, -1.4193955199786132e+00,
       1.0395024293855691e+01, 1.5237099781254029e+01,
       2.2634405524506231e+00, -1.5748933615004756e+02,
       6.3770384944034319e+01, 2.9165777890646925e+01,
       -3.2751817683185799e+01, -3.2618489742885992e+00,
       5.4001264972385297e+00, 1.3479170424303324e+00,
       -1.6315698696347514e+01, 2.3009818112757996e+00,
       -1.5904916668145063e+01, -1.1037295183827785e+01,
       3.3895913938252534e+01, -5.6687028735667129e+00,
       1.2899550768710473e+00, 1.6088366043934565e+02,
       -6.5069192049979648e+01, 3.0374805841216016e+01,
       -4.5202335716955012e+01, 6.8506143133408166e+00,
       -1.2421753553147779e+00, -7.4301180181436277e-01,
       8.2159841797207022e+01, 5.0051271032479882e+01,
       7.5864006932368312e+01, 3.8758379935091860e+01,
       3.2597300214781995e+01, 9.1284165769826231e-01,
       8.9545195109929776e-01, -1.9229929725455503e+02,
       1.7510265841418736e+01, 5.3817454251425460e+01,
       3.4689245443550426e+01, -5.4766190609718546e+00,
       -3.0034942702179066e+00, -6.1005242786358960e-01,
       -8.4202689758255644e+01, 9.9967929234857621e+01,
       4.9333626764391010e+00, -6.0320229964338530e+01,
       3.6914567390630454e-01, 5.0065229880148863e+00,
       1.8307386218539354e+00, 9.6946086044419403e+01,
       2.8254743485387923e+01, -3.1992397598785868e+01,
       -7.1888305471917260e+00, -7.8501464988316902e+00,
       -1.8602289057870880e+01, -4.7568118004583111e+00,
       8.5268226291646613e+01, -2.4178302066916761e+01,
       -3.8220296668532271e+01, 1.1712605543049969e+01,
       9.7811033800559439e+00, -6.3727125403672282e+00,
       1.1557876775592930e+00, 1.9628433335111004e+02,
       -7.5071875891021991e+00, -5.0189389019363624e+01,
       2.1711113265829308e+01, -9.9382155572226356e+00,
       -9.2923754287460714e+00, 6.1978909999601284e-01,
       -6.8317206681104343e+00, 1.2314776673903557e+02,
       1.7629364088487343e+01, -3.1032072962210407e+01,
       1.7629401046241078e+01, -1.7308382607885446e+00,
       -1.2934419689233357e+01, 1.8135100017211645e+01,
       -1.5016609382791378e+02, 1.1256654338129879e+01,
       5.2279456262489937e+01, -3.1317570725714301e+00,
       -7.5740848027083141e+00, -2.1220552247283391e+00,
       -2.9137077438851593e+00, -1.3999404225625392e+02,
       3.1969045298962566e+01, 5.9589565038294374e+01,
       3.2942549592988698e+01, -1.5323740924999782e+01,
       6.2871100379924938e-02, 8.5849627712365987e+01,
       8.9414556456158238e+01, -2.1245261449494620e+01,
       4.9216783205653179e+01, 3.5100020193223354e+00,
       -5.6432966482147835e+00, -2.0017370762268865e+00,
       1.3222144225129583e+02, -8.5638432709648512e+01,
       -1.6500979836051755e+01, 5.2623744445793179e+01,
       -8.1178703454154437e+00, 1.4602395018205751e+01,
       1.9332769451058283e+00, -1.1967182386016238e+02,
       -3.5047314776773781e+01, -1.3346328678549218e+01,
       2.7500906338256513e+01, 2.5355180753902335e+01,
       1.3421893323454521e+01, 2.1464095219042325e+00,
       -7.5982569420508614e+00, -2.4709422039945803e+01,
       7.0603535270350633e+01, -7.4491339152357028e-01,
       2.1280565241121995e+01, 1.3875040796693051e+01,
       1.2342528006552607e+00, 3.3940746683368950e+01,
       1.2388612934396397e+02, -2.9650981622524213e+01,
       -4.9496502460302018e+01, -1.1448513835026178e+01,
       5.0076972867080571e-01, 1.9377632785147609e+00,
       -2.1668046940339192e+02, 2.6732116428530837e+01,
       4.5139472136693726e+01, -3.0877361058281629e+01,
       -1.5202892371117795e+01, -1.3540939546238537e+01,
       -1.9466802472787019e+00, -1.2907458765698115e+02,
       -5.6757243597091112e+01, 3.7652922321501897e+01,
       3.1602753928788900e+01, -1.7391283922654285e+01,
       1.8914629182256139e+01, 9.5808867522838059e-01,
       1.1413203258618611e+02, 7.8880135690731166e+01,
       -4.2863436733225491e+01, -1.8885973176729486e+01,
       -1.0130995869471345e+01, 1.9026106233703244e+00,
       1.9312868950542952e+00, -1.2907270193198829e+02,
       -7.5023347838908762e+01, 4.0280048676478437e+01,
       9.9329090952904036e+00, -5.5138582904149285e+00,
       -2.8231048374396664e+01, -3.2360820261187571e+00,
       -1.5069776524259160e+02, -1.0957492532633370e+02,
       4.7044001990687704e+01, 3.5678372219824219e+01,
       -2.9932970337376268e+01, 4.6481004216672401e+00,
       -6.5689868813955270e+00, -3.6987073224470976e+01,
       1.7855015832372203e+02, 8.9626041907377338e+00,
       4.1181147548790449e+00, 1.0392628488077309e+01,
       -1.8011547600543161e+00, 1.1221790190489351e+00,
       2.1899399422088663e+01, -6.9259160067354685e+01,
       9.4954542874440548e+00, 3.9998354133480596e+01,
       -1.7628428137657384e+01, 2.7394543839450783e+01,
       2.7593293899580615e+00, 8.4372545895376092e+01,
       -5.0532263471622564e+01, -1.3793985118996439e+01,
       4.9026983508459971e+01, -6.5266204549527496e+00,
       2.7790099665904599e+01, 2.1081568209910495e+00,
       1.1160875707004491e+01, -2.4043080338794678e+02,
       8.2966223385168050e+00, 7.6153210882721524e+01,
       -1.2823636504664435e+00, -3.3151738710090520e+01,
       -2.9468026054114529e+00, 6.1637820363792191e+00,
       6.2814714654583724e+01, -8.1944938970552048e+00,
       -2.1260852292513956e+01, 1.3839713646201643e+01,
       -5.0490352019773796e+00, -6.3874925977315877e+00,
       -1.9188223153631691e+02, -4.8763650451144215e+01,
