%YAML:1.0
means: !!opencv-matrix
   rows: 42
   cols: 3
   dt: d
   data: [ -1.4824132841513634e+02, -9.1790290767263500e+01,
       6.1836217976979164e+01, 1.4080791156295669e+02,
       -5.4183517414789051e+01, 2.5728666975330555e+01,
       -4.4279040741231299e+01, 9.5909619386891237e+01,
       -5.7728129631098994e+00, -2.1185796980643403e+02,
       1.1990425772622130e+02, 3.7853905545700599e+01,
       9.1663116603521729e+01, 1.9060029419824249e+02,
       2.4176992389512890e+01, 8.3016970469703267e+01,
       8.7880232061491697e+01, -2.1767527086880229e+01,
       -1.3289665383361038e+01, -5.6819891232430301e+01,
       -8.7782841255717400e+01, 1.6365969999842969e+02,
       1.1021886156328877e+02, 3.4718333887641393e+01,
       1.1705600898327822e+02, -1.0385989360732512e+02,
       -1.3199606055845059e+01, -4.2801156125333334e-01,
       1.9771666225265072e+00, 2.5686596565338244e+00,
       -2.0775005615332063e+02, -2.2354314405605361e+01,
       -4.7756172149314278e+00, -8.0366117414363941e+01,
       -1.5811070772473585e+02, -5.4090034465809929e+01,
       -1.1666621879251741e+02, -1.0096370954984165e+01,
       4.2647779997344614e+01, -9.4276181228012632e+01,
       3.0919177369650495e+01, -6.1623982138646006e+01,
       5.6992070748580439e+01, -5.6808267492788886e+01,
       5.1468971290053375e+01, 6.6341339992848162e+01,
       -2.4886656409801567e+01, -3.0170309273104568e+01,
       1.6260850535318286e+02, 8.5174322858509655e+01,
       -3.3690146296001288e+01, -1.4941779456393736e+01,
       -5.1322402086592191e+01, 3.7828771709056596e+01,
       6.0850013642437503e+01, -4.4742813047078194e+01,
       -8.7002917384933312e+01, 6.1038594942161319e+00,
       -1.6461326256095248e+02, 1.1390307739118077e+01,
       -2.8850852841596452e+02, 1.1936611754585061e+02,
       -1.7642633838124329e+01, -2.6134746334844436e+02,
       3.6818284289451796e+01, -1.9400890574288130e+01,
       -8.8491405785059101e+01, 9.8565821117816853e+01,
       8.8491160223232384e+01, 1.8716057418492144e+02,
       -3.8643064948895699e+01, 5.1485511954471399e+01,
       1.4658086297023090e+02, 3.8143068285926688e+01,
       3.1093298590951274e+01, -2.6598929501854457e+02,
       -7.2097443561473142e+01, -3.6301312080303887e+01,
       2.1809097402918206e+02, -2.5241511718312616e+01,
       1.0301200707866997e+01, 1.2971389283482387e+02,
       -4.6234490210817514e+00, -4.6108282582355017e+01,
       -1.7846114140085942e+02, -1.3802197710124429e+02,
       -2.8713986576886077e+00, 1.3862023603656567e+02,
       -1.4244508832432547e+02, 4.0976798311977717e+01,
       -8.0000539465614537e+01, -4.5960084465259932e+01,
       -3.6310726019871602e+01, 4.0970605438113019e+01,
       8.3691751234321359e+01, 4.0542011297140512e+01,
       -1.6163270068714979e+02, 5.2521253005926276e+01,
       5.9946999584539611e+01, -1.3994618087332460e+00,
       3.2209125325079164e+01, -8.7854276717928158e+01,
       -7.2819246295355828e+00, -1.0114996416125408e+02,
       -4.1876630019756000e+01, -4.3641877026430187e+01,
       -1.5700906192529391e+01, 1.0289751194123009e+02,
       -5.6659316343936560e+01, 1.3053028633547223e+02,
       -4.2852148754289956e+01, 2.0890041490395052e+02,
       6.1413007458335720e+01, 3.9415491654454172e+01,
       9.6098876398959845e+01, 1.9650086074440573e+01,
       7.6814310475061490e+01, -9.2910729709386484e+00,
       1.5071612698186246e+02, 3.7537044635696755e+00,
       -8.9609031333975736e+01, -1.4006086529095018e+02,
       6.4356847578514987e+01, 6.3915520600465193e+01,
       8.4467951865527581e+01, -9.5902064639843744e+01 ]
covs: !!opencv-matrix
   rows: 126
   cols: 3
   dt: d
   data: [ 2.6305791808554177e+03, -2.9901940020479350e+02,
       6.7627547685322202e+02, -2.9901940020479350e+02,
       2.3258837858928805e+03, -2.0946160767332327e+02,
       6.7627547685322202e+02, -2.0946160767332330e+02,
       9.3871641421231254e+02, 1.0259308787428085e+03,
       -8.0679767877173333e+01, 1.6716025591095351e+02,
       -8.0679767877173362e+01, 2.0019765394791862e+03,
       -1.1216290391919411e+02, 1.6716025591095351e+02,
       -1.1216290391919414e+02, 3.9915192543791204e+02,
       3.2399171714156319e+03, -6.2173250359153393e+01,
       -5.6609790174288764e+02, -6.2173250359153414e+01,
       1.6962084258144271e+03, 1.6075552786426758e+02,
       -5.6609790174288764e+02, 1.6075552786426758e+02,
       1.7090534420864460e+03, 2.6069622697716691e+03,
       1.0578083598721237e+03, 1.3593164106441943e+03,
       1.0578083598721237e+03, 4.1822355732948608e+03,
       1.9870221703639425e+02, 1.3593164106441941e+03,
       1.9870221703639422e+02, 1.2596698400259702e+03,
       2.5690913773134944e+03, 6.8019342565647457e+02,
       9.0720046863694381e+02, 6.8019342565647469e+02,
       2.7306504805770401e+03, -1.3123395313915955e+01,
       9.0720046863694381e+02, -1.3123395313915958e+01,
       8.6662278314259038e+02, 1.9686750360319177e+03,
       1.1147029833723155e+02, 1.3175772693385532e+03,
       1.1147029833723155e+02, 1.9344707511903341e+03,
       2.2310206910711113e+01, 1.3175772693385532e+03,
       2.2310206910711123e+01, 1.1638580567447600e+03,
       1.3951298257964224e+03, -3.8302050179259311e+02,
       -3.7350670599923131e+02, -3.8302050179259311e+02,
       2.9804963631917826e+03, 6.9001765378752464e+02,
       -3.7350670599923131e+02, 6.9001765378752464e+02,
       6.3178707521245394e+02, 2.4387721011936278e+03,
       -1.5428883326138052e+02, -5.6613223525434012e+02,
       -1.5428883326138052e+02, 1.4598929560494648e+03,
       2.7918666881709407e+02, -5.6613223525434012e+02,
       2.7918666881709407e+02, 6.4818484597974395e+02,
       2.9076259210304820e+03, -1.1030033068255906e+02,
       3.4000743795699191e+02, -1.1030033068255906e+02,
       2.4402414707186599e+03, -2.6130168112410286e+02,
       3.4000743795699191e+02, -2.6130168112410286e+02,
       8.2400829229645444e+02, 2.9419566543398710e+03,
       -9.3883562053230392e+01, 1.0569163018745535e+03,
       -9.3883562053230364e+01, 2.7568721948328116e+03,
       -1.4726902448669708e+02, 1.0569163018745535e+03,
       -1.4726902448669713e+02, 9.9695148852439002e+02,
       1.8601609721541734e+03, 1.0490584437559685e+03,
       -9.7031112854558359e+01, 1.0490584437559685e+03,
       4.7392972609783646e+03, -1.1569392130238160e+02,
       -9.7031112854558330e+01, -1.1569392130238160e+02,
       8.0994312086408661e+02, 2.9412519775151700e+03,
       2.2382221395560569e+02, -4.5186662400563802e+02,
       2.2382221395560572e+02, 2.7535013199877576e+03,
       3.9708534284323883e+02, -4.5186662400563802e+02,
       3.9708534284323883e+02, 9.8032884836900553e+02,
       2.0716388464136471e+03, 2.6687512976136361e+02,
       3.7315927979541874e+02, 2.6687512976136372e+02,
       1.8219086373750024e+03, -2.1098868712840468e+02,
       3.7315927979541874e+02, -2.1098868712840473e+02,
       1.2080517898708672e+03, 2.2314763220500899e+03,
       4.5730725264028263e+02, -4.2805507088611603e+02,
       4.5730725264028263e+02, 5.4149706757463800e+03,
       2.9408674519872596e+02, -4.2805507088611603e+02,
       2.9408674519872585e+02, 4.1632601111757265e+02,
       1.2791406971166402e+03, 9.4710229205198448e+02,
       -1.3113741299540155e+02, 9.4710229205198436e+02,
       3.9598819497706208e+03, -3.3580792742841021e+02,
       -1.3113741299540155e+02, -3.3580792742841021e+02,
       7.4693500225831792e+02, 1.5164016704713367e+03,
       -1.3722216398265164e+02, 8.3089871042618302e+02,
       -1.3722216398265164e+02, 2.6010815288012595e+03,
       -4.2239471037682989e+01, 8.3089871042618302e+02,
       -4.2239471037682968e+01, 7.5191851363123851e+02,
       2.3486385640703447e+03, -2.3028976448561593e+02,
       1.0885099478273880e+03, -2.3028976448561588e+02,
       1.9292119973887347e+03, -1.5214626707072281e+02,
       1.0885099478273878e+03, -1.5214626707072281e+02,
       1.1443511349794662e+03, 2.4886176954699417e+03,
