%YAML:1.0
means: !!opencv-matrix
   rows: 6
   cols: 18
   dt: d
   data: [ -2.0168374556650528e+02, 5.5398811697430958e+01,
       4.1354489007094557e+01, -2.8315182190864952e+01,
       -1.7109254921062707e+01, 1.2678007106083504e+01,
       -3.2515347673425663e+00, -5.9327849874818694e-01,
       -7.2413973005724511e-02, 1.7467628972374030e-01,
       2.2924952173998155e-02, -2.4208107281724213e-02,
       1.9541495427030263e-03, 3.4643100461435161e-03,
       2.5637496287618567e-02, -3.8719491778477413e-03,
       1.6472410279665534e-03, -8.2145967651436793e-04,
       1.2555450148424089e+02, -3.0899188614972468e+00,
       -3.3115824002566839e+01, -1.5469532536560855e+00,
       -8.2270594666362236e+00, 1.1616613999967647e+01,
       -3.0483518833192411e+00, -8.4387498424210516e-01,
       -2.7887729522112097e+00, -3.3306551652454019e-01,
       1.0334913590624597e-02, -5.9420741104956161e-02,
       -1.3513453489675859e-02, -1.5341037565284096e-02,
       9.2820256247692131e-03, -2.3448108515569638e-02,
       1.3584001763167680e-02, 1.1492670926724699e-02,
       1.0776777370002873e+02, 1.6804102943386667e+01,
       -3.1022514911434651e+01, -2.4531360610529259e+01,
       -1.9481239010919097e+01, -8.3226312104921458e+00,
       2.0585694015518966e-02, -1.2007156925722200e+00,
       3.7392743896878972e-01, 3.9700085513510737e-02,
       1.1339970539524274e-01, -1.0876975820261378e-02,
       -2.8688432190489481e-03, -2.8536953011459839e-03,
       -1.8175961080482146e-03, 6.6697161688224543e-03,
       6.3416883895899912e-04, 2.0725987718422760e-03,
       1.1553780391478126e+01, 4.6432441910798858e+01,
       1.0962919605841848e+00, -2.6469771157240295e+01,
       6.8351815772229596e+00, 4.9435627933648535e-01,
       -2.8671803702264285e+00, -1.7385193314812595e+00,
       -1.6219749452053929e+00, 2.2376454063317011e-01,
       -1.4461840474571092e-01, 1.2616054156605867e-02,
       -1.9056502156611348e-02, 1.9255286329271099e-03,
       -2.7258465168475743e-02, 1.0366753737423131e-02,
       -9.6327726593063382e-03, -6.6657752624056750e-03,
       5.0091745440212826e+01, -1.4332297946253101e+01,
       -9.3159658855940091e+00, 1.1357682123177351e+01,
       1.1630109169468614e+01, 7.1559150429457397e-01,
       8.5462702052938910e-01, 6.7909307179350098e-01,
       3.4004863167833949e-01, -2.1978350737662897e-02,
       2.1432368321779041e-02, 6.6531314477141753e-03,
       5.4833434132859991e-03, 2.6419690216353299e-03,
       1.1012843286267551e-02, -6.6072907985287256e-04,
       4.5494262118287907e-04, -4.2617963703783167e-04,
       -1.1568259954262929e+02, -3.0206326619336938e+01,
       2.7448562720444517e+01, 2.0264377539914836e+01,
       -4.6963293164506856e+00, -3.5006612713297076e+00,
       1.6825237755766038e+00, 7.5029225901885754e-01,
       4.0575844226888974e-01, -1.1490252630548338e-01,
       -5.9324981750878643e-02, 8.4273294757586173e-03,
       2.2107458567734756e-03, -3.1800206585475646e-03,
       -1.9770373526769892e-02, -2.8065085966211545e-03,
       5.0874004990054717e-04, 1.1950740384368821e-03 ]
covs: !!opencv-matrix
   rows: 108
   cols: 18
   dt: d
   data: [ 5.2993602527909034e+03, 4.8620415994288879e+02,
       3.1051715256632706e+03, -7.6887580980027494e+01,
       -1.2716067291271013e+02, -4.3399135595619263e+01,
       4.7858572017923407e+01, -4.8664415098589124e+01,
       -1.4314360264133981e+01, 4.9912500580965329e+00,
       -1.1723328109475754e-01, 4.1195908799759907e-02,
       -1.0217698073694745e-01, 9.0491582277839627e-02,
       -4.3651980290699482e-01, 1.4281247077106016e-01,
       -1.8829847234651038e-02, -6.5259198654904352e-03,
       4.8620415994288857e+02, 8.9148582067923926e+03,
       -6.6384312731494518e+01, 5.3947128784156155e+02,
       -4.7843488624251228e+02, 2.6634354782351988e+02,
       -8.6232593430536568e+01, 9.8809612390245647e+01,
       2.3643227091556028e+01, -5.1275312369460408e+00,
       2.0296766472365686e+00, 2.1457814771821910e+00,
       -1.9937928580607514e-01, 2.6289210200007568e-01,
       6.0492261103080619e-02, -2.5395985892967637e-02,
       -9.4849891480642615e-02, -4.7843357710516198e-02,
       3.1051715256632706e+03, -6.6384312731494589e+01,
       2.4443384984296740e+03, 6.4518250671831936e+00,
       -4.2841985301175967e+01, 5.1582699237438604e+01,
       -1.5607662034026546e+01, 2.2027322503502692e+01,
       1.0438649439216734e+01, -2.5633786585074931e+00,
       1.4306952385814664e-01, -7.8303517662377444e-03,
       8.3532447266165769e-03, 2.9414125199990850e-02,
       8.8974894975520927e-02, 9.3964158981018325e-03,
       -1.8520430097511593e-02, -1.6446209440613899e-02,
       -7.6887580980027508e+01, 5.3947128784156155e+02,
       6.4518250671831874e+00, 2.1526821000091027e+03,
       2.2942521679371058e+02, -1.4150651149749910e+02,
       4.6795544579538081e+01, -5.5556220730571169e+01,
       -1.2602837824772587e+01, 5.2156969407199638e-01,
       -1.2957641130863780e+00, -1.5395251749492334e+00,
       1.2792295094743181e-01, -2.2073821398692664e-01,
       4.6099271737016528e-02, 1.1264820274483739e-01,
       2.7845771772433442e-02, 9.0537617048624341e-02,
       -1.2716067291271013e+02, -4.7843488624251228e+02,
       -4.2841985301175953e+01, 2.2942521679371058e+02,
       1.3500757142818742e+02, -2.3822425610178840e+01,
       1.5006712527370569e+01, -3.0309896678089419e+01,
       -6.6637992334880014e+00, 2.8818911528247271e+00,
       -1.1191043575654389e+00, -5.4826734219128426e-01,
       5.8011871411185294e-02, -4.4707442566881500e-02,
       -2.4484925791220431e-02, 7.2210578298217865e-02,
       2.6443026367083209e-02, 1.8907211334770399e-02,
       -4.3399135595619263e+01, 2.6634354782351988e+02,
       5.1582699237438604e+01, -1.4150651149749910e+02,
       -2.3822425610178847e+01, 2.2973164147028552e+02,
       1.7389486830664542e+00, 2.5214569967232194e+01,
       6.3925937367833452e+00, -3.6832638400188440e+00,
       4.7462216216064451e-01, 2.4256557532345163e-01,
       -1.3008484935486187e-02, -2.2633004370000046e-02,
       1.2130595743052697e-02, -2.4313208594710214e-02,
       1.2374507019009206e-02, -4.6735827177497191e-02,
       4.7858572017923407e+01, -8.6232593430536568e+01,
       -1.5607662034026552e+01, 4.6795544579538081e+01,
       1.5006712527370569e+01, 1.7389486830664547e+00,
       2.9407127759855285e+01, -5.3057474094916923e+00,
       -1.5195720093772638e+00, 3.6379710987879532e-01,
       3.0172086532314076e-02, -2.1102025661382057e-02,
       -1.3556207359049669e-02, -5.1871257069805441e-04,
       -6.5205936112967587e-03, 1.4330271814584988e-02,
       -1.1038514457022872e-02, -5.2088963514833960e-04,
       -4.8664415098589124e+01, 9.8809612390245647e+01,
       2.2027322503502678e+01, -5.5556220730571169e+01,
       -3.0309896678089419e+01, 2.5214569967232197e+01,
       -5.3057474094916923e+00, 2.4997606484476513e+01,
       3.3733686961314220e+00, -9.2032890899352660e-01,
       3.5068999326988354e-01, 1.4563361115696374e-01,
       -5.2102589438825968e-03, 1.5775119660024515e-02,
       3.1387863090291554e-02, -7.2575789934380981e-03,
       -1.7001495768977221e-02, -8.6393789095346243e-03,
       -1.4314360264133981e+01, 2.3643227091556028e+01,
       1.0438649439216730e+01, -1.2602837824772587e+01,
       -6.6637992334880014e+00, 6.3925937367833452e+00,
       -1.5195720093772636e+00, 3.3733686961314220e+00,
       3.9824196579419624e+00, -6.6584875505582275e-01,
       7.0316583192656046e-02, 5.8085809866239388e-02,
       -4.8922001510150904e-03, 1.6592428060708418e-03,
       1.5808150400381402e-02, -1.9619245536906194e-02,
       -1.1025076601147056e-02, -4.0184951184552347e-03,
       4.9912500580965320e+00, -5.1275312369460408e+00,
       -2.5633786585074927e+00, 5.2156969407199605e-01,
       2.8818911528247271e+00, -3.6832638400188440e+00,
       3.6379710987879543e-01, -9.2032890899352660e-01,
       -6.6584875505582275e-01, 7.7007257669044193e-01,
