%YAML:1.0
means: !!opencv-matrix
   rows: 13
   cols: 14
   dt: d
   data: [ -8.2320516273079079e+01, 1.3478043717208374e+02,
       -2.1761345890103043e+00, -5.7311302763639070e+01,
       -1.4333868845741256e+01, 1.1511388931444921e+00,
       1.0286559594589206e+00, -4.0813413443782370e-01,
       -3.0366904304986286e-01, -3.6935788953089294e-01,
       8.4075703628135115e-02, -8.4612347833664669e-03,
       2.4572995381453825e-03, 4.1095323665850825e-03,
       9.4768785191355434e+01, -4.5286640655839967e+01,
       -2.0855450453379408e+01, 3.7504923884489564e+01,
       -2.8532195352352861e+01, 2.3777218239352468e+01,
       1.1499095678794795e+00, 1.2757763732105729e+00,
       4.8562134752511871e-01, 2.3133043871122149e-02,
       1.3255949036084655e-01, -4.2653215355147539e-03,
       -2.6961340731329513e-03, -5.8094496017623929e-03,
       -1.8115567500000404e+02, -1.8495247031016088e+01,
       3.3130221163369455e+01, -1.1536884396165021e+01,
       -2.8199137069073359e+00, -3.9876421584716901e+00,
       -2.5497809368295630e+00, -1.7321253786426702e-01,
       4.2724030646211242e+00, 7.2959551136540302e-01,
       -1.6185951021990719e-01, -8.4581314776789471e-02,
       -5.0101126532340742e-03, 1.2305483670459468e-02,
       1.5295255415469738e+01, -5.1507885643700675e+00,
       -4.7050399600595592e+00, -1.3451295602053262e+01,
       3.1172574153966952e+00, -1.2936399989383208e+01,
       -4.2718310411153118e+00, 3.3787834795558562e+00,
       5.7571104328888483e+00, -1.0420519108038175e+00,
       -7.4356479937392791e-02, -5.9017423633737374e-02,
       -1.4777259317114681e-02, -1.9243537339983175e-02,
       -1.8419663050933462e+01, -4.7955345226425749e+01,
       1.8251741365697804e+01, 2.6941302237860867e+01,
       2.1241445022372073e+01, 1.7251218044316172e+01,
       1.9252173199240876e+00, 3.4294511498157973e-02,
       2.6859687019703513e-02, -5.6272175956885766e-02,
       2.7542591179475003e-02, -7.6307374912503436e-03,
       -1.9583738157612062e-03, 3.2373192148873616e-03,
       6.0611165685634106e+01, 4.8126029105053092e+01,
       -3.4416533314850990e+00, -1.7592131876536957e+01,
       8.5456649855008298e+00, -7.0211016947472764e+00,
       -1.2564453313031477e+01, 1.4624438633149528e+00,
       7.6726740799517623e+00, 1.1960235340777998e+00,
       -3.9612219220352574e-02, 1.5391484634545985e-01,
       -7.5829036865503130e-02, 2.4714273390148079e-02,
       2.5060762252545803e+01, 8.6021022387828992e+01,
       -1.6812006086975352e+01, -3.7653539107762818e+01,
       9.3227938676517574e+00, -4.3139077564416128e+00,
       9.4704924758133369e-01, -4.3721846914510110e-01,
       -5.3078725923744552e-01, 8.7578679026482434e-02,
       8.0458290845204061e-02, -4.4280879584501177e-03,
       3.6986525475909060e-03, -6.6995286611074435e-04,
       7.2884859960273971e+01, -1.8064696898042108e+01,
       -1.1184196245766319e+01, 8.8062985468181694e+00,
       1.2282133978969954e+01, -8.5969329229973523e-01,
       6.3888404314631253e-01, -5.5726088762880033e-01,
       -3.8545671117681557e-01, 4.0823002516002869e-02,
       -3.4061227362694936e-02, 3.5215560774165877e-02,
       3.6307892126750101e-03, -1.1734594619468880e-02,
       -1.7258185532789946e+02, -9.7583310837389917e+01,
       4.8739359566337711e+01, 3.3674114603189857e+01,
       -2.9039104601611196e+01, -6.9713566727919452e-01,
       -2.5715262451467829e+00, -5.1065269052407700e-02,
       -1.0083980477711012e+00, -3.1747667541802194e-02,
       7.1431670756991389e-02, 2.8178846407702275e-02,
       -3.0422254752762879e-03, -4.3685538898428954e-03,
       1.5795093605162364e+02, 2.9984029378646518e+01,
       -4.4358411655111951e+01, 4.7005723592905948e+00,
       -1.0778088676568112e+01, -6.4108241258031775e+00,
       -4.6998624624671609e-01, -1.1875263695469960e-02,
       -8.1883949011232104e-01, -7.9204795597105845e-02,
       6.8157639161480210e-02, -1.6393779282234629e-02,
       5.6267520873363357e-04, 1.2361874099050509e-02,
       -1.5967740604110722e+02, 1.5999133588400587e+01,
       3.7384314944777991e+01, -1.9697020750504386e+01,
       -3.7577779075784137e+00, -2.5473478882898846e+00,
       4.7794857993866180e-01, 1.0413815112394744e+00,
       -1.1594893555714165e+00, 8.2198418223175321e-03,
       -4.9613891032139930e-02, 8.6145024516208393e-03,
       5.4621012577217255e-03, -7.1634303741288012e-04,
       3.3025489308407656e+00, -1.9441568300830033e+02,
       1.5398170913555148e+01, 6.7820252789173608e+01,
       1.0871910460268843e+01, -2.0593071814873984e+01,
       -1.8542595960276871e+00, -1.0796247125164646e+00,
       1.7662298643850516e-01, -1.2192673478725811e+00,
       3.3683676622828090e-02, -8.3610041334912996e-02,
       3.6130105480075368e-03, 1.1017846548419943e-02,
       2.1871300978852020e+01, -8.4738407914380058e+00,
       -9.6434149616526845e+00, 6.1656979762728736e-01,
       -8.7490421420876583e+00, -6.8072092910271982e+00,
       6.5034939708346240e-01, -1.2440413028354893e+00,
       -2.8532041344337006e-01, 4.9466077259862001e-01,
       -2.4413547700685825e-01, -3.4509415983864609e-02,
       6.3596870844800351e-03, 8.5646901124730168e-03 ]
