%YAML:1.0
means: !!opencv-matrix
   rows: 35
   cols: 9
   dt: d
   data: [ -2.1476817727847560e+02, 2.5772616821627121e+01,
       4.6150542305095392e+01, -1.5493807687675277e+01,
       -1.5586225827407025e+01, 5.6408582910717211e+00,
       -8.4538559910875755e-01, 1.2087189407588184e+00,
       8.1327162198913783e-01, 8.6532340970324185e+01,
       8.1827977478386114e+00, -2.6860502054304199e+01,
       -3.0901563304938175e+01, -2.8914278539039270e+01,
       -1.6155454028125916e+01, 3.5754315858462981e-03,
       -1.1862685404393070e+00, 7.9954212714613934e-02,
       1.8276213697648828e+01, 3.3162168961311423e+01,
       4.5790565286312814e+00, -3.1985630832213875e+01,
       1.2539162644958386e+01, -1.4157501391054335e+01,
       -3.6514497908413133e+00, -2.1955059006043349e+00,
       -5.8994844208483581e+00, -6.0624413895471982e+01,
       -8.3595636189001837e+01, 1.5897246531613035e+01,
       5.1211354390212804e+01, 7.1118210708401817e+00,
       -4.2264044994869927e+00, 1.9132436352793174e+00,
       -3.3633047653816239e-01, 2.0104757958447553e-01,
       -6.4704019260594421e+01, 9.6457330021504731e+01,
       2.3057814817661161e+01, -5.9417717420669341e+01,
       1.8050782038414992e+00, 1.0185787883116879e+01,
       -4.4918159994460956e+00, -2.6719506519434333e+00,
       -6.5175999547439134e-01, 1.3863697767512750e+00,
       6.5640823665757665e+01, 1.5799770228427789e+01,
       -4.7645845376282352e+01, 3.5367877118618040e+01,
       -1.6676048763409515e+01, 3.0224258385604461e+00,
       5.9331503650407880e-01, 3.5492271753510263e-01,
       5.5559839759196940e+01, 2.1897847188464425e+01,
       -9.1598309381099359e+00, 9.8367565489132911e+00,
       1.7497914744238216e+01, 4.6564613137761723e+00,
       1.0787815064001329e+00, 1.3357569551742676e+00,
       2.9832222611227449e-01, 8.1573786477034361e+01,
       1.9804691132796009e+01, -2.2535748260180007e+01,
       -3.1942608250443794e+01, -2.5149277556707549e+01,
       -2.0717465697323338e+01, 1.2853142786139675e+00,
       -2.8841038223956179e+00, 2.9945870597077073e-01,
       -2.1043312264520759e+02, 1.0928687658615762e+02,
       4.9371787007750889e+01, -5.3247222930342410e+01,
       -2.0910953800242023e+01, 3.1510880081369393e+01,
       -5.8095717785530043e+00, 2.7686726231436882e+00,
       1.0811238848545637e+00, 1.4408106730872402e+02,
       2.3426914031223287e+01, -3.6157219648040929e+01,
       -1.3681249307835355e+01, -6.6507315188466682e+00,
       7.6296703490524020e+00, 4.0541666674083404e-01,
       1.5207199632580102e+00, 3.6960511795164386e-01,
       9.7284741832130535e+01, -4.4844549470047809e+01,
       -2.9351860634219975e+01, 3.2040777601585980e+01,
       -4.1545640886411404e+00, 9.5386588687419955e+00,
       -7.5694684098468590e-01, 6.5671125625960480e-01,
       6.4139818509312696e-01, 1.5730597574880713e+02,
       2.7265110490292233e+01, -4.3233119861266516e+01,
       -3.0351572288090033e+01, -8.4823893605064313e+00,
       1.5958648125820693e+01, 4.4369026151408802e-01,
       -2.8812866780603410e+00, -3.3085482084326299e+00,
       -2.1030919207447772e+02, -2.3003535449368695e+01,
       4.1725034969539792e+01, 2.6168781014066887e+01,
       -1.0249650439995932e+01, 1.3242686505947821e+01,
       -2.0094960699341078e+00, -1.7385602097721964e+00,
       -6.2700711545951726e-01, 1.2189512704644216e+02,
       -3.8910584754435476e+01, -2.8995080196860080e+01,
       3.5219611726145850e+01, -3.4395917612195230e+00,
       1.3362592446299187e+01, -3.8099702226984222e-02,
       1.8770447014765732e+00, -4.8338350224046911e-01,
       1.0137838946927218e+02, 7.3845850384273994e+00,
       -3.0905843891896588e+01, 2.3398232340858578e+00,
       -1.3482251497640316e+01, -1.8924794655047776e+00,
       -1.3105346874512855e+00, -1.3968126731954138e+00,
       -9.5915314583527356e-01, -8.3231459194842358e+01,
       2.3071457380350736e+01, 2.4853395441537220e+01,
       -2.0302541828932881e+01, 1.5886474085230212e+01,
       -1.7423560926470532e+01, 2.3248989016060069e+00,
       -1.2721820482240112e-01, 9.2466966689774083e-02,
       8.3171725002991508e+00, 2.6845330999538806e+01,
       1.4397316358074809e+01, -1.4749370659314234e+01,
       2.4295682901682842e+01, 2.9781811410372208e+00,
       -7.1810150939554891e+00, -3.7888853510059297e+00,
       -5.6288932050276284e+00, -1.7483468198064551e+02,
       8.2331992780438782e+01, 3.4326454063429267e+01,
       -5.3557648659735037e+01, -2.7307524124143608e+01,
       1.1547078835912226e+00, -1.5319867955879014e+00,
       1.2410586706060265e+00, 4.0279703205895639e-01,
       7.1041363158260253e+01, 5.3338843033134225e+01,
       -1.4180950091180669e+01, -3.9336142122036875e+01,
       3.9239327870943059e+00, -1.5879743572741033e+01,
       2.2585413832077967e+00, 1.4857236434750516e+00,
       -3.5655122717017193e-02, 1.6144697178138424e+02,
       2.6478620904880287e+01, -3.7186864007801056e+01,
       -2.2389705640208884e+01, -1.1846979560492803e+01,
       1.4880854124154038e+01, -6.0794691512317920e+00,
       -6.8859441505323842e+00, -3.2341931480804851e+00,
       -1.4809798654673634e+02, -1.0361886253964430e+02,
       2.7583640638829529e+01, 6.6541156286186961e+01,
       -1.9791262652172474e+01, 7.2248919636033082e-01,
       -2.2904387172179982e-01, -1.4819163245881055e+00,
       1.0335386363588250e+00, 1.4534372120436964e+02,
       2.9548378036386385e+01, -4.1704423092910872e+01,
       -8.3721378400039335e+00, -3.3927385431683263e+00,
       1.3780326380222510e+01, -2.1952403473190163e+00,
       1.7041990410457206e+00, 5.0848040109827108e-01,
       -1.5350362611632921e+01, -1.7327323512451578e+01,
       1.4851914573284256e+01, 1.4683517604258421e+01,
       2.0291246693682350e+01, -6.4327200452408748e+00,
       9.3591026205236028e-01, -4.3081816265705264e-01,
       2.5942018521363042e-01, -1.9180608819548826e+02,
       4.4832146537640661e+01, 3.5647403043222880e+01,
       -2.8496092044096258e+01, -5.6668092782951272e+00,
       -9.5144305356322190e-01, -4.0644930057824658e+00,
       -7.0472037601691433e+00, -2.9382614624218424e+00,
       2.7040911433126200e+00, -3.8404682992020099e+01,
       -4.6558598727347658e+00, 2.7730643593380009e+01,
       -7.5109049617370962e+00, 5.6361802508887759e+00,
       1.9468789410849368e+00, 2.1044264553708838e+00,
       6.3827820469954077e-01, 6.4868502306932996e+01,
       -8.2217792931233006e+01, -2.2944612844112807e+01,
       -3.7714630290216789e+01, 1.3829202192488479e+01,
       4.2079677486525675e+00, -2.1844505248700217e+00,
       2.1684668604713697e+00, 6.5300939576918393e-01,
       1.6687480471565840e+02, 7.1490193236102613e+00,
       -4.7417814719562998e+01, -6.8582257492859107e+00,
       -7.0791603072844715e+00, 1.2063300857155584e+01,
       -5.8237179559836594e-01, 4.3487963799106150e-01,
       4.9728532032327000e-01, -1.4714934699472477e+02,
       -3.7659716345785843e+00, 3.6882267480652750e+01,
       1.3472201901831440e+01, -3.8652945094603286e+00,
       1.8428425450685189e+01, -1.4006164200746760e-01,
       2.3732716048813960e+00, 8.4313369519776216e-01,
       -1.4299275558854427e+02, 3.9773237402605659e+01,
       4.0440975985914896e+01, -2.6558615891610277e+01,
       -2.5043995788677300e+00, -1.1211020625937957e+01,
       2.4923892641334615e+00, 1.4383484552891574e+00,
       2.5235462322297875e-01, -1.4897762665196461e+02,
       -4.4134174715876235e+01, 3.9314622660914175e+01,
       2.6378121484833787e+01, -6.0996010907065412e-01,
       -8.7327513108962318e+00, 2.6308013228681517e+00,
       5.2504211696432690e-01, 2.9576147630944000e-01,
       3.3211535736064015e+01, 1.4871251761967582e+02,
       -2.1585530739769725e+00, -8.0737804416434116e+01,
       2.0720486721305626e+01, 1.0211077037484305e+01,
       9.1094956942612682e-01, 2.4907762600872019e+00,
       1.9134519584354641e+00, -5.3351862910302001e+00,
       2.6958229832204950e+01, 9.2599267349334173e+00,
