%YAML:1.0
means: !!opencv-matrix
   rows: 6
   cols: 17
   dt: d
   data: [ -2.0080441884677862e+02, 5.8170715721762591e+01,
       4.0947652287694886e+01, -3.0591602520553746e+01,
       -1.6980527965998789e+01, 1.2249601491309452e+01,
       -3.3291026114197741e+00, -7.1976544848780977e-01,
       -1.3510585696758629e-01, 2.0979837723614744e-01,
       1.7063026155784127e-02, -2.3237392869546031e-02,
       1.5060307973375081e-03, 4.4818275450639279e-03,
       2.5775081710723555e-02, -3.2019126652847226e-03,
       2.0050127529401716e-03, 1.2963930462982216e+02,
       -1.0812219513023108e-01, -3.4152445890620683e+01,
       -4.8972807320025877e+00, -9.6301285668909014e+00,
       1.0434017130077407e+01, -2.9727292764731033e+00,
       -9.0902568088478408e-01, -2.7862939183096529e+00,
       -3.9328382411325319e-01, 1.0934340027800884e-02,
       -6.4424439286395199e-02, -1.3469012271726278e-02,
       -1.6909315637093816e-02, 7.0128312734577172e-03,
       -2.4447622522095931e-02, 1.5619363829050407e-02,
       1.0747897325628671e+02, 1.6857560883389468e+01,
       -3.0830918119862798e+01, -2.4513030821121603e+01,
       -1.9551478056794963e+01, -8.3955115606161250e+00,
       3.1163118325171761e-02, -1.2069306856178641e+00,
       3.6818567007460068e-01, 3.9088091163827658e-02,
       1.1483612643686801e-01, -1.0840986692566872e-02,
       -2.8668015718419588e-03, -2.9483054456467843e-03,
       -1.7672153745308839e-03, 6.5110606092140264e-03,
       6.0009525058629372e-04, 1.3003600522414185e+01,
       4.7254575634667674e+01, 1.1610773289152780e+00,
       -2.7746221963447564e+01, 7.3954586258584083e+00,
       8.7024182207143763e-01, -2.9952811175341738e+00,
       -1.8250821201406540e+00, -1.6836624102953921e+00,
       2.0315075543236613e-01, -1.4332012003596847e-01,
       1.0526588041629426e-02, -1.9973542371824637e-02,
       1.0703181331725023e-03, -2.7685747166074585e-02,
       1.0980584250390453e-02, -9.9321984959010890e-03,
       5.1336015532698354e+01, -1.3294135626850077e+01,
       -9.8000119494901057e+00, 1.1190879005561275e+01,
       1.1642512691840006e+01, 9.1245855852026581e-01,
       8.2531022626873696e-01, 6.9516298040856239e-01,
       3.3406755737316590e-01, -2.4793099977541096e-02,
       2.2764114797547069e-02, 6.3032670448926083e-03,
       5.3332595429171417e-03, 2.5798714372685843e-03,
       1.1402926052885558e-02, -8.4582942197166278e-04,
       4.9455060400533453e-04, -1.1299343709394446e+02,
       -3.1705832056608042e+01, 2.6945875722230877e+01,
       2.0969184465257843e+01, -4.7219100376113410e+00,
       -3.2754183944394657e+00, 1.6302047949086718e+00,
       7.4612470067366365e-01, 3.9765999411304537e-01,
       -9.8659099067267136e-02, -5.9649659396838521e-02,
       9.2571799236163231e-03, 2.5611436906649884e-03,
       -2.7678403861187378e-03, -1.9204227001154404e-02,
       -2.7750823869417377e-03, 1.6398995003232269e-04 ]
covs: !!opencv-matrix
   rows: 102
   cols: 17
   dt: d
   data: [ 5.3604611376729781e+03, 4.7502999169335862e+02,
       3.1020824631223854e+03, -6.7709358467075489e+01,
       -1.2467432429819894e+02, -6.6990689141017086e+01,
       4.7139834489820593e+01, -5.1880046667225486e+01,
       -1.6685314506079703e+01, 6.0571292148860127e+00,
       -9.2846209882335343e-02, 9.5635720976227384e-02,
       -1.2343234746369713e-01, 8.2899990616561434e-02,
       -4.6481546373008309e-01, 1.5886288528342016e-01,
       -1.6368925491857512e-03, 4.7502999169335874e+02,
       8.7954643292888759e+03, -6.1926508166162954e+01,
       6.8718041456038111e+02, -4.9424575290861975e+02,
       2.6468267913927798e+02, -8.7169361464500383e+01,
       1.0369125654298770e+02, 2.4473639734378480e+01,
       -6.3295567350906605e+00, 2.5186126561805025e+00,
       2.2206347011204506e+00, -2.0936624939875889e-01,
       1.9535068116567919e-01, 1.3230082007839835e-04,
       -8.3868789387782014e-02, -9.5631255139449950e-02,
       3.1020824631223854e+03, -6.1926508166162954e+01,
       2.4429699848770902e+03, 2.3219822264908938e+00,
       -4.3039038322024105e+01, 5.8626892657334714e+01,
       -1.4178443363836164e+01, 2.3534434291453241e+01,
       1.1676859174625118e+01, -3.1783304765610967e+00,
       1.4141055204006256e-01, -3.6000833821824903e-02,
       1.0539435216287375e-02, 1.3512305928605084e-02,
       1.0002315103619104e-01, 1.4659203689967683e-02,
       -2.1148197367246518e-02, -6.7709358467075447e+01,
       6.8718041456038111e+02, 2.3219822264908974e+00,
       2.0407895799739408e+03, 2.4196022675857259e+02,
       -1.3467388158045662e+02, 4.7815494779426146e+01,
       -5.8099688700282250e+01, -1.2474647759441511e+01,
       6.6740662161952480e-01, -1.7163172674897584e+00,
       -1.5875306982776760e+00, 1.4851362340666982e-01,
       -1.8861841630233600e-01, 9.9436847719256080e-02,
       1.4675702507389798e-01, 2.2930772459309596e-02,
       -1.2467432429819891e+02, -4.9424575290861964e+02,
       -4.3039038322024119e+01, 2.4196022675857259e+02,
       1.3779201472821018e+02, -2.6104637919676819e+01,
       1.4821809346097414e+01, -3.1538058746312501e+01,
       -7.2005963180587047e+00, 3.0937995761914538e+00,
       -1.1230196486176438e+00, -5.5255328463500075e-01,
       5.4680088385187661e-02, -4.4532713019914745e-02,
       -3.0744925338482616e-02, 7.3914176067669049e-02,
       2.9889149200769152e-02, -6.6990689141017086e+01,
       2.6468267913927804e+02, 5.8626892657334714e+01,
       -1.3467388158045662e+02, -2.6104637919676819e+01,
       2.4749121923149156e+02, 2.9909368353600274e+00,
       2.8529293487001141e+01, 8.4258704349583695e+00,
       -4.6007084521704051e+00, 4.9318282914521561e-01,
       2.0658324070535952e-01, 2.9148436045239611e-03,
       -3.6692068243746094e-02, 2.6950073283769759e-02,
       -2.9998543748468668e-02, 1.5529035636701561e-03,
       4.7139834489820601e+01, -8.7169361464500383e+01,
       -1.4178443363836159e+01, 4.7815494779426153e+01,
       1.4821809346097414e+01, 2.9909368353600265e+00,
       2.9760898232734142e+01, -4.8866501901901769e+00,
       -1.2522367451185608e+00, 2.7777839817088895e-01,
       2.6050035289964479e-02, -2.8259067408558713e-02,
       -1.0408576456162078e-02, -3.5565467505715262e-03,
       -4.4155608364220989e-03, 1.3578141565199826e-02,
       -1.2051001151556962e-02, -5.1880046667225486e+01,
       1.0369125654298770e+02, 2.3534434291453245e+01,
       -5.8099688700282250e+01, -3.1538058746312501e+01,
       2.8529293487001141e+01, -4.8866501901901769e+00,
       2.5964973557392501e+01, 3.8850697763204076e+00,
       -1.1358597060771596e+00, 3.5331129787867838e-01,
       1.3917295316059877e-01, -1.9634893460922227e-03,
       1.2341592341340845e-02, 3.5913644580150055e-02,
       -9.3742748476403886e-03, -1.9557868997289177e-02,
       -1.6685314506079703e+01, 2.4473639734378473e+01,
       1.1676859174625115e+01, -1.2474647759441508e+01,
       -7.2005963180587047e+00, 8.4258704349583695e+00,
       -1.2522367451185605e+00, 3.8850697763204076e+00,
       4.2828120935585368e+00, -7.7895828952742530e-01,
       7.2710008686444824e-02, 5.2978648403980144e-02,
       -2.3981640469517081e-03, -4.1444196042490523e-04,
       1.8238201906191770e-02, -2.0790946610607052e-02,
       -1.2435454301755010e-02, 6.0571292148860119e+00,
       -6.3295567350906614e+00, -3.1783304765610967e+00,
       6.6740662161952502e-01, 3.0937995761914547e+00,
       -4.6007084521704043e+00, 2.7777839817088895e-01,
       -1.1358597060771598e+00, -7.7895828952742519e-01,
       8.2689885919601469e-01, -7.2576623537348894e-02,
       -1.3710420652826129e-02, -5.0219254388741167e-03,
       -7.6398697384941353e-03, -1.0788459051479264e-02,
       6.3270588753355939e-03, 1.5206866061365783e-03,
       -9.2846209882335412e-02, 2.5186126561805020e+00,
       1.4141055204006253e-01, -1.7163172674897584e+00,
       -1.1230196486176438e+00, 4.9318282914521583e-01,
       2.6050035289964486e-02, 3.5331129787867838e-01,
