%YAML:1.0
means: !!opencv-matrix
   rows: 49
   cols: 4
   dt: d
   data: [ 6.4016096906102533e+01, -1.0073745767432058e+02,
       -8.4005717338070269e+01, -2.4864288768453374e+01,
       -1.6559659398274371e+02, 4.9420632736692461e+01,
       1.3429903037113269e+00, -2.7118124612116514e+01,
       -5.9132061934663277e+01, 3.3561318966338774e+01,
       4.8647965410812148e+01, 8.8639821421800761e+01,
       1.7506562789062426e+02, 1.0069606680700652e+02,
       1.5200731487852124e+01, 4.9019796353795549e+01,
       8.8692383113956723e+01, -2.5429138264389749e+01,
       -3.8616095871509927e+01, 2.7951957286942925e+01,
       -8.1507164591058569e+01, 5.0359339248923796e+01,
       -4.8210350638748729e+01, -7.0192445692791807e+00,
       9.3142494855052984e+00, -7.9669637732924485e+01,
       2.7359418586650555e+01, 5.9432806304795662e+01,
       -5.9592438492699621e+01, -1.4244421049203476e+01,
       -4.1833319816847720e+01, 8.5279948921070371e+01,
       -1.5118570871745709e+02, -1.2873439750330829e+02,
       -2.1862402164123612e+01, 3.1553211750229423e+01,
       1.6266797236771458e+02, -5.8958271013843714e+01,
       2.8616819732023369e+01, 2.8109092184322741e+01,
       1.2191237753802149e+02, 1.0584337761109256e+02,
       -1.1905968906275092e+01, 6.6662518272753202e+00,
       5.7215753230353627e+01, -6.8489967545796475e+01,
       -3.8436590790339288e+01, -7.1493463672892162e+01,
       5.5896421674232286e+01, -4.4132598995417460e+01,
       8.4942843605261373e+01, 8.6963751729737560e+00,
       8.7524691803986432e+00, 2.9096027515834564e+01,
       1.1450475197547645e+01, -7.7575273241470004e+00,
       1.3767787803699235e+02, 2.3021721327633795e+01,
       1.1583437870569007e+01, 7.1222872295865571e+01,
       8.5690295621118537e+01, 6.1215906902281105e+01,
       6.9996274200423642e+01, -1.7309907042379198e+01,
       -1.4343500203854438e+02, -2.0304510548330324e+01,
       5.5151092222923509e+01, 2.7080086373889756e+01,
       8.8024018828177603e+01, 1.9627850064789368e+02,
       2.4564382471439622e+01, -1.0805535362225863e+01,
       1.2320250145764800e+02, -1.2048363842379563e+02,
       -7.3407815890018764e+00, -1.7550810787140652e+01,
       -3.8880026198494996e+01, -1.2616940992522667e+02,
       -5.9527695230906303e+01, 2.9186729262082331e+01,
       -9.8759104702503805e+01, -1.6074558996468059e+02,
       6.1969972817899169e+01, 2.7807949136365480e+01,
       -2.0218666528934457e+02, 2.3412966056309791e+01,
       -9.9310169823615109e+00, 6.5814542411446496e+01,
       1.2383032592239308e+01, -3.0014523944515954e+01,
       -9.5120175666577396e+01, 2.4690866290457286e+01,
       -6.1178081156000530e+01, 1.1484953065243008e+02,
       7.7564803602693686e+01, 5.3270695706839293e+00,
       -2.8896752887129441e+02, 7.2594915563836807e+01,
       -2.3257922720859593e+01, -1.7913855202014243e+01,
       2.2526035309168589e+02, -5.2889991211881863e+01,
       1.0033478712797129e+01, -4.6906635767372514e+01,
       -5.5589426394361766e+01, -2.7918342456280413e+01,
       7.0898434357459152e+01, -4.8244992907511659e+01,
       -1.9134121827155218e+02, -7.7599692219554413e+01,
       3.9859879191566684e+01, -5.0277515363470997e+01,
       7.7767131104477642e+01, -2.5450320398826424e+01,
       -2.7941448083472995e+01, -6.4905322519056355e+01,
       1.1104813348364102e+00, 1.4670419335974097e+02,
       -6.2721994747369607e+01, 8.3762579629313354e+00,
       -1.4032957491252293e+02, 4.0871564602186417e+01,
       9.0496414267416156e+01, -4.1270792921279934e+01,
       7.1949253853101354e+01, 7.7054288535125210e+01,
       -6.5508095152740410e+01, 6.6524914604583643e+01,
       -8.8730669190474671e+01, -6.8015810954251222e+01,
       -4.7933337348766223e+01, -4.6513107392267948e+01,
       1.4675343730717123e+02, 2.5578585532641444e+01,
       -4.9801340922990981e+01, -1.2052093599779326e+01,
       -2.8229869946346348e+01, -2.0127925151899737e+02,
       -3.8989844515023819e+01, 1.6725062361751966e+01,
       -2.4566581936992884e+02, 4.1634046486889041e+01,
       1.4754714991673264e+01, -4.2051460884345943e+01,
       1.0735976595503448e+01, 1.3677438001854239e+02,
       -1.3030826114116600e+01, -9.3874856160978737e+01,
       -1.2289432608723840e+02, -5.3807736231227423e+01,
       3.7841692159325653e+01, 8.7615480952894217e+01,
       1.3873258674679112e+01, -1.7130258872895641e+02,
       5.4515363730440093e+01, 1.5005789688072158e+01,
       1.1074982676218394e+02, 1.7192156883961083e+01,
       4.4750800353248259e+01, -3.1650529097661575e+01,
       4.9323153918860271e+01, 4.7839710883537748e+01,
       -4.8188843941300867e+01, -1.8828213599859023e+01,
       1.5321123356894790e+02, 1.1624517687870403e+01,
       3.3050713266594322e+01, -3.2676382578683693e+01,
       -1.9928950801868177e+02, 1.6221090264111652e+02,
       3.8265773053451213e+01, 9.2956989694178809e+00,
       -5.9803133975070772e+01, 1.1640083818622372e+02,
       -2.8053815365281654e+01, 4.4198031151315824e+01,
       6.1821658015450520e+00, -5.6042786939235910e+01,
       1.9662010924429733e+01, -5.1303343671152156e+01,
       2.6605519525537716e+01, 8.8297446129375075e+01,
       -9.3123213365987041e+01, -3.9058724574975590e+00,
       -2.4509561658488508e+02, -9.3643788353961000e+01,
       -2.5628817787109053e+01, 2.1560675082849450e+01,
       2.4692311510696683e+01, 1.1296468892385064e+02,
       2.3775423643960821e+01, 2.2769647546771179e+01,
       2.2233829102104539e+02, 2.1042417426321560e+01,
       3.7903465632837680e+01, 5.5996159858831152e-01 ]
