%YAML:1.0
means: !!opencv-matrix
   rows: 39
   cols: 8
   dt: d
   data: [ 8.6674218288960603e+00, 6.5080065878146726e+01,
       1.6937277857576138e+01, -1.7911403277826260e+01,
       2.6139132485517674e+01, -9.9549526115965588e+00,
       -8.4758487460890599e+00, 8.4750805792238926e-01,
       4.5470124287716914e+01, -1.1294239964084118e+01,
       -1.5756838594248670e+01, -2.2144761941016288e+01,
       4.8840595024888813e+00, -3.1600472330153639e+01,
       -5.7735030030197967e+00, 6.4221835603287651e+00,
       -1.9721416762563607e+02, -4.4497899311978372e+01,
       4.8473239623623755e+01, 3.9633332832292525e+00,
       -1.2110364223141126e+01, -9.4078052333698081e-01,
       -1.0101888988096719e+00, 6.6405014130551920e-01,
       -5.6544592053157370e+00, -1.3967457545952658e+02,
       3.0757859635526859e+01, 6.0163970662712927e+01,
       3.2520712430622183e+01, -1.5240905688819797e+01,
       1.9190972640845926e-02, -2.6626707293221390e+00,
       1.3303107071345408e+02, -3.8401692757127805e+01,
       -3.5922191354063244e+01, 3.1279416454918245e+01,
       -2.0073295774818156e+01, -8.5898865437837568e-01,
       4.5305584163487306e-01, 2.3993073888131572e-01,
       9.4402653427339345e+01, -3.7420862317535523e+01,
       -2.1239523838668262e+01, 3.4698693395938172e+01,
       -2.9142068992138647e+01, 1.8540420971745192e+01,
       8.0155206560657843e-01, 1.3138805736953083e+00,
       -1.2822647286352662e+02, -1.8535599084884634e+01,
       3.6906657319640857e+01, -1.5591657233925712e+01,
       3.9697397672856360e+00, -1.3449275330297940e+01,
       -4.3692733374390824e-01, 1.0420054139633568e-01,
       2.9516331757126416e+01, 1.0861947981449293e+02,
       -2.8155103334096605e+01, -4.8140696169118712e+01,
       -1.5990824187986483e+00, -1.3915991641882812e+00,
       2.0247900014245577e+00, -1.3879626342794118e+00,
       -7.8878731482121704e+00, 1.4718073352342476e+01,
       7.8771078503932381e+00, -8.1562720357063778e+00,
       2.6396470110688387e+01, 2.3827325851198515e+00,
       5.4071655261762064e-01, -1.0276668085125382e+00,
       1.0061794475082755e+02, -4.7547264169252719e+00,
       -1.6293116516368290e+01, 2.2338414494957124e+01,
       1.1923686668897693e+01, -9.5100195588631067e+00,
       -5.6217242482763684e-02, -9.7794916679633659e-01,
       1.2965499946867058e+02, -7.7489544840889337e+01,
       2.0994398828253768e+01, -4.9630546041353057e+01,
       6.8830484847133961e+00, 3.3165292361956462e+00,
       -6.3032769811847300e-01, -4.3715367610361583e-01,
       2.9183704794518377e+01, 1.3306221520834393e+02,
       -2.9323010908907808e+01, -5.3116515653732137e+01,
       -1.0525136501803134e+01, 2.5723036217116726e+00,
       2.6889438604238083e+00, 7.1292295336379263e-01,
       -1.6751075538156798e+02, 1.0518913245041578e+02,
       2.3523845753036930e+01, -4.7078313786970853e+01,
       -2.3551334055282901e+01, -6.3386171968109473e+00,
       -1.3954573441013862e+00, 4.9486237961098384e-01,
       -1.8143186963783026e+02, -1.0265870308070537e+02,
       5.0590654482563984e+01, 3.5685855045177625e+01,
       -3.3041005282270433e+01, -2.5166974459667584e+00,
       -2.2480409481044958e+00, -8.1296485846167033e-01,
       8.4954879074486755e+01, -2.7831486324991936e+01,
       -2.3868755788272441e+01, 1.6165265222474208e+01,
       -1.0699995487065898e+01, -1.5619893350325858e+01,
       -2.3099067042078820e+00, -1.4164046236124155e+00,
       4.3122534151413090e+00, -4.0554329840589105e+01,
       1.8776557179261705e+01, 9.7502697470474136e+00,
       3.9588183464626162e+01, 4.4777406340426637e-02,
       1.2042354741141490e+00, -9.9863095923982448e-01,
       1.5643142271375778e+01, -7.8997579921244423e+01,
       1.7681294409755985e+01, 4.3751787650608378e+01,
       2.1936004325821894e+01, 2.0646761489940268e+01,
       2.1494630912995545e+00, -2.4869998229369270e-01,
       8.2377990585250174e+01, -5.8025855059618188e+01,
       -1.4232030335749670e+01, 4.8549341169617747e+01,
       -3.6617986928294055e+00, 2.7531284843234985e+01,
       2.3463702789581107e+00, 6.0434200025370621e-01,
       -1.1355785801379190e+02, -4.9508196611426790e+01,
       3.3863551327921250e+01, 2.8508437874167864e+01,
       -9.1936353884138864e+00, 2.2275822838171091e+01,
       2.0595253038575363e+00, 1.8923566769412739e+00,
       3.5662880728885380e+00, 9.1723237376100613e+01,
       -1.1654250608826125e+01, -4.1816301428701493e+01,
       1.3415695411743977e+01, -3.7447760825334337e+00,
       1.6112861776337934e+00, 2.2802607315869644e-01,
       -1.5343885604732665e+02, 5.3331509542151927e+01,
       3.0822727118376111e+01, -3.1143169196846557e+01,
       -1.6586676461340155e+00, 7.2245939448064771e+00,
       1.9423791243874609e+00, 1.5748338788651430e+00,
       1.3143063868057712e+02, -7.6797897169994044e+01,
       -1.9598141811606421e+01, 5.6429436724284976e+01,
       -8.2325540193575666e+00, 1.3085339634500185e+01,
       1.5712663985024111e+00, -8.6682987987929075e-02,
       -1.5096127451647033e+02, -1.1419449463590192e+02,
       4.6639789685973881e+01, 4.1807045483502620e+01,
       -3.2780186027499070e+01, 4.3014639463831900e-01,
       -5.8938904712230409e+00, -7.8947126804074930e-01,
       -5.2064470582727411e+00, -8.2198534323324296e+01,
       -6.8091104435096241e+01, -3.0801234091330315e+01,
       7.7806462004747958e+00, 3.3608412545868505e+00,
       -6.2459697742868614e-01, -3.7656828651787289e-01,
       1.0021188847008717e+02, -4.8483091282983352e+01,
       -2.1631814000223226e+01, 3.6180181733064430e+01,
       -2.7469644990540047e+01, 2.3317882954573793e+01,
       1.1888962588823631e+00, 1.3050329312691491e+00,
       -8.3120121428278395e+01, -3.1501917882372542e+01,
       3.2762019719350818e+01, 1.2162096506085318e+01,
       1.6796164560542643e+01, 1.4654514091311423e+01,
       2.1574891026333800e+00, 1.2173947966212260e+00,
       1.7447283580627990e+02, 4.6871073298821713e+01,
       3.7923286947443025e+01, -2.6403771462570347e+01,
       -1.0173239014160355e+01, -5.7949614610026492e+00,
       -1.1870116067042813e+00, -1.8231557229413742e-01,
       1.3536274046606927e+01, -2.4411617750217420e+02,
       7.1067594201805999e+00, 7.8906858611004296e+01,
       -7.8245643909155416e-01, -3.6047609171466235e+01,
       -2.7250002895904322e+00, -3.1026983374759372e+00,
       -1.9592441985183660e+02, 3.8977502404797242e+01,
       3.4281649563611815e+01, -3.2741527725743701e+01,
       -7.7643772517328449e+00, -1.5177298564216136e+01,
       -1.4669957126446378e+00, 2.4768459158838849e-01,
       1.8785656218355678e+02, 1.2187855950118895e+01,
       -4.9704194278675565e+01, 1.4090356133093815e+01,
       -9.4534571728475800e+00, -7.0935082671800469e+00,
       1.4157108149166537e+00, -3.4651430643021175e-01,
       -1.5347512473054277e+01, 9.3646824830174296e+01,
       -6.4352767393533455e+01, -2.9623381877489390e+01,
       -9.3564068087760042e+00, 4.4395856492514152e-01,
       1.2779502576095150e+00, -9.1357804457661185e-01,
       7.7030701339021341e+00, -1.0145621796419455e+02,
       1.4596423454822649e+00, 2.9947993170596455e+01,
       -8.8345129290211180e+00, -1.2222104086641977e+01,
       -1.4386450949451355e+00, 4.3706014624466960e-01,
       9.7765230146720214e+01, 1.0890873633769800e+02,
       9.8818804382933170e+00, -5.5649873833748529e+01,
       -1.3583688144331353e+01, 2.9194179241221687e+00,
       7.6153232917026714e-01, -1.8553458028478556e+00,
       -1.3905432582023886e+02, -1.6984297860734495e+02,
       6.1762291704523435e+01, 5.6049028098758662e+01,
       -3.3248083380033393e+01, -2.9478558485664678e+01,
       -1.1980164497421637e+01, -1.5545801948608933e+00,
       1.0931855024278656e+02, 4.6357732219310400e+01,
       -3.1755401662960185e+01, -1.1564494977828966e+01,
       -9.9024467895618358e+00, -1.3647443957921430e+01,
       -6.7103893541970825e+00, 1.1493893736901073e+00,
       -1.1419323546168334e+02, 1.4063761553994584e+02,
