%YAML:1.0
means: !!opencv-matrix
   rows: 11
   cols: 4
   dt: d
   data: [ 1.2096171559376262e+02, 6.2673783562764278e+01,
       -4.6166122233366700e+01, 6.5312722701619988e-02,
       1.8909979087172335e+01, -1.2581974090843919e+02,
       -3.3582619526286265e+01, 1.6346871622752987e-01,
       -1.4173765201597170e+00, 3.3972875777428662e+01,
       1.0110661873522821e+01, -1.6471026913944218e+01,
       1.6139350124992495e+02, -6.7913877787781658e+01,
       2.7058261861559174e+01, 1.3613973543852053e+01,
       -2.8639797382317859e+01, -4.0423166156321855e+01,
       -6.5753751285666411e+01, -4.7120806508964790e+01,
       -2.0564123895184161e+02, -3.3338963801576021e+01,
       1.2958114963121238e+01, -1.8716634433041641e+01,
       -7.8268396835989236e+01, -2.6195869573107366e+01,
       9.1708875868212900e+01, -5.5373198370263887e+00,
       1.0739563634636896e+02, 8.6243868411114491e+01,
       4.9947571712148104e+01, 3.9966832747613914e+01,
       8.3002757039711099e+01, 8.8177332510596500e+00,
       -2.0563374886888468e+01, -3.6895222497575183e+01,
       2.8164829008928066e+01, -1.7693665421345166e+00,
       -4.9985532326691200e+01, 6.1565770033809777e+01,
       -1.7447762409085630e+02, 8.5617979035740618e+01,
       2.4676239273563276e+01, 3.5784845306415335e+01 ]
covs: !!opencv-matrix
   rows: 44
   cols: 4
   dt: d
   data: [ 4.5814011059438753e+03, -8.0381546646341849e+02,
       2.1862546856388012e+03, 1.1505007348258030e+02,
       -8.0381546646341849e+02, 3.6853335594444884e+03,
       -2.6734781203588642e+02, 1.0515313228643890e+03,
       2.1862546856388012e+03, -2.6734781203588631e+02,
       2.1100185051289577e+03, -1.7265881150704098e+02,
       1.1505007348258025e+02, 1.0515313228643893e+03,
       -1.7265881150704095e+02, 9.9262577809190691e+02,
       1.0148586936421485e+04, 2.3351708419277825e+03,
       5.1847417170137351e+02, -1.8570727078498655e+03,
       2.3351708419277825e+03, 3.3651217118887689e+03,
       -1.0296668020120887e+02, -7.4733945957546450e+02,
       5.1847417170137351e+02, -1.0296668020120887e+02,
       1.9289230109130840e+03, 1.7199427697353382e+01,
       -1.8570727078498655e+03, -7.4733945957546450e+02,
       1.7199427697353375e+01, 1.0891378377958640e+03,
       5.5469266590071275e+03, -6.8288725982691892e+02,
       2.3216995359580947e+03, -1.0343132443390045e+03,
       -6.8288725982691892e+02, 8.8458473533347224e+03,
       -1.7214569453855420e+03, -3.0740430184789557e+02,
       2.3216995359580947e+03, -1.7214569453855420e+03,
       2.1341034070239002e+03, -2.0008933914209661e+02,
       -1.0343132443390045e+03, -3.0740430184789562e+02,
       -2.0008933914209661e+02, 2.5631940044843714e+03,
       3.8572239971726149e+03, 1.6045942511670462e+03,
       -2.3236749575732458e+02, -1.2810612657175914e+03,
       1.6045942511670464e+03, 6.0821083459541524e+03,
       -3.9601672950681177e+02, 2.3975309053413784e+02,
       -2.3236749575732458e+02, -3.9601672950681194e+02,
       6.4292046728856701e+02, 2.7757054195502587e+02,
       -1.2810612657175914e+03, 2.3975309053413778e+02,
       2.7757054195502587e+02, 1.8527629649534013e+03,
       7.9571401676934902e+03, -5.8753155789733330e+02,
       -1.7847755659300713e+03, 1.2962246651137860e+02,
       -5.8753155789733330e+02, 2.4651288523782437e+03,
       2.7152125181079333e+02, 1.7023250173235215e+02,
       -1.7847755659300713e+03, 2.7152125181079333e+02,
       1.1839621895896723e+03, -7.5041903884211663e+01,
       1.2962246651137863e+02, 1.7023250173235212e+02,
       -7.5041903884211663e+01, 8.9406127997080728e+02,
       4.6921928302038714e+03, -9.4643651761762271e+02,
       1.5986223696769841e+03, 5.6044349726392193e+02,
       -9.4643651761762237e+02, 8.1393394719114558e+03,
       1.8313376664282234e+02, -1.6506679113830960e+03,
       1.5986223696769844e+03, 1.8313376664282234e+02,
       1.4297758839525791e+03, -2.3295543623601142e+02,
       5.6044349726392193e+02, -1.6506679113830960e+03,
       -2.3295543623601142e+02, 2.3436762312311735e+03,
       3.6409283400056602e+03, -1.3571067101199292e+03,
       -2.5969732112333297e+01, 8.0160458445175811e+02,
       -1.3571067101199289e+03, 9.9467207447691799e+03,
       3.9821454282990180e+02, -9.3325124349370242e+02,
       -2.5969732112333304e+01, 3.9821454282990197e+02,
       4.2897069604183196e+02, -1.1783412411127951e+02,
       8.0160458445175811e+02, -9.3325124349370242e+02,
       -1.1783412411127954e+02, 2.4336603578019976e+03,
       7.0416395082812787e+03, 5.1368643316189332e+02,
       -1.2051966162910744e+03, -2.5994880597060188e+02,
       5.1368643316189343e+02, 4.4220435134304307e+03,
       -6.3143818497395827e+01, -2.1840561990103852e+03,
       -1.2051966162910746e+03, -6.3143818497395863e+01,
       9.1460566941639604e+02, -7.3635823152346319e+01,
       -2.5994880597060188e+02, -2.1840561990103852e+03,
       -7.3635823152346290e+01, 1.8146017494191240e+03,
       3.7939464657595427e+03, -3.6011032712714967e+02,
       2.8544460804010391e+03, -8.1997601345784588e+01,
       -3.6011032712714979e+02, 5.2347624449562409e+03,
       -2.5838784854899899e+02, 2.2539863724565921e+03,
       2.8544460804010391e+03, -2.5838784854899887e+02,
       2.3682354620474389e+03, -8.4939610269803055e+01,
       -8.1997601345784631e+01, 2.2539863724565921e+03,
       -8.4939610269803040e+01, 1.0597729125875589e+03,
       5.5987419481883944e+03, 1.4342314861829245e+03,
       5.5801297381095526e+02, -7.9147368117905489e+02,
       1.4342314861829248e+03, 4.0155752935676924e+03,
       -3.0891924987625447e+02, 2.7675744986079724e+01,
       5.5801297381095526e+02, -3.0891924987625458e+02,
       1.4126304683845299e+03, 1.7247069053016827e+02,
       -7.9147368117905489e+02, 2.7675744986079724e+01,
       1.7247069053016835e+02, 1.0227317207879304e+03,
       5.5131564125114046e+03, -1.4612420738437179e+03,
       2.0717579229563698e+03, 6.4497828214994968e+02,
       -1.4612420738437179e+03, 6.2704006138140439e+03,
       2.7576017818659523e+02, -2.7421477139787453e+03,
       2.0717579229563698e+03, 2.7576017818659517e+02,
       1.9454451812495429e+03, -1.9570884699658987e+02,
       6.4497828214994945e+02, -2.7421477139787453e+03,
       -1.9570884699658990e+02, 2.0573348617516131e+03 ]
weights: !!opencv-matrix
   rows: 1
   cols: 11
   dt: d
   data: [ 8.8285630056540568e-02, 9.1378475715333474e-02,
       2.0366585939456264e-01, 7.9576238605841246e-02,
       5.3043436920270255e-02, 1.0670576521025066e-01,
       6.9796851206260363e-02, 6.1319783437720758e-02,
       8.7829846612840379e-02, 8.7464859522695226e-02,
       7.0933253317665729e-02 ]
