%YAML:1.0
means: !!opencv-matrix
   rows: 2
   cols: 18
   dt: d
   data: [ 6.0268450359846550e+00, -6.6734662599466645e+00,
       -1.0611647354332261e+00, 3.5547222578663229e+00,
       -1.3166057383056970e-01, -1.2979011455757874e+00,
       7.7714642530099065e-01, 3.7599979766630287e-01,
       3.7076740318516205e-01, -3.9908751837321801e-02,
       1.8986486128706057e-02, 4.7415565054508653e-03,
       3.4278870940816610e-03, 3.4749821972374512e-04,
       1.4685334496375014e-03, -4.6548168579478311e-04,
       5.2126425669753835e-04, 5.5160676486724360e-04,
       -3.2599646126915943e+01, 3.6104584702820887e+01,
       5.7315176974965176e+00, -1.9226002572991145e+01,
       7.1834919583069934e-01, 7.0105646519792879e+00,
       -4.2004827178643227e+00, -2.0420848005183121e+00,
       -2.0000915525718246e+00, 2.1872056477444404e-01,
       -1.0277326961683154e-01, -2.5617453562850761e-02,
       -1.8496630347669994e-02, -1.8090009941451508e-03,
       -7.8623224311920436e-03, 2.6095559219913569e-03,
       -2.8532964917936127e-03, -3.0374828916083863e-03 ]
covs: !!opencv-matrix
   rows: 36
   cols: 18
   dt: d
   data: [ 1.6312434430366973e+04, 5.9613854928345438e+02,
       1.2449430048407112e+02, -2.2912518484372453e+02,
       -4.0559358373939965e+01, 6.6385700111006130e+01,
       -3.1800737150006103e+01, -8.2998938409487319e+00,
       5.3501269014190544e+00, 6.0225870932946215e+00,
       -2.5703796096355397e-01, 5.9058550856557843e-03,
       -2.5191155673875150e-02, 1.3958684937098714e-01,
       2.0745560070577265e-01, 1.0755608461764200e-01,
       1.1784160400276195e-01, -1.6156879849728904e-02,
       5.9613854928345415e+02, 9.1498061992403909e+03,
       -1.1223434346303428e+02, 2.1843669905708774e+02,
       2.2232550172030951e+01, -1.2689631122685002e+02,
       2.8884201219554292e+01, -3.9182090250230504e+00,
       1.3650376735778396e+00, 1.9956979027477255e+00,
       8.0592744990085352e-01, 3.7018126483305097e-01,
       1.1185944795147128e-01, 2.0032008338064067e-01,
       2.1023620362431553e-01, -5.3112999558293593e-02,
       1.5785709955621251e-02, 6.0434243609663978e-02,
       1.2449430048407110e+02, -1.1223434346303428e+02,
       3.2285451224301423e+03, 2.2662837765114201e+01,
       -4.0737827040359580e+00, -8.0277030911759439e+00,
       1.2425307684673111e+01, 6.8577964758393177e+00,
       1.5061096629788431e+00, 1.3547815380095345e+00,
       -1.8743974528027227e-01, -1.2837193455895093e-01,
       3.3400443074314640e-02, -2.2997536529451623e-04,
       -3.2291367766904042e-02, -6.9982336414730451e-02,
       -2.6605567359019554e-02, 2.2973840143660520e-02,
       -2.2912518484372453e+02, 2.1843669905708765e+02,
       2.2662837765114197e+01, 2.4989102798227077e+03,
       -5.6800027050036261e+00, 7.1614611860653469e+01,
       -1.1613826038092414e+01, 2.1094692420631942e+00,
       1.1478428357765789e+00, -2.7109594223957241e+00,
       -5.1492787892294889e-01, -2.0727541385405401e-01,
       -2.5613664927621616e-02, -8.3022631004744288e-02,
       -1.1388373933269666e-01, 8.6357008420881565e-02,
       -2.9630911638290146e-02, -3.9134751012178132e-03,
       -4.0559358373939965e+01, 2.2232550172030951e+01,
       -4.0737827040359518e+00, -5.6800027050036190e+00,
       4.1021603534202541e+02, 1.6415816735590610e+01,
       1.6200823601728847e+00, 4.4143156598475031e+00,
       2.6740912463303839e+00, 7.6297283985296016e-01,
       9.7241846483390256e-04, -2.6695290915121912e-02,
       2.0684109952196977e-02, 1.7768246606044126e-02,
       3.1365020275090992e-02, -1.1211472931886539e-02,
       2.0594760942704259e-03, 6.9832358281828140e-03,
       6.6385700111006116e+01, -1.2689631122684997e+02,
       -8.0277030911759439e+00, 7.1614611860653483e+01,
       1.6415816735590607e+01, 2.2097632063307191e+02,
       5.8566045998107779e+00, 5.4365651948175608e-01,
       -3.7007024140003802e-01, -7.9997280310931596e-01,
       4.3029014368484754e-02, 1.2081831423680051e-01,
       7.3600331376411331e-03, 1.1269159946194351e-02,
       1.1177832066977552e-02, -1.1536465716810024e-02,
       -9.8170084094435592e-03, -3.8861603502501904e-03,
       -3.1800737150006121e+01, 2.8884201219554292e+01,
       1.2425307684673111e+01, -1.1613826038092412e+01,
       1.6200823601728835e+00, 5.8566045998107752e+00,
       2.3258215513966238e+01, -2.4014744649043140e+00,
       -2.7681679610091585e+00, 3.7828311708369727e-01,
       -6.7220148503202102e-03, 4.2163984315618130e-02,
       -3.1617243269227234e-02, 8.9070372246158082e-03,
       -1.5114132461481499e-02, 1.2087208137521431e-03,
       3.1740672800448411e-03, -6.5925273626984179e-04,
       -8.2998938409487319e+00, -3.9182090250230517e+00,
       6.8577964758393195e+00, 2.1094692420631942e+00,
       4.4143156598475031e+00, 5.4365651948175642e-01,
       -2.4014744649043136e+00, 1.4719141192909126e+01,
       -2.0179879111551968e+00, 6.5862801743851351e-01,
       -8.8972239600828937e-02, -2.2175347765270921e-02,
       -8.4719333545225789e-03, 6.6818666644845124e-03,
       3.5077932033526680e-03, 6.4207002030290585e-03,
       2.5675321701944319e-03, 1.1935453703506922e-03,
       5.3501269014190544e+00, 1.3650376735778400e+00,
       1.5061096629788442e+00, 1.1478428357765793e+00,
       2.6740912463303848e+00, -3.7007024140003808e-01,
       -2.7681679610091581e+00, -2.0179879111551968e+00,
       1.5487604476263899e+00, -1.2840326489867970e-01,
       -4.0667206324273848e-02, -2.6990516136903128e-04,
       -1.7015749030927819e-02, -4.7128572083629579e-03,
       -1.2136787386735747e-03, -2.3176510888277468e-03,
       -1.4474881076894032e-03, -6.0859328180467556e-04,
       6.0225870932946206e+00, 1.9956979027477262e+00,
       1.3547815380095345e+00, -2.7109594223957236e+00,
       7.6297283985296016e-01, -7.9997280310931596e-01,
       3.7828311708369716e-01, 6.5862801743851351e-01,
       -1.2840326489867970e-01, 3.6164081315415647e-01,
       2.6830200070360050e-03, 2.1382629473102126e-03,
       4.8840521536323877e-04, -1.2115310728891200e-02,
       1.3509418736410077e-03, 4.0048602988374996e-04,
       -1.3631957833997303e-03, 2.1699504612032915e-04,
       -2.5703796096355408e-01, 8.0592744990085319e-01,
       -1.8743974528027221e-01, -5.1492787892294889e-01,
       9.7241846483390494e-04, 4.3029014368484754e-02,
       -6.7220148503202111e-03, -8.8972239600828937e-02,
       -4.0667206324273848e-02, 2.6830200070360037e-03,
       2.3980461621436768e-02, -3.0780122803769159e-03,
       -4.9696519793103985e-05, -4.0239405395713491e-04,
       4.2794043174240395e-04, 1.5984990136425574e-04,
       -5.2960404987105372e-04, -1.5428499700514880e-04,
       5.9058550856558260e-03, 3.7018126483305103e-01,
       -1.2837193455895093e-01, -2.0727541385405401e-01,
       -2.6695290915121923e-02, 1.2081831423680051e-01,
       4.2163984315618144e-02, -2.2175347765270918e-02,
       -2.6990516136903155e-04, 2.1382629473102126e-03,
       -3.0780122803769159e-03, 2.2771932552629621e-03,
       2.7734287761057484e-04, -3.0546812475854571e-04,
       3.4068132880701624e-04, -1.0386778768362591e-05,
       -1.5341573498772917e-05, 1.4770670337154540e-05,
       -2.5191155673875126e-02, 1.1185944795147126e-01,
       3.3400443074314633e-02, -2.5613664927621582e-02,
       2.0684109952196980e-02, 7.3600331376411357e-03,
       -3.1617243269227213e-02, -8.4719333545225772e-03,
       -1.7015749030927823e-02, 4.8840521536323855e-04,
       -4.9696519793103952e-05, 2.7734287761057495e-04,
       2.3289306367576092e-03, 1.9856257821726575e-05,
       -8.8349630730996570e-05, -3.5013612154218759e-05,
       -2.1512004929567208e-05, -9.2245750221437652e-06,
       1.3958684937098709e-01, 2.0032008338064061e-01,
       -2.2997536529452447e-04, -8.3022631004744288e-02,
       1.7768246606044130e-02, 1.1269159946194344e-02,
       8.9070372246158047e-03, 6.6818666644845115e-03,
       -4.7128572083629588e-03, -1.2115310728891200e-02,
