%YAML:1.0
means: !!opencv-matrix
   rows: 4
   cols: 8
   dt: d
   data: [ 1.4053816624183168e+02, -2.3654458498043851e+01,
       -3.3942379912967560e+01, 2.8500092936426249e+01,
       -1.9229743731340896e+01, 7.9180307121208342e+00,
       9.2288117209113396e-01, 3.6885314495394395e-01,
       -1.5765297054313515e+02, -3.2795471551865070e+01,
       4.0861980910424350e+01, 4.3663527989445763e+00,
       -8.7482862510233481e+00, 1.1181990120905632e+00,
       -5.9302809742139984e-01, 5.9336266810733151e-01,
       4.3585494854847276e+01, -2.6165965204601331e+01,
       -4.9832303468215802e+00, 1.1391073122595921e+01,
       1.2957049889103857e+01, -2.6396198894350582e+00,
       -7.7610901896307305e-01, -1.9851910465835032e-01,
       -2.0949567838638330e+01, 1.0418462238137690e+02,
       -9.2439749527920760e+00, -4.7455172883116639e+01,
       -4.3177568759612921e+00, -1.1754168872787569e+00,
       1.5813307320759089e+00, -4.6422730735406409e-01 ]
covs: !!opencv-matrix
   rows: 32
   cols: 8
   dt: d
   data: [ 6.9910675937239157e+03, 8.9537309301836740e+02,
       2.2579052309545909e+03, -1.2092488937430023e+03,
       3.3206502008683549e+02, -6.5623448152747767e+02,
       -1.0380230454990242e+02, -2.8305617351946982e+01,
       8.9537309301836740e+02, 6.6810158248266607e+03,
       5.0084519493305959e+02, 2.1910431391766692e+03,
       2.0090714170756249e+02, -3.5126435739413489e+02,
       -3.0232028623217616e+01, -3.9792029658441919e+01,
       2.2579052309545909e+03, 5.0084519493305947e+02,
       2.6408035508391245e+03, 1.9099391879696540e+01,
       -2.0917654996031260e+02, 1.2060983068456572e+02,
       2.3854461731624781e+01, 9.6450197562202149e+00,
       -1.2092488937430023e+03, 2.1910431391766692e+03,
       1.9099391879696523e+01, 1.8941260453998314e+03,
       -3.2014456414653360e+01, 3.4138955351598007e+01,
       -9.9795988270221461e+00, 7.6580330778634718e+00,
       3.3206502008683543e+02, 2.0090714170756249e+02,
       -2.0917654996031260e+02, -3.2014456414653360e+01,
       1.1071125804920611e+02, -1.4320303680568898e+02,
       -6.0833623303287609e+00, 2.8739881294492302e+00,
       -6.5623448152747767e+02, -3.5126435739413483e+02,
       1.2060983068456575e+02, 3.4138955351597993e+01,
       -1.4320303680568898e+02, 3.0693664810993022e+02,
       -1.5292381135004014e+01, 8.3153318404995176e+00,
       -1.0380230454990242e+02, -3.0232028623217619e+01,
       2.3854461731624760e+01, -9.9795988270221478e+00,
       -6.0833623303287609e+00, -1.5292381135004016e+01,
       2.1876497763161051e+01, -2.4284183738721221e-01,
       -2.8305617351946971e+01, -3.9792029658441919e+01,
       9.6450197562202149e+00, 7.6580330778634726e+00,
       2.8739881294492307e+00, 8.3153318404995176e+00,
       -2.4284183738721221e-01, 1.5030161941221952e+01,
       7.5157589738558318e+03, 1.4207471843217332e+01,
       2.8345770088902673e+03, -7.0573906414185592e+02,
       4.4691482158253604e+02, 3.8840731823172263e+02,
       1.1534303568705639e+02, 2.8616066088650800e+01,
       1.4207471843217350e+01, 9.5806860675331645e+03,
       5.7156408368220411e+02, 1.1437505267677182e+03,
       7.3582410587278093e+02, 3.1776084876054864e+02,
       9.5295580816551436e+01, 3.8153548047372517e+01,
       2.8345770088902677e+03, 5.7156408368220377e+02,
       2.4478869492313329e+03, 1.9538810936837496e+01,
       -1.4792940483435984e+02, -4.2776203730789938e+01,
       -2.9959783018182293e+01, -7.0648736785013568e+00,
       -7.0573906414185592e+02, 1.1437505267677182e+03,
       1.9538810936837486e+01, 2.3403660611642349e+03,
       -2.5405890304462699e+02, -1.5024766607895985e+00,
       -1.8839961040751017e+01, -2.0979057073208548e+01,
       4.4691482158253604e+02, 7.3582410587278116e+02,
       -1.4792940483435984e+02, -2.5405890304462702e+02,
       3.1931101224042948e+02, 1.2534975013357624e+02,
       2.5983260009218384e+01, 1.5261571182461068e+01,
       3.8840731823172274e+02, 3.1776084876054864e+02,
       -4.2776203730789959e+01, -1.5024766607895972e+00,
       1.2534975013357619e+02, 2.9975999529475394e+02,
       6.9001831954370951e+00, 9.2676149185040941e+00,
       1.1534303568705639e+02, 9.5295580816551436e+01,
       -2.9959783018182293e+01, -1.8839961040751017e+01,
       2.5983260009218380e+01, 6.9001831954370951e+00,
       3.2025459311672542e+01, 3.8648550542866649e+00,
       2.8616066088650800e+01, 3.8153548047372531e+01,
       -7.0648736785013515e+00, -2.0979057073208548e+01,
       1.5261571182461068e+01, 9.2676149185040995e+00,
       3.8648550542866644e+00, 1.4058717765197185e+01,
       8.3285869617609806e+03, 6.3168302479618740e+02,
       1.9902622881098189e+03, -9.1349194597232918e+02,
       -8.1786085486997547e+02, -1.4378529971034646e+02,
       -8.9889198415968423e+01, 1.9490219749671624e+01,
       6.3168302479618728e+02, 1.1911037109316454e+04,
       -1.7771196519505104e+01, 5.6584018810671830e+02,
       -1.1829976686897889e+02, -2.0490338895521926e-01,
       -9.6544886189936932e+01, 2.4157468655160198e+01,
       1.9902622881098189e+03, -1.7771196519505089e+01,
       2.8773269443285089e+03, 1.0735707895917949e+02,
       1.9717764960404162e+02, 6.1887997105859085e+01,
       3.5966816629990184e+01, -8.4611704284951781e+00,
       -9.1349194597232906e+02, 5.6584018810671841e+02,
       1.0735707895917938e+02, 2.4860747757847057e+03,
       5.0203203698592837e+01, -1.6307041051227966e+01,
       3.4949179546812026e+01, -1.1315896534120387e+01,
       -8.1786085486997513e+02, -1.1829976686897889e+02,
       1.9717764960404162e+02, 5.0203203698592873e+01,
       4.2709887728116109e+02, 7.0425915331239693e+01,
       6.2418034876809374e+00, -5.1534380484773123e+00,
       -1.4378529971034652e+02, -2.0490338895522281e-01,
       6.1887997105859064e+01, -1.6307041051227973e+01,
       7.0425915331239693e+01, 2.6833332976600957e+02,
       6.3372228809844353e+00, -7.4899013425469532e+00,
       -8.9889198415968423e+01, -9.6544886189936946e+01,
       3.5966816629990177e+01, 3.4949179546812026e+01,
       6.2418034876809392e+00, 6.3372228809844344e+00,
       3.4710958437025702e+01, -2.1279014552744591e+00,
       1.9490219749671635e+01, 2.4157468655160208e+01,
       -8.4611704284951852e+00, -1.1315896534120395e+01,
       -5.1534380484773115e+00, -7.4899013425469505e+00,
       -2.1279014552744591e+00, 1.6729900717671413e+01,
       1.0787719291714857e+04, -5.2773684425598071e+02,
       1.6526370955668085e+03, -5.9394441233826922e+02,
       1.4314452271777245e+02, -2.6977832016137267e+01,
       5.1309665392333201e+01, 1.9758005582267621e+01,
       -5.2773684425598071e+02, 6.8396458796966508e+03,
       6.4282289723687131e+02, 2.3108597790589656e+03,
       -1.2808171157303380e+02, 5.5787169464196580e+01,
       -9.2436922808350502e+01, 1.7399870547703258e+00,
       1.6526370955668085e+03, 6.4282289723687131e+02,
       2.8018339298643209e+03, -1.0067496506614350e+02,
       -8.7646125911150421e+01, -6.6689535122401466e+01,
       -5.4666705682546235e+00, -4.9299080804898541e+00,
       -5.9394441233826922e+02, 2.3108597790589656e+03,
       -1.0067496506614346e+02, 1.7564831710247001e+03,
       9.1053032167566002e+01, -1.4180429510719722e+02,
       3.2640446393166862e+01, 1.2638542244519087e+01,
       1.4314452271777245e+02, -1.2808171157303380e+02,
       -8.7646125911150392e+01, 9.1053032167566002e+01,
       1.6935537086966607e+02, 1.9111611433093114e+00,
       -1.6043023363728754e+00, 6.2277270279826187e+00,
       -2.6977832016137267e+01, 5.5787169464196580e+01,
       -6.6689535122401466e+01, -1.4180429510719722e+02,
       1.9111611433093105e+00, 7.0365617262232774e+01,
       -1.6419597194396122e+01, -4.3018002977215986e+00,
       5.1309665392333201e+01, -9.2436922808350531e+01,
       -5.4666705682546208e+00, 3.2640446393166854e+01,
       -1.6043023363728754e+00, -1.6419597194396122e+01,
       2.1995288983685644e+01, 1.0509502383408991e+00,
       1.9758005582267621e+01, 1.7399870547703238e+00,
