%YAML:1.0
means: !!opencv-matrix
   rows: 3
   cols: 16
   dt: d
   data: [ 6.1785499431738657e+01, -7.8008284219751189e+00,
       -1.3490870131527792e+01, 3.4473536733325996e+00,
       3.5400397161528132e+00, -2.0675508315164626e+00,
       8.1568511151611656e-01, 1.7783612616813432e-01,
       3.0442671049515629e-01, -1.9100275661967286e-02,
       3.6998231997932389e-02, 4.2132682983457605e-03,
       3.8697989753179911e-03, 1.4849342176706003e-03,
       8.8896681565667126e-03, 7.0961677564321485e-04,
       -1.4542381979071351e+02, -4.5348257543177324e+00,
       3.2222577279449894e+01, 5.7454359889160296e+00,
       -9.0615019478075709e+00, 2.5742239809405012e+00,
       5.3293984399088314e-02, 3.5033789608246685e-01,
       3.3607446610407243e-01, -2.4711014149028682e-02,
       -4.4034636938088699e-02, -1.3202844259205724e-03,
       2.6134622510365917e-03, -7.0433885545501389e-04,
       -5.6319870212929333e-03, -1.7655733360921410e-03,
       4.1911912606390906e+01, 4.3603372277595874e+01,
       -1.0163399751219686e+01, -2.7251702914549472e+01,
       3.9661953540998311e+00, 3.4806507197354049e+00,
       -3.6562764915618202e+00, -1.5309599219329830e+00,
       -2.0347482956346039e+00, 1.3914552127051732e-01,
       -6.6908361565230709e-02, -1.5464184539224464e-02,
       -2.2350621221381178e-02, -4.8684652856592217e-03,
       -2.6522068210783692e-02, 7.9258401506412685e-04 ]
covs: !!opencv-matrix
   rows: 48
   cols: 16
   dt: d
   data: [ 8.2632758194609014e+03, 6.8542717343818322e+02,
       1.8653330280052687e+03, -2.1719944684616237e+02,
       -9.0802339309269644e+02, 2.8975819331945752e+02,
       -8.6545491924338833e+01, 1.9879708403904267e+01,
       1.6164885661797047e+01, -2.1063576551897838e+00,
       -2.0202039925899471e+00, 4.2297715530712571e-02,
       7.3029810995033420e-04, -4.7155611534273646e-02,
       -2.2221291803827897e-01, -1.4869001420542871e-01,
       6.8542717343818310e+02, 8.3325365038382679e+03,
       -1.6106815576710412e+02, 6.7836950252996667e+02,
       4.6675559463525417e+01, -2.7499311110511547e+02,
       4.0881532489038875e+01, -1.7053283964656480e+01,
       1.9325500032941629e+00, -2.5661782711934094e+00,
       9.0962571784913537e-01, 5.7981042491195978e-01,
       8.9095107494132159e-02, 1.5900491751202694e-01,
       2.9611877492616201e-01, -6.0312373311199131e-02,
       1.8653330280052687e+03, -1.6106815576710412e+02,
       2.8741241726431763e+03, 4.2861201013275604e+01,
       1.8655606797208523e+02, -5.7610677375761959e+01,
       2.9347987444386064e+01, 8.4538082754964772e-01,
       9.2151242232359865e-01, 3.7063274481138264e+00,
       1.5951626817285983e-01, -2.0850108035477452e-01,
       7.7120474997439362e-02, 2.6620683999742548e-02,
       1.0882420526009329e-01, -3.0867414446481400e-02,
       -2.1719944684616232e+02, 6.7836950252996678e+02,
       4.2861201013275590e+01, 2.2928767809698752e+03,
       1.2445805679909675e+01, 1.3750924961696276e+02,
       -1.5652065341667480e+01, 1.7558182072584810e+01,
       -5.6475937144047106e-01, -3.0777425065590140e+00,
       -4.2277962628467447e-01, -2.4007438147658697e-01,
       -2.8085396656382596e-02, -1.1507109056647542e-01,
       -1.7313596660112066e-01, 1.4163640885999104e-02,
       -9.0802339309269644e+02, 4.6675559463525424e+01,
       1.8655606797208526e+02, 1.2445805679909672e+01,
       4.5678948043419967e+02, 6.0056439203964494e+01,
       -4.2073132294048081e+00, 9.3545798603928159e+00,
       4.4083926399818107e+00, 1.9546206212899050e-01,
       6.0925183383385852e-02, -3.2351860730096459e-02,
       2.2360605076619605e-02, 2.1796076444652347e-02,
       6.2527836697613637e-02, -3.2679603169538017e-02,
       2.8975819331945740e+02, -2.7499311110511553e+02,
       -5.7610677375761973e+01, 1.3750924961696276e+02,
       6.0056439203964494e+01, 2.1567437431895218e+02,
       8.4882576776260361e+00, 2.0763864248800831e-01,
       -8.7782890862227125e-01, -8.1110841356357766e-01,
       4.7771213414586289e-02, 6.6468716782927928e-02,
       1.1022751616202321e-02, 7.5662016407829708e-03,
       -1.3190469907609458e-02, -2.5085345356897090e-02,
       -8.6545491924338833e+01, 4.0881532489038875e+01,
       2.9347987444386064e+01, -1.5652065341667475e+01,
       -4.2073132294048081e+00, 8.4882576776260379e+00,
       2.2382876154917831e+01, -2.5831878624631881e+00,
       -2.8339613111083533e+00, 3.2784450874846194e-01,
       6.1751438284318075e-02, 3.9095977798891401e-02,
       -3.2132991442237142e-02, 5.5378410446719553e-03,
       -6.0662117207967220e-03, 5.1789195391682545e-04,
       1.9879708403904267e+01, -1.7053283964656469e+01,
       8.4538082754964738e-01, 1.7558182072584817e+01,
       9.3545798603928123e+00, 2.0763864248800834e-01,
       -2.5831878624631890e+00, 1.4720578221188374e+01,
       -2.1092152764189684e+00, 5.8879921238891053e-01,
       -5.3184565480715748e-02, -1.5634660307624351e-02,
       -1.1382951277232449e-02, 3.0109792301458971e-03,
       6.0182160738298770e-03, 6.4836823621887436e-03,
       1.6164885661797051e+01, 1.9325500032941614e+00,
       9.2151242232359865e-01, -5.6475937144047084e-01,
       4.4083926399818099e+00, -8.7782890862227125e-01,
       -2.8339613111083537e+00, -2.1092152764189684e+00,
       1.5065272782587962e+00, -1.1549881854522734e-01,
       -3.3879941523461646e-02, -4.0038470596655759e-05,
       -1.6706316640273968e-02, -4.4723596576769706e-03,
       -1.4556017222366790e-03, -1.6083666324895347e-03,
       -2.1063576551897825e+00, -2.5661782711934094e+00,
       3.7063274481138264e+00, -3.0777425065590145e+00,
       1.9546206212899050e-01, -8.1110841356357799e-01,
       3.2784450874846199e-01, 5.8879921238891042e-01,
       -1.1549881854522734e-01, 3.0606144250641726e-01,
       8.9302486158456765e-03, 2.2045428965947380e-03,
       1.2767921066555226e-03, -1.1461707746719077e-02,
       1.4476620705456504e-03, 5.4556295278282375e-04,
       -2.0202039925899471e+00, 9.0962571784913560e-01,
       1.5951626817285988e-01, -4.2277962628467447e-01,
       6.0925183383385852e-02, 4.7771213414586275e-02,
       6.1751438284318075e-02, -5.3184565480715748e-02,
       -3.3879941523461646e-02, 8.9302486158456748e-03,
       1.7810409778660729e-02, -2.4611472180221285e-03,
       3.8905833046513395e-04, -3.4538553073688351e-04,
       -2.8608333064075346e-04, 2.1830503169643694e-04,
       4.2297715530712557e-02, 5.7981042491195967e-01,
       -2.0850108035477447e-01, -2.4007438147658705e-01,
       -3.2351860730096452e-02, 6.6468716782927928e-02,
       3.9095977798891401e-02, -1.5634660307624348e-02,
       -4.0038470596655494e-05, 2.2045428965947380e-03,
       -2.4611472180221285e-03, 2.1096349064007322e-03,
       1.4152390775098143e-04, -3.4259330968267862e-04,
       4.6784269349164182e-04, -8.6724237432626232e-05,
       7.3029810995033117e-04, 8.9095107494132131e-02,
       7.7120474997439362e-02, -2.8085396656382586e-02,
       2.2360605076619619e-02, 1.1022751616202321e-02,
       -3.2132991442237142e-02, -1.1382951277232451e-02,
       -1.6706316640273972e-02, 1.2767921066555226e-03,
       3.8905833046513395e-04, 1.4152390775098143e-04,
       2.3383329400622687e-03, -9.7338414858323356e-06,
       -8.4093982269959825e-05, -5.0888783095574969e-05,
       -4.7155611534273646e-02, 1.5900491751202700e-01,
       2.6620683999742576e-02, -1.1507109056647545e-01,
       2.1796076444652358e-02, 7.5662016407829725e-03,
       5.5378410446719588e-03, 3.0109792301458963e-03,
       -4.4723596576769706e-03, -1.1461707746719079e-02,
       -3.4538553073688361e-04, -3.4259330968267862e-04,
       -9.7338414858323356e-06, 1.9545421177923402e-03,
       4.5153429408498932e-05, 1.6627497342220526e-05,
       -2.2221291803827897e-01, 2.9611877492616195e-01,
       1.0882420526009329e-01, -1.7313596660112066e-01,
       6.2527836697613651e-02, -1.3190469907609454e-02,
       -6.0662117207967220e-03, 6.0182160738298770e-03,
