%YAML:1.0
means: !!opencv-matrix
   rows: 5
   cols: 13
   dt: d
   data: [ 9.6225381665982965e+01, -1.2479868516917501e+01,
       -2.5362923690257876e+01, 4.5110865244685536e+00,
       -7.6387983804745874e+00, 4.4358640086091161e-01,
       2.2859622347542130e-01, 6.0339282470709590e-02,
       2.1369163744949421e-01, -6.1305118919386517e-02,
       4.6515202936139359e-02, 2.1589436142804147e-03,
       2.9091415987327622e-03, -1.9242159899998993e+02,
       3.7375515950990305e+01, 4.0164170367539406e+01,
       -1.8069489318766550e+01, -1.4231291375860142e+01,
       9.0643131252121503e+00, -1.8324080372873679e+00,
       2.4818740002482570e-01, 4.7992642912750919e-02,
       1.0493155126498216e-01, -2.8358172733236854e-02,
       -1.2613612596391658e-02, 2.0190943876651902e-03,
       3.0426822106715214e+01, 5.1046336227313276e+01,
       -1.0226409424894808e+01, -2.4680260029023390e+01,
       1.2615276392735681e+00, 9.1293967402264886e-01,
       1.2844531262589156e+00, 1.8875260340043938e+00,
       1.0578790728096519e+00, 2.7946816147455050e-01,
       -1.7347123881159301e-01, 1.8309580237844288e-02,
       1.2320000835191539e-03, 5.3631385500372190e+01,
       1.1137053498378316e+01, -5.5655404304641101e+00,
       -1.0579555856052240e+01, 6.9157259793223647e+00,
       1.7516607029260727e+00, -5.6007019659297477e+00,
       -3.9162811146554359e+00, -4.3244378211397843e+00,
       -2.0404882470923069e-01, -1.2392908720515149e-01,
       -6.1014768407533504e-03, -3.4414508316533088e-02,
       -5.2527010720897501e+01, -2.2289436285007870e+01,
       1.8003075334588576e+01, 1.4099422847542515e+01,
       1.5660763075282459e+01, -6.0704767657078849e+00,
       1.5872964444991702e+00, 1.1155350531634746e-01,
       3.9051304369814743e-01, -1.3420517828228219e-02,
       3.9547584327266162e-02, -8.8968149299420505e-04,
       3.0008162269338735e-03 ]
covs: !!opencv-matrix
   rows: 65
   cols: 13
   dt: d
   data: [ 6.1251208367638583e+03, 1.0193327203580662e+03,
       2.5095445970225842e+03, -3.1474200021365328e+02,
       -1.5537233671508920e+02, 2.2323808317580858e+02,
       -8.9414453175121366e+01, 3.9263697175211504e+01,
       2.3506061160864355e+01, 2.6163751190547559e+00,
       -1.1369473606961871e+00, -3.7165638428990827e-01,
       -8.7221574273627783e-02, 1.0193327203580662e+03,
       7.9461516337545008e+03, -3.3116772588282464e+02,
       8.2223864925092857e+02, -2.2626726603122790e+02,
       -2.3777541798985337e+02, 2.4187095556145209e+01,
       -2.8945230051810384e+01, 2.3242565189197646e+00,
       -4.5727381095036677e+00, 1.6198989122084626e+00,
       7.3142205072533395e-01, 2.7930458148145355e-02,
       2.5095445970225842e+03, -3.3116772588282475e+02,
       2.6810334043162638e+03, 1.5391090597710411e+02,
       -6.9413259987897845e+01, -2.1245804658413565e+01,
       3.0540721601980579e+01, -5.3114422397160137e+00,
       -1.7558130929047014e-01, 3.7373204832879625e+00,
       -1.5835345656370670e-01, -1.4081968611650003e-01,
       1.3999079208545814e-01, -3.1474200021365328e+02,
       8.2223864925092835e+02, 1.5391090597710416e+02,
       2.3321188151916876e+03, 1.7354511199332558e+02,
       1.3011293552237905e+02, -5.8955380588868831e+00,
       3.6228412322147740e+01, -2.0942138827128369e+00,
       -3.0855334021382403e+00, -5.6063358331793289e-01,
       -2.3084780986880085e-01, -2.5869946899434056e-02,
       -1.5537233671508918e+02, -2.2626726603122790e+02,
       -6.9413259987897803e+01, 1.7354511199332561e+02,
       1.9620807536415049e+02, 1.4231750893010960e+02,
       -7.2029191451022925e+00, 7.9038851688732130e+00,
       2.0046269359286271e+00, -7.0467738123789170e-01,
       -3.8396169470294200e-01, 8.2893181225823634e-02,
       4.5812904397412667e-02, 2.2323808317580864e+02,
       -2.3777541798985331e+02, -2.1245804658413562e+01,
       1.3011293552237908e+02, 1.4231750893010960e+02,
       2.4179989833885142e+02, 7.0133558218102632e+00,
       9.2351362690063024e+00, -1.0187317352679548e+00,
       6.4109692427144427e-02, 7.1655809750198945e-02,
       2.5452755362752417e-03, 9.6279334748826766e-03,
       -8.9414453175121366e+01, 2.4187095556145202e+01,
       3.0540721601980586e+01, -5.8955380588868769e+00,
       -7.2029191451022925e+00, 7.0133558218102614e+00,
       2.3272566202270053e+01, -3.7553151317709017e+00,
       -2.8109059630258533e+00, 1.4689304408196552e-01,
       4.2264109280396381e-02, 4.7393343822093391e-02,
       -2.7170278714080526e-02, 3.9263697175211504e+01,
       -2.8945230051810380e+01, -5.3114422397160137e+00,
       3.6228412322147740e+01, 7.9038851688732130e+00,
       9.2351362690063006e+00, -3.7553151317709030e+00,
       1.6036688131719341e+01, -2.4012856065922610e+00,
       5.8612047357040498e-01, -4.2727319058347604e-02,
       -1.3959290616408526e-02, -1.6049460682354886e-02,
       2.3506061160864363e+01, 2.3242565189197646e+00,
       -1.7558130929046967e-01, -2.0942138827128356e+00,
       2.0046269359286266e+00, -1.0187317352679548e+00,
       -2.8109059630258537e+00, -2.4012856065922610e+00,
       1.6000963201798348e+00, -1.1922186689512763e-01,
       -3.7291486115062653e-02, 2.7808450895353545e-03,
       -1.6217035679569655e-02, 2.6163751190547559e+00,
       -4.5727381095036685e+00, 3.7373204832879616e+00,
       -3.0855334021382390e+00, -7.0467738123789148e-01,
       6.4109692427144441e-02, 1.4689304408196557e-01,
       5.8612047357040498e-01, -1.1922186689512766e-01,
       3.1887774356855503e-01, 1.5135238571693486e-02,
       1.7266424526527335e-03, 1.7812434005097177e-03,
       -1.1369473606961875e+00, 1.6198989122084628e+00,
       -1.5835345656370661e-01, -5.6063358331793289e-01,
       -3.8396169470294200e-01, 7.1655809750198932e-02,
       4.2264109280396381e-02, -4.2727319058347597e-02,
       -3.7291486115062646e-02, 1.5135238571693486e-02,
       1.7259596491410473e-02, -2.3209334736802164e-03,
       3.6645558761300563e-04, -3.7165638428990827e-01,
       7.3142205072533373e-01, -1.4081968611650009e-01,
       -2.3084780986880099e-01, 8.2893181225823634e-02,
       2.5452755362752430e-03, 4.7393343822093398e-02,
       -1.3959290616408522e-02, 2.7808450895353536e-03,
       1.7266424526527339e-03, -2.3209334736802164e-03,
       2.1986826962208297e-03, 6.9055147861000335e-05,
       -8.7221574273627783e-02, 2.7930458148145390e-02,
       1.3999079208545817e-01, -2.5869946899434046e-02,
       4.5812904397412653e-02, 9.6279334748826714e-03,
       -2.7170278714080537e-02, -1.6049460682354882e-02,
       -1.6217035679569655e-02, 1.7812434005097177e-03,
       3.6645558761300552e-04, 6.9055147861000308e-05,
       2.3736003675766397e-03, 5.7469919980440473e+03,
       2.6685506856285184e+02, 3.0572266800165266e+03,
       1.1892980035785946e+02, -1.4755469410703321e-04,
       -1.0627389519649711e+02, 6.9409954166878151e+01,
       -4.2788090530966237e+01, -1.7990083239134954e+01,
       7.4682792210077658e+00, -1.4258920695660502e+00,
       3.9088523750492044e-01, -1.1768790897440512e-03,
       2.6685506856285195e+02, 9.2727363642559212e+03,
       -9.3497614168839309e+00, 4.3231387383190918e+02,
       -4.2193969520111216e+02, 2.4338347903146339e+02,
       -8.1616313379322449e+01, 3.3459925419117290e+01,
       1.3520636739372810e+01, 5.8766625569758171e+00,
       2.9150689930216660e+00, 1.0613289143997189e+00,
       -1.4565052106224380e-01, 3.0572266800165266e+03,
       -9.3497614168839380e+00, 2.4103918250685033e+03,
       -9.0107592763249826e+00, -4.9012948455207997e+01,
       4.4810565285985966e+01, -2.1527048760613244e+01,
       1.5321694227846024e+01, 6.3524333652943010e+00,
       -1.3660971001009810e+00, 5.3054891726358877e-01,
       -1.5282389637774133e-02, -2.6536037485023999e-02,
       1.1892980035785949e+02, 4.3231387383190918e+02,
       -9.0107592763249880e+00, 2.2482549396686882e+03,
       2.0829426497029385e+02, -7.7925044972482866e+01,
       4.1247653897348442e+01, -2.4078770061648616e+01,
