%YAML:1.0
means: !!opencv-matrix
   rows: 33
   cols: 5
   dt: d
   data: [ 2.6827117412043485e+01, 1.3449502095663506e+01,
       -4.6841079151846863e+01, -4.6952698129884389e+01,
       -1.3660774801255009e+01, 1.2774951106680589e+02,
       -7.1552153226348452e+01, 6.0943290745973208e+01,
       2.6379107299866970e+01, 4.7003585236948764e+00,
       -1.7255900168226279e+02, 7.2950106925145604e+01,
       2.7562003204611141e+01, -5.7756981204281452e+01,
       -2.6700304235535722e+01, 3.6845531496871978e+01,
       -1.5027636236995304e+01, -5.2915259707957759e+01,
       6.7347096618925946e+01, -6.0620010110417457e+00,
       1.3476366895394492e+02, 9.8198720833441442e+00,
       1.9183538830378399e+01, -3.3535619745913323e+01,
       -2.7829963737354412e+01, 3.1392031147386618e+01,
       1.8150045950080155e+01, -6.5360852680727035e+01,
       -3.3027687971683299e+01, -2.4515570878546807e+01,
       1.3718778331125438e+02, -4.7267907910393241e+01,
       5.5833289650917504e+00, 1.2502155289597354e+01,
       1.7239967657141204e+00, -1.2157472213002526e+02,
       1.2651160973380023e+02, 2.7986761561074356e+01,
       1.2083251132062401e+01, 4.1693968694419787e+00,
       1.7829039422848604e+02, 3.5314296023213622e+01,
       2.6096925665377871e+01, 5.8997726471627153e+01,
       -9.8739624893082993e+00, -1.8740755520912515e+01,
       9.7547172114788069e+01, 4.2860922689818697e+00,
       -6.8599455429710630e+01, 2.5855506819427923e+01,
       -7.7054116953689288e+01, 9.4331623746514893e+01,
       -4.7390578240405397e+01, 1.2134167069573143e+01,
       2.3936720973581032e+01, -2.1152569707190574e+02,
       9.3309950255797851e+00, 4.3053309873716302e+01,
       -2.5318360568179816e+01, -1.0479478186526554e+01,
       -1.1106518076161282e+02, -1.5228739232507877e+02,
       6.0007283668212281e+01, 1.8030544906595274e+01,
       -9.5557186415075108e+00, -1.3314747813587886e+02,
       -2.0831780242867510e+00, -2.0869071238127098e+01,
       7.8760487910656622e+01, 4.2099395853864268e+00,
       -6.8548362756740033e+01, -1.4420414841487280e+02,
       -2.5398962137797021e+01, 2.0998968941289871e+01,
       1.2801493171305300e+01, -6.9191993956042865e+01,
       -5.4718356454009246e+01, -3.5546220661856211e+01,
       -4.0470012298784916e+01, 2.0625660548856445e+01,
       3.3930675827794730e+01, -3.3047501279065429e+01,
       3.1137236590824696e+01, 8.2176863244577575e+01,
       3.3673221549623098e+00, 1.4268903401201695e+02,
       2.7259177891360391e+01, 1.4979249970731559e+01,
       -3.6579058641835744e+01, -4.8612284253650682e+00,
       3.1651315954417171e+01, -3.9128740340891738e+01,
       -7.5207113743032295e+01, 9.3801159476601779e+00,
       4.2819289893238031e+00, -2.1234371292152926e+02,
       8.1369271630850847e+01, 3.5569218598077470e+01,
       -4.9970455219548512e+01, -2.4651755535012249e+01,
       -1.7541769165240743e+02, 6.4160519813566765e+01,
       4.0765508452476077e+01, 4.3631279535291469e+01,
       -6.9491918742831942e+00, -9.0379839380995335e+01,
       -1.0572404462427370e+01, 1.1732536020647256e+01,
       -2.9134867691757627e+01, 2.1315953204004277e+01,
       7.8672194563041586e+01, -1.3708346542337821e+02,
       -2.1240047465467335e+01, 8.4191666963602909e+00,
       -5.7632709233269495e+00, 3.1577998284321591e+01,
       5.8194214886881213e+01, -3.9043014732715422e+00,
       -4.3963310728353299e+01, 2.5798286400837661e+01,
       1.1091957804902756e+02, 1.0790275753933069e+02,
       -3.5344311871463510e+01, 2.1192575677680765e+01,
       -2.2772020666151807e+01, -3.4315695349435160e+01,
       2.9459140681198399e+01, 9.7259269925484332e+01,
       -2.5145338276320008e+01, 1.5560141773170280e+00,
       -2.1790322548710969e+02, -1.0870597820791089e+02,
       -1.9088196312626273e+01, 3.1123014241247496e+01,
       -6.8857886166739082e+00, 8.4120905900779860e+01,
       1.9977789151209976e+01, -9.6795010938589044e+01,
       -1.7924889438151311e+01, -4.2450933249279910e+00,
       1.8786764967806556e+02, 1.2892714727086494e+01,
       -2.0441772584387440e+01, -1.4037697633129170e+01,
       -7.4743396935993296e+00, 7.4053791576303396e+01,
       1.1677228997412902e+02, -1.6909113556290805e+01,
       4.0420982793724626e+01, 1.0948380474362974e+01,
       6.4415147652446379e+01, -3.2125848515418085e+01,
       5.5613121705115475e+01, -3.9094181851298856e+01,
       2.0850891081193843e+01, -4.3710576673523512e+01,
       -7.0068636208258383e+01, 6.2826660098024320e+01,
       5.2725979906521864e+01, 1.1801087101127247e-02,
       4.2123354530126448e+01, 9.3728841011783643e+01,
       3.8704112779979120e+01, 1.9421648371705849e+01,
       1.9427075905229955e+01 ]
