%YAML:1.0
means: !!opencv-matrix
   rows: 2
   cols: 10
   dt: d
   data: [ 5.0801616940589092e+01, 1.2140247109414879e+01,
       -1.0334147165819822e+01, -1.8355123000060064e-01,
       4.3523144316473399e+00, 3.1832392083113801e+00,
       1.0143564109276044e+00, -1.5574783455152569e-01,
       -3.2542840508308429e-01, 1.0487042031998659e-02,
       -1.0846806510174740e+02, -2.5926424763486548e+01,
       2.2060525067102876e+01, 3.9334760130910107e-01,
       -9.2934103236327541e+00, -6.8040328574681057e+00,
       -2.1663853366001602e+00, 3.3276939220297092e-01,
       6.9784662137393794e-01, -1.6452447615444225e-02 ]
covs: !!opencv-matrix
   rows: 20
   cols: 10
   dt: d
   data: [ 1.0898319751863595e+04, -1.2174409682675800e+03,
       1.2638257697671074e+03, 1.2409277457814598e+02,
       -9.1723518932881359e+02, -2.8422198066505342e+02,
       -9.9237574762677340e+01, 1.0337001561149219e+01,
       -2.8986507577512629e+01, 3.3889610679539706e+00,
       -1.2174409682675800e+03, 1.0803856423587034e+04,
       2.8768856449494371e+02, 3.7701663413523244e+02,
       -2.8446594153456198e+02, -3.4638294899622571e+02,
       -3.8956384052202608e+01, -1.1809619016120442e+01,
       -1.0105968321906277e+01, -1.2941516877444450e+01,
       1.2638257697671074e+03, 2.8768856449494393e+02,
       3.0384437545914748e+03, -5.5435981941745140e+01,
       2.2918938719535171e+02, 7.6455917589125576e+01,
       2.8040890670272191e+01, -2.9857666109656518e+00,
       4.5952554370099108e+00, 1.7331075494137815e+00,
       1.2409277457814598e+02, 3.7701663413523244e+02,
       -5.5435981941745126e+01, 2.7891449349204972e+03,
       4.0836383292281702e+01, 6.8889830193255790e+01,
       1.8986292553275306e+00, 8.5582238975589178e+00,
       5.4332922099485819e+00, 1.6588902369569067e+00,
       -9.1723518932881348e+02, -2.8446594153456198e+02,
       2.2918938719535169e+02, 4.0836383292281702e+01,
       4.6199148601774704e+02, -4.8801756601440701e+01,
       -1.0575678463818344e+01, -6.0151714509522449e+00,
       -4.8524167571043320e+00, 8.4060892546711163e-01,
       -2.8422198066505337e+02, -3.4638294899622571e+02,
       7.6455917589125576e+01, 6.8889830193255762e+01,
       -4.8801756601440701e+01, 2.1611166535277869e+02,
       -9.0835254390264861e+00, 9.4824998797088789e-01,
       3.8396985285326002e+00, -1.9241770781284480e+00,
       -9.9237574762677326e+01, -3.8956384052202615e+01,
       2.8040890670272191e+01, 1.8986292553275301e+00,
       -1.0575678463818340e+01, -9.0835254390264843e+00,
       2.3502484333998162e+01, 3.3553298046893715e-01,
       3.4540110738925529e+00, 1.5488391072858251e-01,
       1.0337001561149215e+01, -1.1809619016120447e+01,
       -2.9857666109656527e+00, 8.5582238975589178e+00,
       -6.0151714509522476e+00, 9.4824998797088755e-01,
       3.3553298046893693e-01, 1.4818254658740008e+01,
       -8.9805744355700445e-01, 5.4913527011808061e-01,
       -2.8986507577512629e+01, -1.0105968321906280e+01,
       4.5952554370099126e+00, 5.4332922099485801e+00,
       -4.8524167571043320e+00, 3.8396985285326006e+00,
       3.4540110738925529e+00, -8.9805744355700445e-01,
       1.2785976412000473e+00, 2.8400983988719524e-02,
       3.3889610679539706e+00, -1.2941516877444450e+01,
       1.7331075494137815e+00, 1.6588902369569067e+00,
       8.4060892546711141e-01, -1.9241770781284480e+00,
       1.5488391072858257e-01, 5.4913527011808072e-01,
       2.8400983988719531e-02, 3.3186864974932767e-01,
       1.4746377604376223e+04, -1.5296597596400136e+03,
       8.1540156753620488e+02, -2.0237328640467078e+02,
       4.7825223737204306e+02, -4.7645703955021656e+02,
       -1.3312806714568097e+02, 3.0918041445002022e+01,
       1.7287965955827153e+02, -1.0159660496692432e+01,
       -1.5296597596400136e+03, 1.5046614605524574e+04,
       2.2557953224189433e+02, -7.8999954596133023e+02,
       2.5359641103405568e+02, 4.8064639880852059e+02,
       7.1551705236837082e-01, 3.7880230833303358e+01,
       4.8105845142306087e+01, 2.6930856235901114e+01,
       8.1540156753620488e+02, 2.2557953224189427e+02,
       3.1186048832381202e+03, 1.0563281051066589e+02,
       -1.8828724196155298e+02, 5.7097448093836874e+01,
       1.0302579980828028e+01, -4.4028739806796571e+00,
       -3.2386124380735666e+01, -3.1075499051099440e+00,
       -2.0237328640467084e+02, -7.8999954596133023e+02,
       1.0563281051066592e+02, 3.0234004669015803e+03,
       -8.1827584262679338e+01, -1.4316138335823481e+02,
       -2.8040399927599271e+00, -1.8464729075767352e+01,
       -1.2001376336147642e+01, -3.5310538423263038e+00,
       4.7825223737204306e+02, 2.5359641103405568e+02,
       -1.8828724196155298e+02, -8.1827584262679309e+01,
       2.9762891552225994e+02, 1.1382369072147652e+01,
       -6.9791507332905782e+00, 1.7382736248327941e+01,
       1.9869638890615299e+01, -2.0448873054201782e+00,
       -4.7645703955021656e+02, 4.8064639880852070e+02,
       5.7097448093836874e+01, -1.4316138335823481e+02,
       1.1382369072147656e+01, 2.6023157424779970e+02,
       -2.2402948959790092e+00, 1.2981372457470519e+00,
       -1.2381660433112041e+00, 3.9251004428698661e+00,
       -1.3312806714568094e+02, 7.1551705236836782e-01,
       1.0302579980828028e+01, -2.8040399927599235e+00,
       -6.9791507332905800e+00, -2.2402948959790074e+00,
       3.8895255174971162e+01, 3.4185881773902188e-01,
       -5.1579337999171075e+00, -3.8911006367351314e-01,
       3.0918041445002022e+01, 3.7880230833303351e+01,
       -4.4028739806796553e+00, -1.8464729075767359e+01,
       1.7382736248327941e+01, 1.2981372457470521e+00,
       3.4185881773902177e-01, 1.8215943046060797e+01,
       1.5772583113254270e+00, -1.1634578582204864e+00,
       1.7287965955827153e+02, 4.8105845142306087e+01,
       -3.2386124380735666e+01, -1.2001376336147642e+01,
       1.9869638890615299e+01, -1.2381660433112036e+00,
       -5.1579337999171075e+00, 1.5772583113254275e+00,
       1.2316818595735414e+01, -4.1873177742103855e-02,
       -1.0159660496692428e+01, 2.6930856235901114e+01,
       -3.1075499051099440e+00, -3.5310538423263029e+00,
       -2.0448873054201782e+00, 3.9251004428698661e+00,
       -3.8911006367351292e-01, -1.1634578582204862e+00,
       -4.1873177742103855e-02, 2.5868796697749650e+00 ]
weights: !!opencv-matrix
   rows: 1
   cols: 2
   dt: d
   data: [ 6.8102783014478863e-01, 3.1897216985520560e-01 ]
