%YAML:1.0
means: !!opencv-matrix
   rows: 21
   cols: 6
   dt: d
   data: [ -6.1064716298310167e+01, -3.2422272601288880e+00,
       8.5642681560282782e+01, -1.1160272690097335e+01,
       4.1049517582465116e+00, 6.3944782141910519e+00,
       1.0049921130233328e+02, -4.6451795875867205e+01,
       -2.1506766280928151e+01, 3.6592357835242389e+01,
       -2.7254918283182807e+01, 2.3193724594881679e+01,
       1.0574651661498010e+01, -1.5607115270300559e+02,
       1.8368687174337420e+01, 5.8824141646369490e+01,
       2.0016872279569363e+01, -7.6114101609308413e+00,
       -2.7246454893960492e+02, 3.1530547172005885e+01,
       -2.0693604181967139e+01, -8.9824542710598507e+00,
       -5.1854619180507857e+00, -6.0914615451815735e+00,
       -2.7361800479416083e+01, 4.4814003763568238e+01,
       -4.5216272344009525e+01, 5.2660946782684782e+01,
       1.7463368995061451e+01, -3.6722854480109823e-01,
       5.0407576549385482e+01, 1.0247769365757694e+02,
       -2.7534557203264221e+01, -4.2161501768021445e+01,
       -3.5971095636239250e+00, -3.8178515250818497e+00,
       -1.7282789893557825e+02, 6.5795515983807519e+01,
       5.5170759401076303e+01, -7.6028266767635388e+00,
       -8.1380977314153800e+00, -1.4181359150745156e+01,
       1.2501243118252019e+02, -8.3478798118124701e+01,
       3.1999062101763620e+01, -4.4981711982952227e+01,
       8.9406085457843680e+00, 2.8744734303871620e+00,
       1.6705912762511764e+02, 1.5238218842692696e+01,
       -4.6614251558577507e+01, 1.2525622863343015e+01,
       -1.1041608972213911e+01, -8.6272333961969192e+00,
       6.4936704652149530e+01, -7.0455312588620714e+01,
       -6.7781782657794549e+00, 4.9082451092707750e+01,
       -8.3866315503681292e+00, 2.7930939198443433e+01,
       9.6789587330685734e+01, 3.5043645122190952e+01,
       3.1992565834160693e+01, 2.6887945280045049e+01,
       9.8847636938145804e+00, -5.0398627537583618e+00,
       -1.2929985689132829e+02, -5.4185655020960326e+01,
       3.9732858894280064e+01, 2.6096383478605159e+01,
       -1.1749900799243608e+01, 1.8726774169267465e+01,
       2.2459758495052831e+00, -2.5641498788585718e+01,
       1.1090498291885305e+01, 7.0257226647216413e+00,
       3.7557937670110363e+01, -3.3342939599888890e+00,
       -1.8488169807110629e+02, -1.1315406900800937e+02,
       5.2178760988705932e+01, 3.6956199459651138e+01,
       -3.1440661369540070e+01, -9.8568237132640171e+00,
       1.3956659291793781e+02, -4.7677681067482943e+01,
       -3.1812841148335686e+01, 3.5787189709736317e+01,
       -2.1174057251996171e+01, 3.7018779491192149e+00,
       2.9964907650136787e+01, 1.4090453994577283e+01,
       -1.1535785659087582e+01, -5.0011180885900366e+00,
       -1.1032744583292946e+01, -7.5037989377170122e+00,
       -1.7163704089849631e+02, -7.1330805263015847e+01,
       3.1677651456890192e+01, -6.6034568823572954e+01,
       -6.7155734106794487e+00, -7.6481257198776342e+00,
       -1.6825082637209195e+02, -5.0140536676201046e+00,
       5.3125142829112617e+00, 1.0173911952058004e+01,
       7.4415357352509197e+00, 8.0093274736374021e+00,
       -4.2028791026467047e+01, 9.8285520489875509e+01,
       1.3414876124051378e+00, -4.2918081147980999e+01,
       9.8411517149977268e+00, 1.1352973086248386e+00,
       -7.2029412514185267e+01, 1.3263410811050252e+02,
       -1.4164368827540081e+00, -5.8688982746672487e+01,
       -1.9658612060700442e+01, -1.0906005256092375e+00,
       -8.1118988503757961e-01, -8.9216601514846786e+01,
       -5.2233908340944808e+01, -2.0574044904150270e+01,
       1.4124657494119788e+01, 3.4254043865700701e+00 ]
covs: !!opencv-matrix
   rows: 126
   cols: 6
   dt: d
   data: [ 3.8853584915617080e+03, -1.1651642273536483e+02,
       7.4172890024029556e+01, -6.3646280853063551e+01,
       7.0730540319735780e+02, 2.8197446990234431e+02,
       -1.1651642273536478e+02, 7.8996850456139409e+03,
       7.7887877871832848e+02, 1.7152772995936486e+03,
       1.4634101215177617e+02, 2.7272308512000728e+02,
       7.4172890024029556e+01, 7.7887877871832848e+02,
       7.1264471627506305e+02, 3.1794378085856226e+02,
       -1.3407440452472090e+02, -4.8075428828412022e+01,
       -6.3646280853063580e+01, 1.7152772995936486e+03,
       3.1794378085856226e+02, 1.4617913063941064e+03,
       1.4055981873343010e+01, -5.3771478987110783e+01,
       7.0730540319735780e+02, 1.4634101215177617e+02,
       -1.3407440452472090e+02, 1.4055981873342994e+01,
       2.2967253607810895e+02, 1.0191384964430772e+02,
       2.8197446990234431e+02, 2.7272308512000728e+02,
       -4.8075428828412022e+01, -5.3771478987110783e+01,
       1.0191384964430772e+02, 1.7292493909426582e+02,
       4.1430555572640496e+03, -8.3364791550668755e+01,
       2.9091332510236321e+03, -8.0216268262045855e+02,
       -8.1476791586528634e+01, -2.5591270838793715e+01,
       -8.3364791550668784e+01, 5.0882028368907240e+03,
       9.3692224017908347e+02, 2.6779541671722413e+03,
       -4.2888097190356980e+01, -6.8468647646169146e+01,
       2.9091332510236316e+03, 9.3692224017908347e+02,
       2.5378516351574171e+03, -9.8565215796318768e+01,
       -9.4486249058654010e+01, -8.2786848817577479e+01,
       -8.0216268262045890e+02, 2.6779541671722413e+03,
       -9.8565215796318725e+01, 1.7514173947127144e+03,
       6.9913572108388664e+01, -1.2506352698157740e+02,
       -8.1476791586528634e+01, -4.2888097190356980e+01,
       -9.4486249058654010e+01, 6.9913572108388664e+01,
       3.6463244274929401e+01, -3.5922080554145055e+01,
       -2.5591270838793726e+01, -6.8468647646169174e+01,
       -8.2786848817577450e+01, -1.2506352698157734e+02,
       -3.5922080554145055e+01, 1.3653592594905032e+02,
       5.2189318437643060e+03, -5.1505674947731779e+02,
       2.9579212199477479e+03, -9.5845121894250894e+02,
       1.0852496802873938e+02, -2.4622737352561565e+01,
       -5.1505674947731768e+02, 9.8041190004948130e+03,
       1.4758629637949359e+03, 1.6788377485377612e+03,
       1.0478083848243930e+03, 1.4159369580939908e+03,
       2.9579212199477479e+03, 1.4758629637949359e+03,
       2.4639327233593658e+03, -2.0544279103347242e+02,
       1.5272708160901070e+02, 1.5139694237970923e+02,
       -9.5845121894250906e+02, 1.6788377485377612e+03,
       -2.0544279103347239e+02, 1.9602533214078796e+03,
       -3.0922966449812907e+02, -2.6028391303894495e+02,
       1.0852496802873935e+02, 1.0478083848243932e+03,
       1.5272708160901067e+02, -3.0922966449812907e+02,
       4.1918400478457710e+02, 2.9641551680748194e+02,
       -2.4622737352561547e+01, 1.4159369580939906e+03,
       1.5139694237970926e+02, -2.6028391303894495e+02,
       2.9641551680748199e+02, 5.2944977203188762e+02,
       2.5496867797945638e+03, 7.1652097700360912e+02,
       8.4734601567050962e+00, -4.8087306457978849e+02,
       1.8767868663115789e+02, 5.3249118759963586e+01,
       7.1652097700360923e+02, 7.5274392276666013e+03,
       2.6141409444689600e+02, 1.5958623741685085e+03,
       2.1844074306563789e+02, 4.2314778241632794e+01,
       8.4734601567050998e+00, 2.6141409444689594e+02,
       4.5457714433023693e+02, 5.3277880070005619e+02,
       -5.2049232021080762e+01, -2.3167455505480760e+01,
       -4.8087306457978860e+02, 1.5958623741685085e+03,
       5.3277880070005619e+02, 1.5929593381960597e+03,
       -1.0229175315014480e+01, 2.1422345092248008e+01,
       1.8767868663115789e+02, 2.1844074306563780e+02,
       -5.2049232021080755e+01, -1.0229175315014485e+01,
       1.0057410424330719e+02, 1.2906373185127830e+01,
       5.3249118759963601e+01, 4.2314778241632794e+01,
       -2.3167455505480742e+01, 2.1422345092248008e+01,
       1.2906373185127830e+01, 1.1834721905196278e+02,
       4.8366361009627190e+03, -8.5408483231126570e+02,
       -5.7356862268987686e+02, 1.9126727423079791e+02,
       -5.6933561016933584e+02, -3.6992696223268325e+02,
       -8.5408483231126570e+02, 5.3116842911649319e+03,
       -7.6945841963455024e+01, -4.2764317965193374e+02,
