%YAML:1.0
means: !!opencv-matrix
   rows: 46
   cols: 6
   dt: d
   data: [ -1.2952587127704024e+02, 5.9284484257542260e+01,
       6.8863064182730241e+01, -5.6768515559727128e+01,
       -2.1282541436749298e+01, 8.2998387190718326e-01,
       1.1869009037051268e+02, 2.0208180347341109e+01,
       -6.3568741449422006e+01, -1.4341065610442371e+01,
       -3.9345578040615052e+00, 1.2856020464398009e+01,
       -2.0801131498704466e+00, -1.1497401856596748e+02,
       -2.3095618971638174e+01, 3.1329967673452582e+01,
       1.3263126103292814e+01, 8.1989761281214975e+00,
       4.3838575138416765e+01, 3.4679356530975696e+01,
       -1.8907551114174023e+01, -3.9805499306895207e+01,
       -2.7988951507636994e+01, -1.8020852503609785e+01,
       -1.6749008369523628e+02, 1.5954002765235066e+01,
       5.2038135332103479e+01, -1.7745933277310986e+01,
       -1.0482665044945334e+01, -4.2011610758218012e+00,
       2.2942554314427034e+02, 5.0126364162652792e-01,
       2.0348217439963147e+01, -4.7638734011413444e+00,
       -7.6922656074043845e+00, 1.1858377091775179e+01,
       -9.6888398036209971e+00, 6.3957813304875870e+01,
       8.3751399074889985e+00, 2.1425871160825427e+01,
       1.1389570678436607e+01, -2.1982206709435412e+00,
       -2.4660121016176953e+02, -1.2775648725109592e+00,
       -1.7705346735509828e+01, 3.4302516493774644e+00,
       -2.0046751366958158e+00, -1.2413578874542954e+00,
       1.3266885836716037e+02, -8.7882963523690393e+01,
       3.8088762513953753e+01, 4.9362634716149969e+01,
       -9.5190149399534518e-01, 7.0450665810426942e+00,
       2.6714220865317273e+01, 4.7625025631699636e+01,
       -3.1267118204943993e+00, -4.2959578131460539e+01,
       7.0176459513144280e+00, -2.1415575208408729e+01,
       3.2547038900774723e+01, 1.4620142159992253e+02,
       -2.3196591572399092e+00, -8.1078410118286357e+01,
       2.0584892746191251e+01, 1.0158262100026452e+01,
       1.5274964771699047e+02, 8.9014548444318919e+01,
       -4.5441050572833667e+01, 4.1649878308948871e+01,
       -8.2849147787942723e+00, 9.7233634545098138e+00,
       -1.1848667365703888e+02, -4.5353102129883375e+01,
       4.7728437457943052e+01, 8.5511703121824585e+00,
       -1.8021544967218872e+00, 7.5408450766997062e+00,
       -1.2748838771574778e+02, 1.3398815839291538e+02,
       4.0116517121026540e+01, 5.8724049456616472e+00,
       -3.2906213612041859e+00, -1.0663065420982520e+01,
       8.6170639617697219e+01, 7.1451621968362531e+01,
       -2.1300753774557613e+01, -8.0651183510389615e+00,
       -2.6367120186734098e+01, -2.2300936378248650e+01,
       -2.5074003955909429e+01, 6.2803096801384477e+01,
       -9.7397851210332831e-01, -4.4650314346528262e+01,
       3.5250720410955097e+01, -1.3481233461745443e+01,
       -2.3930975019327160e+01, 1.0173157919598250e+02,
       -7.0619940586732255e+01, 2.7765375215567527e+01,
       1.8052532058642278e+01, -1.2585993210953295e+00,
       5.4947920955289696e+01, 8.8540941986264201e+00,
       -4.7423379096725824e+01, -1.7124404895461161e+01,
       -4.8457419186506856e+00, -3.6329127665447181e+00,
       -1.4855225908594571e+02, -1.0151818027920740e+02,
       2.6783074970025833e+01, 6.7364443381477003e+01,
       -2.0344158126890282e+01, 1.3808928460178367e+00,
       -7.3255516272463112e+01, 1.7071447302468576e+00,
       3.8369864801265038e+01, -2.4167334430955531e+01,
       1.5639835335268641e+01, -1.7023966339921756e+01,
       -4.5852238447405043e+01, -7.5135199350979164e+01,
       -4.4500849219704639e+00, -2.3792943392893950e+01,
       1.1987745387594563e+01, -1.1998426317803128e+00,
       -9.1981890948255398e+01, -1.4508382434554051e+02,
       -7.3194761339415546e+00, 1.6870865201146067e+01,
       1.2822391714817915e+01, -1.8516612837285651e+00,
       -4.3271776313007265e+01, -1.0246876140014917e+01,
       5.3777675840999962e+01, 6.5687887964610894e+01,
       7.7228050047850347e+00, -8.2539264486801631e+00,
       1.5001891290028345e+01, -1.6241885225041131e+01,
       -2.8700227158721503e+01, -1.3831268412067608e+01,
       2.3249344829831053e+01, 6.4749355694844208e+00,
       9.3033317394720697e+01, -6.2069083554375929e+01,
       7.3223510677359613e+01, -2.4676457058818848e+01,
       2.0153297569260573e+01, 5.1901228483423067e-01,
       -1.9920696958488378e+02, 6.0004242961450380e+01,
       4.6400038060681673e+01, 4.0905564863067625e+01,
       -9.9042234915523366e+00, 1.2443026412559750e+01,
       2.2701228302900624e+01, -9.9146603069255718e+01,
       -1.3150045212574341e+01, 7.0832828175769251e+01,
       -5.4856881485885776e+00, -2.1757139123595488e+00,
       1.2652654112707719e+02, -2.6500838969090356e+01,
       -3.6855151920830004e+01, 2.8345724083281855e+01,
       -4.3493198988132926e+00, 1.5087432853784231e+01,
       1.5167301678155704e+02, 3.0595655800077310e+01,
       -4.2253360977106617e+01, -1.7168648963004557e+01,
       -1.2982870603664548e+01, -3.9503631872265771e-01,
       -2.0178198596469264e+02, 1.2298070326647590e+02,
       5.1831179984992701e+01, -5.7977772189672727e+01,
       -2.0054005860112877e+01, 3.7605619811635137e+01,
       8.5579540422721479e+01, 1.1060684743595226e+02,
       1.1872282613358312e+01, 4.0231014822142868e+01,
       1.3676369763801036e+01, -7.3358816365852442e-01,
       1.4717924183884148e+02, -2.0893615944295380e+01,
       -5.1241355965544713e+01, -1.9485476131716919e+01,
       -6.2595343926713829e+00, 1.4405686491826719e+01,
       1.0907595651819292e+02, -1.3092528039232320e+02,
       -3.6033776190964367e+01, -1.6427685609440942e+01,
       -2.1322310886896108e+00, 1.4301951911801085e+01,
       -8.5057630099014858e+01, -7.8906258238206149e+01,
       1.3757721812235694e+01, 7.3607891593755582e+01,
       -7.1683360479792979e+00, -4.3514707161911375e+00,
       -2.1091400156384773e+02, -7.2758821134198755e+01,
       4.6022807650942504e+01, -1.6553659252258861e+01,
       -8.6859699811839270e+00, 1.2609376319858308e+01,
       5.6576799094679018e+01, -6.4635694302201173e+01,
       -2.6424248932754242e+01, 4.6405698367041047e+01,
       -1.1204400979062145e+01, 5.1049991727800110e+00,
       7.8079710013489347e+01, -5.2261827779836644e+01,
       -3.6105968349300149e+01, 3.7555276729460623e+01,
       9.3243526188070247e-01, 1.4547667911103586e+01,
       -2.4575160055997529e+02, 7.8724247315607798e+01,
       -3.8063472300869354e+00, -5.1865195697940457e+01,
       -2.5096684754462022e+01, 6.8558435803374609e+00,
       -4.7550102896741251e+01, 6.3591787686223178e+00,
       -6.8846394753459004e+00, 1.8265949683310470e+00,
       3.8601002069133663e+01, -2.4336746399786607e-01,
       -1.0085962830950204e+02, -4.9392884417245426e+00,
       -2.4525232210501635e+01, 7.1766225181082476e+01,
       1.3544950600468288e+01, -5.6257820117865256e+00,
       8.5409570298775890e+01, 1.0801908061373343e+01,
       -2.8421518750669048e+01, -2.9010674019972267e+01,
       -2.9341687046033091e+01, -1.7166626489099443e+01,
       7.8284743426387777e+01, -5.3157434613075523e+01,
       -2.3504115865294487e+01, -6.5877598830363709e+01,
       -2.3578881332175669e+01, -1.7580632398272090e+01,
       7.4498236054156365e+01, 3.0760993116816561e+01,
       6.3568878936981143e+01, -2.1158283015207321e+01,
       3.4775624662595263e+01, -4.8640295335313724e+00,
       -4.3491154308604209e+01, 1.7572170649171832e+02,
       6.6784847395081206e+00, -1.0554554488267522e+02,
       -6.5094242806524916e+00, 3.5502010372852915e+01,
       1.5395885402966607e+02, 4.6971614327206046e+00,
       3.6807243889890614e+01, -1.3051645535625694e+01,
       2.7027711296879224e+00, 2.2266902364391825e+00,
       1.8550596075059982e+01, -9.8211400780896270e+01,
       7.6989321142230494e+01, 3.6288097936872049e+01,
       8.6697827083278494e+00, -3.5591216564391677e+00 ]
