%YAML:1.0
means: !!opencv-matrix
   rows: 43
   cols: 4
   dt: d
   data: [ 4.1786687509799449e+01, 6.1499708077410287e-01,
       -7.4008479749799221e+01, 5.0146805358108239e+01,
       -2.7785617307446910e+02, 1.1319207395142872e+02,
       -2.1815908193070214e+01, -8.3038606648728797e-01,
       1.3180595209403924e+02, -1.0223122137681038e+02,
       -3.2760159560416739e+01, -2.6977224213959794e+01,
       -7.2431396250748378e+01, 1.9690996213622029e+01,
       8.5876270627479968e+01, 6.3246124267692664e+01,
       -1.8975648420749471e+02, -1.6963943263812681e+02,
       -1.3587742459288316e+01, 2.9369714488382893e+01,
       -1.0687726625379133e+02, 1.1796613261163013e+02,
       5.2055372930029399e+01, -2.0416163778100289e+00,
       3.6196029853005157e+01, 1.1744285685617682e+02,
       2.5648614665920039e+01, 3.5628223545755468e+01,
       -2.0943020418771336e+01, -3.9691250326552343e+01,
       2.7997972305083348e+01, -2.9571445945344610e+01,
       9.2543076024808173e+01, -1.6839379626141590e+02,
       3.8355769649712762e+01, 4.0554955513068585e+00,
       1.4579254676217144e+02, 7.9235143981920135e+00,
       2.8623746954225815e+01, -3.4640160184305913e+01,
       -1.9864616682978684e+02, -6.4618123355051381e+01,
       3.4618297983896866e+01, -5.3531566496861309e+01,
       -5.0206178440483008e+01, 2.7431236249234505e+01,
       -2.5537204657101665e+01, 2.5365909504114615e+01,
       -4.2307974880476287e+01, 1.2185963442823181e+02,
       -5.1155689653100708e+01, 4.1883875472221980e+01,
       -1.8767230355635871e+01, -7.6660644201960665e+01,
       -5.6409675925325500e+00, 6.4929854949808998e+01,
       -3.2292189961169996e+01, -1.7594878742793182e+02,
       -2.9668418585266394e+01, 9.0812906268775446e+00,
       -1.9472733592461196e+02, 1.7155351165526369e+02,
       4.2354047469364382e+01, 8.2476631498515598e+00,
       -1.5792893452713525e+02, 4.4500448390678997e+01,
       1.1470693304489556e+01, 8.0711053749931821e+01,
       1.2763658090096146e+02, 4.7104312858755392e+01,
       -1.1918423327524984e+01, 6.5694732265047833e+01,
       -8.3814039084731064e+01, -7.5665605429901490e+01,
       -4.2172177269752822e+01, -3.1431075959402037e+01,
       3.6622526554069879e+01, -4.2992312621283816e+01,
       -5.4913232005526432e+01, -6.0596035421294459e+01,
       -1.3814150910752971e+02, -5.2438654149129803e+01,
       2.6849847116008537e+01, 8.7206729385908673e+01,
       2.2504907140331437e+02, -1.5686552993105618e+00,
       1.2666481931197094e+01, -1.8687623611873068e+01,
       1.0115017687197681e+02, 5.1931179835573943e+01,
       7.9715464069856253e+01, 6.6778572596450632e+00,
       1.1203157273472566e+02, 2.4823065261618204e+01,
       -4.6667869609908372e+01, -2.2190111254525327e+01,
       1.4049160961745471e+02, 1.2125472626773083e+02,
       -7.9968577709987221e+00, 1.7986234014235400e+01,
       6.1224814350499926e+01, 3.7499166527403609e+01,
       5.0481603918183417e+01, 3.3232546705819416e+01,
       7.0060268446791994e+01, 9.8424837899606686e+01,
       -1.0188065712807771e+02, 2.2759446414069185e+01,
       2.1800530311498079e+02, 7.4774187483013790e+01,
       4.0468521641983848e+01, 3.5624977338444104e+01,
       1.6066181921261691e+01, -8.7476194175585093e+01,
       -9.1079022222880752e+01, 1.1794257197375515e+00,
       -2.3643563764311452e+02, -5.8774090100864427e+01,
       -1.6836128200017953e+01, 2.8362314057406046e+01,
       -1.0811101788025960e+02, -1.1545829208221485e+02,
       6.1850095441493139e+01, 2.1432782338165016e+01,
       1.2035931040034417e+02, -6.1243741414666935e+01,
       -3.6027451473423273e+00, 2.8747738103676614e+01,
       4.3236982246074596e-01, -1.0577399276287795e+02,
       6.2598197849069663e+01, 2.4602505792973218e+01,
       -1.9751607967590681e+02, 5.4451879471737840e+01,
       4.4205297979520054e+01, -2.0731859597675697e+01,
       7.7789694372392290e+01, -4.8192459889490657e+01,
       -2.4858236625809404e+01, -7.3255490802318846e+01,
       7.6105799321553022e+01, -4.2824933758693234e+01,
       7.4697622020858574e+01, -3.6667353645703749e+01,
       1.7165890298975873e+02, -8.9051734584332891e+01,
       4.7513572854309714e+01, 2.7565900447591353e+01,
       -2.7511083005879067e+02, 2.7161291844235041e+01,
       -1.7486966186103572e+01, -6.4753400753465868e+01,
       2.1139283431036041e+01, 1.3864651840703013e+02,
       -3.0626191630739865e+00, -9.1486431009145917e+01,
       3.8509423557200961e+01, 7.7055206803599205e+01,
       -5.8283459240206078e+01, -6.0668454097104432e+00,
       -1.1250669996451181e+02, 4.1576138237340068e+01,
       1.0644456709078403e+02, -3.5300951819158570e+01,
       1.9075468334905647e+01, 4.3294367155536740e+01,
       2.0147052402198270e+01, -4.0723282431583115e+01,
       -9.9795526249875593e+01, 5.2440699802413747e+01,
       -4.7787630537143208e+01, -2.2386977320595037e+01 ]
