%YAML:1.0
means: !!opencv-matrix
   rows: 36
   cols: 6
   dt: d
   data: [ -2.9105883836738593e+02, -1.9412213641512032e+01,
       -1.0889956284168788e+01, 9.0574485998774588e+00,
       -9.7416204778125888e+00, -9.1277982903714854e+00,
       -6.0807999764711674e+01, 1.5383178229181938e+01,
       -4.6282763515194354e+01, 3.7206994520865983e+01,
       2.5661374482718347e+01, 1.1426960353562030e+00,
       1.0555513925047525e+02, -7.9917135049562575e+01,
       -1.5027508437247562e+01, 4.8711149157880399e+01,
       -8.4013605196164765e+00, 1.4291069188913601e+01,
       -1.7010500791751051e+02, 1.0276035525429046e+02,
       -4.8639235460271095e+01, -3.4633349669700870e+01,
       3.3656118894139273e+00, 4.7435624891008779e+00,
       1.0368127171067226e+02, -5.5622150698298427e+01,
       -2.2422677170927969e+01, 3.8913545181674912e+01,
       -2.4873729950636772e+01, 1.8198007612994246e+01,
       -3.6830740030899754e+01, -9.6798570087718019e+01,
       -6.1069430731769195e+01, -2.8623207879321289e+01,
       2.1692668513432402e+01, 3.5721457857225483e+00,
       -1.1744258658572964e+02, -1.4748671433615669e+02,
       2.4605583852805676e+01, -3.4659688456962357e+01,
       3.7376003352663054e+00, 7.5369102583080299e+00,
       2.4350212844545749e+02, -4.3811833818943864e+00,
       7.4880184632380065e+00, -9.5131640566395259e-01,
       -1.3272650124861773e+01, -1.0422698600328136e+01,
       -4.6372712502523639e+00, -1.5121760604337949e+01,
       5.4786090527590385e+00, 5.8988207984215082e+00,
       -9.6047186687549910e+00, -1.2108389437239646e+01,
       -2.0826106482223548e+02, -5.8579771374242753e+01,
       -1.2956968609334195e+01, 4.3656670490652509e+01,
       -1.4563820976292979e+01, 1.7935367412193575e+01,
       -3.5686906277158002e+01, 1.2864900084123511e+02,
       -8.2839612759424625e+01, -3.5702244827337829e+01,
       -5.8936819451480087e+00, 1.3732444774759831e+00,
       5.9796355741408583e+01, -3.0608176932668965e+01,
       3.2309758339861183e+01, -1.9627893588416811e+01,
       1.7373651869079428e+01, 6.0895304299444923e+00,
       -1.2770299886336792e+02, 3.3181370900866725e+01,
       5.6099719487508466e+01, 2.7714365716131844e+01,
       3.0215278380282036e+00, 5.3599820745892348e+00,
       1.4601400682908775e+01, -2.2978335828658595e+02,
       9.6327098104393141e+00, 7.5636988598091904e+01,
       -1.6046663573139206e+00, -2.9202601117350898e+01,
       3.4670556105209677e+01, 1.8214266455586841e+02,
       -3.0992670557477253e+00, 4.7284407608076302e+00,
       5.2415714376099594e+00, -1.0131591381529793e+01,
       -9.6267889134789399e+01, -5.6182375964904047e+01,
       6.9051329836917986e+01, 2.3659709616911140e+01,
       -1.7387938532829622e+01, 1.7986552002584958e+01,
       1.6818061914330693e+02, -2.6813956902592640e+01,
       1.0015031681028544e+01, -1.0540007806280771e+01,
       -1.4172271684680828e+00, -4.3133965514945993e+00,
       1.6893075920705780e+01, -1.3119347051878743e+01,
       -1.3397550073734797e+01, -2.6299415355086236e+01,
       -6.6666663346132173e+00, -2.4181656484699186e+01,
       9.4698363602412314e+01, 3.6341677984445361e+01,
       -3.8878798832268274e+01, -6.9224993771553486e+01,
       -1.0636693907633738e+01, 2.8569048419920313e+00,
       7.5863400778185110e+01, -1.5306448467603394e+01,
       -7.5564374590409258e+01, 1.8281697672524608e+01,
       -3.8054388402704977e+00, -5.1097767319898022e+00,
       -9.8380501344054508e+01, 1.3198994919875472e+02,
       9.5271548529375032e+00, -5.7358778236282113e+01,
       -2.2783552285965904e+01, -2.7240490696043413e+00,
       1.3726843740174237e+02, -1.4703353143612896e+00,
       -7.2405716554166176e+01, 1.5440802738747564e+01,
       -1.1923925317655110e+01, -9.6762576787246850e+00,
       -1.3241790858169887e+02, -6.2714806532899523e+01,
       3.6614988850027963e+01, -4.3591181506326230e+01,
       1.7079096729430725e+00, 5.7704563156213178e+00,
       -1.7368410613879072e+02, -1.1881795736806315e+02,
       5.8628128613668970e+01, 3.9758292614705333e+01,
       -3.3610787284526786e+01, -1.1558569416121861e+01,
       -1.7497339282005672e+02, 3.0263022565201688e+01,
       4.1262410400228205e+01, -3.1547403110160317e+01,
       -3.0314001279676286e+00, -1.6877862647661260e+01,
       9.4508357176820226e+01, -3.5189613678835535e+01,
       -2.1036395863169329e+01, 3.3425278315144638e+01,
       -3.0043841460886952e+01, 2.9512998204013698e+01,
       -5.6446729043436733e+01, 1.0516143296192037e+02,
       2.7154900671542467e+01, -6.3223876186889242e+01,
       -3.4689040922485309e-01, 4.9887825181618703e+00,
       -2.1956346861906955e+01, -1.2092742610543059e+01,
       1.6353805610561363e+01, -5.9262822685297323e+00,
       3.3039855882142206e+01, -1.4498016355377175e+00,
       5.4544786061278089e+01, -8.0122479480756240e+01,
       4.4036245619963343e-01, 4.9548164417567058e+01,
       -8.0908126800869589e+00, 2.6387433291907211e+01,
       1.1284293904708684e+02, 1.4418553814868960e+02,
       -2.2905186824997237e+01, 2.0056062141618501e+01,
       -8.5376355280217862e+00, -4.1107083334261265e+00,
       -8.4891485244402727e+00, 8.4519977220401586e+01,
       2.9885362521563894e+00, -4.1713117089494354e+01,
       1.6204270182425280e+01, -1.0611692510844684e+00,
       2.4345334074072102e+01, -5.0317484451558919e+01,
       2.3944963591541381e+01, 1.6898647360971790e+01,
       3.6654597197904621e+01, -4.6844190264401279e-02,
       5.4797608893358515e+01, 7.6393760534873266e+01,
       2.4448444104574680e+01, 5.7234580747847644e+01,
       1.9374868992756493e+01, -1.5312039810132556e+00,
       7.6584833004042103e+00, -1.1606261640628595e+02,
       2.6244479156725326e+01, 4.5914779105090211e+01,
       3.4465222722969216e+01, 4.5979473144167500e+00,
       -1.5709563068619318e+02, 6.6744711830322260e+01,
       3.6557618650242610e+01, -3.2145801547867578e+01,
       -5.2920653453362680e+00, 3.8419804100071420e+00,
       5.9519039026574674e+01, 7.6110642380562666e+01,
       -1.6614701057256887e+01, -5.6924661935366167e+01,
       -2.3353964103888720e+00, -4.6299631362298825e+00 ]
