%YAML:1.0
means: !!opencv-matrix
   rows: 9
   cols: 2
   dt: d
   data: [ -9.1336103545556597e+01, -6.0164952710752635e+00,
       1.4634928105153386e+02, -5.0853975521577439e+01,
       5.6114123331294032e+01, -8.1618826828623980e+00,
       -9.8500306029634999e+01, -1.3006978673368684e+02,
       1.2466112628629682e+01, 9.2817706037840040e+01,
       -2.3284868939777576e+02, -3.3656301770283288e+00,
       9.1075123147851045e+00, -8.4076461369977977e+01,
       1.3055850286264928e+02, 8.5128809940361833e+01,
       -1.5698393109930441e+02, 1.1107347871597260e+02 ]
covs: !!opencv-matrix
   rows: 18
   cols: 2
   dt: d
   data: [ 4.5553482570743081e+03, 1.0322027574542520e+02,
       1.0322027574542517e+02, 4.3542792474664575e+03,
       3.6899540123572524e+03, 2.2809175172032801e+02,
       2.2809175172032806e+02, 4.5762222883931190e+03,
       3.0966437497075922e+03, -4.0100238523696294e+02,
       -4.0100238523696305e+02, 4.2690443653016346e+03,
       7.0913908340270727e+03, -1.4322852613480800e+01,
       -1.4322852613480789e+01, 4.0284229803987096e+03,
       6.7394202766931621e+03, -4.5453110277715422e+02,
       -4.5453110277715433e+02, 6.1134224382686616e+03,
       3.3987299092776011e+03, -3.9986210245107094e+02,
       -3.9986210245107083e+02, 7.4778611131763491e+03,
       4.6844497643768855e+03, -6.0928834749879911e+02,
       -6.0928834749879900e+02, 5.1930927653587578e+03,
       4.9169611232348352e+03, -3.2612904337065817e+02,
       -3.2612904337065822e+02, 2.1267392330732901e+03,
       6.6347489973283982e+03, -1.0559071422765696e+03,
       -1.0559071422765696e+03, 3.8697812914036199e+03 ]
weights: !!opencv-matrix
   rows: 1
   cols: 9
   dt: d
   data: [ 1.3495773212108836e-01, 1.3638556401473498e-01,
       1.5951266538290831e-01, 7.4622808846684111e-02,
       1.3296681830236892e-01, 7.4303745634153304e-02,
       1.1429942027047112e-01, 1.1309201706254128e-01,
       5.9859228365045980e-02 ]
pca_proj: !!opencv-matrix
   rows: 2
   cols: 21
   dt: f
   data: [ 4.36961316e-02, 8.50134730e-01, 1.73015636e-04,
       6.54514134e-02, 4.60692108e-01, 2.29939164e-04, 7.67599978e-03,
       1.46649793e-01, -1.37564148e-05, 1.21663406e-03, 1.30500361e-01,
       -5.45994153e-05, 8.06188770e-03, 1.42052382e-01, -2.12945142e-05,
       -2.45414903e-05, 9.56867734e-06, -1.94090262e-06, 3.13729906e-05,
       4.34020360e-04, 2.32224409e-07, 7.68702388e-01, -5.10314330e-02,
       1.14127281e-04, 4.21110362e-01, -3.83849256e-02, 4.02935693e-05,
       2.81941950e-01, -1.35209868e-02, 1.95932400e-04, 2.66951323e-01,
       -4.70317341e-03, 2.29704310e-04, 2.76557714e-01, -1.55316098e-02,
       2.11025646e-04, -3.74769334e-05, 5.54774260e-06, -7.89335627e-06,
       8.86836962e-04, -5.85095040e-05, 1.91629806e-04 ]
pca_mean: !!opencv-matrix
   rows: 1
   cols: 21
   dt: f
   data: [ 2.07625534e+02, 2.55653595e+02, 1.54502928e+00,
       2.18915131e+02, 2.60592743e+02, 1.67241716e+00, 2.65274475e+02,
       2.24016678e+02, 1.71669352e+00, 3.19420807e+02, 1.63929108e+02,
       1.75046074e+00, 3.16613464e+02, 2.25532654e+02, 1.70717156e+00,
       1.08872897e-04, -9.74175637e-05, 6.24380555e-05, -2.17504916e-04,
       -2.50119597e-01, 1.75055194e+00 ]
gamma: !!opencv-matrix
   rows: 9
   cols: 1
   dt: d
   data: [ 8.7673445732692412e-01, 8.8407095940508185e-01,
       8.5642004791839554e-01, 8.9367320803375938e-01,
       9.0378341514151506e-01, 9.0836262723711636e-01,
       8.8181735642680825e-01, 8.5195111051385763e-01,
       8.8447075731010205e-01 ]
