%YAML:1.0
means: !!opencv-matrix
   rows: 37
   cols: 6
   dt: d
   data: [ -1.2690969259624767e+02, 1.1093431459662291e+02,
       8.1044972424116217e+00, -5.4651910821988068e+01,
       -1.0486342132547918e+01, 6.3606527755924336e-01,
       1.1541871716624279e+02, 5.6930209419400470e+01,
       1.8320501117882273e+01, -8.1656318363613693e+01,
       -6.4147922260557468e+00, -2.7593389083225013e+00,
       -9.9171257421782727e+01, -8.4495212215966703e+01,
       1.0218609355944994e+02, 2.5989503354967141e+01,
       -2.8173858077650163e+01, 2.6256153710705482e-01,
       3.5060225296868786e+01, 2.4561723977152724e+01,
       -2.1557531932257422e+01, 6.3929229074026654e+00,
       -1.0545250825829674e+01, -2.9246070384420029e+00,
       -6.4060048039751152e+01, -2.4598856985688158e+01,
       1.9264999484598839e+01, 7.5304497226395917e+00,
       1.6172857497645186e+01, 1.7553143798979139e+01,
       -1.5482022534229347e+02, -1.0626471371052624e+02,
       1.5104543165506920e+01, -5.1520571100339119e+01,
       3.1025983575091578e+00, 3.9593565403798250e+00,
       -1.9220757969883724e+01, 8.9634132533881626e+01,
       1.0414708092013238e+00, -3.3388298843202008e+01,
       2.1259514167890984e+01, -1.0562375505188886e+00,
       5.8778763382770009e+01, -2.8764143177464817e+01,
       4.2171956139862576e+00, 6.6928216077094163e+01,
       -3.5692957841033834e-01, 2.2896144089729621e+01,
       -2.9806520003934345e+01, 9.0695347466153180e+01,
       -9.4007623183994689e+00, -4.3413094183895630e+01,
       8.8136946434658796e+00, -1.6819769334168457e+00,
       -1.8271859310142628e+02, -1.9011079362466285e+02,
       2.1047609507027225e+01, -5.5385768285899495e-01,
       -3.1221550034288544e+01, -2.1306784381631236e+00,
       1.0061604079332629e+02, -4.0978824585995362e+01,
       -3.0905578221903088e+01, 4.7215923190524997e+01,
       -2.6089942896296371e+01, 1.0576712891494962e+01,
       1.1513242254849972e+02, 1.5929234676987846e+02,
       3.5601419465208380e+01, -1.5627737224846566e+01,
       -5.6401886542292914e+00, -7.9474253775301102e+00,
       3.2055537898552124e+01, 4.9266141227839441e+01,
       -1.7729725527509860e+01, 3.7447471512782847e+01,
       1.7839924157758542e+01, -5.7807769411995329e+00,
       5.4017547179721191e+01, 1.2388464250115462e+01,
       -4.8937495958230258e+01, -8.1953028393205059e+01,
       -1.1328731812602026e+01, 2.5222040105493497e+00,
       -5.1896515134396083e+01, 1.8044328206386469e+00,
       1.0230839899861046e+02, -1.2264682831374289e+01,
       2.3002377164859262e+00, 7.4222471826545311e+00,
       -1.6750993319652622e+02, -1.7512986048910804e+01,
       3.5555870380245018e+01, -2.1929119035847333e+00,
       -1.0044326166043986e+00, -1.8079159904432437e+01,
       1.0924365376616814e+01, -2.2598697548411178e+02,
       1.0319860840964971e+01, 7.7710465813069007e+01,
       -3.8377982172296927e+00, -2.6280939328800635e+01,
       6.4184016197034781e+00, 3.3840139400800724e+00,
       -8.9594389718908829e+00, -4.3823217319806318e+00,
       2.7693461402588500e+01, -2.1261348230235150e+01,
       -2.1573047335539638e+02, -5.0696861947685399e+01,
       2.8831933180300187e+01, 5.4857034826569219e+01,
       -2.4194359570704727e+01, 2.0496420321867737e-01,
       1.5373681426239429e+02, -6.3266969541225905e+01,
       2.7585104302739126e+01, -4.7583742153083108e+01,
       2.9029269618679900e+00, 7.4367856565875934e-01,
       -1.6833460593013473e+02, 6.1588863157791728e+01,
       2.9865461534751457e+01, -2.5500455563654874e+01,
       -3.8209084421811870e+00, 5.3443136241153475e+00,
       1.0040109452743597e+02, -4.8354523076726444e+01,
       -2.1611677762401644e+01, 3.5996588081327403e+01,
       -2.7230475929753339e+01, 2.3332646007235653e+01,
       9.0118957595686012e+01, -3.1065307038372371e+01,
       6.9822880705015905e+01, 4.2800338694534021e+00,
       3.4741202117337650e+01, -6.0596913538337127e-01,
       1.6796355541288381e+02, 1.3427976526570820e+00,
       -4.9697815690741109e+01, 1.5604668928942193e+01,
       -1.3424616561889524e+01, -9.7158134736986259e+00,
       -2.4105904638200101e+01, -9.6901924512674213e+01,
       -2.6853268706523330e+01, -1.7441523618281117e+01,
       3.4868229127021493e+01, -9.4401874828458798e-01,
       7.2157477598608759e+00, -1.6357960931195637e+02,
       2.3370171896951700e+01, 6.1379167272436163e+01,
       2.7212026726072484e+01, -2.4830255229785678e+01,
       5.4471203600348709e+01, -1.6291282786896062e+02,
       -7.2634073379165276e+00, 7.7018492231436113e+00,
       7.3122777520811493e+00, 2.2111069788750452e+01,
       5.4692714374102096e+01, -1.0268573675434520e+02,
       2.6636588259713219e+00, 4.1276198461305825e+01,
       3.1581235191985307e+01, 1.5191928772072950e+01,
       4.0803109894064143e+01, -7.0744566501919337e+01,
       -5.7321784517704167e+01, -3.0881261693683914e+01,
       7.9573080096593554e+00, -4.6511247596163990e-01,
       1.6058049993577188e+02, 6.8496933010093500e+01,
       -4.2459233860005156e+01, -5.3113540238056456e-01,
       -7.2589471614075842e+00, -5.9485701362096215e+00,
       -7.9641431692776578e+01, 1.3720936342171208e+02,
       -4.9339436804905246e-01, -5.6334468529754830e+01,
       -2.0099967384183596e+01, -1.3320859426007217e+00,
       -2.0527197884796684e+02, 1.3396389722804541e+01,
       3.8928681692317198e+01, -1.5442916481075907e+01,
       -1.2741055039704953e+01, -1.3397161489294756e+01,
       4.6542574869203488e+00, 1.0703936602641397e+02,
       -5.7133938117448466e+01, -2.9074380786182072e+01,
       -2.3490910312019588e+00, -5.2262615773756176e+00,
       -2.1535118622312684e+01, -6.8776746726000908e+01,
       1.1917925338821124e+01, 4.0883540859120373e+01,
       3.5984572143590249e+01, 8.5632469796965633e+00,
       1.6604936791686526e+02, 7.2262677696986486e+01,
       5.6950929120563551e+01, 1.7919975754398060e+01,
       6.3756378827349636e-01, -3.2117178345347055e+00,
       -1.1894035142738659e+02, 3.2264381562980638e+01,
       2.3361306022353020e+01, 1.9220859355326514e+01,
       1.4122207513591441e+01, 1.1360822701875662e+01,
       5.7374390643127562e+01, -1.1647338815451366e+01,
       -1.6917070868669459e+01, 7.3355401089186056e+00,
       -1.1178444730611693e+01, -1.2712417794452179e+01 ]
