%YAML:1.0
means: !!opencv-matrix
   rows: 26
   cols: 5
   dt: d
   data: [ -9.3149724846716719e-01, 1.0849773517787082e+02,
       6.4504302174837647e+01, -5.7065386326379198e+01,
       -4.7674049956005882e-01, 6.4468260155069557e-01,
       -8.1099481612985613e+01, 1.9010841509319019e+00,
       -1.3892411144167411e+01, 3.7330098644069622e+01,
       -1.8077955110632149e+02, 1.0175577682787718e+02,
       6.8982705572072218e+00, -1.8827007434084365e+01,
       -7.1734515723746188e+00, 9.9940761988935520e+01,
       -4.4159793607542284e+01, -2.1109799482301469e+01,
       3.7642067809718412e+01, -2.7444546876403834e+01,
       -1.7477252575336865e+02, -5.1323519951817516e+01,
       1.9238567502687491e+01, -5.5516536846537477e+01,
       -3.0391405639879925e+00, 1.1700579063768986e+02,
       6.8329654782938036e+01, -2.8142104992584596e+01,
       6.1745396234807274e+01, -9.6322659023114703e+00,
       -1.7007589764132042e+01, 1.1271798782945248e+02,
       -6.5279005850694830e+01, -3.4378183796228079e+01,
       -9.3403213456840977e+00, -1.0874862549828705e+02,
       -7.8482858120532817e-01, 3.7414484618756020e+01,
       3.7761464699557514e+01, 4.7604017698593761e+00,
       -5.0520551271250397e+01, -1.2857496695566138e+02,
       -1.5781014327767823e+01, 6.8244755654516041e+01,
       2.0362359122771210e+01, 8.8336380985918964e+01,
       -7.2377863907276875e+01, -8.4294050425576401e+01,
       5.3895126957606436e+00, -1.2506318162925705e+01,
       -1.7064996488928749e+01, -2.5097735863930811e+01,
       -4.3282506299987382e+00, 2.2963428703096948e+01,
       -1.0042639222937995e+01, 6.9993633757743282e+01,
       -1.3468873756082101e+02, 6.4464364078649083e+01,
       4.0283468730017866e+01, 2.1650097329578863e+01,
       -1.1192488472959627e+02, -1.4451174430760258e+02,
       2.6423599783981199e+01, -2.6354499831318481e+01,
       -3.0118454516304269e+00, 9.2738235502298551e+01,
       1.6658384237903414e+02, 2.3432579244136249e+01,
       -2.6534795541386263e+01, -1.0631521096922057e+01,
       -2.1261099060323222e+01, 1.6325610705735068e+02,
       -1.0205542051636876e+01, 8.0895527199683741e+00,
       1.0372242223747259e+01, 1.8190568258227020e+02,
       3.1387848379424099e-01, -4.7340734577733166e+01,
       1.2060151696382494e+01, -1.1883772445769354e+01,
       -7.5930856077405426e+00, 9.5353515490929688e+00,
       -5.3084848045523643e+01, 3.0916709090814333e+01,
       1.9064251540375430e+01, -2.6830112472623625e+01,
       -1.0033990026911846e+02, -6.7443602900739293e+01,
       -3.0659509151994765e+01, 1.1043705762763338e+01,
       -1.8951171198191756e+02, -6.9552205047604545e+01,
       5.5436623542921382e+01, 2.4581259245742086e+01,
       -2.7169016370836619e+01, -1.5794841520103885e+01,
       4.3261035163224307e+01, -2.9141147147947500e+01,
       -6.3442608120103671e+01, 8.1626242654880574e+00,
       1.8057525062846636e+02, 8.6239257740785984e+00,
       4.1429628683642584e+01, -4.1536406774755781e+00,
       -9.8406841641612370e+00, 9.3938871873698204e+01,
       2.7158069541019984e+01, 3.4056974375481623e+01,
       2.4223513609389563e+01, 1.7199286872572642e+01,
       -2.5722634986802143e+02, -7.0303543576564309e+01,
       -4.5362820129867050e+00, 4.3189253116203595e+01,
       -2.0883122321627130e+01, -3.6138263403374268e+01,
       1.1946330972009571e+01, 9.4791314814619071e+01,
       -1.4110961438674780e+01, 6.4302622106614438e+00,
       1.1937310307659244e+02, -9.7010301050747998e+01,
       7.3433733746001586e+00, -4.0591201788858051e+01,
       4.3181409227993841e+00, 7.7542096030596682e+01,
       4.8326170023565901e+01, 5.1410833038648347e+00,
       -9.1752693780156022e+01, -1.5222406186884651e+01 ]
covs: !!opencv-matrix
   rows: 130
   cols: 5
   dt: d
   data: [ 5.3057885408870015e+03, -4.6034511096568355e+02,
       -3.6594319779593400e+02, -3.2462705913334446e+02,
       7.0463357762318003e+02, -4.6034511096568349e+02,
       6.4811531149952152e+03, 7.1589243941272514e+02,
       2.1356940253088119e+03, -2.4758523289009554e+02,
       -3.6594319779593411e+02, 7.1589243941272514e+02,
       6.1079882905143234e+02, 4.0504277565750323e+02,
       -5.9453418140778595e+01, -3.2462705913334446e+02,
       2.1356940253088119e+03, 4.0504277565750323e+02,
       1.4358986460478443e+03, 6.6046297296696110e+01,
       7.0463357762318003e+02, -2.4758523289009551e+02,
       -5.9453418140778595e+01, 6.6046297296696110e+01,
       2.5272211477099776e+02, 4.2637693364169527e+03,
       -3.9261064843290052e+02, 2.6199171736519083e+03,
       -5.3120468056960669e+02, -1.3213797119685162e+02,
       -3.9261064843290058e+02, 5.0412537275810828e+03,
       -3.6438921246381035e+01, 1.7183056575156999e+02,
       -1.3388525224368331e+02, 2.6199171736519074e+03,
       -3.6438921246381035e+01, 2.0692419433872669e+03,
       -6.4708095305266923e+01, -7.4454715715986026e+01,
       -5.3120468056960669e+02, 1.7183056575156996e+02,
       -6.4708095305266937e+01, 1.2263926978271300e+03,
       4.4032416959863440e+01, -1.3213797119685162e+02,
       -1.3388525224368331e+02, -7.4454715715986026e+01,
       4.4032416959863433e+01, 8.0313401459500966e+01,
       4.5965098354918491e+03, 5.0577843570177981e+02,
       1.3211077033549125e+03, -7.5585681417911576e+02,
       5.7770266485282825e+01, 5.0577843570177970e+02,
       5.1570027196233950e+03, 4.9380399887445947e+01,
       1.1039062998791462e+03, -1.3732258815615694e+02,
       1.3211077033549125e+03, 4.9380399887445911e+01,
       1.9081948794149521e+03, 5.1439047580933811e+02,
       5.0932243690381071e+01, -7.5585681417911576e+02,
       1.1039062998791462e+03, 5.1439047580933811e+02,
       1.5168135612461667e+03, 1.5404942449970332e+02,
       5.7770266485282839e+01, -1.3732258815615694e+02,
       5.0932243690381071e+01, 1.5404942449970335e+02,
       1.5265140101079757e+02, 4.1220629942066198e+03,
       -1.5345995618995155e+02, 2.8741139193655235e+03,
       -8.3370044817169241e+02, -7.4751702227368170e+01,
       -1.5345995618995153e+02, 5.0469706600410509e+03,
       8.6048002468629932e+02, 2.6733648493193878e+03,
       -4.0638697270100877e+01, 2.8741139193655231e+03,
       8.6048002468629898e+02, 2.4832358740645273e+03,
       -1.2922096366354117e+02, -8.8024453103458285e+01,
       -8.3370044817169241e+02, 2.6733648493193878e+03,
       -1.2922096366354108e+02, 1.7507063161253002e+03,
       6.7489821750130474e+01, -7.4751702227368170e+01,
       -4.0638697270100892e+01, -8.8024453103458285e+01,
       6.7489821750130474e+01, 3.5489036005363928e+01,
       5.6847369291303903e+03, 9.6594738646644805e+02,
       2.1410379615729930e+03, -8.4841102273180741e+02,
       2.1679315502152397e+02, 9.6594738646644794e+02,
       3.5332939308878581e+03, -2.8838465134072305e+02,
       -1.6552701949901009e+02, 1.6160484572924520e+02,
       2.1410379615729930e+03, -2.8838465134072300e+02,
       1.9237926955576879e+03, -2.6232948255904626e+02,
       -1.3497993316668081e+02, -8.4841102273180741e+02,
       -1.6552701949901009e+02, -2.6232948255904620e+02,
       1.0051489224647991e+03, -8.1663408119175305e+00,
       2.1679315502152397e+02, 1.6160484572924520e+02,
       -1.3497993316668078e+02, -8.1663408119175358e+00,
       1.0301262975389828e+02, 6.2045951458771233e+03,
       1.1992757710409999e+03, 2.0710466096359060e+03,
       -5.7827916248992290e+02, -1.6535025906331356e+02,
       1.1992757710410001e+03, 4.9007233778021573e+03,
       -3.7248251213362784e+02, -6.7651202815403701e+02,
       -5.2834431671022690e+00, 2.0710466096359060e+03,
       -3.7248251213362784e+02, 2.0137392562965927e+03,
       -2.6083138580877409e+02, -8.6468850628229731e+01,
       -5.7827916248992290e+02, -6.7651202815403690e+02,
       -2.6083138580877409e+02, 8.3740448481267924e+02,
       1.9930289199389506e+01, -1.6535025906331356e+02,
       -5.2834431671022708e+00, -8.6468850628229731e+01,
       1.9930289199389506e+01, 9.0890915826084566e+01,
