%YAML:1.0
means: !!opencv-matrix
   rows: 6
   cols: 4
   dt: d
   data: [ -8.7847470808973789e+00, -1.0264310127990332e+02,
       1.1006884299026508e+01, 5.0470088193128255e+01,
       6.3155188648561008e+01, -1.2209790690987565e+02,
       -2.9723590532976317e+01, -2.0908417853350631e+01,
       1.0522974479145900e+02, 1.9264344144844845e+01,
       4.4738196010232755e+01, -1.6192462653242444e+01,
       -2.4560602444174314e+01, 1.8907404087831571e+02,
       -7.6916684136148350e-01, -4.5727085189751380e+00,
       8.4413708461599786e+00, 2.7857749900873522e+01,
       -4.0623080753912042e+01, 4.3444626153093360e+00,
       -1.8068506345009942e+02, -3.1223462701639992e+01,
       3.8277997158532244e+01, 6.1840814220459750e+00 ]
covs: !!opencv-matrix
   rows: 24
   cols: 4
   dt: d
   data: [ 5.3284903996571402e+03, -2.2846427828803726e+03,
       2.5693474425996205e+03, -7.9354390126962664e+02,
       -2.2846427828803726e+03, 1.3520444455796578e+04,
       7.8421208445835794e+02, 7.7101406921297087e+02,
       2.5693474425996214e+03, 7.8421208445835794e+02,
       2.0340731209933729e+03, -1.9833268822015117e+02,
       -7.9354390126962664e+02, 7.7101406921297109e+02,
       -1.9833268822015117e+02, 1.7165835183421748e+03,
       1.0938170403669366e+04, 8.7753740942954607e+02,
       5.1820808788910335e+02, -3.4705195868519257e+02,
       8.7753740942954619e+02, 2.5496656327458509e+03,
       -6.3164428787028328e+02, -4.5839003275653732e+02,
       5.1820808788910335e+02, -6.3164428787028316e+02,
       2.8509348620098035e+03, -4.1499363127356753e+02,
       -3.4705195868519269e+02, -4.5839003275653732e+02,
       -4.1499363127356764e+02, 8.5233971335380522e+02,
       9.6567392998376636e+03, -3.6599253476283377e+02,
       -1.7364986755227962e+03, 1.4030715453383225e+03,
       -3.6599253476283371e+02, 7.0837028984590506e+03,
       1.1857756380574062e+02, 1.7312615438044091e+02,
       -1.7364986755227962e+03, 1.1857756380574067e+02,
       1.1769427572027876e+03, 4.1144449050891501e+02,
       1.4030715453383225e+03, 1.7312615438044094e+02,
       4.1144449050891501e+02, 3.0808229632631183e+03,
       1.1197436217763776e+04, 1.5868744516496858e+02,
       1.5284457269583190e+03, -2.0396770003471229e+02,
       1.5868744516496864e+02, 2.5978896829384753e+03,
       -5.0173895856556655e+01, 2.1884643204218409e+02,
       1.5284457269583190e+03, -5.0173895856556669e+01,
       2.5464248283747656e+03, -5.0111072818187705e+02,
       -2.0396770003471221e+02, 2.1884643204218415e+02,
       -5.0111072818187694e+02, 6.9734271530645788e+02,
       9.8880202924869864e+03, -3.4195229535690680e+02,
       1.0551910666600511e+02, 1.8799547665184505e+03,
       -3.4195229535690692e+02, 5.4119951959085438e+03,
       -1.8407043468697701e+01, 6.6922437436149409e+01,
       1.0551910666600514e+02, -1.8407043468697690e+01,
       1.7320251738724355e+03, 1.4096703106960891e+02,
       1.8799547665184502e+03, 6.6922437436149437e+01,
       1.4096703106960891e+02, 3.4601413819023928e+03,
       5.9519537048516768e+03, -2.6444825178923463e+02,
       2.7340395120744001e+03, -5.0947093554742730e+02,
       -2.6444825178923463e+02, 1.0384045920992401e+04,
       3.5727511161607765e+02, 8.0197968423270868e+02,
       2.7340395120744001e+03, 3.5727511161607771e+02,
       2.3204895614655702e+03, 1.4841598609936662e+02,
       -5.0947093554742742e+02, 8.0197968423270834e+02,
       1.4841598609936668e+02, 2.4026456560690558e+03 ]
weights: !!opencv-matrix
   rows: 1
   cols: 6
   dt: d
   data: [ 7.6742324381257818e-02, 1.1899706096827818e-01,
       2.2050502069723493e-01, 7.4739588442088042e-02,
       3.3713664987615100e-01, 1.7187935563496629e-01 ]
pca_proj: !!opencv-matrix
   rows: 4
   cols: 21
   dt: f
   data: [ 1.02604255e-02, 8.46533298e-01, 5.67100069e-05,
       -5.08859605e-02, 4.68450844e-01, 1.89823491e-04, -5.55210514e-03,
       1.46431834e-01, -1.98076777e-05, -7.31809530e-03, 1.34976640e-01,
       -4.80776835e-05, -6.69380091e-03, 1.46460637e-01, -1.57161594e-05,
       2.11501210e-05, 1.32904761e-05, -3.16381829e-07, -1.62182951e-05,
       4.47223283e-04, 4.04881848e-06, 8.19958210e-01, 1.87153444e-02,
       -7.93817599e-05, 4.28530097e-01, 8.29724409e-03, 8.75842488e-06,
       2.28233948e-01, -2.37727305e-03, -1.84168690e-04, 2.08515689e-01,
       -1.20344283e-02, -2.14158339e-04, 2.18838796e-01, -7.27251405e-04,
       -1.84816250e-04, -3.05604735e-05, -5.04301033e-06,
       -1.27042276e-05, 6.79167337e-04, 1.30049409e-06, -1.63660501e-04,
       -1.48704097e-01, -3.29387456e-01, -1.82470303e-05, 1.08596861e-01,
       1.49965823e-01, -1.77574475e-04, 1.29315495e-01, 5.12750924e-01,
       2.36419466e-04, 1.37444586e-01, 5.11233926e-01, 2.85520800e-04,
       1.36541247e-01, 5.06532609e-01, 2.30281497e-04, -1.19767010e-05,
       -4.37137305e-06, 1.85016711e-06, 4.23374237e-04, 1.63331581e-03,
       1.86568883e-04, -4.72028166e-01, 1.25829116e-01, -3.95576280e-05,
       1.75304204e-01, -4.03850079e-02, -1.91588406e-04, 4.72358793e-01,
       -1.55570537e-01, 3.14154240e-05, 4.64089781e-01, -1.42328069e-01,
       9.23298430e-05, 4.71241623e-01, -1.54795542e-01, 4.75230554e-05,
       -2.49870754e-05, 5.87460408e-06, 1.53038200e-05, 1.49897439e-03,
       -5.03496267e-04, 3.15210091e-05 ]
pca_mean: !!opencv-matrix
   rows: 1
   cols: 21
   dt: f
   data: [ 4.33646118e+02, 2.44701981e+02, 1.49672687e+00,
       4.18191803e+02, 2.60206879e+02, 1.62062907e+00, 3.68545319e+02,
       2.27059875e+02, 1.69770968e+00, 3.19420807e+02, 1.63929108e+02,
       1.75046074e+00, 3.16613464e+02, 2.25532654e+02, 1.70717156e+00,
       1.08872897e-04, -9.74175637e-05, 6.24380555e-05, -2.17504916e-04,
       -2.50119597e-01, 1.75055194e+00 ]
gamma: !!opencv-matrix
   rows: 6
   cols: 1
   dt: d
   data: [ 9.0291120314405926e-01, 8.4160525658348495e-01,
       8.5235802224363155e-01, 8.7900702993457958e-01,
       9.0329276518522406e-01, 9.2967153675599112e-01 ]
