%YAML:1.0
means: !!opencv-matrix
   rows: 36
   cols: 2
   dt: d
   data: [ -9.1861154031838453e+01, 5.3642366696957730e+01,
       1.8908055034205879e+02, 1.7777787790653714e+00,
       -1.6156195781212463e+02, -9.7335221537540676e+01,
       7.2839731353878918e+01, 8.1006734441822644e+01,
       8.6358210650961809e+01, -1.1928606032853834e+02,
       1.2745700603556955e+02, 1.4983536355179837e+02,
       1.5619664841643805e+02, -7.5077791427782813e+01,
       -1.2223392492664851e+02, 1.4784809070832122e+02,
       -9.0300559420411474e+01, -1.5112241209204296e+02,
       -2.8451652996199846e+02, 2.1226106895192149e+01,
       2.4630233464223444e+01, -7.7687806242594547e+01,
       3.3164180420518385e+01, 1.4460616984383176e+02,
       -2.6432024566478225e+02, -1.0956595535605767e+02,
       9.1191303528212771e+01, -4.6137720585496602e+01,
       -2.2183286993419173e+02, -2.4954180417030919e+01,
       -1.4070413876225592e+02, 3.9280068607500301e-02,
       6.4097780217987491e+01, -2.0759093426703043e+02,
       -1.8814568413195676e+02, 6.2816040242057241e+01,
       -4.2328698991983678e+01, 1.9382629644719088e+02,
       -5.2390383618633514e+01, 1.1732664434397846e+02,
       2.4301656512372389e+02, -7.1555425298743714e+01,
       6.8890281866719889e+01, 1.5090662431727580e+01,
       -6.0954899362402069e+00, 5.7534252783433324e+01,
       -9.6930994897609949e+01, -5.1208892536465335e+01,
       1.2493917844650794e+02, 2.5832110976621646e+01,
       1.5724229194533194e+02, -1.4516684918711226e+02,
       -2.0401633838191864e+02, -1.7797426688687517e+02,
       -4.5814471613805523e+01, -6.7957942909670868e+00,
       -2.2491967560640984e+02, 1.5446726232728815e+02,
       -4.7850186650208400e+01, -2.6676181330263353e+02,
       1.9598466919979856e+01, -1.0394162715816019e+01,
       -4.4493520365906718e+01, -8.5033620569946294e+01,
       1.6250053332239921e+02, 7.8151963937644055e+01,
       2.4906545345105522e+02, 6.5394006559190501e+01,
       4.7348574902090697e+01, 2.1662154487083555e+02,
       1.9215498175819641e+00, -1.4789362914799406e+02 ]
covs: !!opencv-matrix
   rows: 72
   cols: 2
   dt: d
   data: [ 1.1964028507181533e+03, -6.3220582236874279e+01,
       -6.3220582236874279e+01, 1.5050964567773576e+03,
       1.2974509994254911e+03, 7.7681025252745954e+01,
       7.7681025252745968e+01, 1.9709598924056284e+03,
       1.4670867831655589e+03, -2.0770257901388058e+02,
       -2.0770257901388061e+02, 1.6945997912335479e+03,
       1.3330992826469533e+03, 2.6770954700708165e+02,
       2.6770954700708165e+02, 1.3880340181663476e+03,
       1.1584244129508488e+03, 1.9378307180813320e+02,
       1.9378307180813320e+02, 1.7185032481260400e+03,
       2.5976892911324508e+03, 7.0741287911984739e+02,
       7.0741287911984739e+02, 2.4767895690258424e+03,
       1.3628106959266606e+03, 2.2840395733982328e+02,
       2.2840395733982328e+02, 1.8608148807798436e+03,
       2.0639233151941835e+03, 5.7586765432500897e+01,
       5.7586765432500925e+01, 2.6084361311566768e+03,
       1.5267346598516954e+03, -4.3610391739646855e+02,
       -4.3610391739646855e+02, 2.3461977479341463e+03,
       1.5784347988221275e+03, -6.1672996227273359e+01,
       -6.1672996227273380e+01, 3.3848347506163668e+03,
       9.3138120232726601e+02, 2.0933680681192222e+01,
       2.0933680681192207e+01, 1.5770252483058803e+03,
       2.1900475345196674e+03, 2.5880181721116190e+02,
       2.5880181721116196e+02, 1.6543745005767526e+03,
       2.1122770274015693e+03, -5.3086880497432446e+02,
       -5.3086880497432458e+02, 3.0959182619583635e+03,
       9.9239515204374970e+02, 5.2237715252414795e+01,
       5.2237715252414795e+01, 1.1503223263449465e+03,
       1.2270831179499598e+03, 1.6200683819720646e+02,
       1.6200683819720646e+02, 2.5926315694489776e+03,
       1.3036176880046714e+03, 1.2562472962212109e+02,
       1.2562472962212111e+02, 1.5988025245775909e+03,
       2.4235627002718738e+03, -1.6673393292951826e+03,
       -1.6673393292951828e+03, 5.5561602937469270e+03,
       1.4948707387296895e+03, 9.3931481563184676e+01,
       9.3931481563184661e+01, 2.5478991326171595e+03,
       2.3823316138536211e+03, -6.6950776411273625e+02,
       -6.6950776411273625e+02, 2.6755431397945977e+03,
       1.9038033364219123e+03, -1.6555234663308195e+02,
       -1.6555234663308195e+02, 1.4727915081319652e+03,
       2.2918333779321874e+03, 2.6076242129864710e+02,
       2.6076242129864710e+02, 3.5489019734708195e+03,
       8.7782738838617558e+02, -1.8651483794880491e+02,
       -1.8651483794880491e+02, 9.4742323055560928e+02,
       1.3657992341852273e+03, 1.0866895132798902e+02,
       1.0866895132798899e+02, 1.3228089264246410e+03,
       8.7781116708598597e+02, 5.6867610135257031e+01,
       5.6867610135257031e+01, 1.5471498427664030e+03,
       9.4801978651166621e+02, -4.2006063748666708e+02,
       -4.2006063748666702e+02, 1.5107664639496538e+03,
       2.2879742398475973e+03, 6.8398479872129974e+02,
       6.8398479872129974e+02, 2.0085561602628286e+03,
       3.2197638498552137e+03, 1.2845490111839166e+02,
       1.2845490111839169e+02, 3.2657056806006412e+03,
       1.2135608302983012e+03, -7.5270327853917379e+01,
       -7.5270327853917379e+01, 1.3387211906767661e+03,
       3.6419527164456281e+03, 1.5557914589915506e+03,
       1.5557914589915506e+03, 4.4293881725790579e+03,
       3.7235029009085306e+03, -1.4220332847124569e+03,
       -1.4220332847124569e+03, 3.8030001178528596e+03,
       9.2748459046523965e+02, -6.6276665059566113e+01,
       -6.6276665059566128e+01, 1.1648726495439898e+03,
       1.0894379440214345e+03, 2.7583717981679007e+02,
       2.7583717981679007e+02, 1.4918991882722562e+03,
       1.5757889693256120e+03, -7.8109080456612205e+01,
       -7.8109080456612205e+01, 1.8515566182143741e+03,
       1.8110488634377205e+03, 6.7925418207936033e+01,
       6.7925418207936076e+01, 4.1852558974940866e+03,
       2.7534141542597722e+03, 1.1792916887164510e+02,
       1.1792916887164509e+02, 2.3678903949530122e+03,
       1.4777926561718491e+03, -2.2126044015831610e+02,
       -2.2126044015831610e+02, 1.7821468627934555e+03 ]
weights: !!opencv-matrix
   rows: 1
   cols: 36
   dt: d
   data: [ 4.0238169361838015e-02, 2.4712473370960213e-02,
       2.2758577240084479e-02, 3.8768464590143437e-02,
       3.7096592471644728e-02, 2.4845039958860653e-02,
       3.2252761201879469e-02, 2.3626028045739701e-02,
       2.6554841289776039e-02, 1.4607232698660912e-02,
       4.0638917139269710e-02, 2.9792915168188570e-02,
       1.6475495363706925e-02, 3.9589987341713359e-02,
       2.2446208991367626e-02, 2.9512606679965241e-02,
       1.3263870763305855e-02, 2.9347711916713634e-02,
       2.5141912371667151e-02, 3.2596484251471748e-02,
       2.0333028623526154e-02, 3.5661768361805367e-02,
       5.0889782902746615e-02, 2.9278917267924351e-02,
       3.9815686175717867e-02, 2.1596157337529117e-02,
       1.4598188282078092e-02, 3.9951160816602251e-02,
       1.6632165512889395e-02, 1.0431157956399416e-02,
       3.8172856833472657e-02, 2.7181092722969501e-02,
       2.8315397641557740e-02, 1.8909364138622889e-02,
       1.6172268454797346e-02, 2.7794716754376305e-02 ]
