%YAML:1.0
means: !!opencv-matrix
   rows: 2
   cols: 15
   dt: d
   data: [ -9.9313380429507887e+01, -3.2675663697906195e+01,
       2.0787588952547999e+01, 3.6379503538921667e+00,
       -9.2631137441046025e+00, -7.3227229994713410e+00,
       -2.3796437241352524e+00, 2.2281398527325724e-01,
       7.1043349632279806e-01, 3.0291610402137806e-02,
       -4.6335813208723847e-02, -1.2799770091370977e-02,
       -6.0327442463741533e-03, 2.8723284410683871e-03,
       -2.0435051164625407e-03, 4.4945489845858553e+01,
       1.4785391109891270e+01, -9.4096442961967526e+00,
       -1.6457780193742335e+00, 4.1918443730507100e+00,
       3.3105740217365187e+00, 1.0766635771838584e+00,
       -1.0073063167114248e-01, -3.2011969979535648e-01,
       -1.0957956619579668e-02, 2.0735525450709811e-02,
       5.6440567037742608e-03, 2.7330970896252875e-03,
       -1.2458696628100073e-03, 9.4551380296765454e-04 ]
covs: !!opencv-matrix
   rows: 30
   cols: 15
   dt: d
   data: [ 1.6752376587293700e+04, -1.5672971534928395e+03,
       4.6221806968584997e+02, -1.4519180590817450e+01,
       4.9914810256356094e+02, -4.2174410781149351e+02,
       -1.1845504221108845e+02, 2.6002259180444611e+01,
       1.6542182686578218e+02, -4.1118159727963093e+00,
       -4.6372131829763141e+00, -1.1404867540506924e+00,
       -8.9338991068872620e-01, 5.4939823540354493e-01,
       -1.2326259873369285e+00, -1.5672971534928395e+03,
       1.4732794131119701e+04, 2.5459442450870822e+02,
       -6.4985636136623157e+02, 2.3192915737460490e+02,
       4.4760521401990400e+02, -2.7175687504597647e+01,
       4.1043447762422048e+01, 5.8687275087581568e+01,
       2.8313753118370109e+01, 4.4875419772482833e-01,
       8.3751084100109008e-01, -5.1080552502520016e-01,
       5.0907510950497177e-02, 6.4365443411781709e-01,
       4.6221806968584997e+02, 2.5459442450870833e+02,
       3.1834729601498593e+03, 8.4660117713597913e+01,
       -1.7206720181851307e+02, 4.7254869772676592e+01,
       9.5858953202439903e+00, -7.1103662004538837e+00,
       -3.0938585228223399e+01, -3.6517876252861479e+00,
       1.4531746384381015e+00, 5.8347303419425067e-01,
       1.1576288787618688e-01, -1.6277772123810888e-01,
       1.7921030549942635e-01, -1.4519180590817481e+01,
       -6.4985636136623134e+02, 8.4660117713597913e+01,
       3.0583921010186505e+03, -6.0368434986568857e+01,
       -1.2380640752525387e+02, 8.2516940497263960e+00,
       -2.2055218048023381e+01, -1.7418845760212836e+01,
       -2.0675793212258040e+00, -9.6611569290005128e-01,
       -3.3417089206148137e-01, 1.4853782579820216e-01,
       5.1196078212047684e-02, -2.7422279343056088e-01,
       4.9914810256356094e+02, 2.3192915737460501e+02,
       -1.7206720181851313e+02, -6.0368434986568865e+01,
       3.1954723723296803e+02, 4.0025918789324484e+00,
       -7.1216053151323244e+00, 1.7023497877705775e+01,
       2.0117152095444855e+01, -1.7431063741971675e+00,
       -9.3989332172380435e-01, -2.7811127736479047e-01,
       -5.8865060065680139e-02, 2.4450939564767619e-02,
       -1.0326069726373510e-01, -4.2174410781149362e+02,
       4.4760521401990400e+02, 4.7254869772676606e+01,
       -1.2380640752525387e+02, 4.0025918789324448e+00,
       2.5535647765070917e+02, -4.1712342027097300e+00,
       -1.2329694334056392e-01, -5.4261108712084860e-01,
       4.4085747078597395e+00, -2.9525427089279388e-01,
       2.4856546466533111e-01, -4.0499248734764876e-02,
       -1.1829730865556557e-02, 9.0286898907944446e-02,
       -1.1845504221108844e+02, -2.7175687504597644e+01,
       9.5858953202439867e+00, 8.2516940497263978e+00,
       -7.1216053151323244e+00, -4.1712342027097300e+00,
       3.8359070169889975e+01, -5.9472010017626709e-01,
       -5.0579087185587479e+00, -2.4356314325031009e-01,
       -8.5660461475340094e-02, -1.6198268229513529e-01,
       4.9475410880956507e-02, -1.1468894968770153e-02,
       2.8367175801517611e-02, 2.6002259180444611e+01,
       4.1043447762422048e+01, -7.1103662004538872e+00,
       -2.2055218048023388e+01, 1.7023497877705775e+01,
       -1.2329694334056389e-01, -5.9472010017626709e-01,
       1.8854240819249096e+01, 1.8072830573025334e+00,
       -1.2446080790347955e+00, 3.6846301494519874e-02,
       1.3035036970922353e-02, -4.9960197332454721e-03,
       -2.6707585274832003e-02, 1.6399477332256295e-02,
       1.6542182686578218e+02, 5.8687275087581568e+01,
       -3.0938585228223399e+01, -1.7418845760212832e+01,
       2.0117152095444855e+01, -5.4261108712084904e-01,
       -5.0579087185587479e+00, 1.8072830573025334e+00,
       1.2604084479750147e+01, -1.0448261289402352e-01,
       -7.6622253337981904e-03, -2.4529047667173291e-02,
       -2.9379180541041390e-02, -1.4624807739321531e-03,
       6.0113738330202608e-03, -4.1118159727963084e+00,
       2.8313753118370109e+01, -3.6517876252861474e+00,
       -2.0675793212258036e+00, -1.7431063741971680e+00,
       4.4085747078597395e+00, -2.4356314325031014e-01,
       -1.2446080790347955e+00, -1.0448261289402352e-01,
       2.6855678836951475e+00, -4.1597986812788236e-02,
       2.0117195111345863e-05, -7.2909666712025391e-03,
       2.4640679606265904e-02, -1.1742456874845003e-03,
       -4.6372131829763132e+00, 4.4875419772482794e-01,
       1.4531746384381012e+00, -9.6611569290005128e-01,
       -9.3989332172380435e-01, -2.9525427089279405e-01,
       -8.5660461475340052e-02, 3.6846301494519861e-02,
       -7.6622253337981939e-03, -4.1597986812788236e-02,
       4.7051170682560921e-02, 1.2726390816928245e-03,
       -5.0438463699092548e-04, -2.9714243891275659e-04,
       -1.8637557610465399e-04, -1.1404867540506920e+00,
       8.3751084100109008e-01, 5.8347303419425067e-01,
       -3.3417089206148137e-01, -2.7811127736479041e-01,
       2.4856546466533111e-01, -1.6198268229513532e-01,
       1.3035036970922353e-02, -2.4529047667173291e-02,
       2.0117195111344958e-05, 1.2726390816928245e-03,
       1.4646758720394067e-02, -1.1485037799553813e-03,
       7.8797849229708458e-05, -1.5042833413349468e-03,
       -8.9338991068872642e-01, -5.1080552502520027e-01,
       1.1576288787618683e-01, 1.4853782579820221e-01,
       -5.8865060065680139e-02, -4.0499248734764876e-02,
       4.9475410880956507e-02, -4.9960197332454721e-03,
       -2.9379180541041390e-02, -7.2909666712025391e-03,
       -5.0438463699092548e-04, -1.1485037799553810e-03,
       2.7752825821202184e-03, -1.2908663426977894e-04,
       1.5203343156341363e-04, 5.4939823540354493e-01,
       5.0907510950497163e-02, -1.6277772123810888e-01,
       5.1196078212047684e-02, 2.4450939564767619e-02,
       -1.1829730865556557e-02, -1.1468894968770148e-02,
       -2.6707585274832010e-02, -1.4624807739321536e-03,
       2.4640679606265904e-02, -2.9714243891275648e-04,
       7.8797849229708485e-05, -1.2908663426977894e-04,
       2.7299709983918787e-03, -2.8290481206902311e-06,
       -1.2326259873369285e+00, 6.4365443411781709e-01,
       1.7921030549942632e-01, -2.7422279343056083e-01,
       -1.0326069726373509e-01, 9.0286898907944446e-02,
       2.8367175801517614e-02, 1.6399477332256291e-02,
       6.0113738330202626e-03, -1.1742456874845003e-03,
       -1.8637557610465388e-04, -1.5042833413349468e-03,
       1.5203343156341368e-04, -2.8290481206902366e-06,
       1.8079296384184850e-03, 1.1552202208298237e+04,
       -1.4238848883540231e+03, 1.1480708683546668e+03,
       2.4405546855438322e+02, -8.3065415725430944e+02,
       -2.8705786907267856e+02, -1.0173948754617879e+02,
       2.7742762896177968e+00, -2.8546420946780703e+01,
       3.7140332218260479e+00, -9.1589672335679384e-01,
       -3.1275527125067348e-01, 1.0327357617323530e-02,
       -6.3544446242862290e-02, 4.2350829624947572e-01,
       -1.4238848883540231e+03, 1.0746933758710791e+04,
       3.3131376035335484e+02, 3.7224282093701754e+02,
       -3.0392898375429746e+02, -3.5980964933506101e+02,
       -3.8810582691866394e+01, -1.3790322269892696e+01,
       -1.1320850660237104e+01, -1.2205001047182181e+01,
