%YAML:1.0
means: !!opencv-matrix
   rows: 4
   cols: 21
   dt: d
   data: [ 2.0012208719813421e+02, 1.0774625258953684e+02,
       1.5138110856213216e+00, 2.0727554521919873e+02,
       1.7983105905103383e+02, 1.6156405507149605e+00,
       2.6599076380174665e+02, 2.2047418978275650e+02,
       1.7199217015503057e+00, 3.2225896685540874e+02,
       1.6482077685856541e+02, 1.7690837401221735e+00,
       3.1768596620648663e+02, 2.2324320131745810e+02,
       1.7090891790480682e+00, 1.1600002109752527e-03,
       -2.3796820476661216e-03, -3.4192983127924405e-04,
       8.8643463211788523e-04, -2.5253107085753324e-01,
       1.7499105382726370e+00, 2.4141317553350601e+02,
       3.5241694294088364e+02, 1.6729881034641874e+00,
       2.0922441902329172e+02, 2.8273098504655940e+02,
       1.7540957447700514e+00, 2.6207080377400871e+02,
       2.2672111614394743e+02, 1.7174917763235036e+00,
       3.1464619651849148e+02, 1.6421540400734708e+02,
       1.7327650675585329e+00, 3.1327333240935980e+02,
       2.2675900140473365e+02, 1.6991999234734110e+00,
       -9.7173446410833293e-05, 6.3111170493483279e-04,
       3.7298571010944314e-04, -7.6082874998312081e-04,
       -2.4850259800490210e-01, 1.7492662591900505e+00,
       1.9465635698650627e+02, 3.0068200969214723e+02,
       1.5459574901012378e+00, 2.2235404005774791e+02,
       2.9018861023902997e+02, 1.6952754696340953e+00,
       2.6519229116086223e+02, 2.2430303294382298e+02,
       1.7193146130599954e+00, 3.1972337351418167e+02,
       1.6419278414974315e+02, 1.7483747442797783e+00,
       3.1692228713805827e+02, 2.2577867835153077e+02,
       1.7066053938681307e+00, -2.7070227693266674e-04,
       8.4240425917549188e-04, 3.3838306007280409e-04,
       -1.0244168993441465e-03, -2.4901971168617751e-01,
       1.7518948186192231e+00, 2.4582346188502839e+02,
       2.2777989151112584e+02, 1.4754764836630516e+00,
       2.3345709444039889e+02, 2.5233332046548637e+02,
       1.5955407755313793e+00, 2.6739590384392460e+02,
       2.2644617350268885e+02, 1.6986831994962550e+00,
       3.1758985885342884e+02, 1.6092987617629663e+02,
       1.7435450226721545e+00, 3.1652911573255000e+02,
       2.2731902171804114e+02, 1.7139222571541173e+00,
       1.1461345347761185e-04, -8.8059209706263400e-04,
       -7.2597936933022642e-04, 1.8829168919974194e-03,
       -2.5221408813420865e-01, 1.7469675567850185e+00 ]
covs: !!opencv-matrix
   rows: 84
   cols: 21
   dt: d
   data: [ 8.4108785901713418e+03, -1.2274735968899147e+03,
       8.0597357235408995e-01, 3.6242360535401076e+03,
       -1.1158481170007465e+03, 2.0070264415675113e-01,
       1.4382212806613841e+03, 4.3457066132769910e+01,
       2.0410890129074128e+00, 1.3537727044865935e+03,
       1.9595949059965892e+02, 2.1463492812134635e+00,
       1.3817408789107155e+03, 7.6384178963324160e+01,
       1.9860244900787900e+00, 7.6166698350709078e-02,
       2.3068556015301032e-02, -5.6972425120288439e-02,
       4.5817249334467407e+00, 1.3471264674150482e-02,
       1.6267795976356387e+00, -1.2274735968899149e+03,
       3.3286922879959247e+03, 1.4620631984261687e+00,
       -3.8501886878421038e+02, 2.6302697970689974e+03,
       1.4809467778930072e+00, 1.2238002426998355e+02,
       1.4482795001170155e+03, 1.7522473929113154e+00,
       3.6223311019884193e+01, 1.4026874203989260e+03,
       1.6093978196378851e+00, 7.0717355021423174e+01,
       1.4303391009352626e+03, 1.7470175145396500e+00,
       -2.4164574950445775e-01, 3.0414762568641420e-02,
       4.4563399371832679e-02, 1.2402983589934258e-01,
       4.4914119673748578e+00, 1.7689122367509664e+00,
       8.0597357235409028e-01, 1.4620631984261683e+00,
       3.3601954364052590e-02, 5.3810903657094178e-01,
       2.3347519138696615e-01, 2.8169647591605590e-02,
       6.4633364554429351e-01, 2.1253631462291400e-01,
       1.9714159593261765e-02, -5.4573713377548988e-02,
       6.7037133081835820e-01, 1.8867128248530790e-02,
       5.2817130965707337e-02, 1.1575477051967963e-01,
       1.9553567774533501e-02, -4.4815817767834979e-05,
       -4.4378217315336517e-05, 8.8800336735902032e-04,
       -1.8653482876599877e-05, 1.8101818806539141e-04,
       2.0662421505373077e-02, 3.6242360535401081e+03,
       -3.8501886878421038e+02, 5.3810903657094156e-01,
       2.3395730604834293e+03, -4.2142103884362911e+02,
       7.7906586158263391e-01, 1.3911406506783151e+03,
       4.3385942754868530e+01, 1.5990389242411411e+00,
       1.3012508598585978e+03, 1.1979970403338240e+02,
       1.6455437342441985e+00, 1.3504153577408370e+03,
       4.5727730444279857e+01, 1.5825270775582714e+00,
       -7.8629457109692547e-02, 3.6109608883982819e-02,
       -9.8727890030667325e-03, 4.3245788883516969e+00,
       1.9852994271579077e-02, 1.4380911521297945e+00,
       -1.1158481170007465e+03, 2.6302697970689969e+03,
       2.3347519138696624e-01, -4.2142103884362916e+02,
       2.3871276637210467e+03, 2.9136762438803310e-01,
       7.4731955263587651e+01, 1.3536789303667415e+03,
       7.8963960964700053e-01, 3.0517566984804546e+01,
       1.2973142668873829e+03, 7.1354174112695234e-01,
       5.1888573931663558e+01, 1.3450967640550646e+03,
       7.8093835770156717e-01, -2.2487513780028853e-01,
       -9.7855264999937835e-03, 6.6070673370429633e-03,
       9.6071536055573115e-02, 4.2425556677368705e+00,
       7.1619462957520652e-01, 2.0070264415675110e-01,
       1.4809467778930072e+00, 2.8169647591605590e-02,
       7.7906586158263358e-01, 2.9136762438803310e-01,
       2.6889488484313880e-02, 6.7282481114125592e-01,
       1.7038542093212528e-01, 2.0289103918697073e-02,
       -2.6339660929824083e-02, 6.9958753795380235e-01,
       1.9652913950182888e-02, 6.0325317126027310e-02,
       9.0488661248906019e-02, 2.0112692874591352e-02,
       -3.5455893485749402e-05, 3.5313190733534289e-04,
       9.0316235012283469e-04, 8.6870009768067615e-08,
       5.1148918663964790e-05, 2.0727484876108492e-02,
       1.4382212806613841e+03, 1.2238002426998355e+02,
       6.4633364554429362e-01, 1.3911406506783151e+03,
       7.4731955263587636e+01, 6.7282481114125614e-01,
       1.2991898726594688e+03, 2.7632215645406205e+01,
       6.4380871929652184e-01, 1.2325221901442333e+03,
       3.5971432038402916e+01, 6.2590220517182982e-01,
       1.2880806526902857e+03, 1.7854475635191726e+01,
       6.3917608518362312e-01, -1.4875691015475920e-01,
       2.8975870970479795e-02, 1.2592811044434942e-02,
       4.0869256174449600e+00, 3.3162020332764962e-02,
       6.3249895928905997e-01, 4.3457066132769903e+01,
       1.4482795001170159e+03, 2.1253631462291409e-01,
       4.3385942754868545e+01, 1.3536789303667415e+03,
       1.7038542093212539e-01, 2.7632215645406216e+01,
       1.2916405283683760e+03, 1.6428770771488721e-01,
       1.1891932563750268e+01, 1.2500198512372285e+03,
       1.6226273434362870e-01, 2.3355692007945382e+01,
       1.2903641827343379e+03, 1.6443481023526263e-01,
       -1.4492086223842690e-01, 9.1763320803329822e-03,
       1.0899834889842593e-02, 4.1110808650745706e-02,
       4.1248598982388378e+00, 1.7394933520765826e-01,
       2.0410890129074128e+00, 1.7522473929113160e+00,
       1.9714159593261761e-02, 1.5990389242411411e+00,
       7.8963960964700053e-01, 2.0289103918697073e-02,
       6.4380871929652161e-01, 1.6428770771488715e-01,
       2.1294027622330708e-02, -2.9588495351899374e-02,
       8.4489951751324144e-01, 2.1128845354261239e-02,
       -3.8357671704467812e-03, 1.4524173716836256e-01,
       2.1116280365772268e-02, -2.7068969985833603e-05,
       5.6559722937667958e-04, 5.0953672481708785e-04,
       -4.4431924555464077e-05, -1.9398993242245242e-04,
       2.0706598042249457e-02, 1.3537727044865935e+03,
       3.6223311019884228e+01, -5.4573713377549009e-02,
       1.3012508598585978e+03, 3.0517566984804553e+01,
       -2.6339660929824073e-02, 1.2325221901442333e+03,
       1.1891932563750274e+01, -2.9588495351899367e-02,
       1.2000951373190524e+03, 9.4676239325847007e+00,
