%YAML:1.0
means: !!opencv-matrix
   rows: 6
   cols: 5
   dt: d
   data: [ -1.6954266146850435e+02, 5.1971167531573286e+01,
       3.9055653533368414e+01, -3.0993045495820589e+01,
       -1.0702112272680880e+01, 8.2262707615605549e+01,
       1.6035440324577728e+01, -2.3660553422259099e+01,
       -3.2185274853625607e+01, -2.6259855946377943e+01,
       -6.4161735109935840e+00, -6.5838335171158304e+00,
       9.1525895824619283e+00, 6.6361742913030310e+00,
       2.4431179239970032e+01, 5.5054352453229576e+01,
       4.9246707160858101e+01, -1.3903536077508388e+01,
       -3.1124053322545489e+01, 5.2237888591533226e+00,
       -1.3783622306281364e+02, -6.7844333616417913e+01,
       3.2368716706643966e+01, 4.4379231388401514e+01,
       -6.0616238625628771e+00, 1.1424799325858434e+02,
       -2.4216184717378663e+01, -3.1144053807175055e+01,
       1.9567686343967356e+01, -5.8152824048659859e+00 ]
covs: !!opencv-matrix
   rows: 30
   cols: 5
   dt: d
   data: [ 7.0046293100667090e+03, -3.8213455026789700e+02,
       2.9540573983172735e+03, 3.4037321094516324e+02,
       3.6557368992529922e+02, -3.8213455026789700e+02,
       7.7452519530533791e+03, -8.8489341211972572e+01,
       1.4824960882734504e+03, -4.5361272237819401e+02,
       2.9540573983172735e+03, -8.8489341211972544e+01,
       2.4244775030028445e+03, 3.1035104697591702e+01,
       -6.4067812010367618e+01, 3.4037321094516324e+02,
       1.4824960882734504e+03, 3.1035104697591709e+01,
       1.5063901341510207e+03, 1.9273042514208348e+02,
       3.6557368992529922e+02, -4.5361272237819401e+02,
       -6.4067812010367646e+01, 1.9273042514208348e+02,
       2.1470164584476203e+02, 4.0658772020332253e+03,
       8.4482154085593734e+01, 3.0670644245719391e+03,
       1.4518165732507549e+02, -1.0145429763892645e+02,
       8.4482154085593763e+01, 5.5921924808966805e+03,
       -4.9436708781985914e+01, 2.4651692239027966e+03,
       -4.0119037787830877e+01, 3.0670644245719395e+03,
       -4.9436708781985963e+01, 2.5701519657672193e+03,
       2.7422066102724600e+01, -8.1165066511109629e+01,
       1.4518165732507549e+02, 2.4651692239027966e+03,
       2.7422066102724614e+01, 1.1723741364659140e+03,
       -6.1763459151609666e+01, -1.0145429763892646e+02,
       -4.0119037787830877e+01, -8.1165066511109629e+01,
       -6.1763459151609666e+01, 3.6409701247022454e+01,
       5.7440019889235809e+03, 3.6190050254334051e+02,
       2.9706820111808279e+03, -3.1328503432505034e+01,
       -9.2133028736741579e+01, 3.6190050254334045e+02,
       8.7834111204355577e+03, 7.3482783149411020e+01,
       5.9137685214493058e+02, 3.4199713368899774e+02,
       2.9706820111808279e+03, 7.3482783149411063e+01,
       2.5338163223764441e+03, -1.8049769386225427e+02,
       -5.3038673196777140e+01, -3.1328503432505066e+01,
       5.9137685214493058e+02, -1.8049769386225427e+02,
       2.1899994565252105e+03, -2.9333668321027523e+02,
       -9.2133028736741551e+01, 3.4199713368899774e+02,
       -5.3038673196777118e+01, -2.9333668321027517e+02,
       2.2292619317232533e+02, 6.6960495142656009e+03,
       -1.1720163046800649e+03, 2.4674700491681747e+03,
       8.0250620885793762e+02, -2.1404829201322704e+02,
       -1.1720163046800649e+03, 1.0073401356517066e+04,
       3.5922426034366686e+02, 1.8418764978507522e+02,
       2.9346835013503755e+02, 2.4674700491681747e+03,
       3.5922426034366686e+02, 2.5334003789532239e+03,
       -2.1614916057316850e+02, 9.8581206675825666e+00,
       8.0250620885793774e+02, 1.8418764978507514e+02,
       -2.1614916057316847e+02, 2.1826149621604127e+03,
       -1.0238231220718916e+02, -2.1404829201322704e+02,
       2.9346835013503750e+02, 9.8581206675825683e+00,
       -1.0238231220718916e+02, 2.9190832643998726e+02,
       7.4799905850112063e+03, -6.1904003353981841e+02,
       2.8767947681576616e+03, 5.3777083837552686e+02,
       2.6577271502107891e+02, -6.1904003353981818e+02,
       7.6828529863068597e+03, 2.4435672874358457e+02,
       1.5337738788239437e+03, 4.4912324755032252e+01,
       2.8767947681576616e+03, 2.4435672874358457e+02,
       2.5254935575510099e+03, -1.4417423871005306e+02,
       -5.4571335842250363e+01, 5.3777083837552686e+02,
       1.5337738788239437e+03, -1.4417423871005309e+02,
       1.4767146187277078e+03, -1.2785502596550788e+02,
       2.6577271502107885e+02, 4.4912324755032273e+01,
       -5.4571335842250363e+01, -1.2785502596550788e+02,
       1.5081091150774489e+02, 6.7399544126654537e+03,
       1.9455060381393391e+03, 2.4904327058181525e+03,
       -1.1447739067669895e+03, -1.4771015068752249e+02,
       1.9455060381393398e+03, 8.2827515833804155e+03,
       -5.6466949485401403e+02, 8.3987725063192397e+02,
       -8.1848481261447688e+01, 2.4904327058181525e+03,
       -5.6466949485401392e+02, 2.7230926574472419e+03,
       3.2971160742616325e+02, -9.1711938603793172e+01,
       -1.1447739067669893e+03, 8.3987725063192397e+02,
       3.2971160742616325e+02, 2.1509987384088331e+03,
       -1.9663917634555332e+01, -1.4771015068752243e+02,
       -8.1848481261447702e+01, -9.1711938603793172e+01,
       -1.9663917634555336e+01, 4.0578476509076282e+01 ]
weights: !!opencv-matrix
   rows: 1
   cols: 6
   dt: d
   data: [ 1.4920857599911883e-01, 9.5770310362984681e-02,
       2.2957471859177950e-01, 1.4416490944700477e-01,
       1.2934758646307090e-01, 2.5193389913602571e-01 ]
pca_proj: !!opencv-matrix
   rows: 5
   cols: 21
   dt: f
   data: [ 4.36961316e-02, 8.50134730e-01, 1.73015636e-04,
       6.54514134e-02, 4.60692108e-01, 2.29939164e-04, 7.67599978e-03,
       1.46649793e-01, -1.37564148e-05, 1.21663406e-03, 1.30500361e-01,
       -5.45994153e-05, 8.06188770e-03, 1.42052382e-01, -2.12945142e-05,
       -2.45414903e-05, 9.56867734e-06, -1.94090262e-06, 3.13729906e-05,
       4.34020360e-04, 2.32224409e-07, 7.68702388e-01, -5.10314330e-02,
       1.14127281e-04, 4.21110362e-01, -3.83849256e-02, 4.02935693e-05,
       2.81941950e-01, -1.35209868e-02, 1.95932400e-04, 2.66951323e-01,
       -4.70317341e-03, 2.29704310e-04, 2.76557714e-01, -1.55316098e-02,
       2.11025646e-04, -3.74769334e-05, 5.54774260e-06, -7.89335627e-06,
       8.86836962e-04, -5.85095040e-05, 1.91629806e-04, 1.28585771e-02,
       -3.46314937e-01, -1.22481215e-04, -4.01510373e-02, 1.58088982e-01,
       -1.45607672e-04, 1.89476740e-02, 5.27356327e-01, 2.33430081e-04,
       1.79703757e-02, 5.36674440e-01, 2.90960423e-04, 1.17339585e-02,
       5.35117626e-01, 2.47836346e-04, -7.02231409e-06, -3.17391914e-06,
       2.59759432e-08, 1.54912759e-05, 1.72088097e-03, 2.08691781e-04,
       -5.93480825e-01, -8.48098937e-03, -8.88030772e-05, 2.05370650e-01,
       3.40346433e-02, 1.63823628e-04, 4.45453286e-01, -5.44621795e-03,
       -1.30590008e-04, 4.45820451e-01, -1.72652975e-02, -2.10900864e-04,
       4.54801619e-01, -3.90723068e-03, -1.75610170e-04, -1.74471352e-05,
       -6.38676829e-06, 1.65030560e-05, 1.38473080e-03, -5.51051289e-06,
       -1.34489819e-04, -4.15651649e-02, -3.88010889e-01,
       -1.59748225e-03, 2.57949054e-01, 8.27547431e-01, -5.50693134e-04,
       -8.53880048e-02, -1.33590102e-01, -3.55328375e-04,
       -8.88043940e-02, -1.88108414e-01, -3.67236295e-04,
       -7.92043582e-02, -1.47186622e-01, -3.09964700e-04,
       -2.68626522e-04, -4.51062988e-05, -9.29085581e-06,
       -3.75579461e-04, -5.09061909e-04, -3.50576767e-04 ]
pca_mean: !!opencv-matrix
   rows: 1
   cols: 21
   dt: f
   data: [ 2.07625534e+02, 2.55653595e+02, 1.54502928e+00,
       2.18915131e+02, 2.60592743e+02, 1.67241716e+00, 2.65274475e+02,
       2.24016678e+02, 1.71669352e+00, 3.19420807e+02, 1.63929108e+02,
       1.75046074e+00, 3.16613464e+02, 2.25532654e+02, 1.70717156e+00,
       1.08872897e-04, -9.74175637e-05, 6.24380555e-05, -2.17504916e-04,
       -2.50119597e-01, 1.75055194e+00 ]
