%YAML:1.0
means: !!opencv-matrix
   rows: 24
   cols: 1
   dt: d
   data: [ -1.6192516555676809e+02, 1.4463889627989420e+02,
       -3.3847348526082999e+00, -9.1371099052445174e+01,
       -2.8584288661430202e+02, 7.7933975239494700e+01,
       2.6249259358446380e+02, 2.2377058589152759e+02,
       -4.5490020834246366e+01, -2.1873493283312055e+02,
       -3.2319000276375886e+02, 3.8820639986512717e+01,
       1.2079022601846502e+02, -1.3803468906346745e+02,
       -6.7981824485935206e+01, 1.7458766408194762e+01,
       1.9170694757452151e+02, 1.6756641285782612e+02,
       9.8980695099463304e+01, -2.3824680494347461e+01,
       -1.8916915622913908e+02, -2.5104271794599117e+02,
       -1.1404886387460427e+02, 5.8192056930763492e+01 ]
covs: !!opencv-matrix
   rows: 24
   cols: 1
   dt: d
   data: [ 1.6392371841009168e+02, 1.3736752728436883e+02,
       1.1421151487080257e+02, 1.2112268935399588e+02,
       5.0658935443830109e+02, 1.0972214884002416e+02,
       7.7822381429733844e+02, 4.0051975715295976e+02,
       1.2055132884145686e+02, 2.2346855318284307e+02,
       9.6807875328050227e+02, 1.0539693462360682e+02,
       1.1919999937007321e+02, 1.4433107610847318e+02,
       1.1798685199697940e+02, 1.0775047912658508e+02,
       1.8943856934846562e+02, 1.5608440704059504e+02,
       1.1099656172642935e+02, 1.1621162613512354e+02,
       1.8801165268123106e+02, 3.2438317890257559e+02,
       1.2807805258153596e+02, 1.0842810326920517e+02 ]
weights: !!opencv-matrix
   rows: 1
   cols: 24
   dt: d
   data: [ 3.3158861699189711e-02, 5.0077029891261615e-02,
       5.5541004474012758e-02, 4.5381565101554402e-02,
       1.8445754529853201e-02, 6.0911298397964615e-02,
       1.3306424485906979e-02, 2.7676540808977600e-02,
       4.7907581604700093e-02, 3.0425500457311749e-02,
       9.9979695739550057e-03, 5.8832286758831884e-02,
       5.5341419811465488e-02, 3.8071456061770710e-02,
       4.8596222687452249e-02, 6.0557555729919284e-02,
       3.1940097001590367e-02, 3.9696844600471431e-02,
       6.1789406154054254e-02, 5.4230764911251901e-02,
       3.2897843361213659e-02, 2.4950549827715152e-02,
       4.0923198817666498e-02, 5.9342823251894460e-02 ]
pca_proj: !!opencv-matrix
   rows: 1
   cols: 21
   dt: f
   data: [ 4.36961316e-02, 8.50134730e-01, 1.73015636e-04,
       6.54514134e-02, 4.60692108e-01, 2.29939164e-04, 7.67599978e-03,
       1.46649793e-01, -1.37564148e-05, 1.21663406e-03, 1.30500361e-01,
       -5.45994153e-05, 8.06188770e-03, 1.42052382e-01, -2.12945142e-05,
       -2.45414903e-05, 9.56867734e-06, -1.94090262e-06, 3.13729906e-05,
       4.34020360e-04, 2.32224409e-07 ]
pca_mean: !!opencv-matrix
   rows: 1
   cols: 21
   dt: f
   data: [ 2.07625534e+02, 2.55653595e+02, 1.54502928e+00,
       2.18915131e+02, 2.60592743e+02, 1.67241716e+00, 2.65274475e+02,
       2.24016678e+02, 1.71669352e+00, 3.19420807e+02, 1.63929108e+02,
       1.75046074e+00, 3.16613464e+02, 2.25532654e+02, 1.70717156e+00,
       1.08872897e-04, -9.74175637e-05, 6.24380555e-05, -2.17504916e-04,
       -2.50119597e-01, 1.75055194e+00 ]
gamma: !!opencv-matrix
   rows: 24
   cols: 1
   dt: d
   data: [ 8.5005856218223319e-01, 8.4142816111987062e-01,
       7.7391771552377575e-01, 8.0918664031531318e-01,
       9.0005780730730978e-01, 8.0191853129804458e-01,
       8.9642225921625773e-01, 8.8045245614513390e-01,
       7.8447212613156214e-01, 8.7597658580849869e-01,
       9.1209282408869974e-01, 7.8191072686591268e-01,
       8.2764596409212732e-01, 8.3704040599778495e-01,
       7.9556886290907358e-01, 7.7551491785690918e-01,
       8.6519508059591776e-01, 8.5355425202461521e-01,
       8.1448839043786558e-01, 7.7685643782139990e-01,
       8.6333807198837453e-01, 8.8835274402371034e-01,
       8.2290658448397536e-01, 7.9094193171983718e-01 ]
