%YAML:1.0
means: !!opencv-matrix
   rows: 14
   cols: 5
   dt: d
   data: [ 1.1194900137746185e+02, -5.3784845329522255e+01,
       -5.1359777694954374e+01, -2.5807991052752921e+01,
       -2.9426043400360240e+00, 4.0665717978574122e+01,
       1.0758617943839671e+02, -1.4084987367022160e+01,
       2.2337695072625298e+01, 1.8527390516403177e+01,
       -6.3549386948372650e+01, 1.1053797898074318e+01,
       1.7958484604938924e+01, -2.0838467407052377e+01,
       2.4046017591175360e+01, 1.5712850093845944e+02,
       8.2999045637435202e+01, -3.5494187428792301e+01,
       1.9060585875352480e+01, -7.5010387492116672e+00,
       -1.9707124399339699e+02, 4.6235159384103490e+01,
       3.9762116498427439e+01, -4.4377380809383311e+01,
       -1.8415509810315228e+01, 8.2178531147183989e+01,
       1.6054958792937288e+01, -2.3878775511695771e+01,
       -3.2159195585818608e+01, -2.6174245414927096e+01,
       -1.1562877512083118e+01, 3.2309471555262320e+01,
       -2.1609170989716983e+01, -3.5042138883915207e+01,
       9.5042667409162522e+00, 4.3269809268284924e+01,
       -2.2491867721597320e-01, -6.8707899043820873e+01,
       5.1967870521954289e+01, -6.0926697741724984e+00,
       -7.2408605782666520e+00, -1.3853982161949477e+02,
       -1.1328996010065563e+01, 1.1705068959874732e+01,
       1.1031365631209400e+01, -3.1589996801174721e+01,
       -2.4124885579883451e+01, 6.3029072660281598e+00,
       7.3249204240815260e+01, 8.0621272152181405e+00,
       -1.6911123817618906e+02, 9.6272879533395042e+01,
       4.1595052715903215e+01, 2.8831318581396651e+01,
       -6.0305700430389537e+00, 1.7289828538813251e+02,
       -4.6257715610016568e+01, 2.3262590349901195e+01,
       2.7913568931277336e+01, -8.2702290191580303e+00,
       -1.4703681656132576e+02, -8.7627246844637000e+01,
       3.1174407191554401e+01, 4.3469597638961048e+01,
       -9.2498825883508982e+00, 1.0527271955017687e+02,
       4.3005222605740450e+00, 5.6909807002935594e+01,
       -1.5298994219531107e+01, 1.6137082943592539e+01 ]
covs: !!opencv-matrix
   rows: 70
   cols: 5
   dt: d
   data: [ 3.7950908415363115e+03, 4.0933708930890575e+01,
       1.9628979985448736e+03, -2.9260681955329437e+02,
       -1.7590460764754638e+02, 4.0933708930890575e+01,
       3.3459249310084351e+03, 1.2623474057288590e+02,
       5.8370737592211256e+01, 1.0801926770488967e+01,
       1.9628979985448736e+03, 1.2623474057288585e+02,
       2.0577805317137349e+03, 2.2711403236532480e+01,
       -3.7371487271290349e+01, -2.9260681955329443e+02,
       5.8370737592211277e+01, 2.2711403236532469e+01,
       1.0341309015477304e+03, 3.5616199026892225e+01,
       -1.7590460764754641e+02, 1.0801926770488969e+01,
       -3.7371487271290349e+01, 3.5616199026892232e+01,
       4.9636274295608771e+01, 5.4562687620774004e+03,
       -2.4704239869810823e+02, 1.9804592821378269e+03,
       1.7849602327289728e+02, -5.9377393908599527e+02,
       -2.4704239869810820e+02, 5.0209819071679640e+03,
       2.4421546394655181e+02, -1.9060800044185664e+03,
       1.8564267705875579e+02, 1.9804592821378264e+03,
       2.4421546394655181e+02, 2.2432737444330642e+03,
       -1.0455618577758921e+02, 1.0135385747951754e+02,
       1.7849602327289725e+02, -1.9060800044185664e+03,
       -1.0455618577758926e+02, 1.6748488620201038e+03,
       -9.2534480943616373e+01, -5.9377393908599527e+02,
       1.8564267705875579e+02, 1.0135385747951754e+02,
       -9.2534480943616373e+01, 2.0367323121123243e+02,
       5.9351659998536034e+03, 5.2036289834344723e+02,
       2.1562412174878723e+03, 1.2579787157038275e+02,
       5.7735562836784618e+02, 5.2036289834344723e+02,
       5.7522113586537243e+03, -2.5479358558800806e+02,
       1.7481413050292492e+03, 7.4652188269034463e+00,
       2.1562412174878723e+03, -2.5479358558800811e+02,
       2.4960379357573206e+03, -2.9926995593799450e+01,
       -3.3936932539592607e+02, 1.2579787157038280e+02,
       1.7481413050292492e+03, -2.9926995593799479e+01,
       1.3080464121137461e+03, 4.2971475788412228e+01,
       5.7735562836784618e+02, 7.4652188269034436e+00,
       -3.3936932539592596e+02, 4.2971475788412228e+01,
       3.0546744467539111e+02, 4.2805937792236336e+03,
       -2.5927700051463620e+02, 2.4318596525559396e+03,
       2.4151096401221835e+02, -1.3499051969491211e+02,
       -2.5927700051463609e+02, 2.0095920567136861e+03,
       -5.0129035457387999e+01, 2.1293643459802871e+02,
       8.8757386550637403e+00, 2.4318596525559401e+03,
       -5.0129035457387978e+01, 2.1703500779437904e+03,
       4.9241387181906518e+01, -7.3706217349524024e+01,
       2.4151096401221844e+02, 2.1293643459802871e+02,
       4.9241387181906546e+01, 7.6416798973857067e+02,
       -9.8575825933692869e+00, -1.3499051969491211e+02,
       8.8757386550637420e+00, -7.3706217349524024e+01,
       -9.8575825933692869e+00, 2.2471656607439073e+01,
       5.5005692297166315e+03, 7.2084714123643448e+02,
       3.0652029639376346e+03, -1.7089153022236086e+01,
       -1.2280849528521772e+02, 7.2084714123643448e+02,
       7.7765605710054824e+03, -2.0370187099753687e+02,
       1.0221992018422748e+03, -4.8964087315583498e+02,
       3.0652029639376342e+03, -2.0370187099753682e+02,
       2.4412901896376188e+03, 6.0404684978404951e+01,
       -3.0911473350417690e+01, -1.7089153022236086e+01,
       1.0221992018422748e+03, 6.0404684978404966e+01,
       1.2334663295648768e+03, 1.0358888763744784e+02,
       -1.2280849528521766e+02, -4.8964087315583521e+02,
       -3.0911473350417690e+01, 1.0358888763744784e+02,
       1.1900120546159273e+02, 4.0732440895414047e+03,
       8.2467192513944070e+01, 3.0627967607258979e+03,
       1.4810629471138412e+02, -1.0356204384693876e+02,
       8.2467192513943999e+01, 5.5988244834319430e+03,
       -5.0832922953959411e+01, 2.4631799276350448e+03,
       -3.7940707442992142e+01, 3.0627967607258975e+03,
       -5.0832922953959375e+01, 2.5674950888563799e+03,
       2.7553094638439717e+01, -8.1892655085713713e+01,
       1.4810629471138412e+02, 2.4631799276350448e+03,
       2.7553094638439720e+01, 1.1732327124815226e+03,
       -6.1690236817441594e+01, -1.0356204384693878e+02,
       -3.7940707442992135e+01, -8.1892655085713713e+01,
       -6.1690236817441594e+01, 3.7280846878122318e+01,
       4.2231772761563489e+03, -3.6671987311232630e+02,
       1.5498986182942297e+03, -1.3843910746441040e+02,
       -2.2235529423360865e+02, -3.6671987311232607e+02,
       8.2372025624881189e+03, 3.3726269412282943e+02,
       -2.7952770906065433e+02, -1.0077175810924092e+02,
       1.5498986182942297e+03, 3.3726269412282932e+02,
       1.8095156250007467e+03, -7.5306776603652338e+01,
       -1.2132892164941458e+02, -1.3843910746441028e+02,
       -2.7952770906065433e+02, -7.5306776603652338e+01,
       2.4201054585715915e+03, -3.7561643822564058e+01,
       -2.2235529423360870e+02, -1.0077175810924086e+02,
       -1.2132892164941458e+02, -3.7561643822564037e+01,
       4.2260541983569715e+02, 3.1878181312188949e+03,
       2.1020363286353081e+03, 2.5324850460008793e+02,
       -7.0712155558609788e+02, -4.8638066159027055e+01,
       2.1020363286353081e+03, 5.2498423595267031e+03,
       -6.7080206661857767e+02, -8.0044147013826148e+01,
       -5.6882730897376746e+01, 2.5324850460008798e+02,
       -6.7080206661857767e+02, 1.2124124159762903e+03,
       3.5384984227000189e+02, -4.7776619525085891e+01,
       -7.0712155558609788e+02, -8.0044147013826091e+01,
       3.5384984227000189e+02, 1.3518378170053807e+03,
       2.8857129416040365e+01, -4.8638066159027062e+01,
       -5.6882730897376746e+01, -4.7776619525085906e+01,
       2.8857129416040365e+01, 4.6813838188733634e+01,
       5.8925823637134272e+03, 4.2618073914521531e+01,
       1.8456685563190842e+03, -1.2860003572243173e+02,
       -2.7250230326026593e+02, 4.2618073914521567e+01,
       3.5740032310278698e+03, -1.2426385995398341e+01,
       -3.2366308109058451e+02, 3.9641501724673452e+02,
