%YAML:1.0
means: !!opencv-matrix
   rows: 6
   cols: 19
   dt: d
   data: [ 1.1857880558205039e+01, -1.4055829828026870e+02,
       8.5027025039050219e+00, 5.0616204841587425e+01,
       -2.7206910393781287e+00, -1.5309909322603335e+01,
       -1.5888448533095532e+00, -1.2538793334865208e+00,
       -1.5889835989798748e-02, -4.2643793832002841e-01,
       -1.6908986051967201e-01, -3.4510454395692648e-02,
       1.5920736051985675e-03, 6.9879242983996916e-03,
       -3.1629133990201876e-02, 7.1944284732544557e-03,
       5.7841190116843580e-04, 1.7307180602212709e-03,
       -2.8616338891860834e-04, -1.7835373166105825e+02,
       -3.1493545419277275e+01, 4.1789854806892841e+01,
       9.2183916960794955e-03, -1.3649102322096759e+01,
       -3.2445119396992546e+00, -1.0666726287674415e+00,
       5.3528126897999861e-01, -3.5655944471199724e-01,
       1.3018679560423876e-01, -3.3598206211539992e-02,
       -1.8742503243310165e-03, 1.5810867130532031e-03,
       -8.5295804252953308e-04, 7.4860711342027292e-03,
       -2.7021108223344043e-03, 5.4414391296588917e-04,
       -2.8825848385390183e-04, 1.1892598491866767e-03,
       4.4120472761472911e+01, 1.8872150991551297e+01,
       -1.5602080214449789e+01, 3.3398392042337122e+00,
       8.2463040531950487e+00, 8.3484386858910291e+00,
       -2.9447866891373455e+00, -6.0231342739051752e-01,
       -9.5651614209064306e-01, -1.0104306088667434e-01,
       1.3578954748182805e-02, -1.0254471997509330e-02,
       2.1413720698175306e-03, -2.7085365884155217e-03,
       5.6351910739397860e-03, 1.2919843536971657e-03,
       8.3590824929145370e-04, -3.2141927705895025e-04,
       3.6852677121568250e-04, 4.4653079238208413e+01,
       -8.6485923114862970e+00, -3.1898142346477232e+00,
       1.9956006701735729e+00, 3.9654541144020548e+00,
       -7.9610778396134219e-01, 4.5913057283241550e+00,
       1.1712669705816385e-01, 2.3989536725687680e-01,
       1.1931814425478923e-01, 3.2850880588330085e-02,
       2.5333766570248193e-02, 1.5252343901094529e-03,
       -2.2161382640020558e-03, 3.7207636578522941e-03,
       1.5507957661103793e-03, 9.6132285132346601e-05,
       -1.3623523485597985e-03, 7.6562521820645887e-05,
       4.6482017834427076e+01, 3.3455077526575550e+01,
       -1.1834603591131025e+01, -1.9399589517167481e+01,
       -4.4150062357732528e-01, -8.4451094977134673e+00,
       -5.3112790257471518e+00, 1.7465134394718220e+00,
       4.2717724490366384e+00, 4.7932892069319749e-01,
       -1.2376701234082249e-02, -1.2318910264728675e-02,
       -2.5215014105448325e-02, 9.3051145752599141e-03,
       4.8931415427923208e-03, -1.3789685515792589e-02,
       2.8925730443421071e-03, 4.2861896057549958e-03,
       -3.3527525867103817e-03, -8.4329942724337914e-01,
       1.2224370738393671e+02, -1.7361309502565177e+01,
       -4.5901807142176708e+01, -1.3303929197881564e+01,
       1.9335720918238635e-02, 1.3716074988623024e+00,
       1.3353716995965620e-01, -3.9303028288897496e-01,
       -4.0295050645994629e-01, 4.9105800207212259e-02,
       -1.7062781986111469e-02, 3.7201083717263322e-03,
       6.5566050505881665e-03, -2.8026509999103024e-02,
       8.9642330646376347e-04, -7.7687627898693932e-03,
       1.5444934296238630e-03, -1.1028578714575132e-03 ]
covs: !!opencv-matrix
   rows: 114
   cols: 19
   dt: d
   data: [ 1.0756997014187747e+04, 4.5987031000866278e+02,
       1.7758071098444343e+03, -8.2346055412023645e+02,
       -2.4495960717118663e+02, 3.5166876065421502e+02,
       1.2700527296228887e+02, -3.0099530969976648e+01,
       3.8736559159306654e+00, 8.9682100564502765e+00,
       -5.9364950939288272e+00, -1.7458892053546602e+00,
       6.8453377241158897e-01, 3.1645509000603833e-01,
       -2.0527054066474326e-01, 3.0445126263975653e-01,
       1.6631477618886664e-01, 4.3601789772612076e-01,
       4.4163615430919970e-02, 4.5987031000866290e+02,
       1.0870750094847081e+04, 4.0791078050074634e+02,
       1.4167188323819421e+03, -7.9907627205828049e+01,
       7.7727944616459547e+02, 1.6608122139406183e+02,
       -1.7512843168553875e+00, 7.1105833106269909e+00,
       5.7966710581887654e+01, -1.2269647489773092e+01,
       1.2970763516145465e+00, 6.7004961341722125e-02,
       5.0664032169909064e-02, 1.2534853616118828e+00,
       -2.3901552571659168e-01, -1.8267340348478114e-02,
       7.3693964270527046e-01, 1.5409601613503432e-01,
       1.7758071098444343e+03, 4.0791078050074634e+02,
       2.7562223298585391e+03, -2.6299643474511271e+01,
       1.0214635028895960e+02, -9.5829001255057648e+01,
       -5.0153446671875791e+01, 1.6060124275143828e+01,
       1.1284902979010324e+01, -4.1597714124655845e+00,
       3.3738634785924497e+00, 8.0291685811422153e-01,
       -3.2764099819089559e-01, 4.0845655307240644e-02,
       -3.4748268283944672e-01, -1.2135929972453686e-01,
       2.7422188828881835e-02, -9.6800622805607306e-02,
       2.2435614693190692e-02, -8.2346055412023645e+02,
       1.4167188323819421e+03, -2.6299643474511278e+01,
       2.0548367963594937e+03, 3.1861226231839916e+00,
       -1.1888024654242945e+02, -2.7266604972155513e+01,
       -2.5000262481515730e+01, -1.3611033010732550e+01,
       6.6263429839960173e+00, 2.9453550356966134e+00,
       -7.3001567307494830e-01, 1.3019097149223788e-01,
       4.0140703958944335e-01, -3.9795693792283698e-01,
       7.7111438794451301e-02, 6.4643301922248639e-02,
       -7.7827375350359843e-02, -7.3475816158577303e-02,
       -2.4495960717118663e+02, -7.9907627205828049e+01,
       1.0214635028895960e+02, 3.1861226231839894e+00,
       3.8374254832980660e+02, 4.6139209851279588e+01,
       1.6811407001768817e+01, 1.1947771997324693e+01,
       1.0215588356235626e+01, -9.2316872437543775e+00,
       1.6731798025316447e+00, -9.8645065020755607e-01,
       1.1053683777279859e-01, 6.3551133656561246e-02,
       -3.6240899797644244e-01, -2.1315826330765973e-02,
       -3.3278298784042058e-02, -2.8882688407429923e-02,
       -2.6026323105324944e-03, 3.5166876065421502e+02,
       7.7727944616459547e+02, -9.5829001255057662e+01,
       -1.1888024654242945e+02, 4.6139209851279595e+01,
       2.8278789692865672e+02, 2.0735334190381394e+01,
       4.2037170699213933e+00, 8.1916909103639899e+00,
       5.1890383153456767e+00, -2.2173898895379400e+00,
       -3.0717210957362129e-02, 6.0552701312296418e-02,
       -1.1922545835313572e-01, 2.9458425735185323e-01,
       -5.9613268729806553e-02, -2.5099547175060546e-02,
       1.7634951662628870e-01, 5.5420704780990815e-02,
       1.2700527296228887e+02, 1.6608122139406183e+02,
       -5.0153446671875791e+01, -2.7266604972155523e+01,
       1.6811407001768810e+01, 2.0735334190381394e+01,
       3.7010211034135423e+01, -6.0374234023378992e-01,
       2.3342279654252329e+00, 2.0838533818862577e+00,
       -3.2758423190297159e-01, -1.1090329610421160e-01,
       3.9444619952664125e-03, 2.6438050490455944e-02,
       1.1825088894991806e-02, -7.3400594688383556e-03,
       -9.0706140292562826e-03, 2.3027801368724538e-02,
       1.6387976188283675e-02, -3.0099530969976634e+01,
       -1.7512843168553887e+00, 1.6060124275143824e+01,
       -2.5000262481515726e+01, 1.1947771997324695e+01,
       4.2037170699213933e+00, -6.0374234023379003e-01,
       1.9711117172868498e+01, 5.0688022484799626e+00,
       -4.0840360797642417e+00, -6.1818243917314886e-02,
       9.3394382790864660e-03, -5.2502795710179760e-03,
       -7.0139563677667799e-02, 2.5545264272012699e-02,
       5.4300037532822006e-03, -5.0654957036334828e-03,
       -3.1389501300541690e-03, -7.5166075315614995e-03,
       3.8736559159306645e+00, 7.1105833106269891e+00,
       1.1284902979010324e+01, -1.3611033010732550e+01,
       1.0215588356235628e+01, 8.1916909103639899e+00,
       2.3342279654252325e+00, 5.0688022484799617e+00,
       1.0063436838349627e+01, -5.0643912019206612e+00,
       -1.0003171599386573e-01, -9.1170219472113512e-02,
       1.1930768865403688e-02, -7.7807893460733329e-02,
