%YAML:1.0
means: !!opencv-matrix
   rows: 11
   cols: 5
   dt: d
   data: [ 1.4001527403530511e+02, 7.8254692512594346e+01,
       -3.8177596188537713e+01, 3.3627351929997147e+01,
       -5.4643904794974869e+00, -1.8472495515233152e+01,
       2.7653689789822799e+01, 8.6167526358001467e+00,
       -1.9045472449896344e+01, 3.6328955405973872e+01,
       1.1924946484150691e+02, -5.4088893694143829e+00,
       5.1954798743047363e+01, 1.3428502545445229e+00,
       9.6008037960361374e+00, 9.2993628755910876e+01,
       -6.3262731056808107e+01, -3.0733799448214526e+01,
       2.2872905459604471e+01, -5.8051155238042931e+00,
       -1.2699473169948681e+02, -3.6193073583619757e+01,
       2.9478888794188514e+01, 5.3982834637505924e+01,
       -3.6067851142765761e+00, -3.4161267371126134e+00,
       2.8768432954017175e+01, -2.5427490308917999e+01,
       -9.6999336650522121e+00, 1.3184646807526960e+01,
       8.3930651904490830e+01, 1.7324302583453285e+01,
       -2.1768338891022442e+01, -3.1672570606667577e+01,
       -2.6352326093991064e+01, 9.8023382436759377e+01,
       8.0766710275616553e+00, -4.1767587309261820e+01,
       -3.1647330894736537e+01, -1.5722660708985860e+01,
       -2.2789668370955482e+02, 5.3655231386374098e+01,
       1.0886048918871749e+00, -2.9809776176941927e+01,
       -1.0930258368293032e+01, -1.0915294688276222e+02,
       4.5397886379038596e+01, 8.3061111758264104e+01,
       -3.0495972165553095e+01, -1.1205495955796945e+01,
       -8.5813987214620369e+01, -1.6195414872259471e+02,
       1.7234073854711699e+01, 1.2946657172381093e+01,
       5.3460568292174182e+00 ]
covs: !!opencv-matrix
   rows: 55
   cols: 5
   dt: d
   data: [ 5.2091305239918256e+03, 1.4949899403354348e+02,
       2.8253947784413126e+03, -2.7954135307663751e+02,
       -2.4331760519881243e+02, 1.4949899403354345e+02,
       2.1961069984575311e+03, -1.5041049023672034e+02,
       -2.7117690256987737e+02, -2.8981000558770230e+01,
       2.8253947784413135e+03, -1.5041049023672036e+02,
       2.4832566140796898e+03, -2.2540384526311875e+01,
       -8.0650017353234645e+01, -2.7954135307663756e+02,
       -2.7117690256987737e+02, -2.2540384526311868e+01,
       1.0066895171974566e+03, 2.7340011664633646e+01,
       -2.4331760519881246e+02, -2.8981000558770230e+01,
       -8.0650017353234631e+01, 2.7340011664633639e+01,
       3.8178640250401514e+01, 5.1170346276675609e+03,
       5.5149284449116851e+02, 2.9628659277082770e+03,
       -1.1223603120010209e+02, 5.1100998996949309e+00,
       5.5149284449116863e+02, 6.9502630056995022e+03,
       -1.2242324357959096e+02, 1.6377546642196651e+03,
       -8.2635426476509480e+01, 2.9628659277082770e+03,
       -1.2242324357959100e+02, 2.2891012286806931e+03,
       -9.3236100391734510e+01, -1.0175872748592677e+02,
       -1.1223603120010205e+02, 1.6377546642196651e+03,
       -9.3236100391734482e+01, 1.6750370052757851e+03,
       3.8889942973514842e+00, 5.1100998996949354e+00,
       -8.2635426476509480e+01, -1.0175872748592678e+02,
       3.8889942973514842e+00, 7.9471938700047914e+01,
       3.3039705642582476e+03, 1.7581358369681308e+02,
       -5.7860469509481049e+02, -2.9611391288481963e+02,
       -4.0365051971920326e+02, 1.7581358369681314e+02,
       1.0196268670661297e+04, 7.5224437652080425e+01,
       -3.6389079760077209e+02, 3.7655273067451941e+02,
       -5.7860469509481049e+02, 7.5224437652080411e+01,
       6.0588453843847947e+02, 8.3829568888824923e+01,
       1.6242423013410499e+02, -2.9611391288481963e+02,
       -3.6389079760077215e+02, 8.3829568888824923e+01,
       2.5246759312148174e+03, -1.6026984341486775e+02,
       -4.0365051971920326e+02, 3.7655273067451941e+02,
       1.6242423013410499e+02, -1.6026984341486778e+02,
       2.1717324499028308e+02, 7.3330417846968348e+03,
       1.1487036718918448e+03, 2.2861279498263848e+03,
       -1.8796115584537363e+03, -8.8188515685981301e+01,
       1.1487036718918448e+03, 5.6060966172717899e+03,
       -1.8335226947697706e+02, 8.2977733159314391e+02,
       -7.5596641705795847e+01, 2.2861279498263848e+03,
       -1.8335226947697709e+02, 2.4792093205220222e+03,
       3.7094197363187521e+02, -1.0556910851548510e+02,
       -1.8796115584537363e+03, 8.2977733159314391e+02,
       3.7094197363187516e+02, 2.3432644464649875e+03,
       -5.1609484669185882e+01, -8.8188515685981287e+01,
       -7.5596641705795847e+01, -1.0556910851548510e+02,
       -5.1609484669185882e+01, 3.8010712966156810e+01,
       7.7172998882364300e+03, 2.2785142130167105e+02,
       2.4201023852824369e+03, 7.1873195279849415e+02,
       4.4594484890632640e+02, 2.2785142130167094e+02,
       4.9641082019712176e+03, 1.1119825849677434e+02,
       9.7689652955445649e+02, 1.7677738616934008e+02,
       2.4201023852824369e+03, 1.1119825849677434e+02,
       2.4483411715384564e+03, -1.7491441120487173e+02,
       -1.2304119921670778e+02, 7.1873195279849415e+02,
       9.7689652955445649e+02, -1.7491441120487181e+02,
       1.4170843401705240e+03, -1.0316387330864816e+02,
       4.4594484890632640e+02, 1.7677738616934008e+02,
       -1.2304119921670774e+02, -1.0316387330864816e+02,
       1.9901631071595457e+02, 4.4906965150023671e+03,
       2.0746114971174671e+02, 1.2340504671522590e+03,
       -2.6645699335419062e+02, -9.8236136965386578e+01,
       2.0746114971174663e+02, 1.0732230854881052e+04,
       4.0516799594720754e+02, -7.6737338836016454e+02,
       9.8938383786231782e+01, 1.2340504671522590e+03,
       4.0516799594720760e+02, 1.7317842044973909e+03,
       -1.1438591873605773e+02, -6.6757583232848631e+01,
       -2.6645699335419056e+02, -7.6737338836016431e+02,
       -1.1438591873605773e+02, 2.8857146139123861e+03,
       1.9974765192645588e+01, -9.8236136965386606e+01,
       9.8938383786231782e+01, -6.6757583232848631e+01,
       1.9974765192645584e+01, 1.6722792271502601e+02,
       4.0334145389874193e+03, 7.0969258879488095e+01,
       3.0771835454046104e+03, 1.3748474367766090e+02,
       -1.0963600664987581e+02, 7.0969258879488066e+01,
       5.5911356465832787e+03, -5.3100415314976516e+01,
       2.4695145931891075e+03, -4.4073171395394780e+01,
       3.0771835454046100e+03, -5.3100415314976516e+01,
       2.5585271777556459e+03, 2.3223235228971195e+01,
       -7.8597776388720433e+01, 1.3748474367766093e+02,
       2.4695145931891075e+03, 2.3223235228971195e+01,
       1.1678108869291236e+03, -6.1160286952775870e+01,
       -1.0963600664987581e+02, -4.4073171395394787e+01,
       -7.8597776388720433e+01, -6.1160286952775870e+01,
       3.1594903233363745e+01, 5.4052733772493411e+03,
       -6.0397757181007808e+02, 2.2063240169832316e+03,
       3.9345616723777425e+02, 2.6948602496237544e+02,
       -6.0397757181007808e+02, 5.2789541817256804e+03,
       1.9382996961559468e+02, 1.8717627093095155e+03,
       -1.3171075797096717e+02, 2.2063240169832325e+03,
       1.9382996961559468e+02, 2.5778210438969450e+03,
       -7.2101419289117501e+01, -1.8838061037071319e+02,
       3.9345616723777425e+02, 1.8717627093095157e+03,
       -7.2101419289117487e+01, 1.1640598865127258e+03,
       -2.8038245513920650e+01, 2.6948602496237544e+02,
       -1.3171075797096719e+02, -1.8838061037071319e+02,
       -2.8038245513920650e+01, 1.6730061844650186e+02,
       3.8054756069261152e+03, 3.5678407808378644e+01,
       8.2191130190397780e+02, 1.5470893160104606e+02,
       2.7568799178026717e+02, 3.5678407808378729e+01,
       7.9147463966089153e+03, 5.9102642719136256e+01,
       1.4105694140071498e+03, -4.5481672000933963e+02,
       8.2191130190397769e+02, 5.9102642719136220e+01,
       8.7374048821755082e+02, 5.8048235475760926e+01,
       -3.9401377372964497e+01, 1.5470893160104609e+02,
       1.4105694140071498e+03, 5.8048235475760926e+01,
       1.6280988773779081e+03, 1.7914711439830245e+02,
       2.7568799178026717e+02, -4.5481672000933963e+02,
       -3.9401377372964497e+01, 1.7914711439830245e+02,
       1.9028276461174207e+02, 3.5543788048002584e+03,
