%YAML:1.0
means: !!opencv-matrix
   rows: 6
   cols: 10
   dt: d
   data: [ -7.3514712758956392e+01, -1.7080314639196732e+02,
       2.9532778333129301e+01, 5.7722176398511600e+01,
       -8.9856494560301154e+00, -1.7989060774031390e+01,
       -3.1198298317030653e+00, -1.2044630633589988e+00,
       -4.4877726768037896e-01, -7.3104871051070364e-01,
       -1.6163850491095690e+02, -2.8162323935462112e+01,
       4.1303459493564311e+01, 3.1366730319372365e+00,
       -6.4853676822615425e+00, 5.9830091040316944e+00,
       -8.8125638657762101e-02, 9.1268057977925665e-01,
       1.6798877218425651e-01, 8.6266321359773870e-02,
       1.1111188275194148e+02, 6.0277576708751752e+01,
       -3.6159777540533248e+01, -1.5181814077751568e+01,
       -8.4729725740289172e+00, -4.5371955120385099e+00,
       5.2973909733785463e-01, -2.0695329379952881e-01,
       -6.1645035589318709e-01, -5.4560431496008858e-02,
       5.0163734618260584e+01, -2.8706647757155849e+01,
       -3.9113189549859326e+00, 1.6510782001593377e+01,
       1.0484444194705295e+01, 6.5121479064044365e+00,
       9.1770508528739092e-01, -2.1138881278671018e-01,
       -1.8567888015693099e-01, 7.0131768860270130e-02,
       -6.3442474639350532e+00, -5.0588554882496144e+00,
       -2.8585690884502970e+00, -7.0101753882294453e+00,
       -3.8603404660533123e+00, -1.3799035678458505e+01,
       -3.8213589499262155e+00, 5.8692830190002099e-01,
       2.3484920516687771e+00, 2.9127274867477237e-01,
       -8.1194584121994694e+01, 1.0205261398267032e+02,
       6.5231049918458295e+00, -4.7105186012170705e+01,
       -1.1164030222732966e+00, 6.3884010878072606e-01,
       1.2059340015598254e+00, -1.5031337828542779e-01,
       -4.3102279812556565e-01, -1.1964524009192236e-01 ]
covs: !!opencv-matrix
   rows: 60
   cols: 10
   dt: d
   data: [ 1.3051326621772381e+04, -2.8813610293531019e+03,
       1.5116318440012881e+03, -9.2184594137987560e+01,
       1.9276175098648919e+03, -2.7289329967732561e+02,
       1.2553261582803887e+02, 4.0596489992633522e+01,
       1.1457698431668069e+02, -6.3214426780247294e+01,
       -2.8813610293531019e+03, 8.5401671785450562e+03,
       1.4662911617521606e+03, 2.0144680667003413e+03,
       6.0017117419493985e+01, 7.5222430141026939e+02,
       1.0252250022155266e+02, 2.0315377843079911e+01,
       9.9075328535426124e+00, 3.1319782190105599e+01,
       1.5116318440012883e+03, 1.4662911617521611e+03,
       2.7868336511482403e+03, -3.0336662164248838e+02,
       -3.7431989652556490e+02, 5.5359547876975114e+01,
       -4.6572183685626307e+01, 3.4170718256103356e+00,
       -1.4921251315823799e+01, 2.0679334300977445e+01,
       -9.2184594137987588e+01, 2.0144680667003413e+03,
       -3.0336662164248838e+02, 2.0022064091195034e+03,
       1.1879912747874149e+01, -1.2330992740595059e+02,
       -1.7063478789340660e+01, -3.4647437008833684e+01,
       -1.0379050024359548e+01, 8.3419266705847175e+00,
       1.9276175098648919e+03, 6.0017117419493992e+01,
       -3.7431989652556496e+02, 1.1879912747874144e+01,
       8.1326969180207072e+02, 1.0947501366656223e+02,
       5.9453125170680941e+01, 2.2033610854687694e+01,
       2.3095011559754713e+01, -1.0595723364820802e+01,
       -2.7289329967732561e+02, 7.5222430141026950e+02,
       5.5359547876975093e+01, -1.2330992740595055e+02,
       1.0947501366656222e+02, 2.8088920182146632e+02,
       1.0523895057612576e+01, 1.5520511675043126e+01,
       8.1677263854857607e+00, -2.6332938148419349e+00,
       1.2553261582803887e+02, 1.0252250022155270e+02,
       -4.6572183685626321e+01, -1.7063478789340653e+01,
       5.9453125170680941e+01, 1.0523895057612576e+01,
       3.6288370414227920e+01, 1.7516260556822407e+00,
       3.8041735637921792e+00, 3.8500258628107081e-01,
       4.0596489992633529e+01, 2.0315377843079904e+01,
       3.4170718256103396e+00, -3.4647437008833684e+01,
       2.2033610854687694e+01, 1.5520511675043132e+01,
       1.7516260556822401e+00, 2.0042774492284082e+01,
       6.1259892486748377e+00, -4.0110414710259796e+00,
       1.1457698431668068e+02, 9.9075328535426124e+00,
       -1.4921251315823799e+01, -1.0379050024359548e+01,
       2.3095011559754720e+01, 8.1677263854857607e+00,
       3.8041735637921792e+00, 6.1259892486748377e+00,
       1.0134283450375925e+01, -5.7622413820381855e+00,
       -6.3214426780247273e+01, 3.1319782190105599e+01,
       2.0679334300977448e+01, 8.3419266705847175e+00,
       -1.0595723364820802e+01, -2.6332938148419358e+00,
       3.8500258628107081e-01, -4.0110414710259796e+00,
       -5.7622413820381864e+00, 5.4056786397566485e+00,
       7.3633484250127767e+03, -1.4773946949002487e+02,
       2.8020493307441875e+03, -5.8224315989939703e+02,
       4.4753162705030610e+02, 4.5695584810130998e+02,
       1.1083162798946037e+02, 3.0729360966202844e+01,
       2.7398397357876142e+01, 6.0234199993298387e-01,
       -1.4773946949002490e+02, 7.3624186410225275e+03,
       8.0739752778721652e+02, 1.9530049944834152e+03,
       3.3413601418343745e+02, -9.5857937852946784e-01,
       1.4735649927741036e+01, 2.0764741161419584e+00,
       -1.3380534616869859e+01, -3.3542299237642443e+00,
       2.8020493307441875e+03, 8.0739752778721629e+02,
       2.4364448402462376e+03, -7.4296606743523739e+01,
       -1.3421666231263799e+02, -4.7646180061889730e+01,
       -2.2896090882936161e+01, -3.9843040065255231e+00,
       -9.6874588471671341e+00, 4.8048288359263297e-01,
       -5.8224315989939726e+02, 1.9530049944834150e+03,
       -7.4296606743523682e+01, 2.0270766370540871e+03,
       -9.7180086114547933e+01, 1.0744331283782091e+02,
       1.1446011809887331e+01, -2.2915345238237430e+00,
       1.0241297985668169e+01, 1.7547523033813375e+00,
       4.4753162705030610e+02, 3.3413601418343740e+02,
       -1.3421666231263794e+02, -9.7180086114547919e+01,
       2.5693041548732424e+02, 7.0647072196391264e+01,
       7.7087537121784324e+00, 6.8038440413518053e+00,
       9.3660941456561275e+00, -1.6573524727303265e-01,
       4.5695584810131004e+02, -9.5857937852947050e-01,
       -4.7646180061889716e+01, 1.0744331283782093e+02,
       7.0647072196391278e+01, 2.1125672471478717e+02,
       -1.1845222199059767e+01, 2.8658415561000101e+00,
       1.2944606886061771e+00, -4.4306474763739057e-01,
       1.1083162798946037e+02, 1.4735649927741036e+01,
       -2.2896090882936168e+01, 1.1446011809887334e+01,
       7.7087537121784342e+00, -1.1845222199059767e+01,
       2.7943854682977733e+01, 2.3428342938257014e+00,
       -4.6229732787205563e-01, -3.3409888501744606e-01,
       3.0729360966202844e+01, 2.0764741161419575e+00,
       -3.9843040065255209e+00, -2.2915345238237439e+00,
       6.8038440413518071e+00, 2.8658415561000101e+00,
       2.3428342938257014e+00, 1.3133202776669346e+01,
       -2.0901213321686707e+00, 2.3839001357836012e-01,
       2.7398397357876142e+01, -1.3380534616869854e+01,
       -9.6874588471671377e+00, 1.0241297985668172e+01,
       9.3660941456561275e+00, 1.2944606886061774e+00,
       -4.6229732787205580e-01, -2.0901213321686702e+00,
       6.2160058830150398e+00, 8.1482620903808023e-01,
       6.0234199993298421e-01, -3.3542299237642443e+00,
       4.8048288359263286e-01, 1.7547523033813377e+00,
       -1.6573524727303271e-01, -4.4306474763739057e-01,
       -3.3409888501744606e-01, 2.3839001357836012e-01,
       8.1482620903808023e-01, 6.3198319930816904e-01,
       9.3485131453995473e+03, -3.2652245737025582e+03,
       2.2317958065145390e+03, 9.7871873947043446e+02,
       -1.2925740426867583e+02, -2.1606968019251303e+02,
       -1.0862819884647071e+02, 1.4725080143295939e+01,
       -4.2895763961535700e+01, 7.9787316754379423e-01,
       -3.2652245737025587e+03, 9.3831700556931210e+03,
       1.1415797011115881e+03, 9.4126638635919176e+02,
       4.6294745053656193e+01, 2.5423194391189026e+02,
       -1.3225359758413164e+01, 8.7308832295554346e+00,
       4.1725748644659815e+00, -1.2881187188234108e+01,
       2.2317958065145390e+03, 1.1415797011115881e+03,
