%YAML:1.0
means: !!opencv-matrix
   rows: 23
   cols: 10
   dt: d
   data: [ -5.4736191024861739e+01, -1.5715102599622176e+01,
       3.5756781281884628e+01, 2.8569066510673135e+01,
       1.9976015446214589e+01, -1.4664758349576180e+01,
       -9.2020529521395122e+00, -6.3308097344461194e+00,
       -4.9007033645673355e+00, 1.5586775931699370e+00,
       -4.6428996578579422e+01, 2.5727944128373842e+01,
       2.0901767895930970e+01, -2.2129363412373547e+01,
       2.6067566497381730e+01, -1.5599645984217373e+01,
       2.3769457079436322e+00, 1.4026857726395697e-01,
       1.6993280228206711e-01, 1.1349443934717862e-01,
       -1.8978997440777133e+02, -2.7972397102560588e+01,
       4.4166871016041867e+01, 1.9414571440842746e+01,
       -9.1775002039482896e+00, 2.0932427247802337e+00,
       4.8763791315628435e-01, 9.8948361614193625e-01,
       4.0282609794520502e-01, -1.4835659837082504e-01,
       1.5618651360872690e+02, 2.4895285673587630e+01,
       -4.6230599368864901e+01, -1.3208775913775643e+01,
       -9.5856637927441213e+00, 4.7832495621347260e+00,
       8.1499497201642634e-01, 1.7986191970306398e+00,
       6.3678832663004259e-01, 4.5238918160486231e-02,
       1.6879983349675703e+02, 2.7761378233499578e+01,
       -4.3293549025172581e+01, -4.0225238647547059e+01,
       -1.1238128257329482e+01, 8.2949863298355755e+00,
       9.2691872432593758e-01, -4.9913466770537207e+00,
       3.3641966617142621e-01, 2.3675979661523341e+00,
       1.5844272586778030e+02, 2.3696093593784521e+01,
       -4.1260894345521955e+01, -2.4535136791656061e+01,
       -9.0769638565680086e+00, 1.8385982641574028e+01,
       -3.1604872080673410e+00, -4.1061938363813999e+00,
       -4.0673262485240658e+00, -1.3509913772779869e+00,
       -1.4875301611845910e+02, -1.0318600077067676e+02,
       2.7346802054205479e+01, 6.6592676032235744e+01,
       -1.9809943862770691e+01, 7.3921129363426752e-01,
       -2.2289104461958892e-01, -1.4522772495797867e+00,
       1.0260537700195160e+00, -4.4818898040125021e-01,
       1.9083218909141141e+01, 1.5546698437316974e+02,
       -8.4418320008941494e-01, -8.6007188256691165e+01,
       1.5968248732135676e+01, 1.5381985313964606e+01,
       -3.3775359227091178e-01, 2.4009972203567793e+00,
       1.8889264741818961e+00, 4.4859190884342587e-01,
       1.5491811888808468e+02, 1.8811962059308126e+01,
       -4.0666608916623012e+01, -4.0617183648263779e+00,
       -5.0658482383421735e+00, 1.3546060079464221e+01,
       -1.3205954751733839e+00, 1.1569204250049905e+00,
       4.6872540512971894e-01, 6.7839432761481397e-02,
       -1.9905620920092113e+02, 9.9010838104768993e+01,
       4.1000973991029895e+01, -5.3893351361311495e+01,
       -2.4838778971999652e+01, 1.7609897075298360e+01,
       -4.4383503298280376e+00, 1.6920363976598363e+00,
       8.7021488422141213e-01, -7.0814315069789940e-02,
       8.3319302458042259e+01, -5.7448589795178954e+01,
       -3.6088463245558856e+01, 3.1244252413336458e+01,
       -5.7014906272852999e+00, 8.2979592080546425e+00,
       -4.4923117140017249e-01, 8.6603064148340736e-01,
       6.5666525777230556e-01, 9.3011564325954643e-03,
       8.1866838807425367e+01, 1.5855973812894200e+01,
       -2.3686725836929281e+01, -3.2309085640032670e+01,
       -2.6501544110503382e+01, -1.9745812383138560e+01,
       9.2793179463770514e-01, -2.3564172530037597e+00,
       2.0318828602908046e-01, -2.5658196656443446e-02,
       3.6384750194200571e+01, 2.1092313970999914e+01,
       9.3100741691513955e-01, -1.5152061423134827e+01,
       9.9992222677168670e+00, -6.1596643928376615e-01,
       -6.3730665538362725e+00, -3.3916903903686668e+00,
       -5.2008264926725660e+00, -8.4462648841494270e-01,
       -2.7564040370946220e+01, 3.4195916157228567e+00,
       -1.5788868497543906e+00, -3.8858187298710951e+00,
       -6.1544657574156165e+00, -6.7464054330390191e+00,
       2.1373247816211691e+00, 1.4289967989465779e+00,
       4.0321502260294784e-01, 8.8874822858640484e-02,
       1.2405082061765140e+02, -3.7894785208626573e+01,
       -2.8749063303158209e+01, 3.2961890458074947e+01,
       -3.5178644443669751e+00, 1.3975956639165199e+01,
       -1.4773333005320308e-01, 1.9108659784102411e+00,
       -4.8493224580074240e-01, -8.0549633162000644e-02,
       -1.8810780029155148e+02, 1.3442448976034600e+01,
       3.5530048242865966e+01, -6.7916633182989212e+00,
       -3.8024163186694904e+00, 3.8466317531374066e+00,
       -3.0259413055635189e+00, -6.6219427603182757e+00,
       -2.5684538562216543e+00, 9.3166664135026489e-01,
       -1.6473679941095969e+02, 4.0421221708146597e+01,
       3.8889864956332723e+01, -2.7657624966903342e+01,
       -9.6042069982360943e+00, -6.6443492089823222e+00,
       1.4584111790834260e+00, 1.4253106771186295e+00,
       3.8230604425531517e-01, 2.6266492307931495e-02,
       -1.4065130585268443e+02, -6.2209358206360168e+00,
       3.6386840323680033e+01, 1.2758974469120226e+01,
       -1.6259329027916867e+00, 1.5428442974620349e+01,
       -7.4488759427799367e-01, 1.0520481966960018e+00,
       3.5466989855475356e-01, -3.0060788341351047e-01,
       -5.8442621890891772e+01, -8.3145168409162153e+01,
       1.6094886010704926e+01, 5.0886568014180163e+01,
       7.5567657905668328e+00, -3.9653998590523667e+00,
       1.8717282019563211e+00, -4.3811121132609832e-01,
       2.1652573283667503e-01, 3.1122435223681952e-02,
       1.1688047834264100e+02, 2.1619574309337186e+00,
       5.0375689115751605e+01, 1.1450438635044520e+01,
       1.4275088806516290e+01, 3.5817976238727716e+00,
       2.7079728958060678e-01, 1.0776688675355368e+00,
       4.1677568188120084e-01, 8.2186273417657663e-02,
       3.8314520625219095e+00, 2.4561333979254774e+00,
       -2.2857978122680660e+01, 5.3712374821797990e+00,
       2.5987307514851150e+01, 4.1714041014473002e+00,
       6.2486309808756002e-01, 8.2142375695814129e-01,
       3.6086664692567955e-01, -5.7336311923202356e-02,
       3.1911029050213923e+01, -9.7900903423292476e+01,
       -9.3868486699759845e+00, 6.9882429658590354e+01,
       -4.2176485392060687e+00, -1.6656862352058328e+00,
       2.0907807802209462e+00, -3.9465379263053724e-01,
       -8.7397607515509373e-02, -1.4596455568304184e-01,
       7.4350882356420982e+01, 4.5946062766816411e+01,
       -2.5307119121416871e+01, -3.5971217438437627e+01,
       3.7723161498978802e-01, -1.1656406543262344e+01,
       1.2070952733142966e+00, 1.0267333292698160e+00,
       3.2941186307881209e-01, -1.6610358363931977e-02 ]
