%YAML:1.0
means: !!opencv-matrix
   rows: 34
   cols: 8
   dt: d
   data: [ -1.4589974834053848e+02, 5.2523033976757809e+01,
       3.7730045370579148e+01, -3.5105225372448949e+01,
       -9.5415200084459784e+00, -9.8506098173888166e+00,
       1.8473907838611623e+00, 1.8619553023536262e+00,
       1.6590673283989622e+02, 1.4907376395252850e+01,
       -4.6202502454204591e+01, -1.2455826512031795e+01,
       -7.1720239706234734e+00, 1.2540432695491681e+01,
       -3.2620361153291211e-01, -2.1002962960563012e-01,
       -1.4976041719651855e+02, -1.0343318556448601e+02,
       2.6911718634322828e+01, 6.6356725487623990e+01,
       -1.9710894741974105e+01, 6.9452310469563838e-01,
       -2.1410748323046724e-01, -1.4291076273336025e+00,
       8.2028216517942880e+01, 1.9277856687006647e+01,
       -2.1945995500448330e+01, -3.2297095381204656e+01,
       -2.5013923916368878e+01, -2.0645855259341417e+01,
       1.3540870304491084e+00, -2.9021436504839477e+00,
       -2.1021453994832800e+02, 1.0621219723186465e+02,
       4.9839224479279984e+01, -5.2497267108404259e+01,
       -2.1101592573839177e+01, 3.0324022799850390e+01,
       -5.6018373406408006e+00, 2.7576705065818738e+00,
       -2.1046077414920174e+02, -1.9739505810894038e+01,
       4.3218380816790535e+01, 2.3172246457330711e+01,
       -1.0218810216922968e+01, 1.2790500974277714e+01,
       -1.9833991627982004e+00, -1.7055703773322071e+00,
       -4.3050752062331895e+01, 3.6552185388487665e+01,
       2.0231187246834022e+01, -2.9552986884908389e+01,
       2.6809707461330408e+01, -1.6301205103586852e+01,
       2.5943593927271595e+00, 6.0645962467058695e-02,
       1.9628226571857187e+01, 5.0543885556900079e+01,
       -2.2115445176250002e+00, -4.0112873975273892e+01,
       7.9594249935844106e+00, -2.2326826766128374e+01,
       2.0528557352544885e+00, 1.7603340998290746e+00,
       -2.0911939488423690e+02, 3.1251572012780787e+01,
       4.1864514277888063e+01, -1.8753926829709329e+01,
       -1.2182569513216379e+01, 3.9266300814432458e+00,
       -1.4558399526988162e+00, -1.2946426085007083e+00,
       1.1011761111194625e+00, 1.1744845684272313e+01,
       -1.8546943864862680e+01, 3.5787555036666707e+00,
       2.7150121938997419e+01, 2.4081091301346018e+00,
       1.2426710865335764e+00, 7.0532921783330138e-01,
       9.8043280645844092e+01, -3.1507146633646130e+01,
       -3.2631068933919614e+01, 1.9627919685553842e+01,
       -7.8226177102076440e+00, 9.7578311125108907e+00,
       -1.0261685558164984e+00, 1.0167726052926567e+00,
       7.0463763400230106e-01, 4.2904052952979491e+01,
       7.6838616147752674e+00, -2.1457523234910507e+01,
       1.0968524259432288e+01, 1.9268429095420223e+00,
       -1.5918555380840096e+00, 1.2497253979608816e+00,
       -1.2556769537381065e+02, -1.5525860352944715e+01,
       3.4660582927929809e+01, 8.4893314684859362e+00,
       7.5451339685858967e+00, -9.6897145448516273e+00,
       2.2255555493452315e+00, -2.4222773848200330e-01,
       8.9276152215142915e+01, -3.4262805409582079e+01,
       -2.3464332234925905e+01, 2.1514117843512693e+01,
       -2.9790127936083617e+00, 1.1133518431102093e+01,
       -6.2616426785035104e+00, -2.0818892538272951e+00,
       1.1443007560214922e+02, -4.1665645808485039e+01,
       -3.0071577518005618e+01, 3.6926058851123678e+01,
       -2.9392771159811337e+00, 1.3675046541442274e+01,
       5.4240947798333217e-02, 2.2838586520438833e+00,
       1.3106323730669953e+02, 1.5200929755409213e+01,
       -4.2813246050600441e+01, -1.1257481115395592e+01,
       -1.7403556810896525e+01, -5.7306104231390371e+00,
       3.4420862623900348e+00, 6.6314915834721078e-01,
       1.2004311874508120e+02, 7.4320733249203030e+00,
       5.5327385444502234e+01, -8.1949853558576502e-01,
       1.9107513363859876e+01, 1.4483025003089560e+00,
       3.2399164294657518e-01, 1.5935205318394075e+00,
       8.5582864292517755e+01, 3.7214729327264102e+01,
       -1.8428718890109970e+01, -3.1702285326489122e+01,
       -3.4730002539088147e+00, -9.9941406363865397e+00,
       -2.9532347642723833e-01, 4.9699731555487903e-02,
       -1.9999434944841749e+01, -8.0236013520171042e+01,
       5.8746008098241873e+01, 4.9877190604759441e+01,
       5.6929420426314801e+00, -5.0089276352006715e+00,
       1.8369378056180405e+00, -4.6177308070745959e-01,
       -2.6340429205696662e+01, -1.2496744045274752e+01,
       2.9021601594524444e+01, 2.2779816637484409e+01,
       2.5707204093015612e+01, -6.9347870507862472e+00,
       -9.2332245114047709e+00, -6.4558432359553857e+00,
       1.1802149808247616e+02, -3.3074154117263511e+01,
       -3.1002606207273832e+01, 2.2331762422244960e+01,
       2.3688218363807162e-01, 1.4993542532092105e+01,
       -6.8257025244100022e-01, 1.6241839809036007e+00,
       -1.6667699627669624e+01, -1.0272728321571282e+02,
       9.4893890899826889e+00, 5.9744489071338315e+01,
       8.0040013166444908e+00, -2.8795882931329286e+00,
       2.2551476616378814e+00, -3.9633824647356697e-01,
       1.7812293372287932e+01, 1.5620181149262933e+02,
       -1.3194832051648102e+00, -8.6301650910853681e+01,
       1.6312259273913710e+01, 1.5644737054431289e+01,
       -3.6574594621924500e-01, 2.4467175665344620e+00,
       -2.6860371490146925e+01, -1.0264662297729792e+00,
       8.2114196319932997e+00, 4.1888019020813836e+00,
       3.7001695456385505e+01, 2.3300004250915279e-01,
       2.1501231437540791e-01, 5.3594993933581936e-01,
       3.3218791268132122e+01, -9.9536497311499247e+01,
       -1.1605848760941575e+01, 6.7806909196800362e+01,
       -4.6778458999488066e+00, -1.1833253515028241e+00,
       2.0872159262821071e+00, -4.1275874619849590e-01,
       1.5271695825722429e+02, 6.0489781829130678e+00,
       -4.1822021900442309e+01, -1.5708960419336421e+01,
       -9.2513943036093789e+00, 9.9602665401046977e+00,
       1.0145027945886009e+00, -2.2105373462658253e+00,
       8.3942134959600182e+01, 8.1920612353335507e+00,
       -2.7911892700609744e+01, -3.1087179518262008e+01,
       -2.9326228103981776e+01, -1.6998784198966423e+01,
       -1.0692280760333710e-01, -1.0781323380514167e+00,
       2.3505273122530156e+01, 5.2255790837217468e+01,
       -9.0164547397361954e+00, -4.9394219036223738e+01,
       -3.0582648000501166e+01, -2.0710962320366463e+01,
       3.2983841024750631e+00, -1.0081195126983958e-01,
       -1.3184602233753273e+02, 3.6356918002321933e+01,
       3.4879656694408268e+01, -1.1871347463632070e+01,
       -5.0655728011599361e+00, 2.2882119946270663e+01,
       -1.9749937805704629e+00, 1.6059777625580163e+00,
       -1.5306120237746848e+02, -6.7330668604815486e+01,
       3.4039674411410175e+01, 4.0055692477297157e+01,
       -4.6839055140472468e+00, 2.8634697341914457e+00,
       4.6707267519586099e-01, 5.8088785671355214e-01,
       -1.6950683918776727e+02, 8.1755836654509267e+01,
       3.1994241221725016e+01, -5.6080956240911398e+01,
       -2.6271930892034653e+01, -1.7718832374455153e+00,
       -3.3448823560812730e+00, -1.3127363023313241e+00,
       -1.3901278866391056e+01, -2.9435953678519546e+01,
       1.5727302651663582e+01, 2.3685869519263939e+01,
       5.5926777952854545e+00, -7.7170092342041823e+00,
       2.3811899754168109e+00, 4.9534453510134058e-01,
       -1.2183631481671536e+02, -7.4700216149190396e+01,
       -3.1815847381670530e+01, 4.9631542352938581e+01,
       1.0475280548560136e+01, -4.0420618949536085e+00,
       1.6979411324462879e+00, -5.3863454299500013e-01,
       1.0187615988718603e+02, 3.8220639665855174e+01,
       -3.9862965461721565e+01, -1.1080591463757504e+01,
       4.5320853234284222e+00, 5.9915890914178727e+00,
       1.0204993924933194e-01, 1.8392585359349813e+00 ]
