%YAML:1.0
means: !!opencv-matrix
   rows: 5
   cols: 5
   dt: d
   data: [ -1.5992095533860618e+02, -5.4280744931876868e+01,
       4.3822364806664808e+01, 1.3934334275021696e+01,
       -1.1896658206359904e+01, 9.9924957658711492e+01,
       -4.4457677142897403e+01, -2.1800156752145732e+01,
       3.8157865145630986e+01, -2.7077261064554087e+01,
       1.8962638882465569e+01, -4.2826237535877816e+01,
       3.1344338879020577e+00, 1.6038734749441279e+01,
       1.8112973532000886e+01, 1.1273227276404963e+02,
       4.0942864650947108e+01, -3.3852561478443079e+01,
       -9.0909089864312307e+00, -9.0900231226916990e+00,
       -9.0276543746442684e+01, 8.7786911337218257e+01,
       1.1079327464620146e+01, -4.3492013779307285e+01,
       -1.2658328120624076e+00 ]
covs: !!opencv-matrix
   rows: 25
   cols: 5
   dt: d
   data: [ 7.3980039526639739e+03, 1.0869509124903482e+02,
       2.9055539291977907e+03, -7.4237714190771624e+02,
       4.3510910667027059e+02, 1.0869509124903485e+02,
       8.4718322218732337e+03, 7.0108593274490761e+02,
       1.6471083712950240e+03, 7.1471934029192857e+02,
       2.9055539291977907e+03, 7.0108593274490738e+02,
       2.3869789294267352e+03, -3.8846275938928194e+01,
       -1.1896086263353072e+02, -7.4237714190771624e+02,
       1.6471083712950240e+03, -3.8846275938928159e+01,
       2.0808919492944810e+03, -2.4686562333341249e+02,
       4.3510910667027059e+02, 7.1471934029192857e+02,
       -1.1896086263353072e+02, -2.4686562333341249e+02,
       3.3645941219662365e+02, 4.1636377627166203e+03,
       -9.2901304234507847e+01, 2.9031887280880455e+03,
       -8.0273670288131666e+02, -7.6612158600351194e+01,
       -9.2901304234507847e+01, 5.0799028590767639e+03,
       9.0248875171821783e+02, 2.6731562330141232e+03,
       -4.3161682504487651e+01, 2.9031887280880455e+03,
       9.0248875171821783e+02, 2.5156758618153476e+03,
       -1.1274920321420933e+02, -9.0860244360904332e+01,
       -8.0273670288131666e+02, 2.6731562330141232e+03,
       -1.1274920321420936e+02, 1.7533921852549076e+03,
       6.9696334942776105e+01, -7.6612158600351194e+01,
       -4.3161682504487658e+01, -9.0860244360904332e+01,
       6.9696334942776105e+01, 3.7010903806716257e+01,
       6.7618268866396056e+03, -5.5768351006781268e+02,
       2.5586175931918733e+03, -6.5018514123804425e+02,
       -3.6882715166065134e+02, -5.5768351006781268e+02,
       1.1357776433990242e+04, 3.2074067612472402e+02,
       4.9838232529000362e+02, 2.6771788016233006e+02,
       2.5586175931918733e+03, 3.2074067612472390e+02,
       2.5936187576915759e+03, 4.8220843072537861e+01,
       5.5247475388779883e+01, -6.5018514123804437e+02,
       4.9838232529000351e+02, 4.8220843072537853e+01,
       2.4905595390644967e+03, -8.3939460678740502e+01,
       -3.6882715166065134e+02, 2.6771788016233000e+02,
       5.5247475388779897e+01, -8.3939460678740531e+01,
       3.9972672506918565e+02, 9.0108347866218319e+03,
       -2.6904732110098339e+03, 2.3023005391593488e+03,
       8.1025657393485130e+02, -1.6283578800510341e+02,
       -2.6904732110098334e+03, 9.7886998809851975e+03,
       9.5990079145143034e+02, 8.8096415115118589e+02,
       9.9602391036315950e+01, 2.3023005391593479e+03,
       9.5990079145143022e+02, 2.6414858525390282e+03,
       -3.2254549300229121e+02, -8.1751922497149806e+01,
       8.1025657393485096e+02, 8.8096415115118589e+02,
       -3.2254549300229121e+02, 2.6786140766876297e+03,
       9.4237615493756604e+00, -1.6283578800510338e+02,
       9.9602391036315979e+01, -8.1751922497149806e+01,
       9.4237615493756675e+00, 7.0909382106543234e+01,
       1.0449201142407141e+04, 8.4856520892580261e+02,
       1.8346138974110395e+03, -1.1089929305169896e+03,
       4.5345259728454636e+02, 8.4856520892580227e+02,
       7.6976734094753010e+03, 2.7810850849801005e+02,
       2.2411463049917256e+03, -1.5888486685107208e+02,
       1.8346138974110397e+03, 2.7810850849801000e+02,
       2.8988055382101697e+03, 8.4539880253768388e+01,
       -1.0814469821234844e+02, -1.1089929305169892e+03,
       2.2411463049917256e+03, 8.4539880253768416e+01,
       1.7992324773255564e+03, 1.1402528129072593e+02,
       4.5345259728454647e+02, -1.5888486685107202e+02,
       -1.0814469821234842e+02, 1.1402528129072587e+02,
       2.2286059458459962e+02 ]
weights: !!opencv-matrix
   rows: 1
   cols: 5
   dt: d
   data: [ 1.6472079330804662e-01, 5.7954923524762059e-02,
       3.3953004019574340e-01, 2.6419714535316197e-01,
       1.7359709761826542e-01 ]
pca_proj: !!opencv-matrix
   rows: 5
   cols: 21
   dt: f
   data: [ 1.02604255e-02, 8.46533298e-01, 5.67100069e-05,
       -5.08859605e-02, 4.68450844e-01, 1.89823491e-04, -5.55210514e-03,
       1.46431834e-01, -1.98076777e-05, -7.31809530e-03, 1.34976640e-01,
       -4.80776835e-05, -6.69380091e-03, 1.46460637e-01, -1.57161594e-05,
       2.11501210e-05, 1.32904761e-05, -3.16381829e-07, -1.62182951e-05,
       4.47223283e-04, 4.04881848e-06, 8.19958210e-01, 1.87153444e-02,
       -7.93817599e-05, 4.28530097e-01, 8.29724409e-03, 8.75842488e-06,
       2.28233948e-01, -2.37727305e-03, -1.84168690e-04, 2.08515689e-01,
       -1.20344283e-02, -2.14158339e-04, 2.18838796e-01, -7.27251405e-04,
       -1.84816250e-04, -3.05604735e-05, -5.04301033e-06,
       -1.27042276e-05, 6.79167337e-04, 1.30049409e-06, -1.63660501e-04,
       -1.48704097e-01, -3.29387456e-01, -1.82470303e-05, 1.08596861e-01,
       1.49965823e-01, -1.77574475e-04, 1.29315495e-01, 5.12750924e-01,
       2.36419466e-04, 1.37444586e-01, 5.11233926e-01, 2.85520800e-04,
       1.36541247e-01, 5.06532609e-01, 2.30281497e-04, -1.19767010e-05,
       -4.37137305e-06, 1.85016711e-06, 4.23374237e-04, 1.63331581e-03,
       1.86568883e-04, -4.72028166e-01, 1.25829116e-01, -3.95576280e-05,
       1.75304204e-01, -4.03850079e-02, -1.91588406e-04, 4.72358793e-01,
       -1.55570537e-01, 3.14154240e-05, 4.64089781e-01, -1.42328069e-01,
       9.23298430e-05, 4.71241623e-01, -1.54795542e-01, 4.75230554e-05,
       -2.49870754e-05, 5.87460408e-06, 1.53038200e-05, 1.49897439e-03,
       -5.03496267e-04, 3.15210091e-05, 4.28138897e-02, -3.98029029e-01,
       -1.64866622e-03, -1.49486646e-01, 8.53724658e-01, -7.20556185e-04,
       4.98631820e-02, -1.44551426e-01, -6.16796780e-04, 4.10989933e-02,
       -1.98635340e-01, -7.75538327e-04, 2.98115760e-02, -1.52079150e-01,
       -6.80539582e-04, 2.25883312e-04, -2.69945431e-05, 2.70592113e-06,
       9.03362306e-05, -4.77506634e-04, -7.18366122e-04 ]
pca_mean: !!opencv-matrix
   rows: 1
   cols: 21
   dt: f
   data: [ 4.33646118e+02, 2.44701981e+02, 1.49672687e+00,
       4.18191803e+02, 2.60206879e+02, 1.62062907e+00, 3.68545319e+02,
       2.27059875e+02, 1.69770968e+00, 3.19420807e+02, 1.63929108e+02,
       1.75046074e+00, 3.16613464e+02, 2.25532654e+02, 1.70717156e+00,
       1.08872897e-04, -9.74175637e-05, 6.24380555e-05, -2.17504916e-04,
       -2.50119597e-01, 1.75055194e+00 ]
gamma: !!opencv-matrix
   rows: 5
   cols: 1
   dt: d
   data: [ 9.1586665159495761e-01, 8.9021433777076320e-01,
       9.3253193552660774e-01, 9.1515395840989855e-01,
       9.2084929807418570e-01 ]
