%YAML:1.0
means: !!opencv-matrix
   rows: 5
   cols: 8
   dt: d
   data: [ 1.3876659424037248e+02, -8.6081050288832248e+00,
       -3.8412618394377851e+01, 8.3756368836954227e+00,
       -5.3041893642848947e+00, 1.2105560570381090e+01,
       -1.1129747273923235e-01, 8.9187553788268759e-01,
       -1.6631646196849613e+02, 3.1601475729863527e+01,
       3.8262043717214013e+01, -1.6962837814759105e+01,
       -8.7997596094698221e+00, 3.7125838826820718e+00,
       -8.2264580070653126e-01, 2.4792819563460933e-01,
       3.0733844707525300e+01, 1.7099500124714833e+01,
       -2.2695595193410201e+00, -8.4586841809226083e+00,
       1.5206331753737212e+01, -1.8465557436671198e+00,
       -3.3985778565396713e-01, 2.8089501709310971e-01,
       8.1542943164048339e+01, 1.5739783838364831e+01,
       -2.3913467579802436e+01, -3.2283447231782510e+01,
       -2.6419718949326722e+01, -1.9791176936116415e+01,
       9.3560474831597218e-01, -2.3295462968469325e+00,
       -5.1524112971412556e+01, -9.4571308293720548e+01,
       9.6993646404922469e+00, 6.0433725321590444e+01,
       -4.5726094844119940e+00, -1.2818974985725615e+00,
       1.6635171663772534e+00, -6.2130898650741795e-01 ]
covs: !!opencv-matrix
   rows: 40
   cols: 8
   dt: d
   data: [ 5.0551161415456545e+03, 5.1401894296415333e+02,
       2.7959707160681860e+03, -2.9360279877415718e+02,
       -1.8859558757136537e+02, -9.0443755884850887e+01,
       -6.9780605066872241e+01, -6.1204012332935100e+00,
       5.1401894296415333e+02, 6.9213432698630950e+03,
       -2.9721303034852184e+02, 1.5642619638377735e+03,
       -1.2160379657342557e+02, -6.2992835183630305e+01,
       2.3764315334761054e+01, -6.2765557953208628e+01,
       2.7959707160681864e+03, -2.9721303034852207e+02,
       2.5700996837645848e+03, 1.5419161394987435e+02,
       -7.9299401604028361e+01, 5.1838415520904817e+01,
       3.0760907159358027e+01, 4.0808133096169632e+00,
       -2.9360279877415707e+02, 1.5642619638377735e+03,
       1.5419161394987435e+02, 1.6766407395695614e+03,
       -4.6710483607398778e+00, -1.0435668672234812e+02,
       -5.8169893196680622e+00, 4.9132134033183192e+01,
       -1.8859558757136537e+02, -1.2160379657342557e+02,
       -7.9299401604028361e+01, -4.6710483607398796e+00,
       3.5611410649383551e+01, 2.0164493343324089e+01,
       -6.0232066433089342e+00, -2.5610261513425638e+00,
       -9.0443755884850916e+01, -6.2992835183630291e+01,
       5.1838415520904803e+01, -1.0435668672234810e+02,
       2.0164493343324093e+01, 5.8308571372953210e+01,
       1.1327797344611213e+01, -9.5870868090605423e+00,
       -6.9780605066872226e+01, 2.3764315334761054e+01,
       3.0760907159358013e+01, -5.8169893196680640e+00,
       -6.0232066433089342e+00, 1.1327797344611213e+01,
       2.2679743295849818e+01, -4.0807981651359366e+00,
       -6.1204012332935092e+00, -6.2765557953208642e+01,
       4.0808133096169659e+00, 4.9132134033183185e+01,
       -2.5610261513425638e+00, -9.5870868090605441e+00,
       -4.0807981651359366e+00, 1.7133156233121330e+01,
       7.3082514411525917e+03, 1.5691277429820744e+02,
       2.8520906553224809e+03, 5.4192097407701674e+01,
       3.4481937371532069e+02, -3.2249583113637789e+02,
       1.0420828639677624e+02, -3.5620583789386771e+01,
       1.5691277429820749e+02, 9.4822852633755374e+03,
       -1.8834365807311153e+02, 3.0953897150075187e+02,
       -4.4402431848986652e+02, 5.1468334632715857e+02,
       -1.1374951565786660e+02, 1.7669161756191833e+01,
       2.8520906553224809e+03, -1.8834365807311150e+02,
       2.4516427801968707e+03, 9.2116192235295273e+01,
       -7.2037075946818263e+01, 3.2735754898136953e+01,
       -2.1903431431841234e+01, 1.1601713167105974e+01,
       5.4192097407701688e+01, 3.0953897150075193e+02,
       9.2116192235295259e+01, 2.2722875523210159e+03,
       1.9297475919959570e+02, -1.9701234412736022e+02,
       5.2878023494515006e+01, -1.7367720861413641e+01,
       3.4481937371532069e+02, -4.4402431848986646e+02,
       -7.2037075946818277e+01, 1.9297475919959570e+02,
       1.8807138224080006e+02, -1.1116343404084002e+02,
       2.2206539810213133e+01, -1.7598118559973042e+01,
       -3.2249583113637789e+02, 5.1468334632715857e+02,
       3.2735754898136967e+01, -1.9701234412736022e+02,
       -1.1116343404084002e+02, 3.5388353179810696e+02,
       -2.0371349308181479e+01, 1.2430122649564344e+01,
       1.0420828639677627e+02, -1.1374951565786660e+02,
       -2.1903431431841227e+01, 5.2878023494515006e+01,
       2.2206539810213133e+01, -2.0371349308181475e+01,
       3.3762510750066603e+01, -8.1495787770508055e-01,
       -3.5620583789386771e+01, 1.7669161756191833e+01,
       1.1601713167105974e+01, -1.7367720861413638e+01,
       -1.7598118559973038e+01, 1.2430122649564344e+01,
       -8.1495787770508044e-01, 2.0757895616623497e+01,
       7.5688990302282737e+03, 3.3583556511635788e+02,
       2.2561993100281247e+03, -1.8229322584915316e+01,
       -6.8462756580334860e+02, 2.6418635422655581e+02,
       -8.3426619198627392e+01, 1.1835583308521171e+01,
       3.3583556511635788e+02, 9.1605123293952001e+03,
       -8.2598111043909327e+01, 4.9995036109448262e+02,
       1.0767380835985161e+02, -1.7038089309367086e+02,
       8.3789974308472921e+01, 1.3519682850727682e+01,
       2.2561993100281247e+03, -8.2598111043909299e+01,
       2.7807945337025435e+03, -1.9707490308721834e+01,
       1.2982833966139268e+02, -5.8232730469272219e+01,
       1.2473560572859078e+01, -7.7655399795310958e+00,
       -1.8229322584915280e+01, 4.9995036109448250e+02,
       -1.9707490308721859e+01, 2.2520057396808661e+03,
       -9.1494341127540707e+01, 6.5110695997765021e+01,
       -5.1694551767055835e+01, -2.2796728894138770e+01,
       -6.8462756580334860e+02, 1.0767380835985159e+02,
       1.2982833966139268e+02, -9.1494341127540679e+01,
       3.7454586934663303e+02, -1.0705341227135701e+00,
       -3.6493943573704977e+00, -2.5360661311612662e+00,
       2.6418635422655575e+02, -1.7038089309367086e+02,
       -5.8232730469272219e+01, 6.5110695997764992e+01,
       -1.0705341227135732e+00, 2.1241763637038568e+02,
       -7.2668122108807276e-01, -1.3838863096172739e+01,
       -8.3426619198627407e+01, 8.3789974308472935e+01,
       1.2473560572859075e+01, -5.1694551767055835e+01,
       -3.6493943573704972e+00, -7.2668122108807243e-01,
       3.5825868319701328e+01, 4.3273536976356128e+00,
       1.1835583308521171e+01, 1.3519682850727685e+01,
       -7.7655399795311002e+00, -2.2796728894138770e+01,
       -2.5360661311612671e+00, -1.3838863096172743e+01,
       4.3273536976356128e+00, 1.8142822417709233e+01,
       4.0825151871125868e+03, 8.4078972959111852e+01,
       3.0783673230578952e+03, 1.4305869816910084e+02,
       -1.0425554811415091e+02, -2.2495625862643895e+01,
       -5.2711747304777560e+01, -5.5686774587469907e+00,
       8.4078972959111852e+01, 5.6042762411347958e+03,
       -4.8669056799194578e+01, 2.4705682222830010e+03,
       -4.1234780272154651e+01, -1.3251014572547783e+02,
       4.0676409824275460e+01, -2.5508252813470904e+01,
       3.0783673230578952e+03, -4.8669056799194600e+01,
       2.5764471005390724e+03, 2.8544034641506954e+01,
       -8.2277010676977241e+01, 5.1205874556618909e+01,
       1.6463680438556594e+01, -5.0987064901074399e+00,
       1.4305869816910084e+02, 2.4705682222830010e+03,
       2.8544034641506968e+01, 1.1712822782700166e+03,
       -6.0467721989299115e+01, -8.7404879054616785e+01,
       4.5410471670351571e+00, 1.6906792232201521e+01,
       -1.0425554811415091e+02, -4.1234780272154651e+01,
       -8.2277010676977241e+01, -6.0467721989299100e+01,
       3.5390888988593765e+01, 8.8532716379730285e+00,
       4.2698781463836095e+00, -1.5852698348976130e+01,
       -2.2495625862643898e+01, -1.3251014572547783e+02,
       5.1205874556618909e+01, -8.7404879054616785e+01,
       8.8532716379730285e+00, 8.1880230938808779e+01,
       2.6454429447587920e+01, -7.8688374356386630e+00,
