%YAML:1.0
means: !!opencv-matrix
   rows: 36
   cols: 8
   dt: d
   data: [ -2.4651614723328361e+01, -4.6212335030150005e+00,
       1.0218009032219674e+01, 3.5318574338606386e+00,
       3.5511529396443059e+01, -3.9389729384004757e-01,
       3.8331736780044068e-01, 3.3472914190604924e-01,
       1.6375284418692573e+02, 1.6281684203234740e+01,
       -4.6473887703087122e+01, -1.7759796557981030e+01,
       -7.7382774258257809e+00, 1.2550382760838090e+01,
       -2.3907893064529676e-01, -9.6670560084990120e-01,
       1.3664311115052521e+02, 3.4295998582169787e+01,
       -3.9561204087753495e+01, -1.0589363857956632e+01,
       -2.6103240357378241e+00, 1.6065778486521687e+01,
       -2.8234192339593958e+00, 1.8756487987795083e+00,
       -1.8391452178291186e+01, 2.2062180997665159e+01,
       2.6911563566038598e+01, -9.9468264968117612e+00,
       2.5717718167782039e+01, -1.2000009806205213e+01,
       -3.1712590931069133e+00, -4.7554571522531228e+00,
       -1.7395079411802541e+02, 7.8624859749544484e+01,
       3.4377699989492115e+01, -5.0535036296723675e+01,
       -2.2256794387913310e+01, -1.9279089728725403e+00,
       -2.5168227409510453e+00, -1.3582858864545366e+00,
       -6.1469561362773057e+01, -9.1191424932214673e+01,
       1.5288898911367074e+01, 5.4884666824263192e+01,
       6.5993438508303006e+00, -4.9604446537147018e+00,
       1.9363177345484832e+00, -6.2391997004044564e-01,
       7.1129077181685645e+01, 9.9985331849436875e+01,
       1.2693918269429311e+01, 3.5965557193702367e+01,
       1.8978729211336820e+01, -5.4707545333612684e-01,
       8.7114646099327642e-01, 1.4903912495216227e+00,
       -1.9669016435904203e+00, 4.7619101500842319e+01,
       7.9937230457196815e+00, -2.7063397133955114e+01,
       1.0366967572043301e+01, -2.6043060192165832e+00,
       -1.6616144867297011e+00, 1.7836335785007529e+00,
       -1.4837276400816094e+02, -1.0412216212748767e+02,
       2.7504277871993850e+01, 6.6348741982195975e+01,
       -1.9920693896230635e+01, 8.4441929059725984e-01,
       -2.6303309814258014e-01, -1.4640854283910696e+00,
       -4.8851175509168712e+01, 3.6037679817992796e+01,
       2.0477246257040086e+01, -2.9433518225699046e+01,
       2.6880188245376715e+01, -1.4371221598654691e+01,
       2.0199419836850385e+00, -2.5746043286601661e-01,
       3.5794195055507096e+01, -9.8186586320106187e+01,
       -1.2211457917406589e+01, 6.7565643331599432e+01,
       -4.6234650630727216e+00, -9.8630105632974041e-01,
       2.0822503675125410e+00, -2.6575355557614633e-01,
       -1.4465862478752655e+02, 1.9137470951489994e+00,
       3.7829590388929681e+01, 1.2281753893513905e+01,
       -5.2093319174359447e+00, 2.1706048501735921e+01,
       -1.0529643921899698e+00, 2.4040343625101124e+00,
       -1.4924967328152155e+02, -5.0275371524921844e+01,
       3.9177905634871799e+01, 2.6679113388388430e+01,
       -1.0776287662329569e+00, -8.7291234196826455e+00,
       2.8530007659428192e+00, 6.8520878025189513e-01,
       8.2056216213562905e+01, 1.9269392277718943e+01,
       -2.1901879154756177e+01, -3.2343874203510367e+01,
       -2.4971174198602171e+01, -2.0664337728922391e+01,
       1.3626202421270759e+00, -2.9194685472444006e+00,
       9.2202648225968559e+01, 3.3182179098246998e+01,
       -2.0209636929653165e+01, -2.7436207136253664e+01,
       -6.1785407648051125e+00, -9.0945383924631322e+00,
       -5.8219006083975788e-01, -1.1872273314347966e-01,
       5.4877828514913958e+01, 5.7251691819382884e+01,
       -5.5964615764735628e+00, -4.3765631283916527e+01,
       1.4229622710053233e+01, -1.8427139101641341e+01,
       3.1976082864324122e+00, 1.9832778873394064e+00,
       1.3664413567819858e+02, 1.2896312468376733e+01,
       -4.0014568736794864e+01, -1.2649234244870950e+00,
       -2.9490451359659664e+00, 9.5455341969979717e+00,
       3.8121234796634186e-02, 2.0159853567121573e+00,
       1.2134934010217327e+02, -3.6346708231289604e+01,
       -3.1834263426689358e+01, 3.3434863950638679e+01,
       -3.6344464987363287e+00, 1.3875161013613141e+01,
       -1.4638407039847168e-01, 2.1306095166584216e+00,
       -2.1568719018373261e+02, -7.2379213123835502e+00,
       4.4572193457993585e+01, 1.4667298974094944e+01,
       -1.0287875236330494e+01, 1.1987681502001434e+01,
       -2.2909263123317656e+00, -1.6019655178423946e+00,
       -4.6344651616524935e+01, 1.2903960289901644e+02,
       1.0152904534925758e+01, -8.4747906840164234e+01,
       -6.6328516121760259e+00, 2.7282352847370252e+01,
       -4.1094706290089533e+00, 4.3113653171157673e-01,
       -2.1097613848735733e+02, 3.2395089725529786e+01,
       4.3592003976996764e+01, -2.1133568287414128e+01,
       -1.5395380635076233e+01, 6.1870051977782738e+00,
       -9.7647956066213915e-01, 6.9991695321633507e-01,
       -1.3351921948577296e+02, 3.5388787370415059e+01,
       3.5371542211884361e+01, -2.5992831564658072e+01,
       -7.6274570440129319e-01, -1.4703818753838132e+01,
       2.7280655691935900e+00, 9.9578510940451559e-01,
       8.3881063523579300e+01, 8.2526593443424581e+00,
       -2.7644242886518693e+01, -3.1237121378590484e+01,
       -2.9375074883018847e+01, -1.6994008213502202e+01,
       -1.0298879737149363e-01, -1.0900445396870988e+00,
       -2.1038290842661530e+02, 1.0899249505856639e+02,
       4.9579781595085358e+01, -5.1767519409460057e+01,
       -2.1474538076068491e+01, 3.0123236964623871e+01,
       -5.8184159476345743e+00, 2.6665275714949073e+00,
       5.7339781525430404e+01, -5.8196887649708252e+01,
       -1.7739388096703756e+01, 3.6528893908129241e+01,
       1.1163478927790376e+01, 1.5031765262672254e+01,
       -1.3157622328323595e+00, 2.3660529490619511e-01,
       6.9067727822042940e+01, -4.8640811581635568e+01,
       -6.1402365530267389e+00, 2.8603707417509092e+01,
       4.2618241712824600e+00, 1.2038440951091301e+01,
       -6.9630557549443477e+00, -2.3653660495118891e+00,
       -4.6753561496415152e+01, -5.7354405578573576e+01,
       2.3726647262344081e+01, 4.4363527417995222e+01,
       1.5856128151871811e+01, -6.8062690761099214e+00,
       -4.1697528633708423e+00, -2.4558860819693078e+00,
       -1.2541055729928696e+02, -4.8209875536603619e+01,
       3.7184690147102323e+01, 3.9745672870055131e+01,
       4.4563538971052266e+00, 2.9790790510415033e-01,
       8.8535496330039909e-01, -2.4048926673165241e+00,
       9.5598623029477579e+01, -5.3363510369045812e+01,
       -2.8749540760095648e+01, 3.2463129557387099e+01,
       -9.8828426176204456e+00, 6.7031757797025762e+00,
       -1.2169699951863100e-01, 7.1964790694188008e-01,
       3.3397598519007623e+01, 1.4797480730929539e+02,
       -2.1288001818278590e+00, -8.1651017280754530e+01,
       2.0506013933653904e+01, 1.0751837754925749e+01,
       9.1360266793418121e-01, 2.5658428222992264e+00,
       1.4459536649538137e+02, 4.9407553355764939e+00,
       -2.8400687947781957e+01, -3.8855132521274394e-01,
       -9.5086910737238579e+00, 2.2535903779793397e+01,
       -1.4813249400686152e+01, -7.1076983813885626e+00,
       -3.8499946332793115e+01, -8.6534556365602313e+01,
       2.1586046770614491e+00, 5.8737249467064657e+01,
       -1.4847021768037001e+00, -9.7478056093654131e-01,
       1.5404810655364065e+00, -1.2072538249615244e-01,
       -2.8757089392460184e+01, 1.3249307345041821e+01,
       -6.2629890845048138e+01, -5.2403609078986841e+00,
       2.3684311309288621e+01, 2.4378811032174625e+00,
       8.5899211733941727e-01, 1.0227914765828570e+00,
       7.9346506338193379e+01, -3.3748700687974328e+01,
       2.6304931929468211e+01, -1.7396487226356435e+01,
       2.1802215836110115e+01, 4.8552350965514455e+00,
       1.0978749514466049e+00, 1.2260620255795505e+00,
       3.6908758659719176e-01, -2.8022222005680972e+00,
       7.3896374159087665e+00, -5.2728643375240996e+00,
       -5.1209900705169042e+00, -1.2738123343246603e+01,
       2.4347283473790031e+00, 5.8555257843274511e-01,
       1.5990477421730827e+02, 1.5207800832424635e+01,
