%YAML:1.0
means: !!opencv-matrix
   rows: 7
   cols: 4
   dt: d
   data: [ 9.8917228392524436e+01, 7.6263610846213501e+00,
       5.6881535217664144e+01, -1.8325933704677947e+01,
       -1.8098495296036771e+02, 2.5849859160276559e+01,
       4.1147630963921081e+01, 2.5202937475415673e+01,
       -1.6651133838267828e+02, -9.4444550093094847e+01,
       1.8033804403620881e+01, -3.8450260996148700e+01,
       -1.6349412945045589e+01, -9.5359083409165137e+01,
       -9.9119460457224058e+00, 1.9539648306434607e+00,
       1.0940004235865290e+02, -8.0739059034439450e+01,
       -4.9660311823297462e+01, -1.3127958040955714e+00,
       4.7204254275328402e+01, 4.4296281940732705e+01,
       -1.2955533119804873e+01, 5.7159310051497592e+01,
       -7.3264779217824181e+00, 1.0358326623363787e+02,
       -2.9167819600805576e+01, -3.7671727809661135e+01 ]
covs: !!opencv-matrix
   rows: 28
   cols: 4
   dt: d
   data: [ 1.0438123043897007e+04, -4.9252145161279435e+02,
       -2.2809426520997581e+03, 7.1703498668720431e+02,
       -4.9252145161279441e+02, 1.0947793413983129e+04,
       1.9808132903311761e+02, 1.0181947451764478e+02,
       -2.2809426520997581e+03, 1.9808132903311761e+02,
       1.0948246863388360e+03, 5.1867811473296717e+02,
       7.1703498668720431e+02, 1.0181947451764481e+02,
       5.1867811473296706e+02, 2.5074338284415821e+03,
       5.8694791672858437e+03, 5.8910868183544224e+01,
       2.4516406731717548e+03, -6.6688719634951133e+02,
       5.8910868183544224e+01, 8.1085590787654364e+03,
       -2.6422713597869767e+02, -9.3840421558708101e+02,
       2.4516406731717548e+03, -2.6422713597869767e+02,
       2.1482736237283157e+03, -2.1708579079544226e+01,
       -6.6688719634951133e+02, -9.3840421558708124e+02,
       -2.1708579079544236e+01, 1.6301989780893662e+03,
       6.1956730581389875e+03, 2.2856909454171554e+02,
       2.3038890692617802e+03, -6.3592416390682774e+02,
       2.2856909454171560e+02, 6.7843003942184978e+03,
       -6.5042929325470050e+02, -1.7035100056494766e+03,
       2.3038890692617806e+03, -6.5042929325470050e+02,
       2.1251260052208354e+03, -1.5336797358345888e+02,
       -6.3592416390682774e+02, -1.7035100056494764e+03,
       -1.5336797358345888e+02, 1.3881518734106512e+03,
       4.6310345343639028e+03, -1.4057853129343684e+03,
       2.2844223479944740e+03, -3.1401396855898247e+02,
       -1.4057853129343687e+03, 9.4855160425297381e+03,
       -3.2464509538955451e+02, -1.6357863180453305e+03,
       2.2844223479944740e+03, -3.2464509538955451e+02,
       1.8705143581357236e+03, 2.2526003087168274e+02,
       -3.1401396855898236e+02, -1.6357863180453303e+03,
       2.2526003087168274e+02, 2.7412171352589389e+03,
       5.8713734415629942e+03, 4.7085143473854941e+02,
       1.6770185978547981e+03, -7.9704318008379062e+02,
       4.7085143473854959e+02, 3.5688808891702815e+03,
       -1.6315835752060718e+02, 2.2459295678641860e+02,
       1.6770185978547981e+03, -1.6315835752060718e+02,
       2.0577065889095043e+03, -1.7412259842857515e+02,
       -7.9704318008379062e+02, 2.2459295678641854e+02,
       -1.7412259842857509e+02, 1.0884262563458367e+03,
       1.0715108320659132e+04, 8.5660493618959742e+02,
       4.1719970399943179e+02, -2.7235170428960794e+02,
       8.5660493618959754e+02, 4.0149568244183788e+03,
       -4.5757632094854341e+02, -3.5514496379808736e+02,
       4.1719970399943179e+02, -4.5757632094854341e+02,
       2.4560495306868834e+03, -2.1243602823802419e+02,
       -2.7235170428960794e+02, -3.5514496379808736e+02,
       -2.1243602823802419e+02, 1.0317635147476706e+03,
       8.8118528605639985e+03, -1.3618699798127700e+03,
       1.1812653096638785e+03, -2.9241058171960896e+02,
       -1.3618699798127700e+03, 7.2182122705045358e+03,
       1.0056037335343259e+03, 2.2089851365192881e+03,
       1.1812653096638785e+03, 1.0056037335343254e+03,
       2.3785525691808843e+03, -1.5213864392250956e+01,
       -2.9241058171960907e+02, 2.2089851365192881e+03,
       -1.5213864392250956e+01, 1.7243128670890467e+03 ]
weights: !!opencv-matrix
   rows: 1
   cols: 7
   dt: d
   data: [ 1.6327686000588976e-01, 1.1387918790370473e-01,
       8.7135189387932535e-02, 1.3790608854533848e-01,
       1.2777912897090479e-01, 1.8254208749240605e-01,
       1.8748145769380709e-01 ]
pca_proj: !!opencv-matrix
   rows: 4
   cols: 21
   dt: f
   data: [ 1.02604255e-02, 8.46533298e-01, 5.67100069e-05,
       -5.08859605e-02, 4.68450844e-01, 1.89823491e-04, -5.55210514e-03,
       1.46431834e-01, -1.98076777e-05, -7.31809530e-03, 1.34976640e-01,
       -4.80776835e-05, -6.69380091e-03, 1.46460637e-01, -1.57161594e-05,
       2.11501210e-05, 1.32904761e-05, -3.16381829e-07, -1.62182951e-05,
       4.47223283e-04, 4.04881848e-06, 8.19958210e-01, 1.87153444e-02,
       -7.93817599e-05, 4.28530097e-01, 8.29724409e-03, 8.75842488e-06,
       2.28233948e-01, -2.37727305e-03, -1.84168690e-04, 2.08515689e-01,
       -1.20344283e-02, -2.14158339e-04, 2.18838796e-01, -7.27251405e-04,
       -1.84816250e-04, -3.05604735e-05, -5.04301033e-06,
       -1.27042276e-05, 6.79167337e-04, 1.30049409e-06, -1.63660501e-04,
       -1.48704097e-01, -3.29387456e-01, -1.82470303e-05, 1.08596861e-01,
       1.49965823e-01, -1.77574475e-04, 1.29315495e-01, 5.12750924e-01,
       2.36419466e-04, 1.37444586e-01, 5.11233926e-01, 2.85520800e-04,
       1.36541247e-01, 5.06532609e-01, 2.30281497e-04, -1.19767010e-05,
       -4.37137305e-06, 1.85016711e-06, 4.23374237e-04, 1.63331581e-03,
       1.86568883e-04, -4.72028166e-01, 1.25829116e-01, -3.95576280e-05,
       1.75304204e-01, -4.03850079e-02, -1.91588406e-04, 4.72358793e-01,
       -1.55570537e-01, 3.14154240e-05, 4.64089781e-01, -1.42328069e-01,
       9.23298430e-05, 4.71241623e-01, -1.54795542e-01, 4.75230554e-05,
       -2.49870754e-05, 5.87460408e-06, 1.53038200e-05, 1.49897439e-03,
       -5.03496267e-04, 3.15210091e-05 ]
pca_mean: !!opencv-matrix
   rows: 1
   cols: 21
   dt: f
   data: [ 4.33646118e+02, 2.44701981e+02, 1.49672687e+00,
       4.18191803e+02, 2.60206879e+02, 1.62062907e+00, 3.68545319e+02,
       2.27059875e+02, 1.69770968e+00, 3.19420807e+02, 1.63929108e+02,
       1.75046074e+00, 3.16613464e+02, 2.25532654e+02, 1.70717156e+00,
       1.08872897e-04, -9.74175637e-05, 6.24380555e-05, -2.17504916e-04,
       -2.50119597e-01, 1.75055194e+00 ]
gamma: !!opencv-matrix
   rows: 7
   cols: 1
   dt: d
   data: [ 8.2895160191613926e-01, 9.1109813685033825e-01,
       8.7515083073368694e-01, 8.9567016267262056e-01,
       8.9045294438904055e-01, 8.7506048329320063e-01,
       9.2112991751688944e-01 ]
