%YAML:1.0
means: !!opencv-matrix
   rows: 12
   cols: 2
   dt: d
   data: [ -8.5607327917960646e+01, 1.1990946300126976e+02,
       5.4559387199386727e+01, -1.1155959786356505e+02,
       2.3826718020691180e+00, 5.7559786262570341e+01,
       -1.1585679941536489e+02, -1.8088733821773861e+00,
       -7.5742696560219784e+01, -1.3093847997448646e+02,
       1.6593703948008195e+02, 6.6312483508781227e+01,
       -2.2493599809480133e+02, 9.3684292702332215e+01,
       8.4226929814971385e+01, -2.1091319005880496e+01,
       1.6562547704321670e+02, -5.9726665234942644e+01,
       7.8657972026434877e+01, 9.7029851244875886e+01,
       -1.3590746124960711e+01, -3.8198938767420486e+01,
       -2.2740774080727701e+02, -6.1750379409479649e+01 ]
covs: !!opencv-matrix
   rows: 24
   cols: 2
   dt: d
   data: [ 8.4766884461589343e+03, 2.9957822752859647e+03,
       2.9957822752859647e+03, 5.4775248308457622e+03,
       3.9154054060197145e+03, -1.7288337806882993e+01,
       -1.7288337806883028e+01, 4.0170252133637382e+03,
       2.5453690384484480e+03, -3.9218285828205813e+02,
       -3.9218285828205813e+02, 3.1861142800749799e+03,
       2.5702462431648169e+03, 4.6672385809747612e+02,
       4.6672385809747624e+02, 4.4857621314485059e+03,
       3.9305815596424668e+03, -9.8157223048744598e+01,
       -9.8157223048744569e+01, 3.6488118242668752e+03,
       3.1675270427561627e+03, 2.7031671846341982e+02,
       2.7031671846341970e+02, 2.4023377475092548e+03,
       3.5758061086410962e+03, -7.4214803226039351e+01,
       -7.4214803226039351e+01, 5.6931716931720821e+03,
       2.3186037623736856e+03, -6.9547540278321378e+01,
       -6.9547540278321407e+01, 2.9066221129674427e+03,
       3.0964988755527147e+03, 1.9757930329790321e+02,
       1.9757930329790315e+02, 3.8863189886132618e+03,
       2.6504775028331578e+03, 3.2715283641997536e+02,
       3.2715283641997536e+02, 2.2775313435349171e+03,
       2.6371699275925789e+03, -2.3615458547836408e+02,
       -2.3615458547836408e+02, 2.4449436244309159e+03,
       3.4107135600409506e+03, -8.6524420850917113e+02,
       -8.6524420850917113e+02, 6.8292181178904239e+03 ]
weights: !!opencv-matrix
   rows: 1
   cols: 12
   dt: d
   data: [ 8.0740619106003872e-02, 7.9969379968883564e-02,
       8.7420956141569223e-02, 9.7513904274541152e-02,
       7.1797671840831120e-02, 8.1727163039625697e-02,
       4.9841267174688911e-02, 1.2331637303494822e-01,
       8.4118393632113958e-02, 8.8742639029437534e-02,
       9.6491215995039750e-02, 5.8320416762310284e-02 ]
pca_proj: !!opencv-matrix
   rows: 2
   cols: 21
   dt: f
   data: [ 4.36961316e-02, 8.50134730e-01, 1.73015636e-04,
       6.54514134e-02, 4.60692108e-01, 2.29939164e-04, 7.67599978e-03,
       1.46649793e-01, -1.37564148e-05, 1.21663406e-03, 1.30500361e-01,
       -5.45994153e-05, 8.06188770e-03, 1.42052382e-01, -2.12945142e-05,
       -2.45414903e-05, 9.56867734e-06, -1.94090262e-06, 3.13729906e-05,
       4.34020360e-04, 2.32224409e-07, 7.68702388e-01, -5.10314330e-02,
       1.14127281e-04, 4.21110362e-01, -3.83849256e-02, 4.02935693e-05,
       2.81941950e-01, -1.35209868e-02, 1.95932400e-04, 2.66951323e-01,
       -4.70317341e-03, 2.29704310e-04, 2.76557714e-01, -1.55316098e-02,
       2.11025646e-04, -3.74769334e-05, 5.54774260e-06, -7.89335627e-06,
       8.86836962e-04, -5.85095040e-05, 1.91629806e-04 ]
pca_mean: !!opencv-matrix
   rows: 1
   cols: 21
   dt: f
   data: [ 2.07625534e+02, 2.55653595e+02, 1.54502928e+00,
       2.18915131e+02, 2.60592743e+02, 1.67241716e+00, 2.65274475e+02,
       2.24016678e+02, 1.71669352e+00, 3.19420807e+02, 1.63929108e+02,
       1.75046074e+00, 3.16613464e+02, 2.25532654e+02, 1.70717156e+00,
       1.08872897e-04, -9.74175637e-05, 6.24380555e-05, -2.17504916e-04,
       -2.50119597e-01, 1.75055194e+00 ]
gamma: !!opencv-matrix
   rows: 12
   cols: 1
   dt: d
   data: [ 9.0329372739398983e-01, 8.7328223236730584e-01,
       8.3526484845214388e-01, 8.6657828748719268e-01,
       8.7457470304992269e-01, 8.5803454710215188e-01,
       9.0355484269579356e-01, 8.3915544162158384e-01,
       8.7897972891202913e-01, 8.4040103627757012e-01,
       8.2300455245262050e-01, 9.0527962681946839e-01 ]
