%YAML:1.0
means: !!opencv-matrix
   rows: 33
   cols: 7
   dt: d
   data: [ -1.3612247052171901e+02, -5.9528410661871796e+01,
       3.7758581463728966e+01, 3.0098753134388396e+01,
       -1.6788436557904152e+01, 1.8630626096599027e+01,
       -5.8351754939265155e-01, 5.7435516563715616e+01,
       -7.1824330941600252e+01, 4.1035765097905346e+00,
       4.7477223579830394e+01, 5.5006280631338864e+00,
       2.4600820486755225e+01, 2.4720061017415937e+00,
       -4.3282728203305802e-02, -3.4814684773960671e+01,
       1.3863077520786682e+01, 1.3557938710267264e+01,
       3.9781724491911923e+01, -1.2425816892689225e+00,
       1.1832883348363785e+00, -8.5120082289035537e+01,
       -1.5968863773948174e+01, 3.0822521982545862e+01,
       7.1207831556401739e+00, 1.7727589449984126e+01,
       1.4767273465635220e+01, 2.2038012232421571e+00,
       6.2202484439082959e+01, 5.6464842636070847e+00,
       -3.1510910668724812e+01, -5.9211028401048136e+00,
       -1.1467881863492897e+01, -6.6523596442250810e+00,
       -1.6793845859543755e+00, -1.7440531237167201e+02,
       9.9453958399714594e+01, 4.3986379412353109e+01,
       -3.8212601242050122e+00, -3.5069001099059531e+00,
       -6.3355671677259551e+00, 2.3983595086210965e-01,
       9.9807409543860146e+01, -4.6118197266285833e+01,
       -2.1720149598867483e+01, 3.6454061180396849e+01,
       -2.7449711433206044e+01, 2.3352285423590118e+01,
       1.1434753575075085e+00, 8.2141763765960874e+01,
       -1.1113906020774411e+02, -2.7635769311617715e+01,
       -3.2032074862858416e+01, 1.4297976948149008e+01,
       -1.3525749640304893e-01, -2.6492728867807003e-01,
       -5.1981229987458129e+01, 6.5288252242004710e+00,
       -3.8695516113969262e+01, 5.4685210210028119e+00,
       2.1585137201320592e+01, 6.1901859005611195e+00,
       1.7273520698170541e+00, 9.0275215877044204e+00,
       -6.3138623293957650e+01, -5.8007680288552592e+00,
       1.3454844985376367e+01, -8.7460325349144252e+00,
       -1.1289734778355134e+01, -7.1043201892321950e-01,
       5.5393569197283476e+01, 8.9076689491649375e+01,
       -3.2457064757708871e+01, -3.6480467945658219e+01,
       3.1874809907784534e+00, -5.9127220345515203e+00,
       7.0730335931168742e-01, -1.7774676525270016e+02,
       -4.9642576818059638e+01, 6.2591620743421089e+01,
       2.2844668617773136e+00, -1.6172170300589617e+01,
       -5.8655950702115434e-01, -5.6996635282659092e-01,
       -1.6955347049862951e+02, -2.8874073493854645e+01,
       2.1843604178213045e+01, -6.7574497870538394e+01,
       -3.7248586442431502e+00, -4.8540698402738656e+00,
       -3.5898901998632454e-01, 1.3496813725275805e+02,
       6.9423133786083726e+00, -4.1212519734663800e+01,
       9.7725581349649104e+00, -1.9883854735963276e+01,
       3.4422310921819945e+00, -3.1049229539899464e-01,
       1.0879903538643046e+02, -7.5629429269164916e+01,
       -2.1324077377559604e+01, 5.1196035993458011e+01,
       -2.7140938962021469e+01, 6.4080103927437042e+00,
       1.4607045145684137e+00, 1.0752218406484793e+02,
       4.2749494892084591e+01, -3.0256182824581547e+01,
       -1.3625442559125391e+01, -1.1975256990389280e+01,
       -1.3419232313528649e+01, -6.4565383075729716e+00,
       -2.0856748826126230e+02, -4.4566061759631310e+01,
       1.6326913500776879e+01, 1.0097938874620262e+01,
       -1.1816190263744639e+00, -5.4368475975367347e-01,
       -9.6268044872507974e-01, 3.4094559330987508e+01,
       2.5334082776048422e+01, 1.0686637851576096e+01,
       -1.9662228314026283e+01, 2.0166228370130359e+01,
       -1.9337229160931084e+01, -6.4629475683054025e+00,
       1.7433210074597062e+02, 4.4364032407716870e+01,
       3.4034428264804937e+01, -3.2348748274372255e+01,
       -9.1763004188967070e+00, -4.1080386333785119e+00,
       -1.5361400861291823e+00, 2.6148904954991959e+01,
       1.2698894673464950e+02, -2.6798641284494824e+01,
       -5.7125607754596444e+01, -1.0259348215490629e+01,
       2.3945819391887500e+00, 2.4280106103499470e+00,
       1.3106951497900150e+00, -1.2030844437893509e+02,
       2.2271841777904150e+01, 4.6888147208064389e+01,
       3.4431230221035207e+01, 4.4077748653443871e+00,
       1.0343939999545875e+00, 6.3515961075132765e+01,
       9.2739383573302643e+00, 5.5316049156562549e+01,
       -1.3467492456139347e+01, 1.6943894959314751e+01,
       6.5827552089811352e+00, 6.8144505354643825e-01,
       6.6528361255074202e+01, 1.4394769892342990e+02,
       -2.6182844927211484e+01, 3.3038542311190412e+01,
       -7.4084627940926877e+00, -3.3056633517731209e+00,
       1.8970549925642288e-01, -1.7635223467851404e+02,
       -1.4397125814569827e+02, 5.3097351567752675e+01,
       4.7036427506381486e+01, -3.9117207663843139e+01,
       -1.5459580183703393e+01, -4.3602043716266996e+00,
       1.3623731853579399e+01, -2.3714856734189908e+02,
       8.3869372099120358e+00, 7.5815162693707521e+01,
       -1.0683992454574400e+00, -3.1224000587566803e+01,
       -3.1564461648762934e+00, 8.4783626070422372e+01,
       6.3457129803669305e+00, -1.3806670256194041e+01,
       3.7341495623477250e+01, 1.4263220961581094e+01,
       -8.2022817954333220e+00, -4.9717310931244159e-02,
       1.8624692420928744e+02, 1.1802016683797934e+01,
       -5.0397936686530748e+01, 1.1949116901597529e+01,
       -9.5149421100178611e+00, -7.1489515931718124e+00,
       1.2956029976079115e+00, -7.1180480398958906e+01,
       7.1820965095998602e+01, -4.2233865907529804e+01,
       -1.6675746721124181e+01, 1.0128252207490346e+01,
       -3.1348933681281705e+00, -5.4443514136793176e+00,
       -6.6820096596938740e+01, 9.4900253025372166e+01,
       3.6185599486716922e+00, -5.1917955813906019e+01,
       5.1093288257715370e+00, 4.6226265201450474e+00,
       1.9270815738415119e+00, -3.6810316774464291e+00,
       8.8320529591767638e+01, -1.1645211873746591e+01,
       -3.8130360833609323e+01, 1.9442686492384141e+01,
       -4.8639801422082511e+00, 1.6171014638190688e+00,
       -1.6601530130757709e+02, 8.6762064331931938e+01,
       2.9247806284622094e+01, -4.8545195695536385e+01,
       -1.6574550801201124e+01, -3.7833776927968796e+00,
       -1.9113712276751550e-02, -1.3012536498817073e+02,
       -9.4592227012474581e+01, 4.6226855223921774e+01,
       1.9349489890948703e+01, -1.2609235066397872e+01,
       -3.0299753430037704e+01, -4.6876504550836691e+00,
       -1.3494758649076974e+02, 1.3027943678172571e+02,
       1.1336190066063141e+01, -5.3923944483224133e+01,
       -2.5145401876931313e+01, -4.4656669651318293e+00,
       -3.4978830732785771e-01 ]
