%YAML:1.0
means: !!opencv-matrix
   rows: 11
   cols: 3
   dt: d
   data: [ -2.3307035308982989e+01, 5.5356606224824013e+01,
       -5.2822830561912646e+01, 1.4518948123434626e+02,
       -7.7068164989135013e+01, 5.2114387463405890e+01,
       7.0406250522993446e+01, 3.3986990271908375e+01,
       5.2200186154086794e+01, 7.5522136161339205e+01,
       1.1004892606293343e+02, 6.8161127014117646e+00,
       -9.2467827611747822e+01, 1.5842056029539332e+01,
       6.3017788201605370e+01, 4.5166385315378875e+01,
       -5.9054975992791341e+01, -7.3131197119978836e+01,
       1.6121399098052237e+02, -1.6952729896816400e+01,
       1.6134897453890231e+00, -8.5691857441887116e+00,
       -8.9752969266167341e+01, 3.8034074277309733e+00,
       -2.2204132473189662e+02, -2.0128000759241623e+01,
       -1.2033249570069449e+01, -8.6910161522441356e+01,
       1.7441332646185757e+02, -1.5010432998376281e+01,
       -1.8308313722728772e+02, -6.5812703752828611e+01,
       5.4558127794436452e+01 ]
covs: !!opencv-matrix
   rows: 33
   cols: 3
   dt: d
   data: [ 7.8283946259684317e+03, 6.8470838237434492e+01,
       -3.5750551824242751e+02, 6.8470838237434549e+01,
       6.2171295267290898e+03, -3.5178701395706514e+02,
       -3.5750551824242763e+02, -3.5178701395706514e+02,
       1.1891895867488136e+03, 6.8361474074129455e+03,
       1.0561375164771971e+03, -1.7013181107734817e+03,
       1.0561375164771969e+03, 6.3413030788585756e+03,
       1.0396829606747930e+02, -1.7013181107734817e+03,
       1.0396829606747930e+02, 8.1778507643473404e+02,
       4.6384796694784636e+03, 9.6600510632145358e+02,
       -5.5383061471597546e+02, 9.6600510632145358e+02,
       6.2286223282740666e+03, 2.1995133847281542e+02,
       -5.5383061471597546e+02, 2.1995133847281537e+02,
       1.0206021009734965e+03, 4.9166782853509958e+03,
       -2.7581171818664887e+02, -6.7045503949716726e+02,
       -2.7581171818664905e+02, 6.4140600678628143e+03,
       1.5909373605063331e+03, -6.7045503949716738e+02,
       1.5909373605063333e+03, 1.6357468967783796e+03,
       2.6133481236300331e+03, 1.4254187111831885e+02,
       4.5884702286208324e+02, 1.4254187111831882e+02,
       9.9078728600484355e+03, 4.5337606711891448e+02,
       4.5884702286208335e+02, 4.5337606711891448e+02,
       1.3750673428172804e+03, 4.9545846034814185e+03,
       2.6735713274188925e+02, -1.9625303099241253e+02,
       2.6735713274188942e+02, 4.7495465879543508e+03,
       1.9444509470197183e+01, -1.9625303099241248e+02,
       1.9444509470197172e+01, 1.2120793967428936e+03,
       4.9856537716693774e+03, 1.5044694440589556e+03,
       2.1679887959035182e+02, 1.5044694440589556e+03,
       7.6184881170182543e+03, 1.0876829565875867e+03,
       2.1679887959035182e+02, 1.0876829565875867e+03,
       9.5723951136914332e+02, 4.7630777740387530e+03,
       -1.2240065125750868e+03, 2.4405525889737123e+03,
       -1.2240065125750868e+03, 1.2023642494230511e+04,
       5.4619886947495286e+02, 2.4405525889737123e+03,
       5.4619886947495286e+02, 1.9279717118327781e+03,
       4.1137690858700844e+03, 3.7158697938226703e+02,
       2.9404029651833235e+02, 3.7158697938226720e+02,
       9.9957378896857681e+03, 4.8906578074138326e+02,
       2.9404029651833230e+02, 4.8906578074138338e+02,
       6.1835697088061693e+02, 9.6999578789551178e+03,
       9.3934461403194962e+02, 4.0719100961919446e+02,
       9.3934461403194950e+02, 3.9348311376078664e+03,
       -4.8790392304730045e+02, 4.0719100961919446e+02,
       -4.8790392304730045e+02, 1.5648793303616681e+03,
       4.3898458753188770e+03, -1.5804063606263353e+03,
       2.2319603793420411e+03, -1.5804063606263351e+03,
       9.5243221868697619e+03, 5.9975263499980122e+02,
       2.2319603793420411e+03, 5.9975263499980122e+02,
       1.7927835765118032e+03 ]
weights: !!opencv-matrix
   rows: 1
   cols: 11
   dt: d
   data: [ 1.7215631071987997e-01, 5.7669891907913683e-02,
       8.9049518751649542e-02, 7.3447265938941950e-02,
       8.6890914724169058e-02, 1.0334309094580574e-01,
       1.2075696686970028e-01, 1.1866722596310096e-01,
       6.7278675600771040e-02, 4.1085582026720982e-02,
       6.9654556551334817e-02 ]
pca_proj: !!opencv-matrix
   rows: 3
   cols: 21
   dt: f
   data: [ 1.02604255e-02, 8.46533298e-01, 5.67100069e-05,
       -5.08859605e-02, 4.68450844e-01, 1.89823491e-04, -5.55210514e-03,
       1.46431834e-01, -1.98076777e-05, -7.31809530e-03, 1.34976640e-01,
       -4.80776835e-05, -6.69380091e-03, 1.46460637e-01, -1.57161594e-05,
       2.11501210e-05, 1.32904761e-05, -3.16381829e-07, -1.62182951e-05,
       4.47223283e-04, 4.04881848e-06, 8.19958210e-01, 1.87153444e-02,
       -7.93817599e-05, 4.28530097e-01, 8.29724409e-03, 8.75842488e-06,
       2.28233948e-01, -2.37727305e-03, -1.84168690e-04, 2.08515689e-01,
       -1.20344283e-02, -2.14158339e-04, 2.18838796e-01, -7.27251405e-04,
       -1.84816250e-04, -3.05604735e-05, -5.04301033e-06,
       -1.27042276e-05, 6.79167337e-04, 1.30049409e-06, -1.63660501e-04,
       -1.48704097e-01, -3.29387456e-01, -1.82470303e-05, 1.08596861e-01,
       1.49965823e-01, -1.77574475e-04, 1.29315495e-01, 5.12750924e-01,
       2.36419466e-04, 1.37444586e-01, 5.11233926e-01, 2.85520800e-04,
       1.36541247e-01, 5.06532609e-01, 2.30281497e-04, -1.19767010e-05,
       -4.37137305e-06, 1.85016711e-06, 4.23374237e-04, 1.63331581e-03,
       1.86568883e-04 ]
pca_mean: !!opencv-matrix
   rows: 1
   cols: 21
   dt: f
   data: [ 4.33646118e+02, 2.44701981e+02, 1.49672687e+00,
       4.18191803e+02, 2.60206879e+02, 1.62062907e+00, 3.68545319e+02,
       2.27059875e+02, 1.69770968e+00, 3.19420807e+02, 1.63929108e+02,
       1.75046074e+00, 3.16613464e+02, 2.25532654e+02, 1.70717156e+00,
       1.08872897e-04, -9.74175637e-05, 6.24380555e-05, -2.17504916e-04,
       -2.50119597e-01, 1.75055194e+00 ]
gamma: !!opencv-matrix
   rows: 11
   cols: 1
   dt: d
   data: [ 8.7610600129399208e-01, 8.2594366254489493e-01,
       8.5152299139262499e-01, 8.6244633818545635e-01,
       8.8861187487462712e-01, 8.7006464959354479e-01,
       8.6712889827443740e-01, 8.9685727169049101e-01,
       8.7329953736576493e-01, 8.8860740202347865e-01,
       9.2575398383363317e-01 ]
