%YAML:1.0
means: !!opencv-matrix
   rows: 34
   cols: 5
   dt: d
   data: [ 1.4537591527621601e+02, 8.3438680299298255e+01,
       2.6357079166116122e+01, 4.7473181508691432e+01,
       3.5561865187408461e+00, -1.8816667272819987e+02,
       -6.2950282369906240e+01, 4.0034410338891213e+01,
       -2.7003980218628122e+01, -5.7077693723584844e+00,
       1.3560987621072729e+02, 3.2497973204667389e+01,
       3.1789901059109220e+00, -3.8568694508676536e+01,
       -3.1851637611624395e+00, 1.7395199754416964e+01,
       4.8631695582845921e+01, -2.9167019859213475e+01,
       -3.0497018726299917e+01, 2.1166499412136762e+01,
       4.4358897290094546e+01, -3.7974922212419564e+01,
       1.5321124802882339e+01, -1.5772447405958259e+01,
       4.5273002138779770e+00, -1.8197038296209843e+01,
       1.4103077542232020e+01, 9.3666993756804530e+01,
       -2.4922022255347553e+01, 9.2607284050763159e+00,
       8.7480508011447199e+01, -1.6314846694833957e+01,
       -2.1669746296332221e+01, -3.9037270340292572e+01,
       -2.7378827364797864e+01, -1.4056050550369545e+02,
       -1.2616085566457323e+02, 3.1150318524375884e+01,
       5.6137208720591602e+01, -1.8423445573948577e+01,
       1.4040925759990284e+02, 1.1799033541286603e+01,
       2.3510457526132974e+01, -3.2777593819971102e+01,
       -2.7846126731175847e+01, 3.6034707400145017e+01,
       1.7799877902313170e+01, -6.0857210093195498e+01,
       -3.3262373505105217e+01, -2.4569335183677708e+01,
       2.0003720584235123e+00, -9.0313189709487219e+01,
       -8.7131842812903571e+01, 1.4255177700312089e+01,
       1.5906673979950003e+00, -2.6814167632337438e+02,
       8.0165904776226213e+01, -1.6399516819948609e+01,
       -4.9994057999279484e+01, -2.0994879295173831e+01,
       1.3942244511630915e+02, -5.5029709040408257e+01,
       3.1605155665434399e+01, 4.9953848486816092e+01,
       -7.4415025191456632e+00, -2.5491691793025982e+01,
       -3.1301648862416524e+01, -5.7197844367277293e+00,
       8.1398552558018920e+01, 4.9716928826571127e+00,
       -4.1469677186186935e+01, 1.8385977068882423e+02,
       6.9229926099846884e+00, -1.0810025391111125e+02,
       -6.2450250953930828e+00, 1.2116335759173646e+02,
       1.0619877928052782e+01, 5.7639420418124885e+01,
       -2.3627809636264612e+01, 1.8722333465082404e+01,
       -1.4809417417259098e+02, 2.4489662376095951e+00,
       1.2417057134375490e+01, 8.5770327488144687e+01,
       -8.3014478332068631e+00, -1.7689920394264212e+02,
       7.1343373921689164e+01, 6.3451600178855131e+01,
       -4.4089493772308238e+01, -2.4547398198303725e+01,
       -9.8637716637824191e+00, -1.2027716524875893e+02,
       4.4286500434122402e+01, 1.7057086972864976e+01,
       1.3277573294315658e+01, 2.7327212763206997e+01,
       4.0794596841766925e+01, -8.2295977237891236e+01,
       -3.2659512073981155e+01, -3.3818757004674982e+00,
       2.2082612651385540e+02, 5.1175619670455221e+00,
       1.0625897284722289e+01, -2.1558153358703565e+00,
       -8.5309712661744346e+00, 1.8194181905797834e+01,
       3.5519793421964316e+01, -5.8001961055127985e+01,
       7.3473714311076975e+01, -3.0314770476165692e-01,
       1.2437541326934000e+02, 1.0901547624147678e+02,
       -3.4224037646014800e+01, 2.2122038720051869e+01,
       -1.9052194948460929e+01, -9.3669687511700133e+01,
       -2.6278599646678877e+01, -5.0913725847876606e+01,
       -2.6726879327027646e+01, 2.0849330601002627e+01,
       -2.4522260960138709e+01, -1.0944310296411475e+01,
       8.8728002850593342e+01, 5.9553517124607339e+01,
       1.1454385627824704e+00, 1.2130227532660223e+02,
       -3.9765043931688268e+01, -7.2688154269362869e+01,
       -3.7691633864535554e+01, -5.0634422323858921e+00,
       -1.2143463855559166e+02, 4.4487404082794036e+01,
       3.2122307316782177e+01, -3.4055902302411631e+01,
       -3.0741717881847430e+00, -1.2108315984210704e+02,
       7.8055896857474991e+01, -3.2668636432274262e+01,
       1.8409205823686804e+01, 2.6772028284053302e+01,
       6.8833936387587258e+01, -1.4121069941387455e+02,
       -2.1368721768099896e+01, 1.3936968547264849e+01,
       -4.8938580677488579e+00, -1.9166602047657784e+02,
       8.6591399988969812e+01, 3.7620527385547227e+01,
       1.9345766583576960e+01, -8.4324358475288896e+00,
       1.0187881253544084e+02, 3.8513093976737082e+01,
       -6.2244634468675343e+01, 3.1410490580895537e+01,
       -4.5171391598633885e+00, -1.5943567070392908e+02,
       -1.1955898595915622e+02, -2.7714256865385771e+01,
       2.3584746304302051e+01, 7.1407372975267052e+00,
       -9.6198179016135199e-01, 2.4960241673841303e+01,
       1.6515293511560184e+01, -3.2765434956920572e+01,
       3.7253711410194590e+01, -4.4424525118396776e+00,
       1.1323455069514571e+02, 5.4877251855123097e+00,
       3.2823061566714088e+01, 1.8909344144923761e+01 ]
