%YAML:1.0
means: !!opencv-matrix
   rows: 41
   cols: 1
   dt: d
   data: [ -9.3269052679101975e+01, 1.6013516611811184e+02,
       -3.8315913192320767e+00, -2.6120742490085053e+02,
       9.5297755839953950e+01, -1.8206821869221565e+02,
       2.4029560160449782e+02, -6.0262755544306096e+01,
       6.0039465197751859e+01, -3.3298512831703795e+02,
       -2.1999454992406180e+02, 3.4188276009410920e+01,
       1.3310398783152704e+02, -1.3700414448588774e+02,
       -1.6256175777262211e+01, -4.3963614639650885e+01,
       2.0166416721553318e+02, 8.3756975746760517e+01,
       2.1677999203744921e+01, 2.6225818844091663e+02,
       -1.5098412295916907e+02, 1.4669928036511729e+02,
       -3.0880508899486642e+02, -7.6662937389312646e+01,
       -2.0049994739391579e+02, 8.9381776793900567e+00,
       1.1977704531898351e+02, -2.3983857900220468e+02,
       -1.0880259765354819e+02, -1.6519828796376729e+02,
       1.8861582624943966e+02, 7.1965330516136305e+01,
       4.7057216752398233e+01, 2.8684042139918910e+02,
       -2.9556171525155040e+01, -1.2301721402630307e+02,
       -3.5759237993339190e+02, 1.0709463483393915e+02,
       -2.8401615055336919e+02, 1.7427422818329035e+02,
       2.1922088989365210e+02 ]
covs: !!opencv-matrix
   rows: 41
   cols: 1
   dt: d
   data: [ 5.6363604059734818e+01, 5.5151306649610603e+01,
       3.8169931816104949e+01, 9.9361774516458510e+01,
       3.1838570507491660e+01, 6.4902568367009707e+01,
       1.1080154954773933e+02, 6.0461377506153482e+01,
       3.7769051822013331e+01, 2.0917832869072004e+02,
       7.8246853474365324e+01, 4.4539695178236506e+01,
       4.4056116421959977e+01, 4.9586769974765467e+01,
       3.8305438860726817e+01, 5.1324350239662103e+01,
       5.2153991239338886e+01, 3.1417406770299255e+01,
       4.2394618123451522e+01, 1.6341226414049498e+02,
       5.0332641398290150e+01, 5.0029140673668813e+01,
       1.2979900731747887e+02, 6.3529079373292824e+01,
       7.7179629070110124e+01, 3.8646463026088917e+01,
       3.6435232674180789e+01, 8.7486886512869091e+01,
       5.4542324994574116e+01, 5.8010142573104240e+01,
       5.7206859121155318e+01, 3.2431602458659135e+01,
       4.0700779158519069e+01, 4.1742040806205745e+02,
       4.1679755321983457e+01, 5.3817111533770991e+01,
       4.6640368185795785e+02, 3.3192445100162210e+01,
       1.0440388035826466e+02, 5.6756099226216435e+01,
       6.5390717152882715e+01 ]
weights: !!opencv-matrix
   rows: 1
   cols: 41
   dt: d
   data: [ 3.1531618579548532e-02, 2.6230076254937815e-02,
       3.2881569188634704e-02, 1.5127472323111764e-02,
       3.3879833482745932e-02, 2.1100979270335690e-02,
       1.1900445771257956e-02, 3.6154463590755179e-02,
       3.7794693673970148e-02, 3.6942793607313215e-03,
       1.9513858707099149e-02, 3.6083035876135941e-02,
       2.9719331339042417e-02, 2.1980226325797884e-02,
       3.4198254739816060e-02, 3.3808832176006116e-02,
       1.3789572006483515e-02, 3.3762166888992154e-02,
       3.5857067005407722e-02, 5.8215590113589273e-03,
       2.0172486567213349e-02, 2.8354797980194173e-02,
       7.6506276329116928e-03, 3.4404461966149359e-02,
       2.1387477018885114e-02, 3.6203378348364554e-02,
       3.2451609057669813e-02, 1.6624122793686406e-02,
       2.7413539732039197e-02, 1.9671894100885892e-02,
       1.9084270312134499e-02, 3.5338026334646708e-02,
       4.0511989145255799e-02, 4.8443610531715958e-03,
       3.3188630577638122e-02, 2.3344658503381657e-02,
       2.3958106721971377e-03, 3.3248359603405261e-02,
       1.1609531849031659e-02, 2.2801785017645855e-02,
       1.4468846161312443e-02 ]
pca_proj: !!opencv-matrix
   rows: 1
   cols: 21
   dt: f
   data: [ 4.36961316e-02, 8.50134730e-01, 1.73015636e-04,
       6.54514134e-02, 4.60692108e-01, 2.29939164e-04, 7.67599978e-03,
       1.46649793e-01, -1.37564148e-05, 1.21663406e-03, 1.30500361e-01,
       -5.45994153e-05, 8.06188770e-03, 1.42052382e-01, -2.12945142e-05,
       -2.45414903e-05, 9.56867734e-06, -1.94090262e-06, 3.13729906e-05,
       4.34020360e-04, 2.32224409e-07 ]
pca_mean: !!opencv-matrix
   rows: 1
   cols: 21
   dt: f
   data: [ 2.07625534e+02, 2.55653595e+02, 1.54502928e+00,
       2.18915131e+02, 2.60592743e+02, 1.67241716e+00, 2.65274475e+02,
       2.24016678e+02, 1.71669352e+00, 3.19420807e+02, 1.63929108e+02,
       1.75046074e+00, 3.16613464e+02, 2.25532654e+02, 1.70717156e+00,
       1.08872897e-04, -9.74175637e-05, 6.24380555e-05, -2.17504916e-04,
       -2.50119597e-01, 1.75055194e+00 ]
gamma: !!opencv-matrix
   rows: 41
   cols: 1
   dt: d
   data: [ 8.0869737065457425e-01, 8.4819070328916835e-01,
       7.7133779353820653e-01, 8.8946713312916226e-01,
       8.1032769844223007e-01, 8.5834317390892778e-01,
       8.8319846441183658e-01, 7.8974053115643550e-01,
       7.8982136965428218e-01, 9.0934318975069661e-01,
       8.7477479461312191e-01, 7.7818712075615004e-01,
       8.3324683345726991e-01, 8.3464206592206980e-01,
       7.7264115065886596e-01, 7.8163434930256814e-01,
       8.6766698934819231e-01, 8.0328852163402475e-01,
       7.7426812408341583e-01, 8.9089386039894936e-01,
       8.4240727027709061e-01, 8.4096839860248906e-01,
       9.0311089145560663e-01, 7.9896269366067763e-01,
       8.6679206025937394e-01, 7.7184533145474632e-01,
       8.2529629006135707e-01, 8.8222389440318350e-01,
       8.1810469265252206e-01, 8.4998826086341439e-01,
       8.6201129050904779e-01, 7.9632789743198718e-01,
       7.8341150746380961e-01, 9.0005188993088769e-01,
       7.7597901260014157e-01, 8.2661138061782224e-01,
       9.1596638570975519e-01, 8.1757546587141117e-01,
       8.9632528460542460e-01, 8.5528814590439028e-01,
       8.7496410269553537e-01 ]
