%YAML:1.0
means: !!opencv-matrix
   rows: 34
   cols: 7
   dt: d
   data: [ 1.8068456581844526e+01, -2.1686163468626425e+01,
       8.7494766693883946e+01, 1.8938375800340804e-01,
       2.2226478793077789e+01, 1.4969256484202207e+01,
       1.5812547467263454e+00, 1.2685241483325123e+02,
       1.1661562629378889e+01, -4.0126031688159948e+01,
       9.2649898833473259e+00, -1.4752895940308564e+01,
       -1.1152804478298805e+01, -4.4833079185261706e+00,
       1.6296973261434697e+01, -9.8478801052091981e+01,
       -4.4903540272936802e+01, -3.1432811870190157e+01,
       2.0799170287595196e+01, 8.3295420996386338e-01,
       4.9723115059963935e-01, -1.8536644109503644e+02,
       -7.7319101711574332e+00, 5.0810036337428876e+01,
       2.6552141276866006e+01, -8.8316777889029012e+00,
       1.7390932131007608e+00, -2.6557762267771212e-01,
       4.2812538209672268e-01, 1.3401228503150188e+02,
       -2.1166308127226998e+01, -6.2102723126147616e+01,
       -9.0527704329849339e+00, 3.2864359202738327e+00,
       2.4166526021888943e+00, -1.3415809421877148e+02,
       -5.5393590177762384e+01, 3.7309563672005211e+01,
       3.2321621881114602e+01, -1.5243983602780661e+01,
       1.9616902828120658e+01, -7.3930952240759418e-01,
       -8.6807785395338627e+01, 3.6747467090410688e+00,
       1.4231473907105192e+01, 1.1321535971251262e+01,
       2.2751984741087938e+01, 1.1261092686273635e+01,
       1.0071563841579572e+00, 5.4736601764423085e+01,
       -8.6169297116365044e+01, 8.6498982315186890e+00,
       4.3817666178675417e+01, 2.3657646028828392e+01,
       1.9922789212109958e+01, 2.3670265205594787e+00,
       4.4857070892512866e+01, 3.5237031322811426e+01,
       8.1335431214401215e+00, 4.4136969230244411e+01,
       2.3257384120482627e+01, -7.1709016725646562e+00,
       -7.5727175101365529e-01, -2.0135396648286326e+02,
       1.9213793973650869e+01, 4.7111286586894934e+01,
       -2.3846301507082451e+01, -1.1042546339404383e+01,
       -6.5508764158957575e+00, -3.1556866332561290e-01,
       -1.8803805708560739e+02, -1.0283676710773354e+02,
       5.3039402870713531e+01, 3.4565466336903562e+01,
       -3.2136570472025866e+01, -5.9806484356334080e+00,
       -2.4813884509010031e+00, -3.1146978849732175e+01,
       -8.3192663785022489e+01, 1.7510303491771008e+01,
       2.3773506174683792e+01, -8.5178562778922569e+00,
       -1.9996305351860773e+01, -1.6399714066123303e+00,
       -1.5047435217099539e+02, 1.1759181102785743e+02,
       1.7157143463722416e+01, -5.1135417574966858e+01,
       -2.4028957490441567e+01, -5.0330326978240514e+00,
       -5.9255538213851711e-01, 3.4357560350939330e+01,
       1.2338762034818312e+02, -2.6520431756876793e+01,
       -4.9495905839243882e+01, -1.2327677923839726e+01,
       8.7631380467333819e-01, 1.8967732005212283e+00,
       1.0149725673607564e+02, 5.0758712442996156e+01,
       -4.2045195436448424e+01, -6.1648383356387599e+00,
       -8.9387904639259492e+00, 1.0614667049590676e+00,
       1.1938939976982543e-01, -7.7845662750168341e+00,
       1.1996018420442537e+02, 1.7232867640909028e+01,
       -3.0021158147102394e+01, 1.8048427817176858e+01,
       -1.7769604013581772e+00, -1.2672822277911822e+01,
       1.9180635850778413e+02, 1.5017866980524428e+01,
       -4.8497471321710933e+01, 1.3135977496189156e+01,
       -1.0090026990555552e+01, -7.3708937453405179e+00,
       1.0781834243222552e+00, -1.6502149510946575e+02,
       -1.2479608247626281e+02, 2.0827724924428797e+01,
       -3.7621699311362448e+01, -1.8015135992837998e+00,
       5.8248148767023897e+00, -3.3619438763734949e-01,
       -1.5192495465130693e+02, 5.4234108147373206e+01,
       2.6124678426869405e+01, -3.6248834030882001e+01,
       1.0072828982514950e+00, -6.3260241778826147e+00,
       2.3671841324263296e-01, 9.9397474119462032e+01,
       -4.7544530493314781e+01, -2.1838154512765961e+01,
       3.6146757014808443e+01, -2.7408491009762969e+01,
       2.3532497476910198e+01, 1.2435083693530167e+00,
       -3.4925031520616794e+00, -1.2540689861915475e+02,
       2.4522780581051506e+01, 5.3707387109922706e+01,
       2.7209308487791194e+01, 4.0087743420018995e+00,
       8.5044764862141498e-01, -1.5625445740600185e+02,
       -1.8117714180735450e+02, 5.1979358054973993e+01,
       5.7526068375276623e+01, -4.6034796873049103e+01,
       -2.5211053838123817e+01, -7.4442512560452689e+00,
       6.1941519013613346e+00, 9.5224125258940102e+00,
       2.3399549770382024e+00, 5.1944757584778474e+00,
       9.0291086142325767e+00, 1.3308269411409082e+01,
       2.2629158959376419e+00, -4.8625058694171308e+00,
       -3.1418072689589987e+01, 7.3766821786126799e+00,
       7.9180390055685343e+00, 3.8576787725911473e+01,
       -2.9657435347482251e+00, 1.4179756279310416e+00,
       6.0196199077183898e+01, -7.0092262269725111e+01,
       -2.7940582962075847e+01, 4.2793871737494094e+01,
       -1.7156385987179086e+00, 1.6502300921745348e+01,
       1.2720358143711152e+00, -4.0084619268503960e+00,
       8.9868868498179737e+01, -1.0078709282195602e+01,
       -4.2458918889805503e+01, 1.3808380890550209e+01,
       -2.6325090928044705e+00, 1.7657920178332154e+00,
       1.0892776203166791e+02, 7.8494641024592031e+00,
       -2.7891621474845699e+01, 1.8805130751288939e+01,
       1.0199715263181686e+01, -9.2863417365974392e+00,
       -2.0491595502569598e-01, 3.1614194755832226e+01,
       -9.0011939418795883e+00, 9.3540266007027029e-01,
       -1.3110456191660605e+01, 2.4489026502353891e+01,
       -2.4376716119125319e+01, -3.9891264646721565e+00,
       1.1628687690687201e+02, -5.1189096722383361e+01,
       -2.3607265400567311e+01, 4.6299198701795568e+01,
       -2.5711361668478293e+01, 9.2909075395402283e+00,
       7.6083406029997180e-01, 1.6173176912013691e+01,
       -2.2968287767797182e+02, 9.5568570952808098e+00,
       7.5602672470931694e+01, -1.9992404012267408e+00,
       -2.8946587502167965e+01, -3.1479595362255810e+00,
       2.3588302030150675e+01, 5.3466239640920833e+01,
       -1.5932544678264422e+01, -2.4781795765809182e+01,
       -8.2316109990365209e+00, -7.9763077310901460e+00,
       -2.5778524590394403e+00, 1.5802340956098169e+02,
       -6.5853275151667148e+01, 3.3580246889412436e+01,
       -4.3420336424106758e+01, 6.2467374654450145e+00,
       -1.3884497835172473e+00, -7.1118754021299813e-01,
       -8.5784311123247775e+01, 1.0384026945934947e+02,
       6.5033224017544384e+00, -5.1500823188977130e+01,
       3.1683519401810960e+00, 5.7673260764707726e+00,
       1.7610294519576855e+00, 6.9969424007758874e+01,
       9.4769071450450198e+01, -3.1201517465505553e+01,
       -3.1301208388549981e+01, 3.0086885723259602e+00,
       -8.0672894403621296e+00, 1.1355149460356906e+00 ]
