%YAML:1.0
means: !!opencv-matrix
   rows: 31
   cols: 4
   dt: d
   data: [ 1.4203996822426939e+02, 1.5438884480517225e+00,
       2.5265012859509131e+01, -3.7871839503559812e+01,
       3.9139673644490607e+01, 7.2318184874214975e+00,
       -5.5862179747821585e+01, -3.8388062870562131e+01,
       -2.5049276221281960e+02, 7.3396716722089209e+01,
       -3.0196240701930366e+00, -4.0905979459816066e+01,
       -1.4622367983914765e+02, 3.2527675807180749e+01,
       8.3748154765544200e+01, -4.0588796487111686e+01,
       1.2420033377497680e+02, -2.3016673027929553e+00,
       1.1548643633301035e+01, 5.8196465176826990e+01,
       -1.9559611733450797e+02, -1.4662880348049219e+02,
       -2.2031081224344330e+01, 3.4192818501496937e+01,
       1.3219344526151605e+02, 9.5922888435418884e+01,
       -3.8965696955402054e+00, 2.7125918275875329e+00,
       1.3226644318251388e+02, -1.1326677171281001e+02,
       7.1981878201651419e+00, 4.4799662269756784e+00,
       2.6259192830937167e+01, 9.6183636834974479e+01,
       -8.3487751724840720e+01, -3.7457087346156097e+00,
       -7.2379672567389875e+01, -2.1774552341212871e+01,
       4.9665993020070324e+01, 8.5388221242115861e+01,
       -6.0614353414542759e+00, -1.4184201086423167e+02,
       1.3303707655959816e+01, 3.2016096300244563e+01,
       1.9488308667755388e+02, -8.1724984068009249e+01,
       3.7645720908318204e+01, 3.5401130095457889e+00,
       1.1815234724595197e+01, 1.1512034239992781e+02,
       4.1323792751620942e+00, 3.9042348448596123e+01,
       -2.1652348332222769e+02, -7.1112217405736672e+01,
       1.9914730486309271e+01, -5.1665704072305253e+01,
       -1.8528125457102436e+02, 1.2261743305291438e+02,
       3.1596238650968097e+01, 3.4063759682146696e+01,
       1.3556743964867147e+01, 1.4428189408314168e+02,
       -8.5521269120538044e+00, -9.1539886683793497e+01,
       4.1890217070622832e+01, -1.3168352245186309e+01,
       -6.5449962176546180e+01, 4.5503746743627964e+01,
       -9.5585083834023649e+01, 7.4334085166111322e+01,
       -4.0751823604594811e+01, 7.9330847392203694e+00,
       2.2421087353541895e+02, 5.9711386903504248e+01,
       3.3476608312315477e+01, 1.6627527119845549e+01,
       8.1329072429069271e+01, -6.7909943158116040e+00,
       7.7352948786498175e+01, -1.6347282469866451e+00,
       1.4490740341619528e+02, -1.0583581004355139e+01,
       -4.7370227959995596e+01, -2.9768393995781189e+01,
       -3.8104600707025753e+01, -1.1655611651324264e+02,
       -7.3991880420055907e+01, 1.1145777917102169e+01,
       -1.0249681888707374e+02, -3.2569252104415725e+01,
       -5.1903545414660677e+01, 7.5872843868500297e+01,
       1.2232318184399243e+02, 9.6035859980724439e+01,
       -4.2800251885184089e+01, 5.1858247358723077e+01,
       6.3709713843425277e+01, -1.1184871572958816e+02,
       -6.1938350713940181e+01, -2.1895365276234546e+01,
       6.6220502274264925e+00, 2.8651743684173624e+01,
       1.3968304216592067e+01, -9.7314436990353848e+00,
       -9.5851118682271974e+01, -1.4336677936832652e+02,
       6.7656362190753029e+01, 2.7366106155653675e+01,
       -8.6887427459907954e+01, 6.6353248985220745e+01,
       7.1524555433449819e+01, 1.1043149004276041e+01,
       -8.3747175503689888e+01, -4.4069726555888529e+01,
       -3.7960234424867664e+01, -5.0536414431524584e+01,
       2.6593674465570601e+01, -4.9130264649903353e+01,
       4.1607026630381519e+01, -5.2282853538736532e+01,
       -2.2535070320492412e+02, -2.3306677927119349e+01,
       -2.2517004493022843e+00, 4.3927457066947134e+01 ]
covs: !!opencv-matrix
   rows: 124
   cols: 4
   dt: d
   data: [ 1.0386155311311766e+03, 1.4789828379630805e+02,
       6.1048969128892873e+02, 8.6608602313430183e+01,
       1.4789828379630799e+02, 5.1567813076220873e+03,
       1.6365365151734022e+02, 2.1946194456188464e+03,
       6.1048969128892873e+02, 1.6365365151734022e+02,
       5.3731397710635679e+02, 5.3535551926605535e+01,
       8.6608602313430168e+01, 2.1946194456188459e+03,
       5.3535551926605514e+01, 1.0236148034719013e+03,
       1.7174032198827217e+03, 2.6251410912737521e+02,
       1.2766058546294985e+03, 1.1942090788475201e+02,
       2.6251410912737521e+02, 4.8069139554936482e+03,
       1.9592294593250185e+02, 2.1016031674364372e+03,
       1.2766058546294983e+03, 1.9592294593250188e+02,
       1.1802281109280832e+03, 5.6306125388520719e+01,
       1.1942090788475200e+02, 2.1016031674364372e+03,
       5.6306125388520734e+01, 1.0095548913482801e+03,
       2.6629258763165230e+03, 2.9166154517694184e+02,
       8.6569005123071713e+02, 7.9990384388658935e+00,
       2.9166154517694190e+02, 5.0831037201450499e+03,
       1.7148456727452870e+02, 1.1434247115860687e+03,
       8.6569005123071713e+02, 1.7148456727452864e+02,
       7.1125287171414755e+02, 1.0919249294801399e+02,
       7.9990384388658864e+00, 1.1434247115860687e+03,
       1.0919249294801399e+02, 1.1324246508965832e+03,
       2.0679301534176343e+03, 1.7534173626339985e+01,
       7.8345027741836952e+02, -3.0428861942988340e+02,
       1.7534173626339946e+01, 6.8787051629340158e+03,
       -4.7817713064967006e+02, 2.7472749777069072e+02,
       7.8345027741836952e+02, -4.7817713064967000e+02,
       7.6494509782060027e+02, 3.0241417715172446e+01,
       -3.0428861942988334e+02, 2.7472749777069083e+02,
       3.0241417715172425e+01, 1.4109324693254255e+03,
       3.4356491961715669e+03, 1.1327189022178709e+03,
       3.5353818897158774e+01, -5.5070434719844752e+02,
       1.1327189022178709e+03, 2.2905743374374065e+03,
       -1.6443134363128206e+02, -2.5197773727612795e+02,
       3.5353818897158803e+01, -1.6443134363128206e+02,
       9.8513399670487513e+02, 5.0897791178336615e+02,
       -5.5070434719844752e+02, -2.5197773727612795e+02,
       5.0897791178336604e+02, 1.2185703889877752e+03,
       2.5025703720244273e+03, 7.8537721685524400e+02,
       7.5750421008053445e+02, -1.4728370035424925e+02,
       7.8537721685524400e+02, 2.8756338116088086e+03,
       1.9988612226197503e+02, 5.1712231657319558e+02,
       7.5750421008053456e+02, 1.9988612226197498e+02,
       6.4294368621822491e+02, -7.1227438550801708e+01,
       -1.4728370035424931e+02, 5.1712231657319535e+02,
       -7.1227438550801708e+01, 6.3803467882464349e+02,
       3.3335599444410886e+03, 5.7350496945022428e+01,
       3.5070247221277020e+02, 6.7474933374207671e+02,
       5.7350496945022449e+01, 1.4797063527309917e+03,
       3.5187444807808220e+02, 1.4665180271224281e+02,
       3.5070247221277020e+02, 3.5187444807808220e+02,
       1.1675569641861223e+03, -1.2936110988627675e+02,
       6.7474933374207671e+02, 1.4665180271224276e+02,
       -1.2936110988627675e+02, 6.0808135577305200e+02,
       2.3416894223720988e+03, 3.3196501795477633e+02,
       -1.5518930089138269e+02, -5.0604428701178790e+02,
       3.3196501795477627e+02, 3.7191639556159448e+03,
       -7.1203991204522765e+02, -1.8596468561570975e+02,
       -1.5518930089138269e+02, -7.1203991204522765e+02,
       9.7549070869935372e+02, 2.8726912782866344e+02,
       -5.0604428701178790e+02, -1.8596468561570975e+02,
       2.8726912782866344e+02, 7.6715408518694778e+02,
       2.7011962422024058e+03, 2.6382767864582553e+02,
       -5.6048712064801805e+02, 9.1643409120416061e+02,
       2.6382767864582553e+02, 1.6890367822339927e+03,
       4.5233603876330179e+01, 5.8037182840944877e+02,
       -5.6048712064801805e+02, 4.5233603876330186e+01,
       7.5627913482132794e+02, -4.0452394755535488e+02,
       9.1643409120416061e+02, 5.8037182840944877e+02,
       -4.0452394755535488e+02, 8.9498139757065371e+02,
       3.6599389085535590e+03, 7.1084760398923083e+02,
       1.3014455162219003e+03, -2.5487560674565120e+02,
       7.1084760398923083e+02, 2.0824416631206345e+03,
       -1.2301713674773582e+01, 2.1168226086201071e+02,
       1.3014455162218999e+03, -1.2301713674773570e+01,
       1.3072043572892921e+03, 9.7666484702472047e+01,
       -2.5487560674565120e+02, 2.1168226086201071e+02,
