%YAML:1.0
means: !!opencv-matrix
   rows: 8
   cols: 10
   dt: d
   data: [ -1.4571971054533998e+02, 7.2553578981481408e+01,
       2.7137059024164095e+01, -3.7613222019756869e+01,
       -7.2370450885675313e+00, -5.1703536502558756e-01,
       6.6811330065961128e-01, 5.9007160510975054e-01,
       -8.1953680591943678e-01, -1.3721030082229743e-01,
       -3.3993138892963742e+01, -1.4168915626377341e+02,
       1.5543281155992783e+01, 4.2688411699617667e+01,
       -4.2688285525515268e-01, -2.1441280804868981e+01,
       -2.3205300699876203e+00, -1.8311598178614472e-01,
       2.6686266390102753e-01, -1.3446522124566491e+00,
       -7.0065264767090785e-01, 3.5786448038667160e+01,
       -3.5323730504834003e+00, -2.6322336287484188e+01,
       4.6695185084373136e-01, -1.3728894481902163e+01,
       -6.5348652720015723e+00, 1.5709209370197119e+00,
       5.9632081591458510e+00, 5.4897178975613303e-01,
       1.4771577235575998e+02, 3.4164158913858991e+01,
       -4.0683879282142101e+01, -1.0303800716595848e-01,
       -9.2035865720824166e+00, -6.3687829890825647e+00,
       -1.1419079758705888e-01, -8.7700274079477405e-02,
       -7.2652888034804242e-01, -5.7558980218568048e-02,
       1.5825326941668898e+01, -3.1956610276962071e+01,
       -1.9063373185634241e+01, 2.5665396261986245e+01,
       8.0075105162272191e+00, 1.7585111569523002e+00,
       -3.1278246690671418e-02, -6.5233877763116177e-01,
       -9.0855899097433135e-01, 1.8151988015779619e-01,
       -1.5853818867640427e+02, -6.8263950504445177e+01,
       4.3743140683244206e+01, 1.9955686957398274e+01,
       -1.3156000094048210e+01, 3.8080055187785660e+00,
       -1.2999619379048479e+00, 3.1090159403524620e-01,
       8.3912113032355296e-02, 1.1254770394782332e-01,
       5.8970510447782253e+01, -3.1751376312670423e+01,
       3.5184089156862446e+00, 1.3778211120736938e+01,
       9.8708796689157445e+00, 7.5481322460252915e+00,
       1.3847331179276450e+00, -1.4979822997609990e-01,
       2.8529052335372722e-02, 5.3650399519271495e-02,
       8.5936617628748078e+00, 1.0747851578896795e+02,
       -1.7283960743241149e+01, -4.8870537803343005e+01,
       1.5697011316421901e+00, -7.0543894687743736e-01,
       1.7405489208680212e+00, -3.9186364003959928e-01,
       -2.7047907552469708e-01, 1.5633838832716178e-02 ]
covs: !!opencv-matrix
   rows: 80
   cols: 10
   dt: d
   data: [ 7.1045903658257712e+03, 1.0333759082749689e+03,
       2.4963667193492997e+03, -1.2209286902942447e+03,
       2.1642962879266375e+02, 2.0683827254640090e+02,
       9.1729049862877588e+01, 1.5480633255063479e+01,
       1.9686166738218322e+01, -6.2563685915473377e-01,
       1.0333759082749689e+03, 8.0731121590169141e+03,
       1.1639124174161726e+02, 1.9189747206126297e+03,
       -8.0835191419165113e+01, 1.0707321487308980e+02,
       -6.0854716499429856e+01, -4.7318613296491165e+01,
       3.9194505839302942e+00, -4.7089970108874182e+00,
       2.4963667193492997e+03, 1.1639124174161731e+02,
       2.6790331200242003e+03, 1.4278500530272504e+02,
       -3.5777593430682693e+01, -5.7250057882720981e+01,
       -2.6370210374575585e+01, 6.1120811187005177e+00,
       -2.0802767999363256e+00, 4.0488957868470221e+00,
       -1.2209286902942445e+03, 1.9189747206126297e+03,
       1.4278500530272504e+02, 1.8342739396307938e+03,
       7.5619099259999118e+01, -7.1947413338473197e+01,
       3.0592868571073570e+01, 5.4981507172540871e+00,
       5.9964549873186943e+00, 7.4623837979249572e+00,
       2.1642962879266375e+02, -8.0835191419165113e+01,
       -3.5777593430682707e+01, 7.5619099259999146e+01,
       1.6923421997394348e+02, 7.6716853672635281e+01,
       7.8445350856837468e+00, 1.2229550715873144e+01,
       -4.2764822128160107e-01, 1.0102962560884001e+00,
       2.0683827254640087e+02, 1.0707321487308978e+02,
       -5.7250057882720981e+01, -7.1947413338473197e+01,
       7.6716853672635267e+01, 1.3074361331339099e+02,
       -6.6324193815553620e+00, 1.6191481824350595e+00,
       3.0692038337500777e-01, -6.4222109518825454e-01,
       9.1729049862877616e+01, -6.0854716499429856e+01,
       -2.6370210374575585e+01, 3.0592868571073573e+01,
       7.8445350856837468e+00, -6.6324193815553603e+00,
       2.4904495895416908e+01, 1.7328757485952815e+00,
       3.0912027796976158e+00, 3.8435431790993452e-01,
       1.5480633255063479e+01, -4.7318613296491165e+01,
       6.1120811187005177e+00, 5.4981507172540907e+00,
       1.2229550715873149e+01, 1.6191481824350602e+00,
       1.7328757485952815e+00, 1.5566958409852894e+01,
       -1.3774865875144000e+00, 6.6933826355250281e-01,
       1.9686166738218322e+01, 3.9194505839302942e+00,
       -2.0802767999363261e+00, 5.9964549873186925e+00,
       -4.2764822128160107e-01, 3.0692038337500799e-01,
       3.0912027796976154e+00, -1.3774865875144000e+00,
       1.4786187402012942e+00, 1.1714769604492524e-01,
       -6.2563685915473355e-01, -4.7089970108874182e+00,
       4.0488957868470221e+00, 7.4623837979249554e+00,
       1.0102962560884003e+00, -6.4222109518825443e-01,
       3.8435431790993452e-01, 6.6933826355250281e-01,
       1.1714769604492528e-01, 4.8712626085866850e-01,
       1.0948603914478330e+04, -5.9429417715779027e+03,
       2.4745862126307461e+03, 9.6471665176137367e+02,
       9.0483211333224940e+00, -6.7996856927559975e+01,
       -5.4931737498202416e+01, -1.2814488183947892e+01,
       1.3646472301600070e+02, -6.9398513483073884e+01,
       -5.9429417715779027e+03, 1.4913220792153310e+04,
       1.5046297917751681e+03, -3.4506217107805634e+02,
       1.3852424512697016e+02, 7.1856580812162656e+02,
       1.1257166411443124e+02, 8.3919800032385822e+01,
       -2.3101090445573096e+01, 5.9050346974945491e+01,
       2.4745862126307461e+03, 1.5046297917751683e+03,
       2.5263647846607964e+03, -3.3675060506944504e+02,
       1.9234564956466198e+01, 7.5469085448484449e+01,
       -1.5805762127238182e+01, 1.7236478694243061e+01,
       2.6698047450534590e+00, 1.3737810702461136e+01,
       9.6471665176137367e+02, -3.4506217107805645e+02,
       -3.3675060506944499e+02, 2.8163630827978773e+03,
       -1.7163406466016667e+01, -9.7180915579617505e+01,
       -2.0528899575663534e+01, -5.5506459714048560e+01,
       4.7431423148178045e+00, -5.3023828934667394e-01,
       9.0483211333224940e+00, 1.3852424512697016e+02,
       1.9234564956466190e+01, -1.7163406466016660e+01,
       1.2574146337133335e+02, 7.4107003357424759e+01,
       -3.7200167764235903e-01, 1.6049659900335342e+01,
       1.5869225495212886e+01, -1.1464686308444858e+01,
       -6.7996856927560003e+01, 7.1856580812162656e+02,
       7.5469085448484449e+01, -9.7180915579617519e+01,
       7.4107003357424759e+01, 2.7606108944455343e+02,
       2.0721027918214502e-01, 2.3066672592184915e+01,
       2.2428589666387044e+01, -7.0466586677719460e+00,
       -5.4931737498202416e+01, 1.1257166411443124e+02,
       -1.5805762127238182e+01, -2.0528899575663527e+01,
       -3.7200167764235903e-01, 2.0721027918214543e-01,
       2.9882841329829890e+01, 2.0154019146200519e+00,
       2.2845852109848370e+00, 8.7299124666335148e-01,
       -1.2814488183947894e+01, 8.3919800032385822e+01,
       1.7236478694243061e+01, -5.5506459714048560e+01,
       1.6049659900335342e+01, 2.3066672592184915e+01,
       2.0154019146200528e+00, 2.2973833239499125e+01,
       7.2416424713279239e+00, -5.0251629316973565e+00,
       1.3646472301600070e+02, -2.3101090445573099e+01,
       2.6698047450534581e+00, 4.7431423148178045e+00,
       1.5869225495212886e+01, 2.2428589666387044e+01,
       2.2845852109848366e+00, 7.2416424713279239e+00,
       1.4820352305379565e+01, -7.2232887579806988e+00,
       -6.9398513483073870e+01, 5.9050346974945477e+01,
       1.3737810702461140e+01, -5.3023828934667294e-01,
       -1.1464686308444859e+01, -7.0466586677719460e+00,
       8.7299124666335182e-01, -5.0251629316973565e+00,
       -7.2232887579806988e+00, 6.6771853506815342e+00,
       1.5254173805321176e+04, -1.2266279584413135e+03,
