%YAML:1.0
means: !!opencv-matrix
   rows: 27
   cols: 3
   dt: d
   data: [ 8.8843308617730017e+01, -3.0614097782718526e+00,
       7.7841503682009701e+01, -2.7484325455893514e+02,
       2.5965184725275208e+01, -2.6270269766774547e+01,
       -7.4962762383679390e+01, -5.5745900355597236e+01,
       6.1956288233082560e+01, -9.3850049333517759e+01,
       4.6398122617551969e+01, -5.1881057510380181e+01,
       2.6487461126254555e+01, 8.0566215860287997e+01,
       2.8599416779361501e+01, 1.3563524923377489e+02,
       -5.2468714629350487e+01, 2.3244494196233234e+01,
       -1.7748541567083734e+02, 5.4733016452008449e+01,
       9.6299376109316615e-01, 7.4327981103762482e+01,
       -4.6683438181271754e+01, -3.8351960379260753e+01,
       -3.2527227167318147e+00, -2.5278657390710496e+01,
       2.7544202993626737e+01, -3.5340552222163055e+01,
       1.3145660511978562e+02, -2.9672127356695338e+01,
       3.1264768187795180e+01, 9.1545994593366771e+01,
       -9.0700123560055914e+01, 1.0057316164905131e+02,
       1.0942936116345665e+02, 8.4607373195115319e+00,
       1.1985323683316095e+02, -1.2894082499641027e+02,
       3.2808342979109830e+00, 9.2560641323888895e+00,
       -1.2916222605852957e+02, 4.2453747095973370e+01,
       -8.3676980598809493e+01, -3.9437079470121098e+01,
       -2.7075338984260391e+01, 1.7479814061462721e+02,
       9.0237353156324261e+01, 2.1719275978887115e+01,
       -2.0953970259826684e+02, -5.2310829345713238e+01,
       -7.8585386534365993e+00, -1.4171613271788428e+02,
       1.1335785712733998e+02, 7.6398066528794246e+01,
       -1.0844644430480660e+01, -1.4017512302263313e+02,
       -4.0636213886534236e+01, 1.9479928199121360e+02,
       -2.1605606532101120e+01, 4.8335432561417456e+01,
       -1.8613589643826489e+02, -1.5251059709080988e+02,
       -1.0332191541335938e+01, 1.7163108978570841e+02,
       1.2868429439902702e+01, 2.9686124490849618e+01,
       -6.5407945037344987e+01, 1.6557020734579226e+00,
       1.0497185856547898e+02, 1.0057192123241992e+02,
       6.0561489113111030e+01, -3.4396127099360221e+01,
       -2.3436616170737184e+02, 6.4952925090623268e+01,
       2.3193527795769260e+01, -1.3449651891711019e+02,
       -7.2209064521479869e+00, 6.3543791306395846e+01,
       4.1638625805630722e+00, -2.8183392757273968e+01,
       -8.7980772445746439e+01 ]
covs: !!opencv-matrix
   rows: 81
   cols: 3
   dt: d
   data: [ 1.9309458768659745e+03, 1.0738782443391508e+03,
       -2.9413305220767609e+02, 1.0738782443391508e+03,
       9.6793571361972208e+03, -2.1495796849664785e+01,
       -2.9413305220767609e+02, -2.1495796849664785e+01,
       2.3792498515563017e+02, 2.2806233451846088e+03,
       1.4411801548278609e+02, 3.4586286017077562e+01,
       1.4411801548278601e+02, 9.2563005597662996e+03,
       2.5946510747675688e+02, 3.4586286017077569e+01,
       2.5946510747675688e+02, 2.2893654623205612e+02,
       2.3361141117812176e+03, 2.0954265374713673e+03,
       7.8201427923110862e+02, 2.0954265374713673e+03,
       9.0160265889399652e+03, 4.6309485655873914e+01,
       7.8201427923110862e+02, 4.6309485655873914e+01,
       6.6343347688848269e+02, 1.4010050230507579e+03,
       7.4358338881108011e+02, 2.1072175393401767e+02,
       7.4358338881108011e+02, 7.2002432940411918e+03,
       3.3602688821020382e+02, 2.1072175393401767e+02,
       3.3602688821020382e+02, 3.0535500609128673e+02,
       2.1916361824614587e+03, -6.2879911866575107e+01,
       1.3129457304942525e+03, -6.2879911866575107e+01,
       6.1960435494609628e+03, 1.4637543092395765e+02,
       1.3129457304942525e+03, 1.4637543092395762e+02,
       1.0395765423340727e+03, 3.0591769578425874e+03,
       -8.6206025181926395e+02, -4.9202004720074262e+02,
       -8.6206025181926395e+02, 3.1650257915784900e+03,
       -1.3861008063498443e+02, -4.9202004720074274e+02,
       -1.3861008063498443e+02, 6.2031374625324645e+02,
       1.3224924800707638e+03, -2.6564572299709579e+02,
       6.7290749644536390e+01, -2.6564572299709579e+02,
       4.8436884896653892e+03, 1.4957580541353329e+02,
       6.7290749644536390e+01, 1.4957580541353332e+02,
       9.6358729260009966e+02, 2.7388127363708377e+03,
       -2.4433343809180423e+02, 2.6103095837526411e+02,
       -2.4433343809180423e+02, 2.5314762948076300e+03,
       8.4835600468747032e+01, 2.6103095837526411e+02,
       8.4835600468747032e+01, 1.3027573263542947e+03,
       2.1580286396155334e+03, 3.8385770811138320e+02,
       8.4376114849922578e+02, 3.8385770811138315e+02,
       3.9758159766939780e+03, 4.9343784282849151e+02,
       8.4376114849922578e+02, 4.9343784282849163e+02,
       1.0852060641798575e+03, 2.8937775462842046e+03,
       3.2506178125676365e+02, 2.6078251406691055e+02,
       3.2506178125676371e+02, 5.0503370549735127e+03,
       -9.9328621259669535e+02, 2.6078251406691061e+02,
       -9.9328621259669558e+02, 8.8394737339709548e+02,
       2.4055135883736502e+03, 4.1455506441173902e+01,
       -2.5995630206462573e+02, 4.1455506441173853e+01,
       1.9516900127051317e+03, 1.3428984716661515e+02,
       -2.5995630206462573e+02, 1.3428984716661515e+02,
       5.7776951082673031e+02, 2.3916554713431460e+03,
       -5.6266147939893642e+02, 5.8053024448473252e+02,
       -5.6266147939893631e+02, 5.5017824023707371e+03,
       3.6033955594060592e+02, 5.8053024448473252e+02,
       3.6033955594060592e+02, 6.4683911529533589e+02,
       2.7126074939674381e+03, 1.0644885814482818e+03,
       -2.6671812945885466e+02, 1.0644885814482816e+03,
       3.6129328391316608e+03, -6.6903009635382421e+02,
       -2.6671812945885461e+02, -6.6903009635382421e+02,
       1.0743794682926775e+03, 3.4324254800331337e+03,
       3.1114772931857317e+02, 8.3795500171337352e+01,
       3.1114772931857311e+02, 3.3495526930100618e+03,
       1.0482635724628803e+02, 8.3795500171337352e+01,
       1.0482635724628803e+02, 9.4354203917409336e+02,
       2.4843311678623941e+03, 1.5436630608105763e+03,
       4.2837865315379338e+02, 1.5436630608105763e+03,
       6.9895666960847402e+03, 1.3493412458536857e+03,
       4.2837865315379338e+02, 1.3493412458536857e+03,
       8.7339550048341948e+02, 3.1565003086433549e+03,
       -7.5361198733278599e+01, -1.6338397786882825e+02,
       -7.5361198733278570e+01, 1.4904628884071039e+03,
       1.6847476240067650e+02, -1.6338397786882825e+02,
       1.6847476240067650e+02, 4.6091252933148678e+02,
       1.9513661355846009e+03, 4.9417924875060987e+02,
       7.1228712611243594e+01, 4.9417924875060976e+02,
       3.1060280626452927e+03, -9.9968175999847688e+01,
       7.1228712611243566e+01, -9.9968175999847674e+01,
       7.9862323475740595e+02, 1.8211993838270892e+03,
       1.7993169515746891e+02, 4.2266960370309619e+02,
       1.7993169515746894e+02, 3.8626957754914688e+03,
       -1.2044067149406392e+02, 4.2266960370309619e+02,
       -1.2044067149406392e+02, 5.9618209062367441e+02,
       3.9399402026778680e+03, 1.0223197761893944e+03,
       -2.0495679213244138e+01, 1.0223197761893946e+03,
       3.3050643895519124e+03, 1.5716321447657796e+02,
       -2.0495679213244109e+01, 1.5716321447657793e+02,
       1.2836355459806978e+03, 2.7551536080571350e+03,
       7.7273912458370012e+02, -5.6670824147714927e+02,
       7.7273912458370012e+02, 7.9038041995161366e+03,
       -2.9304203778203512e+01, -5.6670824147714927e+02,
       -2.9304203778203519e+01, 2.1325725284268344e+02,
       2.4451942474604102e+03, 8.7947693985741262e+02,
       1.0818359509802942e+03, 8.7947693985741262e+02,
       2.7200339668661049e+03, 3.3275411700237026e+02,
       1.0818359509802942e+03, 3.3275411700237026e+02,
       9.1863226428868495e+02, 2.7447714718663760e+03,
       -8.1345595026767467e+02, -3.7035680204803668e+02,
       -8.1345595026767444e+02, 3.3657602666876473e+03,
       3.9493505525739272e+02, -3.7035680204803668e+02,
       3.9493505525739272e+02, 3.1468610939177950e+02,
       2.0620398694874957e+03, -6.6776446191425646e+02,
       -2.3061047004448170e+02, -6.6776446191425646e+02,
