%YAML:1.0
means: !!opencv-matrix
   rows: 6
   cols: 11
   dt: d
   data: [ -1.6770525175115787e+02, 6.0981155729923209e+01,
       3.7413967721212828e+01, -3.5733845933035539e+01,
       -1.1401477991329116e+01, 4.0572590600213339e+00,
       -1.4431706829474853e+00, 3.9494082541951653e-01,
       1.7317776059735071e-01, 8.5072556190315035e-02,
       -2.1334189493065384e-02, 8.1997637869873969e+01,
       1.5693421510986795e+01, -2.4025156803703247e+01,
       -3.2036458367102590e+01, -2.6447446288360272e+01,
       -1.9529485091985268e+01, 9.0098775355446925e-01,
       -2.3144160069599020e+00, 2.0823640350675457e-01,
       -3.1241285305444556e-02, 1.0523003575829190e-01,
       1.3374780761474622e+02, -1.6270514276627022e+01,
       -3.5877440728289038e+01, 1.2976646809617439e+01,
       -4.4141693557360178e+00, 1.2240615387567241e+01,
       -7.6669624032725325e-01, 1.2169089375953106e+00,
       2.5735249129516785e-01, -5.2894834565683647e-02,
       7.3674328005362277e-02, 3.0665413782734348e+01,
       3.3334999038655326e+01, -6.2648051811637666e+00,
       -2.0514769528643701e+01, 5.7103606328484542e+00,
       2.0490900813282842e+00, -3.1829706045987360e+00,
       -1.6723958624155728e+00, -2.2173477262225072e+00,
       3.4625783816380346e-02, -1.4857835520067109e-01,
       2.7786476260786451e+01, -1.0344069058126452e+01,
       -2.4954112377078972e+00, 9.2334073304451856e+00,
       1.3586875734009812e+01, -2.5158653594261646e+00,
       1.3409656822304432e+00, 5.8896793061324915e-01,
       3.3358673127358152e-01, 2.9979108561610294e-02,
       -3.4244470115809122e-03, -1.5440285846949729e+02,
       -6.4119501415950509e+01, 3.4081153712227703e+01,
       4.2386801744758607e+01, -8.9622048828467200e+00,
       1.8105009122872553e+00, 5.4473479887000820e-01,
       -5.4929140479237515e-01, 2.5544836493201478e-01,
       -1.3956242065861543e-01, -5.1309853600971433e-03 ]
covs: !!opencv-matrix
   rows: 66
   cols: 11
   dt: d
   data: [ 7.3719774203912102e+03, 2.7458300930514997e+02,
       2.8563245660644084e+03, -3.1625448916201538e+01,
       3.1965411377174911e+02, -2.9935791291666436e+02,
       1.0035061611256981e+02, -3.1028100679885753e+01,
       -1.3440736509062088e+01, 1.6631778562160453e+00,
       -1.1366180618170683e+00, 2.7458300930514997e+02,
       8.0911859253343882e+03, -1.8068546373435916e+02,
       1.3504214323806048e+03, -3.8303849163209566e+02,
       6.5861469552849803e+02, -1.1611342766408093e+02,
       2.3682989834175608e+01, 1.6142248712070778e+01,
       2.6557817785377704e+00, 1.0985126871778623e+00,
       2.8563245660644084e+03, -1.8068546373435908e+02,
       2.4727685177672442e+03, 1.0001345903745027e+02,
       -6.8224788716498097e+01, 5.1554384880349573e+01,
       -1.9901395540876972e+01, 1.1778604588219604e+01,
       3.3234744857454697e+00, 3.7291592796130041e-01,
       3.0192144036899848e-01, -3.1625448916201545e+01,
       1.3504214323806048e+03, 1.0001345903745030e+02,
       1.6354427530189059e+03, 1.5760300739385906e+02,
       -2.3376711795523195e+02, 4.7946219720617322e+01,
       -2.0905821978342804e+01, -1.1659702120315538e+00,
       2.2639856387787134e+00, -1.0822966984986806e+00,
       3.1965411377174911e+02, -3.8303849163209566e+02,
       -6.8224788716498068e+01, 1.5760300739385906e+02,
       1.9626680331154074e+02, -1.1447676323739915e+02,
       2.3773821568237430e+01, -1.7131885703709660e+01,
       -2.1382925828606356e+00, 6.5930369696242530e-01,
       -8.8954338118563814e-01, -2.9935791291666436e+02,
       6.5861469552849803e+02, 5.1554384880349573e+01,
       -2.3376711795523195e+02, -1.1447676323739915e+02,
       4.2336242063433201e+02, -2.8909420695228107e+01,
       1.8726824312874101e+01, 9.5349781895540087e+00,
       -3.6136194998629492e+00, 7.8613629763024440e-02,
       1.0035061611256981e+02, -1.1611342766408093e+02,
       -1.9901395540876972e+01, 4.7946219720617329e+01,
       2.3773821568237430e+01, -2.8909420695228100e+01,
       3.4933126316216260e+01, -4.3394915109487514e-01,
       -1.4500584155466401e+00, -6.4861951547910440e-02,
       -1.5727801453496608e-02, -3.1028100679885753e+01,
       2.3682989834175594e+01, 1.1778604588219604e+01,
       -2.0905821978342804e+01, -1.7131885703709660e+01,
       1.8726824312874097e+01, -4.3394915109487531e-01,
       2.1882041497352226e+01, 1.9709787561647112e+00,
       -6.7203915150895288e-01, 6.2074203594235239e-02,
       -1.3440736509062088e+01, 1.6142248712070778e+01,
       3.3234744857454706e+00, -1.1659702120315536e+00,
       -2.1382925828606356e+00, 9.5349781895540087e+00,
       -1.4500584155466401e+00, 1.9709787561647112e+00,
       3.4436221667493543e+00, -6.2936990094656886e-01,
       -9.1359235770935765e-04, 1.6631778562160449e+00,
       2.6557817785377704e+00, 3.7291592796130030e-01,
       2.2639856387787134e+00, 6.5930369696242508e-01,
       -3.6136194998629492e+00, -6.4861951547910440e-02,
       -6.7203915150895288e-01, -6.2936990094656886e-01,
       8.7790128260539468e-01, -2.9590954298755627e-02,
       -1.1366180618170680e+00, 1.0985126871778621e+00,
       3.0192144036899854e-01, -1.0822966984986806e+00,
       -8.8954338118563814e-01, 7.8613629763024467e-02,
       -1.5727801453496601e-02, 6.2074203594235218e-02,
       -9.1359235770935765e-04, -2.9590954298755627e-02,
       2.2295221904177563e-02, 4.0851011477262814e+03,
       9.3665314020933309e+01, 3.0677661075480814e+03,
       1.5316542527120043e+02, -1.0343763487271750e+02,
       -1.8075438337015729e+01, -5.3566883582426250e+01,
       -5.0446850939976446e+00, 1.9998204272623148e+01,
       -1.0369719941999136e+00, -2.9703264597427576e-01,
       9.3665314020933309e+01, 5.5895109986020971e+03,
       -4.4659862947912529e+01, 2.4657871851346299e+03,
       -4.0850974973741423e+01, -1.3488753445344892e+02,
       4.0069820352408357e+01, -2.5798030079310120e+01,
       -2.1970322008665075e+00, -8.7891497660259574e+00,
       4.8236998861390284e-01, 3.0677661075480819e+03,
       -4.4659862947912579e+01, 2.5713745959671428e+03,
       3.0633581159735105e+01, -8.2636274461677289e+01,
       5.0616790361288629e+01, 1.7070392046582487e+01,
       -5.2306640164857230e+00, 3.8611318277218838e+00,
       1.9161451500116430e-01, 1.0616301620089984e-01,
       1.5316542527120038e+02, 2.4657871851346295e+03,
       3.0633581159735126e+01, 1.1735555617312482e+03,
       -5.9998468970831098e+01, -8.6267665340570844e+01,
       3.9166919898011709e+00, 1.7202350456827055e+01,
       -4.5123818440214869e+00, -3.2225310899840340e+00,
       1.4537334511710878e-01, -1.0343763487271751e+02,
       -4.0850974973741430e+01, -8.2636274461677303e+01,
       -5.9998468970831098e+01, 3.5226917207339483e+01,
       9.5735197927948779e+00, 4.2339079236221071e+00,
       -1.5937461268016143e+01, 2.8234083549506548e+00,
       -6.6876729402522872e-01, -2.4990022354904485e-02,
       -1.8075438337015736e+01, -1.3488753445344895e+02,
       5.0616790361288629e+01, -8.6267665340570844e+01,
       9.5735197927948743e+00, 8.4172671478059598e+01,
       2.6127991356294235e+01, -7.7043391478596783e+00,
       -3.5070562033768766e+00, 1.1225766660269605e-01,
       3.6470789612163990e-01, -5.3566883582426243e+01,
       4.0069820352408357e+01, 1.7070392046582491e+01,
       3.9166919898011701e+00, 4.2339079236221071e+00,
       2.6127991356294228e+01, 2.0150579312743048e+01,
       -2.6248975847396694e+00, -2.4212496183750152e+00,
       1.8469515800116579e-01, 1.0807117854920906e-01,
       -5.0446850939976464e+00, -2.5798030079310116e+01,
       -5.2306640164857248e+00, 1.7202350456827055e+01,
       -1.5937461268016143e+01, -7.7043391478596783e+00,
       -2.6248975847396694e+00, 1.3924054294867771e+01,
       -2.8160374188637136e+00, 4.8317471136408235e-01,
       2.9687509788945632e-02, 1.9998204272623148e+01,
       -2.1970322008665084e+00, 3.8611318277218851e+00,
       -4.5123818440214878e+00, 2.8234083549506548e+00,
