%YAML:1.0
means: !!opencv-matrix
   rows: 42
   cols: 5
   dt: d
   data: [ 4.1732134829766515e+01, -6.0995529019937472e+01,
       -5.6712986536710247e+01, -6.1543058153700677e+01,
       3.9738593131994007e+00, -1.4866149538723191e+01,
       7.0203341941454696e+01, -4.8864175171128721e+01,
       -5.4266944354758927e+01, 4.4455861739348252e+00,
       9.9079943666083253e+01, -4.3874191213215575e+01,
       7.7018638442019466e+01, -3.2751907102104179e+00,
       3.3022210191773617e+01, 1.0970081829788368e+01,
       9.0718241797504731e+01, -2.3955770976602334e+01,
       -2.3585805879500310e+01, -1.1619195674874298e+01,
       -2.1276337604068070e+02, -1.7949582684158892e+02,
       1.2903656494308716e+01, -1.3711312603944991e+01,
       -2.5835024186914811e+01, -1.4519258294631413e+02,
       1.8221378232754975e+02, 3.8321403554928096e+01,
       -2.5782020895877483e-01, -1.1563671668692166e+01,
       8.4354261068340733e+01, -2.8011406176537911e+01,
       1.6195241315854037e+01, -5.3089578992055742e+01,
       1.1341410228045191e+01, -2.3566561870366274e+02,
       -5.6818909947143261e+01, 2.1092782632666424e+01,
       4.9532663754460899e+01, -2.3702514306313567e+01,
       2.1290397523706287e+02, 8.5686171422951873e+01,
       1.5155203888799807e+01, 4.6969016033843282e+01,
       -1.3507620768458709e+01, 3.2799833257598067e+01,
       -4.6642813906327085e+01, -7.2247136423170403e+01,
       4.8607060315161597e+01, -2.6022294268127588e+01,
       7.9578505051624046e-02, -1.0143335989689831e+02,
       2.4358289957448772e+01, 3.3746893387465938e+01,
       3.6421930425640682e+01, -2.0068302311413044e+02,
       3.7883370696214058e+01, 1.4508233057856215e+01,
       2.8596281238427497e+00, -1.7673528925571222e+00,
       1.1096574308566881e+02, -2.9738952542874298e+01,
       -9.2730926371180658e+01, 8.7594560983375036e+00,
       -9.0842981109722611e+00, -8.6844632220470814e+01,
       -1.1760810258303555e+02, 2.2189614157892002e+01,
       -2.8213316079244798e+01, 7.8093525413530251e+00,
       2.1978614303791187e+02, -2.7933994153948017e+01,
       -1.0428374866113609e+01, -9.7638877483760051e+00,
       -1.3190435474415841e+01, 1.3030960123411406e+01,
       1.9635191676161259e+02, 7.9827410721804382e-01,
       4.7878333989810997e+00, 4.7579793728762088e+00,
       -1.6243376619613556e+02, -5.5236504826763749e+01,
       1.8794611405990981e+01, -7.2365211280803280e+01,
       -2.6339867134359656e+00, 4.2171083239666032e+01,
       -1.7959037132189155e+02, -1.2038789013104381e+01,
       -1.6367416743887417e+00, 7.2353942193643963e+00,
       -8.1188532988519682e+01, 8.8930599696406148e+01,
       5.6128420475797739e+01, -5.8868591840135593e+01,
       -1.0148776082370837e+01, -2.2820373331337873e+01,
       -1.0218439135322530e+01, -9.9198046638761408e+00,
       2.3653969997154569e+01, 3.6001856197688916e+01,
       6.5753661980407486e+01, 8.7968772656625731e+01,
       5.4066676944783325e+01, -6.0869407279440644e+01,
       6.7144419255405277e+00, 1.3431702288889985e+01,
       -2.2890747207669764e+02, 8.3763322550957273e+00,
       7.4173261026961768e+01, -2.5757393679879703e+00,
       -1.3571586864586808e+02, -7.1845967068680196e+01,
       9.1785965040562616e+01, 1.6744880544678566e+01,
       -2.7761352676048364e+01, 1.4179160127773514e+02,
       -8.7071207497160273e+01, -5.5725399587992598e+01,
       -1.6682094284964833e+01, -1.7107700241740147e+01,
       -1.0263813196297890e+02, -1.5621019402327776e+00,
       4.6561076739595897e+01, 4.1125814009372128e+01,
       9.9283896616215528e-01, -5.4744242792350732e+01,
       8.5414998242840625e+01, -7.2858360061478180e+01,
       2.1696488033672865e+00, 1.1125384972511140e+01,
       7.5496201334497783e+01, 3.5353822958515650e+01,
       -3.5038132184953248e+01, 1.0111838748990449e+01,
       6.3153378435447829e+00, 1.8083698191800900e+02,
       -3.7980637846060366e+00, 4.7904527268407875e+01,
       -1.3240618947664672e+01, -4.5922204371268203e+00,
       -3.0594603873576065e+00, -1.1044374019036886e+02,
       -1.5869641563653079e+01, -4.2957028596426888e+01,
       3.5691656011145838e+01, -6.1883549669492403e+01,
       1.0147170251420210e+01, 9.4378513229496136e+01,
       -1.0939928839252708e+01, 8.5966246477773545e-01,
       -3.2565249602470303e+01, -4.5639736433546886e+01,
       -1.5045943321226483e+01, 3.1104634261834949e+01,
       -1.1754593563123592e+01, 5.8836589523876548e+01,
       4.3037120586641805e+01, -9.9629579826640615e+00,
       -9.8512394454696746e+01, -1.3934298602632429e+01,
       1.1268605514017642e+02, 8.1844294216452525e+01,
       -6.7583115803714421e+01, 6.0491884039344882e+01,
       -1.0269524748450742e+01, 1.3670732768961358e+02,
       1.0866599251856694e+02, 3.0995092525776215e+01,
       -4.1890475376411800e+01, -8.4136201331082052e+00,
       -5.1747404758640165e+01, 7.9059203389323741e+01,
       -1.5875238882975115e+01, 6.1617764014128227e+01,
       2.0174393237455785e+01, 1.1961074241468089e+02,
       -6.4859061536833664e+01, 4.9592858325952491e+01,
       4.1490631926865554e+01, 1.6525347785473032e-01,
       1.3688863648975217e+02, -4.3692238228093636e+01,
       6.9779168609331155e+00, 3.0773874312997414e+01,
       -2.8336634361248585e+01, 5.5173888628319887e+01,
       6.6253257760938538e+01, 4.8699359610884173e+01,
       2.8833432744020765e+01, 2.4077195529604221e+01,
       -1.2904692823054862e+02, -6.5711198734768772e+01,
       -3.7032555720509841e+01, 3.2727642729026940e+01,
       2.8056100189604070e+01, 5.1329971764910397e+01,
       -4.8610662872448103e+01, -3.2758887576974807e+01,
       7.1046734071025057e+01, 1.0692199889450871e-01,
       -1.2165050485333516e+02, 8.2144724471977824e+01,
       -3.7664792743414559e+01, -4.8392283895566734e+01,
       2.7677772235511489e+00, -2.2821707271619039e+02,
       9.7650690329578055e+01, -5.0309797581788764e+01,
       -3.1402458257475889e+01, -7.0922983462448199e+00 ]
