%YAML:1.0
means: !!opencv-matrix
   rows: 33
   cols: 2
   dt: d
   data: [ 1.4132497748488973e+02, -5.6645865987151737e+01,
       -1.3739218205914531e+02, 1.5847416566665791e+02,
       -1.8676765111524787e+01, -9.5304531024016200e+01,
       1.0047102347515221e+02, 1.0129787343035197e+02,
       -1.4925206456556839e+02, -1.5909053209413129e+00,
       -8.4611842983733183e+00, 4.6018665416263374e+01,
       -2.0196236286864203e+02, -1.6978380519393045e+02,
       8.6433939547583208e+01, -2.2007400409909572e+01,
       -9.2535454657477601e+01, -4.8857448030587101e+01,
       -2.5120972962663447e+02, 1.3928029139640813e+02,
       1.1942860804160556e+02, -1.2634907396856320e+02,
       1.6510541246768480e+02, 1.0120330644237156e+02,
       2.8786394814379090e+01, 1.0972019499072542e+02,
       -1.7459409486868719e+02, 8.1940596972466892e+01,
       6.3963982595675105e+01, 4.4543790426085970e+01,
       -3.0870531296680593e+01, -2.4699700049477514e+01,
       -1.6993069412604981e+02, -8.5719081152358157e+01,
       -6.1917776918851025e+01, 1.1972396255488516e+02,
       -1.0161176218268602e+02, -1.3496416725497718e+02,
       2.0393631952429939e+02, -1.8273630658130489e+01,
       6.4119772624243438e+01, -8.0730737726659015e+01,
       -2.6474283135441323e+02, -5.8396807041128902e+01,
       -4.5531537527518946e+00, 2.1306298679520054e+02,
       8.4787854300421643e+01, 1.3500612992992995e+02,
       -2.1087944600945724e+02, -8.2365817670761725e+00,
       1.4312289805556543e+02, 2.7774101420797088e+01,
       -8.9828705510141774e+01, 3.3220172472484933e+01,
       2.7837385272393725e+01, -1.8121320224361771e+01,
       2.2195309988387081e+02, 7.4299687962857973e+01,
       2.0413742879597652e+02, -9.2886120363177852e+01,
       4.8013312625717880e+01, -1.5370580131484988e+02,
       -3.8318251796715813e+01, -1.8330694150178743e+02,
       -2.7692822428579723e+02, 3.4579735791817207e+01 ]
covs: !!opencv-matrix
   rows: 66
   cols: 2
   dt: d
   data: [ 1.1576593757281141e+03, 5.8547324054259553e+00,
       5.8547324054259535e+00, 1.5352016494928118e+03,
       3.6649177616678371e+03, -1.3649612790137854e+02,
       -1.3649612790137849e+02, 1.0983853647005708e+03,
       1.4924953718891222e+03, 1.3857646920760607e+02,
       1.3857646920760601e+02, 1.8336292886939498e+03,
       9.7804336246816501e+02, -7.6659256633056984e+01,
       -7.6659256633056984e+01, 1.5209723274650182e+03,
       8.4375135218869764e+02, -1.2794582706241026e+02,
       -1.2794582706241030e+02, 1.7879226975244824e+03,
       9.6278612145156228e+02, -1.1609800677459108e+02,
       -1.1609800677459108e+02, 1.5206467181091662e+03,
       2.6301014830783702e+03, 1.3739965060447100e+01,
       1.3739965060447105e+01, 2.3679588946083932e+03,
       9.7792178441196211e+02, 8.7284510304401024e+01,
       8.7284510304401053e+01, 1.1710278360646166e+03,
       1.0146164187833674e+03, 1.3631624769241366e+01,
       1.3631624769241375e+01, 1.8638141102986033e+03,
       2.6246746069546994e+03, 6.0958625582922153e+01,
       6.0958625582922146e+01, 3.2497124892549477e+03,
       2.1645491930492349e+03, -5.7099585246012794e+02,
       -5.7099585246012794e+02, 2.2903662687567298e+03,
       9.5238897070125859e+02, 6.9934494796621198e+00,
       6.9934494796621145e+00, 1.2474800063875948e+03,
       1.5121028768977999e+03, 7.4536228871422679e+01,
       7.4536228871422651e+01, 1.2028395616623095e+03,
       2.6035938450435306e+03, 4.1086194116051988e+00,
       4.1086194116051837e+00, 1.4647857468018194e+03,
       1.0662240820637282e+03, 2.9663004490343397e+01,
       2.9663004490343397e+01, 1.1012095520699127e+03,
       9.2734652680125794e+02, -2.3167062897029535e+02,
       -2.3167062897029535e+02, 1.5609498193583461e+03,
       2.0557325815098288e+03, 3.3189046682316655e+02,
       3.3189046682316661e+02, 1.6818678100968425e+03,
       2.1068876253030157e+03, 4.4234329384344926e+02,
       4.4234329384344915e+02, 1.7747029185234339e+03,
       1.6056630392237369e+03, 2.5251753907995356e+02,
       2.5251753907995362e+02, 1.7325635600193691e+03,
       2.0622813475469206e+03, 2.8726631138096269e+02,
       2.8726631138096263e+02, 1.4724074089488386e+03,
       1.4683546181050992e+03, 3.9411872803412358e+01,
       3.9411872803412358e+01, 1.4033715637571190e+03,
       2.3302345907792528e+03, 4.1925355975330945e+02,
       4.1925355975330945e+02, 2.8145217420748081e+03,
       7.1140169594710333e+03, -6.6936297472864283e+02,
       -6.6936297472864283e+02, 2.5895249454946547e+03,
       2.6683262195074026e+03, 6.9201605557418475e+02,
       6.9201605557418452e+02, 3.5055801620630450e+03,
       1.0864502981379385e+03, 2.0085261543741569e+02,
       2.0085261543741564e+02, 1.8232057157425445e+03,
       1.4999462385931893e+03, 5.0065236985537155e+01,
       5.0065236985537169e+01, 1.1212706087204476e+03,
       1.0648784884511078e+03, -2.2042523602198656e+02,
       -2.2042523602198656e+02, 1.8663632216992605e+03,
       9.6311496329130136e+02, 5.8209947082680662e+00,
       5.8209947082680582e+00, 1.4190077023982406e+03,
       1.6235629256281547e+03, 3.4125038881281381e+02,
       3.4125038881281387e+02, 1.9138421832976398e+03,
       1.9229548850221879e+03, -6.0481712204192561e+01,
       -6.0481712204192554e+01, 1.7678885420431120e+03,
       2.1764741323842177e+03, -1.8259045170129758e+02,
       -1.8259045170129761e+02, 3.1804581774266449e+03,
       2.8698154651831737e+03, 9.7086090090076982e+02,
       9.7086090090076982e+02, 2.1004396199021185e+03,
       1.7826417319145492e+03, 2.2330198980292349e+02,
       2.2330198980292354e+02, 2.6365217016242459e+03 ]
weights: !!opencv-matrix
   rows: 1
   cols: 33
   dt: d
   data: [ 4.1090773767829880e-02, 1.7495286680753178e-02,
       4.3084767340230402e-02, 3.9178602332023478e-02,
       2.8145788699371600e-02, 4.4618774859623254e-02,
       1.3229672241467099e-02, 4.4935962651019824e-02,
       3.5501070908641123e-02, 1.9029855829124500e-02,
       2.8702821149701380e-02, 2.8636871899796443e-02,
       4.2341727477149101e-02, 2.9489083170579956e-02,
       4.7638272575735170e-02, 4.0907569374107548e-02,
       2.7905417919730825e-02, 3.4377934666137061e-02,
       2.5092265686408606e-02, 2.0675684354765096e-02,
       4.4875416407002960e-02, 1.5615987202355731e-02,
       1.4903077558046330e-02, 1.3913171659831431e-02,
       2.1175132499804850e-02, 4.5379105788009404e-02,
       3.9382863364547369e-02, 4.7149507985829189e-02,
       2.1493021350459995e-02, 1.9560400950040840e-02,
       2.6550872151780255e-02, 2.0509155974993493e-02,
       1.7414083523075888e-02 ]
pca_proj: !!opencv-matrix
   rows: 2
   cols: 21
   dt: f
   data: [ 4.36961316e-02, 8.50134730e-01, 1.73015636e-04,
       6.54514134e-02, 4.60692108e-01, 2.29939164e-04, 7.67599978e-03,
       1.46649793e-01, -1.37564148e-05, 1.21663406e-03, 1.30500361e-01,
       -5.45994153e-05, 8.06188770e-03, 1.42052382e-01, -2.12945142e-05,
       -2.45414903e-05, 9.56867734e-06, -1.94090262e-06, 3.13729906e-05,
       4.34020360e-04, 2.32224409e-07, 7.68702388e-01, -5.10314330e-02,
       1.14127281e-04, 4.21110362e-01, -3.83849256e-02, 4.02935693e-05,
       2.81941950e-01, -1.35209868e-02, 1.95932400e-04, 2.66951323e-01,
       -4.70317341e-03, 2.29704310e-04, 2.76557714e-01, -1.55316098e-02,
       2.11025646e-04, -3.74769334e-05, 5.54774260e-06, -7.89335627e-06,
       8.86836962e-04, -5.85095040e-05, 1.91629806e-04 ]
pca_mean: !!opencv-matrix
   rows: 1
   cols: 21
   dt: f
   data: [ 2.07625534e+02, 2.55653595e+02, 1.54502928e+00,
       2.18915131e+02, 2.60592743e+02, 1.67241716e+00, 2.65274475e+02,
       2.24016678e+02, 1.71669352e+00, 3.19420807e+02, 1.63929108e+02,
       1.75046074e+00, 3.16613464e+02, 2.25532654e+02, 1.70717156e+00,
       1.08872897e-04, -9.74175637e-05, 6.24380555e-05, -2.17504916e-04,
       -2.50119597e-01, 1.75055194e+00 ]
