%YAML:1.0
means: !!opencv-matrix
   rows: 44
   cols: 6
   dt: d
   data: [ 1.6655476960280728e+02, -4.5590094759895550e+01,
       2.5414678818941341e+00, 2.6487169684141598e+01,
       -5.5121828918073179e+00, 1.5404778778670028e+01,
       -1.5143534088489827e+02, -1.0168791155441080e+02,
       2.6401579339508515e+01, 6.6326547426110267e+01,
       -2.0132522308420448e+01, 1.3660359549715784e+00,
       7.1659129940220652e+01, 1.7544478100786442e+01,
       -8.2789297352661166e+01, -1.1972420853709471e+01,
       -5.0710622699519456e+00, 6.2377288189745901e+00,
       2.8950192038582220e+01, -9.7848084498578388e+01,
       -1.0234428062530888e+01, 7.1444696314844961e+01,
       -5.8168180362576427e+00, -2.1916495700488197e+00,
       2.8610787265094007e+01, 1.4831259779625009e+02,
       -3.9392311894473058e+00, -8.1711848579976831e+01,
       2.0742112205447498e+01, 1.1429437874190684e+01,
       2.0448887119893541e+02, 1.5424941698014483e+00,
       3.1420858220270516e+00, -1.5784920069823990e+01,
       -6.0708242653527646e+00, 1.2460955772462045e+01,
       -1.5683215674808653e+02, -1.8820248232374254e+01,
       3.4668791252157298e+01, 2.8153248976065647e+01,
       -1.0375889099644322e+01, 2.6961278289431451e+01,
       -3.4947208469498165e+01, -4.4948302972226156e-02,
       2.0900043898376515e+00, 4.8217794604984654e+00,
       3.7393146176118023e+01, 3.0641392132844400e-03,
       6.6951405180545692e+01, -1.3995341036721976e+01,
       -2.7777313938920457e+01, -6.0821193459091859e+01,
       -7.9893483950069799e-01, -1.0140248236278754e+01,
       -1.7843516591678193e+02, -6.9982710187537236e+01,
       4.1021155133276338e+01, -3.2012400595437533e+01,
       -6.1859383714183389e+00, -1.3885949863770815e+00,
       -1.2547911761417185e-01, 5.3627367027548807e+01,
       3.5952916555369576e+00, -4.2075874805682894e+01,
       1.4060619884641385e+01, -2.0762514603871459e+01,
       2.0247848974569173e+01, -1.6441361040388966e+01,
       -1.9269143442154061e+01, -1.2012557591970664e+01,
       2.3824181494648343e+01, 5.7133166797759891e+00,
       -2.6093428458173679e+02, -6.5101170305814344e+00,
       -1.8426658926726514e+01, 9.7656588386534082e+00,
       -3.5498796590384187e+00, 4.2024582183616177e+00,
       -1.5164536667119813e+02, 4.1033358299894900e+01,
       3.2026857452878041e+01, -5.8537442726059354e+01,
       -1.7665704092114265e+01, -8.7018543597205298e+00,
       8.4101660657679759e+01, -6.8122230959704311e+01,
       -1.3932403124817190e+01, 4.3915595779454165e+01,
       1.4561766449464700e-01, 1.0626931445987276e+01,
       -2.1573151345737313e+02, 9.0988619875097115e+01,
       5.0724718930158474e+01, -4.4318580393031240e+01,
       -1.8475986292730273e+01, 2.6203877463686126e+01,
       8.2829045153743763e+01, 1.8538097895512966e+01,
       -2.1960906969013081e+01, -3.2805356203409481e+01,
       -2.5042062855920733e+01, -2.0379086571689800e+01,
       1.4223277430688108e+02, 9.0645953537669683e+01,
       -4.6603741565616183e+01, 4.1729378546771713e+01,
       -7.6628007875087079e+00, 9.1252706774275598e+00,
       -1.4486324995753506e+02, 5.6950401270612446e+01,
       6.4175130667960332e+01, -3.2546921956823731e+01,
       -3.3267979212539993e+00, 7.5748674935566545e+00,
       8.3320889015833231e+01, 5.6268173022716688e+01,
       7.0549684010032053e+01, -1.3597781642363399e+01,
       3.4122331578273119e+01, -6.0140577390652794e+00,
       -9.2802773228786407e+01, -1.2578107167169435e+01,
       1.9454509790326750e+01, 7.0165506835257901e+01,
       5.3435827769152260e+00, -7.4731591966967281e+00,
       9.5462012244234600e+01, -1.1314111386242537e+02,
       -3.3158923986434324e+01, -3.2190984291325393e+01,
       -6.4200473174638806e-01, 8.3446032754197699e+00,
       -4.1982113428809896e+01, -6.2074079658222800e+01,
       -3.1814307026490830e+01, 4.6173699376999927e+01,
       2.0687288484831424e+01, 5.0007712277675385e+00,
       1.4896462693338614e+02, 5.7930638527370815e-01,
       -5.0327934283724922e+01, -1.0895214072897753e+01,
       -6.4223784075657981e+00, 1.3737253384601676e+01,
       -3.8945823083617775e+01, -1.0690487242527439e+02,
       2.7182373726954028e+00, 6.8821740217142050e+01,
       -4.3921343810297273e+00, -3.5821025872595276e+00,
       1.5779703143046911e+01, 4.9861216107464564e+01,
       -1.0635816994097199e+01, -4.8154140602453118e+01,
       -3.7839563056079761e+01, -1.8200372086981687e+01,
       4.2606547346951267e+01, -6.9774016236770890e+01,
       6.2994409764566619e+01, 4.8287356170274478e+01,
       1.4155053313659607e+01, -1.6064933298581459e+00,
       6.6495194374468227e+01, -6.7174095249511751e+01,
       -2.1799900252320551e+01, 4.3166324212574295e+01,
       -1.1159354508588329e+01, 5.7025049401891375e+00,
       -1.9072163646178034e+01, 5.7504838496486110e-01,
       2.8978587403896201e+00, 3.9995930303503471e+00,
       4.1790450203470222e+00, -1.3419490626202064e+00,
       -2.0579190980663699e+02, -6.9462229199748391e+00,
       5.3544193845378118e+01, 1.4721627470603599e+01,
       -9.9787416964990534e+00, 1.1641102702264249e+01,
       3.7596833826567369e+01, 1.1031969964485684e+02,
       -7.6642380285351539e+00, 3.5935401861705571e+01,
       2.0568223872684648e+01, -1.2314443536387578e+00,
       8.2173163596621919e+01, 1.1805766826892992e+02,
       -2.4414193763699540e+01, -6.7544003087734454e+00,
       -4.0775205572978610e+00, -1.4760326530145429e+01,
       -1.3877374230548787e+01, 1.5083931699558815e+00,
       6.0422637656089357e+01, -2.7988950634914847e+01,
       2.2179046781762160e+01, -1.3809540602728161e+01,
       -5.1817524954909068e+01, -1.5137624907466156e+02,
       7.3436015950493854e+01, 1.6816687853912544e+01,
       1.9901196951928585e-01, -4.0415319564274155e+00,
       -1.1916976030087248e+02, 1.3689169602289996e+02,
       3.8721514499750043e+01, 6.0012860346640258e+00,
       -3.7806780450547461e+00, -1.1308288200295227e+01,
       8.1349577233455150e+01, 1.0031852564262211e+01,
       -2.8198608826455299e+01, -3.0444757160904246e+01,
       -2.9923331108837665e+01, -1.7504692413076519e+01,
       -1.9051549216957881e+02, 9.2233395721961060e+01,
       2.9649332888574264e+01, -6.0649109587852912e+01,
       -2.8201907606652906e+01, 1.4094019513657903e+01,
       -1.1827614379621117e+02, -1.4530959341196169e+02,
       -1.6388901252106749e+01, 1.8436385894204310e+01,
       1.0606761563463353e+01, -3.2997574019281011e+00,
       -4.4097917006243577e+01, 1.6772871078438513e+02,
       7.4205147916229333e+00, -1.0352254434605335e+02,
       -6.6527624455158243e+00, 3.4071585564249254e+01,
       -1.6298220879750721e+02, 7.2269337304341022e+01,
       4.5349435712523380e+01, 2.5212216808174482e+01,
       -7.5298022807371945e+00, -4.1212268557403480e+00,
       1.3141907929764196e+02, -2.2401949277358561e+01,
       6.1552015549267750e+01, -1.0420100659260365e+01,
       1.4511459380660323e+01, 2.9957990603568860e+00,
       -1.1487428240238090e+02, 1.7888457166218775e+01,
       -2.5863352834692275e+01, -3.1248762036386118e+01,
       2.7257439621661504e+01, -1.3576246147993842e+01,
       1.7364021800765084e+02, 5.2429284141562583e+01,
       1.0161840959352668e+01, -2.2305016272806384e+01,
       -7.0849178399286483e+00, -3.0796686933310604e+00,
       4.2478465134493398e+01, -3.3523985611327568e+01,
       -8.6067718920577519e+01, 2.9508571342653998e+01,
       1.5329399414338671e+00, 1.4784221170991248e+01 ]
