%YAML:1.0
means: !!opencv-matrix
   rows: 19
   cols: 12
   dt: d
   data: [ -1.4738639006166375e+02, -4.9330951411667527e+01,
       4.3318338306800669e+01, 1.5818097661267558e+01,
       -7.8670387220535671e+00, 9.4919131283767069e+00,
       5.5723959296185177e-01, 1.1493232686116213e+00,
       -6.4270821049866067e-01, -6.2566786413934830e-02,
       2.9148076215064284e-02, 2.0935926679657205e-03,
       1.1269006407390562e+02, 4.5199523839836353e+01,
       -3.4471065321374567e+01, -2.8026469294647414e+00,
       -5.2529348018535424e+00, -6.2827663588605391e+00,
       -1.9577140223155154e+00, -9.3983193627506445e-01,
       -6.5598724978798117e-01, 3.7308325543585152e-01,
       3.8139118429154978e-01, -3.5589379418245214e-02,
       -6.3256150224640584e-01, 1.4703854301924073e+02,
       -1.2495122184545009e+01, -5.3064955288074486e+01,
       -6.1845749046055216e+00, 3.3365847227523417e+00,
       -5.4505891611755108e-01, 1.1238659824278006e+00,
       8.7754354840747684e-01, -2.0252827114790747e-01,
       2.3776207319949002e-02, 4.3526875769601063e-02,
       1.9189402001466058e+02, 1.6249670124431670e+01,
       -4.8863255172466324e+01, 1.2118498914343542e+01,
       -1.0298343880771307e+01, -6.7003267326703346e+00,
       9.1628450166913045e-01, -3.9685379582541547e-01,
       -9.4058336559800726e-01, -2.5108331635264336e-01,
       -1.6591294520331132e-02, -1.7881833827332837e-02,
       1.0174262333298994e+02, 1.6319031993892025e+01,
       -2.0004426016920551e+01, -1.3547412768342221e+01,
       -5.6181933151477823e+00, -1.0479453309850069e+01,
       -1.1369465699418974e+01, 1.1221771903170781e+00,
       8.2302055840130048e+00, 1.2962317229721170e+00,
       -1.7216020199100598e-01, 5.9733417491301351e-02,
       -1.4216514022939473e-02, -1.3532883757428616e+01,
       6.3696427394408257e+00, 7.9774877361260854e+00,
       3.2025510575467933e+01, 6.0165359363983146e+00,
       -1.3589433807496978e+00, -1.0748017982056859e+00,
       -6.8096090297751777e-01, 1.7686095288070150e-02,
       2.4507167094558316e-02, -4.3869632120431684e-03,
       8.0871933244433580e-01, 7.5650872920749919e+00,
       -4.0883344687995455e+00, -1.5441729275221350e+01,
       5.1490063497217289e+00, -1.2796979524655317e+01,
       -3.5114955638997660e+00, 2.1025756857236964e+00,
       5.1962343884196267e+00, -7.4244035575273759e-02,
       3.7935131437762414e-02, -1.1499114076540987e-01,
       1.2835455053060753e+02, 9.3053139422576230e+00,
       -3.3729837223204157e+01, 1.0701228607004758e+01,
       -1.8354965746775249e+00, -2.4294398557244001e+00,
       -2.9041896616215825e+00, 3.9775082584048584e-02,
       -9.8042791864855261e-01, -2.9358498194645578e-02,
       -4.9265634212306911e-02, 2.2413438995547704e-02,
       -1.6814773833097016e+02, 2.8745794534128411e+01,
       2.5333498288432743e+01, -3.7836567775975389e+01,
       3.0026813139295334e+00, -1.2304128006561893e+01,
       -5.7267536733160951e-01, -2.7246848968636528e-01,
       3.2891289567594733e+00, 3.9758935552955976e-01,
       -1.8530536566663092e-01, -1.3363907919347084e-01,
       6.3046628413389520e+01, -6.8871604463503729e+01,
       -5.5848530486539074e+00, 4.4643173911730884e+01,
       -8.7521914918591612e+00, 2.7773554707179027e+01,
       2.5718500636817532e+00, 6.7852157909919519e-01,
       2.7388270011813814e-01, -1.2100431169388581e-01,
       -3.1406486440789264e-02, -2.8116426505827800e-03,
       2.1274192174768299e+01, 1.0805375930344862e+02,
       -2.3075266709783655e+01, -4.8772673310317039e+01,
       1.9799053802793168e-01, -1.1105773749899867e-01,
       1.4043191325543372e+00, -6.6627232068758246e-01,
       -3.1867685279848695e-01, 2.6981356248516435e-02,
       2.3783785454880871e-02, -1.8756715538554666e-02,
       -1.6413908194072107e+02, -1.2925823343629554e+02,
       4.7084223765850389e+01, 4.6320128547712841e+01,
       -3.4308887570588738e+01, -7.2400294811653456e+00,
       -5.8878914356233869e+00, -1.3949394772282284e+00,
       1.3869518386922625e-01, 2.3094847125491832e-01,
       9.0414383381193911e-02, 5.6827898344291403e-02,
       3.7300817762897664e+00, -1.6744775747498057e+01,
       -2.0123284725017676e+00, 2.1361776831609318e+00,
       -1.0111816248471808e+01, -1.2076318447537686e+01,
       8.2080859686938512e-02, -7.6282004923187574e-01,
       -1.3615585373482515e+00, 1.1169565641747600e-01,
       -3.2427056402964449e-01, 1.8536086113971093e-02,
       -1.6366051040590330e+02, 4.4583973643541327e+01,
       3.5653717905440864e+01, -2.8984712197581757e+01,
       -3.5924065692647171e+00, 8.7486578119808889e-01,
       7.5789848539289062e-01, 1.1218028738321930e+00,
       -8.9658312860685041e-01, 5.8214635682988193e-03,
       2.4305418244850315e-03, 4.5863095868196686e-03,
       -1.1932383310191339e+02, 1.2878058115725838e+02,
       7.0813756364448102e+00, -5.4700199977825207e+01,
       -1.5881867528048884e+01, -5.0001208777469519e-01,
       5.4900544064899082e-01, -3.7932302389777806e-01,
       -5.0295678961809009e-01, -3.9941013983022566e-01,
       1.2346667431885469e-01, -5.0065910133328690e-03,
       9.9782053885577099e+01, -4.3994542462815126e+01,
       -2.1749633894331481e+01, 3.7236248017192622e+01,
       -2.7574136935473060e+01, 2.3167426432508684e+01,
       1.0401175401107627e+00, 1.3175737142645012e+00,
       4.7949079620645679e-01, 4.0993356165404442e-02,
       1.5030543056984361e-01, -3.3678852548178289e-03,
       4.1671679224367530e+01, -2.0655008088225252e+01,
       3.5162886856104220e-01, 1.9297000949734803e-02,
       1.4319387903066822e+01, -4.9234340197227162e+00,
       5.1853391299217417e+00, -1.3692931548705306e-01,
       2.8585731218773025e-01, 1.9092551810228936e-01,
       8.7427292337464470e-03, 5.2628655626051471e-02,
       6.0748040560423391e+00, -1.9013462279413372e+02,
       1.5917730079268132e+01, 6.5933810236282355e+01,
       1.0264495021832241e+01, -1.9195115772572422e+01,
       -1.6943587297936258e+00, -9.3395409316827649e-01,
       4.1451546449406840e-01, -1.2630546973470489e+00,
       8.4958243278229328e-03, -7.9883335412949091e-02,
       -2.0612800663802190e+02, -5.9564517372083621e+01,
       4.0634721884951745e+01, 6.1959955053498588e+00,
       -4.8557784360774860e+00, -1.5591427161813918e+00,
       -3.1445980394333959e+00, -5.1114558365475204e-01,
       4.6504368955694915e+00, 7.9627921585407158e-01,
       -1.7197718976529902e-01, -8.8594102888105666e-02 ]
