%YAML:1.0
means: !!opencv-matrix
   rows: 6
   cols: 3
   dt: d
   data: [ -1.8534916759456812e+02, -6.3248425759367116e+01,
       4.6374517129094457e+01, 8.6193475043569762e+01,
       1.7341670961538682e+01, 4.6422286052919013e+01,
       -1.2928558444135552e+02, 4.5519992302803502e+01,
       -1.1665909303174514e+01, -2.2748557998622174e+00,
       -1.3019954554759772e+02, 2.8018770176416266e+00,
       6.7806149570942836e+01, 5.9223656656666265e+01,
       -4.0116150993712985e+01, 1.6869252232342088e+01,
       -4.4141685620738123e+01, -5.3207913044086212e+01 ]
covs: !!opencv-matrix
   rows: 18
   cols: 3
   dt: d
   data: [ 5.4613202831713634e+03, -6.9044767567825625e+02,
       2.8789692903469486e+03, -6.9044767567825647e+02,
       9.3015136412109114e+03, 8.4282690420448364e+02,
       2.8789692903469486e+03, 8.4282690420448364e+02,
       2.2483411300700268e+03, 1.0780693194145355e+04,
       -1.1665948919847067e+03, -1.8852768144648671e+03,
       -1.1665948919847062e+03, 1.1145886040303410e+04,
       3.3861738313013461e+02, -1.8852768144648671e+03,
       3.3861738313013444e+02, 1.2376123453434029e+03,
       7.8257780862268664e+03, 7.6477602725288989e+02,
       3.0193694664981984e+02, 7.6477602725288989e+02,
       1.0345090339799755e+04, 1.2998074394416201e+02,
       3.0193694664981973e+02, 1.2998074394416204e+02,
       1.3735448945765186e+03, 4.7912255506914871e+03,
       -1.0139786828641544e+03, 2.6768855943990329e+03,
       -1.0139786828641545e+03, 1.0607074067006146e+04,
       5.0710495747591995e+02, 2.6768855943990334e+03,
       5.0710495747592000e+02, 2.1001737836326683e+03,
       8.7413867775939725e+03, -4.0173796961597272e+03,
       1.2160700179548141e+03, -4.0173796961597272e+03,
       8.8162023205746955e+03, -2.9196651331611815e+02,
       1.2160700179548139e+03, -2.9196651331611804e+02,
       1.6486766295905977e+03, 6.3827769030824156e+03,
       -1.2543551230190242e+03, -4.1816880206185874e+02,
       -1.2543551230190242e+03, 6.0950131890574012e+03,
       3.8954425917047587e+01, -4.1816880206185874e+02,
       3.8954425917047615e+01, 1.7874508809515310e+03 ]
weights: !!opencv-matrix
   rows: 1
   cols: 6
   dt: d
   data: [ 1.0510188903203917e-01, 2.9670623336510271e-01,
       1.6576133811146898e-01, 6.9370553829582904e-02,
       1.8393810164043886e-01, 1.7912188402136692e-01 ]
pca_proj: !!opencv-matrix
   rows: 3
   cols: 21
   dt: f
   data: [ 1.02604255e-02, 8.46533298e-01, 5.67100069e-05,
       -5.08859605e-02, 4.68450844e-01, 1.89823491e-04, -5.55210514e-03,
       1.46431834e-01, -1.98076777e-05, -7.31809530e-03, 1.34976640e-01,
       -4.80776835e-05, -6.69380091e-03, 1.46460637e-01, -1.57161594e-05,
       2.11501210e-05, 1.32904761e-05, -3.16381829e-07, -1.62182951e-05,
       4.47223283e-04, 4.04881848e-06, 8.19958210e-01, 1.87153444e-02,
       -7.93817599e-05, 4.28530097e-01, 8.29724409e-03, 8.75842488e-06,
       2.28233948e-01, -2.37727305e-03, -1.84168690e-04, 2.08515689e-01,
       -1.20344283e-02, -2.14158339e-04, 2.18838796e-01, -7.27251405e-04,
       -1.84816250e-04, -3.05604735e-05, -5.04301033e-06,
       -1.27042276e-05, 6.79167337e-04, 1.30049409e-06, -1.63660501e-04,
       -1.48704097e-01, -3.29387456e-01, -1.82470303e-05, 1.08596861e-01,
       1.49965823e-01, -1.77574475e-04, 1.29315495e-01, 5.12750924e-01,
       2.36419466e-04, 1.37444586e-01, 5.11233926e-01, 2.85520800e-04,
       1.36541247e-01, 5.06532609e-01, 2.30281497e-04, -1.19767010e-05,
       -4.37137305e-06, 1.85016711e-06, 4.23374237e-04, 1.63331581e-03,
       1.86568883e-04 ]
pca_mean: !!opencv-matrix
   rows: 1
   cols: 21
   dt: f
   data: [ 4.33646118e+02, 2.44701981e+02, 1.49672687e+00,
       4.18191803e+02, 2.60206879e+02, 1.62062907e+00, 3.68545319e+02,
       2.27059875e+02, 1.69770968e+00, 3.19420807e+02, 1.63929108e+02,
       1.75046074e+00, 3.16613464e+02, 2.25532654e+02, 1.70717156e+00,
       1.08872897e-04, -9.74175637e-05, 6.24380555e-05, -2.17504916e-04,
       -2.50119597e-01, 1.75055194e+00 ]
gamma: !!opencv-matrix
   rows: 6
   cols: 1
   dt: d
   data: [ 9.2688420618836065e-01, 8.6552155930828178e-01,
       9.0472344245247127e-01, 8.9286744613460911e-01,
       9.1184423770234657e-01, 8.8731067393171825e-01 ]
