%YAML:1.0
means: !!opencv-matrix
   rows: 2
   cols: 13
   dt: d
   data: [ -1.0045082236617040e+02, 1.6108468135772874e+01,
       1.9638293286927865e+01, -7.3617660654110377e+00,
       -6.3323345051239057e+00, 4.6692527840932252e+00,
       -1.7624010821306866e+00, -4.0461367022326866e-01,
       -5.4036606824437372e-01, 9.0541865205707416e-03,
       -6.6648058951998282e-02, -7.3254707308694099e-03,
       -7.1186678113600993e-03, 5.1888478110892770e+01,
       -8.3180172542796171e+00, -1.0146290957416912e+01,
       3.8025366382642791e+00, 3.2725754687365400e+00,
       -2.4140583620849183e+00, 9.1098804333498162e-01,
       2.0697484941941841e-01, 2.8034141162375459e-01,
       -3.9941053983415242e-03, 3.4406857393124400e-02,
       3.7902218684801522e-03, 3.6872360598982088e-03 ]
covs: !!opencv-matrix
   rows: 26
   cols: 13
   dt: d
   data: [ 1.7835195268787844e+04, 7.1319393832436651e+02,
       1.6960957872149945e+02, -5.0764401435688757e+02,
       6.5347610970407902e+02, -4.6105368794933113e+01,
       -5.5477360768167252e+01, -1.1965053059536677e+02,
       -1.1844964221723933e+02, 4.0095825293540299e+00,
       -7.6265913078634355e+00, -1.0220501662456125e+00,
       -1.0085555273884690e+00, 7.1319393832436640e+02,
       1.1952352499060973e+04, -1.1151603537564025e+00,
       -9.7244037738028112e+02, 3.6223711401519047e+01,
       3.5634982371492475e+02, -2.2024959052134950e+01,
       3.5456316187485548e+01, 9.6494574373589632e+00,
       4.1525459337122177e+00, -9.0573796142366791e-01,
       -6.1057384074347976e-01, 7.8212559724129202e-02,
       1.6960957872149950e+02, -1.1151603537563952e+00,
       3.2410399526388496e+03, 8.2966978650501531e+01,
       -1.3530945195135365e+02, 3.8459746203500956e+01,
       -1.7597253481321737e+01, 1.4645760943245094e+01,
       1.4890841426247405e+01, -6.8994081301828558e+00,
       2.3865481470279986e+00, 5.4916746076724599e-01,
       5.7199835778793499e-02, -5.0764401435688734e+02,
       -9.7244037738028123e+02, 8.2966978650501531e+01,
       3.1137909175268646e+03, -5.7357456383428193e+01,
       -1.8938869984188818e+02, 7.3873811570674377e+00,
       -3.4472047699492357e+01, -3.2743399741730159e+00,
       6.0974292704935182e+00, 3.1360860007246211e-01,
       2.6068684120093633e-01, -5.0482304996767237e-02,
       6.5347610970407902e+02, 3.6223711401519047e+01,
       -1.3530945195135365e+02, -5.7357456383428193e+01,
       2.7815874577650709e+02, -4.9368981562781691e+01,
       -8.6457692120010154e+00, -1.8237897117817955e+01,
       -1.3615720038141946e+01, -2.3686646547327270e-01,
       -7.8585482378610161e-01, -9.0998954107123272e-03,
       -1.0412664835513549e-01, -4.6105368794933135e+01,
       3.5634982371492475e+02, 3.8459746203500956e+01,
       -1.8938869984188818e+02, -4.9368981562781691e+01,
       2.7005290083604547e+02, 1.6963561017921822e-02,
       2.0153900983995632e+00, 5.4828674864197815e+00,
       1.0081408065498232e+00, 1.7228472328196537e-01,
       -6.3888311684414292e-02, 4.6231228212819643e-02,
       -5.5477360768167252e+01, -2.2024959052134957e+01,
       -1.7597253481321744e+01, 7.3873811570674368e+00,
       -8.6457692120010154e+00, 1.6963561017921493e-02,
       3.8814614988914975e+01, 4.4198114371944541e+00,
       4.0051692813121544e+00, -5.0112182593584775e-01,
       -2.0007835009514960e-01, -1.1481051583409299e-01,
       3.5895951681722285e-02, -1.1965053059536677e+02,
       3.5456316187485548e+01, 1.4645760943245097e+01,
       -3.4472047699492357e+01, -1.8237897117817955e+01,
       2.0153900983995632e+00, 4.4198114371944541e+00,
       2.5387026941155451e+01, 3.8196489948842212e+00,
       -1.2082285560006416e+00, 4.7590656241596169e-02,
       3.1584446994542444e-02, 1.9179321433407059e-02,
       -1.1844964221723933e+02, 9.6494574373589632e+00,
       1.4890841426247405e+01, -3.2743399741730159e+00,
       -1.3615720038141946e+01, 5.4828674864197815e+00,
       4.0051692813121544e+00, 3.8196489948842212e+00,
       7.6696153965128078e+00, 2.2952723960556051e-01,
       1.0986999906901261e-02, -5.7588301071989315e-03,
       2.6016623083643445e-02, 4.0095825293540299e+00,
       4.1525459337122195e+00, -6.8994081301828558e+00,
       6.0974292704935182e+00, -2.3686646547327270e-01,
       1.0081408065498234e+00, -5.0112182593584775e-01,
       -1.2082285560006416e+00, 2.2952723960556054e-01,
       2.6166384850645601e+00, -1.7328860825321233e-02,
       -3.0723756947874542e-03, -1.6596736686894681e-03,
       -7.6265913078634355e+00, -9.0573796142366769e-01,
       2.3865481470279986e+00, 3.1360860007246222e-01,
       -7.8585482378610139e-01, 1.7228472328196537e-01,
       -2.0007835009514960e-01, 4.7590656241596162e-02,
       1.0986999906901255e-02, -1.7328860825321233e-02,
       3.8099984477926181e-02, 5.3319698875685211e-03,
       -9.2285684815089099e-04, -1.0220501662456125e+00,
       -6.1057384074347987e-01, 5.4916746076724599e-01,
       2.6068684120093633e-01, -9.0998954107123203e-03,
       -6.3888311684414292e-02, -1.1481051583409299e-01,
       3.1584446994542444e-02, -5.7588301071989298e-03,
       -3.0723756947874533e-03, 5.3319698875685211e-03,
       9.0409474607659867e-03, -4.6075811774767453e-04,
       -1.0085555273884688e+00, 7.8212559724129188e-02,
       5.7199835778793513e-02, -5.0482304996767251e-02,
       -1.0412664835513546e-01, 4.6231228212819643e-02,
       3.5895951681722285e-02, 1.9179321433407059e-02,
       2.6016623083643445e-02, -1.6596736686894681e-03,
       -9.2285684815089099e-04, -4.6075811774767464e-04,
       2.7201448070616027e-03, 9.4423969581830843e+03,
       8.9905962914055988e+02, 1.4578882708105498e+03,
       -3.1707539792210298e+02, -8.3595887818352878e+02,
       3.9136508250122785e+02, -1.1006239532535700e+02,
       3.0073145965029969e+01, 1.8600963919623911e+01,
       -1.3934170926753979e+00, -1.3040512973233487e+00,
       -4.8834439354493796e-02, -3.9721956942308380e-02,
       8.9905962914055954e+02, 8.4404983806932087e+03,
       -2.4723373073432106e+02, 5.9521738088909285e+02,
       6.1200910752329882e+01, -2.4301179846528228e+02,
       3.3620493832259058e+01, -1.3226839398465367e+01,
       1.8424774402509563e+00, -2.2535222291720842e+00,
       1.3086885838587492e+00, 4.0790129317984092e-01,
       4.9503270709358102e-02, 1.4578882708105500e+03,
       -2.4723373073432111e+02, 2.9914733393167662e+03,
       7.0405127380179763e+01, 1.6733968184176589e+02,
       -9.1728207785735478e+01, 3.6211962852900591e+01,
       -1.3606225954831084e+00, 6.3364363013909564e-01,
       3.4322357063999003e+00, -2.0761490585917175e-01,
       -1.7091964443907287e-01, 8.0079444200557973e-02,
       -3.1707539792210298e+02, 5.9521738088909274e+02,
       7.0405127380179749e+01, 2.3390013263195715e+03,
       -6.8962023122837595e+00, 1.2476833582180451e+02,
       -1.3982106545769700e+01, 1.5481535767229403e+01,
       -1.4301658434265263e+00, -3.1000873863997125e+00,
       -5.4627972385554102e-01, -1.7693036893566758e-01,
       -1.5014999848377314e-02, -8.3595887818352878e+02,
       6.1200910752329854e+01, 1.6733968184176592e+02,
       -6.8962023122837648e+00, 4.2526778943972164e+02,
       4.8676198634155597e+01, -4.2802290939134791e+00,
       7.4202564450917343e+00, 4.3484551493742343e+00,
       1.6509381011478166e-01, 7.5341688889044800e-02,
       -3.1661219297300640e-02, 1.8435316684619021e-02,
       3.9136508250122785e+02, -2.4301179846528220e+02,
       -9.1728207785735478e+01, 1.2476833582180457e+02,
       4.8676198634155604e+01, 2.2006738237952703e+02,
       6.4412329016929144e+00, 4.3455342269554936e-01,
       -8.5196591851917680e-01, -5.5221175185587146e-01,
       1.5482306036234916e-01, 5.9826828179019249e-02,
       2.1902510287274135e-03, -1.1006239532535700e+02,
       3.3620493832259058e+01, 3.6211962852900591e+01,
       -1.3982106545769696e+01, -4.2802290939134764e+00,
       6.4412329016929162e+00, 2.3231175905590604e+01,
