%YAML:1.0
means: !!opencv-matrix
   rows: 11
   cols: 5
   dt: d
   data: [ 9.8576820029831580e+01, 9.4447701401272795e+01,
       -3.1596615640569770e+01, 2.1163672067206733e+01,
       -9.6886023119941918e+00, -1.8318102069515135e+02,
       -7.2442817254513770e+01, 4.6669498120447230e+01,
       1.8541930335071328e+01, -2.0410186655195997e+01,
       -1.4959080023691902e+02, 7.9157268104049777e+01,
       2.2023627886048658e+01, -4.3991046118131891e+01,
       -9.1940265458247463e+00, 9.3257619344925715e+01,
       -2.1504900155946256e+01, -5.0415660301776398e+01,
       -5.2841497313937829e+01, -1.1043454316640103e+01,
       9.8083501645905088e+01, -4.4462204488623534e+01,
       -2.2495860190948385e+01, 3.8139874342229739e+01,
       -2.7208871983260952e+01, 5.5708957245542976e+01,
       -8.8587436046078835e+01, -2.2446204715523649e+01,
       -2.4342420043841727e+01, 1.6040405343372075e+01,
       8.6486502654837416e+00, -7.7482220220890937e+01,
       1.0624404969519619e+01, 2.6884493935039892e+01,
       4.3979588669934202e+00, -3.5173845565687638e+00,
       1.0037538791026105e+02, -1.5301596233060623e+01,
       -3.9010080073380962e+01, 5.9758848236696105e+00,
       4.6156718175942935e+01, 3.5688076891522194e+01,
       1.1876849006624461e+00, 4.6067638800487792e+01,
       2.1242210714808188e+01, -6.7144024905263322e+01,
       -2.9681919842304239e+01, 2.9418622483676629e+01,
       1.0105969936843225e+01, 1.9299082324625797e+01,
       2.3440799653922198e+02, -2.7957171294098813e+00,
       7.0381801479949200e+00, 9.1543976915735321e+00,
       -1.5415520686623712e+01 ]
covs: !!opencv-matrix
   rows: 55
   cols: 5
   dt: d
   data: [ 5.6781631697745961e+03, -9.4060672222752419e+02,
       1.1839468831156100e+03, 2.5031891934699249e+02,
       2.5540188764229761e+01, -9.4060672222752396e+02,
       7.1976045275210172e+03, 1.3345896606084443e+03,
       -1.0018881436647613e+03, 4.5557083030046563e+01,
       1.1839468831156098e+03, 1.3345896606084443e+03,
       2.6922391970275630e+03, -1.0903917055718553e+03,
       -5.3064573166015592e+01, 2.5031891934699249e+02,
       -1.0018881436647613e+03, -1.0903917055718553e+03,
       1.8198767714032715e+03, 2.3133735839701103e+01,
       2.5540188764229761e+01, 4.5557083030046549e+01,
       -5.3064573166015577e+01, 2.3133735839701096e+01,
       4.8106840526250473e+01, 6.0978777250933599e+03,
       -8.0519986821026782e+02, 3.0983554460252394e+03,
       -5.9487042493580157e+02, -9.3466848740196994e+01,
       -8.0519986821026782e+02, 8.3153243861359751e+03,
       8.0766090672580663e+02, 1.6306193976448642e+03,
       5.4763924850438502e+02, 3.0983554460252394e+03,
       8.0766090672580663e+02, 2.3971213134480549e+03,
       -3.8604579152684089e+01, -7.4664442413830358e+01,
       -5.9487042493580157e+02, 1.6306193976448642e+03,
       -3.8604579152684146e+01, 2.1176371112167812e+03,
       -2.6054387578325378e+02, -9.3466848740197008e+01,
       5.4763924850438502e+02, -7.4664442413830372e+01,
       -2.6054387578325378e+02, 2.1003579116230270e+02,
       7.2844885002180354e+03, 1.2686762614770937e+03,
       2.5247252324181268e+03, -1.3338387072284504e+03,
       1.2272799552510222e+01, 1.2686762614770937e+03,
       8.1105521081968245e+03, 3.0611008990274371e+02,
       2.1379672943993332e+03, -2.0551557331566764e+02,
       2.5247252324181268e+03, 3.0611008990274382e+02,
       2.6219879217544963e+03, 6.0797358094614353e+01,
       -3.6812858760734208e+01, -1.3338387072284504e+03,
       2.1379672943993332e+03, 6.0797358094614367e+01,
       1.7572250955125173e+03, 5.3087764313250268e+01,
       1.2272799552510218e+01, -2.0551557331566764e+02,
       -3.6812858760734194e+01, 5.3087764313250283e+01,
       1.3801941819621186e+02, 7.7345747023027388e+03,
       -1.9201514320000254e+03, 1.1793192876545440e+03,
       8.6193853159552782e+02, 3.8320315661414504e+01,
       -1.9201514320000251e+03, 5.2082460904691370e+03,
       1.0778113841780005e+03, -1.5660149196830532e+03,
       1.6757457274632841e+01, 1.1793192876545440e+03,
       1.0778113841780003e+03, 2.6798066533826322e+03,
       -1.1150468487358464e+03, -8.8616390593981293e+01,
       8.6193853159552782e+02, -1.5660149196830530e+03,
       -1.1150468487358464e+03, 1.7385509984755968e+03,
       2.1318989964692459e+01, 3.8320315661414512e+01,
       1.6757457274632849e+01, -8.8616390593981322e+01,
       2.1318989964692459e+01, 4.1867070182275988e+01,
       4.0887221943301056e+03, -1.0811105805326541e+02,
       2.8676782713112957e+03, -8.0753319827042208e+02,
       -7.9962206084031465e+01, -1.0811105805326541e+02,
       5.0645282413298528e+03, 8.8986611474234712e+02,
       2.6686242417658177e+03, -4.3087912250759587e+01,
       2.8676782713112957e+03, 8.8986611474234678e+02,
       2.4959646155785626e+03, -1.1390747472121869e+02,
       -9.0854093010021131e+01, -8.0753319827042208e+02,
       2.6686242417658177e+03, -1.1390747472121870e+02,
       1.7488623050467393e+03, 6.9033294442117963e+01,
       -7.9962206084031465e+01, -4.3087912250759587e+01,
       -9.0854093010021117e+01, 6.9033294442117992e+01,
       3.6696384825557729e+01, 7.3528198523845995e+03,
       -5.9172391229602147e+02, 2.2862438593471234e+03,
       -1.9188623202026085e+02, -9.3468834833458220e+02,
       -5.9172391229602147e+02, 4.4013045137986410e+03,
       -3.9066194569320481e+02, -7.7750145768948482e+02,
       -3.9908286796370312e+01, 2.2862438593471238e+03,
       -3.9066194569320476e+02, 2.5718344897603997e+03,
       -3.5375374520210414e+02, 1.4129545507324215e+02,
       -1.9188623202026079e+02, -7.7750145768948482e+02,
       -3.5375374520210408e+02, 1.3291625918084494e+03,
       -9.0167617016096443e+01, -9.3468834833458197e+02,
       -3.9908286796370312e+01, 1.4129545507324221e+02,
       -9.0167617016096472e+01, 3.6262005423298973e+02,
       5.7005487430631329e+03, -8.9171985832055179e+02,
       2.9283003063079796e+03, -7.6601539985350496e+02,
       -1.2971288174753681e+01, -8.9171985832055191e+02,
       1.5206361780141278e+04, 7.9796203414530316e+02,
       -8.6255110991430138e+02, 2.5568638029246532e+02,
       2.9283003063079796e+03, 7.9796203414530294e+02,
       2.2505117251717402e+03, -1.4422466032706188e+02,
       9.4032103304031239e+01, -7.6601539985350496e+02,
       -8.6255110991430161e+02, -1.4422466032706194e+02,
       2.5260992235981580e+03, -1.8673802714456130e+02,
       -1.2971288174753676e+01, 2.5568638029246532e+02,
       9.4032103304031253e+01, -1.8673802714456133e+02,
       4.0130845053490003e+02, 7.5617039912422406e+03,
       -9.5867819437145704e+02, 2.5483206471064705e+03,
       -6.0046398249396736e+02, -3.9607292670144695e+01,
       -9.5867819437145704e+02, 6.6800693493902190e+03,
       2.6496512003130385e+02, 2.2137279640158604e+03,
       -1.8459770800387207e+02, 2.5483206471064705e+03,
       2.6496512003130391e+02, 2.8463743782879028e+03,
       -7.6108310222664272e+01, 8.4198385953613439e+01,
       -6.0046398249396725e+02, 2.2137279640158608e+03,
       -7.6108310222664272e+01, 1.6251368892907174e+03,
       1.1647044565961825e+02, -3.9607292670144695e+01,
       -1.8459770800387213e+02, 8.4198385953613467e+01,
       1.1647044565961825e+02, 1.7529821150135308e+02,
       7.0259384216767485e+03, -6.0789669855249690e+02,
       2.3475732090878737e+03, -4.1251602532222120e+02,
       -8.1754967338096628e+02, -6.0789669855249690e+02,
       4.8300223413695994e+03, -3.0807844639104928e+02,
       -5.4882947722342203e+02, 4.5002673478224843e+01,
       2.3475732090878737e+03, -3.0807844639104945e+02,
       2.7110423879639434e+03, -1.7482555836076654e+02,
       1.4471307698163966e+02, -4.1251602532222108e+02,
       -5.4882947722342226e+02, -1.7482555836076659e+02,
       1.2995026983728608e+03, 1.2570095630991929e+01,
       -8.1754967338096628e+02, 4.5002673478224864e+01,
       1.4471307698163966e+02, 1.2570095630991929e+01,
       2.9313580503570256e+02, 7.5942526826644453e+03,
