%YAML:1.0
means: !!opencv-matrix
   rows: 29
   cols: 8
   dt: d
   data: [ -1.5199304593069584e+02, 1.1619781957519065e+02,
       1.6844850917096679e+01, -5.1057303810021814e+01,
       -2.3963757103635082e+01, -4.9994110959817455e+00,
       -5.4960411190781810e-01, -3.9277966700024697e-01,
       1.7050195977418028e+00, -4.2481288202319355e+01,
       2.0499486659331524e+01, 8.1674829136050899e+00,
       4.0691155539195741e+01, 2.2986120411131333e-01,
       1.3616885474816085e+00, -1.2083556346929325e+00,
       -1.5629996801013655e+02, -3.7716269059738224e+01,
       4.1676206136148267e+01, 7.3757603139678389e+00,
       -1.3015786518966872e+00, 6.4381055669034017e+00,
       1.6022579766203707e-01, 9.1508828021406807e-01,
       1.8879161436126367e+02, 1.6559292324517688e+01,
       -4.8780150455158058e+01, 1.1954944972725439e+01,
       -9.5226110686174472e+00, -6.6274468886497422e+00,
       1.2278344352701174e+00, -3.7812778467744196e-01,
       1.2257554047273861e+02, 7.3454447395819088e+01,
       8.9186898364122025e-01, -1.7504527892126433e+01,
       -1.5083057413038546e+01, -2.2021845228546826e+00,
       -8.3082129644784419e-01, 1.4146042502000948e+00,
       1.1625982792377440e+02, -5.7053175024653612e+01,
       -2.7288266562907090e+01, 4.1556152950773850e+01,
       -2.5366675642773739e+01, 8.6121727616620500e+00,
       8.3187500619296473e-01, -4.8933895977732222e-01,
       -2.0339893355427088e+02, 1.6565810057698709e+01,
       4.8010256983284513e+01, -2.0770451259389020e+01,
       -1.0822696246260913e+01, -6.7513279792600933e+00,
       -3.0616928172915936e-01, 1.1306358398809946e+00,
       1.0108809395959697e+02, 6.3834180557186739e+00,
       -1.7561976539938289e+01, -5.0598041246474406e+00,
       -2.5791615425803540e+00, -1.9555840280364794e+01,
       -8.9452741400217928e+00, 2.0442831527230787e+00,
       -1.7131728090883794e+02, -1.5383129090455498e+02,
       5.2905133951709473e+01, 5.1109466323828450e+01,
       -4.0211141445995345e+01, -1.8554643981623531e+01,
       -5.3076750139927524e+00, -1.8679344167698249e+00,
       -4.1232125529522037e+01, -5.5969669435069616e+00,
       -6.5773644038907960e+01, 1.4952871271170153e+01,
       2.6158547579490442e+01, -3.7220552887933054e+00,
       1.2850117100347935e+00, -6.8415544562307196e-01,
       5.7413921466599707e+00, -2.0165628722333963e+02,
       1.5779741827832810e+01, 7.1294827070591538e+01,
       1.2929538672477648e+01, -2.8836268206553015e+01,
       -1.5959785718808492e+00, -3.1681466543104460e+00,
       1.0139503529194084e+02, -7.0304728726783352e+01,
       -1.0961050067574236e+01, 4.9904355648997829e+01,
       -2.0402408918756398e+00, 2.0365162758889742e+01,
       2.0227079481081174e+00, 7.1428182058590903e-02,
       6.3840962975013236e+00, 9.4198662833134730e+00,
       1.3770029843942337e+01, -7.9121699996949886e+00,
       2.2732852484908982e+01, 4.0453063082018605e+00,
       5.5691159931932266e-01, -8.3277717423335207e-01,
       -1.6561442308147367e+00, 5.9075449125056060e+01,
       -7.4698040680006400e+01, 4.6366892970744971e+00,
       -9.2109796442689547e+00, -3.3030141770426904e+00,
       -5.5510805148337661e-01, 8.4170126489120600e-01,
       -1.4081878258069952e+02, 1.0003156821086299e+02,
       3.4266566080179004e+01, -1.1984506832382234e+01,
       2.7900687482931246e+00, -2.8984771772880324e+00,
       1.3822634320995160e+00, 9.0428707940431508e-01,
       2.9176467138993630e+01, -3.3761503374629847e+01,
       9.1052556312579398e+00, 1.8289174252840937e+01,
       3.2462094227071304e+01, -6.9447823477927972e+00,
       -4.0806446721176104e-01, -1.7318535664699891e-01,
       7.2199443405432078e+01, 1.1795031061513119e+02,
       -3.0295028355199257e+01, -3.3870326322795023e+01,
       -2.5985967114166995e+00, -3.0104901068890402e+00,
       2.0299919675713194e+00, 3.0020628437281392e-02,
       -1.4861798256893999e+02, -6.2983336836644625e+01,
       4.2225047292306741e+01, 2.8259040972105947e+01,
       -1.8855389631756374e+01, 1.4720977081227232e+01,
       -7.2853167936944030e-01, 1.1159959206092835e+00,
       8.3091586879474626e+00, -9.1094937199772843e+01,
       1.9855089499212138e+01, 3.9733166168545111e+01,
       2.2655028595820880e+01, 1.8175915886141745e+01,
       2.0449733522603939e+00, 4.3206545183022228e-02,
       4.5832944800786278e-03, 9.4202701316981418e+01,
       -5.0130839989653717e+00, -3.9222005206527967e+01,
       1.4248571792878199e+01, -3.0668325089550774e+00,
       -9.9065509324658352e-01, 6.1430136408320268e-01,
       9.8922576857348133e+01, -4.6561403184713960e+01,
       -2.1776586691916687e+01, 3.6586471493933473e+01,
       -2.7594690507240028e+01, 2.3878450262346970e+01,
       1.1792773215117471e+00, 1.3577883986574590e+00,
       -1.4619049810621260e+02, -3.2206885794614294e+01,
       1.5664671901838444e+01, -7.2871946142702598e+01,
       2.0830418308176446e+00, -1.7545630388036573e+00,
       -6.4449523810534579e-02, 2.8184406983104088e-01,
       1.1952541041105675e+02, -1.0874827768717230e+02,
       -3.0215159565193456e+01, -2.4037207812516627e+01,
       7.6569177865100080e-01, -2.9526216480962151e+00,
       -7.7482541321779275e-01, -1.1048369261951245e+00,
       1.0435837354947624e+01, -8.9529870771583006e+01,
       6.0316945817412648e+00, 2.4766749414763133e+01,
       -1.0230026140722055e+01, -1.4564924266099068e+01,
       -1.3905369284502314e+00, -3.4201981756995797e-01,
       -2.4855386117007243e+00, 1.4106217450564111e+02,
       -1.9586132842693168e+01, -6.0143674548905857e+01,
       -1.0958177908432985e+01, 3.2837154463899640e+00,
       2.1724763141278980e+00, -4.0993391327339201e-01,
       1.2875642330545944e+02, 2.4498564173054948e+01,
       -1.8952594964544531e+01, 2.1115940305165310e+01,
       4.6600483908444819e+00, -1.1987187794652984e+01,
       -8.1978472640287836e-01, -1.0472089581762489e+00,
       -1.3432859879417552e+02, -5.3491386668309630e+01,
       4.1390759057184859e+01, 5.0191170847136579e+00,
       -2.2414323940485859e+00, -2.1911204393442414e+01,
       -2.5337480279731368e+00, -8.3235159621989685e-01,
       -7.6361232744388431e+01, 1.0075532983310633e+02,
       5.2492031512682029e+00, -5.1711720857825917e+01,
       3.9653068350040050e+00, 5.0273815505672328e+00,
       1.8919648718586581e+00, -1.7899739038626838e-01,
       5.5930124819729080e+01, 3.0976156700981581e+00,
       -4.0920179844035616e+01, -8.3740111395110958e+01,
       -5.3175481429761833e+00, -1.0769559659987893e+00,
       -3.8258931660234147e-01, -1.7002849447184307e+00 ]
