%YAML:1.0
means: !!opencv-matrix
   rows: 33
   cols: 4
   dt: d
   data: [ 3.1692956268918714e+01, -9.8602416467658074e+01,
       -2.3743808236643702e+01, -5.5812334634078987e+01,
       3.0504184519648806e+01, 6.4523242116493762e+01,
       3.8509816033092051e+01, 5.0113864244003651e+01,
       -4.3497405974503046e+01, 1.4076311670017898e+02,
       -7.7779254633553904e+01, 1.7428025269355338e+01,
       2.0492158079054994e+02, 3.1456301054089696e+01,
       5.0651073009069222e+01, 5.6537818028765521e+01,
       -5.6204919915705780e+01, 8.6871009306419268e+01,
       1.0531926166175612e+02, 1.3907575014541433e+01,
       4.3905232830562980e+01, -5.8846478559538120e+01,
       3.8106294960949370e+01, 2.7503234592008110e+00,
       -1.1436166097099897e+02, -5.7923494581307523e+01,
       -4.7968640245480692e+01, -3.8056097018888724e+00,
       -2.4998648495393130e+02, 6.3032637062256647e+01,
       -3.5949270107307363e+01, -1.9914116385434045e+01,
       1.5431530348154558e+01, 2.3157435442923671e+01,
       -5.0592938469718426e+01, -7.0124602210346396e+01,
       1.3285384727880978e+02, 1.3609157612706829e+02,
       3.7757324616937900e+01, -9.6044380214779039e+00,
       -4.4156247530233568e+00, -1.8120734449790379e+02,
       -1.6618691477821759e+00, -5.7603261369651584e+00,
       -1.9387847045906344e+02, -1.6152158546463068e+02,
       2.1561788650148017e+01, -2.9705154641903583e+01,
       1.1137812450312637e+02, 6.3697728562501247e+01,
       -5.4103894845658353e+01, 4.3147473205531433e+01,
       -1.8772939762886331e+01, 2.2152211309644608e+02,
       1.2930449461217503e+01, 2.4949575756544804e+00,
       1.2448770825666401e+02, 2.6550906237899600e+01,
       1.0616343167268392e+01, -7.2108314470300769e+01,
       2.1046903452236617e+02, -6.4891043929843605e+01,
       3.1295170361170289e+01, -2.0044514618930030e+01,
       -8.1184054233231862e+01, 6.7231439137837768e+01,
       -7.9473969743867372e+01, -5.2647896309123425e+01,
       8.2208485679632695e+00, 1.2991065394156021e+02,
       -2.3045363612217916e+01, -2.1812039734811638e+01,
       -4.2027250072026739e+01, 2.2196178260311193e+01,
       7.2050624788055813e+01, -7.7094450481713949e+01,
       2.0427658256430046e+01, -2.5060724989324129e+02,
       6.1039147698566909e+00, 7.2919363969311703e+01,
       -6.8134361780598056e+01, -5.1826932577192629e+01,
       5.7100646729693956e+01, 5.3773088374293110e+00,
       -1.0902404138344060e+02, -8.6772105871217477e+01,
       1.0299651894794374e+02, -7.5463088516198056e+00,
       -3.9194067782906920e+01, -5.5202914497273099e+01,
       -2.0471015753589302e+01, 2.1877607859140017e+01,
       -2.1595409243476561e+02, -4.9751318854442545e+01,
       3.7649500937068240e+01, 3.6596557856034849e+01,
       1.7581565087878238e+02, -1.8225067577933046e+01,
       3.5555872167385427e-01, 3.0428434426324788e+01,
       8.4662497762670228e+01, -2.0092322899969371e+01,
       -2.5341725067884795e+01, 5.8193022393750134e+01,
       -1.7850026465414018e+02, 3.8320051339499976e+01,
       1.8917132353414893e+01, 6.1778391739198611e+01,
       1.0131982311621998e+02, -8.3671233972381884e+00,
       7.3993787802252257e+01, -1.4372753866692896e+01,
       -7.2828315462499219e+01, 4.2097979577338826e+01,
       -3.4281317094745212e+01, 6.6984665614022219e+01,
       -1.5856228616709208e+02, 6.6088108224748741e+00,
       1.6454749025510687e+01, -5.5645347179388651e+01,
       -1.6051948799696262e+02, 1.2627553145705957e+02,
       3.4681281899505343e+01, -3.7046308750438786e+00,
       1.5203927270017965e+02, -1.1427280502573424e+02,
       -1.7658511422707793e+01, -1.8349178913716159e+01,
       5.8301090621966964e+01, -9.5456903433041987e+01,
       -8.5274260207483778e+01, 1.2095947337488559e+01 ]
covs: !!opencv-matrix
   rows: 132
   cols: 4
   dt: d
   data: [ 9.4684540762745219e+03, -5.7053614267865271e+02,
       -3.0854043999502852e+02, 2.1367397913839906e+02,
       -5.7053614267865248e+02, 3.8599440994672987e+03,
       -1.9013261865185981e+02, -1.6380218816430704e+03,
       -3.0854043999502852e+02, -1.9013261865185987e+02,
       2.6315677155481953e+03, -4.8245214298191337e+02,
       2.1367397913839906e+02, -1.6380218816430704e+03,
       -4.8245214298191325e+02, 1.0385172839972297e+03,
       3.0146605819273691e+03, -4.6029375480701827e+02,
       1.1654301653460357e+03, -9.4625288754974889e+01,
       -4.6029375480701833e+02, 4.2454422497459927e+03,
       -5.4320634082403615e+02, -1.4008674283488763e+03,
       1.1654301653460357e+03, -5.4320634082403615e+02,
       1.3127470962827745e+03, 6.2324573855115474e+01,
       -9.4625288754974918e+01, -1.4008674283488763e+03,
       6.2324573855115474e+01, 1.0698904010726501e+03,
       5.5889284939742511e+03, -2.1950973584678950e+03,
       -1.2038927955938943e+03, 1.0945464511151336e+03,
       -2.1950973584678950e+03, 5.2240805977416057e+03,
       3.7941294289582027e+02, -9.9143925217577333e+00,
       -1.2038927955938943e+03, 3.7941294289582032e+02,
       6.7109943962893669e+02, -1.2988442494556364e+02,
       1.0945464511151336e+03, -9.9143925217577493e+00,
       -1.2988442494556358e+02, 8.8766582620617748e+02,
       3.9940167882539058e+03, 1.4009800279458984e+03,
       -7.6411079752197998e+02, -2.8375603311372026e+02,
       1.4009800279458984e+03, 2.5843928126903820e+03,
       -3.1921295357366120e+02, 1.1380992384631909e+02,
       -7.6411079752198009e+02, -3.1921295357366120e+02,
       4.8121903197357290e+02, 2.0156140278989204e+02,
       -2.8375603311372032e+02, 1.1380992384631907e+02,
       2.0156140278989204e+02, 5.7170231628144575e+02,
       2.9904038271084009e+03, 4.0232558598476567e+02,
       -2.8120405116028968e+02, -3.2855187266372872e+02,
       4.0232558598476578e+02, 5.4685209852091639e+03,
       -5.1524708834435728e+02, -1.4787724045130881e+03,
       -2.8120405116028968e+02, -5.1524708834435717e+02,
       4.8413356828632521e+02, 3.5823140253196357e+02,
       -3.2855187266372872e+02, -1.4787724045130881e+03,
       3.5823140253196357e+02, 1.2916029927118423e+03,
       1.7036222822894415e+03, -4.9350982404183009e+02,
       5.3527697503527077e+02, -3.0460704275053115e+02,
       -4.9350982404183009e+02, 5.2181571961789523e+03,
       -1.3454709110997865e+02, -1.6933435131520403e+02,
       5.3527697503527077e+02, -1.3454709110997860e+02,
       6.4377592760361949e+02, 3.0820708923924610e+02,
       -3.0460704275053115e+02, -1.6933435131520400e+02,
       3.0820708923924610e+02, 1.9510782938853631e+03,
       8.0084340711028444e+03, 2.3542171299931933e+03,
       -1.6697219776546003e+03, -1.0764621209383376e+03,
       2.3542171299931933e+03, 3.4712467513557194e+03,
       -2.4892435897162878e+02, 4.0243020918361492e+02,
       -1.6697219776546003e+03, -2.4892435897162872e+02,
       1.0245221307493489e+03, 4.8954070840227848e+02,
       -1.0764621209383381e+03, 4.0243020918361481e+02,
       4.8954070840227848e+02, 9.5593863431239117e+02,
       3.0167019682024847e+03, 1.2132659240427856e+03,
       -3.7810524441934359e+02, -4.3352827748421970e+02,
       1.2132659240427856e+03, 7.8414875407699110e+03,
       -3.5607292416735976e+02, 1.5367645580520623e+03,
       -3.7810524441934359e+02, -3.5607292416735976e+02,
       6.5284338254211150e+02, 6.4657349909586333e+02,
       -4.3352827748421970e+02, 1.5367645580520623e+03,
       6.4657349909586333e+02, 1.4896695674646048e+03,
       4.6999478835447535e+03, -4.3000817516589603e+02,
       8.0996174592269469e+01, 7.4167255348556625e+02,
       -4.3000817516589609e+02, 1.9114915260744933e+03,
       2.9744582544440789e+02, -2.0855068792757982e+02,
       8.0996174592269412e+01, 2.9744582544440789e+02,
       1.5147306866515651e+03, -3.7960628716340534e+02,
       7.4167255348556625e+02, -2.0855068792757982e+02,
       -3.7960628716340534e+02, 1.0406257719945781e+03,
       6.1756485993634651e+03, -3.4771234351818634e+02,
       -5.4086161552897909e+02, 1.4155978060118646e+03,
