%YAML:1.0
means: !!opencv-matrix
   rows: 35
   cols: 1
   dt: d
   data: [ 2.6041093678742491e+00, -2.2409076765541053e+02,
       1.7172789578726469e+02, -1.3418931598164116e+02,
       9.4056077025173039e+01, -6.3383288418318152e+01,
       -3.4094501330207532e+02, 2.1625682969610398e+02,
       4.2595323292533820e+01, -2.8503770205696444e+01,
       -2.6551394570089047e+02, 1.2241674940903057e+02,
       -1.2705624372874444e+01, -1.8584592232805829e+02,
       2.7457695817756257e+02, 2.4234742636225576e+02,
       -8.1128041679048863e+01, -9.8502365713312088e+01,
       6.8402623540399901e+01, 1.3817837987773129e+02,
       -2.4476550255304264e+02, 8.1338669605865533e+01,
       -3.1118757740992970e+02, 1.5969393599311038e+01,
       1.9208602375283283e+02, -1.5102686418718611e+02,
       1.0756305098099669e+02, -1.6750300841982855e+02,
       -2.8625648841209033e+02, 5.5177298325500615e+01,
       -1.1628463431280350e+02, -2.0499916917171501e+02,
       1.5407628918622001e+02, 2.9203778024898316e+01,
       -4.5237543037009758e+01 ]
covs: !!opencv-matrix
   rows: 35
   cols: 1
   dt: d
   data: [ 5.2550642522085866e+01, 9.4311794835870501e+01,
       8.2188104964186763e+01, 6.7869950124951615e+01,
       4.2495544220286511e+01, 7.5030940710857124e+01,
       6.3894751620566024e+02, 1.2996964991725969e+02,
       3.7319767735493571e+01, 6.1486779205652475e+01,
       1.0482632201543326e+02, 5.2101136885315881e+01,
       5.5743462998292834e+01, 8.8573907135358411e+01,
       5.7610071293855765e+02, 2.3170518310090492e+02,
       7.8023705634576615e+01, 7.5907503363749697e+01,
       4.0305495536105177e+01, 5.5692177518871716e+01,
       1.0759135829263451e+02, 3.9455109061413516e+01,
       2.0582138203204585e+02, 4.5336911268758008e+01,
       9.8315744675707919e+01, 7.0483461037743638e+01,
       4.9203590527407037e+01, 8.4702441537733748e+01,
       1.1209117274763696e+02, 4.0134427126184413e+01,
       7.1368225069463662e+01, 8.9959900918242298e+01,
       6.5080416980422740e+01, 3.9693391836871626e+01,
       7.0959698846811293e+01 ]
weights: !!opencv-matrix
   rows: 1
   cols: 35
   dt: d
   data: [ 3.9422133532433422e-02, 1.9166806039539516e-02,
       3.1335295345358671e-02, 2.7508465882946451e-02,
       3.7799749026339258e-02, 3.9369438418333152e-02,
       5.5484120571666984e-03, 1.8499001789637488e-02,
       3.8328397508564031e-02, 3.9735205621379992e-02,
       1.2956627811468889e-02, 3.7575857883391219e-02,
       4.2255276256926419e-02, 2.2722193612086085e-02,
       8.5401064294653092e-03, 1.4605200511486874e-02,
       3.4853178435424612e-02, 3.4516360774632139e-02,
       4.1074987906578528e-02, 3.2960691126899019e-02,
       1.6703640897441051e-02, 3.6347713473468560e-02,
       8.1988645604855800e-03, 3.7349789356387254e-02,
       2.8463697588237646e-02, 2.3862211011142307e-02,
       3.9562865588839410e-02, 2.1837424563401740e-02,
       9.7602336546040464e-03, 3.8992069064713954e-02,
       3.1367457250861840e-02, 2.0139365810685057e-02,
       3.3145364513366846e-02, 3.7136583319661499e-02,
       3.8359333376634108e-02 ]
pca_proj: !!opencv-matrix
   rows: 1
   cols: 21
   dt: f
   data: [ 4.36961316e-02, 8.50134730e-01, 1.73015636e-04,
       6.54514134e-02, 4.60692108e-01, 2.29939164e-04, 7.67599978e-03,
       1.46649793e-01, -1.37564148e-05, 1.21663406e-03, 1.30500361e-01,
       -5.45994153e-05, 8.06188770e-03, 1.42052382e-01, -2.12945142e-05,
       -2.45414903e-05, 9.56867734e-06, -1.94090262e-06, 3.13729906e-05,
       4.34020360e-04, 2.32224409e-07 ]
pca_mean: !!opencv-matrix
   rows: 1
   cols: 21
   dt: f
   data: [ 2.07625534e+02, 2.55653595e+02, 1.54502928e+00,
       2.18915131e+02, 2.60592743e+02, 1.67241716e+00, 2.65274475e+02,
       2.24016678e+02, 1.71669352e+00, 3.19420807e+02, 1.63929108e+02,
       1.75046074e+00, 3.16613464e+02, 2.25532654e+02, 1.70717156e+00,
       1.08872897e-04, -9.74175637e-05, 6.24380555e-05, -2.17504916e-04,
       -2.50119597e-01, 1.75055194e+00 ]
gamma: !!opencv-matrix
   rows: 35
   cols: 1
   dt: d
   data: [ 7.7184429357372464e-01, 8.7653541241159394e-01,
       8.5443916254835062e-01, 8.3339430315692720e-01,
       8.0983189862761862e-01, 7.9182757009133398e-01,
       9.1368997406323682e-01, 8.7456351291113710e-01,
       7.8130981020460921e-01, 7.7631486326659493e-01,
       8.9086235290159232e-01, 8.2719166187210702e-01,
       7.7268653544338051e-01, 8.6043974115023114e-01,
       8.9804151395605991e-01, 8.8512654853458061e-01,
       8.0197473066020597e-01, 8.1235799776073825e-01,
       7.9450802631047202e-01, 8.3635219032313657e-01,
       8.8413947365319412e-01, 8.0204723914109888e-01,
       9.0424381896853445e-01, 7.7312389378658997e-01,
       8.6412692819485815e-01, 8.4278688100720422e-01,
       8.1822768183760164e-01, 8.5157940212144223e-01,
       8.9701667579339583e-01, 7.8735012061762899e-01,
       8.2298667592416752e-01, 8.6886277627755248e-01,
       8.4519443672690764e-01, 7.7631982114941034e-01,
       7.8280415082359112e-01 ]
