%YAML:1.0
means: !!opencv-matrix
   rows: 37
   cols: 9
   dt: d
   data: [ 1.9113633670236138e+02, 1.2816545795507864e+01,
       -5.0176720333798947e+01, 1.4075167096564858e+01,
       -9.7778503663174874e+00, -7.0295467494592927e+00,
       1.1150113017554362e+00, -5.3838386811075356e-01,
       -9.3027064421229222e-01, 6.4780878890654545e+00,
       -1.2931235077091102e+01, -6.2869028327637695e+00,
       4.6031032201542557e+00, -8.9050350843444672e+00,
       -9.0777305982344370e+00, 3.6203947567340533e-01,
       -3.8277085936441091e-01, -1.1886552319412373e+00,
       6.6916922196334525e+01, 1.1321458534418643e+02,
       -3.7299970538613898e+01, -4.0096390137105914e+01,
       -4.7266772481385235e+00, -1.0467801196090252e+00,
       2.3367953583213454e+00, 1.4971708522408517e-01,
       -5.0365610327790211e-01, 9.9455829966693358e+01,
       -4.6851022021728326e+01, -2.1656362633424148e+01,
       3.6420191269797321e+01, -2.7528762242118344e+01,
       2.3677560556508585e+01, 1.2087988146899089e+00,
       1.3399470508355567e+00, 5.2593438023411399e-01,
       -1.1571689559648339e+00, -1.1601982308086180e+02,
       2.2486703043959551e+01, 5.0880616288545127e+01,
       2.3406649278959581e+01, 8.7742460661235739e+00,
       1.4160042125290195e+00, -8.8392019655596343e-01,
       -4.4573551092752639e-01, -1.4194523857480075e+02,
       -1.0815016779086649e+01, 3.3363313205990302e+01,
       -1.6987672721607154e+01, -4.4091833844519384e+00,
       -2.7485443962713003e+01, -8.0172111178731065e-01,
       2.9902710104505337e-01, -2.7122712329819136e+00,
       1.2653106924769178e+02, 2.3491283115948892e+01,
       -2.8292055538960170e+01, -1.2659847612716081e+01,
       -9.9887202330506870e+00, -1.3370489885420191e+01,
       -1.2819135759703569e+01, 9.8582751747020803e-01,
       8.0541752731113601e+00, -1.6286605543914399e+02,
       5.8733409635963760e+01, 2.5523953680131029e+01,
       -4.1021906351166812e+01, -2.2738584050365693e+00,
       -7.6341840047536937e+00, 7.1763434715410315e-02,
       -5.2373304092619685e-02, 1.3593540812042872e+00,
       -1.7301449216479969e+02, 5.9548991915198279e+01,
       5.1193093211188454e+01, 1.0889081800030358e+01,
       -4.0471133782855730e+00, 1.6059025102479868e-01,
       9.3073599126388884e-01, 1.2659503072094558e+00,
       -9.6165118927809123e-01, 7.5375191818596988e+01,
       -1.0428422150729072e+02, -2.5141293805710728e+01,
       -3.7978561174185579e+01, 1.7263189171703669e+01,
       -3.6049614418803688e-01, 4.8018357513703330e-01,
       -8.6904867749698422e-01, -6.9192885141890126e-01,
       7.4416901575837912e+01, 3.4319512045084572e+01,
       -6.6388211420556956e+01, 8.8525365798078166e+00,
       -5.9859595317523642e+00, -5.1745689210864958e+00,
       -1.1093565645613177e+00, -3.7521015523754492e-01,
       -4.9821337212038042e-01, 7.7040722799895462e+01,
       1.2046917184348182e+01, -1.1452029115652142e+01,
       2.1712349129811528e+01, 1.7022706571718292e+01,
       -1.0287201241515318e+01, -3.8874346784816038e-01,
       -8.9827519405418854e-01, -8.2069915247450087e-01,
       -5.2432347737172140e+00, 1.4042541276467810e+02,
       -1.8667868232631328e+01, -6.2107779537890700e+01,
       -1.1628187667507806e+01, 3.5556570545887749e+00,
       1.9128990475376115e+00, -5.5709664928707481e-01,
       6.9402620565346615e-02, 1.2865904790971618e+02,
       4.4190543513043657e+01, -4.0685801571267994e+01,
       -4.0877377622395956e+00, -1.9584626336969500e+01,
       -1.0232604124535909e+01, -1.9205571567777047e+00,
       2.0287905301876425e+00, -8.8391684781387170e-01,
       -1.3353087671511693e+02, -6.4401114668549184e+01,
       4.1741245532826348e+01, 2.5391894463922750e+01,
       -1.0079781328551254e+01, 2.0991928280181632e+01,
       -6.5213680656508091e+00, 4.9168301423041327e-01,
       5.5730485737583759e+00, -9.8306491463331298e+00,
       1.1556591190812284e+02, 1.9797068953168615e+01,
       -2.9482356955750731e+01, 1.9301655081575340e+01,
       -2.7005811335964930e-01, -1.2802865003421886e+01,
       2.5736023940713051e+00, 6.1626591222576579e+00,
       -8.0486415960243932e+01, 9.8242943587669430e+01,
       6.8366948450686822e+00, -4.8317636583244109e+01,
       6.0897191151569832e+00, 6.0110586647678650e+00,
       1.7999833521329511e+00, 2.9560980099704818e-02,
       -1.9262030817151043e-01, -1.7793933837983749e+02,
       -6.6014138954306176e+01, 4.7971398759642305e+01,
       2.3093082636937137e+01, -2.3863198406910566e+01,
       7.7846697268232896e+00, -5.8879747531630489e-01,
       1.1206514081293915e+00, -8.3194393978083125e-01,
       1.8421688006137109e+02, 3.5754024528729325e+01,
       1.7871988185785327e+01, -1.7516128751352234e+01,
       -1.0208449302893337e+01, -4.6825203469395671e+00,
       -1.5777022196877701e+00, -5.5338720657648055e-01,
       -7.4689725578889732e-01, 1.0696205959805818e+02,
       -5.8087385871516865e+01, -2.5293039965438574e+01,
       4.3029802594301607e+01, -2.6081573434710474e+01,
       1.0758206189093446e+01, 8.8434217861100683e-01,
       -5.3571740588576211e-01, -4.1854200016058873e-01,
       -1.6331273428021481e+02, -6.7187658471526973e+01,
       2.9223299353221645e+01, -4.8706245964585705e+01,
       -2.4741890814671934e+00, 1.1201199748637309e+00,
       1.7232447039639912e-01, 1.3886697071416381e+00,
       -1.2670860251123901e+00, -1.0967785760465327e+02,
       1.3713334758602943e+02, 1.6398813125196139e+00,
       -6.1582171030204705e+01, -2.0768839956528829e+01,
       -6.7778554013528747e-01, 1.4000398672851464e+00,
       -1.8630586119667334e+00, -6.5916647792406791e-01,
       -1.6886599665789370e+02, 1.0458584560285023e+02,
       2.3679450797466956e+01, -4.6254105370026032e+01,
       -2.3287743848878758e+01, -6.2022977460858497e+00,
       -1.3403538395478625e+00, 5.7932612758188806e-01,
       -6.1473680647194973e-01, 1.4247380360180808e+01,
       -2.3770570419880906e+02, 9.1473397286761973e+00,
       7.5697737678830393e+01, -9.9211745550399133e-01,
       -3.1782651265351671e+01, -3.2997856790794806e+00,
       -1.2207295355304386e+00, 4.4851170197093632e-01,
       -2.0517185757997024e+02, -5.5115632619709402e+01,
       4.0770620052518758e+01, 2.6230862999801010e+00,
       -3.8694637932847828e+00, -2.0355820285672239e+00,
       -2.8778151656461688e+00, -5.0094422436314490e-01,
       4.5117218253028408e+00, -1.7317382774660433e+02,
       -1.5513360937730192e+02, 5.2384285946937794e+01,
       5.1306596329233194e+01, -4.0312522981244499e+01,
       -1.9049753080841402e+01, -5.5633039832799112e+00,
       -1.8463332952847109e+00, -1.6476721431850370e+00,
       3.1166352011942999e+00, -7.1679433049667153e+01,
       1.7103978000656021e+01, 2.9431995254703118e+01,
       1.1530011241314346e+01, -4.7232297245378979e-01,
       -9.5032375155310167e-01, 3.6339681086115188e+00,
       5.2029733559215865e+00, 5.1497277188145070e+00,
       8.9896668212277632e+01, -1.0293593863762865e+01,
       -4.2937876745260979e+01, 1.2303297554269088e+01,
       -3.4740153439478525e+00, 1.4784074930496871e+00,
       -3.9533999353479024e-02, -3.7216812536092592e-01,
       -3.1073417438164956e+01, -2.8570276469618840e+01,
       2.1628947999801230e+01, -4.5920785331953455e+00,
       3.1563103129141204e+01, 2.3954339677446459e+00,
       -4.5149914952682062e+00, 5.3788242469602754e-01,
       7.6342428855103872e+00, -4.5812084667315593e+00,
       6.6578193948937368e+01, -2.8603498140715877e+00,
       -3.2972498885754703e+01, -7.7450766399701942e-02,
       -4.4815755324805693e+00, -4.7729725664426237e+00,
       1.6640435278914512e+00, 5.3627454396079512e+00,
       1.7748798278762518e+01, 2.5592016196857093e+00,
       -1.3762906385344714e+01, -2.8383797670539177e+01,
       -5.8534379701294368e+00, -2.1506552611528132e+01,
       -3.1209517680571977e+00, 2.1293203784841372e+00,
       5.4243801420208477e+00, 3.2577755534945161e+00,
       9.4568156864885076e+00, 1.0379355757926628e+01,
