%YAML:1.0
means: !!opencv-matrix
   rows: 25
   cols: 3
   dt: d
   data: [ 1.4117262778625761e+02, -1.2518068496382789e+02,
       3.2309956490284435e+01, 1.1007847499582712e+02,
       1.3391390148169964e+02, 2.3256565482838024e+01,
       -6.8453776697892650e+01, -1.6501803873235971e+01,
       -1.9722664440285904e+01, 8.6041285954664019e+01,
       5.3179786224450620e-01, -2.9170362104587845e+01,
       -1.5902621438654174e+00, 1.5503695222393750e+02,
       -3.3936976758546223e+01, -2.7375379703770926e+02,
       7.0936857653557936e+01, -1.2277065194933860e+01,
       -2.0914375156834456e+02, -1.1971133288418078e+02,
       -2.3629015787935995e+01, 8.6215563260687347e+01,
       9.6047710498741679e+01, -4.6617399203613608e+01,
       2.9527742819014254e+01, -5.5614548258923193e+01,
       -8.2823009158270878e+01, 9.9593328604197438e+01,
       -8.2996821065184378e+01, -2.2654902778386564e+01,
       1.8044282115792348e+02, 3.6608089153583814e+00,
       5.4756020081471519e+01, 1.3468747942449932e+02,
       -5.4395835437390907e+01, 5.1521820734163668e+01,
       -1.1103773351582582e+02, -8.2410046884977916e+01,
       4.6689737566491431e+01, 1.6404512324543429e+01,
       -3.2583939617279427e+01, 3.6875345156390345e+01,
       1.8485846109125571e+01, 8.9659438649939389e+01,
       2.3715919206774679e+01, -9.3660572859943002e+01,
       5.0516767962995488e+01, -5.1673790241752201e+01,
       -6.1904412929510293e+01, -9.1306910191440398e+00,
       1.0008082003034094e+02, -1.7729343091516003e+02,
       9.8115469357166674e+01, 5.9348892291146733e+01,
       1.6609906080094041e+02, 7.4384115000538642e+01,
       1.4404838011525561e+01, 8.1761031358372396e+00,
       3.9282709367548293e+01, -9.3107143425854332e+01,
       -7.3158916398740232e+01, -1.3842507241108618e+02,
       -5.0652722835716880e+01, 1.1215191491449156e+02,
       2.8338489383324152e+01, 4.2844509015383437e+01,
       -2.0588680138810949e+02, 9.7482401589430268e+00,
       -2.3988113498573227e+01, 1.2669903190027281e+01,
       -1.5358481785774353e+02, 9.5584902168051844e+00,
       -1.4298325605072867e+02, 2.4430108504494473e+01,
       4.5383081354851335e+01 ]
covs: !!opencv-matrix
   rows: 75
   cols: 3
   dt: d
   data: [ 3.7910304610893231e+03, 1.3882174773562892e+03,
       -7.2936478595719882e+02, 1.3882174773562895e+03,
       3.7675734021219159e+03, -7.3824607218946699e+02,
       -7.2936478595719905e+02, -7.3824607218946699e+02,
       6.0483874745810317e+02, 2.1829338418042548e+03,
       -1.1062479177893122e+03, 1.7344133095188593e+02,
       -1.1062479177893122e+03, 5.4372704743223212e+03,
       4.5380319613382596e+02, 1.7344133095188599e+02,
       4.5380319613382591e+02, 7.1924192189924236e+02,
       2.5625309660406106e+03, 9.4141459858882467e+02,
       5.0795547585676468e+02, 9.4141459858882467e+02,
       4.5962928399523707e+03, 6.5782321482211717e+02,
       5.0795547585676468e+02, 6.5782321482211705e+02,
       8.4757403286460203e+02, 3.6148704005211930e+03,
       -6.7270313278187501e+01, 5.3722622606734080e+02,
       -6.7270313278187473e+01, 2.2497137772161341e+03,
       -3.2416518754700371e+02, 5.3722622606734080e+02,
       -3.2416518754700371e+02, 1.1802815641918057e+03,
       3.3857998907212832e+03, -7.7222061297445157e+02,
       7.5932657478864917e+02, -7.7222061297445157e+02,
       4.2938762858708942e+03, -5.6216598986993870e+02,
       7.5932657478864917e+02, -5.6216598986993870e+02,
       9.1845319485431617e+02, 2.0968030192960409e+03,
       8.0646824901272851e+02, 4.3600394574802812e+02,
       8.0646824901272862e+02, 7.7778855082425080e+03,
       -3.8983818859639520e+01, 4.3600394574802812e+02,
       -3.8983818859639513e+01, 4.0985537690349730e+02,
       2.0698043912964504e+03, 6.3141083151670989e+02,
       5.1649989439019828e+02, 6.3141083151670989e+02,
       4.3687111118829589e+03, 3.0488834070030731e+02,
       5.1649989439019828e+02, 3.0488834070030737e+02,
       5.1901505367063749e+02, 3.9843946746634647e+03,
       -5.7356996563036617e+01, 6.9420670523379852e+02,
       -5.7356996563036617e+01, 1.4163585667681575e+03,
       -9.6991340417395520e+01, 6.9420670523379852e+02,
       -9.6991340417395534e+01, 1.1194228608817077e+03,
       2.8330007987417275e+03, 5.3431055551935879e+02,
       -1.0320647292596543e+02, 5.3431055551935901e+02,
       3.0995144029381031e+03, 4.7878011352834631e+02,
       -1.0320647292596540e+02, 4.7878011352834631e+02,
       6.8790288874261284e+02, 3.7590035835712888e+03,
       -8.7264019239761183e+01, 6.1275372650073950e+02,
       -8.7264019239761140e+01, 2.4215375760721172e+03,
       5.4090684560612779e+01, 6.1275372650073950e+02,
       5.4090684560612765e+01, 1.1162106504664423e+03,
       3.7997726354401580e+03, -3.4822664524027994e+02,
       -1.0528202169344456e+03, -3.4822664524027994e+02,
       7.9864055672976610e+03, 2.3723332546643891e+02,
       -1.0528202169344456e+03, 2.3723332546643891e+02,
       4.0064318922409353e+02, 3.4925011223363026e+03,
       6.9224799942274910e+02, -1.3395723029074793e+03,
       6.9224799942274910e+02, 2.8325254599686523e+03,
       -2.8141418595849262e+02, -1.3395723029074793e+03,
       -2.8141418595849262e+02, 7.9410503487210360e+02,
       3.8116598119347418e+03, 3.4595511356689451e+02,
       9.7381311019506575e+02, 3.4595511356689451e+02,
       5.9535900127409650e+03, -2.4562176802756294e+01,
       9.7381311019506575e+02, -2.4562176802756294e+01,
       8.8376763622502995e+02, 2.0504674497231663e+03,
       1.3125091555936163e+02, 7.8009244425742577e+02,
       1.3125091555936160e+02, 3.6669754889787623e+03,
       3.0688608180030377e+02, 7.8009244425742577e+02,
       3.0688608180030377e+02, 9.2793872155102963e+02,
       2.7185146881117471e+03, 1.1230416184384916e+02,
       1.6721796446174878e+03, 1.1230416184384919e+02,
       4.4960120391503397e+03, 1.4635711478044959e+02,
       1.6721796446174878e+03, 1.4635711478044959e+02,
       1.3134010437902916e+03, 1.5153068948832999e+03,
       9.8938624979485064e+02, 2.4730358614284671e+02,
       9.8938624979485064e+02, 7.4775275083246943e+03,
       3.4197969032924681e+02, 2.4730358614284665e+02,
       3.4197969032924681e+02, 2.9888039383029388e+02,
       2.8932150223309986e+03, -7.6665191525897535e+02,
       -3.3989489544716452e+02, -7.6665191525897546e+02,
       1.0767602730938686e+04, 3.0575142323115654e+02,
       -3.3989489544716457e+02, 3.0575142323115671e+02,
       2.8123132000724837e+02, 2.6252413481860413e+03,
       5.0227721078226108e+02, 1.2162594791603810e+03,
       5.0227721078226119e+02, 5.0504878054903202e+03,
       -2.0768037144300598e+02, 1.2162594791603810e+03,
       -2.0768037144300604e+02, 1.0937592205169665e+03,
       3.5210963705642962e+03, 4.2255355179736853e+01,
       1.5592113674254105e+02, 4.2255355179736867e+01,
       2.1678160904184056e+03, 5.3205450752223404e+00,
       1.5592113674254105e+02, 5.3205450752223538e+00,
       4.7533059550541077e+02, 2.4659748629107494e+03,
       7.0027964920852810e+02, -5.2199138874144717e+02,
       7.0027964920852810e+02, 4.2953452599382790e+03,
       2.2291694063927007e+01, -5.2199138874144717e+02,
       2.2291694063927007e+01, 5.1913051596825642e+02,
       3.6942078946539109e+03, 1.0793692619889836e+02,
       -1.5608278752328593e+02, 1.0793692619889835e+02,
       3.4499021916590759e+03, 5.3313109799769404e+02,
       -1.5608278752328593e+02, 5.3313109799769404e+02,
       8.2062856603427485e+02, 2.9106522966513558e+03,
       3.9996891885717304e+02, -8.3253109573627853e+02,
       3.9996891885717304e+02, 4.0880162827209583e+03,
       7.1318532585187495e+02, -8.3253109573627864e+02,
       7.1318532585187495e+02, 8.6303418702080796e+02,
       3.6130285042974469e+03, 1.8430137683142477e+03,
       1.5703230317946003e+02, 1.8430137683142482e+03,
       5.7634854967245128e+03, -8.7386908216000393e+01,
       1.5703230317946000e+02, -8.7386908216000393e+01,
       3.8332206427519861e+02, 3.4397885483642717e+03,
