%YAML:1.0
means: !!opencv-matrix
   rows: 23
   cols: 9
   dt: d
   data: [ 3.7138570515391480e+00, -5.3379615798247052e+01,
       1.6420688179360479e+01, -5.0642273730275367e+00,
       2.8751795747835789e+01, 7.7181804730722385e+00,
       1.7520624563056788e+00, -1.1329372886000311e+00,
       9.4681295850439925e-02, -1.8411573810978408e+02,
       1.0983437980938541e+01, 2.8364097134953738e+01,
       -3.0189481279214736e+01, 1.6496784865625620e+00,
       -1.1378211086827665e+01, -9.8663592716064075e-01,
       -4.2319376018061572e-01, 3.5452706758693830e+00,
       2.7818446378300496e+01, 1.3432552910212550e+02,
       -2.4675335400939904e+01, -5.4751996675622109e+01,
       -9.2304541055821208e+00, 2.6345080304409709e+00,
       2.5086632744043831e+00, 2.4988839792578146e-01,
       -6.3525057179226269e-02, 3.8012782626849408e+01,
       2.0989009545943272e+01, -3.6871382036462506e+00,
       -1.5794868607715498e+01, 5.3819173110890883e+00,
       -1.0557453762140216e+01, -8.0128770654856094e+00,
       2.6618940093857950e+00, 6.7041885643075307e+00,
       1.9261548088797619e+02, 1.3755038167080196e+01,
       -4.9168932754882569e+01, 1.3357250956337269e+01,
       -1.0221771637412589e+01, -7.0500906745786365e+00,
       1.0477616610925440e+00, -4.6425710366935818e-01,
       -9.3806128376632136e-01, 4.5290995576873712e+01,
       -8.0948176361151056e+01, 2.6557234526622739e+00,
       4.3636072737560738e+01, 5.4713820562587063e+00,
       2.4575496547013529e+01, 2.4500751638400375e+00,
       2.8551657093741900e-01, 9.9263341856597881e-02,
       -1.1600661955699884e+02, 1.2928658860992022e+02,
       7.7985305971162546e+00, -5.5882408391642727e+01,
       -1.6820726254993467e+01, -9.9931969810306853e-01,
       4.9976568380439101e-01, -5.2191437511847094e-01,
       -5.0761811160550530e-01, 1.6607812449121333e+00,
       -1.9537065233242592e+02, 1.5385994437943344e+01,
       6.7720711405750492e+01, 1.1076258191279067e+01,
       -2.1531923170542086e+01, -1.8276377532874510e+00,
       -1.0126314140970645e+00, 2.0154666863480072e-01,
       -2.0732408517394468e+01, -2.4222322736067277e+01,
       -5.8328685088593673e+01, 1.8239482810276527e+01,
       2.6050129868763168e+01, -4.1654720696017806e+00,
       9.6778194554883135e-01, -5.4776501528803201e-01,
       -6.6351391184013053e-01, -1.4768347458642833e+02,
       -6.0370509989201040e+01, 4.1930951434851274e+01,
       2.6821212880416489e+01, -1.8399108573755850e+01,
       1.4874020028594947e+01, 4.9746036067548505e-01,
       1.3405135006082569e+00, -4.6370223178233599e-01,
       9.9508008882274666e+01, -4.4970904401728177e+01,
       -2.1892220943852074e+01, 3.6741366516852793e+01,
       -2.7548743876836927e+01, 2.3432818361190900e+01,
       1.1049933268484913e+00, 1.2931049803789092e+00,
       4.9445201880368495e-01, 1.3266557414014733e+02,
       -6.5156861363483571e+00, -3.8506930808952916e+01,
       1.6908253875862354e+01, -1.9440955590723991e+01,
       -3.2684062274027506e+00, -7.2750289227932352e-01,
       9.1588325539107629e-01, -7.3317991276175176e-01,
       5.6422544234744073e+01, 3.2358696053583834e+01,
       -7.7021726808295483e+00, -1.0238630153777819e+01,
       -1.5686414906408949e+01, 5.7955019419137823e+00,
       1.1427296206547390e+00, 7.9445047553759596e-01,
       -4.3109927566498657e-01, -1.5094887159571456e+02,
       -2.6189996507165699e+01, 4.2749496836555963e+01,
       1.1266993483629193e+00, -4.3752573822123059e-01,
       6.0226211444688067e+00, 7.0953940750606448e-01,
       1.0239953147618459e+00, -7.2280529519031078e-01,
       -1.7494460556593609e+02, -1.2406190523712935e+02,
       4.9128789390957770e+01, 4.0279597398756181e+01,
       -3.0137210412827454e+01, -8.7731703510407435e+00,
       -5.3882321018976418e+00, -1.1982382180752953e+00,
       6.9257292768777756e-01, -1.5071751073690484e+01,
       6.9746192436844296e+01, 2.6540368538147607e+01,
       4.9918310292941641e+01, 3.1476498501294241e+01,
       4.0670828781845350e+00, 3.4636679245967134e-01,
       -3.3284645744061891e-01, -8.9537381244032252e-02,
       -1.8080151862679930e+01, 5.3265613663309415e+00,
       -9.7312815773690513e+00, -3.2361473733227278e+01,
       -1.9472482754250379e+01, -1.0700477688088572e+01,
       7.8610758089995680e-01, -3.2201304260176213e+00,
       4.8769402495980119e+00, -3.7002025607572648e+01,
       -5.0195376023482346e+01, 8.6722718084041848e+00,
       1.1517770240727824e+01, -6.8522997200121694e+00,
       -1.7078145442462908e+01, -8.1767729909928155e-01,
       -4.8683097877977438e-01, -1.6205135208858557e+00,
       5.2653797424450715e+01, 1.0219910755457965e+02,
       -3.1416657182099293e+01, -3.8800449423332928e+01,
       -7.9791293445164797e+00, 8.0224298507715328e-02,
       8.3881474644823451e-01, -8.7088190506619978e-01,
       -3.7082196600997408e-01, 1.4259617361135182e+02,
       -3.6982185447316138e+00, -3.7960163148375123e+01,
       1.5717404702124972e+01, -3.9245555065645226e+00,
       -1.3031184523633051e+01, -2.3688994873334610e+00,
       -1.4598269697002813e+00, -9.9083538915103742e-01,
       9.9872858546440767e+01, -1.3276900209525966e+01,
       1.0260366420261171e+01, 9.5260133451915852e-01,
       1.7280437703166072e+01, -7.2751265474435458e+00,
       -1.5627587690635458e-01, -7.9930015170004753e-01,
       -7.7982525312742834e-01, -4.6843598349957754e+00,
       8.8588202585005618e+01, -8.4301695830226855e+00,
       -4.3806405834370103e+01, 1.1884910891647703e+01,
       -2.0529572856641227e+00, 1.4416863839255916e+00,
       -2.2199955888599904e-01, -2.7733125680224624e-01,
       -1.5862347926118136e+02, 5.7017402202685346e+01,
       3.2289508727303947e+01, -3.3704472467035217e+01,
       -2.9462177301422412e+00, 7.4848191979964929e-01,
       6.3755952638297708e-01, 1.1968673769877416e+00,
       -8.5628054386857400e-01 ]
