%YAML:1.0
means: !!opencv-matrix
   rows: 12
   cols: 16
   dt: d
   data: [ -1.9048847105270153e+02, 6.9210490435155080e+01,
       4.1752872516739806e+01, -3.9812871098232485e+01,
       -1.8948863761026402e+01, 8.0194899959286392e+00,
       -1.7236001647196513e+00, 1.7456859774025668e+00,
       6.6148115108905647e-01, -3.1315589160180117e-02,
       2.8984824483234709e-02, 4.8815752431349384e-03,
       3.8872292155827173e-03, 3.3344264602708446e-03,
       1.0424481879361559e-02, -1.0899926827243743e-02,
       3.2803452544422832e+01, -4.7414131116790912e+01,
       -4.0477412988442030e+00, 3.0374990493319565e+01,
       1.3373098942655711e+01, 3.6202476724543642e+00,
       6.9604398597056250e-01, 2.4479801539934351e-01,
       2.4783458737578520e-01, -5.3481525220639613e-02,
       4.3638648662015118e-02, 8.9035833964542848e-04,
       8.1861956379369813e-03, 3.4518541775840454e-03,
       1.9265198859267158e-02, 2.3281932482901050e-04,
       -4.8541247258493833e+01, -3.7195971623711571e+01,
       2.6170796758144689e+01, 4.7743764634812372e+01,
       1.4425118987337092e+01, -7.7817203430574011e+00,
       -7.4044652344734656e+00, -2.9236865036315112e+00,
       -3.5679692833744743e+00, 1.3864616780329131e+00,
       9.7649813123583021e-02, 1.4698054021501039e-01,
       -4.9874956269612226e-02, 3.3168294442747472e-02,
       -3.8755527618876857e-02, -1.1809999306802130e-02,
       2.0836111780610619e+01, 1.5601191885786002e+02,
       -3.7227086452503294e-01, -8.6028267038430798e+01,
       1.6077514887448373e+01, 1.5388230320928296e+01,
       -2.8956854884534045e-01, 2.4574932215479426e+00,
       1.9079869062355861e+00, 4.6323551030108073e-01,
       -5.2577572806736160e-02, -3.3826650487236071e-02,
       3.2441348539692780e-04, -9.7160018457965371e-03,
       -7.1016231578854463e-02, 1.8635898231911755e-02,
       8.1267372087840869e+01, 1.6287150819444204e+01,
       -2.3756601333510300e+01, -3.2798408556077156e+01,
       -2.5765132516595390e+01, -2.0322449239809497e+01,
       1.0169673924106297e+00, -2.6245630716795554e+00,
       2.4576952955752318e-01, -3.0475507670082124e-02,
       1.0178397252918235e-01, -6.5216821308136897e-03,
       1.2886310779796825e-03, 3.0684759943403390e-03,
       1.5539477524122798e-02, 9.7863738211305430e-03,
       -1.5990946977890758e+02, -6.7590279362149346e+01,
       3.5146409616107427e+01, 4.3990331008398499e+01,
       -1.2216301256952496e+01, 1.7562605090928074e-01,
       5.0744015164560996e-01, -1.6183642222314873e-01,
       5.2771874027715471e-01, -2.2703705970650037e-01,
       4.8741196894762834e-02, -7.2113803830710747e-03,
       3.3764149821199533e-04, -8.4385344539875777e-03,
       -9.6414666365510285e-03, -1.1843125282808261e-03,
       1.2956627830964626e+02, 1.1785126574306105e+01,
       -3.4138551326740370e+01, -6.4235606519912807e+00,
       -9.8801180422948764e+00, 2.5443747498790810e+00,
       1.3531370141547318e-02, 6.1504156470330806e-01,
       3.8102406542757222e-01, -1.5308876836359181e-01,
       7.7632851360393282e-03, 1.7753148768336263e-02,
       2.1871391449418565e-03, 1.6316382277716799e-03,
       6.3496793110864366e-03, 1.4593843794815422e-04,
       3.4528159855294874e+01, 2.0231593605510731e+01,
       -1.0447392962515019e+00, -1.9554272053731275e+01,
       7.3628492496658815e+00, 1.1023652082892212e+00,
       -4.2905593052598050e+00, -3.6593519375835872e+00,
       -3.3332448562701913e+00, -3.3198480350732967e-01,
       -2.3684694857562791e-01, 3.0275190232458599e-03,
       -2.6425801165300602e-02, -4.3737626019199139e-03,
       -3.7578570365542213e-03, 1.5244844529791808e-02,
       1.1109604719452599e+02, -2.3146613621273062e+01,
       -3.3311568183721093e+01, 1.5461762613688450e+01,
       -8.1457534611251283e+00, 1.1072444282464591e+01,
       -3.1140623402313858e+00, 1.3938531960461120e-01,
       -4.3048353395925487e-01, 3.2331279652785244e-01,
       1.2918994781334522e-01, -1.8973260051436458e-02,
       -2.0745429601040932e-02, -1.1118735041794461e-02,
       -4.4793877160859745e-02, -3.8158598087219917e-03,
       -1.4647887810313652e+01, 1.7716774657018455e+01,
       6.1524135254031789e+00, -8.5054958836787176e+00,
       1.3439331545575902e+01, -1.0058990395205683e+01,
       2.3049166448483005e+00, 1.0658630970906384e+00,
       4.0422968480353388e-01, 1.1543378108937673e-01,
       -4.8146523446504816e-02, 1.2189933144692819e-02,
       2.1223720240616151e-03, 1.7718916073429908e-03,
       -1.1032417658395481e-02, -2.7311293135178867e-03,
       1.4186659313427438e+02, 4.3338239086121827e-01,
       -3.9275737474219987e+01, -1.4376194052493561e+00,
       -5.7034765838762382e+00, 1.6764409499058608e+01,
       -1.2509773217313338e+00, 7.2507728522232484e-01,
       -1.6377251691129044e+00, -6.5873361948225595e-01,
       3.2120397285374342e-03, -7.8299889495312539e-02,
       -1.3755994950777918e-03, -2.3829479451778914e-02,
       1.1705966733548515e-02, -1.9636552300800001e-02,
       -1.7065171246555374e+02, 4.1648481328281282e+00,
       3.5450726162105674e+01, 2.1286475013240849e+00,
       -3.7109581071597884e+00, 8.1210245360928255e+00,
       -1.8630443475982539e+00, -3.5912444166279198e+00,
       -1.4773531314531101e+00, 6.0381318814752261e-01,
       -1.9563550009085076e-01, -4.7060946470707965e-02,
       1.5776396523334286e-03, 5.0872325406234511e-03,
       5.6418042077062821e-03, 1.1059245915799118e-02 ]
