%YAML:1.0
means: !!opencv-matrix
   rows: 39
   cols: 8
   dt: d
   data: [ 8.4069005332524569e+01, 7.1431254728802571e+00,
       -2.7733519728167515e+01, -3.1684611713939706e+01,
       -2.9250030642856366e+01, -1.6725013291695511e+01,
       -1.0132700104746852e-01, -1.1527308470371453e+00,
       8.7231411691887075e+01, 7.7631134070371559e+01,
       -2.0229438018555285e+01, -4.8856889592879682e+00,
       -2.6638319524888562e+01, -2.2772995014398365e+01,
       1.3046412262068090e+00, -2.5993213797878099e+00,
       -8.0290065431899773e+00, 4.7723594585204552e+01,
       1.1356988608798311e+01, -3.3306953246070186e+01,
       3.6726344584750059e+01, -1.2156322900800152e+01,
       2.6040609115682516e+00, 5.3269580030791508e-01,
       3.8590751267561608e+01, -7.3404979673430034e+01,
       -1.7330913326907531e+01, 3.9036998104405448e+01,
       1.0599884843071559e+01, 1.0830386272493220e+01,
       -6.1958288595011302e-01, -3.3239747039558387e-01,
       5.7465152987125244e+01, -9.7033894028584022e-01,
       5.0462761148420739e+01, 3.6379315913910202e+00,
       2.9300467549336037e+01, 1.6924334172098126e+00,
       5.9651818574461201e-03, 9.3282891563309445e-01,
       1.4011591973943612e+02, 3.3416436842120298e+01,
       -3.9059338129729149e+01, -9.4232682647803472e+00,
       -2.6356636335361929e+00, 1.5449290680850206e+01,
       -2.8697607452811171e+00, 1.8750707308362797e+00,
       -1.4881645797890366e+02, -2.0017348227371863e+00,
       3.7363655132144814e+01, 1.4801851075958830e+01,
       -6.6259206628659824e+00, 2.3718658477267685e+01,
       -1.2216395282221424e+00, 2.5503080204796515e+00,
       -8.6372311313081397e+01, 2.2729348929403908e+01,
       2.8438422228858478e+01, -1.9638763353364705e+01,
       1.4688659913510866e+01, -1.8256242093403305e+01,
       1.4481932610409094e+00, -1.0172758296142677e+00,
       -1.7475369340295700e+02, 7.7881683832060020e+01,
       3.4262264713961628e+01, -5.2162750854967641e+01,
       -2.6454258350480263e+01, -1.5359199918306432e-01,
       -1.3120258852890161e+00, 1.1745903358771634e+00,
       -1.4913480315637577e+02, -1.0410993252989331e+02,
       2.7087861271631876e+01, 6.6284219553852282e+01,
       -1.9949213124991910e+01, 8.8266838019281046e-01,
       -2.5727246004170801e-01, -1.4545520240776992e+00,
       -4.5170257912988951e+01, -3.2830089910125523e+01,
       3.5362758668772202e+01, 4.9459656660642906e+01,
       1.9492814470951917e+01, -1.0715297159971117e+01,
       -1.2290857268245526e+01, -5.0280581354823912e+00,
       -1.3440930427559590e+02, -4.4593616505096513e+01,
       3.7093423263101748e+01, 2.6238703887171877e+01,
       2.8090506752317737e+00, -8.3503902363718936e+00,
       2.4343994789437460e+00, -4.9240213724804201e-02,
       -1.8399670345770926e+02, 2.7141959441330076e+01,
       4.5656980116675271e+01, -1.4742707120326763e+01,
       -9.6959007360995884e+00, -9.5886332493368975e-01,
       1.0562977798098481e+00, 1.3141473518774931e+00,
       -1.1234661611877753e+01, -8.8715940746641323e+01,
       5.7582388714962548e+01, 5.1494893268070641e+01,
       5.9333404952090154e+00, -4.3742805159879596e+00,
       1.8411139969600434e+00, -4.4853538310643115e-01,
       6.6878271046662135e+01, -6.5777453255850531e+01,
       -2.9144226361305655e+01, 4.1017558166593908e+01,
       -1.0222776614565548e+01, 6.2251630337714072e+00,
       -5.6674421874654457e-01, -5.8421557127018642e-01,
       -2.1024904456169821e+02, -2.2469551463026885e+01,
       4.3169205888109495e+01, 2.2365547580327075e+01,
       -9.9748121887513079e+00, 1.2059005309515008e+01,
       -1.8143826424169101e+00, -1.4138905546541503e+00,
       9.6025873447227937e+01, -5.8720456868460062e+01,
       -2.8063703833796854e+01, 3.9133033447407222e+01,
       1.0026564418548893e+00, 1.3200454425113524e+01,
       -6.5965315406708969e-02, 1.1621706932116513e+00,
       3.3270127968854958e+01, 1.5131896061872493e+02,
       -2.2572577982851669e+00, -8.2407889101049150e+01,
       2.0143499625184759e+01, 1.1990391610396655e+01,
       8.3793849911330087e-01, 2.6712270870708092e+00,
       7.6529723691435322e+01, -4.4308035972237782e+01,
       -2.3983063091080115e+01, -6.1707307784847558e+01,
       -2.3521212035528833e+01, -1.8227184519156182e+01,
       1.3310764721246189e+00, -3.0488546451690808e+00,
       -1.5858102769156401e+01, 1.2275897998489305e+02,
       -4.5584687803203744e-01, -7.9557473910246415e+01,
       -2.2196336301575837e+01, 1.3063254424494287e+01,
       -2.2744324508414149e+00, 9.8714145313325807e-01,
       -1.2079158907520444e+02, -7.9423404730400108e+01,
       -2.9821866079179209e+01, 5.1525234174510466e+01,
       1.0171366960875535e+01, -4.7666014619602803e+00,
       2.1233718483529294e+00, -8.8405185854995505e-01,
       -3.2809145694444759e+01, -1.9539711153257009e+01,
       9.4897241019622562e+00, 7.8100847520227248e+00,
       2.3825542631392203e+01, -7.3181869252493756e+00,
       -5.5930157266299874e-01, -1.6945331210388130e+00,
       2.2631499645901794e+01, -3.2685165791847226e+01,
       2.6677899446139470e+00, 2.3214165042984305e+01,
       -7.8757623687685561e+00, 7.7500263502947808e+00,
       1.2503799197380876e+00, 2.6501861743142077e+00,
       1.4091172550718329e+02, -9.0238350622278265e+00,
       5.0773777306961108e+01, -3.5139905521705055e+00,
       1.3990789647571342e+01, 4.7210662837498063e+00,
       4.2244396205267476e-01, 1.9849219178421218e+00,
       3.5312920017136705e+01, 1.0600315870243631e+02,
       -1.8307209154320216e+01, 4.0107433460390070e+01,
       1.9864265864436685e+01, 1.4391615040331301e-01,
       6.7616900810945602e-01, 1.4792498916248207e+00,
       2.8699291224069981e+01, -9.9599179214711100e+01,
       -1.0288362232256100e+01, 6.9328496933754522e+01,
       -5.2327028898319217e+00, -1.6859770889626651e+00,
       2.3025945938022292e+00, -3.6672663351937917e-01,
       1.6432183798213842e+02, 1.7235087102431525e+01,
       -4.6604931445938433e+01, -1.9578276059748589e+01,
       -7.8646449448583189e+00, 1.2602619526096833e+01,
       -3.0967117973442082e-01, -1.1928095083703618e+00,
       -1.9061938339394553e+02, 4.8628346650826110e+01,
       3.5468795190660501e+01, -3.2178158516552045e+01,
       -6.3899906770384005e+00, -1.9527725306380974e+00,
       -4.3772198572002328e+00, -7.2346281519743929e+00,
       1.3627178933368745e+02, -1.9904615938475306e+01,
       -3.6703115607806822e+01, 2.0571097898228452e+01,
       -5.2556300279087775e+00, 1.3005738763170907e+01,
       -1.9347599927395367e-01, 2.1387083890358265e+00,
       7.0427815995993399e+01, 5.4871831447279391e+01,
       -1.6278590308359384e+01, -4.2010695628343704e+01,
       9.9115979658027733e+00, -1.1673726063798330e+01,
       1.8327178513085309e+00, 1.8352511225572412e+00,
       -2.1984784777842358e+02, 9.1140006462827117e+01,
       4.8848730274470256e+01, -4.4969152506148667e+01,
       -1.8636379077841326e+01, 2.5732004523768119e+01,
       -4.1911704827553615e+00, 2.3575868481029683e+00,
       -4.8339165021288188e+00, 5.7566860812219225e+01,
       7.6707867600971316e+00, -4.2103452528872189e+01,
       8.7950927713540619e+00, -1.5750909436001159e+01,
       -2.5030313570244672e-01, 3.7605490131696251e-01,
       1.5562476285836178e+02, 3.0676215446055394e+01,
       -4.1161152831373364e+01, -1.3443979093284605e+01,
       -1.0913790997317157e+01, 2.1610776726466852e+00,
       1.4700635502599784e+00, 2.4130002618834090e+00,
       -1.6985960782365535e+02, 1.8441111025793924e+02,
       3.7977879645935502e+01, -8.7173164864761830e+01,
       -3.8434994115494440e+01, 4.6062915350202324e+01,
       -1.2987933091758011e+01, 3.4084776995595498e+00,
       -3.9477059124822119e+01, -7.8613371978868102e+01,
       5.6194627629273928e+00, 5.9746500081027122e+01,
       1.1496015008606630e+00, -2.0300351253030571e-01,
       1.2038406234693138e+00, 1.1146705899156781e-01,
       7.9613333499707281e+01, 4.5773254643229329e+01,
