%YAML:1.0
means: !!opencv-matrix
   rows: 11
   cols: 13
   dt: d
   data: [ 2.9770481129079286e+01, 1.2714589732336060e+02,
       -4.3514564829054230e+00, -7.3135614821663637e+01,
       8.5170608256997120e+00, 2.9691032414300320e+00,
       1.3178934973159220e+00, 1.8832274269777294e+00,
       1.5778526802996844e+00, 5.1617918969445054e-01,
       -6.1177881580183564e-02, -3.0555574885043298e-02,
       -1.8705560222221523e-04, -1.1764389793649832e+02,
       1.3691848950697169e+01, 2.9938935820112544e+01,
       -1.2437334203686122e+01, 1.2602708540599526e+01,
       -1.2296554671416997e+01, 9.1662551935013370e-01,
       -1.3695000015713212e+00, -2.9993110539553186e-01,
       2.4608936484727406e-01, 9.7379111931479426e-02,
       -5.6401222234649787e-02, -4.2174420102728512e-03,
       3.0209084228425706e+01, 1.2402012774449863e+01,
       4.9983429599019997e+00, -3.9911531804878986e+00,
       1.1211895064444862e+01, -1.2111414506954821e+00,
       -7.5281989246668308e+00, -4.2007233371965302e+00,
       -5.1335520845420213e+00, -1.5809354590043950e-01,
       -8.9705384214668241e-02, 5.2225821079893972e-02,
       -4.7503749227102071e-02, 1.6144966712366679e+02,
       2.6023915806152345e+01, -4.3556169745399970e+01,
       -3.5369112576548758e+01, -9.5111078827363524e+00,
       1.3334713811429440e+01, 6.5022763459645450e-01,
       -3.8437056633239619e+00, -1.8377271622519289e+00,
       -4.3492995240428667e-01, -2.3589075618700153e-01,
       -1.8672951059526718e-01, 1.9852154519613787e-03,
       -1.0747159494508618e+02, 3.6376131487989674e+01,
       2.2304398519289077e+01, -1.4441757560740154e+01,
       -4.9720990302290247e+00, 1.1997922068224645e+01,
       -2.2197599191100319e+00, 4.0170461595557916e-01,
       -7.0819716738227262e-02, 1.7021129388414033e-01,
       -2.2684764509529878e-01, 4.3207740555912359e-02,
       -2.2006190887747892e-03, -1.7284109714698548e+02,
       -6.2663735773691030e+01, 3.6548499065624640e+01,
       4.1242184554922112e+01, -1.2393917134066900e+01,
       3.5326028386358392e+00, -6.4761610958862015e-02,
       -9.4243707725285419e-01, 2.9818882951282188e-01,
       -1.6792990579839315e-01, 1.5750658205311668e-02,
       -2.7033560076187974e-02, 9.4331654694377448e-04,
       2.3365368477234437e+01, 3.1329521655032114e+01,
       -3.0428052200071214e+00, -1.3008043216586431e+01,
       1.5760977516322297e+01, -9.8548658396876281e+00,
       2.2251369165568557e+00, 9.3542723862478738e-01,
       3.6181794686267599e-01, 1.3904678028521175e-01,
       -4.2522048587193446e-02, 2.3165918682985565e-02,
       3.8365322740635975e-03, 8.1997820393765451e+01,
       1.5251282534102822e+01, -2.4071845475252633e+01,
       -3.2235026668882831e+01, -2.6536394559689622e+01,
       -1.9585058991576929e+01, 8.6084847410614895e-01,
       -2.3309466414607405e+00, 2.0856867128789594e-01,
       -4.3742879356722081e-02, 1.0590783783690945e-01,
       -4.9326937432151918e-03, 7.4687049569080108e-04,
       9.8664801595202619e+01, -1.5449340348785960e+01,
       -2.3192840121992965e+01, 9.8494846654731152e+00,
       5.8115254107769534e+00, 1.0163372068868330e+01,
       -7.2116910983610416e-01, 1.1018537212801032e+00,
       3.2115597071957475e-01, -4.8595557259187599e-02,
       6.3443871742289090e-02, -2.0319000056817373e-03,
       4.0296201050636967e-03, -9.8882073045617958e+00,
       -8.6957375569582567e+01, 2.6210754176865363e+00,
       5.6424239230090272e+01, -1.0585173673001627e+00,
       -1.4386743145486933e+00, 1.9100382947258334e+00,
       -2.2317856438914088e-01, 1.5488376744598795e-01,
       -8.4045538326926378e-02, -3.4987802077945745e-02,
       3.1867253715988225e-03, 3.4392931034817114e-03,
       -1.8839021341297018e+02, 6.4110898572053173e+01,
       4.1711307358726437e+01, -3.7233327098857778e+01,
       -1.7600581623463587e+01, 5.7564218117885915e+00,
       -1.0307444176273668e+00, 1.6520777552482242e+00,
       7.0425398681838169e-01, -2.7560429289408196e-02,
       2.1997218721333492e-02, 2.5703200654373457e-03,
       5.1634690095780497e-03 ]
