%YAML:1.0
means: !!opencv-matrix
   rows: 2
   cols: 16
   dt: d
   data: [ -9.7226890221206503e+01, -3.0990846773891338e+01,
       1.9976798927950941e+01, 3.3199110532625444e+00,
       -9.5133093916706848e+00, -7.3133093340432591e+00,
       -2.4149546735097736e+00, 2.5388275552531858e-01,
       7.0496662703867496e-01, 2.6866311434196804e-02,
       -4.6260448700534577e-02, -1.2840874692688454e-02,
       -6.1288058229070665e-03, 2.7800093122167637e-03,
       -1.8161318592789493e-03, -1.8753863161860812e-03,
       4.4203890461956455e+01, 1.4087488238599832e+01,
       -9.0843498675810803e+00, -1.5087612815082796e+00,
       4.3249098741340717e+00, 3.3215554049412259e+00,
       1.0976787597442066e+00, -1.1532076910882223e-01,
       -3.1911322426899746e-01, -9.4598087095515634e-03,
       2.0797524092328674e-02, 5.6892168370308869e-03,
       2.7893537335999057e-03, -1.2098063515047336e-03,
       8.4642593990087245e-04, 8.3005528899256675e-04 ]
covs: !!opencv-matrix
   rows: 32
   cols: 16
   dt: d
   data: [ 1.7245808280914407e+04, -1.3094146573947539e+03,
       3.3831543446805080e+02, -3.8252595011690921e+01,
       4.7173612525287660e+02, -4.0554269581752891e+02,
       -1.2311182520620048e+02, 3.7625818441601844e+01,
       1.6184659792575101e+02, -3.6399503392515444e+00,
       -4.6803189286837386e+00, -1.1024969673816081e+00,
       -8.9891496731091425e-01, 5.5471667784350398e-01,
       -1.2388379837144150e+00, -1.9991573414645533e-01,
       -1.3094146573947539e+03, 1.4887453579796014e+04,
       2.0898568751663677e+02, -6.5137602459617494e+02,
       2.3648551932279582e+02, 4.4991421113831160e+02,
       -2.6416823205246789e+01, 4.1815838721590261e+01,
       5.5211985614246579e+01, 2.7819882966547897e+01,
       6.4629930643773414e-01, 8.2513689560634129e-01,
       -4.8797322076447186e-01, 7.3998372498151083e-02,
       5.4856312386012096e-01, -2.8466540583012040e-01,
       3.3831543446805080e+02, 2.0898568751663672e+02,
       3.2131973407514556e+03, 8.2084863616779373e+01,
       -1.7514419797675762e+02, 4.3631937702463006e+01,
       8.7938566128587485e+00, -9.1303610194232121e+00,
       -2.9576481396323729e+01, -3.7248708706079694e+00,
       1.4253515796150411e+00, 5.8149092356005005e-01,
       1.1695525200019953e-01, -1.7156707148195785e-01,
       2.0580180957496938e-01, 9.3190079528517211e-02,
       -3.8252595011690907e+01, -6.5137602459617494e+02,
       8.2084863616779330e+01, 3.0627474583993180e+03,
       -6.3468802565842481e+01, -1.2623225058564618e+02,
       5.7926979503927774e+00, -2.0961388654796732e+01,
       -1.6965939457692304e+01, -2.0251487400308816e+00,
       -9.8368815354892458e-01, -3.1068847709311642e-01,
       1.3857428581142398e-01, 3.7644454396198318e-02,
       -2.5140250119173402e-01, 9.1957837372419887e-02,
       4.7173612525287660e+02, 2.3648551932279582e+02,
       -1.7514419797675765e+02, -6.3468802565842481e+01,
       3.1328418036899387e+02, 4.1023997316130618e+00,
       -7.5489008177708268e+00, 1.7241096283811647e+01,
       2.0536345559987133e+01, -1.7745784462083221e+00,
       -9.6538912952811695e-01, -2.7295322680527140e-01,
       -6.3635587571551314e-02, 1.4611356647378667e-02,
       -7.9016378020690170e-02, -6.8197165321675940e-02,
       -4.0554269581752891e+02, 4.4991421113831160e+02,
       4.3631937702462999e+01, -1.2623225058564618e+02,
       4.1023997316130636e+00, 2.5354976957098629e+02,
       -4.2636213215368395e+00, -1.9765937710978601e-01,
       -6.2131619918315950e-01, 4.3964513250733885e+00,
       -2.9591906333054024e-01, 2.4620834770000519e-01,
       -4.0056262601423830e-02, -9.0283056092782480e-03,
       8.8242478557157528e-02, 2.0557416003676408e-02,
       -1.2311182520620048e+02, -2.6416823205246803e+01,
       8.7938566128587450e+00, 5.7926979503927827e+00,
       -7.5489008177708250e+00, -4.2636213215368404e+00,
       3.8306284558713124e+01, -7.3316173676931207e-01,
       -4.9671459167114502e+00, -2.7569322506890898e-01,
       -8.4736895139185600e-02, -1.6335208843982205e-01,
       4.9364576724118543e-02, -1.1774181684735763e-02,
       3.0930662111013977e-02, 7.0451732546218046e-03,
       3.7625818441601844e+01, 4.1815838721590247e+01,
       -9.1303610194232121e+00, -2.0961388654796732e+01,
       1.7241096283811643e+01, -1.9765937710978543e-01,
       -7.3316173676931229e-01, 1.9085591238373823e+01,
       1.7384939232844172e+00, -1.2109932950664164e+00,
       3.8425257217230897e-02, 1.2721142191601665e-02,
       -5.7099393411412730e-03, -2.5607178992069331e-02,
       1.4434432017024098e-02, -1.5387622533319533e-02,
       1.6184659792575104e+02, 5.5211985614246579e+01,
       -2.9576481396323725e+01, -1.6965939457692304e+01,
       2.0536345559987133e+01, -6.2131619918315972e-01,
       -4.9671459167114502e+00, 1.7384939232844172e+00,
       1.2578528458867872e+01, -9.6487778839953853e-02,
       -7.7188928749169616e-03, -2.4670085166337299e-02,
       -2.8996032526089337e-02, -1.1070254390506311e-03,
       5.5561013841962286e-03, 1.6899685316981512e-03,
       -3.6399503392515449e+00, 2.7819882966547905e+01,
       -3.7248708706079707e+00, -2.0251487400308812e+00,
       -1.7745784462083221e+00, 4.3964513250733894e+00,
       -2.7569322506890898e-01, -1.2109932950664164e+00,
       -9.6487778839953853e-02, 2.6835975536001691e+00,
       -4.2244479092517495e-02, 4.1937232580245795e-05,
       -7.3719023904921400e-03, 2.4476286502153971e-02,
       -7.4295742039872975e-04, -1.9312496387157972e-03,
       -4.6803189286837386e+00, 6.4629930643773437e-01,
       1.4253515796150411e+00, -9.8368815354892458e-01,
       -9.6538912952811695e-01, -2.9591906333054024e-01,
       -8.4736895139185572e-02, 3.8425257217230897e-02,
       -7.7188928749169616e-03, -4.2244479092517488e-02,
       4.6983958165925779e-02, 1.3034263059136645e-03,
       -4.9398042428166339e-04, -3.6812244678597662e-04,
       -1.5025719947330232e-04, -2.0816442748591095e-04,
       -1.1024969673816081e+00, 8.2513689560634129e-01,
       5.8149092356005005e-01, -3.1068847709311642e-01,
       -2.7295322680527140e-01, 2.4620834770000519e-01,
       -1.6335208843982205e-01, 1.2721142191601668e-02,
       -2.4670085166337299e-02, 4.1937232580245578e-05,
       1.3034263059136647e-03, 1.4596632573704599e-02,
       -1.1465510479459788e-03, 8.8408542667384050e-05,
       -1.5255955039582235e-03, -1.9427807340808344e-04,
       -8.9891496731091425e-01, -4.8797322076447186e-01,
       1.1695525200019956e-01, 1.3857428581142398e-01,
       -6.3635587571551314e-02, -4.0056262601423830e-02,
       4.9364576724118529e-02, -5.7099393411412730e-03,
       -2.8996032526089337e-02, -7.3719023904921365e-03,
       -4.9398042428166350e-04, -1.1465510479459788e-03,
       2.7754618803167946e-03, -1.3156445103769783e-04,
       1.6044136872275582e-04, 7.3526152059524735e-05,
       5.5471667784350387e-01, 7.3998372498151041e-02,
       -1.7156707148195791e-01, 3.7644454396198367e-02,
       1.4611356647378667e-02, -9.0283056092782445e-03,
       -1.1774181684735761e-02, -2.5607178992069331e-02,
       -1.1070254390506311e-03, 2.4476286502153975e-02,
       -3.6812244678597657e-04, 8.8408542667384036e-05,
       -1.3156445103769783e-04, 2.7175413838535067e-03,
       2.1908304992566668e-05, 2.6895462699042325e-05,
       -1.2388379837144150e+00, 5.4856312386012096e-01,
       2.0580180957496938e-01, -2.5140250119173407e-01,
       -7.9016378020690170e-02, 8.8242478557157528e-02,
       3.0930662111013987e-02, 1.4434432017024098e-02,
       5.5561013841962294e-03, -7.4295742039872997e-04,
       -1.5025719947330237e-04, -1.5255955039582235e-03,
       1.6044136872275588e-04, 2.1908304992566654e-05,
       1.7743228065311822e-03, -8.1397480740995535e-05,
       -1.9991573414645533e-01, -2.8466540583012040e-01,
       9.3190079528517211e-02, 9.1957837372419887e-02,
       -6.8197165321675940e-02, 2.0557416003676394e-02,
       7.0451732546218029e-03, -1.5387622533319529e-02,
