%YAML:1.0
means: !!opencv-matrix
   rows: 23
   cols: 6
   dt: d
   data: [ 1.3428271898253394e+01, 1.9705286526737034e+00,
       -1.5063751591646515e+01, 2.2094879488297678e+00,
       -1.0487050566041447e+01, -8.0168412279029351e+00,
       -9.2655697517974119e+01, -9.6154896729668764e+01,
       -4.7327474692769499e+01, -2.3179047132118427e+01,
       2.6960045187274130e+01, 6.9002914972310228e+00,
       -5.3980164786721481e+01, -6.4456963770427356e+00,
       9.4894152512217630e+01, -2.0563851332685907e+01,
       2.1856648846957318e+00, 3.6748477915947837e+00,
       1.5598620480007691e+02, 7.1653151282302048e+01,
       3.1986021691537896e+01, -4.2995347671390348e+01,
       -1.0341187724191430e+01, -4.4551973046746589e+00,
       -3.3625684238899495e+01, 4.5753013316365250e+00,
       -6.6484159780855165e+01, 2.6332914053310787e+01,
       1.7890463995886563e+01, 1.1218156773802714e-01,
       -1.2556250277544144e+02, 4.7741750571063847e+01,
       2.4140461510689732e+01, -9.4885933505564974e+00,
       9.1690861029796462e+00, 1.5287429707539031e+01,
       5.6699685577829847e+01, -7.4683131272195311e+01,
       5.1362407636986225e+00, 4.9733026651700683e+01,
       6.8231490053900812e+00, 2.3530463344885725e+01,
       8.5445726159266016e+01, -9.3712583545508096e+01,
       1.6432234009142703e+00, -4.5357227514162787e+01,
       1.2086125398182855e+01, 2.6691042080843976e+00,
       -7.8981875044330341e+00, 7.6773932712823637e+01,
       2.6079391758420339e-01, -3.0324504514397400e+01,
       2.2122920879786889e+01, -4.8520180586126171e+00,
       6.1688243091349044e+01, -3.4632786123371517e+01,
       -1.9479653867455898e+01, 4.4759438692908738e+01,
       -3.1028140340502826e+01, 3.0343465341464562e+01,
       -5.5137181909157114e+01, 8.5526954065566130e+01,
       4.0481872847858966e+00, -4.8631085006016349e+01,
       5.4519721025241621e+00, 1.8001550637794701e+00,
       4.4402387693105524e+01, 4.8763409177409287e+01,
       -3.1800853337850697e+01, -2.7985686435594225e+01,
       3.9662796734453925e+00, -1.6536833723792697e+01,
       -1.2450222154215295e+02, 1.1896874998988079e+02,
       5.8208080341984658e+00, -5.7029000289602223e+01,
       -1.7222112215395644e+01, -1.5670577641160988e+00,
       1.0367303719621154e+02, -5.1153173662577920e+01,
       -2.1301809776434354e+01, 3.5273836548964518e+01,
       -2.6859247370026104e+01, 2.1586018455605611e+01,
       5.5945366712172174e+01, 3.6704101106274130e+01,
       1.8089627286507664e+01, 2.1060019405628751e+01,
       1.6024846375832805e+01, -1.6540105006789698e+00,
       -2.0214163210659976e+02, -3.7973496918477196e+00,
       2.9462803486502992e+01, -1.3123411119988864e+01,
       -7.0339847361812291e+00, -9.7613316668455905e+00,
       1.6792302133219658e+02, 1.7293577966723770e+01,
       -5.1387186493064725e+01, 1.2848160719494098e+01,
       -1.1886356182684429e+01, -8.5707385415340553e+00,
       1.1605777352021439e+01, -4.0814308938004785e+01,
       2.0630633533466199e+01, 2.0377162179087385e+01,
       3.9163520341570603e+01, 1.2286258344940910e+00,
       -1.8279014791087903e+02, -1.1318129076336282e+02,
       5.1339202077906670e+01, 3.7011235386324842e+01,
       -3.2020730687558981e+01, -8.5603516567488374e+00,
       1.3227682394327240e+02, -1.6843316457418720e+01,
       -3.5427960102581672e+01, 2.6355371381745769e+01,
       -1.2173161946908630e+01, -4.2308023453125267e+00,
       -1.2159711970878406e+02, -4.6787953397391874e+01,
       3.6772256894053456e+01, 2.3005850422849708e+01,
       -4.7659483743279267e+00, 1.7265191752379721e+01,
       3.1086377972836239e+00, -1.9726399161510955e+02,
       1.3551488874010007e+01, 7.0979966300656457e+01,
       1.0668706575494312e+01, -2.3980502498934211e+01,
       2.5548860827616920e+01, 1.2581864578242744e+02,
       -3.0669761358827284e+01, -5.0766179812629538e+01,
       -9.1222793671972173e+00, 1.0377073283924896e+00 ]
covs: !!opencv-matrix
   rows: 138
   cols: 6
   dt: d
   data: [ 6.8269493488042353e+03, -5.3410678350531009e+02,
       2.1472281367434771e+03, -8.0665754295592038e+01,
       -5.5269397989893342e+01, 1.8136193376115526e+02,
       -5.3410678350531009e+02, 1.6904913175305479e+04,
       -1.5065066958813507e+03, -5.2107267259072341e+02,
       -1.0190511325612093e+02, 8.3716680905376006e+02,
       2.1472281367434766e+03, -1.5065066958813507e+03,
       2.6504506131100907e+03, 7.2803221048661771e+02,
       -2.6630048665980514e+01, -2.4963628523830951e+02,
       -8.0665754295592038e+01, -5.2107267259072341e+02,
       7.2803221048661771e+02, 2.3575456305891166e+03,
       7.0770538059816033e+01, -2.2950333202128880e+02,
       -5.5269397989893335e+01, -1.0190511325612093e+02,
       -2.6630048665980514e+01, 7.0770538059816005e+01,
       2.7932308005947679e+01, -1.0302823139489396e+01,
       1.8136193376115526e+02, 8.3716680905375995e+02,
       -2.4963628523830954e+02, -2.2950333202128883e+02,
       -1.0302823139489396e+01, 1.7699593177275409e+02,
       3.0426890152966971e+03, -5.6474747394681208e+02,
       1.8233263955803153e+02, 1.1394728678643858e+02,
       1.2572572813550849e+02, -2.3147457592894409e+02,
       -5.6474747394681208e+02, 4.2028540468814899e+03,
       -1.3094636032999546e+02, -8.8637355122632653e+02,
       -2.0510838902985245e+02, 1.6997180697484502e+01,
       1.8233263955803153e+02, -1.3094636032999543e+02,
       6.8439591904019619e+02, 1.7470488306011825e+02,
       -1.1613278588963175e+02, 1.2708269608525358e+01,
       1.1394728678643858e+02, -8.8637355122632653e+02,
       1.7470488306011825e+02, 8.7254321664571592e+02,
       3.2090507641649580e+01, 8.1972691120091326e-02,
       1.2572572813550850e+02, -2.0510838902985245e+02,
       -1.1613278588963171e+02, 3.2090507641649580e+01,
       1.5487292020633436e+02, -2.2788096651017728e+01,
       -2.3147457592894403e+02, 1.6997180697484509e+01,
       1.2708269608525359e+01, 8.1972691120090618e-02,
       -2.2788096651017735e+01, 1.1370405366962264e+02,
       4.8092720092526597e+03, -4.9997437371318961e+02,
       -4.2146386410351397e+02, 6.6464056602004109e+02,
       8.8288416266705872e+02, 4.4650372113312142e+02,
       -4.9997437371318978e+02, 8.1290384128895566e+03,
       9.4971870545835429e+02, 1.7983942950675962e+03,
       3.2329902677074081e+01, 9.9727965051610653e+01,
       -4.2146386410351397e+02, 9.4971870545835429e+02,
       5.3631869920571967e+02, 3.5122332020886586e+02,
       -1.3756751504733936e+02, -4.2310291605854061e+01,
       6.6464056602004109e+02, 1.7983942950675962e+03,
       3.5122332020886586e+02, 1.8046616605286663e+03,
       1.2726856814470977e+02, 7.8987870434103272e+01,
       8.8288416266705872e+02, 3.2329902677074081e+01,
       -1.3756751504733936e+02, 1.2726856814470977e+02,
       2.3824401547714697e+02, 9.4896630731370152e+01,
       4.4650372113312142e+02, 9.9727965051610681e+01,
       -4.2310291605854061e+01, 7.8987870434103272e+01,
       9.4896630731370124e+01, 1.6138775358358942e+02,
       6.5839463808956189e+03, -1.5561026193475102e+03,
       -9.5933843874070112e+02, 1.1222925615185102e+03,
       -3.9564123146526788e+00, -1.9435626546475657e+01,
       -1.5561026193475102e+03, 8.7017142937817534e+03,
       1.0740450131801085e+03, 1.6876371314183566e+03,
       9.2142008524426473e+01, 1.9296331205442462e+02,
       -9.5933843874070112e+02, 1.0740450131801085e+03,
       5.5673041289817604e+02, 2.2598760974822650e+02,
       1.8932095493931016e+01, -3.9146470459182098e+01,
       1.1222925615185102e+03, 1.6876371314183568e+03,
       2.2598760974822648e+02, 1.8893036849650709e+03,
       9.4251029517761928e+00, -1.7581273751838455e+02,
       -3.9564123146526797e+00, 9.2142008524426473e+01,
       1.8932095493931016e+01, 9.4251029517761911e+00,
       6.4933883839183920e+01, -1.4274081628352649e+01,
       -1.9435626546475664e+01, 1.9296331205442462e+02,
       -3.9146470459182119e+01, -1.7581273751838455e+02,
