%YAML:1.0
means: !!opencv-matrix
   rows: 16
   cols: 10
   dt: d
   data: [ -2.5315780380962045e+00, -1.8447206980973772e+02,
       1.5970647567827129e+01, 6.3433588824850453e+01,
       1.1512976336020790e+01, -1.8838229756030675e+01,
       -1.3428862347235320e+00, -8.0606461197502299e-01,
       6.5511242034023631e-01, -1.3304715643518654e+00,
       4.8509374195179127e+01, 5.3704566134850140e+01,
       -5.1691905912101328e+00, -2.0445442704724428e+01,
       5.4178521496471861e+00, -6.3266651637242308e+00,
       -1.0876244569420205e+01, 1.5132486645904186e+00,
       7.2369619911983101e+00, 1.1995458205296443e+00,
       8.7185647188283980e+01, -2.8077565226045532e+01,
       4.1935903651973696e+00, 1.4803438792837232e+01,
       1.2473802346086547e+01, 2.0903126429609040e+00,
       6.1443044348020648e-01, -4.6859028145801601e-01,
       -2.8766247797884464e-01, 8.0940569881784288e-02,
       -1.1884646020310201e+02, 1.1603808612121857e+02,
       9.4048827591105386e+00, -5.4249587936978642e+01,
       -1.2204928174519921e+01, 4.4850850595555708e-01,
       7.2036424022696044e-01, -5.3244847794199335e-01,
       -4.0880815769896628e-01, -2.4927716092280400e-01,
       -3.5652907870806722e+01, -5.4902009782894751e+01,
       9.9585729783739101e+00, 5.4703275238828954e+00,
       -4.9727399792051914e+00, -2.2712965615385706e+01,
       -2.1037689390983094e+00, 1.1561194341965784e+00,
       1.9032596171533520e-01, -7.3823562943889542e-01,
       9.9183395733997912e+01, -4.4690911094827953e+01,
       -2.2018732958529331e+01, 3.6803483169473978e+01,
       -2.7559472180651024e+01, 2.3531032765178328e+01,
       1.1048307362771905e+00, 1.2935067218172971e+00,
       4.9445477317274350e-01, 3.0533538594878448e-02,
       3.9435399145865574e+01, 1.1552321472410044e+02,
       -2.4383356908265199e+01, -4.8831002766358488e+01,
       -4.5207754602412402e+00, -8.5339875863398396e-01,
       1.7578578584174784e+00, -2.6614038855232092e-01,
       -3.0174828631525030e-01, -5.9834438600744187e-02,
       -4.7593188820700671e+00, 8.3231568317605475e+00,
       -2.3861466558598934e+01, 1.0203072612836781e+01,
       7.8033608891044608e+00, 5.1037411067136187e+00,
       1.3994113152482035e-01, -2.2846941320043906e-01,
       -7.0872368555553777e-01, 3.6026407552635302e-02,
       -1.4370167119777653e+02, -5.0684943475790824e+01,
       4.3247453959891558e+01, 1.7053501591197278e+01,
       -7.3126131604589784e+00, 1.0239128266497742e+01,
       5.4684713845816646e-01, 1.2606777911629941e+00,
       -6.1121580059210900e-01, -6.4021343555888663e-02,
       -1.6855073372197793e+02, -1.2491874251694514e+02,
       4.7085228319243981e+01, 4.4831316557872938e+01,
       -3.3721666754615669e+01, -6.3163782319687627e+00,
       -5.2244006378088015e+00, -1.3238572241148046e+00,
       3.2462017397859588e-02, 2.2198372492430571e-01,
       -1.8396432801343860e+02, -1.0584909467970295e+01,
       3.2018563700543972e+01, -1.8640978629253912e+01,
       -9.5102443756674857e-02, -7.6909406516896377e+00,
       -1.5882397933787109e+00, -4.1422072546450911e-01,
       3.8658745072248246e+00, 5.4088881218322049e-01,
       1.6019669516922184e+02, 1.8471956720510679e+01,
       -4.4893184995994886e+01, 9.1337443369662914e+00,
       -1.0353421591538970e+01, -7.1741288656960771e+00,
       -3.0309701673604816e-01, -1.1033851444304146e-01,
       -7.7174945550626961e-01, -6.2702642248774393e-02,
       -2.2751795005915124e+01, 2.2577651811359271e+01,
       -1.1769400466776249e+01, -4.0310128900684838e+01,
       -1.9737568431691955e+01, -8.1078452365685205e+00,
       8.9693638525653041e-01, -3.4504559249585238e+00,
       4.1172703309813548e+00, 2.3970628554715683e+00,
       -1.7034776894717467e+02, 3.1152074553975641e+01,
       3.9364807662151442e+01, -2.3130906103963753e+01,
       -4.0040587901703457e+00, 6.7777878394835667e-01,
       7.7022511288079010e-01, 1.2046402880564175e+00,
       -9.7224392028553552e-01, -3.6743874575667870e-02,
       -1.6869553589003480e+01, 1.0929631213330554e+01,
       1.4172824188683226e+00, -1.3872599366528418e+01,
       2.8240430473268411e+01, 2.5342789849413078e-01,
       1.6228451297100011e+00, -5.6949207643819666e-01,
       -3.1229254183012228e-01, 3.8052045863917680e-02,
       9.7022011303806991e+01, -8.0276248744061476e+01,
       -1.8743506321835476e+01, 4.8255121689962301e+01,
       -2.8541526281091958e+01, 7.2038748010867675e+00,
       1.9178170163367854e+00, -1.5265422934458313e+00,
       -5.7061810658417256e-01, 7.8256813008358239e-01 ]
