%YAML:1.0
means: !!opencv-matrix
   rows: 25
   cols: 5
   dt: d
   data: [ 3.3963351154821311e+01, 3.0784864582826359e+01,
       4.0104365814592917e+01, 3.8270932535339497e+01,
       3.2929138660693212e+01, -1.9042563562871976e+02,
       2.1075557945425913e+01, 1.3946837836830682e+01,
       -1.8463877244223181e+00, 2.2844441937712814e-01,
       1.4134042379749579e+02, -7.8556492316052882e+01,
       3.0605869640905961e+01, -6.1119456704874025e+01,
       5.8231591945096435e+00, 8.3658092951284786e+01,
       7.2540682157846945e+01, 1.0058280993680205e+01,
       -2.9474556652119627e+01, -1.1947873754962913e+01,
       -1.4455394737440670e+01, -9.7642702435663722e+01,
       -5.3073085176781788e+01, -3.8183189788805016e+01,
       9.4028592273770197e+00, -1.2723316795688339e+02,
       1.4256273884855668e+02, 3.8652000282949118e+01,
       -2.2676923679832132e+01, -1.1421188584977921e+01,
       -1.0180035608417511e+02, -3.2459451351294902e+01,
       3.8189747345420948e+01, 2.3546995716856010e+01,
       2.8743700308296751e+00, -2.6468039468252778e+02,
       -6.8275215760800819e+01, -3.2758618181949672e+00,
       4.7644119669456991e+01, -2.3303669517583732e+01,
       2.4794559882417456e+01, 1.8380222582619609e+02,
       2.1043324363203215e+00, 2.9922527346208696e+00,
       3.6175730806579920e+00, 5.2412082052519658e+01,
       -7.7613714242990056e+01, -2.7026688637462226e+00,
       5.0460635434271872e+01, -8.3353552871399772e-01,
       9.9131299967498350e+01, -4.3857752972501920e+01,
       -2.1634435685508489e+01, 3.7941161158555992e+01,
       -2.7406266818827056e+01, 1.2946325944507038e+02,
       -1.3544379947169073e+01, 3.9841307397976010e+01,
       9.6711732466850542e+00, 2.0992785937490503e+00,
       -1.7689215548100739e+02, -1.7592188926400343e+02,
       3.1215783652316059e+01, -2.6523208295154905e+01,
       -2.0447542233772406e+01, -1.3829421672862483e+02,
       1.0705911554288219e+00, 1.4607070786901614e+01,
       -8.4798708151207123e+01, -8.5874423947346870e+00,
       -7.6799888919065395e+01, 1.4986631479544766e+01,
       -3.9478296328902019e+01, 4.4367867980402174e+01,
       2.1656076411203522e+01, -1.5721459432845231e+02,
       -6.3503485278315779e+01, 7.8405675738462079e+01,
       2.4977304344503878e+01, -2.7528643893423816e+01,
       2.8347700820517345e+00, -1.7557599068255749e+02,
       1.4035709142979435e+01, 6.0522379607801142e+01,
       1.2055504487003219e+01, 3.6432019366086465e+01,
       5.8805992834942614e+01, 2.9356337532822069e-01,
       -6.6472606107455732e+01, 4.1702509175783398e+00,
       1.1515775644521094e+02, 4.4668291170385977e+01,
       -6.6738602219807518e+01, 4.6659605356723027e+01,
       -1.0649734514951593e+01, -1.1465912309655066e+02,
       1.0815813626154386e+02, -6.5670696365064373e+01,
       -3.6002326365070118e+01, 2.7979638115302552e+00,
       2.9165588273120871e+01, 4.6856084651130516e+01,
       -6.0030174224660691e+01, -4.5431030897985529e+00,
       3.0374680493625248e+00, -4.6040215270283447e+01,
       1.3230868047456653e+01, 9.1372950303634184e+01,
       -2.1521432742226729e+01, 3.6618439661221927e+00,
       1.4199339807714358e+02, -8.2155186255017639e+01,
       -6.7618437293834944e+01, -2.0385530182206544e+01,
       -1.2943722912608530e+01, 1.4088089814652027e+00,
       -9.0437250761286492e+01, -8.1229856982352536e-02,
       -1.8327095628005612e+01, 3.6175760237711785e+01,
       2.3461240630071291e+02, 2.2835627310333166e+01,
       8.4785439013617321e+00, 1.3585111363398303e+01,
       -1.5062091875320021e+01 ]
covs: !!opencv-matrix
   rows: 125
   cols: 5
   dt: d
   data: [ 3.4981364217572268e+03, -4.9041208135779016e+02,
       1.9063392730963974e+03, -4.1533941017648704e+02,
       -9.6842080896465205e+01, -4.9041208135779004e+02,
       4.3577544408225567e+03, -3.7776264601581380e+02,
       -4.6071207964608141e+02, -6.3257097011269884e+01,
       1.9063392730963974e+03, -3.7776264601581374e+02,
       1.6483907681648222e+03, 1.1031676790004774e+01,
       3.1161782612227576e+01, -4.1533941017648704e+02,
       -4.6071207964608141e+02, 1.1031676790004759e+01,
       1.2574915226012138e+03, 8.6038371788627899e+01,
       -9.6842080896465205e+01, -6.3257097011269899e+01,
       3.1161782612227576e+01, 8.6038371788627927e+01,
       1.2392598264075075e+02, 6.0043207950007982e+03,
       -1.3540707450567820e+02, 1.3021545165919613e+03,
       -3.8026569227306408e+02, 5.3574153691734352e+02,
       -1.3540707450567817e+02, 7.4625465405433515e+03,
       1.7400802547740707e+02, 1.4260063663479136e+03,
       1.8376166902852694e+02, 1.3021545165919615e+03,
       1.7400802547740699e+02, 1.3483934188725354e+03,
       3.4012452518497713e+02, -9.6521721526499476e+01,
       -3.8026569227306413e+02, 1.4260063663479136e+03,
       3.4012452518497707e+02, 1.4619420051731224e+03,
       -6.9459155628898905e+00, 5.3574153691734364e+02,
       1.8376166902852691e+02, -9.6521721526499476e+01,
       -6.9459155628898905e+00, 1.4496178689772745e+02,
       4.2487412519413047e+03, -1.3771726472554553e+02,
       -6.6694699346604875e+02, 3.3870738560686902e+02,
       -5.4334730893543383e+02, -1.3771726472554553e+02,
       4.9556244505845198e+03, -5.0854731494574861e+02,
       -1.6812351182336181e+03, -2.5771694522897695e+02,
       -6.6694699346604864e+02, -5.0854731494574861e+02,
       6.4094251974091503e+02, 2.4022184666433765e+02,
       2.2354823751511270e+02, 3.3870738560686902e+02,
       -1.6812351182336176e+03, 2.4022184666433765e+02,
       1.2254189115169261e+03, 5.8243037772449057e+01,
       -5.4334730893543383e+02, -2.5771694522897695e+02,
       2.2354823751511270e+02, 5.8243037772449043e+01,
       2.6365310910939394e+02, 5.8718179134666088e+03,
       5.3685962878954706e+02, 9.3347091259447666e+02,
       3.5676481212769193e+02, 1.9510376024981468e+02,
       5.3685962878954695e+02, 7.9048441587128582e+03,
       6.8657868572928635e+02, 2.4523789650574193e+02,
       4.5619239499189966e+01, 9.3347091259447689e+02,
       6.8657868572928635e+02, 1.2705085728600745e+03,
       1.4959751168051028e+02, -5.4772761699379778e+01,
       3.5676481212769193e+02, 2.4523789650574201e+02,
       1.4959751168051031e+02, 2.6248326538684073e+03,
       1.0041675620705672e+02, 1.9510376024981471e+02,
       4.5619239499189952e+01, -5.4772761699379792e+01,
       1.0041675620705672e+02, 3.5598882870534958e+01,
       6.7355814119273227e+03, -3.3612530752293293e+02,
       3.1349635906720880e+02, -1.0378512751311436e+02,
       -3.4461563193839771e+02, -3.3612530752293304e+02,
       4.9766648899177990e+03, -6.2561767113337373e+02,
       -1.8848049354270615e+03, -1.2197321259701600e+02,
       3.1349635906720880e+02, -6.2561767113337373e+02,
       1.3256127151440212e+03, 1.0372050616398217e+02,
       6.6640802204020829e+01, -1.0378512751311440e+02,
       -1.8848049354270615e+03, 1.0372050616398217e+02,
       1.2054518786653141e+03, 2.9611927775392175e+01,
       -3.4461563193839771e+02, -1.2197321259701599e+02,
       6.6640802204020801e+01, 2.9611927775392175e+01,
       2.4075053935479502e+02, 5.7391306472683691e+03,
       8.1211333274855224e+02, 1.7812058679363483e+03,
       -1.2079436454553761e+03, 8.2232255335084346e+01,
       8.1211333274855224e+02, 4.1916438099588786e+03,
       5.4113195214009648e+00, 5.8752744525683670e+02,
       -2.1003375216145210e+02, 1.7812058679363483e+03,
       5.4113195214009480e+00, 1.9082330637476734e+03,
       -1.1216633837920415e+02, 5.4771734450548379e+01,
       -1.2079436454553759e+03, 5.8752744525683670e+02,
       -1.1216633837920415e+02, 9.0105004248659998e+02,
       6.1834441223608714e+01, 8.2232255335084332e+01,
       -2.1003375216145204e+02, 5.4771734450548394e+01,
       6.1834441223608714e+01, 1.4638343044570490e+02,
       5.1847179300109856e+03, 1.4785568168169908e+02,
       2.0982440643466962e+03, -1.1734540653436752e+03,
       5.7166191379550219e+02, 1.4785568168169908e+02,
