%YAML:1.0
means: !!opencv-matrix
   rows: 30
   cols: 6
   dt: d
   data: [ -1.3120060132291988e+02, 1.2390092413603850e+02,
       4.7199655339963087e+00, -5.3188473922524125e+01,
       -1.7019613942266954e+01, -1.6198208628297517e+00,
       -6.2278128426866886e+01, -4.5288843182362069e+00,
       -4.0683459523291987e+01, 4.4064907146421657e+00,
       2.4354259153334485e+01, -8.5436555111438306e+00,
       4.4376744116355106e+01, 1.7186277218619483e+02,
       -1.4275592544975378e+01, -1.4059551636113673e+01,
       -3.9792395695114329e+00, -4.7299153362269664e+00,
       -1.1569018996027836e+02, -5.2448195668135096e+00,
       4.6867245147470584e+01, 2.2298927717717870e+01,
       6.1017600667398915e+00, 6.1965136493182618e+00,
       -2.0945977796160422e+00, 9.7651397568030347e+01,
       -7.6837775811459409e+01, -2.3182954091374295e+01,
       -8.9300357576195761e+00, 4.4668230289689059e-01,
       1.2219000134559619e+02, -2.8935456336059381e+01,
       -4.3521415630643851e+01, 2.5169802948448542e+01,
       -1.2874966135647741e+01, -3.3691637684081717e+00,
       7.8978885691180887e+00, -1.9224132597130432e+02,
       1.6500418370266313e+01, 6.9292961401496697e+01,
       1.3289926816812940e+01, -2.3665862769308546e+01,
       -1.9703862009324109e+02, -5.6644100937512214e+01,
       -3.9366936216787192e+00, 4.1442232362551813e+01,
       -1.4537799186558299e+01, 1.8011495391362356e+01,
       5.0254918745358914e+00, -8.0281167402064256e+01,
       -5.0718001956920745e+01, -1.0594439615607007e+01,
       2.0392735615912176e+01, 2.2694586252221552e-01,
       -1.3990402316076376e+02, -9.8937401518710885e+01,
       2.7701730403599868e+01, -5.4107417840564359e+01,
       1.7866092530252309e+00, 3.9337887165284613e+00,
       -1.4616229825445268e+02, 5.9466650044220430e+01,
       7.2139717956569612e+01, -7.1448333004362068e+00,
       -3.8942349021457225e+00, -5.0298808986689796e+00,
       7.3690839087368545e+01, -7.6121301710093121e+01,
       4.0678617645246199e+01, -3.4371186378949666e+01,
       2.3525975162637650e+01, 4.1268660715134313e+00,
       -1.4020097957515682e+02, 4.1111811120065603e+01,
       3.8399805392544017e+01, -4.5623999828366458e+01,
       -4.9872437898625703e+00, 4.4099183037988290e+00,
       1.8451670064038538e+02, -1.2607927986622324e+01,
       2.2012664721268255e+01, -1.3969769266017869e+01,
       -3.7553320025386543e+00, -1.0472619029450255e+01,
       3.9387240718469101e+01, 4.8945975199029512e+01,
       -3.6212861083929319e+01, -8.1426069787865885e+01,
       -6.2077285233692860e+00, -4.3320644910001330e-02,
       2.3499103538463906e+01, -4.0542454342927762e+01,
       4.9615340400845067e+00, 1.1850066513115070e+01,
       -9.8622212707837047e+00, -1.0729174048900502e+01,
       4.4298361359663474e+01, 7.6839172961706296e+01,
       1.3223781895526316e+00, 4.1553396991970324e+01,
       1.3365246564177802e+01, -2.1744553258208170e+00,
       1.0377784988342320e+02, -5.0420449096765459e+01,
       -2.1088654038489082e+01, 3.5523865155953800e+01,
       -2.6863441769729445e+01, 2.1668175712697437e+01,
       -2.3110534256893352e+01, 8.7917241085293753e+01,
       -1.0193644950656989e+01, -4.1133036556708099e+01,
       9.9387555016238096e+00, -2.3998287749739950e+00,
       1.3319872099613784e+01, 1.6056440552006912e+00,
       2.8219678145166057e+01, 4.2258274067246930e+01,
       3.7975407371602742e+01, -1.0757067271075313e+00,
       6.3175385505839635e+01, -3.7172003950070568e+01,
       -1.8975047372951153e+01, 4.3498226496500472e+01,
       -3.0762561910178906e+01, 3.0704451280000953e+01,
       1.7413090376726672e+02, 1.0395884343198972e+01,
       -4.9185859680804874e+01, 1.4451457582228239e+01,
       -1.2265487620884421e+01, -9.2759200876806958e+00,
       -6.8403096076625459e+01, -4.8914771044179815e+01,
       7.8919310678939894e+01, 1.2698760423715370e+01,
       -7.9037481384976109e+00, 1.8455272623653155e+01,
       -1.5138841492036502e+02, 3.2791423208743122e+00,
       2.8508160226813850e+01, -2.2832062166144091e+01,
       -4.0957564440641656e+00, -2.5413873305768313e+01,
       8.7631175591359010e+01, 8.3442577747672772e+01,
       8.4787783566857673e+00, -5.1010308454161347e+01,
       -1.6086691313471317e+01, -1.1158053919298296e+00,
       -2.5711955426011082e+02, 1.9357144253760719e+01,
       -1.2333702817357903e+01, 4.5780609215235133e+00,
       -3.2069116525290804e+00, -1.5591658384397558e+00,
       -1.7759988115306973e+02, -1.1997596796511951e+02,
       5.5884360458112120e+01, 3.6993315152095221e+01,
       -3.2791418752953973e+01, -1.0544893803721232e+01,
       1.5298747084208667e+01, -7.9753885227296848e+01,
       1.1480667872192262e+01, 3.5950011199249900e+01,
       1.9437086322321459e+01, 2.3088852832072014e+01,
       -9.9855048000841826e+00, 6.0904770361240558e+01,
       3.3440500811374383e+00, -3.0001764619422548e+01,
       2.6657470008839447e+01, -4.1705443239957285e+00,
       6.5083258180288340e+01, -9.0920084499156417e+01,
       4.8163115881952612e-01, 5.1720746757363870e+01,
       8.2969999122733586e+00, 1.9670018363074892e+01 ]
