%YAML:1.0
means: !!opencv-matrix
   rows: 10
   cols: 8
   dt: d
   data: [ -1.4719933735702915e+02, -3.6394932002138006e+01,
       4.1497967309101405e+01, 7.3133653547276776e+00,
       -2.3142660165561710e+00, 8.0492869831355094e+00,
       5.8198240998719175e-01, 9.8576294665308961e-01,
       9.5598181658823677e+01, -4.4969489804167956e+01,
       -2.1442830622071519e+01, 3.7636586587897654e+01,
       -2.8185360534769750e+01, 2.3275561887092024e+01,
       1.1951792089153219e+00, 1.2598234760757949e+00,
       7.6241291805778513e+00, -1.6410986282576886e+02,
       1.7847729883169826e+01, 5.7263405436985629e+01,
       1.8445434436418182e+01, -8.4351336154171968e+00,
       -8.3767540724421630e-01, -9.5510727980940002e-01,
       -1.5489078403628713e+02, 7.5056522812553837e+01,
       2.5434375444122875e+01, -3.9953905831648150e+01,
       -7.9393884586739087e+00, -3.5385091498105319e+00,
       8.8415712008140204e-02, 5.2358007476153112e-01,
       2.1075634077391829e+01, -1.9962031657989915e+01,
       1.0610815853656788e+01, 1.2859725552622869e+01,
       1.8654578566518904e+01, 1.0099744718140800e+01,
       -4.6532616712564268e-01, -1.8859603337756745e-01,
       1.0045484377253516e+02, 1.0219529761037588e+01,
       -2.6426337389518835e+01, 2.2125162861600258e+00,
       -1.0031245702535632e+01, -8.7145082009464740e+00,
       -1.8089547776702177e+00, 2.7938350994549599e-01,
       6.4047817055912518e+01, -1.9275019317400883e+01,
       -1.7835104694183631e+01, 9.0414776494283551e+00,
       1.8765065430700854e+01, -6.8234383664214135e+00,
       1.3564665129222329e+00, -9.4690291798116011e-01,
       -1.3580597466417476e+01, 8.8497580466488529e+01,
       -6.8992111059376802e+00, -4.5151014901319172e+01,
       8.7297480294339938e+00, -1.1318075488755690e+00,
       1.7756745650071672e+00, -6.3892354145262520e-01,
       -1.6988801159335503e+02, -1.1085525796443169e+02,
       4.6884847710619155e+01, 3.7107112375429779e+01,
       -2.9789981193502786e+01, -5.7841800942856203e+00,
       -3.8783651023812511e+00, -8.7981212575168510e-01,
       4.1590562722498809e+01, 1.2336781640692757e+02,
       -2.9517132212822517e+01, -4.9175242202610612e+01,
       -8.6744168606861933e+00, 1.3827051686568639e+00,
       2.4093223965693826e+00, 6.6461599497248919e-02 ]
covs: !!opencv-matrix
   rows: 80
   cols: 8
   dt: d
   data: [ 8.0993372742321926e+03, 1.8882461129167055e+02,
       2.6865170317318762e+03, -6.5706892464424891e+02,
       6.2374191402276983e+02, 5.1996867538585946e+02,
       1.3587526473584128e+02, 3.2802806316899542e+01,
       1.8882461129167064e+02, 6.7694666465631508e+03,
       8.2826315572238809e+02, 2.3464434519050874e+03,
       2.4048897735757816e+02, 1.6013350206674858e+02,
       2.2296544315956503e+01, -8.3602269863613561e+00,
       2.6865170317318762e+03, 8.2826315572238809e+02,
       2.3952488394062630e+03, -1.0843380451226348e+02,
       -1.4640419638700237e+02, -5.1104332050623334e+01,
       -2.3043256012420763e+01, -2.6519130314919468e+00,
       -6.5706892464424891e+02, 2.3464434519050874e+03,
       -1.0843380451226348e+02, 1.7957992587152060e+03,
       -2.1895380927236832e+01, 4.2837912945758866e+01,
       1.7817561464683855e+01, 3.2165679382397783e-01,
       6.2374191402276983e+02, 2.4048897735757816e+02,
       -1.4640419638700237e+02, -2.1895380927236825e+01,
       2.5228515574810092e+02, 1.0107254475215605e+02,
       7.4497766703315316e+00, 3.3214252587007085e+00,
       5.1996867538585946e+02, 1.6013350206674858e+02,
       -5.1104332050623356e+01, 4.2837912945758866e+01,
       1.0107254475215603e+02, 2.0280238697053863e+02,
       -7.7499629752621777e+00, 2.1282700029063517e+00,
       1.3587526473584128e+02, 2.2296544315956503e+01,
       -2.3043256012420763e+01, 1.7817561464683852e+01,
       7.4497766703315298e+00, -7.7499629752621750e+00,
       2.6149442170039908e+01, 2.4613625777532904e+00,
       3.2802806316899535e+01, -8.3602269863613543e+00,
       -2.6519130314919468e+00, 3.2165679382397711e-01,
       3.3214252587007094e+00, 2.1282700029063526e+00,
       2.4613625777532904e+00, 1.3270999520225276e+01,
       4.5454011881124998e+03, 3.4592381879325757e+01,
       2.8066319890916234e+03, -8.7514000672171721e+02,
       -2.5475605837196715e+00, -4.2117928854789945e+01,
       -7.3867479069479870e+01, 2.6910562973036631e+00,
       3.4592381879325764e+01, 5.1896033259248788e+03,
       9.0801399034590122e+02, 2.6803003889184911e+03,
       -1.6553318002381776e+01, -7.1214651627910300e+01,
       -2.8322755568355557e+01, -4.1202349299509414e+01,
       2.8066319890916234e+03, 9.0801399034590111e+02,
       2.5535134688190747e+03, -8.2525766049902757e+01,
       -1.1175932679563225e+02, -6.0939862388837319e+01,
       9.2074090510921849e+00, -2.2081348645716123e-01,
       -8.7514000672171721e+02, 2.6803003889184911e+03,
       -8.2525766049902785e+01, 1.7501813607228908e+03,
       4.9939110259130359e+01, -1.0570502246236423e+02,
       -9.0445686128806777e+00, 5.1472635376485130e+00,
       -2.5475605837196715e+00, -1.6553318002381776e+01,
       -1.1175932679563228e+02, 4.9939110259130381e+01,
       5.0617354708154075e+01, -3.6883407572217621e+01,
       -2.3175836917698751e+00, 1.1793773217656454e+01,
       -4.2117928854789923e+01, -7.1214651627910328e+01,
       -6.0939862388837319e+01, -1.0570502246236423e+02,
       -3.6883407572217621e+01, 1.3388009933894708e+02,
       -2.3255721962344619e+01, -1.7629016846656407e+00,
       -7.3867479069479870e+01, -2.8322755568355561e+01,
       9.2074090510921884e+00, -9.0445686128806724e+00,
       -2.3175836917698756e+00, -2.3255721962344619e+01,
       2.1549126778706359e+01, -3.9404749438054648e-01,
       2.6910562973036614e+00, -4.1202349299509422e+01,
       -2.2081348645716173e-01, 5.1472635376485112e+00,
       1.1793773217656454e+01, -1.7629016846656402e+00,
       -3.9404749438054648e-01, 1.4192684094557242e+01,
       5.5396421517134013e+03, -7.8194429350281860e+02,
       3.0350204671217621e+03, -9.3639309573490686e+02,
       4.2309875532552496e+01, -8.9728858805348139e+01,
       -5.6828149871557358e+01, -1.0092985958063473e+01,
       -7.8194429350281825e+02, 9.2064564339791559e+03,
       1.3361848946224545e+03, 1.7663305530995653e+03,
       9.4952677824335626e+02, 1.2411561640980303e+03,
       1.6383281039052525e+02, 1.9321146306309522e+01,
       3.0350204671217621e+03, 1.3361848946224545e+03,
       2.4710562579966763e+03, -2.3197573719612106e+02,
       1.3730022888267067e+02, 1.3152676013895464e+02,
       8.6845185058756087e+00, 6.2034855756326941e+00,
       -9.3639309573490686e+02, 1.7663305530995656e+03,
       -2.3197573719612106e+02, 2.0359897957393537e+03,
       -2.9858586095095194e+02, -2.7847978989593025e+02,
       -3.4459675844075015e+01, -3.3357664236818586e+01,
       4.2309875532552489e+01, 9.4952677824335626e+02,
       1.3730022888267067e+02, -2.9858586095095194e+02,
       4.0094950792123757e+02, 2.8147643704903044e+02,
       1.5602016059264585e+01, 7.0161118643926761e+00,
       -8.9728858805348139e+01, 1.2411561640980303e+03,
       1.3152676013895470e+02, -2.7847978989593025e+02,
       2.8147643704903044e+02, 5.0388503081054438e+02,
       1.7559242169570577e+01, 1.3204448526528473e+01,
       -5.6828149871557358e+01, 1.6383281039052525e+02,
       8.6845185058756016e+00, -3.4459675844075008e+01,
       1.5602016059264578e+01, 1.7559242169570577e+01,
       2.6509838691460946e+01, 4.3758390472113690e-02,
       -1.0092985958063473e+01, 1.9321146306309515e+01,
       6.2034855756326959e+00, -3.3357664236818586e+01,
       7.0161118643926761e+00, 1.3204448526528472e+01,
       4.3758390472113690e-02, 1.9834370457275295e+01,
       6.8195586344258554e+03, 1.0746250674934404e+03,
       2.6108889990085809e+03, -1.2148332763729898e+03,
       3.4826892111917900e+01, 2.1158193605584756e+02,
       9.1140540162648207e+01, 1.5551161506936888e+01,
       1.0746250674934408e+03, 7.9000956267362726e+03,
