%YAML:1.0
means: !!opencv-matrix
   rows: 9
   cols: 15
   dt: d
   data: [ 9.9175370978438906e+01, -4.3799208264673005e+01,
       -2.1933110205702899e+01, 3.7113327841543011e+01,
       -2.7659707673685812e+01, 2.3310941668955099e+01,
       1.0661310811892843e+00, 1.2914565311186341e+00,
       4.8794371577108830e-01, 3.2570800247438109e-02,
       1.4840417788526383e-01, -3.1385976292505873e-03,
       -2.5291756053403970e-03, -7.6832031665348679e-03,
       1.9786509851319096e-02, 2.2029818802105748e+01,
       1.0973181755947522e+02, -1.6243156097329194e+01,
       -4.2730821364281880e+01, -6.7094676637968318e+00,
       -2.4237327085847304e-01, -4.7568185487007240e+00,
       1.7616350364844197e-01, 3.2380190516485774e+00,
       2.8081737155138303e-01, 2.2115773237024631e-02,
       6.9712832043464248e-02, -3.3369899354147400e-02,
       1.7886128143357365e-02, -3.7555656403292816e-02,
       8.7146558597577499e+00, 1.2592223368102173e+01,
       -8.2090911923907832e+00, -1.8605317409856308e+01,
       4.4639372073182706e+00, -1.0861051242700619e+01,
       -3.8283477029964312e+00, 1.5566560022879374e+00,
       4.9009339097884723e+00, 2.0410319318163422e-01,
       -4.1809323838205459e-02, -8.7399834422514033e-02,
       -1.4639761856171130e-02, 8.3511275697786900e-04,
       2.8129369930268020e-02, 1.2311704544335048e+02,
       5.7360790390194182e+01, -3.8037916487322455e+01,
       -1.0893410013706843e+01, -7.4263876616655704e+00,
       -5.4869950692195033e+00, 9.5365742701605485e-02,
       -3.1550705931921574e-01, -6.9937061105678633e-01,
       -1.1863709271129147e-02, 7.0162543156698523e-02,
       -1.1843453156437181e-02, 3.1859508547959284e-03,
       6.4356929789866034e-03, -1.5997090328506231e-02,
       -1.7213859306754830e+02, -7.5125865165325777e+01,
       4.5155702115032106e+01, 2.0318172532349315e+01,
       -1.7693741915421224e+01, -1.4768183050761781e+00,
       -2.0028163184053720e+00, 2.0480817186006470e-01,
       -3.5927112213833540e-01, 1.3121668462102429e-01,
       -1.7787668824182840e-02, 1.5298587733214257e-02,
       -3.3419782981531361e-03, 6.0013426892995480e-04,
       4.5823549512760478e-03, -1.5853621410100175e+02,
       6.6928001582061256e+01, 2.6070542543475764e+01,
       -3.9967361632872709e+01, -9.4363664781853771e+00,
       -4.5595720826021804e+00, 6.2223988223594123e-02,
       3.2833542505439656e-01, -3.8763153974932624e-01,
       -7.4878563545289253e-02, -3.1366876838567184e-04,
       -1.2723791476590132e-02, 4.5942062987024794e-03,
       -3.7745700447041383e-04, -9.2620400853841823e-05,
       2.9477757357613644e+01, -1.6543062795516238e+02,
       5.9093666209649003e+00, 6.2369397552555235e+01,
       3.3308773523925268e+00, -1.4048013281868638e+01,
       -9.7358427374794765e-01, -1.4117039777663549e+00,
       1.1210405183088425e-01, -6.3267927647994526e-01,
       -9.5225239849021676e-02, -7.1478979530583270e-02,
       2.9968777606555592e-03, 1.1070552565820683e-02,
       -4.6635874079689339e-02, -1.0774895089321737e+01,
       6.8491285569258809e+00, 8.7234099055297474e+00,
       -4.9967093937268423e+00, 2.2930516727852243e+01,
       3.4971327777535510e+00, 1.3761042332131763e+00,
       -3.6988725698538527e-01, -2.5942541394640378e-01,
       3.5689852898603172e-02, 3.4895153934702598e-02,
       9.8633069849654725e-03, 2.4509806994228865e-03,
       -2.6516017001926924e-03, 2.5951894400385324e-03,
       7.6657271332927635e+01, -2.9448159154649787e+01,
       -1.4955623616035068e+01, 1.7331240296448655e+01,
       -4.7734991159296190e+00, 3.2521199767355955e+00,
       8.7407850030998502e-01, 8.7216216192313581e-02,
       -5.1847911536648728e-01, -3.5538640002071062e-02,
       -1.4931918135922015e-01, 2.6553106948100893e-02,
       2.3412462463042894e-03, -6.6464825985188851e-03,
       1.5323241039701478e-02 ]
covs: !!opencv-matrix
   rows: 135
   cols: 15
   dt: d
   data: [ 4.1634937317011727e+03, -9.0071310797807627e+01,
       2.9254378280909150e+03, -8.2070309563758394e+02,
       -8.5099558858285292e+01, -2.9690679580367235e+01,
       -6.9465389187858023e+01, 5.1086105257905312e-01,
       -1.7513265331044291e+01, 2.6613349415424614e+00,
       4.5026542185213397e-01, -3.3229838457284006e-01,
       6.9629185966559398e-02, -7.1709381194742156e-02,
       2.5524499635027637e-01, -9.0071310797807627e+01,
       5.1253600937191968e+03, 9.3691804567942791e+02,
       2.6944371495463788e+03, -3.9008927278926841e+01,
       -6.7132984261195233e+01, -2.6763747599886273e+01,
       -4.1164553113644132e+01, 3.5028714884847489e+00,
       -8.2047015691127072e+00, -4.4245486044151594e-01,
       -5.1399564017984595e-02, -3.0371093484650960e-02,
       -1.8177966311531482e-01, -2.3026974396570934e-02,
       2.9254378280909154e+03, 9.3691804567942791e+02,
       2.5543198010202350e+03, -9.9257611791687879e+01,
       -9.4879231829486869e+01, -7.8741386815351305e+01,
       8.7655441138220151e+00, -1.7677371747187907e+00,
       -6.3596306914456346e-01, 1.0835037777034526e+00,
       3.6633662925686095e-01, -8.9266572739577929e-02,
       9.9809759293761222e-02, -7.3715698317443498e-02,
       6.4763858099912294e-02, -8.2070309563758417e+02,
       2.6944371495463788e+03, -9.9257611791687921e+01,
       1.7468368955076453e+03, 6.5246865385872667e+01,
       -1.1170105868643095e+02, -1.1023849109332305e+01,
       8.2625000244109561e+00, -9.3125972195403039e-01,
       -4.6505125688835602e-01, 3.6097468040887137e-01,
       -2.0532352177146652e-02, -3.2468642102092438e-02,
       -8.5202940947494255e-02, 7.3563918890784674e-02,
       -8.5099558858285292e+01, -3.9008927278926841e+01,
       -9.4879231829486898e+01, 6.5246865385872653e+01,
       3.3677620666137180e+01, -3.2741960682774156e+01,
       -2.1479996932899015e+00, 1.2402452568094551e+01,
       -2.2475570308250341e+00, 1.7752683800175701e+00,
       2.2737795023758650e-01, -6.5104518415845559e-03,
       -1.0580146643368636e-02, -1.6419109635049129e-02,
       5.8306891962003296e-02, -2.9690679580367238e+01,
       -6.7132984261195247e+01, -7.8741386815351277e+01,
       -1.1170105868643095e+02, -3.2741960682774149e+01,
       1.3286694579436389e+02, -2.2305118252769134e+01,
       -2.4398811075476319e+00, -1.2999102718272670e+00,
       -3.3345987113866693e+00, -6.9974198060056947e-01,
       -1.1306956770406949e-01, -1.8387981192276269e-02,
       8.1574161339528453e-02, -1.1263923944910612e-01,
       -6.9465389187858023e+01, -2.6763747599886276e+01,
       8.7655441138220151e+00, -1.1023849109332296e+01,
       -2.1479996932899015e+00, -2.2305118252769134e+01,
       2.1613697444852296e+01, -1.6983265420582586e-01,
       2.9783237476758306e+00, 1.3053907381056495e-01,
       3.0073158570620751e-02, 5.4182821715418807e-02,
       -3.6455816551521372e-02, 1.7011389918107855e-02,
       -1.4779894163783855e-02, 5.1086105257905423e-01,
       -4.1164553113644132e+01, -1.7677371747187889e+00,
       8.2625000244109597e+00, 1.2402452568094551e+01,
       -2.4398811075476319e+00, -1.6983265420582550e-01,
       1.4335667326234505e+01, -1.1993624577782622e+00,
       8.7970575984963362e-01, 2.4156494097060020e-02,
       -1.6697709866557300e-02, 3.0645600466673805e-03,
       1.6290551150578890e-02, -7.1578534961167623e-04,
       -1.7513265331044291e+01, 3.5028714884847489e+00,
       -6.3596306914456346e-01, -9.3125972195403039e-01,
       -2.2475570308250341e+00, -1.2999102718272670e+00,
       2.9783237476758306e+00, -1.1993624577782622e+00,
       9.1236583128952697e-01, -6.7241289574137983e-02,
       -2.8117814905273411e-04, 1.5226679466083812e-02,
       1.7073253716537177e-02, 1.8969862178924769e-03,
       -7.3325814914200396e-03, 2.6613349415424614e+00,
       -8.2047015691127054e+00, 1.0835037777034526e+00,
       -4.6505125688835602e-01, 1.7752683800175701e+00,
       -3.3345987113866693e+00, 1.3053907381056498e-01,
       8.7970575984963362e-01, -6.7241289574137983e-02,
