%YAML:1.0
means: !!opencv-matrix
   rows: 2
   cols: 18
   dt: d
   data: [ 7.5157361768270770e+00, 7.8304625915351123e+00,
       -1.5123089782727273e+00, -1.7982209050370690e+00,
       9.6908953485296623e-01, 1.8190795743796577e+00,
       8.0460778188269477e-01, -5.8489576645513935e-02,
       -5.0839251073617486e-01, -4.0500285526508216e-03,
       9.4518003907002619e-03, 6.5009694525379165e-03,
       2.8149595559689919e-03, -9.2483966431478222e-04,
       1.1460608856104293e-04, -1.1126964680569320e-04,
       2.9524517717406239e-04, -1.9210236407046405e-04,
       -4.0747319790753274e+01, -4.2459687032614099e+01,
       8.1904974662416663e+00, 9.7507070157245437e+00,
       -5.2550806617437145e+00, -9.8763564481864208e+00,
       -4.3629481816844313e+00, 3.1754338536618659e-01,
       2.7620902211898088e+00, 3.4115783888674318e-02,
       -5.2274650041264366e-02, -3.5898043655939585e-02,
       -1.5246774563489813e-02, 5.2523807384040559e-03,
       -5.2988050692882969e-04, 5.0336552183181591e-04,
       -1.6871630818478085e-03, 9.1290914291438144e-04 ]
covs: !!opencv-matrix
   rows: 36
   cols: 18
   dt: d
   data: [ 1.6852621950166293e+04, -6.6598910281667702e+02,
       5.3960427063000594e+01, 2.6218367317046119e+02,
       -1.0823317112672180e+02, -3.3003573288040918e+01,
       -2.0839133467442238e+01, -2.4704705628645396e+01,
       5.3565864777938179e+00, 4.5132432304754797e+00,
       -5.6477210980736270e-01, -4.4541467338567980e-01,
       -2.7458656831937659e-02, 1.3838424887692232e-02,
       2.9331574903675556e-01, 2.5257992520326988e-01,
       -5.6601830955761746e-02, 5.1809648316741008e-02,
       -6.6598910281667690e+02, 1.1286884933427853e+04,
       9.8993656998457595e+01, 2.7787430568589508e+02,
       -1.4609116963083474e+02, -2.1603679232262948e+02,
       -2.6162733842017509e+01, -1.8178105702683741e+01,
       -6.0620023377864263e-01, -1.2489857813454682e+01,
       -1.2281777048718029e-01, -7.2430151409677734e-01,
       5.8606166363799464e-02, -2.0272691352252094e-02,
       -1.3725775929252829e-01, 2.1543732273189115e-01,
       4.4236695092952499e-03, -9.4950800268044325e-02,
       5.3960427063000559e+01, 9.8993656998457553e+01,
       3.2801260820191578e+03, -5.5250134811353995e+01,
       3.0306677907982394e+01, 1.3720076047571190e+01,
       5.9153307829089279e+00, 6.4940219540897255e+00,
       -2.5913716770305331e+00, 1.9215981681773695e+00,
       -3.8772165522560062e-02, -9.3064629397874108e-03,
       2.0943130000864300e-03, 3.9249483021299360e-02,
       -4.9151743700275037e-02, -8.5343503058768672e-02,
       2.7864784008793875e-02, -2.3200847243156703e-02,
       2.6218367317046125e+02, 2.7787430568589508e+02,
       -5.5250134811353995e+01, 2.7471218588003926e+03,
       3.9105748351670407e+01, 5.7658004579521617e+01,
       6.9039690324909850e+00, 4.0016260333593658e+00,
       5.9789260753018763e+00, 3.1953043060620452e+00,
       1.3603117297005016e-01, 1.2681288882071792e-01,
       -1.9453518499777247e-02, 3.6716076216852363e-02,
       8.7942746394321883e-02, -1.0849131783481030e-02,
       2.2580672901490854e-02, 3.7801924569328092e-02,
       -1.0823317112672184e+02, -1.4609116963083474e+02,
       3.0306677907982415e+01, 3.9105748351670400e+01,
       4.5224654763265733e+02, -1.9892022161059398e+01,
       -5.3624920481962732e+00, -4.6037182597486090e+00,
       -2.1849092007043445e+00, 8.8311453170421805e-01,
       8.8519012060876312e-02, -1.1531358664029316e-02,
       -5.9445994936475179e-03, 2.6773369025494747e-02,
       -7.6854326323956860e-03, 2.1954996552709452e-02,
       2.6419867873750933e-03, -4.8497775737663795e-03,
       -3.3003573288040897e+01, -2.1603679232262942e+02,
       1.3720076047571185e+01, 5.7658004579521595e+01,
       -1.9892022161059405e+01, 2.2398131486577685e+02,
       -7.7971031529868160e+00, 1.4919867698352871e+00,
       4.9184357084266885e+00, -1.8812992686433228e+00,
       1.5886444353927903e-01, -1.9439050745382810e-01,
       -8.8268193443892251e-03, -4.7857053426229304e-03,
       -1.0718868386421984e-02, -3.5049869342612004e-03,
       5.7513392620915640e-03, -1.2591591647868759e-03,
       -2.0839133467442227e+01, -2.6162733842017506e+01,
       5.9153307829089306e+00, 6.9039690324909850e+00,
       -5.3624920481962759e+00, -7.7971031529868178e+00,
       2.3478494651663993e+01, 6.8878298050504261e-01,
       3.5301823873943676e+00, 2.0766630669843583e-01,
       -1.1906639076603921e-02, 4.7958710423248722e-02,
       -3.4794485962476057e-02, 9.3248918634387477e-03,
       -1.6528011455001764e-02, -4.6625960404524181e-03,
       -6.5290941247049625e-04, 7.5698467147736692e-04,
       -2.4704705628645399e+01, -1.8178105702683741e+01,
       6.4940219540897255e+00, 4.0016260333593658e+00,
       -4.6037182597486099e+00, 1.4919867698352873e+00,
       6.8878298050504272e-01, 1.4503637191695757e+01,
       -1.0325082366706537e+00, 5.3182957723548119e-01,
       -1.3590257159381640e-02, -6.7575896798638471e-03,
       5.0765609845705249e-03, 1.2600433508707314e-02,
       -3.8598469782520550e-03, 8.2517303722265001e-03,
       -3.4729019377625344e-04, -1.7782372309238469e-03,
       5.3565864777938188e+00, -6.0620023377864163e-01,
       -2.5913716770305326e+00, 5.9789260753018763e+00,
       -2.1849092007043449e+00, 4.9184357084266876e+00,
       3.5301823873943676e+00, -1.0325082366706537e+00,
       1.4926443016021362e+00, 2.2539081619905428e-02,
       4.6960060433841988e-02, 1.8307276888012442e-02,
       1.5720916557233379e-02, -1.3999892102462424e-03,
       -1.2444834615924808e-03, 2.1164595362395499e-03,
       -4.8958176033734202e-04, -2.2373885598798208e-03,
       4.5132432304754824e+00, -1.2489857813454682e+01,
       1.9215981681773695e+00, 3.1953043060620439e+00,
       8.8311453170421839e-01, -1.8812992686433228e+00,
       2.0766630669843583e-01, 5.3182957723548119e-01,
       2.2539081619905432e-02, 3.6879663860422068e-01,
       9.3309942151635177e-03, -9.1545477903635301e-04,
       3.4663817818294199e-03, -1.1340453119023382e-02,
       -5.5246133408084163e-04, 8.7025727702309667e-04,
       5.3128183195032502e-04, -2.6848573415613614e-05,
       -5.6477210980736237e-01, -1.2281777048718030e-01,
       -3.8772165522560069e-02, 1.3603117297005007e-01,
       8.8519012060876368e-02, 1.5886444353927906e-01,
       -1.1906639076603916e-02, -1.3590257159381634e-02,
       4.6960060433841988e-02, 9.3309942151635177e-03,
       3.1496426283228351e-02, -7.7354405243250217e-04,
       -1.7882031325823375e-04, 1.1323589530619001e-04,
       1.8625403477690543e-04, 2.4894180855748521e-04,
       -2.4654245335129014e-04, -4.1672481322572693e-04,
       -4.4541467338567997e-01, -7.2430151409677734e-01,
       -9.3064629397874143e-03, 1.2681288882071792e-01,
       -1.1531358664029316e-02, -1.9439050745382810e-01,
       4.7958710423248722e-02, -6.7575896798638471e-03,
       1.8307276888012446e-02, -9.1545477903635431e-04,
       -7.7354405243250206e-04, 2.0865001582149947e-03,
       5.0428101526629840e-04, 3.2532561455646989e-05,
       5.7012455455421991e-04, 5.3193741304653327e-05,
       7.4667910279290732e-06, -4.3578373194513143e-05,
       -2.7458656831937638e-02, 5.8606166363799464e-02,
       2.0943130000864447e-03, -1.9453518499777247e-02,
       -5.9445994936475240e-03, -8.8268193443892234e-03,
       -3.4794485962476036e-02, 5.0765609845705275e-03,
       1.5720916557233379e-02, 3.4663817818294199e-03,
       -1.7882031325823378e-04, 5.0428101526629830e-04,
       2.2426365936494877e-03, 7.2828991078925296e-05,
       -1.0423684958395071e-04, -4.4522513987447193e-05,
       -7.7393132498264391e-08, -2.7017129512809444e-07,
       1.3838424887692222e-02, -2.0272691352252063e-02,
       3.9249483021299325e-02, 3.6716076216852342e-02,
       2.6773369025494733e-02, -4.7857053426229304e-03,
       9.3248918634387442e-03, 1.2600433508707317e-02,
       -1.3999892102462422e-03, -1.1340453119023382e-02,
