%YAML:1.0
means: !!opencv-matrix
   rows: 14
   cols: 4
   dt: d
   data: [ -8.2610155037546093e+01, -1.8088512521906445e+01,
       -4.1269568963583730e+01, 3.1420151040949698e+01,
       1.1598981752598842e+01, -9.9677843790880686e+01,
       -2.7034900909189908e+01, -4.6486547460659295e+01,
       1.7810232199849452e+02, -1.3624200471728503e+01,
       3.3542777847557161e+01, 3.2078384610253650e+01,
       -1.8379416681821110e+02, -1.4098278529677839e+02,
       3.2140434677916929e+01, -3.2998872690794933e+01,
       1.1225910727528210e+02, -4.9647506890210266e+01,
       4.5328683115685521e+01, -5.5834708692526569e+01,
       -1.7027241081409628e+01, 1.3682617892788238e+02,
       -4.8927443512394206e+01, 1.0078477646391299e+01,
       -2.2524930788798065e+02, 9.4819547881222146e+00,
       -2.1764685219537050e-01, 1.8584445213698626e+01,
       7.7993509342162113e+01, 1.7766047244558276e+01,
       -3.5911719919779735e+01, 7.4822909822902972e+01,
       -7.3258949833386060e+00, 4.8825456897873373e+01,
       -3.4650185114256438e+01, -6.9664904351934823e+01,
       8.3195867824738514e+01, 1.4481727039081613e+02,
       3.2701432240888927e+01, -1.4023289730464452e+01,
       -1.1633054527646743e+02, 1.5987726980207620e+01,
       8.1370237385432532e+01, 3.6685223425817579e+00,
       1.1441246962041947e+00, 9.0315511318679658e+00,
       3.3637355827141114e+01, 1.3187834514590724e+01,
       9.8433251756920356e+01, -7.9517910972491535e+01,
       -5.7163859087634208e+01, 6.4588132644076977e+00,
       1.5571671797614542e+01, -1.1504035240447779e+02,
       2.1990686871561600e+01, 4.2301391221407393e+01 ]
covs: !!opencv-matrix
   rows: 56
   cols: 4
   dt: d
   data: [ 1.9021428610499386e+03, -2.5947085341238261e+02,
       8.3886725008501102e+01, -2.9557291956151789e+02,
       -2.5947085341238261e+02, 6.5783627134061962e+03,
       4.8616879351711458e+02, 1.1824789102446475e+03,
       8.3886725008501074e+01, 4.8616879351711458e+02,
       5.7738559301775047e+02, 5.2414919822210607e+02,
       -2.9557291956151778e+02, 1.1824789102446475e+03,
       5.2414919822210607e+02, 1.8733970434567020e+03,
       1.1881050021118415e+04, -8.5735323666280590e+02,
       1.0879630218363961e+02, 2.5402353891415623e+02,
       -8.5735323666280601e+02, 4.1981154510875749e+03,
       -6.1624502626390131e+02, -1.5816825675595612e+03,
       1.0879630218363960e+02, -6.1624502626390131e+02,
       2.4680420546990827e+03, -2.1155628994165127e+02,
       2.5402353891415623e+02, -1.5816825675595612e+03,
       -2.1155628994165122e+02, 1.0670662856043066e+03,
       4.7247508957106556e+03, 1.5882851873865559e+03,
       -8.9985934006165792e+02, -2.2090817354798239e+02,
       1.5882851873865561e+03, 4.8776132958316430e+03,
       1.2311347028840517e+02, 1.2268212804079881e+03,
       -8.9985934006165792e+02, 1.2311347028840522e+02,
       1.0772608251550569e+03, 4.8816149731904790e+02,
       -2.2090817354798233e+02, 1.2268212804079881e+03,
       4.8816149731904790e+02, 1.2213565799424791e+03,
       5.3225441855646577e+03, -5.1919798838551083e+02,
       2.7735895267699088e+03, -3.5758528258318705e+02,
       -5.1919798838551083e+02, 4.9701484016710165e+03,
       4.5172402247119180e+01, -1.5706320206999776e+03,
       2.7735895267699088e+03, 4.5172402247119180e+01,
       2.0052788740181206e+03, -3.6385654072601380e+02,
       -3.5758528258318705e+02, -1.5706320206999771e+03,
       -3.6385654072601380e+02, 1.2723359172710677e+03,
       9.5178483271023051e+03, -8.6459519848249363e+02,
       -2.0632293554272183e+03, 8.8128085269080736e+02,
       -8.6459519848249363e+02, 7.2931620575727547e+03,
       -2.9988378643962750e+02, -1.6538322232873254e+03,
       -2.0632293554272183e+03, -2.9988378643962750e+02,
       8.7599964297783174e+02, 1.9076033489578694e+02,
       8.8128085269080736e+02, -1.6538322232873252e+03,
       1.9076033489578700e+02, 1.4724713709848163e+03,
       8.8788203016694570e+03, -2.4300139494751752e+03,
       -5.1818036659579377e+02, 1.0684060801926794e+03,
       -2.4300139494751752e+03, 5.0347334833844270e+03,
       3.8516225158057654e+02, 3.2871023049171860e+01,
       -5.1818036659579377e+02, 3.8516225158057665e+02,
       1.2869628145600989e+03, -1.6278603945522966e+02,
       1.0684060801926794e+03, 3.2871023049171875e+01,
       -1.6278603945522966e+02, 1.0248108570665445e+03,
       3.5983778268410447e+03, 2.7119335454469615e+02,
       5.1008339255026277e+02, -3.9796921025851401e+02,
       2.7119335454469604e+02, 8.7003789271266396e+03,
       1.2888535583853189e+02, -2.4125447682255711e+02,
       5.1008339255026277e+02, 1.2888535583853186e+02,
       8.8285719832232803e+02, 5.8005697999824622e+02,
       -3.9796921025851390e+02, -2.4125447682255711e+02,
       5.8005697999824622e+02, 2.3121098700303760e+03,
       4.7083190710776016e+03, 1.1112603408315574e+03,
       6.6643847648360975e+02, -5.3248580075587688e+02,
       1.1112603408315572e+03, 2.8971835491608740e+03,
       -2.6821678078770100e+02, 4.0926555721586840e+02,
       6.6643847648360975e+02, -2.6821678078770100e+02,
       1.9186512772579795e+03, -6.7099599651658664e+01,
       -5.3248580075587688e+02, 4.0926555721586840e+02,
       -6.7099599651658650e+01, 6.6459200363898344e+02,
       8.6015663349769657e+03, -7.3364105225292951e+02,
       1.2738499917875206e+03, 8.5825481686566249e+01,
       -7.3364105225292951e+02, 2.5960003891536735e+03,
       8.1188725205027282e+01, 3.7573676576027958e+02,
       1.2738499917875206e+03, 8.1188725205027254e+01,
       2.2660881073902387e+03, -3.4211661900401407e+02,
       8.5825481686566235e+01, 3.7573676576027952e+02,
       -3.4211661900401407e+02, 8.9404162096694529e+02,
       7.9864407094691442e+03, -1.1230347696759504e+03,
       -6.1477058597141126e+02, 7.9499757353814698e+02,
       -1.1230347696759507e+03, 4.2554446644328336e+03,
       3.3926812769291308e+02, 9.5343566290824540e+01,
       -6.1477058597141104e+02, 3.3926812769291297e+02,
       1.1033776200178229e+03, -2.0163552580413804e+02,
       7.9499757353814698e+02, 9.5343566290824540e+01,
       -2.0163552580413798e+02, 9.8916532733510155e+02,
       3.4127849975467161e+03, 1.9848046193763975e+02,
       7.3345981458251345e+02, -3.1139906470752391e+02,
       1.9848046193763972e+02, 8.7374419750846646e+03,
       -7.5340169533743389e+00, -4.9214301679145319e+02,
       7.3345981458251345e+02, -7.5340169533743371e+00,
       1.0094718539726514e+03, 4.2419338350576601e+02,
       -3.1139906470752391e+02, -4.9214301679145319e+02,
       4.2419338350576601e+02, 1.8596789767182177e+03,
       5.7731839464985214e+03, 1.4480424100836569e+03,
       6.5362477579123743e+02, -6.7260157585516924e+02,
       1.4480424100836576e+03, 3.8871120156752031e+03,
       6.4446687058172131e+02, 1.2447031946326877e+03,
       6.5362477579123743e+02, 6.4446687058172131e+02,
       1.8605390428696994e+03, 3.9558126162858520e+02,
       -6.7260157585516924e+02, 1.2447031946326877e+03,
       3.9558126162858520e+02, 1.1689215199633318e+03,
       4.8717620847270700e+03, 7.0492560544319838e+02,
       1.1385090641724441e+03, -7.9291206917406464e+02,
       7.0492560544319849e+02, 3.2653763897657655e+03,
       -7.7285050282204367e+01, 6.8343016491322885e+01,
       1.1385090641724441e+03, -7.7285050282204367e+01,
       1.7802641633624421e+03, -3.9080618724615420e+01,
       -7.9291206917406464e+02, 6.8343016491322885e+01,
       -3.9080618724615469e+01, 8.2724683138667694e+02,
       4.1776181435015087e+03, 4.8605430613223199e+01,
       2.3413056069137301e+03, -6.7115130872189116e+02,
       4.8605430613223220e+01, 1.2178623136102853e+04,
       1.8102279009275826e+03, 1.8325097127056563e+02,
       2.3413056069137301e+03, 1.8102279009275826e+03,
       2.0744932497664627e+03, -1.4862632715446418e+02,
       -6.7115130872189127e+02, 1.8325097127056563e+02,
       -1.4862632715446418e+02, 2.0661913191715535e+03 ]
