%YAML:1.0
means: !!opencv-matrix
   rows: 27
   cols: 1
   dt: d
   data: [ -6.0424339228495336e+00, 1.5045893861832948e+02,
       -2.0345283704187676e+02, 8.6694456708250968e+01,
       -8.5614571188936011e+01, -2.6213220289881195e+02,
       2.7733152421993236e+02, 2.1865557246301981e+02,
       2.8887081789977191e+01, -1.3017364317527046e+02,
       4.7296728371676707e+01, 1.2778287178486583e+02,
       -2.3479796660782998e+01, -3.3485052606034731e+02,
       -6.3655468659873087e+01, 1.0660840944012890e+02,
       1.7236591675640111e+02, -1.7841584198592932e+02,
       -4.2487771257105244e+01, -1.0741256971872097e+02,
       -2.3010007323221862e+02, 2.4552613376403264e+02,
       -1.5318897319258792e+02, 6.6789588596539033e+01,
       1.1536869438516398e+01, -2.9676145632527187e+02,
       1.9395609035509784e+02 ]
covs: !!opencv-matrix
   rows: 27
   cols: 1
   dt: d
   data: [ 7.9012687757374351e+01, 1.1650290970860337e+02,
       1.8832675151524933e+02, 9.9340043843516384e+01,
       1.1602882495414848e+02, 2.9891730171656633e+02,
       5.2734542274943828e+02, 1.3405878319101390e+02,
       7.2990821107679707e+01, 1.2783245419851852e+02,
       7.7161794433217494e+01, 1.2011979340227943e+02,
       8.7748390534938579e+01, 7.8160990377776182e+02,
       1.0408205482177232e+02, 1.1036393544897267e+02,
       1.1558116034006190e+02, 1.5047376084446623e+02,
       9.5342827032605200e+01, 1.2299619016199229e+02,
       2.3132369823416752e+02, 2.0410089827916894e+02,
       1.3448023605716617e+02, 8.6524723396254146e+01,
       7.0333407859942781e+01, 4.4507924536261896e+02,
       1.0432578775544275e+02 ]
weights: !!opencv-matrix
   rows: 1
   cols: 27
   dt: d
   data: [ 4.6772681843301848e-02, 4.5738283090856778e-02,
       2.8055061376611130e-02, 5.8743624938146943e-02,
       4.3707655384345331e-02, 2.2313075513638966e-02,
       7.7217711908989456e-03, 1.9071771042882126e-02,
       4.9499587621117995e-02, 3.6725715268081299e-02,
       5.7587110425116120e-02, 5.1343459534025249e-02,
       4.7182008549019286e-02, 6.4736884368124768e-03,
       4.6671822153411632e-02, 5.7218791845365179e-02,
       3.5642214334915635e-02, 2.9372403436254701e-02,
       4.3878720317927937e-02, 4.1826708892137208e-02,
       2.6671249816789807e-02, 1.3023754858287278e-02,
       3.4736975451865895e-02, 6.0018752268580451e-02,
       4.8484532949346223e-02, 1.5077330157265938e-02,
       2.6441249302982611e-02 ]
pca_proj: !!opencv-matrix
   rows: 1
   cols: 21
   dt: f
   data: [ 4.36961316e-02, 8.50134730e-01, 1.73015636e-04,
       6.54514134e-02, 4.60692108e-01, 2.29939164e-04, 7.67599978e-03,
       1.46649793e-01, -1.37564148e-05, 1.21663406e-03, 1.30500361e-01,
       -5.45994153e-05, 8.06188770e-03, 1.42052382e-01, -2.12945142e-05,
       -2.45414903e-05, 9.56867734e-06, -1.94090262e-06, 3.13729906e-05,
       4.34020360e-04, 2.32224409e-07 ]
pca_mean: !!opencv-matrix
   rows: 1
   cols: 21
   dt: f
   data: [ 2.07625534e+02, 2.55653595e+02, 1.54502928e+00,
       2.18915131e+02, 2.60592743e+02, 1.67241716e+00, 2.65274475e+02,
       2.24016678e+02, 1.71669352e+00, 3.19420807e+02, 1.63929108e+02,
       1.75046074e+00, 3.16613464e+02, 2.25532654e+02, 1.70717156e+00,
       1.08872897e-04, -9.74175637e-05, 6.24380555e-05, -2.17504916e-04,
       -2.50119597e-01, 1.75055194e+00 ]
gamma: !!opencv-matrix
   rows: 27
   cols: 1
   dt: d
   data: [ 7.7283499258228738e-01, 8.4417149425530102e-01,
       8.6946910448048509e-01, 8.0681940993661660e-01,
       8.0563236046241138e-01, 8.9157895114795749e-01,
       8.9838930515750270e-01, 8.7554032686688443e-01,
       7.7731464541149975e-01, 8.3229131623132269e-01,
       7.8465568624015658e-01, 8.3170925056514400e-01,
       7.7582236722724474e-01, 9.1332190070384911e-01,
       7.9282216512530390e-01, 8.1905460130534380e-01,
       8.5526080194677245e-01, 8.5788603997463286e-01,
       7.8240895580044845e-01, 8.1884253362330983e-01,
       8.8028246754589468e-01, 8.8591526230526985e-01,
       8.4505871699816570e-01, 7.9491964236472790e-01,
       7.7324638203901541e-01, 9.0240125387105807e-01,
       8.6502959832209636e-01 ]
