%YAML:1.0
means: !!opencv-matrix
   rows: 27
   cols: 10
   dt: d
   data: [ 1.6350049224586448e+02, 1.0863841718714708e+01,
       -4.8890989965136093e+01, -6.3861481562834657e+00,
       -8.8721174848623416e+00, 9.8380352614236610e+00,
       2.9962596397644975e-01, 8.1432610337622646e-01,
       5.6221876239794621e-01, -1.1739454607572622e-01,
       -4.7501159809015114e+01, 3.3747155939307802e+01,
       2.1762281780379030e+01, -2.5200794903434620e+01,
       2.5704114051359440e+01, -1.5961608474574243e+01,
       2.5102114631511485e+00, 2.1312316216694857e-01,
       1.6825082541634442e-01, 1.2332404547848956e-01,
       2.7301798389319444e+01, -9.1886317308419905e+00,
       1.0668556699538204e+01, 1.9616632629612393e+01,
       1.4204737281062794e+01, 3.1741462594867627e+00,
       -1.1447944949381087e+01, -6.9295282341439943e+00,
       -5.6989723095997160e+00, 1.9306054539334514e+00,
       -1.1535440340601144e+02, -7.5444329367273269e+01,
       1.7781974418781196e+01, 4.4236827130726326e+01,
       -1.9306034689507667e+00, -1.4819583980173354e+00,
       1.5529274364050496e+00, 1.4681036660279845e+00,
       3.4280515054276472e-01, 1.5743149567339848e-01,
       7.7856676150830609e+01, 3.2729057494333169e+01,
       -2.1126425043219125e+01, -3.3468791144629705e+01,
       -1.3143669143669552e+01, -1.7117556699157127e+01,
       1.4266541452622301e+00, -8.1804179971360427e-02,
       9.1961261879067696e-02, -8.4941769542433640e-02,
       -7.2053864429669986e+01, 7.5235004251463579e+01,
       1.6845544584355533e+01, -4.6745471511012525e+01,
       3.0456542789962171e+00, 1.5099777411899309e+01,
       -3.5521158948769140e+00, -1.9630054488718631e+00,
       6.1818402179271939e-02, -4.9677790340453654e-01,
       5.2495062908607153e+00, 2.7466948842573743e+01,
       -5.3151540982494254e+01, 1.2032317059307547e+00,
       1.8338533348869642e+01, 3.7228364527725919e+00,
       1.1070605283667818e+00, 1.1918390509166579e+00,
       3.1234914793341950e-01, -2.1920676228412508e-02,
       -1.4917338099543875e+02, -1.0280970594779775e+02,
       2.7466296521688438e+01, 6.6467448354736860e+01,
       -1.9755978238084158e+01, 7.2380835310491609e-01,
       -2.1238333753607141e-01, -1.4261579558473707e+00,
       1.0172845279913818e+00, -4.4462853475384545e-01,
       2.9758050308397493e+01, 3.1055269693139117e+01,
       3.6094583248729575e+00, -2.4324630442306812e+01,
       7.4869770538088032e+00, -6.6030074067046609e+00,
       -4.5486303235518974e+00, -1.6646108547748619e+00,
       -5.1020783084218841e+00, -2.1417979093802666e+00,
       -1.6156116780713754e+02, 4.1545337015925696e+01,
       3.9211947663195474e+01, -2.6927590348247396e+01,
       -9.4423998973039094e+00, -7.5539293335768880e+00,
       1.4949202848298497e+00, 1.2781024994170114e+00,
       3.1960658815770787e-01, -1.5782291110093614e-03,
       -1.9694891296000364e+02, 9.8151837310131540e+01,
       3.8151173964729878e+01, -5.5008750067109730e+01,
       -2.7280229523141681e+01, 1.4299012049866867e+01,
       -4.3748499498922646e+00, 1.4024744730522420e+00,
       6.8034325307094112e-01, -8.1533385595095917e-02,
       1.6134941738934390e+02, 2.8209747031411968e+01,
       -4.4025480166810389e+01, -3.5060727176504230e+01,
       -9.7751191294842119e+00, 1.2725886583387542e+01,
       7.1163198264456673e-01, -3.9290519222246556e+00,
       -1.8336811744461647e+00, -3.0405687788240199e-01,
       -3.6696792931665132e+00, 1.7406606582944637e+01,
       2.8244175089104173e+00, -1.0562552995515352e+01,
       -8.6605938013533255e+00, -7.6464055803743749e+00,
       2.5819988675805843e+00, 1.8120863056046486e+00,
       2.0697499917191339e-01, -2.3446441482430944e-02,
       8.1889356044424403e+01, 1.6922476916488520e+01,
       -2.3045485917092687e+01, -3.2309079763823576e+01,
       -2.5906666634429634e+01, -2.0122457745315131e+01,
       1.1013606708741730e+00, -2.5376724040852743e+00,
       2.1080364261998863e-01, -1.3377314910144733e-02,
       -5.5050799658856675e+01, -8.5216663834941400e+01,
       1.9121380855623080e+01, 5.3326740937200434e+01,
       7.3843985523153037e+00, -4.5988199406603227e+00,
       2.0617418105490373e+00, -7.8685025616199478e-01,
       1.7132580049265222e-01, -4.1558939308095108e-02,
       4.9763673808020656e+01, -8.5102248319112221e+01,
       -2.3374529711951261e+01, -4.0528397021615802e+01,
       1.6788148275266106e+01, -1.2182672775825303e+00,
       -3.5291353152557523e+00, 2.4270654351601841e+00,
       8.0203233546888519e-01, -1.7442526995050278e-01,
       1.1571681793132215e+02, -3.6212738441562706e+01,
       -3.0232367029992318e+01, 3.3925984453503503e+01,
       -4.0038632421116791e+00, 1.6208035328994956e+01,
       -1.9157939453042143e+00, 4.9051798992243070e+00,
       -1.9242764151648080e+00, 3.4320573855205777e-01,
       3.3001333715123273e+01, 1.4898149925911991e+02,
       -1.6113803306362955e+00, -8.1165608866548396e+01,
       2.0874616570597272e+01, 1.0534749256346903e+01,
       8.6889135906348081e-01, 2.4903121243271369e+00,
       1.9321792825576465e+00, 6.7720666188520440e-01,
       -1.8758043133300814e+02, 4.5005404120259897e+01,
       3.5617490503688899e+01, -2.8342171544941998e+01,
       -5.3505468582593672e+00, -2.6035236341779635e+00,
       -3.9468207696639905e+00, -7.0017697369162777e+00,
       -2.9245086998658714e+00, 1.1412769389161608e+00,
       3.4098177774411198e+01, -9.7130867543441283e+01,
       -9.8413968361172941e+00, 6.9465712865666816e+01,
       -4.1571169450384593e+00, -1.4518449676118812e+00,
       2.0819917662350451e+00, -3.8495992345038399e-01,
       -8.9190425352366584e-02, -1.5010387237598644e-01,
       -1.6530216415415634e+02, 7.9686726476412950e+00,
       4.2457129579663139e+01, 1.1259260048350690e+00,
       -3.7411448765821222e+00, 1.0715533373706041e+01,
       3.9942963735952070e-01, 2.0328926133059566e+00,
       9.8366331573903087e-01, -1.7494763457877940e-02,
       9.6870939600939295e+01, -5.0587102307413510e+01,
       -2.7113550060494834e+01, 3.5771354234369369e+01,
       -4.5084057650461586e+00, 1.1514811835073834e+01,
       7.4134341350537869e-02, 9.2938828786776406e-01,
       4.6545043325441648e-01, -1.3004037274670036e-01,
       8.9541284250915822e+01, -4.0915020316090796e+01,
       -3.2693092908276057e+01, 2.4171808719022991e+01,
       -1.0428071194605105e+01, -2.0662976875409185e+00,
       4.1274167175902576e-01, -6.2114619223563117e-01,
       9.0870156809222935e-01, 3.2831372854979468e-01,
       1.4877256545905942e+02, 1.3368170812933004e+01,
       -3.9959095789396997e+01, -3.3442186766129056e-01,
       -4.8744295116353769e+00, 1.3238207779649146e+01,
       -1.3838257938301770e+00, 1.4294844190780562e+00,
       4.9856062728292055e-01, 7.2208213417198922e-02,
       1.2289963490582323e+02, 1.7054649559357152e+01,
       3.0721022799456438e+01, 5.0347560722787739e+00,
       1.2445021613896065e+01, 4.9755919210332431e+00,
       8.3308581399423698e-01, 1.5378164506694982e+00,
       3.0536934066069304e-01, 8.7812818581536389e-02,
       -2.0835654407446845e+02, -1.9838120534937801e+01,
       4.4721850633309295e+01, 1.7837676083610326e+01,
       -1.1129527963889108e+01, 1.0919408598122658e+01,
       -1.3084969712381831e+00, -7.8450905628718637e-01,
       -1.6338936912338434e-01, -2.2904493390051427e-02,
       -2.7357122281264181e+00, 1.4715288773371000e+00,
       1.5336046799048441e+01, 8.4429326438184820e+00,
       3.0404179027220145e+01, -6.8436161645661275e-01,
       6.0888578574295171e-01, -4.0453330627763136e-02,
       4.1616446901233217e-01, 3.8303645674526009e-02 ]
