%YAML:1.0
means: !!opencv-matrix
   rows: 46
   cols: 7
   dt: d
   data: [ -6.1544000208620872e+01, -3.9090033005441335e+01,
       3.0134361729425461e+01, 2.2938061333215682e+01,
       2.1923980753404383e+01, 1.4203746218483559e+01,
       2.0143944855816214e+00, 1.7973600872256986e+02,
       4.9636623350197780e+01, -4.8547940675602277e+01,
       2.0548083923825500e+00, -7.6773963995997585e+00,
       -5.3647082662527454e+00, 2.1831628199103639e+00,
       7.2887526624227004e+00, -5.9987545846622069e+01,
       -4.1164982675645270e+00, 1.8122540993015246e+01,
       -8.8056508848751349e+00, -1.1303335967494176e+01,
       -4.1662006094700965e-01, -2.1982440133026495e+02,
       2.1022832573891776e+01, 4.7668520109377546e+01,
       -2.6853721338027515e+01, -1.4692712887064602e+01,
       -1.4547689496295360e+01, -2.2487275195249032e+00,
       1.3368662904184939e+02, 2.4336071435678768e+01,
       -3.7830923369524015e+01, -3.4683758041449022e+00,
       -1.8581512062210326e+01, -1.2317368407140133e+01,
       -6.9882345370423131e+00, -1.2935106074827655e+02,
       -5.6924064951872062e+01, 3.8844484880773912e+01,
       3.0845343361510473e+01, -1.6782231604382780e+01,
       1.8733499945593760e+01, 8.9989225827170893e-01,
       -1.7480573374048543e+01, -3.2303606958932583e+01,
       -6.7864442616291271e+01, 2.5193366735393827e+01,
       2.3712662974366449e+01, -5.7493704976825146e+00,
       1.0791004183581272e+00, 4.7535894883284932e+01,
       -1.0101317170485534e+02, 1.0454436237620863e+01,
       5.1207960314910245e+01, 1.2462348079247400e+01,
       2.0585766187018141e+01, 2.0261007290768478e+00,
       6.2439923231959270e+01, -4.2975527482680867e+01,
       1.9601470605534114e+01, 2.1196701794164248e+01,
       2.6765682708486445e+01, -3.0925844273637235e+00,
       -5.2111957865802705e-01, -1.2368744835012184e+02,
       6.1271454421635783e+00, 3.8825101587153341e+01,
       -1.1324297032167841e+01, 8.5632846482369942e+00,
       -5.0205856037335490e+00, -3.6158958382231633e-02,
       -1.5425087885469742e+02, -1.2644449804271102e+02,
       4.7583138610229078e+01, 4.5555878943744183e+01,
       -3.4206268983391318e+01, -4.9336947777244049e+00,
       -8.0674094563307914e+00, 6.5957499046164202e+01,
       9.1657564210155034e+00, -2.8044081398302382e+01,
       -5.2586351083433982e+00, -1.1497778355500190e+01,
       -6.5594099156864258e+00, -1.7617374663045329e+00,
       2.8506592004152623e+01, 1.3239216425223688e+02,
       -2.8601857662690829e+01, -5.4365261406154126e+01,
       -1.0943434219365480e+01, 2.9012458147730062e+00,
       2.5014622891892611e+00, 6.0707419261258451e+01,
       1.1442359569255277e+02, -2.6781008985197374e+01,
       -4.1969345124673687e+01, -6.9803775721500321e+00,
       -3.7011296168781915e+00, 1.4606588934219991e+00,
       9.5617870461465174e+01, 1.5941209953764914e+02,
       -2.5181668799364914e+01, 3.2099941529640702e+01,
       -5.3166641401509249e+00, -7.0760810050330791e+00,
       4.3314181390971630e-02, 2.8253314868713151e+01,
       6.8423625260485807e+01, -2.9915302391834626e+01,
       -3.7077956410986189e+01, -4.7845710497485490e+00,
       -7.1573360263425236e+00, -4.1023089896144480e+00,
       1.9696906316940991e+02, -8.9135245169221182e+00,
       -5.0793300101053326e+01, 1.9216256926842725e+01,
       -1.1796659605406365e+01, -8.4433426075372395e+00,
       5.3030932621582960e-01, -1.5230399792219163e+02,
       -1.1783820171619281e+02, 1.7442205936320484e+01,
       -4.8586398011325755e+01, 4.0704131343975760e+00,
       7.3451927480384969e+00, -2.0993655623815324e-01,
       -1.3535213691718010e+02, 1.3010836355074750e+02,
       1.1412620404146942e+01, -5.3918049996408207e+01,
       -2.5195742000458818e+01, -4.5144159075976402e+00,
       -3.4281397944550090e-01, 9.6718371681510760e+01,
       -3.5707849678977134e+01, -2.0721296331888666e+01,
       3.3176062933624273e+01, -3.0264191816992774e+01,
       2.8790299830811183e+01, 1.6788418831981304e+00,
       -4.5737901249048205e+00, -1.3955083441554299e+02,
       3.1204813045370628e+01, 6.0098144808918143e+01,
       3.2736772470166464e+01, -1.5147798511288808e+01,
       3.9209390475777560e-02, -1.8213029909524326e+02,
       -1.3490429994549723e+02, 5.3927738832557246e+01,
       4.4346912818468830e+01, -3.5905428271842432e+01,
       -1.4453755480532420e+01, -3.9866587862203118e+00,
       1.0896001437392661e+02, -1.2010771904368017e+01,
       -2.4671661202631533e+01, 7.3844224842156105e+00,
       6.7900736598835056e+00, -4.1235366578795496e+00,
       4.4083909837889401e-01, -3.5132312189030341e+00,
       -3.8378822046329965e+01, 1.3670318695494444e+01,
       9.0686337882175199e+00, 4.0905402816293432e+01,
       -2.1528400792393207e+00, 1.2484757411579206e+00,
       2.2113403304016593e+01, -7.3003548928512387e+01,
       1.2279826881324961e+01, 3.9216882776104796e+01,
       -4.5885844092833770e+00, 2.5383100983818572e+01,
       2.6422172469182699e+00, 1.0450434213416258e+00,
       7.4943840161414414e+01, 1.4071016328508726e+01,
       -2.2796891965285035e+01, 2.4101234954760695e+01,
       -7.6739444788378659e+00, -9.7016286107685676e+00,
       1.3206606672545175e+02, -9.0786273755675012e+01,
       -2.7942256215767085e+01, 4.8835474055029827e+01,
       -2.3733407106036786e+01, -3.2683623057311686e+00,
       1.6123341580880826e+00, -1.4897835259785122e+00,
       2.1342761274732873e+00, 1.4501151061331679e+01,
       -9.2640971684338300e+00, 2.6697307368012400e+01,
       2.9804329396021707e+00, 2.3128694331993577e-01,
       1.0380423505815806e+02, -5.5220329375603882e+01,
       -2.2267366849670985e+01, 4.0126956231862309e+01,
       -2.4483494254664858e+01, 1.7618318569688512e+01,
       6.0844110914627936e-01, 1.3193207269613177e+01,
       -2.3628086436570976e+02, 8.7123461959791957e+00,
       7.6099144438469636e+01, -1.1391798269593729e+00,
       -3.1233344412167668e+01, -3.1328705718452499e+00,
       1.0526140732332738e+02, 1.0757521297049546e+01,
       -3.1198637518785510e+01, -5.6848699273490064e+00,
       -7.7362548646739011e+00, -1.9890894302631050e+01,
       -3.6049462830043018e+00, 1.5620162435540601e+02,
       -1.5775918054252450e+01, 4.5569415298232592e+01,
       -1.0742019835915999e+01, 3.7830371720694789e+00,
       3.7957104434976192e+00, -2.0093375063256800e+00,
       -1.1807451531741737e+00, 3.5545335299179754e+01,
       -2.2473333235005093e+01, -6.5621237953641256e+01,
       1.5900691573014130e+01, -2.1990988861413068e+00,
       1.5808333172505356e+00, -4.8885874277205474e+01,
       1.1819864956564192e+02, -9.6799096418912267e+00,
       -6.9763048011183855e+01, -8.3965367338783583e+00,
       3.0120628686250299e+00, 2.0168799776581121e+00,
       -1.3220394672805219e+02, -7.5552978399127753e+01,
       4.4103503620876644e+01, 1.0004286712531918e+01,
       -6.1919812181335336e+00, -2.9075839576849802e+01,
       -3.2840573004103697e+00, -1.5492829706799702e+02,
       6.6803212049165239e+01, 3.1842929357230009e+01,
       -3.1635468569592337e+01, -3.7704502475606003e+00,
       4.9628854875807384e+00, 1.4135882694517876e+00,
       -1.5986730907365833e+02, -3.7434212155773722e+01,
       7.6479082110223416e+01, 1.9266936329198776e+00,
       -1.4784965463860200e+01, -6.0899483885965044e-01,
       -8.1493613760674810e-01, -6.0307689859015426e+01,
       -1.4199988760956952e+01, -3.1011863242800878e+01,
       1.4744367551092255e+01, 1.6127128309115790e+01,
       1.4727190126713664e+01, 2.2281468252688441e+00,
       6.4800638967896276e+01, 8.6167528486963178e+01,
       -3.4080944141741881e+01, -2.9671347372100900e+01,
       4.4248052573968311e+00, -9.7759368243167177e+00,
       7.4362136738009144e-01, -2.7773668720351503e+02,
       -4.0702722846074280e+01, -4.3363294543125486e+00,
       2.4377721649785688e+01, -1.3082298387627294e+01,
       3.6637180106893752e-01, -9.0554823852690225e-01,
       1.4312312603400983e+02, -1.1269182979851513e+01,
