%YAML:1.0
means: !!opencv-matrix
   rows: 3
   cols: 8
   dt: d
   data: [ -1.5874365998963862e+02, 3.7756596534971125e+00,
       3.5284367209219255e+01, -1.7275676413648511e-01,
       -9.8349323956934676e+00, 2.9769648812294394e+00,
       -5.2784761241044453e-01, -2.3532832841613380e-02,
       3.9815770948255313e+01, -7.0609447048499669e+00,
       -6.4226041622918100e+00, 7.7496631733169137e+00,
       1.1051474216990325e+01, 7.5670735660286415e-01,
       6.7009230382490653e-02, 4.7698923527477299e-01,
       1.1301225560391720e+02, 1.5625893724900525e+01,
       -3.2393436412603037e+01, -2.2947929101808302e+01,
       -1.8691957797940365e+01, -6.6274305295001881e+00,
       5.7364723039939647e-01, -1.4008217065152531e+00 ]
covs: !!opencv-matrix
   rows: 24
   cols: 8
   dt: d
   data: [ 7.1459932788486967e+03, -6.1805297056331460e+02,
       2.7836085862424020e+03, 5.6366271288274640e+02,
       2.3916428026061951e+02, -2.6459435825164184e+02,
       9.8956789444413403e+01, -3.9462257581366991e+01,
       -6.1805297056331426e+02, 1.1628629698910227e+04,
       1.1983390937995814e+02, -9.9176997720286556e+02,
       -2.8468699212785623e+02, 5.0168283298383534e+02,
       -1.0196793249706893e+02, 3.9170582395465068e+01,
       2.7836085862424020e+03, 1.1983390937995811e+02,
       2.4990578572141526e+03, -9.3164892025471232e+01,
       -6.9445202498686925e+01, 4.2498686751065669e+01,
       -2.4531244806840355e+01, 1.2396158505928524e+01,
       5.6366271288274652e+02, -9.9176997720286556e+02,
       -9.3164892025471204e+01, 3.0713190481274560e+03,
       9.2571530203910456e+01, -2.3760882431674466e+02,
       5.2763143298267693e+01, -3.1501712012427792e+01,
       2.3916428026061951e+02, -2.8468699212785623e+02,
       -6.9445202498686925e+01, 9.2571530203910456e+01,
       1.6287184764936146e+02, -8.2017621554236541e+01,
       1.7468649748245813e+01, -1.2404179412164154e+01,
       -2.6459435825164184e+02, 5.0168283298383534e+02,
       4.2498686751065684e+01, -2.3760882431674469e+02,
       -8.2017621554236541e+01, 2.9119722992724400e+02,
       -1.2300493595663568e+01, 8.5131835803644087e+00,
       9.8956789444413388e+01, -1.0196793249706893e+02,
       -2.4531244806840355e+01, 5.2763143298267700e+01,
       1.7468649748245813e+01, -1.2300493595663568e+01,
       3.1557264785532364e+01, -1.1349600652402596e+00,
       -3.9462257581366991e+01, 3.9170582395465068e+01,
       1.2396158505928527e+01, -3.1501712012427799e+01,
       -1.2404179412164149e+01, 8.5131835803644087e+00,
       -1.1349600652402594e+00, 2.0246663621019358e+01,
       8.2686471747705200e+03, 3.0385929216988723e+02,
       1.9822144710025925e+03, 6.7934351638760603e+01,
       -7.1308194786636136e+02, 3.9699411864608589e+02,
       -8.5799509166783892e+01, 4.0292551390865192e+01,
       3.0385929216988728e+02, 1.0075157501215152e+04,
       1.1791365763680044e+01, -1.1493112155690436e+02,
       3.5678418929172079e+02, -1.7307633338772845e+02,
       3.5342941628818124e+01, 4.2024936090501699e+00,
       1.9822144710025930e+03, 1.1791365763680011e+01,
       2.8612081805618195e+03, -1.2239455184899985e+02,
       1.3213845478661563e+02, -1.0574414652349844e+02,
       1.9276578036746610e+01, -1.2895721692506902e+01,
       6.7934351638760603e+01, -1.1493112155690436e+02,
       -1.2239455184899987e+02, 2.5954766828024412e+03,
       -2.9565538931350954e+02, 3.3261254092997639e+01,
       -2.0334968730287226e+01, -1.1736169457041330e+01,
       -7.1308194786636136e+02, 3.5678418929172079e+02,
       1.3213845478661557e+02, -2.9565538931350954e+02,
       3.1463619621815798e+02, -4.5617217867433780e+01,
       -7.0025870159826349e+00, -7.2275108729695896e+00,
       3.9699411864608595e+02, -1.7307633338772848e+02,
       -1.0574414652349847e+02, 3.3261254092997646e+01,
       -4.5617217867433787e+01, 1.9291051036051664e+02,
       3.1273530916986108e+00, -8.9527794955462401e+00,
       -8.5799509166783892e+01, 3.5342941628818132e+01,
       1.9276578036746614e+01, -2.0334968730287219e+01,
       -7.0025870159826349e+00, 3.1273530916986121e+00,
       3.2201953983320891e+01, 1.8687799693951659e+00,
       4.0292551390865185e+01, 4.2024936090501734e+00,
       -1.2895721692506907e+01, -1.1736169457041333e+01,
       -7.2275108729695896e+00, -8.9527794955462401e+00,
       1.8687799693951659e+00, 1.7707124974252608e+01,
       5.9746859936073870e+03, -5.3108912206311324e+01,
       2.6139292772521776e+03, 6.0168120139672851e+02,
       2.9623123336502931e+02, 5.4866972505426577e+02,
       -8.3290600609640123e+01, 3.3097975441316400e+01,
       -5.3108912206311381e+01, 5.7272286949215213e+03,
       -3.5050906465085959e+01, 2.3181551260255151e+03,
       -7.1636185649374852e+01, -1.1262063807031703e+02,
       3.8724433718809692e+01, -3.7776584418918176e+01,
       2.6139292772521776e+03, -3.5050906465085923e+01,
       2.6587488548464376e+03, -8.2761305690886431e+01,
       -1.7938037697699227e+02, -9.9398937641066027e+01,
       2.5292332555371921e+01, -1.4519113057738748e+01,
       6.0168120139672851e+02, 2.3181551260255151e+03,
       -8.2761305690886431e+01, 1.3862699085429781e+03,
       6.1847947124479219e+01, 7.9113671203023088e+01,
       -4.8299628224267250e+00, 3.7996631878911579e+01,
       2.9623123336502931e+02, -7.1636185649374838e+01,
       -1.7938037697699230e+02, 6.1847947124479219e+01,
       1.2343152423558628e+02, 1.5044921971037220e+02,
       -3.6787054626017213e+00, -2.5221220350999527e+00,
       5.4866972505426577e+02, -1.1262063807031701e+02,
       -9.9398937641066070e+01, 7.9113671203023102e+01,
       1.5044921971037220e+02, 2.9310254910727400e+02,
       1.4579401512299613e+01, 4.0864491125253144e+00,
       -8.3290600609640123e+01, 3.8724433718809678e+01,
       2.5292332555371928e+01, -4.8299628224267215e+00,
       -3.6787054626017226e+00, 1.4579401512299613e+01,
       2.1167796310054779e+01, -3.2441214993732261e+00,
       3.3097975441316414e+01, -3.7776584418918162e+01,
       -1.4519113057738748e+01, 3.7996631878911586e+01,
       -2.5221220350999527e+00, 4.0864491125253135e+00,
       -3.2441214993732261e+00, 1.5634472421029507e+01 ]
weights: !!opencv-matrix
   rows: 1
   cols: 3
   dt: d
   data: [ 2.6808780666870141e-01, 5.4864148659163214e-01,
       1.8327070673965332e-01 ]
