%YAML:1.0
means: !!opencv-matrix
   rows: 45
   cols: 5
   dt: d
   data: [ 8.3353456568309582e+01, -4.2693034837641282e+00,
       6.4095017443704734e+00, 8.6423704932803517e+01,
       4.5082308095602741e+00, 2.5334633009660585e+01,
       -1.2006620002275056e+02, -5.8190380743434289e+01,
       4.6319533582380828e+01, 8.5133371091382646e+00,
       9.2527790467273974e+01, 1.7641865778083366e+02,
       1.9251474020143405e+01, -2.3940609366000764e+01,
       -1.0467629554129319e+01, 1.3729401558370049e+02,
       -6.2990873967323886e+01, -7.5374751591054832e+01,
       -1.7447133132163334e+01, -1.1852535573347801e+01,
       -1.6211520649637407e+02, -4.7488806816202676e+01,
       7.4333446106522857e+01, 3.5303806290254698e+01,
       -2.3513929151768220e+01, -2.6024539227237199e+02,
       -6.1415839050482752e+01, 1.9659148058274563e+00,
       5.0211993613240196e+01, -2.3429866368752634e+01,
       -1.8468536477138557e+01, -4.4114835766291279e+01,
       9.3876024168373476e+01, -2.4349307381299106e+00,
       3.3759299761286705e+00, -7.1657804596835334e+01,
       5.1072385514073808e+01, -3.3549222174391822e+01,
       -6.0895842037458749e+01, 9.9994646284617374e+00,
       -1.1794064905897284e+02, 3.2122096463868402e+01,
       4.2287747704751084e+01, 6.2269058761689145e+01,
       3.5127159292311583e-01, -9.7265336324141927e+01,
       -1.1016415701724057e+02, 2.1353670571533222e+01,
       -4.3349581414945689e+01, 1.0963292582058040e+01,
       1.0310171399491408e+02, -4.8020144864882759e+01,
       -2.0417962613516920e+01, 3.5841085789460799e+01,
       -2.7220257336031700e+01, 3.7546097400823918e+01,
       6.4097195545299627e+01, -2.9530473674118252e+01,
       6.1972303116396130e+00, 1.0423247260440132e+01,
       -1.4007337503459297e+02, 8.6640562669706469e+01,
       5.4025585973996670e+01, 1.5717096800412897e+01,
       1.0041139804848029e+00, -7.5647743022820251e+01,
       9.1532702822490691e+01, 5.4302522651281258e+01,
       -6.2576838104291959e+01, -1.1479717944542509e+01,
       -2.1724117631680222e+01, 1.8137722778412336e+02,
       -5.7123781381955872e+01, 4.0465476403032614e+00,
       -7.5227531265312466e+00, 2.3155629976787350e+02,
       -5.0553753383223139e+01, 1.0197244054594417e+00,
       -2.9469781249147207e+01, -1.4089615748165047e+01,
       -1.2012751046235162e+02, -7.9628879842382673e+01,
       1.6946848662334151e+01, 3.0989305646465630e+00,
       2.7161219693025171e+00, 1.4659065811433308e+02,
       -1.3901308422184107e+02, 1.1925335928617363e+01,
       1.6228092203810689e+01, 3.5075422836667236e-01,
       -7.0135766242588119e+01, -3.3932196462415526e+01,
       -4.6536524676507845e+01, 3.3729463991665710e+01,
       3.6963348916202683e+01, 1.4543591732959220e+02,
       -2.0880058745318696e+01, 1.9828768931235064e+01,
       -5.4892190430775337e+01, 9.3116392755486388e-01,
       1.2293076487548747e+01, -3.7276097323535751e+01,
       4.0629733699461870e+00, 5.5149088428734716e+00,
       -1.3245711724212551e+01, 5.0077042353170640e+01,
       -5.8645688430767706e+01, -5.8237045466909358e+01,
       -4.7371990057703812e+01, 5.4200865452770310e+00,
       4.5271074646806881e+01, -2.9213517567501039e+01,
       4.5273126718097124e+01, 2.8451500600674848e+01,
       3.5147100518125292e+01, -8.6252531149346794e+01,
       3.7407688034203453e+01, -1.9640112121407199e+01,
       5.4584885415221819e+01, 1.3414395893019737e+01,
       6.8228504146002720e+01, -3.9664099138577377e+01,
       -2.3445934919805282e+01, 4.0587966521422459e+01,
       -2.5466819510187218e+01, 2.4565577275726181e+02,
       5.2074543812017048e+01, 1.7779873770545933e+01,
       3.6329820881911516e+01, -1.6049974016085393e+01,
       -3.7544284141306981e+01, -7.9726813960477031e+01,
       4.2055950906087487e+00, 4.2451825703294908e+01,
       3.6985073234058156e+01, 9.8249236170360376e+01,
       -3.3444537358080019e+01, -9.1035593018987583e+01,
       5.1251723280379778e+01, -1.3531332355740142e+01,
       1.3634418860594431e+02, 9.7797933223546011e+01,
       4.0181270320581881e+01, 1.5039929145307402e+01,
       2.4622711133503028e+00, -5.4968460309656841e+01,
       1.9156068351117986e+02, 2.1288887464343414e+01,
       9.8693306977066061e-02, 5.6810365457896168e+00,
       1.3581600147796181e+02, 6.4271725811539213e+01,
       -5.1764374928411499e+01, 4.3444095615291651e+01,
       -1.0418861640271027e+01, 4.0298966116804380e+01,
       6.3816196375687035e+01, -4.1284091654793393e+01,
       -7.3701082058783726e+01, -1.0468371048598804e+01,
       6.2423366956716642e+01, 5.3092796581370223e+01,
       4.8048233426964913e+01, -7.8046231063147587e+01,
       6.2488706410612238e+00, -2.0575897345842833e+02,
       1.1112720351201179e+02, -3.1191968516046373e+01,
       -3.4744245915322438e+01, -1.6334162798471066e+01,
       8.3117830333128140e+00, -2.3481976203390386e+02,
       6.6520908289541429e+00, 7.5395826677618444e+01,
       -1.7402924127112733e+00, -1.0744796165030409e+02,
       -7.2770549382259844e+01, 1.1214627404766887e+02,
       3.0397351558483123e+00, -2.6767450410104050e+01,
       -2.4576568471457733e+02, 1.5710114700687338e+01,
       -2.1672396884950871e+01, -7.5660041181034821e-01,
       9.3991685333017561e-01, 1.1303976380330189e+02,
       -2.0391477209811839e+01, 7.4509621870347473e+01,
       -5.9453508244638229e+00, 1.7686243391091956e+01,
       -9.2645592528502263e+01, -6.4926811971068204e+01,
       -5.5321354812561410e+01, -1.0357520210643765e+01,
       7.0835999933344729e+00, -1.6298691162633014e+02,
       -1.8354848792338473e+01, 3.4091942256334242e+01,
       -5.3799683619006522e+01, -5.4897974934350806e+00,
       2.3870242041086374e+01, -1.0023354437376975e+02,
       -3.2335853659590268e+00, -5.8816185796628254e+01,
       2.8055786262192690e+01, -6.9008189447810480e+01,
       9.8963853148587845e+01, -7.8451065831345943e+01,
       -1.7216651518698654e+01, 8.5602688485075582e+00,
       3.0955943309511955e+00, -4.1473094360998113e+00,
       5.0004411846788788e+00, -3.9095482933486907e+00,
       3.5071501332364093e+01, -1.9096824202907990e+02,
       -1.7496751010062891e+02, 2.8453444824901428e+01,
       -2.3049397655006207e+01, -2.3816772523806158e+01,
       3.0205474377258451e+01, -1.7691249479633777e+02,
       1.7818236046313764e+01, -4.2736404546751334e+00,
       1.7648324198936812e+01 ]
