%YAML:1.0
means: !!opencv-matrix
   rows: 31
   cols: 7
   dt: d
   data: [ 6.3661727048378566e+01, -5.1000139981033918e+01,
       5.3031089878810846e+01, 3.7359489981476712e+00,
       3.4449963872654962e+01, 3.5724387248893419e+00,
       1.2327457707111407e+00, -3.8373450703377429e+01,
       7.9495807230930595e+01, -6.1481302188833254e+01,
       -2.7449887500947668e+01, 1.5341662539051466e+01,
       -6.8702789428086346e+00, 1.3420439137960847e+00,
       9.4375641492694271e+01, 2.3938370708701942e+01,
       -2.7774662461030697e+01, -2.0118585208510858e+01,
       -7.1221117454094376e+00, -1.7150283600155433e+01,
       -7.6041743528203716e+00, -1.4928775683006438e+02,
       2.7901020350977146e+00, 3.0850135250360957e+01,
       -2.2637117524632700e+01, -4.0914393539733256e+00,
       -2.6383309982571660e+01, -5.0733701062450820e-01,
       -1.6557555890753835e+02, 3.1768528262977249e+01,
       5.4006431642219106e+01, 3.7685870833723918e+01,
       -3.1717893535533306e+00, 4.3754910135444716e+00,
       5.5371267042756833e-01, 9.9491599142893847e+01,
       -4.6011664732169322e+01, -2.1884221728874444e+01,
       3.6319029205023227e+01, -2.7552309867976849e+01,
       2.3511661014882975e+01, 1.1685285084636337e+00,
       -1.4754707012156217e+02, -9.8946050587577034e+01,
       2.6316210833758245e+01, -2.4282975107427955e+01,
       1.8507390299889304e+00, 6.6873222224931670e+00,
       2.6027046942712295e-01, 1.5520627878780701e+02,
       3.0787320656506485e+00, 2.6573820834731912e+01,
       -1.6654482901191450e+01, -1.2581776457835115e+01,
       -9.5721651212303849e-01, -1.0466510003916361e+00,
       -2.3223703357774244e+02, 4.1497079975454774e+01,
       -4.5017141411013162e+00, -1.9929591353621735e+01,
       -3.2758833970524170e+00, -3.1636231551741472e+00,
       4.1465350282017199e-01, 5.5319917124061035e+01,
       2.3680116192890841e+00, -2.4116627405994045e+01,
       -1.1101510101295351e+00, -1.1454771648968409e+01,
       -8.9788094600522559e+00, -1.2936094637504572e+00,
       5.5930433716203943e+01, 1.6974012249912082e+02,
       -1.6045826511963586e+01, 1.7258691350108109e+01,
       -4.6630447820807843e+00, -9.2568467693287246e+00,
       -3.4695614312160489e-01, 7.2963157616003457e+01,
       -5.9807090846813500e+00, 6.5378205834468119e+01,
       -2.0313352567324248e+01, 1.6780260607350758e+01,
       7.4933924840140840e+00, 3.1563808852052411e-01,
       1.6996992556725567e+02, 1.0271296112441179e+01,
       -4.5903126552294559e+01, 8.0003090255456364e+00,
       -1.6625426177325714e+01, -1.0810304824803142e+01,
       2.2837178065486746e-01, 7.6854666011279193e+01,
       7.7354291661005618e+01, 1.6732729051314539e+01,
       -4.9000792146478723e+01, 1.0219951052529302e+01,
       -6.5524057364543697e+00, 1.0279504984352901e+00,
       7.8311351988856671e+01, -2.6427356823291113e+01,
       -2.4516128532222673e+01, 1.4763788766073166e+01,
       1.4375115130927334e+01, -6.5746339564089897e+00,
       -3.3016406047113166e-02, 1.7315569510727723e+01,
       -1.2736015737147675e+01, -5.3668910691467687e+01,
       5.6159162244742289e+00, -9.0580392180882008e+00,
       -1.2261894047758199e+00, -1.1918488360930007e-01,
       1.8206205059225337e+02, 1.8413490668755415e+01,
       -5.0473146297176648e+01, 1.3707250222746136e+01,
       -8.5623092934588509e+00, -6.3526869839333857e+00,
       1.2868555975070510e+00, -1.1604258841268961e+02,
       4.1206472126909240e+01, 7.5502932433377055e+01,
       -4.1689409751404519e+01, -5.0622432616707469e+00,
       -1.8155110463337720e+00, -1.9267850323004579e-01,
       -1.7119514194325359e+02, -1.5472924932999894e+02,
       5.2824763148291645e+01, 5.1032381888099316e+01,
       -4.0261560142792192e+01, -1.8663949762380124e+01,
       -5.3585231334857930e+00, 2.3828782539798565e+00,
       -1.2379614475680083e+02, 2.2177303863554076e+01,
       4.3425735371891037e+01, 3.3606381841184223e+01,
       5.4521632710010826e+00, 1.1750432096236703e+00,
       -1.3472579627274686e+02, 1.3039219683991809e+02,
       1.1341236005201758e+01, -5.3821043929227478e+01,
       -2.5148328996711459e+01, -4.4485703196170885e+00,
       -3.3342226613674408e-01, -4.9626995039174751e+01,
       2.9073917453234920e+01, 2.5489382725001302e+00,
       5.3105397990883439e+01, 2.5236040759724261e+01,
       1.1978302866346187e+01, 9.0327515789141610e-01,
       -1.4847046339618879e+02, -6.3270469093297656e+01,
       4.1986019300399377e+01, 2.8108925876512778e+01,
       -1.8738315596343082e+01, 1.4720003752702720e+01,
       -7.2463775716034429e-01, 1.4791189538847537e+01,
       -2.2996778205435311e+02, 9.3465059589623394e+00,
       7.4879863054975459e+01, -1.9825238427339071e+00,
       -2.8711592622099808e+01, -3.2126267978495178e+00,
       6.0752999935123997e+00, 5.2504235110379518e+01,
       1.5568651289304384e+01, -1.5966964838906119e+01,
       2.8441271033155800e+01, -1.0026552969892879e+01,
       -7.1206952455779069e+00, 1.0593303517159454e+02,
       -7.6746121510614188e+01, -1.2307604490111427e+01,
       5.1898012670559474e+01, -2.3642556124296141e+00,
       1.8714069643961121e+01, 2.1825354910667087e+00,
       4.5292218610739113e+01, -4.3800539436384895e+01,
       -7.8623235752453597e+00, 2.7564855597921412e+01,
       -1.9243431070857568e+01, 2.3458723545286439e+01,
       1.9409186687276037e+00, -7.6728877686581114e+01,
       1.0059606956464665e+02, 4.4034467841388887e+00,
       -5.2718204279202055e+01, 3.2941217585137332e+00,
       4.7890556962782984e+00, 1.8765834825639054e+00,
       -8.3884145038167276e+01, -8.5965333079882612e+01,
       3.2615867792617841e+01, 1.9145374016296618e+01,
       -2.4289977077370959e+00, -2.0671761735347435e+01,
       -4.7875969420790563e+00, -5.7363497105662461e+01,
       -3.4696610560609528e+01, -2.9447047748935457e+01,
       -4.5523100876695788e-01, 3.3771907944848749e+01,
       1.0568238918797126e+00, 1.5931011970407289e+00,
       3.0720898450077172e+01, 1.2238672314981655e+02,
       -2.8747876612652195e+01, -5.5443634856362280e+01,
       -9.1425510639884227e+00, 1.7682476157194367e+00,
       2.3769976222579592e+00 ]
