%YAML:1.0
means: !!opencv-matrix
   rows: 31
   cols: 5
   dt: d
   data: [ -1.5350603411359580e+02, 4.9494143257648467e+01,
       8.1130779728703516e+01, -4.8169281777569878e+01,
       -2.2039866253995903e+01, 2.0533510893318478e+02,
       -6.5736990913432209e+01, 2.1147422326255484e+01,
       -1.7763841613940254e+01, -6.3110226906711286e+00,
       -7.0143677963980000e+00, 2.7231829379415796e+01,
       1.2062809863190694e+01, -2.7194636610130623e+01,
       3.7909832466581754e+01, 3.9752295282581784e+01,
       2.9430736046932921e+01, -2.3998661183327176e+01,
       -2.8163127913789761e+01, 1.6838867605387083e+01,
       -1.3215513094316989e+02, -2.2404313019285610e+01,
       2.9056271919740354e+01, 9.6532280797227742e+01,
       -1.7946430186540887e+01, 2.1056672981303595e+02,
       6.9042271107996982e+01, 1.8014349536073691e+01,
       3.8782252888055467e+01, -9.2047192882841955e+00,
       -2.1440258448511059e+02, 7.6190787770287571e+01,
       8.8828867986925371e+00, 3.2301754087395828e+01,
       -5.3459987966563665e+00, -1.8228410537794292e+02,
       1.6767503296473632e+02, 4.6812204596547353e+01,
       -1.6458719611720756e+01, -2.2721628989563527e+01,
       2.1551885507777727e-01, -4.0074593121899170e+01,
       -8.0066337676046146e+01, 4.6781554601245276e+01,
       -3.6739938852802809e+00, -4.2017239990067232e+01,
       1.8323503317114924e+02, 6.7556427244067345e+00,
       -1.0806906936501947e+02, -6.2772811930693484e+00,
       -1.1067027980265158e+02, 3.0758231929632217e+01,
       3.3620106178457853e+01, -3.3405972267806376e+01,
       1.4579897892087827e+00, 1.0162179725629817e+02,
       7.1165439607955079e+01, -3.6520828651703084e+01,
       -3.3938687106012324e+00, -1.1120422375060109e+01,
       -1.6202782330843178e+02, -1.0696029883052792e+02,
       -3.2107295388145545e+01, 3.0451949550387386e+01,
       6.9013440445362679e+00, 1.7769193625270521e+01,
       5.1607091422837811e+01, -8.0917838531686268e+00,
       -4.6350774367511193e+01, -2.9976190119592697e+01,
       1.4628274641129826e+02, 1.4469844313633718e+01,
       2.7651693100315704e+01, -3.0940623398352098e+01,
       -2.8251888977300410e+01, -8.7450176042761598e+01,
       4.9700552508461897e+01, -4.0984016057836641e+01,
       4.7919108183919839e+01, 2.5072923982541834e+01,
       -1.7820940009671511e+02, -5.8062040900477506e+01,
       4.3393866572227182e+01, -2.3044077396962713e+01,
       -5.0210675211659952e+00, -9.3847817709521721e+01,
       7.0381842887220245e+01, 9.0196324251357808e+01,
       2.8489454647421976e+01, -5.3992509466259424e+00,
       -2.0460034948105974e+01, -6.1398273015964982e+01,
       4.8116947121440433e+01, 4.7741729140320047e+01,
       9.4769139669806179e+00, 5.7269231857470601e+01,
       -1.6252732163321897e+02, 3.7777146967800974e+01,
       4.0845464209552595e+00, 9.9280292395327585e+00,
       -1.4149112943057816e+02, -1.5747220316874188e+02,
       3.1933712464961328e+01, 4.1377371971836148e+01,
       -1.7174355459905652e+01, 8.3204731242970254e+01,
       -5.1780166580638777e+01, -3.3940415335133345e+01,
       -6.6698984308262723e+01, -9.7746761043913644e+00,
       3.1039233763873629e+01, -1.4112729482613892e+02,
       -5.9593478801369542e+01, -6.5698987938754900e+00,
       2.0881345095643322e+00, -4.1605658947012643e+01,
       -4.2208545215439983e+01, -1.3404406461468369e+01,
       -2.9300149509523667e+01, 1.5911152872422415e+01,
       4.2276969425305190e+01, 2.2046271482346871e+01,
       -5.4724244628063339e+01, -3.0710132519395795e+01,
       -2.5418705297615080e+01, 9.1510072839694473e+01,
       -5.9298618719800423e+01, -6.5876894533896353e+00,
       5.0101223735965746e+01, -6.3766859309721982e+00,
       -2.7233354173327803e+02, 5.6928392710412744e+01,
       -1.4417234743582721e+01, -5.4667363947810642e+01,
       -1.9437409645676421e+01, 1.3581974065087647e+02,
       1.5325190328026416e+01, -6.0516630473055159e+01,
       -1.1238000946852988e+01, -6.1746064126448275e+00,
       7.2938333207331667e+01, 1.2250232724627840e+02,
       -1.7330855592233494e+01, 3.4174855361734892e+01,
       1.0926236456758170e+01, 1.1092021989667886e+02,
       -6.5620765783302648e+00, 6.5277334307983722e+01,
       -5.2571125850249567e+00, 1.3121677573976502e+01,
       -1.7393072795827604e+00, 1.0446379499376584e+02,
       9.2826801439730833e+00, 2.6665145233625736e+01,
       1.4469208530186522e+01 ]
