%YAML:1.0
means: !!opencv-matrix
   rows: 3
   cols: 13
   dt: d
   data: [ 5.8696499522274124e+01, -7.3986162345252255e+00,
       -1.2548460552504745e+01, 3.3028394708097109e+00,
       3.4757360093133078e+00, -2.0489876663457487e+00,
       7.8997234059149746e-01, 2.1797766126296689e-01,
       2.9279440262156320e-01, -8.2551641508168891e-03,
       3.8052932930658249e-02, 3.3844999486660407e-03,
       3.4316240659626458e-03, -1.5410379918805475e+02,
       -2.1915365589986875e+00, 3.3004825140057569e+01,
       4.9222381414296175e+00, -1.0537932544784615e+01,
       3.7452889911251179e+00, -1.9756372496229901e-01,
       3.7343582797241404e-01, 3.3522564839196684e-01,
       -2.1004571930763993e-02, -4.5016039191438831e-02,
       -3.3430200912625851e-03, 2.4899172778742986e-03,
       3.5217963176740398e+01, 4.5774600913977025e+01,
       -7.6794808764484381e+00, -2.9586650818502591e+01,
       5.3749022891797686e+00, 2.5532152066918070e+00,
       -3.8799820695438547e+00, -2.0771650960475134e+00,
       -2.3808258395847877e+00, 9.8123617514734640e-02,
       -1.0475149226906216e-01, -1.0804636795884771e-02,
       -2.4586476140024884e-02 ]
covs: !!opencv-matrix
   rows: 39
   cols: 13
   dt: d
   data: [ 8.7005150030603654e+03, 7.2596086991769948e+02,
       1.7140846489522808e+03, -1.9766884926140150e+02,
       -8.9944980410452706e+02, 3.4741356469880782e+02,
       -9.5018937169028817e+01, 2.8001806295547581e+01,
       1.6361345654585381e+01, -1.2887331782568285e+00,
       -1.6336905355679678e+00, -5.2582066310470785e-02,
       -1.8436519629505269e-02, 7.2596086991769948e+02,
       8.4110018494432370e+03, -1.7260706406459474e+02,
       6.4938463650052904e+02, 4.9997596061731429e+01,
       -2.5395630207808370e+02, 3.6560358909802197e+01,
       -1.5646663237547703e+01, 1.5045223672784516e+00,
       -2.4364415049981276e+00, 1.3142232897832395e+00,
       4.7185572140085280e-01, 6.0095247792636614e-02,
       1.7140846489522808e+03, -1.7260706406459474e+02,
       2.9315560782615730e+03, 2.4603699694401090e+01,
       1.8479927734717316e+02, -7.8915231519261098e+01,
       3.2496320549335302e+01, -1.4953720917947659e+00,
       9.7376170699289677e-01, 3.4830758153999137e+00,
       -2.3581148486677195e-02, -1.6886727909844074e-01,
       8.5950193606410097e-02, -1.9766884926140156e+02,
       6.4938463650052881e+02, 2.4603699694401087e+01,
       2.3075313891571941e+03, 1.8096567765695417e+00,
       1.3194838618920446e+02, -1.6245383009547879e+01,
       1.8428119537551986e+01, -9.9404254483842269e-01,
       -3.0696390678208241e+00, -5.3881064294584236e-01,
       -1.9964827793016288e-01, -2.5844897172742028e-02,
       -8.9944980410452695e+02, 4.9997596061731421e+01,
       1.8479927734717316e+02, 1.8096567765695393e+00,
       4.3918836114325626e+02, 5.1105326815210766e+01,
       -3.8003496253223092e+00, 7.8175392414653917e+00,
       4.3400765394671481e+00, 1.8232772700159253e-01,
       6.7555689989201154e-02, -2.7574052399391914e-02,
       2.0644957520195812e-02, 3.4741356469880782e+02,
       -2.5395630207808372e+02, -7.8915231519261127e+01,
       1.3194838618920446e+02, 5.1105326815210780e+01,
       2.2078212096367460e+02, 6.9370464737484543e+00,
       1.0062252519132260e+00, -9.9829758982961792e-01,
       -5.6563827361530616e-01, 1.4569581350788141e-01,
       4.7150280952793014e-02, 1.8668171112509290e-03,
       -9.5018937169028817e+01, 3.6560358909802204e+01,
       3.2496320549335309e+01, -1.6245383009547886e+01,
       -3.8003496253223101e+00, 6.9370464737484552e+00,
       2.3005247639898869e+01, -2.8723403916439261e+00,
       -2.7924561236375904e+00, 2.8147660997414381e-01,
       2.4935997556356004e-02, 4.6789961118943145e-02,
       -2.8810558264485510e-02, 2.8001806295547574e+01,
       -1.5646663237547704e+01, -1.4953720917947655e+00,
       1.8428119537551986e+01, 7.8175392414653917e+00,
       1.0062252519132258e+00, -2.8723403916439265e+00,
       1.4962687513337729e+01, -2.1614920132524333e+00,
       6.2293090979907240e-01, -4.3914951517865619e-02,
       -1.8825911600889787e-02, -1.2808973308642205e-02,
       1.6361345654585381e+01, 1.5045223672784531e+00,
       9.7376170699289688e-01, -9.9404254483842314e-01,
       4.3400765394671472e+00, -9.9829758982961836e-01,
       -2.7924561236375904e+00, -2.1614920132524333e+00,
       1.5375192386543917e+00, -1.1309445951960101e-01,
       -3.5142038575463247e-02, 2.3037719402912001e-04,
       -1.6413072002153101e-02, -1.2887331782568276e+00,
       -2.4364415049981276e+00, 3.4830758153999137e+00,
       -3.0696390678208241e+00, 1.8232772700159253e-01,
       -5.6563827361530594e-01, 2.8147660997414387e-01,
       6.2293090979907240e-01, -1.1309445951960101e-01,
       3.1443903700796827e-01, 9.8972898168307993e-03,
       1.6671077290386176e-03, 1.0680024020890111e-03,
       -1.6336905355679678e+00, 1.3142232897832393e+00,
       -2.3581148486677243e-02, -5.3881064294584236e-01,
       6.7555689989201154e-02, 1.4569581350788141e-01,
       2.4935997556356008e-02, -4.3914951517865633e-02,
       -3.5142038575463247e-02, 9.8972898168307958e-03,
       2.0262424913805983e-02, -2.9933360958003309e-03,
       1.9306688610464708e-04, -5.2582066310470778e-02,
       4.7185572140085275e-01, -1.6886727909844074e-01,
       -1.9964827793016288e-01, -2.7574052399391907e-02,
       4.7150280952793014e-02, 4.6789961118943145e-02,
       -1.8825911600889787e-02, 2.3037719402912033e-04,
       1.6671077290386185e-03, -2.9933360958003309e-03,
       2.2293034133502960e-03, 1.8397873408034437e-04,
       -1.8436519629505283e-02, 6.0095247792636600e-02,
       8.5950193606410111e-02, -2.5844897172742007e-02,
       2.0644957520195802e-02, 1.8668171112509271e-03,
       -2.8810558264485503e-02, -1.2808973308642209e-02,
       -1.6413072002153101e-02, 1.0680024020890109e-03,
       1.9306688610464708e-04, 1.8397873408034437e-04,
       2.3539859642865220e-03, 8.1891243835685309e+03,
       -1.1751835979535761e+03, 2.4190955992900881e+03,
       1.0323432893499114e+03, 2.2054664014529794e+02,
       -2.5715390993884063e+02, 1.2469153277635712e+02,
       -1.6882916788468659e+01, -1.9280756778912909e+00,
       3.5697955338929765e+00, -4.8148130067645880e+00,
       1.3104203951069657e+00, 4.0271124805739883e-02,
       -1.1751835979535758e+03, 1.1410195914782751e+04,
       3.4967069575718710e+02, -7.9267860988669884e+02,
       -2.9020757798783859e+02, 4.2508018361932761e+02,
       -7.6984763092422128e+01, 3.8070473191592399e+01,
       -3.1847461756535838e+00, 1.0966524799758682e+01,
       8.4750528153375959e-01, 2.8712432330639115e-01,
       2.9547775003425269e-02, 2.4190955992900886e+03,
       3.4967069575718710e+02, 2.5887572031934765e+03,
       -2.5419456184007041e+02, -8.4669175835854034e+01,
       5.9368351017647747e+01, -3.3191675967023016e+01,
       7.4134104961806635e+00, -4.1637385034088420e-01,
       -6.4992651117707601e-01, 1.1625740426106514e+00,
       -2.0118901146651408e-01, -6.2982744538046739e-02,
       1.0323432893499112e+03, -7.9267860988669895e+02,
       -2.5419456184007041e+02, 2.9259956323997412e+03,
       1.1566187868371955e+02, -2.1233657707743600e+02,
       3.8495608409922163e+01, -3.4298687949710889e+01,
       5.9728685704752813e+00, -3.3107547224365746e-01,
       -9.0419897755634049e-01, -3.7686003188316364e-01,
       9.0953104575663170e-03, 2.2054664014529789e+02,
       -2.9020757798783859e+02, -8.4669175835854034e+01,
       1.1566187868371955e+02, 1.4736921995437464e+02,
       -6.7164438935822190e+01, 1.8610060277984662e+01,
       -8.5989288662342389e+00, -2.2595541159892010e+00,
       1.3196149784804794e+00, -1.0721302276602542e+00,
       -7.5304865307483232e-02, 2.7461362366342463e-02,
       -2.5715390993884057e+02, 4.2508018361932761e+02,
       5.9368351017647740e+01, -2.1233657707743598e+02,
       -6.7164438935822190e+01, 2.4527256019430908e+02,
       -1.0422865354283090e+01, 1.8060649397532194e+00,
