%YAML:1.0
means: !!opencv-matrix
   rows: 10
   cols: 2
   dt: d
   data: [ -6.0048348790269387e+01, -1.3183267535643333e+02,
       -5.9104988475918020e+01, 1.1845654539313188e+02,
       -2.1026181390005800e+02, 5.4380426715833082e+01,
       1.6065956111271927e+02, 5.4585012871068038e+01,
       5.2548078350141211e+01, 2.2906936827477125e+01,
       -2.1776628875176903e+02, -8.8137278589756903e+01,
       5.7107159469082909e+01, -9.7443196286061266e+01,
       1.6829565496900923e+02, -6.2190631538358033e+01,
       -8.0951987346657802e+01, -1.3102020935794004e+01,
       6.1775640472293709e+01, 1.4388798866863061e+02 ]
covs: !!opencv-matrix
   rows: 20
   cols: 2
   dt: d
   data: [ 8.2273437694015629e+03, -3.9571965084188028e+03,
       -3.9571965084188028e+03, 1.0456562252301994e+04,
       4.2991233607156792e+03, -4.0236268369492518e+02,
       -4.0236268369492524e+02, 5.9699260014253350e+03,
       4.2621458584017728e+03, 7.8730805594734625e+02,
       7.8730805594734613e+02, 7.8569077805302386e+03,
       5.2990416828095904e+03, 3.1468971758488027e+02,
       3.1468971758488033e+02, 4.8148939554225944e+03,
       4.3347183923635394e+03, -1.7528557939722700e+02,
       -1.7528557939722697e+02, 3.0467675915721729e+03,
       3.5840861485756905e+03, 4.1359905447118173e+01,
       4.1359905447118173e+01, 6.9256752583519092e+03,
       4.1085759304244575e+03, -6.0039705769419174e+02,
       -6.0039705769419197e+02, 3.4836236275548913e+03,
       4.6927918319915707e+03, 9.5790135738618957e+01,
       9.5790135738618986e+01, 4.0652588923912126e+03,
       3.1152202588204809e+03, 1.7355539548360213e+01,
       1.7355539548360202e+01, 7.7235487617064618e+03,
       4.9984584033716355e+03, -2.9634030222803625e+02,
       -2.9634030222803625e+02, 4.3758271844904448e+03 ]
weights: !!opencv-matrix
   rows: 1
   cols: 10
   dt: d
   data: [ 8.0022866770920298e-02, 9.1781130055765700e-02,
       7.2443954249086867e-02, 8.2569011097386694e-02,
       1.7403231579559089e-01, 5.3146038984809768e-02,
       1.2840783217424159e-01, 8.5689670258732378e-02,
       1.5033100532276464e-01, 8.1576175290702546e-02 ]
pca_proj: !!opencv-matrix
   rows: 2
   cols: 21
   dt: f
   data: [ 1.02604255e-02, 8.46533298e-01, 5.67100069e-05,
       -5.08859605e-02, 4.68450844e-01, 1.89823491e-04, -5.55210514e-03,
       1.46431834e-01, -1.98076777e-05, -7.31809530e-03, 1.34976640e-01,
       -4.80776835e-05, -6.69380091e-03, 1.46460637e-01, -1.57161594e-05,
       2.11501210e-05, 1.32904761e-05, -3.16381829e-07, -1.62182951e-05,
       4.47223283e-04, 4.04881848e-06, 8.19958210e-01, 1.87153444e-02,
       -7.93817599e-05, 4.28530097e-01, 8.29724409e-03, 8.75842488e-06,
       2.28233948e-01, -2.37727305e-03, -1.84168690e-04, 2.08515689e-01,
       -1.20344283e-02, -2.14158339e-04, 2.18838796e-01, -7.27251405e-04,
       -1.84816250e-04, -3.05604735e-05, -5.04301033e-06,
       -1.27042276e-05, 6.79167337e-04, 1.30049409e-06, -1.63660501e-04 ]
pca_mean: !!opencv-matrix
   rows: 1
   cols: 21
   dt: f
   data: [ 4.33646118e+02, 2.44701981e+02, 1.49672687e+00,
       4.18191803e+02, 2.60206879e+02, 1.62062907e+00, 3.68545319e+02,
       2.27059875e+02, 1.69770968e+00, 3.19420807e+02, 1.63929108e+02,
       1.75046074e+00, 3.16613464e+02, 2.25532654e+02, 1.70717156e+00,
       1.08872897e-04, -9.74175637e-05, 6.24380555e-05, -2.17504916e-04,
       -2.50119597e-01, 1.75055194e+00 ]
gamma: !!opencv-matrix
   rows: 10
   cols: 1
   dt: d
   data: [ 9.2228252086419671e-01, 8.8739099862430892e-01,
       9.0682937639187788e-01, 8.8977319772633490e-01,
       8.4952164831961763e-01, 9.0319015088239296e-01,
       8.6276549254181201e-01, 8.8321092763583520e-01,
       8.7784153532170695e-01, 8.8636929389654795e-01 ]
