%YAML:1.0
means: !!opencv-matrix
   rows: 33
   cols: 3
   dt: d
   data: [ 5.8580054221469034e+01, 8.5842576146647374e+01,
       -9.4388150003228276e+01, -1.5997819176742419e+02,
       3.8951345491569384e+01, 4.9725026149395845e+01,
       1.3886794593069263e+02, -6.5712278790365190e+01,
       1.3306066791851048e+01, 1.1960779781204731e+02,
       1.0403164686876167e+02, -2.2742686091718511e+01,
       -4.3861840328021913e+01, 1.0844070237617022e+02,
       -2.4163779138552314e+01, 1.1074733201658364e+02,
       3.1762963483190841e+01, -1.8015730432525402e+01,
       1.5203751073224685e+01, 3.5410748832493674e+01,
       -7.2144900328712509e+01, -8.2184307941838782e+01,
       5.7445367019300626e+01, -5.5532106490963955e+01,
       -2.1179784651467904e+02, -1.3283473406807983e+02,
       -2.4262257017581788e+01, -5.8625598722150691e+01,
       1.1272436264303745e+02, 6.1147050922635735e+01,
       -1.0528666997674233e+02, -3.7598877793669658e+01,
       5.7948236681657512e+01, 2.4926691770140468e+00,
       -4.5612651894664005e+01, -9.5234194373037198e+01,
       1.7605047528395255e+02, 8.5271797086156084e+01,
       2.6687057847758634e+01, -6.2593123674003678e+01,
       3.7751527294261851e+00, 1.0449692434919312e+02,
       2.9753801497717557e+01, 6.5892448955266346e+01,
       3.1222054387586152e+01, 1.8727292155816539e+02,
       -4.1123868067307129e+01, 5.0614393123146918e+01,
       -2.6311993101486843e+02, 1.8970630409301496e+01,
       -2.7785338973797366e+01, -8.6866413888001315e+00,
       -1.3387048048742110e+02, -1.5983092131230052e+01,
       -2.6605490054052467e+02, 5.0147273604929183e+01,
       1.9830461325995614e+00, 6.9548065144264569e+01,
       1.4424288661156177e+02, 2.3172728929919717e+01,
       7.6939561111216577e+01, -5.0262199522172914e+01,
       -2.6171021148415111e+01, -1.9088770055907054e+02,
       1.1110606173028513e+02, 5.1344917149230334e+01,
       8.7317137282151993e+00, -5.0981254340743931e+01,
       5.8247703463458976e+01, -9.9799055451708611e+01,
       -1.3236744322556689e+02, -3.2586984776082843e+01,
       1.6905503929832389e+02, -1.5854763036945172e+01,
       2.9162374546543116e+01, -1.0837181864435755e+02,
       -6.7020700658759637e+01, -5.6091076675334122e+01,
       7.4354923262406629e+01, -2.4240335069545445e+01,
       7.7964384040697723e+01, 1.1329900792135876e+02,
       -3.2927196019124345e+01, -6.7115136447353876e+01,
       -1.1014557371196672e+02, -1.5437397549479320e+02,
       5.2448510506360385e+01, 1.4115288692575626e+02,
       7.5017367202614096e+01, 6.7995187665725041e+01,
       -1.8649835173783484e+02, -2.7631965189763896e+01,
       4.0475179241137402e+00, -2.4821886178411013e+01,
       -3.1996187410424888e+01, -9.7999086862690099e+00,
       1.0009749445761406e+02, -1.5392174783132114e+02,
       1.6366790685851445e+01 ]
covs: !!opencv-matrix
   rows: 99
   cols: 3
   dt: d
   data: [ 1.5147727486680658e+03, 2.2284891522378715e+02,
       2.5274799551735008e+01, 2.2284891522378715e+02,
       1.9785854494228195e+03, 5.5109638326779207e+00,
       2.5274799551735015e+01, 5.5109638326779278e+00,
       5.5153792915824101e+02, 1.5727497632538355e+03,
       3.8765725372944672e+02, 6.2196848051141865e+02,
       3.8765725372944684e+02, 4.0655179185921620e+03,
       -9.1437604819883200e+02, 6.2196848051141865e+02,
       -9.1437604819883200e+02, 1.4423241445941744e+03,
       2.8726248341667633e+03, -7.0100586389245746e+02,
       -3.2001853239867529e+02, -7.0100586389245746e+02,
       2.6421384739166629e+03, -1.9771887255116582e+02,
       -3.2001853239867529e+02, -1.9771887255116582e+02,
       5.9234078331769081e+02, 3.2975139977463123e+03,
       -3.6348123858788981e+01, 4.2786803373685763e+02,
       -3.6348123858788995e+01, 1.2081139674596368e+03,
       -3.9561716068509007e+01, 4.2786803373685763e+02,
       -3.9561716068509014e+01, 1.0321640141340283e+03,
       2.5758431386244315e+03, 1.5637727412101108e+02,
       3.2639043748850924e+02, 1.5637727412101108e+02,
       5.9117434691218496e+03, -9.8790952345427513e+02,
       3.2639043748850918e+02, -9.8790952345427513e+02,
       7.3267187024055750e+02, 4.0092170375121336e+03,
       -4.7657968866799855e+01, 5.6777767227908737e+02,
       -4.7657968866799834e+01, 1.5825573221810741e+03,
       -6.8343490735869622e+01, 5.6777767227908737e+02,
       -6.8343490735869594e+01, 8.6007217513434068e+02,
       7.9980494083233850e+02, 4.4025710925820150e+01,
       5.4139468841043856e+02, 4.4025710925820171e+01,
       5.7282770112120379e+03, -1.6335010166363080e+01,
       5.4139468841043856e+02, -1.6335010166363102e+01,
       5.9945694234079497e+02, 2.0601514502978739e+03,
       3.6418451318879136e+02, -1.3440914569249773e+02,
       3.6418451318879136e+02, 4.7413682970594791e+03,
       -7.1682755272367885e+01, -1.3440914569249770e+02,
       -7.1682755272367871e+01, 3.9382249905036451e+02,
       1.5498772850905443e+03, 8.1481785597800558e+02,
       5.2215057997472820e+02, 8.1481785597800558e+02,
       3.7309517288000511e+03, 3.9491189746430820e+02,
       5.2215057997472820e+02, 3.9491189746430820e+02,
       4.8614420880781324e+02, 3.9488561272851607e+03,
       -2.0399107346580408e+03, -4.8418207709514519e+01,
       -2.0399107346580408e+03, 2.5357062536279709e+03,
       4.9551874786143520e+02, -4.8418207709514505e+01,
       4.9551874786143520e+02, 9.5130917769773566e+02,
       1.7203323401085993e+03, 7.5640767109676028e+02,
       -7.5030626280909999e+01, 7.5640767109676028e+02,
       4.1235056826972941e+03, -4.8317853093698778e+02,
       -7.5030626280909999e+01, -4.8317853093698784e+02,
       9.3874144992228128e+02, 2.4848358408159911e+03,
       4.2658610201047416e+01, -5.0080998043105950e+02,
       4.2658610201047438e+01, 3.7465063265241224e+03,
       2.7311289414896487e+02, -5.0080998043105961e+02,
       2.7311289414896493e+02, 4.9532329886425003e+02,
       3.0924741059579314e+03, -9.7385280967591228e+01,
       -1.8903244270120001e+02, -9.7385280967591228e+01,
       1.7286984560691430e+03, 2.7632803962439063e+01,
       -1.8903244270120001e+02, 2.7632803962439080e+01,
       3.4074097911661477e+02, 2.1655475053429873e+03,
       -1.2291835179771974e+03, -1.9655812423322007e+02,
       -1.2291835179771974e+03, 1.0903195538420199e+04,
       2.9169787866200437e+02, -1.9655812423322007e+02,
       2.9169787866200443e+02, 1.8019388436382536e+02,
       2.2084863917312482e+03, -4.5169507829343354e+02,
       1.3179637052999792e+03, -4.5169507829343348e+02,
       8.1303240667741466e+03, 2.8164180391534721e+01,
       1.3179637052999792e+03, 2.8164180391534700e+01,
       1.0255593286979220e+03, 3.3471480507175065e+03,
       1.7221556284515254e+03, -6.9965070482929445e+02,
       1.7221556284515257e+03, 7.6210596997227367e+03,
       -3.2292380909733237e+02, -6.9965070482929445e+02,
       -3.2292380909733237e+02, 2.3439009918157714e+02,
       2.7297386692513592e+03, 5.4748684593208054e+02,
       7.9631319951729267e+01, 5.4748684593208043e+02,
       8.5699877047583941e+03, 1.7834502003545100e+02,
       7.9631319951729239e+01, 1.7834502003545097e+02,
       2.0875013081409472e+02, 2.6714733169067154e+03,
       2.9909080247693635e+02, -4.2024017893102570e+02,
       2.9909080247693635e+02, 3.4510763855020209e+03,
       -8.0907355487945338e+01, -4.2024017893102570e+02,
       -8.0907355487945281e+01, 1.7628802799888995e+03,
       1.7540889843854918e+03, -1.7099997321694681e+02,
       5.4907633741169832e+02, -1.7099997321694693e+02,
       8.6364861189546991e+03, -6.6311073831426677e+02,
       5.4907633741169832e+02, -6.6311073831426677e+02,
       5.4036312010297115e+02, 2.4849675723447522e+03,
       1.2852586743077925e+03, 6.6228578560928122e+02,
       1.2852586743077925e+03, 3.9694772343116460e+03,
       -5.7455440209731265e+01, 6.6228578560928122e+02,
       -5.7455440209731265e+01, 9.6629181032459758e+02,
       1.7058444600093469e+03, 5.7125193506878489e+01,
