%YAML:1.0
means: !!opencv-matrix
   rows: 26
   cols: 8
   dt: d
   data: [ -1.8639729353143611e+02, 3.8005162564226637e+01,
       4.4210129802335921e+01, -2.2766668461570351e+01,
       -1.1927739555342701e+01, 4.0341918985414038e-01,
       2.0280400707251434e-01, 8.3514416050611373e-01,
       1.1886790110780534e+02, -4.0944828603155649e+01,
       -3.1351119190994147e+01, 3.4139965701247434e+01,
       -3.5940369219341566e+00, 1.3213907560250448e+01,
       -6.5381276738907729e-02, 1.9854480723597372e+00,
       1.4468177287810673e+02, 1.2736297131782276e+01,
       -4.1086409712351546e+01, -7.3542041885098308e-01,
       -4.6007207717446539e+00, 1.3112209038854507e+01,
       -1.3580482777339615e+00, 1.6813228275355379e+00,
       -1.5526475021863732e+02, 7.9056747600724657e+00,
       3.8423296889121083e+01, 9.8726377474688842e+00,
       -6.6408745230247357e+00, 2.5471801656140112e+01,
       -1.5946168897578601e+00, 2.6708115477585164e+00,
       -2.8951110511878859e+00, 4.9147702075763952e+01,
       9.5898638350291581e+00, -2.0469160978708800e+01,
       5.7481838136958991e+00, -1.4609741903331058e+01,
       -6.6117607736658812e-01, 1.0541012553929576e-03,
       -2.1400417088806708e+02, -9.5403768038188783e+00,
       4.4088869288193052e+01, 1.3496492106261519e+01,
       -9.6889150058757600e+00, 1.1154577001859781e+01,
       -1.8040797782444984e+00, -1.5433978953510128e+00,
       1.2016058018517334e+02, 9.8525097106040498e+00,
       -3.5132241389775814e+01, -5.4432192644009953e+00,
       -1.5335103343655980e+01, -4.6649025354505520e+00,
       9.2710705992142495e-01, -7.1044221999259738e-01,
       -2.2829178007517939e+01, -4.5448379422369186e+01,
       1.7325646753734340e+01, 4.6099057543330041e+01,
       1.9098974833083204e+01, -2.5710970129055375e+00,
       -3.8216146637598651e+00, -1.9419730447703141e+00,
       4.6160398351891532e+00, -9.2451590374825727e+01,
       9.3384177352377034e+00, -2.1696537274822155e+01,
       2.4391011021160192e+01, 2.8986469529340025e-01,
       -3.2151295194705876e-01, -4.7838530666485135e-01,
       -1.5580795459755586e+02, -4.1703223087281735e+01,
       3.5547608380330523e+01, 2.1638566359133723e+01,
       1.0333384240041945e+00, -6.3158649430011709e+00,
       1.5698767195207251e+00, 1.5098642938946918e-01,
       8.2085394025048387e+01, 1.7227440247931280e+01,
       -2.2884479443789115e+01, -3.2009083990480114e+01,
       -2.5986201795024346e+01, -2.0063503843051066e+01,
       1.1177996058713520e+00, -2.4809250169659212e+00,
       -1.1675170215594135e+02, -6.6880934850089332e+01,
       3.7721885131615039e+01, 4.4472329976182635e+01,
       -2.7457715388368709e-01, -6.4688976396864808e+00,
       3.3583116907809845e+00, 6.2621357396060756e-02,
       -1.4820756126276470e+02, -1.0390920260206710e+02,
       2.7585995167938478e+01, 6.6407644205628685e+01,
       -1.9950740064122581e+01, 8.7339012531986249e-01,
       -2.6047524741657480e-01, -1.4836344613911212e+00,
       8.1683573297895677e+01, -4.0502369290556977e+01,
       -2.1870083119120491e+01, 3.1613280841264714e+01,
       -8.6390798786987322e-01, 1.2513319871565850e+01,
       -4.4486914434181282e+00, -1.7632865763270724e+00,
       1.6087010711395006e+01, 1.5474968927028070e+02,
       -2.1832118701256242e-01, -8.5518247557587571e+01,
       1.5633539899031037e+01, 1.5427610380075281e+01,
       -3.9996831433941810e-01, 2.2325003037854385e+00,
       -2.1043049199748350e+02, 1.1033417702336625e+02,
       4.9002277057809927e+01, -5.3607722203338035e+01,
       -2.1063236825364037e+01, 3.1320351458614553e+01,
       -5.7939019211619467e+00, 2.8477304861455734e+00,
       -1.7432155708369487e+02, 7.7289818877873870e+01,
       3.4019441103509550e+01, -5.0814443131894983e+01,
       -2.2267082500913158e+01, -1.8677704327467217e+00,
       -2.2994679905000730e+00, -1.1788695034812242e+00,
       3.1989257003837650e+01, -9.9309081299238883e+01,
       -1.0644015882111496e+01, 6.8026629752006500e+01,
       -4.2826302953452808e+00, -1.2442326752849857e+00,
       2.1036431750064621e+00, -4.0509400914261445e-01,
       1.6607816560937394e+02, 1.8609660726323426e+01,
       -4.4599025775838648e+01, -1.8355780968472942e+01,
       -7.8380360324301819e+00, 1.2571229160191477e+01,
       -3.2251708017772918e-01, -1.1319231355271255e+00,
       -5.8777343856212354e+01, -9.1221714633393447e+01,
       1.2808314953051822e+01, 5.3425437114699996e+01,
       6.8790746702712928e+00, -4.0920364065382948e+00,
       1.9849105523173034e+00, -5.7434685491296766e-01,
       -5.3189748948095605e+00, 5.0214136903958469e+01,
       1.3691010655228503e+01, -3.4770331846456081e+01,
       3.6226305901539952e+01, -1.2876949836574575e+01,
       2.7172193996083216e+00, 5.3014669864018638e-01,
       9.5106124398719203e+01, 3.0512863357251895e+01,
       -2.6085220938369115e+01, -5.7222246261096741e+00,
       7.6847634913804157e+00, 6.0523745687184034e+00,
       2.6339608900943778e-01, 2.1025825782243031e+00,
       7.8263454159895511e+00, 2.4840561153081559e+01,
       3.9339606160009093e+00, 7.7044118914846083e+00,
       3.1966551011691823e+01, 1.7646198500941643e+00,
       9.2417678365826916e-01, 8.4019384232857230e-01,
       3.0135365598372875e+01, -4.9709679224627031e+01,
       -7.1713427535034837e+00, 2.1259834957071064e+01,
       -7.6723446872929051e+00, 6.6601523495284241e+00,
       3.7595782960467150e-01, 1.3835244078152693e+00,
       -8.5226520194903372e+01, 2.4278515475385976e+01,
       2.8488729485121318e+01, -1.7234632170931253e+01,
       1.5087321220299737e+01, -1.6960147052902382e+01,
       1.5242563458992731e+00, -1.0564400699861547e+00,
       7.3299573713636192e+01, 3.3621441413325797e+01,
       -1.8391844337485026e+01, -3.8162490568750052e+01,
       -7.9670978288946541e+00, -1.7481962929994641e+01,
       1.0980300838132966e+00, 3.3939893902737256e-01 ]
