%YAML:1.0
means: !!opencv-matrix
   rows: 5
   cols: 17
   dt: d
   data: [ 6.5333692932513372e+01, -1.7209398748654372e+01,
       -1.4349943368896840e+01, 1.4158214249082713e+01,
       9.3634762034992658e+00, 3.7865166163256729e+00,
       4.1019046074830362e-01, 7.4399199835343699e-01,
       2.7121581680025614e-01, -5.6274645141308095e-02,
       3.4966246682739746e-02, 3.9662708690422245e-03,
       4.8388121203569688e-03, 1.5942033032073418e-03,
       1.0730938275584367e-02, -1.9853459934163474e-03,
       1.1856813191885840e-03, -2.0056728981459011e+02,
       5.4311891135941771e+01, 4.1183908404470372e+01,
       -2.7748312061290299e+01, -1.7003239724920128e+01,
       1.1759043829968025e+01, -3.1874204199901923e+00,
       -6.6272704214417089e-01, -1.2478495934484395e-01,
       2.1203671867752319e-01, 2.2018031163841389e-02,
       -2.1865658758962753e-02, 1.4657998737639482e-03,
       4.0198485901567988e-03, 2.4748654620439098e-02,
       -3.9250871836330539e-03, 1.9068743685317080e-03,
       1.3659697061185925e+01, 2.9125183004138549e+01,
       4.7249681108014476e+00, -1.6895630232825596e+01,
       8.3444518479099195e+00, 3.6014049117978906e+00,
       -5.1954914336434159e+00, -3.3394702805393037e+00,
       -2.8305015187304217e+00, 3.1474638662433535e-01,
       -1.2981283684696454e-01, 1.6095604057166282e-02,
       -2.9726211783495896e-02, 2.5500288020011770e-03,
       -2.3012187974431907e-02, 1.2118259012993812e-02,
       -1.3600735216894444e-02, 9.5755824050945932e+01,
       1.8527849533122644e+01, -2.7851310480371843e+01,
       -3.0406599293699294e+01, -2.1931646259776507e+01,
       -1.1565229021574895e+01, 2.5246262207428949e-01,
       -1.9241949277964641e+00, -1.2921677847890535e-02,
       -1.8220162656254660e-01, 1.0018211764115557e-01,
       -2.4334859732632021e-02, -1.0736923594724607e-03,
       -5.3835921673804788e-03, 9.7774895801001228e-03,
       5.9226916332966919e-03, 3.3548949639200291e-03,
       -7.2769957277387363e+01, -1.0173452946962144e+01,
       1.7643965646272846e+01, 7.2975591355570595e+00,
       -5.8410475658706740e-01, -5.3351669358236302e+00,
       1.8995984794322158e+00, 9.8103845576618598e-01,
       4.9761749161833824e-01, -1.5231657873394757e-03,
       -6.3057630982125398e-02, 7.5397649523956129e-03,
       1.8560817791540975e-03, -1.9753287769257387e-03,
       -2.1059740241618861e-02, -1.9760034105501881e-03,
       1.9350315531867050e-04 ]
covs: !!opencv-matrix
   rows: 85
   cols: 17
   dt: d
   data: [ 8.4130830862847506e+03, 7.5542369382928439e+02,
       1.7903902464939054e+03, -1.5555911654595354e+02,
       -9.1138990029041349e+02, 3.2655279368115924e+02,
       -9.1011061098406913e+01, 4.7035238306542091e+01,
       1.3338576427976973e+01, 1.8162807435668133e-02,
       -2.6862297926932635e+00, 8.0129000658977129e-02,
       -1.3109630582217940e-01, -7.7915957268224575e-02,
       -4.5453712339575658e-01, -3.4674898761598411e-01,
       1.1290389801165809e-01, 7.5542369382928428e+02,
       8.4349628820442704e+03, -1.6613909298985357e+02,
       7.6536118268354869e+02, 1.8495046495205165e+02,
       -1.4644354291962730e+02, 3.1738523082409312e+01,
       -1.7781266158230469e+00, 5.1095413052958838e+00,
       -3.5101209021839197e+00, 6.1727300222707771e-01,
       1.0506119749860909e+00, 1.4445915639320170e-01,
       2.2677871627926749e-01, 4.8036031528397100e-01,
       -6.5914385307941470e-02, -1.1240498957990155e-01,
       1.7903902464939056e+03, -1.6613909298985362e+02,
       2.8977065082540184e+03, -1.6876194149484354e+00,
       1.7230702517909910e+02, -7.6930759384576447e+01,
       3.2483990227166331e+01, -6.3352602858708691e+00,
       1.1718635173807774e+00, 4.9233061953017749e+00,
       3.4354655409196810e-01, -2.3867524438978965e-01,
       9.8083209168126628e-02, 7.6014646114038409e-02,
       2.4936216324609925e-01, 1.4045359996000527e-02,
       -3.6435907446083722e-02, -1.5555911654595354e+02,
       7.6536118268354892e+02, -1.6876194149484376e+00,
       2.0421678030422536e+03, -2.1691054098560696e+02,
       -4.3031777270188265e+01, -1.2408797999331792e+01,
       1.3630318885004185e+00, -1.1021182772481266e+00,
       -2.1874394151066574e+00, 1.9031021032459311e-01,
       -4.0962361827056792e-01, -9.6074598695420052e-02,
       -1.6948865376307237e-01, -3.1190305725001310e-01,
       4.3534889402775348e-02, 5.1116438213707954e-02,
       -9.1138990029041349e+02, 1.8495046495205159e+02,
       1.7230702517909910e+02, -2.1691054098560699e+02,
       3.1670286043810148e+02, -4.3500180724465395e+01,
       -4.3677777485760467e+00, -5.1760416459925196e+00,
       4.7161645517331694e+00, 1.0675229844656105e-01,
       4.5004771508626151e-01, -4.7336626996354568e-02,
       3.2884324762985910e-02, 5.0886596543064856e-02,
       1.5551384836683382e-01, 3.7883775744478605e-02,
       -3.7421924312865604e-02, 3.2655279368115930e+02,
       -1.4644354291962730e+02, -7.6930759384576447e+01,
       -4.3031777270188250e+01, -4.3500180724465395e+01,
       1.2758450299103035e+02, 8.2832567001154054e+00,
       -6.1440199957707682e+00, -1.0486582195500596e+00,
       -3.8271823912374148e-01, 2.3139468358699214e-01,
       2.1318105698500723e-02, -9.6702087580736208e-03,
       1.1768484028237013e-02, -1.8441659313778818e-02,
       -2.9080174422472245e-02, -1.1165252906970421e-02,
       -9.1011061098406927e+01, 3.1738523082409309e+01,
       3.2483990227166323e+01, -1.2408797999331792e+01,
       -4.3677777485760467e+00, 8.2832567001154054e+00,
       2.2990387966467814e+01, -3.1797532649256715e+00,
       -2.8475872762908820e+00, 2.5507671469167448e-01,
       6.3946582222058512e-02, 4.0496746651668962e-02,
       -2.9231131457455154e-02, 6.9979217756483110e-03,
       1.4219352933597404e-03, 8.1700952845081380e-03,
       3.8129759455020392e-03, 4.7035238306542070e+01,
       -1.7781266158230491e+00, -6.3352602858708691e+00,
       1.3630318885004187e+00, -5.1760416459925196e+00,
       -6.1440199957707682e+00, -3.1797532649256723e+00,
       1.3971233586898130e+01, -2.2124702702088093e+00,
       6.3912514970896872e-01, -1.2295041025973208e-02,
       -2.5422608190088535e-02, -1.3829266070790606e-02,
       9.8167040536252309e-04, 8.1117618047623508e-03,
       4.8490026471307785e-03, -1.9658189746539847e-04,
       1.3338576427976967e+01, 5.1095413052958811e+00,
       1.1718635173807772e+00, -1.1021182772481273e+00,
       4.7161645517331703e+00, -1.0486582195500600e+00,
       -2.8475872762908820e+00, -2.2124702702088088e+00,
       1.5973846638426845e+00, -1.4956484876262877e-01,
       -3.1038261283310928e-02, 3.8201256310930699e-03,
       -1.7200184622852870e-02, -4.9221062202308838e-03,
       -1.3782856711041945e-03, 7.2404758657737154e-04,
       -1.4308895168088562e-03, 1.8162807435668168e-02,
       -3.5101209021839184e+00, 4.9233061953017749e+00,
       -2.1874394151066574e+00, 1.0675229844656101e-01,
       -3.8271823912374131e-01, 2.5507671469167453e-01,
       6.3912514970896872e-01, -1.4956484876262879e-01,
       3.1021164283771019e-01, 1.4794067702583669e-02,
       1.9883778026683258e-03, 2.0840240266208330e-03,
       -1.1835021032747297e-02, 2.1991734365613518e-03,
       -8.1149366893452891e-04, -1.9069861684103530e-03,
       -2.6862297926932635e+00, 6.1727300222707748e-01,
       3.4354655409196810e-01, 1.9031021032459314e-01,
       4.5004771508626151e-01, 2.3139468358699225e-01,
       6.3946582222058512e-02, -1.2295041025973209e-02,
       -3.1038261283310928e-02, 1.4794067702583669e-02,
       1.7826397706748435e-02, -2.7049457230153714e-03,
       3.7790533820413223e-04, -4.8486243291177779e-04,
       -8.0142735899498680e-04, 2.3305780347589242e-05,
       -7.0779237387630877e-04, 8.0129000658977184e-02,
       1.0506119749860907e+00, -2.3867524438978968e-01,
       -4.0962361827056798e-01, -4.7336626996354540e-02,
       2.1318105698500723e-02, 4.0496746651668962e-02,
       -2.5422608190088535e-02, 3.8201256310930699e-03,
