%YAML:1.0
means: !!opencv-matrix
   rows: 33
   cols: 9
   dt: d
   data: [ 1.3406142212142731e+01, -5.5923311246200458e-01,
       -2.4203199768675983e+01, -1.1664309359423880e+01,
       2.5698075690005151e+01, -5.7475225644840702e+00,
       1.2751057165749928e+00, -9.6988212107812322e-01,
       -5.5813098145759499e-01, -8.3212107782779171e+01,
       1.0366918738710594e+02, 6.4170471036378371e+00,
       -5.1023913374719626e+01, 3.7129069738030296e+00,
       5.6870999932257824e+00, 1.7888949994645542e+00,
       -7.6891285858799785e-02, -2.2523141572371508e-01,
       -1.6185087585976716e+00, -1.8878576655633243e+01,
       9.1556509654453553e+00, 7.2644848280662151e+00,
       1.3882826164261845e+01, 1.6055344109378414e+01,
       2.1022042091125610e+00, -5.0988473759684971e-01,
       3.6218749851045901e-01, 6.5286343124512147e-01,
       -5.7298057808785764e+01, 8.7930018066834847e+00,
       2.4188796836067958e+01, -1.0688183343695842e+01,
       -1.5146380903970991e+01, -4.7463486839447627e-01,
       6.7158158128812462e-01, -1.8061707794024267e+00,
       1.5345452022293069e+01, -5.6296258703543728e+01,
       1.2455966900795095e+01, 2.0993136420731791e+01,
       3.7460838880105655e+01, -1.7328701475291253e+00,
       4.7740000690516549e-01, -9.9968598250284268e-01,
       -5.2379686046588503e-01, 1.3853531826159320e+02,
       2.7679219510001971e+01, -3.3062036132294196e+01,
       -1.2710649524857409e+01, -1.7689328132033097e+01,
       -1.0667935362440968e+01, -1.2946532676130152e+01,
       1.0667650378202564e+00, 8.2133825283109942e+00,
       -2.0626890534576103e+02, -5.4471415635318117e+01,
       4.0576386442553797e+01, 2.2262277938445219e+00,
       -3.7303498899607668e+00, -2.5131834977783867e+00,
       -2.7496618722344750e+00, -5.0936309785629530e-01,
       4.4539127217747945e+00, -1.4431645665914709e+02,
       -1.7541806232711775e+01, 3.3772731073952613e+01,
       -1.4885071782765500e+01, -4.2677980975857652e+00,
       -2.7645424734354719e+01, -9.3979656289249713e-01,
       2.7468354583738019e-01, -2.6894462246571234e+00,
       1.7113645838696275e+01, 6.2797450727887116e-01,
       -1.3962724841012454e+01, -2.8989177236485599e+01,
       -6.2619929781745300e+00, -2.1747819295105977e+01,
       -2.7363511031226828e+00, 2.1701086006935837e+00,
       5.3944009719389197e+00, 1.5703905835102032e+02,
       -4.8778081768552184e+00, 4.0996570668641006e+01,
       -1.8752801639503456e+01, 8.3348594967895711e+00,
       -3.5598548658605202e+00, -2.8405875269137348e-01,
       -6.6200745305673114e-01, -6.7577803832549854e-01,
       3.4985817347195102e+01, 1.2577277328367934e+02,
       -2.7712047416950508e+01, -5.2415094406810972e+01,
       -8.7734406401900493e+00, 1.5271355798109387e+00,
       2.2493969330821004e+00, -2.1695978921568976e-01,
       -2.0289350533276648e-01, -1.6563788808103709e+02,
       -1.2461992755430843e+02, 4.8603002297954617e+01,
       4.2596495472901516e+01, -3.2778323004655128e+01,
       -5.2919236722585934e+00, -4.6064379822308714e+00,
       -1.4072284606621057e+00, 3.1941699913142246e-01,
       1.9151769514953349e+02, 1.2463285789028912e+01,
       -4.9519116648895981e+01, 1.4255663040247837e+01,
       -9.5996325060541317e+00, -6.8080025609771617e+00,
       9.9035044341991152e-01, -4.8183578738196042e-01,
       -9.3959017334133788e-01, 9.5577878578993463e+01,
       -7.3887834369305935e+01, -1.4848150915234454e+01,
       5.0577089687145403e+01, -7.4783910770620354e-01,
       2.0692127009648377e+01, 2.0057367413104514e+00,
       2.0497313604465550e-01, 6.9942406696048592e-02,
       -1.5466298958161246e+02, 5.3487539442524437e+01,
       2.5940604862403976e+01, -3.8165879948483152e+01,
       9.3699926401031364e-01, -2.9285242654069710e+00,
       3.4764620715828676e-01, 2.3448913256499382e-01,
       1.4266155452366065e+00, 1.2284629059848066e+02,
       -4.0580756511526523e+01, -4.0180069076539148e+01,
       1.8177223336762335e+01, -3.6072495220910787e+00,
       -1.0015610191074602e+01, -2.0654497295980008e+00,
       -1.5322739871880158e+00, -6.1361067656145118e-01,
       1.3364464165407463e+02, -5.5410113049937046e+01,
       -3.5393387452797676e+01, 3.5331022130755493e+01,
       -2.0948123788504791e+01, 3.5912009467906034e+00,
       7.6172793518213555e-01, -5.8099191797274952e-01,
       -5.5826685504573015e-01, -1.4297405665946539e+02,
       -1.5806837314500467e+02, 5.1195898397309158e+01,
       5.1682406591092409e+01, -3.3548325982211345e+01,
       -2.9465087958872854e+01, -9.9435460943682674e+00,
       -1.9444131739966519e+00, -9.1648342419793183e-01,
       4.0017187727380303e+01, 7.7525814214785086e+01,
       -1.4935085850363025e+01, 5.1451692846265942e+01,
       1.9699033168176900e+01, -7.1461273696608583e+00,
       -1.1894479526614448e+00, -3.0834709786668052e-01,
       -7.1772427400802141e-01, 2.4761764684681626e+00,
       2.9679430471854317e+01, -1.3659504777842956e+01,
       -9.4394096071695728e+00, -7.0250514301265019e+00,
       -5.4138825805263222e+00, 7.9747812138641905e-02,
       -1.1760178814808640e-01, -1.1332732187842911e+00,
       9.9808132790563931e+01, -4.5580577827305788e+01,
       -2.1251900703758512e+01, 3.6618282718715122e+01,
       -2.7651575801424091e+01, 2.3632827843792239e+01,
       1.1320754831328901e+00, 1.3471655028868679e+00,
       5.0809502684504815e-01, 1.0066403838303669e+01,
       -1.3168034771140162e+02, 1.5616755784473289e+01,
       4.7352291766477812e+01, 7.6200877006501706e+00,
       -2.8708967600375259e+00, -8.9984529650891820e-01,
       1.2726996900975869e+00, 3.2029082992518383e+00,
       3.2287822195031768e+00, 8.8907035767016140e+01,
       -1.1477867665117373e+01, -4.2474567187871152e+01,
       1.2201691989870122e+01, -3.5628999799946426e+00,
       1.5416300022693061e+00, -1.7271014415766301e-02,
       -3.6155428894418790e-01, -6.4407677295279811e+01,
       -2.7148579335444975e+01, 2.9598460723890970e+01,
       1.1536351953050874e+01, 2.2551520671516887e+01,
       1.4311201805571434e+01, 2.0528291461930395e+00,
       4.6649141747929074e-01, -2.1592171955535696e-02,
       1.0126641170823262e+02, 5.1087251305250284e+01,
       -4.0079711674863049e+01, -1.3220248192754418e+01,
       -6.9862934428142234e+00, -6.2645412422644409e+00,
       -9.9277886693793560e-01, 2.0786827128500870e-01,
       -5.8340158781585594e-01, -1.0120117561112105e+01,
       1.2418912914837888e+02, 1.9530994080796120e+01,
       -3.0755847589986196e+01, 1.7704997569912212e+01,
       -5.5430039692203248e-01, -1.2800672523203016e+01,
       2.6361065778353323e+00, 5.9297709723530900e+00,
       -3.6147217192894869e+00, 1.7769367490868273e+01,
       6.5785310635795602e+00, -1.6000704183011280e+01,
       1.2600986957305182e+01, -4.1013032949188952e+00,
       -6.2672836556909113e+00, 1.1484198064767868e+00,
       6.3435134471427448e+00, -1.3496809046565102e+02,
       -5.7329289036198745e+01, 3.7726932454842355e+01,
       3.0448313660438163e+01, -1.7668819798797063e+01,
       1.8558397315048740e+01, 8.3265827773576140e-01,
       1.1646340697255269e+00, -2.7293041566315018e-01,
       -1.9740525132323449e+02, 4.0922054935126141e+01,
       4.0133875665079195e+01, -2.8996797207444988e+01,
       -1.0708544632254837e+01, -4.9174507404667471e+00,
       -2.4043433409220191e-01, 1.6047605834814755e+00,
       -1.3154771979235491e+00, -1.9548026528928347e+02,
       -4.7982227371084356e+01, 5.0373626284797304e+01,
       7.6013043876778772e+00, -1.5879142356371394e+01,
       -4.7337671843659213e-01, -6.0077033116275413e-01,
       9.8226488224889896e-01, -1.2643336697495147e+00,
       1.2811519770956300e+01, -2.3639169893442721e+02,
       9.2577363866095208e+00, 7.6113978161753977e+01,
       -1.0178014996769802e+00, -3.1919658334459292e+01,
       -3.2355418617394660e+00, -1.2405569864124486e+00,
       3.8650853444053090e-01, 3.9784267519783563e+00,
       -1.1220635992688864e+02, 1.7802259463817304e+01,
