%YAML:1.0
means: !!opencv-matrix
   rows: 5
   cols: 15
   dt: d
   data: [ 6.4350351004920796e+01, -1.0307279313194845e+01,
       -1.3442103215351908e+01, 1.0051016889348428e+01,
       9.7894488564122586e+00, 3.0021448515271407e+00,
       4.7285630162448922e-01, 7.5646505352717530e-01,
       3.2880039659461496e-01, -1.0807409793932935e-02,
       3.9331151310441612e-02, 2.0639368959797931e-03,
       3.6809248175913374e-03, 1.2832205567412882e-04,
       7.2481491010715719e-03, -1.9887252680513342e+02,
       6.1097345355523146e+01, 4.0082411216389872e+01,
       -3.2782228026611762e+01, -1.6904817105303810e+01,
       1.1331465918713874e+01, -3.2854501973975427e+00,
       -7.9997901271967675e-01, -1.6485354656092197e-01,
       2.6236473756474826e-01, 7.2397453260662006e-03,
       -2.2790799186396458e-02, 1.3182895753532907e-03,
       5.3966198403185518e-03, 2.5316203489152565e-02,
       6.7589924486542287e+01, 4.4873992778988487e+01,
       -1.8763872163239053e+01, -4.3526691074833813e+01,
       -1.7225331901767657e+01, -1.3720021188965898e+01,
       9.2175941320446586e-01, -1.1046814271344185e+00,
       5.2685310912523908e-01, 6.2665702176667407e-02,
       5.8186289130518119e-02, -7.5457768775457042e-03,
       7.8735347585873086e-04, 7.0432395749053496e-04,
       -5.1443561292102390e-03, 4.7801122866197169e+01,
       3.8319390649141032e+00, -1.0236474010856858e+01,
       -5.9456185028791593e+00, 4.9510316558518923e+00,
       1.5543650122783581e+00, -4.5029695940078867e+00,
       -3.1002161616562618e+00, -3.5109853272457636e+00,
       -4.2606152105855583e-02, -1.4200316492056492e-01,
       -6.4862553579044949e-03, -2.8899797320912281e-02,
       -1.7456069203208105e-03, -8.1680568707212502e-03,
       -1.0998893849110908e+02, -3.0770074606664188e+01,
       2.6371070385060865e+01, 2.0534214402929926e+01,
       -4.6179696408715447e+00, -2.6991986736136337e+00,
       1.4419569241260830e+00, 6.0836644087406944e-01,
       4.1006730390112145e-01, -9.7429940956122299e-02,
       -6.2349477748856054e-02, 1.1462102072635755e-02,
       2.5335854097438474e-03, -2.0210721592045758e-03,
       -1.7821374252712435e-02 ]
covs: !!opencv-matrix
   rows: 75
   cols: 15
   dt: d
   data: [ 8.7639378615429287e+03, 5.8803525731798197e+02,
       1.7190082119255453e+03, -6.9373388683961622e+01,
       -9.9918183548588922e+02, 4.1206425785812661e+02,
       -9.8498197522454532e+01, 3.8660207082505146e+01,
       1.3880464159513590e+01, -1.1994789968001922e+00,
       -2.5299116459268873e+00, 1.0230897115313510e-01,
       -4.0952886320010741e-02, -8.3502498981596354e-02,
       -4.5698452829434572e-01, 5.8803525731798220e+02,
       8.6036041909163032e+03, -1.4554087306553274e+02,
       6.6299443151838784e+02, 2.1191124540089095e+02,
       -1.7631751673319815e+02, 3.2145115192677984e+01,
       4.3436710739717505e-01, 3.9643592630644879e+00,
       -9.4978787811884313e-01, 8.0611046599101055e-01,
       7.0164563683433356e-01, 5.2410737423757972e-02,
       1.5660143026714801e-01, 2.2700667221171772e-01,
       1.7190082119255451e+03, -1.4554087306553271e+02,
       2.9161786516620846e+03, -2.8197574505815819e+01,
       1.8742785733980830e+02, -1.1253756610079354e+02,
       3.3396695965569819e+01, -4.5147124381250805e+00,
       6.6165785066849159e-01, 4.1556753216500519e+00,
       2.2874709156487413e-01, -2.0182364581124701e-01,
       9.2856115865438252e-02, 6.9907622737816769e-02,
       2.0462203256714767e-01, -6.9373388683961622e+01,
       6.6299443151838818e+02, -2.8197574505815819e+01,
       2.1245146867282488e+03, -2.2558225634759455e+02,
       -3.4610698685240990e+00, -1.2147631721596445e+01,
       -1.7797075560049687e+00, -1.5831089265002363e+00,
       -3.6233419959928077e+00, -1.1414108860677347e-01,
       -2.8238680521291126e-01, -3.1012638423783385e-02,
       -1.0757786525869947e-01, -1.3281725820970280e-01,
       -9.9918183548588922e+02, 2.1191124540089092e+02,
       1.8742785733980833e+02, -2.2558225634759452e+02,
       3.3220701811540783e+02, -6.9668604618520405e+01,
       -2.1114600473910219e+00, -3.6752302768172616e+00,
       4.2353341149203478e+00, 3.6228111719744016e-01,
       4.0496495233225649e-01, -5.7817755181697836e-02,
       9.5271926301604380e-03, 4.6199531667170037e-02,
       1.2809747787397088e-01, 4.1206425785812644e+02,
       -1.7631751673319812e+02, -1.1253756610079355e+02,
       -3.4610698685240990e+00, -6.9668604618520405e+01,
       1.5281249004462651e+02, 5.0890454394059299e+00,
       -7.8904847176043154e+00, -9.5534480103651620e-01,
       -7.0827036689547551e-01, 3.2981586292286919e-01,
       2.3461718186005870e-02, -8.5244431912784874e-03,
       3.0537723732960158e-03, -2.0789242792855135e-02,
       -9.8498197522454490e+01, 3.2145115192678006e+01,
       3.3396695965569812e+01, -1.2147631721596444e+01,
       -2.1114600473910232e+00, 5.0890454394059299e+00,
       2.3462714299848585e+01, -2.7854244374453292e+00,
       -2.9083085203547063e+00, 2.6447714226341296e-01,
       1.5921443683539978e-02, 4.7660584021414910e-02,
       -2.7714884665316644e-02, 1.0706618620136018e-02,
       4.5881832265195228e-03, 3.8660207082505153e+01,
       4.3436710739717560e-01, -4.5147124381250778e+00,
       -1.7797075560049709e+00, -3.6752302768172616e+00,
       -7.8904847176043127e+00, -2.7854244374453292e+00,
       1.3844526509424162e+01, -2.1048181892882449e+00,
       6.5965199927090334e-01, -1.4491849906565536e-02,
       -2.4464373769763226e-02, -1.4098060274074177e-02,
       1.4093431926651401e-03, 6.2104127136218268e-03,
       1.3880464159513590e+01, 3.9643592630644862e+00,
       6.6165785066849159e-01, -1.5831089265002369e+00,
       4.2353341149203469e+00, -9.5534480103651620e-01,
       -2.9083085203547063e+00, -2.1048181892882440e+00,
       1.5309489864319870e+00, -1.3068147415104842e-01,
       -3.0377228140242060e-02, 1.0534655375482400e-03,
       -1.7364577200742557e-02, -4.5587709360936490e-03,
       -1.9189302725908018e-03, -1.1994789968001924e+00,
       -9.4978787811884291e-01, 4.1556753216500510e+00,
       -3.6233419959928077e+00, 3.6228111719743994e-01,
       -7.0827036689547573e-01, 2.6447714226341312e-01,
       6.5965199927090334e-01, -1.3068147415104842e-01,
       3.1526044335303083e-01, 1.5678940512659306e-02,
       5.4170636678331334e-04, 1.0089267396285340e-03,
       -1.2306382540860278e-02, 7.7666843258626065e-04,
       -2.5299116459268864e+00, 8.0611046599101044e-01,
       2.2874709156487422e-01, -1.1414108860677347e-01,
       4.0496495233225649e-01, 3.2981586292286919e-01,
       1.5921443683539982e-02, -1.4491849906565529e-02,
       -3.0377228140242067e-02, 1.5678940512659303e-02,
       2.1378287802977694e-02, -3.5046895903914138e-03,
       1.0898971512407908e-04, -7.4815759807725748e-04,
       -1.1874401027950202e-03, 1.0230897115313510e-01,
       7.0164563683433356e-01, -2.0182364581124701e-01,
       -2.8238680521291126e-01, -5.7817755181697836e-02,
       2.3461718186005859e-02, 4.7660584021414924e-02,
       -2.4464373769763226e-02, 1.0534655375482398e-03,
       5.4170636678331355e-04, -3.5046895903914138e-03,
       2.4854969724070718e-03, 2.4749535839431247e-04,
       -2.3624026461384416e-04, 7.7701506390472086e-04,
       -4.0952886320010727e-02, 5.2410737423757972e-02,
       9.2856115865438238e-02, -3.1012638423783365e-02,
       9.5271926301604328e-03, -8.5244431912784874e-03,
       -2.7714884665316641e-02, -1.4098060274074177e-02,
       -1.7364577200742557e-02, 1.0089267396285338e-03,
       1.0898971512407909e-04, 2.4749535839431247e-04,
       2.3657700098446768e-03, 1.1347948755077305e-05,
       1.7520536169276171e-05, -8.3502498981596354e-02,
       1.5660143026714793e-01, 6.9907622737816769e-02,
       -1.0757786525869954e-01, 4.6199531667170037e-02,
       3.0537723732960193e-03, 1.0706618620136013e-02,
       1.4093431926651379e-03, -4.5587709360936490e-03,
       -1.2306382540860278e-02, -7.4815759807725769e-04,
