%YAML:1.0
means: !!opencv-matrix
   rows: 45
   cols: 7
   dt: d
   data: [ 8.9028023939945655e+01, -3.7550515730177587e+01,
       -2.0832006577891288e+01, 3.3000579457194036e+01,
       -3.0120254457404741e+01, 3.2296159501462618e+01,
       2.1931778585827910e+00, -1.3589724145947065e+02,
       -1.2583978146306443e+02, 1.9250617655164120e+01,
       -4.3636325715715124e+01, 5.9308179877282488e+00,
       7.4194404020977833e+00, -1.0005380716872550e-01,
       5.7190523636047232e+01, 4.8722926773218866e+01,
       -4.2410170177593962e+01, -6.5983284301786526e+01,
       -3.4074468679989867e-01, -1.5637344687776973e+00,
       1.2185824449621487e+00, 1.3529296743226121e+02,
       -4.3756696325598348e+01, -1.9754133860621583e+00,
       -2.7851142889497243e+01, -7.2456034032882655e-01,
       8.4491947697998504e-01, 3.8566458673110887e-01,
       5.6392169375647910e+01, 1.7513589423527711e+02,
       -1.8932492770740360e+01, 6.3996589407143245e-01,
       8.1363128750620717e-01, -6.8794907610565366e+00,
       1.4282348932650673e+00, -4.6209558653318954e+00,
       -6.8032383700846566e-01, 7.7736267258406897e+01,
       -6.4853047119056253e+00, 1.9168099623191285e+01,
       1.3740989385698464e+01, 2.0218054876404987e+00,
       1.0494862875608807e+02, -8.2328496940717358e+01,
       -1.2216529238426348e+01, 5.4065973722938445e+01,
       2.4950509325963290e+00, 2.0461830948785106e+01,
       2.2513510339194633e+00, 1.3928162575713858e+02,
       3.2815287416703079e+01, -4.1692600932044691e+01,
       2.1988554644284122e+00, -1.7554044473845156e+01,
       -8.2618475849841353e+00, -7.6657717135288586e+00,
       1.0424685266930774e+02, -5.3240598923574794e+01,
       -2.3286452637349253e+01, 3.8450305993505914e+01,
       -2.5339625120774517e+01, 1.8476860238887575e+01,
       6.5215353697152101e-01, -1.6788521636619274e+02,
       3.6163940333894281e+01, 2.8677466502932305e+01,
       -3.9437256416785047e+01, 3.0025212472372838e-03,
       -1.7084514238370033e+01, -6.6838651922570647e-01,
       1.9464840386601650e+00, -1.9412692677933467e+01,
       -1.1794232022183348e+01, 4.6626192629761167e+00,
       -7.8852039183996032e+00, -1.0045593129122443e+01,
       -1.1304234892691023e+00, 4.3295064202355199e+01,
       -1.2511039389255698e+02, -2.1861639239111021e+01,
       -3.4208994642363983e+01, 2.4551168096792313e+01,
       3.8063150872943219e-01, 9.8765917355465438e-01,
       -1.4124291610376972e+02, 8.1715622332834911e+01,
       2.2685664551865816e+01, -3.8615637106820962e+01,
       -2.5164123938035496e+00, 5.2063506159816280e+00,
       1.3999254161269461e+00, 1.0531839499648589e+02,
       5.0006877607276984e+01, -3.5330152392910726e+01,
       -1.5849887296685457e+01, -1.8253813828640368e+01,
       -1.1810279912788463e+01, -2.9595590448205322e+00,
       -1.7427925456645420e+02, -1.4745471350551097e+02,
       5.4121662894731607e+01, 4.8279840657970254e+01,
       -3.9952227665091691e+01, -1.6304706529444939e+01,
       -4.6448117275862888e+00, -1.3513289922540960e+02,
       1.3001212145457617e+02, 1.1240250830221276e+01,
       -5.4141612984665784e+01, -2.5139888043108389e+01,
       -4.4720452376147044e+00, -3.6822941502481044e-01,
       -6.3103418429241152e+01, -2.4862976492741915e+01,
       1.7688462212409053e+01, 2.3169222717363997e+01,
       2.3915799820034128e+01, 6.5886622638152401e+00,
       -4.5393784695079620e-01, 1.7031838702396769e+02,
       5.2456719704401522e+01, 3.3877924746084091e+01,
       -3.2274549196174064e+01, -1.1005858446862518e+01,
       -2.9706083722465562e+00, -8.1827259968559363e-01,
       -6.3850432218146684e+00, -5.9013674948498071e+01,
       1.8642570981128834e+01, 2.0778990823669844e+01,
       4.3263418990942569e+01, 1.5551173299731504e+00,
       1.3260772531892693e+00, -2.7460108460424664e+01,
       8.0189144591127881e-01, -1.6367203262494374e+00,
       2.9979400139817252e-03, 2.6182158997179599e+01,
       4.8422925782707864e+00, 1.7269914078645872e+00,
       1.0514312541217474e+02, -2.7236471438754496e+01,
       -2.6235672928591523e+01, 2.6732259511459059e+01,
       -2.6998965167861694e+01, 1.6934471826260847e+01,
       6.8132395534251722e-01, 9.6267869617310794e+01,
       8.8840559749805919e+01, -1.2523964289559975e+01,
       4.9522475277103375e+01, 9.8729178867280531e-01,
       -3.0705076535992872e+00, -1.5392477473999402e-01,
       -1.3165916977995451e+02, -7.5265257707471434e+01,
       4.2231695372644857e+01, 9.6549498421288664e+00,
       -5.7222107613611231e+00, -2.8473546660983995e+01,
       -3.2323785915488488e+00, 1.2661728464729890e+02,
       -1.6381213825876653e+01, 4.5461453538540134e+01,
       8.3191923661301708e+00, 1.9436336197157921e+01,
       -5.3821347884341808e+00, -1.7406709853366555e+00,
       -1.5982167879089812e+02, 8.0793765411118226e-02,
       5.6895021595078354e+01, 7.1833679066369083e+00,
       -5.2868617081702389e+00, 2.3671881827575549e+00,
       5.3127812114417350e-01, 6.8034752538140665e+01,
       2.6391700684384222e+01, -2.3848904445875711e+01,
       -1.5309458990655216e+01, 4.7313634761227501e+00,
       -2.4886735229010995e+01, -5.1808143524312928e+00,
       -1.4253098692308488e-01, 5.5086976114782246e+01,
       1.4967297968030506e+00, -2.7742374206523824e+01,
       2.8794548026260003e+01, -6.9368716417637009e+00,
       7.3933382915436840e-01, 1.4097069712728306e+01,
       -2.3626974986257906e+02, 8.5217589538882308e+00,
       7.6196781939325447e+01, -1.0939811011504912e+00,
       -3.0924275305310754e+01, -3.2677214660455518e+00,
       1.9657440807290126e+02, -1.1302933704036478e+01,
       -5.1229196961921282e+01, 2.1969430864258040e+01,
       -1.1156223438007986e+01, -8.5959611040952204e+00,
       5.1145824430866493e-01, -9.6070930048504891e+01,
       8.9561469181490139e+01, -4.8498268982053482e+01,
       -3.0091082913191080e+01, 1.2265983476930142e+01,
       9.3523962933759286e-01, 1.5657850444480557e+00,
       -2.8337258085776375e+02, -3.8614787603224670e+01,
       -1.9087882804707708e+00, 1.8600071112268388e+01,
       -1.2302140124697228e+01, -2.1634262915275682e+00,
       -1.3624028177262599e+00, 6.1560497172222753e+01,
       1.2860738419020040e+01, -3.1846193654005802e+01,
       -4.2505631959826609e+00, -1.1467421795234483e+01,
       -6.2414639300786483e+00, -1.4645080766227960e+00,
       -2.1394215916727799e+02, 3.8882605138849492e+01,
       4.3055511138942848e+01, -3.2866483735530394e+01,
       -1.5520366501631250e+01, -1.2277087262449161e+01,
       -1.9856334923136645e+00, -1.4345006391463315e+02,
       -1.1053252965810353e+02, 4.3905083860867649e+01,
       4.3193373334369717e+01, -2.3876363336888097e+01,
       6.6669356755855591e-01, -8.8282212317251112e+00,
       1.3234890440480845e+02, -9.0291557443372383e+01,
       -2.7238898406242690e+01, 4.8947492652887242e+01,
       -2.3685394015273314e+01, -3.3942552842873845e+00,
       1.6323421516564618e+00, 2.6593585592627753e+00,
       1.3395564303408190e+02, -2.3241360487147325e+01,
       -6.0202914786042548e+01, -1.0529219715691193e+01,
       2.8070523200258553e+00, 2.2366516867976931e+00,
       -7.8235294713480661e+00, -1.3747590461486632e+02,
       2.7810282750997853e+01, 5.7031824613522716e+01,
       3.0182214863424761e+01, -7.6034116437735886e+00,
       2.2907017592749093e-01, 3.3354005419354223e+01,
       -2.0318235000495093e+01, -6.8289467930999407e+01,
       1.5721180873111633e+01, 9.2330332213451989e+00,
       -4.6045359361795057e+00, 3.5721924267249627e-01,
       1.9965614408001834e+01, -7.8936658307773371e+01,
       1.8120363641512359e+01, 3.8422163520025620e+01,
       1.9551565239538771e+01, 2.2169585660957154e+01,
       2.3419983374231030e+00, 1.7039489842402524e+01,
       9.0844872458086655e+01, 3.2929487894205700e+01,
       -5.7627679864602875e+01, 6.1156859915583031e+00,
       9.3609552929346906e-01, 1.7547814145186738e+00,
       -7.6488614481924744e+00, 1.2117967422075974e+02,
