%YAML:1.0
means: !!opencv-matrix
   rows: 41
   cols: 5
   dt: d
   data: [ 1.3495182575943420e+02, 5.1855897695629508e+01,
       -6.1414937051578683e+01, 6.5963886204161237e-01,
       -6.6189387499465830e+00, -2.2766297003707714e+02,
       -3.6653643724844713e+01, 1.3223406949691130e+01,
       -2.0490215928942874e+01, -5.8665908552808341e+00,
       -7.8583379915667820e+01, 1.1209910823917667e+02,
       -5.0563758106664032e+01, 2.2485697648378849e+01,
       2.2442657083739963e+01, -6.4228907311061448e+01,
       2.1640213272656372e+00, -4.3731415541017611e+01,
       8.9298889487672511e+01, 9.8911851116149325e+00,
       -1.3630022634649934e+00, -3.9234660694305305e+01,
       -9.8142109432077778e+00, 3.9223091007275435e+00,
       2.5233000168831538e+01, 4.3220114630767547e+01,
       2.1493462426166086e+01, -5.4814344060765137e+01,
       -3.1417748228015046e+01, -2.4851044543102436e+01,
       -2.0587153788805463e+01, 2.0190141357905620e+01,
       9.1892858835494962e+01, -1.9858369433288310e+01,
       8.8986562047872599e+00, 1.1799004339493064e+02,
       6.6141577728687238e+01, 2.2228439407286938e+01,
       1.9868619018788991e+01, 1.1278011312589914e+01,
       -1.3971642013988125e+02, -5.1572942072325780e+00,
       9.4252304508485167e+01, -1.6846436209907573e+01,
       -1.4388156712550131e+01, 1.1651117169209569e+02,
       4.1770417476771378e+01, 6.9102102858562908e+00,
       -3.8151749969396448e+01, -8.6036498848363530e-01,
       1.4967822088123904e+02, -6.4985158070740937e+01,
       1.9700919986854437e+01, 3.0528249807160346e+01,
       -8.1166635363640935e+00, 3.3110044954461166e+01,
       5.6599680978936235e+01, 3.2062029014963194e+01,
       1.0325088678760400e+01, 8.4142791546635571e+00,
       -1.9024162823975985e+02, 8.1792152945698746e+01,
       5.1007929640885934e+01, -6.3658308036661829e+01,
       -2.2860581176422894e+01, -4.8262778092997287e+01,
       -1.4301762748240947e+02, 6.2039831087929500e+01,
       1.2416537017930029e+01, 3.9710807079975501e+00,
       -1.3882153005922947e+02, -1.0365061323220816e+02,
       3.0998350712728758e+01, 6.8286113923977609e+01,
       -1.9196509454476164e+01, -1.5257030026523856e+02,
       -1.3864086404545327e+02, -3.0149012106048477e+01,
       1.9681971514402822e+01, 7.7314572769841128e+00,
       -2.8559479110724957e+00, -1.2861187319084709e+02,
       -3.5784037040998371e+01, 4.6129518874760613e+01,
       -6.3778479881521335e+00, 1.3444424320434533e+02,
       -1.0655719335748586e+02, -6.6211391623860054e+00,
       -6.5233342797456206e+00, -3.3416049654730488e-02,
       1.7899107311990753e+02, 8.8720618322651845e+01,
       7.3053947102281054e+00, 5.2846637065814399e+01,
       -7.4003347636808039e+00, -2.5887277780691215e+02,
       6.8095667336202055e+01, -1.5858640652844340e+01,
       -5.3477691398988782e+01, -2.4450845892010808e+01,
       3.7331936781134246e+01, 1.2154231447053735e+02,
       -3.6622237561492511e+01, 3.7269437714968106e+01,
       1.4139884721699964e+01, 1.3626689831434069e+01,
       1.5515291509113737e+02, -1.2134227121305946e+01,
       -9.2726447838225198e+01, 9.7837324572767592e+00,
       -2.0250481720197627e+02, 1.0102498036930727e+02,
       3.1825258772040851e+01, 2.6178742222200263e+01,
       -8.9012223710729366e+00, 4.4461691780548897e+01,
       -3.9982449386632844e+01, -7.7135111941227692e+01,
       1.2245503499749974e+01, 8.9809711112542545e-01,
       8.1797064261591686e+01, 6.4077495858327467e+01,
       -2.5017451954931950e+01, -5.2679595899665150e+00,
       -2.8821082479861683e+01, -1.2934476556764170e+02,
       2.1454519341680751e+01, 2.9026157580935013e+01,
       -4.5423225477945394e+01, -3.8016798701087753e+00,
       -7.8486979962512791e+01, 9.3221625948192695e+01,
       1.1356610762663660e+01, 2.0554435598978824e+01,
       2.1673057764573624e+01, -9.4181509203132663e+01,
       -3.2493806941685051e+01, -4.6107621339015644e+01,
       -3.5228334765352955e+01, 2.1450206220310918e+01,
       -5.0281740100799070e+01, -1.1606693802557800e+01,
       5.7488587034269443e+01, 6.5269241739161970e+01,
       2.9727606191652542e+00, 1.4098503206879758e+02,
       -6.6889136995910974e+01, -5.7328197598516347e+01,
       -5.3815339091664335e+01, -4.6486716371938952e+00,
       3.3054669104203235e+01, -5.6692453433942852e+01,
       2.3826745291743727e+01, -5.3463697137212982e+01,
       1.3512558229856470e+01, -1.7024265444903082e+02,
       -5.9484620262324048e+00, -2.1015349900302862e+01,
       6.9477392865866690e+01, 1.4145922880818620e+00,
       7.4746242399512028e+01, -7.3682978350201964e+01,
       -2.5370708635632486e+01, -7.0374407746308790e+01,
       -2.5074253047973773e+01, 1.3815108021713044e+02,
       -1.3708296254599270e+01, 6.3636222144516104e+01,
       -6.4861481848636657e+00, 1.3703435600398391e+01,
       1.3620668683158776e+01, 4.5154735615204018e+01,
       -7.1804235995774036e+01, -3.9067151408750654e+01,
       2.8056047105503286e+00, 7.6484529301118044e+01,
       -8.5021494645337228e+01, 7.0147367619559617e+01,
       5.9369411712930265e+01, 6.9588653050301619e-01,
       -5.3813906979310930e+00, 4.2366338143358938e+01,
       1.1166191038646263e+01, -3.7553540457598359e+01,
       3.7050608983187090e+01, -1.7423039547136602e+02,
       1.7708488991570636e+02, 4.7245830816261879e+01,
       -1.1438091278871962e+01, -2.2768481256384824e+01,
       2.3914467381156678e+02, 6.1152479913423177e+00,
       2.6975817787132815e+01, -8.8624990695832011e+00,
       -8.3919287496552499e+00, 1.4740125447437109e+02,
       1.4228698931867759e+01, 2.8738102563769363e+01,
       -3.1303305193144599e+01, -2.8195074136744754e+01,
       6.9663739187517422e+01, 1.6799934626239523e+01,
       -3.3187711127122647e+01, 8.1524156352448117e+01,
       -7.4618478027578785e+00 ]
