%YAML:1.0
means: !!opencv-matrix
   rows: 8
   cols: 5
   dt: d
   data: [ 1.6782885073770254e+02, 3.2357351614428329e+00,
       -4.8397624187485121e+01, 1.6179730244947713e+01,
       -1.1532364971803664e+01, -1.5229874104646376e+02,
       -6.0982331957926498e+01, 4.3597695245384998e+01,
       1.8671223797261963e+01, -1.1772405691438424e+01,
       -2.1008042965458871e+00, -8.9844144026260722e+01,
       1.1831830862388562e+01, 3.1997513677378901e+01,
       2.9576761277698235e+01, 4.2789089011280076e+01,
       1.1104334121628587e+02, -2.8442092297154019e+01,
       -4.4965074665851283e+01, -9.7069178267249665e+00,
       9.9878513937808052e+01, -4.4598165140164184e+01,
       -2.1823970959765727e+01, 3.8055857502063482e+01,
       -2.7134513351812025e+01, -6.7119294621102084e+00,
       5.7568798486764248e+00, -4.2232348680465513e+01,
       7.2553505714248985e+00, 8.4027863199528987e+00,
       1.1053248785847167e+02, 5.1682820493351889e+00,
       3.8445681934895390e+01, -1.3971777517575710e+01,
       5.3221555965730367e+00, -1.4611196659944247e+02,
       7.0307311204367181e+01, 2.3968990457536567e+01,
       -3.9131193761748378e+01, -5.9430451094746530e+00 ]
covs: !!opencv-matrix
   rows: 40
   cols: 5
   dt: d
   data: [ 5.8971747214182897e+03, -2.8332728513228966e+02,
       2.7769016330634113e+03, -6.9138673283803655e+02,
       -6.6731392858744911e+01, -2.8332728513228960e+02,
       7.1199700728665102e+03, 7.0449088282286539e+02,
       2.3558499703967250e+03, -8.4554064912709102e+00,
       2.7769016330634113e+03, 7.0449088282286561e+02,
       2.3805016526252907e+03, -1.3628540514431378e+02,
       -1.0215889587312850e+02, -6.9138673283803632e+02,
       2.3558499703967250e+03, -1.3628540514431378e+02,
       1.8751682968505065e+03, 8.5914445016113902e+01,
       -6.6731392858744911e+01, -8.4554064912709084e+00,
       -1.0215889587312849e+02, 8.5914445016113902e+01,
       4.5655928982548168e+01, 7.2445261709724191e+03,
       5.5349754203784903e+02, 2.7688461695799083e+03,
       -9.3432343042805996e+02, 5.5439304389427912e+02,
       5.5349754203784892e+02, 8.2837574344803506e+03,
       7.1331237610580263e+02, 1.8310612923404094e+03,
       7.8140806567119023e+02, 2.7688461695799083e+03,
       7.1331237610580263e+02, 2.3916247540334302e+03,
       -4.9957844675659551e+01, -1.4448612622784927e+02,
       -9.3432343042805996e+02, 1.8310612923404094e+03,
       -4.9957844675659601e+01, 1.9459259487782856e+03,
       -2.5108089546638470e+02, 5.5439304389427912e+02,
       7.8140806567119023e+02, -1.4448612622784930e+02,
       -2.5108089546638479e+02, 3.8959876370526064e+02,
       5.1977977718611028e+03, -1.0245542560817962e+03,
       2.9335586419857700e+03, -6.2708374272536889e+02,
       -9.1621875266324579e+01, -1.0245542560817962e+03,
       1.1141971873538683e+04, 7.7179297404748013e+02,
       8.5063582227308132e+02, 9.5875264043093443e+02,
       2.9335586419857700e+03, 7.7179297404748002e+02,
       2.3737702558378060e+03, -8.8442603288173078e+00,
       1.3985307725344249e+00, -6.2708374272536889e+02,
       8.5063582227308132e+02, -8.8442603288173007e+00,
       2.3519052935188788e+03, -2.7503240088258070e+02,
       -9.1621875266324565e+01, 9.5875264043093443e+02,
       1.3985307725344285e+00, -2.7503240088258070e+02,
       3.0812032629054232e+02, 8.4526020417369837e+03,
       -1.0224377910048725e+03, 2.3429155485200872e+03,
       4.0415702380601516e+01, 4.4976887453232308e+01,
       -1.0224377910048726e+03, 7.0760657079595203e+03,
       8.5936956553565608e+02, 2.3865891895237073e+03,
       3.6406507067482025e+01, 2.3429155485200872e+03,
       8.5936956553565597e+02, 2.5729789773846533e+03,
       -2.1005358600380424e+02, -1.0877207755755435e+02,
       4.0415702380601509e+01, 2.3865891895237073e+03,
       -2.1005358600380433e+02, 1.9832732787440596e+03,
       7.1742715954936642e+01, 4.4976887453232308e+01,
       3.6406507067482025e+01, -1.0877207755755435e+02,
       7.1742715954936642e+01, 4.2675225775218969e+01,
       4.1082566367959671e+03, -9.0884335675693308e+01,
       2.8780551136012332e+03, -7.9761124532471990e+02,
       -7.8222692554668029e+01, -9.0884335675693308e+01,
       5.0804888785076855e+03, 9.0816166821627758e+02,
       2.6804398176756122e+03, -4.1643553117258953e+01,
       2.8780551136012327e+03, 9.0816166821627758e+02,
       2.5069661757123313e+03, -1.0919374548699484e+02,
       -9.2673053405032206e+01, -7.9761124532472013e+02,
       2.6804398176756122e+03, -1.0919374548699484e+02,
       1.7543297953997230e+03, 6.8956539186302933e+01,
       -7.8222692554668029e+01, -4.1643553117258946e+01,
       -9.2673053405032206e+01, 6.8956539186302962e+01,
       3.5981086814355443e+01, 5.5321589097712986e+03,
       -1.5302330966995485e+03, 3.3784640822930487e+02,
       4.5298014580275776e+02, -4.4593458614210033e+02,
       -1.5302330966995485e+03, 1.0074195542295918e+04,
       4.8387645097781757e+02, 6.8414195561948634e+02,
       3.3220518960672376e+02, 3.3784640822930481e+02,
       4.8387645097781757e+02, 1.3415792232264280e+03,
       3.1775814339278321e+02, 3.8407527474515412e+01,
       4.5298014580275753e+02, 6.8414195561948634e+02,
       3.1775814339278321e+02, 2.4328272681478998e+03,
       -1.2920009327319468e+02, -4.4593458614210044e+02,
       3.3220518960672376e+02, 3.8407527474515398e+01,
       -1.2920009327319471e+02, 3.2753141527908059e+02,
       4.8981434103580768e+03, -1.1316383331046968e+03,
       -4.4721703449555611e+02, 5.4643836768551262e+02,
       -4.7262547194366954e+02, -1.1316383331046968e+03,
       1.0210009478608392e+04, 5.7958310304674171e+02,
       6.5205291466432743e+02, 1.4188981331939189e+02,
       -4.4721703449555599e+02, 5.7958310304674183e+02,
       9.3534210108991397e+02, 3.6731518861153944e+02,
       1.5261701593777374e+02, 5.4643836768551250e+02,
       6.5205291466432743e+02, 3.6731518861153944e+02,
       2.4356229889072179e+03, -9.4026980668269076e+01,
       -4.7262547194366954e+02, 1.4188981331939181e+02,
       1.5261701593777374e+02, -9.4026980668269104e+01,
       2.9712382790692448e+02, 7.9027866213829584e+03,
       1.4920543872722615e+03, 2.3565913953414656e+03,
       -1.3472227016056336e+03, 1.8006492425546787e+02,
       1.4920543872722608e+03, 8.4588464208380537e+03,
       1.9278514220290887e+02, 2.0332651736957173e+03,
       -8.5779043245300670e+01, 2.3565913953414656e+03,
       1.9278514220290879e+02, 2.6341289421806850e+03,
       9.9040983464533866e+01, -7.6879988279036468e+01,
       -1.3472227016056333e+03, 2.0332651736957164e+03,
       9.9040983464533866e+01, 1.8080344303218287e+03,
       5.2456485943277173e+01, 1.8006492425546790e+02,
       -8.5779043245300656e+01, -7.6879988279036468e+01,
       5.2456485943277166e+01, 1.5119998494285423e+02 ]
weights: !!opencv-matrix
   rows: 1
   cols: 8
   dt: d
   data: [ 9.3745497998079616e-02, 1.4805907369037963e-01,
       1.2409400525700975e-01, 1.0363874084196414e-01,
       5.6174201026882455e-02, 1.9339145101171859e-01,
       1.5340667985203996e-01, 1.2749035032190897e-01 ]
