%YAML:1.0
means: !!opencv-matrix
   rows: 6
   cols: 13
   dt: d
   data: [ 6.9393692989822133e+00, -1.0031624508848982e+02,
       4.4924692341861086e+00, 3.3314060915833359e+01,
       4.1533755145904792e+00, -1.6357638212141271e+01,
       -1.1950221457264063e+00, 3.9142762685284344e-01,
       4.2911649578115707e-01, -9.6116397243252227e-01,
       -1.1780655432466189e-01, -5.1336734670486377e-02,
       3.8284522163732093e-03, -1.6950879247819063e+02,
       -6.9259704679217492e+01, 4.2273442998072731e+01,
       1.6517294128653703e+01, -1.6276302385589215e+01,
       -2.7174498856296951e+00, -2.2055869630068963e+00,
       -1.3343976408970116e-04, 2.2947239641825171e-01,
       1.9353868430608584e-01, -4.1060253985395562e-02,
       -4.0119397944182586e-03, -2.5308021428895773e-03,
       1.0638264417204100e+02, 6.5422962173940505e+01,
       -3.6434002741153222e+01, -1.7387666407438431e+01,
       -9.5715928617940200e+00, -3.9549216232674302e+00,
       5.3204415782831938e-01, -3.5575351312080872e-01,
       -6.1879750073125450e-01, -8.2372279597761860e-02,
       3.1278128707252162e-02, -1.5344131175866487e-02,
       2.6845500609534475e-03, 4.2746141041210024e+01,
       -1.3754836483946928e+01, -4.6745913249461077e+00,
       9.6151754636827551e+00, 1.0255069721221064e+01,
       5.9015533352416449e+00, 1.0086089415919659e+00,
       -1.3554810687464156e-01, -2.0007066631061532e-01,
       4.0045999668250294e-02, 2.4046884229361163e-02,
       1.4861398336647819e-02, 1.6809669436893681e-03,
       5.0647000815613303e+01, 7.7078259199878856e+00,
       -1.3808979232160045e+01, -5.6723206508860011e+00,
       -3.6970945892834224e+00, -6.3577513691608329e+00,
       -5.4947992263116952e+00, 4.6835748105567031e-02,
       4.5195393753594129e+00, 1.1199554865561343e+00,
       -9.6983958830773334e-02, -6.1761781378438223e-03,
       -3.0972898346907984e-02, -1.4011877224205551e+02,
       6.0939534560161171e+01, 2.7060095868962698e+01,
       -3.3797785277273555e+01, -5.6681784605215375e+00,
       4.1294652703969710e-02, 8.5403586494855654e-01,
       6.2307744444279611e-01, -7.6962248014799750e-01,
       -1.2722042446165940e-01, 1.7045313662329982e-02,
       4.8175181926265031e-03, 3.8668416248757984e-03 ]
covs: !!opencv-matrix
   rows: 78
   cols: 13
   dt: d
   data: [ 6.4310194150071129e+03, -9.3485960848435525e+02,
       3.0405821333920535e+03, -9.2899131729282658e+02,
       -1.9244450842976036e+02, -2.9519307014506427e+02,
       -7.8109390216829468e+01, 4.2941960625973053e+01,
       6.3378121976341419e+01, -3.3796199599042410e+01,
       1.8339970615479420e+00, -1.1099313376726516e+00,
       2.7093889166032165e-01, -9.3485960848435525e+02,
       1.6783683252412528e+04, -8.5726734103405136e+01,
       -9.6718163570879187e+02, -1.7033680732710386e+00,
       7.7827315848485910e+02, 1.2571970843903658e+02,
       1.3672562402271535e+02, 3.2815837776408927e+01,
       4.0971779234203993e+01, -1.0191292394674958e+01,
       1.7560913994126606e+00, -6.7652108470834860e-02,
       3.0405821333920535e+03, -8.5726734103405050e+01,
       2.4956242677196237e+03, 3.3059388942855418e+02,
       3.8948835401666777e+01, 2.4153873846919973e+00,
       -1.0058638543326261e-01, -8.4951922378153171e+00,
       2.3820991693643654e+00, 5.3245838171901942e+00,
       1.1782804516663501e+00, 2.2370985478127322e-02,
       -1.6157709433827233e-01, -9.2899131729282703e+02,
       -9.6718163570879210e+02, 3.3059388942855406e+02,
       3.0349609189425069e+03, 1.1619132291851233e+02,
       -1.5342060711044979e+02, -2.5299302506274877e+01,
       -6.7976200843708284e+01, -2.6206341099428709e+01,
       1.8068792359023536e+01, 2.3747148472202713e+00,
       -9.0520622967988784e-01, 9.8560155168439204e-02,
       -1.9244450842976036e+02, -1.7033680732710339e+00,
       3.8948835401666777e+01, 1.1619132291851236e+02,
       2.9804822205685571e+02, 7.1090289043865894e+01,
       -1.3513088969155778e+00, 6.1464550933912188e+00,
       2.3827225804453902e+00, 3.8073504434134775e+00,
       2.3509021792386182e+00, -6.8660980748172973e-01,
       7.8700471394701013e-04, -2.9519307014506421e+02,
       7.7827315848485921e+02, 2.4153873846919995e+00,
       -1.5342060711044979e+02, 7.1090289043865894e+01,
       2.8069656949567451e+02, 7.5685206256192732e+00,
       -4.2036552896776707e+00, -3.5231834017248449e+00,
       7.1933582713725217e+00, -2.0666941077347576e+00,
       6.1938226979260569e-01, -6.3500431911036714e-02,
       -7.8109390216829482e+01, 1.2571970843903657e+02,
       -1.0058638543326003e-01, -2.5299302506274877e+01,
       -1.3513088969155782e+00, 7.5685206256192732e+00,
       2.6001905139809239e+01, -1.8708298691140945e+00,
       4.3177908124950615e-01, 2.5265643415023828e+00,
       -1.5274336802179717e-01, 1.1406523114513897e-01,
       -4.1443486575903278e-02, 4.2941960625973060e+01,
       1.3672562402271535e+02, -8.4951922378153188e+00,
       -6.7976200843708298e+01, 6.1464550933912179e+00,
       -4.2036552896776698e+00, -1.8708298691140945e+00,
       2.6035714650016125e+01, 8.4639418470703269e+00,
       -4.8493565014553139e+00, 1.0157157634841581e-01,
       -7.4446538284826683e-02, 7.5818054690368663e-03,
       6.3378121976341404e+01, 3.2815837776408920e+01,
       2.3820991693643672e+00, -2.6206341099428709e+01,
       2.3827225804453898e+00, -3.5231834017248427e+00,
       4.3177908124950642e-01, 8.4639418470703269e+00,
       1.2064878990505909e+01, -6.0263739144241555e+00,
       9.8349629565703728e-02, -1.3501361099419645e-01,
       1.9851291257853197e-02, -3.3796199599042396e+01,
       4.0971779234203993e+01, 5.3245838171901960e+00,
       1.8068792359023536e+01, 3.8073504434134775e+00,
       7.1933582713725208e+00, 2.5265643415023833e+00,
       -4.8493565014553148e+00, -6.0263739144241546e+00,
       6.2992657136359913e+00, -1.1205124800357615e-01,
       4.8464054336994133e-02, 1.8712839653247514e-03,
       1.8339970615479428e+00, -1.0191292394674957e+01,
       1.1782804516663501e+00, 2.3747148472202708e+00,
       2.3509021792386182e+00, -2.0666941077347576e+00,
       -1.5274336802179717e-01, 1.0157157634841586e-01,
       9.8349629565703728e-02, -1.1205124800357613e-01,
       7.0627697424266653e-02, -1.0559100494868820e-02,
       1.0157108976735479e-03, -1.1099313376726518e+00,
       1.7560913994126606e+00, 2.2370985478127312e-02,
       -9.0520622967988795e-01, -6.8660980748172973e-01,
       6.1938226979260580e-01, 1.1406523114513896e-01,
       -7.4446538284826655e-02, -1.3501361099419648e-01,
       4.8464054336994140e-02, -1.0559100494868820e-02,
       1.2531551243462835e-02, -1.6444614571114929e-05,
       2.7093889166032153e-01, -6.7652108470834901e-02,
       -1.6157709433827233e-01, 9.8560155168439190e-02,
       7.8700471394701349e-04, -6.3500431911036687e-02,
       -4.1443486575903278e-02, 7.5818054690368637e-03,
       1.9851291257853197e-02, 1.8712839653247518e-03,
       1.0157108976735485e-03, -1.6444614571114919e-05,
       2.2327622264568660e-03, 6.7542693633857743e+03,
       -3.9456016627114150e+02, 3.0645529336683740e+03,
       -8.3901378309778238e+02, 1.2333669514009121e+02,
       7.4546326996954917e+01, 6.2308866119821552e+01,
       1.5043001116667943e+01, 1.5495458661698656e+01,
       2.9326277359039619e+00, -1.4672594624725408e+00,
       9.5522065688764057e-01, 2.9270252131590622e-03,
       -3.9456016627114161e+02, 8.9645862407833465e+03,
       5.0600344184543650e+02, 1.3979800172898288e+03,
       7.0433700410870097e+02, 2.8770928129450755e+02,
       8.6432161880855460e+01, 3.1922937201862428e+01,
       7.0300985514728211e+01, 6.6384495828127221e+00,
       -4.6184794830294367e+00, -3.1210939895873953e+00,
       2.1905930025583428e-01, 3.0645529336683740e+03,
       5.0600344184543667e+02, 2.4681015930747885e+03,
       1.0898057960559889e+02, -1.5760476069676983e+02,
       -9.5084567282543215e+00, -2.4192558797802601e+01,
