%YAML:1.0
means: !!opencv-matrix
   rows: 24
   cols: 8
   dt: d
   data: [ -2.1197880631002312e+02, 8.6216183125841553e+01,
       4.5148500074254521e+01, -4.4758184008590753e+01,
       -2.0171429087499856e+01, 1.8722756894556781e+01,
       -3.3207319428669613e+00, 2.0050537119047265e+00,
       8.3994418998175760e+01, 8.4887075447378066e+00,
       -2.7962202491852654e+01, -3.0932518940943080e+01,
       -2.9159805531078462e+01, -1.6871340301504059e+01,
       -9.1014506199388570e-02, -1.1405622569782179e+00,
       -2.8961284999833570e+01, -1.0751342143318689e+02,
       6.1923796317398381e+00, 6.6662168371730388e+01,
       -1.1713657719086377e+00, -3.2672957412598507e+00,
       1.8296544730627287e+00, -6.2163969683859766e-01,
       8.1934292250174167e+01, 1.9136306666592674e+01,
       -2.2026957405267915e+01, -3.2284054285798433e+01,
       -2.5045169739203004e+01, -2.0613958853509217e+01,
       1.3515499728957863e+00, -2.8594725152189495e+00,
       -1.6258939066113714e+02, 8.9674867871241545e+01,
       3.2341842593432652e+01, -5.8324083152137035e+01,
       -2.6612743723650883e+01, 1.4822423733547820e+00,
       -3.5035838133236896e+00, 6.0928357138233247e-02,
       -1.5436014952578523e+02, -9.8193355230044304e+01,
       2.8840800196727603e+01, 6.3375089252583614e+01,
       -1.9569799860222858e+01, 1.6215080588315416e+00,
       -3.3138842815197300e-01, -1.2057265198911595e+00,
       -2.2270632697410658e+01, 2.6553364417570052e+01,
       -7.0866032735428718e+01, -4.5082018357675677e+00,
       1.8956472666934847e+01, 1.1201921977714078e+00,
       1.0359971497201752e+00, 1.1958662877317110e+00,
       -3.3387563725091955e+00, 5.4535024870199265e+01,
       1.7211673394881264e+00, -4.2107793852945676e+01,
       4.4182338215181405e+00, -1.7124682236510139e+01,
       1.6283151361821480e-01, 5.3068844664513204e-01,
       -1.9689344790153004e+02, 8.8235326939248502e+00,
       3.5732778263067466e+01, -3.5901678424756205e+00,
       -2.6455922290801510e+00, 7.0417953419368047e+00,
       -2.4650074531927415e+00, -6.5514528820965507e+00,
       -1.5042353261750161e+01, -5.4827808878810895e+00,
       9.7279108341717517e+00, 5.6823346555940351e+00,
       3.0676224662350137e+01, -1.9136646201064873e+00,
       8.4582373853220361e-01, 3.0877149464844034e-01,
       6.4524442965647140e+01, -7.2290641609012567e+01,
       -2.4563818094651200e+01, 4.2873754699881822e+01,
       -1.1253455867934708e+01, 4.8078252009978133e+00,
       2.3642624390646325e-01, 6.5207426549764250e-03,
       1.1947327484660666e+02, 2.2841467230560610e+01,
       5.9917786757814106e+01, -2.4597862510946275e+01,
       1.7192448552677629e+01, -5.6753675857896830e+00,
       3.8566871057075930e-01, 1.2897685768325104e+00,
       -1.7231509312828877e+02, 9.4573632396610918e+00,
       4.3246084123357797e+01, -5.6679856421156130e+00,
       -6.4965918074872864e+00, -3.8841511954585162e+00,
       8.2826946347611030e-01, 7.9166521555788183e-01,
       1.4370613608068004e+02, -6.3859965408123607e+00,
       -3.9954164533975032e+01, 1.0913353958331168e+01,
       -5.6002954047219768e+00, 1.1581658627588910e+01,
       1.2926684945066477e-01, 1.6562639063342972e+00,
       9.7223628301595426e+01, -5.0907395900639671e+01,
       -2.7444943477380626e+01, 3.8026809997769284e+01,
       2.3595473764968586e-01, 1.3942915152173807e+01,
       -9.1064421403912932e-01, 2.0712886974863944e+00,
       1.6660318825446461e+02, 1.7138941956035918e+01,
       -4.5322243470349378e+01, -1.8273663394186613e+01,
       -7.5964366910586305e+00, 1.2430550434670977e+01,
       -1.2014084342013925e-01, -1.2182335677523877e+00,
       8.2129192556254281e+01, 1.6475435160915406e+01,
       5.6553559552326407e+00, -1.1054569823437699e+00,
       1.5984918999983607e+01, 4.0234305512817006e+00,
       1.1392086757982145e+00, 1.5763099278108388e+00,
       6.1522773130017747e+01, 1.3921987559776259e+01,
       -1.7048153096947814e+01, -1.2145425215575566e+01,
       -6.7977526893004532e+00, -2.2814378779401987e+00,
       -1.5481170086223328e-02, 5.3455466720327927e-01,
       -1.3783928820298013e+02, -5.6941370750172116e+00,
       3.6335109243361607e+01, 1.3300873722834128e+01,
       1.2758880264923561e-01, 1.0465007482829028e+01,
       -2.6247457358222832e-02, 1.1237006556548896e+00,
       -6.6897941703634530e+01, -7.4692787373685547e+01,
       1.8797057346768170e+01, 4.6564101383486609e+01,
       8.8427659868804849e+00, -4.4932897578960054e+00,
       2.1622871499648206e+00, -1.6436245587991669e-01,
       1.0994408514550422e+02, 2.2215726481818572e+00,
       -2.2887040051366302e+01, 4.1027456706794752e+00,
       -3.9177932741500510e-01, 2.0104183769306115e+01,
       -9.2865855119168437e+00, -2.2516219859926165e+00,
       3.6937412326790003e+01, -9.7910360256901143e+01,
       -1.2203305813291504e+01, 6.7867205965926516e+01,
       -4.8998468667385175e+00, -1.0409420862498984e+00,
       2.1658843058263040e+00, -3.4614986755921540e-01,
       1.6761968428003293e+01, 1.5626882651779761e+02,
       6.1305965458622513e-01, -8.6260415136735062e+01,
       1.5794578019378827e+01, 1.6152475868431981e+01,
       -4.7689385984799526e-01, 2.3039349440484975e+00,
       -3.6053188803655644e+01, 2.2242057943656370e+01,
       2.1293678303592788e+01, -1.2624748450009260e+01,
       2.8155661558745475e+01, -1.2746137909235154e+01,
       -1.0431502269027981e+00, -1.8281643141257837e+00 ]
