%YAML:1.0
means: !!opencv-matrix
   rows: 29
   cols: 9
   dt: d
   data: [ -4.5985315845729914e+01, 2.3535174556922275e+01,
       2.0170285435051404e+01, -2.0943209905218339e+01,
       2.6189263256838235e+01, -1.5455496678814407e+01,
       2.6864244108775082e+00, 1.2936782738329652e-01,
       1.9527562294211090e-01, 1.4764420591709072e+02,
       3.1848209722985573e+01, -4.0966337933008781e+01,
       -3.0519774580534403e+01, -7.2123173867878547e+00,
       1.5296751724978657e+01, -1.1031243425128030e+00,
       -1.6032951987533370e+00, -1.0533909228271301e+00,
       1.1726371531638007e+01, 2.3118273932075311e+01,
       -3.5414114128355543e+01, -2.1119678097509897e+01,
       1.6356176837015134e+01, -5.8772568364747988e+00,
       2.3379446732978379e-01, 9.0519574870072994e-01,
       4.3532898077999943e-01, -1.4359572557914564e+02,
       -1.0454818793130063e+02, 2.5127062005505866e+01,
       6.4995032341951969e+01, -2.7557450988130341e+01,
       4.0932456062369926e+00, -1.5178977199212873e+00,
       -3.7633054332203999e+00, 1.9642865521412567e+00,
       3.2366285384896599e+01, 2.7853290870739129e+00,
       -7.8578876658303596e+00, 1.1641114493820112e+01,
       2.2691117365950603e+01, 5.5202049985522921e+00,
       1.5374090693704467e+00, 1.0027057329727824e+00,
       2.6428180365869819e-01, 3.0210896377710235e+01,
       -9.7852205029233573e+01, -9.2513829990765810e+00,
       7.0176551937064801e+01, -4.2534092186170414e+00,
       -1.7557540293564766e+00, 2.1246777465582940e+00,
       -3.9330819586024779e-01, -7.2610646882606544e-02,
       1.5949444013619427e+02, 7.9625688654120852e+00,
       -4.5631835490229754e+01, -1.4097025295836401e+00,
       -6.3898654436137043e+00, 1.1890237854923347e+01,
       -1.8503638091779842e-01, 8.1873190589894529e-01,
       4.7966693195453347e-01, -2.2950032123271018e+02,
       5.2559695389284371e+01, 4.2866380008367599e+01,
       -2.9259547214067229e+01, -1.8274620824432287e+01,
       1.4450929578017785e+01, -1.9390188951041289e+00,
       1.8027963089346917e+00, 7.3870592934427826e-01,
       1.9392726102036470e+01, 1.5492727544856984e+02,
       -5.2586187503769344e-01, -8.5784031381549525e+01,
       1.5934740983675972e+01, 1.5194798903840470e+01,
       -3.0197011100054993e-01, 2.3792819789535518e+00,
       1.8780469384427367e+00, 8.4975255155881101e+01,
       8.9073928703375085e+00, -2.7038685829312691e+01,
       -3.1071215844020951e+01, -2.9130405490752953e+01,
       -1.6654445374787031e+01, 5.0201178775800090e-02,
       -1.1680888817980222e+00, 5.0535633987506004e-02,
       6.9786971461261658e+01, -7.9803047079732295e+01,
       -2.0584049429303299e+01, 4.3490768797861222e+01,
       -1.1230946797093283e+01, 1.1779391706295556e+01,
       -4.5201501087373712e+00, -1.8024510544173182e+00,
       -2.8844652243972084e+00, -1.5064229072906301e+02,
       -1.0193304517502793e+02, 2.8470764368418035e+01,
       6.6848394654112255e+01, -1.7506271894304238e+01,
       -1.5933750637300811e-01, 2.3310833694845004e-01,
       -7.1298129051481995e-01, 7.3123121775457101e-01,
       -2.0539580576274290e+02, -2.0713389046845116e+01,
       4.5906695418059797e+01, 1.8988317834556412e+01,
       -1.1014896162193249e+01, 1.0170359012967493e+01,
       -1.2157639095953314e+00, -5.3509189107468758e-01,
       -1.6970807951694650e-01, 8.1630843378544668e+01,
       1.9709906846838535e+01, -2.2274602034837347e+01,
       -3.2173595459300941e+01, -2.4967323490372682e+01,
       -2.0834527454245677e+01, 1.3346039723195720e+00,
       -2.9423505745811367e+00, 3.1273772164937252e-01,
       -1.8824327153642076e+02, 4.4125876696931300e+01,
       3.5582588322524437e+01, -2.8394418083338781e+01,
       -5.3187498742131334e+00, -2.5148472766632355e+00,
       -3.9253598011685393e+00, -7.0087688287755894e+00,
       -2.9084509504865208e+00, -9.9229595900071761e+00,
       4.9330959408644858e+01, 1.1022929479480071e+01,
       -2.8266692808532206e+01, 1.0799656822954912e+01,
       1.3477874602061328e+00, -2.6031841657848291e+00,
       6.6383096442585299e-01, -2.4494724192200064e+00,
       -2.9718933617346011e+01, -2.3625891088356727e+01,
       3.0146134418208625e+01, 3.4521589708863537e+01,
       2.2404688184024970e+01, -5.8003997858698098e+00,
       -1.0351618716500598e+01, -6.7878115055527095e+00,
       -5.5021515146526001e+00, 1.5638958387942117e+02,
       3.1379947065889731e+01, -4.0033589709591695e+01,
       -1.6099380800626840e+01, -1.1034905025288028e+01,
       1.2972874480995318e+00, 1.5450366588352924e+00,
       2.3855289883559290e+00, 7.6257832097215428e-01,
       1.1662258364041435e+02, 1.9194935049582487e+01,
       5.0659799104544561e+01, -1.0084212079139400e+01,
       1.4763276988090416e+01, -2.5196005417633383e+00,
       -2.1090806243003707e-01, 1.3515084836604616e+00,
       4.4671279151874005e-01, -1.4841652434238352e+02,
       4.0010592747035545e+01, 3.8378111095753475e+01,
       -2.8830261710189543e+01, -7.7810053185145600e+00,
       -1.0848160466481323e+01, 1.9246488357495350e+00,
       1.1613335616758877e+00, 2.3117413128466546e-01,
       -1.5385070307777490e+01, -7.0454226773939217e+00,
       3.8765697445792986e+00, -2.9702991734035877e-01,
       -1.1104020332819227e+01, -1.1721129045038868e+01,
       2.8288830242394214e+00, 1.0544872476906935e+00,
       1.5394554987456513e-01, -1.5767405377715079e+02,
       8.5341026768368800e-01, 3.8375156038641315e+01,
       1.1415785816729818e+01, -6.7826829573543916e+00,
       2.4576556075332018e+01, -6.7864772104835391e-01,
       2.7690568654579533e+00, 1.0166473885391405e+00,
       8.7997611960317059e+01, -4.9642454772172634e+01,
       -2.9212476017858151e+01, 2.9849473232888524e+01,
       -5.2298378597058575e+00, 8.0209180097706145e+00,
       -7.3382009108017754e-01, 7.1523286320813351e-01,
       6.0806366853051863e-01, -1.9541849274806313e+02,
       1.0429873230762358e+02, 4.0544373481875809e+01,
       -5.4855106499150864e+01, -2.5757070289107027e+01,
       1.7492882955322596e+01, -4.5601627018919171e+00,
       1.7282368080864843e+00, 9.3084951850887787e-01,
       1.1521078402924641e+02, 2.7567616373037320e+00,
       -2.1334456232376944e+01, 7.6662419798395587e-01,
       -9.4079223517764223e+00, 1.2291717146319989e+01,
       -1.1276706818038200e+01, -5.9306947618780246e+00,
       -5.1463504598666487e+00, -6.9633411172511444e+01,
       -8.0343332119450324e+01, 1.8208544808151686e+01,
       4.9670096944109517e+01, 6.3353796947103440e+00,
       -4.7905376153512655e+00, 2.1469602277222477e+00,
       -3.1212873702778726e-01, 2.1793480112589264e-01,
       1.1950535371776928e+02, -3.9749551027640443e+01,
       -3.1879795500639926e+01, 3.4726339518860499e+01,
       -3.1707738284696085e+00, 1.3406569229546641e+01,
       -1.4103399762803798e-01, 1.8756751395294879e+00,
       -2.8338836569874654e-01, 2.5076363690515901e+01,
       3.3960670165727620e+01, -4.4849539412490369e+00,
       -4.2575454356455054e+01, -7.5321031448485209e-01,
       -1.9477607270313111e+01, -2.2811768811832969e+00,
       -1.3834697857176831e-01, -6.0407194537565738e+00,
       -1.0890232526485298e+02, -3.6998404894332864e+00,
       3.0540504071645909e+01, 2.4032127326422850e+00,
       1.2993496017825571e+01, -6.0896608237177796e+00,
       -8.7491558029962524e-01, -2.1745561062036312e+00,
       -1.0945748402921229e+00 ]
