%YAML:1.0
means: !!opencv-matrix
   rows: 39
   cols: 4
   dt: d
   data: [ -1.5201628576953377e+02, -1.2949108232470979e+02,
       1.8335725246146644e+01, -5.2800089937643534e+01,
       1.1696829472957852e+02, 1.2700755320523753e+02,
       4.9636007120767580e+01, -3.0181135508825335e+01,
       1.9442576052474575e+02, -4.9305285776887828e+01,
       7.8847592142864000e+00, -7.6335687462245119e+00,
       -2.8268762079590147e+02, -3.5607686903345481e+01,
       -8.5686696887272316e+00, 4.5171784966463491e+01,
       1.1337232080983902e+02, 3.6602181998714793e+00,
       -7.4835308807910792e+01, 6.8593126044854165e+00,
       -2.7803455481378069e+01, -8.0807031491576041e+01,
       9.6853031075492410e+01, -2.8820915368408976e+01,
       9.3060068694878765e+01, -4.8449964747089219e+01,
       7.5914594707313981e+01, 8.6302604051371823e+00,
       -6.9858858144291514e+00, -1.4650012693169484e+02,
       -1.0274263645123915e+01, -1.6929466437632637e+01,
       2.2423591922910720e+02, -7.5178313500655900e+00,
       4.3019882796415473e+01, 2.2419830788202066e+01,
       1.2380260576490766e+01, 6.9758990505633705e+01,
       4.8529915456246137e+01, 3.9402534191895661e+01,
       3.5002191596816566e+01, 1.4303564807022616e+02,
       -6.0760037292414481e+01, 3.1672845341089339e+01,
       4.9773744341553673e+01, 1.6942023265136172e+02,
       2.4706247615618327e+01, -1.0671836902948211e+01,
       6.6541499599757287e+01, 5.8173757488343099e+01,
       2.2127386345004174e+00, -7.1641065236329084e+01,
       -2.2105892946444922e+02, 1.2259884633735801e+02,
       -1.0229885045090734e+01, 9.4969122796325269e+00,
       -1.4949797829713040e+02, -1.4627183634562820e+02,
       6.0192216775463358e+01, -2.7693681535521257e+01,
       -1.1075107830641421e+02, 2.5926917540239906e+01,
       4.6978328134448262e+01, -6.2628923003985825e+01,
       1.6426334461167460e+02, 3.3193209046966444e+01,
       3.7587007899472141e+01, 7.2665355257214884e+01,
       8.4535272753607970e+01, -1.1209089513258753e+01,
       -2.2907392347557749e+01, 6.3627037690459737e+01,
       -9.2672648712796615e+01, -5.1836151189333890e+01,
       -5.0958060922025368e+01, -3.7878593656323947e+00,
       1.4463306217028276e+02, -2.4837853039659716e+00,
       3.9891443253232367e+01, -7.3525532220760383e+01,
       -1.2596921598371986e+02, 1.4320835046419143e+02,
       5.6124183713300461e+01, -7.3742650759470729e+00,
       -2.7144709972953854e+02, -1.5114210893988090e+02,
       -2.0907059790603324e+01, -6.8012640266387328e+00,
       2.1194970940010851e+01, -2.4094322275606353e+02,
       8.0371244797162635e+00, 7.6975341166379337e+01,
       -6.9668779467989864e+01, 1.5505194796464357e+02,
       -7.4742379945858829e+01, 6.6636379390547393e+00,
       1.0632844376604709e+02, -1.1306703949522705e+02,
       -4.3701817442283080e+01, -1.9468349958892925e+00,
       -2.5038110817508137e+01, -4.5844626341687594e+01,
       2.9210223851551969e+01, -1.3803700487972909e+01,
       -4.8949689599318660e+01, 2.1594587148392557e+02,
       -1.1066528612642148e+01, 1.3799924980197835e+01,
       -8.7150789332781812e+01, 5.4071068832631632e+01,
       -8.4203658851739291e+01, -5.9451920812968496e+01,
       -2.2090891415909292e+02, 8.2981713947043314e+00,
       -2.5534857376821751e+01, -5.0372101062380857e+01,
       -1.7602579922541929e+02, 2.7541335878275529e+01,
       1.4765177670965089e+01, 6.1698992422776819e+01,
       -1.7534551721939977e+02, -3.6791932393725460e+01,
       6.7380296057901575e+01, 3.4273711438911704e+01,
       1.5213706902778526e+02, 6.5179738785698603e+01,
       -3.4491124730712748e+01, 5.0862261835041068e+01,
       -6.2570566951454033e+01, 5.4645417904647068e+01,
       1.1095421032522370e+02, 6.8933260938084375e+00,
       -6.8905833154030844e+01, 4.3313674473966991e+01,
       -2.9289857259512775e+01, 6.1385967725146031e+01,
       -2.4868868987557695e+00, -6.3237570653861333e+01,
       9.6570144570062713e+00, 4.3931858095776064e+01,
       1.3932749597899976e+02, -1.2747305669403066e+02,
       1.4345282197482653e+01, -4.7099888628899173e+01,
       2.3289414185734923e+01, -4.2263265078494484e+01,
       -4.9487854037364848e+01, -7.3762703649364624e+01,
       -2.4088971671854239e+01, 7.9556249910471763e+01,
       -4.6035226517941474e+01, -4.5754096324359459e+01,
       2.4119265636522734e+01, -9.4981537134019277e+01,
       -8.5780426872931855e+01, 2.9219294859038229e+01 ]
