%YAML:1.0
means: !!opencv-matrix
   rows: 20
   cols: 3
   dt: d
   data: [ 6.6132002089736034e+01, -5.5507445113123275e+01,
       -5.4288502844125482e+01, -1.5418272569224240e+02,
       5.5615496653054937e+00, 3.7398790748330676e+01,
       -1.0867162477498127e+02, 9.9320345562818400e+00,
       -5.7925856949256861e+01, 1.0082639988898065e+02,
       -1.9986655932766244e+01, 7.4287890114363265e+01,
       1.5182205759989353e+02, 9.4809920469214134e+01,
       1.6155431773980123e+01, -9.5762179147569555e+01,
       -1.0390647578514721e+02, 5.7957334038135180e+01,
       1.8811856840786555e+02, -5.6166319639797599e+00,
       3.8108780020469638e+01, -2.5211941016522982e+02,
       2.6878576639316424e+01, -2.4420723694226879e+01,
       1.3632084990508818e+02, -6.0124514908318993e+01,
       1.2712628796051726e+01, -4.6122719720659568e+01,
       9.2525935419744926e+01, -2.5929214719985819e+01,
       -2.1305915342483013e+02, 7.1215786383594747e+01,
       3.7179082117548525e+01, -4.6650699702034473e+01,
       -6.1494005687177356e+01, -5.5226003724211893e+01,
       2.0232484709603376e+00, -1.5695642455874156e+02,
       8.5470492277530372e+00, -5.7674811584926191e+00,
       -5.0115623153682044e+01, 3.0120594244951505e+01,
       9.7187659319581698e+01, 5.7001734009717858e+01,
       -3.2290863705778662e+01, 3.8055027615526257e+01,
       6.8283710129041310e+01, 3.8837555205996068e+01,
       -2.1194439222939579e+01, 3.9759320307247833e+01,
       2.4515126619398000e+01, -8.7870903504031659e+01,
       1.7188240013777300e+01, 9.9720748050764627e+01,
       -2.0552130413398277e+02, -1.0724933955304135e+02,
       -1.2570770343462243e+01, 2.1599221555607340e+01,
       5.7055602783213580e+01, -8.9394971642938344e+01 ]
covs: !!opencv-matrix
   rows: 60
   cols: 3
   dt: d
   data: [ 2.7952194763778275e+03, -1.6100744609094141e+02,
       4.5192819761959356e+02, -1.6100744609094139e+02,
       2.6943214775330734e+03, 1.2557294071255475e+02,
       4.5192819761959367e+02, 1.2557294071255481e+02,
       1.2600634358800587e+03, 1.6534528316232254e+03,
       6.7094611414567112e+02, 5.8499843964167849e+02,
       6.7094611414567112e+02, 6.3125726559912400e+03,
       -4.2331583941152769e+02, 5.8499843964167849e+02,
       -4.2331583941152769e+02, 1.5212794264753077e+03,
       1.5160869843045718e+03, 1.4226772916609884e+03,
       -9.5466943067621077e+00, 1.4226772916609889e+03,
       1.0531260445268921e+04, 5.7882648954276067e+02,
       -9.5466943067621060e+00, 5.7882648954276067e+02,
       3.0428702721307718e+02, 5.9019131162469903e+03,
       1.1970610460661621e+03, -1.3285908423718097e+03,
       1.1970610460661621e+03, 1.0082831311098747e+04,
       -1.2219560238530569e+01, -1.3285908423718095e+03,
       -1.2219560238530564e+01, 4.5238284154213522e+02,
       3.3919666771871284e+03, -7.6248071321858720e+02,
       -1.8634095489349073e+02, -7.6248071321858720e+02,
       2.4460701314081693e+03, 4.9303333272090178e+01,
       -1.8634095489349068e+02, 4.9303333272090164e+01,
       5.7772244694609742e+02, 2.0474000855523277e+03,
       1.0713829351795068e+03, 9.8935205721627221e+02,
       1.0713829351795068e+03, 5.9657788052094411e+03,
       1.3073627567252134e+02, 9.8935205721627221e+02,
       1.3073627567252129e+02, 7.7377821484399703e+02,
       3.0356541912115194e+03, 1.1084871106114844e+02,
       -3.9714324945890723e+02, 1.1084871106114848e+02,
       7.5880139619846086e+03, 9.3506186929389699e+01,
       -3.9714324945890723e+02, 9.3506186929389699e+01,
       2.3369891413958786e+02, 3.0799320025820025e+03,
       -4.6701628805346661e+02, 7.6396571346131495e+01,
       -4.6701628805346667e+02, 9.3269154176722768e+03,
       3.0421602495914237e+02, 7.6396571346131466e+01,
       3.0421602495914243e+02, 2.7505471476983610e+02,
       2.8369682283634165e+03, 3.0588707861364526e+02,
       -3.5423329556552562e+02, 3.0588707861364531e+02,
       4.3309995455748203e+03, 3.0746008941208394e+00,
       -3.5423329556552562e+02, 3.0746008941208398e+00,
       6.8858317990501359e+02, 3.6830394483945429e+03,
       1.8030004240614260e+03, 7.6529835552360646e+02,
       1.8030004240614260e+03, 7.1527034319926979e+03,
       -4.9007479972151299e+02, 7.6529835552360646e+02,
       -4.9007479972151305e+02, 7.2863837607341384e+02,
       3.0753886240407060e+03, 1.1491309254075188e+03,
       1.5712695574232041e+03, 1.1491309254075188e+03,
       7.3972331114438321e+03, 4.9650535068892111e+01,
       1.5712695574232041e+03, 4.9650535068892083e+01,
       1.3429582253705050e+03, 2.9323451685025825e+03,
       6.9810601974605709e+02, -1.1545324472180728e+03,
       6.9810601974605709e+02, 5.6636985651999421e+03,
       5.3371216629930791e+02, -1.1545324472180730e+03,
       5.3371216629930802e+02, 1.4290247292822439e+03,
       3.5920448270210341e+03, -7.3854314968412254e+01,
       3.0977090569177273e+02, -7.3854314968412226e+01,
       2.6378210891586459e+03, 2.2718224836425370e+02,
       3.0977090569177278e+02, 2.2718224836425370e+02,
       2.0620741116016952e+03, 3.0173274586131511e+03,
       7.2848727792912200e+01, 1.7309595834806066e+02,
       7.2848727792912172e+01, 2.5438087595933807e+03,
       4.5141741001956274e+02, 1.7309595834806066e+02,
       4.5141741001956274e+02, 1.2925956045112848e+03,
       3.0388496406900317e+03, -2.1409101674198354e+02,
       3.2354221723290738e+02, -2.1409101674198340e+02,
       3.1149844632368354e+03, -3.9340143984149097e+02,
       3.2354221723290743e+02, -3.9340143984149091e+02,
       1.0599745936081472e+03, 2.1489976902508033e+03,
       -3.4334965304699989e+02, 1.2273313300229522e+03,
       -3.4334965304699989e+02, 7.8267922360251559e+03,
       -1.7834699659253394e+02, 1.2273313300229522e+03,
       -1.7834699659253383e+02, 9.3915570289010827e+02,
       3.2991284396115580e+03, -1.5508379024937558e+03,
       -1.0227162590543028e+01, -1.5508379024937556e+03,
       4.4388766166336673e+03, 1.2440316934079526e+03,
       -1.0227162590543017e+01, 1.2440316934079526e+03,
       1.7194134091471085e+03, 1.7031697529610988e+03,
       -3.4421918836396401e+02, -1.2838005489372938e+02,
       -3.4421918836396389e+02, 9.9937160186057627e+03,
       2.8252536522049206e+02, -1.2838005489372938e+02,
       2.8252536522049206e+02, 2.9870456646567271e+02,
       2.7114321764004976e+03, 2.5607253521943312e+02,
       4.0730081122213545e+02, 2.5607253521943312e+02,
       4.7568840921944548e+03, 6.0481317534910784e+02,
       4.0730081122213545e+02, 6.0481317534910750e+02,
       7.8996817166175879e+02, 2.3284182457968732e+03,
       8.0198696630771224e+01, -3.1922079232392701e+02,
       8.0198696630771252e+01, 3.8320347623895886e+03,
       1.1250948657277726e+02, -3.1922079232392701e+02,
       1.1250948657277726e+02, 5.5930939094134260e+02 ]
weights: !!opencv-matrix
   rows: 1
   cols: 20
   dt: d
   data: [ 8.9309642792154476e-02, 5.1572748806923308e-02,
       3.2098192260732357e-02, 6.0562459067565189e-02,
       4.2756308524350826e-02, 2.4167645052688470e-02,
       4.8740342865174820e-02, 4.2639651841574575e-02,
       7.1041584157608278e-02, 4.2558733227960430e-02,
       5.3369685158161553e-02, 6.2709677795864699e-02,
       3.5452440433870219e-02, 4.6130973038603085e-02,
       9.7773280352665026e-02, 4.3802017095347097e-02,
       3.6214458429835582e-02, 3.5521717298315589e-02,
       2.4153168544907528e-02, 5.9425273255674795e-02 ]
