%YAML:1.0
means: !!opencv-matrix
   rows: 36
   cols: 4
   dt: d
   data: [ -8.1552612220222713e+01, -6.2107818046166130e+01,
       -6.1149700703280317e+01, 9.9784379856588021e+00,
       1.7659974423230125e+02, -1.6910778198942655e+01,
       -4.3422841726634038e+00, 2.6170923934939152e+00,
       -4.0648574632920793e+00, 7.6080064696941932e+01,
       -2.5920744776285908e+01, -6.7227054290708566e+01,
       2.5656309534822562e+01, -2.4703732265315185e+02,
       9.4836239401590827e+00, 7.2631238000292612e+01,
       -1.2062994464599333e+02, -7.2099437953554020e+00,
       3.8693762374834819e+01, 3.7549068338154761e+01,
       4.4736151631179816e+01, -3.6737711934123297e+01,
       -5.9879674555654489e+01, 5.8271920953230541e+01,
       -8.0118461103275564e+01, 1.5597115993785843e+02,
       -7.1133220575702168e+01, -2.7468894563713153e+00,
       9.5140417107779882e+01, -2.5128268983827425e+01,
       7.8660972894940890e+00, -9.2730343574314460e+01,
       5.9824104125466107e+01, -8.1376111802776734e+01,
       5.1033757036607007e+01, 1.4468645401076783e+01,
       4.3250565413217629e+01, 1.7697588875427036e+02,
       1.9598437461333024e+01, -1.2128658436261510e+01,
       -2.4645725292854564e+01, -1.0048785565641769e+02,
       -4.5013611971174825e+01, -4.5669580366164027e+01,
       -2.8172672162634717e+02, -4.7404740554099817e+01,
       -1.0228004941679529e+01, 3.8702682520705572e+01,
       -5.5351576041406105e+01, 4.4614058616859602e+01,
       -9.1023843467336036e+01, -5.3633322231369377e+01,
       -1.7427626051355344e+02, -5.6885192595254004e+01,
       6.5926304966950838e+01, 2.3946122309892026e+01,
       -5.6124702905214363e+01, 2.6005687286132833e+01,
       1.0657418187557460e+02, -3.0460819421600935e+00,
       -3.7145133489447701e+01, -4.5529796588869267e+01,
       -1.7410773066264461e+01, 2.0031323659899094e+01,
       1.2510557262228312e+02, -5.4462532867552333e+01,
       1.6733367170165291e+01, 3.6465132336322455e+01,
       1.4444663393896599e+02, -1.5042591265052678e+02,
       2.3753271465232686e+01, -3.5136430926128341e+01,
       -1.1288996094114587e+02, -1.7480154551450241e+01,
       4.8817860113492301e+01, -8.3243565975141976e+01,
       1.5755608984608088e+02, 1.2625392554598498e+02,
       -2.6014873070083615e+00, 4.0692798248395867e+01,
       1.3824511852381150e+02, 3.1294956708831204e+01,
       2.0219596372397895e+01, 7.7726717403763672e+01,
       -2.1244639696445309e+00, 1.7884145368220877e+02,
       -4.7977105445126035e+01, 2.1194018713959760e+01,
       -7.0676421048015683e+01, 6.5432856280216939e+01,
       -3.1696203231071795e+01, 6.0561178535640884e+01,
       1.4939997292433571e+01, -5.9836559276038422e+01,
       4.2036991087008147e+01, -3.4640865806340571e+01,
       6.6135833718619054e+01, 2.1156588089351722e+01,
       -5.2567995378131926e+01, -2.7910784776804256e+01,
       -1.0701750899703444e+02, -1.5114264000645477e+02,
       6.0425386534832526e+01, -3.0570507277271794e+01,
       -2.1362011926726737e+02, 1.4060245889240636e+02,
       4.6108664287990875e+00, 2.0053217116556379e+01,
       -2.3275779028324186e+02, -1.6354100250467943e+02,
       -4.5417161745752042e+00, -2.4350234648933451e+01,
       1.0815042698088952e+02, 3.7037418609487553e+01,
       -7.4836575883394090e+01, 4.8909843322175632e+01,
       1.0674970450978786e+02, -1.1882297050709042e+02,
       -5.3344863503273615e+01, -5.7987171792848891e+00,
       -1.1485405159309545e+02, 1.0760553378446700e+02,
       5.3983560118809848e+01, -2.1105100403054497e+01,
       1.5342976689338315e+02, -4.2776481925536316e+01,
       5.4896465953410043e+01, -2.1856273297813360e+01,
       -2.1701820350500944e+02, 3.3551709793037467e+01,
       -2.5198070542945153e+01, -4.4515443561302050e+01,
       4.2724063779202261e+01, 6.1371517782148288e+01,
       5.0981645012571626e+01, 4.4613149413646376e+01,
       1.0345148520757478e+02, 1.0017377832925963e+02,
       4.5388505753247792e+01, -5.4410997541456815e+01,
       2.4232362051328232e+02, 5.4498997209717686e+01,
       3.0486415246917687e+01, 3.8760513080376136e+01 ]
