%YAML:1.0
means: !!opencv-matrix
   rows: 31
   cols: 1
   dt: d
   data: [ -1.0125484994494892e+02, 1.3462013446799710e+02,
       1.2311487831923776e+01, 2.1828980916173262e+02,
       -2.0506232839064378e+02, 8.5600470094118876e+01,
       -4.8129136740263675e+01, -2.5454503852909286e+02,
       -1.6108056675502948e+02, 1.7138284841431627e+02,
       3.0429601845597693e+02, 3.3241511935571317e+01,
       -8.2353642725783658e+00, -3.3929243678684429e+02,
       -1.3883271429769516e+02, -8.4851409880672264e+01,
       1.0199697114994902e+02, -1.1957562703593779e+02,
       -2.7861949835318774e+02, 2.7361356715247115e+02,
       -2.8839185979975742e+01, -2.2956991546424217e+02,
       6.9520206713147658e+01, -1.8363146490853865e+02,
       2.4334992113168565e+02, 1.9395529037120045e+02,
       1.1860128956456592e+02, -6.6671665415559573e+01,
       -3.0887855955811148e+02, 1.5283135441753092e+02,
       5.2225937758831009e+01 ]
covs: !!opencv-matrix
   rows: 31
   cols: 1
   dt: d
   data: [ 8.9254484982153102e+01, 8.5306893421819098e+01,
       9.2173852394347762e+01, 1.5553209390835886e+02,
       1.0369440213621603e+02, 6.5886480476305294e+01,
       8.1087808421225432e+01, 1.7139564355740461e+02,
       1.0778104159314316e+02, 1.0745702710782130e+02,
       8.0841020003035749e+02, 8.7664290280988723e+01,
       9.5749487428808251e+01, 6.7519213890721596e+02,
       1.0319398531739645e+02, 7.5629213711707990e+01,
       6.2894027232648249e+01, 1.0308131095621692e+02,
       1.8452945387764308e+02, 3.1161599977759562e+02,
       9.2604087990567251e+01, 1.2240750515122318e+02,
       6.8635091952103267e+01, 1.0263256019918767e+02,
       1.8407178287684459e+02, 1.3361303611854729e+02,
       7.2594731566751818e+01, 7.3922252986525379e+01,
       3.0430619079652809e+02, 1.0005546446768777e+02,
       7.5973071747375144e+01 ]
weights: !!opencv-matrix
   rows: 1
   cols: 31
   dt: d
   data: [ 3.6837293708717377e-02, 3.4236848877316456e-02,
       6.0878325420060199e-02, 1.9316725996207727e-02,
       2.3339276609920467e-02, 4.3400751139211692e-02,
       4.5951368025659980e-02, 1.5731279528749188e-02,
       2.9960284410441348e-02, 2.9787122614603808e-02,
       7.1060897752303342e-03, 5.7580255667790813e-02,
       5.5464990702282377e-02, 4.7429464837831763e-03,
       3.1632246213434509e-02, 3.9674288910563897e-02,
       4.3442585039821117e-02, 3.4952876279868011e-02,
       1.3194050191220068e-02, 1.0150529734504980e-02,
       5.1940919537196713e-02, 2.2383352211290748e-02,
       4.6600420575775112e-02, 2.4252590344432248e-02,
       1.3838638878409797e-02, 2.7960611745117655e-02,
       3.8848810967143738e-02, 4.3356233224818089e-02,
       8.9194934272589111e-03, 3.2207817234126961e-02,
       5.2310976525031645e-02 ]
pca_proj: !!opencv-matrix
   rows: 1
   cols: 21
   dt: f
   data: [ 1.02604255e-02, 8.46533298e-01, 5.67100069e-05,
       -5.08859605e-02, 4.68450844e-01, 1.89823491e-04, -5.55210514e-03,
       1.46431834e-01, -1.98076777e-05, -7.31809530e-03, 1.34976640e-01,
       -4.80776835e-05, -6.69380091e-03, 1.46460637e-01, -1.57161594e-05,
       2.11501210e-05, 1.32904761e-05, -3.16381829e-07, -1.62182951e-05,
       4.47223283e-04, 4.04881848e-06 ]
pca_mean: !!opencv-matrix
   rows: 1
   cols: 21
   dt: f
   data: [ 4.33646118e+02, 2.44701981e+02, 1.49672687e+00,
       4.18191803e+02, 2.60206879e+02, 1.62062907e+00, 3.68545319e+02,
       2.27059875e+02, 1.69770968e+00, 3.19420807e+02, 1.63929108e+02,
       1.75046074e+00, 3.16613464e+02, 2.25532654e+02, 1.70717156e+00,
       1.08872897e-04, -9.74175637e-05, 6.24380555e-05, -2.17504916e-04,
       -2.50119597e-01, 1.75055194e+00 ]
gamma: !!opencv-matrix
   rows: 31
   cols: 1
   dt: d
   data: [ 8.0690935829097732e-01, 8.2771818244892803e-01,
       7.6545982026177106e-01, 8.6989714338973645e-01,
       8.6335521540295335e-01, 7.9726214480965429e-01,
       7.7619055280821958e-01, 8.8297714203679734e-01,
       8.4229000728347747e-01, 8.4813151724260905e-01,
       9.0259816324743292e-01, 7.7065554010461224e-01,
       7.6498051670576184e-01, 9.0941318533190807e-01,
       8.2990651622075129e-01, 7.9642406204388394e-01,
       8.0739498747237515e-01, 8.1849636149195526e-01,
       8.9070371621787248e-01, 8.9057133980567138e-01,
       7.6901182965214798e-01, 8.7354010126069559e-01,
       7.8768171907643125e-01, 8.5357981270968519e-01,
       8.7960392951748179e-01, 8.5927974790868844e-01,
       8.1788571669227461e-01, 7.8561609324136472e-01,
       8.9994753420447782e-01, 8.3827644813900670e-01,
       7.7850607278929340e-01 ]
