%YAML:1.0
means: !!opencv-matrix
   rows: 32
   cols: 9
   dt: d
   data: [ 1.2110952660826048e+02, -7.8317743621978622e+01,
       -3.1392037058324600e+01, 5.2334478271664771e+01,
       -8.6057360849407978e+00, -9.7563951777060942e-01,
       3.1612264576270710e-01, -1.5245940732086771e+00,
       -8.5884637938946018e-01, 3.5240553503367934e+01,
       1.2529677580173286e+02, -2.7693146489433158e+01,
       -5.2308883456626219e+01, -8.6456295681613540e+00,
       1.5137916587124596e+00, 2.2198038681285630e+00,
       -2.6078235827483559e-01, -2.0298539003067187e-01,
       5.6612066616726750e+01, 7.3883432406409693e+00,
       -1.5194973276109378e+01, -2.1387312688488592e+01,
       4.3154938977161406e+00, -2.6351447428721499e+01,
       -7.8031663671182976e+00, 4.6993774046668442e+00,
       6.5778469324607016e+00, -9.5278978885222276e+00,
       8.4727153929248914e+01, -2.9790734850202680e+00,
       3.1132862637457446e+01, 2.3344287028083055e+01,
       -1.3567245201203941e+00, 1.4370433573701780e+00,
       -8.6980960867143697e-01, -2.0993185829350633e-01,
       2.3464564631773408e+00, -3.7112585707894354e+01,
       1.1827745169083999e+01, 1.7169863409769668e+01,
       3.9013618383702067e+01, -2.4394367797577088e+00,
       7.6400784122249010e-01, -8.9133026370004476e-01,
       -4.4048195840970450e-01, -4.8263838746706050e+01,
       -4.7596383029212859e+01, 2.0252969592072745e+01,
       8.8442655543004491e+00, 1.4084173261510340e+01,
       1.6541309150776682e+00, -6.8025537855902707e-01,
       1.6233647525912214e+00, 4.5994707757348694e+00,
       8.9207158872393375e+00, -8.9332745110799607e+01,
       1.1536796041881173e+01, 4.4324934278122591e+01,
       1.4072916738088139e+01, 2.0788300367889057e+01,
       1.8324532594223586e+00, -5.2708996172529179e-02,
       7.8078259016230792e-02, -2.0985567188873975e+02,
       -6.6761009355105486e+01, 4.7296042269270473e+01,
       1.7052154062587118e+01, -1.5796245395891368e+01,
       -1.7234077288884233e+00, -2.8606216986150108e+00,
       -5.6244342623864640e-01, 2.1116766007257239e+00,
       -9.9870426254259748e+00, 1.2433678137850355e+02,
       1.9719214331539085e+01, -3.0768826190467998e+01,
       1.7699262930356817e+01, -5.3319212021728701e-01,
       -1.2808781227066339e+01, 2.6251035219026480e+00,
       5.9275299867503168e+00, -1.4391893829760838e+02,
       -2.5649283658552168e+01, 4.7266551260571816e+01,
       3.0382523180394454e+00, -1.6156801176898046e+00,
       9.0860356725984825e+00, 9.1907211412443635e-01,
       1.3888487121701765e+00, -2.9145890926326956e-01,
       8.3673680738522677e+01, -5.8869325061083629e+01,
       -1.6739461875096154e+01, 4.8211668773867117e+01,
       -5.3456197712064935e+00, 2.6168953049928497e+01,
       2.1526894228969442e+00, 5.1387492383779709e-01,
       3.1326659427510495e-01, 1.1950167656732413e+02,
       -1.9586950707163087e+01, -9.4493006132251161e+00,
       1.2961435587063255e+01, 7.2998686964589892e+00,
       -9.8997835252080328e+00, -1.8272295396474885e+00,
       -1.3230680070887237e+00, -7.3762617089317517e-01,
       -1.3722510134904164e+02, -2.7879766900053632e+01,
       3.5481872127254917e+01, -1.1193492751831357e+01,
       -4.0772893012501825e+00, -2.6454366616592807e+01,
       -2.0503877147064644e+00, -2.7574164325859873e-01,
       -2.1376816955560431e+00, -1.3686565320689195e+02,
       -5.6383419111229422e+01, 3.9100546730990622e+01,
       2.9167769168417376e+01, -1.7329606029206321e+01,
       1.8132073829901707e+01, 7.8669609847416078e-01,
       1.2409620597890545e+00, -3.0430643888949488e-01,
       1.9078491421632486e+02, 1.3388139109557086e+01,
       -4.9571465956720502e+01, 1.3755801169566949e+01,
       -9.7032828930034434e+00, -6.7865064416558454e+00,
       1.0096587440491385e+00, -5.1365862598202106e-01,
       -9.2256613872489701e-01, -1.3335566154600821e+02,
       1.3101994112127781e+02, 1.0833331503723256e+01,
       -5.4116130586930417e+01, -2.5104239084975443e+01,
       -4.1881479229629344e+00, -2.9706428622162279e-01,
       -1.1582399796199634e+00, -5.8327885933462897e-01,
       -1.4477643023447747e+01, -1.8332274795185459e+01,
       -8.8444123235366785e+00, -1.3969768544771103e+01,
       -1.5963651394471379e+01, -1.4690914089305355e+01,
       3.6391473471694841e-01, -1.6326733622390783e+00,
       2.1234112585414349e+00, 1.2078009493209400e+02,
       -2.2888581138637165e+00, 5.3327911832647452e+01,
       -2.2027353154439904e+01, 1.0281687005810502e+01,
       4.4506102788841151e+00, 9.8209440915205826e-01,
       -9.7469499729711584e-01, -2.0555411611584173e-01,
       -1.9174124093666506e+02, 2.1681622704423351e+01,
       2.7783870085689269e+01, -3.6230867145995973e+01,
       2.5017063187683786e-01, -1.4442844636197046e+01,
       -8.7748509913180983e-01, -2.1925802307487294e-01,
       3.3686236283012176e+00, 1.1517065489863574e+01,
       -2.3493933157467839e+02, 9.6163580729966593e+00,
       7.7134809994002467e+01, -2.4493149129321603e+00,
       -2.9370603106981655e+01, -3.3811847511246889e+00,
       -1.2415398514861500e+00, 1.4898526063173245e-01,
       1.4157689153022801e+02, 2.5211607380805496e+01,
       -3.3672611570858479e+01, -1.0147044010603278e+01,
       -1.7649515804684086e+01, -1.0929873551580036e+01,
       -1.3308202069720783e+01, 9.6153782758203810e-01,
       8.3494784589270257e+00, 1.8634793666858382e+01,
       4.9172839026389859e+01, 1.3829141824190254e+00,
       -2.6894081218312348e+01, 1.3702136462687070e+01,
       -5.2128761158201442e+00, -7.3888021457290041e+00,
       2.2793127797647492e+00, 6.9418300552576486e+00,
       1.9277173563401715e+00, 9.0300132383287234e+01,
       -1.2221318700828446e+01, -4.2090115594124747e+01,
       1.2190255375127999e+01, -3.6199092883687558e+00,
       1.5018433972005081e+00, -1.6493750542155620e-02,
       -3.6679595019533179e-01, -1.6594276900194430e+02,
       -1.3418202142412639e+02, 5.0282049390839283e+01,
       4.6181442472860766e+01, -3.4880966417220279e+01,
       -9.9364293280752438e+00, -5.5029228751378021e+00,
       -1.2621044669100985e+00, -1.7391794057888701e-01,
       1.0165359737886818e+02, -4.6537232685626940e+01,
       -2.0791991179385999e+01, 3.6322266147506042e+01,
       -2.7436426505038224e+01, 2.2781151307159980e+01,
       1.1143635738716913e+00, 1.3273324938293811e+00,
       4.7799566107865654e-01, -1.5092853561543629e+02,
       -3.1763688274119225e+01, 3.6415754602566153e+01,
       3.4630645707062685e-01, 1.8988228625345114e+00,
       2.5783512696175155e+00, 6.4538097927294724e-01,
       1.0418210812881801e+00, -1.4093177268818673e+00,
       -8.1555056991146174e+01, 1.0228318460118491e+02,
       5.3600846724856916e+00, -5.1543976650473304e+01,
       3.8999612411567353e+00, 5.4890013185607316e+00,
       1.7125588665285645e+00, -5.0008572831255205e-03,
       -2.1902166110821397e-01, 1.0819080201363590e+02,
       3.6125245313467467e+01, -4.6860359802594388e+01,
       -3.2570652017568702e+00, -7.9531554757239578e+00,
       -5.2582825422503348e+00, -9.3508800946775883e-01,
       5.6653109196262730e-01, -6.4497947701399794e-01,
       2.3785654226897947e+01, 1.1597216939800081e+01,
       -1.3108482555431099e+01, -1.9258995012177926e-01,
       -1.0908640026678354e+01, -6.3211036292835621e+00,
       5.6136355780135379e-02, -1.8564705782946622e-01,
       -1.1222934557334918e+00, -1.7425416766310343e+02,
       4.9324910114155735e+01, 3.7045759574202307e+01,
       -3.0179438294532289e+01, -6.2522030277603378e+00,
       -7.0804320722346858e-01, 3.7475545019185763e-01,
       1.3269397374493532e+00, -9.0640643194827497e-01,
       -1.3860225807925115e+01, -5.3297562117923029e+01,
       -2.7787214281927859e+01, -3.2013032548827717e+01,
       2.3716286912819321e+01, 2.9414557005583419e+00,
       1.4258279853411335e+00, -1.0171460597018169e+00,
       -2.4321449144820301e-01, -1.3661845216380015e+00,
       -1.5717812667615519e+02, 2.4316468293697419e+01,
