%YAML:1.0
means: !!opencv-matrix
   rows: 27
   cols: 8
   dt: d
   data: [ -1.4913154105461152e+02, -4.6803441085305553e-01,
       3.7837989374295653e+01, 1.4175602713228676e+01,
       -6.2353724925240606e+00, 2.3144674278247461e+01,
       -1.1142853941379416e+00, 2.5360189175365750e+00,
       9.1000278834725961e+01, -4.1808941765667825e+01,
       -2.0587612639310855e+01, 2.4060870277343295e+01,
       -3.9565920287800433e+00, 1.2950730143921284e+01,
       -7.1133495812425540e+00, -2.6575390940275296e+00,
       -1.0919221382679166e+02, 2.6154044385559185e+01,
       3.1455284141614900e+01, -1.9255206793436411e+01,
       8.8684597135656418e+00, -1.4854334399557349e+01,
       2.2447800955002002e+00, -7.0593397055137563e-02,
       8.1545214180932618e+01, 1.5495755736903686e+01,
       -2.3785172564627857e+01, -3.2463710874570388e+01,
       -2.6491562679530091e+01, -1.9823065782432813e+01,
       9.2882898769257882e-01, -2.3333050384992848e+00,
       -5.3288461870009129e+00, 1.2958904420466439e+01,
       8.9532258841491998e+00, -4.4855519375165649e+00,
       7.4526586017791017e+00, -1.9442326349321679e+00,
       -3.1000804297951884e-01, 7.4050487753234107e-01,
       1.4477543247468267e+02, 1.6366491238305464e+01,
       -4.1032500603184644e+01, -1.2325614180275430e+00,
       -4.4544837018133121e+00, 1.3242478734427223e+01,
       -1.4066137558857610e+00, 1.6754115693599512e+00,
       -2.7395020540200548e+01, 5.8396829360997493e-01,
       1.0808499065291429e+01, 1.5079466546711453e+00,
       3.4647490140649786e+01, -2.9209427915705541e+00,
       -8.7262166539734931e-01, -7.5001262365461230e-01,
       3.0966986275465977e+01, -9.9539238517455047e+01,
       -1.0613512175803017e+01, 6.8240539496132655e+01,
       -4.2377350327083656e+00, -1.3494042881048500e+00,
       2.0841832468672261e+00, -4.0214770882028517e-01,
       -2.4981873200324616e+00, 5.2592694685302789e+01,
       1.3175773478999826e+01, -3.5566054315927154e+01,
       3.6887065083313757e+01, -1.2340645680181987e+01,
       2.6163866116423975e+00, 5.1797498605803705e-01,
       1.5415252812140485e+01, 1.5666114825974779e+02,
       -6.0548494322534485e-01, -8.6476771880524979e+01,
       1.5738284411599135e+01, 1.6344798556313940e+01,
       -4.3254525500635960e-01, 2.3405587285935567e+00,
       1.1718088707495730e+02, -3.9034975446738535e+01,
       -3.1814532157820224e+01, 3.5914025697500918e+01,
       -3.3843716870000247e+00, 1.3213405349119059e+01,
       1.7866592344501775e-01, 1.9277097327273760e+00,
       -1.9582702201529281e+02, 1.2763485465646491e+01,
       3.7941215917407895e+01, -5.5192551549570341e+00,
       -2.6311028078721108e+00, 7.1752121752398130e+00,
       -2.4245813196955095e+00, -6.4526878835497152e+00,
       1.5343329000907298e+01, 4.9555115244247062e+01,
       -2.0217811368560858e+00, -4.1945022920758987e+01,
       -2.0765514850972311e+00, -2.2994762157418219e+01,
       2.8056153924799148e+00, 1.4658743528774829e+00,
       8.9027364031585307e+01, 3.0924512065967498e+01,
       -2.2647548286446700e+01, -2.8927570117179290e+01,
       -6.8433127184522737e+00, -1.0240532399493603e+01,
       -1.1572513776615122e-01, -1.3927277615763961e-01,
       -1.4873172996166213e+02, -1.0396130269511110e+02,
       2.7420513709372834e+01, 6.6378018684409966e+01,
       -1.9881622034164117e+01, 8.0826574735321055e-01,
       -2.4570420047381702e-01, -1.4491217789270214e+00,
       1.5603922946142421e+02, 3.1604862958205096e+01,
       -4.0534062790801485e+01, -1.4949604957129795e+01,
       -1.1187599661168870e+01, 1.4372023404675491e+00,
       1.5924137972154497e+00, 2.2362111815184251e+00,
       1.3014416468867287e+02, 3.6775288953387615e+00,
       5.3603412242893192e+01, 7.4208999603232817e-01,
       1.6098088400519444e+01, 3.1061704277028950e+00,
       4.4700506693054287e-01, 1.6677258992617212e+00,
       -2.1201662421478201e+02, 4.4002790074351076e+01,
       4.6332964871078147e+01, -2.5872070804801787e+01,
       -1.8158561471218288e+01, 7.8139369172782480e+00,
       -1.3153118312124468e+00, 1.4221299750012373e+00,
       -4.5978695613222889e+01, -5.1465958574044947e+01,
       2.2677156062430690e+01, 4.0643732747802602e+01,
       1.6032912202818313e+01, -6.2738617903075520e+00,
       -3.4476615082829616e+00, -2.0178591666154224e+00,
       1.0387196777238741e+02, -4.1296394751267663e+01,
       -3.4032721010228805e+01, 2.3189775335199933e+01,
       -2.2293083985258164e+00, 1.2394918658801062e+01,
       -4.2782741629500565e-01, 1.2833164975210554e+00,
       -6.3783098924730744e+01, -8.5817265636026946e+01,
       1.5547686183944032e+01, 5.2687710179714230e+01,
       6.0154657355399008e+00, -3.9093068107659605e+00,
       2.0250303048198832e+00, -3.3173745007072558e-01,
       -1.6487716341866792e+02, 7.7631326837863227e+01,
       3.2530981793147632e+01, -5.3658098647595793e+01,
       -2.5037009578765012e+01, -3.5356258820085658e+00,
       -2.2185613633319834e+00, -3.7371600730171411e-01,
       5.2296303090483924e+01, -7.6934731877552167e+01,
       -1.8008195908848290e+01, 4.6784084145312839e+01,
       -1.4000855132527596e+01, 1.9113364313676142e+00,
       -4.8922437342208752e-01, -1.6784603478111903e-02,
       -1.7710070629148763e+02, -4.0048149483716685e+01,
       4.0264254881998482e+01, 2.8076080364234613e+01,
       -6.4942903710630713e+00, 7.5640842012693443e-01,
       7.9227640675151967e-01, 3.0979188580907840e-01,
       1.6534910381615700e+02, 1.8388624609291636e+01,
       -4.5329252013198570e+01, -1.9249346200469166e+01,
       -7.8200078572148897e+00, 1.2693836822167938e+01,
       -3.5318552418321553e-01, -1.2236388492026742e+00,
       2.1919992956955458e+01, 1.8237889762182469e+01,
       -2.9210917333732692e+01, 2.0078330360591443e+00,
       2.0550556848107554e+01, 4.1620254296184367e+00,
       1.0962452373137215e+00, 1.0344022129133910e+00,
       -2.0820538814446948e+02, 1.1940152406768426e+02,
       4.9402483988791957e+01, -5.5916774514984475e+01,
       -2.0584805984451485e+01, 3.4987984882141376e+01,
       -6.3523990081001216e+00, 3.0278930134380855e+00 ]
