%YAML:1.0
means: !!opencv-matrix
   rows: 7
   cols: 3
   dt: d
   data: [ -1.4562606079301983e+02, -5.3452339331550789e+01,
       2.1063630403588007e+01, 1.2549211427097993e+02,
       7.5131602588191253e+00, 1.2292861761378706e+01,
       -2.0410723159925266e+02, 4.8949542841780435e+01,
       3.6163483154344718e+01, 8.1098526911075055e+01,
       -1.7632731159884450e+01, 6.8083546599965246e+01,
       -3.2167682572101022e+01, 3.3186651904704320e+01,
       -6.9491179952172232e+01, 7.2832851139003708e+01,
       -1.1440411537977837e+01, -5.2291483631809541e+01,
       -3.3187945560182534e+01, -1.1950816817365984e+01,
       -1.2879350939850334e+00 ]
covs: !!opencv-matrix
   rows: 21
   cols: 3
   dt: d
   data: [ 4.2977329455721947e+03, 8.0856803133742233e+02,
       2.4129721107338901e+03, 8.0856803133742255e+02,
       8.5069391938612989e+03, 1.5688556527243452e+02,
       2.4129721107338901e+03, 1.5688556527243441e+02,
       1.8827934499105493e+03, 4.8722791403705460e+03,
       -3.6215086206365453e+02, 1.4569014104148573e+02,
       -3.6215086206365453e+02, 8.5265929912093216e+03,
       -1.1048863327263422e+01, 1.4569014104148576e+02,
       -1.1048863327263422e+01, 7.0687222448789748e+02,
       5.2169756125729709e+03, 8.2531757814866137e+02,
       2.8360303603795360e+03, 8.2531757814866137e+02,
       8.5922695804877039e+03, 1.2549720739122233e+02,
       2.8360303603795360e+03, 1.2549720739122237e+02,
       2.2118323731861178e+03, 1.0132077783321698e+04,
       1.3404584087042288e+03, -2.0100291293855030e+03,
       1.3404584087042288e+03, 9.6989710723542357e+03,
       -3.9501666710619894e-02, -2.0100291293855032e+03,
       -3.9501666710622114e-02, 7.1341443809972498e+02,
       5.1525732275614846e+03, 1.5613488641089387e+02,
       -1.1970458174154753e+03, 1.5613488641089393e+02,
       9.2445556190478637e+03, 6.6006054600453695e+02,
       -1.1970458174154753e+03, 6.6006054600453695e+02,
       9.1870548378681804e+02, 3.7483748921406618e+03,
       1.2610632394085069e+03, 8.0491332277630625e+02,
       1.2610632394085069e+03, 7.4905373980984905e+03,
       -4.1277546816247096e+01, 8.0491332277630625e+02,
       -4.1277546816247082e+01, 1.2896111881666909e+03,
       4.2626491748628096e+03, 1.5904595562805318e+03,
       1.6816257996400450e+03, 1.5904595562805318e+03,
       1.1044186354716483e+04, 7.2015320720978684e+02,
       1.6816257996400450e+03, 7.2015320720978684e+02,
       1.4603843814814850e+03 ]
weights: !!opencv-matrix
   rows: 1
   cols: 7
   dt: d
   data: [ 9.1499299255665273e-02, 1.7421183615065503e-01,
       1.2463249563573149e-01, 1.4746619793588686e-01,
       1.2207299924118310e-01, 1.9010750233340123e-01,
       1.5000966944745722e-01 ]
pca_proj: !!opencv-matrix
   rows: 3
   cols: 21
   dt: f
   data: [ 4.36961316e-02, 8.50134730e-01, 1.73015636e-04,
       6.54514134e-02, 4.60692108e-01, 2.29939164e-04, 7.67599978e-03,
       1.46649793e-01, -1.37564148e-05, 1.21663406e-03, 1.30500361e-01,
       -5.45994153e-05, 8.06188770e-03, 1.42052382e-01, -2.12945142e-05,
       -2.45414903e-05, 9.56867734e-06, -1.94090262e-06, 3.13729906e-05,
       4.34020360e-04, 2.32224409e-07, 7.68702388e-01, -5.10314330e-02,
       1.14127281e-04, 4.21110362e-01, -3.83849256e-02, 4.02935693e-05,
       2.81941950e-01, -1.35209868e-02, 1.95932400e-04, 2.66951323e-01,
       -4.70317341e-03, 2.29704310e-04, 2.76557714e-01, -1.55316098e-02,
       2.11025646e-04, -3.74769334e-05, 5.54774260e-06, -7.89335627e-06,
       8.86836962e-04, -5.85095040e-05, 1.91629806e-04, 1.28585771e-02,
       -3.46314937e-01, -1.22481215e-04, -4.01510373e-02, 1.58088982e-01,
       -1.45607672e-04, 1.89476740e-02, 5.27356327e-01, 2.33430081e-04,
       1.79703757e-02, 5.36674440e-01, 2.90960423e-04, 1.17339585e-02,
       5.35117626e-01, 2.47836346e-04, -7.02231409e-06, -3.17391914e-06,
       2.59759432e-08, 1.54912759e-05, 1.72088097e-03, 2.08691781e-04 ]
pca_mean: !!opencv-matrix
   rows: 1
   cols: 21
   dt: f
   data: [ 2.07625534e+02, 2.55653595e+02, 1.54502928e+00,
       2.18915131e+02, 2.60592743e+02, 1.67241716e+00, 2.65274475e+02,
       2.24016678e+02, 1.71669352e+00, 3.19420807e+02, 1.63929108e+02,
       1.75046074e+00, 3.16613464e+02, 2.25532654e+02, 1.70717156e+00,
       1.08872897e-04, -9.74175637e-05, 6.24380555e-05, -2.17504916e-04,
       -2.50119597e-01, 1.75055194e+00 ]
gamma: !!opencv-matrix
   rows: 7
   cols: 1
   dt: d
   data: [ 9.1699645009333353e-01, 8.6415380779441919e-01,
       9.3197154743609290e-01, 8.1552921205446138e-01,
       8.2875359333813148e-01, 8.9816964373561436e-01,
       9.0425778171512528e-01 ]
