%YAML:1.0
means: !!opencv-matrix
   rows: 15
   cols: 3
   dt: d
   data: [ -9.6349298193094754e+01, -4.7033858063018819e+01,
       5.7379906163194192e+01, 1.1855635981993410e+02,
       -4.7715832776455692e+01, -9.0540067653289658e+00,
       2.1500480378979475e+01, 8.0236580704979630e+01,
       2.7307978635949532e+01, -8.7421646058411696e+01,
       9.6265453891285318e+01, -4.9446542811380922e+01,
       -2.1073505691727846e+02, -1.9530574812388231e+01,
       -1.6939728379643675e+01, 4.1672669325276900e+01,
       7.2130143367499059e+01, -7.7038938429047334e+01,
       3.1022295742808705e+01, -2.4934646956235010e+01,
       3.3631926596109103e+01, -8.3501329095399640e+01,
       -1.3686155015035217e+02, -5.0217593589869196e+01,
       1.3011961535588807e+02, -1.4100436055919692e+01,
       6.0532399278226265e+01, 1.5703829235776592e+01,
       -1.4199693587881072e+02, 1.3470181517013849e+01,
       1.3910294786040731e+02, 7.8923462164004661e+01,
       -1.6203158046124515e+00, 2.5761260365825144e+01,
       -4.6249172305594314e+01, -7.7534189244661121e+01,
       -1.3499159633267109e+02, 4.8318878157303644e+01,
       8.7701663809415962e+01, -2.3576969471300362e+02,
       5.5907432606555943e+01, 1.6858184489833810e+01,
       -6.7204675458236181e+01, -4.1140016360711105e+00,
       -2.8627343679762760e+01 ]
covs: !!opencv-matrix
   rows: 45
   cols: 3
   dt: d
   data: [ 2.6528471891540912e+03, 9.2863323319589040e+02,
       1.2055005024707025e+03, 9.2863323319589040e+02,
       9.1902784846014529e+03, -6.4523499499857095e+01,
       1.2055005024707027e+03, -6.4523499499857081e+01,
       1.0214686814336327e+03, 3.6021366687544050e+03,
       -5.7952744588267046e+02, 6.2269588906181809e+02,
       -5.7952744588267046e+02, 3.6378469864552471e+03,
       -1.5971180774810850e+02, 6.2269588906181832e+02,
       -1.5971180774810853e+02, 1.0228166968580009e+03,
       2.6326567385934572e+03, 4.7652146170213354e+02,
       1.3818949148824497e+03, 4.7652146170213365e+02,
       7.2556047879963025e+03, -3.3717395485285941e+01,
       1.3818949148824497e+03, -3.3717395485285955e+01,
       1.1552071294894254e+03, 3.3020556173784444e+03,
       2.3539888696069825e+03, 2.1686585544100765e+01,
       2.3539888696069825e+03, 7.5515287008416899e+03,
       -6.7193448525341850e+01, 2.1686585544100769e+01,
       -6.7193448525341836e+01, 3.9588331772092681e+02,
       3.9267003553060404e+03, 9.3682097544792157e+01,
       6.0725488907475187e+02, 9.3682097544792100e+01,
       9.6671275162315051e+03, 2.7158316585026756e+02,
       6.0725488907475187e+02, 2.7158316585026756e+02,
       4.9072629162113094e+02, 2.7457391197112356e+03,
       1.6016975641662725e+02, 4.6259478426206783e+01,
       1.6016975641662722e+02, 2.6859425630900582e+03,
       1.8840633005896478e+01, 4.6259478426206798e+01,
       1.8840633005896468e+01, 8.2998857897828123e+02,
       4.1234929905509416e+03, -3.7999272593160390e+02,
       -2.6828965889238134e+02, -3.7999272593160379e+02,
       4.9841727692114655e+03, 1.0005745123742228e+02,
       -2.6828965889238134e+02, 1.0005745123742228e+02,
       9.1996507072171244e+02, 5.5184191542316767e+03,
       -8.5786446858223371e+01, -5.5304913295738629e+02,
       -8.5786446858223428e+01, 3.4193405590986663e+03,
       5.0067564095138937e+02, -5.5304913295738640e+02,
       5.0067564095138920e+02, 9.7363267848974795e+02,
       6.6010235581807055e+03, 9.4155094419507077e+02,
       -1.6430818703006771e+03, 9.4155094419507043e+02,
       8.9236493919336808e+03, -4.3269221473681817e+01,
       -1.6430818703006771e+03, -4.3269221473681839e+01,
       6.3604661623944889e+02, 3.9874186551961152e+03,
       -2.4903796728682261e+02, -1.1511883800605008e+02,
       -2.4903796728682266e+02, 3.3357320470633490e+03,
       -8.5735263849898672e+01, -1.1511883800605011e+02,
       -8.5735263849898701e+01, 1.6315080691461876e+03,
       3.4959337636082123e+03, -5.6423803531192573e+02,
       4.1297375347673415e+02, -5.6423803531192573e+02,
       2.9205733289258337e+03, 5.6410856538509321e+01,
       4.1297375347673415e+02, 5.6410856538509307e+01,
       1.0105268131474087e+03, 3.0500034548106214e+03,
       7.6027241075374539e+00, -4.0771398072949324e+01,
       7.6027241075374423e+00, 3.0765565656055037e+03,
       2.5233735561713604e+02, -4.0771398072949331e+01,
       2.5233735561713604e+02, 8.2086428172520186e+02,
       2.1638442116660599e+03, 5.5697598681113766e+02,
       6.4748142039515767e+02, 5.5697598681113766e+02,
       8.5221573491168001e+03, -1.0991847940873171e+02,
       6.4748142039515778e+02, -1.0991847940873171e+02,
       6.5984510039912857e+02, 3.2213965985106975e+03,
       3.8762752051976186e+01, 1.2876889045282992e+03,
       3.8762752051976157e+01, 8.4373175672428169e+03,
       -5.6823774828182297e+02, 1.2876889045282992e+03,
       -5.6823774828182297e+02, 9.5115857292742476e+02,
       1.9357401929997291e+03, 7.1823850503500285e+02,
       6.3039418529602426e+02, 7.1823850503500285e+02,
       5.8228787716948027e+03, 3.7183885900705366e+02,
       6.3039418529602426e+02, 3.7183885900705366e+02,
       8.0807472340145216e+02 ]
weights: !!opencv-matrix
   rows: 1
   cols: 15
   dt: d
   data: [ 6.2962880111891675e-02, 1.1375085538292137e-01,
       5.1365186262059055e-02, 3.6112383086508902e-02,
       6.6924473224631950e-02, 7.8894493188853096e-02,
       6.6852484489389810e-02, 2.8927495463915574e-02,
       1.0727571438409453e-01, 3.7810155834322901e-02,
       9.4653335581162762e-02, 8.8664163451724010e-02,
       5.5686231354669401e-02, 5.5146852593693452e-02,
       5.4973295590139928e-02 ]
pca_proj: !!opencv-matrix
   rows: 3
   cols: 21
   dt: f
   data: [ 4.36961316e-02, 8.50134730e-01, 1.73015636e-04,
       6.54514134e-02, 4.60692108e-01, 2.29939164e-04, 7.67599978e-03,
       1.46649793e-01, -1.37564148e-05, 1.21663406e-03, 1.30500361e-01,
       -5.45994153e-05, 8.06188770e-03, 1.42052382e-01, -2.12945142e-05,
       -2.45414903e-05, 9.56867734e-06, -1.94090262e-06, 3.13729906e-05,
       4.34020360e-04, 2.32224409e-07, 7.68702388e-01, -5.10314330e-02,
       1.14127281e-04, 4.21110362e-01, -3.83849256e-02, 4.02935693e-05,
       2.81941950e-01, -1.35209868e-02, 1.95932400e-04, 2.66951323e-01,
       -4.70317341e-03, 2.29704310e-04, 2.76557714e-01, -1.55316098e-02,
       2.11025646e-04, -3.74769334e-05, 5.54774260e-06, -7.89335627e-06,
       8.86836962e-04, -5.85095040e-05, 1.91629806e-04, 1.28585771e-02,
       -3.46314937e-01, -1.22481215e-04, -4.01510373e-02, 1.58088982e-01,
       -1.45607672e-04, 1.89476740e-02, 5.27356327e-01, 2.33430081e-04,
       1.79703757e-02, 5.36674440e-01, 2.90960423e-04, 1.17339585e-02,
       5.35117626e-01, 2.47836346e-04, -7.02231409e-06, -3.17391914e-06,
       2.59759432e-08, 1.54912759e-05, 1.72088097e-03, 2.08691781e-04 ]
pca_mean: !!opencv-matrix
   rows: 1
   cols: 21
   dt: f
   data: [ 2.07625534e+02, 2.55653595e+02, 1.54502928e+00,
       2.18915131e+02, 2.60592743e+02, 1.67241716e+00, 2.65274475e+02,
       2.24016678e+02, 1.71669352e+00, 3.19420807e+02, 1.63929108e+02,
       1.75046074e+00, 3.16613464e+02, 2.25532654e+02, 1.70717156e+00,
       1.08872897e-04, -9.74175637e-05, 6.24380555e-05, -2.17504916e-04,
       -2.50119597e-01, 1.75055194e+00 ]
gamma: !!opencv-matrix
   rows: 15
   cols: 1
   dt: d
   data: [ 9.0522628733241572e-01, 8.6587930577005301e-01,
       8.8332829208361818e-01, 8.3798396491582128e-01,
       8.6807522513345592e-01, 8.4638239059744558e-01,
       8.4460694930810676e-01, 8.4657653396272459e-01,
       8.0803185778453901e-01, 8.6721822117404712e-01,
       8.6220257884531226e-01, 8.4231005297844164e-01,
       9.0459896181493116e-01, 9.1638482104884411e-01,
       8.6102783313550391e-01 ]
