%YAML:1.0
means: !!opencv-matrix
   rows: 48
   cols: 1
   dt: d
   data: [ 7.2786554365507357e+01, -9.7062081493289753e+01,
       -1.9345410935983290e+02, 1.9492111848760794e+02,
       -1.2642194223004275e+01, 1.5207894707767460e+02,
       -3.5575418384014500e+02, -6.5507177190712540e+01,
       2.2657010877447536e+02, -2.5363374883988914e+02,
       7.4965850548629351e+00, 1.1712175022325805e+02,
       3.9935250788309581e+01, -1.4906784486918690e+02,
       -3.0778439551097705e+02, 2.6560014355652947e+02,
       -3.2039806293540124e+01, -2.2170165674318969e+02,
       8.3602764657267002e+01, -1.2210895233358296e+02,
       1.7932785367685167e+02, 5.1032309653724383e+01,
       1.3976529052783641e+02, 1.2818129651631403e+02,
       -8.5977284844594578e+01, 9.4407746995111296e+01,
       2.7951927529813190e+01, 2.8854265878963975e+02,
       -2.8587573323470059e+02, -1.6295568694872154e+02,
       -4.2992515029726967e+01, -2.3780233409160149e+02,
       -5.4580937814913909e+01, -3.3057900514092887e+02,
       -1.7871059476612032e+02, 2.4555499614678308e+02,
       -2.2309633031672035e+01, 6.2218904126506025e+01,
       1.0551894654216071e+02, -1.3538593820797183e+02,
       1.6518565830589208e+02, 2.1281524442481114e+02,
       -2.0709130218222788e+02, -1.0963403358410176e+02,
       -7.5782359583866139e+01, 1.7155855314909918e+01,
       -2.5726542988733874e+00, -2.6847849353395446e+02 ]
covs: !!opencv-matrix
   rows: 48
   cols: 1
   dt: d
   data: [ 2.5157398704843565e+01, 3.3834575951438978e+01,
       4.4082274617382552e+01, 5.9196325346933136e+01,
       2.3586122702046179e+01, 3.2400215106778191e+01,
       4.8680156116352606e+02, 2.8426893922155529e+01,
       1.0142067985976675e+02, 6.2183653798022803e+01,
       2.5478617522824159e+01, 2.9262819050595116e+01,
       3.0422780471646007e+01, 4.1928338902664478e+01,
       1.1890369644904659e+02, 1.5892635928813198e+02,
       2.3847871938469879e+01, 4.4951999247761897e+01,
       2.4764056243267394e+01, 4.0475609574016893e+01,
       4.8310838291152301e+01, 2.9245356349036289e+01,
       3.0542828734855952e+01, 3.0750976597918520e+01,
       3.5038727599965050e+01, 2.4810296995523391e+01,
       2.8611576745709080e+01, 4.0206131733585175e+02,
       7.4022603712005136e+01, 4.4797317554917271e+01,
       2.6083903456188168e+01, 5.1576015579120259e+01,
       2.7057392373253688e+01, 2.1771165027953077e+02,
       4.7959086030503627e+01, 9.9128180601761855e+01,
       2.5195932905620381e+01, 2.7747581291940996e+01,
       2.6543064282058392e+01, 4.2533997155643569e+01,
       3.9631718176841396e+01, 8.4153568965509407e+01,
       3.9174621144966473e+01, 3.6589428598181662e+01,
       3.1533450368322526e+01, 2.7407323694634471e+01,
       2.4029843926979201e+01, 6.6261208281829695e+01 ]
weights: !!opencv-matrix
   rows: 1
   cols: 48
   dt: d
   data: [ 3.1945707694207050e-02, 2.3086413294624537e-02,
       1.5912163719036358e-02, 2.0883683411299241e-02,
       2.6798732584827234e-02, 2.5450613595101475e-02,
       2.6348248033574752e-03, 2.2977890995617912e-02,
       1.0741195572985961e-02, 1.1139360679525331e-02,
       2.7762025553319233e-02, 2.9466146917186454e-02,
       3.4726039328278890e-02, 2.0059698875743517e-02,
       7.4082755463620161e-03, 4.9685268245101156e-03,
       2.4158028157040278e-02, 1.5745959419499991e-02,
       3.1565267926645470e-02, 2.1297136973169675e-02,
       2.2065734701575350e-02, 3.3943617742028656e-02,
       2.5253770971459581e-02, 2.5431325790660046e-02,
       2.1248886712708689e-02, 3.1685976489350655e-02,
       3.2660114603090311e-02, 4.3892320828753549e-03,
       9.1974342481786157e-03, 1.9385222723290272e-02,
       2.5758567622287884e-02, 1.3348768401556596e-02,
       2.3859987312409701e-02, 4.0377634316737824e-03,
       1.9215382652098083e-02, 8.7894503674968340e-03,
       2.4889015435547463e-02, 3.3099669135093782e-02,
       3.1660188764916261e-02, 2.2132589760401739e-02,
       2.4203678271560582e-02, 1.3105387863761902e-02,
       1.3944981841634172e-02, 2.3298332705026206e-02,
       2.0211743078759375e-02, 2.8396849811503550e-02,
       2.6507882248721124e-02, 9.5507533579870744e-03 ]
pca_proj: !!opencv-matrix
   rows: 1
   cols: 21
   dt: f
   data: [ 4.36961316e-02, 8.50134730e-01, 1.73015636e-04,
       6.54514134e-02, 4.60692108e-01, 2.29939164e-04, 7.67599978e-03,
       1.46649793e-01, -1.37564148e-05, 1.21663406e-03, 1.30500361e-01,
       -5.45994153e-05, 8.06188770e-03, 1.42052382e-01, -2.12945142e-05,
       -2.45414903e-05, 9.56867734e-06, -1.94090262e-06, 3.13729906e-05,
       4.34020360e-04, 2.32224409e-07 ]
pca_mean: !!opencv-matrix
   rows: 1
   cols: 21
   dt: f
   data: [ 2.07625534e+02, 2.55653595e+02, 1.54502928e+00,
       2.18915131e+02, 2.60592743e+02, 1.67241716e+00, 2.65274475e+02,
       2.24016678e+02, 1.71669352e+00, 3.19420807e+02, 1.63929108e+02,
       1.75046074e+00, 3.16613464e+02, 2.25532654e+02, 1.70717156e+00,
       1.08872897e-04, -9.74175637e-05, 6.24380555e-05, -2.17504916e-04,
       -2.50119597e-01, 1.75055194e+00 ]
gamma: !!opencv-matrix
   rows: 48
   cols: 1
   dt: d
   data: [ 7.9660188604329696e-01, 8.1045039231765714e-01,
       8.6326657161471032e-01, 8.6484782045952335e-01,
       7.7158546535336292e-01, 8.4356604818705239e-01,
       9.1572717625146083e-01, 7.9162573479952125e-01,
       8.7816633269205768e-01, 8.8667188233973293e-01,
       7.7124826722463569e-01, 8.2355491459354679e-01,
       7.7996741699064198e-01, 8.4121787053616204e-01,
       9.0277602199448814e-01, 8.9187687364773482e-01,
       7.7618830322333221e-01, 8.7505268465569075e-01,
       8.0302050792274859e-01, 8.2579121724497440e-01,
       8.5758288752768108e-01, 7.8494772679754343e-01,
       8.3676893129458085e-01, 8.3013478359223114e-01,
       8.0373124943823371e-01, 8.0960876116149094e-01,
       7.7555985469135214e-01, 9.0037959250370336e-01,
       8.9660190440901566e-01, 8.4862598105685993e-01,
       7.8042005368450684e-01, 8.8112623963249193e-01,
       7.8582194691432183e-01, 9.0886233737890043e-01,
       8.5650050021361068e-01, 8.8488311560674127e-01,
       7.7344627170219793e-01, 7.9070372014925805e-01,
       8.1646040375862694e-01, 8.3358228001482726e-01,
       8.5051941669631248e-01, 8.7266109781404033e-01,
       8.6909633502903294e-01, 8.1819822930341191e-01,
       7.9756741699201983e-01, 7.7274949321689923e-01,
       7.7082009464959100e-01, 8.9142937499813901e-01 ]
