%YAML:1.0
means: !!opencv-matrix
   rows: 9
   cols: 16
   dt: d
   data: [ 6.5285412037725536e+01, -2.2209200082323324e+01,
       -1.3711296502441128e+01, 1.7512100465026453e+01,
       7.3258371069440855e+00, 3.8190560061040406e+00,
       5.4118650445544869e-01, 5.6710882246765171e-01,
       2.7949947537464498e-01, -7.6393743121076538e-02,
       9.2517030245653428e-03, 1.3163128058889275e-02,
       7.6703648316554240e-03, 4.5590063844158568e-03,
       1.8764422762768802e-02, -1.4287657548741560e-03,
       -6.4513487557415942e+01, 5.8928021599698015e+00,
       2.2937710972435596e+01, -4.0490648692333160e+00,
       2.0562996288839571e+01, -1.1471648749739442e+01,
       2.3871538631102931e+00, 4.4932270777227146e-01,
       2.7606826429888315e-01, 6.8350314208980023e-02,
       3.3993791695077012e-02, -6.5484858658903600e-03,
       -1.2304462991134311e-04, -4.5250666837907683e-03,
       -1.6402248393650370e-02, 1.3374173234328504e-03,
       6.8869000536878261e+01, -4.0355757511288417e+01,
       -1.6397802962817668e+01, 3.3964047623803303e+01,
       -1.1617223341404117e+00, 5.7747471934541466e+00,
       -6.0612999588865843e+00, -1.6725012302895086e+00,
       -2.7197378669948207e+00, 1.0670870445995162e+00,
       1.0006352719819644e-01, 3.3748327289435255e-02,
       -3.3528692363117125e-02, 1.4474704901630477e-02,
       -2.4001666247040306e-02, -1.7546904586194012e-02,
       3.7688869969908412e+00, 1.0738180786639622e+02,
       6.2293556617052852e+00, -6.3655807003304233e+01,
       1.3993329738157062e+01, 4.4537895330063000e+00,
       -1.7728570815224494e+00, 7.0177555627423349e-01,
       -8.1919224659490264e-01, -9.2752935684201410e-01,
       -1.5311453535340758e-01, 2.7276004780703829e-03,
       -1.4079270029411386e-02, -2.1166069153991118e-02,
       -4.4656481504163396e-02, 1.3869014393774248e-02,
       1.5860634515308689e+02, 1.8656532390475686e+01,
       -4.4338438264933160e+01, -1.5564536191524315e+01,
       -6.3996232739011285e+00, 1.2952953227867159e+01,
       -1.0267611540895361e+00, -2.6323568271300340e-01,
       -5.3783637864565283e-02, -5.9718506496534998e-02,
       4.0026061911511167e-02, -7.3970614860980180e-02,
       -8.2337545525104205e-03, -2.2217156373606668e-02,
       -2.5190114605185755e-02, 5.9944191856172212e-03,
       -1.9425311275267154e+02, 7.1474617690018277e+01,
       4.0087123645771491e+01, -4.0812652769943462e+01,
       -1.8425192375939258e+01, 7.8955229364555342e+00,
       -2.5350507073705715e+00, 4.1107675112783748e-01,
       1.3940427300525063e-01, 1.5301422829082142e-01,
       8.6720813152617020e-03, -6.1065837026631235e-03,
       1.3478622316482744e-03, 5.2451874019680466e-03,
       1.4361832999814339e-02, -7.1310693783969287e-03,
       -1.5847006398470481e+02, -5.8660228872557525e+01,
       3.3088606309442817e+01, 4.0669329654823741e+01,
       -1.1672807672123197e+01, 6.1687209151020399e+00,
       -2.1820782978799250e-01, -4.8484521619878490e-01,
       3.7740351025052649e-01, -1.3290231905801786e-01,
       -2.6869959204843596e-02, -1.1663182746332615e-02,
       2.3176243543586808e-03, -5.2853494120335799e-03,
       -3.2467684256805743e-03, 2.5324270312679846e-03,
       2.4241998291630690e+01, -4.4630252654595246e+00,
       -8.2892184888775073e+00, 1.2563694175034377e+00,
       -4.0039100758817634e+00, -5.7159400262700473e+00,
       1.1334602130373410e+00, 5.4646907267109668e-01,
       -4.4991151306464955e-01, 2.7660297574257980e-01,
       -2.1898748909562232e-01, 2.9061258334097936e-02,
       -1.3564989753271756e-03, 1.2140320664305492e-02,
       -1.3994321429413530e-02, -4.0561607605042183e-03,
       8.1813848306004161e+01, 1.5350598591860914e+01,
       -2.4058440445575336e+01, -3.2265519423515563e+01,
       -2.6512122759591385e+01, -1.9593564968992720e+01,
       8.9490421296177713e-01, -2.3378512662505981e+00,
       2.1386549528929122e-01, -3.9675388305168834e-02,
       1.0589665622767189e-01, -4.9165017643857251e-03,
       8.2590447476960647e-04, 2.7857557607362956e-03,
       1.5009253958998499e-02, 7.3200228501551050e-03 ]
