%YAML:1.0
means: !!opencv-matrix
   rows: 24
   cols: 1
   dt: d
   data: [ 1.8294227684544115e+01, -2.9342584336528677e+02,
       1.1358470050711583e+02, -1.1686972216984040e+02,
       2.8912826437983227e+02, -6.8637217430649244e+01,
       1.6313723295395437e+02, -1.9955975634020777e+02,
       9.0193519106808125e+01, -2.4802832823434869e+01,
       -1.7045205083640153e+02, 2.5081776562614098e+02,
       6.5784429781460858e+01, -9.1991873664068081e+01,
       -2.6304921034385580e+02, 1.3742809211712500e+02,
       -2.7725884329489716e+00, -3.2573144958025284e+02,
       -1.4232372092661606e+02, 1.8923650704332707e+02,
       -2.2971577345495930e+02, 2.1736371811773154e+02,
       4.1775502716967104e+01, -4.6511185134446073e+01 ]
covs: !!opencv-matrix
   rows: 24
   cols: 1
   dt: d
   data: [ 1.2401806643459250e+02, 5.1623271671008797e+02,
       1.5717390039101332e+02, 1.6237195808421330e+02,
       1.0832074492820466e+03, 1.2048929170597827e+02,
       1.4619184116235684e+02, 1.7568457338816856e+02,
       1.5410397792945642e+02, 1.1915259680301251e+02,
       1.8996062364446647e+02, 5.9658902491312904e+02,
       1.4495836355432394e+02, 1.3135284976461278e+02,
       2.8384481778604140e+02, 1.5505293153787034e+02,
       1.2101975077876570e+02, 9.0408346977518079e+02,
       1.8806426154185155e+02, 1.8733125997093691e+02,
       1.8409221003595394e+02, 3.1533842087543826e+02,
       1.3400804602739893e+02, 1.1947058440512737e+02 ]
weights: !!opencv-matrix
   rows: 1
   cols: 24
   dt: d
   data: [ 6.2804480413903671e-02, 1.2895659031291654e-02,
       5.9467304769473144e-02, 4.7034059009179993e-02,
       1.1724039319366110e-02, 5.2756758110834683e-02,
       4.0468888580867342e-02, 3.1355428500618572e-02,
       6.5127663618809686e-02, 5.5764827448408889e-02,
       3.4851517764201055e-02, 1.8438300914603075e-02,
       7.0163409031072224e-02, 5.5731724314577166e-02,
       1.9684298177213594e-02, 4.8189652862687830e-02,
       5.9133946376513889e-02, 7.6661326053457171e-03,
       4.0771217422043489e-02, 3.1189376294620152e-02,
       2.6464317512415871e-02, 2.5037345431626685e-02,
       6.8944176225971335e-02, 5.4335476264338781e-02 ]
pca_proj: !!opencv-matrix
   rows: 1
   cols: 21
   dt: f
   data: [ 1.02604255e-02, 8.46533298e-01, 5.67100069e-05,
       -5.08859605e-02, 4.68450844e-01, 1.89823491e-04, -5.55210514e-03,
       1.46431834e-01, -1.98076777e-05, -7.31809530e-03, 1.34976640e-01,
       -4.80776835e-05, -6.69380091e-03, 1.46460637e-01, -1.57161594e-05,
       2.11501210e-05, 1.32904761e-05, -3.16381829e-07, -1.62182951e-05,
       4.47223283e-04, 4.04881848e-06 ]
pca_mean: !!opencv-matrix
   rows: 1
   cols: 21
   dt: f
   data: [ 4.33646118e+02, 2.44701981e+02, 1.49672687e+00,
       4.18191803e+02, 2.60206879e+02, 1.62062907e+00, 3.68545319e+02,
       2.27059875e+02, 1.69770968e+00, 3.19420807e+02, 1.63929108e+02,
       1.75046074e+00, 3.16613464e+02, 2.25532654e+02, 1.70717156e+00,
       1.08872897e-04, -9.74175637e-05, 6.24380555e-05, -2.17504916e-04,
       -2.50119597e-01, 1.75055194e+00 ]
gamma: !!opencv-matrix
   rows: 24
   cols: 1
   dt: d
   data: [ 7.6755965726134656e-01, 8.9747767116384614e-01,
       8.1662770394142248e-01, 8.1810724481955865e-01,
       9.0086279621915000e-01, 7.8801983804318754e-01,
       8.4451660632694037e-01, 8.6186738613724612e-01,
       8.0227436610205505e-01, 7.6870619929167550e-01,
       8.4840504330767308e-01, 8.8605968582777106e-01,
       7.8766873873649801e-01, 8.0219316715969891e-01,
       8.8677460752261594e-01, 8.3064864575428576e-01,
       7.6549954322555180e-01, 9.0790808114451571e-01,
       8.3344556065761743e-01, 8.5785178615364999e-01,
       8.7425985020251828e-01, 8.7135247089407430e-01,
       7.7542734205106922e-01, 7.7660779425532400e-01 ]
