%YAML:1.0
means: !!opencv-matrix
   rows: 39
   cols: 4
   dt: d
   data: [ -9.0948248654408506e+00, 7.6218984963357812e+01,
       8.7673185743428746e+01, 8.5746027798911584e+00,
       2.5741487822361339e+01, 1.2577789262471338e+01,
       -6.2716598800588670e+01, -5.1353455074219582e+01,
       -2.1454284398196694e+02, -1.2201051571020511e+02,
       -2.8229481769859877e+01, 5.0227483706980415e+01,
       1.6027937792353765e+02, 2.6416717361546503e+01,
       -4.1564229347966808e+01, -1.0102213421158115e+01,
       1.9027330077547859e+01, -1.2662464463811280e+02,
       -5.4533141544647187e+01, 1.3291379144011652e+01,
       4.3492379943334036e+01, 8.7517348990782310e+01,
       3.7607615949684046e+01, 5.4765384579567860e+00,
       -7.1867311245935355e+01, 5.4305244739073473e+01,
       -4.3850317023610245e+01, 2.0759456403491602e-01,
       1.8184983653948515e+02, 5.3513376874029177e+01,
       3.3682697897066582e+01, 6.6083448871786828e+01,
       -9.0654075715283767e+01, -7.8586200453039496e+01,
       -4.3495871306952900e+01, -3.5584638553934738e+01,
       -1.8132298089336084e+02, 1.4948840762197136e+02,
       4.1084737533814113e+01, -2.1108849912379583e+01,
       -7.2918499151745038e+01, -7.3441397700935511e+01,
       4.2405721962479014e+01, 5.9563961029514964e+01,
       8.8888940132730085e+01, -5.1583504875431132e+01,
       7.5816562805846658e+01, -1.6474754380402810e+01,
       -5.9740577878594525e+00, 1.1724754271797556e+02,
       -2.5738569151658566e+00, 4.0573675353492781e+01,
       -1.3030000879956094e+02, 8.8391003523058600e+01,
       1.6282605105152619e+01, 1.1947483216633470e+01,
       5.7208449667013369e+01, -1.5921325440124426e+02,
       2.0909472375545239e+01, -3.6414475562419839e+00,
       -1.9335535882725884e+02, -8.1757326066092247e+01,
       3.2595370207348303e+01, -1.0305562957723318e+01,
       1.0929923074165985e+02, 9.7428165688116920e+01,
       -4.2551696993932012e+01, 4.7658163513652468e+01,
       -1.2602139065274577e+02, -1.5826646951233563e+01,
       3.5630958751748722e+01, -5.4961947613747583e+01,
       2.0602159890796310e+02, 2.1182340845579848e+01,
       4.3433373721739116e+01, -8.5013527520555598e+00,
       1.5132933867077554e+02, 8.6667233334197022e+01,
       2.3163090445307208e+01, -1.8195145817273028e+00,
       1.4122823464146239e+02, -5.1500647976765762e+01,
       1.9398122712936527e+01, -6.9362868147669772e+01,
       1.0910788878106023e+02, -9.3981571318248072e+01,
       -4.7836679077545192e+01, -2.6888033609191616e+01,
       -8.5648857907833928e+01, -6.0677840171768430e+01,
       1.0388609135059446e+02, -2.8238367010798001e+01,
       -1.8123541420951753e+02, 1.7055275785868275e+01,
       1.7660306424454781e+01, 6.5645148223164682e+01,
       7.3684607291147501e+01, 1.1148179434289807e+01,
       -2.7873754517041871e+01, -3.4731640544722303e+01,
       2.4114107005450975e+01, -6.2547347641160322e+01,
       2.5689953330670974e+01, 7.0303333582873577e+01,
       1.6501785331304863e+01, -2.7747340521463677e+01,
       2.3054596119452768e+01, -3.8917719824786566e+01,
       -7.3794010679251954e+01, 1.4877486188336576e+01,
       9.4359525515385585e+01, 6.3137589223743120e+01,
       3.0784007668601017e+01, -1.1874689197999375e+01,
       -7.8846032555993574e+01, 3.7807946329820282e+01,
       1.6743720796976589e+02, -1.1536605519606455e+02,
       3.0482334211602790e+01, 4.0717162751421929e+00,
       -2.7573772640704158e+02, 1.3759521979509424e+02,
       -1.4020863652823268e+01, 4.2645092465955781e+00,
       2.6713558749628913e+01, 1.4662899419743576e+02,
       -2.2355225147023203e+00, -8.8847404745294583e+01,
       -9.4631077994932909e+01, -9.0675910240833115e+00,
       -4.4040510002964893e+01, 8.3317657675691905e+01,
       1.2506213891036619e+02, -1.0180763719871795e+01,
       -3.9262776002481004e+00, 3.9370715743997103e+01,
       -1.8230798909989846e+02, 5.6102277362908453e+01,
       6.1337379639646585e+01, -3.5695257743428549e+01,
       -2.7554499722204787e+02, -6.7240332951475743e+00,
       -2.1620163831127158e+01, -3.8026785779498169e+01,
       -1.0351324282329782e+02, -1.5073630502438337e+02,
       5.8695742407230476e+01, 2.3888526651000511e+01,
       3.6172288076098035e+01, 1.0301035149476981e+02,
       -9.2807568237057779e+01, 9.5644334047134727e+00,
       -1.1205873155583595e+02, -1.2704915423501555e+02,
       -6.4383950375766162e+01, 4.3419077956623667e+01 ]
