%YAML:1.0
means: !!opencv-matrix
   rows: 14
   cols: 2
   dt: d
   data: [ 1.7673253504319547e+02, -5.0989891779565447e+01,
       -1.0433218683362111e+02, -7.4635268226929314e+00,
       1.6226884373368989e+01, 5.5485651116201289e+01,
       -2.3491328618928421e+02, -1.1461848597380955e+01,
       -1.6507632413827835e+02, -1.1641876061285517e+02,
       7.8642353749253118e+01, -1.1472798336182966e+02,
       1.7826907686119620e+02, 8.7438402016755788e+01,
       8.6356319180996493e+01, -3.3106851294845370e+01,
       -2.1353471780980573e+02, 1.1204459341683724e+02,
       -4.7780281470815765e+01, -1.3224713010337041e+02,
       1.1660260290369682e+02, 5.6155805479838151e+01,
       -7.9043051352675405e+01, 1.0977161943353167e+02,
       6.8801377698619845e+01, 9.6032976818511386e+01,
       -3.6291581626606222e+00, -4.5042249783163342e+01 ]
covs: !!opencv-matrix
   rows: 28
   cols: 2
   dt: d
   data: [ 2.7305452989903606e+03, 1.3782816685717464e+02,
       1.3782816685717458e+02, 4.2721964898995730e+03,
       2.7515499813155093e+03, 9.2239912949166296e+01,
       9.2239912949166296e+01, 4.4232516530007797e+03,
       2.4440646930460603e+03, -4.9363249091329561e+02,
       -4.9363249091329573e+02, 3.2606067118673313e+03,
       3.3112092375839993e+03, -6.3066956084586103e+01,
       -6.3066956084586131e+01, 4.2081719475990803e+03,
       5.0308456951830949e+03, 1.7367662219769750e+02,
       1.7367662219769744e+02, 4.4325772625413210e+03,
       3.2929550596721242e+03, 2.0443886755919354e+02,
       2.0443886755919354e+02, 3.8130840349483965e+03,
       2.9727047966291043e+03, -1.5053889535992514e+02,
       -1.5053889535992514e+02, 1.8572170966950928e+03,
       2.0143882616714184e+03, -3.6396457768051437e+02,
       -3.6396457768051431e+02, 2.3080483684115788e+03,
       4.1177290164430487e+03, -1.5727857964279247e+02,
       -1.5727857964279247e+02, 4.3059069961350879e+03,
       3.3294960746497077e+03, -1.2281978500743584e+01,
       -1.2281978500743575e+01, 3.5564051291257128e+03,
       2.5927644586711926e+03, -8.2339097334559017e+02,
       -8.2339097334558994e+02, 2.9487723172859255e+03,
       5.1053572496690686e+03, 2.0764568262033331e+03,
       2.0764568262033331e+03, 5.8786005421495884e+03,
       2.6080079160425225e+03, 9.5023422836292048e+02,
       9.5023422836292048e+02, 4.0292130146233067e+03,
       2.2883420899816761e+03, -6.1059023140231102e+02,
       -6.1059023140231102e+02, 2.5242990278571401e+03 ]
weights: !!opencv-matrix
   rows: 1
   cols: 14
   dt: d
   data: [ 7.2917187441992937e-02, 1.0065974828909845e-01,
       9.9242132510841977e-02, 4.9469932477498001e-02,
       4.8998148457423334e-02, 6.5569971710381134e-02,
       5.1236744874689169e-02, 9.5140400504913125e-02,
       5.0216993011580641e-02, 6.2297972652679827e-02,
       7.9281593330144298e-02, 7.5189626217661065e-02,
       5.7284383614442873e-02, 9.2495164906643709e-02 ]
pca_proj: !!opencv-matrix
   rows: 2
   cols: 21
   dt: f
   data: [ 4.36961316e-02, 8.50134730e-01, 1.73015636e-04,
       6.54514134e-02, 4.60692108e-01, 2.29939164e-04, 7.67599978e-03,
       1.46649793e-01, -1.37564148e-05, 1.21663406e-03, 1.30500361e-01,
       -5.45994153e-05, 8.06188770e-03, 1.42052382e-01, -2.12945142e-05,
       -2.45414903e-05, 9.56867734e-06, -1.94090262e-06, 3.13729906e-05,
       4.34020360e-04, 2.32224409e-07, 7.68702388e-01, -5.10314330e-02,
       1.14127281e-04, 4.21110362e-01, -3.83849256e-02, 4.02935693e-05,
       2.81941950e-01, -1.35209868e-02, 1.95932400e-04, 2.66951323e-01,
       -4.70317341e-03, 2.29704310e-04, 2.76557714e-01, -1.55316098e-02,
       2.11025646e-04, -3.74769334e-05, 5.54774260e-06, -7.89335627e-06,
       8.86836962e-04, -5.85095040e-05, 1.91629806e-04 ]
pca_mean: !!opencv-matrix
   rows: 1
   cols: 21
   dt: f
   data: [ 2.07625534e+02, 2.55653595e+02, 1.54502928e+00,
       2.18915131e+02, 2.60592743e+02, 1.67241716e+00, 2.65274475e+02,
       2.24016678e+02, 1.71669352e+00, 3.19420807e+02, 1.63929108e+02,
       1.75046074e+00, 3.16613464e+02, 2.25532654e+02, 1.70717156e+00,
       1.08872897e-04, -9.74175637e-05, 6.24380555e-05, -2.17504916e-04,
       -2.50119597e-01, 1.75055194e+00 ]
gamma: !!opencv-matrix
   rows: 14
   cols: 1
   dt: d
   data: [ 8.8177193598334025e-01, 8.6512139185168280e-01,
       8.3403555883001357e-01, 8.9328379458505502e-01,
       8.9502946981193143e-01, 8.7050625158364980e-01,
       8.5430887518214160e-01, 8.2310879961718064e-01,
       8.9594496734992257e-01, 8.6698873724240266e-01,
       8.4780831452125138e-01, 8.9480770466842907e-01,
       8.5464677617420259e-01, 8.1506328315860421e-01 ]
