%YAML:1.0
means: !!opencv-matrix
   rows: 2
   cols: 6
   dt: d
   data: [ -7.4063676462064137e+01, 9.1196089804382989e+00,
       2.0457756714967122e+01, -2.8886626458554554e+00,
       7.5748531951693323e+00, -6.1524329174699477e-01,
       9.9414860205585697e+01, -1.2236586490112463e+01,
       -2.7463485058199971e+01, 3.8770021526352654e+00,
       -1.0165535139139216e+01, 8.2265338196286597e-01 ]
covs: !!opencv-matrix
   rows: 12
   cols: 6
   dt: d
   data: [ 1.2981343578643200e+04, 7.7496483377986976e+02,
       1.6571664555059065e+03, -2.2018104472354176e+02,
       1.3396052384376692e+03, -3.0582608331113198e+02,
       7.7496483377986942e+02, 1.0903229292369613e+04,
       -2.0045750153262509e+02, -5.4519877530790461e+02,
       1.2685561442847581e+01, 1.8774509369766730e+02,
       1.6571664555059067e+03, -2.0045750153262514e+02,
       2.7446077401376147e+03, 2.6285364760508127e+01,
       -2.8588517677125634e+02, 4.7241721904175421e+01,
       -2.2018104472354162e+02, -5.4519877530790461e+02,
       2.6285364760508116e+01, 2.8121298848734768e+03,
       -7.4424292819587279e+01, -1.0365616569721249e+02,
       1.3396052384376692e+03, 1.2685561442847602e+01,
       -2.8588517677125628e+02, -7.4424292819587293e+01,
       4.4525077064935789e+02, -8.8114409538830230e+01,
       -3.0582608331113198e+02, 1.8774509369766730e+02,
       4.7241721904175407e+01, -1.0365616569721247e+02,
       -8.8114409538830230e+01, 2.4467158786281593e+02,
       6.3503690483558003e+03, 1.0828936670961443e+03,
       2.5396866937847090e+03, -3.7706152021541203e+02,
       -3.4502044228457216e+01, 2.6756616435203495e+02,
       1.0828936670961443e+03, 7.9891200400964271e+03,
       -3.1741362192642578e+02, 8.1462735989857526e+02,
       -2.3414703995366452e+02, -2.3441378429067998e+02,
       2.5396866937847090e+03, -3.1741362192642572e+02,
       2.6726223907140134e+03, 1.5051761442725191e+02,
       -1.0344411473927725e+02, -2.3925362024611157e+01,
       -3.7706152021541192e+02, 8.1462735989857526e+02,
       1.5051761442725197e+02, 2.3614044157742333e+03,
       1.6868377576477451e+02, 1.3356430719951891e+02,
       -3.4502044228457194e+01, -2.3414703995366452e+02,
       -1.0344411473927721e+02, 1.6868377576477451e+02,
       1.4925097279738137e+02, 1.3289575229644188e+02,
       2.6756616435203506e+02, -2.3441378429067998e+02,
       -2.3925362024611157e+01, 1.3356430719951891e+02,
       1.3289575229644188e+02, 2.5213095884545461e+02 ]
weights: !!opencv-matrix
   rows: 1
   cols: 2
   dt: d
   data: [ 5.7307193170308046e-01, 4.2692806829692276e-01 ]
pca_proj: !!opencv-matrix
   rows: 6
   cols: 21
   dt: f
   data: [ 4.36961316e-02, 8.50134730e-01, 1.73015636e-04,
       6.54514134e-02, 4.60692108e-01, 2.29939164e-04, 7.67599978e-03,
       1.46649793e-01, -1.37564148e-05, 1.21663406e-03, 1.30500361e-01,
       -5.45994153e-05, 8.06188770e-03, 1.42052382e-01, -2.12945142e-05,
       -2.45414903e-05, 9.56867734e-06, -1.94090262e-06, 3.13729906e-05,
       4.34020360e-04, 2.32224409e-07, 7.68702388e-01, -5.10314330e-02,
       1.14127281e-04, 4.21110362e-01, -3.83849256e-02, 4.02935693e-05,
       2.81941950e-01, -1.35209868e-02, 1.95932400e-04, 2.66951323e-01,
       -4.70317341e-03, 2.29704310e-04, 2.76557714e-01, -1.55316098e-02,
       2.11025646e-04, -3.74769334e-05, 5.54774260e-06, -7.89335627e-06,
       8.86836962e-04, -5.85095040e-05, 1.91629806e-04, 1.28585771e-02,
       -3.46314937e-01, -1.22481215e-04, -4.01510373e-02, 1.58088982e-01,
       -1.45607672e-04, 1.89476740e-02, 5.27356327e-01, 2.33430081e-04,
       1.79703757e-02, 5.36674440e-01, 2.90960423e-04, 1.17339585e-02,
       5.35117626e-01, 2.47836346e-04, -7.02231409e-06, -3.17391914e-06,
       2.59759432e-08, 1.54912759e-05, 1.72088097e-03, 2.08691781e-04,
       -5.93480825e-01, -8.48098937e-03, -8.88030772e-05, 2.05370650e-01,
       3.40346433e-02, 1.63823628e-04, 4.45453286e-01, -5.44621795e-03,
       -1.30590008e-04, 4.45820451e-01, -1.72652975e-02, -2.10900864e-04,
       4.54801619e-01, -3.90723068e-03, -1.75610170e-04, -1.74471352e-05,
       -6.38676829e-06, 1.65030560e-05, 1.38473080e-03, -5.51051289e-06,
       -1.34489819e-04, -4.15651649e-02, -3.88010889e-01,
       -1.59748225e-03, 2.57949054e-01, 8.27547431e-01, -5.50693134e-04,
       -8.53880048e-02, -1.33590102e-01, -3.55328375e-04,
       -8.88043940e-02, -1.88108414e-01, -3.67236295e-04,
       -7.92043582e-02, -1.47186622e-01, -3.09964700e-04,
       -2.68626522e-04, -4.51062988e-05, -9.29085581e-06,
       -3.75579461e-04, -5.09061909e-04, -3.50576767e-04,
       -2.29677543e-01, 6.27092123e-02, 2.84698303e-03, 8.33015800e-01,
       -2.64675170e-01, 3.15759354e-03, -1.39708534e-01, 2.80198567e-02,
       3.38124041e-03, -2.62821585e-01, 1.58270776e-01, 3.37547949e-03,
       -2.53903240e-01, 1.97897218e-02, 3.25371907e-03, -1.88428123e-04,
       9.26321736e-05, 1.05069688e-04, -8.69478390e-04, 5.32297554e-06,
       3.23282625e-03 ]
pca_mean: !!opencv-matrix
   rows: 1
   cols: 21
   dt: f
   data: [ 2.07625534e+02, 2.55653595e+02, 1.54502928e+00,
       2.18915131e+02, 2.60592743e+02, 1.67241716e+00, 2.65274475e+02,
       2.24016678e+02, 1.71669352e+00, 3.19420807e+02, 1.63929108e+02,
       1.75046074e+00, 3.16613464e+02, 2.25532654e+02, 1.70717156e+00,
       1.08872897e-04, -9.74175637e-05, 6.24380555e-05, -2.17504916e-04,
       -2.50119597e-01, 1.75055194e+00 ]
gamma: !!opencv-matrix
   rows: 2
   cols: 1
   dt: d
   data: [ 9.4434301464966741e-01, 9.1681659498409429e-01 ]
