%YAML:1.0
means: !!opencv-matrix
   rows: 13
   cols: 15
   dt: d
   data: [ -6.9235249331105933e+01, 1.3616357477937316e+02,
       -4.7828667521070800e+00, -5.7686227410170737e+01,
       -1.4068373484555968e+01, 1.3233884815699513e+00,
       1.1006150957255116e+00, -3.6740671514902579e-01,
       -2.5915652387566601e-01, -3.6021252737898102e-01,
       7.0387554425963200e-02, -8.5271960984944547e-03,
       3.1365126210964036e-03, 4.4090400712960692e-03,
       -1.9766397208136350e-02, 1.3413241861262948e+01,
       -1.6579845145739480e+01, -4.9691206637136451e+00,
       4.1468578658635131e+00, -1.1670811299179688e+01,
       -1.2456885960577129e+01, 2.8448560676386092e-01,
       -6.0046222448912434e-01, -1.5060222264839149e+00,
       2.1407528439819581e-01, -3.3414352419718280e-01,
       1.5450063239752881e-02, 6.5206295911287180e-03,
       5.5388143368327002e-03, -1.5491909175627084e-02,
       -1.8838595772222493e+02, -2.4503819470287876e+01,
       3.4377283972126129e+01, -9.6376663473860766e+00,
       -4.4901879010249841e+00, -4.0468977764716856e+00,
       -2.7895105841937116e+00, -1.5392431507218912e-01,
       4.3615730734207991e+00, 7.7105918877802393e-01,
       -1.4605978605640296e-01, -8.7942884348860773e-02,
       -5.3092767302399119e-03, 1.3619347993201719e-02,
       2.5791935203765503e-02, -6.3955385196510655e+00,
       -1.4366209739064804e+01, 1.0156189299653638e-01,
       -1.1520714204669913e+01, 2.8850322168201812e+00,
       -1.3033481832159474e+01, -3.8382279350938724e+00,
       2.3159037769447526e+00, 4.8378092796482246e+00,
       -1.0112591432001872e+00, -1.2077678347955823e-01,
       -4.4871986529721235e-02, -1.3045820098187340e-02,
       -1.7956929207020481e-02, 2.1120631794457508e-02,
       3.3074908407924695e+00, -5.6211975603686867e+01,
       1.4334831005918991e+01, 2.6935240775926214e+01,
       2.0666072043646530e+01, 1.4293922433081237e+01,
       1.8689534656107858e+00, -1.9507181614620833e-01,
       -1.6905191403731340e-02, -1.3075096870487463e-02,
       5.4133833083637095e-03, 3.8251792818882442e-03,
       6.2344470345283907e-04, 1.8938405355963959e-03,
       -1.0046622691046685e-02, 5.9280456564710960e+01,
       4.9103644724762880e+01, -3.7727438715140043e+00,
       -1.7814102749071175e+01, 8.0687516957169070e+00,
       -6.6038540508180494e+00, -1.2370060399530285e+01,
       1.4408198081284178e+00, 7.6590667063471525e+00,
       1.2036302054192367e+00, -3.8512739557278478e-02,
       1.5044093609847356e-01, -7.5082183486958734e-02,
       2.5406728363158514e-02, -3.8127677274850197e-02,
       4.9116278309806361e+01, 4.0980833012366801e+01,
       -1.5228301180018480e+01, -1.7084297556437825e+01,
       1.2482491320854619e+01, -5.1066917152728806e+00,
       5.1429313976697300e-01, -6.0158051450880012e-01,
       -5.6466793069428978e-01, 7.6698407916477529e-02,
       1.9043896887012544e-02, 1.9823276912801748e-02,
       3.5547541731757522e-03, -9.1448308464134806e-03,
       2.5377796051829854e-02, 1.2915769960535340e+02,
       -3.3407149417208856e+01, -3.0835184353990009e+01,
       3.1336529044287033e+01, -2.1684668215656846e+01,
       1.2604662496482677e+01, 6.1308093487845883e-01,
       7.3637100630431074e-01, -1.5478845774547154e-02,
       -4.0905049637104507e-02, 6.5875388585026132e-02,
       5.0541692268813391e-03, -4.9010326873020951e-04,
       -7.1527769836301118e-03, 1.8620844391294879e-02,
       -1.7438976700550253e+02, -9.7924276507524766e+01,
       4.9101206881184744e+01, 3.3524134355683188e+01,
       -2.9221470498410753e+01, -8.6875731742117734e-01,
       -2.3929073036072586e+00, 1.6438365147674570e-02,
       -1.0875052619203327e+00, 6.3892962659969563e-03,
       6.9494172501543147e-02, 2.4349847491736656e-02,
       -1.5675920460965192e-03, -4.2364791246187776e-03,
       7.8014787013818377e-03, 1.4277193409845057e+02,
       4.6240041929777952e+01, -4.2106012000622805e+01,
       -2.6451602840264288e+00, -1.0172501417404700e+01,
       -3.6650461445783371e+00, -1.5179214505242386e-01,
       1.6252649372797234e-01, -6.1101896761198138e-01,
       -1.6465996149115779e-02, 1.3743610043656490e-01,
       -2.9799063568452008e-02, -2.5580604871467506e-04,
       1.7082143587822403e-02, -4.3438116790326227e-02,
       -1.5822211562539110e+02, 2.2554572688291330e+01,
       3.6731288069808386e+01, -2.0159050269546736e+01,
       -2.4873971937977331e+00, 2.0268446764838113e+00,
       7.4384898250957832e-01, 1.0887366129221188e+00,
       -8.5332332906066966e-01, -2.2928302752073026e-02,
       -1.1157774431744961e-02, 4.9118336535339370e-03,
       3.6499351109068557e-03, -6.4956164996990114e-04,
       -3.5813885520042800e-03, 7.0818929426941244e+00,
       -1.9273095480281540e+02, 1.6175806413958313e+01,
       6.8133013099067227e+01, 1.0413799543260291e+01,
       -1.9985330378985669e+01, -1.8393969292814445e+00,
       -1.1154121125943142e+00, 2.1136667848876201e-01,
       -1.1802465083458993e+00, 2.1478306108922034e-02,
       -8.2284534235115461e-02, 3.8302686823438151e-03,
       1.0572355227488374e-02, -6.3124270289260570e-02,
       -1.7848328839890925e+01, 4.1381811717813846e+01,
       -8.4144132125868225e+00, -2.8518301210565216e+01,
       -1.5016630902819987e+00, -4.7801363667383674e+00,
       1.0348030434591149e+00, -1.6499306154557323e+00,
       1.6943469953248187e+00, 1.1968990585910877e+00,
       2.9700064432024619e-02, -1.4875232551371445e-01,
       8.3942206921454442e-03, 1.6695873078462570e-02,
       3.3812292438335438e-02 ]
