%YAML:1.0
means: !!opencv-matrix
   rows: 3
   cols: 4
   dt: d
   data: [ -1.7299460422889314e+02, -2.2285659047421952e+01,
       4.0959187883925829e+01, -2.6573142973250492e-02,
       5.7607303692497069e+01, -2.8914423766846539e+01,
       -8.4445130765275831e+00, 1.5910364693804263e+01,
       -1.3561521280180365e+01, 1.0403623986773104e+02,
       -1.1920893360908343e+01, -4.6297602952434950e+01 ]
covs: !!opencv-matrix
   rows: 12
   cols: 4
   dt: d
   data: [ 6.5850764914674819e+03, 2.5272640675646480e+02,
       2.9456944158596048e+03, -8.4088256185901707e+02,
       2.5272640675646474e+02, 1.0632449580596060e+04,
       5.2426615094348176e+02, 7.4358143043957693e+02,
       2.9456944158596048e+03, 5.2426615094348188e+02,
       2.4347648473514591e+03, 7.8484012542829561e+01,
       -8.4088256185901730e+02, 7.4358143043957693e+02,
       7.8484012542829547e+01, 2.4776795205498020e+03,
       1.1085913897114864e+04, 1.0843432555317963e+03,
       1.0019456151186190e+03, -6.6436824880700829e+02,
       1.0843432555317959e+03, 1.0154755172232661e+04,
       4.9495593484323550e+01, 1.0506743406118155e+03,
       1.0019456151186190e+03, 4.9495593484323564e+01,
       3.0726491801526126e+03, -4.1687387149206991e+01,
       -6.6436824880700829e+02, 1.0506743406118153e+03,
       -4.1687387149206977e+01, 2.3484155501565283e+03,
       1.0039363950899204e+04, -5.5749758728998552e+02,
       2.0269910946866089e+03, -6.1683437917258505e+02,
       -5.5749758728998586e+02, 7.1575825088035645e+03,
       7.3144826993022309e+02, 2.4337886293468300e+03,
       2.0269910946866089e+03, 7.3144826993022286e+02,
       2.8496654470470357e+03, -1.0832756046138500e+02,
       -6.1683437917258493e+02, 2.4337886293468300e+03,
       -1.0832756046138502e+02, 1.8286299425738141e+03 ]
weights: !!opencv-matrix
   rows: 1
   cols: 3
   dt: d
   data: [ 1.8555700154249552e-01, 6.0622705212258532e-01,
       2.0821594633491652e-01 ]
pca_proj: !!opencv-matrix
   rows: 4
   cols: 21
   dt: f
   data: [ 1.02604255e-02, 8.46533298e-01, 5.67100069e-05,
       -5.08859605e-02, 4.68450844e-01, 1.89823491e-04, -5.55210514e-03,
       1.46431834e-01, -1.98076777e-05, -7.31809530e-03, 1.34976640e-01,
       -4.80776835e-05, -6.69380091e-03, 1.46460637e-01, -1.57161594e-05,
       2.11501210e-05, 1.32904761e-05, -3.16381829e-07, -1.62182951e-05,
       4.47223283e-04, 4.04881848e-06, 8.19958210e-01, 1.87153444e-02,
       -7.93817599e-05, 4.28530097e-01, 8.29724409e-03, 8.75842488e-06,
       2.28233948e-01, -2.37727305e-03, -1.84168690e-04, 2.08515689e-01,
       -1.20344283e-02, -2.14158339e-04, 2.18838796e-01, -7.27251405e-04,
       -1.84816250e-04, -3.05604735e-05, -5.04301033e-06,
       -1.27042276e-05, 6.79167337e-04, 1.30049409e-06, -1.63660501e-04,
       -1.48704097e-01, -3.29387456e-01, -1.82470303e-05, 1.08596861e-01,
       1.49965823e-01, -1.77574475e-04, 1.29315495e-01, 5.12750924e-01,
       2.36419466e-04, 1.37444586e-01, 5.11233926e-01, 2.85520800e-04,
       1.36541247e-01, 5.06532609e-01, 2.30281497e-04, -1.19767010e-05,
       -4.37137305e-06, 1.85016711e-06, 4.23374237e-04, 1.63331581e-03,
       1.86568883e-04, -4.72028166e-01, 1.25829116e-01, -3.95576280e-05,
       1.75304204e-01, -4.03850079e-02, -1.91588406e-04, 4.72358793e-01,
       -1.55570537e-01, 3.14154240e-05, 4.64089781e-01, -1.42328069e-01,
       9.23298430e-05, 4.71241623e-01, -1.54795542e-01, 4.75230554e-05,
       -2.49870754e-05, 5.87460408e-06, 1.53038200e-05, 1.49897439e-03,
       -5.03496267e-04, 3.15210091e-05 ]
pca_mean: !!opencv-matrix
   rows: 1
   cols: 21
   dt: f
   data: [ 4.33646118e+02, 2.44701981e+02, 1.49672687e+00,
       4.18191803e+02, 2.60206879e+02, 1.62062907e+00, 3.68545319e+02,
       2.27059875e+02, 1.69770968e+00, 3.19420807e+02, 1.63929108e+02,
       1.75046074e+00, 3.16613464e+02, 2.25532654e+02, 1.70717156e+00,
       1.08872897e-04, -9.74175637e-05, 6.24380555e-05, -2.17504916e-04,
       -2.50119597e-01, 1.75055194e+00 ]
gamma: !!opencv-matrix
   rows: 3
   cols: 1
   dt: d
   data: [ 9.3104589441235819e-01, 9.3660101566586518e-01,
       9.2605512598000772e-01 ]
