%YAML:1.0
means: !!opencv-matrix
   rows: 5
   cols: 5
   dt: d
   data: [ -7.2792814676145937e+01, -3.1915251981639738e+01,
       1.7929408518516578e+01, 2.1185031353185650e+01,
       1.4364934381269038e+01, 2.8178585532586773e+01,
       -5.0169115631689631e-01, -4.1144871517906353e+01,
       5.5281056309904431e+00, 4.1957808132932781e+00,
       -1.8352819240554936e+02, 4.6302123600985951e+01,
       3.9726494767682880e+01, -2.5929536416871610e+01,
       -1.2958257923928070e+01, 1.0117036867819617e+02,
       1.8293900289808381e+01, -3.1650089002223684e+01,
       -2.6903465685857395e+01, -2.0493481248094401e+01,
       1.3886743722986472e+02, -1.3556879137552986e+01,
       3.6476158750116902e+01, 9.7670457094453411e+00,
       3.5985312595924723e+00 ]
covs: !!opencv-matrix
   rows: 25
   cols: 5
   dt: d
   data: [ 7.8378756129959347e+03, 2.1094164046843525e+03,
       2.3491192656579010e+03, -1.0410731730704936e+03,
       1.0023181430671574e+03, 2.1094164046843521e+03,
       9.2002399754425642e+03, -3.3017951844038112e+02,
       4.5665850869300272e+02, 8.2010823870346871e+02,
       2.3491192656579010e+03, -3.3017951844038106e+02,
       2.5538069390276269e+03, 1.1699722718682457e+02,
       -2.8132750095683679e+02, -1.0410731730704936e+03,
       4.5665850869300272e+02, 1.1699722718682460e+02,
       2.2539195750610415e+03, -5.8961736937437126e+02,
       1.0023181430671575e+03, 8.2010823870346871e+02,
       -2.8132750095683667e+02, -5.8961736937437138e+02,
       4.7730175583007872e+02, 5.4359979166170715e+03,
       3.3549650305029678e+02, 5.0046643339071568e+02,
       4.9136937136707125e+01, -3.8424732002697903e+02,
       3.3549650305029672e+02, 1.0904396093108564e+04,
       4.4816913525148766e+02, -6.7810975540266463e+02,
       3.3094968309519265e+02, 5.0046643339071568e+02,
       4.4816913525148766e+02, 1.8981602934063737e+03,
       -3.0070996781757128e+02, 5.4356632249669801e+01,
       4.9136937136707125e+01, -6.7810975540266452e+02,
       -3.0070996781757123e+02, 2.9254193143340535e+03,
       -2.4629882847755266e+02, -3.8424732002697908e+02,
       3.3094968309519265e+02, 5.4356632249669794e+01,
       -2.4629882847755266e+02, 1.8561719157769622e+02,
       6.4037809566573678e+03, 3.8604156727045040e+02,
       2.9700629934413378e+03, -9.0965926901915878e+01,
       1.0895471909550606e+02, 3.8604156727045040e+02,
       8.4841095681212901e+03, -1.9437668846052935e+02,
       9.5076061222621718e+02, -3.9095584188004688e+02,
       2.9700629934413378e+03, -1.9437668846052929e+02,
       2.4795235519455496e+03, 1.2342671395932422e+02,
       -4.9326008929163152e+01, -9.0965926901915850e+01,
       9.5076061222621718e+02, 1.2342671395932427e+02,
       1.9100278644035163e+03, 1.6834541042761089e+02,
       1.0895471909550606e+02, -3.9095584188004693e+02,
       -4.9326008929163145e+01, 1.6834541042761089e+02,
       1.4235579123876320e+02, 5.2387861070731205e+03,
       9.8332178591766510e+00, 2.5290277086948226e+03,
       4.7971327628291664e+02, 2.1776491801732641e+02,
       9.8332178591766208e+00, 5.6789566105953236e+03,
       -3.2535899478080971e+01, 2.4196325081997225e+03,
       -4.4644876528271716e+01, 2.5290277086948226e+03,
       -3.2535899478080957e+01, 2.6549623531689649e+03,
       -8.3658387512567302e+01, -1.9313428499924737e+02,
       4.7971327628291664e+02, 2.4196325081997225e+03,
       -8.3658387512567259e+01, 1.2798044238809682e+03,
       2.4702248103553501e+01, 2.1776491801732641e+02,
       -4.4644876528271716e+01, -1.9313428499924740e+02,
       2.4702248103553497e+01, 1.2013267497922375e+02,
       4.4916962239520180e+03, 6.7827972543246983e+02,
       -6.8810592300831229e+02, -1.4886192534912567e+02,
       -5.6720502802010299e+02, 6.7827972543247006e+02,
       9.7850691864336441e+03, 5.1906841921131992e+01,
       3.1366403451269900e+00, 3.0049744879398560e+02,
       -6.8810592300831252e+02, 5.1906841921131978e+01,
       8.8095889259251157e+02, -6.5178704589476254e+01,
       2.0832626073463999e+02, -1.4886192534912564e+02,
       3.1366403451269873e+00, -6.5178704589476254e+01,
       2.5236617109792032e+03, -2.6738976897104232e+02,
       -5.6720502802010287e+02, 3.0049744879398560e+02,
       2.0832626073463999e+02, -2.6738976897104232e+02,
       2.2557225329316773e+02 ]
weights: !!opencv-matrix
   rows: 1
   cols: 5
   dt: d
   data: [ 2.4363322494138484e-01, 2.7982256451152471e-01,
       1.5627087006763604e-01, 1.5774445367326109e-01,
       1.6252888680618338e-01 ]
pca_proj: !!opencv-matrix
   rows: 5
   cols: 21
   dt: f
   data: [ 4.36961316e-02, 8.50134730e-01, 1.73015636e-04,
       6.54514134e-02, 4.60692108e-01, 2.29939164e-04, 7.67599978e-03,
       1.46649793e-01, -1.37564148e-05, 1.21663406e-03, 1.30500361e-01,
       -5.45994153e-05, 8.06188770e-03, 1.42052382e-01, -2.12945142e-05,
       -2.45414903e-05, 9.56867734e-06, -1.94090262e-06, 3.13729906e-05,
       4.34020360e-04, 2.32224409e-07, 7.68702388e-01, -5.10314330e-02,
       1.14127281e-04, 4.21110362e-01, -3.83849256e-02, 4.02935693e-05,
       2.81941950e-01, -1.35209868e-02, 1.95932400e-04, 2.66951323e-01,
       -4.70317341e-03, 2.29704310e-04, 2.76557714e-01, -1.55316098e-02,
       2.11025646e-04, -3.74769334e-05, 5.54774260e-06, -7.89335627e-06,
       8.86836962e-04, -5.85095040e-05, 1.91629806e-04, 1.28585771e-02,
       -3.46314937e-01, -1.22481215e-04, -4.01510373e-02, 1.58088982e-01,
       -1.45607672e-04, 1.89476740e-02, 5.27356327e-01, 2.33430081e-04,
       1.79703757e-02, 5.36674440e-01, 2.90960423e-04, 1.17339585e-02,
       5.35117626e-01, 2.47836346e-04, -7.02231409e-06, -3.17391914e-06,
       2.59759432e-08, 1.54912759e-05, 1.72088097e-03, 2.08691781e-04,
       -5.93480825e-01, -8.48098937e-03, -8.88030772e-05, 2.05370650e-01,
       3.40346433e-02, 1.63823628e-04, 4.45453286e-01, -5.44621795e-03,
       -1.30590008e-04, 4.45820451e-01, -1.72652975e-02, -2.10900864e-04,
       4.54801619e-01, -3.90723068e-03, -1.75610170e-04, -1.74471352e-05,
       -6.38676829e-06, 1.65030560e-05, 1.38473080e-03, -5.51051289e-06,
       -1.34489819e-04, -4.15651649e-02, -3.88010889e-01,
       -1.59748225e-03, 2.57949054e-01, 8.27547431e-01, -5.50693134e-04,
       -8.53880048e-02, -1.33590102e-01, -3.55328375e-04,
       -8.88043940e-02, -1.88108414e-01, -3.67236295e-04,
       -7.92043582e-02, -1.47186622e-01, -3.09964700e-04,
       -2.68626522e-04, -4.51062988e-05, -9.29085581e-06,
       -3.75579461e-04, -5.09061909e-04, -3.50576767e-04 ]
pca_mean: !!opencv-matrix
   rows: 1
   cols: 21
   dt: f
   data: [ 2.07625534e+02, 2.55653595e+02, 1.54502928e+00,
       2.18915131e+02, 2.60592743e+02, 1.67241716e+00, 2.65274475e+02,
       2.24016678e+02, 1.71669352e+00, 3.19420807e+02, 1.63929108e+02,
       1.75046074e+00, 3.16613464e+02, 2.25532654e+02, 1.70717156e+00,
       1.08872897e-04, -9.74175637e-05, 6.24380555e-05, -2.17504916e-04,
       -2.50119597e-01, 1.75055194e+00 ]
gamma: !!opencv-matrix
   rows: 5
   cols: 1
   dt: d
   data: [ 9.2735603202865335e-01, 9.1431695702294147e-01,
       9.2079668155017302e-01, 8.9780709172070428e-01,
       8.7027237561958504e-01 ]
