%YAML:1.0
means: !!opencv-matrix
   rows: 20
   cols: 4
   dt: d
   data: [ 7.1372054532904542e+01, 8.9685276012125321e+00,
       -2.9622018088954714e+01, -3.6936802205793150e+01,
       1.9037381620159306e+02, -7.5928501308184346e+00,
       1.9328481769702336e+01, -3.4488287609424781e+01,
       -7.3022015577872509e+01, -3.3519265992343840e+01,
       -3.9365510738452663e+01, -3.2743613992241919e+01,
       3.3213115126761508e+01, 8.8340034591803857e+01,
       3.4297247292707269e+01, 1.5275249053466739e+01,
       -2.5840675582717085e+02, -1.3218142928453171e+01,
       -1.2450959126535915e+01, -3.6432083731313718e+01,
       1.1918805314822524e+01, -5.0372754480218646e+01,
       -8.9460152824471550e+01, 3.2760309153422092e+01,
       1.2831828925298877e+01, -1.5834760069499825e+02,
       3.1815358241137099e+00, 2.8548485072119259e+01,
       2.9041400690866560e+01, -2.9215447978400405e+01,
       3.4483107932974761e+01, -3.8430307530981317e+01,
       9.5957573302505622e+01, 7.2652822115573954e+01,
       -7.0466389911095547e+01, 4.6703883466147902e+00,
       -8.0797256815944891e+01, 6.6155066747956340e+01,
       9.8469938045328192e+01, 2.1816085609431472e+01,
       2.2890779220124386e+01, 5.8168462339597568e+01,
       -9.3244956855202901e+00, 8.1553321806126363e+01,
       -1.3960594440675800e+02, -1.1556799735932252e+02,
       2.5930349637989710e+01, 4.9258860070009796e+01,
       1.1865321456576208e+02, -2.6288970367856891e+01,
       6.6946514877506630e+01, 7.1527754935480630e+00,
       -1.7995863141776141e+02, 1.3048993539704460e+02,
       2.9252303450756909e+01, -6.6553046995587026e+00,
       -1.4650967866922414e+02, -3.1557248197353314e+01,
       6.7314204789104124e+01, -4.3577599336811701e+01,
       1.0889548169512882e+02, -1.4957161710070700e+01,
       -7.8195922291299889e+00, 5.2909186564628534e+01,
       1.7941231542899024e+02, 1.0358968044961421e+02,
       1.1221619743596278e+01, 2.5177927779361706e+01,
       1.1689729158267966e+02, -8.5667964046053299e+01,
       -3.7985138535795144e+01, -2.4811492829090597e+01,
       -1.9627772480155750e+02, 3.2341439885781398e+01,
       2.1276246903313009e+01, 5.7841920850370499e+01,
       -6.4743024706773170e+01, 8.9822999242157209e+01,
       -4.2163775010682443e+01, 1.9390397318610134e+01 ]
covs: !!opencv-matrix
   rows: 80
   cols: 4
   dt: d
   data: [ 3.5095746350202153e+03, 1.8730620818853843e+01,
       2.6759007424632136e+03, 8.8580680357548232e+01,
       1.8730620818853861e+01, 5.1778980980221640e+03,
       -1.2502981311053809e+00, 2.2357721129399770e+03,
       2.6759007424632136e+03, -1.2502981311053960e+00,
       2.2544281360430409e+03, 3.3145963024879208e+01,
       8.8580680357548218e+01, 2.2357721129399770e+03,
       3.3145963024879222e+01, 1.0538584796720227e+03,
       2.4877394152177558e+03, -6.3555136085040670e+02,
       -8.2774513376920950e+01, 3.3135789707286415e+02,
       -6.3555136085040670e+02, 4.2884116024530849e+03,
       9.3625900247934254e+01, 1.3943797921913890e+03,
       -8.2774513376920950e+01, 9.3625900247934283e+01,
       5.1694145709893132e+02, -6.9001151020733900e+01,
       3.3135789707286420e+02, 1.3943797921913890e+03,
       -6.9001151020733886e+01, 1.0175109323899172e+03,
       3.8611286587354462e+03, 1.4727023569010016e+03,
       1.0582228330747600e+02, -5.5849089365369673e+02,
       1.4727023569010016e+03, 6.7935178986698866e+03,
       -1.0528475394993071e+00, -1.7754230837963942e+03,
       1.0582228330747606e+02, -1.0528475394993022e+00,
       7.8487004176618598e+02, 6.3983368628045831e+01,
       -5.5849089365369673e+02, -1.7754230837963944e+03,
       6.3983368628045831e+01, 2.0205485205119919e+03,
       3.5502267137897138e+03, 1.5731185686975055e+03,
       8.6828921865991367e+02, -6.5638383138555776e+02,
       1.5731185686975055e+03, 6.4796766506871691e+03,
       -4.8853993314730296e+01, -2.1130823833941231e+03,
       8.6828921865991367e+02, -4.8853993314730239e+01,
       1.0696780806786908e+03, 1.1184843460520712e+02,
       -6.5638383138555776e+02, -2.1130823833941226e+03,
       1.1184843460520715e+02, 1.6379135420793593e+03,
       2.6334072318746962e+03, -9.0612264694874412e+01,
       4.2135608527595826e+02, 5.7850318247797432e+01,
       -9.0612264694874483e+01, 6.3226112240346174e+03,
       -2.7250113643766412e+01, -7.8794665806846410e+02,
       4.2135608527595826e+02, -2.7250113643766422e+01,
       4.6747114027951949e+02, 5.2582026331051726e+00,
       5.7850318247797425e+01, -7.8794665806846410e+02,
       5.2582026331051726e+00, 1.6907294245300689e+03,
       3.1620970094532991e+03, 1.8473926688933982e+03,
       -4.4660810454579189e+02, -1.0619906014229086e+03,
       1.8473926688933984e+03, 6.3860784127231973e+03,
       -2.0089273774119229e+02, 9.9840016672197112e+02,
       -4.4660810454579178e+02, -2.0089273774119229e+02,
       6.1190029550992676e+02, 3.3390369018300828e+02,
       -1.0619906014229086e+03, 9.9840016672197112e+02,
       3.3390369018300828e+02, 1.7688263206617944e+03,
       5.8928116090466910e+03, -2.1377974589676421e+02,
       1.5691827733778989e+03, -1.2365694057598866e+02,
       -2.1377974589676421e+02, 2.9206392286855794e+03,
       6.9706161349874094e+01, 3.3994008241854891e+02,
       1.5691827733778994e+03, 6.9706161349874094e+01,
       1.9773426503647504e+03, 3.9894172839916813e+01,
       -1.2365694057598861e+02, 3.3994008241854880e+02,
       3.9894172839916827e+01, 4.6969658624423897e+02,
       3.3131509193269071e+03, 1.0814748508128735e+03,
       5.4816719982108407e+02, -6.2628316299529081e+02,
       1.0814748508128735e+03, 5.9944045907868513e+03,
       -2.6320285957892520e+02, -1.3117639711856596e+03,
       5.4816719982108407e+02, -2.6320285957892520e+02,
       1.0436473252995122e+03, 1.1415060426917039e+01,
       -6.2628316299529070e+02, -1.3117639711856598e+03,
       1.1415060426917059e+01, 1.7450605000213084e+03,
       3.0063513434702209e+03, -4.6882063542365228e+02,
       1.0589654899627035e+03, 1.1227411148610453e+02,
       -4.6882063542365228e+02, 2.6627371170184347e+03,
       -1.8883338881263288e+02, 7.2410192753550598e+02,
       1.0589654899627033e+03, -1.8883338881263282e+02,
       1.0906978207963737e+03, -1.3051299331102078e+02,
       1.1227411148610453e+02, 7.2410192753550598e+02,
       -1.3051299331102078e+02, 7.9027708688035784e+02,
       2.2648701373398521e+03, -6.9527241444744539e+02,
       -1.5058445842297530e+02, 4.9377605773011163e+02,
       -6.9527241444744539e+02, 6.4307146066371952e+03,
       3.8759602656360761e+02, -1.9007615326573998e+03,
       -1.5058445842297536e+02, 3.8759602656360761e+02,
       3.3483409190140242e+02, -1.4317968432020800e+02,
       4.9377605773011152e+02, -1.9007615326573998e+03,
       -1.4317968432020800e+02, 1.9717769113135207e+03,
       8.4334462214551622e+03, 1.4770906614322212e+03,
       1.0190777023141925e+02, -9.4367819554745790e+02,
       1.4770906614322212e+03, 2.0763123672171364e+03,
       -5.4932734979970223e+02, -1.0603981751086351e+03,
       1.0190777023141929e+02, -5.4932734979970235e+02,
       2.8725195567929923e+03, 1.8397092325419868e+02,
       -9.4367819554745790e+02, -1.0603981751086351e+03,
       1.8397092325419877e+02, 7.7740759888127639e+02,
       4.7771151037343561e+03, 6.0065665241665158e+02,
       2.9467716695321651e+03, -7.8987801124763109e+01,
       6.0065665241665158e+02, 5.3418168162387165e+03,
       -6.7764784968378990e+01, 1.6027798160601844e+03,
       2.9467716695321647e+03, -6.7764784968379047e+01,
       2.2963588756396043e+03, -1.3906224019919145e+02,
       -7.8987801124763109e+01, 1.6027798160601844e+03,
       -1.3906224019919145e+02, 1.0754791537017745e+03,
       6.6636615381850997e+03, 1.3094397786238778e+03,
       -1.6623678428784820e+03, -2.0662429584215698e+02,
       1.3094397786238781e+03, 8.2423961020315601e+03,
       -6.7473998531340314e+01, -1.0024546116034593e+02,
       -1.6623678428784820e+03, -6.7473998531340314e+01,
