%YAML:1.0
means: !!opencv-matrix
   rows: 5
   cols: 4
   dt: d
   data: [ -1.8879916418719793e+02, -3.1743702387690327e+01,
       3.5630093757322179e+01, 3.1730714041208197e+00,
       3.1217827101334866e+01, 4.4458719994897223e+01,
       -1.2986105989468973e+01, 5.3163446153771439e+01,
       1.0195015069210275e+02, -1.9190093183848675e+00,
       5.5003043046575044e+01, -1.5571660849985784e+01,
       3.2335379572789130e+01, -8.2596133769983652e+01,
       -3.5016431587057070e+01, -1.1120783410336671e+01,
       -4.0952923188689468e+01, 1.1268408966739933e+02,
       -1.9760350197611842e+01, -4.3460801087117026e+01 ]
covs: !!opencv-matrix
   rows: 20
   cols: 4
   dt: d
   data: [ 5.5705073325202729e+03, -3.4171771305971430e+02,
       2.5932678210820318e+03, -6.2799484629298786e+02,
       -3.4171771305971441e+02, 1.0309187531684738e+04,
       3.9179136853015092e+02, 8.1209364214228867e+02,
       2.5932678210820327e+03, 3.9179136853015092e+02,
       2.2037319824165666e+03, 1.5730751900248180e+02,
       -6.2799484629298786e+02, 8.1209364214228890e+02,
       1.5730751900248180e+02, 2.3915366576186043e+03,
       1.1008084970255612e+04, 9.9794518434674046e+02,
       1.1333741744700734e+02, -2.3610358794687363e+02,
       9.9794518434674046e+02, 5.9136686844096612e+03,
       -5.6176637877042083e+02, -9.4353362038404362e+02,
       1.1333741744700738e+02, -5.6176637877042060e+02,
       2.4123912298654964e+03, -1.5752930438034238e+02,
       -2.3610358794687372e+02, -9.4353362038404362e+02,
       -1.5752930438034247e+02, 1.2485924515503591e+03,
       1.0439385963844585e+04, -5.0427124221880723e+02,
       -2.2989039485255353e+03, 6.9430634222756646e+02,
       -5.0427124221880723e+02, 1.1515289133734481e+04,
       2.2954827733539335e+02, 3.0801113905362122e+01,
       -2.2989039485255353e+03, 2.2954827733539329e+02,
       1.1364207162449463e+03, 4.8794347605418437e+02,
       6.9430634222756646e+02, 3.0801113905362083e+01,
       4.8794347605418437e+02, 2.5122544836331663e+03,
       9.9412237316191568e+03, 7.4503960435676481e+02,
       1.9427649847756371e+02, -2.9697155159506178e+02,
       7.4503960435676447e+02, 6.8902887517372292e+03,
       -6.9812468572446528e+02, -1.1334357185687556e+03,
       1.9427649847756365e+02, -6.9812468572446517e+02,
       2.2464106075981385e+03, -5.8674515742081844e+01,
       -2.9697155159506178e+02, -1.1334357185687556e+03,
       -5.8674515742081844e+01, 1.6185354436672508e+03,
       9.2054726038348072e+03, -1.9349064454691538e+02,
       1.3408714923861080e+03, -4.6558612299232800e+02,
       -1.9349064454691552e+02, 6.6273800690829457e+03,
       6.2524852923701883e+02, 2.4117317559745811e+03,
       1.3408714923861082e+03, 6.2524852923701883e+02,
       2.4177945344500208e+03, -1.0114498603764851e+01,
       -4.6558612299232800e+02, 2.4117317559745811e+03,
       -1.0114498603764858e+01, 1.7384314663752141e+03 ]
weights: !!opencv-matrix
   rows: 1
   cols: 5
   dt: d
   data: [ 1.5209187619841255e-01, 2.3065980209799125e-01,
       1.8670345180203177e-01, 2.7440624676568892e-01,
       1.5613862313585816e-01 ]
pca_proj: !!opencv-matrix
   rows: 4
   cols: 21
   dt: f
   data: [ 1.02604255e-02, 8.46533298e-01, 5.67100069e-05,
       -5.08859605e-02, 4.68450844e-01, 1.89823491e-04, -5.55210514e-03,
       1.46431834e-01, -1.98076777e-05, -7.31809530e-03, 1.34976640e-01,
       -4.80776835e-05, -6.69380091e-03, 1.46460637e-01, -1.57161594e-05,
       2.11501210e-05, 1.32904761e-05, -3.16381829e-07, -1.62182951e-05,
       4.47223283e-04, 4.04881848e-06, 8.19958210e-01, 1.87153444e-02,
       -7.93817599e-05, 4.28530097e-01, 8.29724409e-03, 8.75842488e-06,
       2.28233948e-01, -2.37727305e-03, -1.84168690e-04, 2.08515689e-01,
       -1.20344283e-02, -2.14158339e-04, 2.18838796e-01, -7.27251405e-04,
       -1.84816250e-04, -3.05604735e-05, -5.04301033e-06,
       -1.27042276e-05, 6.79167337e-04, 1.30049409e-06, -1.63660501e-04,
       -1.48704097e-01, -3.29387456e-01, -1.82470303e-05, 1.08596861e-01,
       1.49965823e-01, -1.77574475e-04, 1.29315495e-01, 5.12750924e-01,
       2.36419466e-04, 1.37444586e-01, 5.11233926e-01, 2.85520800e-04,
       1.36541247e-01, 5.06532609e-01, 2.30281497e-04, -1.19767010e-05,
       -4.37137305e-06, 1.85016711e-06, 4.23374237e-04, 1.63331581e-03,
       1.86568883e-04, -4.72028166e-01, 1.25829116e-01, -3.95576280e-05,
       1.75304204e-01, -4.03850079e-02, -1.91588406e-04, 4.72358793e-01,
       -1.55570537e-01, 3.14154240e-05, 4.64089781e-01, -1.42328069e-01,
       9.23298430e-05, 4.71241623e-01, -1.54795542e-01, 4.75230554e-05,
       -2.49870754e-05, 5.87460408e-06, 1.53038200e-05, 1.49897439e-03,
       -5.03496267e-04, 3.15210091e-05 ]
pca_mean: !!opencv-matrix
   rows: 1
   cols: 21
   dt: f
   data: [ 4.33646118e+02, 2.44701981e+02, 1.49672687e+00,
       4.18191803e+02, 2.60206879e+02, 1.62062907e+00, 3.68545319e+02,
       2.27059875e+02, 1.69770968e+00, 3.19420807e+02, 1.63929108e+02,
       1.75046074e+00, 3.16613464e+02, 2.25532654e+02, 1.70717156e+00,
       1.08872897e-04, -9.74175637e-05, 6.24380555e-05, -2.17504916e-04,
       -2.50119597e-01, 1.75055194e+00 ]
gamma: !!opencv-matrix
   rows: 5
   cols: 1
   dt: d
   data: [ 9.2857693988900603e-01, 8.7902674744946541e-01,
       8.3390916655980385e-01, 8.8996831087196770e-01,
       9.1958220981941186e-01 ]
