%YAML:1.0
means: !!opencv-matrix
   rows: 42
   cols: 2
   dt: d
   data: [ -1.9199884039870938e+02, -9.6726012804874642e+01,
       1.6364084933248105e+02, 3.9883512049978236e+01,
       -3.7210637470202492e+01, -5.6569574254330242e+01,
       -1.0256237519794011e-01, -1.1183932740293369e+02,
       1.3597502320941970e+02, 1.3403188399004014e+02,
       -1.5153469112947462e+02, 1.0118162176651535e+02,
       6.3445408868701179e+01, 6.3531272489267700e+01,
       1.7317909397559879e+02, 1.0482285017375588e+02,
       -8.7715676203184373e+01, 1.4251261105253238e+02,
       -1.0290455292085930e+02, -1.1411998428788861e+02,
       -2.8419711436513671e+02, 1.4971283311704163e+01,
       1.3988746409085809e+02, -1.9818384277485119e+01,
       1.4521780948094127e+02, -7.9658399670744799e+01,
       1.0363322398063434e+02, 2.5559269765481858e+01,
       -8.3643411890407833e+01, 6.0052822908403797e+01,
       -4.5097539963024182e+01, -1.5405611086175605e+02,
       -2.0472721239925005e+02, -1.7089531886458576e+02,
       7.3829234190029808e+01, -9.8996423178454606e+01,
       4.6042199675103937e+01, 6.9110461472170028e+00,
       -1.4998319573167294e+02, 2.5928709400758976e+01,
       7.2242074624049550e+01, 1.5761826619204243e+02,
       -2.8459019971339012e+02, 1.3621686615105182e+02,
       4.4331250358520649e+01, -1.7291542953500917e+02,
       2.1322396990919992e+02, -9.5459599347301079e+01,
       1.0642846663616271e+02, 1.0137040447960094e+02,
       7.0287796607060737e-01, 6.1459959625473850e+01,
       -8.4876850816180891e+01, -9.0998869242460803e+00,
       2.0711551769894660e+02, -2.7673095119432055e+01,
       -2.7530575625994510e+02, -7.3859277516113806e+01,
       -1.3687968346771339e+02, -4.5420199512785636e+01,
       -2.2722092579531488e+02, 7.9393797379258075e+01,
       -2.7796736002901131e+01, 1.2564308453331788e+02,
       1.2972714732346981e+02, -1.4517235639462541e+02,
       2.2970643417234214e+02, 6.9345986357317472e+01,
       3.4667576835383819e+01, 1.1395155792897570e+02,
       -1.8118835281438844e+01, -8.8372831629006066e-01,
       -2.1419332700923377e+02, -1.7607404453969931e+01,
       8.6356059956001573e+01, -4.1466520221862424e+01,
       -1.9036936008491941e+02, 1.6764187436535866e+02,
       2.9289445670173851e+01, -5.4973325678668829e+01,
       3.1933817671729496e+00, 2.2684820386293285e+02,
       -1.0277887238381268e+02, -1.9488267091674678e+02 ]
covs: !!opencv-matrix
   rows: 84
   cols: 2
   dt: d
   data: [ 1.7514609638952359e+03, 1.6980748034683248e+02,
       1.6980748034683245e+02, 1.2752277469414441e+03,
       9.2007071901889526e+02, -1.9202462768163679e+02,
       -1.9202462768163687e+02, 1.0378820648214573e+03,
       1.2698412044771683e+03, 3.9292073831581838e+01,
       3.9292073831581845e+01, 8.4214601512339721e+02,
       1.1712602211839978e+03, -3.4656698920398225e+02,
       -3.4656698920398219e+02, 1.2142378727919497e+03,
       1.5993196706268848e+03, -2.0579693716519324e+02,
       -2.0579693716519313e+02, 3.8100618662322681e+03,
       1.5280938808756587e+03, -2.0891132250040263e+02,
       -2.0891132250040263e+02, 9.6670296161549572e+02,
       6.7757092855144685e+02, 8.6547950471454101e+01,
       8.6547950471454101e+01, 7.1162971724746910e+02,
       1.0508366049564629e+03, -5.8191189669713786e+01,
       -5.8191189669713808e+01, 1.1064515795593563e+03,
       1.1850159140420392e+03, -1.5297449638466145e+02,
       -1.5297449638466139e+02, 1.3854657005049141e+03,
       1.6852969329807331e+03, 1.4775392252581204e+02,
       1.4775392252581202e+02, 1.4434279984861155e+03,
       1.1957612151799451e+03, -2.0489850685370729e+02,
       -2.0489850685370729e+02, 2.0836214070947035e+03,
       8.5787954448683377e+02, -7.7567738757359921e+00,
       -7.7567738757359832e+00, 8.6758839690479056e+02,
       1.1440964215671713e+03, 5.6540395671480141e+01,
       5.6540395671480141e+01, 1.2363441604954387e+03,
       6.3956451987023570e+02, -2.9061677732681277e+00,
       -2.9061677732681299e+00, 7.9274125359941206e+02,
       1.2948341086675080e+03, -1.4498388882509016e+02,
       -1.4498388882509016e+02, 1.1334090657219940e+03,
       1.1346146552960372e+03, -4.8524242429380035e+02,
       -4.8524242429380041e+02, 1.9419405058202863e+03,
       2.0733456923302906e+03, 4.5555097522620247e+02,
       4.5555097522620252e+02, 2.2301948010020715e+03,
       1.1399961766505978e+03, -5.1666912377921392e+01,
       -5.1666912377921392e+01, 1.0776875095387866e+03,
       8.1329662777290844e+02, -1.3697596195149390e+02,
       -1.3697596195149390e+02, 8.1428838539084074e+02,
       1.1962350556998344e+03, -1.6527298535348623e+02,
       -1.6527298535348623e+02, 9.5523042462149260e+02,
       1.5951338660119741e+03, -9.4721059291423970e+01,
       -9.4721059291423927e+01, 6.3379709634650055e+02,
       2.0977685612329501e+03, 9.3423032768810469e+02,
       9.3423032768810458e+02, 4.6381391681171963e+03,
       2.4578293986578365e+03, -2.5046840321872637e+02,
       -2.5046840321872634e+02, 2.4432988915501701e+03,
       1.7168906879953695e+03, -1.3067345671201878e+02,
       -1.3067345671201880e+02, 1.3632896462972737e+03,
       1.0379994908986939e+03, -1.0310050509383200e+02,
       -1.0310050509383200e+02, 9.6465510550729186e+02,
       7.8374128503252678e+02, -3.1865936201848541e+01,
       -3.1865936201848530e+01, 9.1451064635498540e+02,
       8.2142347343241488e+02, -3.0805801331533139e+01,
       -3.0805801331533139e+01, 1.0137151943154664e+03,
       1.9527662578442512e+03, 4.1159493566401255e+02,
       4.1159493566401250e+02, 1.4889299400420189e+03,
       2.2073710253539275e+03, 6.6398426716472358e+01,
       6.6398426716472386e+01, 2.7423869916310191e+03,
       1.1721279822046399e+03, -2.6946058571112343e+02,
       -2.6946058571112343e+02, 1.0630075760948012e+03,
       1.3558002497385046e+03, -3.1664838722062626e+02,
       -3.1664838722062626e+02, 1.4408059251420589e+03,
       1.0833593901099532e+03, 2.1115970762565584e+02,
       2.1115970762565584e+02, 1.7253305346087302e+03,
       2.4920792454871448e+03, -2.9718181591055139e+02,
       -2.9718181591055139e+02, 1.6843943967502200e+03,
       1.4114693288249675e+03, 4.0226526780591973e+02,
       4.0226526780591973e+02, 2.0526555906323802e+03,
       1.0865158048926480e+03, -6.1063200453667248e+00,
       -6.1063200453667230e+00, 5.9198436376460575e+02,
       9.0047139841034129e+02, -1.5101472530517921e+02,
       -1.5101472530517918e+02, 8.3617221530153370e+02,
       1.0527808956951910e+03, -3.4346314875902976e+01,
       -3.4346314875902991e+01, 1.4576276434235488e+03,
       8.4410687895371927e+02, -1.2517349383132780e+02,
       -1.2517349383132780e+02, 8.7944573757060880e+02,
       2.9463114340837060e+03, -1.1158627761926594e+02,
       -1.1158627761926594e+02, 1.0032179261801023e+03,
       9.7346167216143294e+02, -1.0114496073293394e+02,
       -1.0114496073293397e+02, 8.7220385937707476e+02,
       7.1336723952643706e+03, -6.5758568060904872e+02,
       -6.5758568060904861e+02, 1.9589770538061252e+03,
       2.1136092231122016e+03, -1.6084326201111361e+02,
       -1.6084326201111367e+02, 1.9000714450540177e+03 ]
