%YAML:1.0
means: !!opencv-matrix
   rows: 39
   cols: 2
   dt: d
   data: [ 3.3522794117864901e-01, 7.0898373066652439e+01,
       7.1620683286669419e+01, -4.7975004525590776e+01,
       -3.7729374732175913e+01, -1.3812226293089324e+02,
       -1.3748030371217180e+02, 9.4868533243543510e+01,
       -5.7467673333940162e+01, -7.7081337205747133e+01,
       -2.0278786111934031e+02, -6.8915405468754713e+01,
       1.5410395791571850e+02, 4.5459071633445063e+01,
       -2.1617737479598458e+02, 7.4213837534865789e+01,
       1.6458753650007137e+02, -8.8744792525821921e+01,
       7.4078802978473078e+01, 1.3810258961801105e+02,
       4.6943870691065214e+01, 1.2331308813475163e+01,
       2.2684882971008366e+02, -8.2159478757196950e+01,
       2.1096653597539770e+02, 8.4463601347386557e+01,
       3.4590787861570639e+01, -1.6931000591200814e+02,
       -1.1641741719397814e+02, -1.2740913906099100e+02,
       -6.4154587691826535e+01, 1.2993909385616303e+02,
       -2.8574214607943571e+02, 8.1649041804205538e+01,
       -7.0819828644110686e+01, -1.6192832538444712e+01,
       -1.2787992789285799e+02, -5.3099095633532272e+01,
       -1.1348290229045138e+02, 1.4006704004224798e+02,
       -2.7551876369872815e+02, -8.2441582055060962e+01,
       2.0799336049205817e+02, -2.3387254693862998e+00,
       7.6922632561561798e+01, 7.5419348423894846e+01,
       -2.5168512968404275e+02, -6.6623048829052021e+00,
       1.8437981834206038e+01, 1.2487932725957293e+02,
       -8.6060982647249674e+01, -2.0351849674485027e+02,
       -2.1467554273612109e+02, 1.5865932628768786e+02,
       -5.1607188582559838e-01, -4.2709424750216328e+01,
       1.4137370740539956e+02, 1.1067039291832295e+02,
       9.7893314125928214e+01, -1.0270864986297492e+02,
       -1.5527108504103774e+02, 1.3789385923403927e+01,
       1.3876543181561132e+02, -3.5206460407153621e+01,
       1.0920553264394924e+01, 2.1695569186691739e+02,
       -8.1733001717527614e+01, 4.5692317317601187e+01,
       1.3909403691541792e+02, -1.5730271023319008e+02,
       -1.1009012742322735e+01, 1.3098589957792111e+01,
       2.7819051027903317e+01, -1.0013978379081068e+02,
       1.0197744948500390e+02, 1.4929933214418540e+01,
       -2.0513591408140883e+02, -1.6230048900510437e+02 ]
covs: !!opencv-matrix
   rows: 78
   cols: 2
   dt: d
   data: [ 1.0578913837957755e+03, -3.1728771192385558e+01,
       -3.1728771192385565e+01, 8.1578111640344162e+02,
       9.7058528699946419e+02, 1.0457958801456048e+01,
       1.0457958801456048e+01, 9.5861331430549967e+02,
       1.3925828385322279e+03, -2.3441750859539766e+01,
       -2.3441750859539766e+01, 1.5058377721911024e+03,
       1.3873495960222565e+03, 3.8599429408271646e+01,
       3.8599429408271654e+01, 2.3545470883971034e+03,
       1.4186551370433615e+03, -2.7511944072350317e+01,
       -2.7511944072350317e+01, 8.7652680070628060e+02,
       1.1947276327896814e+03, -2.0298561377074613e+01,
       -2.0298561377074620e+01, 2.4760611072744737e+03,
       1.0734866940615557e+03, -3.1465618002823824e+01,
       -3.1465618002823824e+01, 1.1480008381167538e+03,
       1.3693986365871067e+03, -1.4466773155387625e+02,
       -1.4466773155387622e+02, 1.3843600378571821e+03,
       9.6270296077734270e+02, 1.6674025153113661e+02,
       1.6674025153113661e+02, 1.4757536701785036e+03,
       2.0786100839592254e+03, 8.5329517940764742e+02,
       8.5329517940764742e+02, 1.4690278389390548e+03,
       6.5961646824820480e+02, -1.0238822129372755e+02,
       -1.0238822129372758e+02, 1.0974605859994235e+03,
       1.2242778383165407e+03, -3.1888684847137807e+02,
       -3.1888684847137807e+02, 1.5624603044030907e+03,
       2.0085150409217999e+03, 1.5515897747522891e+02,
       1.5515897747522894e+02, 1.6759388648758350e+03,
       2.5328674809879631e+03, -3.6821761695584405e+02,
       -3.6821761695584405e+02, 2.5942875087245352e+03,
       1.5375638747490725e+03, -8.4793342055568033e+01,
       -8.4793342055568047e+01, 1.2583082033170683e+03,
       1.6709529154125996e+03, 3.2710012236923504e+01,
       3.2710012236923454e+01, 1.6239728777874802e+03,
       1.6065612706003903e+03, -1.3690441568243500e+01,
       -1.3690441568243513e+01, 2.3008013105172740e+03,
       1.1444968896011342e+03, -7.8667337539526770e+01,
       -7.8667337539526784e+01, 7.9371750509099888e+02,
       1.0338408723378011e+03, 6.0771790967641223e+01,
       6.0771790967641223e+01, 1.0813305284915416e+03,
       5.6400037105510373e+03, -2.3281925864994369e+03,
       -2.3281925864994369e+03, 6.4886163803858544e+03,
       2.1749792739829336e+03, -3.4916196774345956e+01,
       -3.4916196774345927e+01, 2.2891543784238725e+03,
       1.9099990709716371e+03, 2.7622827954579495e+01,
       2.7622827954579510e+01, 1.5702782664510328e+03,
       9.0223256130900290e+02, 1.1990929285445402e+02,
       1.1990929285445402e+02, 1.1877803951252638e+03,
       2.3147338080257873e+03, -3.4456567357183104e+02,
       -3.4456567357183104e+02, 1.3959677990555742e+03,
       1.6427791962872548e+03, 1.0158364826789699e+02,
       1.0158364826789699e+02, 1.0775982418615449e+03,
       3.3044228553383705e+03, 9.2709897918523808e+01,
       9.2709897918523808e+01, 1.5678384600326226e+03,
       3.5437553736826944e+03, -6.2799773452713407e+02,
       -6.2799773452713407e+02, 1.5188959414540950e+03,
       1.0100632876206445e+03, 6.7523005644041788e+01,
       6.7523005644041788e+01, 8.8751891121390622e+02,
       1.5542226405380804e+03, 3.9421790089906516e+01,
       3.9421790089906523e+01, 9.1789865541093855e+02,
       9.9772430255957545e+02, 2.2505949916257839e+02,
       2.2505949916257833e+02, 1.3550568156936963e+03,
       1.3858131832525364e+03, 8.7181524215971919e+01,
       8.7181524215971905e+01, 1.3337780171475049e+03,
       9.8394821521752408e+02, 2.2818361010706238e+02,
       2.2818361010706238e+02, 1.2328583352399692e+03,
       6.0174734585673632e+03, 7.7479591942712204e+01,
       7.7479591942712091e+01, 2.1343086317295770e+03,
       1.1891295033290892e+03, -3.3155090232393484e+01,
       -3.3155090232393484e+01, 1.1871129590056737e+03,
       2.8628953005693184e+03, 1.7721988175726867e+02,
       1.7721988175726869e+02, 1.6482644638694742e+03,
       8.0788806575253682e+02, -2.1484221447044202e+01,
       -2.1484221447044195e+01, 7.2376049834241496e+02,
       1.0645135483562724e+03, 3.6212235114946033e+01,
       3.6212235114946033e+01, 1.2188114288530935e+03,
       6.3692126671796336e+02, 1.3326078508556900e+01,
       1.3326078508556888e+01, 1.0171026743945963e+03,
       2.1481587513521440e+03, 5.2862060161453417e+02,
       5.2862060161453417e+02, 2.4622205773081619e+03 ]
weights: !!opencv-matrix
   rows: 1
   cols: 39
   dt: d
   data: [ 3.2296247754082366e-02, 4.7447019354312003e-02,
       2.2952586845132319e-02, 2.3000288272047406e-02,
       2.7857726664936439e-02, 2.1645340810775876e-02,
       3.4164157979800235e-02, 1.9824043970819286e-02,
       2.4422904962289660e-02, 1.8636305536885302e-02,
       4.0334557232620659e-02, 1.0784206593409215e-02,
       2.4313215461471978e-02, 2.0184191351860972e-02,
       2.4079859428648161e-02, 2.8403659802015740e-02,
       1.1561657739276887e-02, 3.1160355986048466e-02,
       2.4192527499255222e-02, 9.8861880519274838e-03,
       1.1744049274581676e-02, 2.2453710559578087e-02,
       4.6034318952799691e-02, 1.9602987988419664e-02,
       2.9450456228207876e-02, 1.4632912929608780e-02,
       1.8053491503543840e-02, 4.1043615083222837e-02,
       3.1761569232641076e-02, 2.8350692261240526e-02,
       3.0171964825380957e-02, 3.4776481630875974e-02,
       1.3981293735296193e-02, 3.2683978350120248e-02,
       1.5937437499289057e-02, 3.2728371685037859e-02,
       3.3251150430437429e-02, 3.5138155133227857e-02,
       1.1056321398843709e-02 ]
