%YAML:1.0
means: !!opencv-matrix
   rows: 34
   cols: 1
   dt: d
   data: [ 9.7783351543708051e+01, -1.3811489962239918e+02,
       -1.9050872565560962e+01, 1.9992638499995351e+02,
       -2.4040820770336376e+02, 5.1834078437448866e+01,
       1.6360349440975179e+02, -5.2994396830391025e+01,
       -3.1149053626757041e+02, -6.9636817918035518e+01,
       1.0296454689874102e+01, 8.2589765484833237e+01,
       -1.7865629377108905e+02, -2.6199484685550760e+02,
       -1.0307902393460664e+02, 2.7925403745729187e+02,
       1.4593276736740748e+02, -1.1969058694184925e+02,
       6.7247811533117485e+01, -2.8479415629396397e+02,
       1.2870733016269796e+02, -2.1969411232613251e+02,
       2.4832204739485368e+02, 2.4409514357378779e+01,
       -1.9898962110131657e+02, 2.2252733621448081e+02,
       1.8259573185586549e+02, 1.1325337721500981e+02,
       -3.5443489897567936e+01, -1.5752899320046782e+02,
       -3.4287797109988634e+02, -4.3177734089150741e+00,
       -8.6817869484051201e+01, 3.8336171358282556e+01 ]
covs: !!opencv-matrix
   rows: 34
   cols: 1
   dt: d
   data: [ 6.0363968443302660e+01, 8.3975123539032410e+01,
       6.2418759653024232e+01, 1.2474839468853189e+02,
       1.0268378639715432e+02, 5.3011930637997473e+01,
       8.9226130273558582e+01, 7.3246841370962755e+01,
       2.2246069876152310e+02, 6.8877068243631086e+01,
       4.6096761139105382e+01, 5.6851036099210788e+01,
       9.1753719919284933e+01, 1.1525607872344176e+02,
       7.6757853366389725e+01, 5.0102042617642473e+02,
       7.8553408224529079e+01, 7.9405955588301552e+01,
       5.5989260153432866e+01, 1.3199641124832610e+02,
       7.0780790259080817e+01, 9.5604905570901622e+01,
       1.9461658528597457e+02, 4.4300326557574479e+01,
       9.7022885568404021e+01, 1.4138375536855690e+02,
       1.1022316413577786e+02, 6.3930600440965250e+01,
       7.0847199131130324e+01, 8.7350519858053872e+01,
       6.1332057471935127e+02, 5.4802756262276006e+01,
       7.2678937166306511e+01, 4.8778016152875736e+01 ]
weights: !!opencv-matrix
   rows: 1
   cols: 34
   dt: d
   data: [ 4.5220967103718118e-02, 3.0182617981565230e-02,
       4.1112317864200415e-02, 1.9967112844196101e-02,
       1.6866392481510648e-02, 4.4262554847589321e-02,
       3.2844799049267133e-02, 3.6779152551272946e-02,
       8.5651213202754591e-03, 3.5147833472756337e-02,
       4.0366009213436367e-02, 4.3748629912763501e-02,
       2.4835607456783381e-02, 1.4885945479335952e-02,
       3.1092849697005678e-02, 7.1021928362308816e-03,
       3.6910603245590951e-02, 2.9603290298942941e-02,
       4.8328658277831497e-02, 1.1305257080159994e-02,
       3.6725697104787847e-02, 2.0721817056325361e-02,
       1.1484396883658000e-02, 3.8704206626874266e-02,
       2.2784297465937780e-02, 1.7035908116274423e-02,
       2.7753308129206018e-02, 4.0127721885665490e-02,
       4.0854938006007847e-02, 2.8178157988439399e-02,
       5.1076407469514929e-03, 3.8962771346005273e-02,
       3.3281678597504034e-02, 3.9149547031917920e-02 ]
pca_proj: !!opencv-matrix
   rows: 1
   cols: 21
   dt: f
   data: [ 4.36961316e-02, 8.50134730e-01, 1.73015636e-04,
       6.54514134e-02, 4.60692108e-01, 2.29939164e-04, 7.67599978e-03,
       1.46649793e-01, -1.37564148e-05, 1.21663406e-03, 1.30500361e-01,
       -5.45994153e-05, 8.06188770e-03, 1.42052382e-01, -2.12945142e-05,
       -2.45414903e-05, 9.56867734e-06, -1.94090262e-06, 3.13729906e-05,
       4.34020360e-04, 2.32224409e-07 ]
pca_mean: !!opencv-matrix
   rows: 1
   cols: 21
   dt: f
   data: [ 2.07625534e+02, 2.55653595e+02, 1.54502928e+00,
       2.18915131e+02, 2.60592743e+02, 1.67241716e+00, 2.65274475e+02,
       2.24016678e+02, 1.71669352e+00, 3.19420807e+02, 1.63929108e+02,
       1.75046074e+00, 3.16613464e+02, 2.25532654e+02, 1.70717156e+00,
       1.08872897e-04, -9.74175637e-05, 6.24380555e-05, -2.17504916e-04,
       -2.50119597e-01, 1.75055194e+00 ]
gamma: !!opencv-matrix
   rows: 34
   cols: 1
   dt: d
   data: [ 8.1254234963403371e-01, 8.3593136150674452e-01,
       7.7397992562365348e-01, 8.6786573321050287e-01,
       8.8258122541509587e-01, 7.8606781311184670e-01,
       8.5051845943116566e-01, 7.8645035677516162e-01,
       9.0443567656763091e-01, 7.9508859258795306e-01,
       7.7225949811360095e-01, 8.0325699488428026e-01,
       8.5712698101746532e-01, 8.8986126591557235e-01,
       8.1515309956578708e-01, 8.9869486367019824e-01,
       8.4106508670436531e-01, 8.2518697912438177e-01,
       7.9430344572942857e-01, 8.9676906004665391e-01,
       8.3124748341846511e-01, 8.7485987138895438e-01,
       8.8674712549697865e-01, 7.7504463707597016e-01,
       8.6640294078799895e-01, 8.7709919807807835e-01,
       8.6001016985600065e-01, 8.2199266991689424e-01,
       7.7890067001358554e-01, 8.4652423342319838e-01,
       9.1392567537255720e-01, 7.7192392283544520e-01,
       8.0521924603162598e-01, 7.7990653518820729e-01 ]
