%YAML:1.0
means: !!opencv-matrix
   rows: 18
   cols: 9
   dt: d
   data: [ 1.9136298009908489e+02, 1.1574301117388455e+01,
       -4.9455621656390683e+01, 1.4233168470239773e+01,
       -9.7216779198216781e+00, -7.0459143790256960e+00,
       1.0214886338250937e+00, -5.4232210520126167e-01,
       -9.2308698806621847e-01, -1.3817046939922665e+02,
       -5.8575380763392523e+01, 3.9002350729388127e+01,
       2.9450314122900863e+01, -1.8012203763513163e+01,
       1.7716268220460503e+01, 7.1034121825122210e-01,
       1.2054096135954402e+00, -2.9147062176410488e-01,
       9.5738076698219714e+01, -4.5302679388813623e+01,
       -2.1246885471748293e+01, 3.7464960206886403e+01,
       -2.8291598681941981e+01, 2.3407119711513385e+01,
       1.1817359086365917e+00, 1.2649339837380140e+00,
       4.7636097366841024e-01, -1.5182053257835295e+02,
       -3.4610637033535433e+01, 4.3661551211885204e+01,
       6.5250768976455014e+00, -2.0378994119624250e+00,
       6.2195814282658226e+00, 5.3839237897922121e-01,
       1.1441540336614535e+00, -7.3238852437314694e-01,
       -6.4788232527524352e+00, -2.3809016419869607e+01,
       -5.1613306910538830e-02, 6.9964990746965832e+00,
       -1.0162347447497815e+01, -1.1733113959760457e+01,
       -1.5833160987542230e-01, -7.3443230272028670e-01,
       -1.4515200555105399e+00, 1.1730424879830046e+02,
       7.3078358130244538e+01, -2.3129394983321600e+01,
       3.1491817880988513e+01, -2.7712044409364549e+00,
       -9.5682022787454866e+00, -1.2978522761965996e+00,
       -4.3286304244231272e-02, -7.5464429423255974e-01,
       -8.1516285569243834e+01, 1.0108071503014695e+02,
       5.8979006999295063e+00, -5.1190524674732821e+01,
       4.1140490215553154e+00, 5.5134010973069500e+00,
       1.6989134309053120e+00, -2.5752935606008193e-02,
       -2.2157490055240678e-01, -1.7520542143709793e+02,
       3.9056337395484910e+01, 3.8494563459753159e+01,
       -2.6201033980348672e+01, -4.8973623147413843e+00,
       -7.0463857118960868e-03, 5.8227809123043506e-01,
       1.1882633857011360e+00, -1.0078087196410490e+00,
       9.7470429369003604e+00, -3.0730617602094412e+01,
       2.1133422550977676e+00, 8.8886709257538161e+00,
       3.3542522833747874e+01, -4.0430911559394840e+00,
       1.0790953691244247e+00, -8.5491800800608952e-01,
       -4.9903149114005002e-01, -1.4912950649871516e+02,
       1.1855129372126697e+02, 1.5324511032171513e+01,
       -5.1720457508700960e+01, -2.3919397383400952e+01,
       -4.6585802227125965e+00, -4.0925493344753988e-01,
       -4.2072824397482339e-01, -6.4832980616389912e-01,
       -1.9521148581593982e+02, 1.4291861408369839e+00,
       3.1468549892940413e+01, -2.5544852836523408e+01,
       -8.7213889804752942e-01, -1.1689428876251251e+01,
       -1.1828862615002658e+00, -3.1487924259243882e-01,
       3.6860864379879268e+00, 1.1733893869749204e+02,
       -4.3279155918407042e+01, -4.3980513683054568e+01,
       -3.8593256913358907e+01, -5.2184895274364953e+00,
       -4.1257901936661012e+00, -9.8630091439905720e-01,
       -2.8870121379255131e-01, -6.3786209316470954e-01,
       2.8036027309042961e+01, -4.1371605718197628e+01,
       1.0099114876253370e+01, 2.0284753145753953e+01,
       1.5732698448095766e+01, 1.5075972608313668e+01,
       1.4439395940709545e+00, -3.5458510031734580e-01,
       3.7531897540530622e-02, 3.2240532615318173e+01,
       1.2530241275465730e+02, -2.6814377482848677e+01,
       -5.2414837804878488e+01, -9.2162678490375960e+00,
       1.6650820193001576e+00, 2.1914708049904257e+00,
       -3.5622679510248745e-01, -1.6949782319726361e-01,
       -1.7309688537045346e+02, -1.2659497098619879e+02,
       4.9631198611427195e+01, 4.1610826487465225e+01,
       -3.1460000948348704e+01, -8.9612865052993573e+00,
       -5.5249752538942500e+00, -1.2476555631480850e+00,
       4.8011473106085373e-01, 1.3397839566660585e+00,
       -1.9217232789812223e+02, 1.5452833973979839e+01,
       6.7051594634746877e+01, 1.1637236432693255e+01,
       -2.0165076770551295e+01, -1.7319183871391270e+00,
       -1.0382829461903891e+00, 2.4821652255947968e-01,
       5.4302092393483852e+00, 8.9861197961613357e+01,
       -9.7867537882323177e+00, -4.2050546180202261e+01,
       1.2158524762603209e+01, -3.4573254747851796e+00,
       1.5120362354551011e+00, -8.9914208462340009e-02,
       -3.7760411668930927e-01, 2.2742716091515415e+01,
       1.8603548655892087e+01, -3.2931987201861741e+00,
       -1.7355708575984821e+01, 3.0783805477932171e+00,
       -1.0348566891257356e+01, -6.6579446015464478e+00,
       1.8243850678151035e+00, 6.3461451501209343e+00 ]
