%YAML:1.0
means: !!opencv-matrix
   rows: 17
   cols: 12
   dt: d
   data: [ 8.2050445455062487e+01, 1.5751550139898383e+01,
       -2.4105491920415673e+01, -3.2109218539617267e+01,
       -2.6643370784893882e+01, -1.9493397960274283e+01,
       8.3408719985283175e-01, -2.3448719741043536e+00,
       2.4016359869133039e-01, 1.1647477560421901e-02,
       1.0719135461475249e-01, -3.0466660859718923e-03,
       -1.8424204964591419e+02, 8.7552114922874953e+00,
       3.5182518432111202e+01, -4.0882746151260037e+00,
       -2.9295545760656716e+00, 3.8309606071865736e+00,
       -2.9016727813434020e+00, -6.5824028264820491e+00,
       -2.5231491026777286e+00, 8.7772706564164626e-01,
       -1.5171309429600413e-01, -1.0327049345546327e-01,
       -1.6410622214220848e+02, -1.1224664611095939e+01,
       4.0854368658532209e+01, 1.1075091922647063e+01,
       -5.1695662770363011e+00, 1.4144928704229633e+00,
       1.0310970467892904e+00, 1.1012987770681948e+00,
       4.2584461758935294e-01, -1.1280253380765905e-01,
       -4.4221258581386272e-02, 4.8441278009089088e-03,
       1.0827908902401505e+02, -1.0824040089624132e+01,
       -1.6280357727855520e+01, 1.4786417388285436e+01,
       4.3635266827919217e-01, 2.1205251090835610e+01,
       -1.3670301405092010e+01, -7.3023521699321066e+00,
       -6.3329847317423900e+00, 2.2948287798211138e+00,
       2.4992013220332697e-02, 3.4908449965195869e-02,
       -9.5983630356325573e+00, -6.6803956576166200e+01,
       -1.3141593632417405e+00, 4.4119562903351941e+01,
       3.2412091308237225e+00, 9.8652609829101812e-01,
       1.1813957595749940e+00, 4.7145215244689836e-01,
       5.6401933704997931e-01, 1.0546392590313859e-01,
       -6.3508578392974080e-02, 1.1424917819486145e-02,
       1.0547313124936277e+01, 6.1699773021593892e+01,
       -3.5026828494760505e+00, -3.8511900566736834e+01,
       9.9522430696297182e+00, -1.7770090012927124e+01,
       2.1571718611043593e+00, 1.1354734462714728e+00,
       3.0385771473883133e-01, 1.7298462091754044e-01,
       -3.3851056319374857e-02, 1.5928175394269366e-02,
       1.4328217717385067e+02, 1.9462048096941178e+01,
       -3.5100678023506013e+01, -3.3216106059736106e+01,
       -1.1489699662436561e+01, 6.9049739989757803e+00,
       7.7821108376275883e-01, -2.8189679179712246e+00,
       -2.5681824467463450e+00, -2.1346502504007865e+00,
       -1.0337321461130081e-01, -1.5089498303075116e-01,
       3.6275199400050084e+01, -9.6771465181550496e+01,
       -9.6527928192455743e+00, 6.8160101474250183e+01,
       -4.1313163613645427e+00, -1.0455696307217333e+00,
       2.1096594024377349e+00, -3.5596498247541847e-01,
       -9.3208275514423650e-02, -1.5204301700705228e-01,
       1.7209418211192221e-02, -1.6999834487533089e-02,
       -1.4692369705181699e+02, -1.0437300664643250e+02,
       2.7275039731756419e+01, 6.6881780756644247e+01,
       -1.9797239821296575e+01, 6.4315176800518392e-01,
       -2.5854496849372527e-01, -1.5209099405945743e+00,
       1.0408702714310269e+00, -4.5181567501666897e-01,
       6.7476830163676269e-02, 1.3774612153652549e-03,
       1.6645361418653863e+01, 3.6285963231605493e+01,
       4.0131407815098736e+00, -2.8431802052976586e+01,
       9.8274012423424981e+00, -6.9764598562244364e+00,
       -3.9178288357075504e+00, -1.6790775893479259e+00,
       -4.9250955884369434e+00, -2.2707102914940669e+00,
       -2.6369254807833492e-01, 3.0272040235478487e-02,
       1.4077594272846031e+02, -1.1745609304397446e+01,
       -3.7697586236728796e+01, 1.0006418817214772e+01,
       -5.4757572126989329e+00, 1.2147936259958781e+01,
       -1.1445903711715555e+00, 1.3661520697080982e+00,
       2.4408473856889598e-01, -2.9302686663799388e-02,
       9.3632938667320476e-02, -2.2788305965268346e-02,
       -1.9256047730546933e+02, 8.5855665613768494e+01,
       4.0713524786092144e+01, -4.9466011518039586e+01,
       -2.2805181702745628e+01, 1.1813007710619550e+01,
       -2.7761179571722492e+00, 1.9054198779041802e+00,
       6.8536616976595710e-01, -5.7270103099974767e-02,
       4.5745793871183334e-02, 7.3755076673161597e-03,
       -5.2072924313791795e+01, -3.0595496842373645e+01,
       2.6716407690311303e+01, 4.8946978783573812e+01,
       1.5312140069627191e+01, -8.6792863745733708e+00,
       -8.2543598194450141e+00, -3.3203978083847971e+00,
       -3.9670096038331293e+00, 1.4100792394130892e+00,
       1.2883417205165357e-01, 1.5833984752977748e-01,
       4.8282638677781861e+01, 5.1208536161911091e+00,
       -5.0780928349413594e+00, -3.3194853786283707e-01,
       1.7619061228238362e+01, 2.2890994556229050e+00,
       6.9025135392570136e-01, 7.8451288207303616e-01,
       2.7566326702616889e-01, -5.6566350772836095e-02,
       -1.6729463858026635e-03, 2.5936500072601083e-02,
       1.8420527948383697e+01, 1.5596639970414390e+02,
       -1.2769542758825733e-01, -8.6103441779539736e+01,
       1.5526839698475122e+01, 1.5950511275712667e+01,
       -4.0968184746248515e-01, 2.3986916195146271e+00,
       1.8778915907353988e+00, 4.1618373736394249e-01,
       -6.0339921193393528e-02, -3.1012001229335229e-02,
       1.4450807679277128e+02, 1.6529975304576777e+01,
       -4.1467213677710795e+01, -2.0174685360300867e+01,
       -1.6396005438376672e+01, -7.6038754866910618e-01,
       2.0307973431612529e+00, -1.5353011722525558e+00,
       7.8341388335949536e-01, 1.0078754008708497e+00,
       -2.1853486704575134e-01, -4.7186003605904733e-02,
       -7.5126910327252418e+01, 1.3715579663445235e+01,
       2.3419191235578513e+01, -1.7481819805188461e+01,
       2.1472539049443689e+01, -1.4342968380523923e+01,
       5.9037034278020338e-02, -1.4812279983580117e+00,
       -7.3685936598513957e-01, 3.5970790389804941e-01,
       1.1789948919286003e-01, -3.9231261909039070e-02 ]
