%YAML:1.0
means: !!opencv-matrix
   rows: 7
   cols: 1
   dt: d
   data: [ -5.7306203721026598e+00, 1.3454014891300022e+02,
       -2.5010481986889621e+02, -8.3432608065550710e+01,
       6.6077959995863111e+01, 2.1453135875360709e+02,
       -1.6568447425371167e+02 ]
covs: !!opencv-matrix
   rows: 7
   cols: 1
   dt: d
   data: [ 1.3963710793510663e+03, 1.9255277482781339e+03,
       2.5715708023821276e+03, 1.4477329043017460e+03,
       1.5227413956035077e+03, 2.9638140710154830e+03,
       2.0552640473997430e+03 ]
weights: !!opencv-matrix
   rows: 1
   cols: 7
   dt: d
   data: [ 1.9900020976424485e-01, 1.5682006361856735e-01,
       6.8404536734434779e-02, 1.8276566385830437e-01,
       2.0704009430574491e-01, 7.7664313370072527e-02,
       1.0830511834861270e-01 ]
pca_proj: !!opencv-matrix
   rows: 1
   cols: 21
   dt: f
   data: [ 1.02604255e-02, 8.46533298e-01, 5.67100069e-05,
       -5.08859605e-02, 4.68450844e-01, 1.89823491e-04, -5.55210514e-03,
       1.46431834e-01, -1.98076777e-05, -7.31809530e-03, 1.34976640e-01,
       -4.80776835e-05, -6.69380091e-03, 1.46460637e-01, -1.57161594e-05,
       2.11501210e-05, 1.32904761e-05, -3.16381829e-07, -1.62182951e-05,
       4.47223283e-04, 4.04881848e-06 ]
pca_mean: !!opencv-matrix
   rows: 1
   cols: 21
   dt: f
   data: [ 4.33646118e+02, 2.44701981e+02, 1.49672687e+00,
       4.18191803e+02, 2.60206879e+02, 1.62062907e+00, 3.68545319e+02,
       2.27059875e+02, 1.69770968e+00, 3.19420807e+02, 1.63929108e+02,
       1.75046074e+00, 3.16613464e+02, 2.25532654e+02, 1.70717156e+00,
       1.08872897e-04, -9.74175637e-05, 6.24380555e-05, -2.17504916e-04,
       -2.50119597e-01, 1.75055194e+00 ]
gamma: !!opencv-matrix
   rows: 7
   cols: 1
   dt: d
   data: [ 8.0591149629169501e-01, 8.6038751279847181e-01,
       9.0281837110842811e-01, 8.2925189685951595e-01,
       8.2433158171464893e-01, 8.9809910517137681e-01,
       8.7336048334254457e-01 ]
