%YAML:1.0
means: !!opencv-matrix
   rows: 20
   cols: 4
   dt: d
   data: [ -1.5342834422386136e+02, -8.0184459514903395e+01,
       7.2122070386822458e+01, 1.2196112654870941e+01,
       1.8414189618649038e+02, -8.6538143398832204e+01,
       1.1295067314758024e+01, -2.0786082310715475e+01,
       -1.1262347947138846e+02, 4.4009691781712643e+00,
       6.7298172101993234e+00, 3.7181569034461148e+01,
       5.3518393937964674e+00, -1.9458693314184904e+02,
       -1.0020199308628073e+00, -3.2236839861383881e+00,
       7.8105600215967257e+01, 4.0539104862659386e+01,
       1.1162519962021745e+01, -8.0752383245885596e+01,
       -5.1182804473908462e+01, -2.9888222240570542e+01,
       -2.3329166533939759e+01, 3.5754395366972894e+01,
       -3.2634276426627444e+01, 4.3388823108398626e+01,
       -7.1106872338094618e+01, -5.9697890296117045e+01,
       7.2202996053893855e+01, -5.1851881547881597e+01,
       5.9473059092213241e+01, 1.0733495900539104e+01,
       -3.5403839764260070e+01, 1.1787317749031311e+01,
       9.5056471318141590e+01, -2.6520755299973960e+01,
       -2.7071443802125691e+02, -2.3974943878441540e+01,
       2.2862901123428157e+00, 4.8910306136003889e+01,
       -1.6214208444789793e+02, 1.2437143210759908e+02,
       2.4165709380739582e+01, -2.7946379524288143e+00,
       1.0254785803059292e+02, 1.5294324949584148e+02,
       3.6588074077119245e+01, -1.2767047340245872e+01,
       6.3728150470014306e+01, 2.4710562342276007e-01,
       -4.9423453255408845e+01, 7.0581541926366498e+01,
       8.3149925763276514e+01, -9.6506702721522160e+01,
       -6.9073178170382789e+01, -4.2607441553187686e-01,
       8.0862366671600086e+00, 4.7186624393635995e+01,
       6.4740646923305491e+01, 3.5676090018088011e+01,
       -2.4344027115077390e+02, -1.1098534145183092e+02,
       -2.1399535901955865e+01, -1.5371667438977036e+01,
       2.6511370197416728e+01, 1.3143944832676024e+02,
       -4.7036950894231417e+01, 1.4590327360130319e+01,
       1.7459357412038290e+02, 1.7639317050371339e+01,
       2.9270937059387602e+01, 5.2875802662563814e+01,
       -1.5726973381146206e+02, -2.7602084946330843e+00,
       1.3055764471459105e+01, -7.0121363654786563e+01,
       -3.2154425304930051e+01, -9.8225421044532425e+01,
       -9.3834573486812811e+00, -4.3439110482497007e+01 ]
covs: !!opencv-matrix
   rows: 80
   cols: 4
   dt: d
   data: [ 2.8335770892687142e+03, -1.2990626852993769e+03,
       1.2701271608407169e+03, 1.1551705731826426e+02,
       -1.2990626852993769e+03, 8.4879060659551542e+03,
       6.6620341294377022e+02, 7.9223510893455887e+02,
       1.2701271608407167e+03, 6.6620341294376999e+02,
       1.1197292173519095e+03, 3.0073259992551073e+02,
       1.1551705731826428e+02, 7.9223510893455864e+02,
       3.0073259992551073e+02, 2.0533800210457121e+03,
       4.1421635152967729e+03, 7.2570248502717959e+02,
       -4.6450958481118226e+02, -3.0403342244450425e+02,
       7.2570248502717959e+02, 3.7647387156424816e+03,
       -3.3282740958138299e+02, -2.5546931434501367e+01,
       -4.6450958481118238e+02, -3.3282740958138299e+02,
       8.8676438012947142e+02, 1.1243230665665014e+02,
       -3.0403342244450431e+02, -2.5546931434501346e+01,
       1.1243230665665017e+02, 8.9110673944891357e+02,
       6.1581219604282714e+03, 1.1780507075383635e+02,
       -7.9521088460551582e+01, -1.2274732137471710e+03,
       1.1780507075383636e+02, 3.8005320380009148e+03,
       -5.4934468014000504e+02, 1.1657398424341961e+03,
       -7.9521088460551596e+01, -5.4934468014000504e+02,
       1.4426961215838512e+03, -1.7254778682705705e+02,
       -1.2274732137471710e+03, 1.1657398424341961e+03,
       -1.7254778682705697e+02, 1.1566760126156519e+03,
       4.8875567831522767e+03, -1.1735451294652391e+03,
       2.4553262849527209e+03, -4.3520441521884186e+02,
       -1.1735451294652391e+03, 8.2469280221047902e+03,
       4.0495533057850616e+02, -1.7849312692797953e+03,
       2.4553262849527209e+03, 4.0495533057850628e+02,
       1.9104172092362785e+03, -4.7436133929105080e+02,
       -4.3520441521884186e+02, -1.7849312692797953e+03,
       -4.7436133929105080e+02, 9.2292989554224027e+02,
       6.0881430175781688e+03, -5.0687003518976974e+02,
       -9.0396271272193644e+01, 4.3541897927932456e+02,
       -5.0687003518976974e+02, 3.0627616600838473e+03,
       1.9118584111050291e+02, 3.6974274720507407e+02,
       -9.0396271272193616e+01, 1.9118584111050285e+02,
       9.3888476211749310e+02, -1.2320542910101446e+02,
       4.3541897927932456e+02, 3.6974274720507407e+02,
       -1.2320542910101446e+02, 9.5903634061415687e+02,
       2.3592413522357447e+03, -6.3605115551093888e+02,
       9.4396758350584059e+02, -5.5198706747848362e+01,
       -6.3605115551093877e+02, 1.1604614958414566e+04,
       3.0996300596464056e+02, -1.2679310897936771e+03,
       9.4396758350584059e+02, 3.0996300596464039e+02,
       9.7625317904753456e+02, 4.1025381078085837e+02,
       -5.5198706747848391e+01, -1.2679310897936771e+03,
       4.1025381078085843e+02, 2.4605496557965484e+03,
       5.2916576583305277e+03, -6.1872117073583968e+02,
       7.6260159841317744e+01, 4.7606509686943502e+02,
       -6.1872117073583968e+02, 3.1812373535798606e+03,
       4.2490982365778571e+01, 4.2415066239372209e+02,
       7.6260159841317773e+01, 4.2490982365778585e+01,
       1.0238841977244628e+03, -6.9302109200083621e+01,
       4.7606509686943502e+02, 4.2415066239372203e+02,
       -6.9302109200083578e+01, 9.4575883901268855e+02,
       1.6506180043699710e+03, -3.7253513635505402e+02,
       5.2407128815729243e+02, -6.9184743110274681e+01,
       -3.7253513635505402e+02, 9.9012540880926717e+03,
       4.4899528149003851e+02, -8.6173056647487692e+02,
       5.2407128815729243e+02, 4.4899528149003839e+02,
       6.8043032936636064e+02, 4.3263251781844639e+02,
       -6.9184743110274667e+01, -8.6173056647487658e+02,
       4.3263251781844633e+02, 2.5199672854779728e+03,
       3.7152689414459992e+03, 4.0470817075616473e+01,
       -5.4965294964907855e+02, -2.5112014965514228e+02,
       4.0470817075616438e+01, 1.1403209522751175e+04,
       2.5949145937049997e+02, 4.4170117571336868e+02,
       -5.4965294964907855e+02, 2.5949145937049991e+02,
       4.7047246142152488e+02, 5.3320980756521021e+02,
       -2.5112014965514228e+02, 4.4170117571336868e+02,
       5.3320980756521021e+02, 1.6256520301210189e+03,
       2.1747402630012421e+03, -1.2207543594933725e+03,
       5.3379261413254596e+02, 3.3690395673733008e+02,
       -1.2207543594933725e+03, 6.4335588370686564e+03,
       2.3848198616162207e+02, -1.7848760774549095e+02,
       5.3379261413254596e+02, 2.3848198616162207e+02,
       4.9295108641119913e+02, 2.4690285382188162e+02,
       3.3690395673733008e+02, -1.7848760774549100e+02,
       2.4690285382188162e+02, 1.5887974741994224e+03,
       5.0737552932158787e+03, 3.4577387665751752e+02,
       1.5141876420067206e+03, -7.8839292328065585e+02,
       3.4577387665751752e+02, 4.5729229022948030e+03,
       -5.6733318685104791e+02, 3.2508768099741951e+02,
       1.5141876420067206e+03, -5.6733318685104803e+02,
       2.0138515414340084e+03, -3.8237858414432779e+01,
       -7.8839292328065585e+02, 3.2508768099741951e+02,
       -3.8237858414432786e+01, 7.7311848248586637e+02,
       7.6355690777345544e+03, -1.3931955812131337e+03,
       -5.0460062776349071e+02, 8.2609344158738134e+02,
       -1.3931955812131339e+03, 4.1888917671780964e+03,
       3.2203660810468347e+02, -1.1809958839076385e+01,
       -5.0460062776349071e+02, 3.2203660810468347e+02,
       7.2348777789198016e+02, -1.6248594020350203e+02,
       8.2609344158738134e+02, -1.1809958839076394e+01,
       -1.6248594020350203e+02, 8.5266621776402098e+02,
       3.5781169131032239e+03, 5.6591607719640353e+02,
       2.4533062318239627e+02, -4.7826088947082565e+02,
       5.6591607719640353e+02, 3.2625609676449290e+03,
       -2.4661802231450815e+02, 8.5443551198730017e+02,
       2.4533062318239627e+02, -2.4661802231450815e+02,
