%YAML:1.0
means: !!opencv-matrix
   rows: 10
   cols: 5
   dt: d
   data: [ 9.8937972803805820e+01, -4.4392906994645458e+01,
       -2.1933593194394184e+01, 3.8052799948138478e+01,
       -2.7176657190937252e+01, 2.2684673368460274e+01,
       -5.1825985636514398e+00, -3.6381375660554212e+01,
       -7.9016285390893628e+01, 9.7771535528756315e-01,
       1.3972992120089893e+02, 1.1792471823302662e-01,
       4.9941383738739070e+01, -1.2692788801163967e+01,
       8.3622271487920745e+00, -4.8652272332538802e+00,
       -6.5847288895846759e+01, 9.5765459560487431e-01,
       2.1846056163063494e+01, 1.0339765868807909e+01,
       -1.5029232607260002e+02, 8.3249016637604285e+01,
       2.1471023835590227e+01, -4.2113026606985748e+01,
       -9.1976967926289372e+00, 1.5793605977254887e+02,
       8.0090543673572565e+00, -4.7078865893357985e+01,
       1.5536930945554206e+01, -1.1255434010387836e+01,
       1.3679620103008659e+01, 1.3668774075445984e+02,
       -1.8411126689836223e+01, -2.1547073459825821e+01,
       -1.1056431367841660e-02, -1.8368690567116448e+02,
       -7.2281956207496307e+01, 4.6521280106662637e+01,
       1.8603397463104692e+01, -2.0469252941531245e+01,
       3.7591518430650588e+01, -2.5093101173863754e+01,
       -3.1268681031479872e+01, 2.8422819212750674e+01,
       1.4317955893859779e+01, -7.0034091634060701e+01,
       -2.6039591562629948e+01, 2.8774269623933890e+01,
       1.0140146199866527e+01, 1.9140214599067626e+01 ]
covs: !!opencv-matrix
   rows: 50
   cols: 5
   dt: d
   data: [ 4.1536578173494245e+03, -1.0402704798208531e+02,
       2.8966540158016546e+03, -8.0827256294708195e+02,
       -7.7360879871108224e+01, -1.0402704798208535e+02,
       5.0755225492847458e+03, 8.9364089487957233e+02,
       2.6740678112978253e+03, -4.2033406158928372e+01,
       2.8966540158016546e+03, 8.9364089487957233e+02,
       2.5062783332822960e+03, -1.1210502337397682e+02,
       -8.8808540869902103e+01, -8.0827256294708195e+02,
       2.6740678112978253e+03, -1.1210502337397686e+02,
       1.7502584576531046e+03, 6.8418608258000717e+01,
       -7.7360879871108224e+01, -4.2033406158928386e+01,
       -8.8808540869902103e+01, 6.8418608258000731e+01,
       3.6398322339703228e+01, 7.9109795176504022e+03,
       -9.8297722590357409e+02, 1.7608215494432159e+03,
       -7.8943660831060711e+01, -2.2561500393830357e+02,
       -9.8297722590357409e+02, 3.0798851031491499e+03,
       -1.8961298220367389e+01, -6.4572042392439528e+02,
       -2.5926411066364221e+02, 1.7608215494432159e+03,
       -1.8961298220367368e+01, 2.4744920877370118e+03,
       -5.2817190990009397e+02, -3.9312393422555736e+01,
       -7.8943660831060711e+01, -6.4572042392439528e+02,
       -5.2817190990009397e+02, 8.2521805688975530e+02,
       1.2784269861785953e+02, -2.2561500393830349e+02,
       -2.5926411066364221e+02, -3.9312393422555743e+01,
       1.2784269861785955e+02, 1.9370964721794209e+02,
       3.6553045653877380e+03, -1.9630201873554668e+02,
       -7.7691579840948543e+02, 3.0186185794433612e+02,
       -6.7431639786081780e+02, -1.9630201873554674e+02,
       1.0761119865887560e+04, 2.0333461379677144e+02,
       3.6804051258215577e+02, -3.2647045740216151e+02,
       -7.7691579840948543e+02, 2.0333461379677144e+02,
       7.3095550751646670e+02, 5.3883369032399719e+02,
       3.0805237920957939e+02, 3.0186185794433618e+02,
       3.6804051258215577e+02, 5.3883369032399730e+02,
       2.3948142013578681e+03, 6.1082526044690518e+01,
       -6.7431639786081780e+02, -3.2647045740216163e+02,
       3.0805237920957939e+02, 6.1082526044690496e+01,
       3.8077115813950820e+02, 4.9531061901291623e+03,
       -1.4542810913619101e+03, 2.5765576412864270e+03,
       -4.3254308010821131e+02, -1.6607276805266005e+02,
       -1.4542810913619103e+03, 1.4655490699878099e+04,
       2.5667769993730155e+02, -6.0855252676494877e+02,
       3.1358787698793549e+02, 2.5765576412864270e+03,
       2.5667769993730161e+02, 2.0674503960643847e+03,
       1.6809300575026836e+02, -2.2225808680329429e+01,
       -4.3254308010821126e+02, -6.0855252676494888e+02,
       1.6809300575026836e+02, 2.5986153077520335e+03,
       -2.2132940774701407e+02, -1.6607276805266008e+02,
       3.1358787698793543e+02, -2.2225808680329429e+01,
       -2.2132940774701407e+02, 5.0554692195436780e+02,
       7.2030622342618381e+03, 1.2680617710591885e+03,
       2.5279727020423093e+03, -1.2583375840011990e+03,
       -2.1415709239429987e+00, 1.2680617710591887e+03,
       7.9842244611498882e+03, 2.1012975202161053e+02,
       2.1107721738433233e+03, -1.7226696708035905e+02,
       2.5279727020423093e+03, 2.1012975202161036e+02,
       2.6707357030193766e+03, 3.8980458186619764e+01,
       -3.7486450156609997e+01, -1.2583375840011993e+03,
       2.1107721738433233e+03, 3.8980458186619749e+01,
       1.7118286733437176e+03, 7.8807699693317119e+01,
       -2.1415709239429970e+00, -1.7226696708035905e+02,
       -3.7486450156609962e+01, 7.8807699693317105e+01,
       1.4114202466554741e+02, 6.3746409171915411e+03,
       -4.2886889695035035e+02, 2.6497386949404026e+03,
       -6.6022702938998191e+02, -4.8920113462155868e+01,
       -4.2886889695035035e+02, 7.6468350333821854e+03,
       6.7521368298742595e+02, 2.1490224685476464e+03,
       2.8676767961253081e+01, 2.6497386949404026e+03,
       6.7521368298742584e+02, 2.3313519986537099e+03,
       -1.2702365295183574e+02, -9.0926733394413077e+01,
       -6.6022702938998202e+02, 2.1490224685476464e+03,
       -1.2702365295183574e+02, 1.8464687571422071e+03,
       6.8819359616104521e+01, -4.8920113462155889e+01,
       2.8676767961253081e+01, -9.0926733394413077e+01,
       6.8819359616104521e+01, 4.7965526815032739e+01,
       6.8728216982266213e+03, -3.8824132042563508e+02,
       1.8960404121679233e+03, -3.3245137513883498e+02,
       -2.2331753045442994e+02, -3.8824132042563514e+02,
       4.8167748640310056e+03, 4.5337875080837506e+02,
       1.1296845002542811e+03, -9.4379236740054750e+01,
       1.8960404121679228e+03, 4.5337875080837506e+02,
       2.5475447618950870e+03, -2.9978300813443406e+02,
       -1.6892678877441750e+01, -3.3245137513883498e+02,
       1.1296845002542811e+03, -2.9978300813443406e+02,
       1.2366407927144969e+03, 1.2676195055591383e+02,
       -2.2331753045442991e+02, -9.4379236740054750e+01,
       -1.6892678877441753e+01, 1.2676195055591383e+02,
       1.5996645335533498e+02, 6.1134744072165386e+03,
       -8.2040961800974571e+02, 3.1065191017960710e+03,
       -5.8223470751670447e+02, -9.9728707015630860e+01,
       -8.2040961800974571e+02, 8.3294488322108009e+03,
       7.9961648836542065e+02, 1.6247061276013019e+03,
       5.4976600552185050e+02, 3.1065191017960710e+03,
       7.9961648836542065e+02, 2.4012228145451095e+03,
       -3.4685325429286543e+01, -7.6015809703762059e+01,
       -5.8223470751670447e+02, 1.6247061276013019e+03,
       -3.4685325429286543e+01, 2.1192216413664723e+03,
       -2.6123186362238368e+02, -9.9728707015630860e+01,
       5.4976600552185050e+02, -7.6015809703762088e+01,
       -2.6123186362238374e+02, 2.0935692708948872e+02,
       5.8282778005391792e+03, -1.0475480903579355e+03,
       1.3146318031304586e+03, 6.2158228967613979e+01,
       -1.0207939540800190e+03, -1.0475480903579355e+03,
       8.3928814869745365e+03, 5.6867383806609951e+02,
       1.3165580226075501e+03, 3.1085432293779809e+02,
       1.3146318031304586e+03, 5.6867383806609951e+02,
       1.6634554555228503e+03, 1.9998542545940245e+02,
       8.8250493857955561e+01, 6.2158228967613930e+01,
       1.3165580226075499e+03, 1.9998542545940242e+02,
       1.9049191009445449e+03, -7.9765062234625660e+01,
       -1.0207939540800189e+03, 3.1085432293779814e+02,
       8.8250493857955576e+01, -7.9765062234625660e+01,
       4.0550782311260707e+02, 7.2718803390894846e+03,
       -1.5968114384506111e+03, 2.3959844997795622e+03,
       -4.6650000711820141e+01, 7.3621707113120431e+02,
