%YAML:1.0
means: !!opencv-matrix
   rows: 40
   cols: 7
   dt: d
   data: [ -1.6267650983518365e+02, -4.7068371519503593e+01,
       3.2336632499475343e+01, -7.3801584572736033e+01,
       -5.0602988844568575e+00, 3.3851648531303131e+00,
       -9.5398756703576573e-02, 1.8147216702238839e+02,
       1.9593679854744305e+01, -5.0372393841167650e+01,
       1.1171093086915576e+01, -8.3066563146516259e+00,
       -6.0094285533652689e+00, 1.4287088843098394e+00,
       -6.3678304645319068e+00, -2.1077646905594111e+01,
       -5.7107310403915426e+00, -7.8566235392193020e+00,
       -1.4828036097162430e+01, -1.5543649829830418e+01,
       2.3389202960034564e-01, -2.0138074346418153e+02,
       3.3948162687440330e+01, 5.4958223971634801e+01,
       -1.4889491528530463e+01, -1.3202405083409225e+01,
       -9.0938466717010762e+00, -4.9679843138046464e-01,
       1.1265590198855872e+01, 9.4187372271090268e+01,
       -3.7949477284265861e+01, -5.3155655078930209e+01,
       -1.1094413813017765e+01, 2.0656530043583476e+00,
       1.0934013780095362e+00, -1.2953606140145862e+02,
       -5.7368277711872729e+01, 3.7629780920043913e+01,
       3.0810913592533506e+01, -1.6553793170307475e+01,
       1.8978951908296331e+01, 8.5421795834794656e-01,
       -1.2674202522572223e+01, 6.8423506409978060e+01,
       2.3246857734376661e+01, 2.7165157662219372e+01,
       3.2270698819867008e+01, -4.3297756300631765e+00,
       -2.4438847993855308e+00, 1.1084515920569198e+02,
       -7.7078940478123414e+01, -1.6259726239071089e+01,
       5.3202705616046259e+01, -4.1602303418284929e+00,
       1.7163904897244016e+01, 2.3176771152614801e+00,
       7.3644272641036139e+01, -2.3316586728175022e+01,
       -2.1497757560552898e+01, 2.9027416141025473e+01,
       1.5463225218649958e+01, -6.7538673508149110e+00,
       2.8845652090690327e-01, -1.4904614117513796e+02,
       6.2281494796012112e+01, 3.4582179533093210e+01,
       -3.8108836603382052e+01, -1.6320624474914509e+00,
       -1.1416010355965952e+01, -5.6083662537546847e-02,
       -1.5546863834089746e+02, -1.2853624132070684e+02,
       4.6812535176588433e+01, 4.6087947708488805e+01,
       -3.4654028448146732e+01, -5.4399306731032260e+00,
       -8.1718373203286063e+00, 8.7552038665947805e+01,
       -3.3165552426877689e+01, -2.1380572904002076e+01,
       2.5412253587680024e+01, -8.5471089429223159e+00,
       -9.1536537103369238e+00, -2.4321549106785652e+00,
       6.7347769153701350e+01, 1.0388902646841717e+02,
       -3.7783323053402640e+01, -3.3540665487362894e+01,
       6.4076456181321861e-01, -5.0740254827661859e+00,
       1.7873677127402410e+00, 1.1106817695911592e+02,
       1.2807277709719057e+02, 2.6313333900474493e+01,
       -6.6966417981389426e+01, -1.4066613892420330e+01,
       2.4663066538849598e+00, 2.0351274513571251e+00,
       6.1538557030000796e+01, 1.4829705080678400e+02,
       -1.1152229054271105e+01, 1.6992966604504623e+01,
       -1.0358923860140797e+01, 1.1383203331152776e+00,
       6.3956399396621644e-01, -8.4711299751926585e+00,
       1.2335448912317641e+02, 1.7643050712370343e+01,
       -2.9843514773902438e+01, 1.7995812205315495e+01,
       -1.5538221526693141e+00, -1.2848902285329535e+01,
       1.7195252262749636e+02, 6.3826278423580831e+00,
       -4.7591787563389921e+01, 1.1520214746234009e+01,
       -1.5618125599539109e+01, -1.1183541430931269e+01,
       5.2605919466585116e-01, -9.8187267239478118e+01,
       -1.6648465057132395e+01, 3.3818881839466641e+01,
       6.3221156881708094e+00, 1.4880534428224973e+01,
       1.6559345952190391e+01, 2.0024955714607025e+00,
       -2.2974300665302891e+02, 4.8497473788289099e+01,
       -1.6529508684770963e+01, -6.4009142627567082e+00,
       4.4761158471147011e+00, 1.5631653103822745e+00,
       1.0299300087678307e+00, 9.9885407835254384e+01,
       -4.5564714833656531e+01, -2.1492415879322632e+01,
       3.6477889242549672e+01, -2.7566738848951232e+01,
       2.3399590424031096e+01, 1.1415323773283998e+00,
       -3.3295803472959729e+00, -1.3120342344934812e+02,
       2.5316025577289277e+01, 5.2211761125953430e+01,
       3.4943218114984290e+01, -5.2242903257250743e+00,
       7.8662361157661720e-01, -1.8273014494930067e+02,
       -1.3434224830564042e+02, 5.3865481428610863e+01,
       4.4020322573410738e+01, -3.5782718184947846e+01,
       -1.4306767808273220e+01, -3.9628651423483157e+00,
       4.9492197856425513e+01, 1.4185998356681869e+01,
       -2.7892078164898411e+01, 2.3566030942802218e+01,
       -2.2015915667707202e+00, 1.1118044065853702e+01,
       1.3327386773479524e+00, -2.3943076860271284e+00,
       -8.9742263828553959e+01, 1.8489600607812584e+01,
       4.0778839915830254e+01, 2.9007410450857623e+01,
       1.5529600072691702e+01, 1.9887759419492217e+00,
       2.9880208235269063e+01, -7.0721650067120024e+01,
       6.6269630393451173e+00, 4.3079354125991784e+01,
       -1.5957551138016113e+01, 2.7094552844864815e+01,
       2.6807981892573949e+00, -6.6172236164300230e+01,
       8.0646040466074410e+01, -6.9349499837991601e+01,
       -1.4316515943818702e+01, 1.0367463998201767e+01,
       -6.1833420952093059e+00, -1.3953231913157957e-01,
       1.1353644846610446e+02, -7.0961563683932440e+01,
       -5.1004899872027380e+01, -4.3781738877279530e+01,
       -3.5536982898839313e+00, -1.9410905113033563e+00,
       1.9409222265140302e-01, 4.6671330637878056e-01,
       -3.7110285445632151e+01, 1.3680976633823187e+01,
       1.2383003990109751e+01, 4.0196348271345109e+01,
       -2.4555787578118271e+00, 1.0965902339337683e+00,
       1.5352214785639066e+02, 3.3886963288848562e+00,
       4.9240138282454907e+01, -1.6632928645671434e+01,
       5.9710976457153082e+00, 6.9291270924859449e-01,
       -2.6174853559707112e-01, 1.6054141153851322e+01,
       -2.3129712557180505e+02, 9.4601114584594352e+00,
       7.5198781883918301e+01, -1.8157771496590578e+00,
       -2.9045161553842934e+01, -3.2203421689802347e+00,
       9.9667846965231519e+01, 3.8593903593984820e+01,
       -2.4686156780320839e+01, -1.3883849892668241e+01,
       -8.1475945031121011e+00, -1.7098882975994531e+01,
       -7.2621430990758249e+00, 1.7283551127911878e+01,
       -6.3130846129414394e+01, -7.8346815946496493e+00,
       -4.9058342591475302e+01, 1.8813082223693947e+01,
       1.1990590983190619e+00, -3.3795023903984642e+00,
       -1.4140724241214519e+01, 1.3322963251675549e+02,
       -2.8552678248331379e+01, -6.0426517060321032e+01,
       -8.9250777748435173e+00, 3.2612558476121221e+00,
       2.5535371352219758e+00, -8.2874540419720788e+01,
       1.0238087836841831e+02, 8.6853869879943044e+00,
       -5.2325134885243571e+01, 3.0404004518809691e+00,
       5.6078132561953185e+00, 1.8236177849418520e+00,
       -1.3212033698444881e+02, -6.8393389143798771e+01,
       4.3558039350303986e+01, 8.1519180852437945e+00,
       -5.7615746458747763e+00, -2.8740850611617674e+01,
       -3.0480059992986797e+00, -1.5044497217304993e+02,
       1.1967062508730282e+02, 1.4601097700387324e+01,
       -5.1080807963374639e+01, -2.3899207335311562e+01,
       -4.7168857629098335e+00, -5.1374245809591357e-01,
       -7.1140786947540334e+01, 9.4726567702331277e+00,
       5.8162080709098710e+01, -1.4452867238104155e+01,
       1.0325239999456063e+01, 5.6085652424745254e+00,
       1.1325705635901631e+00, -1.8925931190957840e+01,
       9.7105816021201463e-01, -1.0299585774428522e+01,
       -1.4177808904578427e+01, 2.6145349108145144e+01,
       3.9673947514807123e-01, 1.9911814747710772e+00,
       4.3739980092629231e+00, 8.9467161604931519e+01,
       -5.8454292952886497e+00, -4.4182695186850488e+01,
       1.3674695817672800e+01, -2.8523922059371651e+00,
       1.7942375310134688e+00, -1.9525465034747168e+02,
       -5.3261475000151428e+01, 4.9046596952161025e+01,
       1.0236860818768633e+01, -1.4437397667192750e+01,
       1.0679178498846207e+00, -1.2119801458617407e+00 ]
