%YAML:1.0
means: !!opencv-matrix
   rows: 10
   cols: 3
   dt: d
   data: [ -1.8351377118553845e+02, -6.7816556073834946e+01,
       5.3935729487114465e+01, 1.3245993665415799e+02,
       -5.7450177187707059e+00, 5.3291479987377905e+01,
       -4.6233510427444017e+01, 1.1387841051515129e+02,
       -5.2773166354464045e+01, -2.1598666092508306e+01,
       -3.5379371555803587e+01, -6.8352018656951216e+01,
       -8.4927174094712370e+01, 1.9035418010407390e+01,
       6.3073093628951710e+01, -2.1928163941121727e+02,
       -6.3564374567887736e+00, -8.5427679016602216e+00,
       1.2695668253238884e+02, -9.1413056306045164e+01,
       -2.8707193796006955e+01, 9.8018354854211196e+01,
       1.1875582979143282e+02, 1.7646628191257232e+01,
       8.0648708448945769e+01, 1.9468881096207024e+01,
       -1.2490957915514853e+01, 3.1758645139910247e+00,
       -7.8126049835420446e+01, 1.2878632411707272e+01 ]
covs: !!opencv-matrix
   rows: 30
   cols: 3
   dt: d
   data: [ 4.4459373279056608e+03, -1.6301917697184238e+03,
       2.2481581215117631e+03, -1.6301917697184235e+03,
       9.5543715591801101e+03, 6.0850588028481775e+02,
       2.2481581215117631e+03, 6.0850588028481764e+02,
       1.7924679257334569e+03, 8.1864297301997149e+03,
       3.5673019949542481e+02, -1.9776066892533438e+03,
       3.5673019949542487e+02, 1.0763854617728608e+04,
       2.4211558555755880e+02, -1.9776066892533438e+03,
       2.4211558555755880e+02, 9.3946953945141308e+02,
       9.3475179002063142e+03, -7.5376454548027220e+02,
       -5.3337072016116917e+02, -7.5376454548027243e+02,
       5.9040916530048489e+03, 3.1755295688169252e+02,
       -5.3337072016116917e+02, 3.1755295688169258e+02,
       1.1650954492932829e+03, 6.5194981292584789e+03,
       -1.5531303707170466e+02, -1.6114531611745813e+03,
       -1.5531303707170460e+02, 6.3738106118862743e+03,
       4.8319741936143480e+01, -1.6114531611745813e+03,
       4.8319741936143494e+01, 1.3142066908265358e+03,
       2.9154402697019509e+03, 7.6212345561857386e+00,
       2.9859034592609015e+02, 7.6212345561857289e+00,
       9.8111318526830510e+03, 2.9373949815538504e+02,
       2.9859034592609021e+02, 2.9373949815538504e+02,
       1.2853550032139187e+03, 4.1978899304452825e+03,
       1.0053989690417663e+03, 4.8366900916990835e+02,
       1.0053989690417663e+03, 1.0775975961658882e+04,
       6.6448846165025464e+02, 4.8366900916990835e+02,
       6.6448846165025464e+02, 6.9721325675982234e+02,
       5.0832176318221736e+03, 5.8002765324878396e+02,
       7.2951486688148213e+02, 5.8002765324878396e+02,
       2.9693594074933685e+03, -5.2135923834647940e+01,
       7.2951486688148213e+02, -5.2135923834647954e+01,
       1.5548427338051683e+03, 7.2060436553568243e+03,
       -2.3046372316059551e+03, -5.1349915398643373e+02,
       -2.3046372316059551e+03, 5.8167879103339601e+03,
       4.9615398317207138e+02, -5.1349915398643373e+02,
       4.9615398317207138e+02, 1.0864887864736693e+03,
       5.4739027738274153e+03, -2.3553712367343246e+02,
       1.0250310367626156e+02, -2.3553712367343243e+02,
       3.0091184172684152e+03, -1.8493744334812314e+02,
       1.0250310367626152e+02, -1.8493744334812314e+02,
       1.6199983622086822e+03, 4.3066189199153396e+03,
       -7.4289591485610993e+02, 2.2870218418569775e+03,
       -7.4289591485611027e+02, 1.3221237031515502e+04,
       9.8356952910651864e+02, 2.2870218418569775e+03,
       9.8356952910651853e+02, 1.9163790264661075e+03 ]
weights: !!opencv-matrix
   rows: 1
   cols: 10
   dt: d
   data: [ 6.8170721641913706e-02, 1.1667665535666348e-01,
       1.1531336769691533e-01, 1.2264529071956022e-01,
       9.5206390236983990e-02, 7.1715320755033243e-02,
       8.2673557385355409e-02, 8.3821494391308801e-02,
       1.2081491470969007e-01, 1.2296228710656847e-01 ]
pca_proj: !!opencv-matrix
   rows: 3
   cols: 21
   dt: f
   data: [ 1.02604255e-02, 8.46533298e-01, 5.67100069e-05,
       -5.08859605e-02, 4.68450844e-01, 1.89823491e-04, -5.55210514e-03,
       1.46431834e-01, -1.98076777e-05, -7.31809530e-03, 1.34976640e-01,
       -4.80776835e-05, -6.69380091e-03, 1.46460637e-01, -1.57161594e-05,
       2.11501210e-05, 1.32904761e-05, -3.16381829e-07, -1.62182951e-05,
       4.47223283e-04, 4.04881848e-06, 8.19958210e-01, 1.87153444e-02,
       -7.93817599e-05, 4.28530097e-01, 8.29724409e-03, 8.75842488e-06,
       2.28233948e-01, -2.37727305e-03, -1.84168690e-04, 2.08515689e-01,
       -1.20344283e-02, -2.14158339e-04, 2.18838796e-01, -7.27251405e-04,
       -1.84816250e-04, -3.05604735e-05, -5.04301033e-06,
       -1.27042276e-05, 6.79167337e-04, 1.30049409e-06, -1.63660501e-04,
       -1.48704097e-01, -3.29387456e-01, -1.82470303e-05, 1.08596861e-01,
       1.49965823e-01, -1.77574475e-04, 1.29315495e-01, 5.12750924e-01,
       2.36419466e-04, 1.37444586e-01, 5.11233926e-01, 2.85520800e-04,
       1.36541247e-01, 5.06532609e-01, 2.30281497e-04, -1.19767010e-05,
       -4.37137305e-06, 1.85016711e-06, 4.23374237e-04, 1.63331581e-03,
       1.86568883e-04 ]
pca_mean: !!opencv-matrix
   rows: 1
   cols: 21
   dt: f
   data: [ 4.33646118e+02, 2.44701981e+02, 1.49672687e+00,
       4.18191803e+02, 2.60206879e+02, 1.62062907e+00, 3.68545319e+02,
       2.27059875e+02, 1.69770968e+00, 3.19420807e+02, 1.63929108e+02,
       1.75046074e+00, 3.16613464e+02, 2.25532654e+02, 1.70717156e+00,
       1.08872897e-04, -9.74175637e-05, 6.24380555e-05, -2.17504916e-04,
       -2.50119597e-01, 1.75055194e+00 ]
gamma: !!opencv-matrix
   rows: 10
   cols: 1
   dt: d
   data: [ 9.2590349378188663e-01, 8.2955791164503845e-01,
       8.8387844464170584e-01, 8.4458986476686582e-01,
       8.8571989614428726e-01, 8.8051428917082319e-01,
       8.7482954428370885e-01, 8.7442259578539439e-01,
       8.5986973385995902e-01, 8.9542031420830193e-01 ]
