%YAML:1.0
means: !!opencv-matrix
   rows: 8
   cols: 15
   dt: d
   data: [ 1.5126980493352951e+02, 3.0626555301286192e+01,
       -4.1445150873191594e+01, -2.6442675984796619e+01,
       -6.8081024847848228e+00, 1.5524691199650864e+01,
       -1.3860461297442710e+00, -1.3478935620401558e+00,
       -6.1570019197510895e-01, -3.2713606183623442e-02,
       -6.4959753817880276e-04, -1.1481208137187544e-01,
       -6.0053637090743614e-03, -2.7316906377130776e-02,
       -1.1886929079642851e-02, -1.5913879085507770e+02,
       -4.2931153511282396e+01, 3.2247703925440909e+01,
       3.0152209477916621e+01, -1.0333080091365947e+01,
       4.5357574149658575e+00, -9.9741772149923447e-01,
       -2.2804381596520109e+00, -3.7693155555947006e-01,
       2.2550885687887517e-01, -7.9016739648033157e-02,
       -2.4396492750640642e-02, 2.5906335338287464e-04,
       1.7029848592986957e-04, 1.9108672484149875e-03,
       1.4067773485096322e+02, -1.8205561777639009e+01,
       -3.9731476404836840e+01, 1.3489538390022519e+01,
       -6.4466107733150437e+00, 1.1015515403421722e+01,
       -1.8024536339968800e+00, 8.6795571517731307e-01,
       -2.5460084826784407e-01, 1.0675000308043391e-01,
       7.2005229339269908e-02, -1.6807808488402652e-02,
       -1.0422963751810546e-02, -7.8157169281967420e-03,
       -2.8601649210860749e-02, 4.8063075531611865e+00,
       6.1323921615141607e+01, 7.1328810132523550e+00,
       -3.1568980850599573e+01, 1.4457000374077724e+01,
       3.3482095762703641e+00, -4.9235426795279089e+00,
       -1.7578383358224454e+00, -2.5654347190328037e+00,
       -2.5017642513096261e-01, -1.0279300159455479e-01,
       2.9612645673090018e-02, -3.0280493375378973e-02,
       -5.6882861858584205e-03, -2.9173639659494602e-02,
       8.1769557238092489e+01, 1.5284384729364268e+01,
       -2.4087561204989544e+01, -3.2277639023056715e+01,
       -2.6491570251145532e+01, -1.9623612021227949e+01,
       8.7982809145255447e-01, -2.3372008793738721e+00,
       2.0670529185259845e-01, -4.2917144424237906e-02,
       1.0571898278494006e-01, -4.7787178288328453e-03,
       7.5358732849662325e-04, 2.9517349525196379e-03,
       1.5087218542295246e-02, 4.8141329550931893e+01,
       -3.4098123745273007e+01, -6.6808783002953245e+00,
       2.4400693864653856e+01, 1.1864409969965592e+01,
       4.6479602010037002e+00, 6.2673729052361615e-01,
       3.3666734207988486e-01, 2.5267339639826597e-01,
       -9.1111580957905974e-02, 2.7799972016625884e-02,
       9.7409089443909191e-03, 9.2054561602710368e-03,
       5.0452386229555427e-03, 2.2551394860901144e-02,
       -1.0175119221375406e+01, 4.9221784554668604e+00,
       3.5219530659760561e+00, -2.2610838316167352e+00,
       7.9666110020760073e+00, -8.6495303625182363e+00,
       2.0498324397386618e+00, 8.8716316258211902e-01,
       3.8004454922959019e-01, 9.9010284378111213e-02,
       -4.8139083470263251e-02, 1.2791836195022352e-02,
       1.8156704180957389e-03, 1.5428189549747989e-03,
       -1.1223587723225795e-02, -1.9515837048142711e+02,
       5.2641477813267542e+01, 4.2741375390149841e+01,
       -2.8500048231539722e+01, -1.7431257281736297e+01,
       7.9773873037885163e+00, -1.4705122362832339e+00,
       1.6828205032912753e+00, 6.1587540200209379e-01,
       -8.5899915704391816e-02, 3.1473891502246061e-02,
       1.6651884025967781e-03, 2.7717477016408402e-03,
       6.9021225035797431e-04, 6.0998748618120166e-03 ]
covs: !!opencv-matrix
   rows: 120
   cols: 15
   dt: d
   data: [ 4.5901598066481029e+03, -7.2780886472065745e+01,
       2.9577975334038051e+03, 5.7812066125830725e+01,
       -1.4717604103257588e+02, -1.2460297742886515e+02,
       -3.3470535170627265e+01, -3.0359540656849259e+01,
       1.0469757533995320e+01, -1.4261035449718196e+00,
       -5.9339288217631454e+00, -7.6484726765295008e-01,
       2.5476742038764633e-01, 2.2785099505150683e-01,
       7.0028156022297727e-01, -7.2780886472065745e+01,
       5.6141972849254807e+03, -3.7304035282761426e+01,
       2.4022495956574630e+03, -4.8628042898819636e+01,
       -8.1514608991784826e+01, 8.7526079560717029e+00,
       -2.3843034633078140e+01, 2.4001200878230278e+00,
       -2.4039244058358085e+00, 1.3259873634101274e+00,
       -2.0705199675101241e-01, -8.1001908875765485e-02,
       -1.5156431622738181e-01, -2.9097489808524696e-01,
       2.9577975334038047e+03, -3.7304035282761490e+01,
       2.6243732360001136e+03, 3.3927548645718510e+01,
       -6.3955785413163248e+01, 5.0573604129263032e+01,
       1.8433373774108869e+01, 1.9169327034352261e+00,
       5.2239569426012551e+00, 6.1686653505835631e-01,
       1.3647935288740294e+00, 2.2342315506374481e-03,
       5.9478947167792257e-02, -1.0821092674774958e-03,
       -4.7568147775425680e-02, 5.7812066125830697e+01,
       2.4022495956574630e+03, 3.3927548645718502e+01,
       1.2336359165797533e+03, -2.4733862780664623e+01,
       -5.2831696245406825e+01, -1.7631190495990744e+01,
       3.9196590769440924e+01, 7.6549752331924414e-01,
       -6.4102412788577885e+00, 2.1787206825448759e+00,
       4.5514116643303765e-01, -1.7277717785173230e-01,
       -9.0792823058913175e-02, -1.1958311790995833e-01,
       -1.4717604103257585e+02, -4.8628042898819629e+01,
       -6.3955785413163262e+01, -2.4733862780664623e+01,
       2.2217227144020157e+01, 1.8825097488703108e+01,
       -1.0695841603217700e+01, 1.6640329064952608e+00,
       2.9291705896145208e+00, -1.4556870217629028e+00,
       9.3305082134705042e-01, 1.4593745498355662e-01,
       -1.1058491426543233e-02, -2.1754848933697286e-02,
       -9.1762542403432290e-02, -1.2460297742886515e+02,
       -8.1514608991784826e+01, 5.0573604129263032e+01,
       -5.2831696245406825e+01, 1.8825097488703115e+01,
       5.0489916689510125e+01, 9.7754261127302495e+00,
       -1.2349637312535140e+00, -1.7675022743176194e+00,
       -3.8544355223561158e+00, 1.2014627352920935e+00,
       1.6180926612010754e-01, -1.4004280743008425e-02,
       -4.7044181701930546e-02, -6.9403959661950537e-02,
       -3.3470535170627272e+01, 8.7526079560717065e+00,
       1.8433373774108869e+01, -1.7631190495990744e+01,
       -1.0695841603217700e+01, 9.7754261127302478e+00,
       2.6843003724776498e+01, -8.6868146833189090e+00,
       -5.5351398187109560e+00, 1.1395551248175707e-01,
       -5.4783616775662802e-01, -1.2027108445330657e-01,
       -6.7340046489575856e-03, -4.5351595052335152e-03,
       7.4620184767216435e-02, -3.0359540656849266e+01,
       -2.3843034633078144e+01, 1.9169327034352257e+00,
       3.9196590769440924e+01, 1.6640329064952606e+00,
       -1.2349637312535136e+00, -8.6868146833189090e+00,
       2.1971212011808042e+01, 1.6640474158448293e+00,
       4.5396214786847217e-01, 8.3645244173685074e-01,
       2.5202228975161134e-01, -5.3924808081186458e-02,
       1.5580495146755143e-02, -8.0011330037738776e-02,
       1.0469757533995320e+01, 2.4001200878230291e+00,
       5.2239569426012551e+00, 7.6549752331924448e-01,
       2.9291705896145208e+00, -1.7675022743176194e+00,
       -5.5351398187109560e+00, 1.6640474158448295e+00,
       6.0926538687812561e+00, 2.7403265223074778e+00,
       2.9547692074467646e-01, 2.0168498921667641e-01,
       -2.4677342744196556e-02, 6.1930191954246344e-02,
       -5.7837178518099330e-02, -1.4261035449718207e+00,
       -2.4039244058358094e+00, 6.1686653505835620e-01,
       -6.4102412788577903e+00, -1.4556870217629028e+00,
       -3.8544355223561158e+00, 1.1395551248175702e-01,
       4.5396214786847211e-01, 2.7403265223074778e+00,
       4.3121631552079327e+00, -2.9555114324120470e-02,
       2.4873219045911818e-02, 1.1333836909695888e-03,
       4.9241193639781411e-02, -3.8164082117414726e-02,
       -5.9339288217631454e+00, 1.3259873634101274e+00,
       1.3647935288740296e+00, 2.1787206825448759e+00,
       9.3305082134705042e-01, 1.2014627352920937e+00,
       -5.4783616775662802e-01, 8.3645244173685074e-01,
       2.9547692074467641e-01, -2.9555114324120488e-02,
