%YAML:1.0
means: !!opencv-matrix
   rows: 36
   cols: 1
   dt: d
   data: [ -1.0971667932607761e+02, 1.1276364088638915e+02,
       3.9109624637657845e+01, -2.1728647075568207e+02,
       2.5875125494035427e+02, -3.4399351763294412e+01,
       1.8035000168828665e+02, -3.0946891509717022e+02,
       9.4009723549446900e+00, -1.5780154759168394e+02,
       1.4627373591917561e+02, -6.5201790166872584e+01,
       8.2269024669457821e+01, -2.8266111994541944e+02,
       2.1797792546431381e+02, -2.3795088999372257e+02,
       -1.7754380509588233e+02, 6.7602518037656381e+01,
       -9.4647374088602419e+01, -1.9669679821058988e+01,
       1.6326460873034222e+02, -2.5969176145276037e+02,
       9.7128698790192530e+01, 2.4317262738329767e+01,
       -3.4038542689303762e+02, -1.2471351639263855e+02,
       2.8456432158505640e+02, -4.9867679482373170e+01,
       1.2877913346567598e+02, 5.2744149501052227e+01,
       -7.9987411937637191e+01, -1.9685353945649399e+02,
       -1.4039267843987372e+02, 1.9751538426138276e+02,
       2.3865395683100959e+02, -5.6537170454057426e+00 ]
covs: !!opencv-matrix
   rows: 36
   cols: 1
   dt: d
   data: [ 5.2113829132448878e+01, 6.6579890882418908e+01,
       5.1657231591941134e+01, 9.9103605503092226e+01,
       1.8835868074846979e+02, 5.7616725433202042e+01,
       7.0593002538007809e+01, 2.3307549288481431e+02,
       4.9954241573425030e+01, 7.5503549670347169e+01,
       7.4960583420219535e+01, 5.2884445344639047e+01,
       5.3228165987575238e+01, 1.3258057236987187e+02,
       7.1682494139914581e+01, 1.0476874304695248e+02,
       8.4419209156030064e+01, 5.1926621644563120e+01,
       4.7167247096398889e+01, 5.4706874377211228e+01,
       7.3010589728918916e+01, 1.1484962294314715e+02,
       6.0021478851176269e+01, 4.9982248723720062e+01,
       6.5469730592294627e+02, 6.0473245340952822e+01,
       4.4903522889897533e+02, 5.8242038532062857e+01,
       7.3444973752309565e+01, 5.2011562913105486e+01,
       4.9137790558996180e+01, 9.2023212654453701e+01,
       6.8263129096139224e+01, 6.6892239569975843e+01,
       1.1337990197720066e+02, 5.3388323326227734e+01 ]
weights: !!opencv-matrix
   rows: 1
   cols: 36
   dt: d
   data: [ 2.7643421183806274e-02, 4.1696802396322195e-02,
       4.1288558801237288e-02, 2.1400383817583454e-02,
       6.7259253892552311e-03, 3.6159095212096856e-02,
       2.5196739755605525e-02, 8.9882391026967004e-03,
       4.2486004675048678e-02, 2.5926495978444535e-02,
       3.6798511105372841e-02, 3.2654833869058375e-02,
       4.1734082641706145e-02, 1.1736223387238736e-02,
       1.5085923950960136e-02, 1.7314152488594685e-02,
       2.3640397875689088e-02, 4.5857045045367438e-02,
       2.8937712670962644e-02, 3.7322054330833736e-02,
       3.0720041144957071e-02, 1.5253448753434387e-02,
       4.5193993497348449e-02, 4.1870577869542250e-02,
       5.6092557763348060e-03, 2.4944283959533405e-02,
       5.3664814325439583e-03, 3.3254629316121782e-02,
       3.8387405845656572e-02, 4.3128004366840091e-02,
       2.8754850494829849e-02, 2.1966435067492691e-02,
       2.5985058551623259e-02, 2.0943887509038937e-02,
       1.1132511497503418e-02, 3.8896531239306975e-02 ]
pca_proj: !!opencv-matrix
   rows: 1
   cols: 21
   dt: f
   data: [ 4.36961316e-02, 8.50134730e-01, 1.73015636e-04,
       6.54514134e-02, 4.60692108e-01, 2.29939164e-04, 7.67599978e-03,
       1.46649793e-01, -1.37564148e-05, 1.21663406e-03, 1.30500361e-01,
       -5.45994153e-05, 8.06188770e-03, 1.42052382e-01, -2.12945142e-05,
       -2.45414903e-05, 9.56867734e-06, -1.94090262e-06, 3.13729906e-05,
       4.34020360e-04, 2.32224409e-07 ]
pca_mean: !!opencv-matrix
   rows: 1
   cols: 21
   dt: f
   data: [ 2.07625534e+02, 2.55653595e+02, 1.54502928e+00,
       2.18915131e+02, 2.60592743e+02, 1.67241716e+00, 2.65274475e+02,
       2.24016678e+02, 1.71669352e+00, 3.19420807e+02, 1.63929108e+02,
       1.75046074e+00, 3.16613464e+02, 2.25532654e+02, 1.70717156e+00,
       1.08872897e-04, -9.74175637e-05, 6.24380555e-05, -2.17504916e-04,
       -2.50119597e-01, 1.75055194e+00 ]
gamma: !!opencv-matrix
   rows: 36
   cols: 1
   dt: d
   data: [ 8.1860311412389453e-01, 8.2175758005823418e-01,
       7.8030896373999181e-01, 8.7395974286696820e-01,
       8.9003232150801914e-01, 7.7809981902781100e-01,
       8.5839146496382990e-01, 9.0401619956505108e-01,
       7.7228253730970564e-01, 8.4646573861083096e-01,
       8.4118571336155556e-01, 7.9216823593414765e-01,
       8.0296938655024996e-01, 8.9617312269149918e-01,
       8.7455316966547436e-01, 8.8173763780448111e-01,
       8.5648730598663414e-01, 7.9438682625229340e-01,
       8.0930583705780546e-01, 7.7384754041184856e-01,
       8.5008442589877742e-01, 8.8913052469566844e-01,
       8.1213559032754479e-01, 7.7520838797919867e-01,
       9.1367176475536882e-01, 8.2775074622312084e-01,
       8.9969897834983481e-01, 7.8449859869375926e-01,
       8.3134250209446825e-01, 7.8648593756334362e-01,
       8.0052333819312071e-01, 8.6541191130411033e-01,
       8.3691004221045240e-01, 8.6607996684569910e-01,
       8.8265328712554236e-01, 7.7193896004545126e-01 ]
