%YAML:1.0
means: !!opencv-matrix
   rows: 4
   cols: 14
   dt: d
   data: [ -1.7805546438780380e+02, 5.4670520701177434e+00,
       3.8118851837087767e+01, 3.1685811873401426e-01,
       -1.3605897069639768e+01, 6.2825578787483778e+00,
       -8.6065899426804826e-01, 2.9391621633200243e-01,
       3.4067221756869487e-01, -5.4561676973977888e-02,
       -1.9390459874361641e-02, -1.0387659774834655e-02,
       2.2552857757083427e-03, -1.8450770816785104e-03,
       1.1410093953026218e+02, 9.9063733675129750e+00,
       -3.0750794033556360e+01, -1.7321476026886128e+01,
       -1.7008432267496914e+01, -4.3945322122159025e+00,
       2.1966224828955792e-02, -6.2893022866258352e-01,
       2.2112036956565984e-01, -1.1991987995865224e-02,
       9.3175449603895344e-02, -9.5310265243685847e-03,
       -7.3266010365072526e-04, -2.8312115886692372e-03,
       2.4759878698008855e+01, -1.5642978145123129e+01,
       -2.6508732891626301e+00, 1.2381378286710897e+01,
       1.0715836911963486e+01, -1.5739310613584381e+00,
       1.2634962525464186e+00, 6.1268444241731224e-01,
       3.1360735778152221e-01, 7.2859300213277949e-03,
       2.0767177365807617e-03, 9.3453746965398380e-03,
       5.0736720968007727e-03, 2.3852129144031333e-03,
       2.5734530141282097e+01, 4.2523105676496193e+01,
       -6.8332433752162229e+00, -2.6569333412326923e+01,
       5.1956675564661436e+00, 2.7413466138878260e+00,
       -4.0139139872499516e+00, -2.1965412757292651e+00,
       -2.3350932399977320e+00, 8.9474691114450194e-02,
       -1.2583899351611788e-01, -6.7095901767228669e-03,
       -2.4986987775926055e-02, -2.4235714212645443e-03 ]
covs: !!opencv-matrix
   rows: 56
   cols: 14
   dt: d
   data: [ 6.0834388248332671e+03, -8.5871313208574031e+02,
       2.9700077132597494e+03, 7.9472189727095770e+02,
       2.1850331795774110e+01, -1.7848072495711747e+02,
       9.0593303259669966e+01, -3.9633632577181857e+01,
       -5.4348158611369559e+00, 8.7429795259770748e-01,
       -1.1487870586581461e+00, 4.7690990342875011e-01,
       -2.0705548729757793e-02, 3.6095829198168221e-02,
       -8.5871313208574031e+02, 1.1531396697871662e+04,
       2.3855592883766045e+02, -9.0012800754839861e+02,
       -3.1393097497105430e+02, 4.5222057083835205e+02,
       -8.5070367658165225e+01, 5.1154726946339842e+01,
       -4.1451901614942646e+00, 1.5620176827526681e+01,
       9.5082484108749321e-01, 3.7532831899507790e-01,
       5.8766700012195791e-02, 4.4122274490069685e-01,
       2.9700077132597494e+03, 2.3855592883766022e+02,
       2.4483249126583182e+03, -1.6449767793910300e+02,
       -4.5786576234866146e+01, 5.0005376205735743e+01,
       -2.6162808681010976e+01, 1.5590149190492484e+01,
       7.3142961411305907e-01, 8.8916336059004886e-01,
       3.3076737015143065e-01, -5.1556080787369561e-03,
       -4.2827632456323768e-02, 5.4150181689505174e-02,
       7.9472189727095758e+02, -9.0012800754839839e+02,
       -1.6449767793910294e+02, 3.0014658086933991e+03,
       1.2333015138582923e+02, -2.2461428717309170e+02,
       4.1590865127252549e+01, -4.4083039039334764e+01,
       7.2198741172043182e+00, -2.6022200462499336e+00,
       -8.6062527837149139e-01, -4.3058988720230790e-01,
       2.4339043647912313e-03, -1.9676808887587630e-01,
       2.1850331795774128e+01, -3.1393097497105435e+02,
       -4.5786576234866139e+01, 1.2333015138582923e+02,
       1.2418050637394902e+02, -4.0339576187117693e+01,
       1.6006069962608333e+01, -1.1309022998393290e+01,
       -3.1275807430041564e+00, 1.3031134067406924e+00,
       -1.0347036633350690e+00, -1.8292505248883950e-01,
       3.8915719520122231e-02, -2.3642027126958200e-02,
       -1.7848072495711747e+02, 4.5222057083835199e+02,
       5.0005376205735736e+01, -2.2461428717309170e+02,
       -4.0339576187117693e+01, 2.3349398258189365e+02,
       -8.9498086270141641e+00, 4.0834884212524978e+00,
       1.1348538942941041e-02, -4.3249444274094734e-01,
       1.2704401062248560e-01, 2.2816498495060100e-01,
       -1.4424864704494826e-02, 3.9901326440209599e-02,
       9.0593303259669966e+01, -8.5070367658165210e+01,
       -2.6162808681010969e+01, 4.1590865127252556e+01,
       1.6006069962608333e+01, -8.9498086270141641e+00,
       2.9038748366790138e+01, -2.1556277804755686e+00,
       -2.0411567833875242e+00, 2.6943087409093996e-01,
       -4.4936197540071172e-02, 2.5535028003418274e-02,
       -2.5728697947789356e-02, 6.0012422225751703e-04,
       -3.9633632577181857e+01, 5.1154726946339835e+01,
       1.5590149190492479e+01, -4.4083039039334764e+01,
       -1.1309022998393289e+01, 4.0834884212524978e+00,
       -2.1556277804755686e+00, 2.0022384282917045e+01,
       1.0888266669154124e-01, 1.3312077514895937e-01,
       4.5706582875555277e-02, 4.8237611845716045e-02,
       -5.7442925216741325e-03, 1.8213940937313763e-02,
       -5.4348158611369559e+00, -4.1451901614942654e+00,
       7.3142961411305907e-01, 7.2198741172043182e+00,
       -3.1275807430041564e+00, 1.1348538942941211e-02,
       -2.0411567833875242e+00, 1.0888266669154116e-01,
       2.6164766123277388e+00, -4.0922229122842146e-01,
       6.6293965225757310e-03, 3.1910562038194999e-02,
       -1.5902933507556026e-02, -3.6271658614923930e-03,
       8.7429795259770737e-01, 1.5620176827526677e+01,
       8.8916336059004886e-01, -2.6022200462499328e+00,
       1.3031134067406922e+00, -4.3249444274094717e-01,
       2.6943087409094002e-01, 1.3312077514895931e-01,
       -4.0922229122842158e-01, 6.5927293865019809e-01,
       -3.9421680469380209e-02, -8.9370734657463792e-03,
       -1.4966875776977783e-03, -1.1952478038362529e-02,
       -1.1487870586581459e+00, 9.5082484108749321e-01,
       3.3076737015143043e-01, -8.6062527837149161e-01,
       -1.0347036633350690e+00, 1.2704401062248560e-01,
       -4.4936197540071172e-02, 4.5706582875555284e-02,
       6.6293965225757310e-03, -3.9421680469380216e-02,
       2.3575387965737646e-02, 1.5760373044601318e-03,
       -7.9754165706216653e-04, 5.8675560166339175e-04,
       4.7690990342875023e-01, 3.7532831899507790e-01,
       -5.1556080787369587e-03, -4.3058988720230790e-01,
       -1.8292505248883950e-01, 2.2816498495060103e-01,
       2.5535028003418277e-02, 4.8237611845716039e-02,
       3.1910562038194999e-02, -8.9370734657463792e-03,
       1.5760373044601318e-03, 4.2067164608035465e-03,
       4.6546518460413220e-04, -3.2332562768718338e-04,
       -2.0705548729757765e-02, 5.8766700012195743e-02,
       -4.2827632456323733e-02, 2.4339043647912326e-03,
       3.8915719520122218e-02, -1.4424864704494814e-02,
       -2.5728697947789356e-02, -5.7442925216741360e-03,
       -1.5902933507556023e-02, -1.4966875776977790e-03,
       -7.9754165706216631e-04, 4.6546518460413220e-04,
       2.2965513438399426e-03, 3.8156530764974755e-05,
       3.6095829198168179e-02, 4.4122274490069674e-01,
       5.4150181689505174e-02, -1.9676808887587630e-01,
       -2.3642027126958200e-02, 3.9901326440209613e-02,
       6.0012422225751464e-04, 1.8213940937313763e-02,
       -3.6271658614923912e-03, -1.1952478038362533e-02,
       5.8675560166339175e-04, -3.2332562768718338e-04,
       3.8156530764974755e-05, 1.8423321710870015e-03,
       5.4832762459304658e+03, -1.5852613211995327e+02,
       2.7158487734407177e+03, 6.2728223901123420e+02,
       2.2342871511357291e+02, 4.8616878400808253e+02,
       -8.8369530714518532e+01, 5.6314835149273499e+01,
       2.5342111531885681e+01, -4.5029000915881134e-01,
       -1.9028707803704699e+00, -4.9085706748553315e-01,
       3.7410624857628048e-02, -2.2391573831158848e-01,
       -1.5852613211995322e+02, 5.8988525755026640e+03,
       -7.4682246302054438e+01, 2.1432615636839746e+03,
       -1.0876780305710810e+02, -2.0088111062362751e+02,
       3.0067698318799511e+01, -4.5350737842660287e+01,
       5.8634207410452035e+00, -6.5598325269999265e+00,
       1.6639898638975321e+00, 7.9350607588930450e-02,
       -4.5102339273059955e-02, -1.5614325867772064e-01,
