%YAML:1.0
means: !!opencv-matrix
   rows: 25
   cols: 2
   dt: d
   data: [ -8.6631950671195582e+01, 1.8571371149755208e+01,
       1.7248841211304477e+02, -8.4798309652800427e+01,
       6.5544307965275181e+01, 2.2205131513430562e+01,
       -1.1127720425969535e+02, -1.0987920236984829e+02,
       6.1896596899089872e+01, 1.0145054832367452e+02,
       -2.2870617426528696e+02, -7.0973227780896849e+01,
       -4.2003870554442081e+01, -6.4329309050953057e+01,
       1.4154003729808551e+02, 7.6975883277068704e+01,
       -9.1154769515353649e+01, 1.1751824317232780e+02,
       -2.1882013032080215e+02, 1.3714178441032169e+02,
       -3.5613595087938826e+01, -1.6116015642660929e+02,
       3.3960178579506611e+01, -8.5119945303560272e+01,
       -2.6648923765409307e+02, 3.2904739523697806e+01,
       1.0851235514120681e+02, 1.1897510005176483e+02,
       -1.5262706474100037e+02, -3.1334373219732836e+01,
       -3.8365749229752129e+00, 7.8760707309311854e+01,
       1.9823724467755747e+02, 1.0958622279841798e+01,
       8.6727742451316658e+01, -5.3588566935950780e+01,
       1.0964140850811357e+00, 1.8853041260805338e+02,
       -1.7981827345319303e+02, -1.6259366726575311e+02,
       -3.8848248537038272e+00, -1.0372403902244086e+01,
       9.3616413073220045e+01, -1.4267721107205770e+02,
       1.3401347977545626e+02, -5.1246222826195114e+00,
       -1.6822183151778813e+02, 4.7170588214966969e+01,
       1.9962471103641570e+02, 9.0934732579117721e+01 ]
covs: !!opencv-matrix
   rows: 50
   cols: 2
   dt: d
   data: [ 1.5106385917768473e+03, -1.0905373486632129e+01,
       -1.0905373486632129e+01, 2.3093289442982550e+03,
       2.8365990162392891e+03, 4.0181461356629544e+00,
       4.0181461356629757e+00, 2.6203525952287628e+03,
       1.2040646050123905e+03, -1.2738636658666846e+02,
       -1.2738636658666842e+02, 1.5675774088082999e+03,
       2.4006847181564890e+03, -2.7687873040816214e+02,
       -2.7687873040816226e+02, 1.6114680234135285e+03,
       1.3352403086880950e+03, -1.5020059235136517e+02,
       -1.5020059235136517e+02, 1.5407274977472362e+03,
       3.5513122839527023e+03, -7.8186898250712829e+01,
       -7.8186898250712815e+01, 2.6585009038209987e+03,
       1.7065114065491910e+03, -3.0025743629881515e+02,
       -3.0025743629881515e+02, 1.7725948207701292e+03,
       1.7155626857736559e+03, -1.8085263186763748e+02,
       -1.8085263186763748e+02, 2.0841692621068951e+03,
       2.1241268905792658e+03, -1.1581367959166847e+02,
       -1.1581367959166850e+02, 2.0573952841182822e+03,
       3.4434848288939997e+03, -4.0872845008645481e+02,
       -4.0872845008645476e+02, 2.7732270926021156e+03,
       3.0812148818723358e+03, 6.6734885794383001e+02,
       6.6734885794383001e+02, 2.5283772079540090e+03,
       1.5566624767613687e+03, -5.8250860899683573e+01,
       -5.8250860899683573e+01, 1.9020984722458406e+03,
       2.1131993974946809e+03, -1.4688340220723603e+02,
       -1.4688340220723612e+02, 3.1679563786770973e+03,
       1.9561043502317657e+03, -1.1960315765010405e+02,
       -1.1960315765010407e+02, 1.8737577315313442e+03,
       3.0549158813298559e+03, -4.9606032785033898e+02,
       -4.9606032785033898e+02, 1.7336354123008985e+03,
       1.0585374617180921e+03, -3.0233415076152795e+02,
       -3.0233415076152795e+02, 2.5114575837723078e+03,
       2.0617333513313647e+03, -1.7217609786870509e+02,
       -1.7217609786870511e+02, 1.9406449706004789e+03,
       1.4974219432852999e+03, -4.0260886889557264e+02,
       -4.0260886889557264e+02, 1.6032074936166850e+03,
       8.3040503135637882e+03, -3.5380704036076065e+02,
       -3.5380704036076060e+02, 3.5087427797392834e+03,
       3.8571130203869466e+03, -5.1617468964811328e+00,
       -5.1617468964811479e+00, 2.6420750579270625e+03,
       1.3674267142377000e+03, -3.0379710823477325e+02,
       -3.0379710823477325e+02, 1.6551182314317941e+03,
       3.1333645740422949e+03, 6.9992594335549165e+02,
       6.9992594335549165e+02, 3.3015399859669310e+03,
       1.2549935188389773e+03, -4.6673099895869740e+02,
       -4.6673099895869734e+02, 1.9556788106347381e+03,
       1.9858124172652235e+03, -3.0930893528333917e+02,
       -3.0930893528333911e+02, 2.0295930797677793e+03,
       2.4607153878340364e+03, 6.1702291302337301e+01,
       6.1702291302337322e+01, 1.5238022043037704e+03 ]
weights: !!opencv-matrix
   rows: 1
   cols: 25
   dt: d
   data: [ 5.6738076461376581e-02, 4.4865880720056851e-02,
       6.4817259159262661e-02, 3.2296420765892897e-02,
       4.6912290113706782e-02, 2.8409315648443342e-02,
       4.5719797944600772e-02, 4.6990299204896051e-02,
       3.9302450856261495e-02, 3.0470569019265502e-02,
       3.7300637433627409e-02, 4.8159091301430194e-02,
       2.5423232631281028e-02, 2.1215567089805237e-02,
       4.0067087687857286e-02, 5.5267141537742107e-02,
       2.8271763645606126e-02, 6.1318925520625601e-02,
       2.4885265849882460e-02, 1.9924361758497496e-02,
       6.0044519149177807e-02, 3.7262582498470129e-02,
       4.4224930291731836e-02, 3.3767838832316939e-02,
       2.6344694878165729e-02 ]
pca_proj: !!opencv-matrix
   rows: 2
   cols: 21
   dt: f
   data: [ 4.36961316e-02, 8.50134730e-01, 1.73015636e-04,
       6.54514134e-02, 4.60692108e-01, 2.29939164e-04, 7.67599978e-03,
       1.46649793e-01, -1.37564148e-05, 1.21663406e-03, 1.30500361e-01,
       -5.45994153e-05, 8.06188770e-03, 1.42052382e-01, -2.12945142e-05,
       -2.45414903e-05, 9.56867734e-06, -1.94090262e-06, 3.13729906e-05,
       4.34020360e-04, 2.32224409e-07, 7.68702388e-01, -5.10314330e-02,
       1.14127281e-04, 4.21110362e-01, -3.83849256e-02, 4.02935693e-05,
       2.81941950e-01, -1.35209868e-02, 1.95932400e-04, 2.66951323e-01,
       -4.70317341e-03, 2.29704310e-04, 2.76557714e-01, -1.55316098e-02,
       2.11025646e-04, -3.74769334e-05, 5.54774260e-06, -7.89335627e-06,
       8.86836962e-04, -5.85095040e-05, 1.91629806e-04 ]
pca_mean: !!opencv-matrix
   rows: 1
   cols: 21
   dt: f
   data: [ 2.07625534e+02, 2.55653595e+02, 1.54502928e+00,
       2.18915131e+02, 2.60592743e+02, 1.67241716e+00, 2.65274475e+02,
       2.24016678e+02, 1.71669352e+00, 3.19420807e+02, 1.63929108e+02,
       1.75046074e+00, 3.16613464e+02, 2.25532654e+02, 1.70717156e+00,
       1.08872897e-04, -9.74175637e-05, 6.24380555e-05, -2.17504916e-04,
       -2.50119597e-01, 1.75055194e+00 ]
gamma: !!opencv-matrix
   rows: 25
   cols: 1
   dt: d
   data: [ 8.2342892933469825e-01, 8.6581846334874790e-01,
       7.9995683164664233e-01, 8.3865152462005388e-01,
       8.1736346375287883e-01, 8.7744839944829678e-01,
       8.0785776053433567e-01, 8.4595999204183081e-01,
       8.3980060989902450e-01, 8.7862120764574558e-01,
       8.5895577116005384e-01, 8.1454706567081736e-01,
       8.8895760043241379e-01, 8.4328136770488182e-01,
       8.3205409860249413e-01, 8.0488010386284736e-01,
       8.5432000883435633e-01, 8.0288301199146328e-01,
       8.9672616558066354e-01, 8.8158124109915414e-01,
       7.8668739758751050e-01, 8.7385758949977588e-01,
       8.2697480952838931e-01, 8.4406343232757308e-01,
       8.5145280448907767e-01 ]
