%YAML:1.0
means: !!opencv-matrix
   rows: 10
   cols: 12
   dt: d
   data: [ -1.3106041662140041e+02, -6.6211875372496593e+01,
       3.0825613218895977e+01, 4.2256446376229320e+01,
       -4.6156663938407583e+00, -5.4771896391830106e+00,
       1.3830509555593540e+00, -4.3819875524446378e-01,
       4.2326771755682363e-01, -1.5268063979299598e-01,
       3.0353701174200057e-02, -3.7802283152952869e-03,
       2.3615648867781811e+01, 1.0799306556649978e+02,
       2.6738123853168982e-01, -6.4228477329396469e+01,
       1.0143543146096501e+01, -1.8616225419849168e+00,
       -3.2479187143828131e-01, 1.4525213569318891e+00,
       -7.3852296871164391e-01, -8.4565073481340969e-01,
       -1.1866336831636647e-01, -1.0172860964621437e-02,
       1.5002128541084000e+01, -9.3470634342245091e+01,
       -5.9758257927337830e+00, 6.2532874320607775e+01,
       1.8546587128480467e+00, -1.2435192328972517e+00,
       2.0479374766728027e+00, -3.6976387629371871e-01,
       1.4151448727001623e-01, -5.4536301301266646e-02,
       2.1443534607776482e-02, -1.3733546408861352e-02,
       -5.4995120455434680e+01, -2.5674791656675048e+01,
       1.0292211809386970e+01, 1.9523631827421685e+01,
       -2.5555173503853639e+00, 9.1544270977806352e+00,
       5.2817381050936463e-01, 9.7328549070061676e-01,
       1.4296519978928052e-01, -2.0730167781334466e-01,
       -3.2948102520866607e-01, 4.4889576237939537e-02,
       1.4058407087664816e+02, -1.2088775633692434e+01,
       -3.7421059269694204e+01, 9.8860527621601992e+00,
       -5.3539279472047552e+00, 1.2244440001441077e+01,
       -9.7850065207196546e-01, 1.2989859961946639e+00,
       2.6588792654854637e-01, -3.8741080378953775e-02,
       8.0907499423870682e-02, -2.0883026598758670e-02,
       7.8963108458772240e+01, 1.5652325203071560e+00,
       -1.5216614665388651e+01, -2.8162307865264005e+00,
       3.6701156769335710e+00, 4.4584328993505782e+00,
       -5.8360700674404820e+00, -4.7664016571234367e+00,
       -3.7499379370987360e+00, 8.7971796122549328e-01,
       -9.1057939269904437e-02, -1.0582503870262619e-02,
       -1.6479414015856807e+02, 7.3486653419768203e+01,
       3.6673619718962811e+01, -4.3568892680668874e+01,
       -1.4044144976511268e+01, 5.0643736339172296e+00,
       -1.2234129284016668e+00, 1.6279719098330672e+00,
       6.1678130354040706e-01, -5.1798984174905846e-02,
       8.4481391959225823e-03, 3.1710004715987173e-03,
       3.9760464846054944e+01, 1.0899990152020054e+01,
       -4.6618574859415496e+00, -4.3489786443171843e+00,
       1.6477636803294967e+01, -1.6083008540461945e+00,
       9.2455837623223047e-01, 8.7028453302624187e-01,
       3.6272755447737470e-01, 2.5637685721823518e-02,
       1.1231788295178209e-02, 1.8098366367367658e-02,
       8.1770987705165396e+01, 1.5302885773175536e+01,
       -2.4118221857555536e+01, -3.2278513956946405e+01,
       -2.6505961749774858e+01, -1.9650086366770893e+01,
       8.7301511430934953e-01, -2.3291760566567756e+00,
       2.0546847674400912e-01, -4.0487097164438046e-02,
       1.0560139898116164e-01, -4.6947623019709906e-03,
       -1.9965443329679894e+02, 8.5621696677221824e+00,
       4.2241169784630024e+01, -9.3715153478746061e-01,
       -9.1276675709854711e+00, 5.2737412474719854e+00,
       -2.3162369933488356e+00, -2.8699655438908351e+00,
       -1.0659095372242853e+00, 4.4709692312839350e-01,
       -2.9728177211311314e-02, -5.0170606617694770e-02 ]
covs: !!opencv-matrix
   rows: 120
   cols: 12
   dt: d
   data: [ 5.5522603599555123e+03, 5.7905189022913021e+02,
       2.9766985929682869e+03, 6.8015251912430955e+01,
       1.8769039033050768e+02, -8.9258599556997510e+01,
       3.8769236764523427e+01, -3.1342486528658416e+01,
       -6.2678321008178877e+00, 3.6104367915443314e+00,
       2.0849468432478254e-02, 8.7745812611190327e-02,
       5.7905189022913009e+02, 7.6623271655604794e+03,
       8.7648569011590197e+01, 1.2458293593047065e+03,
       3.3097574287376153e+02, -1.3768800817289062e+02,
       9.1965514114851672e+01, -9.6663416567279850e+00,
       -2.0839468562130754e+01, 9.4379883335644603e+00,
       1.5943546296555033e-01, -1.3679279139907480e-01,
       2.9766985929682869e+03, 8.7648569011590254e+01,
       2.4766374088194766e+03, -1.1364343896376582e+02,
       -5.0891796417619680e+01, -4.4875136359191803e+00,
       -1.0447312437691064e+01, 1.5066839230173573e+01,
       -1.6711590527548008e+00, 1.3150254403375754e+00,
       -1.2434412539193303e-02, -9.2959398374280161e-02,
       6.8015251912430983e+01, 1.2458293593047067e+03,
       -1.1364343896376579e+02, 1.7438411357410694e+03,
       -2.8421838884949710e+02, 8.8943618226976930e+00,
       -4.8500740903844040e+01, -8.6956171047727402e+00,
       1.3448472513940260e+01, -3.9959432120690613e-01,
       -1.5256226884208568e-01, -1.3652716461481845e-01,
       1.8769039033050771e+02, 3.3097574287376153e+02,
       -5.0891796417619659e+01, -2.8421838884949710e+02,
       1.9687859504920544e+02, -8.0686134194389624e+01,
       1.0026848928796889e+01, 3.4322100139401708e+00,
       -4.0303080403106843e+00, 2.3572550329687361e+00,
       -3.5723728261670068e-01, 1.8504538602099337e-02,
       -8.9258599556997510e+01, -1.3768800817289062e+02,
       -4.4875136359191785e+00, 8.8943618226976913e+00,
       -8.0686134194389652e+01, 9.3731070292331282e+01,
       1.5486064892911948e+01, -9.6525833486755790e+00,
       -8.7002308296450304e-01, -1.2222229483567064e+00,
       2.5424736988727181e-01, 1.3709125321436852e-01,
       3.8769236764523427e+01, 9.1965514114851686e+01,
       -1.0447312437691057e+01, -4.8500740903844040e+01,
       1.0026848928796889e+01, 1.5486064892911948e+01,
       2.2287300040800300e+01, -1.1450499402757153e+00,
       -2.8580120235990347e+00, 6.6588683991216102e-01,
       3.1757796410310881e-03, 2.1806953802555408e-02,
       -3.1342486528658416e+01, -9.6663416567279867e+00,
       1.5066839230173565e+01, -8.6956171047727366e+00,
       3.4322100139401712e+00, -9.6525833486755772e+00,
       -1.1450499402757157e+00, 1.3968894778292231e+01,
       -2.4948360811717523e+00, 9.6928189210487892e-01,
       -7.2768930521130246e-02, -4.1912277883333494e-02,
       -6.2678321008178877e+00, -2.0839468562130754e+01,
       -1.6711590527548010e+00, 1.3448472513940260e+01,
       -4.0303080403106843e+00, -8.7002308296450304e-01,
       -2.8580120235990343e+00, -2.4948360811717527e+00,
       1.6864005026290845e+00, -3.1165221953242267e-01,
       -2.5138546073553265e-02, -4.8815774846035949e-03,
       3.6104367915443314e+00, 9.4379883335644568e+00,
       1.3150254403375752e+00, -3.9959432120690602e-01,
       2.3572550329687361e+00, -1.2222229483567064e+00,
       6.6588683991216102e-01, 9.6928189210487903e-01,
       -3.1165221953242267e-01, 4.3657178979985345e-01,
       -1.9752548369074946e-02, 5.0901948531087522e-03,
       2.0849468432478244e-02, 1.5943546296555033e-01,
       -1.2434412539193286e-02, -1.5256226884208574e-01,
       -3.5723728261670068e-01, 2.5424736988727181e-01,
       3.1757796410310899e-03, -7.2768930521130246e-02,
       -2.5138546073553265e-02, -1.9752548369074946e-02,
       1.2023663424129355e-02, -5.4976423502739902e-04,
       8.7745812611190327e-02, -1.3679279139907477e-01,
       -9.2959398374280189e-02, -1.3652716461481848e-01,
       1.8504538602099330e-02, 1.3709125321436852e-01,
       2.1806953802555408e-02, -4.1912277883333494e-02,
       -4.8815774846035949e-03, 5.0901948531087513e-03,
       -5.4976423502739891e-04, 1.8920030298476451e-03,
       5.6678518928045032e+03, 5.9862711541670831e+02,
       2.9615512557660936e+03, -2.8737025664115837e+01,
       1.8663551826845168e+01, -6.1341423078754760e+00,
       -6.8255605065932352e+00, 2.3517241957551413e+01,
       2.4461144244071150e+01, -6.8105279236949947e+00,
       -4.2415350588927092e-01, 5.7815525580907290e-01,
       5.9862711541670842e+02, 8.6401042906726325e+03,
       -4.1969304315242334e+02, 1.5439681161378028e+03,
