%YAML:1.0
means: !!opencv-matrix
   rows: 9
   cols: 12
   dt: d
   data: [ 3.9859915532219297e+01, -8.2504382047755598e-01,
       -4.9969791450165770e+00, 1.9261497966440955e+00,
       1.5979034599058261e+01, -1.0979552190882482e+00,
       9.3122883796234968e-01, 6.7408306835373610e-01,
       3.3186500515075734e-01, -1.3505442688058538e-02,
       2.6316146500292310e-02, 1.0882058626605462e-02,
       -6.3664970832987549e+01, -4.0241455328431485e+01,
       1.6927447275998400e+01, 2.6674107098789108e+01,
       1.8837288798715384e+00, -7.1002378365842738e+00,
       2.3111056519646551e+00, 3.4268794172825301e-01,
       2.5695707051867250e-01, 2.2348091754670976e-02,
       -7.4179612345116649e-02, 1.2431694446099390e-02,
       1.3368762765528902e+02, -1.8167669121894150e+01,
       -3.6335927816718574e+01, 1.4722843370451063e+01,
       -4.2925883559403877e+00, 1.2105447149477625e+01,
       -7.9916813405023535e-01, 1.3570259644875917e+00,
       2.5219097387951905e-01, -3.0906495500627924e-02,
       8.0537461284682005e-02, -1.9077797462903990e-02,
       -2.8268957804164643e+01, 8.5643501045234814e+01,
       8.3524198086618906e+00, -4.5336865542246912e+01,
       1.1432788643132476e+01, 9.1643821134983909e+00,
       -1.5037949512207858e+00, 1.5174172870628242e+00,
       -5.2659175244391426e-02, -7.0688214633611590e-01,
       -1.6322343797351874e-01, 1.0728173972216995e-02,
       1.6088982566749331e+02, 2.2706167651225904e+01,
       -4.4467388197292109e+01, -2.6140979601030963e+01,
       -1.1497256131716206e+01, 9.9163327032072459e+00,
       1.4708775022755154e+00, -2.4332357961030286e+00,
       -9.2937056048636235e-01, -1.1371815798402909e-01,
       -2.5054362697020527e-01, -1.3117407955152291e-01,
       -1.9425027094731121e+02, 7.5413392024284974e+01,
       4.0514863165992608e+01, -4.3355210936643296e+01,
       -1.9283969388671228e+01, 8.6774550593249717e+00,
       -2.7668025719185954e+00, 5.4527702477419215e-01,
       1.4449576961157187e-01, 1.6908175387011726e-01,
       1.2054038655911724e-02, -2.9236407467021514e-03,
       -1.8150822683808761e+02, -5.4244346310907723e+01,
       3.7071869724881743e+01, 3.8103844815901702e+01,
       -1.3843487814466526e+01, 5.8538102238697496e+00,
       -7.7637750775011427e-01, -1.2740755924461888e+00,
       2.5777251301032322e-01, -1.4670291640451213e-01,
       2.2841360521401188e-02, -2.8079866270145644e-02,
       2.2879321277931460e+01, 6.1204836037099328e+00,
       2.4838025460430515e+00, -2.4596010544730751e-01,
       3.3905747064241112e+00, -3.0884318650285492e+00,
       -6.9821346851537704e+00, -4.8223638070009329e+00,
       -4.5347385885464595e+00, 1.0767600776741240e+00,
       -6.8981748107058566e-02, 4.9457819418322703e-02,
       8.1757484680762175e+01, 1.5255565535843992e+01,
       -2.4142147232388645e+01, -3.2283444980612614e+01,
       -2.6505870387630576e+01, -1.9648891948701174e+01,
       8.7238401500269858e-01, -2.3244774735717924e+00,
       2.0512249895046675e-01, -4.1367906615921268e-02,
       1.0548297537166512e-01, -4.7397575759391963e-03 ]
covs: !!opencv-matrix
   rows: 108
   cols: 12
   dt: d
   data: [ 7.0736845113061418e+03, 6.8763553305279936e+02,
       2.2460093562399802e+03, -1.1565488167904671e+02,
       -7.8722706938320209e+02, 1.5725369156945115e+02,
       -6.2727674999226082e+01, 2.7649199268672763e+01,
       9.0249891838230329e+00, -8.9441486770120748e-01,
       -4.1381592554608089e+00, 1.0176093463833975e+00,
       6.8763553305280004e+02, 9.0058378797721089e+03,
       -1.1737587084127590e+02, 4.8070426486497348e+02,
       2.0183835867801665e+02, -2.9104060416299740e+02,
       4.6202186167980891e+01, 7.3739948760105474e+00,
       4.2551771093944311e+00, 8.9679918121243773e-01,
       9.6913638148986691e-03, 8.8165126877117583e-01,
       2.2460093562399798e+03, -1.1737587084127601e+02,
       2.7628524848869802e+03, -6.1776689860272100e+01,
       1.3306709116676362e+02, -4.9163345582651736e+01,
       2.2678601467713314e+01, -2.7579494295945373e+00,
       2.1879821285665346e+00, 3.6266205965122507e+00,
       8.0687214355320935e-01, -4.7025595033094442e-01,
       -1.1565488167904668e+02, 4.8070426486497354e+02,
       -6.1776689860272093e+01, 2.2300728194894782e+03,
       -1.8418039358078522e+02, 1.0861137190004690e+02,
       -2.4284661903204960e+01, -8.1918110645536846e+00,
       -1.0292393200567687e+00, -4.3192947495111023e+00,
       2.7530374063620722e-01, -3.7025781659878276e-01,
       -7.8722706938320209e+02, 2.0183835867801662e+02,
       1.3306709116676362e+02, -1.8418039358078525e+02,
       3.5170118299488979e+02, -1.1644431015103963e+01,
       -1.0798546805626350e+01, -1.0392703379550321e+00,
       5.9905700240913813e+00, 5.2521706564446924e-01,
       8.4812424705512879e-01, -2.7205550230545794e-01,
       1.5725369156945118e+02, -2.9104060416299734e+02,
       -4.9163345582651736e+01, 1.0861137190004693e+02,
       -1.1644431015103967e+01, 1.6337629468686967e+02,
       6.9718363962789391e+00, -1.0585693204594035e+01,
       -7.0667098121932881e-01, -9.6097527179357878e-01,
       1.5144895918210219e-01, 1.1375052579253989e-01,
       -6.2727674999226096e+01, 4.6202186167980891e+01,
       2.2678601467713310e+01, -2.4284661903204960e+01,
       -1.0798546805626351e+01, 6.9718363962789383e+00,
       2.2841758918585814e+01, -2.5439303396178570e+00,
       -2.9515694689059115e+00, 3.4568524527631689e-01,
       6.4251613642606897e-02, 3.0650091000986146e-02,
       2.7649199268672763e+01, 7.3739948760105456e+00,
       -2.7579494295945381e+00, -8.1918110645536846e+00,
       -1.0392703379550323e+00, -1.0585693204594035e+01,
       -2.5439303396178570e+00, 1.3563804575515386e+01,
       -1.9693601817485571e+00, 6.6884434099320988e-01,
       -2.1804079720235989e-02, -2.1847666059425841e-02,
       9.0249891838230329e+00, 4.2551771093944293e+00,
       2.1879821285665346e+00, -1.0292393200567691e+00,
       5.9905700240913804e+00, -7.0667098121932903e-01,
       -2.9515694689059115e+00, -1.9693601817485571e+00,
       1.4726260032031713e+00, -1.1914299942757955e-01,
       -2.3496028058270415e-02, -7.2037081688599072e-04,
       -8.9441486770120737e-01, 8.9679918121243773e-01,
       3.6266205965122502e+00, -4.3192947495111023e+00,
       5.2521706564446913e-01, -9.6097527179357856e-01,
       3.4568524527631689e-01, 6.6884434099320988e-01,
       -1.1914299942757955e-01, 3.0782531681934089e-01,
       1.1399580346927287e-02, 1.6389679929283718e-03,
       -4.1381592554608089e+00, 9.6913638148985928e-03,
       8.0687214355320935e-01, 2.7530374063620705e-01,
       8.4812424705512879e-01, 1.5144895918210222e-01,
       6.4251613642606911e-02, -2.1804079720235986e-02,
       -2.3496028058270415e-02, 1.1399580346927281e-02,
       1.8985142274380615e-02, -3.0190978847652052e-03,
       1.0176093463833975e+00, 8.8165126877117583e-01,
       -4.7025595033094453e-01, -3.7025781659878276e-01,
       -2.7205550230545794e-01, 1.1375052579253994e-01,
       3.0650091000986146e-02, -2.1847666059425844e-02,
       -7.2037081688599018e-04, 1.6389679929283724e-03,
       -3.0190978847652043e-03, 2.4166441129045094e-03,
       8.7394005527324371e+03, -4.5364037331501015e+02,
       1.9159523301459160e+03, 9.0958196736495461e+02,
       -2.1922503599163949e+02, 2.6656533410193873e+02,
       -4.6798892393060330e+00, -2.7183932431700994e+00,
       1.1583546827633482e+01, 7.7032276540832694e+00,
       -4.8058814212524039e+00, 1.1417427927625881e+00,
       -4.5364037331501004e+02, 9.2447251329194896e+03,
       2.8219459612879075e+02, 3.3243141335939077e+02,
       1.9321921953021734e+02, -2.0407670798322155e+02,
       7.0473238486590958e+01, -8.9118065176987322e+00,
       -9.3297262539246688e+00, 1.6891951674071903e+00,
       3.3501117897815058e-01, 2.5628948246757705e-01,
       1.9159523301459160e+03, 2.8219459612879086e+02,
       2.7712425685506146e+03, -3.3835843529910471e+02,
