%YAML:1.0
means: !!opencv-matrix
   rows: 5
   cols: 15
   dt: d
   data: [ 5.0518825127905160e+01, -1.2221640283084685e+01,
       -5.9579503068437338e+00, 9.7105826086741320e+00,
       1.0426670570526500e+01, 4.8578556847522822e+00,
       9.7696291526238732e-01, -1.9631081168948900e-01,
       -2.2139929513817827e-01, 3.4992822317257713e-02,
       2.4813612495801076e-02, 1.7073380910612949e-02,
       2.1713265739005359e-03, -8.0720456325903221e-03,
       1.7797881365609676e-02, -1.6151452114356056e+02,
       -3.4025564717054841e+01, 4.1019407073422450e+01,
       3.4527710346284533e+00, -9.4705225205857424e+00,
       -1.6137610531355637e-01, -8.1061295602790073e-01,
       5.7031240676075579e-01, -2.5940627911243258e-01,
       7.7765491867146888e-02, -3.0160070622944526e-02,
       -1.7054529481876873e-03, 2.1297375879502313e-04,
       2.0355332170666311e-03, -2.6912427847964812e-03,
       1.4169829569486261e+01, -1.0744945256661190e+02,
       -3.9000801488827291e-01, 3.3790619357588227e+01,
       -8.3181166401349438e-01, -1.1548097113505712e+01,
       -1.1582975889725102e+00, -4.0519000682773115e-02,
       1.6050540412704735e+00, -6.4821622977292426e-01,
       -5.3579648936339923e-02, -1.0226135890144893e-01,
       2.3943686676385942e-03, 3.6872529442361986e-03,
       -1.5454067632592237e-02, 5.7611812083103004e+01,
       3.5356608892364839e+01, -1.5342983952703495e+01,
       -5.8384893815535035e+00, 6.6372538641033936e+00,
       -7.8494731575740007e+00, -7.6286927572021206e+00,
       9.3099807060201745e-01, 3.7242477869171187e+00,
       1.0314500202356625e+00, 1.2158629238457230e-01,
       5.1140908778440151e-02, -4.1566922086836516e-02,
       1.8233392347993468e-02, -1.5846384208645838e-02,
       3.3568439707998984e+01, 7.0935038128335236e+01,
       -2.0153710384619735e+01, -2.6793925275350201e+01,
       -9.9156659412867985e+00, -2.6731465574272035e+00,
       8.8423366405705306e-01, -3.0721052781705693e-01,
       -6.1459999745014116e-01, -1.1509521067311196e-01,
       -2.3091829472190753e-02, -5.7173720794216308e-03,
       3.5763885576556563e-03, 6.7146276586032630e-03,
       -1.8323596232063612e-02 ]
covs: !!opencv-matrix
   rows: 75
   cols: 15
   dt: d
   data: [ 8.3993581855086759e+03, -7.3574667196640269e+02,
       1.8823518647758203e+03, -2.1535823090808597e+02,
       -1.0689717969848821e+03, -4.4167647268442018e+01,
       -7.7563770470681234e+01, 2.2183284354608414e+01,
       -1.6946312339128387e+01, 1.7620515246045931e+00,
       -7.7799705762315086e-01, -2.8213869150472304e-02,
       6.0979304256585806e-02, -2.9960206211923046e-01,
       8.6510159574362899e-01, -7.3574667196640269e+02,
       8.9691137814924732e+03, 4.8926958498369544e+02,
       1.0972347782895893e+03, 2.1298706961611944e+00,
       -4.8954889803643806e+02, -4.6964957634973722e+01,
       -2.3996102085672991e+01, -1.2063035297255352e+01,
       -7.3787817407311946e+00, -1.1308908792536234e+00,
       -1.4083035451551593e-01, 1.2654837925422169e-01,
       -2.4222395743289676e-01, 2.9087878742202933e-01,
       1.8823518647758203e+03, 4.8926958498369544e+02,
       2.7994842396294889e+03, -1.1755676820915934e+02,
       2.2592980940283508e+02, 2.2648930073634723e+01,
       2.3956812911518824e+01, -7.5500706447747534e+00,
       1.4062595428286890e+00, 1.2385428948377603e-01,
       2.8156505127983950e-01, -3.2244051738361140e-01,
       1.2544929173038450e-02, 1.1659940914862463e-01,
       -3.0253726147546867e-01, -2.1535823090808597e+02,
       1.0972347782895895e+03, -1.1755676820915930e+02,
       2.4290686399324245e+03, -1.2759169743599153e+02,
       1.5175341657523799e+02, 7.0280559331351631e+00,
       1.1415821209802411e+01, 9.6038185503347844e+00,
       -9.0355068850501696e-01, 5.0455830943235125e-01,
       -6.4473920228097961e-02, -2.6579862101039336e-02,
       6.6882191385506357e-02, -4.6064573528529759e-02,
       -1.0689717969848823e+03, 2.1298706961611922e+00,
       2.2592980940283508e+02, -1.2759169743599153e+02,
       5.4872457381208540e+02, -1.2191104389473512e+02,
       -1.2931895113756889e+01, -1.1888672889097229e+01,
       -8.7601083960961859e+00, 3.6418695293442871e-01,
       -1.8120646114492436e-01, -5.2619660129266464e-02,
       -3.0687568932114954e-03, 1.1302636346756582e-01,
       -2.3657914070869207e-01, -4.4167647268442032e+01,
       -4.8954889803643806e+02, 2.2648930073634709e+01,
       1.5175341657523805e+02, -1.2191104389473514e+02,
       2.5656300046180769e+02, -8.4010864408031498e+00,
       2.6135971186447269e+00, 5.1258523248706034e+00,
       -2.2283715741520203e+00, -1.5577902107771779e-01,
       -2.3385520055520470e-01, -1.7755923533210739e-02,
       5.4555088915799826e-02, -1.3248818937860071e-01,
       -7.7563770470681234e+01, -4.6964957634973722e+01,
       2.3956812911518824e+01, 7.0280559331351631e+00,
       -1.2931895113756889e+01, -8.4010864408031463e+00,
       2.3233619670112770e+01, 4.9645368163249198e-01,
       3.5467119318401235e+00, 1.9973052958746176e-01,
       3.6819115721340363e-03, 4.9825730371416313e-02,
       -3.4973358300451562e-02, 1.2997590927047430e-02,
       -2.4247978644048342e-02, 2.2183284354608414e+01,
       -2.3996102085672998e+01, -7.5500706447747596e+00,
       1.1415821209802406e+01, -1.1888672889097229e+01,
       2.6135971186447282e+00, 4.9645368163249159e-01,
       1.3996843843964180e+01, -7.3545414332899739e-01,
       6.1806302685320180e-01, 2.2260802918741031e-02,
       -7.3229345861456994e-03, 2.6065647958674466e-03,
       1.2459969352244566e-02, -2.7266446258438094e-03,
       -1.6946312339128390e+01, -1.2063035297255354e+01,
       1.4062595428286886e+00, 9.6038185503347862e+00,
       -8.7601083960961876e+00, 5.1258523248706052e+00,
       3.5467119318401235e+00, -7.3545414332899739e-01,
       1.2598399048430993e+00, 8.2080229802307374e-03,
       1.1477235436301135e-02, 1.3397055346883192e-02,
       1.6022355040821602e-02, -1.1894994122248605e-04,
       -5.7852246485161620e-03, 1.7620515246045931e+00,
       -7.3787817407311946e+00, 1.2385428948377616e-01,
       -9.0355068850501696e-01, 3.6418695293442876e-01,
       -2.2283715741520203e+00, 1.9973052958746185e-01,
       6.1806302685320191e-01, 8.2080229802307426e-03,
       2.6062349071933849e-01, 1.2418059748398911e-02,
       4.4500233376412762e-04, 3.1751168209268070e-03,
       -1.1326205065660219e-02, -6.5778500325200991e-04,
       -7.7799705762315086e-01, -1.1308908792536232e+00,
       2.8156505127983950e-01, 5.0455830943235125e-01,
       -1.8120646114492445e-01, -1.5577902107771774e-01,
       3.6819115721340363e-03, 2.2260802918741034e-02,
       1.1477235436301142e-02, 1.2418059748398911e-02,
       1.8771099476616995e-02, -1.6852309995205880e-04,
       4.4890778018930928e-04, 1.1235392989322381e-04,
       2.6196923562878691e-04, -2.8213869150472325e-02,
       -1.4083035451551598e-01, -3.2244051738361140e-01,
       -6.4473920228097933e-02, -5.2619660129266457e-02,
       -2.3385520055520470e-01, 4.9825730371416313e-02,
       -7.3229345861456976e-03, 1.3397055346883192e-02,
       4.4500233376412734e-04, -1.6852309995205877e-04,
       1.6760988132862008e-03, 4.6871944729036749e-04,
       7.7784093266696787e-05, 4.8998016485488842e-04,
       6.0979304256585778e-02, 1.2654837925422160e-01,
       1.2544929173038432e-02, -2.6579862101039346e-02,
       -3.0687568932114911e-03, -1.7755923533210739e-02,
       -3.4973358300451549e-02, 2.6065647958674466e-03,
       1.6022355040821602e-02, 3.1751168209268070e-03,
       4.4890778018930912e-04, 4.6871944729036749e-04,
       2.2693415448517382e-03, 3.1071231983572503e-05,
       -4.3136137352798252e-05, -2.9960206211923052e-01,
       -2.4222395743289671e-01, 1.1659940914862463e-01,
       6.6882191385506315e-02, 1.1302636346756581e-01,
       5.4555088915799826e-02, 1.2997590927047433e-02,
       1.2459969352244566e-02, -1.1894994122248560e-04,
       -1.1326205065660219e-02, 1.1235392989322377e-04,
