%YAML:1.0
means: !!opencv-matrix
   rows: 16
   cols: 7
   dt: d
   data: [ 1.4170276077759993e+01, -2.0116444290258890e+01,
       -1.5777100235888208e+00, 2.5400399312341544e+00,
       3.1579760164315044e+01, -4.0741016025711767e+00,
       1.7269450075065633e+00, -2.6000274622082191e+01,
       -3.4518143218285857e+01, -4.1020152984952560e+01,
       3.0683018768834188e+01, 1.6596164688468402e+01,
       9.7010714207078159e+00, 8.6934337823037156e-01,
       1.3207055544899703e+02, 4.5868346564917417e+01,
       -3.7636724669182982e+01, -5.2825012353996383e+00,
       -8.1710060162722264e+00, -1.0785142527247041e+01,
       -2.2449055569449894e+00, -2.2551736827788878e+02,
       2.9646707137233715e+01, -3.8771813510890822e-03,
       -1.5749314101319420e+01, -2.4665942418813427e+00,
       -3.2545177034759112e+00, 6.8446620309161776e-01,
       6.1282417222896131e+00, -1.6713093313324856e+02,
       1.6098579741655549e+01, 5.7075144351641740e+01,
       1.9639430195899880e+01, -9.1123245591424862e+00,
       -6.7154064788405521e-01, -1.0512392474656274e+02,
       2.7733944948990811e+01, 7.7505721709511533e+01,
       -3.5146224529830107e+01, -2.6752865625457192e+00,
       -6.8934244222468910e-01, 1.1868534011270619e-01,
       9.8741195508877382e+01, -4.6558572166062881e+01,
       -2.2080079364228105e+01, 3.6732784748397599e+01,
       -2.7274769034829021e+01, 2.3939871164825753e+01,
       1.2300259098620756e+00, -1.4942188297144244e+02,
       -5.6093214866039943e+01, 4.1625670821799233e+01,
       1.8841494795661664e+01, -8.5936593901707621e+00,
       1.0215726158632544e+01, -3.9368374920460220e-01,
       1.6040219577434800e+02, -2.6082136413392362e+01,
       -3.8455458602736066e+01, 2.9600162068769773e+01,
       -1.6523805153274452e+01, 9.4782456715701055e-02,
       5.2252678926167728e-01, 1.2413557774664220e+01,
       3.6560065431742963e+01, 4.9780381635459330e+00,
       -1.8025147402665290e+01, 2.2077961968101079e+01,
       -1.5249930499429938e+01, -6.3258834934301555e+00,
       -1.7014561204913690e+02, -1.5720221594921301e+02,
       5.2907940797178902e+01, 5.1794772720407870e+01,
       -4.0808319530967751e+01, -1.9282837364615336e+01,
       -5.5355935991602880e+00, -1.2476461882712491e+02,
       1.1991952501805380e+02, 1.1334283071365233e+01,
       -5.4235120592157472e+01, -1.4954668321373198e+01,
       -6.1470694785132363e-01, 4.6444383904138814e-01,
       2.8944448905870004e+01, 1.2517534231827818e+02,
       -2.6862430630758858e+01, -5.3213149267855528e+01,
       -9.0525092528867273e+00, 1.5848247410435867e+00,
       2.3197171316865304e+00, -1.0719087944130795e+01,
       8.8188047453183785e+01, -8.0339681750221779e+00,
       -4.2585205372757727e+01, 1.1673259773347091e+01,
       -1.6601336977547982e+00, 1.6576610486094578e+00,
       9.9663688815141043e+01, -3.3706325431514870e+01,
       4.3581537715040952e+01, 7.2527468051363035e+00,
       1.2455896900573343e+01, 8.5708551422820474e+00,
       5.9684228262837624e-01, 3.5322073539848830e+01,
       3.2502996938491724e+00, -1.2909415191496569e+01,
       -2.7210175177089080e+00, -9.1892884073214702e+00,
       -8.5493487168908153e+00, -1.2201163304881291e+00 ]
covs: !!opencv-matrix
   rows: 112
   cols: 7
   dt: d
   data: [ 5.2867692389805252e+03, 2.2625047934911757e+02,
       2.3357283750063602e+03, -8.6108231431523541e+02,
       -4.2175557548938792e+02, -1.0770320961256013e+02,
       -1.5481889150459052e+00, 2.2625047934911757e+02,
       7.3466855691005476e+03, 2.4355451422445245e+02,
       1.7350004908269834e+03, -1.3257532374947974e+02,
       -2.7966014809423081e+02, -4.5608378750347931e+01,
       2.3357283750063602e+03, 2.4355451422445250e+02,
       2.4060775107661698e+03, 1.2103047878773357e+02,
       5.6517142326296600e+01, 6.5387323878903985e+01,
       1.9948024696717468e+01, -8.6108231431523518e+02,
       1.7350004908269832e+03, 1.2103047878773360e+02,
       1.9175917295787458e+03, 8.6468578835579109e+01,
       1.0790774897121391e+01, 1.7117501625817638e+01,
       -4.2175557548938787e+02, -1.3257532374947979e+02,
       5.6517142326296600e+01, 8.6468578835579109e+01,
       1.6410092390197022e+02, 3.9552568756587341e+01,
       -2.8896256783926120e+01, -1.0770320961256012e+02,
       -2.7966014809423081e+02, 6.5387323878903985e+01,
       1.0790774897121391e+01, 3.9552568756587341e+01,
       9.1765645096761858e+01, -1.0908633928200103e+01,
       -1.5481889150459054e+00, -4.5608378750347931e+01,
       1.9948024696717468e+01, 1.7117501625817631e+01,
       -2.8896256783926120e+01, -1.0908633928200103e+01,
       1.9755449970325770e+01, 5.5827644566989884e+03,
       -1.5405430178129184e+03, -2.2225580549940835e+02,
       4.3382132556712912e+02, -5.7619453856550388e+02,
       -1.6529688759740395e+02, -1.1251613764835154e+01,
       -1.5405430178129188e+03, 7.8739995358427805e+03,
       7.4461085852079520e+02, 1.6393087579805103e+03,
       1.0838906335492507e+02, -2.6716094941439775e+02,
       -5.6085798233188932e+01, -2.2225580549940841e+02,
       7.4461085852079520e+02, 1.1518850939210490e+03,
       3.3215962987197105e+02, 1.1132445459297797e+02,
       5.3461519496606634e+01, 3.9795322389366511e+01,
       4.3382132556712912e+02, 1.6393087579805101e+03,
       3.3215962987197105e+02, 2.1767943634551607e+03,
       8.4656205087868841e+00, 7.4167684037776468e+01,
       1.3226489931796300e+01, -5.7619453856550376e+02,
       1.0838906335492503e+02, 1.1132445459297797e+02,
       8.4656205087868805e+00, 2.7301179114293592e+02,
       -2.7808915113431308e+01, -2.9049157008974138e+01,
       -1.6529688759740395e+02, -2.6716094941439775e+02,
       5.3461519496606634e+01, 7.4167684037776482e+01,
       -2.7808915113431308e+01, 2.0829715548093074e+02,
       -2.9795165228597869e+00, -1.1251613764835147e+01,
       -5.6085798233188932e+01, 3.9795322389366504e+01,
       1.3226489931796296e+01, -2.9049157008974138e+01,
       -2.9795165228597864e+00, 2.4987360525503501e+01,
       6.4899714100412848e+03, -1.0800514891612097e+03,
       2.5789787715004595e+03, -3.3075673526761301e+02,
       -2.6904818278650521e+02, 7.5463175031828456e+01,
       -3.2923571385437896e+01, -1.0800514891612095e+03,
       7.6971319410956185e+03, 9.9247920018149011e+02,
       2.0657294250003829e+03, 1.3013347856744983e+02,
       4.6493225805310097e+01, -3.8546444689337434e+01,
       2.5789787715004595e+03, 9.9247920018149011e+02,
       2.5348644010158041e+03, -2.9153538499299725e+02,
       -5.0308624099906588e+01, -7.9515468480452981e+01,
       9.4565474238448779e+00, -3.3075673526761312e+02,
       2.0657294250003829e+03, -2.9153538499299736e+02,
       1.9056110099556995e+03, 1.6026088973241841e+01,
       -1.1713274031134600e+02, 2.2975349505093163e+01,
       -2.6904818278650521e+02, 1.3013347856744983e+02,
       -5.0308624099906574e+01, 1.6026088973241837e+01,
       1.0729649844175545e+02, -2.1075751862928229e+01,
       -8.0006155657396980e-02, 7.5463175031828456e+01,
       4.6493225805310097e+01, -7.9515468480452952e+01,
       -1.1713274031134600e+02, -2.1075751862928225e+01,
       6.6510010430946920e+01, -7.8106401991820720e+00,
       -3.2923571385437903e+01, -3.8546444689337420e+01,
       9.4565474238448761e+00, 2.2975349505093167e+01,
       -8.0006155657396855e-02, -7.8106401991820738e+00,
       4.6364456632116898e+01, 3.7832218553875991e+03,
       2.9903693673148234e+02, 6.9257523594563247e+02,
       -4.6821783264467280e+02, 2.7017457588866438e+02,
       2.0084079928850284e+02, 1.5962276401505801e+02,
       2.9903693673148217e+02, 7.0725235956216929e+03,
       5.4739201868667919e+02, 2.2611659616516763e+03,
       1.7342378710287073e+02, 1.1608689992183076e+02,
       -2.5428571428136721e+01, 6.9257523594563258e+02,
       5.4739201868667919e+02, 1.0012626032127175e+03,
       3.7960312742661353e+02, -1.0844320058157896e+02,
       -6.0271614160545184e+01, 8.5615135517583223e+00,
