%YAML:1.0
means: !!opencv-matrix
   rows: 8
   cols: 15
   dt: d
   data: [ -1.4729644806727580e+02, 7.7021593769842056e+01,
       2.4385346505148330e+01, -4.0323694104622241e+01,
       -9.3007442535660587e+00, 4.2982682617527224e-01,
       6.5394378024960165e-01, 5.0765899259739000e-01,
       -7.0237467469996406e-01, -1.2403888246146400e-01,
       6.3346747199219150e-02, 3.0866108374749232e-03,
       4.2988627426659458e-03, -2.2177820892944631e-03,
       -4.5120526297055627e-05, 9.3695820997779986e+00,
       -1.9205856916724903e+02, 1.6598312176357140e+01,
       6.7051654833331455e+01, 9.8695239208311172e+00,
       -2.0237761513801356e+01, -1.8222206189437717e+00,
       -1.0311997987676886e+00, 3.9790852727108200e-01,
       -1.2897241933632655e+00, 1.1762552597089727e-02,
       -8.1909514438936848e-02, 3.8226251974680745e-03,
       7.3736368675435390e-03, -6.1719609327288982e-02,
       2.6776994097412192e+01, 2.0416618920887338e+01,
       -8.4557038292573896e+00, -1.4489086060577137e+01,
       2.7060256955968001e+00, -9.4051583111386829e+00,
       -5.6176502794897205e+00, 1.5505584522768938e+00,
       5.2295607946091192e+00, 3.9418597234730895e-01,
       -4.2370116514381731e-02, -3.0585954162367701e-02,
       -2.7286891344799408e-02, 6.4009145739018945e-03,
       8.7709380345678632e-03, 1.0238791528555490e+02,
       -4.1827963870684968e+01, -2.3639534564096490e+01,
       3.5603993064344124e+01, -2.4584880856853395e+01,
       1.8228043341715683e+01, 3.4893448668000288e-01,
       8.5329439925817108e-01, 3.2391323945738781e-01,
       1.1475313587331586e-01, 2.0827432756344746e-01,
       -7.6266994442955038e-03, -3.1409208151012558e-03,
       -3.4195606153259381e-03, 1.3780932946377299e-02,
       -4.4973216937849458e+01, -3.8590104669312055e+01,
       1.6682094251033632e+01, 1.4844800241840506e+01,
       4.0253342492532935e+00, 5.6802497797648579e+00,
       1.4425836776823118e+00, 3.8000090812182147e-01,
       -7.1827752475170192e-01, -1.5086069733507760e-02,
       -1.2788899129441575e-01, 1.0801206924004165e-03,
       1.3398764182762594e-03, 7.8113033884008361e-03,
       -2.3832197814407086e-02, -1.8264983430266383e+02,
       -7.0300756521998139e+01, 4.3855691725035591e+01,
       1.6583435600141822e+01, -2.0225254784117592e+01,
       -3.5714579302167642e+00, -2.8783810607828153e+00,
       -4.3360213029876016e-01, 5.2277336406042740e-01,
       2.4417367575849472e-01, 1.3693590570399282e-03,
       -3.6832192252396513e-03, -4.9439114858387664e-03,
       -1.8869327999272026e-04, 1.5617431479346883e-02,
       4.8995330887493722e+01, 3.0698671501189767e+00,
       -6.3291679361162583e+00, -1.6479339196083770e-01,
       1.5799243801469697e+01, -6.7953251586706487e-01,
       6.7571847775524674e-01, -5.4692664654716916e-01,
       -3.8304210694104690e-01, 7.3153730668143319e-02,
       1.2088969731435577e-02, 2.3555271504632779e-02,
       3.8999216402124753e-03, -1.0203718043985250e-02,
       2.4175717966561861e-02, 1.0181644315563796e+02,
       7.4188083448388156e+01, -3.7552315549358781e+01,
       -2.1508314722587912e+01, -1.0034197022736896e+01,
       -2.8221333472996020e+00, 8.2450530103506536e-01,
       -1.7921660501009626e-01, -5.9717636796925699e-01,
       -1.3024023840945420e-01, 2.9444198514663317e-03,
       -1.6195906233097617e-02, 2.4476167382297400e-03,
       1.0452050488746348e-02, -2.7071082360589940e-02 ]
covs: !!opencv-matrix
   rows: 120
   cols: 15
   dt: d
   data: [ 7.1369407809976337e+03, 1.3649847678905228e+03,
       2.2692587683789279e+03, -1.4278225288380183e+03,
       1.5182329826349320e+02, 2.2540640573959496e+02,
       9.2941158092023855e+01, 1.3293879706357766e+01,
       2.2257530264816896e+01, -9.4895444962049058e-01,
       3.8887845165697071e-01, -4.9892237525431876e-01,
       -3.6265367664557513e-02, 7.6636983537337236e-02,
       -3.0178748032298652e-01, 1.3649847678905228e+03,
       8.2079431085156157e+03, 3.1837679256865417e+01,
       1.8321497726855580e+03, -3.3013039445972680e+01,
       9.0817597056845969e+01, -6.5980731182830141e+01,
       -4.1895531734320734e+01, 3.5787062654273991e+00,
       -8.4822041288619801e+00, 1.0047870947929651e+00,
       -1.0502949880896992e+00, 4.5792846341880487e-02,
       3.1650395669181358e-01, -3.3683880063638416e-01,
       2.2692587683789279e+03, 3.1837679256865417e+01,
       2.7328362963956661e+03, 1.6435439146336753e+02,
       -7.7353576296110901e+01, -8.0508588849578203e+01,
       -2.6171318040648348e+01, 5.1476749450724428e+00,
       -3.6117059753263878e+00, 3.5688307716260543e+00,
       -3.6738976424232850e-01, 2.1008288438080819e-01,
       -4.4488088970277354e-02, 1.0795175944569173e-02,
       1.5562363457692058e-01, -1.4278225288380183e+03,
       1.8321497726855580e+03, 1.6435439146336756e+02,
       1.8693277338416258e+03, 4.3861162954163710e+01,
       -9.7678846686511633e+01, 2.6897982280639180e+01,
       5.9139030608720748e+00, 4.3286818246751215e+00,
       6.6966227412648918e+00, -7.7990965191001071e-01,
       1.0427153328292454e-01, 4.4925856827931383e-02,
       1.8480098773446502e-02, 1.3648754617744124e-01,
       1.5182329826349320e+02, -3.3013039445972680e+01,
       -7.7353576296110887e+01, 4.3861162954163703e+01,
       1.4495175269475433e+02, 7.8931949484810261e+01,
       7.5569610973700252e+00, 1.1009871772375890e+01,
       1.1814198662311347e-01, 1.3486964028717912e+00,
       -6.1563824805466150e-01, -1.1402649773305568e-01,
       4.1536000317380369e-02, 1.5627548474949914e-02,
       5.8272967106580240e-02, 2.2540640573959496e+02,
       9.0817597056845926e+01, -8.0508588849578203e+01,
       -9.7678846686511648e+01, 7.8931949484810261e+01,
       1.0262011086466492e+02, -7.2405047488027927e+00,
       1.9628166974615364e+00, -1.4511500945269642e+00,
       -4.8733801537651755e-01, -2.5980724935511224e-01,
       -1.9802777295782023e-01, 2.4297893577495160e-02,
       -2.5756028202194331e-02, 5.9064765299208524e-02,
       9.2941158092023855e+01, -6.5980731182830141e+01,
       -2.6171318040648341e+01, 2.6897982280639177e+01,
       7.5569610973700243e+00, -7.2405047488027909e+00,
       2.5200230886080675e+01, 1.7854930547148182e+00,
       3.0398567058213191e+00, 3.6563322253681707e-01,
       -9.3781957395161451e-03, 2.2449669241775636e-02,
       -2.9746148450212288e-02, 9.1028487512504544e-03,
       -4.5388403447755325e-03, 1.3293879706357764e+01,
       -4.1895531734320734e+01, 5.1476749450724455e+00,
       5.9139030608720740e+00, 1.1009871772375892e+01,
       1.9628166974615371e+00, 1.7854930547148176e+00,
       1.6616056156230936e+01, -1.5299190407684842e+00,
       6.8184330110913416e-01, -9.5937300737626824e-02,
       -1.7305644992764067e-02, 1.0549041579798321e-02,
       1.4994717333224491e-02, -2.9797190339538077e-03,
       2.2257530264816893e+01, 3.5787062654273973e+00,
       -3.6117059753263869e+00, 4.3286818246751242e+00,
       1.1814198662311334e-01, -1.4511500945269642e+00,
       3.0398567058213191e+00, -1.5299190407684842e+00,
       1.4128891237436421e+00, 1.3139818280607171e-01,
       3.5903425242752494e-02, 2.5108260763138431e-02,
       1.6890099027524953e-02, 4.9284528462470824e-04,
       -3.3505352524993907e-03, -9.4895444962049058e-01,
       -8.4822041288619801e+00, 3.5688307716260552e+00,
       6.6966227412648935e+00, 1.3486964028717912e+00,
       -4.8733801537651761e-01, 3.6563322253681713e-01,
       6.8184330110913416e-01, 1.3139818280607171e-01,
       4.7989486809467097e-01, -1.1011321765805838e-02,
       -1.3351249801858518e-03, 2.1424906362617342e-03,
       -1.3999607217941060e-02, 2.5045543002691836e-03,
       3.8887845165697055e-01, 1.0047870947929647e+00,
       -3.6738976424232855e-01, -7.7990965191001060e-01,
       -6.1563824805466172e-01, -2.5980724935511218e-01,
       -9.3781957395161486e-03, -9.5937300737626838e-02,
       3.5903425242752501e-02, -1.1011321765805840e-02,
