%YAML:1.0
means: !!opencv-matrix
   rows: 13
   cols: 2
   dt: d
   data: [ 7.0601477145944500e+01, -1.0012943485277033e+02,
       -2.2688726694806218e+02, 1.1079504509199205e+02,
       1.2734824975806095e+01, 6.6926267906606824e+01,
       -1.4901974846402939e+02, -9.3931204952647718e+01,
       1.7646600334214574e+02, 5.9378881715439988e+01,
       -1.5083961541030765e+01, -3.5661840952417137e+01,
       -6.2946092474930126e+01, 1.3438396015240374e+02,
       -2.3309233923465473e+02, -1.1738095258422780e+01,
       1.6462428835783402e+02, -6.0767486236896268e+01,
       -1.1026918479917022e+02, 2.0770767524914444e+01,
       9.7743809949808494e+01, 1.0014562809798036e+02,
       8.2375865053491381e+01, -1.5035062118870366e+01,
       -4.6087689911067827e+01, -1.4152269659741881e+02 ]
covs: !!opencv-matrix
   rows: 26
   cols: 2
   dt: d
   data: [ 3.2940464076667686e+03, -6.4654564185605523e+01,
       -6.4654564185605537e+01, 4.4430209089492828e+03,
       3.5571689960581789e+03, -7.7798546770578369e+01,
       -7.7798546770578383e+01, 4.4627861005400518e+03,
       2.3422880265797544e+03, -2.2164171336159387e+02,
       -2.2164171336159376e+02, 2.7828426753792824e+03,
       4.8684199396023359e+03, 1.2372820811888760e+03,
       1.2372820811888760e+03, 5.0282587804983350e+03,
       2.9038411135582160e+03, 3.7840659292609456e+02,
       3.7840659292609456e+02, 2.5789995696133606e+03,
       2.6653800149897870e+03, -1.8375353920215230e+02,
       -1.8375353920215230e+02, 2.5981312318315472e+03,
       8.7771501931068124e+03, 2.3941015860995349e+03,
       2.3941015860995349e+03, 5.0897611296812811e+03,
       3.3705267012167074e+03, 3.4663511721905837e+02,
       3.4663511721905849e+02, 4.3764071548812872e+03,
       3.1007072812286483e+03, 8.0396436441706882e+00,
       8.0396436441706882e+00, 3.5700620004507409e+03,
       2.4594575813399856e+03, 4.8482956458726221e+02,
       4.8482956458726221e+02, 5.6097694989116908e+03,
       2.6088563359675477e+03, 2.1724490892957228e+01,
       2.1724490892957252e+01, 2.0092894785973665e+03,
       2.2780803574756701e+03, -2.1710089050696126e+01,
       -2.1710089050696158e+01, 2.9364423683219816e+03,
       3.6072703579421136e+03, 3.3419460366610735e+02,
       3.3419460366610735e+02, 3.2792307927452639e+03 ]
weights: !!opencv-matrix
   rows: 1
   cols: 13
   dt: d
   data: [ 8.1601511869558399e-02, 4.1787594268209015e-02,
       9.1929259444653355e-02, 6.1858179143365589e-02,
       6.8609864557401770e-02, 1.0744386605933998e-01,
       6.1590957498367141e-02, 5.1535825826432305e-02,
       8.0201493054310319e-02, 9.8198666741244764e-02,
       8.0896855131429815e-02, 1.1616171892939751e-01,
       5.8184207476285221e-02 ]
pca_proj: !!opencv-matrix
   rows: 2
   cols: 21
   dt: f
   data: [ 4.36961316e-02, 8.50134730e-01, 1.73015636e-04,
       6.54514134e-02, 4.60692108e-01, 2.29939164e-04, 7.67599978e-03,
       1.46649793e-01, -1.37564148e-05, 1.21663406e-03, 1.30500361e-01,
       -5.45994153e-05, 8.06188770e-03, 1.42052382e-01, -2.12945142e-05,
       -2.45414903e-05, 9.56867734e-06, -1.94090262e-06, 3.13729906e-05,
       4.34020360e-04, 2.32224409e-07, 7.68702388e-01, -5.10314330e-02,
       1.14127281e-04, 4.21110362e-01, -3.83849256e-02, 4.02935693e-05,
       2.81941950e-01, -1.35209868e-02, 1.95932400e-04, 2.66951323e-01,
       -4.70317341e-03, 2.29704310e-04, 2.76557714e-01, -1.55316098e-02,
       2.11025646e-04, -3.74769334e-05, 5.54774260e-06, -7.89335627e-06,
       8.86836962e-04, -5.85095040e-05, 1.91629806e-04 ]
pca_mean: !!opencv-matrix
   rows: 1
   cols: 21
   dt: f
   data: [ 2.07625534e+02, 2.55653595e+02, 1.54502928e+00,
       2.18915131e+02, 2.60592743e+02, 1.67241716e+00, 2.65274475e+02,
       2.24016678e+02, 1.71669352e+00, 3.19420807e+02, 1.63929108e+02,
       1.75046074e+00, 3.16613464e+02, 2.25532654e+02, 1.70717156e+00,
       1.08872897e-04, -9.74175637e-05, 6.24380555e-05, -2.17504916e-04,
       -2.50119597e-01, 1.75055194e+00 ]
gamma: !!opencv-matrix
   rows: 13
   cols: 1
   dt: d
   data: [ 8.7118725498021854e-01, 8.9768845047334800e-01,
       8.3081723946996122e-01, 8.9185108231802679e-01,
       8.6215566264075649e-01, 8.2669920261355379e-01,
       9.0443674567481891e-01, 8.9496725397060262e-01,
       8.7462739990708449e-01, 8.7173614857274706e-01,
       8.4112167423068551e-01, 8.3894794860126165e-01,
       8.6819924851967556e-01 ]
