%YAML:1.0
means: !!opencv-matrix
   rows: 15
   cols: 4
   dt: d
   data: [ 1.8616307293373833e+02, -7.2764764085191203e+01,
       4.1042871363453779e+00, -1.2919840463494783e+01,
       -2.3199988262814537e+02, -3.0108042370526217e+01,
       1.4180412653795948e+01, 2.5543819903620317e+01,
       9.0910061770642658e-01, -5.8125317219014825e+01,
       6.9935992172280965e+00, 1.5702462256951003e+01,
       -4.8832299182118000e+01, 5.5243121474874343e+01,
       1.8248025610592624e+01, 5.1731068537445928e+01,
       1.0868398312544277e+02, -4.2082032566619439e+01,
       5.1868411275135955e+01, -4.8026639436967081e+01,
       9.0857983326421902e+01, -1.0296436804918920e+02,
       -6.4269765910438053e+01, -6.7929859201880411e+00,
       -1.8010735955110678e+02, -1.2953794326106254e+02,
       2.2654581085931603e+01, -4.2185516780561585e+01,
       -1.0597395377196560e+02, -1.9885478252454590e+01,
       8.4971049011775889e+01, -3.3864041847020108e+00,
       1.0743811539378616e+02, 8.2540784672261211e+01,
       7.0242120701769792e+01, 2.0595563885517020e+01,
       -6.8950029749619475e+01, 2.5346717893411846e+01,
       -6.5338839116161864e+01, 6.7192180947748819e+00,
       -4.8963782357597502e+01, -1.3323895558389682e+02,
       2.4961403872857035e+00, -1.6736938881104212e+01,
       1.2249788177898949e+01, 2.5577436006864058e+01,
       -3.3895455285555613e+01, -7.6848262463368926e+01,
       -9.2143069851515307e+01, 1.6557033333174323e+02,
       1.1246653190113683e+01, -1.2276178101562495e+01,
       9.9854559953737962e+01, -1.2013423369764289e+00,
       -2.2400671533558391e+01, 6.5024121186547376e+01,
       7.9693174237703445e+01, 1.1607968124117019e+02,
       -2.4267364688943179e+01, 5.1719016231869324e+00 ]
covs: !!opencv-matrix
   rows: 60
   cols: 4
   dt: d
   data: [ 4.4511200225235643e+03, 8.4367937582351146e+02,
       -2.7054452888751428e+02, -3.1203132664627174e+02,
       8.4367937582351169e+02, 3.9852300801768583e+03,
       -1.1965106951622246e+02, 3.7908415607906352e+02,
       -2.7054452888751428e+02, -1.1965106951622242e+02,
       6.8748162372263334e+02, 2.1662196549959643e+02,
       -3.1203132664627168e+02, 3.7908415607906352e+02,
       2.1662196549959643e+02, 9.6162900478179722e+02,
       3.4033574914798783e+03, -8.1685252085740433e+02,
       1.1145764830299906e+03, -1.8437676478927679e+02,
       -8.1685252085740444e+02, 7.0424247340982865e+03,
       3.2026308310026201e+02, 3.2056772008087606e+01,
       1.1145764830299906e+03, 3.2026308310026195e+02,
       1.0457912388436789e+03, 2.8080083183887649e+02,
       -1.8437676478927676e+02, 3.2056772008087627e+01,
       2.8080083183887655e+02, 1.9996889352458984e+03,
       3.8720415355564869e+03, -2.9926900476769896e+02,
       2.0951616148543558e+03, -6.2116257446693010e+02,
       -2.9926900476769902e+02, 8.1427329101901587e+03,
       3.6775979643331306e+02, -1.0342320765176685e+03,
       2.0951616148543558e+03, 3.6775979643331300e+02,
       1.8258413945668058e+03, 2.2592591003309684e+02,
       -6.2116257446693010e+02, -1.0342320765176685e+03,
       2.2592591003309687e+02, 3.0983488412669030e+03,
       1.1007654597857469e+04, 9.1728421562397136e+02,
       3.7161452982280753e+02, -8.4022202407208636e+02,
       9.1728421562397125e+02, 2.4591316473593429e+03,
       -1.8328137702867124e+02, -1.5214497143880448e+02,
       3.7161452982280741e+02, -1.8328137702867130e+02,
       1.5635747730930668e+03, -2.9298015342573439e+02,
       -8.4022202407208647e+02, -1.5214497143880448e+02,
       -2.9298015342573439e+02, 7.5240878998620349e+02,
       7.3902022682632714e+03, -6.0535459801057232e+02,
       -1.5925051124269364e+03, 6.2350266615204737e+02,
       -6.0535459801057232e+02, 8.3271244762585611e+03,
       -3.7924933165771984e+02, -1.5892920816370295e+03,
       -1.5925051124269364e+03, -3.7924933165771967e+02,
       7.4980989440883957e+02, 3.5503382119974731e+02,
       6.2350266615204737e+02, -1.5892920816370295e+03,
       3.5503382119974731e+02, 1.7597574678503829e+03,
       4.2814393204294920e+03, 5.8048551494515755e+02,
       6.3319127990575998e+02, -3.9996375840499581e+02,
       5.8048551494515766e+02, 2.9675394629663688e+03,
       -3.1887085406152437e+02, -1.9626730310172576e+02,
       6.3319127990575998e+02, -3.1887085406152443e+02,
       1.5847542245629879e+03, -4.1087874535809462e+01,
       -3.9996375840499587e+02, -1.9626730310172576e+02,
       -4.1087874535809462e+01, 7.1971487016510491e+02,
       5.6867390371429437e+03, -1.0682669969764366e+02,
       2.5689691161631431e+03, -5.4040246623549183e+02,
       -1.0682669969764362e+02, 5.4658418673042761e+03,
       -3.2521795232927946e+02, -1.9000724713647776e+03,
       2.5689691161631431e+03, -3.2521795232927934e+02,
       1.9809746903133910e+03, -2.7814060426591425e+02,
       -5.4040246623549183e+02, -1.9000724713647776e+03,
       -2.7814060426591425e+02, 1.2589753479737899e+03,
       2.4030296401221303e+03, -2.9620701410164440e+02,
       2.2343789332958974e+02, -2.3130811167322290e+02,
       -2.9620701410164446e+02, 8.1834472856951897e+03,
       9.4212750836013171e+01, -6.8618130501795696e+00,
       2.2343789332958974e+02, 9.4212750836013214e+01,
       8.0662609364255945e+02, 4.9032778562231630e+02,
       -2.3130811167322295e+02, -6.8618130501795793e+00,
       4.9032778562231630e+02, 2.1478872870412038e+03,
       1.0444236448074102e+04, -1.6922829647641959e+02,
       -2.4327806542056560e+03, 9.6416480560140269e+02,
       -1.6922829647641944e+02, 6.9381612751994662e+03,
       -4.5450795097077071e+02, -1.7064595885226465e+03,
       -2.4327806542056555e+03, -4.5450795097077071e+02,
       1.0163987055436678e+03, 1.2649938351776576e+02,
       9.6416480560140269e+02, -1.7064595885226465e+03,
       1.2649938351776576e+02, 1.4366662306859735e+03,
       7.4357183971963996e+03, -7.9001079865439681e+02,
       -1.6211679189141735e+03, 1.0879155725628868e+03,
       -7.9001079865439692e+02, 9.7670852382745925e+03,
       -1.3037903351647230e+02, 4.4092798975053654e+01,
       -1.6211679189141735e+03, -1.3037903351647233e+02,
       9.9961192491977181e+02, 3.9851263945048771e+02,
       1.0879155725628866e+03, 4.4092798975053647e+01,
       3.9851263945048771e+02, 2.2608301199424827e+03,
       7.2525029243181334e+03, -5.4122156585430284e+03,
       2.1028853645616236e+03, 7.7316145943892184e+02,
       -5.4122156585430303e+03, 1.2949999616056530e+04,
       6.7672447669354324e+02, -3.0417942621196635e+03,
       2.1028853645616236e+03, 6.7672447669354324e+02,
       1.7729316939954576e+03, -4.4766921202156084e+02,
       7.7316145943892184e+02, -3.0417942621196635e+03,
       -4.4766921202156084e+02, 1.5103918273309268e+03,
       9.3564923747647099e+03, -1.2070502170039929e+03,
       1.2280177170095963e+03, 1.9795716805955951e+02,
       -1.2070502170039924e+03, 2.9986416461342633e+03,
       1.1478641232025988e+02, 6.5235079834462809e+01,
       1.2280177170095963e+03, 1.1478641232025987e+02,
       2.0353395284929088e+03, -3.4999252482680794e+02,
       1.9795716805955954e+02, 6.5235079834462823e+01,
       -3.4999252482680805e+02, 7.3820226480525537e+02,
       1.0412247907343555e+04, 1.5007072350051583e+03,
       1.2063807330202017e+03, -9.7723212768636404e+02,
       1.5007072350051583e+03, 4.0650869233769222e+03,
       -3.1609845046860744e+02, 5.9743528378041265e+02,
       1.2063807330202014e+03, -3.1609845046860755e+02,
       2.0810397319096141e+03, -1.9670572133540077e+02,
       -9.7723212768636404e+02, 5.9743528378041265e+02,
       -1.9670572133540082e+02, 7.4569956025201236e+02,
       4.8902737149687300e+03, 7.6261615726537912e+02,
       1.7025887756526092e+03, -6.6212888973882662e+02,
       7.6261615726537923e+02, 2.9803829746389624e+03,
       8.0283100563443639e+01, 8.9388388963084037e+02,
       1.7025887756526092e+03, 8.0283100563443639e+01,
       2.2881938988830448e+03, -1.1916765219535752e+02,
