%YAML:1.0
means: !!opencv-matrix
   rows: 13
   cols: 10
   dt: d
   data: [ -1.2840409452139889e+02, 1.1050778272241064e+02,
       1.3899962562959507e+01, -4.9607470579927302e+01,
       -1.0844238485665205e+01, 1.2027924736822480e+00,
       6.9408775642131437e-01, -1.2441333486128575e-01,
       -5.0637156761890001e-01, -2.1470088501058113e-01,
       1.4173120069751690e+02, -4.1459722999714728e+01,
       -3.9961811387085788e+01, 3.5042227495575673e+01,
       -1.9568347929887395e+01, 3.6954311864809535e+00,
       4.9676170293764638e-01, -4.6249620803874466e-04,
       -6.5234452725910685e-01, 1.5419696727808610e-01,
       -1.8846621286322335e+02, -2.4378607954655635e+01,
       3.4359542599968044e+01, -9.7107462807925824e+00,
       -4.4960093531821004e+00, -4.1138081476259423e+00,
       -2.7848720496388712e+00, -1.5850780041339205e-01,
       4.3591071366045950e+00, 7.6889869650277098e-01,
       4.5063747840237580e+00, -4.5574398855289047e+01,
       1.0766363451432143e+01, 1.5912472732008510e+01,
       3.7902507281582345e+01, -6.9967148124079981e-01,
       9.6331304502088499e-01, -8.8476088389450114e-01,
       -4.1710403673948565e-01, 2.1944294486325208e-01,
       4.4941497317219259e+01, -1.6430779021478443e+01,
       -1.8616574891283462e+00, 9.7902070631303051e+00,
       1.3332534259557852e+01, 5.8921507336115013e+00,
       9.8209012941577145e-01, -4.4895525539143011e-01,
       -2.4008579613746744e-01, -1.0896508332382884e-03,
       1.9967005771977107e+01, 1.7458942323570760e+01,
       -3.4625696655493523e+00, -1.7266727607722650e+01,
       2.8198761884011718e+00, -1.0238290525474318e+01,
       -6.6132586122962946e+00, 1.7613473602269425e+00,
       6.2360641486243056e+00, 2.6998635908959961e-01,
       9.9894253240199546e+00, 1.0805949461725926e+02,
       -1.8568931024716974e+01, -4.9125202133252486e+01,
       1.4474321737085187e+00, -6.6496545987504363e-01,
       1.8126176391583722e+00, -3.1551087770409159e-01,
       -2.5976310509720812e-01, 2.5564379783634485e-02,
       9.8739981706366194e+01, -4.5695121273848699e+01,
       -2.1846749321223960e+01, 3.6675179574381723e+01,
       -2.7615725849104773e+01, 2.3995563971341731e+01,
       1.1950935925651995e+00, 1.3055414265876288e+00,
       5.3018159685150890e-01, 2.5020809450529230e-02,
       -1.7169643225736712e+02, -1.0789769744754553e+02,
       4.7924269276098272e+01, 3.8613936574813856e+01,
       -3.2119781837410230e+01, -2.0501682072324754e+00,
       -2.7553540517547854e+00, -3.1545556572715017e-01,
       -1.0946842747788661e+00, -1.3637325198787704e-02,
       1.4113547448889210e+02, 4.0832412783251932e+01,
       -3.7739037581943350e+01, -3.0517845838556181e+00,
       -9.4556579663176965e+00, -6.4144863670982399e+00,
       -3.1901210170923860e-01, -1.3482593156433115e-01,
       -6.9608359772515360e-01, -2.4631441630433099e-02,
       -1.5529017951659080e+02, -1.0091834356822581e+01,
       4.1604026567974408e+01, -4.2550861254760761e+00,
       -2.1117060157800860e+00, 5.1018611500654467e+00,
       8.1381398994508980e-01, 1.2345469236269953e+00,
       -7.6137178033200237e-01, -6.0376095854098692e-02,
       1.4430679212482505e+00, -1.9008377824867554e+02,
       1.5036695061103675e+01, 6.6449818018381436e+01,
       1.2359221589004370e+01, -1.9467941122886330e+01,
       -1.7132267433562738e+00, -1.0202240219739991e+00,
       3.6379908012991596e-01, -1.3277724316978801e+00,
       -3.0546542586842673e+01, -1.8840510216756748e+01,
       1.7505976600691215e+00, 1.5110941993232887e+00,
       -7.6950317766878484e+00, -1.3181705394825258e+01,
       -2.6731217064115859e-01, -5.1651931588076083e-01,
       -1.4956200674801714e+00, -1.6658508501623003e-03 ]
covs: !!opencv-matrix
   rows: 130
   cols: 10
   dt: d
   data: [ 6.0139654204022172e+03, 2.5163722031254645e+02,
       2.7082795667345081e+03, -1.0636719868916246e+03,
       1.1568376134004178e+02, 1.0402662117379758e+02,
       6.5421146734354608e+01, 1.4385586296908681e+01,
       7.3821712114261429e+00, -1.3193443927061039e+00,
       2.5163722031254633e+02, 6.4513255079426681e+03,
       6.2100962490255085e+02, 2.3976842665878153e+03,
       -6.2136640097075762e+01, -1.1553477739777657e+01,
       -8.7513071534003856e+01, -2.3216890736125794e+01,
       -1.1708706900271988e+01, -9.7389123555951898e+00,
       2.7082795667345081e+03, 6.2100962490255063e+02,
       2.6580430181365605e+03, 2.0718577755147994e+01,
       -7.3817530556279465e+01, -5.9167258190643182e+01,
       -1.9833318550423964e+01, 1.3618900707887718e+00,
       9.5243744130236518e-01, 4.7810007192742479e+00,
       -1.0636719868916246e+03, 2.3976842665878153e+03,
       2.0718577755147972e+01, 1.7788152508879732e+03,
       6.9364879481952016e+01, -8.6150570982985798e+01,
       2.7250471444695926e+01, 4.1738235431133761e+00,
       7.4475091882207440e+00, 6.4265707349795891e+00,
       1.1568376134004181e+02, -6.2136640097075770e+01,
       -7.3817530556279493e+01, 6.9364879481952016e+01,
       1.7289860522661485e+02, 7.9358515982724057e+01,
       7.4319527128406371e+00, 1.1217566277543710e+01,
       -1.1277838133278252e-01, 1.8428424773532162e+00,
       1.0402662117379759e+02, -1.1553477739777648e+01,
       -5.9167258190643189e+01, -8.6150570982985798e+01,
       7.9358515982724057e+01, 7.1614768192889912e+01,
       -1.3002602303378882e+01, 1.3617550871994102e+00,
       -3.5295247556830054e+00, -9.2078539166293050e-01,
       6.5421146734354608e+01, -8.7513071534003856e+01,
       -1.9833318550423972e+01, 2.7250471444695933e+01,
       7.4319527128406371e+00, -1.3002602303378877e+01,
       2.4214765847511657e+01, 1.2829107763195862e+00,
       2.6593793381577306e+00, 1.4022633132773338e-01,
       1.4385586296908681e+01, -2.3216890736125794e+01,
       1.3618900707887722e+00, 4.1738235431133770e+00,
       1.1217566277543705e+01, 1.3617550871994120e+00,
       1.2829107763195859e+00, 1.8205648873508544e+01,
       -1.5705784992683074e+00, 6.8470999226226803e-01,
       7.3821712114261420e+00, -1.1708706900271990e+01,
       9.5243744130236541e-01, 7.4475091882207440e+00,
       -1.1277838133278245e-01, -3.5295247556830049e+00,
       2.6593793381577306e+00, -1.5705784992683074e+00,
       1.2546787387866476e+00, 1.9231741956195633e-01,
       -1.3193443927061037e+00, -9.7389123555951915e+00,
       4.7810007192742479e+00, 6.4265707349795891e+00,
       1.8428424773532162e+00, -9.2078539166293072e-01,
       1.4022633132773335e-01, 6.8470999226226803e-01,
       1.9231741956195633e-01, 5.2126523050134133e-01,
       7.7492516744280674e+03, 4.4968446999359736e+02,
       1.9707681971911825e+03, -1.0974168841338110e+03,
       4.5668040955186405e+02, -5.5369391736126227e+02,
       -1.1182202710215681e+02, -1.1339750609598449e+00,
       -4.3782821428865063e+01, -4.8684085818876390e+00,
       4.4968446999359730e+02, 6.7530283407630677e+03,
       4.9936499849627774e+02, 2.3953743462341267e+03,
       1.4586025625547774e+02, -3.4715370410774881e+01,
       -3.4026694557256498e+01, 4.7514816284279565e-01,
       8.6252958570968730e+00, -1.3532500499640955e+01,
       1.9707681971911827e+03, 4.9936499849627774e+02,
       2.7909731844393118e+03, 8.6176744741164796e+01,
       -2.7837473834118947e+02, 1.4875240026704677e+02,
       3.8118737780054367e+01, 5.2286863722071040e+00,
       1.3865476815553842e+01, 6.3619428582235189e+00,
       -1.0974168841338110e+03, 2.3953743462341267e+03,
       8.6176744741164796e+01, 1.7676959302550365e+03,
       -4.5080217156369542e+01, 3.2309272678471448e+00,
       -4.3903510115556195e+00, -1.3729807190378276e+01,
       1.3687697928789455e+00, 4.7977057646516892e+00,
       4.5668040955186405e+02, 1.4586025625547771e+02,
       -2.7837473834118947e+02, -4.5080217156369542e+01,
       1.3128364187599118e+02, -1.2202496294566112e+02,
       -8.7214752488023954e+00, 8.7416013547505074e+00,
       -5.6920620528843244e+00, -2.0389572922284196e+00,
