%YAML:1.0
means: !!opencv-matrix
   rows: 10
   cols: 6
   dt: d
   data: [ -8.0889119430359187e+01, -4.8482478176475450e+00,
       -2.7807267276053395e+01, 8.8144526977012134e+00,
       2.5211222349161158e+01, -4.3022267569441519e+00,
       8.1452803507172803e+01, 1.6120242930734484e+01,
       -2.3635548804992617e+01, -3.2402003961319309e+01,
       -2.6168598107535864e+01, -1.9888246932087437e+01,
       4.9743075148718091e+01, -8.5121740003329748e+01,
       -1.6014868547510865e+01, 5.5803110708283704e+01,
       -3.4975928731136543e+00, 4.2213300949363921e+00,
       -1.7237616356218803e+02, 6.0922417960959962e+01,
       3.9183880403205372e+01, -3.6970805544155461e+01,
       -1.2900103451463462e+01, 2.2136987649092918e+00,
       7.9394941574997560e+01, 7.9465471453224566e+01,
       -1.3787477130772988e+01, 2.9333418726576085e+01,
       4.0367632817992902e+00, 3.2396378460403791e-01,
       7.2546832562098515e+01, -5.4695188673289351e+01,
       -1.5662210305797931e+01, -2.5713834734608110e+01,
       5.6098167107761912e+00, 4.8803819142988134e+00,
       2.9590253237316809e+01, -1.6496087787722729e+01,
       5.9335847044306384e+01, 7.0044634666290317e+00,
       2.3722625989684833e+01, -6.0741805967298479e+00,
       -1.6120768476811844e+02, -5.4652487199142335e+01,
       3.3933612272836804e+01, 3.7480227912653078e+01,
       -9.2962129175428156e+00, 3.9602757330356559e+00,
       1.2198018148033988e+01, 9.3480282666498596e+01,
       8.7775205327609196e-01, -6.1511428172591025e+01,
       1.0191124524137454e+01, -6.2822909720601166e+00,
       1.4820261611886778e+02, 2.6681723095607501e+00,
       -3.9872621368308508e+01, 1.6615295778339219e+00,
       -6.1027582924678176e+00, 1.2624178140661288e+01 ]
covs: !!opencv-matrix
   rows: 60
   cols: 6
   dt: d
   data: [ 2.8241046565970978e+03, 8.1620235682690588e+02,
       6.5436356626701217e+02, -5.1966653638307704e+01,
       1.4674467076354620e+02, 2.6819964562658998e+02,
       8.1620235682690577e+02, 8.4528442118657713e+03,
       1.1413979648291941e+02, 7.5081664258234082e+02,
       2.4098641050513532e+02, -1.2891646759954091e+02,
       6.5436356626701206e+02, 1.1413979648291941e+02,
       8.7790943321732641e+02, -1.3656575192285192e+01,
       -8.7560365276164944e+01, -1.9635792859997562e+01,
       -5.1966653638307726e+01, 7.5081664258234082e+02,
       -1.3656575192285192e+01, 1.9349093605079606e+03,
       -2.2868075942172035e+02, -1.5022661669153740e+01,
       1.4674467076354620e+02, 2.4098641050513532e+02,
       -8.7560365276164944e+01, -2.2868075942172035e+02,
       2.3212737344245630e+02, -9.1960837742617656e+00,
       2.6819964562658993e+02, -1.2891646759954091e+02,
       -1.9635792859997562e+01, -1.5022661669153745e+01,
       -9.1960837742617620e+00, 1.3449189199630379e+02,
       4.0886214539633147e+03, 8.3087248510023826e+01,
       3.0879069203063873e+03, 1.4250053124584142e+02,
       -1.0504593241467943e+02, -2.5145889590179745e+01,
       8.3087248510023826e+01, 5.5776279416553871e+03,
       -4.4400436129391970e+01, 2.4546449633684883e+03,
       -3.9504792921265953e+01, -1.3565742944506511e+02,
       3.0879069203063873e+03, -4.4400436129391956e+01,
       2.5755486603827708e+03, 3.0017279457561088e+01,
       -8.1430554216000886e+01, 5.2307066898145365e+01,
       1.4250053124584142e+02, 2.4546449633684883e+03,
       3.0017279457561099e+01, 1.1686058542402970e+03,
       -6.4067915994607603e+01, -8.7666733193122369e+01,
       -1.0504593241467944e+02, -3.9504792921265967e+01,
       -8.1430554216000886e+01, -6.4067915994607603e+01,
       3.8290867405375096e+01, 7.4812383021139519e+00,
       -2.5145889590179728e+01, -1.3565742944506508e+02,
       5.2307066898145379e+01, -8.7666733193122369e+01,
       7.4812383021139519e+00, 8.1126347908849723e+01,
       6.3377853978215744e+03, 8.5865120957581303e+02,
       2.7015211611109248e+03, -4.0995204109870747e+02,
       -6.1438086218266051e+01, 2.7642672835323748e+02,
       8.5865120957581269e+02, 6.6073018523565952e+03,
       -3.3699100947039631e+02, 1.7802805300690488e+03,
       -3.1287859473740735e+01, 1.3786669917809903e+02,
       2.7015211611109248e+03, -3.3699100947039636e+02,
       2.6200829686414572e+03, 8.0568229831999616e+01,
       -1.3179130609193265e+02, -2.4202500408259024e+01,
       -4.0995204109870741e+02, 1.7802805300690488e+03,
       8.0568229831999588e+01, 1.3783612559068370e+03,
       -6.9956992792570404e+01, -2.6109177425374702e+02,
       -6.1438086218266051e+01, -3.1287859473740728e+01,
       -1.3179130609193268e+02, -6.9956992792570404e+01,
       5.3914818051007217e+01, 2.2011450461662353e+01,
       2.7642672835323742e+02, 1.3786669917809903e+02,
       -2.4202500408259045e+01, -2.6109177425374702e+02,
       2.2011450461662353e+01, 1.0527172537585496e+02,
       6.5394938209033780e+03, -3.6099973826833013e+02,
       3.0170719620892660e+03, 3.5712648717107925e+02,
       2.8829192254830838e+02, -4.5872082568890124e+02,
       -3.6099973826833019e+02, 7.6068124112171781e+03,
       -4.0026050123544223e+01, 1.7010450351929444e+03,
       -4.3744220747067573e+02, 5.9658884418155765e+02,
       3.0170719620892660e+03, -4.0026050123544259e+01,
       2.4440582771859522e+03, 3.5948083250047276e+01,
       -5.4214279896342056e+01, 1.0650953462384480e+02,
       3.5712648717107919e+02, 1.7010450351929444e+03,
       3.5948083250047290e+01, 1.3961909061273379e+03,
       1.7826848626675405e+02, -2.0294160239130750e+02,
       2.8829192254830838e+02, -4.3744220747067561e+02,
       -5.4214279896342056e+01, 1.7826848626675405e+02,
       2.0127663965962503e+02, -1.3632160109228278e+02,
       -4.5872082568890124e+02, 5.9658884418155765e+02,
       1.0650953462384476e+02, -2.0294160239130741e+02,
       -1.3632160109228280e+02, 3.9982649179863762e+02,
       6.1474070651940328e+03, 2.5908074316988530e+02,
       2.2036178620693895e+03, -3.5780813901778163e+02,
       -5.3557676899999478e+02, 7.3459622241142213e+01,
       2.5908074316988512e+02, 4.0251432204213870e+03,
       -9.4635933741620988e+01, -1.1058414042023112e+03,
       2.4417988811265744e+02, -1.3815983722716675e+02,
       2.2036178620693895e+03, -9.4635933741621017e+01,
       2.6293906674159421e+03, -4.5748456580310766e+00,
       8.1097857858356065e+01, 2.9795612599314904e+01,
       -3.5780813901778168e+02, -1.1058414042023112e+03,
       -4.5748456580310828e+00, 1.3499399280879245e+03,
       -6.1074270527698879e+01, 9.0211946062445392e+01,
       -5.3557676899999478e+02, 2.4417988811265749e+02,
       8.1097857858356036e+01, -6.1074270527698879e+01,
       2.5926329990050840e+02, 1.7352230112285469e+01,
       7.3459622241142213e+01, -1.3815983722716675e+02,
       2.9795612599314897e+01, 9.0211946062445392e+01,
       1.7352230112285469e+01, 1.3429330195724390e+02,
       5.7753384485374472e+03, 2.4897248838546784e+02,
       2.2994519390949731e+03, -2.8003853271405393e+02,
       -4.7108393249211059e+02, 3.4311678106169595e+01,
       2.4897248838546764e+02, 4.9336569054077290e+03,
       2.3157140659639914e+01, -6.9758963382371894e+02,
       1.5095730976010177e+02, -1.4008575821849470e+02,
       2.2994519390949731e+03, 2.3157140659639921e+01,
       2.7469252784961213e+03, 3.0735673150280004e+01,
       9.3133801913939479e+01, 4.0903281572929529e+01,
       -2.8003853271405387e+02, -6.9758963382371894e+02,
       3.0735673150280004e+01, 1.2683599271493338e+03,
       -5.6001006938103480e+01, 1.3918705591656052e+02,
       -4.7108393249211059e+02, 1.5095730976010177e+02,
       9.3133801913939450e+01, -5.6001006938103465e+01,
       2.6368190277627554e+02, 5.2804938011965767e+01,
       3.4311678106169573e+01, -1.4008575821849470e+02,
       4.0903281572929529e+01, 1.3918705591656052e+02,
       5.2804938011965788e+01, 1.5869827512047914e+02,
       2.8913512960387429e+03, 8.5487978995165236e+02,
       5.3647773192054342e+02, -1.2711164170440752e+02,
       2.3343453268409340e+02, 1.8036246706203070e+02,
