%YAML:1.0
means: !!opencv-matrix
   rows: 15
   cols: 2
   dt: d
   data: [ -1.9192061645529397e+00, 1.6103570236843836e+02,
       -8.9338630822211300e+01, -1.1928997507282598e+02,
       2.2356666997825886e+02, -1.0011684319260844e+01,
       -1.2445741753128115e+02, 1.3875458711551497e+02,
       1.2772168233155432e+02, -9.4970685626180341e+01,
       -4.8423522480428538e+01, 5.7343613882074422e+01,
       2.2692545461434232e+01, -3.4367907627849704e+01,
       -2.2673612741465823e+02, 2.1079723672117254e+01,
       -1.1227638649093242e+02, -5.7326004362860434e+00,
       -2.2552008116521412e+02, -1.0111496780461644e+02,
       1.2132629779676938e+02, 7.8013743147647503e+00,
       3.2930460143700209e+01, -1.3162785831284441e+02,
       1.2843748047801773e+02, 1.2046553083625426e+02,
       -2.5494726095935212e+00, -2.6218506957309040e+02,
       5.4595774851833994e+01, 5.4431219924546340e+01 ]
covs: !!opencv-matrix
   rows: 30
   cols: 2
   dt: d
   data: [ 5.6625367755191282e+03, 8.4955113496105497e+01,
       8.4955113496105483e+01, 3.8569417341184958e+03,
       2.7673136887490973e+03, -4.0467009304860488e+02,
       -4.0467009304860488e+02, 3.6717856477310588e+03,
       2.8351705139824671e+03, -3.4446901632440984e+01,
       -3.4446901632440984e+01, 6.3293543093316157e+03,
       5.8765829535772509e+03, 1.4037271689302287e+02,
       1.4037271689302281e+02, 4.7833281152388145e+03,
       3.4220648323223090e+03, -1.3041336669222002e+02,
       -1.3041336669222005e+02, 2.7178462654887667e+03,
       2.5835063121353205e+03, 8.2051945665453488e+01,
       8.2051945665453530e+01, 3.0169150267238961e+03,
       3.0757441967336504e+03, -3.6772284760084381e+02,
       -3.6772284760084381e+02, 2.5751740774024047e+03,
       3.6544969941772570e+03, -3.2007469798923802e+02,
       -3.2007469798923802e+02, 5.7651312621583447e+03,
       2.9707989939511654e+03, -8.3913699623118964e+02,
       -8.3913699623118941e+02, 3.8805910528700838e+03,
       3.1833452967653257e+03, -2.3923958593323258e+02,
       -2.3923958593323258e+02, 6.1103397612421340e+03,
       2.6356450345530693e+03, 2.2323390722037018e+02,
       2.2323390722037018e+02, 2.4289869733246260e+03,
       3.0692472075221813e+03, -8.8368847318243820e+02,
       -8.8368847318243820e+02, 2.7976036546228811e+03,
       5.5863128134712151e+03, -7.1221587012162331e+02,
       -7.1221587012162331e+02, 4.3756142501858767e+03,
       6.9042201002231304e+03, -1.0577389749865115e+03,
       -1.0577389749865115e+03, 3.9686805853696183e+03,
       2.6415832771335795e+03, 6.5849422759115510e+02,
       6.5849422759115498e+02, 2.7886779793094020e+03 ]
weights: !!opencv-matrix
   rows: 1
   cols: 15
   dt: d
   data: [ 7.0182066259147663e-02, 6.6397321695450928e-02,
       4.9656889836660917e-02, 5.4594892759628408e-02,
       8.2351293921821389e-02, 8.8675504587933981e-02,
       9.6959128639551570e-02, 5.1755358369419420e-02,
       7.8350867603656837e-02, 4.8364902319577061e-02,
       8.6739358359718563e-02, 6.3290071009042020e-02,
       5.6949709000516310e-02, 1.6127163093257242e-02,
       8.9605472544608863e-02 ]
pca_proj: !!opencv-matrix
   rows: 2
   cols: 21
   dt: f
   data: [ 1.02604255e-02, 8.46533298e-01, 5.67100069e-05,
       -5.08859605e-02, 4.68450844e-01, 1.89823491e-04, -5.55210514e-03,
       1.46431834e-01, -1.98076777e-05, -7.31809530e-03, 1.34976640e-01,
       -4.80776835e-05, -6.69380091e-03, 1.46460637e-01, -1.57161594e-05,
       2.11501210e-05, 1.32904761e-05, -3.16381829e-07, -1.62182951e-05,
       4.47223283e-04, 4.04881848e-06, 8.19958210e-01, 1.87153444e-02,
       -7.93817599e-05, 4.28530097e-01, 8.29724409e-03, 8.75842488e-06,
       2.28233948e-01, -2.37727305e-03, -1.84168690e-04, 2.08515689e-01,
       -1.20344283e-02, -2.14158339e-04, 2.18838796e-01, -7.27251405e-04,
       -1.84816250e-04, -3.05604735e-05, -5.04301033e-06,
       -1.27042276e-05, 6.79167337e-04, 1.30049409e-06, -1.63660501e-04 ]
pca_mean: !!opencv-matrix
   rows: 1
   cols: 21
   dt: f
   data: [ 4.33646118e+02, 2.44701981e+02, 1.49672687e+00,
       4.18191803e+02, 2.60206879e+02, 1.62062907e+00, 3.68545319e+02,
       2.27059875e+02, 1.69770968e+00, 3.19420807e+02, 1.63929108e+02,
       1.75046074e+00, 3.16613464e+02, 2.25532654e+02, 1.70717156e+00,
       1.08872897e-04, -9.74175637e-05, 6.24380555e-05, -2.17504916e-04,
       -2.50119597e-01, 1.75055194e+00 ]
gamma: !!opencv-matrix
   rows: 15
   cols: 1
   dt: d
   data: [ 8.8523165502217582e-01, 8.6395292445409566e-01,
       8.9654189170546295e-01, 8.9618165150178686e-01,
       8.5825092116355606e-01, 8.3636101139727359e-01,
       8.3031517683415068e-01, 8.9940844519487240e-01,
       8.5925538127602930e-01, 9.0099138361499376e-01,
       8.3776820881596836e-01, 8.4982941297622161e-01,
       8.9252410321752773e-01, 9.0752758453662585e-01,
       8.2456404854734455e-01 ]
