%YAML:1.0
means: !!opencv-matrix
   rows: 17
   cols: 9
   dt: d
   data: [ -2.7614813554923398e+01, 9.3872391630984808e+01,
       -4.1434668260811298e+00, -4.4353872261516500e+01,
       1.0316622239295043e+01, 3.7151510025586038e-01,
       1.6824438608079268e+00, -3.5285872209219582e-02,
       -2.9661493813928308e-01, -6.2539272221213578e+00,
       -3.8248241656852777e+01, 1.4342198703016630e+01,
       1.4279156167001149e+01, 2.9486441259789672e+01,
       9.9082154448504252e+00, 1.5988448564814732e+00,
       -9.3872839123175644e-01, 9.7288209073012277e-02,
       -1.5427639969995749e+02, 2.7238858127430645e+00,
       4.0640375776092966e+01, -1.0491785071508207e+01,
       1.5709702091484332e-01, 3.6730572484657427e+00,
       7.9836604920255638e-01, 1.2155749793561945e+00,
       -8.0924725128021602e-01, 9.8598876333829281e+01,
       -3.1744376693989519e+01, -3.4308314379921306e+01,
       2.7840957869681684e+01, -5.0104782845288405e+00,
       7.9359729051077128e+00, -2.1020483740554013e-01,
       7.7362006892706803e-01, -1.2331802353236659e-01,
       4.3114048728846718e+01, 9.8038182831788902e+01,
       -3.2948631505939893e+01, -4.0807865599572672e+01,
       -8.3556309231163812e+00, -1.5160583869688429e-02,
       9.4421274587125681e-01, -1.0803565626982048e+00,
       -2.4806978247249215e-01, 3.2152961484139233e+01,
       1.3413050677065104e+02, -2.5304396909314665e+01,
       -5.3980784724101795e+01, -9.3929957047216490e+00,
       2.6493857473535321e+00, 2.5425234679642523e+00,
       2.8620566519471718e-01, -7.5671220450723928e-02,
       2.7114180861459591e+01, 1.7662806301061767e+01,
       -3.2014433419280981e+00, -1.6158929819772759e+01,
       3.4244287722317508e+00, -1.0541244223243382e+01,
       -6.9242034795740350e+00, 1.9986838222739953e+00,
       6.4758725833427260e+00, -3.0347017611114190e+01,
       -3.9820415747148068e+01, 7.5418461099542604e+00,
       8.7581126200844110e+00, -8.4497929529252644e+00,
       -1.6233404133238597e+01, -3.7173245077762085e-01,
       -4.1222159079506515e-01, -1.5936946895739965e+00,
       2.7382690441734177e+01, -1.5389034692460928e+01,
       -2.6996023122803788e+01, 1.1026287433027360e+01,
       2.4257247352322430e+01, -8.3837299747443197e+00,
       7.0792264570526509e-01, -8.6366673400124350e-01,
       -7.1973648618491382e-01, 9.8963456864392285e+01,
       -4.4979014037784488e+01, -2.1965321840528187e+01,
       3.6887739643141181e+01, -2.7597196096183843e+01,
       2.3527847448169279e+01, 1.1725864746355643e+00,
       1.2954712807626887e+00, 5.1002986622208835e-01,
       1.8972266139782514e+02, 1.0535106993491638e+01,
       -5.0336246671281295e+01, 1.4385927239276006e+01,
       -9.6825352192950156e+00, -7.0846551491476975e+00,
       8.9963416479673675e-01, -4.9809494042982788e-01,
       -9.3058411789929674e-01, -1.4970142601807447e+02,
       9.3347460289669286e+01, 1.7056000396293062e+01,
       -4.7570333093358080e+01, -1.2376185675534808e+01,
       -4.4101146693708388e+00, -1.6689798602210101e-01,
       -3.2687878989772168e-01, 3.7596773313815823e-01,
       1.5700247144230059e+02, 1.7828919382237718e+00,
       3.3367743054590917e+01, -1.2180346442969210e+01,
       5.9802466061743980e+00, -7.2885882818128609e+00,
       -1.0102818953744417e+00, -6.7787990118638108e-01,
       -8.1334100518290298e-01, 1.0532236139371347e+00,
       -1.9320882389304381e+02, 1.5593919943709162e+01,
       6.6841402423617396e+01, 1.1386302137026865e+01,
       -2.0491710983964818e+01, -1.7286983671512954e+00,
       -1.0019184004667117e+00, 2.0531942254337338e-01,
       -1.5425903638656021e+02, -5.7781425105437386e+01,
       4.3278805505833859e+01, 2.4565834218963818e+01,
       -1.7842652946504792e+01, 1.3368337502399239e+01,
       2.5221605725854213e-01, 1.2892497133725198e+00,
       -5.5688385233509929e-01, -1.7989331417418714e+02,
       -1.1752704799687483e+02, 4.8408650315621159e+01,
       3.6000018285283254e+01, -2.7547124358200069e+01,
       -9.0510058350566389e+00, -5.0620950560695324e+00,
       -1.1604518466250189e+00, 8.9907264106122275e-01,
       8.2767354613849150e+01, -6.0065909900172008e+00,
       -2.9204528286128017e+01, 2.2793110051739031e+01,
       -1.4185270755563423e+01, 3.5620443760586862e+00,
       -3.1523343512460233e-01, -5.4144194080376330e-02,
       -9.3446286978676552e-01 ]
