%YAML:1.0
means: !!opencv-matrix
   rows: 18
   cols: 3
   dt: d
   data: [ 1.0257104226111086e+02, 9.1846657096619552e+01,
       -4.0721024956303111e+01, -8.6082832673314314e+01,
       -4.1787620754819992e+00, -4.1439063744246781e+01,
       -1.9097632147408862e+02, -3.2227566710022693e+01,
       -8.3500097136121525e+00, 1.3160076696061460e+00,
       -2.9071388578752480e+01, 3.0960372552350080e+01,
       -8.8440502767591553e+01, -3.1737391665406911e+01,
       6.6521553407428286e+01, 1.4540027977473355e+02,
       -9.1396955187384094e+01, 1.4923508777611282e+01,
       -9.2568516897347692e+01, -1.3354414787336668e+02,
       -5.2453695529571867e+01, 9.7957363876025056e+01,
       -1.1797790936405150e+01, -1.8837035061824757e+01,
       3.1902980091892456e+01, 7.4981012381999747e+01,
       3.2402775719792395e+01, -2.7231181136357640e+02,
       5.9561918963613586e+01, -1.0473139289835844e+01,
       5.1779003978495490e+00, 1.2418473969872867e+01,
       -9.1121323012037109e+01, 9.8043220419581743e+01,
       1.2607477908064430e+02, 1.4000031833888356e+01,
       1.6756680822914251e+02, 4.6985657418164060e+01,
       2.5896800267468223e+01, 6.6018338122301765e+00,
       -1.5695919469962615e+02, 1.4323573735336350e+01,
       -1.7177407435561574e+02, 5.8020763524903259e+01,
       6.7156856877362699e+01, 5.4197860782412718e+01,
       -5.5120470520538532e+01, -5.8045991146454149e+01,
       -5.3117491462610388e+01, 1.1388239226931431e+02,
       -3.1117171437093159e+01, 1.0834859077547485e+02,
       -2.2432338080310885e+01, 6.9015038090582038e+01 ]
covs: !!opencv-matrix
   rows: 54
   cols: 3
   dt: d
   data: [ 4.2424262313579502e+03, -1.2266786424757302e+02,
       1.1372402210605208e+03, -1.2266786424757301e+02,
       1.5816043405504054e+03, -5.3379848680699610e+01,
       1.1372402210605208e+03, -5.3379848680699602e+01,
       1.4200218716957240e+03, 2.0866095038375870e+03,
       2.2781553799754633e+01, 3.6692153660460303e+02,
       2.2781553799754654e+01, 6.0165225046268397e+03,
       -1.0994540370718423e+02, 3.6692153660460303e+02,
       -1.0994540370718425e+02, 5.0607978953439431e+02,
       2.4561606507992351e+03, 1.0764085229698801e+03,
       7.5886591947958266e+02, 1.0764085229698801e+03,
       9.1720889873362212e+03, 4.6156725148112628e+02,
       7.5886591947958266e+02, 4.6156725148112622e+02,
       7.9411052372756910e+02, 2.4806934164015652e+03,
       -3.8405975748235295e+02, 8.9804096854267755e+02,
       -3.8405975748235306e+02, 4.6345009868608904e+03,
       2.5673414047245529e+02, 8.9804096854267755e+02,
       2.5673414047245529e+02, 9.0567723992899130e+02,
       2.4409823662249546e+03, 6.8180614729532113e+02,
       4.9910759535821001e+02, 6.8180614729532135e+02,
       9.4329913489834471e+03, 2.8423046401179863e+02,
       4.9910759535821001e+02, 2.8423046401179863e+02,
       8.6281666179471949e+02, 3.3174889670122961e+03,
       4.9967670955410836e+02, -5.1726117888649824e+01,
       4.9967670955410819e+02, 2.8681381643802088e+03,
       4.6238631946827745e+01, -5.1726117888649810e+01,
       4.6238631946827788e+01, 6.4423995315560614e+02,
       4.2206495230170913e+03, -8.4063764468751216e+01,
       -5.4534505268593568e+02, -8.4063764468751188e+01,
       3.6406233180572754e+03, 4.4315052104851344e+02,
       -5.4534505268593580e+02, 4.4315052104851344e+02,
       9.0084366568239659e+02, 3.6691534438347148e+03,
       -6.8770063821087240e+02, 5.1550926619030156e+02,
       -6.8770063821087240e+02, 3.4967597436307829e+03,
       -4.2802256328209171e+02, 5.1550926619030156e+02,
       -4.2802256328209171e+02, 1.1658721485086878e+03,
       2.3087845521099466e+03, -1.3753701521839318e+02,
       1.3627092542821508e+03, -1.3753701521839312e+02,
       6.8232683815352175e+03, 8.0633775983967553e+01,
       1.3627092542821513e+03, 8.0633775983967539e+01,
       1.0592254672454706e+03, 2.0873160984298925e+03,
       9.5875508866682662e+02, 5.0450352329174473e+02,
       9.5875508866682662e+02, 8.6328337263519534e+03,
       1.0207846481302192e+02, 5.0450352329174461e+02,
       1.0207846481302192e+02, 4.9382731526132608e+02,
       2.5323375572675386e+03, 7.4556738956608285e+02,
       -4.9844767922314514e+02, 7.4556738956608285e+02,
       6.6820056824741987e+03, 2.0556861330194886e+02,
       -4.9844767922314514e+02, 2.0556861330194886e+02,
       5.4367314368780490e+02, 1.9908816639247866e+03,
       -8.3926564029982714e+01, 6.7204379274217990e+02,
       -8.3926564029982771e+01, 4.4053065219011460e+03,
       1.5892177973561667e+02, 6.7204379274217990e+02,
       1.5892177973561667e+02, 7.3482455543585593e+02,
       3.0203938630606276e+03, 3.7475007582590405e+02,
       -1.5770643359800155e+02, 3.7475007582590405e+02,
       3.2658168324083613e+03, 3.1898908515792513e+01,
       -1.5770643359800158e+02, 3.1898908515792513e+01,
       3.9267344503121825e+02, 3.8960324470435439e+03,
       -4.5756815781549028e+02, 1.9849435799168666e+02,
       -4.5756815781549011e+02, 2.8308172983733780e+03,
       1.6771525116937036e+02, 1.9849435799168671e+02,
       1.6771525116937036e+02, 1.7443126849360765e+03,
       2.7527715639815938e+03, 1.2596874312868829e+03,
       1.3373627928833607e+03, 1.2596874312868829e+03,
       7.9044001331955915e+03, 2.2832698930248648e+02,
       1.3373627928833607e+03, 2.2832698930248657e+02,
       1.1850775454669351e+03, 2.7101887860940537e+03,
       4.7628199593369558e+01, 5.1558239804553551e+01,
       4.7628199593369587e+01, 3.4088653524181509e+03,
       5.6610023774832399e+01, 5.1558239804553537e+01,
       5.6610023774832428e+01, 1.0270250431310403e+03,
       3.0009876854879963e+03, 5.7557286701409419e+02,
       3.2900377902888459e+02, 5.7557286701409441e+02,
       5.7873322575833326e+03, -7.6929675384604570e+02,
       3.2900377902888459e+02, -7.6929675384604559e+02,
       7.1195205123232995e+02, 8.3510267428245133e+03,
       8.3547279759355933e+02, -1.9515193025804467e+03,
       8.3547279759355933e+02, 9.1476649995038715e+03,
       4.3926611012875647e+01, -1.9515193025804467e+03,
       4.3926611012875618e+01, 6.3032682823624475e+02 ]
weights: !!opencv-matrix
   rows: 1
   cols: 18
   dt: d
   data: [ 6.6900819554395655e-02, 5.3425127800031953e-02,
       6.4544582728368743e-02, 4.7311358439621677e-02,
       8.2323687022901423e-02, 4.4922021511742911e-02,
       2.3897375727688529e-02, 9.9241175353181610e-02,
       4.7443209281631545e-02, 4.1911959029175938e-02,
       7.2865006742474175e-02, 1.7208254336068343e-02,
       5.4662846682301799e-02, 2.6822021773370276e-02,
       5.8563693950600133e-02, 7.6193672362413756e-02,
       3.4212835553502942e-02, 8.7550352150509339e-02 ]
pca_proj: !!opencv-matrix
   rows: 3
   cols: 21
   dt: f
   data: [ 4.36961316e-02, 8.50134730e-01, 1.73015636e-04,
       6.54514134e-02, 4.60692108e-01, 2.29939164e-04, 7.67599978e-03,
       1.46649793e-01, -1.37564148e-05, 1.21663406e-03, 1.30500361e-01,
       -5.45994153e-05, 8.06188770e-03, 1.42052382e-01, -2.12945142e-05,
       -2.45414903e-05, 9.56867734e-06, -1.94090262e-06, 3.13729906e-05,
       4.34020360e-04, 2.32224409e-07, 7.68702388e-01, -5.10314330e-02,
       1.14127281e-04, 4.21110362e-01, -3.83849256e-02, 4.02935693e-05,
       2.81941950e-01, -1.35209868e-02, 1.95932400e-04, 2.66951323e-01,
       -4.70317341e-03, 2.29704310e-04, 2.76557714e-01, -1.55316098e-02,
       2.11025646e-04, -3.74769334e-05, 5.54774260e-06, -7.89335627e-06,
       8.86836962e-04, -5.85095040e-05, 1.91629806e-04, 1.28585771e-02,
       -3.46314937e-01, -1.22481215e-04, -4.01510373e-02, 1.58088982e-01,
       -1.45607672e-04, 1.89476740e-02, 5.27356327e-01, 2.33430081e-04,
       1.79703757e-02, 5.36674440e-01, 2.90960423e-04, 1.17339585e-02,
       5.35117626e-01, 2.47836346e-04, -7.02231409e-06, -3.17391914e-06,
       2.59759432e-08, 1.54912759e-05, 1.72088097e-03, 2.08691781e-04 ]
