%YAML:1.0
means: !!opencv-matrix
   rows: 42
   cols: 8
   dt: d
   data: [ 1.3118316204073852e+02, -4.5350761535911886e+01,
       -3.5948805716028019e+01, 3.0883812760880367e+01,
       -2.0911015397939877e+01, 4.1457134706580341e+00,
       7.0306870825913670e-01, -2.9142221925528389e-01,
       -2.7759958710200930e+01, -8.2962566637361547e+01,
       1.8525451553955968e+01, 3.8821670792013300e+01,
       2.2593598073691211e+01, 1.8219131866026004e+01,
       2.2362797117804258e+00, 1.6772203399397076e-01,
       1.6878109391661844e+00, 9.8085090774332073e+01,
       -1.7178410028252490e+01, -5.3648448025468660e+01,
       -1.1754964126448751e+01, -5.4474623750353031e+00,
       8.9929108937990010e-01, -1.9159072116472495e+00,
       1.6964191328632606e+02, 1.3207833778975902e+02,
       4.1055729013316970e+01, 1.8333218456563358e+01,
       -8.1293897342613608e+00, -8.0270080352362392e+00,
       -2.7515690061513483e+00, -2.5790768111748641e-01,
       -1.5977511201947289e+02, -6.8784564605954515e+01,
       4.3750625614308497e+01, 2.9553986005978359e+01,
       -2.3597906959832468e+01, 1.3018147806687464e+01,
       -1.4066144016961211e+00, 1.0807621022331120e+00,
       -3.3658631347472962e+01, 1.3259256362164902e+02,
       -7.2395758057706132e+01, -4.2894421325632095e+01,
       -9.0669180589581977e+00, 2.7315141451962126e+00,
       2.5752880457966842e+00, 5.0181109776443189e-01,
       2.3405010721089504e+01, -2.5335092119415005e+01,
       1.3617249460919158e+01, 1.6164119650997058e+01,
       1.6085149240201151e+01, 1.5765237945678972e+01,
       1.6258925220370735e+00, -8.3761415423833663e-01,
       -1.7351421748982975e+02, 3.4432093365891859e+01,
       2.6369918903362247e+01, -3.9631495806988681e+01,
       -1.7953990763550759e-01, -1.7302614225649101e+01,
       -7.0237961711822039e-01, 2.6593846286320638e-01,
       -1.6839125676404890e+02, -1.5956154151796460e+02,
       5.3058030237710057e+01, 5.2810944486751410e+01,
       -4.1525089877806245e+01, -1.9858236196617860e+01,
       -5.7021669637700132e+00, -1.9470476168966977e+00,
       4.9965487865700160e+00, -6.3577537494153290e+01,
       3.2704994809101287e+00, 2.0769430815490715e+01,
       -1.0365398404916457e+01, -1.4658403233062266e+01,
       -7.3346466268364852e-01, 5.5586036589133536e-01,
       1.8724446790618387e+01, -6.2410742372598868e+01,
       5.6076025253065032e+00, 4.2847709996944012e+01,
       -3.4131591579505518e+01, 2.9720157767697600e+01,
       2.6363457923107583e+00, 1.9233277698293605e+00,
       -1.4570193121360657e+02, -1.2209754695365741e+02,
       1.4999355654886541e+01, -4.3987885761928339e+01,
       5.4018886913069828e+00, 8.0446954306236833e+00,
       -3.1506542665106263e-01, 8.8468385685840956e-01,
       8.8780913595788334e+01, 1.3389115354598778e+02,
       1.1236003883096004e+01, -6.2301661386288828e+01,
       -1.2048373913342774e+01, 2.5098758965210850e+00,
       2.4708551464247015e+00, 5.8444125639597189e-01,
       1.0800101370228123e+02, -3.4928589298730337e+01,
       -2.1078827816014130e+01, 1.2449438903497272e+01,
       1.1019836694880368e+01, -7.3246203364689118e+00,
       1.6557318755085004e-01, -9.1253279961662459e-01,
       -2.6240906573327472e+01, -1.2497170222599367e+01,
       -7.4248083369430717e+01, 2.1230469426966451e+01,
       2.1735574664033326e+01, -3.1748105517682892e+00,
       4.4388627631687183e-01, -5.7278824984327503e-01,
       1.3409559473139728e+02, -8.3166084308596808e+01,
       -1.6393875787420505e+01, 5.3882416798414781e+01,
       -8.0312537516488884e+00, 1.4417527927699524e+01,
       1.7938768262017435e+00, 1.1234154293098439e-01,
       -2.0593878761769551e+02, 2.4220514214936717e+01,
       4.7789151818750703e+01, -2.1869821648890451e+01,
       -1.1718841008379309e+01, -7.8354706866107851e+00,
       -4.7973745426278991e-01, 1.3140860744291236e+00,
       -1.5323250423355583e+02, 1.1566499373375754e+02,
       1.8038390037024666e+01, -5.0033402416364424e+01,
       -2.4029589535250413e+01, -5.2735321276283278e+00,
       -5.6664747839640550e-01, -3.0371253277773463e-01,
       2.3752221945036052e+00, 7.1100007444299322e+01,
       1.4587258816015698e+01, -2.4725234897191470e+01,
       2.3897128791278377e+01, -7.4018832937818235e+00,
       -9.6798879306894019e+00, 1.3852511847048263e+00,
       -2.2862515600705301e+01, 6.3201803486963728e+00,
       4.1578626183133632e-01, -1.0064519438166895e+01,
       2.7782071646442560e+01, 1.5867388961367819e+00,
       4.2948171786821843e-01, -8.6658734396800718e-01,
       7.4767000181304311e-01, -4.4619995466265976e+01,
       1.4481745630455848e+01, 1.1337260560525417e+01,
       4.0388244705336049e+01, -1.4984838473167184e+00,
       1.2514769114244786e+00, -9.3819753994437616e-01,
       -7.7789766047171810e+01, 1.0246733656779668e+02,
       5.1121540209513929e+00, -5.2229955079366825e+01,
       3.4831994604320844e+00, 4.8147183227474724e+00,
       1.7041096676728458e+00, -3.8926774708226412e-02,
       1.9332997270986544e+02, 5.6564083390559832e+00,
       -4.9659835617850732e+01, 1.6953925049162372e+01,
       -9.9105670405506423e+00, -7.7809871552339569e+00,
       1.0551556038590650e+00, -4.2531456063922118e-01,
       -1.4696960186023009e+02, 1.0214493257057100e+01,
       2.7137292513460402e+01, 1.8906111917567436e+01,
       7.3723623676539303e+00, 1.0671374591294867e+01,
       1.7746023300662870e+00, 1.0808909672484990e+00,
       -1.4628476879976882e+01, 3.1664779763607416e+00,
       8.5687406064095725e+01, -4.9667470528991693e+00,
       1.5130232191787808e+01, 1.5602879134749594e+01,
       1.5038510955924924e+00, 8.6277167418365774e-01,
       3.3906507745524217e+00, 9.0527096705088042e+01,
       -1.0141560407857355e+01, -4.1668662922521911e+01,
       1.3649641092571413e+01, -3.6585522806956137e+00,
       1.5970824728992337e+00, 2.6892634777746832e-01,
       1.0114895668442340e+02, -4.7902460808491796e+01,
       -2.1055542471660335e+01, 3.5911079436914285e+01,
       -2.7509133362578257e+01, 2.2960132305890212e+01,
       1.1097661087277630e+00, 1.3594558673829362e+00,
       7.5219988667014306e+01, 8.3244117043738683e+01,
       -3.5136237151622232e+01, -2.6887331831467172e+01,
       -9.6102842098887251e+00, 3.6260018229158031e+00,
       1.1040024804378790e+00, -1.0756145271423220e-01,
       -2.5475022055366354e+00, -2.3507392785403115e+02,
       1.4870202842409892e+01, 8.4659507345266093e+01,
       -5.4999797754802522e+00, -3.2099529545579323e+01,
       -2.9368805234431461e+00, -3.5599461085427482e+00,
       1.2207868549383724e+02, -2.8964091822437638e+01,
       -3.6515862416841308e+01, 2.2943696080427763e+01,
       -6.3588693969225787e+00, -1.1264224462212765e+01,
       -3.4285382026696776e+00, -2.0929477870688942e+00,
       -6.0911120008166373e+00, -1.3938404209303613e+02,
       3.0773203235884477e+01, 6.0417293643420805e+01,
       3.2452485778203503e+01, -1.5642857343160591e+01,
       -2.3000873681582306e-02, -2.7375652990615760e+00,
       6.7311315514216318e+01, 9.1499183243205934e+01,
       1.1437810223182659e+01, 3.6593683313254793e+01,
       1.9280405724889057e+01, -1.1567941907522208e+01,
       -4.4503764801585649e-01, -9.4391842547369342e-01,
       8.3039115454390483e+01, -5.3722915091989854e+01,
       -1.4840321454414745e+01, 4.9026000605274298e+01,
       -4.9945394354685435e+00, 2.7263115269158217e+01,
       2.3182802660123345e+00, 5.9784441398170873e-01,
       -1.3049210149503676e+02, 6.6655993021496997e+01,
       2.5623653003863875e+01, -3.0617118917275086e+01,
       4.6839616764505436e+00, 5.8916516179769403e+00,
       1.4782319723778552e+00, 8.9667132211065259e-01,
       -1.2753043887147079e+02, -7.3444151419652144e+01,
       4.1030182889165900e+01, 9.1491447276259752e+00,
       -5.3028633222140868e+00, -2.7791897981447018e+01,
       -3.1411662650496628e+00, -1.1228664663795362e+00,
       1.2136142501064563e+02, 4.5745374330493881e+01,
