%YAML:1.0
means: !!opencv-matrix
   rows: 12
   cols: 16
   dt: d
   data: [ -1.8870995087198057e+02, 3.2241950695901274e+01,
       3.2786506101798167e+01, -2.7433783043697506e+01,
       -1.2371965189174871e+01, -6.2415387020736866e+00,
       -1.6536017317394995e+00, -5.5632428056948138e-02,
       1.5604380191723830e+00, 2.5638113375303673e-01,
       1.4292518518873944e-02, -4.9567198415461894e-02,
       1.3231893243546818e-03, 4.1276818032081044e-03,
       1.8198036584501899e-02, 8.3513902382572839e-03,
       4.2416551558708093e+01, 4.8094659522471012e+01,
       -7.8036578359421069e+00, -2.4663955810627133e+01,
       -1.2018660582427942e+00, -8.1280488032818567e+00,
       -9.0118337960497339e+00, 2.2744636283390202e-01,
       6.6607391326823846e+00, 1.5547170854955730e+00,
       4.9061358491256757e-02, 2.3963388845538159e-02,
       -5.0912464778190294e-02, 3.4722363186279144e-02,
       -2.2552545146724213e-02, -2.1130261654701528e-03,
       9.9097305951216825e+01, -4.4019994495312105e+01,
       -2.1884776425317714e+01, 3.7148486925619082e+01,
       -2.7662497343736913e+01, 2.3362311917363044e+01,
       1.0592089415856594e+00, 1.3066126823979747e+00,
       4.8764331975174069e-01, 3.4551243285205736e-02,
       1.4910164338693083e-01, -3.3859861517790048e-03,
       -2.5437962434008022e-03, -7.6209628878942479e-03,
       1.9674173594447224e-02, -7.7488232791035079e-06,
       3.8402490119849610e+01, -1.1148103695563042e+02,
       3.7008177734597130e+00, 4.9103816280209948e+01,
       -2.8868254390399022e+00, -1.0266462821397697e+01,
       1.3055115583317209e-01, -1.5473673680845506e+00,
       -1.5738032585577475e+00, 8.6281163168605779e-01,
       -2.1857840723870609e-01, -1.9378285804398907e-02,
       6.9417270794687449e-03, 2.4061027780362162e-02,
       -3.3648659191882181e-02, -4.3125399220668766e-03,
       -1.6833783701732455e+02, -1.0818382662137552e+02,
       4.7247513422105342e+01, 3.8364477388147229e+01,
       -3.1435893027567790e+01, -1.3391076062868501e+00,
       -4.0069543284294973e+00, -8.3003201768441126e-01,
       -2.1240040729486407e-02, 1.8456122776638559e-01,
       9.8196332528273811e-02, 4.1478820900992246e-02,
       -9.9464742725831213e-03, -1.9018643035601823e-03,
       6.3070246702678374e-03, 1.0844627593849980e-02,
       1.0533375818989383e+00, -8.6308886488475295e+01,
       3.4444510322091815e+00, 1.8024840371023714e+01,
       6.8400021750649262e+00, -1.5974873327930082e+01,
       -2.6693445776017999e+00, 1.2186194601463218e+00,
       3.3830055181278613e+00, -1.6091619054216497e+00,
       -1.0274744971053955e-01, -7.1270453639895537e-02,
       -3.6534430581403451e-03, -2.1325546272054834e-02,
       7.1800172919272449e-03, 3.3285258356399111e-03,
       1.1567386154614329e+02, -1.6629076477435248e+01,
       -2.9266510628540679e+01, 1.9295612185027764e+01,
       -1.0646557542828365e+01, 4.3719377781716728e+00,
       7.9906789008851276e-01, 4.0117274848318041e-01,
       -5.8941437398390450e-01, -1.5721958825072746e-01,
       -1.1632817231406427e-01, 1.5367317009277041e-02,
       1.0924441405083737e-03, -3.6876529344861408e-03,
       8.3289273613796656e-03, -2.6427626521195041e-03,
       -1.4440911418383280e+02, -1.2700625607345644e+01,
       3.9309923248898436e+01, -3.4095350510356979e+00,
       -1.8033977349686299e+00, 2.8405841591584178e+00,
       8.6146017548453557e-01, 1.3081087398801847e+00,
       -1.0126803243213420e+00, -6.1865458708204049e-02,
       -4.7735102375840763e-02, 2.2493355773263537e-03,
       4.2652342805203211e-03, 2.5507057395668629e-03,
       -1.4710443487769639e-02, -1.3176626485568398e-02,
       4.5381170870158044e+01, 1.2527368393274017e+02,
       -2.9791886037990647e+01, -4.6591082303753510e+01,
       -8.5148766917150738e+00, 2.6102797632599186e+00,
       1.6641611388998188e+00, -1.3407020373992026e-01,
       -2.3083996744639182e-01, -1.4781268168889325e-01,
       7.0879123864255836e-02, -2.6391838989312466e-02,
       3.2353857962721276e-03, 1.0832264929025769e-02,
       -2.5996916965593676e-02, 3.9739711684967250e-03,
       1.7064702576511286e+02, 1.6324125177553562e+01,
       -4.5244160730388288e+01, 1.2063890515101248e+01,
       -9.3091420147217825e+00, -7.2091208623754275e+00,
       -7.9261482321825372e-01, 2.7346647061505819e-01,
       -8.0522641981857879e-01, 7.5553671903059463e-02,
       1.4915898429177565e-01, -2.6852178438324804e-02,
       -1.8499291917251244e-03, 1.8092650032674035e-02,
       -4.1920820840085748e-02, -1.5788566819803292e-02,
       3.6764696181748640e+01, -1.5021276640299780e+01,
       -3.2032322057337648e-01, 6.7012240972243049e+00,
       2.2219429971339746e+01, -5.4276968423239258e-01,
       6.5347249392847118e-01, -8.7896421235491085e-01,
       -3.7813037262145266e-01, 1.0098732752349543e-01,
       2.9647376713289288e-02, 2.2747991460733957e-02,
       2.6594099248200514e-03, -8.2520839169585320e-03,
       1.8589342992491504e-02, 4.2720985887259319e-03,
       -4.3839314680720570e+01, 1.0274809646425500e+02,
       -5.8102999845086511e+00, -4.8708124236344545e+01,
       1.0988347242942624e+00, 4.8362575333571850e-01,
       1.4165396742249279e+00, -5.2922986952812623e-01,
       -4.0391708407258481e-01, -1.1920140177241755e-01,
       -8.9378542198115200e-03, -1.0872873104875692e-03,
       4.0858502443302741e-03, -2.4857687286643387e-03,
       2.9019695664603893e-03, 8.5702648560084423e-03 ]
