%YAML:1.0
means: !!opencv-matrix
   rows: 5
   cols: 4
   dt: d
   data: [ 5.0231122005612299e+01, 9.3176347977595412e+01,
       -2.5075661418892231e+01, 2.1365897730729515e+01,
       -5.5700813797066800e+01, -9.0951851790336804e+01,
       -4.6408722299208680e+00, 5.2349771208956874e+01,
       4.3569200821259209e+01, -3.0110173408394235e+01,
       -3.1963126293698235e+01, -3.5761935864971697e+01,
       -1.8652272325994048e+02, 2.9406246844467319e+01,
       3.4828062488828706e+01, -1.6575810320162276e+01,
       1.0534038069746251e+02, -1.5369139456851254e+01,
       5.8005503378422361e+01, 7.3603883546335369e-01 ]
covs: !!opencv-matrix
   rows: 20
   cols: 4
   dt: d
   data: [ 8.6717182846320648e+03, -7.0954519043407140e+02,
       1.0122199870670045e+03, 4.5520449741527625e+02,
       -7.0954519043407129e+02, 3.7311479000395393e+03,
       2.2517806899243993e+02, -1.2318513044283561e+03,
       1.0122199870670048e+03, 2.2517806899243993e+02,
       2.3756765927637075e+03, -1.6524544184482389e+02,
       4.5520449741527614e+02, -1.2318513044283563e+03,
       -1.6524544184482389e+02, 1.5301957854101397e+03,
       9.7419890874600915e+03, -9.3649452751533488e+01,
       9.1967879969276362e+02, -1.7536363861372618e+02,
       -9.3649452751533531e+01, 6.4410940324656431e+03,
       1.4687621956018566e+02, 1.9031024666147562e+03,
       9.1967879969276362e+02, 1.4687621956018569e+02,
       2.4916202225318098e+03, 1.8321064276283661e+01,
       -1.7536363861372612e+02, 1.9031024666147562e+03,
       1.8321064276283668e+01, 1.2944831518599437e+03,
       7.9285224941230072e+03, -6.8865645691688849e+02,
       8.5490147933408537e+02, 3.2172836074175086e+02,
       -6.8865645691688871e+02, 4.2783164205562398e+03,
       1.4323908322397389e+02, -6.6182494319584976e+01,
       8.5490147933408537e+02, 1.4323908322397389e+02,
       2.2385532337096279e+03, -1.8494369481113921e+02,
       3.2172836074175086e+02, -6.6182494319584961e+01,
       -1.8494369481113927e+02, 1.2979260124992704e+03,
       5.6707273370995799e+03, -1.3494641473575138e+02,
       2.6801990535965865e+03, 2.2446113887998933e+02,
       -1.3494641473575132e+02, 9.4178406005966735e+03,
       1.6314060155545175e+02, 4.2023096726709474e+02,
       2.6801990535965861e+03, 1.6314060155545181e+02,
       2.2745736157513634e+03, -6.6129603442491359e+01,
       2.2446113887998922e+02, 4.2023096726709474e+02,
       -6.6129603442491387e+01, 2.1455903613844503e+03,
       8.9079297264555771e+03, 8.5907527426905585e+02,
       -1.9680712874730959e+03, -4.4680220731316780e+02,
       8.5907527426905585e+02, 8.7090573267639229e+03,
       -3.6704251240189447e+00, 5.1318820172101994e+01,
       -1.9680712874730959e+03, -3.6704251240189389e+00,
       8.2141111627792259e+02, 1.1020599397121326e+02,
       -4.4680220731316780e+02, 5.1318820172101987e+01,
       1.1020599397121326e+02, 2.4539926359181577e+03 ]
weights: !!opencv-matrix
   rows: 1
   cols: 5
   dt: d
   data: [ 2.2014285354469118e-01, 1.5824229855283001e-01,
       2.8714394428643314e-01, 1.7127393443941896e-01,
       1.6319696917660828e-01 ]
pca_proj: !!opencv-matrix
   rows: 4
   cols: 21
   dt: f
   data: [ 4.36961316e-02, 8.50134730e-01, 1.73015636e-04,
       6.54514134e-02, 4.60692108e-01, 2.29939164e-04, 7.67599978e-03,
       1.46649793e-01, -1.37564148e-05, 1.21663406e-03, 1.30500361e-01,
       -5.45994153e-05, 8.06188770e-03, 1.42052382e-01, -2.12945142e-05,
       -2.45414903e-05, 9.56867734e-06, -1.94090262e-06, 3.13729906e-05,
       4.34020360e-04, 2.32224409e-07, 7.68702388e-01, -5.10314330e-02,
       1.14127281e-04, 4.21110362e-01, -3.83849256e-02, 4.02935693e-05,
       2.81941950e-01, -1.35209868e-02, 1.95932400e-04, 2.66951323e-01,
       -4.70317341e-03, 2.29704310e-04, 2.76557714e-01, -1.55316098e-02,
       2.11025646e-04, -3.74769334e-05, 5.54774260e-06, -7.89335627e-06,
       8.86836962e-04, -5.85095040e-05, 1.91629806e-04, 1.28585771e-02,
       -3.46314937e-01, -1.22481215e-04, -4.01510373e-02, 1.58088982e-01,
       -1.45607672e-04, 1.89476740e-02, 5.27356327e-01, 2.33430081e-04,
       1.79703757e-02, 5.36674440e-01, 2.90960423e-04, 1.17339585e-02,
       5.35117626e-01, 2.47836346e-04, -7.02231409e-06, -3.17391914e-06,
       2.59759432e-08, 1.54912759e-05, 1.72088097e-03, 2.08691781e-04,
       -5.93480825e-01, -8.48098937e-03, -8.88030772e-05, 2.05370650e-01,
       3.40346433e-02, 1.63823628e-04, 4.45453286e-01, -5.44621795e-03,
       -1.30590008e-04, 4.45820451e-01, -1.72652975e-02, -2.10900864e-04,
       4.54801619e-01, -3.90723068e-03, -1.75610170e-04, -1.74471352e-05,
       -6.38676829e-06, 1.65030560e-05, 1.38473080e-03, -5.51051289e-06,
       -1.34489819e-04 ]
pca_mean: !!opencv-matrix
   rows: 1
   cols: 21
   dt: f
   data: [ 2.07625534e+02, 2.55653595e+02, 1.54502928e+00,
       2.18915131e+02, 2.60592743e+02, 1.67241716e+00, 2.65274475e+02,
       2.24016678e+02, 1.71669352e+00, 3.19420807e+02, 1.63929108e+02,
       1.75046074e+00, 3.16613464e+02, 2.25532654e+02, 1.70717156e+00,
       1.08872897e-04, -9.74175637e-05, 6.24380555e-05, -2.17504916e-04,
       -2.50119597e-01, 1.75055194e+00 ]
gamma: !!opencv-matrix
   rows: 5
   cols: 1
   dt: d
   data: [ 8.6901477985272013e-01, 9.2232785803873507e-01,
       9.0021677586814164e-01, 9.3373156705527849e-01,
       8.3003778688072882e-01 ]
