%YAML:1.0
means: !!opencv-matrix
   rows: 32
   cols: 5
   dt: d
   data: [ -1.4245993292742395e+02, 1.4279682702578242e+02,
       -3.4865065314376096e+01, -5.5317094915975105e+00,
       8.5086454411148811e+00, 1.1481220283760867e+02,
       7.3877281733727074e+01, -6.4728625435997472e+01,
       5.5981484267305703e+01, -9.3652954067018790e+00,
       -1.9202417574959804e+02, -1.8079625232300100e+02,
       2.6264282060507952e+01, -2.2037806324827621e+01,
       -2.5191523911210730e+01, 6.0978490058268378e+01,
       -5.4024396677690312e+01, 5.7984141353620721e+01,
       7.7459259823324214e+00, 3.5671497457908139e+01,
       -1.0799935588039270e+02, 1.2319328158459416e+02,
       9.7839509542017797e+00, -5.6930213682225123e+01,
       -2.4349310623723383e+01, -1.4299388187748974e+02,
       -3.3102862513447739e+01, 9.9014454545250921e+00,
       3.0659924812339174e+01, 2.9878588094252092e+00,
       2.1938233057245571e+02, 7.0217641082520501e+01,
       1.8563635577248061e+01, 4.1403918475208457e+01,
       -1.3235466286584828e+01, 1.7432814800233704e+01,
       1.4601674700154453e+02, 2.1733180037839128e+00,
       -6.8070138883122988e+00, 1.1977847457363900e+01,
       -3.2581960552742942e+01, 4.0526144614956713e+01,
       3.9146339074389765e+01, -7.2081130599269301e+01,
       4.6996290374975773e+00, 6.4797424296784257e+01,
       -1.4475650638765325e+01, -3.8727500663839703e-01,
       7.8652528263371153e+01, -4.5817142978948082e+00,
       -8.6537504621141494e+01, -6.7680557132354792e+01,
       -6.5899780207851663e+01, -1.9200823903003386e+01,
       1.4978153827552457e+01, 1.0289045175553538e+02,
       -5.3301413185664678e+01, -9.3190461835042228e+01,
       -9.8092533035405305e-01, -1.1267719439885031e+01,
       9.9268435927063763e+01, -4.5584561979681595e+01,
       -1.1188020355657546e+01, -4.4816322892142232e+01,
       -3.4037187045299175e+00, 2.2417550001857492e+02,
       -3.5256985347974620e+01, -1.9312459620110491e+01,
       -1.5015529646505030e+01, -1.4258129400377340e+01,
       5.3272279047278808e+01, -1.5207148816698577e+02,
       -1.2393266362202052e+01, 1.3450370819754664e+01,
       -8.9496041399179016e-01, 3.2231431801762767e+01,
       6.9670355397762052e+01, 4.0980834139051197e+01,
       4.4554258733756072e+01, 1.6870453809730567e+01,
       1.4340491126353689e+02, 4.4973372936461997e+00,
       5.2856403554863626e+01, -2.1904139541602852e+01,
       9.6087755757674209e-01, -3.6812505568046205e+01,
       1.4035500606782417e-01, 9.6466574979854045e+01,
       2.6241625869063853e+01, 5.0083760336017125e-01,
       -1.8979807259236370e+02, -5.8340597114025087e+01,
       5.6034054314623482e+01, 3.8071305381573566e+01,
       -2.5731546143345632e+01, 4.0748300987877801e+00,
       -5.6098455659187971e+00, -7.7234709207911763e+01,
       -2.3650072984037180e+01, 9.9376190465587317e+00,
       1.2962753726041823e+01, -1.0887589717616208e+02,
       -9.6987871310654725e+00, -4.5469059143647698e+01,
       3.0409860924147225e+01, -1.9524988726154720e+02,
       2.2259977282416564e+01, -4.4151066042062901e+01,
       -6.2495851511077547e+01, 2.2120609219221690e-01,
       -3.8674080931581763e+01, -1.2925959733941042e+02,
       7.4865445932149498e+01, -3.7129678835734644e+01,
       -8.3763876976839902e-01, -1.6091454049343238e+02,
       -8.1676160083072205e+01, 2.0767253463355928e+01,
       -5.6274544873776478e+01, -1.5048283531718338e+00,
       3.9938400853759667e+01, 1.1308670606491664e+02,
       -2.7022144559481202e+01, -4.9858442855746915e+01,
       -1.0060235334817211e+01, -5.3211742223906185e+01,
       -2.4283130137419040e+01, -1.8433320528512940e+01,
       4.1197478225464017e+01, 3.6122177802189810e+01,
       1.0253130696065300e+02, 6.5390341680993629e+01,
       8.5077315110581662e+00, 1.1751851903079197e+01,
       7.6118168266740360e+00, -1.8056563486264864e+02,
       4.7639297503437753e+01, 3.6269704053993991e+01,
       6.8153284457335443e+00, -3.2333894617786290e+00,
       -3.6850881430605476e+01, 8.7471422139135086e+01,
       -5.5640569795037955e+01, 4.3573969944407864e+01,
       4.1931062760663105e+00, 1.2594647338273033e+01,
       -2.3033623719280362e+02, 7.8209618257738454e+00,
       7.4518476729004036e+01, -2.6136586296474222e+00,
       9.9762609023179834e+01, -4.6148696373250566e+01,
       -2.2043345759282641e+01, 3.6639972979047542e+01,
       -2.7384929683279360e+01, -7.9443126635815503e+01,
       1.4969850217305972e+02, 7.5086937472055894e+01,
       -1.2920370422976696e+01, -2.4472930666491388e+00 ]
