%YAML:1.0
means: !!opencv-matrix
   rows: 3
   cols: 13
   dt: d
   data: [ -9.9079439816677905e+01, 1.0048125227377524e+01,
       1.8903877734071692e+01, -1.0458454690879320e+01,
       -1.1092975486854534e+01, -1.9314077442852734e-01,
       3.9621272718076306e-01, 1.9148493855531665e-01,
       -9.0145141554984409e-01, -4.8911940141735472e-02,
       -6.1404715490743417e-02, 4.1056021736354227e-03,
       2.5187440704483215e-03, 6.4752598796984600e+01,
       6.4678286677714247e+00, -1.3059107857305280e+01,
       3.4383201322144368e+00, 6.1363910458140847e+00,
       2.7616796723730794e+00, 8.4294136088766658e-01,
       -1.7974936488331725e-01, -3.1250443946284723e-01,
       2.7590888559445012e-02, 4.2594968738134807e-02,
       7.8819035195937456e-03, 2.3997548605906470e-03,
       -3.8604845214332997e+01, -5.2396390264775732e+01,
       1.0398471100290399e+01, 1.0599496326944593e+01,
       4.8475740882046781e-01, -1.1476269610631466e+01,
       -4.6062106334654818e+00, 3.1101742648561509e-01,
       3.5504275926451219e+00, 1.4524522839627614e-02,
       -3.5818203831973899e-02, -4.4824336742066789e-02,
       -1.6477409334786152e-02 ]
covs: !!opencv-matrix
   rows: 39
   cols: 13
   dt: d
   data: [ 1.4407967341727715e+04, 1.0814856491502613e+02,
       5.3579835013465993e+02, -7.3233762551990867e+02,
       6.1362104654603982e+01, 4.1262741990933883e+01,
       8.6637113717287406e+01, -3.7707824035069372e+01,
       2.3584834023949004e+01, 9.5560164309528233e+00,
       -1.1400212839812397e+01, -5.8025429320999145e-01,
       -3.4562453509111059e-02, 1.0814856491502616e+02,
       1.3224645766750647e+04, -2.7099205940581203e+02,
       -3.5345880994590902e+02, 3.6630592671390451e+02,
       1.5556984461345760e+02, 1.8040652809860475e+01,
       -2.1613147901472537e+01, 2.1588543295363323e+01,
       -1.2101737973592749e+01, 2.0899553854373738e+00,
       -1.2212658263377127e+00, -1.0502190984923488e-02,
       5.3579835013465993e+02, -2.7099205940581191e+02,
       3.2180750542347350e+03, 2.7170592321015420e+02,
       -1.0066149263465937e+02, -3.7080706655693966e+01,
       -3.3757130395548593e+01, 1.3145346030218198e+01,
       -4.0942330586964424e+00, 3.3301854822500716e+00,
       2.2945836556966892e+00, 2.9185721416704324e-01,
       -6.5766015214508103e-02, -7.3233762551990844e+02,
       -3.5345880994590902e+02, 2.7170592321015425e+02,
       2.9035937933157443e+03, -1.4263553972473204e+02,
       -2.8331398777101764e+01, 3.6595622313421541e+00,
       -4.8598749457767241e+00, -1.8270129591376192e+00,
       1.0502096676039596e+01, -1.5700135473322339e+00,
       1.3839219096542274e-01, 2.1749594148826747e-02,
       6.1362104654603968e+01, 3.6630592671390451e+02,
       -1.0066149263465941e+02, -1.4263553972473204e+02,
       2.1882009503924422e+02, 5.4106684674298535e+01,
       1.0038887692582836e+01, 1.0794791541681215e+01,
       7.1194952358071462e-01, -7.8365722537141980e-01,
       -6.4723036520719623e-01, -1.3036556125138196e-01,
       2.0305405275382157e-02, 4.1262741990933840e+01,
       1.5556984461345763e+02, -3.7080706655693966e+01,
       -2.8331398777101779e+01, 5.4106684674298535e+01,
       2.1750191529410489e+02, -2.1324309776232098e+00,
       4.2946158518648962e+00, 4.5464529715009983e+00,
       -1.4120206384012681e+00, 6.8633580778827274e-01,
       -3.3120886556275914e-01, -7.9013832368900823e-04,
       8.6637113717287406e+01, 1.8040652809860482e+01,
       -3.3757130395548586e+01, 3.6595622313421523e+00,
       1.0038887692582836e+01, -2.1324309776232093e+00,
       2.3912552175575719e+01, 1.3710095836315026e+00,
       3.4428741727272079e+00, 3.3979991673100918e-01,
       -2.2467207261168548e-03, 2.1623350635060112e-02,
       -3.8100827108880839e-02, -3.7707824035069358e+01,
       -2.1613147901472534e+01, 1.3145346030218198e+01,
       -4.8598749457767250e+00, 1.0794791541681215e+01,
       4.2946158518648971e+00, 1.3710095836315026e+00,
       1.5953158753195472e+01, -1.2849633082253076e+00,
       5.1536186464666855e-01, 2.0058834930335754e-02,
       -1.7129541574167177e-02, 8.7707291057834338e-03,
       2.3584834023949007e+01, 2.1588543295363323e+01,
       -4.0942330586964450e+00, -1.8270129591376205e+00,
       7.1194952358071439e-01, 4.5464529715009983e+00,
       3.4428741727272070e+00, -1.2849633082253078e+00,
       1.7726317527882076e+00, -1.9278952452192272e-02,
       6.1989505506835720e-02, 1.9673610707687073e-02,
       1.5889660668474716e-02, 9.5560164309528233e+00,
       -1.2101737973592749e+01, 3.3301854822500707e+00,
       1.0502096676039596e+01, -7.8365722537141957e-01,
       -1.4120206384012681e+00, 3.3979991673100912e-01,
       5.1536186464666855e-01, -1.9278952452192258e-02,
       6.1140956455529827e-01, -3.5288305086190193e-02,
       -5.6680462419957346e-03, 4.3432091987447912e-03,
       -1.1400212839812397e+01, 2.0899553854373729e+00,
       2.2945836556966892e+00, -1.5700135473322341e+00,
       -6.4723036520719623e-01, 6.8633580778827297e-01,
       -2.2467207261168505e-03, 2.0058834930335733e-02,
       6.1989505506835720e-02, -3.5288305086190193e-02,
       3.4963823719562900e-02, 5.1448493504819887e-04,
       -9.2917225192078721e-04, -5.8025429320999145e-01,
       -1.2212658263377127e+00, 2.9185721416704324e-01,
       1.3839219096542277e-01, -1.3036556125138196e-01,
       -3.3120886556275914e-01, 2.1623350635060105e-02,
       -1.7129541574167177e-02, 1.9673610707687070e-02,
       -5.6680462419957346e-03, 5.1448493504819887e-04,
       2.4972031763467470e-03, 5.8557341096323494e-04,
       -3.4562453509111045e-02, -1.0502190984923514e-02,
       -6.5766015214508061e-02, 2.1749594148826761e-02,
       2.0305405275382143e-02, -7.9013832368901029e-04,
       -3.8100827108880859e-02, 8.7707291057834338e-03,
       1.5889660668474716e-02, 4.3432091987447921e-03,
       -9.2917225192078710e-04, 5.8557341096323494e-04,
       2.1803841427082923e-03, 9.7749071864008874e+03,
       -4.6071274896337150e+02, 1.4704311958044539e+03,
       -1.6240655281217772e+02, -1.0983652826633283e+03,
       -2.0022667216310907e+02, -8.9320731328970183e+01,
       2.3904828761841102e+01, -3.0860857430789913e+01,
       -8.8942414175704565e-01, -1.2111769168611182e+00,
       -6.0855963266115287e-01, 4.0787713127152285e-02,
       -4.6071274896337138e+02, 1.0235625653815183e+04,
       2.4251478696380673e+02, 6.9546370765277811e+02,
       -2.5293422834270979e+02, -3.9986676749115213e+02,
       -4.3672740995388082e+01, -1.3019785428812520e+01,
       -1.2145040011061189e+01, -1.0577468952941945e+01,
       -9.7921762437874449e-01, -6.0406737948599154e-01,
       1.1671293693690539e-01, 1.4704311958044539e+03,
       2.4251478696380667e+02, 2.9958514477855042e+03,
       -6.1350824982433032e+01, 2.6240092374916981e+02,
       6.6595601318060119e+01, 2.7279761625573645e+01,
       -5.2334180066543903e+00, 4.8813747017781459e+00,
       1.3003513136534339e+00, 6.0138806738579589e-02,
       -5.4328203420296636e-02, 3.3483654838524460e-02,
       -1.6240655281217781e+02, 6.9546370765277811e+02,
       -6.1350824982432968e+01, 2.6186180134380647e+03,
       -4.5978526531917785e+00, 8.3862330318906317e+01,
       9.3676022621283339e-01, 1.0884361806305892e+01,
       6.1138611481926270e+00, -1.1790706866313458e+00,
       3.6718685333629542e-01, 1.6201362017773344e-01,
       -5.9794162339852741e-02, -1.0983652826633283e+03,
       -2.5293422834270979e+02, 2.6240092374916981e+02,
       -4.5978526531917767e+00, 4.8708240818587990e+02,
       -6.1274671817417314e+01, -1.0246251651796117e+01,
       -8.5692381153709150e+00, -5.6586591317513184e+00,
       7.8255958830254602e-01, -1.6622301656048416e-01,
       6.1848153343026797e-02, -7.6617493550795238e-03,
       -2.0022667216310907e+02, -3.9986676749115202e+02,
       6.6595601318060119e+01, 8.3862330318906302e+01,
       -6.1274671817417314e+01, 2.2208748260161622e+02,
       -9.5329598131641813e+00, 1.3177621874309123e-01,
