%YAML:1.0
means: !!opencv-matrix
   rows: 36
   cols: 7
   dt: d
   data: [ 1.3435277072809563e+02, -3.7117520379262317e+01,
       -3.2034863409934786e+01, 3.9384031437325710e+01,
       -2.0761642203941591e+01, 4.8588620642425786e+00,
       2.9800663206547601e-01, -3.7381525680799214e+01,
       1.0727751971427067e+02, 1.0026256343524599e+01,
       -3.9623056956591057e+01, 1.2104656438883572e+01,
       4.9851471990931379e-01, -6.6215283835450620e+00,
       1.0904337247387983e+00, 3.4933655548446687e+01,
       -1.7734037685035811e+00, -1.9126032701795367e+01,
       1.9149885589369873e+01, -7.6729465356247788e+00,
       -5.4123522107832738e+00, 9.9517272232571543e+01,
       -4.7038625458330507e+01, -2.1796918254754200e+01,
       3.6381401651618617e+01, -2.7337428695135642e+01,
       2.3656303775634484e+01, 1.2303700574662542e+00,
       -1.8048417290591561e+02, -1.3837221040370335e+02,
       5.3145697751979682e+01, 4.4322314806247093e+01,
       -3.6761630658810660e+01, -1.3995676567063544e+01,
       -4.1650976516447766e+00, -1.1920171142340081e+01,
       7.7976158102348506e+01, -1.1665016514301817e+01,
       -4.6781685298428087e+01, 1.4210800031933749e+01,
       -1.0428087194708431e+00, 1.8051652086386820e+00,
       -7.3455436798531636e+01, -3.3760320096527366e+01,
       2.9287050529594524e+01, 1.2747621950802705e+01,
       2.0844198736562749e+01, 1.4476736423084729e+01,
       1.9735980085435334e+00, 1.3278342358961504e+02,
       5.0021114235759278e+01, -4.6183887690412689e+01,
       -4.3287528063656184e+00, -9.1714943860281029e+00,
       -1.6140603966700138e+00, 1.2567899653101937e+00,
       -1.3427987869423294e+01, 8.3470823766964202e+01,
       5.7275140861670701e+00, 2.5720673509961273e+01,
       2.4987454077879537e+01, -1.6937822089995250e-01,
       1.3961376833709718e+00, 9.2488655868872783e+01,
       1.2231208172512407e+02, 1.8934848045973201e+01,
       -6.7728922225025073e+01, -1.0834703393088642e+01,
       1.3100208261344743e+00, 2.2778998683468710e+00,
       -1.9802884799592832e+02, -5.2198934700044695e+01,
       4.8956872993369018e+01, 8.6383539879488911e+00,
       -1.4125921496751422e+01, -8.1632054734174595e-03,
       -1.2648589234551808e+00, 1.0464030599216855e+01,
       -2.3957533941455176e+02, 7.7984850625437012e+00,
       7.5699113034848594e+01, -1.2498931097988122e+00,
       -3.2271638754718630e+01, -3.0289677193186417e+00,
       1.9008981560875903e+01, 1.8255925078337140e+02,
       -4.1681163561339813e+00, 1.7547944679011949e+00,
       1.6862048130678915e+00, -7.3327263074524893e+00,
       7.7439054094380888e-01, -1.9547493963098927e+02,
       1.2026592559671955e+02, -4.2353005560873932e+01,
       -4.2401943538312452e+01, -1.5165893614417040e+01,
       -1.0630874774668706e+00, 7.4972099831981420e-01,
       7.5324350057945367e+01, 3.7275367091079268e+01,
       -2.3662334107072287e+01, -2.4556241685003243e+01,
       1.6782541522369880e+00, -1.9598609538308747e+01,
       -3.3672004346887765e+00, 6.1590189891193337e+00,
       -4.0107591726221621e+01, -4.2464417760120101e+00,
       6.1604626834407927e+00, -1.0695509569212756e+01,
       -1.0728148711338056e+01, -3.0879234129497218e-01,
       -1.2181522395325034e+02, -4.4855879537858847e+01,
       3.9220146970085814e+01, 3.4461436981942654e+01,
       -1.1757585738412605e+01, 2.1659740037464694e+01,
       -1.0281715015867081e+00, -5.7412166382367513e-01,
       -1.3112151482237317e+02, 2.4769852416983063e+01,
       5.5719795177345048e+01, 2.8012072689295628e+01,
       1.6058248591076041e+00, 6.5174431333140082e-01,
       -1.6757646631142944e+02, -1.0246204536114203e+02,
       3.8136088842188713e+01, 1.6396300134976045e+01,
       -2.8794728797456255e+01, 9.6573105997381408e+00,
       7.0050211930420692e-01, 8.7323955714932808e+01,
       -7.1983801464753427e+01, 3.0197110941288575e+01,
       3.7792223233603799e+01, 8.3065522741917874e+00,
       2.4338245594083467e+01, 2.3870477323583024e+00,
       -1.4166651898175553e+02, -1.6959586784131884e+02,
       5.2495796049726110e+01, 5.8082652332403036e+01,
       -4.0488637392176287e+01, -3.3256303337982246e+01,
       -1.0468742686718963e+01, 1.1265213498953582e+02,
       2.3562237562697721e+01, -3.0428561105646466e+01,
       2.3428317540246399e+00, -1.2000464392153424e+01,
       -1.1832197501485174e+01, -6.0415343335898388e+00,
       -1.3079667641227758e+02, 7.4210627673293004e+01,
       2.6212346135910003e+01, -3.8058998205675330e+01,
       7.6163663818052973e-01, 7.6799545243195340e+00,
       1.8410806981657910e+00, 5.5386425149397169e+00,
       -3.8453990144914101e+01, 1.3861131799703742e+01,
       1.5118219070268459e+01, 3.9246105899485173e+01,
       -2.4215269149060683e+00, 9.6390342688087027e-01,
       1.5600658660929986e+02, 5.0009917565053144e+00,
       4.8080293052112722e+01, -1.8552549077236947e+01,
       4.7814393818756384e+00, -1.0574115011362579e+00,
       -1.1854614445028360e+00, -2.9148434759613107e+01,
       -6.1764299471336457e+01, -4.7662954910770054e+01,
       6.1374975068572148e+01, 1.1735047506072094e+01,
       2.2149499433776132e+01, 2.7567464346386998e+00,
       -2.0532911174953040e+02, -2.9312116866598672e+01,
       3.3305217443383420e+01, -5.0865391596207864e+01,
       -9.1226039139803508e+00, -8.8345998956375826e+00,
       -1.2110873350447946e+00, 8.0366802013975374e+01,
       8.2476572488255773e+00, -2.8490209616715536e+01,
       3.1578829064006463e+01, 1.1559545291469826e+01,
       -7.6132681703783778e+00, 2.6619968159763518e-01,
       -8.0495449893418481e+01, 1.2308469835730138e+02,
       3.8091742355688268e+01, -6.6062344469224939e+01,
       -1.9683321936594673e+01, -1.9738226805099830e+00,
       9.4361157221031458e-02, 8.8619379182305096e+01,
       -1.0034074307555676e+02, -4.3745348418382932e+01,
       -3.4649796311837584e+01, 6.2113393305188715e+00,
       4.9323326544230855e-01, -8.6382942793868281e-02,
       -1.5531444280340294e+01, -5.0059542064070264e+01,
       -1.6213170868966639e+01, -3.8206248802467513e+01,
       2.5199626966306319e+01, 3.9283905952399976e+00,
       1.4387490958248552e+00, -1.2217539817632469e+02,
       -2.8454668854236047e+01, 3.8061610496525702e+01,
       -1.0894761921982452e+01, 3.7552580896393981e+00,
       -1.3805022356558551e+01, -7.4399653543245048e-01,
       -1.4341354157689022e+02, 6.6071733062292296e+01,
       1.5801482100212386e+01, -4.8705675698499540e+01,
       -3.4145772079496450e+00, -2.0853848011237989e+01,
       2.7775535134602825e-01, -2.3530162533169353e+01,
       1.2151193859381320e+02, -6.4203498115086944e+01,
       -4.6915263486357617e+01, -6.8337511644392137e+00,
       1.6501040963638236e+00, 2.3180496524255787e+00,
       1.7704174004177679e+02, 1.0005535770601142e+01,
       -4.6755591650134065e+01, 1.0028482434044445e+01,
       -1.6116486350172085e+01, -9.7596142959287704e+00,
       -1.4346797053416649e+00, -2.0437305125974564e+02,
       9.9460585681416902e+01, 5.8680081910486734e+01,
       1.2365580843791980e+01, -9.1243287901592485e+00,
       -8.7119302111496477e+00, -8.6040475123211557e-01 ]
