%YAML:1.0
means: !!opencv-matrix
   rows: 47
   cols: 5
   dt: d
   data: [ 6.8270065653321126e+01, 7.0406607056975091e+01,
       6.4587034576557983e+01, 3.9432854823603755e+01,
       2.6639708206266477e+01, -1.6136085908421578e+02,
       -9.8072174634140001e+00, 2.1001385307182798e+00,
       4.8424876296125447e+01, 1.3536243002515631e+00,
       1.0921801578909228e+01, -9.4371744367435014e+01,
       -5.5840711403032643e+01, 5.7463936467450921e+01,
       1.1614404018278790e+01, -2.4872128256821864e+02,
       -6.3914806986628058e+01, -3.0133652311467259e+01,
       -1.6026965899703839e+01, 6.0504344914195296e-01,
       -9.3630222321751209e+00, 4.5728448321488010e+01,
       1.0247101726572669e+01, -7.2548089544516813e+01,
       1.0637019192094963e+01, 9.0573800133402457e+01,
       -1.1611506844188021e+02, 4.9706068133525385e+01,
       -4.9625513613790247e+01, 3.1833717583143461e+01,
       4.3495955644254698e+00, -2.4398798072368123e+01,
       -1.8328003092863740e-01, 8.2403632927665154e+00,
       -1.3189254998612320e+01, -2.3469359445455609e+01,
       1.1403597351422522e+02, -1.1853791139008848e+01,
       1.3447933901963980e+01, 1.8547053348687562e+01,
       -2.4825467210159223e+02, 1.6036201476781997e+01,
       1.8312957562453153e+01, 3.5671688828074815e+00,
       -1.3327913253558487e+01, 6.0605801227069897e+01,
       1.0545609189417192e+01, -1.3834513238284826e+01,
       9.4733452407514278e+01, 2.7289852576677367e+00,
       -1.9040855269274488e+02, -1.7874714562060254e+02,
       3.1902930063197946e+01, -1.1017894068239901e+01,
       -3.0794679167337712e+01, -4.4804510471191001e+01,
       4.1107277980484604e+01, -7.0061995954546248e+01,
       -5.4218207572428838e+01, 6.6970943035174537e+00,
       -5.5916325735815192e+01, 9.0355698358323195e+00,
       8.3308827513227641e+01, 3.7037334261602275e+01,
       2.7373945935068822e-01, -1.3659067597100133e+02,
       -4.4082141155782537e+01, 3.6637128697211160e+01,
       -7.1501608466231204e+01, -2.9243540486108999e+00,
       1.2253026742910416e+02, -9.4413620961259923e+01,
       2.1953719047015490e+01, 3.8832925488720583e+01,
       7.9617591474709988e+00, 6.0232647348360864e+01,
       -1.7882489291493737e+01, 4.7723428805966044e+01,
       -8.4073709749391590e+00, 2.3102145874996175e+01,
       -8.4477275796679780e+00, -7.0119613320735837e+01,
       1.7547744683096731e+01, 3.4294877506549916e+01,
       3.9230229998610469e+01, -2.0085772604420029e+02,
       3.7959297090056808e+01, -4.9322971804635920e+01,
       -5.1600445974212228e+01, 2.3768495684673812e+00,
       1.3626391370700171e+01, -2.3594004543189047e+02,
       7.0823049692363558e+00, 7.5416161755116306e+01,
       -2.0451363708574886e+00, 7.6849967589464157e+01,
       -7.5014222558717179e+01, -4.0370653496735031e+01,
       -5.7930134787507292e+01, 2.1557804705204751e+00,
       -4.4019605976322175e+01, 1.2976850032262109e+02,
       -7.4326865838583174e+01, 1.8743992936570415e+01,
       7.8669994474817253e+00, -2.3674671976542930e+02,
       -6.8075396971236430e+01, 1.8125441133169517e+01,
       4.8125425292286721e+01, -2.3741313224548836e+01,
       2.2345393381046375e+02, -6.9013296892913374e+01,
       -1.6084850305225576e+01, -3.2238958139563138e+01,
       -1.4021060309529942e+01, 7.8006051128809204e+01,
       2.2102432953162715e+01, -3.1789738227699392e+01,
       1.0920383933349800e+01, 6.9693713136836513e+00,
       -2.8958752676312038e+01, -1.1544862764576682e+02,
       8.5794749419448138e+01, -2.4766491657928384e+01,
       -5.4271237998331889e+00, 7.0011638303810940e+01,
       1.2571778751333363e+02, 4.1715781269590543e+01,
       -7.6173502179415479e+01, -1.7510057150525888e+01,
       4.5008501163624395e+01, 5.2641310604039589e+01,
       -3.8970235784713523e+01, -7.6479042500493534e+01,
       -9.8767960553438652e+00, -8.7146020082985359e+01,
       -3.3868095486573360e+01, -4.7656780198661799e+01,
       2.5784439488097028e+01, 1.6292433483829900e+01,
       -5.5067407107321472e+01, 1.0972274833910727e+02,
       8.3666160475988363e+01, -2.5772036978479825e+01,
       3.7444209684435648e-01, 6.2005300803592966e+01,
       -3.4621660837662134e+01, -2.6809644352747274e+01,
       4.4655441704733548e+01, -2.5749970820045515e+01,
       -2.5843263464264368e+01, -1.3094170881953474e+02,
       -2.8950444690813971e+01, -2.7758933300496121e+01,
       3.1337992406985514e+01, 2.7827420274932511e+00,
       -1.3024369049143837e+02, 3.3548386597014606e+01,
       5.5160121841570238e+01, 2.8285994997142275e+01,
       1.3855731494427485e+02, 9.1687010425198650e+01,
       -4.8918426344135874e+01, 6.0295699973111788e+01,
       -1.0147031872679381e+01, 9.3704091729586423e+01,
       -1.6481831117236240e+02, -2.2786004653101124e+01,
       1.0574423837530874e+01, -1.8273090992893344e+01,
       -1.2774055782730819e+02, -5.2638394936283454e+01,
       9.7963205097074564e+01, 1.7952783278996286e+01,
       -2.3051739530298903e+01, -1.3516706379576064e+02,
       5.3344638430689734e+01, 4.4203136075581106e+01,
       1.7006225128664497e+01, 4.2645771694968078e+00,
       -1.3965019035349673e+01, 1.5999395512500574e+00,
       -6.0271392250767457e+00, 8.8310328618096552e+00,
       3.5686974538837262e+01, -1.9574008017052975e+01,
       2.1217229377703922e+02, 4.5468408592999001e+00,
       8.6532522190419812e+00, 7.3539235601246737e+00,
       1.1914927832096119e+02, -2.6833308560318358e+01,
       -8.3906076654140108e+01, 7.1646607219083007e+00,
       -1.0965343431641763e+01, -1.3952146880469817e+02,
       1.3007738953936641e+02, 1.0769067637845737e+00,
       -5.1424767175271228e+01, -2.4531512836083113e+01,
       -1.9269758987736935e+02, 1.2391234945398153e+02,
       3.2371016379272026e+00, -4.9163957165836294e+00,
       -2.1651191741430207e+00, -1.1029044584838297e+02,
       -1.2635902685868388e+02, 1.5576327060233904e+01,
       -2.6464550046050370e+01, 5.4300136560810843e+00,
       1.0258021718558061e+02, -4.7374993340361492e+01,
       -2.0902341443834228e+01, 3.6388782870958941e+01,
       -2.7159754431045183e+01, 3.2243828945486619e+01,
       1.7437352343735324e+02, -1.8698235487888322e+01,
       -1.2507089114458081e+01, -9.0073533836591029e+00,
       1.5065694983946659e+02, -7.2390665908990250e+00,
       5.5037239435635854e+01, -1.7069623704075816e+01,
       1.0522110912131009e+00, 1.1433245246259587e+02,
       7.1506487170436287e+01, 2.8580485770162788e+01,
       -4.1348445394477181e+01, 3.0909298690822986e+00,
       2.4069327250220081e+02, 3.6143298476103311e+01,
       1.3786480716176399e+01, 2.2302052481243788e+01,
       -1.4966470627004027e+01 ]
