%YAML:1.0
means: !!opencv-matrix
   rows: 21
   cols: 11
   dt: d
   data: [ -1.7667034247639558e+02, 3.0800483697324945e+00,
       4.4716286824686165e+01, -1.5260867818882414e+01,
       -7.1292984514183129e+00, -4.8920361270192645e+00,
       -2.6501390088052734e-01, 1.1863593493939710e+00,
       -1.3556676163830714e+00, -1.7232723292806736e-02,
       -4.7467459061420351e-02, 1.6815277093821621e+02,
       1.7913320245137029e+01, -4.4067336002066583e+01,
       1.0491612747638191e+01, -8.7484988953265361e+00,
       -6.2241944633153388e+00, -6.4074094385892733e-02,
       -5.9265806527731646e-01, -7.6104469597423319e-01,
       -3.6012462030768438e-02, 1.5827102811870206e-01,
       -6.2955961097244275e+00, -3.5376448613330216e+00,
       1.0621851641271595e+01, 7.0703859713732287e-01,
       1.9854397262388868e+01, 1.0843582545540174e+01,
       1.9728165846801529e+00, -4.8987225631596804e-01,
       1.3539834505795798e-01, -9.7612945340617874e-02,
       -8.1525507053216886e-02, 3.5510815045512132e+00,
       1.1524943992365901e+02, 1.1561742395430132e+01,
       -3.0667533904330753e+01, 1.3107975542918133e+01,
       -8.1300984478960114e-01, -1.2273906992065907e+01,
       2.2845809593350310e+00, 6.2310130374713610e+00,
       5.0126393242459211e-01, 1.0348615225196597e-01,
       -7.9711253768608927e+01, -2.7050600763162254e+01,
       2.4901205862107506e+01, 6.8593639023640671e+00,
       1.9493710895257461e+01, 1.2815677562253407e+01,
       1.5897668391624573e+00, 8.5827306544533200e-01,
       5.5492492777814018e-01, -3.6518220804767604e-02,
       1.2649653445143825e-02, -1.2061362455621070e+02,
       5.7397328660069098e+00, 2.6515955887616478e+01,
       -6.3850328506624168e+00, 6.5724113498479806e+00,
       7.9697676020420829e+00, -3.2253602577885321e-01,
       4.0737578873058078e-01, 2.7164514575474166e+00,
       3.8666660385520996e-01, -2.9758915013473747e-02,
       -1.7351843252174103e+02, -1.0098733075989095e+02,
       4.8746543196412247e+01, 3.5189496596104469e+01,
       -3.0157782158802146e+01, -1.1345471964922429e+00,
       -2.4178982616704121e+00, 8.2248868537054213e-03,
       -1.1173265604440676e+00, -6.7088048737079173e-03,
       7.2167840293918484e-02, 9.3557972495528887e+01,
       -8.2117333405178314e+01, -1.7871342547216098e+01,
       4.7670395093681371e+01, -2.7916496775158475e+01,
       9.2212224900326216e+00, 2.1664075462248866e+00,
       -1.4242174894328576e+00, -5.3727123002359078e-01,
       7.9102902404963149e-01, -2.9259677822843150e-01,
       9.8958095053536866e+01, -4.4474383810760095e+01,
       -2.1995501286253756e+01, 3.6834812177401780e+01,
       -2.7593621740942247e+01, 2.3512776421285544e+01,
       1.1273201868507785e+00, 1.2986478117374787e+00,
       4.9756363480251720e-01, 3.0605858737981932e-02,
       1.4584526193449618e-01, 3.6350475564502077e+01,
       5.2871472081529788e+01, -2.2469804257138705e+01,
       -2.3014593652822356e+01, -8.0445892033034667e+00,
       -6.0179295151872116e+00, 7.6535131588428107e-01,
       -2.3549532326887973e-01, -8.1196704964071809e-01,
       -2.1645446090019074e-01, -2.6880452658090448e-01,
       2.0895192974729939e+00, 9.4802625742355801e+01,
       -1.2545717984855118e+01, -4.6920531211987154e+01,
       6.4643040346809642e+00, -1.3549961675488549e+00,
       1.3414563027181963e+00, -8.0032092896301488e-01,
       -1.5441826083857052e-01, 1.0393227196752404e-01,
       4.9210268866612665e-02, -1.2004907573888370e+02,
       1.2787863765679211e+02, 7.1117501393906633e+00,
       -5.4836464924833990e+01, -1.6669606244161880e+01,
       -9.5969601655644854e-01, 5.6646697762560416e-01,
       -2.9726008967107231e-01, -4.9858406594850263e-01,
       -3.9323802110752165e-01, 1.2456595859598051e-01,
       1.3336217136863439e+02, -8.9279514162041558e+00,
       -3.1896600433715367e+01, 1.7589308403538030e+01,
       -6.5431705252841930e+00, -1.2435238255258099e+00,
       -6.2808888854708989e-01, 2.4811951902302004e-01,
       -4.8824250622523757e-01, 1.0535752106833215e-02,
       -4.2824038595270508e-02, 3.6517507307242539e+01,
       7.3648623162739204e+00, -5.9353681491967167e+00,
       -7.1849945558048454e+00, 2.6528243260723521e+01,
       -1.0101702737689440e+01, -3.4363063860001701e-02,
       -1.1059574637134160e+00, -8.6589304150752655e-01,
       1.6156034265581160e-01, 8.3528139922393108e-02,
       4.2221523144640393e+01, 1.3037434108027580e+02,
       -2.9802568993987549e+01, -5.0074832739766940e+01,
       -8.3793982777457980e+00, 1.8743293801849168e+00,
       2.0913099403461675e+00, 3.9147282049303361e-01,
       -3.3240855311698764e-01, -1.7015008342770982e-01,
       1.7537196178613941e-02, -3.3401754550648803e+01,
       -7.7451978858144145e+01, 1.5560297607440482e+01,
       2.5555875848420719e+01, -8.1626114212649661e+00,
       -1.8895342384793995e+01, -1.5098780770387965e+00,
       -9.4831418650383215e-01, -1.7685631056118369e+00,
       3.1403135013031280e-01, -3.3307106153877319e-01,
       -1.9071886603226613e+02, -5.6738656663623338e+01,
       4.0840254656844607e+01, 6.0650654700262630e+00,
       -6.5036786083621827e+00, 6.5351333745694762e-01,
       -4.0740992282608142e+00, -1.7730785548949154e-01,
       4.9334102217077413e+00, 8.1194306836151264e-01,
       -1.4628808489445605e-01, 3.6228944801942561e+01,
       -8.6199838864154813e+01, 1.2467272712105341e+01,
       4.0184641532904230e+01, 2.8846384595071381e+01,
       1.2407224093407089e+01, 1.8644865890095237e+00,
       -6.2925546228135987e-01, -1.5102223910460938e-01,
       1.2310392543934427e-01, 1.7104479575625112e-02,
       -1.3663100936542529e+02, 6.9014077619244617e+01,
       2.5661487948485469e+01, -3.7461565403355650e+01,
       7.1224461534210748e-01, 7.2603890062469318e+00,
       1.9964389523801802e+00, 8.4371577066358527e-01,
       -4.8974166155875049e-01, 1.5976905256748272e-02,
       3.0043049146699429e-02, 4.5303170801209616e+00,
       -1.8880700496693453e+02, 1.6275878296345223e+01,
       6.6114326745418950e+01, 1.0498716922083069e+01,
       -1.9188530921342416e+01, -1.6615290093181603e+00,
       -8.9194840732482594e-01, 4.1944482702287716e-01,
       -1.3000360865203520e+00, 1.2155610836211648e-02,
       5.2934955786308208e+01, 9.5953322061683064e+00,
       -1.6432075628708848e+01, -1.8508067666592179e+01,
       -4.2755984270071909e+00, -1.7099304285778221e+01,
       -6.8086192769517773e+00, 2.1394329896107531e+00,
       6.6157750878596620e+00, 2.7845415568839732e-01,
       1.1725358795569244e-02 ]
