%YAML:1.0
means: !!opencv-matrix
   rows: 10
   cols: 11
   dt: d
   data: [ -1.2160441855266230e+02, -6.6008490952607943e+01,
       2.9235750466992702e+01, 4.4019593763265334e+01,
       -3.3262816509979425e+00, -5.9717707953057735e+00,
       1.2530238925477577e+00, -7.6002171779592231e-01,
       4.3436695241863549e-01, -1.1895161335410778e-01,
       4.9717672601920129e-02, 1.2622112642398426e+01,
       1.0321147001000830e+02, 1.8324677807562304e+00,
       -6.2522879284251161e+01, 1.0370059926261167e+01,
       -1.2053747545913189e+00, -4.0334956778797115e-01,
       9.1325385188677555e-01, -7.6679931697675630e-01,
       -8.3828914357656581e-01, -1.4103516228584936e-01,
       1.2342663762408346e+01, -9.8157985126597126e+01,
       -3.7517476842123334e+00, 6.5033179582994066e+01,
       1.5075097967310833e-01, -2.2381465726086729e+00,
       2.2126180377522395e+00, -3.4169689826686411e-01,
       -4.4533278407492272e-03, -1.2541997578761688e-01,
       6.4238458375971289e-03, -7.2780513659476284e+01,
       -1.7002809047104190e+01, 1.7478519044960962e+01,
       8.7990128390207296e+00, -1.2285621022396911e+00,
       -2.8371697244339957e+00, 2.1313087527857797e+00,
       1.4805513953625420e+00, 3.7815913962538461e-01,
       -1.2086059920140561e-02, -1.9311192844583416e-01,
       1.3752284426269148e+02, -1.3640701772626578e+01,
       -3.6960382333635131e+01, 1.1418855334282972e+01,
       -4.9119552590587023e+00, 1.2273417519515768e+01,
       -8.8777931264308618e-01, 1.2445384955232597e+00,
       2.8009399539947849e-01, -2.9178431380205566e-02,
       8.0425288768893793e-02, 7.2263799868031839e+01,
       -5.2185795727639206e-01, -1.3771395109986688e+01,
       -2.6173516459852912e+00, 3.3325270554330553e+00,
       3.9819985133295672e+00, -5.9753530589596329e+00,
       -4.7203291997431682e+00, -3.9650602568075519e+00,
       6.3026670621365244e-01, -1.0320195718956281e-01,
       -1.8110432586683285e+02, 9.2166292107195360e+01,
       3.8707631304670990e+01, -5.2231348477241127e+01,
       -2.0592919183380232e+01, 1.3775897549736671e+01,
       -2.8000686240574177e+00, 1.9691606655231113e+00,
       7.9170090988455510e-01, -7.5451605019591361e-02,
       2.2062393709472213e-02, 4.1607498168826368e+01,
       1.0094473798599154e+01, -5.6587303336643320e+00,
       -3.1610577436138758e+00, 1.7468710961521719e+01,
       -8.9834506353153820e-01, 8.1847053055526331e-01,
       8.3783396381531106e-01, 4.0547422158252661e-01,
       3.4309267116496255e-02, 1.9643527256506116e-02,
       8.1863383494523873e+01, 1.5569525680984654e+01,
       -2.4029191055058600e+01, -3.2127789453380373e+01,
       -2.6462780742138218e+01, -1.9585652980894107e+01,
       9.0087976286677240e-01, -2.3153717453068232e+00,
       2.0395177922716740e-01, -3.3326724119611448e-02,
       1.0516838757512589e-01, -1.9558421815442009e+02,
       5.9341404102851065e+00, 4.2243354038282078e+01,
       2.2555997369141867e-01, -8.9702354042375418e+00,
       4.4141037812744761e+00, -1.9032159197677632e+00,
       -2.4993101812500895e+00, -8.1599029094122466e-01,
       3.4290483410533723e-01, -2.6881747537246391e-02 ]
covs: !!opencv-matrix
   rows: 110
   cols: 11
   dt: d
   data: [ 5.4477553536006553e+03, 8.7100035112988689e+02,
       3.0234406606700809e+03, -2.6855595099666425e+02,
       2.9130301474558064e+02, -9.0661673496553419e+01,
       4.0966466751802677e+01, -2.3568880820199592e+01,
       -7.1497545504898783e+00, 2.0107558044859895e+00,
       -3.1897519566565119e-01, 8.7100035112988701e+02,
       7.9397003284436478e+03, 2.1803299574717180e+01,
       1.0757757113823354e+03, 4.7413863345227668e+02,
       -2.1591508971935193e+02, 1.0110790710592742e+02,
       -8.4164287072575590e+00, -2.5948130693951498e+01,
       9.0441407958678504e+00, 2.5075416810055218e-01,
       3.0234406606700813e+03, 2.1803299574717197e+01,
       2.4830681452380736e+03, -6.3699241368554112e+01,
       -6.4583993933830925e+01, -4.3742202552565290e+00,
       -6.9373978182516201e+00, 1.3221825397140629e+01,
       -6.2171513243736987e-01, 1.1277627647168522e+00,
       8.6896397107047135e-02, -2.6855595099666425e+02,
       1.0757757113823354e+03, -6.3699241368554141e+01,
       1.8185415775884167e+03, -3.7972953611034853e+02,
       3.3551691731365366e+01, -4.7739010183559479e+01,
       -2.8248292389415179e+00, 1.4825781279615168e+01,
       -2.6452505834935018e+00, -5.9185894482985268e-01,
       2.9130301474558064e+02, 4.7413863345227668e+02,
       -6.4583993933830925e+01, -3.7972953611034853e+02,
       2.5575264616784688e+02, -9.3878989205065750e+01,
       1.0220796537684322e+01, 4.3456259644676294e+00,
       -5.4411151424609105e+00, 3.1538599303961026e+00,
       -2.8275379824134916e-01, -9.0661673496553419e+01,
       -2.1591508971935190e+02, -4.3742202552565326e+00,
       3.3551691731365366e+01, -9.3878989205065750e+01,
       8.9105091784882788e+01, 1.7329259092238587e+01,
       -9.7248806751650978e+00, -6.1020374955675116e-01,
       -1.4076383504321184e+00, 2.2791050410262159e-01,
       4.0966466751802685e+01, 1.0110790710592742e+02,
       -6.9373978182516156e+00, -4.7739010183559479e+01,
       1.0220796537684324e+01, 1.7329259092238587e+01,
       2.2483501281483139e+01, -1.5044154404237902e+00,
       -2.9043993124288967e+00, 7.2934936586483057e-01,
       2.0049850424814289e-02, -2.3568880820199592e+01,
       -8.4164287072575643e+00, 1.3221825397140632e+01,
       -2.8248292389415202e+00, 4.3456259644676294e+00,
       -9.7248806751650978e+00, -1.5044154404237902e+00,
       1.3748292139747846e+01, -2.4987430702927198e+00,
       1.0404874760144323e+00, -4.5515352564287320e-02,
       -7.1497545504898783e+00, -2.5948130693951494e+01,
       -6.2171513243736942e-01, 1.4825781279615168e+01,
       -5.4411151424609105e+00, -6.1020374955675116e-01,
       -2.9043993124288967e+00, -2.4987430702927198e+00,
       1.6992861905148242e+00, -3.4402887536177768e-01,
       -3.0074785170552319e-02, 2.0107558044859895e+00,
       9.0441407958678521e+00, 1.1277627647168518e+00,
       -2.6452505834935010e+00, 3.1538599303961026e+00,
       -1.4076383504321179e+00, 7.2934936586483057e-01,
       1.0404874760144323e+00, -3.4402887536177768e-01,
       3.9992452469484513e-01, -2.3910439745983201e-02,
       -3.1897519566565130e-01, 2.5075416810055234e-01,
       8.6896397107047135e-02, -5.9185894482985246e-01,
       -2.8275379824134927e-01, 2.2791050410262159e-01,
       2.0049850424814285e-02, -4.5515352564287320e-02,
       -3.0074785170552319e-02, -2.3910439745983201e-02,
       1.0006565412700600e-02, 6.3761714266392382e+03,
       9.9076482201810620e+02, 2.8621979909146594e+03,
       -2.9731831464750525e+02, -5.4439997001137186e+01,
       -2.5434889105547580e+01, 2.1036200299805330e+01,
       7.8198565060037481e+01, 4.0724480577432509e+01,
       -5.9477011486729747e+00, 2.3406911373196069e+00,
       9.9076482201810632e+02, 8.7070009443415129e+03,
       -4.2415441743629731e+02, 1.4782379248231809e+03,
       5.8467044266599873e+02, 7.4107820504719314e+02,
       2.1868510277528927e+01, 3.1622856260682823e+01,
       1.0507468205101118e+02, 6.7057029031641150e+01,
       1.6320966660540035e+00, 2.8621979909146594e+03,
       -4.2415441743629742e+02, 2.5708042387791902e+03,
       1.4301529653996366e+02, 1.1549849405899748e+02,
       3.3975866323906317e+01, -5.3018006021261201e+01,
       -3.4841222130155664e+01, -2.8363818871714308e+01,
       -3.1288079362399248e+01, 1.0912260055442735e+00,
       -2.9731831464750536e+02, 1.4782379248231812e+03,
       1.4301529653996363e+02, 1.3618519486856994e+03,
       -1.8747223553886940e+02, -1.6590905187687787e+02,
       -2.0143761952282148e+01, -5.1316715645464051e+01,
       -5.5397749926790333e+01, -1.9279215928959722e+01,
       -2.2595108382008697e+00, -5.4439997001137186e+01,
       5.8467044266599862e+02, 1.1549849405899745e+02,
       -1.8747223553886943e+02, 4.8371717666360223e+02,
