%YAML:1.0
means: !!opencv-matrix
   rows: 27
   cols: 5
   dt: d
   data: [ -4.7107975801391859e+01, 2.1243687391570749e+01,
       8.9999694455990067e+01, -1.8817820466591343e+01,
       4.6119627351932921e+00, 3.6752448051891371e+01,
       1.1111189382854259e+02, 5.0530833202375206e+01,
       -5.5641099114171290e+01, 1.8277635856385666e+00,
       2.9558213259588726e+01, 8.0977590617821775e+01,
       -2.8259368247568261e+01, -7.0502432762987269e+01,
       -1.3011375749933439e+01, 2.0241849955818870e+02,
       -7.6242047594769716e+01, -2.9311851916481938e+01,
       -2.9579361884366648e+01, -1.3984531064806436e+01,
       9.9582055527652656e+01, -4.3719642358352786e+01,
       -2.1458360514938171e+01, 3.7866839794668863e+01,
       -2.7417819535959953e+01, -2.0451360145599381e+02,
       2.8918628364157513e+01, 1.1491225421554585e+01,
       -5.3585516227546925e-01, -1.4624790292319303e+00,
       -8.6397726694660733e+01, -8.1242828036272002e+01,
       -5.1044167703699365e+01, 4.9754686070474650e+00,
       3.2422551220231774e+01, -7.0175456260873290e+01,
       1.0749557240307833e+02, -7.4815414003930584e+01,
       -2.5855393667873642e+01, 5.0119813101724224e+00,
       1.0398443006340327e+02, -2.7297061510315544e+01,
       7.6431283606204815e+01, -3.9107179452739560e+00,
       1.9643436165892954e+01, 1.9350771260069450e+01,
       5.9192022153316387e+01, -5.3001537212292131e+00,
       -5.1203125089878174e+00, -1.0904393634634053e+01,
       1.7326915540747171e+02, -3.4121237639778911e+01,
       2.8383337942616485e+01, -3.6346027690265004e+01,
       -1.7744412425252616e+00, 1.0672559300998294e+02,
       5.6336233311771728e+01, -7.1176395171090888e+01,
       5.0100568007692985e+01, -9.2603717533790011e+00,
       -1.4784693545781465e+02, -1.0191963638573259e+01,
       6.6830343232590490e+00, -8.1597495398076632e+01,
       -5.4982473950036868e+00, 2.1973355007119537e+02,
       4.9070345396946564e+01, 3.5500381682535842e+00,
       2.9657198314367950e+01, -1.3878739990063499e+01,
       1.2737681255045611e+02, 8.3969568067186344e+01,
       4.5260219403519301e+01, 3.3326743424676749e+01,
       1.0976828738136929e+01, -1.1499896404354328e+02,
       -1.3822413178059645e+02, 2.0538099878355791e+01,
       -2.9151995395814229e+01, 1.5718443256435255e+00,
       3.4506102617687127e+01, -9.4143003786999714e+01,
       -2.3690565551632869e+01, -5.4425783009748891e+01,
       1.2951227896609073e+01, -1.3592302494392948e+02,
       -7.2780864963855336e+01, 8.7594950695664778e+01,
       1.1784155510659001e+01, -2.4445600692085435e+01,
       8.5059407754940981e+00, -2.1524533832551728e+02,
       8.5271463108411165e+00, 7.4789120584267081e+01,
       5.7715924913154726e-01, -1.3849084887249430e+02,
       1.4931063535134518e+02, 2.1074976981951000e+01,
       -2.0562105331402591e+01, -1.1035585948622648e+01,
       -2.5276979830597554e+02, -8.6843273409043505e+01,
       4.1568861632526106e+00, 3.9726597870406039e+01,
       -2.5077901595220894e+01, -1.0779032740081125e+02,
       -7.4883430616607249e+00, 4.0216953690789765e+01,
       3.8370624121130746e+01, 1.9981200620015689e+00,
       4.5005784531581490e+01, -7.5821850274100953e+01,
       -7.3875737953161122e+00, 5.1370954682742919e+01,
       -3.3105423380393068e-01, 9.0620412547184500e+01,
       -7.3423059295411377e+01, -1.0132163639372092e+02,
       -4.5115406303641921e+00, -1.2136754873498754e+01,
       -2.0997903854155395e+00, -4.2469262964904978e+01,
       1.2471637968200643e+01, 2.1353116649217899e+01,
       3.7184949838462920e+01, 3.8926561479110717e+01,
       9.6547944122760292e+00, -3.2727775977781995e+01,
       -2.3306484452454342e+01, 9.6120599590127185e+00,
       4.1222999206872606e+00, 1.3351891870401286e+02,
       -2.0602791590863276e+01, 2.8045473142618221e+01,
       1.1983356247751663e+01 ]
covs: !!opencv-matrix
   rows: 135
   cols: 5
   dt: d
   data: [ 3.9301139961172071e+03, -9.1272344450805394e+02,
       -3.0908952539801663e+02, 3.0536553682998823e+02,
       7.5512011368104038e+02, -9.1272344450805394e+02,
       6.8282250064057162e+03, 6.0427256233475271e+02,
       1.4958981659770975e+03, -6.7608084397400830e+01,
       -3.0908952539801669e+02, 6.0427256233475282e+02,
       5.7391907895158647e+02, 2.9557915046470316e+02,
       -1.3530917590592728e+02, 3.0536553682998823e+02,
       1.4958981659770975e+03, 2.9557915046470316e+02,
       1.5842140099582284e+03, 1.1601018152929517e+02,
       7.5512011368104004e+02, -6.7608084397400788e+01,
       -1.3530917590592728e+02, 1.1601018152929517e+02,
       2.2086563501194814e+02, 4.4527081206990679e+03,
       -1.8409052514014411e+02, -2.9863052407126935e+02,
       1.6219509271857660e+02, 3.3961527862320736e+02,
       -1.8409052514014408e+02, 6.4999799999879169e+03,
       8.5915105598694288e+02, 2.0035221833682044e+03,
       -2.5679831320713760e+02, -2.9863052407126929e+02,
       8.5915105598694288e+02, 7.2053572095189827e+02,
       2.4579029100414445e+02, -3.8710015193946404e+01,
       1.6219509271857660e+02, 2.0035221833682044e+03,
       2.4579029100414445e+02, 1.3669617617130370e+03,
       1.3505023894092005e+02, 3.3961527862320736e+02,
       -2.5679831320713760e+02, -3.8710015193946404e+01,
       1.3505023894092005e+02, 2.1498064059617010e+02,
       9.0255266447342219e+03, -1.9948921193080602e+02,
       2.0110327788767215e+03, 1.9266066331785720e+02,
       2.3802680892452335e+02, -1.9948921193080608e+02,
       3.9289345361416526e+03, 4.7585516096294685e+02,
       1.3618679617912603e+03, 4.3565939932569265e+01,
       2.0110327788767215e+03, 4.7585516096294674e+02,
       2.2539921247365792e+03, -2.9673723466902874e+02,
       -1.0831010063728145e+02, 1.9266066331785720e+02,
       1.3618679617912601e+03, -2.9673723466902868e+02,
       1.3562285148429748e+03, 5.3151853924763330e+01,
       2.3802680892452335e+02, 4.3565939932569250e+01,
       -1.0831010063728145e+02, 5.3151853924763330e+01,
       4.0341064557383376e+01, 3.9212097664502921e+03,
       -5.6580142691566280e+01, 8.9897722829006534e+02,
       -3.2597738854774894e+02, 3.9464210843535376e+01,
       -5.6580142691566280e+01, 2.6516441542824491e+03,
       -2.9944761484971234e+01, -1.9389451583567316e+02,
       8.0580525545054797e+00, 8.9897722829006534e+02,
       -2.9944761484971224e+01, 8.8583637616257761e+02,
       -6.7293212893256694e+01, -3.7517667655673726e+01,
       -3.2597738854774889e+02, -1.9389451583567316e+02,
       -6.7293212893256694e+01, 6.9736350693919997e+02,
       1.4923350873518762e+01, 3.9464210843535362e+01,
       8.0580525545054815e+00, -3.7517667655673726e+01,
       1.4923350873518759e+01, 4.7335956563588681e+01,
       4.1171993686964151e+03, -1.3863577770549506e+02,
       2.8840540910541172e+03, -8.2259303770618033e+02,
       -7.5497878698839344e+01, -1.3863577770549497e+02,
       5.0573711606775078e+03, 8.5783719714453605e+02,
       2.6777127400603167e+03, -3.7498649887166678e+01,
       2.8840540910541176e+03, 8.5783719714453605e+02,
       2.4980317305731996e+03, -1.3156222093110998e+02,
       -8.8463327509158404e+01, -8.2259303770618033e+02,
       2.6777127400603167e+03, -1.3156222093111001e+02,
       1.7514610354067131e+03, 6.8918216441349315e+01,
       -7.5497878698839358e+01, -3.7498649887166664e+01,
       -8.8463327509158404e+01, 6.8918216441349301e+01,
       3.5492573719020832e+01, 4.9998355620509810e+03,
       -3.2193071620017989e+01, 1.0794932222615864e+03,
       -3.1569546015744862e+02, 4.3269460187165049e+02,
       -3.2193071620018038e+01, 7.1628563402880472e+03,
       2.0586678684616416e+02, 1.3347739625392046e+03,
       1.9697539294944156e+02, 1.0794932222615864e+03,
       2.0586678684616408e+02, 1.2485322854288770e+03,
       2.9407035613759786e+02, -1.1646484705881711e+02,
       -3.1569546015744857e+02, 1.3347739625392046e+03,
       2.9407035613759786e+02, 1.4212465351619132e+03,
       9.0470238082274861e+00, 4.3269460187165049e+02,
