%YAML:1.0
means: !!opencv-matrix
   rows: 2
   cols: 20
   dt: d
   data: [ 5.8123220744107389e+00, 6.0913107376762987e+00,
       -1.1783426881582817e+00, -9.4185349205173130e-01,
       6.9032390887677064e-01, 1.6140265828717479e+00,
       7.5720640655541582e-01, -7.3162241026871161e-02,
       -5.3684282299202968e-01, 8.2002938216411345e-03,
       9.0318941626404883e-03, 5.8664247728299392e-03,
       2.6969241254804774e-03, -7.3026159122482339e-04,
       2.2022392032748766e-05, -2.5133918991841064e-04,
       3.1321770319360851e-04, -2.4860033272955557e-05,
       -1.7241714318143772e-04, 3.3843055157970381e-04,
       -3.4484566204580595e+01, -3.6146294823685508e+01,
       6.9817835781208784e+00, 5.5901390648511695e+00,
       -4.0969168077404436e+00, -9.5909447679958042e+00,
       -4.4930965057703700e+00, 4.3451069615120341e-01,
       3.1911760516154430e+00, -3.5513286102446154e-02,
       -5.4697118869112181e-02, -3.5508890516951171e-02,
       -1.5984280338599631e-02, 4.5898670893843065e-03,
       -3.1988283991361046e-05, 1.3831595634894221e-03,
       -1.9515685077664100e-03, 8.8104071583599707e-06,
       9.6608964633457413e-04, -1.8584459827612192e-03 ]
covs: !!opencv-matrix
   rows: 40
   cols: 20
   dt: d
   data: [ 1.7115605751137282e+04, -5.0772215496017014e+02,
       -1.5158242618560580e+01, 1.8445234044312156e+02,
       -6.4323525142232256e+01, -9.4549050015067291e+00,
       -1.2762246553320461e+01, -2.3554537375948026e+01,
       8.7236413760389233e+00, 3.8014931325271299e+00,
       -6.2561676556229173e-01, -4.2483747207590250e-01,
       -2.4183804445859054e-02, 3.0537391965609093e-02,
       2.4132113165076019e-01, 2.5735056843141974e-01,
       -4.7333259045596557e-02, 4.6368042545310392e-02,
       1.4417337411458900e-01, -6.2089274734844359e-02,
       -5.0772215496016997e+02, 1.1522797702394051e+04,
       5.4164411610225457e+01, 2.1190447716262034e+02,
       -1.0066518959864374e+02, -1.7498373242278703e+02,
       -1.9696083687511319e+01, -1.4158401405401088e+01,
       2.8772732001676591e+00, -1.2761773754968690e+01,
       -1.5606122319939963e-01, -7.0136011565637046e-01,
       5.3628875127345405e-02, -6.0775771420190930e-02,
       -9.5284178945221898e-02, 2.0313489712928057e-01,
       3.0370248650657124e-04, -1.1194065110382094e-01,
       -2.1967247336080364e-02, 2.1575404285909074e-02,
       -1.5158242618560546e+01, 5.4164411610225500e+01,
       3.2856698278238227e+03, -3.8040684657442164e+01,
       1.6606259037518505e+01, 5.9391225315709484e+00,
       3.4132531237806902e+00, 5.4851991882015172e+00,
       -3.3691845026966285e+00, 1.9026762264905257e+00,
       5.6111343492911353e-03, -1.0553656992580292e-02,
       -1.5488540941280709e-03, 3.9801708313305026e-02,
       -4.4048774655894712e-02, -7.9091574074465792e-02,
       2.6758582425330402e-02, -2.0028727343405332e-02,
       -5.7567649794186687e-03, 2.2169058176362420e-02,
       1.8445234044312156e+02, 2.1190447716262017e+02,
       -3.8040684657442135e+01, 2.7715369908241946e+03,
       2.4557316848134185e+01, 4.4670069539035900e+01,
       4.2655202664349847e+00, 1.9357317948558381e+00,
       4.5414180817747285e+00, 3.7629275156728585e+00,
       9.0827984040245127e-02, 8.3621820261064114e-02,
       -1.6677005859102118e-02, 5.2681167090743553e-02,
       6.8970516782102212e-02, -8.2751251116865241e-03,
       2.3381869027241077e-02, 4.4428435232269858e-02,
       1.6691948031857192e-02, -1.3217056832813618e-02,
       -6.4323525142232214e+01, -1.0066518959864382e+02,
       1.6606259037518488e+01, 2.4557316848134185e+01,
       4.5924687594561885e+02, -1.4246174922261631e+01,
       -4.0236625987551990e+00, -4.0655262743710203e+00,
       -1.6332368710484022e+00, 7.6835382765992055e-01,
       9.0168170794748134e-02, -1.4694757661815530e-02,
       -5.9879600597713628e-03, 2.5800121558006969e-02,
       -1.3995710383299239e-02, 2.1306864773875119e-02,
       2.4362207482854230e-03, -7.9490575765024558e-03,
       -4.5293063692163453e-03, -1.5551463258454693e-02,
       -9.4549050015067397e+00, -1.7498373242278703e+02,
       5.9391225315709466e+00, 4.4670069539035886e+01,
       -1.4246174922261629e+01, 2.2723230702007956e+02,
       -6.8233589233490006e+00, 1.7935172351677477e+00,
       5.3332865027738645e+00, -1.9885668325262862e+00,
       1.4088941942110053e-01, -1.8882718860214559e-01,
       -8.1893099925948315e-03, -9.5310597578525721e-03,
       -6.3791837138522500e-03, -2.2612417671376596e-03,
       4.9375875010038445e-03, -3.3693117949922581e-03,
       -4.7349283653345328e-03, -6.8671723244621728e-03,
       -1.2762246553320455e+01, -1.9696083687511312e+01,
       3.4132531237806876e+00, 4.2655202664349829e+00,
       -4.0236625987551999e+00, -6.8233589233490006e+00,
       2.3646879807544714e+01, 7.4699490671109181e-01,
       3.6129844951888774e+00, 1.9458496230278249e-01,
       -1.3840698535028263e-02, 4.7944984408403134e-02,
       -3.4650707965293868e-02, 9.2219184154765394e-03,
       -1.6566284526767155e-02, -4.4549175268414421e-03,
       -6.2852595820882056e-04, 4.1950083977625716e-04,
       -1.6623617433627091e-03, 1.3602416324925044e-03,
       -2.3554537375948037e+01, -1.4158401405401088e+01,
       5.4851991882015119e+00, 1.9357317948558368e+00,
       -4.0655262743710185e+00, 1.7935172351677475e+00,
       7.4699490671109170e-01, 1.4532014846228456e+01,
       -1.0026381021263935e+00, 5.0516927689408264e-01,
       -1.2646702080470909e-02, -6.4392473922919285e-03,
       5.0350787760128912e-03, 1.2106672151874177e-02,
       -3.5371741006521248e-03, 8.4864938353408793e-03,
       -4.7820879994115730e-04, -2.1544610930692635e-03,
       -1.3679731688504338e-03, 2.2571065295577423e-03,
       8.7236413760389215e+00, 2.8772732001676604e+00,
       -3.3691845026966285e+00, 4.5414180817747294e+00,
       -1.6332368710484022e+00, 5.3332865027738627e+00,
       3.6129844951888774e+00, -1.0026381021263935e+00,
       1.5438726150695485e+00, 7.0288451667093171e-03,
       4.6891788759851255e-02, 1.9025838815991760e-02,
       1.5830122484265657e-02, -1.6586521467136938e-03,
       -1.1469318492247904e-03, 2.2151826032593622e-03,
       -4.6504351797719504e-04, -2.3936395047237705e-03,
       -5.2844871454286199e-04, -1.3157389146027107e-03,
       3.8014931325271299e+00, -1.2761773754968690e+01,
       1.9026762264905268e+00, 3.7629275156728585e+00,
       7.6835382765992022e-01, -1.9885668325262866e+00,
       1.9458496230278249e-01, 5.0516927689408264e-01,
       7.0288451667093197e-03, 3.8363056134099993e-01,
       6.9014127153453897e-03, -1.8161558250687779e-03,
       3.3821517997285233e-03, -1.1219213966429158e-02,
       -8.1053663590673281e-04, 9.7716195510392178e-04,
       5.1891221144946174e-04, 5.9262347972874205e-05,
       -3.3513064511885888e-04, 2.7292390389185416e-04,
       -6.2561676556229195e-01, -1.5606122319939950e-01,
       5.6111343492911371e-03, 9.0827984040245113e-02,
       9.0168170794748134e-02, 1.4088941942110053e-01,
       -1.3840698535028263e-02, -1.2646702080470898e-02,
       4.6891788759851276e-02, 6.9014127153453871e-03,
       3.1715600844975669e-02, -6.7226289279320446e-04,
       -1.7230333672771066e-04, 1.0967198245977788e-04,
       1.6057995733206250e-04, 2.5088656582619208e-04,
       -2.4392144829046565e-04, -4.3256173279078398e-04,
       1.8928730917961639e-05, 1.2166853050151080e-04,
       -4.2483747207590250e-01, -7.0136011565637058e-01,
       -1.0553656992580297e-02, 8.3621820261064114e-02,
       -1.4694757661815525e-02, -1.8882718860214559e-01,
       4.7944984408403134e-02, -6.4392473922919267e-03,
       1.9025838815991753e-02, -1.8161558250687777e-03,
       -6.7226289279320435e-04, 2.1332084034391768e-03,
       5.0952690243575639e-04, 2.9642708780668324e-05,
       5.7657429101149794e-04, 5.8601196395278231e-05,
       1.0883833987132130e-05, -4.6276059792578111e-05,
       2.7912652086479350e-05, -3.1993178145519851e-05,
