%YAML:1.0
means: !!opencv-matrix
   rows: 23
   cols: 11
   dt: d
   data: [ 4.9492315405630094e+01, 1.6694739453997521e+01,
       -7.7454588324874676e+00, -8.4908301031092073e+00,
       2.3297773925784636e+01, -1.2782026693488096e+01,
       -5.2529044765451638e-01, -1.1690811462804753e+00,
       -9.5807196341868606e-01, 1.9074403976402818e-01,
       1.0519102234331734e-01, 1.0567227064709053e+00,
       -4.4250404727352297e+01, 1.2066468617161179e+01,
       1.6764231642930902e+01, 3.0096060053606042e+01,
       7.0202817312572749e+00, 1.4778187997816234e+00,
       -1.0317055702380180e+00, -1.0258351302729460e-01,
       3.9975036540657975e-02, -3.4647643952489725e-02,
       -5.0482245782913608e+00, -1.6686422519687998e+01,
       7.9903221981996584e+00, -4.0438342137060879e+00,
       1.0427883899918486e+01, -2.4655873872174903e+00,
       -4.0015164034432047e+00, 2.2064412089361278e+00,
       6.1010845786086989e+00, -7.2411245264949675e-01,
       -3.1307070995741559e-01, 3.3370257819556841e+01,
       -9.0093635126396912e+00, -9.4556087648071827e+00,
       2.3741816105003877e+00, -1.0985120246730416e+01,
       -8.1191204762482592e+00, 5.8560406529674169e-01,
       -7.9355075247062212e-01, -1.0575663787012064e+00,
       1.1435351780917101e-01, -3.2345877684643731e-01,
       1.0209096596801242e+01, 9.1212878571299754e+01,
       -9.8702663497016143e+00, -4.3284277877727902e+01,
       1.1947160343887274e+01, -3.0480652621644406e+00,
       1.6533303546923872e+00, 7.9465249955256334e-02,
       -3.7880358020737959e-01, -5.3772110350577666e-04,
       -1.7969963912967034e-02, -1.6629180414731280e+02,
       3.7543399607930525e+01, 3.6349166886887694e+01,
       -2.9145283432743810e+01, -3.3741374537590469e+00,
       -1.6974640176448663e+00, 7.8821032685042525e-01,
       1.0270256760161358e+00, -1.1113185596104374e+00,
       -3.1803514167203735e-02, -4.7700394921585107e-02,
       3.6549417225946314e+01, 1.3143628260569358e+02,
       -2.7438420727246175e+01, -5.3205259746317765e+01,
       -9.5974242743022895e+00, 2.3385949732079152e+00,
       2.0557332236831138e+00, 6.1744702124125694e-02,
       -1.8930447408460943e-01, -2.0690704855497466e-01,
       -1.4974200706251262e-02, 4.9028058017106716e+01,
       -7.6224923403437600e+01, 2.3105327146581751e+00,
       4.3568363054951696e+01, 3.5151024507669537e+00,
       2.5703486234347100e+01, 2.8449147740536112e+00,
       5.9822904409682176e-01, 1.7552893665361585e-01,
       -1.2560194623566706e-01, 2.6330072325973612e-03,
       3.8297917033080282e+01, -2.8118636115926233e+01,
       -1.1948182407874887e+01, -5.6701817689142233e+00,
       1.4103089882439866e+01, -2.7100119998288900e+01,
       -3.3336681382076554e+00, 6.4311826731521089e+00,
       4.7000487294788433e+00, -1.3520020345406589e+00,
       2.7862373778190280e-01, -7.3622869599540280e+01,
       4.1526094219255121e+01, 2.0371891500435044e+01,
       -2.2630677644674478e+01, 1.7234420465500296e+01,
       1.0873093222143419e+01, 1.5505320574198809e+00,
       4.2714435568313364e-01, -1.2647191133174107e-01,
       1.2396686633962327e-01, 1.5625154289589985e-01,
       5.8117031268531633e+01, 9.8837173527163060e+01,
       -3.4608095889384280e+01, -3.2177878876021182e+01,
       -6.4956301987514884e+00, 8.0971662683832901e-01,
       6.2611279305505019e-01, -1.0227655707618040e+00,
       -4.0878257828538817e-01, 2.4402252883343270e-01,
       2.6189527508207849e-01, -1.4057071467459505e+02,
       -4.5277840222578078e+01, 4.1620964849581092e+01,
       1.5423261807783291e+01, -4.4025099099147855e+00,
       1.1289473213794086e+01, 7.4127917326221426e-01,
       1.3360212420716995e+00, -5.8702920305136885e-01,
       -7.1382668273464928e-02, 7.0703336425965426e-03,
       1.7564488628958216e+02, 1.2434057240947325e+01,
       -4.4107800889273705e+01, 1.2677660450685359e+01,
       -9.8737580317486735e+00, -8.0600147690267239e+00,
       -5.3766377535795107e-01, -1.6540403831460840e-01,
       -8.7234483375637040e-01, -4.5534398168272042e-03,
       9.6692647378213120e-02, -1.8427728785812002e+02,
       1.7166963768766259e+01, 3.4799291952554910e+01,
       -2.1083509371108509e+01, -7.4338429648003403e+00,
       -3.9518044256676625e+00, -1.3092885043188989e+00,
       4.1904776893090545e-01, 5.8525236445099871e-01,
       4.9165235799319184e-03, -2.6308298245645085e-02,
       1.2046054107466840e+02, -1.0781511346617581e+01,
       -2.9901168469214607e+01, 1.6270827541108851e+01,
       -2.8134844545917290e+00, 1.2101112324017912e-01,
       1.3475472149430012e-01, 8.6817243488870571e-02,
       -4.4902263924527852e-01, -3.2440504944867388e-02,
       -7.1495817768607708e-02, 4.0183016345157112e+00,
       -1.9675510785981766e+02, 1.5483105714282649e+01,
       6.8172701258005162e+01, 1.0398557013216532e+01,
       -2.1338134310515866e+01, -1.8686405045733312e+00,
       -1.1846816141679739e+00, 9.6829424859093169e-02,
       -1.1451765105149878e+00, 3.6173080520721379e-02,
       9.9279057441344364e+01, -4.4263522719478068e+01,
       -2.1946752176910010e+01, 3.6897290246798597e+01,
       -2.7606755759983827e+01, 2.3392687219280145e+01,
       1.0940573822189834e+00, 1.2944584043735774e+00,
       4.9040626785269592e-01, 3.3525609172608647e-02,
       1.4684580447788889e-01, 6.1856184575581771e+01,
       3.3595375455126309e+01, -2.0461315069172983e+01,
       -2.4614276529502611e+01, -1.2379419855561620e+01,
       -1.1045113634127894e+01, -7.9676334443571921e+00,
       -4.9926001044796270e-01, 6.5259357570946479e+00,
       1.9248416822685221e+00, 7.5346254783636143e-02,
       -1.1785085392585250e+02, 1.2632089025003717e+02,
       7.1301783894823059e+00, -5.4845962279234072e+01,
       -1.4871827846341667e+01, -1.9056745707515796e-01,
       7.2610898964679638e-01, -3.1744956092599047e-01,
       -4.8877287548072718e-01, -3.8220353976598015e-01,
       1.2006384783302379e-01, -2.6922319359689080e+01,
       1.0472161954562301e+02, 6.4611119126941743e+00,
       -3.7793072229746350e+01, 1.3920891399199533e+01,
       1.3697796836252929e+00, -7.3188824790397886e+00,
       4.5154259906818134e-01, 3.5807576911541577e+00,
       3.3418870123110545e-01, 2.0061534206308368e-01,
       -1.8928059219357363e+02, -2.4890375754009586e+01,
       3.4306617088330675e+01, -9.3574625504102507e+00,
       -4.5915778413241490e+00, -4.1600062868096908e+00,
       -2.7945609722599580e+00, -1.7525283840045139e-01,
       4.3697669908422379e+00, 7.6364667335622938e-01,
       -1.4557028735017988e-01, -1.7319071479699863e+02,
       -1.2786653744578010e+02, 4.8597245613324127e+01,
       4.4816955049141924e+01, -3.7896269057645291e+01,
       -8.3304551739480761e+00, -4.1035420148857851e+00,
       -1.3513901069556662e+00, -1.1089502023266959e+00,
       -6.5910888283620780e-02, 1.3899852878914445e-01,
       -1.5469415689465438e+02, -6.8911635736415718e+01,
       4.7476458434175122e+01, 9.4674447139857918e+00,
       -8.9746599424970448e+00, -2.7170321249961471e+01,
       -3.3522880567890336e+00, -8.1015680188311778e-01,
       -2.1651741362932531e+00, 3.8688246232307971e-01,
       -2.3426393661365591e-01 ]
