%YAML:1.0
means: !!opencv-matrix
   rows: 45
   cols: 5
   dt: d
   data: [ 1.0016616038251159e+02, 1.2829995720194646e+02,
       4.3351682841253748e+01, 1.4469523829285270e+01,
       2.0072100343476954e+01, -6.4307940312118772e+00,
       -8.6834175918616936e+01, -3.6082490207940921e+01,
       6.7908968743987216e+01, -6.9904381116153784e+00,
       -1.8658548049278698e+02, 7.4905690768484618e+01,
       4.9998578269448032e+01, 1.5264115807200337e+01,
       -1.0614049999238503e+01, 1.2928325286053385e+02,
       -9.5363116364370498e+01, -4.8642899999958701e+01,
       -3.9829887052294438e+01, -5.1834609576693236e+00,
       -2.0915630120289359e+02, -9.5463702712837971e+01,
       -1.5978188327691939e+01, 4.8241128521762349e+01,
       -1.0626025301460611e+01, -4.1838937986283412e+01,
       -5.2123385820423520e+00, 1.0001459658562018e+02,
       -9.3979044534992848e+00, 2.3266708176966056e+00,
       1.4690451584081774e+02, 9.9320135161888274e+01,
       -4.7673276732164894e+01, 4.1569654046208861e+01,
       -7.6327149410854247e+00, 1.3183672903613706e+02,
       -1.5969251787378926e+02, 2.6478445449764326e+01,
       1.1559514542086928e+01, -5.1776576457791066e+00,
       -3.0096459567751537e+00, 2.3357150051367590e+01,
       -9.0063213363817070e+01, -3.1023188412073061e+01,
       -2.4070838044926216e+01, -1.1217234493012505e+02,
       -2.2501666806187053e+01, 2.2284501014346240e+01,
       -4.2887358990123154e+01, 9.8799414891909318e+00,
       -8.3122878834027674e+01, 1.1649065638303160e+01,
       -4.4924035212738644e+01, -1.6571261366225482e+01,
       6.8922292450379592e+00, -1.4951975605087140e+01,
       1.2727604575673091e+02, -7.2663511945027945e+00,
       2.9481492672701805e+01, 2.1360077194996290e+01,
       1.4453422856247130e+02, -4.6483008658630496e+01,
       2.7643104182833010e+01, 5.1793806428948116e+01,
       -9.3588844488311747e+00, 2.3753510850912215e+02,
       -2.5827334255866859e+01, 2.0790928817633823e+01,
       -2.3755962793931442e+01, -8.5587909813775642e+00,
       3.4233365018926669e+01, 8.8439705450286183e+00,
       -2.2600100773790654e+01, -1.4234638812411651e+01,
       2.0074852655648094e+01, 1.7177417700561136e+01,
       9.9473479227962514e+01, -7.7970535938724311e+01,
       3.8669378020488210e+01, 5.2690314000524268e+00,
       3.2240259368028198e+01, 1.5931085736462285e+02,
       -5.5421202869756421e+00, -8.0758410011949053e+01,
       1.9414647655170402e+01, -1.1003845771450627e+02,
       -1.0830888607244798e+02, -2.8526650632347192e+01,
       1.3897448544840325e+01, 1.8547635372406134e+01,
       -1.1510635653319974e+02, 7.9461676735164009e+00,
       -1.1877013145520293e+01, 7.8129286137784774e+01,
       6.6237610345846667e+00, -2.8576633527744946e+02,
       2.2560198581387258e+01, -1.8928297998636445e+01,
       -8.7235229243359260e+00, -8.4532729360550629e+00,
       -1.0297463783924454e+02, -1.5754654832745587e+02,
       5.9526421936695684e+01, 1.7686329119071889e+01,
       -8.4309863381374193e+00, 1.3770911454032230e+02,
       -2.2384378080861119e+01, 6.1120572210844372e+01,
       -1.0149708936993166e+01, 1.3227698863847690e+01,
       1.1223791822607186e+02, 1.6073691034491976e+01,
       -3.0679866313913998e+01, -1.5453712929478366e+01,
       -2.0459865496247442e+01, 9.9241035895971649e+01,
       5.0863350255984798e+01, 8.2290236890864090e+00,
       7.9724676354114280e+01, 4.5429517668539876e-01,
       1.8616605570175160e+01, -1.5838837414535689e+02,
       -3.7512558923307104e+01, -3.2412638493436292e+00,
       6.2060771848556886e+00, -1.3737166780901907e+02,
       7.9437715978474785e+01, -3.4000790321145701e+01,
       1.2600739566099353e+01, 2.4050439169397229e+01,
       1.2466169620756797e+02, 2.8245319930644968e+01,
       -4.5975206524548753e+01, -2.5967794095181901e+01,
       -4.3882946348638656e+00, 8.3864992482189479e+01,
       7.4857565941007564e+01, -2.4312559735854865e+01,
       -5.4845723877060388e+00, -2.7202332968010772e+01,
       -2.0943888420016071e+02, -4.2852553458214189e+01,
       4.5706011470589289e+01, -4.1536064559161503e+01,
       -1.1045077565198996e+01, 2.1994778883527627e+02,
       8.1510838859503409e+01, 2.8018938050141976e+01,
       3.0389210770545276e+01, -8.7669146756841219e+00,
       -1.6891412089250056e+02, 1.8566040587772645e+02,
       3.8189517074538642e+01, -8.7055072355561194e+01,
       -3.9197447389858709e+01, 1.4752058279393417e+01,
       -7.1781042476739287e+01, 5.4282607374982611e+01,
       3.7786776776912994e+01, 1.4524620431932407e+01,
       -1.8868790184839192e+01, 1.6334064952080905e+02,
       1.3932689510682509e+01, -1.0641084615389894e+02,
       6.5692638179001692e+00, 1.8815392500436030e+01,
       5.1211099807803542e+01, -1.2336932072583918e+01,
       -4.6275265295412460e+01, -1.5108830582043158e+01,
       -1.1409408283940270e+02, 5.7701883354462446e+01,
       9.2024740614782317e+01, -5.4834960404589609e+01,
       -1.9528562807127130e+01, -8.4680097609078501e+01,
       -4.0765700368939903e+01, 6.9276847969441349e+01,
       7.6062599593436985e+01, -1.3685259432227451e+01,
       -6.9386114623549178e+00, 2.1028154784407757e+01,
       1.1600324648320512e+01, -3.4405784759489713e+01,
       3.7625672463481550e+01, -6.2132725170698897e+01,
       1.0249218618553097e+02, 4.4709703011368561e+01,
       1.7995121688819474e+01, 1.3223601512735646e+01,
       -1.7982423397043073e+02, 1.7620684585777656e+02,
       3.7048172782855453e+01, -6.5348190612573447e+00,
       -1.7797789544332993e+01, -1.9329033814801682e+02,
       7.7651981114594932e+01, 2.3627821443531872e+01,
       -6.1006953479286750e+01, -2.9531643020400146e+01,
       9.9327418763162115e+01, -1.6947900642424379e+01,
       -4.8228521625054810e+01, 2.4880147125661885e+01,
       -2.8135622251438908e+00, 7.6955664128416757e+01,
       -5.4463159800141639e+01, -2.5581038700072245e+01,
       -6.5253552387343603e+01, -2.4449903029677554e+01,
       3.8202484240791918e+01, -1.2188916970011949e+01,
       3.0523525672268796e+01, -2.3715520017437303e+01,
       4.2029021816135828e+00, 1.6320062785856447e+02,
       1.5845916496395940e+01, 4.1984382853184030e+01,
       -3.0603851932843416e+01, -2.8760732153857461e+01,
       1.7515945401393925e+01, -5.2835116204471078e+01,
       -9.0459082105966289e+01, -5.2462418597756466e+00,
       7.7140848027118314e-01 ]
