%YAML:1.0
means: !!opencv-matrix
   rows: 34
   cols: 4
   dt: d
   data: [ 1.8733845981643705e+02, -2.5941931621592225e+01,
       4.5231155812917571e+01, -8.0855833533547194e+00,
       -9.0208630247477217e+01, -6.4282912021871823e+01,
       -5.2596039063372011e+01, -1.2685288456977423e+01,
       -9.9703542863067383e+01, 1.3922901063774043e+02,
       6.5735329052925891e+01, -1.8585382506758332e+01,
       -8.5708853983487803e+00, 4.1044577059643132e+01,
       -4.7745418045790601e+01, -7.1141016162557023e+01,
       -1.3425964752713538e+01, -1.6541670051562642e+02,
       -1.0079895237926412e+01, 4.7647688847613541e+00,
       -2.1009508968497926e+02, 1.4364785644375027e+02,
       -4.7420407457756006e+00, 6.5882808788132321e+00,
       1.6022612664640039e+02, 2.9961591279002281e+01,
       5.3797701742100386e+01, 7.1282603026459597e+01,
       1.0487705831910172e+02, -1.2677819830101667e+02,
       -6.0955011664228863e+01, -1.7308439351588117e+01,
       -4.7897842911616145e+01, -1.5324433516674301e+00,
       1.0297225315446364e+02, -1.8403638489793735e+01,
       1.5548848033879185e+02, -2.6347204254303474e+01,
       -4.2166241869931312e+01, -3.1855575190279817e+00,
       9.1221748496928157e+01, 4.0054317339956761e+01,
       2.4610761598147878e+01, -8.6478576141430665e+01,
       5.1669884292518319e+01, 1.2400450971074109e+02,
       -3.7012595064889730e+01, 4.1304637575910164e+00,
       -1.1845509150965084e+02, 4.7653458516722026e+01,
       -3.1768850343612609e+01, 5.5715428558425486e+01,
       -6.7257763955027158e+01, 1.0629783518764702e+02,
       -7.9745784765113541e+01, -2.0784526374651712e+01,
       3.7949112445271376e+00, -9.0870616052146403e+01,
       -2.3267996441278278e+01, -5.9546603330558170e+01,
       7.2357532271611248e+01, -6.2373611022480155e+01,
       6.0859060991772090e+01, 1.8794492939910551e+01,
       -1.1653476852905872e+02, 2.0641959777690783e+01,
       4.1268348353756352e+01, -6.6478559003974340e+01,
       -6.1424950726539587e+00, 7.1112183868970817e+01,
       4.5844988607716679e+01, 4.8353571555400947e+01,
       -1.3061937868757840e+02, -1.0839734194335152e+02,
       2.1963860798540388e+01, -6.3311954141807469e+01,
       1.4586952778649345e+02, -1.1801528020542177e+02,
       2.9921233152539173e+01, -4.7969133920534070e+01,
       1.0996653697047314e+02, 1.4920472601603032e+02,
       4.8501616380843970e+01, -2.6460833026698104e+01,
       2.0612028787949822e+02, 7.7786644241460650e+01,
       6.6483702457156291e+00, 3.5733407343731422e+01,
       6.7923300667052715e+01, 3.5313394587702078e+01,
       -2.5171908398126398e+01, 9.1182217752937575e+01,
       -2.8003503049861246e+02, -7.5286903442883201e+01,
       -1.6864375302118049e+01, 2.2861924574274191e+01,
       -2.5764350587005697e+02, 2.9163231940497543e+01,
       2.1431930206457935e+01, 7.4334816127831559e+01,
       -2.0341193284305120e+01, -2.5939556310602597e+01,
       -6.9567491235562091e+00, 3.6348361503642771e+01,
       1.9273964401195685e+00, 2.0001581852997830e+02,
       2.0454719053980774e+00, 5.3960679094436745e+00,
       -5.6292806356667988e+01, -5.8975245328396248e+01,
       4.4143455681784538e+01, -5.3392659587670215e+00,
       -1.8182904794206468e+02, -1.6155091978287174e+02,
       3.5734450191674362e+01, -2.5467499315908789e+01,
       3.7692661672120884e+01, -4.6692490134198572e+01,
       -8.8012830985839969e+01, 4.5309918153741371e+01,
       -2.1832869616856482e+02, 1.9297562192633499e+01,
       -2.8517608921247319e+01, -4.5712286171732352e+01,
       1.0395072735496383e+02, -5.1503476287331409e+01,
       -1.5614329414798792e+01, 3.7787211955736254e+01,
       -1.2712744128717041e+02, 6.3904079938088245e+01,
       6.1604020968489898e+01, 3.2301373927333835e+01,
       -1.7237030328183124e+02, -5.2042987240853329e+01,
       6.6975435540760472e+01, 2.6909139535334475e+01 ]
covs: !!opencv-matrix
   rows: 136
   cols: 4
   dt: d
   data: [ 5.2057346550961320e+03, -3.6657866459916374e+02,
       -1.5017641013234795e+03, -1.4738377709732345e+02,
       -3.6657866459916386e+02, 5.1611223937109053e+03,
       2.4368762579359625e+02, 4.1127101061239551e+02,
       -1.5017641013234795e+03, 2.4368762579359623e+02,
       7.0342565418743334e+02, 4.2581334964704604e+02,
       -1.4738377709732342e+02, 4.1127101061239551e+02,
       4.2581334964704592e+02, 1.5235892160330000e+03,
       7.1725258352165156e+03, 2.1000145022856937e+03,
       -1.7627349206735662e+03, -9.0290668652948284e+02,
       2.1000145022856937e+03, 2.9227145375188306e+03,
       -4.1250013286940271e+02, 6.1552450979784012e+01,
       -1.7627349206735657e+03, -4.1250013286940276e+02,
       1.2448944669993741e+03, 4.6378640939863988e+02,
       -9.0290668652948284e+02, 6.1552450979783977e+01,
       4.6378640939863976e+02, 7.7194947628718637e+02,
       3.0725779744537308e+03, 1.0187473898252999e+03,
       1.2191684959380672e+02, -4.4746390993519776e+02,
       1.0187473898253002e+03, 5.0175313926651434e+03,
       -1.6724218424645878e+02, 1.6850593210592157e+02,
       1.2191684959380669e+02, -1.6724218424645878e+02,
       1.1054528602013836e+03, 2.3419235928482686e+02,
       -4.4746390993519776e+02, 1.6850593210592160e+02,
       2.3419235928482681e+02, 4.9892233946321369e+02,
       6.5015459173767895e+03, -2.8577714585383609e+02,
       7.1636855755244574e+02, 4.2417703084504541e+02,
       -2.8577714585383603e+02, 2.3388521651832029e+03,
       1.4722701624951316e+02, 2.4692511628825673e+02,
       7.1636855755244574e+02, 1.4722701624951321e+02,
       1.2511156676062781e+03, 4.0153615997339244e+01,
       4.2417703084504541e+02, 2.4692511628825673e+02,
       4.0153615997339237e+01, 7.1570471074243096e+02,
       3.8700983721725761e+03, -1.1938860646641278e+03,
       1.8256213629249869e+03, -4.8917024363332825e+02,
       -1.1938860646641274e+03, 1.1003130471179700e+04,
       6.3266395241812552e+02, -1.8290020366745528e+03,
       1.8256213629249869e+03, 6.3266395241812540e+02,
       1.5064579762822375e+03, -4.2009061772791989e+02,
       -4.8917024363332825e+02, -1.8290020366745528e+03,
       -4.2009061772791989e+02, 9.7848000856293129e+02,
       3.8939549963846507e+03, 9.7615315911367452e+02,
       3.7054250351535933e+02, -5.3843644236049442e+02,
       9.7615315911367486e+02, 4.4455469012586746e+03,
       -7.0173428650969663e+02, 1.6585304789763731e+02,
       3.7054250351535933e+02, -7.0173428650969663e+02,
       9.2977873530788895e+02, 9.9808542144342439e+01,
       -5.3843644236049431e+02, 1.6585304789763731e+02,
       9.9808542144342439e+01, 5.9209472219706015e+02,
       4.0997554179632007e+03, 8.3349198208181929e+02,
       -5.9796361148086760e+02, 1.8668651015252092e+02,
       8.3349198208181895e+02, 1.8968121660109275e+03,
       -6.0835844308453019e+01, 1.4278857994565305e+02,
       -5.9796361148086760e+02, -6.0835844308453019e+01,
       7.9312421832585233e+02, -6.6113834788916080e+01,
       1.8668651015252087e+02, 1.4278857994565303e+02,
       -6.6113834788916080e+01, 3.0910226151649942e+02,
       4.6205834046032132e+03, 3.0239471078723057e+02,
       1.0238173049392999e+03, -5.4064691047780093e+02,
       3.0239471078723062e+02, 2.2544757353276218e+03,
       -5.0154323698757622e+02, -6.5287406294899210e+02,
       1.0238173049392999e+03, -5.0154323698757622e+02,
       1.8991451039908468e+03, 1.2190117163473413e+00,
       -5.4064691047780093e+02, -6.5287406294899210e+02,
       1.2190117163473473e+00, 5.9877525287491369e+02,
       2.8468298141767314e+03, 9.1754430990320986e+02,
       -3.5365279477764761e+02, -1.1274869219164671e+02,
       9.1754430990320986e+02, 9.6252238052059292e+03,
       1.4086034676182146e+02, 2.4606136693004169e+02,
       -3.5365279477764761e+02, 1.4086034676182152e+02,
       3.6082141103405615e+02, 5.2484287309227545e+02,
       -1.1274869219164673e+02, 2.4606136693004174e+02,
       5.2484287309227545e+02, 1.8348264994657802e+03,
       4.7955012120079809e+03, -6.7544118260230425e+02,
