%YAML:1.0
means: !!opencv-matrix
   rows: 31
   cols: 8
   dt: d
   data: [ -1.1633722925160232e+02, 2.5388606968289356e+01,
       3.4642828816210191e+01, -1.8271867517784923e+01,
       6.2107571253072695e+00, -1.5073905893427025e+01,
       1.4899006962685704e+00, -4.2430559063038770e-01,
       7.8372203537042068e+01, 1.2465801798332929e+01,
       -2.4277742422149071e+01, -2.8482110392836432e+01,
       -2.9727944435779914e+01, -1.4701709851680310e+01,
       3.3226026336437298e-01, -1.3546746826095417e+00,
       -1.7190754392778178e+01, 1.5421787698881120e+00,
       1.0073325492377275e+01, 1.0453498591232192e+01,
       2.4846305656793387e+01, -6.2864878364398624e+00,
       1.7771959562571136e+00, 1.7174387554746089e-02,
       -1.7710698188022781e+02, 7.6908155325776889e+01,
       3.5865598744146489e+01, -5.0801888869016040e+01,
       -2.5772580351822459e+01, 6.9599056176582252e-01,
       -1.2878483163400942e+00, 1.2323895137788430e+00,
       8.2714763673784674e+01, 1.5657826615580207e+01,
       -2.7684361727230652e+01, -3.0014106798618791e+01,
       -2.8956795625637742e+01, -1.6423630598083122e+01,
       7.4113097026122809e-01, -1.1184182569224783e+00,
       -2.0524320742266784e+01, 4.6533039263934825e+01,
       1.5698885375500184e+01, -3.5905055923703820e+01,
       3.3176836146582808e+01, -1.4630247997625082e+01,
       2.6490159559856417e+00, 1.7327962144475675e-01,
       -1.6864635365603945e+01, 2.9095541981106322e+01,
       7.9427926947784613e+00, -1.7046251950424658e+01,
       8.7203324734947163e-01, 9.5765038526197994e+00,
       1.0385452876971113e-01, 1.7077464386986609e+00,
       -1.8828074388102206e+02, 5.4883087523496435e+01,
       3.5128685427416961e+01, -3.4679162733828207e+01,
       -7.5101252297563930e+00, -2.7117867352283551e+00,
       -4.6376981777300026e+00, -7.2342836144443519e+00,
       8.6760546421999720e+01, 4.0476032466430233e+01,
       -2.1822573325337729e+01, -3.4499889034781930e+01,
       -4.0080639468828512e+00, -1.1164154107375522e+01,
       2.8136348329083521e-01, 3.0181556818588057e-01,
       -2.2005211776431369e+02, 8.0036423101466795e+01,
       4.9701892554438828e+01, -3.9414617246149753e+01,
       -1.8193035948451911e+01, 2.2937706664124882e+01,
       -3.5124777579228703e+00, 2.2547589109761654e+00,
       1.5707021741497530e+02, 3.0820709825650635e+01,
       -4.0319854632954346e+01, -1.4190133893123070e+01,
       -1.1175501077727402e+01, 1.5780636958521688e+00,
       1.5206780482693756e+00, 2.2362809894542042e+00,
       5.0673569099874939e+01, -6.1106885740653595e+01,
       -1.9262346384488456e+01, 3.5689787997368903e+01,
       -1.1459952727986671e+01, 4.6290236076450677e+00,
       -5.8778281965734225e-01, 9.4891442877401019e-02,
       -6.6051778894914349e+01, -7.6970356145076579e+01,
       1.6327240474942734e+01, 4.9057493586669757e+01,
       7.1773876220327244e+00, -3.8829083638898387e+00,
       1.6127601684341262e+00, -4.1498206953157829e-01,
       1.6540300325214497e+02, 1.8613301071081320e+01,
       -4.5331018211281240e+01, -1.9424493329825221e+01,
       -7.8280156199245416e+00, 1.2711581550083888e+01,
       -3.5172641539436728e-01, -1.2713122134267454e+00,
       9.5736822363934110e+01, -4.8828873682222252e+01,
       -3.6330233085702162e+01, 3.1061674205509775e+01,
       -1.9448196386237933e+00, 9.0151688851803495e+00,
       -1.0541091585589015e-02, 7.6843573718075397e-01,
       -1.4029036779397455e+02, -5.4513062895507012e+01,
       3.6541268880065722e+01, 3.1462985727384261e+01,
       -3.3855631456468660e-01, -3.8964806980254951e+00,
       2.1153705804598539e+00, 4.8440096858435583e-01,
       8.9759801786177221e+01, -3.0471107135105825e+01,
       -2.1899582920128289e+01, 1.8170346242209874e+01,
       2.7188522138562505e+00, 1.9718895235423471e+01,
       -8.0816891492423171e+00, -2.2804900987087429e+00,
       -2.0139868953335462e+01, -9.7802730817801560e+01,
       7.4273483368848856e+00, 5.9574809087491523e+01,
       8.9865577270252608e+00, -3.3126277502546215e+00,
       2.3656296040093299e+00, -1.9772462945484143e-01,
       -4.4553195342840517e+01, -3.2240366027583889e+01,
       3.5554210358096682e+01, 4.9160817798525947e+01,
       1.9487801755243812e+01, -1.0440453480009637e+01,
       -1.2191515236432988e+01, -5.0282017462820896e+00,
       -2.1027137307006757e+02, -1.4005230009226731e+01,
       4.4904615953671829e+01, 1.5523366385480253e+01,
       -1.0469933165219530e+01, 1.0435038317808383e+01,
       -1.3615527257675273e+00, -8.9354119132638665e-01,
       1.3625939123374187e+02, 4.9802518108262933e-01,
       5.2925145233848653e+01, 1.8232173697437681e-01,
       1.5038582373319393e+01, 3.4901069339655093e+00,
       2.0591766803181283e-01, 1.9868843887670646e+00,
       8.2166711425463092e+01, 1.8077911735323596e+01,
       -2.1614068144629687e+01, -3.3951994343513121e+01,
       -2.3982279651901681e+01, -2.2072425765355547e+01,
       1.1620725773697609e+00, -3.3229433252672211e+00,
       -1.5723702999213194e+02, 8.0513408432048493e+01,
       4.0715275220602884e+01, -2.7616928207488829e+01,
       -1.3210436456879517e+01, 3.2409899230515983e+01,
       -5.1636956245482919e+00, 2.9994596665421636e+00,
       7.9146547847803888e+00, 5.5873876025194271e+01,
       4.3575350723506974e+00, -4.1184689693419401e+01,
       1.1920886136417195e+01, -1.8029830677987853e+01,
       5.6054254414221483e-01, 8.3740922001682583e-01,
       2.1041701526723614e+01, 1.5704337350609751e+02,
       -4.8371698516416262e-01, -8.6250396421982373e+01,
       1.7328179614057117e+01, 1.5994294533645446e+01,
       -2.8292953543871857e-01, 2.5343228685991366e+00,
       2.8973775190116253e+01, 1.5516989650403131e+01,
       -3.1335167739834020e+01, 1.7141832413519216e+00,
       1.8969278570319133e+01, 4.8073609972898890e+00,
       1.0606719371581164e+00, 1.2624539619880191e+00,
       -1.4825469720996645e+02, -1.0374978378158404e+02,
       2.7517146286900065e+01, 6.6513683775162320e+01,
       -1.9857375193770682e+01, 7.7157224167256955e-01,
       -2.4855881923167983e-01, -1.4857840039805785e+00,
       -3.7433955973270550e+00, 8.4603917293690820e+00,
       7.1046671122235541e+00, -6.8755352701897436e+00,
       4.1483547994540871e+01, 3.7279342045054795e+00,
       -2.5971087523921668e+00, -9.1513915480821162e-01,
       1.2348919991812137e+02, -3.3616323316666922e+01,
       -3.0421027441888988e+01, 3.1724029133389049e+01,
       -4.2184295396100904e+00, 1.4514062505986596e+01,
       -6.9305781441364220e-02, 2.0934188681610788e+00,
       1.4468311243080527e+02, 1.6742313087253120e+01,
       -4.1956268489374992e+01, -1.2977553178375765e+00,
       -4.3978430817971716e+00, 1.3079269934300711e+01,
       -1.4153994742847305e+00, 1.7109900721096154e+00,
       3.6487410916225372e+01, -9.7845431285037563e+01,
       -1.1600439450299335e+01, 6.7665561766846537e+01,
       -4.7042712099920863e+00, -9.4784847523014992e-01,
       2.1402547743617903e+00, -3.4423892249335614e-01 ]
