%YAML:1.0
means: !!opencv-matrix
   rows: 42
   cols: 2
   dt: d
   data: [ 1.9782265678891130e+02, 1.5343164149938241e+02,
       -1.8504029723797519e+01, -8.6912433883633156e+01,
       -8.8187710634148203e+01, 5.4265620541421583e+01,
       1.6862371330367344e+02, -3.3903451855965794e+00,
       -1.6427394641426298e+02, -9.8902131437557557e+01,
       4.4755392688597681e+01, 2.2048179402055095e+02,
       6.8340129793469956e+01, 9.5900456922153907e+01,
       -1.4832341016994746e+02, 1.1937871855393959e+02,
       1.3193767168197656e+01, -1.5435909550151283e+02,
       -2.7780631102881387e+02, 2.1016583941668280e+01,
       -1.2787450262697173e+02, -5.1413636374004401e+00,
       9.5011303666242938e+01, -7.3480869645501246e+00,
       -2.0222327038990144e+01, 2.8656578465043260e+01,
       8.7826034542230076e+01, -1.6858087712634116e+02,
       -2.6362311715611833e+02, -9.5356194963072085e+01,
       4.4707959729117874e+01, 3.4787060308900557e+01,
       2.1351253232701382e+01, 1.5313931069269168e+02,
       -1.6958422470897818e+02, 1.9287249123203998e+02,
       -5.7413661186338715e+01, -2.5910122331909793e+02,
       1.7270642487708113e+02, -1.3246068629106134e+02,
       2.4915084501016170e+02, 3.6439134547597050e+01,
       1.1105452313435137e+02, 4.8232078976348809e+01,
       3.9795477691340032e+01, -1.0251814444754827e+02,
       -1.8367810573887306e+02, 4.6107426473972168e+01,
       -2.0976081852026874e+02, -2.6752449407502496e+01,
       -7.3474057980067300e+01, 1.3814139322821939e+02,
       -1.1047088327833217e+02, -1.4884220825073211e+02,
       1.1360929315724664e+02, 1.4351794270164868e+02,
       -6.2011374772116575e+01, 2.0372904010859571e+02,
       -2.1143847542829050e+02, -1.7563543011921601e+02,
       1.5629322101789771e+02, -6.4512583008171177e+01,
       -9.0925595304486549e+01, -7.6442567463279630e+01,
       8.4566492678978094e+01, -6.1481652473352526e+01,
       6.9808638610329226e+01, -2.6332712307228354e+02,
       1.9511374953578031e+01, -2.6757598827836055e+01,
       1.8046451740810537e+02, 6.9765516683328798e+01,
       -1.8142088229052508e+01, 9.1471100061121717e+01,
       2.4528443236713895e+02, -5.7733934426624209e+01,
       -2.3823855904097368e+02, 1.1793352610665052e+02,
       1.1028445153645019e+02, -1.1347029009674581e+02,
       -4.9851681893093009e+01, -1.4936291327106605e+02,
       -6.0105427141914795e+01, -2.0921996393160867e+01 ]
covs: !!opencv-matrix
   rows: 84
   cols: 2
   dt: d
   data: [ 3.0804718629082104e+03, -1.0720502371749833e+03,
       -1.0720502371749831e+03, 3.4229099129393012e+03,
       1.2708143625644389e+03, -3.2551312877960029e+01,
       -3.2551312877960029e+01, 1.2129965541117078e+03,
       1.0475681432290592e+03, -2.8358727683479056e+01,
       -2.8358727683479056e+01, 1.3950706696403224e+03,
       1.1791185507549849e+03, -2.6373439227079001e+02,
       -2.6373439227079001e+02, 1.2557403135316090e+03,
       1.4799131313231730e+03, -1.6281182498038012e+02,
       -1.6281182498038009e+02, 1.5843576875041731e+03,
       3.0148918748938349e+03, 2.1404119932457256e+01,
       2.1404119932457245e+01, 2.1295635416933860e+03,
       1.5460415891692414e+03, 2.1224931934669655e+02,
       2.1224931934669652e+02, 7.5752764531652110e+02,
       2.3506237924181974e+03, -2.2432362735185518e+00,
       -2.2432362735185474e+00, 1.5230603346981040e+03,
       9.9309626065989698e+02, -3.0470897016831020e+02,
       -3.0470897016831020e+02, 1.7682198973028515e+03,
       1.8794576119762874e+03, -1.8103162427211629e+02,
       -1.8103162427211629e+02, 2.1277769342495067e+03,
       1.2781705795664504e+03, 1.3849708162627908e+02,
       1.3849708162627920e+02, 1.4672136614241983e+03,
       1.1793070651312646e+03, -2.1199661397780295e+02,
       -2.1199661397780295e+02, 7.4555499632795534e+02,
       8.9404574187800881e+02, -4.4328614872896646e+00,
       -4.4328614872896610e+00, 7.4679906826474712e+02,
       1.3852880708519253e+03, -2.1351242209264151e+02,
       -2.1351242209264151e+02, 1.7236816796978314e+03,
       2.1374307234427442e+03, -4.1194495832391169e+02,
       -4.1194495832391164e+02, 2.9097017001639215e+03,
       9.2503207540186440e+02, -1.5333495820697777e+02,
       -1.5333495820697777e+02, 9.4919120967521042e+02,
       1.8027553026532291e+03, -1.3662238216650886e+02,
       -1.3662238216650886e+02, 1.3840765619239276e+03,
       3.1031847398213649e+03, -4.8127712189936557e+02,
       -4.8127712189936545e+02, 2.2228175460314264e+03,
       3.3158726105496071e+03, -1.5634667674545640e+03,
       -1.5634667674545640e+03, 4.1423080739673978e+03,
       1.9220303414344278e+03, -6.8927856150654577e+01,
       -6.8927856150654620e+01, 1.9168348901864638e+03,
       1.7531033635906397e+03, 7.0467888537634599e+02,
       7.0467888537634599e+02, 3.3661700893864704e+03,
       9.7818514083117111e+02, -1.6005177608926149e+02,
       -1.6005177608926149e+02, 7.6695467784965092e+02,
       1.1276076677306012e+03, -3.7893493339578896e+02,
       -3.7893493339578896e+02, 1.2463722551641051e+03,
       1.7098003567041651e+03, 7.5742942411689981e+01,
       7.5742942411689953e+01, 1.1698955564400205e+03,
       1.4383229870487412e+03, 2.0414248801385003e+02,
       2.0414248801385003e+02, 1.7087296172840806e+03,
       1.5423821894378466e+03, 1.2118350902484050e+01,
       1.2118350902484046e+01, 1.9300193355114325e+03,
       1.1958394209746205e+03, -6.4589673672224046e+02,
       -6.4589673672224058e+02, 2.2202658141924503e+03,
       2.0486228756858495e+03, -2.3615126811054654e+02,
       -2.3615126811054654e+02, 1.7188832651153816e+03,
       2.5145081363421164e+03, -4.1736486496794515e+02,
       -4.1736486496794515e+02, 2.6945641574567376e+03,
       3.1823243889369305e+03, -1.3894953670770826e+02,
       -1.3894953670770821e+02, 3.2884137295841069e+03,
       1.4474561274479595e+03, -3.4404551956482027e+02,
       -3.4404551956482021e+02, 1.4047815126744229e+03,
       1.0837350392509866e+03, -2.8829800759810735e+02,
       -2.8829800759810735e+02, 1.3579768941733685e+03,
       9.9920678262677188e+02, -4.5674043697513724e+01,
       -4.5674043697513696e+01, 6.7495892993877362e+02,
       2.6673317101128764e+03, -1.1945599395347963e+03,
       -1.1945599395347963e+03, 3.4085121871621200e+03,
       1.0700824274311030e+03, -3.6507924127177085e+00,
       -3.6507924127177112e+00, 8.4162382281040971e+02,
       1.4070651541870557e+03, -3.7204569579827142e+02,
       -3.7204569579827148e+02, 1.4062961794689702e+03,
       1.1896474605855835e+03, -7.2482625562541187e+01,
       -7.2482625562541202e+01, 1.0595582361990939e+03,
       2.2630568714749834e+03, -2.8746814556292787e+02,
       -2.8746814556292793e+02, 2.8177376833086100e+03,
       3.0110471253930300e+03, -1.6329075285352877e+02,
       -1.6329075285352883e+02, 1.8163755309304829e+03,
       1.2770298312310299e+03, -5.8721784673322368e+01,
       -5.8721784673322347e+01, 9.5988732067429919e+02,
       1.1561728542867193e+03, -1.7675632275600773e+02,
       -1.7675632275600771e+02, 1.7957936331695762e+03,
       1.0613264724642388e+03, -1.0293273227127460e+02,
       -1.0293273227127460e+02, 9.8925832298772264e+02 ]
