%YAML:1.0
means: !!opencv-matrix
   rows: 7
   cols: 19
   dt: d
   data: [ -1.6295484850692024e+01, -3.0691521458804228e+01,
       -1.6004149830385226e+00, 1.1043349099467131e+01,
       1.0868048088621142e+01, -8.4670790652767245e+00,
       -2.7172460359337642e+00, 1.9541752889697028e+00,
       8.9151202667932727e-01, -5.6458619368832619e-02,
       -2.6826897009531361e-02, -3.2208019116061167e-03,
       5.0997934888367714e-03, 2.8933217941935875e-03,
       3.1267293914293932e-03, -9.7990658013897072e-04,
       -6.6473936171915487e-04, 7.8235901480884571e-04,
       4.3857846777312521e-04, -9.1051298282048961e+01,
       -1.3517373710572250e-01, 2.4675557686894429e+01,
       1.0075278462518103e+01, -5.2476095030374177e+00,
       1.2979191157416683e+00, 4.2585448369262977e+00,
       3.1673083722235185e-01, 2.2152784659437891e-01,
       -9.2546150488136570e-03, -6.7011192262459204e-02,
       1.7790486819975672e-02, 1.7565141605070768e-03,
       -2.5147836172821477e-03, -2.4342156509495380e-02,
       -2.2021492491671900e-03, 4.7279498389428198e-04,
       -2.2684139973708488e-04, -8.8115910390914860e-04,
       1.3346488576908985e+02, 2.1427331876956512e+01,
       -3.7334386504916466e+01, -1.8082251381946513e+01,
       -8.8277884057985396e+00, 8.9878754272232566e+00,
       -8.1866486031031704e-01, -5.8950425199127920e-01,
       -9.2025106805633250e-01, -2.6926620483380650e-02,
       1.8847021715225391e-02, -1.0301899690288750e-01,
       -6.8522066777187826e-03, -2.2723427526208373e-02,
       -8.2555019477872950e-03, -1.0659765743592044e-02,
       -2.7362737655424016e-03, -2.8411816660049428e-04,
       -6.7284939864591911e-04, -2.0165104306414528e+02,
       5.5420979440977561e+01, 4.0708933488005655e+01,
       -2.7981769994637048e+01, -1.6996408614385977e+01,
       1.1468788749135179e+01, -3.4351013646120521e+00,
       -6.5540892052059441e-01, -1.3473830587922070e-01,
       2.2499372382545213e-01, 2.2153083557042305e-02,
       -2.2983992849784574e-02, 8.4207985946135031e-04,
       3.8037611884316580e-03, 2.4521209187001410e-02,
       -3.6422795604491684e-03, 2.2035976945564343e-03,
       -3.9434804740048554e-04, 3.7260348034362707e-03,
       1.0276641909783058e+02, -2.6128085496443163e+01,
       -3.3991048972459573e+01, 3.1404154491410616e+00,
       -1.3987422107295853e+01, -6.8736035201435719e+00,
       -2.0808978153251525e+00, 4.3478697412825888e-02,
       4.9257827104023411e-01, -1.1496762350202534e-01,
       3.6561716044415798e-02, -1.8632033847962051e-02,
       1.8112086921808351e-03, -1.8983906194814512e-03,
       6.2168976755238811e-04, 2.7969323465623654e-03,
       4.8786573845062305e-03, 7.6115486565214968e-04,
       -7.0520519541374148e-04, 4.1765999304988330e+00,
       3.9115354787482630e+01, 7.3418354157827261e+00,
       -1.9899092579015786e+01, 1.0666855789537976e+01,
       3.8068105550688727e+00, -4.9946458906877842e+00,
       -2.4811492324945363e+00, -2.5723671952733316e+00,
       1.1127679818168014e-01, -1.0850182203962171e-01,
       2.9268237716487028e-02, -2.7780966409977105e-02,
       9.8200385408353497e-04, -2.5305664192471239e-02,
       9.9619365631496183e-03, -7.2577913446550853e-03,
       -5.0888335573930779e-03, -4.4465998572621492e-03,
       5.6381262853799925e+01, 4.8225143658756302e+00,
       -4.0794212707838646e+00, 2.8620762176760390e+00,
       5.5622472240535927e+00, 3.6165844063095078e+00,
       4.2529623180305043e+00, -7.4023536915680377e-01,
       -1.0980977615137873e-01, 6.9739874020000158e-03,
       6.5609861421591462e-02, 1.9366488038938388e-02,
       3.7762823725680144e-03, 2.1277611594229472e-03,
       1.1659025564202072e-02, 3.1138637959654081e-04,
       -3.9176716630453173e-04, 8.8650765674173492e-04,
       7.6442312395252042e-04 ]
covs: !!opencv-matrix
   rows: 133
   cols: 19
   dt: d
   data: [ 1.4309513860492649e+04, 2.4311799550946380e+03,
       1.3770636435361141e+03, -7.7700346464849531e+02,
       1.4153057446541058e+02, 3.6618611648223253e+02,
       -6.6328969176654169e+01, 5.3209971118880183e+01,
       7.8746438801290086e+00, 1.0730404106835838e+01,
       -2.8636867290451158e+00, 1.3686720855934447e+00,
       2.3343517240158529e-01, 6.2700344108393635e-01,
       1.0928560399369744e+00, -2.4865148023218706e-01,
       8.5829030936038636e-02, -1.1999282416559176e-01,
       -4.0201784028951271e-01, 2.4311799550946380e+03,
       1.1218419840126624e+04, -5.3948923527938678e+02,
       1.9119090340784066e+02, 4.9987461826187257e+02,
       -3.6880270986147468e+02, 5.9088382592067852e+00,
       1.9533622037944383e+01, 3.7212008351798409e+00,
       7.5714031046180610e+00, 2.3564789042959472e-02,
       9.9907606432596927e-02, 2.2375072840128479e-01,
       3.0574438104924978e-01, 3.7364802515369994e-01,
       -4.3171546712860676e-01, 4.2897157349229964e-01,
       -6.5451715449167458e-01, 8.7508351080258187e-02,
       1.3770636435361141e+03, -5.3948923527938678e+02,
       3.5169235494938234e+03, 7.4652026158364848e+01,
       -6.6189666038949298e+01, -1.4643386758836019e+02,
       -1.4498961839146649e+01, -1.4115965931367316e-01,
       9.4489755772454720e-02, 6.7200908020833428e-01,
       5.9670429715714646e-01, -4.2508949087917919e-01,
       -3.8525126989778301e-02, -1.3034325332104227e-01,
       -3.5219596720228480e-01, -1.3071042603617907e-02,
       6.8048645884988615e-02, 6.4828604621259403e-02,
       -4.4977991216424396e-01, -7.7700346464849531e+02,
       1.9119090340784069e+02, 7.4652026158364848e+01,
       2.8477225790000189e+03, -3.0595768178165696e+02,
       1.4084213898163489e+02, -3.0804161376963581e+01,
       -2.3136937727033320e+01, 5.9448744376781404e+00,
       -1.5978331303577273e+00, -9.3249960555958893e-03,
       -1.2014478960942425e-01, -8.2255596441645623e-02,
       -5.2757737713811710e-02, -4.0653010760500478e-02,
       1.6575764775879348e-01, 4.0923511569219792e-02,
       -2.4812423902023859e-01, -1.9598601199551403e-03,
       1.4153057446541058e+02, 4.9987461826187246e+02,
       -6.6189666038949298e+01, -3.0595768178165696e+02,
       4.5135672631524642e+02, -2.4059342039710718e+00,
       -2.2487347476544799e+00, -4.8347087542825014e+00,
       1.9717945038632401e+00, 1.2053590918402997e+00,
       1.1311444556383652e+00, -1.5497367738186965e-01,
       -1.2841064651961566e-02, -1.1980714960479361e-02,
       1.6911034789592222e-01, 2.8287279180857345e-02,
       1.3875404768837632e-02, 2.8490137731613227e-02,
       1.5669334459197232e-02, 3.6618611648223253e+02,
       -3.6880270986147468e+02, -1.4643386758836013e+02,
       1.4084213898163486e+02, -2.4059342039710745e+00,
       1.8214258335893538e+02, -1.3368516138991497e+01,
       -2.8352268075938709e+00, 2.3569216846007874e+00,
       -1.3543705326102087e+00, -1.8887661435121800e-02,
       7.2932635913806207e-02, 1.1300610253581386e-02,
       3.1111892643354191e-02, 1.2199756729871368e-01,
       4.4100757154042471e-02, -3.6529485252182296e-02,
       -5.2711998873640727e-03, 3.9308884999012554e-03,
       -6.6328969176654184e+01, 5.9088382592067852e+00,
       -1.4498961839146649e+01, -3.0804161376963574e+01,
       -2.2487347476544808e+00, -1.3368516138991495e+01,
       1.2125200356235279e+01, 2.1861565968435350e+00,
       -1.5580069982611648e+00, 3.4164174005724968e-01,
       -1.0942238758729311e-01, -6.1620187230905316e-02,
       -2.7315574050674387e-02, 2.3439995423959448e-03,
       -1.0669101425822223e-02, -1.2428275146208817e-02,
       6.6284912120319226e-03, 1.7631374438502408e-03,
       -5.1173817359467053e-03, 5.3209971118880190e+01,
       1.9533622037944376e+01, -1.4115965931367339e-01,
       -2.3136937727033313e+01, -4.8347087542825022e+00,
       -2.8352268075938696e+00, 2.1861565968435359e+00,
       1.4804467008130521e+01, -2.8656249471797515e+00,
       9.2236806012622874e-01, -4.7028534520286901e-02,
       -4.6264497906646539e-03, -1.0319257780913259e-02,
       1.4688521270437025e-02, 7.0240488958597013e-03,
