%YAML:1.0
means: !!opencv-matrix
   rows: 47
   cols: 1
   dt: d
   data: [ 1.5020205726070676e+01, -2.7079687541728572e+02,
       1.0854863803889364e+02, -1.2774194393790991e+02,
       2.0363739024007322e+02, -5.9802835609315643e+01,
       -2.0208804357302478e+02, 5.4018235267112637e+01,
       -9.5020180666404713e+01, 2.6472731793179736e+02,
       1.7244986130668374e+02, -3.4656256562528391e+01,
       1.4597568866207394e+02, -1.6963435438455420e+02,
       -2.8797228353498929e+02, 2.4129401802323730e+02,
       -2.3483605391509886e+02, -7.2048430793865123e+01,
       2.8366847176839951e+01, -2.1998264088219202e+01,
       7.6233383723584808e+01, 1.2036204126199274e+02,
       -3.2998375800436065e+02, 3.1433222140964364e+02,
       -1.4107683238869339e+02, -9.4438830655489667e+00,
       9.7973080568493756e+01, 4.1095786350606282e+01,
       -4.7302251467145439e+01, 2.6320249244222844e+00,
       8.7030589694180634e+01, 1.5959911408322981e+02,
       -1.5549758891558366e+02, 2.2120591491789199e+02,
       -2.5277280900890537e+02, -3.5290125371800536e+02,
       1.3233774697513567e+02, 6.5733388311670907e+01,
       1.8778109614272773e+02, -2.1932406995159505e+02,
       -1.0441177581396335e+02, -8.4443909312644962e+01,
       2.8832173013737929e+02, -1.8509993034832422e+02,
       -1.1465951689519821e+02, -3.0885634022156393e+02,
       3.3906547758570809e+02 ]
covs: !!opencv-matrix
   rows: 47
   cols: 1
   dt: d
   data: [ 4.0998804921724883e+01, 6.6769677796931106e+01,
       3.2345129805068787e+01, 3.9444713640867668e+01,
       5.5592048443853486e+01, 3.7933446196509834e+01,
       5.7983905498713099e+01, 3.0619726150793912e+01,
       2.9685997153446728e+01, 1.1479938238210921e+02,
       4.4971640998637241e+01, 3.4576340232208459e+01,
       3.8110800772672654e+01, 4.3144853128456830e+01,
       9.4086511288429236e+01, 8.9144492702418731e+01,
       7.2212734203388081e+01, 3.4987289364978139e+01,
       4.1283655077301745e+01, 3.3854793896639357e+01,
       2.8892017353415937e+01, 3.5087281251022603e+01,
       2.0696682751788691e+02, 1.0445979755067225e+02,
       4.2408534921065595e+01, 3.5894586130585942e+01,
       2.9987777840726778e+01, 3.7144055525199839e+01,
       3.6365179155777554e+01, 3.9908394017963872e+01,
       2.8957423163353923e+01, 4.0495860525350089e+01,
       4.2240200234905885e+01, 6.9310606299288168e+01,
       7.1911258355988721e+01, 5.1038915450980068e+02,
       3.7481401329231559e+01, 2.8907013840901808e+01,
       4.6778527726594163e+01, 7.2985338225166018e+01,
       3.2361623708804991e+01, 2.8898406880536065e+01,
       1.0267452923410352e+02, 4.8394916987200453e+01,
       3.0378725711256699e+01, 1.3427375888717222e+02,
       4.0484059770589408e+02 ]
weights: !!opencv-matrix
   rows: 1
   cols: 47
   dt: d
   data: [ 3.8296078975660418e-02, 9.7907518906387731e-03,
       2.8515855686329861e-02, 2.4209263879416864e-02,
       1.6630547954803964e-02, 3.0025405520253536e-02,
       1.9009991384296637e-02, 3.5950128263375909e-02,
       2.2923615279937137e-02, 9.1847958777392588e-03,
       2.1012951411528639e-02, 3.2141421471675743e-02,
       2.4735112148405257e-02, 1.7397921136370110e-02,
       8.0249312686706212e-03, 1.2517350641774462e-02,
       1.4630614486689755e-02, 2.9932388373876125e-02,
       3.6578807355601525e-02, 3.2171111774567239e-02,
       2.9916594016943694e-02, 2.8101464258322311e-02,
       3.5312255181224228e-03, 2.7800376961007118e-03,
       2.0786162585978662e-02, 3.2422751206155030e-02,
       2.8698806724602871e-02, 3.7666324876088911e-02,
       3.1293806462259564e-02, 3.4305176019375570e-02,
       2.9016423262160571e-02, 2.1537229317914724e-02,
       1.9350420448285763e-02, 1.4113203031308230e-02,
       1.1291217724461835e-02, 2.4998293128650336e-03,
       2.6939214887157489e-02, 3.0515705896477251e-02,
       1.8847500447017006e-02, 1.5047636696062442e-02,
       1.9098334653842395e-02, 2.6164138087730160e-02,
       5.5562843746817109e-03, 1.8323179822552150e-02,
       2.1145445890809429e-02, 5.8995369265976566e-03,
       1.4733050745060201e-03 ]
pca_proj: !!opencv-matrix
   rows: 1
   cols: 21
   dt: f
   data: [ 1.02604255e-02, 8.46533298e-01, 5.67100069e-05,
       -5.08859605e-02, 4.68450844e-01, 1.89823491e-04, -5.55210514e-03,
       1.46431834e-01, -1.98076777e-05, -7.31809530e-03, 1.34976640e-01,
       -4.80776835e-05, -6.69380091e-03, 1.46460637e-01, -1.57161594e-05,
       2.11501210e-05, 1.32904761e-05, -3.16381829e-07, -1.62182951e-05,
       4.47223283e-04, 4.04881848e-06 ]
pca_mean: !!opencv-matrix
   rows: 1
   cols: 21
   dt: f
   data: [ 4.33646118e+02, 2.44701981e+02, 1.49672687e+00,
       4.18191803e+02, 2.60206879e+02, 1.62062907e+00, 3.68545319e+02,
       2.27059875e+02, 1.69770968e+00, 3.19420807e+02, 1.63929108e+02,
       1.75046074e+00, 3.16613464e+02, 2.25532654e+02, 1.70717156e+00,
       1.08872897e-04, -9.74175637e-05, 6.24380555e-05, -2.17504916e-04,
       -2.50119597e-01, 1.75055194e+00 ]
gamma: !!opencv-matrix
   rows: 47
   cols: 1
   dt: d
   data: [ 7.6422394759326528e-01, 8.8731421837255586e-01,
       8.1079955153561623e-01, 8.2213845983619371e-01,
       8.6257854480090457e-01, 7.8080123219747644e-01,
       8.6148047444161957e-01, 7.7807696904183388e-01,
       8.0159843117228302e-01, 8.8613151949888702e-01,
       8.4772716180391150e-01, 7.6912780203998488e-01,
       8.3338891711214580e-01, 8.4573790665287873e-01,
       8.9271523074658476e-01, 8.7792367753948097e-01,
       8.7499942989936930e-01, 7.8764306976440268e-01,
       7.6754524154571735e-01, 7.6524280302568493e-01,
       7.9058185780812151e-01, 8.1818142313646214e-01,
       9.0444258856361537e-01, 9.0019730354094230e-01,
       8.3007789314614366e-01, 7.6312839519343589e-01,
       8.0410293413354228e-01, 7.7216473229394189e-01,
       7.7445551969155890e-01, 7.6285449255643478e-01,
       7.9721713161580832e-01, 8.4094901142924572e-01,
       8.3820085468681116e-01, 8.7008374592956383e-01,
       8.8143594970687655e-01, 9.1127855524518708e-01,
       8.2545942938430128e-01, 7.8440385098026522e-01,
       8.5525938607318019e-01, 8.6895865955883933e-01,
       8.0756729845238395e-01, 7.9497878984600256e-01,
       8.9317595045088827e-01, 8.5351987632467619e-01,
       8.1393238169471527e-01, 8.9873862305173724e-01,
       9.0795667009522996e-01 ]
