%YAML:1.0
means: !!opencv-matrix
   rows: 10
   cols: 9
   dt: d
   data: [ -1.0645271563568761e+02, -3.6798992395243246e-01,
       3.1736549716949842e+01, -2.2833409959475048e+00,
       9.6592882909810722e+00, -1.3588989011138327e+01,
       2.6316510875686565e+00, 2.0423668697101802e-01,
       1.3732461200621449e-01, 1.5644005674715532e+02,
       2.0964601409060133e+01, -4.3008695517440678e+01,
       -6.1801732904680966e+00, -5.0375657786195411e+00,
       1.3463069403289897e+01, -1.6387580558546457e+00,
       1.1804857618529931e+00, 5.4383737321329584e-01,
       1.3906186324053107e+02, -1.3847406340443724e+01,
       -3.9124679462749924e+01, 8.8883002926838621e+00,
       -5.8356944417850212e+00, 1.1702677219912639e+01,
       7.4282738967402839e-02, 9.9556945137298569e-01,
       -1.5654394710494641e-02, 1.8154576810276591e+01,
       1.3138334278766601e+01, 5.2552089134130204e+00,
       -1.0224511073734472e+01, 4.4869002595110326e+00,
       -5.1128888559419678e+00, -5.5030129823706853e+00,
       -3.5438791997715389e+00, -4.2532661846798847e+00,
       -1.7909323136700058e+02, -5.9550148713472780e+01,
       3.6491148270228976e+01, 4.0259232496162610e+01,
       -1.4040460048743952e+01, 5.6153889812439122e+00,
       -7.2527858223806685e-01, -1.1374401556171705e+00,
       2.8478447296508591e-01, -3.3184262699536768e+00,
       -9.0530469752813531e+01, 6.3759198543674134e-01,
       5.8476019179233077e+01, 6.3897770832343692e-01,
       -1.4698206177822395e+00, 1.9083924503179339e+00,
       -2.7728367953101052e-01, 1.5982607371856097e-01,
       4.5732163267302141e+01, 1.2199909944781327e+01,
       -6.6879077190340537e+00, -4.3552175574505334e+00,
       1.6924656790109445e+01, -5.9576166801017316e-01,
       5.8634629088674295e-01, 8.3431289531212083e-01,
       4.0764104618096064e-01, -3.6648581746327906e+01,
       5.9109486046517596e+01, 8.1717560940143983e+00,
       -2.8211659335261185e+01, 4.3043026896956498e+00,
       1.2971529752219530e+01, 3.7053982022839643e-01,
       2.4269546799590671e+00, 1.2446504358731512e+00,
       -1.9553587803290725e+02, 7.4780578589289718e+01,
       4.0304317365015258e+01, -4.2943523423870175e+01,
       -1.9130772148927921e+01, 9.0651549518625316e+00,
       -2.9590539779778875e+00, 3.0843857015452458e-01,
       7.5310685666937383e-02, 8.1787865074427515e+01,
       1.5787952941217846e+01, -2.3959220461058312e+01,
       -3.2198439975580399e+01, -2.6453738069220737e+01,
       -1.9703890426926435e+01, 9.1793048837042390e-01,
       -2.3275976052686169e+00, 2.0510909577755354e-01 ]
covs: !!opencv-matrix
   rows: 90
   cols: 9
   dt: d
   data: [ 5.9695809390261975e+03, 6.7484043910294770e+02,
       2.7773031765177893e+03, -2.3581203551070226e+02,
       3.4138159955138718e+02, -5.1524683980927847e+01,
       1.0709994907950216e+01, -2.6172156545221576e+01,
       -3.6286445422154325e+00, 6.7484043910294724e+02,
       7.5555809352057622e+03, -2.6326019189041023e+02,
       1.3597956642700683e+03, 2.1616159211294182e+01,
       2.6378906333147976e+00, 2.1047168560180843e+01,
       -2.7078900756160376e+01, 3.4794080467878369e-03,
       2.7773031765177893e+03, -2.6326019189041017e+02,
       2.4656927581013783e+03, 5.4885229270351083e+01,
       -1.4536583080378179e+02, 2.2257225649152808e+01,
       -1.3658191879435828e+01, 1.1114423260670893e+01,
       1.8927940275629282e+00, -2.3581203551070232e+02,
       1.3597956642700685e+03, 5.4885229270351054e+01,
       1.6709291862783020e+03, -9.0893008199992778e+01,
       1.9688760693752812e+01, -6.8299866856727620e+00,
       1.1823920178875953e+00, 4.4324428624376537e+00,
       3.4138159955138718e+02, 2.1616159211294175e+01,
       -1.4536583080378179e+02, -9.0893008199992778e+01,
       1.5738388012739625e+02, -2.6312118810858426e+01,
       -1.5263503400852258e+01, -8.9635707930314599e+00,
       1.8557612182567418e+00, -5.1524683980927847e+01,
       2.6378906333147967e+00, 2.2257225649152801e+01,
       1.9688760693752812e+01, -2.6312118810858419e+01,
       1.0340416626104621e+02, 2.4273828687747930e+01,
       -9.3585764745026303e+00, -2.1752305306817510e+00,
       1.0709994907950213e+01, 2.1047168560180836e+01,
       -1.3658191879435828e+01, -6.8299866856727647e+00,
       -1.5263503400852255e+01, 2.4273828687747930e+01,
       2.0176205606228176e+01, -1.6726945848689918e+00,
       -2.3970186630991757e+00, -2.6172156545221579e+01,
       -2.7078900756160376e+01, 1.1114423260670895e+01,
       1.1823920178875953e+00, -8.9635707930314563e+00,
       -9.3585764745026285e+00, -1.6726945848689918e+00,
       1.1748748084331060e+01, -1.8820224437013935e+00,
       -3.6286445422154334e+00, 3.4794080467885065e-03,
       1.8927940275629282e+00, 4.4324428624376528e+00,
       1.8557612182567418e+00, -2.1752305306817497e+00,
       -2.3970186630991757e+00, -1.8820224437013935e+00,
       1.4291937764127345e+00, 4.6898077663692438e+03,
       -3.6792127413024866e+02, 2.8632993157602223e+03,
       3.3317255162796920e+02, -1.3081579271929496e+02,
       -1.5401754612876283e+02, -3.8724305086005181e+01,
       1.1138105651604272e+01, 2.2171969025430922e+01,
       -3.6792127413024855e+02, 5.6487390469701604e+03,
       -2.1353022377887168e+01, 2.1847111855062376e+03,
       -4.6754301445969972e+01, -1.9448662741342844e+01,
       -9.0643302784870947e+00, -2.1755756049246113e+01,
       1.6750032937211454e-01, 2.8632993157602223e+03,
       -2.1353022377887168e+01, 2.6274558420400381e+03,
       -4.2117377356519468e+00, -7.0781559503759496e+01,
       6.0058115259887558e+01, 1.7853939119896477e+01,
       2.1025385393221745e+00, 3.2077502569913728e-02,
       3.3317255162796914e+02, 2.1847111855062376e+03,
       -4.2117377356519530e+00, 1.2757979394076708e+03,
       -6.8807705264595967e+01, -1.4322371342371994e+02,
       1.3794282265620870e+01, 2.2574133542871166e+01,
       -1.6390406872560537e+00, -1.3081579271929496e+02,
       -4.6754301445969958e+01, -7.0781559503759510e+01,
       -6.8807705264595967e+01, 1.5864083660679912e+01,
       1.1284148762444580e+01, -8.1515850414304651e+00,
       -4.7797584082883979e+00, 1.1120649985368023e+00,
       -1.5401754612876283e+02, -1.9448662741342833e+01,
       6.0058115259887558e+01, -1.4322371342371997e+02,
       1.1284148762444580e+01, 5.4878060842720942e+01,
       7.9927191773619271e+00, -1.1494079113372758e+01,
       -1.4238172002675242e+00, -3.8724305086005174e+01,
       -9.0643302784870947e+00, 1.7853939119896484e+01,
       1.3794282265620870e+01, -8.1515850414304669e+00,
       7.9927191773619244e+00, 2.6228118428943215e+01,
       -2.7622050893679111e+00, -2.8401350507627665e+00,
       1.1138105651604274e+01, -2.1755756049246116e+01,
       2.1025385393221767e+00, 2.2574133542871166e+01,
       -4.7797584082883988e+00, -1.1494079113372758e+01,
       -2.7622050893679111e+00, 1.3583701386590981e+01,
       -1.8300832512443648e+00, 2.2171969025430922e+01,
       1.6750032937211437e-01, 3.2077502569913263e-02,
       -1.6390406872560537e+00, 1.1120649985368023e+00,
       -1.4238172002675238e+00, -2.8401350507627665e+00,
       -1.8300832512443648e+00, 1.2462346522202707e+00,
       4.8732622789363377e+03, 4.7593764964715041e+02,
       2.9206386710840766e+03, -2.7324329910872524e+02,
       -1.9726050193367811e+02, -8.9040700990386355e+01,
       -6.5434194414296300e+01, -1.9350288844808873e+01,
       1.9234662714365005e+01, 4.7593764964715058e+02,
       6.9715572808682264e+03, -2.2478122450230398e+02,
       1.5993125958699707e+03, -1.3708983489618149e+02,
       -8.4278958298986666e+01, 5.1469975685020721e+01,
       -9.1626507920049917e+01, -5.8633812299703294e+00,
       2.9206386710840766e+03, -2.2478122450230398e+02,
       2.5442440019340943e+03, 9.9669019128277981e+01,
       -8.3732038784716153e+01, 6.0145864076127943e+01,
       2.5333273181061223e+01, 4.7396871131771370e+00,
       -3.1379235532977141e+00, -2.7324329910872524e+02,
