%YAML:1.0
means: !!opencv-matrix
   rows: 8
   cols: 11
   dt: d
   data: [ -1.2382996103557508e+02, 4.8859235943701592e+01,
       2.8640270103435146e+01, -2.4488645268410121e+01,
       -1.7107715074977985e+00, 5.2828543588255537e+00,
       1.2019425433581825e+00, 7.5137988536000733e-01,
       -5.1220447739334796e-01, -1.5894617535911765e-01,
       2.8963924140495322e-02, -6.8940450267366823e-02,
       -9.7777315167073652e+01, 2.7834743519026572e+00,
       3.2990839932883539e+01, 1.5886588245533881e+00,
       -1.4399244254175722e+01, -7.7943387655538821e-01,
       -4.6715375752928706e-01, -1.6023989806353753e-01,
       -8.5341737034142451e-01, -1.7488130076159702e-01,
       2.7647087807430719e+01, 3.7499722790106048e+01,
       -4.6233207445638964e+00, -1.9807243034187714e+01,
       1.9980764525643642e+00, -6.5234026879857847e+00,
       -8.0304627782139058e+00, 6.6598555301822904e-01,
       6.6967198135548527e+00, 1.2988563915174534e+00,
       -4.6053946346106912e-02, 1.3862156781242979e+02,
       -2.2482795149458564e+01, -3.3421000356867246e+01,
       2.8282411408822764e+01, -1.8583926330992600e+01,
       7.3093073016333800e+00, 3.5267963878143116e-01,
       2.9200036408621266e-01, -2.4628079993816276e-01,
       -5.3321642954488740e-03, 1.1851407600062827e-01,
       5.1051574705574403e+01, -1.5243996709919722e+01,
       -5.3195672866407868e+00, 8.3625363761818061e+00,
       1.5965732722227697e+01, 1.1436489813031974e+00,
       6.2413125382443158e-01, -4.2443151259464190e-01,
       -3.9856767171497914e-01, 5.8217954593165311e-02,
       -1.1959950821967444e-02, -1.8093090659934023e+02,
       -5.9602927306162279e+01, 4.1884021028652562e+01,
       1.1274522719537272e+01, -1.7241273051813238e+01,
       -4.9684950172491442e+00, -2.0746202805325491e+00,
       6.1197140108743685e-02, -1.2452204293706873e-01,
       1.6104681348950056e-01, -3.8548117236358363e-02,
       8.8015359728114404e+01, -6.2258289971755154e+01,
       -2.0791372648065703e+01, 2.4666396219756283e+01,
       -6.7066762966768989e+00, -1.2825882672026312e+01,
       -3.1953080452424987e-01, 1.2002795562458317e+00,
       1.4593403700780179e+00, -2.7205080336851650e-02,
       -1.0901698191950787e-01, 2.8642742691584505e+01,
       1.1194470613051709e+02, -2.3030800485822727e+01,
       -4.6825931255787722e+01, -2.7887703995383450e+00,
       5.4839936380304044e-01, 1.6705773220105702e+00,
       -2.7686052452328219e-01, -2.5352674953270055e-01,
       -5.0675180403155766e-02, 3.9816979590496446e-02 ]
covs: !!opencv-matrix
   rows: 88
   cols: 11
   dt: d
   data: [ 6.4151349707755535e+03, -5.5131843053524869e+02,
       2.6356554587936862e+03, -6.0999373900002911e+02,
       3.3255452904610547e+02, 2.3689378215183669e+02,
       6.9083764083989465e+01, 1.5373934086965663e+01,
       1.5337975211383919e+01, -1.1991771076780795e-01,
       -1.2660619003059226e+00, -5.5131843053524869e+02,
       9.4764671106435617e+03, 1.3383608420843012e+02,
       1.0653142574109445e+03, -3.9998352791674381e+02,
       -2.8217676203557841e+02, -8.2650481636235668e+01,
       -5.2844356263566326e+01, -1.4967430057147107e+01,
       -3.7073695327733942e+00, 9.1793077879026996e-01,
       2.6356554587936862e+03, 1.3383608420843018e+02,
       2.7040953045977431e+03, 1.7546214302738687e+02,
       -2.6769137756557331e+01, -2.6846649034444901e+01,
       -2.0276136047448588e+01, 6.9244255490360800e+00,
       -1.1681652587358040e+00, 3.7345404970213725e+00,
       -2.9255164352496088e-01, -6.0999373900002911e+02,
       1.0653142574109445e+03, 1.7546214302738684e+02,
       2.3373374382746661e+03, 2.2170064972331872e+02,
       1.3357794611277447e+02, 4.0956117432000639e+01,
       1.1521043526260861e+01, 1.5218504758789583e+01,
       4.4677116901984579e+00, -5.1054466931721731e-01,
       3.3255452904610536e+02, -3.9998352791674375e+02,
       -2.6769137756557324e+01, 2.2170064972331872e+02,
       2.2690506549008430e+02, 1.1611430066857392e+02,
       4.1857235665074706e+00, 1.2197394844804112e+01,
       1.5735763585623812e+00, 3.5456975013805436e-01,
       -9.0022652477328180e-01, 2.3689378215183669e+02,
       -2.8217676203557841e+02, -2.6846649034444894e+01,
       1.3357794611277447e+02, 1.1611430066857392e+02,
       1.7941075914746781e+02, -9.5516963828371022e+00,
       6.4381897254604348e-01, 1.7265219780296464e+00,
       -1.2550091262496306e+00, 2.1587698555446183e-01,
       6.9083764083989465e+01, -8.2650481636235696e+01,
       -2.0276136047448585e+01, 4.0956117432000624e+01,
       4.1857235665074706e+00, -9.5516963828371022e+00,
       2.3717074583456125e+01, 1.3435281916096571e+00,
       3.0174295882445259e+00, 3.6219719864771660e-01,
       1.1191929448149281e-02, 1.5373934086965669e+01,
       -5.2844356263566326e+01, 6.9244255490360782e+00,
       1.1521043526260861e+01, 1.2197394844804112e+01,
       6.4381897254604370e-01, 1.3435281916096571e+00,
       1.5179359969048230e+01, -1.4052909412907437e+00,
       6.7010752458910938e-01, -6.9339952702694801e-02,
       1.5337975211383919e+01, -1.4967430057147112e+01,
       -1.1681652587358031e+00, 1.5218504758789583e+01,
       1.5735763585623814e+00, 1.7265219780296468e+00,
       3.0174295882445250e+00, -1.4052909412907437e+00,
       1.4644269714425426e+00, 8.8538880666721054e-02,
       4.8094816016242263e-02, -1.1991771076780795e-01,
       -3.7073695327733942e+00, 3.7345404970213716e+00,
       4.4677116901984570e+00, 3.5456975013805464e-01,
       -1.2550091262496301e+00, 3.6219719864771660e-01,
       6.7010752458910972e-01, 8.8538880666721054e-02,
       4.2497176846114681e-01, -9.3664517343377482e-03,
       -1.2660619003059226e+00, 9.1793077879026985e-01,
       -2.9255164352496077e-01, -5.1054466931721731e-01,
       -9.0022652477328180e-01, 2.1587698555446178e-01,
       1.1191929448149287e-02, -6.9339952702694801e-02,
       4.8094816016242263e-02, -9.3664517343377482e-03,
       1.8882510774491205e-02, 6.6330588895623760e+03,
       -1.6691031367670296e+03, 2.9888180844705198e+03,
       -6.5580531495976675e+02, -2.5130985235955185e+02,
       -2.5191556128291123e+02, -6.8873879054605410e+01,
       5.8505267343852365e+00, 3.3234319984565815e+01,
       -1.9147319508365545e+01, -4.8843882440768077e-01,
       -1.6691031367670296e+03, 1.8385150808057857e+04,
       -4.6802158057477902e+02, -1.3623358700261645e+03,
       -2.7672155569224475e+02, 1.0141400784012627e+03,
       1.7968581570969400e+02, 5.0857418014731678e+01,
       -3.4024954027053106e+01, 5.4510381819430826e+01,
       -1.5286263672416091e+01, 2.9888180844705198e+03,
       -4.6802158057477931e+02, 2.5870594009565489e+03,
       3.9868956971158912e+02, 9.3332162604258144e+01,
       -1.4350531045459888e+01, -7.2691553560430275e+00,
       5.8465404392797797e+00, 9.4595684060579224e+00,
       5.5605047450997631e+00, 1.8017918085802225e+00,
       -6.5580531495976675e+02, -1.3623358700261654e+03,
       3.9868956971158912e+02, 3.0600342439206238e+03,
       1.7829578607542450e+02, -2.4706969049963294e+02,
       -4.7639250140351407e+01, -3.7104347923557015e+01,
       -2.2263901669402499e+00, 6.7788739844123205e+00,
       4.9598033484842610e+00, -2.5130985235955194e+02,
       -2.7672155569224469e+02, 9.3332162604258144e+01,
       1.7829578607542453e+02, 2.6863228152115619e+02,
       6.2980762169488067e+01, -4.2808910436162684e+00,
       3.6798247973394194e+00, 4.5931897597981726e+00,
       -7.2728449034579901e-01, 2.1588647207355876e+00,
       -2.5191556128291123e+02, 1.0141400784012627e+03,
       -1.4350531045459885e+01, -2.4706969049963297e+02,
       6.2980762169488067e+01, 2.5720124157808539e+02,
       4.1016199193736416e+00, 9.1634152847562280e+00,
       5.1491893139403038e+00, 2.1446135763318912e+00,
       -1.3736597820325949e+00, -6.8873879054605410e+01,
       1.7968581570969400e+02, -7.2691553560430213e+00,
       -4.7639250140351407e+01, -4.2808910436162666e+00,
