%YAML:1.0
means: !!opencv-matrix
   rows: 6
   cols: 21
   dt: d
   data: [ 2.9557546262989854e+02, 2.5979041000330932e+02,
       1.3626808891803270e+00, 3.5270040335281965e+02,
       2.6015365141869847e+02, 1.4774583782206046e+00,
       3.6433526509536125e+02, 2.2627768644569804e+02,
       1.7061392718126178e+00, 3.1797429243590165e+02,
       1.6593653210918052e+02, 1.7798725902082666e+00,
       3.1433151085813296e+02, 2.2563106517482933e+02,
       1.7151133857072729e+00, 6.3683332818553979e-04,
       -8.3682652103752848e-04, 1.5749029678739784e-03,
       -2.4021838619534236e-03, -2.5239418839793387e-01,
       1.7497892070173819e+00, 3.9897357279291856e+02,
       8.4363766506772578e+01, 1.4606953007147496e+00,
       4.1712073733344647e+02, 1.6980847286311521e+02,
       1.5599475509363683e+00, 3.6793197823057852e+02,
       2.2536374492317131e+02, 1.7061174377209274e+00,
       3.2052651010617427e+02, 1.6413157188565731e+02,
       1.7704398805148904e+00, 3.1654759121997915e+02,
       2.2279257741128143e+02, 1.7170325042213368e+00,
       -1.7170595938442845e-04, -1.9042412836394141e-03,
       6.8327122033785554e-04, -1.9620037893241238e-04,
       -2.5291331578552179e-01, 1.7499946069319192e+00,
       4.4898585152338160e+02, 2.8847027203460368e+02,
       1.3868195780068959e+00, 4.2778436650970451e+02,
       2.8699526771993675e+02, 1.5189118911289130e+00,
       3.7317377120064134e+02, 2.2416349973658788e+02,
       1.5678615954934392e+00, 3.1966215325280371e+02,
       1.5653431355352714e+02, 1.6204226752416047e+00,
       3.1671163144125342e+02, 2.2256652206663992e+02,
       1.5794307464398596e+00, 4.7646737836637632e-04,
       -2.4298573434394653e-03, 2.5639358452315725e-04,
       8.5738535591516713e-04, -2.5567074396025674e-01,
       1.6282227175598492e+00, 4.2726116280584148e+02,
       2.8362792017317037e+02, 1.6165730375424556e+00,
       4.1150513597038685e+02, 2.8481813573705159e+02,
       1.7578719967571419e+00, 3.6531523435647250e+02,
       2.2992606337141612e+02, 1.8144975821692899e+00,
       3.1901962760100440e+02, 1.7106467993299825e+02,
       1.8662729782582228e+00, 3.1650983933601003e+02,
       2.2856619530715534e+02, 1.8255941241962814e+00,
       1.7672022691974339e-04, 3.2525835259620216e-03,
       -5.5867354150578486e-04, -7.5477545426446465e-04,
       -2.4326598694642945e-01, 1.8702984867545913e+00,
       4.7198237815173997e+02, 2.6297387301466773e+02,
       1.5914548329007034e+00, 4.1751783579308824e+02,
       2.7303561292824691e+02, 1.7256804171448978e+00,
       3.6538962174800770e+02, 2.3419951391506910e+02,
       1.7333290004430468e+00, 3.1790983134652208e+02,
       1.6194782405220397e+02, 1.7265569307428383e+00,
       3.1755528548844870e+02, 2.3301676724301103e+02,
       1.7085701150430792e+00, -7.3904750493626408e-04,
       -3.0428174172735222e-04, -1.3423075555175079e-03,
       2.4482047968241937e-03, -2.4793337335283530e-01,
       1.7496144685462522e+00, 5.6491408647721357e+02,
       2.3660552636529707e+02, 1.5647949673838877e+00,
       4.6673795900767453e+02, 2.4144062184146026e+02,
       1.6381239376892234e+00, 3.7074781161707443e+02,
       2.2571864789128148e+02, 1.6827664108663813e+00,
       3.2007341658302221e+02, 1.6350004927201692e+02,
       1.7432874333223038e+00, 3.1804933916951944e+02,
       2.2505225059655902e+02, 1.7012992076353635e+00,
       -8.2359117251995116e-04, 2.3629462769773432e-04,
       2.6814310888937986e-04, -2.5751831903304961e-03,
       -2.4969438206666084e-01, 1.7496141224781032e+00 ]
covs: !!opencv-matrix
   rows: 126
   cols: 21
   dt: d
   data: [ 6.3252566337782646e+03, 8.4032746588227076e+02,
       -6.7514955300754744e+00, 3.9556854685853486e+03,
       4.0486377674213315e+02, -3.6426344492519047e-01,
       1.7415594518512069e+03, -1.3631431498404865e+01,
       1.5804416832608728e+00, 1.5816825273483075e+03,
       -1.5658476424301487e+01, 6.5806487113969026e-01,
       1.7168934015912805e+03, -2.9201036489393054e+01,
       5.5720418215721512e-01, -3.9449589627642068e-01,
       -1.2740386258637229e-01, -2.9747950752899754e-01,
       5.0004674587618512e+00, -2.2158378272248291e-01,
       3.4596830202473328e-01, 8.4032746588227087e+02,
       6.9457298551313597e+03, -2.4642306550836808e+00,
       2.7952501141966610e+02, 3.7608893599377911e+03,
       1.8048475366351671e-01, -1.3798944986633330e+02,
       1.5932277764297755e+03, 8.0283306420430112e-01,
       -1.7953830768283456e+02, 1.6129961369972025e+03,
       1.0408605467961940e+00, -1.1136081814825673e+02,
       1.6150977590937694e+03, 5.9596803073210602e-01,
       -3.3505502896108721e-02, 3.8847295290680706e-01,
       -3.9978908715456408e-03, -1.7462047113277712e-01,
       5.1961635483894302e+00, 1.9375348145765966e-02,
       -6.7514955300754744e+00, -2.4642306550836817e+00,
       5.6797161174451508e-02, -3.9434539269912481e+00,
       4.7661025686700331e-01, 2.8702278967745656e-02,
       -2.2116666064809606e-01, 1.7345702387100803e-01,
       1.9587100952264465e-02, 3.3258414989538876e-01,
       1.0307510154436983e+00, 2.0859959254809740e-02,
       4.1576885733859320e-01, 1.7411680589967332e-01,
       2.1255098877502387e-02, 8.2742293525540464e-05,
       1.0430454336009518e-03, -3.7991622047904271e-06,
       1.0276713648849644e-03, 6.8609362295594023e-04,
       2.1310637232239690e-02, 3.9556854685853482e+03,
       2.7952501141966610e+02, -3.9434539269912481e+00,
       3.0288997581381527e+03, 1.8655915535570500e+02,
       -6.2081943356623037e-01, 1.6470538898175082e+03,
       -1.1015634573587597e+01, 3.7036246909049858e-01,
       1.4849488246424471e+03, -4.1652461543133938e+01,
       -3.4964865259961564e-01, 1.5971824499725990e+03,
       -2.5165096464892713e+01, -3.7963561953071118e-01,
       -3.4217995755801522e-01, -4.4620491931648722e-02,
       -1.9764538507129198e-01, 4.7200405053239489e+00,
       -1.3454254211247446e-01, -4.9846803919380200e-01,
       4.0486377674213315e+02, 3.7608893599377911e+03,
       4.7661025686700320e-01, 1.8655915535570503e+02,
       2.8987502435545393e+03, 4.6642426147669552e-01,
       -6.0628510800454272e+01, 1.4516798244711015e+03,
       3.6890725385524914e-01, -5.1669634740765019e+01,
       1.4190576274008326e+03, 4.9058648818064593e-01,
       -3.3544794311520377e+01, 1.4608141069333253e+03,
       2.1868330445438763e-01, 1.0430756341472970e-01,
       2.4894790636097572e-01, -2.6434870582769990e-03,
       -2.1741603514451095e-02, 4.7400512156854520e+00,
       2.2424882006424757e-03, -3.6426344492519058e-01,
       1.8048475366351674e-01, 2.8702278967745656e-02,
       -6.2081943356623059e-01, 4.6642426147669547e-01,
       2.3597254936665823e-02, -4.2546876245194210e-01,
       2.8959190706821086e-01, 2.1112597851805599e-02,
       1.0210690130835219e-01, 1.0049279402718012e+00,
       2.0788129110505364e-02, 1.9689392417443724e-01,
       2.9300076869326841e-01, 2.0935534039900412e-02,
       3.1743944012606888e-06, 9.0264217352661034e-04,
       -3.0071610341466125e-04, 2.6637098496488807e-04,
       5.5160141476394517e-04, 2.0774038671387780e-02,
       1.7415594518512069e+03, -1.3798944986633327e+02,
       -2.2116666064809601e-01, 1.6470538898175080e+03,
       -6.0628510800454244e+01, -4.2546876245194210e-01,
       1.3992392469603783e+03, -9.0864058621978714e+00,
       -3.3182941447466896e-01, 1.2815748754025828e+03,
       -1.6330528418652232e+01, -4.5590873818882083e-01,
       1.3518203396885460e+03, -1.8890262249594826e+01,
       -4.5591357876251781e-01, -2.0277151648140038e-01,
       1.1170274774087175e-02, -2.6813287304841504e-02,
       4.1629031900745241e+00, -5.8541326996438298e-02,
       -5.3876962259894434e-01, -1.3631431498404888e+01,
       1.5932277764297755e+03, 1.7345702387100781e-01,
       -1.1015634573587597e+01, 1.4516798244711015e+03,
       2.8959190706821075e-01, -9.0864058621978536e+00,
       1.3389872788937018e+03, 3.4033518356763626e-01,
