%YAML:1.0
means: !!opencv-matrix
   rows: 7
   cols: 7
   dt: d
   data: [ 3.4378141163049932e+01, 2.1340659011535514e+01,
       -5.6692940191065224e+00, -7.8754410930557839e+00,
       2.1772518666278085e+01, -6.5525956624561266e-01,
       1.2902140010001493e+00, -1.5277105464553881e+02,
       -5.6677885735406782e+01, 3.4053663381908876e+01,
       3.8246328822014775e+01, -7.6507096704694950e+00,
       2.3811494772605348e+00, 6.8289053379927089e-01,
       -1.6216268050031698e+02, 6.3682052442306329e+01,
       3.7303102840191961e+01, -3.8306981982706880e+01,
       -1.0622132592408835e+01, 2.7360611796995364e+00,
       -1.4232758419424369e+00, 8.1599063094231781e+01,
       1.6000900139271629e+01, -2.3753678644968673e+01,
       -3.2543015929845808e+01, -2.6122578899099654e+01,
       -1.9856949242938455e+01, 9.8154347010066445e-01,
       2.3863311934373286e+01, 1.9020111259635506e+01,
       2.6218176225673409e+00, -1.2386523479459361e+01,
       7.6770499567933737e+00, -3.0650040405816514e+00,
       -2.4541164714618708e+00, 1.4119135240955578e+02,
       -6.3340034106002596e+00, -3.9124460741088342e+01,
       6.7327793862886676e+00, -5.6322470619439224e+00,
       1.2180697988228747e+01, -3.1512434830341224e-01,
       1.3425429094605091e+01, -9.1988214938090707e+01,
       -4.7449851645571393e+00, 5.8788049159255173e+01,
       1.2380590797610871e+00, -3.3423603584035044e-01,
       2.1015182603366727e+00 ]
covs: !!opencv-matrix
   rows: 49
   cols: 7
   dt: d
   data: [ 6.3382682616687707e+03, 4.6829653624650007e+02,
       2.3006143642025099e+03, -1.5395791707590785e+01,
       -7.3679679243086161e+02, 1.2117987430103933e+02,
       -3.4910390320135640e+01, 4.6829653624650024e+02,
       7.6427780257106688e+03, -2.7114049745585177e+01,
       1.1794380980419312e+03, -3.8104756568446156e+01,
       -3.6587374853196314e+02, 4.9445207862888523e+01,
       2.3006143642025099e+03, -2.7114049745585170e+01,
       2.7230600553517938e+03, -1.1047998736200468e+02,
       1.4220014683442895e+02, -5.1525750176457244e+01,
       2.4935138776925474e+01, -1.5395791707590774e+01,
       1.1794380980419312e+03, -1.1047998736200468e+02,
       1.7604310842480795e+03, -8.0373523876659419e+01,
       1.3521367321676212e+02, -2.9399331281908680e+01,
       -7.3679679243086173e+02, -3.8104756568446142e+01,
       1.4220014683442898e+02, -8.0373523876659391e+01,
       2.9284541417882809e+02, -2.8185289095398105e+01,
       -1.6940974156419035e+01, 1.2117987430103929e+02,
       -3.6587374853196320e+02, -5.1525750176457258e+01,
       1.3521367321676215e+02, -2.8185289095398108e+01,
       1.6232923891642963e+02, 5.4069822071291682e+00,
       -3.4910390320135654e+01, 4.9445207862888530e+01,
       2.4935138776925474e+01, -2.9399331281908673e+01,
       -1.6940974156419038e+01, 5.4069822071291673e+00,
       2.0807091184970869e+01, 6.7336469784613964e+03,
       -6.4913554387156375e+02, 2.8218173168900948e+03,
       6.4051440109209943e+02, 1.3014257342624040e+02,
       -2.4632121957850137e+02, 9.5083370186882888e+01,
       -6.4913554387156375e+02, 7.8927985541184025e+03,
       2.0606026388767302e+02, 1.2317843920738665e+03,
       4.0900865393040391e+01, 2.2908915147170919e+02,
       4.8363074663136310e+01, 2.8218173168900948e+03,
       2.0606026388767302e+02, 2.4471291791302378e+03,
       -1.6600544875762429e+02, -5.8280066631379420e+01,
       2.4884522048082186e+01, -2.0896136125913639e+01,
       6.4051440109209943e+02, 1.2317843920738665e+03,
       -1.6600544875762435e+02, 1.6187706463131599e+03,
       -1.1785722785554908e+02, -1.6338760437332749e+02,
       -2.7916230264478671e+01, 1.3014257342624040e+02,
       4.0900865393040384e+01, -5.8280066631379434e+01,
       -1.1785722785554908e+02, 1.2050157002852058e+02,
       -4.6285690947083999e+01, 1.0091002276489798e+01,
       -2.4632121957850129e+02, 2.2908915147170919e+02,
       2.4884522048082193e+01, -1.6338760437332749e+02,
       -4.6285690947084021e+01, 1.5704400652744718e+02,
       6.1495266097136909e+00, 9.5083370186882874e+01,
       4.8363074663136310e+01, -2.0896136125913632e+01,
       -2.7916230264478664e+01, 1.0091002276489801e+01,
       6.1495266097136909e+00, 2.3783790555802973e+01,
       7.7140629038414845e+03, 4.5555201087847244e+01,
       2.8071300739843628e+03, 6.6580838223797997e+01,
       4.7778762031997519e+02, -3.7572709710838910e+02,
       1.2150015215814855e+02, 4.5555201087847287e+01,
       7.9489194115417040e+03, -1.8900904551212017e+02,
       1.4330857787267887e+03, -4.1024857963650112e+02,
       7.1513504373760770e+02, -1.2146666706126426e+02,
       2.8071300739843628e+03, -1.8900904551212017e+02,
       2.4970193681955839e+03, 1.1410468394232767e+02,
       -7.8668285807086818e+01, 6.0850374112853856e+01,
       -2.1326032117804633e+01, 6.6580838223797954e+01,
       1.4330857787267887e+03, 1.1410468394232761e+02,
       1.5596642079769965e+03, 1.6420338098382919e+02,
       -2.8148766152071414e+02, 4.8856709216076496e+01,
       4.7778762031997519e+02, -4.1024857963650112e+02,
       -7.8668285807086818e+01, 1.6420338098382913e+02,
       2.4143101057879073e+02, -1.4115716204609294e+02,
       3.0031425272104656e+01, -3.7572709710838910e+02,
       7.1513504373760770e+02, 6.0850374112853856e+01,
       -2.8148766152071414e+02, -1.4115716204609294e+02,
       4.2788797097381615e+02, -3.4212283521833754e+01,
       1.2150015215814855e+02, -1.2146666706126426e+02,
       -2.1326032117804637e+01, 4.8856709216076496e+01,
       3.0031425272104659e+01, -3.4212283521833754e+01,
       3.6552613919517427e+01, 4.0908971167353170e+03,
       8.4069877737894430e+01, 3.0843661384150691e+03,
       1.4368347313075924e+02, -1.0458004239785568e+02,
       -2.4202783240877526e+01, -5.3065182525643564e+01,
       8.4069877737894444e+01, 5.5926876751969321e+03,
       -4.4781777023048100e+01, 2.4599915442109341e+03,
       -3.8955915790888284e+01, -1.3312473688672887e+02,
       3.9848342621860027e+01, 3.0843661384150691e+03,
       -4.4781777023048157e+01, 2.5767682413023026e+03,
       3.0628274755775948e+01, -8.1512771982861750e+01,
       5.1267084596947072e+01, 1.6035239400183503e+01,
       1.4368347313075921e+02, 2.4599915442109341e+03,
       3.0628274755775948e+01, 1.1730495981410868e+03,
       -6.5408920179820328e+01, -8.6468439339889187e+01,
       3.3473187035174412e+00, -1.0458004239785568e+02,
       -3.8955915790888284e+01, -8.1512771982861736e+01,
       -6.5408920179820313e+01, 3.9491483956938616e+01,
       7.7944887786538910e+00, 4.7742654642417710e+00,
       -2.4202783240877544e+01, -1.3312473688672887e+02,
       5.1267084596947072e+01, -8.6468439339889201e+01,
       7.7944887786538910e+00, 8.1438197908130192e+01,
       2.6536140107577346e+01, -5.3065182525643579e+01,
       3.9848342621860027e+01, 1.6035239400183503e+01,
       3.3473187035174399e+00, 4.7742654642417710e+00,
       2.6536140107577346e+01, 2.0017456781708443e+01,
       9.4116490901674242e+03, 3.4549731812897301e+02,
       2.1713726266122549e+03, -1.3454210792991719e+02,
       -6.4237957933030407e+02, 4.5189539953737255e+02,
       -1.4755772938331756e+02, 3.4549731812897301e+02,
       1.0448084389222811e+04, -2.4475455091392305e+02,
       -1.6454855563927971e+01, 2.1571184452290336e+02,
       1.0408788174883706e+02, 1.2777072189544560e+02,
       2.1713726266122549e+03, -2.4475455091392305e+02,
       2.8238892856081629e+03, 1.6198304713001204e+02,
       1.6797626014412228e+02, -6.8637954192357142e+01,
       5.5013370877999872e+00, -1.3454210792991719e+02,
       -1.6454855563927953e+01, 1.6198304713001212e+02,
       2.6635169169988612e+03, -1.2123871754211916e+02,
       -4.1654679018381373e+01, -8.8476549841385705e+01,
       -6.4237957933030407e+02, 2.1571184452290336e+02,
       1.6797626014412228e+02, -1.2123871754211919e+02,
       3.6840904313973903e+02, 1.0449435184795639e+01,
       -1.6800197002453935e+01, 4.5189539953737267e+02,
