%YAML:1.0
means: !!opencv-matrix
   rows: 11
   cols: 1
   dt: d
   data: [ 7.7573689824239239e+01, -1.5392788158217601e+02,
       2.2243330694839622e+02, -1.0552474336608437e+01,
       -2.7502369881401995e+02, 1.6717643332404094e+02,
       -5.7906471852250938e+01, 3.4961829445296068e+01,
       1.1916201948775134e+02, -1.0432634832620811e+02,
       -2.1255819210171839e+02 ]
covs: !!opencv-matrix
   rows: 11
   cols: 1
   dt: d
   data: [ 5.2676862273704921e+02, 7.9786660339389380e+02,
       1.4866820853337788e+03, 5.0683472448571797e+02,
       1.8571310454123079e+03, 7.6078574642682258e+02,
       5.6517489338814016e+02, 5.0694260170837111e+02,
       6.0597548942497383e+02, 6.3671760941894422e+02,
       1.1006692685912808e+03 ]
weights: !!opencv-matrix
   rows: 1
   cols: 11
   dt: d
   data: [ 1.2803492543251047e-01, 7.4114139988058436e-02,
       4.9982115170342428e-02, 1.2456973794844810e-01,
       4.4939853060122235e-02, 8.9372097094619227e-02,
       9.8700469436450902e-02, 1.2784323393380523e-01,
       1.0985807687894655e-01, 8.9426894893747361e-02,
       6.3158456162924009e-02 ]
pca_proj: !!opencv-matrix
   rows: 1
   cols: 21
   dt: f
   data: [ 4.36961316e-02, 8.50134730e-01, 1.73015636e-04,
       6.54514134e-02, 4.60692108e-01, 2.29939164e-04, 7.67599978e-03,
       1.46649793e-01, -1.37564148e-05, 1.21663406e-03, 1.30500361e-01,
       -5.45994153e-05, 8.06188770e-03, 1.42052382e-01, -2.12945142e-05,
       -2.45414903e-05, 9.56867734e-06, -1.94090262e-06, 3.13729906e-05,
       4.34020360e-04, 2.32224409e-07 ]
pca_mean: !!opencv-matrix
   rows: 1
   cols: 21
   dt: f
   data: [ 2.07625534e+02, 2.55653595e+02, 1.54502928e+00,
       2.18915131e+02, 2.60592743e+02, 1.67241716e+00, 2.65274475e+02,
       2.24016678e+02, 1.71669352e+00, 3.19420807e+02, 1.63929108e+02,
       1.75046074e+00, 3.16613464e+02, 2.25532654e+02, 1.70717156e+00,
       1.08872897e-04, -9.74175637e-05, 6.24380555e-05, -2.17504916e-04,
       -2.50119597e-01, 1.75055194e+00 ]
gamma: !!opencv-matrix
   rows: 11
   cols: 1
   dt: d
   data: [ 8.1283399829391467e-01, 8.5665895873546705e-01,
       8.9160227905149869e-01, 7.8758660115701673e-01,
       9.0792906322005440e-01, 8.6268728992049826e-01,
       8.0342836658467132e-01, 7.9326493357177563e-01,
       8.3687681582948537e-01, 8.2884903042513014e-01,
       8.8382683544809393e-01 ]
