%YAML:1.0
means: !!opencv-matrix
   rows: 7
   cols: 5
   dt: d
   data: [ 8.2312366934328679e+01, 1.6064231625280726e+01,
       -2.3723874986647203e+01, -3.2189099081584658e+01,
       -2.6186863832265388e+01, -8.6601669641563902e+01,
       -4.8655435379227811e+01, 2.2551429636813321e+01,
       3.0478310601714838e+01, 8.4543171418346326e+00,
       1.2380447601230134e+02, -3.6055224329832125e+00,
       4.9941789179656318e+01, -1.4887732199629411e+01,
       1.3302138187732989e+01, 5.4737597379818610e+01,
       1.1458012804028844e+02, -2.0119033811182721e+01,
       2.8092797477736902e+01, 1.3925147913910708e+01,
       -1.8419352608715482e+02, 4.8050587552360177e+01,
       4.0375900026375561e+01, -2.7143053996423589e+01,
       -1.3206732248528890e+01, -6.7489819377052118e+00,
       1.0251579724439877e+01, -2.1291022186870471e+01,
       -2.7566724345442989e+01, 1.3129520989993447e+01,
       1.0698478299351493e+02, -3.1746652042378535e+01,
       -3.3320306436590826e+01, 1.9047495435397941e+01,
       -5.9668543618917438e+00 ]
covs: !!opencv-matrix
   rows: 35
   cols: 5
   dt: d
   data: [ 4.0645591583262794e+03, 8.2420408718438523e+01,
       3.0628713761995864e+03, 1.4571552165200271e+02,
       -1.0199290713961047e+02, 8.2420408718438594e+01,
       5.5971548719452467e+03, -4.9754016949724672e+01,
       2.4637933464398379e+03, -3.8126721511835086e+01,
       3.0628713761995864e+03, -4.9754016949724694e+01,
       2.5699681157812729e+03, 2.7345467730158379e+01,
       -8.1240832595346191e+01, 1.4571552165200271e+02,
       2.4637933464398379e+03, 2.7345467730158379e+01,
       1.1731230824213626e+03, -6.1820099801353315e+01,
       -1.0199290713961048e+02, -3.8126721511835086e+01,
       -8.1240832595346177e+01, -6.1820099801353315e+01,
       3.7230315786132969e+01, 7.9132808020296479e+03,
       1.1802820113771463e+03, 2.4505723091670570e+03,
       -5.4630628952316442e+02, 8.4229726803896722e+02,
       1.1802820113771463e+03, 8.1952307056584923e+03,
       -8.8412123236625632e+01, 8.7334738745922516e+02,
       5.4275624395123862e+02, 2.4505723091670570e+03,
       -8.8412123236625675e+01, 2.5264829930326182e+03,
       2.1221786640396534e+01, -2.1234727721283042e+02,
       -5.4630628952316420e+02, 8.7334738745922516e+02,
       2.1221786640396516e+01, 1.9817170845025444e+03,
       -4.5734777834025465e+02, 8.4229726803896699e+02,
       5.4275624395123862e+02, -2.1234727721283042e+02,
       -4.5734777834025465e+02, 3.9478705511980564e+02,
       3.2440408687496702e+03, -1.0856809813513524e+02,
       -5.4916237637973961e+02, 1.4894162362859802e+02,
       -6.5647162551870224e+02, -1.0856809813513539e+02,
       8.6257093630726722e+03, 1.8728982663222808e+02,
       -1.9608023052602178e+02, 2.2559645163424480e+02,
       -5.4916237637973961e+02, 1.8728982663222814e+02,
       6.6613831341459127e+02, 2.9164796475227920e+01,
       2.4204039099984857e+02, 1.4894162362859808e+02,
       -1.9608023052602178e+02, 2.9164796475227906e+01,
       2.2154927010080105e+03, -1.8619235319893230e+02,
       -6.5647162551870213e+02, 2.2559645163424480e+02,
       2.4204039099984857e+02, -1.8619235319893230e+02,
       2.8886478972122910e+02, 6.4796246723101012e+03,
       -4.2596626706410115e+02, 1.7088824365494011e+03,
       2.0953450110658696e+02, -8.8836342657243597e+02,
       -4.2596626706410132e+02, 3.8922296224293755e+03,
       3.0242204715306337e+02, -1.7898477987565086e+03,
       2.4091759342166043e+02, 1.7088824365494011e+03,
       3.0242204715306349e+02, 2.4769858525850127e+03,
       -2.0495619653499847e+02, 1.9424917070938432e+02,
       2.0953450110658696e+02, -1.7898477987565086e+03,
       -2.0495619653499847e+02, 1.4974765225665858e+03,
       -1.1586700413075502e+02, -8.8836342657243597e+02,
       2.4091759342166046e+02, 1.9424917070938432e+02,
       -1.1586700413075499e+02, 2.8896558537962994e+02,
       6.3501429432741252e+03, 2.2342202193288273e+02,
       3.0402548652025434e+03, 8.5637284204636757e+00,
       1.1644382804712923e+02, 2.2342202193288273e+02,
       8.1805894991909508e+03, -1.2465375116466905e+02,
       1.1730418717165101e+03, -3.9372183513559094e+02,
       3.0402548652025434e+03, -1.2465375116466905e+02,
       2.4414569484841413e+03, 7.0754009335670403e+01,
       -4.3998336228754603e+01, 8.5637284204636792e+00,
       1.1730418717165101e+03, 7.0754009335670361e+01,
       1.7660750437575819e+03, 1.6881217799229370e+02,
       1.1644382804712926e+02, -3.9372183513559094e+02,
       -4.3998336228754603e+01, 1.6881217799229370e+02,
       1.4612006116487495e+02, 4.5616423609503699e+03,
       -3.6111727868531551e+02, 1.4053134367410610e+03,
       -4.8883614007550911e+01, -3.7711695017635827e+02,
       -3.6111727868531563e+02, 9.2102159340764538e+03,
       4.3521428892430799e+02, -5.9778483925634816e+02,
       -8.7693100014955121e+01, 1.4053134367410607e+03,
       4.3521428892430799e+02, 2.0152083601744641e+03,
       -1.1079762582551986e+02, -5.9744142368799942e+01,
       -4.8883614007550946e+01, -5.9778483925634850e+02,
       -1.1079762582551984e+02, 2.1715196308047275e+03,
       -5.1509618232029020e+01, -3.7711695017635827e+02,
       -8.7693100014955178e+01, -5.9744142368799942e+01,
       -5.1509618232029027e+01, 3.9984630625275440e+02,
       7.0534173242681836e+03, 2.2146228076946672e+03,
       2.2443062554267594e+03, -1.2917744197585391e+03,
       -1.3114494389718496e+02, 2.2146228076946672e+03,
       7.8480207736361162e+03, -5.3338007471559956e+02,
       6.7104661486595353e+02, -8.4453650925724986e+01,
       2.2443062554267594e+03, -5.3338007471559933e+02,
       2.6430962099832186e+03, 4.5838633376679388e+02,
       -9.7042965368766062e+01, -1.2917744197585389e+03,
       6.7104661486595364e+02, 4.5838633376679388e+02,
       2.2324500996246888e+03, -2.8237092796500843e+01,
       -1.3114494389718496e+02, -8.4453650925725000e+01,
       -9.7042965368766062e+01, -2.8237092796500843e+01,
       3.7830325388946889e+01 ]
weights: !!opencv-matrix
   rows: 1
   cols: 7
   dt: d
   data: [ 9.7465427738659821e-02, 2.1187463392904810e-01,
       8.1567406970692521e-02, 6.7029594596688738e-02,
       1.4853220891657831e-01, 1.5989367963487183e-01,
       2.3363704821343659e-01 ]
