%YAML:1.0
means: !!opencv-matrix
   rows: 17
   cols: 7
   dt: d
   data: [ -2.6319314022718508e+01, 1.4505134850537711e+01,
       1.7885253489411532e+01, -1.0047478462501536e+01,
       3.1780524729303302e+01, -9.5450847383182627e+00,
       -7.5605267726599157e-01, -1.4894547584691205e+02,
       -1.0375050709187701e+02, 2.7577902555720001e+01,
       6.6275340708092500e+01, -1.9694514752556831e+01,
       6.4946161018492954e-01, -2.1332482312530882e-01,
       1.4558044489450683e+02, -1.3815502841091667e+00,
       -4.0555684578786831e+01, 3.1627543689999946e+00,
       -5.4813227796533281e+00, 1.2947999707420129e+01,
       -3.7686888734495694e-01, -1.6034375606726903e+02,
       3.9512399491220442e+01, 3.8566784634649309e+01,
       -2.5913699299758321e+01, -5.8170789323632155e+00,
       -7.1157940927123393e+00, -3.3552605834615411e-02,
       6.2295624418733809e+01, 4.4626956643702705e+01,
       -1.0475932457835006e+01, -3.8264118740384120e+01,
       -2.7567100071566708e-01, -1.6280668453562047e+01,
       1.0629153743616246e+00, 3.6904521967681937e+01,
       -9.7485819881094301e+01, -1.2288311759371132e+01,
       6.6195500091614420e+01, -3.8875630229101374e+00,
       -4.9392309760822389e-01, 2.0246685614348028e+00,
       7.3243743802688101e+01, 1.5280178419709088e+01,
       -2.7800169767278060e+01, -3.0933231366100021e+01,
       -2.9409476212226505e+01, -1.6222556571147599e+01,
       5.3262202750783072e-01, 4.4570965763018414e+01,
       9.4429993470051006e+00, -9.3919385043185830e+00,
       3.4398748941482182e+00, 2.0155855590051356e+01,
       4.9518711240383171e+00, 9.5540005415399698e-01,
       8.2680338955934502e+01, 1.7605517120512427e+01,
       -2.2638847324289607e+01, -3.2501702086545663e+01,
       -2.5592076584886133e+01, -2.0129170408972321e+01,
       1.1539152327270539e+00, 5.1403408594155195e+01,
       -4.5546054105628336e+01, -1.7382039031102256e+01,
       3.3383291109175516e+01, -8.4605562558551313e+00,
       5.8968699076426381e+00, 5.5699809640483589e-01,
       -1.4054862161842553e+02, -1.2972247172951187e+01,
       3.3494466686886028e+01, 1.4876150373882819e+01,
       3.7513245709494658e-02, 1.2598425821683527e+01,
       -3.0558884230893696e-01, -1.9601913467468040e+02,
       9.7255481970973250e+01, 3.9739828539465989e+01,
       -5.3968623097890728e+01, -2.4594086142465990e+01,
       1.6468045678483499e+01, -3.4611515932585397e+00,
       7.1914835786416518e+01, -2.1828927912467641e+01,
       -4.6168341763381786e+00, 1.1662590090408244e+01,
       1.0276550023991333e+00, 6.7000526855545521e+00,
       -4.8082420912837360e+00, -5.9443058626714013e+01,
       -8.2300671097941574e+01, 1.5324288213521500e+01,
       5.0817242879224779e+01, 7.5016657922792032e+00,
       -3.8932009641721672e+00, 2.0390659062522385e+00,
       6.0879944955205652e+00, 1.2437284317068813e+02,
       2.5731338776448660e+00, -6.9762359980537028e+01,
       1.7624182444699322e+01, 6.2105057115695876e+00,
       -1.0991429209949561e+00, -1.8652919217775624e+02,
       -2.6220792085511704e+01, 4.4251150369388796e+01,
       1.9756059788759337e+01, -7.0702256545223943e+00,
       3.7781622435795192e+00, 1.7301556224577055e-01,
       1.4989773055861403e+02, 3.4090513962979962e+01,
       -4.2253324023703357e+01, -1.5670458218033051e+01,
       -1.2611879188117978e+01, -2.8651586797357403e-01,
       2.6630095079589533e+00 ]
covs: !!opencv-matrix
   rows: 119
   cols: 7
   dt: d
   data: [ 5.7427510799743250e+03, 7.3764905325391760e+02,
       3.0572771362770791e+03, -2.9603342412828255e+02,
       1.4785426417265151e+02, 1.7987828590294984e+02,
       -1.6746923677974781e+01, 7.3764905325391749e+02,
       7.0554899045706734e+03, -3.2681759100309932e+02,
       1.5584310866841558e+03, 5.0606149587277628e+01,
       -1.3322829375705979e+02, 1.0847359866753254e+02,
       3.0572771362770791e+03, -3.2681759100309927e+02,
       2.6056385618364625e+03, 8.2780272488457570e+01,
       -1.7209243020152601e+02, -3.4577957505073059e+01,
       -1.8772113010920116e+01, -2.9603342412828249e+02,
       1.5584310866841556e+03, 8.2780272488457584e+01,
       1.8961569729643786e+03, -1.3471379587222734e+02,
       3.0848279241783459e+01, -9.2854613463615323e+01,
       1.4785426417265154e+02, 5.0606149587277613e+01,
       -1.7209243020152599e+02, -1.3471379587222737e+02,
       1.3886244506887857e+02, 4.5407205895061217e+01,
       -1.5097131276155928e+01, 1.7987828590294990e+02,
       -1.3322829375705979e+02, -3.4577957505073066e+01,
       3.0848279241783469e+01, 4.5407205895061217e+01,
       1.5802266839558447e+02, 9.6614293138986174e+00,
       -1.6746923677974781e+01, 1.0847359866753254e+02,
       -1.8772113010920123e+01, -9.2854613463615323e+01,
       -1.5097131276155928e+01, 9.6614293138986156e+00,
       3.9961900155662335e+01, 4.8537024413230120e+03,
       4.0655294041822185e+02, 3.1983509086665440e+03,
       1.6773596922670674e+02, -1.0424132792282593e+02,
       5.4878251235624283e+01, 2.0484439563052568e+01,
       4.0655294041822174e+02, 6.3379248008745926e+03,
       -1.0803057001403790e+01, 2.2351760820471845e+03,
       -8.2617720404706631e+01, -7.3320811811736615e+00,
       9.7868873198003129e+01, 3.1983509086665445e+03,
       -1.0803057001403781e+01, 2.5094410173501078e+03,
       6.7696544239057388e-01, -7.1914042883819889e+01,
       1.2439681555923270e+01, -1.1100566481378589e+01,
       1.6773596922670671e+02, 2.2351760820471845e+03,
       6.7696544239057554e-01, 1.1963652630405838e+03,
       -4.1665384526031104e+01, -1.1236317460346520e+02,
       -3.8727610373021903e+01, -1.0424132792282592e+02,
       -8.2617720404706617e+01, -7.1914042883819860e+01,
       -4.1665384526031097e+01, 2.8832087689184384e+01,
       -7.8227869995844665e+00, 5.7424827410312025e+00,
       5.4878251235624290e+01, -7.3320811811736570e+00,
       1.2439681555923267e+01, -1.1236317460346524e+02,
       -7.8227869995844665e+00, 4.1662790893129582e+01,
       2.1900850567254047e+01, 2.0484439563052565e+01,
       9.7868873198003115e+01, -1.1100566481378589e+01,
       -3.8727610373021896e+01, 5.7424827410312025e+00,
       2.1900850567254047e+01, 2.0732939150732946e+01,
       4.7691782086299872e+03, 2.5862727061709188e+02,
       2.8502500982336028e+03, -1.2519222842391382e+02,
       -1.5400651355609406e+02, -1.0227608981003166e+02,
       -6.5933654567203789e+01, 2.5862727061709199e+02,
       6.5102538877748329e+03, -2.0393619348990219e+02,
       1.7551737137329333e+03, -9.8545813497259118e+01,
       -7.5067729430464667e+01, 2.4599311571368158e+01,
       2.8502500982336032e+03, -2.0393619348990208e+02,
       2.5550827520922794e+03, 1.2060654595773821e+02,
       -8.1609370595332933e+01, 5.7760443012162924e+01,
       3.1846928932056631e+01, -1.2519222842391383e+02,
       1.7551737137329326e+03, 1.2060654595773825e+02,
       1.5842362732362551e+03, -1.0390406288332862e+01,
       -8.9672414646244647e+01, -7.5635182148288207e+00,
       -1.5400651355609406e+02, -9.8545813497259118e+01,
       -8.1609370595332933e+01, -1.0390406288332860e+01,
       2.4318167949280642e+01, 1.4378802557583482e+01,
       -4.9591414130623326e+00, -1.0227608981003166e+02,
       -7.5067729430464695e+01, 5.7760443012162924e+01,
       -8.9672414646244675e+01, 1.4378802557583477e+01,
       5.1707388079506998e+01, 1.3321926829328190e+01,
       -6.5933654567203789e+01, 2.4599311571368162e+01,
       3.1846928932056635e+01, -7.5635182148288198e+00,
       -4.9591414130623326e+00, 1.3321926829328190e+01,
       2.2151843061370968e+01, 6.7946498103494905e+03,
       9.4852352009299334e+00, 2.9396482660228658e+03,
       1.6927275980500136e+02, 3.0988007511704160e+02,
       -4.4128701099846796e+02, 1.5066685824233747e+02,
       9.4852352009299121e+00, 6.5138796329687157e+03,
       -1.3265896103000915e+02, 2.1288716485403620e+03,
       -1.6269935413416189e+02, 1.2826942773594186e+02,
       -1.7018773611980546e+01, 2.9396482660228658e+03,
