%YAML:1.0
means: !!opencv-matrix
   rows: 35
   cols: 2
   dt: d
   data: [ 6.2263623569173618e+01, -3.7933577718221265e+01,
       -2.7203035129088033e+02, 1.5470617008723866e+00,
       1.6050276623307215e+02, 1.1046506375486882e+02,
       -8.6580190813827926e+01, 1.0936876844789931e+02,
       3.8102201162280053e+01, 1.0886889057067332e+02,
       -6.0488345909563847e+01, 2.3825644608983225e+00,
       -6.3331665031911008e+01, -1.8442316153977396e+02,
       1.3192036171691538e+02, -6.2657665754732378e+01,
       -1.7953223622566438e+02, -7.8989501746934138e+01,
       9.5911068798833554e+01, 8.6425113360527575e+01,
       -2.1603974084072962e+02, 7.5165001079641641e+01,
       -1.5074437489155303e+01, -6.1178255836187226e+01,
       1.1339239518985642e+02, 1.0504267766947029e+01,
       2.0768914606667079e+02, -8.5753127309889535e+01,
       5.3650332412542788e+01, 3.2609596300947359e+01,
       -1.2144849847959088e+02, 4.6572762671280870e+01,
       1.6201834373603097e+02, 4.7000329560160921e+01,
       -8.7220677814464736e+01, -1.1079925140201419e+02,
       -1.8150269963314648e+02, -1.6222361309174448e+02,
       7.0581219451559704e+01, -1.0235973388611146e+02,
       1.9073541763184627e+02, -1.7249824257778425e+01,
       -2.7040502745411044e+02, 1.3519825606594125e+02,
       7.2324572541944121e+01, 1.6590530976375297e+02,
       -9.8909153648494053e-01, -5.5687040651476831e-02,
       -1.7082521645375553e+02, 1.4004230247512726e+02,
       -4.4592159772921804e+01, 2.0618071547159519e+02,
       2.2627038078709816e+02, 7.2154202709108347e+01,
       -1.1345388503093626e+02, -3.7812463104122841e+01,
       -2.1978482036461973e+01, 1.3286119924107641e+02,
       -2.6029511668081790e+02, -9.2847953625739137e+01,
       1.3721878851849422e+02, -1.3318765780795744e+02,
       5.2236424917423072e+01, -1.8049785198812171e+02,
       -1.2139808656561197e+01, 6.4119298200349832e+01,
       -1.8761952293311944e+02, 3.0288086826613765e+00,
       -1.0967788030237613e+00, -1.2042487518394235e+02 ]
covs: !!opencv-matrix
   rows: 70
   cols: 2
   dt: d
   data: [ 1.0837453894491593e+03, 2.6917451590398194e+01,
       2.6917451590398183e+01, 1.0557786343881812e+03,
       1.7727041295604533e+03, -4.1502013664590805e+02,
       -4.1502013664590805e+02, 2.0050449911690121e+03,
       1.2990723390265866e+03, -1.3399696484269123e+02,
       -1.3399696484269128e+02, 1.0926990113279878e+03,
       1.0322906393151034e+03, -3.7465669710474572e+02,
       -3.7465669710474577e+02, 2.3959923009774966e+03,
       1.1016197924308556e+03, 2.2384510425205391e+02,
       2.2384510425205391e+02, 1.2734168576339450e+03,
       9.2755515308776182e+02, -1.1550076302222067e+02,
       -1.1550076302222068e+02, 1.1902751081050535e+03,
       2.7745163412972502e+03, 5.1618805433452781e+02,
       5.1618805433452781e+02, 2.0151206114490446e+03,
       1.4283316512053120e+03, -1.0677844776908245e+02,
       -1.0677844776908245e+02, 1.2783493072275678e+03,
       1.8879223115618170e+03, -1.2514423531453846e+02,
       -1.2514423531453846e+02, 1.8133930681363793e+03,
       7.3775207018971662e+02, -2.5484312643841164e+01,
       -2.5484312643841164e+01, 1.8366614025293254e+03,
       1.7620394283324138e+03, -2.0930926942467758e+02,
       -2.0930926942467758e+02, 1.2707883823905188e+03,
       1.4813885201842763e+03, -1.0244373615853000e+02,
       -1.0244373615852997e+02, 8.6020228159874091e+02,
       9.4635931003230257e+02, -1.3179695027509004e+02,
       -1.3179695027508998e+02, 1.1482982653811764e+03,
       1.8316414164533219e+03, -2.8743816664646602e+02,
       -2.8743816664646596e+02, 1.4302276168581450e+03,
       7.0542266119246528e+02, 5.9285714002681765e+01,
       5.9285714002681765e+01, 1.3417497676159455e+03,
       1.3685574657851550e+03, -1.4638222953842995e+02,
       -1.4638222953842990e+02, 1.6693288635546908e+03,
       9.0210476362685688e+02, -1.8105509636822461e+02,
       -1.8105509636822461e+02, 1.3107619553043353e+03,
       1.7174267686057372e+03, 2.2248557773155608e+02,
       2.2248557773155613e+02, 1.4990671777458829e+03,
       3.0350402144795844e+03, 7.1286556658370614e+02,
       7.1286556658370614e+02, 2.4134070845455503e+03,
       1.4684038500378995e+03, -2.6338944585113712e+01,
       -2.6338944585113730e+01, 1.3267865188881344e+03,
       2.4542124841835989e+03, 1.7811476274005778e+02,
       1.7811476274005773e+02, 1.2015095756029309e+03,
       2.1078129982692199e+03, 4.0447949635610718e+02,
       4.0447949635610723e+02, 3.7577028150583378e+03,
       4.3497295473987724e+03, -3.0107595509645500e+02,
       -3.0107595509645500e+02, 3.5937709650723741e+03,
       7.4693783080194999e+02, 2.9256570629306108e+01,
       2.9256570629306090e+01, 9.6924090360022410e+02,
       2.1020478629554996e+03, -4.4764118860802364e+02,
       -4.4764118860802375e+02, 1.6578847841540094e+03,
       5.3233058329504192e+03, -2.6794550312594663e+02,
       -2.6794550312594663e+02, 2.8717337684260774e+03,
       1.5204114425218256e+03, 2.8565153214927250e+02,
       2.8565153214927250e+02, 1.9698381837449610e+03,
       1.3351753325587902e+03, -9.4960809746597704e+01,
       -9.4960809746597704e+01, 1.3502177120517822e+03,
       1.2305637120795482e+03, -2.4252164951907596e+02,
       -2.4252164951907596e+02, 1.1607112829732343e+03,
       2.8150115276898873e+03, -2.8405926167498376e+02,
       -2.8405926167498376e+02, 2.2491934505965755e+03,
       2.2539538079803233e+03, -3.6905706589994764e+02,
       -3.6905706589994764e+02, 1.8226421059338186e+03,
       2.9432145569420536e+03, 2.3852680731626211e+01,
       2.3852680731626215e+01, 2.1929517615424870e+03,
       1.1597143927764419e+03, -9.1552699038873513e+01,
       -9.1552699038873484e+01, 1.0444459953663697e+03,
       1.5507565754374170e+03, 2.5560345038306505e+02,
       2.5560345038306500e+02, 1.4365834396732016e+03,
       1.5605330033096370e+03, 1.9536486173459394e+02,
       1.9536486173459394e+02, 1.3655290014148152e+03 ]
weights: !!opencv-matrix
   rows: 1
   cols: 35
   dt: d
   data: [ 5.5193561007067994e-02, 1.8194272914646085e-02,
       2.8068077024175447e-02, 2.7080739247540005e-02,
       3.4022786697284368e-02, 3.2947472198272203e-02,
       2.1423622933193751e-02, 4.3900415703899909e-02,
       2.4568507440760175e-02, 4.4561441325596376e-02,
       2.0469275822582230e-02, 4.2271845786433462e-02,
       3.9567035230215993e-02, 1.6597859526797858e-02,
       4.4476278075111599e-02, 3.5684971674616470e-02,
       3.1716197187326364e-02, 3.2530624549918043e-02,
       1.5543664982093589e-02, 3.3278377499666181e-02,
       2.5605533091086801e-02, 1.5706049172196722e-02,
       1.8506399145297954e-02, 3.9733992701890673e-02,
       2.0699133988434648e-02, 1.1232741623383896e-02,
       2.0194727517827644e-02, 3.6783379121650472e-02,
       2.1468952820103571e-02, 1.3724541836147120e-02,
       2.2701223535427542e-02, 1.9522384070196155e-02,
       3.6772851725653213e-02, 2.6184123355903529e-02,
       2.9066939467572578e-02 ]
pca_proj: !!opencv-matrix
   rows: 2
   cols: 21
   dt: f
   data: [ 4.36961316e-02, 8.50134730e-01, 1.73015636e-04,
       6.54514134e-02, 4.60692108e-01, 2.29939164e-04, 7.67599978e-03,
       1.46649793e-01, -1.37564148e-05, 1.21663406e-03, 1.30500361e-01,
       -5.45994153e-05, 8.06188770e-03, 1.42052382e-01, -2.12945142e-05,
       -2.45414903e-05, 9.56867734e-06, -1.94090262e-06, 3.13729906e-05,
       4.34020360e-04, 2.32224409e-07, 7.68702388e-01, -5.10314330e-02,
       1.14127281e-04, 4.21110362e-01, -3.83849256e-02, 4.02935693e-05,
       2.81941950e-01, -1.35209868e-02, 1.95932400e-04, 2.66951323e-01,
       -4.70317341e-03, 2.29704310e-04, 2.76557714e-01, -1.55316098e-02,
       2.11025646e-04, -3.74769334e-05, 5.54774260e-06, -7.89335627e-06,
       8.86836962e-04, -5.85095040e-05, 1.91629806e-04 ]
