%YAML:1.0
means: !!opencv-matrix
   rows: 2
   cols: 19
   dt: d
   data: [ 6.3353210951899435e+00, -6.7386926022491602e+00,
       -1.0975055139935614e+00, 3.5882609977032378e+00,
       -1.3490365980772470e-01, -1.2834727691696732e+00,
       7.8303207772876648e-01, 3.7799484293250601e-01,
       3.6849575613566682e-01, -3.9054867401816448e-02,
       1.8666649748505400e-02, 4.6144431703163550e-03,
       3.3990456011167660e-03, 3.6372538075505543e-04,
       1.4132294057440278e-03, -5.1609578950608513e-04,
       5.1561887668741398e-04, 5.4234360313830117e-04,
       -2.3134891555350831e-06, -3.4705972291282897e+01,
       3.6923338002381072e+01, 6.0038472631150714e+00,
       -1.9655462435398618e+01, 7.4528250862613432e-01,
       7.0211668400730201e+00, -4.2864187443316899e+00,
       -2.0790984716656613e+00, -2.0132256630845755e+00,
       2.1683363241695008e-01, -1.0233495593200925e-01,
       -2.5248722624568117e-02, -1.8575176209184703e-02,
       -1.9211467318163559e-03, -7.6600644686615656e-03,
       2.9199595199195802e-03, -2.8587794161819302e-03,
       -3.0254643462146861e-03, -7.1023814016565398e-07 ]
covs: !!opencv-matrix
   rows: 38
   cols: 19
   dt: d
   data: [ 1.6257052888595921e+04, 6.1260947102704176e+02,
       1.0321148567945190e+02, -2.3146534057163774e+02,
       -4.4909588773687247e+01, 7.2229371550750997e+01,
       -3.4946351808549899e+01, -7.4032329103170618e+00,
       5.4817697076552134e+00, 6.0040285076984237e+00,
       -2.1260336953244593e-01, 1.5334308852094266e-02,
       -2.6573090193824211e-02, 1.3936461272884601e-01,
       2.1476498658167734e-01, 9.9162723176917614e-02,
       1.1559061917820203e-01, -1.9495705968105778e-02,
       1.4367676721764602e-01, 6.1260947102704165e+02,
       9.1377196283419853e+03, -1.1316553483356016e+02,
       2.2773336413754276e+02, 2.2161822965980651e+01,
       -1.2864202592987564e+02, 2.9199278578883767e+01,
       -3.7727805350102233e+00, 1.4242644436920158e+00,
       2.1613785943982049e+00, 8.0132098869157853e-01,
       3.6874892399621156e-01, 1.0479649849860394e-01,
       1.9490706926543899e-01, 2.0397339060643394e-01,
       -5.5512345436268908e-02, 1.3262956183999700e-02,
       5.9905685581824575e-02, 1.6689429263149456e-02,
       1.0321148567945212e+02, -1.1316553483356003e+02,
       3.2243116028412010e+03, 2.5101897025304620e+01,
       -4.6177976668829022e+00, -1.0093562004650146e+01,
       1.2719950855569499e+01, 6.6796254759919833e+00,
       1.5579139339480061e+00, 1.3846840659554953e+00,
       -1.9098147996807130e-01, -1.2831390838082721e-01,
       3.3231887842069180e-02, -1.1977407535276786e-04,
       -2.9180279763281150e-02, -6.8315557566396831e-02,
       -2.6527124146907069e-02, 2.3443196965618369e-02,
       -4.5796274562287086e-03, -2.3146534057163765e+02,
       2.2773336413754268e+02, 2.5101897025304581e+01,
       2.4954493793296310e+03, -6.3143004837595260e+00,
       7.2530456584026396e+01, -1.1790565625927897e+01,
       2.3668868294994261e+00, 1.1204917525208620e+00,
       -2.7090807125009873e+00, -5.0802482571936780e-01,
       -2.0305093559066287e-01, -2.5374720160267220e-02,
       -8.4499738720137135e-02, -1.1188156893839409e-01,
       8.4766184780891915e-02, -2.9591342254473504e-02,
       -3.7709536391211077e-03, 2.2002493124738437e-03,
       -4.4909588773687268e+01, 2.2161822965980662e+01,
       -4.6177976668828977e+00, -6.3143004837595385e+00,
       4.0924542272532824e+02, 1.6482035639529208e+01,
       1.4120932095261614e+00, 4.3705386317466468e+00,
       2.6753185598649045e+00, 7.4056954364907279e-01,
       6.4771502743139631e-03, -2.5874349829139106e-02,
       2.0927769705702516e-02, 1.7856294745559931e-02,
       3.2656194373595876e-02, -1.0938870590487882e-02,
       2.0655446544925941e-03, 7.0171791812493273e-03,
       5.9608995360545597e-03, 7.2229371550750997e+01,
       -1.2864202592987567e+02, -1.0093562004650142e+01,
       7.2530456584026396e+01, 1.6482035639529208e+01,
       2.2007864580269390e+02, 5.7867431926746731e+00,
       5.6310354231745730e-01, -3.9995853688191274e-01,
       -7.8386507830411256e-01, 4.3552417070021769e-02,
       1.1865139566608168e-01, 6.1304507629026950e-03,
       1.1041089208889812e-02, 1.0214003628589872e-02,
       -1.2357051395518936e-02, -9.8056424603090477e-03,
       -3.7363453998144731e-03, 1.0909058534802689e-02,
       -3.4946351808549871e+01, 2.9199278578883774e+01,
       1.2719950855569504e+01, -1.1790565625927895e+01,
       1.4120932095261614e+00, 5.7867431926746731e+00,
       2.3178713305585433e+01, -2.3731646931271180e+00,
       -2.7488180787792498e+00, 3.7508987919207842e-01,
       -6.7781628885748429e-03, 4.2273395816703509e-02,
       -3.1698772144227859e-02, 8.9288536856288597e-03,
       -1.4540100013660203e-02, 1.2723355798863773e-03,
       3.1604082898694479e-03, -7.0756852146584435e-04,
       -3.1387012721830337e-03, -7.4032329103170680e+00,
       -3.7727805350102224e+00, 6.6796254759919886e+00,
       2.3668868294994270e+00, 4.3705386317466468e+00,
       5.6310354231745763e-01, -2.3731646931271180e+00,
       1.4738015608759000e+01, -2.0296637259877857e+00,
       6.5986660345760328e-01, -8.8419512025846275e-02,
       -2.2535300970067260e-02, -8.7831195166907083e-03,
       6.6133825084142830e-03, 3.3418743638425116e-03,
       5.9768302333370535e-03, 2.5681341633036472e-03,
       1.0724115410805986e-03, 9.1089288229817176e-04,
       5.4817697076552152e+00, 1.4242644436920158e+00,
       1.5579139339480061e+00, 1.1204917525208624e+00,
       2.6753185598649041e+00, -3.9995853688191307e-01,
       -2.7488180787792498e+00, -2.0296637259877857e+00,
       1.5501157279712059e+00, -1.2725736393224676e-01,
       -4.1123776258962443e-02, -1.9225637770289145e-04,
       -1.6954579916974247e-02, -4.7020827681025822e-03,
       -1.2578716505870122e-03, -2.1839950320989817e-03,
       -1.4471835075093402e-03, -5.9067162042197711e-04,
       -1.2997060856629952e-04, 6.0040285076984246e+00,
       2.1613785943982053e+00, 1.3846840659554955e+00,
       -2.7090807125009868e+00, 7.4056954364907279e-01,
       -7.8386507830411256e-01, 3.7508987919207842e-01,
       6.5986660345760328e-01, -1.2725736393224676e-01,
       3.6298192433996318e-01, 2.7145155216541715e-03,
       2.1411676834051465e-03, 4.5716866398410428e-04,
       -1.2117980400280967e-02, 1.3379848522305745e-03,
       3.8590570484007099e-04, -1.3788001358022342e-03,
       1.9366337086630750e-04, -1.0462621270542932e-04,
       -2.1260336953244593e-01, 8.0132098869157853e-01,
       -1.9098147996807133e-01, -5.0802482571936780e-01,
       6.4771502743139553e-03, 4.3552417070021790e-02,
       -6.7781628885748395e-03, -8.8419512025846275e-02,
       -4.1123776258962443e-02, 2.7145155216541719e-03,
       2.4049602581223888e-02, -3.0802601795221524e-03,
       -4.8806372247899233e-05, -4.1019127017714299e-04,
       4.1777760961765153e-04, 1.4761272472448977e-04,
       -5.2914570412370895e-04, -1.5264459420929601e-04,
       5.7431398129666055e-05, 1.5334308852094256e-02,
       3.6874892399621156e-01, -1.2831390838082726e-01,
       -2.0305093559066287e-01, -2.5874349829139096e-02,
       1.1865139566608168e-01, 4.2273395816703509e-02,
       -2.2535300970067260e-02, -1.9225637770289169e-04,
       2.1411676834051470e-03, -3.0802601795221524e-03,
       2.2840480498078118e-03, 2.7700061107087772e-04,
       -3.0579650563748132e-04, 3.4008401565963851e-04,
       -7.6211697494334211e-06, -1.5694901256462736e-05,
       1.4236869986933362e-05, 5.7947941890243540e-05,
       -2.6573090193824232e-02, 1.0479649849860395e-01,
       3.3231887842069166e-02, -2.5374720160267230e-02,
       2.0927769705702516e-02, 6.1304507629026967e-03,
       -3.1698772144227859e-02, -8.7831195166907065e-03,
       -1.6954579916974247e-02, 4.5716866398410412e-04,
       -4.8806372247899233e-05, 2.7700061107087767e-04,
       2.3300002289757026e-03, 2.0573186274297789e-05,
