%YAML:1.0
means: !!opencv-matrix
   rows: 20
   cols: 10
   dt: d
   data: [ 8.6055391320812703e+01, -4.4773021160732021e+01,
       -1.8250250729436562e+01, 3.7432821212373966e+01,
       -2.6742333984869301e+01, 2.3612903403915475e+01,
       1.2891267605884593e+00, 1.0991268644551979e+00,
       3.3867726447177221e-01, -9.7051197593510982e-02,
       -4.8651187205211926e+01, 9.6967151775136088e+01,
       1.4968411129272233e-01, -4.8573051835929952e+01,
       9.0274503757938316e+00, 3.5926033320545798e+00,
       1.7455816194074523e+00, -6.1525761583552063e-01,
       -1.9946857375287366e-01, 1.4160289557513845e-02,
       -1.5656828257854639e+02, 3.4481951036955052e+00,
       4.0793658075402163e+01, -1.1283715272182796e+01,
       -5.4903497031747472e-01, 3.2448737510152315e+00,
       7.8977128387147089e-01, 1.1995759088433893e+00,
       -8.3171843619104757e-01, -4.6558308717747104e-02,
       1.8849173520445368e+02, 1.4039808735378347e+01,
       -4.9943735857870251e+01, 1.2148182816670174e+01,
       -9.1895698080091321e+00, -6.2899750864228263e+00,
       1.3558316688304963e+00, -3.6200441288175234e-01,
       -8.7705826981331048e-01, -2.7626196076067444e-01,
       -1.6485989483673146e+02, -1.3288630652036693e+02,
       4.9867551117117962e+01, 4.5143785836657216e+01,
       -3.3294597080155761e+01, -9.9647852637805538e+00,
       -5.9681819265878815e+00, -1.2818746525279421e+00,
       8.1379959658695669e-02, 2.9661030985142561e-01,
       -1.2855223547177506e+00, -4.0317493413415960e+01,
       1.0384995774913383e+01, 1.2905903426427898e+01,
       3.9275599173365364e+01, 1.1305949191944188e-01,
       1.1303493065965600e+00, -9.4825981755205879e-01,
       -3.5909026564867808e-01, 1.7636806880540190e-01,
       1.5735507779492394e+02, 3.2955108141992184e+01,
       -4.0672683243105865e+01, 3.2513208300234955e+00,
       -1.7321069993676943e+01, -1.0235785823577865e+01,
       -1.6406287576132481e+00, 1.0187012125482693e+00,
       -9.7171343813830335e-01, -5.7686207430040236e-02,
       1.2636659653534774e+02, 2.2093678676051621e+01,
       -3.5017947914281635e+01, 4.4867960385389871e+00,
       -7.3419965093605661e+00, -6.0043305997275827e+00,
       -1.5047127104927669e+00, -3.3523399046530061e-01,
       -6.2490162303857721e-01, 1.7343097182981945e-01,
       -1.3458919199210266e+02, 1.1593565260067236e+02,
       1.2250527042641512e+01, -5.3489588980823953e+01,
       -1.7029048957914789e+01, -1.6190731977476298e+00,
       3.4911332669137135e-01, -3.9879413874704073e-01,
       -5.2566568493148313e-01, -3.0604450938571237e-01,
       6.0893830315198144e+01, -3.2397940961136996e+01,
       1.0057132489169073e+01, 1.1317031635403991e+01,
       1.6217212368396559e+01, 3.7213513771472049e+00,
       1.0503040735125424e+00, -4.8997327519967238e-01,
       -8.1857131985253878e-02, 7.5890077432086880e-02,
       -1.1039164805256062e+01, -4.0144257198968972e+01,
       3.4178013885765686e+00, 1.1973599592535511e+01,
       -1.0212168150653216e+01, -1.3399082791823131e+01,
       -1.3262789941021363e-01, -9.2729233795978128e-01,
       -1.4901528012261354e+00, 2.1658628115255854e-01,
       -1.9699800330400956e+02, -1.5020921304833719e+01,
       3.3053243993944534e+01, -1.7146075397059832e+01,
       -2.4197407645068498e+00, -8.5861607017158867e+00,
       -1.7857996557735956e+00, -4.0225909143455180e-01,
       3.9219229975065790e+00, 6.2541681515882463e-01,
       3.4393198728021531e+01, 1.3007600155165267e+02,
       -3.0059397590657870e+01, -5.2091972647883253e+01,
       -8.7595500108363282e+00, 2.0986986875360403e+00,
       2.3133428210160401e+00, 2.3780315564419610e-01,
       -2.5294048446370149e-01, -1.7016441597189830e-01,
       4.4988469838624816e+01, 8.4212399410900176e+01,
       -1.7061485428397290e+01, -3.7618935431144031e+01,
       7.8416544677489588e+00, -6.6434226975643567e+00,
       9.9525754188366766e-01, -4.4883360857188093e-01,
       -5.1139131102584201e-01, 1.2630435945796986e-01,
       9.8956616780557823e+01, -4.6337084810792170e+01,
       -2.2010691640406844e+01, 3.6773116487483023e+01,
       -2.7639134381778554e+01, 2.3618131003303045e+01,
       1.2235972625887472e+00, 1.3094814888275819e+00,
       5.1942971420734851e-01, 4.6434148781430346e-02,
       -1.9131569544879774e+00, -1.0812146433647666e+01,
       -2.4138553247444491e+01, 1.6379587215123056e+01,
       1.0448580714777586e+01, 9.0207634384866076e+00,
       6.5916500008222245e-01, -4.6068378403103505e-01,
       -7.3015854639069999e-01, -1.2983770407394485e-01,
       8.9246362395897023e+01, 6.1598466895998767e+00,
       -2.5361876603701738e+01, -1.7136916572104916e+01,
       -5.2245476720043724e+00, -2.1701261572982702e+01,
       -8.7942778451246433e+00, 4.0085823638761227e+00,
       6.9696040783601365e+00, -6.4549679714456576e-01,
       -1.7076443783579084e+01, 2.6716049599122503e+01,
       8.3371221293770095e+00, -1.8153408721161782e+01,
       7.5443856262201381e+00, -3.8042082422194041e+00,
       -5.0929245025813881e+00, 5.1704696233309522e-01,
       5.7634733950987860e+00, 7.4056476077591893e-01,
       -1.6017016337396049e+02, -5.9357965211160980e+01,
       4.4864341037197384e+01, 2.4221388282312397e+01,
       -1.9012552125158180e+01, 1.1518062763098705e+01,
       1.6419321180721019e-01, 1.1480713217237615e+00,
       -6.2754677342439458e-01, -6.9428215984351338e-02,
       3.4529110440077613e+00, -1.9555685461391278e+02,
       1.5355195056319959e+01, 6.7862145985968127e+01,
       1.1267996208689588e+01, -2.1614798083972289e+01,
       -1.8486779910291282e+00, -1.0848019932963120e+00,
       2.8663009940680462e-01, -1.3269271707323043e+00 ]
