%YAML:1.0
means: !!opencv-matrix
   rows: 4
   cols: 11
   dt: d
   data: [ 6.3547963546497215e+01, -4.6741829803217211e-01,
       -1.1748004981412372e+01, 6.5652903869161419e+00,
       6.0574290688881112e+00, 3.1568980476366044e+00,
       8.1752356041978247e-01, -1.2924337408597414e-01,
       -3.3849403571271541e-01, 2.2491916596518495e-02,
       2.9764646890696047e-02, -1.7090968199370457e+02,
       -3.4076866863204778e+01, 4.1518181262672776e+01,
       2.2897178428228662e+00, -1.2103293758579214e+01,
       -2.2332832502393991e+00, -1.0275251804133922e+00,
       5.0469833212910364e-01, -3.4175876427179996e-01,
       1.0137289475094360e-01, -3.4915876958292479e-02,
       2.2087619711601700e+01, -4.6584919120875988e+01,
       -6.6015021258559905e+00, 1.3165765704196319e+01,
       -1.1419486189649928e+00, -1.2422562446487261e+01,
       -3.3380961223521624e+00, 2.9932455650623929e-01,
       2.2448938461842101e+00, -1.0723872440471134e-01,
       -1.2802036650188828e-01, -6.4513490637838018e+01,
       1.2003617254746069e+02, -3.0041735817266462e+00,
       -5.5781341257214784e+01, -9.8268208943761142e+00,
       1.6810785890297717e+00, 1.3966805038850028e+00,
       -5.6516017816409148e-01, -2.1801404721794745e-01,
       -1.5949806160816926e-01, 5.2663779045727874e-02 ]
covs: !!opencv-matrix
   rows: 44
   cols: 11
   dt: d
   data: [ 1.0159672486869364e+04, -1.2869747535349686e+02,
       1.3191906666061250e+03, -3.8675390528345213e+02,
       -1.1249397401489898e+03, -2.8076360140176331e+02,
       -9.1132290903157894e+01, 1.5989312029520077e+01,
       -2.9720888206697115e+01, 4.0426303620923526e-01,
       -1.2562191865939514e+00, -1.2869747535349697e+02,
       9.6471511663385299e+03, 1.8747140582841644e+02,
       9.5889013244485102e+02, -1.7819685473512592e+02,
       -4.1725247469797796e+02, -5.1220705884132371e+01,
       -1.5865212313494702e+01, -1.3656979774214731e+01,
       -9.9216603739607638e+00, -1.0656897640719574e+00,
       1.3191906666061252e+03, 1.8747140582841644e+02,
       3.0503229692814648e+03, -3.0615279972980794e+01,
       2.7102591603074069e+02, 7.9520849909293375e+01,
       2.7977613180975087e+01, -4.8294323878845136e+00,
       5.2603385023925879e+00, 1.9007729876429167e+00,
       1.5672260464720780e-02, -3.8675390528345218e+02,
       9.5889013244485113e+02, -3.0615279972980797e+01,
       2.4979935198309795e+03, -3.7731987692635911e+01,
       9.9254084990355210e+01, 6.8648932949662633e+00,
       8.0423608848848431e+00, 7.7255580967563819e+00,
       -1.0420804429969208e-01, 5.3771324024214850e-01,
       -1.1249397401489898e+03, -1.7819685473512592e+02,
       2.7102591603074069e+02, -3.7731987692635911e+01,
       5.0175463778574920e+02, -6.4467641766536147e+01,
       -9.6382120709559445e+00, -8.5714534904937700e+00,
       -5.3494732692749292e+00, 8.9765561371966629e-01,
       6.7135500946797530e-02, -2.8076360140176325e+02,
       -4.1725247469797796e+02, 7.9520849909293347e+01,
       9.9254084990355182e+01, -6.4467641766536147e+01,
       2.3865334299765021e+02, -7.8750553923079059e+00,
       1.0422597249163570e+00, 4.7210958745376068e+00,
       -2.0594099155809209e+00, -2.0261554792283820e-01,
       -9.1132290903157880e+01, -5.1220705884132386e+01,
       2.7977613180975101e+01, 6.8648932949662660e+00,
       -9.6382120709559391e+00, -7.8750553923079059e+00,
       2.3874409527768520e+01, 3.5301292366984321e-01,
       3.5348844056014159e+00, 1.2660827455033680e-01,
       -4.7742427607293740e-02, 1.5989312029520081e+01,
       -1.5865212313494705e+01, -4.8294323878845153e+00,
       8.0423608848848449e+00, -8.5714534904937700e+00,
       1.0422597249163565e+00, 3.5301292366984333e-01,
       1.4279060470991800e+01, -7.8489732958992198e-01,
       5.9242006347435017e-01, -1.4565715120860821e-02,
       -2.9720888206697119e+01, -1.3656979774214735e+01,
       5.2603385023925844e+00, 7.7255580967563819e+00,
       -5.3494732692749292e+00, 4.7210958745376068e+00,
       3.5348844056014159e+00, -7.8489732958992176e-01,
       1.2954510850119580e+00, 2.9321795257155836e-02,
       1.9839212807745848e-02, 4.0426303620923498e-01,
       -9.9216603739607638e+00, 1.9007729876429171e+00,
       -1.0420804429969223e-01, 8.9765561371966629e-01,
       -2.0594099155809209e+00, 1.2660827455033680e-01,
       5.9242006347435017e-01, 2.9321795257155819e-02,
       3.1187487091799782e-01, 2.2241695219438397e-02,
       -1.2562191865939509e+00, -1.0656897640719571e+00,
       1.5672260464720835e-02, 5.3771324024214850e-01,
       6.7135500946797516e-02, -2.0261554792283820e-01,
       -4.7742427607293726e-02, -1.4565715120860821e-02,
       1.9839212807745844e-02, 2.2241695219438397e-02,
       3.0687684979544987e-02, 6.5751274462902275e+03,
       -2.0717498175966222e+02, 2.9076103571847825e+03,
       -8.3343004638298919e+02, 1.6843187288960914e+02,
       1.4260530112764792e+02, 8.5810967024653536e+01,
       2.4701265948392326e+01, 1.3481483508498094e+01,
       3.5107041535148062e+00, -1.4549907935047133e+00,
       -2.0717498175966233e+02, 1.0122400943288974e+04,
       4.8766713085498253e+02, 8.9317917620245782e+02,
       7.4540985000385172e+02, 2.2278793543518626e+02,
       9.4927019089045231e+01, 3.9518302304903415e+01,
       1.3038818853788957e+01, -4.1698165448956609e-01,
       -3.4686872213954376e+00, 2.9076103571847825e+03,
       4.8766713085498253e+02, 2.4304127222309389e+03,
       7.1604927348362921e+01, -1.4612696364498916e+02,
       -2.2332906119620048e+01, -2.8098465769697668e+01,
       -6.7723568521589534e+00, -7.5446875045763298e+00,
       5.9021321058094489e-01, 5.9592440634674526e-01,
       -8.3343004638298919e+02, 8.9317917620245771e+02,
       7.1604927348362935e+01, 2.4284686968770752e+03,
       -3.1691265346919397e+02, -2.9093427682358208e+00,
       -2.5658823399890881e+01, -2.3041368566941308e+01,
       7.8997825136053901e-01, 2.6910967704015794e+00,
       1.4441097417208091e+00, 1.6843187288960914e+02,
       7.4540985000385172e+02, -1.4612696364498916e+02,
       -3.1691265346919397e+02, 2.6090394209876115e+02,
       6.5399717200635820e+01, 2.0240089739040929e+01,
       1.4357981888756596e+01, 8.1565126612824663e+00,
       3.7604490931058354e-01, -1.4216546332367639e+00,
       1.4260530112764789e+02, 2.2278793543518631e+02,
       -2.2332906119620038e+01, -2.9093427682358151e+00,
       6.5399717200635820e+01, 2.6740533654736913e+02,
       2.6037659191250501e-01, 8.9178627841356821e+00,
       7.0425448303989961e+00, -5.9700633782139634e-01,
       3.8717462448751189e-01, 8.5810967024653522e+01,
       9.4927019089045217e+01, -2.8098465769697675e+01,
       -2.5658823399890881e+01, 2.0240089739040929e+01,
       2.6037659191250523e-01, 3.0863141351111011e+01,
       3.9226784722028292e+00, 1.0075264821791603e+00,
       -3.7042296795083147e-02, -2.1385140760182521e-02,
       2.4701265948392326e+01, 3.9518302304903415e+01,
       -6.7723568521589579e+00, -2.3041368566941308e+01,
       1.4357981888756598e+01, 8.9178627841356839e+00,
       3.9226784722028292e+00, 1.4175340053096315e+01,
       -1.2842561522596638e+00, 3.1120528170257017e-01,
       -4.6437449918410457e-02, 1.3481483508498091e+01,
       1.3038818853788957e+01, -7.5446875045763298e+00,
       7.8997825136053845e-01, 8.1565126612824645e+00,
       7.0425448303989961e+00, 1.0075264821791603e+00,
       -1.2842561522596638e+00, 6.0015850635188066e+00,
       6.0270244562513997e-01, -5.0103732846717298e-02,
       3.5107041535148094e+00, -4.1698165448956648e-01,
       5.9021321058094500e-01, 2.6910967704015789e+00,
       3.7604490931058354e-01, -5.9700633782139645e-01,
       -3.7042296795083120e-02, 3.1120528170257011e-01,
       6.0270244562513997e-01, 6.7779705787593336e-01,
       -3.8766625279505515e-02, -1.4549907935047128e+00,
       -3.4686872213954376e+00, 5.9592440634674515e-01,
       1.4441097417208095e+00, -1.4216546332367639e+00,
