%YAML:1.0
means: !!opencv-matrix
   rows: 12
   cols: 3
   dt: d
   data: [ -4.6659276705238014e+01, -8.9790572791359082e+01,
       2.7848494800986856e+01, 8.8022169353551078e+01,
       1.2830143211049028e+02, 1.0090954738871172e+01,
       1.5335958751348835e+00, -7.1314928117213853e+01,
       7.6659965200020661e+00, -2.3712417730988875e+02,
       -5.6706762415862038e+01, 1.5368978036788235e+01,
       -1.0993762796472076e+02, -4.7621429566494257e+01,
       8.7739529943660543e+01, 1.8929834658096286e+02,
       4.4399409831828741e+01, 3.9362050455551454e+01,
       1.4681018982547812e+02, -8.3138865811815947e+01,
       2.3495778974946987e+01, -3.7308225693250556e+01,
       3.5380359376136838e+01, -5.8112296988690524e+01,
       6.1786411367151771e+01, 3.2056721228372808e+01,
       2.6135041327456307e+01, -6.7555206816263961e+01,
       1.4084555543685062e+02, 7.9130062854342649e+00,
       8.1097192906621771e+01, -5.5272492035109394e+01,
       -5.7202253347646355e+01, -1.9564045152003996e+02,
       2.9020699586283563e+01, -1.1890985722921641e+01 ]
covs: !!opencv-matrix
   rows: 36
   cols: 3
   dt: d
   data: [ 6.4419389674499325e+03, -5.2191239160713703e+03,
       1.7758050466735529e+03, -5.2191239160713703e+03,
       1.6807195055849887e+04, 2.3433305750616769e+03,
       1.7758050466735529e+03, 2.3433305750616769e+03,
       2.0988822172259220e+03, 5.0038487852509897e+03,
       -1.5170047685623517e+03, -9.4402971539306259e+02,
       -1.5170047685623517e+03, 5.0480783425754607e+03,
       8.4350096147355464e+02, -9.4402971539306259e+02,
       8.4350096147355464e+02, 1.7920159752672246e+03,
       3.9717631832972193e+03, -3.1657071929771286e+02,
       2.3491730520836854e+03, -3.1657071929771286e+02,
       7.9027144576529499e+03, 8.6422643090214649e+02,
       2.3491730520836854e+03, 8.6422643090214649e+02,
       1.9807904771420049e+03, 3.4134116153483224e+03,
       -1.1034771887788122e+03, 1.3346754358660091e+03,
       -1.1034771887788122e+03, 9.7096095326707855e+03,
       8.1157553975655151e+02, 1.3346754358660091e+03,
       8.1157553975655185e+02, 1.1796243273269213e+03,
       2.2971832252675695e+03, -5.7838888198892812e+02,
       4.2309259761806180e+02, -5.7838888198892789e+02,
       9.4278656979923489e+03, 5.8891113446104612e+02,
       4.2309259761806186e+02, 5.8891113446104623e+02,
       7.5753278161643709e+02, 5.3517157679300699e+03,
       -1.5527089079940815e+03, -1.1937002850283209e+03,
       -1.5527089079940815e+03, 8.8299031666579012e+03,
       5.8183349210397296e+02, -1.1937002850283213e+03,
       5.8183349210397296e+02, 6.8075162834658192e+02,
       4.2814633456610391e+03, 5.0120538444720017e+02,
       -1.2985581064484597e+03, 5.0120538444720034e+02,
       4.5876080375584716e+03, -4.7118286976186477e+02,
       -1.2985581064484597e+03, -4.7118286976186471e+02,
       1.4085830215486681e+03, 5.7520345640122732e+03,
       3.2604917569961930e+02, -6.9343318123948791e+02,
       3.2604917569961924e+02, 8.8901283891133135e+03,
       -1.4845207164394839e+02, -6.9343318123948791e+02,
       -1.4845207164394839e+02, 1.0941123820955102e+03,
       6.6826264565173606e+03, -4.6218689188619516e+02,
       -8.7942304918349885e+02, -4.6218689188619499e+02,
       2.7582598482503031e+03, 1.1327234204708535e+02,
       -8.7942304918349885e+02, 1.1327234204708539e+02,
       1.9016080028424510e+03, 4.6971541297013091e+03,
       5.3504387297613484e+01, 1.5797555993877751e+02,
       5.3504387297613540e+01, 4.8781413824580568e+03,
       -6.5324382289306641e+02, 1.5797555993877759e+02,
       -6.5324382289306641e+02, 2.7462164021377334e+03,
       3.8818923175170235e+03, 1.9430060022940572e+02,
       5.0393379541486161e+02, 1.9430060022940572e+02,
       5.3260030108642577e+03, 6.1948629757085648e+01,
       5.0393379541486178e+02, 6.1948629757085648e+01,
       1.7345339204749680e+03, 2.8539592355570544e+03,
       -5.7961545367243275e+02, 6.1306160134796448e+02,
       -5.7961545367243264e+02, 1.1000292818184518e+04,
       -6.1740849055820490e+02, 6.1306160134796448e+02,
       -6.1740849055820490e+02, 1.0783377804157544e+03 ]
weights: !!opencv-matrix
   rows: 1
   cols: 12
   dt: d
   data: [ 5.6991411838690595e-02, 7.4864579658672131e-02,
       8.8387640926731681e-02, 6.7817739338143238e-02,
       6.5704816479427927e-02, 6.3993721867339023e-02,
       7.3745670327294205e-02, 1.7073199356630753e-01,
       1.1126605993402554e-01, 5.3785766780152941e-02,
       1.2002236450397101e-01, 5.2688234779227149e-02 ]
pca_proj: !!opencv-matrix
   rows: 3
   cols: 21
   dt: f
   data: [ 1.02604255e-02, 8.46533298e-01, 5.67100069e-05,
       -5.08859605e-02, 4.68450844e-01, 1.89823491e-04, -5.55210514e-03,
       1.46431834e-01, -1.98076777e-05, -7.31809530e-03, 1.34976640e-01,
       -4.80776835e-05, -6.69380091e-03, 1.46460637e-01, -1.57161594e-05,
       2.11501210e-05, 1.32904761e-05, -3.16381829e-07, -1.62182951e-05,
       4.47223283e-04, 4.04881848e-06, 8.19958210e-01, 1.87153444e-02,
       -7.93817599e-05, 4.28530097e-01, 8.29724409e-03, 8.75842488e-06,
       2.28233948e-01, -2.37727305e-03, -1.84168690e-04, 2.08515689e-01,
       -1.20344283e-02, -2.14158339e-04, 2.18838796e-01, -7.27251405e-04,
       -1.84816250e-04, -3.05604735e-05, -5.04301033e-06,
       -1.27042276e-05, 6.79167337e-04, 1.30049409e-06, -1.63660501e-04,
       -1.48704097e-01, -3.29387456e-01, -1.82470303e-05, 1.08596861e-01,
       1.49965823e-01, -1.77574475e-04, 1.29315495e-01, 5.12750924e-01,
       2.36419466e-04, 1.37444586e-01, 5.11233926e-01, 2.85520800e-04,
       1.36541247e-01, 5.06532609e-01, 2.30281497e-04, -1.19767010e-05,
       -4.37137305e-06, 1.85016711e-06, 4.23374237e-04, 1.63331581e-03,
       1.86568883e-04 ]
pca_mean: !!opencv-matrix
   rows: 1
   cols: 21
   dt: f
   data: [ 4.33646118e+02, 2.44701981e+02, 1.49672687e+00,
       4.18191803e+02, 2.60206879e+02, 1.62062907e+00, 3.68545319e+02,
       2.27059875e+02, 1.69770968e+00, 3.19420807e+02, 1.63929108e+02,
       1.75046074e+00, 3.16613464e+02, 2.25532654e+02, 1.70717156e+00,
       1.08872897e-04, -9.74175637e-05, 6.24380555e-05, -2.17504916e-04,
       -2.50119597e-01, 1.75055194e+00 ]
gamma: !!opencv-matrix
   rows: 12
   cols: 1
   dt: d
   data: [ 9.0707781194427528e-01, 8.7341661299149609e-01,
       8.8350552874985411e-01, 9.1804702248963799e-01,
       8.9081987944106944e-01, 8.3155414705351960e-01,
       8.4132332170851121e-01, 8.6604351982862227e-01,
       8.5379256812934823e-01, 8.9257363509977861e-01,
       8.8788103742109681e-01, 8.9264474663781712e-01 ]
