%YAML:1.0
means: !!opencv-matrix
   rows: 27
   cols: 8
   dt: d
   data: [ 4.9694934589224054e+01, 8.3576153761895142e+01,
       -2.6799549779800135e+01, -3.4055762223728358e+01,
       7.1604838024459543e+00, -9.2181833220198026e+00,
       4.6591050817637653e-01, -4.0487668413794364e-01,
       4.5848335567268485e+01, -9.7612036560280444e+01,
       -2.8428330229332129e+01, -3.7978793542855556e+01,
       2.1662163368925043e+01, -9.5761206653585373e-01,
       1.2066477172817143e+00, -9.1527259800260530e-01,
       1.7330017846633979e+02, -9.9328894263561873e-01,
       -4.6552612791816088e+01, 1.6952683737674370e+01,
       -1.1217437918652212e+01, -5.7086394205179580e+00,
       1.3290515157699825e+00, -3.8289056819565698e-01,
       1.1148165789461061e+01, -2.6052026209876693e+01,
       1.8334116359586414e+01, 1.5049245768565127e+01,
       3.9389910387290591e+01, -4.3998033383904849e+00,
       2.2628189446120053e-01, -8.6723086019001094e-01,
       -2.2762928961601840e+01, 9.1012626243761744e+01,
       -2.8681945748396722e+00, -3.9535015914780466e+01,
       1.5252779483213336e+01, -3.1697397744591288e-01,
       -8.2340906970934324e-01, -6.1677531412167405e-02,
       9.5629821516926114e+01, 1.5518458469722580e+02,
       -2.4451365146876530e+01, 2.8372145926764972e+01,
       -8.1592547721480280e+00, -9.3840508560313740e+00,
       -3.8008409248152669e-01, 4.3215210822762706e-01,
       -1.6119280315440233e+02, -3.0495420784045507e+01,
       4.1307635082301815e+01, 3.0156395131503722e+00,
       -1.8476433159133883e+00, 4.9045027953175033e+00,
       3.5448208359752814e-01, 8.8487478656950713e-01,
       -1.1861277200016058e+02, 1.2826771277379234e+02,
       7.6120706423753255e+00, -5.5885999228560856e+01,
       -1.7622933496330788e+01, -1.5418838366601604e+00,
       3.9782091730533597e-01, -5.5470543601278310e-01,
       3.0413135895190567e+01, 1.2578979342847430e+02,
       -2.7323223534620226e+01, -5.5227985761480966e+01,
       -9.6252245871162962e+00, 2.1165798965404412e+00,
       2.4319348676219046e+00, -1.1849594450419170e-02,
       -1.4791970411703207e+02, -8.3848566130241018e+00,
       3.1494858724566093e+01, -1.9774923055017894e+01,
       -3.7976875566549029e+00, -2.5012981547798084e+01,
       -1.5570905063148017e+00, -2.3031791872748653e-01,
       6.5460635161315551e+01, 4.5471510181616431e+01,
       -3.4177495538205207e+01, -1.6935246138791531e+01,
       -1.0176847211160108e+01, 5.1612733298918965e+00,
       1.4149276352153772e-01, 4.3022803407476051e-01,
       -1.9310509132948584e+02, 4.9910744026053976e+01,
       1.0716651647753924e+01, -2.8250915357135192e+01,
       -1.9551178856083749e+00, -1.5048588463853938e+00,
       6.0632561630175674e-01, 1.1386327621433685e+00,
       -1.9645173561057170e+00, -3.5511174008338315e+01,
       -3.7825790036959486e+00, 6.7839297327584958e-01,
       -1.1331741921795984e+01, -1.1750145063544446e+01,
       -6.0559591612823227e-01, -1.0015008119991593e+00,
       9.9410751507191634e+01, -4.5395327015084916e+01,
       -2.1930697640999234e+01, 3.6525094156540881e+01,
       -2.7603604088619957e+01, 2.3482463126360653e+01,
       1.1098781488334910e+00, 1.3268145649527310e+00,
       6.1905854013138274e+01, -6.5536962724337684e+00,
       -3.0365203060787419e+01, 3.0126159674775021e+01,
       1.5254827843932807e+01, -7.5079441601218457e+00,
       4.3953944820997265e-01, -6.6306845092518940e-01,
       -2.2677210442265814e+01, 1.6323209014754227e+01,
       4.9964930915644823e+00, -3.3393327404640774e+00,
       2.5851127170481409e+01, 3.6853911066787615e+00,
       6.3916332571249257e-01, -8.4972415051117978e-01,
       -1.7157707220802206e+02, -1.5378515246361601e+02,
       5.2760275284467411e+01, 5.0966700847575858e+01,
       -4.0139429470062808e+01, -1.8490013817756118e+01,
       -5.2851076848862970e+00, -1.8610707157451969e+00,
       1.2438144599681662e+01, -2.3795121715112498e+02,
       7.7190488095869929e+00, 7.5330556905489942e+01,
       -1.2247990938743532e+00, -3.1021707291393895e+01,
       -3.1169738121365320e+00, -1.6482850781658984e+00,
       9.1566563373413970e+01, 2.2890599414779512e+01,
       -3.2777587027889950e+01, -2.0833690993309027e+01,
       -8.2000303131311973e+00, -1.5885208497041322e+01,
       -7.0525767448122059e+00, 3.0681606349825969e+00,
       1.1168206589001522e+02, -7.6071374559191881e+01,
       -1.4536458276704174e+01, 5.2810185553357613e+01,
       -3.3958297662641876e+00, 1.8154814767837117e+01,
       2.0994231154819030e+00, -2.0729804625914908e-01,
       3.6341112655847787e+01, -3.4659324959503081e+01,
       -4.3024283395537664e+00, 3.2191017248229997e+01,
       -1.5494030268104183e+01, 2.3432950559758773e+01,
       1.8283701516741384e+00, 6.7642035080947882e-01,
       2.8750579417062676e+00, -9.4676239053153125e+01,
       1.7892524769230558e+01, 3.9607571838169477e+01,
       2.7671349313698943e+01, 1.5707526017137738e+01,
       2.0663532275238294e+00, -3.5489679266561525e-01,
       1.5604014367801580e+02, 1.1489311129205704e-01,
       4.2407783563455993e+01, -1.8108281489799555e+01,
       5.8992538526331870e+00, -3.5657049074843088e+00,
       -1.2138977895734850e+00, -4.6069872491855357e-01,
       -1.4985536883973558e+02, -6.2752515690223248e+01,
       4.2370983289807569e+01, 2.7767817600943516e+01,
       -1.8715282749172239e+01, 1.4343706873300995e+01,
       -6.9447484251917890e-01, 1.1334371603157753e+00,
       -6.2772265711124131e+00, -1.3924889097608855e+02,
       3.0726691282099125e+01, 6.0501237337890458e+01,
       3.2401930605679190e+01, -1.5581432361483463e+01,
       -2.1087212972714903e-02, -2.7347186062132076e+00,
       -6.4282266702053946e+01, 5.6688418090722280e+01,
       8.1725115090221593e+01, -4.8897431684695626e+01,
       -5.0148089956801079e-01, 2.0460839758187146e+00,
       5.9282996041047843e-02, 4.4426013206779064e-01,
       1.6074484181944035e+02, -1.7962879531937109e+01,
       -4.5828110331010826e+01, 1.5756842237437436e+01,
       -1.0048096022579193e+01, -9.9411770668297521e+00,
       -1.3028102888838500e+00, -1.5999852410012814e+00 ]
