%YAML:1.0
means: !!opencv-matrix
   rows: 22
   cols: 11
   dt: d
   data: [ 1.8133971759195694e+02, -1.6238224466739727e+01,
       -4.3792880106842226e+01, 2.3983078675627876e+01,
       -7.7573128426216345e+00, -9.6311042553105590e+00,
       -1.0189611170952648e+00, -8.0339145787422162e-01,
       -9.0526713151876503e-01, 1.3238965815320092e-01,
       2.1957911301124486e-01, -4.0398608088625707e+01,
       -4.5867067138711860e+01, 1.7269164299894459e+01,
       7.5244962740501551e+00, 1.1980667149568168e+01,
       6.2228722982034979e-01, -8.4180164901495103e-01,
       1.7115419596030790e+00, 5.0398168088330166e+00,
       -1.3647186306795269e+00, -3.3994293708800116e-01,
       -1.0865001526678338e+02, -1.0973092270002681e+01,
       3.8332203858414807e+01, 6.1822853464575878e-01,
       1.1252681125777492e+01, 1.0794807472454220e+01,
       1.8672194492806500e+00, 1.3062532343175064e+00,
       -2.9601183457873420e-01, -1.6342841449626844e-01,
       -3.7575930184573766e-02, 1.2974052408579277e+02,
       8.0228410454165257e+01, -4.2920682473780801e+01,
       -2.0412270816434599e+01, -5.4842661592364097e+00,
       -4.3895063587092320e+00, 1.6236252167805933e+00,
       -2.0008282254646012e-01, -8.1595080016701871e-01,
       -1.0982585827551894e-01, 8.0902767237394743e-02,
       1.4859180924508061e+02, 1.2437968920023646e+01,
       -3.8203473043105646e+01, 8.5148944076168860e+00,
       -1.3398832410933881e+01, -3.3905919927553696e+00,
       -9.3607563805275240e-01, 7.2417828322843925e-01,
       -5.4741920365983965e-01, -2.7151991323226567e-02,
       -3.3515253587740851e-02, 8.5479863636085121e+00,
       -1.2437095583690070e+01, -4.6237843911010774e+00,
       7.2866316734824021e-01, -1.0051945163973411e+01,
       -1.1541311122691431e+01, 1.6565039517740310e-01,
       -6.2756333927234920e-01, -1.3371605990719801e+00,
       8.3918731837663782e-02, -3.1566943960497851e-01,
       -1.1786224066242525e+02, 1.2907849296068107e+02,
       6.5150362610858901e+00, -5.6435904902506401e+01,
       -1.7813542726950608e+01, -1.2594285354893622e+00,
       4.9387745327010496e-01, -6.0916716158384288e-01,
       -4.8798987327926252e-01, -4.2079812000128730e-01,
       1.2420955343647012e-01, -1.4485765589467101e+02,
       7.3224697210437867e+01, 2.5187765802229137e+01,
       -3.8067924605998940e+01, -2.3277243681854833e+00,
       4.4268136229247492e+00, 1.1216995901765414e+00,
       1.0205978038983017e+00, -5.9295604959935166e-01,
       6.2464208357516565e-02, 4.0665068493591736e-02,
       -1.8279961345165432e+02, -4.7304541781544984e+01,
       4.8789001489604281e+01, 9.8662551480939502e+00,
       -1.4782460485794424e+01, 2.6085498551074999e+00,
       3.6810701679330327e-01, 1.5010676234798404e+00,
       -1.5407870391477492e+00, 1.7208685671033760e-01,
       -6.4402462887635792e-02, 6.8916794767173059e+01,
       -2.2769234838771148e+01, -9.2408667623035257e+00,
       1.4037938617679814e+01, 2.0356619381280421e+01,
       -5.4392389344153358e+00, 3.7776389792679943e-02,
       -9.4125554446717730e-01, -7.4696048282459448e-01,
       1.1764209888344458e-01, -1.0350673457826544e-02,
       -3.9458533932905095e+00, 4.7039036885584657e+01,
       -1.5909862040941832e+01, -4.4011411237190167e+01,
       -1.8467973283878933e+01, -6.8181037877003883e+00,
       -1.4198998655768709e+00, -2.5769530652833330e+00,
       4.3120320686849629e+00, 1.8714766111289656e+00,
       1.4216385840254939e-01, 7.2064399917718349e+00,
       -2.0725721904209007e+02, 1.3970092253405127e+01,
       7.1060178679079158e+01, 8.3911150177639353e+00,
       -2.5164183051571911e+01, -2.2445906408108072e+00,
       -1.6465261777776294e+00, -1.8751119470773972e-01,
       -9.7531647965729085e-01, 4.7326930614499794e-02,
       -1.1723889935428866e+02, -9.4270625395767297e+01,
       4.1975750389515760e+01, 3.7912186019181171e+01,
       -1.2772229681319255e+01, -4.7784893614356561e+00,
       -7.3805711017144437e+00, 6.3137853280052947e-02,
       2.6387742348030536e+00, 1.1759204056589811e+00,
       -3.5097000820268641e-02, -2.0712158036340330e+02,
       -1.3498165237228719e+01, 4.1412479365413148e+01,
       -1.4536555555953523e+01, -9.8897520488306530e+00,
       -8.4990417247780528e+00, -2.0653825713518446e+00,
       2.5889142021491916e-02, 1.4999893490921630e+00,
       2.5178320516845115e-01, -4.2978405101801516e-02,
       9.9643969139726963e+01, -4.4131733191477160e+01,
       -2.1765853569618553e+01, 3.6983837140012419e+01,
       -2.7582877429360455e+01, 2.3330906994543113e+01,
       1.0734802740279727e+00, 1.2994772498314142e+00,
       4.8700264589289344e-01, 3.7773668528361115e-02,
       1.4727080590995234e-01, 3.0953431441482245e+01,
       -7.5180502251411809e+01, 1.0059005489733249e+01,
       4.0672799742781883e+01, 1.3809718421723232e+01,
       2.0688369951905166e+01, 2.3083293437748558e+00,
       -1.6264218424955545e-01, 1.8642128063286501e-01,
       -3.1311994255927317e-02, -1.4063763337521124e-02,
       -3.7508566622785411e+00, 1.0946973347002630e+02,
       -4.8484220544582941e+00, -3.4605020560116188e+01,
       1.6289551447679454e+01, -3.4866905238008474e+00,
       -1.8552453488519716e+00, 1.5130221551550991e+00,
       1.0476462238874336e+00, 1.0228339416395650e-01,
       4.0979026512461242e-02, 3.7679064854114024e+01,
       1.5617093873746219e+01, -1.5843548206747860e+01,
       -2.4884966907583379e+01, 1.0698434664077427e+00,
       -2.2921308824523638e+01, -5.3967206175378406e+00,
       4.6570297773517177e+00, 5.5907375862008619e+00,
       -1.5567110659360068e+00, 9.1678784946231162e-02,
       3.0207774991535661e+01, 1.3193196089851514e+02,
       -2.7045789128666637e+01, -5.0015268209133851e+01,
       -9.3489912384007212e+00, 3.5366853746807316e+00,
       1.5749313876363109e+00, -1.2525747947681048e-01,
       -1.3313770542927503e-01, -1.5771530930248412e-01,
       4.7054306485256894e-02, -9.0956794767122942e-02,
       2.9044251892625670e+01, -9.5296903049671400e-01,
       -2.1394696232550412e+01, 1.9959179427549511e+01,
       5.2287988385798811e-01, 1.2527473671424629e+00,
       -7.1988085509198863e-01, -2.2566152819076693e-01,
       4.5951327792576588e-02, 2.6551883295386266e-02,
       -1.5471778422673756e+02, -8.9914891030741927e+01,
       4.2317371953963217e+01, 3.4506854123259274e+01,
       -2.5243285362039998e+01, 5.9987471484919794e+00,
       -1.3553883586585402e+00, -4.6983330117695976e-01,
       -5.8290560005919201e-01, -2.4247114281455096e-01,
       1.6025975019812849e-01, 1.0372170960860771e+02,
       7.8649723072294622e+00, -1.7411436664818190e+01,
       -9.2634396383665827e+00, 2.1255582677328442e+00,
       -1.1270289583654055e+01, -1.2760636438803884e+01,
       8.9102569817733379e-01, 8.5243389071911331e+00,
       1.7223569361421078e+00, -1.2577972318488917e-01 ]
