%YAML:1.0
means: !!opencv-matrix
   rows: 3
   cols: 20
   dt: d
   data: [ 6.5084323720697768e+01, 9.9779529556732509e+00,
       -1.5022552843043506e+01, 1.3733810134978499e+00,
       5.7390752246039831e+00, 2.4622071765313862e+00,
       8.3911827001050754e-01, -3.7226553546540148e-01,
       -3.1082055442208600e-01, 1.9490047975836373e-02,
       4.1254882098387638e-02, 7.3093353305034043e-03,
       2.4468346611464901e-03, -3.6632640639141043e-03,
       8.2109035243584632e-03, 2.7879526119923299e-03,
       6.7577663871363602e-04, -1.2351257994887563e-03,
       -3.2565675964169136e-04, -2.9275815806457050e-04,
       -1.6779326219640325e+01, -1.8489934290010133e+01,
       3.9777439045254948e+00, -4.2220192706072721e+00,
       2.2770031464105314e-01, -8.9947902968453697e+00,
       -4.3594508557820788e+00, 1.0025877289972309e+00,
       4.2066840605968281e+00, -9.2974411498555842e-02,
       -6.6554440496040868e-02, -4.4407155408722997e-02,
       -1.6601122309526550e-02, 4.5403961075835978e-03,
       1.4368709885413094e-03, -2.5313568463338610e-04,
       -4.9597845761951054e-04, -1.6866411809829157e-04,
       2.2995842176467374e-03, -8.2801278129907853e-04,
       -9.8218661586185519e+01, -9.4650523237630910e+00,
       2.2629602481752087e+01, -7.1082577786104661e-01,
       -9.2618699095838348e+00, -7.8263553223888516e-01,
       1.9018693627494132e-01, 2.4314617551090029e-01,
       -9.7935869104242046e-01, 7.1096005903756448e-03,
       -4.3067387225596054e-02, 3.6221925813801946e-03,
       1.9298911383768794e-03, 4.3732820193539742e-03,
       -1.3598498350442767e-02, -4.4168012013945908e-03,
       -9.4648238402588391e-04, 1.9761397912188691e-03,
       -3.1190173059759930e-04, 8.2300504228054183e-04 ]
covs: !!opencv-matrix
   rows: 60
   cols: 20
   dt: d
   data: [ 9.5386705376197642e+03, -8.0676521420453059e+02,
       1.6335846568773602e+03, -4.9498883988613400e+00,
       -1.0365348224709089e+03, -1.4861667862072818e+02,
       -8.1466001684847313e+01, 3.0914240071753863e+01,
       -3.0282783387345876e+01, -2.0128460344843813e+00,
       -8.7597130477953755e-01, -6.2856821142480235e-01,
       4.9125904977442646e-02, 6.5881686680858462e-02,
       -1.0603194811689291e-01, -2.3105127636600814e-01,
       -1.4134439867632426e-01, 9.3801500292791454e-02,
       9.5048311417772785e-02, 3.4735616758996272e-02,
       -8.0676521420453082e+02, 1.0184523667349697e+04,
       3.1658303037039343e+02, 5.8278679546767944e+02,
       -2.3847727755637317e+02, -3.8896954408966553e+02,
       -3.1366134041876208e+01, -2.3733960093050690e+01,
       -9.5605014352357713e+00, -1.0171866032685767e+01,
       -1.1967275497189571e+00, -7.4547609059443709e-01,
       1.2949540888213559e-01, 7.4800137790542995e-02,
       -4.9913323714455110e-01, 1.0785122788410650e-01,
       1.2253109709793089e-01, -1.1749852937801229e-02,
       3.1559893763986654e-03, 1.3202276346449824e-02,
       1.6335846568773602e+03, 3.1658303037039349e+02,
       2.9144891236740441e+03, -6.7314648934574222e+01,
       2.5013139298630102e+02, 4.3658966112359991e+01,
       2.2830530574547868e+01, -6.7996340170435694e+00,
       3.9723653250410402e+00, 1.6792985265033511e+00,
       7.1762297046746928e-02, -6.8137419023367590e-03,
       2.8520768750700833e-02, -4.0294326840082807e-02,
       1.4426609661336567e-01, 4.3429933972375517e-02,
       1.4379416079129698e-02, -2.7768003527786266e-02,
       -2.4112676465239118e-02, -3.7152777872783475e-02,
       -4.9498883988613462e+00, 5.8278679546767944e+02,
       -6.7314648934574265e+01, 2.7103791692503460e+03,
       4.1649985544214196e+00, 6.7978117012684194e+01,
       2.5608576710076516e+00, 1.6349035364355363e+01,
       5.7611560396281742e+00, -4.3797966168821978e-01,
       5.5720584072073287e-01, 2.3698199607715889e-01,
       -5.5182767301140648e-02, -8.2214405042938019e-02,
       1.7717524202090448e-01, -8.0227258631474799e-02,
       -3.6314212628372283e-02, 2.5881883771442689e-02,
       3.0087337008040987e-02, -1.0861430627600281e-02,
       -1.0365348224709089e+03, -2.3847727755637311e+02,
       2.5013139298630102e+02, 4.1649985544214214e+00,
       4.8363435839047941e+02, -6.8452462573971403e+01,
       -1.1747362429310986e+01, -6.7596691262076405e+00,
       -5.9757895943250947e+00, 8.8300951601404842e-01,
       -1.6936878853771195e-01, 9.1860216885335605e-02,
       -8.4592719671755870e-03, 8.4822332448547602e-03,
       5.9362439182169026e-03, 1.5655578197034312e-02,
       -4.0819412903901064e-03, -2.2206277179416984e-04,
       -4.7399874795424927e-03, -8.2911098553775618e-03,
       -1.4861667862072818e+02, -3.8896954408966559e+02,
       4.3658966112359998e+01, 6.7978117012684194e+01,
       -6.8452462573971417e+01, 2.1349268423653893e+02,
       -9.8322452850747126e+00, -3.6804132418038982e-01,
       4.3603366617810764e+00, -1.8397179270093671e+00,
       -2.6127004238566437e-01, -1.2785540232967782e-01,
       -9.0706934057798866e-03, 1.3642172699581324e-02,
       -2.6603457945129878e-02, 2.6815356424613542e-03,
       1.8531671908855938e-02, 4.9267765772331744e-03,
       -4.0826025506516617e-03, -9.9999865614585418e-03,
       -8.1466001684847299e+01, -3.1366134041876208e+01,
       2.2830530574547879e+01, 2.5608576710076525e+00,
       -1.1747362429310986e+01, -9.8322452850747126e+00,
       2.3413865583758955e+01, 5.1051030945031128e-01,
       3.5325878414919507e+00, 1.3193901915050865e-01,
       -4.6555215164339386e-02, 5.4512143531675376e-02,
       -3.1676809333200495e-02, 7.8527934935585051e-03,
       -1.1819308705981210e-02, -4.8055294853241353e-03,
       -3.0309966443963507e-04, 3.5437073163847399e-04,
       -2.8816950850258623e-03, 6.5810004167737385e-05,
       3.0914240071753866e+01, -2.3733960093050690e+01,
       -6.7996340170435721e+00, 1.6349035364355363e+01,
       -6.7596691262076405e+00, -3.6804132418038965e-01,
       5.1051030945031117e-01, 1.4302317061955005e+01,
       -8.8569939160080469e-01, 5.8023095595576379e-01,
       3.1202504546513996e-03, 7.2806288927017445e-04,
       3.3492774967854720e-03, 8.2461608913646078e-03,
       -1.8021865861462013e-03, 8.7667507949686658e-03,
       -1.5990533207036191e-03, -6.9886728146421732e-04,
       -6.9257133810361667e-05, 2.0283601122003969e-03,
       -3.0282783387345876e+01, -9.5605014352357713e+00,
       3.9723653250410393e+00, 5.7611560396281742e+00,
       -5.9757895943250965e+00, 4.3603366617810764e+00,
       3.5325878414919507e+00, -8.8569939160080480e-01,
       1.2886847107168558e+00, 3.1606195008584789e-02,
       1.5257956910067830e-02, 1.6366420065394811e-02,
       1.6399666598285775e-02, -9.0940086927820496e-04,
       -1.3166364835685447e-03, 3.7714472784421003e-04,
       7.1147560342039908e-04, -1.5444889320222559e-03,
       -1.0247564006600921e-03, -1.4281054346084539e-03,
       -2.0128460344843822e+00, -1.0171866032685767e+01,
       1.6792985265033511e+00, -4.3797966168821945e-01,
       8.8300951601404842e-01, -1.8397179270093666e+00,
       1.3193901915050854e-01, 5.8023095595576379e-01,
       3.1606195008584775e-02, 2.8915317934687917e-01,
       2.3508124870939059e-02, 5.8911319215748615e-04,
       3.1956013643573210e-03, -1.1084041950511171e-02,
       1.2717533883495723e-04, 7.1859016296388313e-04,
       3.8165370049772764e-05, -4.2250659052236631e-04,
       -1.8928079067080317e-04, 2.4001117070159430e-05,
       -8.7597130477953766e-01, -1.1967275497189569e+00,
       7.1762297046746984e-02, 5.5720584072073309e-01,
       -1.6936878853771198e-01, -2.6127004238566437e-01,
       -4.6555215164339393e-02, 3.1202504546513962e-03,
       1.5257956910067830e-02, 2.3508124870939055e-02,
       2.7144397265277957e-02, -8.7093811528675023e-04,
       2.4951162903364863e-04, 4.2177742719461554e-04,
       -3.9480251131926376e-04, -1.0323763034493481e-04,
       -7.6160232587920104e-05, -3.6140201832526587e-04,
       -2.4206402909002715e-06, 1.4615267567600097e-04,
