%YAML:1.0
means: !!opencv-matrix
   rows: 5
   cols: 17
   dt: d
   data: [ 5.4719749516818723e+01, -1.3488977402153594e+01,
       -7.5306561544708552e+00, 1.0561678812234353e+01,
       1.0449747255904530e+01, 4.2755680913597853e+00,
       8.7070241776269841e-01, -2.5521572980467067e-01,
       -2.4753651194188753e-01, 4.3315913746271702e-02,
       2.9282917182840346e-02, 1.7669495176627747e-02,
       1.9423019863230397e-03, -8.5826368996828519e-03,
       1.9537164282907450e-02, 1.9763643849299980e-03,
       1.0463939209286123e-03, -1.4210532101300146e+02,
       -2.8094555236112821e+01, 3.7839470336050013e+01,
       4.2692926565286884e+00, -8.2781134951750861e+00,
       6.8121847233268362e-01, 9.0508955519105674e-03,
       8.5215078804654731e-01, -1.0309871977591529e+00,
       -3.0434119307232305e-02, -2.1808940828923200e-02,
       9.5987082318659406e-03, 2.0886929926985606e-03,
       4.5064552237786092e-04, -8.0092828796094976e-03,
       -9.0438159611068471e-03, 6.7795649612727626e-04,
       -3.9175544208388956e+01, -7.7890411384879044e+01,
       1.0131395932961562e+01, 1.8839280779921552e+01,
       -1.5276805911774531e+00, -8.4328363482000324e+00,
       -1.8268374549645690e+00, -1.9170993113444859e-01,
       2.5461453247688159e+00, -2.1072666839666690e-01,
       -9.1221592849577343e-02, -8.9972387559780195e-02,
       -1.2489914398848827e-03, 6.4262212273479662e-03,
       -3.7414949954475223e-03, 7.8647135510697373e-03,
       1.7539688253464722e-03, 7.8815462440678473e+01,
       3.5970872075446685e+01, -1.9250494400172521e+01,
       -3.2884149957343154e+00, 2.3008572105359861e+00,
       -7.9933845429859520e+00, -7.5560967651475730e+00,
       1.3598790008254478e+00, 3.2624176920180505e+00,
       9.7594276106406586e-01, 1.1621996034713516e-01,
       5.3775113678616676e-02, -3.8963182684919724e-02,
       1.9115855747823731e-02, -1.9214626100340474e-02,
       -2.1338501401589383e-02, -5.7885626905258758e-03,
       4.2519661125482159e+01, 7.7817481667942133e+01,
       -2.3370909690137914e+01, -2.9875033281189740e+01,
       -9.5634327948827096e+00, -2.1093914463929737e+00,
       1.0302702657926401e+00, -5.7325358184358455e-01,
       -5.2424616318928874e-01, -1.4834204759747391e-01,
       -1.1606979840169502e-02, -8.2982717649095952e-03,
       3.8358517429703250e-03, 6.9582411012127530e-03,
       -1.9284338963971547e-02, 5.9976547268445991e-03,
       -2.0188562312117063e-03 ]
covs: !!opencv-matrix
   rows: 85
   cols: 17
   dt: d
   data: [ 8.1538004770333455e+03, -6.4413411103537078e+02,
       1.9705341111063904e+03, -2.4835876154296946e+02,
       -1.1122329296299804e+03, -3.4804561446464899e-01,
       -7.1705022524944127e+01, 2.6930205324096008e+01,
       -1.5683392087916232e+01, 5.5982756890629248e-01,
       -1.0116250787674437e+00, -9.0472041510713044e-02,
       9.2726038187044488e-02, -2.7574908220187599e-01,
       7.2671746225462674e-01, 3.4794199618462654e-02,
       -6.5688117853120884e-02, -6.4413411103537078e+02,
       8.8805246839664451e+03, 4.6095523439557832e+02,
       1.1636027057572719e+03, 6.5868857140308155e+00,
       -5.0877975477736419e+02, -4.6016442027344368e+01,
       -2.3833308695233345e+01, -1.2575933406186124e+01,
       -7.1198422312021048e+00, -1.0576756768158140e+00,
       -1.1625030955412366e-01, 1.1410647164017455e-01,
       -2.5872384209673588e-01, 2.9649493359446527e-01,
       -1.5881109546687533e-02, 1.3373003227355390e-01,
       1.9705341111063904e+03, 4.6095523439557809e+02,
       2.7741119075290712e+03, -1.1446067718022147e+02,
       2.3591306878590171e+02, 9.2109466552488115e+00,
       2.2888785394330693e+01, -9.5433072063139814e+00,
       1.3853343251871673e+00, 4.6301518777451922e-01,
       3.2892358381326037e-01, -2.8249630528382952e-01,
       1.1304559852663569e-02, 9.9488589177647052e-02,
       -2.4053919249765027e-01, 2.0598274860655061e-02,
       -8.6375366969365755e-05, -2.4835876154296946e+02,
       1.1636027057572719e+03, -1.1446067718022151e+02,
       2.3912280486209138e+03, -1.3748298159729060e+02,
       1.4924343944463135e+02, 9.3050157808522709e+00,
       1.0544231008295531e+01, 1.0108549213201636e+01,
       -9.0936060954569542e-01, 4.4106030988015277e-01,
       -6.5164779552093627e-02, -2.3160330623753007e-02,
       6.7898399110998472e-02, -3.4449058454937231e-02,
       5.1661663687407794e-02, -1.4352510406646849e-02,
       -1.1122329296299804e+03, 6.5868857140308164e+00,
       2.3591306878590171e+02, -1.3748298159729066e+02,
       5.7021191519026456e+02, -1.2794338739951966e+02,
       -1.3185324980768767e+01, -1.2298257344329254e+01,
       -9.0874470876215039e+00, 5.3368202245538232e-01,
       -1.4342186440666232e-01, -5.5889174552561878e-02,
       -5.3824112081714975e-03, 1.1525466157139273e-01,
       -2.3837652871644457e-01, 2.5638393435583749e-02,
       -1.4294430912113363e-02, -3.4804561446464732e-01,
       -5.0877975477736419e+02, 9.2109466552488115e+00,
       1.4924343944463135e+02, -1.2794338739951966e+02,
       2.5722045912214401e+02, -8.7437208648811549e+00,
       1.8432587607046247e+00, 5.3791577464036893e+00,
       -2.1852371511239714e+00, -1.6560331059325342e-01,
       -2.1879556331566294e-01, -1.9462346792863509e-02,
       5.1857360941102791e-02, -1.1095609318546726e-01,
       -1.4307261756427578e-02, 1.6782984609086751e-02,
       -7.1705022524944127e+01, -4.6016442027344368e+01,
       2.2888785394330689e+01, 9.3050157808522691e+00,
       -1.3185324980768767e+01, -8.7437208648811549e+00,
       2.3282883065985825e+01, 3.8885213461186491e-01,
       3.6053319415926781e+00, 2.0367594336024036e-01,
       -1.3134687177416848e-03, 5.2260035215705748e-02,
       -3.4538079997756363e-02, 1.1645872408508045e-02,
       -2.1129024326541901e-02, -5.6798412013186316e-03,
       -4.6170302569289759e-05, 2.6930205324096008e+01,
       -2.3833308695233345e+01, -9.5433072063139779e+00,
       1.0544231008295531e+01, -1.2298257344329251e+01,
       1.8432587607046256e+00, 3.8885213461186485e-01,
       1.3767893690223051e+01, -7.3493747581875091e-01,
       6.3338257177448021e-01, 2.4632427936479635e-02,
       -5.4287672993142558e-03, 2.3491825485129230e-03,
       1.1305285746955612e-02, 1.5242289021487165e-03,
       1.5778381078000465e-02, 2.5819249226573782e-03,
       -1.5683392087916232e+01, -1.2575933406186124e+01,
       1.3853343251871677e+00, 1.0108549213201636e+01,
       -9.0874470876215039e+00, 5.3791577464036893e+00,
       3.6053319415926772e+00, -7.3493747581875091e-01,
       1.2878441178647928e+00, 7.8260205108888342e-03,
       9.9978157156289001e-03, 1.3911606488363279e-02,
       1.6184090808974289e-02, -3.5477829307090114e-04,
       -5.1306424293377966e-03, -1.3655331262839494e-03,
       4.7442613113348494e-04, 5.5982756890629293e-01,
       -7.1198422312021030e+00, 4.6301518777451939e-01,
       -9.0936060954569509e-01, 5.3368202245538243e-01,
       -2.1852371511239714e+00, 2.0367594336024039e-01,
       6.3338257177448010e-01, 7.8260205108888412e-03,
       2.6231829111119076e-01, 1.2995293313311836e-02,
       2.1083054733220838e-04, 3.1309527781373347e-03,
       -1.1326561367899019e-02, -9.2603310285613153e-04,
       6.9629544445684303e-05, -1.6276772185833038e-04,
       -1.0116250787674437e+00, -1.0576756768158140e+00,
       3.2892358381326037e-01, 4.4106030988015288e-01,
       -1.4342186440666238e-01, -1.6560331059325342e-01,
       -1.3134687177416868e-03, 2.4632427936479632e-02,
       9.9978157156289035e-03, 1.2995293313311836e-02,
       1.8915359272089011e-02, -2.0984138479458920e-04,
       4.3951861922697066e-04, 1.6125988467518402e-04,
       2.2764435701325126e-04, -5.0373852274517907e-05,
       1.9747455078683917e-05, -9.0472041510713044e-02,
       -1.1625030955412362e-01, -2.8249630528382952e-01,
       -6.5164779552093627e-02, -5.5889174552561892e-02,
       -2.1879556331566294e-01, 5.2260035215705748e-02,
       -5.4287672993142575e-03, 1.3911606488363279e-02,
