%YAML:1.0
means: !!opencv-matrix
   rows: 15
   cols: 14
   dt: d
   data: [ 5.3841700380903845e+01, -3.4623780268968297e+01,
       1.8351160977516115e-01, 1.1748822535158972e+01,
       1.3613355407248791e+01, -9.1104061983882956e-01,
       4.3914472394580777e+00, -2.7430688207669862e-01,
       2.7344273464784363e-01, 1.4111915636438985e-01,
       -1.0708557937315559e-02, 4.1584142721886645e-02,
       2.8692422855438782e-03, -9.5617510525364061e-03,
       3.7514112688880573e+01, 1.3616619242704022e+02,
       -2.6746165470615068e+01, -5.3032023626932954e+01,
       -1.0042066676165382e+01, 3.1452822476247988e+00,
       2.2320042353642733e+00, 2.8721186187494491e-01,
       -1.6571068394744834e-01, -3.1807161924842131e-01,
       -1.2174651437664781e-02, -2.0241670179503856e-02,
       5.7836427322749606e-03, 9.1001767715665378e-03,
       -5.3984311313239131e+00, 7.3606762086794424e+00,
       -2.4866631281695932e+00, -1.5114410828719031e+01,
       -9.6484469088964875e-01, -6.7043810682865113e+00,
       7.1396826871319385e-01, -1.3121380454531024e+00,
       2.9953761891144541e+00, 2.1328345228906462e+00,
       1.5681602732081118e-01, -2.5296456454469735e-01,
       1.5569220658287686e-02, 3.0932081648044049e-02,
       5.7110748127430966e+01, -1.3758028080773139e+01,
       -1.2799929101920290e+01, 1.6784660729248355e+01,
       1.9333525389365704e+01, 7.4187753237148151e+00,
       -3.2100909748703792e+00, -1.0611885822781897e+00,
       -1.0095066151420875e+00, -1.0937498789797929e-01,
       -1.9358655513600439e-02, 7.4127816712172730e-03,
       -3.1755744285997454e-04, -7.3106619836565395e-03,
       -1.9603291125074722e+02, -5.6750664840763847e+01,
       4.4590139278137400e+01, 1.3321353777242887e+01,
       -1.8661819991192246e+01, 2.7079372100873975e+00,
       -1.7263719979968761e+00, -2.3301812024334537e-01,
       9.7495788820071005e-01, 2.1311681659365128e-01,
       2.4893876233458536e-02, -1.8869616659585975e-02,
       -7.0827114279469979e-04, -5.1602295410202456e-03,
       1.6729266348654477e+02, 1.9623730839215927e+01,
       -4.4893538166759726e+01, 9.7814724896629173e+00,
       -1.0560149586024293e+01, -6.7205301009652167e+00,
       -7.6312413343099017e-01, -7.2951588453421784e-02,
       -8.1591566410098904e-01, -2.7880420601186173e-02,
       9.7791648900138903e-02, -1.8347383389799993e-02,
       3.1596044982697206e-04, 1.3200297123366074e-02,
       6.8755276520073716e+00, -1.8779101110801250e+02,
       1.5947759566629369e+01, 6.6148766896396012e+01,
       1.1073564117354437e+01, -1.8410335161631160e+01,
       -1.6413657666049013e+00, -1.0007270943069864e+00,
       3.3344630263188529e-01, -1.1944198552542920e+00,
       1.0876915464812727e-02, -7.8028221666995218e-02,
       3.2802110459891599e-03, 9.0073220472510276e-03,
       -1.4659836778622432e+02, -1.0709953165311541e+01,
       3.9522736301439799e+01, -3.8609764148066064e+00,
       -1.8496413972884447e+00, 2.7715939175047084e+00,
       7.6241876772687944e-01, 1.3408908597664151e+00,
       -1.0043421193103774e+00, -6.2313077703019790e-02,
       -4.2120297563237680e-02, 2.4645212164862442e-03,
       4.0192023348415481e-03, 2.3078467257821441e-03,
       3.6287454233269109e+01, 2.2285815439419817e+01,
       -6.1452052742744154e+00, -1.7066911407580942e+01,
       4.6435374752535772e+00, -1.1734260432965158e+01,
       -7.7820445611175249e+00, 2.5193423159008135e+00,
       6.4589372868662593e+00, -1.1104530260520644e-01,
       -6.4863797447119328e-02, 2.8971528834810266e-02,
       -3.9772390668207883e-02, -1.0320145978702632e-03,
       2.5051898752580129e+01, 7.3259303987163477e+01,
       -1.3285801722377151e+01, -2.9764135100642513e+01,
       1.2341729651047268e+01, -6.7681926156423131e+00,
       6.7443656650216910e-01, -5.9321943042050107e-01,
       -5.2549267786016085e-01, 2.7782326417852521e-01,
       1.5965427438482788e-01, -7.0664431211380349e-03,
       4.0739747798959561e-03, -4.7085715145707696e-03,
       5.0549381459417205e+01, -5.5741577267075748e+01,
       -9.5769210948760968e+00, 2.6936879873313718e+01,
       -1.6513399261153822e+01, -1.5527677164013545e+00,
       9.4365518320100850e-01, -3.0776906960457434e-01,
       -9.7168744388136707e-01, 3.4006512298432712e-01,
       -3.1241480052881448e-01, 7.8234847341006105e-03,
       4.4548740374919576e-03, 9.7977402863911427e-03,
       -1.4976941095515252e+02, -1.2370701052950066e+02,
       4.7365215486708095e+01, 4.0155099775653134e+01,
       -2.7218731303687431e+01, -7.8569480144968136e+00,
       -5.7316621571651387e+00, -1.4845564879240787e+00,
       5.5168534838448602e-01, 2.3689007853423744e-01,
       3.6919596192494103e-02, 6.0230089246933238e-02,
       -1.8166778857676997e-02, 4.6440225235640006e-03,
       -3.5217864006268485e+01, 8.7237633049868563e+01,
       -5.9861839009373909e+00, -4.6175335981953545e+01,
       2.7790981721602805e+00, 1.5052772066847226e+00,
       1.7832410649019326e+00, -1.9041449992403345e-01,
       -5.0434225874617289e-01, -1.3598520231693834e-01,
       -8.7764912401511533e-02, -2.0324263036995320e-03,
       4.9065387921673224e-03, 1.2657864071549080e-03,
       9.8898822047308300e+01, -4.4140965848312263e+01,
       -2.2001281695644497e+01, 3.7061620457681059e+01,
       -2.7691815968272817e+01, 2.3418797212733359e+01,
       1.0641134147112781e+00, 1.3039771122590615e+00,
       4.9016853050423531e-01, 3.2476344817249737e-02,
       1.4867140925918546e-01, -3.5258229587889641e-03,
       -2.5608861579357965e-03, -7.4249712529795096e-03,
       -1.4773259317969729e+02, 1.0189742958424527e+02,
       1.5530571742738042e+01, -5.0612240876677618e+01,
       -1.5441101039486121e+01, -5.5237761731324166e+00,
       -2.3761157758929449e-01, -4.8926843254593622e-01,
       2.5798575587141187e-01, -1.2989760696879496e-01,
       7.4499299139177008e-02, -2.8453855727593756e-02,
       2.3468058961179121e-03, 3.0669356193942761e-03 ]
