%YAML:1.0
means: !!opencv-matrix
   rows: 49
   cols: 1
   dt: d
   data: [ 9.2680472145523609e+01, -2.1694073517232766e+02,
       -5.7975818921633675e+01, 2.7044941671917030e+02,
       4.7039371867077222e+01, -1.4862875564704822e+01,
       1.5173562073535976e+02, -1.2176273265333620e+02,
       -3.0859476992528573e+02, -1.8305408156953408e+02,
       2.1749357061905681e+02, 1.1622738909430264e+02,
       5.3610809569367142e+00, -2.6551598131941262e+02,
       -1.0081503050951596e+02, 5.8227270760545288e+01,
       1.3966316439272023e+02, -1.6858948992295029e+02,
       -3.6072327399767438e+01, -3.5720601424159742e+02,
       -2.4864918751555166e+02, 1.6351166052775000e+02,
       2.5813347740928258e+01, 1.8674701771580089e+02,
       -1.9961609645119259e+02, -9.1177675056341869e+01,
       2.3463969527640404e+02, 6.9747062222154156e+01,
       -4.6660466384791910e+01, 1.0422639799303943e+02,
       -1.5585958093219361e+02, 2.9126050524297858e+02,
       -1.3241561040807130e+02, -2.3293205250080200e+02,
       -2.8510476467620083e+02, 1.9973261089052613e+02,
       1.5129663989178848e+01, -1.4362613154394779e+02,
       -2.5689578330742950e+01, -8.0432994758845709e+01,
       3.6545657164952551e+01, 2.5079675264709431e+02,
       8.1373592709051522e+01, 1.2767826760262065e+02,
       -3.3260552823047857e+02, 1.7499498600860406e+02,
       -6.9115054121101693e+01, -4.6407982910602898e+00,
       -1.1132540152368045e+02 ]
covs: !!opencv-matrix
   rows: 49
   cols: 1
   dt: d
   data: [ 2.7657939716649448e+01, 6.9537372512412787e+01,
       2.7127195082442636e+01, 2.0703627942939480e+02,
       2.8556614987222638e+01, 2.5464035428916361e+01,
       2.8058394150504082e+01, 2.6829443606217708e+01,
       1.2351216309946115e+02, 5.5681654907841633e+01,
       5.5375693417403269e+01, 3.2838879360020805e+01,
       2.4953495927986516e+01, 7.7354695726402980e+01,
       2.5534834794798883e+01, 3.0024592422762623e+01,
       3.0242578254931669e+01, 5.2287499291213329e+01,
       3.2836187411056670e+01, 4.6789145152266440e+02,
       8.5123678938140628e+01, 3.0100695050978516e+01,
       2.4491439201767179e+01, 3.7284966610958449e+01,
       6.4783399899328757e+01, 2.2743550476819806e+01,
       7.8570398419847180e+01, 2.9836139609378137e+01,
       3.0505511858752836e+01, 3.0053123137711005e+01,
       4.5329037992049756e+01, 4.0053898975005876e+02,
       2.8983442043603109e+01, 8.1735061796250335e+01,
       8.7148931438793014e+01, 4.5287424086920566e+01,
       2.4279700433896959e+01, 3.6939992514058048e+01,
       2.9211258104343056e+01, 2.4206368579472471e+01,
       2.6858176992004633e+01, 1.1368364488092708e+02,
       2.8276991968912402e+01, 3.3023681296987895e+01,
       2.0319334597407598e+02, 3.3964714564387975e+01,
       2.5229247505507157e+01, 2.4531298098018077e+01,
       2.6335333770341261e+01 ]
weights: !!opencv-matrix
   rows: 1
   cols: 49
   dt: d
   data: [ 3.2865452977485894e-02, 1.7063182936837080e-02,
       2.4012023857806351e-02, 4.3539205461735082e-03,
       3.3854551047940280e-02, 2.8532078832271570e-02,
       2.4035047605688083e-02, 1.7139732833437886e-02,
       7.6550673198882372e-03, 1.8650954225702655e-02,
       1.3878544283743703e-02, 3.0668245210285789e-02,
       2.7496540618078172e-02, 1.1186286794152435e-02,
       1.9149975952705563e-02, 3.4027620824402159e-02,
       2.5725389647803205e-02, 1.6285599178903567e-02,
       2.4811110200420587e-02, 2.4627227221861079e-03,
       1.2268671036581727e-02, 2.0803970364604862e-02,
       3.0570472645691290e-02, 1.6452416057126856e-02,
       1.9130434914606965e-02, 1.9499720702671520e-02,
       9.0257584218365900e-03, 3.6335374580135180e-02,
       2.3719476336666309e-02, 3.3322451150368013e-02,
       1.8258209238476472e-02, 3.4561310720981372e-03,
       1.7178255886069818e-02, 1.3999953663332582e-02,
       1.0396555885276538e-02, 1.6755878346153091e-02,
       2.8881509660929720e-02, 1.8093685559334542e-02,
       2.6920688675154712e-02, 2.2300697086380286e-02,
       2.9625922180780098e-02, 7.4049367094186349e-03,
       3.3170895908781473e-02, 2.6755642142719954e-02,
       3.7279858666994857e-03, 1.8243043344124365e-02,
       2.3901252454969806e-02, 2.6226871831053388e-02,
       1.9719090662036153e-02 ]
pca_proj: !!opencv-matrix
   rows: 1
   cols: 21
   dt: f
   data: [ 4.36961316e-02, 8.50134730e-01, 1.73015636e-04,
       6.54514134e-02, 4.60692108e-01, 2.29939164e-04, 7.67599978e-03,
       1.46649793e-01, -1.37564148e-05, 1.21663406e-03, 1.30500361e-01,
       -5.45994153e-05, 8.06188770e-03, 1.42052382e-01, -2.12945142e-05,
       -2.45414903e-05, 9.56867734e-06, -1.94090262e-06, 3.13729906e-05,
       4.34020360e-04, 2.32224409e-07 ]
pca_mean: !!opencv-matrix
   rows: 1
   cols: 21
   dt: f
   data: [ 2.07625534e+02, 2.55653595e+02, 1.54502928e+00,
       2.18915131e+02, 2.60592743e+02, 1.67241716e+00, 2.65274475e+02,
       2.24016678e+02, 1.71669352e+00, 3.19420807e+02, 1.63929108e+02,
       1.75046074e+00, 3.16613464e+02, 2.25532654e+02, 1.70717156e+00,
       1.08872897e-04, -9.74175637e-05, 6.24380555e-05, -2.17504916e-04,
       -2.50119597e-01, 1.75055194e+00 ]
gamma: !!opencv-matrix
   rows: 49
   cols: 1
   dt: d
   data: [ 8.0862153392768088e-01, 8.7347383672370882e-01,
       7.8755226854707927e-01, 8.9374943830270070e-01,
       7.8302498945079657e-01, 7.7197471212756696e-01,
       8.4330601876864286e-01, 8.2529544558978862e-01,
       9.0301290217655983e-01, 8.5867150217431976e-01,
       8.7417307952647938e-01, 8.2309564667405999e-01,
       7.7105328511120985e-01, 8.9061530726703764e-01,
       8.1254824140934989e-01, 7.8862962236576151e-01,
       8.3670586554226867e-01, 8.5160780847604256e-01,
       7.7789490481387435e-01, 9.1590040780124027e-01,
       8.8523392724818617e-01, 8.4951401710350516e-01,
       7.7478234962687220e-01, 8.6088177199594340e-01,
       8.6624952677765887e-01, 8.0657309095434204e-01,
       8.8086733829543318e-01, 7.9497757716080053e-01,
       7.8216212195536150e-01, 8.1575218128391747e-01,
       8.4492869397274017e-01, 9.0107621501001156e-01,
       8.3160507943417561e-01, 8.7968887364402593e-01,
       8.9649158281182728e-01, 8.6675304744396375e-01,
       7.7225795496456084e-01, 8.3812861483535372e-01,
       7.7444281335359744e-01, 8.0011494889882839e-01,
       7.7849927625926196e-01, 8.8677568593613765e-01,
       8.0177075181864010e-01, 8.2988718097036707e-01,
       9.0922071832615625e-01, 8.5529230241794485e-01,
       7.9355081630606750e-01, 7.7090334119249626e-01,
       8.1899350848332220e-01 ]
