%YAML:1.0
means: !!opencv-matrix
   rows: 19
   cols: 11
   dt: d
   data: [ -1.8459414528737858e+02, -6.7638965891368912e+01,
       4.9132177923258183e+01, 2.0373844529733663e+01,
       -2.2361060187037562e+01, 3.1497461936765494e+00,
       -7.7672049441560809e-01, 8.6879413263989491e-01,
       -1.0736970530606287e+00, 1.6620565516249391e-02,
       4.1153578079370146e-02, 1.2322006336925223e+02,
       7.6746535159881518e+01, -4.0665022920384253e+01,
       -1.6618674018175717e+01, -7.1020555612970124e+00,
       -1.6474203082390482e+00, 1.1802868407826721e+00,
       1.8033666247379229e-01, -6.2821347679044204e-01,
       -1.0828991898281376e-01, 1.5337558743396509e-01,
       2.5876223197334941e+01, 1.3279000651883021e+02,
       -2.6973866582030684e+01, -5.4747597104832707e+01,
       -9.5389614698946943e+00, 2.3394227871049122e+00,
       1.9390020434643171e+00, 3.1933847842622290e-03,
       -1.8418311511421220e-01, -1.4137475570082866e-01,
       -1.1563747758210350e-02, 1.7309865751739977e+02,
       -3.5329963727406741e+00, -4.4238863699309334e+01,
       1.5905668456893308e+01, -1.1425083992918223e+01,
       -9.3049435981941269e+00, -1.1776034805932685e+00,
       -7.3034058060265561e-01, -8.7276737155989303e-01,
       8.6504095076839801e-02, 8.0323833320395707e-02,
       4.6492323244920925e+01, 4.5361895229322023e+01,
       -8.9076603108585477e+00, -2.3281431947595919e+01,
       -1.1655313426980860e+00, -8.8801161235365509e+00,
       -9.5150100595178611e+00, 3.2920708741209853e-01,
       6.8305753203119490e+00, 1.6111838079367016e+00,
       6.1047910618133673e-02, 4.9974660443807872e+00,
       -4.4900607230922070e+01, 1.1365166241724515e+01,
       1.7442570312725191e+01, 2.9755671232724719e+01,
       7.2163492907867530e+00, 1.5351557172305608e+00,
       -8.3076434717690650e-01, -8.1218867704516945e-02,
       8.3176858044605936e-02, -2.7040094198888209e-02,
       3.6131097414978419e-01, -1.3412434255163754e+01,
       -2.8414657116358515e+00, -1.1614821495797971e+01,
       4.8894780679777829e+00, -1.4264537205659655e+01,
       -3.0106020446760033e+00, 3.3842854436392882e+00,
       5.2942611412862117e+00, -1.4565279005643341e+00,
       -1.3742860142900604e-01, 1.2093184670020000e+02,
       -6.8728812249826543e+00, -2.8008925421242751e+01,
       1.4066903398844946e+01, -1.1481184910129900e+00,
       -2.9347348268058786e+00, -2.5202056562400416e-01,
       -6.5006667968144818e-02, -5.8399314698633265e-01,
       2.6149830592883387e-02, -4.9863811674634814e-02,
       -1.6666830625621793e+02, 4.4202291399685997e+01,
       3.6678125808915269e+01, -2.8356729396965790e+01,
       -4.0592748535464525e+00, 5.3765006062989884e-01,
       5.5843613403844061e-01, 1.0765891259207834e+00,
       -9.2786181770451948e-01, 7.2543342553403958e-03,
       -1.7788978474815665e-03, 6.0607828748578832e+01,
       -7.0470623632241029e+01, -4.7815438005441946e+00,
       4.4268560980751332e+01, -9.1205723923498248e+00,
       2.8094691879341688e+01, 2.8191306001616634e+00,
       8.4906897444058249e-01, 2.6292937651951342e-01,
       -1.3760807046482382e-01, -3.1002562640862732e-02,
       -2.3703540836331163e+00, 8.9786621042500627e+01,
       -7.4850996487603449e+00, -4.3809802019025966e+01,
       1.1981822453852748e+01, -1.6101187333695748e+00,
       1.4036060453985051e+00, -2.0534085508667560e-01,
       -2.9633088186636958e-01, 5.7952169051871005e-02,
       2.7790581888214545e-02, -1.4667460657112250e+02,
       -1.2829077547886936e+02, 4.8172718091230266e+01,
       4.2461174809139607e+01, -2.8269664918947473e+01,
       -7.9066316223556150e+00, -6.5151984612339620e+00,
       -1.3032511764518055e+00, 1.0122639157685820e+00,
       4.9884222887759450e-01, 4.3204415688442965e-02,
       -3.4110630081882074e+00, -1.6870625305092137e+01,
       -1.3098933572933769e-01, 1.1532768428373905e+00,
       -9.4377996674263365e+00, -1.1281956429535054e+01,
       1.7325208601424241e-01, -6.6896350715371744e-01,
       -1.3578564345324542e+00, 1.3563042399163064e-01,
       -3.1273774431302154e-01, -9.0072921480452763e+01,
       -2.3125370237982217e+01, 3.2286342882711821e+01,
       1.2015536478469556e+01, 1.2776222928196148e+01,
       1.8252795094372122e+01, 2.1701279605582173e+00,
       1.1984599876054052e+00, 6.2901743768854157e-02,
       -1.9853725325334662e-01, 3.1930921037374667e-02,
       -1.1803061309496381e+02, 1.2679402820814083e+02,
       7.5855432715521385e+00, -5.4795589840187702e+01,
       -1.5042011470922098e+01, -2.6293010258349286e-01,
       6.8054370606307202e-01, -3.1907987468985632e-01,
       -4.8510736446681724e-01, -3.8344265423339580e-01,
       1.2121186167779520e-01, 1.0011611579307258e+02,
       -4.3932798290396093e+01, -2.1618097482789892e+01,
       3.7088690554420182e+01, -2.7541606770073855e+01,
       2.3196437771578143e+01, 1.0609293181674839e+00,
       1.3128223839737252e+00, 4.7803496728920714e-01,
       4.1583335282225083e-02, 1.4810120742690097e-01,
       2.5532957018128347e+01, 1.9239109332168407e+01,
       -4.9249935579215576e+00, -1.1981541401102733e+01,
       2.7156409515821746e+01, -1.0048177690695631e+01,
       -1.3957699546291430e-01, -1.3752304267535498e+00,
       -7.9635058973612527e-01, 1.4640224280928582e-01,
       1.4029069330679400e-01, 4.6218308761497848e+00,
       -1.9636907222373787e+02, 1.5620946754268621e+01,
       6.8287223373064876e+01, 1.0762232733405723e+01,
       -2.1363095970513260e+01, -1.8908382966627435e+00,
       -1.1195442082344194e+00, 1.7572048743613344e-01,
       -1.2246665307832985e+00, 4.0111371893475002e-02,
       -1.9674558377554084e+02, -1.5042681209902995e+01,
       3.3236003236510626e+01, -1.6931599859287591e+01,
       -2.4350414969127177e+00, -8.4921222816460542e+00,
       -1.8183586541108605e+00, -3.9862746662070114e-01,
       3.9305801021281317e+00, 6.2485056949607198e-01,
       -1.5975094218480687e-01 ]
