%YAML:1.0
means: !!opencv-matrix
   rows: 37
   cols: 7
   dt: d
   data: [ 5.9230689050551526e+01, 9.6044251551003185e+01,
       -2.9588335249039439e+01, -3.6866863129693456e+01,
       2.8962668743240756e+00, -5.8992281259659558e+00,
       1.3881541713333894e+00, 1.6080777188559432e+00,
       -8.6117695530040606e+01, -4.7163945832948251e+00,
       1.9011656471213108e+01, -8.9921343577856128e+00,
       -9.2733151771640454e+00, -5.1057497020909237e-01,
       1.8738484975500805e+02, 1.0379248116570523e+01,
       -5.1267160352120378e+01, 1.4438726508077506e+01,
       -9.6477577467045066e+00, -7.3473159676208226e+00,
       1.2547828998067172e+00, -1.9651590451187201e+02,
       -4.5831082029951780e+01, 5.0336432328248208e+01,
       6.4507562166768411e+00, -1.3320235103492513e+01,
       -1.3087749619639704e+00, -9.9676608005574274e-01,
       -9.4035117967391315e+00, 1.1924113599270443e+02,
       1.7291984072788505e+01, -3.0568736698327495e+01,
       1.8251588551431695e+01, -1.3462885183897535e+00,
       -1.2724939766106187e+01, -8.8526236276363278e+01,
       1.3514135245398423e+01, 3.8319560986405165e+01,
       1.6476537922361349e+01, 1.5420983781203313e+01,
       1.3452757444338205e+01, 2.6378858287363891e+00,
       -1.4037818383194275e+02, -1.4888580361828988e+02,
       5.2280601128737587e+01, 4.6412966970221959e+01,
       -3.1946538149357931e+01, -2.8239901558875456e+01,
       -8.3518600749844989e+00, 9.9975983160354261e+01,
       -4.5238934500799161e+01, -2.1508990627640994e+01,
       3.6799407520435295e+01, -2.7459586890591957e+01,
       2.3336497645615452e+01, 1.1213882669503923e+00,
       -6.6578288880454494e+01, 8.8730111081775263e+01,
       -4.2991555313447698e+01, -3.0334601600066488e+01,
       1.7637156877402639e+01, -9.1203326660528095e-01,
       1.8551839861805179e+00, 2.4981741643614587e+01,
       -5.4536915725541057e+01, 5.7727098678702236e+00,
       4.2572418084595235e+01, -3.1729134276858694e+01,
       2.9196132338276346e+01, 2.4289764732329573e+00,
       -1.0679421045639698e+01, 5.3689193007770086e+01,
       -6.4063979188888380e+00, 1.8065386257501569e+01,
       2.4377981009728849e+01, -3.1136264236501404e-01,
       7.9321085404584113e-01, -2.5274639904126553e+02,
       3.9331878150549635e+01, -1.5073674669684666e+01,
       -1.7590240496116856e+01, -3.3692347145619488e+00,
       -6.1691569453240307e+00, 2.7379788485460399e-01,
       9.1024466848408068e+01, 1.7087545805093441e+01,
       6.4262238211666983e+01, -8.2121809766618235e+00,
       1.7429579933373137e+01, 7.4899557604469669e+00,
       2.2467626390164558e-02, -1.3567985745815420e+02,
       -5.9370450902541251e+01, 3.8595935056228662e+01,
       3.0115405813231003e+01, -1.6955273904298174e+01,
       1.8466187650978025e+01, -5.2673526690841910e-01,
       1.5331581637731793e+02, -9.4918623439477585e+01,
       2.7422632054370183e+01, -5.4101220769110071e+01,
       1.1227703322617813e+01, -1.7953939765165852e+00,
       -7.9574752912436264e-01, 3.8719056533421963e+01,
       -7.9056872741646458e+01, 2.3910589684267407e+00,
       4.8449933893824046e+01, 6.4526007532847656e+00,
       2.2463729165806988e+01, 2.2265046419870993e+00,
       1.3596925860803685e+02, 2.2168866271692568e+01,
       -4.4807431900034985e+01, 1.0500472820517939e+00,
       -1.9922518379360707e+01, -1.1694658921895526e+01,
       -5.0955004068652423e+00, -3.5362428367546666e+00,
       -1.2575247588265626e+02, 2.3626374975190089e+01,
       5.1359764548779872e+01, 3.4532491157167200e+01,
       -1.4001048587507579e+00, 9.3761523069568775e-01,
       1.3257919011644753e+02, -9.1424019677730399e+01,
       -2.7797861467525674e+01, 4.8708888561540995e+01,
       -2.3750506388750608e+01, -3.3034422772851739e+00,
       1.6043025223050209e+00, -5.4525122798042872e+01,
       1.0085040623098099e+02, 1.4426072733567185e+01,
       -5.1493010459601663e+01, 5.1827468705374535e+00,
       4.0264763153094956e+00, 1.8486851239745843e+00,
       -1.8133039513313668e+02, -1.3539406052377308e+02,
       5.3408024380650161e+01, 4.4175117497822761e+01,
       -3.6466733422802719e+01, -1.3628117085120145e+01,
       -4.0951029659759808e+00, 3.3007268381920447e+01,
       1.5244496052285976e+02, -1.8272846573917779e+01,
       2.8564996451713323e+01, -1.0321453495083201e+01,
       -3.0672898535682958e+00, -5.5306419353076924e-02,
       4.0200460261180744e+01, 1.0619097510344741e+02,
       -3.2572857583582405e+01, -4.9141441741342099e+01,
       -1.2548844374549649e+01, 2.8156073443991096e+00,
       1.3988720370855134e+00, -4.9138989513756899e+00,
       -6.9309129652295994e+01, -3.4507860461709214e+01,
       -4.2008694677660714e+01, 2.0361147415712193e+01,
       3.9050944223068638e+00, 1.5244536346033501e+00,
       -1.3598639208052487e+02, 3.9793972315743858e+01,
       5.7381667560948635e+01, -3.8836964660287038e+01,
       -4.2387058948609093e+00, -8.0123693002993797e+00,
       -5.9530832191347938e-01, 1.7351442826491260e+02,
       5.2294854248772609e+01, 3.6851184511549647e+01,
       -2.8259151593980146e+01, -1.0360814790767352e+01,
       -6.2769374474160013e+00, -1.7426002037280282e+00,
       1.5563085377014175e+01, -4.3882574840714241e+01,
       -1.1923618995693106e+00, 1.4154579618279785e+01,
       -1.0520783859273154e+01, -2.1841899041488244e+01,
       -2.3415067209744724e+00, 3.0550776491361091e+01,
       -1.0242711299763879e+01, -1.2699659594221608e+00,
       -1.1992365369685627e+01, 2.4593544587007052e+01,
       -2.5036264729508222e+01, -3.9251137063827732e+00,
       2.9806654210587627e+01, -5.7477300866387296e+01,
       8.3762329681088854e+00, 3.8066335989182910e+01,
       3.1205809354092747e+01, 2.0620806238300915e+00,
       8.4610919094925741e-01, -1.3066583740051662e+01,
       -3.4900300183135982e+01, 8.2176970100460878e+00,
       9.2259895038357520e+00, 4.0678902247737149e+01,
       -2.1322003566141197e+00, 1.5154362234800947e+00,
       -8.0929904005487188e+01, -1.2709230137948019e+02,
       1.3830156347716686e+01, -3.3288046964874219e+01,
       1.8306557311849389e+01, 1.2365223364037886e+01,
       7.9487038188572068e-01, -6.9003782289586968e-01,
       1.3614816409676718e+02, -2.0986839280602585e+01,
       -6.1318471783135948e+01, -9.5381961829561916e+00,
       3.2450527419453414e+00, 2.3793904846384897e+00,
       -1.5004430933754003e+02, 1.1744799239115109e+02,
       1.7079983575579487e+01, -5.1425468869842042e+01,
       -2.3934416336258266e+01, -4.9018893324106267e+00,
       -5.5540688620419187e-01, 7.3560741909261921e+01,
       1.9256213711464277e+01, -3.2429740291191195e+01,
       -2.3496649948762767e+00, 2.1176407794495988e+00,
       -8.0195859982091733e+00, -4.1249672219945364e+00,
       1.1255129587934928e+02, -8.5284187223875421e+01,
       -1.0876841820454491e+01, 5.5802557292206323e+01,
       6.0735643255768963e+00, 1.7893501307542273e+01,
       1.9953527919247931e+00, 1.1141641516976948e+01,
       -2.4203106834486957e+02, 7.7095307682998113e+00,
       7.6091381077192295e+01, -1.1186608228703685e+00,
       -3.3705720876685518e+01, -2.8905397598712037e+00,
       1.1955621906332115e+02, -7.5889966190767999e-01,
       -5.0217609530121749e+01, 1.3691106648198355e+01,
       -8.2544978554368118e+00, -3.7153653689708936e+00,
       -1.4991667912124859e-01 ]
