%YAML:1.0
means: !!opencv-matrix
   rows: 5
   cols: 1
   dt: d
   data: [ -1.0141859907718862e+02, 1.6482294399296109e+02,
       -3.5101792812872654e+00, -2.1852291245646197e+02,
       8.1080085910805522e+01 ]
covs: !!opencv-matrix
   rows: 5
   cols: 1
   dt: d
   data: [ 2.6420480214027857e+03, 3.1011850404144157e+03,
       2.2006036006973945e+03, 3.7297880106303819e+03,
       2.2525355494952150e+03 ]
weights: !!opencv-matrix
   rows: 1
   cols: 5
   dt: d
   data: [ 1.9643824588588896e-01, 1.7483139393456540e-01,
       2.3538407126267502e-01, 1.3337938567065910e-01,
       2.5996690324620431e-01 ]
pca_proj: !!opencv-matrix
   rows: 1
   cols: 21
   dt: f
   data: [ 4.36961316e-02, 8.50134730e-01, 1.73015636e-04,
       6.54514134e-02, 4.60692108e-01, 2.29939164e-04, 7.67599978e-03,
       1.46649793e-01, -1.37564148e-05, 1.21663406e-03, 1.30500361e-01,
       -5.45994153e-05, 8.06188770e-03, 1.42052382e-01, -2.12945142e-05,
       -2.45414903e-05, 9.56867734e-06, -1.94090262e-06, 3.13729906e-05,
       4.34020360e-04, 2.32224409e-07 ]
pca_mean: !!opencv-matrix
   rows: 1
   cols: 21
   dt: f
   data: [ 2.07625534e+02, 2.55653595e+02, 1.54502928e+00,
       2.18915131e+02, 2.60592743e+02, 1.67241716e+00, 2.65274475e+02,
       2.24016678e+02, 1.71669352e+00, 3.19420807e+02, 1.63929108e+02,
       1.75046074e+00, 3.16613464e+02, 2.25532654e+02, 1.70717156e+00,
       1.08872897e-04, -9.74175637e-05, 6.24380555e-05, -2.17504916e-04,
       -2.50119597e-01, 1.75055194e+00 ]
gamma: !!opencv-matrix
   rows: 5
   cols: 1
   dt: d
   data: [ 8.6890906003813928e-01, 8.9371337714543964e-01,
       8.3871404754051337e-01, 9.1135409412796176e-01,
       8.5553198586508628e-01 ]
