%YAML:1.0
means: !!opencv-matrix
   rows: 1
   cols: 9
   dt: d
   data: [ -8.1991156774165576e-04, 2.0497020245960449e-03,
       -1.1664656408404699e-03, -2.1044269132660705e-04,
       9.8347276575528665e-04, -1.3648424294753932e-03,
       3.8726844052551317e-04, -1.3423665811431421e-03,
       7.9480166310455394e-04 ]
covs: !!opencv-matrix
   rows: 9
   cols: 9
   dt: d
   data: [ 1.7513403686888065e+04, -6.0911433400533500e-05,
       1.3536025729552910e-03, -2.8281534736780033e-04,
       -1.1389551453996911e-03, 3.0490829379127267e-04,
       2.4865017898682712e-05, 2.3778572987768259e-04,
       -2.9301551766198667e-04, -6.0911433400533500e-05,
       9.7707007494592417e+03, -3.4397515622434868e-05,
       -1.5458574310869427e-03, -3.6816493056233187e-04,
       5.8439631740518736e-04, 2.1049946081335523e-04,
       2.0838838027520867e-04, -8.3007194872901596e-04,
       1.3536025729552910e-03, -3.4397515622434868e-05,
       3.2757246404090715e+03, 4.4882419699766279e-06,
       5.6715272199717791e-05, -2.9316129393614149e-05,
       -5.7950478969088552e-05, 1.8012660404924404e-04,
       -2.6220365832628674e-04, -2.8281534736780033e-04,
       -1.5458574310869427e-03, 4.4882419699766279e-06,
       2.6309016742818089e+03, -1.3779453634626295e-04,
       4.9812763176901175e-05, 1.3443740178027184e-04,
       5.3651238904151343e-05, -4.2428901668322501e-04,
       -1.1389551453996911e-03, -3.6816493056233187e-04,
       5.6715272199717791e-05, -1.3779453634626295e-04,
       3.9588003623308668e+02, 2.5247058309910246e-05,
       -8.0366577099714800e-05, 2.0047470892643561e-06,
       1.6039173425903003e-05, 3.0490829379127267e-04,
       5.8439631740518736e-04, -2.9316129393614149e-05,
       4.9812763176901175e-05, 2.5247058309910246e-05,
       2.4836204973694251e+02, -4.8053946668273830e-05,
       4.2611144645485696e-05, 1.2831688405748226e-04,
       2.4865017898682712e-05, 2.1049946081335523e-04,
       -5.7950478969088552e-05, 1.3443740178027184e-04,
       -8.0366577099714800e-05, -4.8053946668273830e-05,
       3.0144350733133692e+01, 6.3303708839109385e-05,
       -1.6274593472720379e-06, 2.3778572987768259e-04,
       2.0838838027520867e-04, 1.8012660404924404e-04,
       5.3651238904151343e-05, 2.0047470892643561e-06,
       4.2611144645485696e-05, 6.3303708839109385e-05,
       1.8492693074065173e+01, -3.5239595469961703e-05,
       -2.9301551766198667e-04, -8.3007194872901596e-04,
       -2.6220365832628674e-04, -4.2428901668322501e-04,
       1.6039173425903003e-05, 1.2831688405748226e-04,
       -1.6274593472720379e-06, -3.5239595469961703e-05,
       3.7720076659812873e+00 ]
weights: !!opencv-matrix
   rows: 1
   cols: 1
   dt: d
   data: [ 1. ]
pca_proj: !!opencv-matrix
   rows: 9
   cols: 21
   dt: f
   data: [ 4.36961316e-02, 8.50134730e-01, 1.73015636e-04,
       6.54514134e-02, 4.60692108e-01, 2.29939164e-04, 7.67599978e-03,
       1.46649793e-01, -1.37564148e-05, 1.21663406e-03, 1.30500361e-01,
       -5.45994153e-05, 8.06188770e-03, 1.42052382e-01, -2.12945142e-05,
       -2.45414903e-05, 9.56867734e-06, -1.94090262e-06, 3.13729906e-05,
       4.34020360e-04, 2.32224409e-07, 7.68702388e-01, -5.10314330e-02,
       1.14127281e-04, 4.21110362e-01, -3.83849256e-02, 4.02935693e-05,
       2.81941950e-01, -1.35209868e-02, 1.95932400e-04, 2.66951323e-01,
       -4.70317341e-03, 2.29704310e-04, 2.76557714e-01, -1.55316098e-02,
       2.11025646e-04, -3.74769334e-05, 5.54774260e-06, -7.89335627e-06,
       8.86836962e-04, -5.85095040e-05, 1.91629806e-04, 1.28585771e-02,
       -3.46314937e-01, -1.22481215e-04, -4.01510373e-02, 1.58088982e-01,
       -1.45607672e-04, 1.89476740e-02, 5.27356327e-01, 2.33430081e-04,
       1.79703757e-02, 5.36674440e-01, 2.90960423e-04, 1.17339585e-02,
       5.35117626e-01, 2.47836346e-04, -7.02231409e-06, -3.17391914e-06,
       2.59759432e-08, 1.54912759e-05, 1.72088097e-03, 2.08691781e-04,
       -5.93480825e-01, -8.48098937e-03, -8.88030772e-05, 2.05370650e-01,
       3.40346433e-02, 1.63823628e-04, 4.45453286e-01, -5.44621795e-03,
       -1.30590008e-04, 4.45820451e-01, -1.72652975e-02, -2.10900864e-04,
       4.54801619e-01, -3.90723068e-03, -1.75610170e-04, -1.74471352e-05,
       -6.38676829e-06, 1.65030560e-05, 1.38473080e-03, -5.51051289e-06,
       -1.34489819e-04, -4.15651649e-02, -3.88010889e-01,
       -1.59748225e-03, 2.57949054e-01, 8.27547431e-01, -5.50693134e-04,
       -8.53880048e-02, -1.33590102e-01, -3.55328375e-04,
       -8.88043940e-02, -1.88108414e-01, -3.67236295e-04,
       -7.92043582e-02, -1.47186622e-01, -3.09964700e-04,
       -2.68626522e-04, -4.51062988e-05, -9.29085581e-06,
       -3.75579461e-04, -5.09061909e-04, -3.50576767e-04,
       -2.29677543e-01, 6.27092123e-02, 2.84698303e-03, 8.33015800e-01,
       -2.64675170e-01, 3.15759354e-03, -1.39708534e-01, 2.80198567e-02,
       3.38124041e-03, -2.62821585e-01, 1.58270776e-01, 3.37547949e-03,
       -2.53903240e-01, 1.97897218e-02, 3.25371907e-03, -1.88428123e-04,
       9.26321736e-05, 1.05069688e-04, -8.69478390e-04, 5.32297554e-06,
       3.23282625e-03, 1.65469572e-02, -1.22944964e-02, 1.79094095e-02,
       -1.09140642e-01, 7.21300468e-02, 1.91718508e-02, 3.82933050e-01,
       -4.23867494e-01, 2.11461242e-02, -7.92417750e-02, 7.01953173e-01,
       2.17523333e-02, -2.13373944e-01, -3.30373585e-01, 2.08413042e-02,
       1.44753244e-03, -7.25856051e-04, -2.26010093e-06, -4.08638298e-04,
       -1.03708194e-03, 2.05057804e-02, -6.12482149e-03, 4.53187432e-03,
       -1.47227561e-02, 4.62815911e-02, 4.60040104e-03, -1.30038531e-02,
       -5.40814281e-01, -3.94846082e-01, -9.67654400e-03, 6.69368744e-01,
       1.90595120e-01, -8.65626615e-03, -1.51365533e-01, 2.03159422e-01,
       -1.02407113e-02, 8.06973968e-03, -6.19888189e-04, 5.93176403e-04,
       9.08632996e-04, 1.30988006e-03, -1.01137022e-02, -3.53471935e-03,
       -1.95227400e-03, -1.73782315e-02, 9.28292703e-03, 4.70860396e-03,
       -1.99536495e-02, -5.02344728e-01, 1.02537982e-01, -1.84558369e-02,
       -1.64886296e-01, 3.23438972e-01, -1.36241559e-02, 6.54348731e-01,
       -4.18312222e-01, -1.88330039e-02, -1.05655761e-02,
       -5.32999914e-03, -4.22463380e-03, -3.02632048e-04, 1.83676544e-03,
       -1.76720247e-02 ]
pca_mean: !!opencv-matrix
   rows: 1
   cols: 21
   dt: f
   data: [ 2.07625534e+02, 2.55653595e+02, 1.54502928e+00,
       2.18915131e+02, 2.60592743e+02, 1.67241716e+00, 2.65274475e+02,
       2.24016678e+02, 1.71669352e+00, 3.19420807e+02, 1.63929108e+02,
       1.75046074e+00, 3.16613464e+02, 2.25532654e+02, 1.70717156e+00,
       1.08872897e-04, -9.74175637e-05, 6.24380555e-05, -2.17504916e-04,
       -2.50119597e-01, 1.75055194e+00 ]
gamma: !!opencv-matrix
   rows: 1
   cols: 1
   dt: d
   data: [ 8.3139346477801579e-01 ]
