%YAML:1.0
means: !!opencv-matrix
   rows: 13
   cols: 8
   dt: d
   data: [ 8.1993411032316544e+01, 1.7193600869076931e+01,
       -2.2737144127741225e+01, -3.2215013851851431e+01,
       -2.5790193098041751e+01, -2.0357079493171657e+01,
       1.0959170617084684e+00, -2.5342023845693618e+00,
       -1.5773725123009305e+02, -2.2530553648705517e+01,
       3.9096772135605612e+01, 1.9689689813172205e+01,
       -1.8773612645956479e+00, 3.6641947739531342e+00,
       6.4206837352766477e-01, -3.5000716967174356e-02,
       3.4601093935381392e+01, -9.8216126787341082e+01,
       -1.1262517662881308e+01, 6.6764230869622793e+01,
       -3.9085183039823206e+00, -7.5202826665471445e-01,
       2.0270498618296351e+00, -3.6036468107360647e-01,
       1.3433533614558510e+02, 1.2558285833742207e+01,
       -3.9529032010730951e+01, -2.4017492503298257e+01,
       -1.5499246406235958e+01, 2.3483808727681290e+00,
       3.6534858856209435e-01, -1.4347121549994386e+00,
       1.2406783655827215e+02, -2.5022295664610468e+01,
       -2.9491311818352852e+01, 1.9531289168902930e+01,
       -6.1556474186930323e+00, 1.1389588469895260e+01,
       -1.6035731014932566e+00, 9.8466971764506794e-01,
       -1.7229071761479523e+02, 3.1079368445727209e+01,
       4.0190821531590309e+01, -2.3758141087170944e+01,
       -8.8765588260876953e+00, -5.1490802720841460e+00,
       1.1748530410238902e-03, -7.3002783847096198e-01,
       -9.2638812665997008e+01, -9.2701298876383547e+01,
       2.0371375163572090e+01, 5.7655624250651201e+01,
       -3.1898282961097952e+00, -2.0641717694482051e+00,
       1.2956472470634270e+00, -7.8441339333433080e-01,
       -2.7726979175716220e+01, -1.0007312149952362e+01,
       1.6817098558858945e+01, 7.3497506935124512e+00,
       1.7715862493162259e+01, -5.7889280587463681e+00,
       -1.2775776474743739e+00, -1.0230746331869798e+00,
       9.5992501555070021e+01, 3.8840343645454432e+01,
       -1.3386153596091980e+01, -2.8759528711692948e+01,
       -5.1032025401623615e+00, -9.7246274497081355e+00,
       -3.0478292695330970e-03, 4.7495146203233690e-01,
       -2.2940234120360216e+01, 1.7257904826189908e+01,
       -6.8811831975436846e+01, 9.8376511420353607e-01,
       1.9753793452365301e+01, 2.7303803037713235e+00,
       9.0702199845614728e-01, 8.4789299052381917e-01,
       5.0756418081851344e+01, 1.6719976964571568e+01,
       1.8626979852714825e+01, -5.7138411273598786e+00,
       2.6395408735838792e+01, 6.4476880690248306e-01,
       1.2143659042265551e+00, 1.1623830410484828e+00,
       1.0562108137078379e+01, 1.1245779327625705e+02,
       2.0413101006127654e+00, -6.6845952445258021e+01,
       9.7955436533151516e+00, 7.4953186335261135e-01,
       -4.4351050278835774e-01, 1.3707849121194007e+00,
       -1.9849522673184097e+02, 9.8778917517365116e+01,
       4.0607636565536851e+01, -5.3903394488138510e+01,
       -2.4862416415535936e+01, 1.7510738756121043e+01,
       -3.8139869800413626e+00, 2.0522776079969578e+00 ]
covs: !!opencv-matrix
   rows: 104
   cols: 8
   dt: d
   data: [ 4.0439380537588368e+03, 5.6150228064937068e+01,
       3.0931163681923390e+03, 1.3201138022045109e+02,
       -1.1474007423889769e+02, -3.4536765001351277e+01,
       -5.0187458206910797e+01, -4.9765455173157997e+00,
       5.6150228064937117e+01, 5.5597977505654699e+03,
       -5.7302094975236315e+01, 2.4577116631195076e+03,
       -4.9497035351827293e+01, -1.3919789211315387e+02,
       3.8981400490230982e+01, -1.9318536004117995e+01,
       3.0931163681923390e+03, -5.7302094975236287e+01,
       2.5629916590427247e+03, 2.3669750578429998e+01,
       -8.3642991516777641e+01, 5.8296103314207734e+01,
       1.4873185323251670e+01, -4.3460687453131754e+00,
       1.3201138022045109e+02, 2.4577116631195076e+03,
       2.3669750578429973e+01, 1.1603324526763163e+03,
       -6.3066448331163976e+01, -9.0892467180125891e+01,
       3.8939787228920988e+00, 1.8923780264231564e+01,
       -1.1474007423889766e+02, -4.9497035351827307e+01,
       -8.3642991516777627e+01, -6.3066448331163983e+01,
       3.1865783583458562e+01, 6.2924431901091396e+00,
       3.9057141390477335e+00, -1.5579546181772576e+01,
       -3.4536765001351291e+01, -1.3919789211315387e+02,
       5.8296103314207734e+01, -9.0892467180125891e+01,
       6.2924431901091378e+00, 7.8800714019786255e+01,
       2.7503669376675752e+01, -7.9946426341286285e+00,
       -5.0187458206910790e+01, 3.8981400490230968e+01,
       1.4873185323251672e+01, 3.8939787228920988e+00,
       3.9057141390477326e+00, 2.7503669376675752e+01,
       1.9590334568302751e+01, -2.3064754855928014e+00,
       -4.9765455173157989e+00, -1.9318536004117995e+01,
       -4.3460687453131737e+00, 1.8923780264231564e+01,
       -1.5579546181772576e+01, -7.9946426341286294e+00,
       -2.3064754855928009e+00, 1.4050088872896563e+01,
       7.0527638434748360e+03, 2.7170309024543633e+02,
       3.0051196216227331e+03, 1.0918812724121928e+01,
       3.1968033197064256e+02, -3.4967891063010779e+02,
       1.3006576385493506e+02, -3.1294926826864199e+01,
       2.7170309024543633e+02, 8.0878718494044415e+03,
       3.4351477995370480e+01, 1.2679613645768031e+03,
       8.6152495583726498e+00, 2.2903937475235301e+02,
       5.5966289427173042e+00, 1.6424311572132833e+00,
       3.0051196216227331e+03, 3.4351477995370480e+01,
       2.3097735346783306e+03, -5.1974275415973771e+01,
       -6.5343038802399462e+01, -1.9985765927457869e+01,
       -2.3144834565244548e+01, 1.5443295068683790e+01,
       1.0918812724121929e+01, 1.2679613645768029e+03,
       -5.1974275415973771e+01, 1.4429458690590284e+03,
       -9.5596922638839672e+01, -8.3034971440526718e+01,
       -1.3407798523153740e+01, -3.0466940735125188e+00,
       3.1968033197064256e+02, 8.6152495583726569e+00,
       -6.5343038802399448e+01, -9.5596922638839686e+01,
       1.1703832252261836e+02, -9.1047869529417895e+01,
       9.0527743441043462e+00, -1.5276083452109612e+01,
       -3.4967891063010785e+02, 2.2903937475235298e+02,
       -1.9985765927457859e+01, -8.3034971440526746e+01,
       -9.1047869529417866e+01, 2.4222936667497683e+02,
       -6.4375132521093761e+00, 4.7732687123169237e-01,
       1.3006576385493506e+02, 5.5966289427173130e+00,
       -2.3144834565244548e+01, -1.3407798523153740e+01,
       9.0527743441043445e+00, -6.4375132521093761e+00,
       2.5640894899032144e+01, -1.6647211923878762e+00,
       -3.1294926826864209e+01, 1.6424311572132824e+00,
       1.5443295068683794e+01, -3.0466940735125188e+00,
       -1.5276083452109608e+01, 4.7732687123169287e-01,
       -1.6647211923878760e+00, 1.9326915583727462e+01,
       5.7933570572013477e+03, 5.4822570072757355e+02,
       2.8900807095603877e+03, -7.6496167546918912e+01,
       -7.1622281721783693e+01, 1.3545443704389285e+02,
       -3.4987262194739998e+01, 7.3686892286116397e+00,
       5.4822570072757344e+02, 6.1968395587139248e+03,
       -1.8839704766959173e+02, 2.1250411574594596e+03,
       -6.5680532301166267e+01, -1.7865857727282801e+01,
       7.0729314593566613e+01, -1.1045364686084604e+01,
       2.8900807095603877e+03, -1.8839704766959173e+02,
       2.5602526065294755e+03, -2.0198870552998841e+01,
       -1.1947411026788744e+02, 2.4706464548656598e+01,
       1.8046113547388160e+01, 5.0742196185630783e+00,
       -7.6496167546918841e+01, 2.1250411574594596e+03,
       -2.0198870552998841e+01, 1.2049713922470248e+03,
       -5.0419152467449230e+01, -1.6401725072815447e+02,
       -3.9104987738780956e+01, 1.7322259791075677e+01,
       -7.1622281721783693e+01, -6.5680532301166267e+01,
       -1.1947411026788745e+02, -5.0419152467449237e+01,
       2.7626256708139906e+01, 8.6323761042769842e+00,
       -4.3876000901242209e+00, -2.6634004119011734e+00,
       1.3545443704389288e+02, -1.7865857727282794e+01,
       2.4706464548656598e+01, -1.6401725072815447e+02,
       8.6323761042769842e+00, 5.4042234320533396e+01,
       2.1234615206967931e+01, -7.0377617422587502e+00,
