%YAML:1.0
means: !!opencv-matrix
   rows: 4
   cols: 13
   dt: d
   data: [ 5.9715970761932738e+01, 1.5378327105910448e+00,
       -1.1437278902493373e+01, 5.4199702928147113e+00,
       5.5706630742076957e+00, 3.1568562657522108e+00,
       9.0066798292771943e-01, -1.4914640323616249e-01,
       -3.4513711678395698e-01, 1.1506851478395882e-02,
       2.0996866930607195e-02, 7.2745083881720360e-03,
       2.1541822575334162e-03, -1.7368541060232457e+02,
       -3.7929271159774565e+01, 4.2381308718901714e+01,
       3.0331508386254584e+00, -1.3274974687216062e+01,
       -3.2826863693442592e+00, -1.2086271355417555e+00,
       5.0267366450549655e-01, -3.5506653829715656e-01,
       1.1984526029979936e-01, -4.0356794946600411e-02,
       1.3039927653628639e-03, 1.0311663823445838e-03,
       2.3060301943234894e+01, -5.3359508197401851e+01,
       -4.9932332312333800e+00, 1.5624612356388258e+01,
       4.9869567807562670e-01, -1.2704127412650212e+01,
       -3.8473845999568548e+00, 3.8857296291123328e-01,
       2.5313255881993140e+00, -7.0365715364084327e-02,
       -9.4724832595133132e-02, -3.3372892021789363e-02,
       -1.5405415561622567e-02, -7.3583585444577920e+01,
       1.1950885645192301e+02, -1.2905667575027147e+00,
       -5.5436402342225904e+01, -1.0101189450426840e+01,
       1.8502610170355425e+00, 1.2696481031695301e+00,
       -4.5399588485694503e-01, -2.6369017317345744e-01,
       -1.7859610007419752e-01, 5.5325372889911871e-02,
       -7.5403969837411359e-03, 3.3524972136167830e-03 ]
covs: !!opencv-matrix
   rows: 52
   cols: 13
   dt: d
   data: [ 1.0492567013732167e+04, -3.0585585360566984e+02,
       1.2760330090101697e+03, -3.1888595038333153e+02,
       -1.0833105880760975e+03, -2.9565681157238606e+02,
       -9.2396282833269552e+01, 1.2845286933114490e+01,
       -2.9323994645719704e+01, 1.4252893011275005e+00,
       -1.0646520593068418e+00, -4.1705100390266514e-01,
       8.9349498856749129e-02, -3.0585585360566972e+02,
       9.7565704339714612e+03, 2.2503956640098380e+02,
       9.1045856005320411e+02, -1.7093788844076443e+02,
       -4.1398270733725820e+02, -4.9760753849932279e+01,
       -1.6933622300665480e+01, -1.4181948624809088e+01,
       -9.9371432370971675e+00, -1.2178025202686036e+00,
       -4.8241371514090498e-01, 7.6583766454267316e-02,
       1.2760330090101700e+03, 2.2503956640098374e+02,
       3.0293010252691338e+03, -4.7524710297725193e+01,
       2.5268913836745040e+02, 8.7591278078147937e+01,
       2.7842356842874974e+01, -3.1457402141049875e+00,
       5.2441526281228610e+00, 1.4375752707152958e+00,
       -2.4946258974528457e-02, -8.8360163215536427e-02,
       2.3437179070183618e-02, -3.1888595038333148e+02,
       9.1045856005320411e+02, -4.7524710297725179e+01,
       2.4979707364115216e+03, -3.6155373891453671e+01,
       1.0099949331869173e+02, 7.0142805642604369e+00,
       8.9086576331080671e+00, 7.9750619437947936e+00,
       -2.1731800065996143e-01, 5.6372887255714010e-01,
       7.9589983965689129e-02, -3.3031050302811324e-02,
       -1.0833105880760977e+03, -1.7093788844076448e+02,
       2.5268913836745040e+02, -3.6155373891453657e+01,
       4.8809892318920265e+02, -5.5296033566491197e+01,
       -1.0053596355939600e+01, -7.2987658599809278e+00,
       -4.9026768852930394e+00, 7.5612143201051252e-01,
       1.9085448540938066e-01, 4.0421702146595510e-02,
       -5.9292515034192143e-03, -2.9565681157238606e+02,
       -4.1398270733725820e+02, 8.7591278078147937e+01,
       1.0099949331869175e+02, -5.5296033566491211e+01,
       2.3653869088593015e+02, -8.6655072368692707e+00,
       1.1572883232166786e+00, 4.5578154120717587e+00,
       -1.9477380684035321e+00, -8.0256923207776623e-02,
       -1.8197063313155087e-01, -1.4013325401408998e-02,
       -9.2396282833269552e+01, -4.9760753849932286e+01,
       2.7842356842874967e+01, 7.0142805642604342e+00,
       -1.0053596355939600e+01, -8.6655072368692725e+00,
       2.3661852967620394e+01, 4.3990759313146743e-01,
       3.4889227034906543e+00, 1.5512712433857581e-01,
       -4.4918582573311515e-02, 5.3324521724766309e-02,
       -3.2023676272335003e-02, 1.2845286933114487e+01,
       -1.6933622300665476e+01, -3.1457402141049893e+00,
       8.9086576331080600e+00, -7.2987658599809278e+00,
       1.1572883232166782e+00, 4.3990759313146754e-01,
       1.4114074368760265e+01, -8.1467853117731981e-01,
       5.8889786307502201e-01, -9.8342837451670332e-03,
       -4.9285317752354512e-03, 2.4916676750636690e-03,
       -2.9323994645719697e+01, -1.4181948624809092e+01,
       5.2441526281228628e+00, 7.9750619437947936e+00,
       -4.9026768852930385e+00, 4.5578154120717587e+00,
       3.4889227034906543e+00, -8.1467853117731981e-01,
       1.2965021974343043e+00, 3.1780783598394868e-02,
       2.5869393880743722e-02, 1.6788748894538328e-02,
       1.6221197751966510e-02, 1.4252893011275001e+00,
       -9.9371432370971675e+00, 1.4375752707152951e+00,
       -2.1731800065996137e-01, 7.5612143201051252e-01,
       -1.9477380684035328e+00, 1.5512712433857576e-01,
       5.8889786307502201e-01, 3.1780783598394882e-02,
       3.1256132206059989e-01, 2.1078428680069036e-02,
       2.4920033951713482e-05, 3.4667704337075604e-03,
       -1.0646520593068420e+00, -1.2178025202686031e+00,
       -2.4946258974528464e-02, 5.6372887255713988e-01,
       1.9085448540938060e-01, -8.0256923207776665e-02,
       -4.4918582573311515e-02, -9.8342837451670367e-03,
       2.5869393880743722e-02, 2.1078428680069036e-02,
       3.2323787343974293e-02, -1.1577923602465970e-03,
       9.8658895762483939e-05, -4.1705100390266525e-01,
       -4.8241371514090486e-01, -8.8360163215536400e-02,
       7.9589983965689157e-02, 4.0421702146595510e-02,
       -1.8197063313155087e-01, 5.3324521724766309e-02,
       -4.9285317752354512e-03, 1.6788748894538325e-02,
       2.4920033951713489e-05, -1.1577923602465968e-03,
       2.0111623512216520e-03, 4.7257773684628197e-04,
       8.9349498856749102e-02, 7.6583766454267288e-02,
       2.3437179070183591e-02, -3.3031050302811331e-02,
       -5.9292515034192073e-03, -1.4013325401409002e-02,
       -3.2023676272335003e-02, 2.4916676750636664e-03,
       1.6221197751966513e-02, 3.4667704337075595e-03,
       9.8658895762483804e-05, 4.7257773684628197e-04,
       2.2779761296017401e-03, 6.5168392267661511e+03,
       -3.1946002588609718e+02, 2.9549668470468846e+03,
       -8.1538905148288268e+02, 1.1153411192136785e+02,
       8.9265555696225377e+01, 7.8077220197385486e+01,
       2.5474140519522180e+01, 1.3207253411273028e+01,
       4.4579359105410878e+00, -1.6587521935598006e+00,
       4.5051557940941461e-01, 2.2419325696852913e-02,
       -3.1946002588609741e+02, 1.0040255753758389e+04,
       5.1319156428330814e+02, 8.9022673030735257e+02,
       7.3212375630348936e+02, 1.9203997327109968e+02,
       9.1464318780040131e+01, 4.1985746934973641e+01,
       1.4549691462949660e+01, 3.9486970087798140e-01,
       -4.0559121431793059e+00, -1.8521497123877191e+00,
       3.0995415000882792e-01, 2.9549668470468851e+03,
       5.1319156428330814e+02, 2.4246624999602182e+03,
       8.0811357398801718e+01, -1.3257058855893848e+02,
       -3.6099775720292033e+00, -2.6729119905981236e+01,
       -6.6914433248354275e+00, -7.6284665630990443e+00,
       2.3055273248802058e-01, 7.4131956194485438e-01,
       1.5557681633386822e-01, -6.6577676916096729e-02,
       -8.1538905148288268e+02, 8.9022673030735257e+02,
       8.0811357398801718e+01, 2.4417805191403195e+03,
       -3.2909092257576339e+02, 2.1289254519432843e+00,
       -2.6917691140832069e+01, -2.4133401318334812e+01,
       1.0869872160626928e-01, 2.7260566767690357e+00,
       1.6173639417556966e+00, 6.8714024203294355e-01,
       -1.2586408537629079e-01, 1.1153411192136782e+02,
       7.3212375630348936e+02, -1.3257058855893845e+02,
       -3.2909092257576339e+02, 2.4714107626502135e+02,
       4.6195747095821837e+01, 1.8171260476630472e+01,
