%YAML:1.0
means: !!opencv-matrix
   rows: 10
   cols: 15
   dt: d
   data: [ -1.4784657476920518e+02, -6.5896971076094715e+01,
       3.3311407330878751e+01, 4.2654991114227947e+01,
       -8.5596268374055686e+00, -1.4873229768379241e+00,
       8.5444166960687928e-01, -8.8564515109140055e-02,
       4.4878124919960655e-01, -1.7491591007854226e-01,
       3.3679050777136739e-02, -4.7774921000852703e-03,
       4.0644495062501507e-04, -6.9454447338645128e-03,
       -1.0575820872828288e-02, -1.1547486362024705e+01,
       6.2737952748994694e+01, 7.5478445902403362e+00,
       -3.8952374635441323e+01, 1.7977422765488267e+01,
       -1.2491522174544954e+01, 2.1604637510198357e+00,
       1.0970381916833183e+00, 5.5967330894635903e-01,
       2.3040722882081560e-01, 1.9215973295323020e-02,
       -1.1118755256395175e-02, -1.2759596677671960e-03,
       -4.6243548830233452e-03, -2.6524119705933730e-02,
       4.8619066679152667e+01, -2.3837864853404170e+01,
       -8.7992999584330107e+00, 1.9020790427861694e+01,
       1.0766909057637573e+01, 2.8007618745516600e+00,
       6.8204435833393606e-01, 4.7329459044817135e-01,
       2.9409148847099165e-01, -5.4076471594643981e-02,
       1.4326512170828719e-02, 1.3635702218087084e-02,
       7.1370537918731772e-03, 5.0425169100335255e-03,
       2.0200399044613876e-02, -1.6349318371449161e+01,
       -1.9006482946848504e+01, 2.7522101565858921e+00,
       1.7790765557341501e+01, -6.7148127247170839e+00,
       8.7865773902207884e+00, 1.3229671203683790e+00,
       1.8409928356299639e+00, 7.9990926762549197e-01,
       -7.9124939942025237e-03, -3.0698993917235012e-01,
       5.9587768310501756e-02, 8.6310881569103028e-03,
       1.2957564812142660e-02, -2.2389021215916908e-02,
       1.3887926789934983e+02, -2.0815932530000477e+01,
       -3.9596022891097647e+01, 1.4329533756855733e+01,
       -6.1206509267477038e+00, 1.0909193254618385e+01,
       -1.8812193593446811e+00, 8.8477039793093060e-01,
       -3.0073555321417639e-01, 1.4050146486712736e-01,
       8.0890712264143266e-02, -2.0440190957674274e-02,
       -1.0971700673390501e-02, -7.6157490189464449e-03,
       -2.8983777211464109e-02, 8.1721417553066274e+01,
       1.5243357344471157e+01, -2.4168136864017722e+01,
       -3.2252333405599366e+01, -2.6476522221460822e+01,
       -1.9639568927461262e+01, 8.7109491079258605e-01,
       -2.3269718998563818e+00, 2.0827882953910634e-01,
       -4.2496883840967031e-02, 1.0534962283133524e-01,
       -4.6385208989985389e-03, 7.0518205308948620e-04,
       2.9553578020882531e-03, 1.5174335852141911e-02,
       -1.8083631819391016e+02, 7.4158600964435763e+01,
       3.9729839949567108e+01, -4.3296912806244016e+01,
       -1.7886512703059871e+01, 8.5589058685474271e+00,
       -1.8028879499465975e+00, 1.7278287676909152e+00,
       6.9612301610731420e-01, -5.7736396837639467e-02,
       2.4228071129443925e-02, 3.8017758825126592e-03,
       3.8695577597473523e-03, 1.9490760623630022e-03,
       6.2195745228985078e-03, -4.3137159131152529e+00,
       5.6399841252377172e+00, 1.1256879752667093e+01,
       -1.3849735901868525e+00, 1.3944502125537070e+01,
       -4.5856738416266944e+00, -5.5053885744359619e+00,
       -3.4958430542583394e+00, -4.4277726590743969e+00,
       -3.5564110806420912e-01, -1.2651847456705451e-01,
       4.4701427570999819e-02, -3.6118038684203060e-02,
       4.4790303071074547e-05, -5.3078380223768448e-03,
       1.5118826146570231e+02, 3.0285902980252565e+01,
       -4.1761332120188868e+01, -2.6576296427425735e+01,
       -6.7437858221710174e+00, 1.5588048136388778e+01,
       -1.4119554132124696e+00, -1.4095209236417290e+00,
       -6.1121204040978272e-01, -2.2150261803128030e-02,
       -2.1821820629532047e-03, -1.1632115052476899e-01,
       -6.4635161107224458e-03, -2.7520148091395052e-02,
       -1.1707317405927078e-02, -1.8504926985119562e+02,
       1.3910821824818454e+01, 3.5529885618058572e+01,
       -7.2954786036590491e+00, -3.5964384131590776e+00,
       2.6438781790575763e+00, -2.9486889088926849e+00,
       -6.6225519443574479e+00, -2.5671905371408639e+00,
       9.8433559253359559e-01, -1.3941895956414113e-01,
       -1.0070607351870231e-01, -4.4349117152125157e-03,
       1.3602750132966867e-03, 1.5096297553640468e-02 ]
