%YAML:1.0
means: !!opencv-matrix
   rows: 25
   cols: 1
   dt: d
   data: [ -7.5710456393770130e+01, 1.2724330341736494e+02,
       -2.0241745478983813e+02, 2.7455591835131992e+02,
       -1.2031251178317984e+01, 6.6206854776986759e+01,
       -2.6137893849271131e+02, 1.5216197487284765e+02,
       2.0680659316465281e+02, -5.4333920260811574e+01,
       2.6978328586865288e+01, -1.4854713870494595e+02,
       1.7916258488113726e+02, -2.9521796726490533e+02,
       -1.2287192563781822e+02, 8.5833704015479256e+01,
       -3.3259588584397142e+02, -1.7583878183869129e+02,
       -3.2280967124217959e+01, 8.1506902063013467e+00,
       4.6455546287445330e+01, -2.2964129893950215e+02,
       -9.8788227135283947e+01, 2.3892701448814330e+02,
       1.0557299224613078e+02 ]
covs: !!opencv-matrix
   rows: 25
   cols: 1
   dt: d
   data: [ 1.3102222176331057e+02, 1.3740384947519544e+02,
       2.0463400774739318e+02, 5.9466422857256305e+02,
       9.1945065254511888e+01, 8.8529546395010996e+01,
       2.9102907505720913e+02, 1.5651579665560459e+02,
       2.7944337332643528e+02, 1.2213333963730352e+02,
       8.3596726585098367e+01, 1.6222033516609275e+02,
       2.0157812766136095e+02, 4.4934387668200020e+02,
       1.5265244555600395e+02, 9.9786550680595909e+01,
       8.1778605359889309e+02, 1.8352996774561601e+02,
       1.0534767169376397e+02, 8.5482763961929479e+01,
       8.3047869089582832e+01, 2.3142183113769875e+02,
       1.3696384129088676e+02, 3.2378968763938144e+02,
       1.1475767144944379e+02 ]
weights: !!opencv-matrix
   rows: 1
   cols: 25
   dt: d
   data: [ 4.5423098498277442e-02, 5.4114635384619816e-02,
       2.9113367513676821e-02, 8.2414774839135001e-03,
       5.3954995831795430e-02, 5.9639140422939933e-02,
       2.1759133069108410e-02, 5.2010992148657863e-02,
       2.7987382653578315e-02, 4.6946344462085468e-02,
       5.3003463508127381e-02, 3.9629649788052480e-02,
       4.2622279981121593e-02, 1.5354943751575955e-02,
       4.2024994474798620e-02, 5.7296168392067477e-02,
       7.0545146052199571e-03, 3.2542001782499393e-02,
       5.0692308746649782e-02, 5.4308377249708398e-02,
       5.9411246151708945e-02, 2.6647120496706558e-02,
       4.5669083902551949e-02, 1.7105895174635274e-02,
       5.7447384525909063e-02 ]
pca_proj: !!opencv-matrix
   rows: 1
   cols: 21
   dt: f
   data: [ 4.36961316e-02, 8.50134730e-01, 1.73015636e-04,
       6.54514134e-02, 4.60692108e-01, 2.29939164e-04, 7.67599978e-03,
       1.46649793e-01, -1.37564148e-05, 1.21663406e-03, 1.30500361e-01,
       -5.45994153e-05, 8.06188770e-03, 1.42052382e-01, -2.12945142e-05,
       -2.45414903e-05, 9.56867734e-06, -1.94090262e-06, 3.13729906e-05,
       4.34020360e-04, 2.32224409e-07 ]
pca_mean: !!opencv-matrix
   rows: 1
   cols: 21
   dt: f
   data: [ 2.07625534e+02, 2.55653595e+02, 1.54502928e+00,
       2.18915131e+02, 2.60592743e+02, 1.67241716e+00, 2.65274475e+02,
       2.24016678e+02, 1.71669352e+00, 3.19420807e+02, 1.63929108e+02,
       1.75046074e+00, 3.16613464e+02, 2.25532654e+02, 1.70717156e+00,
       1.08872897e-04, -9.74175637e-05, 6.24380555e-05, -2.17504916e-04,
       -2.50119597e-01, 1.75055194e+00 ]
gamma: !!opencv-matrix
   rows: 25
   cols: 1
   dt: d
   data: [ 8.0026768866050335e-01, 8.3174937097361967e-01,
       8.6924784935635813e-01, 8.9818929399549341e-01,
       7.7382762215302714e-01, 7.9465416675627587e-01,
       8.9127721325089682e-01, 8.4576419562209315e-01,
       8.7263712126014126e-01, 7.8859032571266474e-01,
       7.7708063379605885e-01, 8.4308967836538773e-01,
       8.5975032832304410e-01, 9.0204203611234179e-01,
       8.2860278444337210e-01, 8.0631715471251952e-01,
       9.1308552368092266e-01, 8.5716524851254161e-01,
       7.7893835223617169e-01, 7.7335529167742989e-01,
       7.8445472059861898e-01, 8.8011794789272113e-01,
       8.1401315739815139e-01, 8.8490629693052703e-01,
       8.1853557078389938e-01 ]
