%YAML:1.0
means: !!opencv-matrix
   rows: 41
   cols: 7
   dt: d
   data: [ 1.0139051738266582e+02, -4.8824364019031655e+01,
       -2.1344544181764014e+01, 3.5558709841989320e+01,
       -2.7391740685759419e+01, 2.2433009233442192e+01,
       1.1206893622954792e+00, -1.4412094256508362e+02,
       5.7483339542311334e+01, 5.1472617736897220e+01,
       4.7079968497539241e+01, 4.5814688563845394e+00,
       8.2533642276919910e+00, 2.0501878285012189e+00,
       -1.5326768795877834e+01, -5.1648673213219780e+01,
       -1.9550828224584123e+01, -3.7421926211286468e+01,
       2.3344964734407540e+01, 4.3314407796493395e+00,
       1.6207257680661360e+00, 2.0546157224272733e+01,
       1.2862683623445170e+02, -2.6214668972351326e+01,
       -5.6034716100295647e+01, -8.5632465616270448e+00,
       1.8970061081792533e+00, 2.3814154099290858e+00,
       5.0646346950433902e+01, -7.2132616285294546e+01,
       5.9464698463192533e+00, 4.2834755863674040e+01,
       3.3242355506121459e+00, 2.2859776634674105e+01,
       2.2193529488580506e+00, -1.4714312699992180e+02,
       1.1992712304615780e+02, 1.4822628541540684e+01,
       -5.2137871930979337e+01, -2.4037351626585465e+01,
       -4.6551422556911319e+00, -4.5394933053344777e-01,
       5.3660260829635419e+01, 1.0290133951569436e+02,
       -3.4944753784905579e+01, -4.2587152245696970e+01,
       -1.3876967143197890e+01, 5.0873008543956200e+00,
       1.8959385067443364e+00, 1.9077174241128883e-01,
       -1.0008824060879004e+02, 2.1893211956838474e+01,
       4.1166955120739999e+01, 3.2033410159825955e+01,
       1.2461121932138845e+01, 1.6562042668320993e+00,
       1.1825601402283489e+02, -2.9772586450200173e+01,
       -3.7114938621159979e+01, 2.2933416131441419e+01,
       -6.4372972257040901e+00, -1.1446956900559591e+01,
       -3.5667105050592998e+00, -1.8696306893384826e+02,
       -1.2435992248919995e+02, 5.4102510539736222e+01,
       4.1672079082932129e+01, -3.4865677917218221e+01,
       -1.2054682489678306e+01, -3.6415284541419028e+00,
       -1.5874930426066817e+02, -1.8812992543637611e+02,
       5.1461431928502158e+01, 5.9464633724711696e+01,
       -4.7499007632276886e+01, -2.8939213863276386e+01,
       -8.5845151830429014e+00, -1.4718133133417626e+02,
       6.3920250156532710e+01, 2.0268451331131772e+01,
       -4.7312162068118845e+01, -3.0674395893344428e+00,
       -2.0545209391792792e+01, 2.7317563240876275e-01,
       1.5972383548246023e+02, 5.8004772547577261e+01,
       3.9957088006412583e+01, -3.3009124545411993e+01,
       -9.0951051398864724e+00, -4.8462771945819165e+00,
       -1.7270649663404105e+00, -1.9675312372467334e+02,
       -5.4475368187501317e+01, 4.8669550108229735e+01,
       5.9052259647051741e+00, -1.4431053204066181e+01,
       2.1048804961397938e-01, -1.1813872757297867e+00,
       1.8817185296686733e+02, 1.0579232278886755e+01,
       -5.0890474816008258e+01, 1.4914521862595221e+01,
       -9.3941645796113349e+00, -7.3975745984722963e+00,
       1.0795940207992283e+00, -2.5736090658253441e+00,
       -3.6322578738050957e+01, 1.4857149352098507e+01,
       1.3354075926682537e+01, 4.0416157446701561e+01,
       -1.0789010680710811e+00, 1.2796218109474868e+00,
       -2.3907759882904978e+02, 5.9641344983059668e+01,
       -5.8460192199905903e+00, -6.2509057989097343e+00,
       -1.9593984666049724e+00, -2.1839749848308361e+00,
       7.3637760499296290e-01, -8.5588112280405440e+01,
       -2.7779138494429574e+01, 3.2146287439973854e+01,
       -1.3170925826477660e+00, 1.6774715397656315e+01,
       1.5209070207817664e+01, 2.0941582805727887e+00,
       7.3162049516638618e+01, 8.8487478107444318e+01,
       -3.0261915033494247e+01, -2.8994438036764226e+01,
       1.3082933742277161e+00, -1.0362139082034993e+01,
       -2.0175164732624651e-01, -8.9597577205876018e+00,
       1.1991694051437867e+02, 1.7206808816377094e+01,
       -3.0390148756523718e+01, 1.8146520073711883e+01,
       -1.5108614900762818e+00, -1.2707847957696059e+01,
       -8.0998591354672087e+01, 1.0318684195893867e+02,
       5.8743604551050863e+00, -5.0479654200585692e+01,
       3.5910697807246335e+00, 5.2557499688090132e+00,
       1.7674161543900822e+00, 2.2321876620449544e+01,
       1.2375067986179532e+02, -1.5899307608471497e+01,
       2.6355297445405022e+01, -7.1880857376812699e+00,
       -5.2619170712036762e+00, 5.2176786820012165e-02,
       1.3315749152286918e+02, -9.0861981373119008e+01,
       -2.7921964092592621e+01, 4.8832935402147243e+01,
       -2.3773790308812949e+01, -3.1258051805614713e+00,
       1.5771475488085589e+00, 9.8199936937466390e+01,
       1.7390806095578633e+01, -3.2155848783917932e+01,
       -1.0827615102135374e+01, -5.9830030894576494e+00,
       -1.9454398620508904e+01, -8.6591498334172794e+00,
       -1.8169288645145238e+02, -5.6487720423351554e+01,
       3.1656411191516479e+01, -7.2161892155011998e+01,
       -6.9783209520006713e+00, -3.1060605584646290e+00,
       -8.5100881867371247e-01, 1.0803478462913007e+02,
       -9.0801336286582277e+00, -3.6066001023410564e+01,
       1.8357536724943991e+01, 7.0050006886685940e+00,
       -7.1845841091161260e+00, 1.5221767378982373e-01,
       8.4083120296104426e+01, -5.4324945992409276e+01,
       -1.4648183954965170e+01, 4.9222612720444907e+01,
       -6.7217472377904182e+00, 2.8767311224711658e+01,
       2.5357087146887687e+00, 1.4129655395203886e+02,
       -8.8357360266410097e+01, 3.1041652396700218e+01,
       -5.6339558241807886e+01, 1.0887259218799038e+01,
       1.8459113399872427e+00, -5.7531335014024354e-01,
       2.0131721998833807e+01, -1.7974836859607998e+02,
       1.2292323646536484e+01, 5.8906264080091908e+01,
       -6.5588830026026361e+00, -1.3608615010602664e+01,
       -3.2258549510996888e+00, 1.5223814524992809e+00,
       -3.7889868709747110e+00, 3.2189280102950169e+00,
       -6.4648913146797300e+00, 3.7571913752233030e+01,
       -1.5626709777988546e+01, -1.3098549998488209e+00,
       4.5246041663906297e+01, -4.7503715894131254e+01,
       8.2634817419490370e-01, 3.0314977025275446e+01,
       2.5174718347874656e+01, -3.2486333135692007e+00,
       -4.7764529104099190e-01, -1.1607134492250928e+00,
       -2.0089045209452085e+01, -3.9947112587262694e+01,
       -3.8957967599207066e+01, -6.3923842264972546e+00,
       -3.6884793031075871e+00, -4.0717699823473863e-01,
       -1.1943345151062628e+02, 7.2678477632848427e+01,
       7.9871927688243446e+01, -2.2365847013224442e+01,
       -4.3141946129020408e+00, -1.3316875663576047e+00,
       1.8039180452395173e-01, 1.0422873009371575e+01,
       -1.0306214775083311e+02, 1.3875149662706582e+01,
       5.1361773658637219e+01, -4.1869100415185381e+00,
       6.9063399951881506e+00, 1.2627220652621196e+00,
       1.3704076146614446e+02, -4.9055811333033947e+00,
       -4.1194091106635156e+01, 1.7837409404421411e+01,
       -1.8051255962224886e+01, 4.6848746104521330e+00,
       -1.3690776609159808e-01, -1.1593836505674837e+02,
       -4.6802907342809718e+01, 4.1800819970706229e+01,
       -1.0695977060726964e+01, 3.1349325754357080e+00,
       -1.4239848644864944e+01, -1.6692304011532164e+00,
       -1.7230748579961301e+00, 9.1470905733377421e+01,
       -1.1667851595413898e+01, -4.1640101827988317e+01,
       1.4198596727616753e+01, -3.1326841628365716e+00,
       1.6610712747455942e+00, -1.3504146416642837e+02,
       -5.9389354201247251e+01, 3.8066946803083837e+01,
       3.0775814752811623e+01, -1.6943550576034795e+01,
       1.8668918668108024e+01, -5.9778327100161799e-01,
       4.0081770343700679e-01, 7.3182364794069144e+01,
       1.3725315029480880e+01, 2.0613621450636455e+01,
       2.4268022276937092e+01, 1.4787149635797936e+00,
       -2.3220436741150255e-01, 1.3116655713946388e+01,
       -2.4517600122338854e+02, 7.1458210792782593e+00,
       7.7884838206053047e+01, -5.0794283355904757e-01,
       -3.6964233566761919e+01, -2.6584494735646347e+00,
       5.0427443348000160e+01, -2.3789204354921523e+01,
