%YAML:1.0
means: !!opencv-matrix
   rows: 12
   cols: 15
   dt: d
   data: [ -1.3875368409175562e+02, 9.3504716375624923e+01,
       1.4589439112043140e+01, -4.8084686766036299e+01,
       -9.0361838342996688e+00, -2.1288314209357320e+00,
       3.0054983670189644e-01, -3.0245853642375919e-01,
       3.9014812721960673e-01, -7.6714691926797321e-02,
       5.1860382243394676e-02, -3.1501897169089861e-02,
       4.2746197542296565e-03, 2.1529409810866111e-03,
       2.9174651328528764e-03, 3.4229505728213702e+01,
       4.7216577010663904e+01, -7.9129762498961043e+00,
       -2.0300976125453413e+01, 2.1194057222597427e+00,
       -7.6498228571587008e+00, -7.5038436565387769e+00,
       6.2428773155867290e-01, 5.6947393597422371e+00,
       1.4839395485678692e+00, 3.6797202406271809e-02,
       3.1666978223438458e-03, -4.1763725944715495e-02,
       2.6774193967189209e-02, -9.1480167829061394e-03,
       1.3019089424380516e+02, -3.0374033402082269e+01,
       -3.1133233183609676e+01, 3.0602505274963310e+01,
       -2.0887090910491480e+01, 1.1805015012742924e+01,
       5.8072426363309970e-01, 6.7592130363727632e-01,
       -4.9366383424107763e-02, -3.9802290957693977e-02,
       5.5630773623004136e-02, 7.0260551897594961e-03,
       -4.3279745354528684e-04, -8.1499364641702803e-03,
       1.9292911947037951e-02, -6.5894438391004817e+00,
       -1.4583099546018829e+02, 1.7071850137047463e+01,
       5.4224485390907361e+01, 8.7018922374218572e+00,
       -1.6159348914023244e+01, -8.6951639287867111e-01,
       -1.9534650016199480e+00, -1.8727852104978580e+00,
       5.9128647161246117e-01, -5.8436902314925154e-02,
       -2.1009158452633715e-02, 3.2879708914987809e-03,
       2.8851181077692370e-02, -5.2445745448452076e-02,
       -1.7529974936081203e+02, -1.0557981469395884e+02,
       4.5680362151294297e+01, 3.5433945614239768e+01,
       -2.8263650740136256e+01, -1.8215655578588517e+00,
       -4.1383692047955423e+00, -8.5636094980124511e-01,
       7.9397869387889364e-01, 2.6538448391632347e-01,
       5.9354345383130225e-02, 2.1755741677010245e-02,
       -9.9479146721877937e-03, 3.7208665194696016e-04,
       1.0470339810004607e-02, 6.3433750054580234e+00,
       -9.4259363172714814e+01, 4.8423564196167073e+00,
       1.7525022960007750e+01, 6.6094283761812633e+00,
       -1.6568568641492579e+01, -3.2646560092865218e+00,
       2.3014927456208452e+00, 4.7516472971991766e+00,
       -2.3112188005947880e+00, -9.7642910063837129e-02,
       -8.2007593677892607e-02, -6.4263273216890052e-03,
       -2.9347577869976098e-02, 5.4269877558174159e-03,
       4.8010590670019518e+01, 2.3092873228408570e+00,
       -1.6694395023418707e+01, -4.9566454281968442e-01,
       -1.4555753497028830e+01, -2.0423011719644291e+00,
       1.3237453136820809e+00, -6.4667073272385689e-01,
       -7.5375959515006563e-01, 9.6895107001311875e-02,
       -3.0208369168859656e-01, 3.8576520948824192e-03,
       5.3480415436845561e-03, 7.8730077941846222e-03,
       -1.6081614391980980e-02, -1.5407059566342528e+02,
       -1.0570530417712234e+01, 4.1164726473340174e+01,
       -4.7559929485342654e+00, -4.8373642628737388e+00,
       1.8739343148469674e+00, 5.2870202316888215e-01,
       1.2269448261570772e+00, -1.0558415907565222e+00,
       -3.8398452448931059e-02, -3.5081287672531644e-02,
       4.1181009660419725e-03, 4.0023325672731867e-03,
       1.1726899754802955e-03, -1.0611779196028199e-02,
       3.9975102119551813e+01, 1.2534664585284287e+02,
       -2.9157054548202883e+01, -4.8125985207749338e+01,
       -8.7506634692698579e+00, 2.5159828234695061e+00,
       1.6545777695847250e+00, -2.4591766576586513e-01,
       -2.4045105845956247e-01, -1.1721993373309640e-01,
       5.9410243405845081e-02, -2.6624277489393649e-02,
       3.3916529498986005e-03, 1.0875302051472774e-02,
       -2.4539783657358771e-02, 1.7132313783759039e+02,
       1.7779693527866044e+01, -4.4694516732764470e+01,
       1.1185066683153904e+01, -9.9259987491771948e+00,
       -7.4221886643102897e+00, -8.4467065584868195e-01,
       2.5273965553896199e-01, -8.3501647695869241e-01,
       5.8237814477377886e-02, 1.2474534780814815e-01,
       -2.4339442376568661e-02, -1.4159481490149488e-03,
       1.7170210220626751e-02, -4.2082495205199730e-02,
       1.5249433930914533e+01, -5.4674330729610325e+01,
       1.0380249625253274e+01, 2.4568989001034598e+01,
       2.4609603797706022e+01, 1.1055750937236876e+01,
       1.7800347882425600e+00, -4.5830076686818988e-01,
       -6.0570682271530528e-02, 2.3382226578588888e-02,
       -2.5592758050107262e-02, 1.4497306596227300e-02,
       1.0964727446299255e-03, -2.5077567960548239e-03,
       3.0878557609803564e-03, 4.3231478186202750e+01,
       3.6384903303653012e+01, -1.1805575461560514e+01,
       -1.5539795784526923e+01, 1.5119222030553901e+01,
       -5.8396617412258811e+00, 2.6326196894705789e-01,
       -6.9550007473902409e-01, -5.8223475160026583e-01,
       7.7795171633187499e-02, 3.9267552995195569e-02,
       2.3050415041401724e-02, 3.4261346001856143e-03,
       -1.1348408003001336e-02, 2.8716084822522289e-02 ]
