%YAML:1.0
means: !!opencv-matrix
   rows: 34
   cols: 2
   dt: d
   data: [ 9.4457486542763746e+01, 2.8215131713602350e+01,
       -2.3644981273072301e+02, -3.8241833338179966e+01,
       5.6913987529000799e+01, -3.6287965923732330e+01,
       -1.0577653459500995e+02, 7.4049454508782063e+01,
       2.2693822188142477e+01, -9.9055881144564509e+01,
       -2.0224881222074896e+02, 6.8511815687707582e+01,
       -1.5746235939588939e+02, 5.3370263277609622e+00,
       2.1668453501713319e+02, -5.5403309891547813e+01,
       4.0579168201907827e+01, 7.4916537723602474e+01,
       2.4523194208811024e+01, 1.7210690724525357e+01,
       -9.2419523673421949e+01, -2.1757429918088724e+02,
       1.6377307320910990e+02, 1.7428855328993571e+01,
       7.2216774695969647e+01, -1.6503565744337010e+02,
       -2.1047664202101694e+02, -1.3363312825721454e+02,
       1.4491401393203751e+02, 1.3614536432356260e+02,
       -2.6452034930997291e+02, 1.3323430450608353e+02,
       1.3194392847573681e+02, -4.4447213277130487e+01,
       -8.3423504906836285e+01, 1.4687370881828849e+02,
       -1.4324775418116877e+02, -6.2869125804116209e+01,
       8.4972774653563107e+01, 1.1201690819145563e+02,
       9.0484869079783408e+01, -9.0316953201004708e+01,
       -2.7771485474900135e+02, 2.0711692359568378e+01,
       -2.5732230591835943e+01, 5.1161298730015915e+01,
       1.5508487861762970e+02, 8.4551279993516374e+01,
       -8.1367660756000731e+01, -8.8445326644147588e+00,
       2.1242797510185838e+01, 2.1668782638827682e+02,
       -1.1420942555559185e+02, -1.3819630053155879e+02,
       -3.2852846563729514e+01, -1.5507970988487122e+02,
       2.2564961277187066e+02, 6.9890746025589166e+01,
       -6.6232848567573825e+01, -8.3996309064410099e+01,
       1.5296012780951261e+02, -1.1214408280400090e+02,
       -1.6045599606901622e+01, -3.5320910788441019e+01,
       -1.7605836186571544e+00, 1.2399095023962715e+02,
       -1.7198976913763886e+02, 1.4387352837470198e+02 ]
covs: !!opencv-matrix
   rows: 68
   cols: 2
   dt: d
   data: [ 1.0960861173733738e+03, -1.8301252668784511e+02,
       -1.8301252668784511e+02, 1.1677835947144476e+03,
       3.2449695614607804e+03, 1.1780312458605249e+03,
       1.1780312458605247e+03, 2.9817574644172328e+03,
       1.0077952486036659e+03, 4.5093871856782961e+01,
       4.5093871856782961e+01, 1.0228915296521658e+03,
       1.5841218010504656e+03, 8.4962930469256150e+01,
       8.4962930469256150e+01, 1.4062004758293640e+03,
       1.1537883484602248e+03, -1.8500652333485473e+02,
       -1.8500652333485468e+02, 1.4891608138951924e+03,
       1.7558838081080046e+03, -3.3861794410675526e+02,
       -3.3861794410675509e+02, 1.5670484906207996e+03,
       2.2614462152608039e+03, 6.8311828154146042e+02,
       6.8311828154146031e+02, 1.3337623587905457e+03,
       1.5775639767420657e+03, -8.3439953084535446e+01,
       -8.3439953084535347e+01, 3.4426915625914480e+03,
       1.5484236623243889e+03, -1.2416630087090199e+02,
       -1.2416630087090199e+02, 8.9389358053582009e+02,
       1.1413976265694268e+03, 6.9524480687476142e+01,
       6.9524480687476157e+01, 7.2623727926242691e+02,
       4.5961901404216342e+03, -1.6314442254032940e+02,
       -1.6314442254032943e+02, 1.2445088098541517e+03,
       1.1475255042870394e+03, -1.4284829344369280e+02,
       -1.4284829344369280e+02, 1.1583783588021906e+03,
       2.2562666142720950e+03, 1.8049045121810505e+02,
       1.8049045121810508e+02, 2.5145308864249014e+03,
       1.9235798588594291e+03, 4.9307855492831254e+02,
       4.9307855492831260e+02, 3.1633312012349652e+03,
       2.1421795885882466e+03, -6.1875656634853362e+02,
       -6.1875656634853362e+02, 1.1567457742919030e+03,
       2.2030173074804247e+03, 2.4708730221138541e+02,
       2.4708730221138535e+02, 3.5629953711104990e+03,
       1.4064969987704326e+03, -3.9677489741287309e+02,
       -3.9677489741287309e+02, 1.3098850147400633e+03,
       1.5534496123605084e+03, -2.6051285261654812e+02,
       -2.6051285261654812e+02, 1.4676303410549428e+03,
       2.0424042744628900e+03, 6.1901303477180022e+02,
       6.1901303477180022e+02, 1.5507658707414312e+03,
       1.1614737103862194e+03, -2.6191099335716592e+02,
       -2.6191099335716592e+02, 1.2311072725243387e+03,
       9.4552528516971495e+02, -1.3055819891208711e+02,
       -1.3055819891208711e+02, 1.3970455805459419e+03,
       1.7966794056880260e+03, -6.8443913389497553e+01,
       -6.8443913389497553e+01, 1.8906074471302150e+03,
       1.1776754671189260e+03, 1.8895062897364267e+02,
       1.8895062897364267e+02, 1.2739153660178970e+03,
       1.2823437808942006e+03, 1.5424976651583263e+01,
       1.5424976651583240e+01, 1.1910074600053117e+03,
       1.2024156366287496e+03, 1.1830459604187324e+02,
       1.1830459604187327e+02, 1.2540721070359837e+03,
       8.1065417149137747e+03, -1.0781566643994549e+03,
       -1.0781566643994549e+03, 2.3385439806007935e+03,
       1.5993712418474825e+03, -1.6179379556270250e+00,
       -1.6179379556270381e+00, 1.2507573051650675e+03,
       1.5273819472850853e+03, -5.0095670070934347e+01,
       -5.0095670070934339e+01, 1.3842980093741023e+03,
       1.6423322673461278e+03, 1.6035931599250253e+02,
       1.6035931599250247e+02, 2.2427163537852475e+03,
       1.7648068962374350e+03, -2.6265979216793437e+02,
       -2.6265979216793443e+02, 1.1121126780095522e+03,
       1.2242611253029143e+03, -1.6929328520513440e+02,
       -1.6929328520513440e+02, 2.4867595068157334e+03,
       8.8698952841366327e+02, -3.7818423744865136e+01,
       -3.7818423744865150e+01, 1.2001642556264312e+03,
       1.6306499148326582e+03, -1.1153802331933771e+02,
       -1.1153802331933775e+02, 1.3178847186867622e+03,
       1.7825935003140344e+03, -3.6835397374864050e+02,
       -3.6835397374864050e+02, 1.6013846571825138e+03 ]
weights: !!opencv-matrix
   rows: 1
   cols: 34
   dt: d
   data: [ 4.8439069712798259e-02, 2.7488257932483526e-02,
       5.4238354386178224e-02, 3.6120579027019345e-02,
       3.8209109185581860e-02, 2.3836302047201326e-02,
       2.9811209298255932e-02, 2.7096784001395952e-02,
       3.7184413110954606e-02, 3.9873657177463780e-02,
       1.1341071025966976e-02, 2.9970406263949454e-02,
       2.2676629303476300e-02, 1.7338941892940739e-02,
       1.4913245540778436e-02, 1.8120269049446136e-02,
       4.6748940121935409e-02, 1.9132760740094963e-02,
       2.8691389420746075e-02, 3.8954313442420535e-02,
       3.4738825189254044e-02, 1.4152584943968439e-02,
       3.2565091146705936e-02, 3.5103263264345978e-02,
       3.7898288536213465e-02, 1.5968643037913892e-02,
       2.3060772521375214e-02, 2.2822533293750086e-02,
       2.0584182874074011e-02, 3.3961204652877296e-02,
       2.2843988270920480e-02, 4.5119573359157318e-02,
       3.4496378756495930e-02, 1.6498967471829429e-02 ]
pca_proj: !!opencv-matrix
   rows: 2
   cols: 21
   dt: f
   data: [ 4.36961316e-02, 8.50134730e-01, 1.73015636e-04,
       6.54514134e-02, 4.60692108e-01, 2.29939164e-04, 7.67599978e-03,
       1.46649793e-01, -1.37564148e-05, 1.21663406e-03, 1.30500361e-01,
       -5.45994153e-05, 8.06188770e-03, 1.42052382e-01, -2.12945142e-05,
       -2.45414903e-05, 9.56867734e-06, -1.94090262e-06, 3.13729906e-05,
       4.34020360e-04, 2.32224409e-07, 7.68702388e-01, -5.10314330e-02,
       1.14127281e-04, 4.21110362e-01, -3.83849256e-02, 4.02935693e-05,
       2.81941950e-01, -1.35209868e-02, 1.95932400e-04, 2.66951323e-01,
       -4.70317341e-03, 2.29704310e-04, 2.76557714e-01, -1.55316098e-02,
       2.11025646e-04, -3.74769334e-05, 5.54774260e-06, -7.89335627e-06,
       8.86836962e-04, -5.85095040e-05, 1.91629806e-04 ]
