%YAML:1.0
means: !!opencv-matrix
   rows: 2
   cols: 14
   dt: d
   data: [ 1.2194632241542848e+01, 1.0818380752306794e+01,
       -2.3824039269761057e+00, -2.6613043804936072e+00,
       1.1092186145135619e+00, 2.0726742356019932e+00,
       8.3428278309773163e-01, 1.2159567220598801e-02,
       -4.7377965564838392e-01, -1.0304403780074741e-02,
       1.0014281928767731e-02, 6.7374416815720655e-03,
       2.9625833247592086e-03, -1.0178038470862142e-03,
       -6.1833727096074867e+01, -5.4861984364817211e+01,
       1.2072012821635667e+01, 1.3495844186511357e+01,
       -5.6256016537725060e+00, -1.0523333620781049e+01,
       -4.2311669537500629e+00, -6.1191313731479624e-02,
       2.4079765678788250e+00, 6.3741479703522050e-02,
       -5.1755169802415395e-02, -3.4781274342543876e-02,
       -1.5008763138560097e-02, 5.3863360948588441e-03 ]
covs: !!opencv-matrix
   rows: 28
   cols: 14
   dt: d
   data: [ 1.6474391729740808e+04, -9.4944276424976738e+02,
       1.1343793534620858e+02, 3.4918749492573073e+02,
       -1.9146246468770391e+02, -8.3055393633006531e+01,
       -4.1120460095291556e+01, -2.0625370060979936e+01,
       -4.0863206231611293e-01, 5.0916618094201844e+00,
       -7.4732115748367667e-01, -4.3056021809633332e-01,
       -6.5843613905865572e-02, 1.4754792047070931e-02,
       -9.4944276424976738e+02, 1.1073664842137905e+04,
       1.5466392607187711e+02, 3.6010509769145068e+02,
       -1.8992100097303521e+02, -2.6181345649420575e+02,
       -3.7541057042094103e+01, -2.0759477648120281e+01,
       -5.3850611915886741e+00, -1.1995087865438270e+01,
       -1.8886609395339729e-01, -7.5220627210069013e-01,
       4.3398387533172482e-02, 2.1206329807226341e-02,
       1.1343793534620855e+02, 1.5466392607187728e+02,
       3.2740971321548091e+03, -8.5782427570609528e+01,
       4.8735249887061919e+01, 2.4557512201849804e+01,
       1.0194831611903185e+01, 6.1403044046292479e+00,
       -1.5875221231601253e+00, 1.8698306798007980e+00,
       -5.6638608438437203e-02, -1.3746150239466405e-02,
       1.8522612520063177e-02, 3.6831668180192810e-02,
       3.4918749492573050e+02, 3.6010509769145068e+02,
       -8.5782427570609556e+01, 2.7333347886509555e+03,
       4.9800163417936943e+01, 6.7859765531379679e+01,
       7.7577283837130651e+00, 6.8562826830007424e+00,
       6.7598025932291037e+00, 2.4048882528907520e+00,
       2.0122694897395679e-01, 1.7378432115394235e-01,
       -2.4320777542762174e-02, 9.2835163905335555e-03,
       -1.9146246468770383e+02, -1.8992100097303535e+02,
       4.8735249887061912e+01, 4.9800163417936943e+01,
       4.4558101522829986e+02, -2.3130398445940770e+01,
       -5.8792966099578798e+00, -5.5195584105239988e+00,
       -2.4961956734247615e+00, 8.7776636941131492e-01,
       8.7083553058885710e-02, 3.2836214936425401e-03,
       -5.6791066874375710e-03, 1.6277869397510011e-02,
       -8.3055393633006531e+01, -2.6181345649420587e+02,
       2.4557512201849811e+01, 6.7859765531379665e+01,
       -2.3130398445940774e+01, 2.1819720551065771e+02,
       -8.6311751133282950e+00, 9.0931483505980026e-01,
       4.3085447058524649e+00, -1.7727685958981168e+00,
       1.3298104708588357e-01, -1.9763457115120092e-01,
       -1.0750682610031061e-02, 3.6661678956447115e-04,
       -4.1120460095291556e+01, -3.7541057042094103e+01,
       1.0194831611903179e+01, 7.7577283837130704e+00,
       -5.8792966099578798e+00, -8.6311751133282915e+00,
       2.3466134203919530e+01, 4.5126634046156122e-01,
       3.4430261169886105e+00, 2.0392355956929431e-01,
       -1.4162544683524032e-02, 4.8483772429904155e-02,
       -3.4424974872985611e-02, 9.2263433394922083e-03,
       -2.0625370060979936e+01, -2.0759477648120281e+01,
       6.1403044046292443e+00, 6.8562826830007424e+00,
       -5.5195584105239996e+00, 9.0931483505980026e-01,
       4.5126634046156139e-01, 1.4803633822479604e+01,
       -1.0834603431789001e+00, 5.6842086971873573e-01,
       -1.7615709683834399e-02, -7.3173320072926892e-03,
       4.5152165752387558e-03, 1.3307346825630626e-02,
       -4.0863206231611282e-01, -5.3850611915886759e+00,
       -1.5875221231601255e+00, 6.7598025932291028e+00,
       -2.4961956734247615e+00, 4.3085447058524649e+00,
       3.4430261169886096e+00, -1.0834603431789001e+00,
       1.4267096165893365e+00, 3.8120870564239837e-02,
       4.3171785229483776e-02, 1.7645320765875504e-02,
       1.5558857176924294e-02, -9.0013685970834580e-04,
       5.0916618094201853e+00, -1.1995087865438270e+01,
       1.8698306798007975e+00, 2.4048882528907520e+00,
       8.7776636941131492e-01, -1.7727685958981168e+00,
       2.0392355956929442e-01, 5.6842086971873573e-01,
       3.8120870564239837e-02, 3.5476795456035326e-01,
       1.1322259148857565e-02, -2.5164598370102043e-04,
       3.5479215242546604e-03, -1.1414886252399193e-02,
       -7.4732115748367656e-01, -1.8886609395339743e-01,
       -5.6638608438437224e-02, 2.0122694897395682e-01,
       8.7083553058885696e-02, 1.3298104708588360e-01,
       -1.4162544683524007e-02, -1.7615709683834389e-02,
       4.3171785229483790e-02, 1.1322259148857565e-02,
       3.0935248161736751e-02, -8.0544229970857064e-04,
       -1.8003645326744778e-04, 8.4889159488515188e-05,
       -4.3056021809633321e-01, -7.5220627210069035e-01,
       -1.3746150239466400e-02, 1.7378432115394235e-01,
       3.2836214936425457e-03, -1.9763457115120092e-01,
       4.8483772429904141e-02, -7.3173320072926918e-03,
       1.7645320765875508e-02, -2.5164598370102032e-04,
       -8.0544229970857064e-04, 2.0492156490174366e-03,
       4.9537970405190228e-04, 4.6887968149937830e-05,
       -6.5843613905865600e-02, 4.3398387533172475e-02,
       1.8522612520063181e-02, -2.4320777542762191e-02,
       -5.6791066874375710e-03, -1.0750682610031063e-02,
       -3.4424974872985611e-02, 4.5152165752387549e-03,
       1.5558857176924294e-02, 3.5479215242546604e-03,
       -1.8003645326744767e-04, 4.9537970405190217e-04,
       2.2513438551016772e-03, 7.4920301682412823e-05,
       1.4754792047070954e-02, 2.1206329807226310e-02,
       3.6831668180192768e-02, 9.2835163905335711e-03,
       1.6277869397510029e-02, 3.6661678956447028e-04,
       9.2263433394922083e-03, 1.3307346825630626e-02,
       -9.0013685970834548e-04, -1.1414886252399193e-02,
       8.4889159488515161e-05, 4.6887968149937857e-05,
       7.4920301682412823e-05, 2.1180394670580944e-03,
       1.8948998853587531e+04, 7.5255474224869090e+02,
       3.1862063314877031e+02, -7.7137040315522984e+02,
       5.5430399124754069e+02, -3.5774909176073538e+02,
       -1.0472933197915448e+02, 1.0003725537286061e+02,
       1.8025828581758839e+02, -2.1240446250437067e+01,
       -3.0274561830856486e-02, -3.8393987958267445e-01,
       -7.7741194997454222e-01, 3.2118540782675392e-01,
       7.5255474224869113e+02, 1.5958195205640634e+04,
       8.8112563250485412e+00, -9.3937793863692173e+02,
       5.9344237951280695e+02, 6.3641640265767637e+02,
       -8.7554567711588774e+01, 1.0123078312504512e+02,
       1.8539793073145003e+02, 6.4874764353649937e+01,
       -2.4311935419570117e+00, 1.5360271065424111e+00,
       -1.2059376106936430e+00, 2.4369270752219019e-01,
       3.1862063314877054e+02, 8.8112563250485305e+00,
       3.2081138531370661e+03, 2.3985699405610100e+02,
       -1.6578004603224980e+02, 2.7565481964995044e+01,
       9.4661051151470232e+00, -3.0246629992701813e+01,
       -2.6742602708301586e+01, -1.0377211259068282e+01,
       1.0329634406185519e+00, 5.7112336401730268e-01,
       1.2304421569286611e-01, -2.6407700857607419e-01,
       -7.7137040315522972e+02, -9.3937793863692173e+02,
       2.3985699405610106e+02, 3.3080614768024680e+03,
       -1.6160241910232182e+02, -1.7406786781735107e+02,
       2.9027860418411056e+01, -3.3772778183619799e+01,
       -7.3161000691073340e+01, -1.3191854152614997e+01,
       -1.8683273965287470e-01, -3.2092055177418854e-01,
       3.6584446281525279e-01, -1.3352597076332387e-01,
