%YAML:1.0
means: !!opencv-matrix
   rows: 10
   cols: 13
   dt: d
   data: [ -1.7567873500683569e+02, -9.9979266829920292e+01,
       4.7444322282982327e+01, 3.4019552350247459e+01,
       -2.8704833533279459e+01, -4.6973358994313769e-01,
       -3.0753206286198727e+00, -6.1283513704086870e-02,
       -5.2850056995388106e-01, 1.4219843270309168e-01,
       6.5810617481564498e-02, 3.0237391649475674e-02,
       -5.9922096383808266e-03, -3.9909862849765631e+01,
       -1.6657448261843658e+01, 1.2397249299107374e+01,
       5.3068360010581461e+00, -1.6215955086320522e+00,
       4.3054690716297941e+00, 1.4075984059043143e+00,
       4.9827377023061908e-01, -7.5290178181188427e-01,
       -2.5217997799882170e-02, -1.5541020761475438e-01,
       2.2396301873436283e-03, 2.6979209678218746e-03,
       -1.2170797816532094e+02, 1.1196089337966735e+02,
       1.1096054922253364e+01, -5.2233301483502260e+01,
       -1.0451128656201005e+01, 1.4115167574395515e+00,
       7.1570969317582245e-01, -3.0872279883596770e-01,
       -4.1850524751883844e-01, -2.3296112224420015e-01,
       1.1448678559509637e-01, -2.9564910571329584e-03,
       2.5413213848501956e-03, 1.3595598997012158e+02,
       -3.0619138972054586e+01, -3.2676113370728949e+01,
       3.0981715966804718e+01, -1.9223667925561401e+01,
       9.1365564012419949e+00, 1.1756878066225135e-01,
       3.0825605350178042e-01, -1.6190404765671801e-01,
       3.1733340977144919e-02, 1.5293557212053704e-01,
       -1.0786914301127475e-02, -5.5842459968647633e-04,
       5.8416594732744016e+01, 5.1759481820167871e+01,
       -4.8875431033825860e+00, -1.9610763751520601e+01,
       6.6463208635328579e+00, -6.7780000520409169e+00,
       -1.2126547256464917e+01, 1.2786026522838376e+00,
       7.4725639504849877e+00, 1.2796890157805247e+00,
       -2.0000470874811337e-02, 1.4788046970884439e-01,
       -7.3966695682376363e-02, -2.8951135071642948e+01,
       2.1649166589265405e+01, -2.7290652236089796e+00,
       -1.5191890269558156e+01, 1.4252391669460593e+01,
       -2.6957459164123643e+00, 1.0777323171395471e-01,
       -1.1782721514671906e+00, 9.9143222715446588e-01,
       1.1340632174339658e+00, 2.5611328236484054e-01,
       -1.2426116080453017e-01, 3.4347240247141445e-03,
       5.3652570824222231e+01, -1.7079696428445792e+00,
       -6.9796448693081459e+00, 2.7116512491424727e+00,
       1.6153571284673422e+01, -1.0078873290481880e+00,
       6.7572513642965037e-01, -4.5900777801920561e-01,
       -4.1452305314929011e-01, 5.8530037279532397e-02,
       -8.3387070583519317e-03, 2.3907190964499971e-02,
       2.9307916267502258e-03, 6.1066440062375783e+01,
       1.1555048556955778e+02, -3.1709954178303484e+01,
       -4.2379601108761115e+01, -8.7259526879773937e+00,
       1.5431487751434634e+00, 1.7013361608892879e+00,
       -2.3719988605267958e-01, -3.1237431237042468e-01,
       -1.4456406298469998e-01, 4.8027256991270327e-02,
       -2.6972224200670886e-02, 3.9650862998553893e-03,
       -2.0415404883566038e+02, -5.4464685806478763e-01,
       4.1761682965355753e+01, -1.6543856958916937e+01,
       -9.4601053042772048e+00, -6.5762770497377421e+00,
       -1.1109366624005024e+00, 2.5095877747292955e-01,
       5.9587735298177580e-01, 2.7229481173283177e-01,
       -4.0851093451627615e-02, -3.2432802899535762e-02,
       4.0960960630259079e-03, 6.7507639635984527e+00,
       -1.0164179181902934e+02, 5.2105948046497534e+00,
       2.8370406472242735e+01, 6.3302308017706359e+00,
       -1.7264106409298403e+01, -2.8433617531217501e+00,
       8.8365206032990073e-01, 2.5041720858149912e+00,
       -1.2228770119202867e+00, -5.6478158691012394e-02,
       -7.2167733675765122e-02, -3.5804427818476627e-03 ]
covs: !!opencv-matrix
   rows: 130
   cols: 13
   dt: d
   data: [ 5.8401765533939260e+03, -3.0128747588929650e+02,
       3.1266616572662806e+03, -7.8643122609188345e+02,
       1.1653640237073853e+01, 7.7219936089028906e+01,
       3.5693918822105985e+01, 1.0905965560030607e+01,
       3.8394142907315313e+01, 1.1932158371434220e+01,
       3.7744552032674614e-02, 3.6220731439799497e-01,
       -1.8062831400552529e-01, -3.0128747588929645e+02,
       7.5202639215346207e+03, 8.5268674332965406e+02,
       2.2094678253342508e+03, 4.2418560487326778e+02,
       6.6269816719960124e+02, 8.6080304262159885e+01,
       4.1975046142479265e+01, 3.9259127492875486e+01,
       6.9050948117881701e+00, -1.9084911834159344e+00,
       -6.3009250929510807e-01, -2.1788495220531719e-02,
       3.1266616572662797e+03, 8.5268674332965406e+02,
       2.4935084035118339e+03, -4.0860171171531775e+01,
       -5.4229207031941669e+01, -7.4393103836878780e+01,
       -2.8966903245484001e+01, -7.5639087814789381e+00,
       -8.0640531764893257e+00, 1.2523330545227929e+00,
       1.6903467359501387e-01, -4.0173348889316972e-02,
       -6.5321774131910829e-02, -7.8643122609188345e+02,
       2.2094678253342508e+03, -4.0860171171531775e+01,
       1.9008735698103799e+03, -1.4843548694269504e+02,
       -1.8465970026426911e+02, -3.4140937065428616e+01,
       -3.1962597516152851e+01, -6.1249352068501057e+00,
       -4.8861893703521078e-02, 4.8295609989940735e-01,
       1.6560353192536478e-01, 2.0639868120960605e-02,
       1.1653640237073853e+01, 4.2418560487326778e+02,
       -5.4229207031941677e+01, -1.4843548694269504e+02,
       1.6573139366879499e+02, 1.4382193485461553e+02,
       1.4918176071788769e+01, 2.1136174350147446e+01,
       1.3285228103419184e+01, 3.7517617816645243e+00,
       -7.8233349906976624e-01, -3.7348873257336851e-02,
       -1.6945315124151015e-02, 7.7219936089028920e+01,
       6.6269816719960124e+02, -7.4393103836878765e+01,
       -1.8465970026426911e+02, 1.4382193485461553e+02,
       3.1745055304317526e+02, 7.1397140391964120e+00,
       1.7187413316919027e+01, 1.7562740577291446e+01,
       1.2059538691290430e+00, -6.4702103809053346e-01,
       -1.8147572083891272e-01, -1.1287233231159354e-02,
       3.5693918822105999e+01, 8.6080304262159885e+01,
       -2.8966903245484012e+01, -3.4140937065428631e+01,
       1.4918176071788769e+01, 7.1397140391964120e+00,
       3.5642642003666900e+01, 4.1377347208501023e+00,
       -1.7159830654806635e-01, -2.8287515259819368e-01,
       2.2629441460002779e-02, -8.6093177374057306e-02,
       5.0676764703925202e-03, 1.0905965560030612e+01,
       4.1975046142479265e+01, -7.5639087814789381e+00,
       -3.1962597516152847e+01, 2.1136174350147442e+01,
       1.7187413316919027e+01, 4.1377347208501023e+00,
       1.5374137011844100e+01, 1.8308726036578504e-01,
       6.8450772918492686e-01, -1.1916138628439048e-01,
       -3.6601196352281540e-02, 1.2787455006305204e-02,
       3.8394142907315313e+01, 3.9259127492875486e+01,
       -8.0640531764893275e+00, -6.1249352068501057e+00,
       1.3285228103419184e+01, 1.7562740577291446e+01,
       -1.7159830654806646e-01, 1.8308726036578502e-01,
       6.6147789047850418e+00, 7.8230242855975962e-01,
       -6.2082120660343659e-02, 8.4867410822204323e-02,
       -1.5716806361482445e-02, 1.1932158371434220e+01,
       6.9050948117881674e+00, 1.2523330545227931e+00,
       -4.8861893703521141e-02, 3.7517617816645243e+00,
       1.2059538691290430e+00, -2.8287515259819357e-01,
       6.8450772918492686e-01, 7.8230242855975962e-01,
       9.0367160367063515e-01, -5.7522461578381659e-02,
       2.6166098666177448e-03, -2.2283586106397039e-03,
       3.7744552032674648e-02, -1.9084911834159344e+00,
       1.6903467359501395e-01, 4.8295609989940730e-01,
       -7.8233349906976624e-01, -6.4702103809053357e-01,
       2.2629441460002776e-02, -1.1916138628439049e-01,
       -6.2082120660343659e-02, -5.7522461578381659e-02,
       1.4244092913494738e-02, 1.4401915594649231e-03,
       -6.7330017102287571e-04, 3.6220731439799514e-01,
       -6.3009250929510807e-01, -4.0173348889317027e-02,
       1.6560353192536478e-01, -3.7348873257336844e-02,
       -1.8147572083891278e-01, -8.6093177374057306e-02,
