%YAML:1.0
means: !!opencv-matrix
   rows: 46
   cols: 3
   dt: d
   data: [ -1.2116842439281064e+02, 1.6722158710359128e+02,
       2.8331224230903018e+01, 1.0093730110404530e+02,
       -1.1096239043495798e+02, 7.2724916784837433e+01,
       3.5522838798273597e+01, 1.2429180523728174e+02,
       9.0896626825249616e-01, -2.9588810587896398e+02,
       -4.6095191762912123e+01, -1.4472912478346961e+01,
       -8.5009600185350806e+01, -9.3961384845108512e+01,
       -4.8573544354957555e+01, 7.5349098765260543e+00,
       5.1486437439220587e+01, 1.3799479296948707e+01,
       -2.1233676282761101e+02, 1.0138195383673440e+02,
       -4.3762657174602593e+00, 1.8402778565665307e+02,
       -5.1340469974644321e+01, -3.9034729978744451e+01,
       2.5196658459917799e+01, -1.0132874369331522e+02,
       -9.0308917288320046e+01, -9.7233785932704251e+01,
       -1.3035797082924294e+01, 1.1175035589171200e+02,
       1.3686771099742333e+02, 1.2352607665860636e+02,
       -2.0279791539293605e+01, 1.7054266491356182e+02,
       -1.8163426746685889e+01, 4.1984663466013501e+01,
       -4.1301990483143001e+01, -1.5851608585781079e+02,
       -3.1741403096832634e+01, 9.9003152691780159e+01,
       -6.8142060571465919e+01, -2.5837345786083848e+01,
       -1.9417468494435352e+02, -1.5066841149166132e+02,
       3.3796208706652848e+01, -4.6743646404149466e+01,
       1.4719050659135453e+02, 7.7751370182196723e+01,
       -1.2687960699284848e+02, -9.7657398883631075e+01,
       8.4054555879755114e+01, 2.1919960232872416e+01,
       -3.2271295592594828e+02, -8.9235636143152384e+00,
       6.6908028453500066e+01, -1.8861691307418489e+01,
       5.2053132090478726e+01, -5.7469147280445213e+01,
       1.8142543166587996e+02, -5.4286489039201832e+01,
       1.8956428988527396e+01, -9.7773506863934429e+01,
       3.5002227508257000e+01, -1.2175093401543140e+02,
       -4.4590304642291109e+01, 4.4156347594207006e+01,
       1.1090464399934434e+02, 3.0083425646734824e+01,
       3.6889208792769077e+00, 2.6007169165427729e+02,
       5.7888021724093576e+01, 3.0135754589402868e+01,
       6.2486575857337803e+00, 2.2025378501354396e+01,
       -6.8994082765970774e+01, -2.3078171571715399e+02,
       1.6534040513150103e+01, 3.5533075265010694e+01,
       9.5507063784236024e+01, 3.5937339985075326e+01,
       -7.1100126736215174e+01, 1.7065129614078550e+01,
       1.1870625812201008e+02, -8.5230216531677513e+01,
       1.2155411496699209e+02, 1.5830215460789265e+02,
       5.1803989088770926e+01, 3.4619866768524005e+01,
       -1.5851061716222222e+02, 2.1870485095576470e+01,
       -7.3624185732512288e+01, 2.0249346802909391e+00,
       -4.2939402932069399e+01, -7.2605333594150110e+01,
       9.4668416267719223e+01, -4.5402516643387031e+01,
       -7.3049659159458926e+00, -3.4025924721413880e+01,
       4.8694740151427501e-01, -1.7706570124172390e+02,
       1.6812193006661337e+02, -4.3238033386309205e+01,
       8.4520594319199731e+01, 8.2078795489287842e+01,
       5.9990833631855800e+01, -2.2188990023090422e+01,
       1.3134185931254612e+01, 9.1156156407712203e+01,
       2.5616537902870397e+02, -4.7994749410874675e+01,
       3.1972939786166825e+00, -2.6160167416052002e+02,
       -1.5325399904391617e+02, -2.0967141956876606e+01,
       -1.8130341457495763e+02, 1.7626532751269803e+01,
       -2.2229816245865681e+01, -9.5716839889707700e+01,
       4.4573041702053985e+01, 4.2962599093598797e+01,
       1.0315171468362072e+02, -1.3647633052695400e+02,
       -4.5804895956232556e+01, 2.0014930810381091e+02,
       4.2689626387765628e+01, 1.2743340607320923e+00,
       1.7850977386423881e+02, -1.1854958506332437e+02,
       2.5666531582559884e+01, 7.6623589543015612e+01,
       -4.6790103091860090e+01, -9.5015641029279706e+01,
       -2.1096420050528349e+02, -8.0243024981185243e+01,
       6.7907722871703342e+00, 3.5857399653585837e+01,
       2.0245236927029848e+02, 3.9823998319168952e-01 ]
covs: !!opencv-matrix
   rows: 138
   cols: 3
   dt: d
   data: [ 3.2071939102451188e+03, 7.4939039560851256e+02,
       -2.0006885724293852e+02, 7.4939039560851256e+02,
       3.4275068624988039e+03, -4.4292857673296220e+02,
       -2.0006885724293858e+02, -4.4292857673296220e+02,
       1.1655277852072381e+03, 1.2012863591123300e+03,
       -6.5931288143866357e+02, -8.8428585752126850e+01,
       -6.5931288143866379e+02, 7.4968227645851111e+03,
       5.5202652464008179e+02, -8.8428585752126850e+01,
       5.5202652464008179e+02, 3.7895090732493787e+02,
       2.2403546053845057e+03, -4.3334850203006221e+02,
       -7.7109901376566881e+01, -4.3334850203006215e+02,
       1.9377417205737850e+03, 1.9024070399339377e+02,
       -7.7109901376566839e+01, 1.9024070399339377e+02,
       1.2795522482371202e+03, 1.6471959360475928e+03,
       -1.0978743917684305e+03, 9.1414432912685214e+01,
       -1.0978743917684305e+03, 6.9071644228763334e+03,
       6.5191611498283874e+02, 9.1414432912685243e+01,
       6.5191611498283874e+02, 3.4963052832143268e+02,
       3.0329009731417282e+03, -5.1087127692534061e+01,
       -2.0615666471281801e+02, -5.1087127692534040e+01,
       2.2918032337021173e+03, 1.3297404083595376e+02,
       -2.0615666471281801e+02, 1.3297404083595373e+02,
       6.9897268286718247e+02, 2.1194836402817368e+03,
       -3.8656337525714457e+02, 3.5860088991626395e+02,
       -3.8656337525714468e+02, 1.6890468659772896e+03,
       3.5216877071674297e+01, 3.5860088991626395e+02,
       3.5216877071674304e+01, 1.0972390324593366e+03,
       3.5179173553560872e+03, -7.4424291853978309e+02,
       5.5980546322277064e+02, -7.4424291853978343e+02,
       3.1456669994745507e+03, -1.7310010138997495e+02,
       5.5980546322277064e+02, -1.7310010138997495e+02,
       5.0336416369185832e+02, 2.4154983207429436e+03,
       -7.6776561847921505e+02, 5.0200953009547038e+02,
       -7.6776561847921505e+02, 3.6652728632784738e+03,
       -2.2089047999580467e+02, 5.0200953009547038e+02,
       -2.2089047999580467e+02, 9.6270068530678816e+02,
       8.6091379693337115e+02, -3.0254297848330589e+02,
       2.3421526833131230e+02, -3.0254297848330589e+02,
       2.5820626277165989e+03, 5.1607029742419890e+01,
       2.3421526833131230e+02, 5.1607029742419876e+01,
       5.2273905875706737e+02, 1.2901773310584535e+03,
       -1.0552874176960670e+03, 3.4625412262989613e+01,
       -1.0552874176960670e+03, 5.5887972390374707e+03,
       3.8724767511396334e+02, 3.4625412262989613e+01,
       3.8724767511396334e+02, 3.9144348087876830e+02,
       2.4481748416497840e+03, 7.8796693355844354e+01,
       3.1007782490420277e+02, 7.8796693355844354e+01,
       2.8456258466867971e+03, 3.1160177001632826e+02,
       3.1007782490420288e+02, 3.1160177001632826e+02,
       1.3360983015085374e+03, 1.1951372813350852e+03,
       -2.2064953471713551e+01, 1.6263922172419365e+02,
       -2.2064953471713551e+01, 3.3092368828150679e+03,
       3.2734453096366747e+02, 1.6263922172419367e+02,
       3.2734453096366747e+02, 3.5276003414055981e+02,
       1.9090797566915890e+03, 7.2442259394374446e+02,
       5.3768386292867558e+02, 7.2442259394374423e+02,
       4.6935005594195254e+03, 7.7764332600445982e+02,
       5.3768386292867569e+02, 7.7764332600445960e+02,
       6.5951847802923055e+02, 2.2225024747753196e+03,
       -6.7548303529857367e+02, 9.8805113107270950e+02,
       -6.7548303529857378e+02, 3.3650543327485289e+03,
       7.2902418836338782e+01, 9.8805113107270950e+02,
       7.2902418836338796e+01, 8.5102120668882935e+02,
       2.8647337851170669e+03, -1.1231218615943342e+03,
       1.1487591155924329e+03, -1.1231218615943342e+03,
       4.6538821711156179e+03, 5.4650114333346330e+01,
       1.1487591155924326e+03, 5.4650114333346345e+01,
       9.2588369675572710e+02, 1.9612342270449226e+03,
       3.6389669671115911e+02, -5.0270906090933426e+02,
       3.6389669671115917e+02, 4.1662142168922883e+03,
       -1.5273705923308068e+01, -5.0270906090933437e+02,
       -1.5273705923308077e+01, 7.3658941915454261e+02,
