%YAML:1.0
means: !!opencv-matrix
   rows: 12
   cols: 7
   dt: d
   data: [ -1.4240954217187499e+02, 2.8577510047395528e+01,
       3.6494616077702155e+01, -1.9174487688241076e+01,
       2.3764724752127586e-01, -9.8111756878094294e+00,
       6.6888291229137165e-01, 1.4607671160739082e+02,
       1.1382764882130352e+00, -4.1311271754240174e+01,
       3.3487539302941225e+00, -5.9143860150315479e+00,
       1.3284465397131623e+01, 3.8545300068755690e-04,
       -6.7234600883663632e+01, -6.9345263362457956e+01,
       2.0424657636558806e+01, 4.5702591485814509e+01,
       9.2316942140274865e+00, -5.1764220749480021e+00,
       8.2306488888414786e-01, 1.1602262068563350e+02,
       9.8948209354897187e+00, 5.5527878472604890e+01,
       -1.3316108657777217e+01, 1.0412089312460001e+01,
       -3.8466191127558629e+00, -1.6289318850890881e+00,
       -2.3299234957150766e+01, -1.0275523412711657e+02,
       -3.9521294604713576e-02, 6.7606143556245016e+01,
       -1.0004895940995754e+01, -4.8797961300999737e-01,
       1.3994282517381242e+00, -1.1305187582809054e+01,
       1.0820774658739840e+02, 4.6210177725511290e+00,
       -6.1803329769418575e+01, 1.9675768440404671e+01,
       3.4035246482157313e+00, -1.1647003404581553e+00,
       8.1642331524451990e+01, 1.6224338896624484e+01,
       -2.3652396719086266e+01, -3.2541803391804528e+01,
       -2.6055290732512990e+01, -1.9836063789888581e+01,
       1.0199758704445694e+00, 2.0842606004290346e+01,
       2.7581460926925718e+01, -7.3811706401243011e+00,
       -8.9648541046446244e+00, 2.5650198850705426e+01,
       3.0634865758726953e-01, 1.6979939148968113e+00,
       4.9991272084948193e+00, 9.0204565447076686e+00,
       -2.4493990253444004e+01, -1.2559530081060549e+01,
       2.2217683838218236e+00, -4.4196123115402717e+00,
       -2.3822652385272143e+00, -1.9376379834630194e+02,
       9.2973624643884136e+01, 4.0341090000613214e+01,
       -5.2595562199303814e+01, -2.3931085324712740e+01,
       1.4456312237883557e+01, -3.1923062234650272e+00,
       -1.9265559542568840e+02, -2.3899344354784485e+01,
       4.0388403772936300e+01, 2.2411750276632670e+01,
       -1.0220929606285729e+01, 1.2364674583824224e+01,
       -7.1263514620145774e-01, 1.0246732219029772e+02,
       -3.1925186773098435e+01, -3.1689996414843684e+01,
       2.0077454720627202e+01, -4.6337230827221942e+00,
       6.6315506498928878e+00, -5.3562666873143061e-01 ]
covs: !!opencv-matrix
   rows: 84
   cols: 7
   dt: d
   data: [ 7.2648737463765847e+03, -1.2863703540581817e+01,
       2.7829188207521747e+03, 2.0465823084919543e+02,
       5.3355518117855058e+02, -4.0438342721482826e+02,
       1.3384025559388692e+02, -1.2863703540581817e+01,
       6.7213340793899042e+03, -2.2367878827651384e+02,
       1.9846892441474395e+03, -1.5927639955792566e+02,
       1.0136770994388004e+02, -1.4141940593430693e+01,
       2.7829188207521743e+03, -2.2367878827651387e+02,
       2.4272824748167391e+03, 8.3249950530404870e+00,
       -1.2380951525226764e+02, 7.2795398295880901e+01,
       -1.3466585374162515e+01, 2.0465823084919541e+02,
       1.9846892441474399e+03, 8.3249950530404941e+00,
       1.2873012663749723e+03, 5.9623159388265520e+01,
       -1.5536250222647661e+01, 1.4654241937888141e+01,
       5.3355518117855058e+02, -1.5927639955792563e+02,
       -1.2380951525226764e+02, 5.9623159388265506e+01,
       1.9081441231900072e+02, -8.8836761456283014e+01,
       1.5016643590543017e+01, -4.0438342721482837e+02,
       1.0136770994388006e+02, 7.2795398295880844e+01,
       -1.5536250222647656e+01, -8.8836761456283014e+01,
       1.9069197047866754e+02, 1.0237647566479321e+01,
       1.3384025559388695e+02, -1.4141940593430693e+01,
       -1.3466585374162515e+01, 1.4654241937888141e+01,
       1.5016643590543014e+01, 1.0237647566479318e+01,
       2.8800033087943266e+01, 4.5775123744123766e+03,
       2.1037995236070594e+02, 2.7998438541408691e+03,
       -4.3995043393006398e+01, -1.4748821037548063e+02,
       -9.5886336463785710e+01, -6.2248804452700540e+01,
       2.1037995236070591e+02, 6.3085563142658257e+03,
       -2.1093359520343839e+02, 1.7396222196237075e+03,
       -9.8924276879582990e+01, -8.0993804496368668e+01,
       2.2624195501640418e+01, 2.7998438541408700e+03,
       -2.1093359520343836e+02, 2.5183186706604597e+03,
       1.4609938253008420e+02, -8.5976739024409866e+01,
       5.4775708700335635e+01, 3.6305997956111923e+01,
       -4.3995043393006398e+01, 1.7396222196237075e+03,
       1.4609938253008420e+02, 1.5281243066359882e+03,
       -2.1715444795716891e+01, -9.9439477171019121e+01,
       -5.7368730469032352e+00, -1.4748821037548063e+02,
       -9.8924276879583019e+01, -8.5976739024409866e+01,
       -2.1715444795716888e+01, 2.1943452142710164e+01,
       1.3822478639474124e+01, -5.0658801418875612e+00,
       -9.5886336463785739e+01, -8.0993804496368654e+01,
       5.4775708700335642e+01, -9.9439477171019121e+01,
       1.3822478639474125e+01, 4.8641006868157753e+01,
       1.2138506238513539e+01, -6.2248804452700540e+01,
       2.2624195501640415e+01, 3.6305997956111923e+01,
       -5.7368730469032334e+00, -5.0658801418875612e+00,
       1.2138506238513539e+01, 2.1689992777872579e+01,
       7.0628306075294640e+03, 2.2904237357237940e+02,
       2.6328427443276059e+03, 2.1143970905644784e+02,
       3.1678367366186745e+02, 1.8422281205254393e+02,
       -2.9639311207155568e+01, 2.2904237357237940e+02,
       6.9066968561420417e+03, -5.4661717857310485e+01,
       1.9062260073333709e+03, 9.2260822059733641e+01,
       -6.4961968940934241e+01, 2.7050181963009685e+01,
       2.6328427443276059e+03, -5.4661717857310485e+01,
       2.5982135124755005e+03, -8.5439661507154000e+01,
       -1.4526142130340463e+02, -3.5976506816700798e+01,
       -9.0193868881581842e+00, 2.1143970905644784e+02,
       1.9062260073333707e+03, -8.5439661507153986e+01,
       1.2668593945211610e+03, -1.0743449912915847e+02,
       -7.1956612332477135e+01, -3.6973360396783107e+01,
       3.1678367366186745e+02, 9.2260822059733584e+01,
       -1.4526142130340463e+02, -1.0743449912915847e+02,
       1.6693871079537271e+02, -5.9602322639348291e+00,
       -2.1865610360212404e+01, 1.8422281205254401e+02,
       -6.4961968940934256e+01, -3.5976506816700791e+01,
       -7.1956612332477135e+01, -5.9602322639348291e+00,
       7.7501172020718016e+01, 2.5269228637698113e+01,
       -2.9639311207155568e+01, 2.7050181963009685e+01,
       -9.0193868881581842e+00, -3.6973360396783107e+01,
       -2.1865610360212404e+01, 2.5269228637698113e+01,
       3.3779030851179400e+01, 3.8761843474734860e+03,
       1.0265883626469674e+03, -5.6040397944263066e+02,
       -1.3136184908684933e+02, -5.6625606846125720e+02,
       2.3079764739667030e+02, -1.4847440397705506e+02,
       1.0265883626469672e+03, 7.3762719468243076e+03,
       -1.4963446279208506e+02, 1.3267500884974324e+03,
       -1.9841134213568118e+01, -2.6237696412978357e+02,
       5.6331236379124675e+01, -5.6040397944263054e+02,
       -1.4963446279208503e+02, 6.1030276378176541e+02,
       5.4205962956009508e+01, 2.5687702457869096e+02,
       -9.6746878118929530e+01, 7.1872688802947948e+00,
       -1.3136184908684933e+02, 1.3267500884974327e+03,
       5.4205962956009493e+01, 1.9023473852711472e+03,
       -1.3637100334585861e+02, 1.7170642471286527e+02,
       -5.2589597223697226e+01, -5.6625606846125720e+02,
       -1.9841134213568115e+01, 2.5687702457869096e+02,
       -1.3637100334585861e+02, 3.6201511810369698e+02,
       -3.3782115776643501e+01, -6.3572637316832417e+00,
       2.3079764739667027e+02, -2.6237696412978357e+02,
       -9.6746878118929530e+01, 1.7170642471286527e+02,
       -3.3782115776643501e+01, 2.6566190803274509e+02,
       -1.8089910835820941e+01, -1.4847440397705503e+02,
       5.6331236379124661e+01, 7.1872688802947913e+00,
       -5.2589597223697204e+01, -6.3572637316832399e+00,
       -1.8089910835820945e+01, 3.8162407937833656e+01,
