%YAML:1.0
means: !!opencv-matrix
   rows: 4
   cols: 4
   dt: d
   data: [ -1.8605866659050039e+02, -2.6935399730014264e+01,
       3.4749362387233894e+01, 2.8900361647704909e+00,
       1.0215795962802696e+02, -3.4618301751714982e+00,
       5.0093900177696653e+01, -1.1802960826051052e+01,
       -3.3592756761561475e+01, 1.0296688884354245e+02,
       -2.5622576984042908e+01, -4.2396922895093297e+01,
       2.7323575411601905e+01, -3.1337170937339511e+01,
       -3.2390698484447533e+01, 2.3961918720343458e+01 ]
covs: !!opencv-matrix
   rows: 16
   cols: 4
   dt: d
   data: [ 5.6265091726204064e+03, -1.7559174906419813e+02,
       2.5419890572563017e+03, -6.1978059832591441e+02,
       -1.7559174906419810e+02, 1.0530459698142302e+04,
       3.5128479473238866e+02, 8.1641808949296080e+02,
       2.5419890572563017e+03, 3.5128479473238878e+02,
       2.2217657996918128e+03, 1.8928630991155967e+02,
       -6.1978059832591430e+02, 8.1641808949296092e+02,
       1.8928630991155961e+02, 2.4272786661568903e+03,
       1.0048144605862024e+04, -3.0497865887022107e+02,
       -2.0785504540458724e+03, 6.8216764248931258e+02,
       -3.0497865887022095e+02, 1.1788851132944064e+04,
       2.7027784220716512e+02, 1.9963586790520233e+02,
       -2.0785504540458719e+03, 2.7027784220716512e+02,
       1.2050165443530495e+03, 4.5597946372827516e+02,
       6.8216764248931281e+02, 1.9963586790520233e+02,
       4.5597946372827522e+02, 2.6265118429729755e+03,
       8.7913554013275934e+03, -6.4286246836925602e+02,
       1.0849912096404046e+03, -3.8772953361683034e+02,
       -6.4286246836925602e+02, 7.1729311794515670e+03,
       7.5769355603012411e+02, 2.4240709196657058e+03,
       1.0849912096404046e+03, 7.5769355603012423e+02,
       2.3048531313958174e+03, 2.8937927808891409e+01,
       -3.8772953361683028e+02, 2.4240709196657058e+03,
       2.8937927808891402e+01, 1.7939570622631245e+03,
       9.5842102894249911e+03, 1.0911572065826076e+03,
       -1.9635765781995366e+02, -3.3138630542363484e+02,
       1.0911572065826078e+03, 1.0100150719428184e+04,
       -3.7960014581518500e+01, 1.1470062631059595e+03,
       -1.9635765781995374e+02, -3.7960014581518472e+01,
       2.0800740739712492e+03, 2.6524217479778588e+02,
       -3.3138630542363489e+02, 1.1470062631059595e+03,
       2.6524217479778588e+02, 2.2058346599021934e+03 ]
weights: !!opencv-matrix
   rows: 1
   cols: 4
   dt: d
   data: [ 1.6345576060294062e-01, 2.4509507627421429e-01,
       1.7708776285783809e-01, 4.1436140026499091e-01 ]
pca_proj: !!opencv-matrix
   rows: 4
   cols: 21
   dt: f
   data: [ 1.02604255e-02, 8.46533298e-01, 5.67100069e-05,
       -5.08859605e-02, 4.68450844e-01, 1.89823491e-04, -5.55210514e-03,
       1.46431834e-01, -1.98076777e-05, -7.31809530e-03, 1.34976640e-01,
       -4.80776835e-05, -6.69380091e-03, 1.46460637e-01, -1.57161594e-05,
       2.11501210e-05, 1.32904761e-05, -3.16381829e-07, -1.62182951e-05,
       4.47223283e-04, 4.04881848e-06, 8.19958210e-01, 1.87153444e-02,
       -7.93817599e-05, 4.28530097e-01, 8.29724409e-03, 8.75842488e-06,
       2.28233948e-01, -2.37727305e-03, -1.84168690e-04, 2.08515689e-01,
       -1.20344283e-02, -2.14158339e-04, 2.18838796e-01, -7.27251405e-04,
       -1.84816250e-04, -3.05604735e-05, -5.04301033e-06,
       -1.27042276e-05, 6.79167337e-04, 1.30049409e-06, -1.63660501e-04,
       -1.48704097e-01, -3.29387456e-01, -1.82470303e-05, 1.08596861e-01,
       1.49965823e-01, -1.77574475e-04, 1.29315495e-01, 5.12750924e-01,
       2.36419466e-04, 1.37444586e-01, 5.11233926e-01, 2.85520800e-04,
       1.36541247e-01, 5.06532609e-01, 2.30281497e-04, -1.19767010e-05,
       -4.37137305e-06, 1.85016711e-06, 4.23374237e-04, 1.63331581e-03,
       1.86568883e-04, -4.72028166e-01, 1.25829116e-01, -3.95576280e-05,
       1.75304204e-01, -4.03850079e-02, -1.91588406e-04, 4.72358793e-01,
       -1.55570537e-01, 3.14154240e-05, 4.64089781e-01, -1.42328069e-01,
       9.23298430e-05, 4.71241623e-01, -1.54795542e-01, 4.75230554e-05,
       -2.49870754e-05, 5.87460408e-06, 1.53038200e-05, 1.49897439e-03,
       -5.03496267e-04, 3.15210091e-05 ]
pca_mean: !!opencv-matrix
   rows: 1
   cols: 21
   dt: f
   data: [ 4.33646118e+02, 2.44701981e+02, 1.49672687e+00,
       4.18191803e+02, 2.60206879e+02, 1.62062907e+00, 3.68545319e+02,
       2.27059875e+02, 1.69770968e+00, 3.19420807e+02, 1.63929108e+02,
       1.75046074e+00, 3.16613464e+02, 2.25532654e+02, 1.70717156e+00,
       1.08872897e-04, -9.74175637e-05, 6.24380555e-05, -2.17504916e-04,
       -2.50119597e-01, 1.75055194e+00 ]
gamma: !!opencv-matrix
   rows: 4
   cols: 1
   dt: d
   data: [ 9.2885881141964066e-01, 8.5055846285801484e-01,
       9.2063882656713292e-01, 9.2101442431272640e-01 ]
