%YAML:1.0
means: !!opencv-matrix
   rows: 7
   cols: 10
   dt: d
   data: [ -4.3179774682827919e+01, -9.4244762740152751e+01,
       7.6430790166556495e+00, 6.0098699207259976e+01,
       -4.2091983210177979e+00, -1.3312808825040314e+00,
       1.4744633515183199e+00, -3.9983264292221055e-01,
       3.5410264048985446e-01, -7.9902167942013380e-02,
       -6.5978560095812242e+01, 1.1392872955166707e+01,
       2.4666480232802705e+01, -1.0990335554081653e+01,
       2.0148671347284687e+01, -1.4445793268089924e+01,
       2.5987801315178674e+00, 3.3004581146598538e-01,
       2.0523269028204730e-01, 6.0863976299239654e-02,
       6.4690697662459741e+01, 6.0690997066436331e+01,
       -9.5891183399315487e+00, 8.5010800003353726e+00,
       6.9115431981670150e-01, -7.6559120627418258e+00,
       8.2952578985592296e-01, -1.6069350007360003e-01,
       2.8641547753613711e-01, -1.8762544472953165e-02,
       -1.9108808485466417e+02, 3.7795158228881846e+01,
       4.0473660077599547e+01, -1.8602331266415970e+01,
       -1.4125236960207131e+01, 8.9427528645565264e+00,
       -1.7451531535258105e+00, 1.9490162716794598e-01,
       6.0697739994818256e-02, 1.0915279615245942e-01,
       1.3647052085246290e+02, -1.1580865387584090e+01,
       -3.6489205280329550e+01, 1.1612262246765198e+01,
       -4.6560790501358085e+00, 1.2268971961330410e+01,
       -5.6001672766064181e-01, 1.3700924670352461e+00,
       3.2032619233605714e-01, -2.4918573296707758e-02,
       2.6931997992943923e+01, 5.2217454366145532e+01,
       -5.6050902249178698e+00, -2.7704720291650808e+01,
       6.2479363734125934e+00, 3.3205197414991905e+00,
       -3.3730935474154604e+00, -1.6542546490196639e+00,
       -2.1011380053529600e+00, -4.2125324437064349e-02,
       4.8707067272847773e+01, -6.4011660295731346e+01,
       -1.4315619183326300e+01, -4.3807253536439070e+01,
       4.0259926990863839e+00, -4.2979432321153306e+00,
       5.8668217648211940e-01, -1.2691143687403197e-01,
       3.7072661764783998e-01, 1.0678231662013097e-02 ]
covs: !!opencv-matrix
   rows: 70
   cols: 10
   dt: d
   data: [ 1.0123568643547309e+04, 2.7990311763415843e+02,
       1.9337172138639032e+03, 1.3429790809016410e+02,
       2.4697418122047111e+02, 5.7455941675736945e+01,
       4.9639828569054146e+01, 1.6285523671767777e+01,
       -1.2452585463843530e+01, 6.5031922707652718e+00,
       2.7990311763415838e+02, 6.5262442582348658e+03,
       -7.5781054758992155e+01, 2.0468981770485398e+03,
       1.5567339214913384e+01, -1.6996441530660892e+01,
       8.2870410549915889e+01, -1.7874509219747306e+01,
       -1.1173467966602981e+01, 2.5140674311916702e+00,
       1.9337172138639032e+03, -7.5781054758992141e+01,
       2.7961746277479883e+03, -6.7571066136638890e+01,
       -1.2507406948834276e+02, 1.4499699946758108e+01,
       -6.8983987280665833e+00, 1.3392308348348068e+00,
       1.9493068678222558e+00, 1.2016368089785463e+00,
       1.3429790809016413e+02, 2.0468981770485398e+03,
       -6.7571066136638890e+01, 1.2356444936306227e+03,
       -1.0242187674992080e+02, -1.2013999463721450e+02,
       -4.0356714972077675e+01, 6.5597596721646605e+00,
       6.2914359869115701e+00, -8.1274890799785460e-01,
       2.4697418122047108e+02, 1.5567339214913369e+01,
       -1.2507406948834276e+02, -1.0242187674992080e+02,
       1.6573739448391225e+02, -2.1062209312291923e+01,
       4.1213628439774244e+00, 1.8798889081368853e-01,
       -1.4241751590883065e+00, 1.3274648785872409e+00,
       5.7455941675736945e+01, -1.6996441530660888e+01,
       1.4499699946758104e+01, -1.2013999463721450e+02,
       -2.1062209312291923e+01, 5.8555876531648529e+01,
       2.0992245236718329e+01, -6.6881207129428732e+00,
       -2.0747938009576115e+00, -4.2288434120533980e-01,
       4.9639828569054153e+01, 8.2870410549915889e+01,
       -6.8983987280665833e+00, -4.0356714972077675e+01,
       4.1213628439774270e+00, 2.0992245236718325e+01,
       2.0310921339149637e+01, -1.1005493463840357e+00,
       -2.9300606402075844e+00, 5.2443073909211213e-01,
       1.6285523671767777e+01, -1.7874509219747306e+01,
       1.3392308348348070e+00, 6.5597596721646596e+00,
       1.8798889081368891e-01, -6.6881207129428724e+00,
       -1.1005493463840357e+00, 1.4784372635140436e+01,
       -2.6865816506221991e+00, 6.9644351408813443e-01,
       -1.2452585463843528e+01, -1.1173467966602979e+01,
       1.9493068678222558e+00, 6.2914359869115701e+00,
       -1.4241751590883074e+00, -2.0747938009576115e+00,
       -2.9300606402075844e+00, -2.6865816506221991e+00,
       1.7489365887412591e+00, -1.8181396413265039e-01,
       6.5031922707652718e+00, 2.5140674311916711e+00,
       1.2016368089785459e+00, -8.1274890799785482e-01,
       1.3274648785872409e+00, -4.2288434120533980e-01,
       5.2443073909211224e-01, 6.9644351408813465e-01,
       -1.8181396413265044e-01, 4.7633746058213294e-01,
       6.7342291424542227e+03, 1.4527307267031963e+03,
       2.6042228036468273e+03, -7.2112624720473389e+02,
       5.5660092811250240e+02, 4.7793876698945475e+01,
       -1.1222495165998881e+01, 5.8517246171520263e+00,
       1.0641325796448530e+01, 6.9263619547203259e+00,
       1.4527307267031968e+03, 7.7101962614823842e+03,
       -5.7002287087648358e+02, 1.1682748089233514e+03,
       2.8053071378089226e+02, -5.2858739845508509e+01,
       1.8661307238120951e+01, -1.4574969127272059e+01,
       4.3486542839078286e+00, 5.9829609401600532e+00,
       2.6042228036468273e+03, -5.7002287087648369e+02,
       2.5510294476616650e+03, 1.1029569520174432e+02,
       -2.1686260322981298e+02, -4.7251198367606504e+00,
       -6.4740696364910857e+00, 2.3458545803700752e+00,
       4.6922603507755034e-01, -8.6660157142317140e-01,
       -7.2112624720473366e+02, 1.1682748089233514e+03,
       1.1029569520174431e+02, 1.7769449589037629e+03,
       -2.0181197447231401e+02, 2.9685659848457757e+01,
       -6.3444007252807504e+00, -4.0887706531026824e+00,
       2.5200468343754272e-02, -2.7365639292706905e+00,
       5.5660092811250240e+02, 2.8053071378089226e+02,
       -2.1686260322981298e+02, -2.0181197447231401e+02,
       2.3330359280211039e+02, 7.5212577276197337e+00,
       -2.1646421392509655e+01, -1.7992660574404726e+00,
       6.1271020847038429e+00, 1.1877850214595094e+00,
       4.7793876698945475e+01, -5.2858739845508531e+01,
       -4.7251198367606531e+00, 2.9685659848457757e+01,
       7.5212577276197310e+00, 9.4778011976596360e+01,
       2.3921574884716442e+01, -1.2753561713668120e+01,
       -2.0283297460844008e+00, -5.5277983245898599e-01,
       -1.1222495165998879e+01, 1.8661307238120951e+01,
       -6.4740696364910830e+00, -6.3444007252807504e+00,
       -2.1646421392509652e+01, 2.3921574884716438e+01,
       1.9688917752372937e+01, -1.6525830888445205e+00,
       -2.6004804672950979e+00, 1.5774833191977183e-01,
       5.8517246171520263e+00, -1.4574969127272059e+01,
       2.3458545803700752e+00, -4.0887706531026806e+00,
       -1.7992660574404722e+00, -1.2753561713668120e+01,
       -1.6525830888445205e+00, 1.1946807041787965e+01,
       -1.9044134370469497e+00, 6.5949808409877286e-01,
       1.0641325796448530e+01, 4.3486542839078313e+00,
       4.6922603507754962e-01, 2.5200468343754220e-02,
       6.1271020847038429e+00, -2.0283297460844012e+00,
       -2.6004804672950983e+00, -1.9044134370469497e+00,
       1.3897618091979100e+00, -1.1240656432064555e-01,
       6.9263619547203268e+00, 5.9829609401600514e+00,
       -8.6660157142317140e-01, -2.7365639292706905e+00,
       1.1877850214595094e+00, -5.5277983245898576e-01,
       1.5774833191977175e-01, 6.5949808409877297e-01,
       -1.1240656432064555e-01, 3.2030475800887892e-01,
       5.7361957040762363e+03, 2.2580413687325398e+02,
       2.4244814285945431e+03, -4.4848981994878005e+02,
       -7.7149082677638671e+02, -1.2170290365678518e+02,
       -5.7636750615137970e+01, -9.1326674032037030e+00,
       1.2970752413539978e+01, -1.2382824734663698e+00,
