%YAML:1.0
means: !!opencv-matrix
   rows: 40
   cols: 6
   dt: d
   data: [ 1.4453804443123058e+01, 5.9121031141238838e+01,
       2.5620040441370122e+01, 5.3515949437642114e+01,
       3.5379110299500510e+01, -4.8240044566970335e+00,
       -1.7438750927278832e+02, 1.0651700991025460e+02,
       -5.0358166256946767e+01, -3.6502130590208388e+01,
       1.3213000773900532e+00, 4.3033232013753064e+00,
       -1.2036272404563813e+02, -1.1058436851206685e+02,
       2.7006521259066307e+01, -5.4530267358012850e+01,
       4.7493266725853625e+00, 5.3723277490563559e+00,
       4.0263897832093932e+01, 4.6537094751365068e+01,
       -4.2561572309605012e+01, -7.3625834631637588e+01,
       -3.3381942770631792e+00, -1.4740504389863969e+00,
       5.5539825392086641e+01, -4.4102772482082777e+01,
       -5.0392078828325843e+01, 1.2283869059186122e+01,
       1.2461974364109052e+01, -5.6748147001937523e+00,
       1.9537992735102878e+02, -1.9000431859951586e+01,
       1.4973080258488407e+01, -1.1061024839967567e+01,
       -6.8876175060212219e+00, -5.9279285696787936e+00,
       -1.5961257868460530e+02, -9.0275030373687727e+01,
       4.7865426280098575e+01, 3.7536792384268132e+01,
       -3.1899701034246714e+01, 3.4268304690680704e+00,
       -1.8261397055433869e+02, 3.0107361340724310e+01,
       3.5216543659148080e+01, -3.2947363467485317e+01,
       -7.2838197214419651e+00, -1.9206870626429712e+01,
       -7.5199777534755469e+01, 1.3592237024361108e+02,
       -9.3715471842268672e-01, -5.6705729093186285e+01,
       -1.9788157575328594e+01, -1.2618718111857317e+00,
       1.4086496992439706e+02, 1.0610700531149769e+02,
       2.2884821781855621e+01, -5.4351730765470599e+01,
       -1.0527753251171401e+01, -2.0259261124457678e-01,
       7.7682358148658054e+01, -2.9397141683871077e+01,
       -2.5074196093187030e+01, 4.0242420541179762e+01,
       -2.8745542362439949e+01, 2.2320840300530062e+01,
       2.7235171205797023e+01, 1.0538679202106249e+02,
       4.5845571855730016e+00, 4.1032694856896526e+01,
       1.0204634613391745e+01, 9.3939807690427213e-01,
       -2.0215102528514547e+02, -3.0256007382662279e+01,
       4.7373546924887769e+01, 6.3133325641652647e+00,
       -1.0206685410813380e+01, -2.4336272042196652e+00,
       6.7040853273667523e+01, -4.4058836335507245e+01,
       3.4652976345353586e+01, -2.8500156365168120e+01,
       2.7773916655106376e+01, -3.1742302055764977e+00,
       -8.3138376402437288e+01, 1.0651192509341649e+02,
       2.7261523183309066e+01, -6.0124421719662799e+01,
       -7.1505709136743913e+00, 1.6257599833757903e+00,
       5.7148998630086972e+01, 3.8783544709796409e+01,
       -2.0290485358918026e+01, -1.8667325912851453e+01,
       -1.4023834927627465e+01, -5.6952027535023388e+00,
       1.6509812920248351e+01, -2.2892129166494158e+02,
       9.7153131601477778e+00, 7.5261189145630638e+01,
       -2.1754704340239459e+00, -2.8646329368683137e+01,
       -6.5219829001583207e+01, -4.3165185035612701e+01,
       -3.9141642992525718e+01, -6.6298767652876194e+00,
       3.0116114746051135e+01, 3.1242134950901841e+00,
       1.0370706178789686e+02, -1.6377236563384752e+01,
       5.4737307080219402e+01, -1.3967966633466764e+01,
       1.1284652543341544e+01, 9.1125774910062312e+00,
       -1.2859967378465393e+02, -5.5867869904316372e+01,
       3.7986157349214480e+01, 3.0760575192587243e+01,
       -1.4686883287779580e+01, 1.9677341751679609e+01,
       -1.7915192221325029e+02, 1.2168223950076219e+02,
       4.4233255473884554e+01, 2.9833463497691607e+01,
       -1.6283895262951559e-01, -3.0299777480279806e+00,
       1.7116061734989060e+02, -8.1434622137101833e+00,
       -5.0877967838627853e+01, 4.8255677296945523e+00,
       -1.3064485041308686e+01, -9.5106992452124697e+00,
       1.6128280457217858e+01, -8.9630412477348838e+00,
       -5.5209033092181787e+00, -1.6384022070811003e+01,
       2.7067130075765032e+01, -2.0915899653452051e+01,
       -4.9752805153713325e+01, 2.9068848440917034e+00,
       1.0315880953785663e+02, -1.1445173751053130e+01,
       1.9674481647052537e+00, 5.7491044006060550e+00,
       1.0174141817165889e+02, -4.9232724744680198e+01,
       -2.1416540700075515e+01, 3.5614496534007166e+01,
       -2.7250695622756183e+01, 2.3032345753906515e+01,
       5.2601642066712408e+01, 1.6932593848449977e+02,
       -1.9376512466563639e+01, -3.7255207996533216e-02,
       -5.2125513114514251e-02, -8.4914306276834282e+00,
       1.1374919744044591e+02, -7.1412937790855793e+01,
       -1.3131314285195756e+01, 5.8307020480824661e+01,
       -7.5781969023200233e+00, 1.1153843923282073e+01,
       -2.8198269765948862e+00, -1.3755410312129825e+02,
       3.1431936116568242e+01, 6.0811921376128261e+01,
       3.3408703697986311e+01, -1.5901254210241172e+01,
       -2.4982902480729774e+02, -6.3225604429574204e+01,
       -2.5825098337532886e+01, -1.4822827769443052e+01,
       -2.7118311650500688e+00, 6.2647784318725996e-01,
       -3.5963301040843035e+01, -9.1648173479937626e+01,
       1.3545311552625147e+01, 2.3784776330925229e+01,
       -8.2823393870473989e+00, -2.1100689030868882e+01,
       6.3160844744714019e+01, -1.7365557775904756e+02,
       -2.7229664724205884e+00, 2.7239598976760386e+00,
       9.0240702478969972e+00, 2.2793846166965874e+01,
       -4.0423639448140889e+01, -7.2129651228868653e+01,
       -3.1557831000706877e+01, 5.9802018430407003e+01,
       1.3727971866181685e+01, 1.9331521378678332e+01,
       2.5771448369809178e+01, 5.5587501949849155e+01,
       -5.8228015062876452e+01, -1.7245333646416590e+01,
       -9.0683523407959878e+00, 2.7396989554493040e-01,
       3.6248329159130996e+00, -9.2268264348489055e+01,
       1.9766740772569790e+01, 3.1079562983544225e+01,
       3.7772142630030928e+01, 1.0614971668194913e+01,
       -8.9418058765580014e+01, 1.1816575337942483e+01,
       3.0017648541929404e+01, 1.2772033789571331e+01,
       1.8288222263772628e+01, 1.2462380767941143e+01,
       1.6221781132231499e+02, 9.2704277816765199e+01,
       -3.7761765014458874e+01, 6.0271471932876729e+01,
       -7.6167648330536117e+00, -9.6743081343629687e+00,
       -1.4220666328631398e+02, 6.1269168383789371e+01,
       2.9416249929711807e+01, -3.9794583763792808e+01,
       -2.2581149587349909e+00, 5.9785956683096018e+00,
       -1.8382435149512759e+02, -1.2750061670447276e+02,
       5.5530975960872674e+01, 4.1563176523163918e+01,
       -3.3966996317598309e+01, -1.5182461579466045e+01,
       -4.1237010398340338e+01, 4.4707816136800439e+01,
       -6.8291590020239596e+01, -1.9023640217298738e+01,
       1.2078313261155449e+01, -9.2162204766553089e+00,
       -7.2180277681943279e+00, 9.2023838320185945e+01,
       1.0304685618357727e+00, -3.9834673719354797e+01,
       1.4927832686061471e+01, -1.8389513195816301e+00 ]
