%YAML:1.0
means: !!opencv-matrix
   rows: 12
   cols: 14
   dt: d
   data: [ -1.9198819298182349e+02, 7.0280616149378446e+01,
       4.1730132266975168e+01, -3.9992124185507876e+01,
       -1.9308101200161463e+01, 8.4881441702297273e+00,
       -1.8013426612071366e+00, 1.7875984121329049e+00,
       6.8051124209142488e-01, -3.2096897461240156e-02,
       2.9282989927889934e-02, 4.9834134908667855e-03,
       3.6321822268419652e-03, 3.0175924722136453e-03,
       2.9779333671942553e+01, -4.7685510817748295e+01,
       -3.2171796989141948e+00, 3.0921434697286621e+01,
       1.3188912960529219e+01, 3.5313088507793422e+00,
       8.7635517126982443e-01, 2.0718469543622969e-01,
       2.6722828775520546e-01, -7.1806404151405295e-02,
       2.3392015532206129e-02, 5.0436338883905578e-03,
       7.6407802613267396e-03, 3.5108173739979141e-03,
       -4.5434923187621862e+01, -4.3213596282747545e+01,
       2.4194970865961402e+01, 4.8157090656768766e+01,
       1.2490361582114019e+01, -7.0973602881520401e+00,
       -6.5435873761157950e+00, -2.8566425129858564e+00,
       -3.1040649145302357e+00, 1.2887981632485415e+00,
       6.4840783143477299e-02, 1.3899913076471918e-01,
       -4.4979309579386097e-02, 3.1305672973144461e-02,
       1.7108015281838057e+01, 1.5689623464886787e+02,
       -2.4525851055327666e-01, -8.6077947661158944e+01,
       1.5653159291826944e+01, 1.6012253071277907e+01,
       -4.6333733151373330e-01, 2.3521361226148043e+00,
       1.9060875315725165e+00, 4.2463046923023368e-01,
       -5.7284468498252340e-02, -3.2780058856761420e-02,
       5.3253719037643524e-04, -9.9853728040172219e-03,
       8.1392866155049816e+01, 1.6543948233525885e+01,
       -2.3597646729410030e+01, -3.2634943522129930e+01,
       -2.5845731232643438e+01, -2.0187006281252902e+01,
       1.0399075787793683e+00, -2.5878987637283899e+00,
       2.2973780577989164e-01, -2.6014785357847341e-02,
       1.0298078185090781e-01, -6.7240042781911693e-03,
       1.2709197629283302e-03, 2.9479735690859988e-03,
       -1.5905738814766363e+02, -6.8520171557342081e+01,
       3.4668156078736764e+01, 4.4843111782777328e+01,
       -1.2194073515462438e+01, 1.6919945664496394e-01,
       5.0630139105725769e-01, -1.8086548597446811e-01,
       5.2494593050242644e-01, -2.2323961393374248e-01,
       5.0219900842292366e-02, -7.2072080072279115e-03,
       6.0457398326127694e-04, -8.2405854756745431e-03,
       1.0494153592552698e+02, 2.9029818462771310e+01,
       -2.6958151418227295e+01, -1.8638148599654770e+01,
       -8.8882255780928769e+00, -3.1288500063068847e+00,
       8.6936965716742420e-02, 4.1373608864946987e-01,
       2.1059366044740813e-01, -9.1287125180814360e-02,
       8.4724575294660848e-03, 3.6627149709816398e-02,
       5.8353443925441596e-03, 1.0440976382872839e-02,
       5.8052816990930687e+01, 2.5851326881960777e+01,
       -8.8285983343297669e+00, -2.3517483673853160e+01,
       8.2480314463418196e+00, 1.4652204286564035e+00,
       -3.6190112667542205e+00, -3.4872774220522436e+00,
       -4.1598031006690297e+00, -9.1928157301226532e-01,
       -2.2168190569708868e-01, -4.5423012426061213e-02,
       -2.5592493140915672e-02, -2.1008731826185754e-02,
       1.0827062310078401e+02, -3.7906633269497526e+01,
       -3.3584883442933659e+01, 2.4541974345030454e+01,
       -1.1043183620839152e+01, 5.5608688771450945e+00,
       -2.8888712739289057e+00, -1.5127776637679702e+00,
       -7.3171938865883757e-01, 9.4777784273265198e-01,
       1.7242139342560487e-02, -6.5764881881481135e-03,
       -2.0809337744888093e-02, 4.6308570847848193e-03,
       -2.7084991764704153e+01, 1.9976879686742119e+01,
       9.6737112820819355e+00, -1.1539664325251840e+01,
       1.3610658383559146e+01, -1.1102589163417937e+01,
       2.2041489226993014e+00, 1.0361804497216633e+00,
       4.0298760939004863e-01, 1.0663632142630730e-01,
       -4.4293550560668637e-02, 1.0257338470882452e-02,
       1.1615246389455158e-03, 8.5650924673628796e-04,
       1.4702359336366260e+02, -3.9835131644205788e+00,
       -3.9956079383765172e+01, 6.1604698163439773e+00,
       -5.3901864892733684e+00, 1.2993732130257051e+01,
       -1.0768575562236671e+00, 1.5409105015878473e+00,
       1.9023871603513434e-01, -4.1839896287815294e-02,
       7.5384642518939740e-02, -2.1678975740638068e-02,
       -5.2220132618400455e-03, -1.1702481980781802e-02,
       -1.6763183457199040e+02, 7.2027829012093605e+00,
       3.6131578826624633e+01, 3.8405462334885399e-01,
       -3.1960804838255013e+00, 8.2842710670716766e+00,
       -2.1467080834514816e+00, -3.5935100958712982e+00,
       -1.4378830283511554e+00, 5.8055195478906629e-01,
       -1.9758560231248254e-01, -3.9997499383390020e-02,
       5.8164877852419285e-04, 5.9702699244491893e-03 ]
