%YAML:1.0
means: !!opencv-matrix
   rows: 38
   cols: 5
   dt: d
   data: [ 8.7032806516757972e+01, -1.7170779174499734e+02,
       -1.1802362431975004e+01, 4.6144500080626090e+00,
       2.0999125841947301e+00, -6.6934563229023482e+01,
       3.4728627216783252e+01, -6.5271150159532525e+01,
       -6.5036917541156697e+01, 8.9795883690515055e+00,
       8.3918359134247027e+01, -1.5436528674032109e+01,
       6.3773252463213112e+01, 9.8518509151801812e+00,
       3.2583097016700584e+01, 1.5855327496553940e+02,
       -2.2543450937058651e+01, 1.4581254934263914e+01,
       -6.3894784552990146e+01, -5.8073179773808903e+00,
       -8.5056629850607166e+01, -4.2079301083777638e+00,
       -4.2501387098329069e+01, 4.7813185918568180e+01,
       1.9320972387411697e+01, -2.5696707649811879e+02,
       6.1354697297620016e+00, -1.8442412850454144e+01,
       5.3873883997340837e+00, -1.8434131505908300e+00,
       -9.9677126761747914e+01, -5.6753432396123088e+01,
       1.1035810478583417e+02, 3.5956647652525349e+00,
       -2.2697884880171657e+01, -4.9181160162217621e+00,
       -3.7590821222203104e+01, -2.8444575309930529e+00,
       1.0083925966364745e+01, -1.2613024788162994e+01,
       1.6878020701616444e+02, -4.2319640395953108e+01,
       2.9866620276239015e+01, 2.4053777480194441e+01,
       -2.9237675087435072e+01, -3.1857945331439179e+01,
       -2.4497046950963831e+01, -1.9575151952713796e+01,
       -8.5498982725273311e+00, 3.6978055027708145e+01,
       -1.5145372003191494e+02, -3.7417882664862184e+01,
       3.4476175303537040e+01, -6.4060205371155291e+01,
       -4.2056347973156774e+00, 1.3135233253684232e+01,
       -2.3663343230037756e+02, 6.9255594201997228e+00,
       7.5400570140411901e+01, -2.0204442771803204e+00,
       1.7498642511431438e+01, -9.9734984734469222e+01,
       3.4286061253648953e+01, 2.7084383941840176e+01,
       3.5706797940887434e+01, 2.9403695473321658e+01,
       3.8416485310676492e+01, 1.7653569506701913e+01,
       -8.3570430398886799e+01, 4.4460107818337731e+00,
       -7.4113100168388854e+01, 1.1740998450300431e+02,
       5.3973886747687850e+01, -5.3917997777089838e+01,
       -1.2294844624553201e+01, 1.0910622797422710e+02,
       -4.1626743084292393e+01, -8.6406808805142006e+01,
       8.8333149887145872e+00, -1.2217685863947123e+01,
       -1.9722013310279482e+02, -1.7273376430610682e+02,
       2.3478453474970607e+01, -1.8882839787765221e+01,
       -2.4883379539023853e+01, 4.2361516047361924e+01,
       1.2188639656220415e+02, -2.4733959592074960e+01,
       -4.7580150533840090e+01, -1.0525419086505963e+01,
       1.1287687876549242e+02, 7.2513315387714627e+01,
       -5.5434630895650798e+01, 6.3347083564780519e+01,
       -1.0966659634150787e+01, -8.1347509697943408e+01,
       -8.6506830489111863e+01, -3.3467909871922750e+01,
       4.5734206079420147e+01, 3.8300367878627050e+01,
       -1.3085017163824361e+02, 6.8342184092781608e+01,
       5.8688363198177633e+01, 9.1358735920843390e+00,
       6.2338688598497582e-01, -5.9246244496491471e+01,
       1.3072100044886267e+02, -7.1753320646741358e+01,
       2.8385185183229047e+00, 5.0834247813849442e+00,
       1.8352619048656419e+02, -9.0185653422149642e+01,
       -4.1896809262595923e+01, -3.8339358647009306e+01,
       -1.2549077184063151e+01, 7.3263129381474798e+01,
       9.9682531175723046e+00, -3.7852077033042811e+01,
       7.6433661799627259e+00, 6.6055624270733793e+00,
       2.2986974047412428e+02, 1.1838860415201138e+01,
       2.0167266057613134e+00, 1.3069748053801948e+01,
       -1.4773950108814336e+01, 6.8062267451722931e+01,
       -4.5958118831414808e+01, -4.4829075825114039e+01,
       4.3349705972485133e+01, -2.6641318303818149e+01,
       -1.9181914142999238e+02, 8.8463768409734527e+01,
       -3.4372091364302698e+01, -4.5160173107217034e+01,
       -9.5806608648325540e+00, 2.8493865800510505e+01,
       -7.7419416460890730e+01, -1.2105116921774167e+01,
       -5.9990115917985484e+01, 1.7763104822891922e+01,
       3.3339983640160973e+01, 1.7211385270429261e+02,
       5.9711952358381684e+00, 7.5649293361628347e+00,
       6.5975240989122090e+00, -2.0826261956937475e+02,
       -4.7470222580203483e+01, 4.4706711973705367e+01,
       4.8142673098999985e+01, -2.4452502320037645e+01,
       1.3696468596037434e+02, 1.4722107820919907e+00,
       6.1674966192101202e+01, -1.4118718980395879e+01,
       3.4690481316153488e+00, -8.7106736823463834e+01,
       -1.2064197488430707e+02, 2.2873833156107043e+01,
       -3.2745800761015531e+01, 9.5721250193366245e+00,
       -9.2978072076581313e+00, -9.0206741644204911e+01,
       -8.8164635346693601e+01, -2.4815443878080007e+01,
       1.6125824932779437e+01, -1.0457225407642433e+02,
       -2.1285334219672411e+01, 4.0774031863233766e+01,
       3.1619483574626738e+01, 7.5993563092597560e-01,
       -1.4089670928973243e+02, 2.0066127669784322e+02,
       -4.9062748758898644e+00, 1.1041986449197104e+01,
       1.1621877011175721e+00, 5.6016418636562982e+01,
       -5.9775488960130446e+01, 2.4317924149084589e+00,
       5.9350292780100446e+01, -7.5468401320621581e+00,
       1.3815517003224838e+02, 8.9490695248323945e+01,
       3.3063630750562481e+01, 1.1560821232796961e+01,
       -6.6621920240656363e-01, -1.7127437670925850e+01,
       6.7765187761969784e+01, 9.0686740582891245e-01,
       2.4893989420920835e+01, 2.5587578162181398e+01 ]
