%YAML:1.0
means: !!opencv-matrix
   rows: 40
   cols: 1
   dt: d
   data: [ -9.3269052679096760e+01, 1.6114182860482609e+02,
       -3.8315913257182284e+00, -2.6120742490084922e+02,
       9.5298150423353334e+01, -1.8206821869221980e+02,
       2.3909203161200600e+02, -6.0262755544354249e+01,
       6.0039463762883813e+01, -3.3298512831703442e+02,
       -2.1999454992406427e+02, 3.4188278343512771e+01,
       1.3321510852410452e+02, -1.3700414448588592e+02,
       -1.6256175781925073e+01, -4.3963614639992706e+01,
       2.1706075594217938e+02, 8.3757107888968989e+01,
       2.1677999655645042e+01, 2.5939411533305611e+02,
       -1.5098412295916870e+02, 1.4706378189548778e+02,
       -3.0880508899486694e+02, -7.6662937389296346e+01,
       -2.0049994739392031e+02, 8.9381776753101008e+00,
       1.1980421474145903e+02, -2.3983857900220485e+02,
       -1.0880259765354671e+02, -1.6519828796376936e+02,
       1.9482121799001135e+02, 7.1965333499722348e+01,
       4.7057219998008335e+01, 2.8548046360825850e+02,
       -2.9556171526305544e+01, -1.2301721402630056e+02,
       -3.5759237993338871e+02, 1.0709781671932430e+02,
       -2.8401615055337146e+02, 1.7679930184965883e+02 ]
covs: !!opencv-matrix
   rows: 40
   cols: 1
   dt: d
   data: [ 5.6363604059743125e+01, 5.9963950685546557e+01,
       3.8169931199861686e+01, 9.9361774516445877e+01,
       3.1860127312943337e+01, 6.4902568367008598e+01,
       1.2940844931749623e+02, 6.0461377508460423e+01,
       3.7769731805605424e+01, 2.0917832869072393e+02,
       7.8246853474373466e+01, 4.4539714742059822e+01,
       4.4475358782726083e+01, 4.9586769974773034e+01,
       3.8305438822421102e+01, 5.1324350248677270e+01,
       9.0912564438909357e+01, 3.1425291465196615e+01,
       4.2394611202385164e+01, 2.0770119938092927e+02,
       5.0332641398292616e+01, 5.1532127183933248e+01,
       1.2979900731744607e+02, 6.3529079373725310e+01,
       7.7179629070118850e+01, 3.8646460017204994e+01,
       3.6637039596944206e+01, 8.7486886512855051e+01,
       5.4542324994552786e+01, 5.8010142573106123e+01,
       7.8852645357835854e+01, 3.2434030661961629e+01,
       4.0700923876209430e+01, 4.4289102386499331e+02,
       4.1679755341217273e+01, 5.3817111533767388e+01,
       4.6640368185801361e+02, 3.3256796161784735e+01,
       1.0440388035826804e+02, 6.8643977475330644e+01 ]
weights: !!opencv-matrix
   rows: 1
   cols: 40
   dt: d
   data: [ 3.1531618579547144e-02, 2.7554000824134867e-02,
       3.2881569385082202e-02, 1.5127472323111534e-02,
       3.3878632885491096e-02, 2.1100979270335746e-02,
       1.1367924046228649e-02, 3.6154463590186467e-02,
       3.7794513453131819e-02, 3.6942793607316394e-03,
       1.9513858707098503e-02, 3.6083031027613448e-02,
       2.9933071448089071e-02, 2.1980226325802339e-02,
       3.4198254771254148e-02, 3.3808832174105651e-02,
       1.6797916460676226e-02, 3.3761715611710291e-02,
       3.5857067505742121e-02, 6.6283918628643598e-03,
       2.0172486567215313e-02, 2.9061167391180226e-02,
       7.6506276329102165e-03, 3.4404461966065759e-02,
       2.1387477018884049e-02, 3.6203378894424793e-02,
       3.2564664624186786e-02, 1.6624122793684453e-02,
       2.7413539732036328e-02, 1.9671894100888137e-02,
       2.4768890733076643e-02, 3.5337740177820515e-02,
       4.0511952160964246e-02, 5.0569986489601504e-03,
       3.3188630577269798e-02, 2.3344658503382562e-02,
       2.3958106721975354e-03, 3.3260342785931617e-02,
       1.1609531849032576e-02, 2.5723803556940695e-02 ]
pca_proj: !!opencv-matrix
   rows: 1
   cols: 21
   dt: f
   data: [ 4.36961316e-02, 8.50134730e-01, 1.73015636e-04,
       6.54514134e-02, 4.60692108e-01, 2.29939164e-04, 7.67599978e-03,
       1.46649793e-01, -1.37564148e-05, 1.21663406e-03, 1.30500361e-01,
       -5.45994153e-05, 8.06188770e-03, 1.42052382e-01, -2.12945142e-05,
       -2.45414903e-05, 9.56867734e-06, -1.94090262e-06, 3.13729906e-05,
       4.34020360e-04, 2.32224409e-07 ]
pca_mean: !!opencv-matrix
   rows: 1
   cols: 21
   dt: f
   data: [ 2.07625534e+02, 2.55653595e+02, 1.54502928e+00,
       2.18915131e+02, 2.60592743e+02, 1.67241716e+00, 2.65274475e+02,
       2.24016678e+02, 1.71669352e+00, 3.19420807e+02, 1.63929108e+02,
       1.75046074e+00, 3.16613464e+02, 2.25532654e+02, 1.70717156e+00,
       1.08872897e-04, -9.74175637e-05, 6.24380555e-05, -2.17504916e-04,
       -2.50119597e-01, 1.75055194e+00 ]
gamma: !!opencv-matrix
   rows: 40
   cols: 1
   dt: d
   data: [ 8.0869737065189096e-01, 8.4878818160008451e-01,
       7.7133779351689058e-01, 8.8946713310460146e-01,
       8.1032847111980422e-01, 8.5834317386624603e-01,
       8.8297146437587948e-01, 7.8974053115455101e-01,
       7.8982138898284793e-01, 9.0934318976542305e-01,
       8.7477479461312191e-01, 7.7818712223895281e-01,
       8.3331872506177607e-01, 8.3464206593771972e-01,
       7.7264115065312511e-01, 7.8163434930329201e-01,
       8.7441953805074024e-01, 8.0328880850122109e-01,
       7.7426812396740141e-01, 8.9041052996660497e-01,
       8.4240727025412732e-01, 8.4119414163736539e-01,
       9.0311089148291290e-01, 7.9896269366690509e-01,
       8.6679206025937394e-01, 7.7184533136016009e-01,
       8.2531676756467054e-01, 8.8222389435608384e-01,
       8.1810469265872465e-01, 8.4998826083528434e-01,
       8.6506681916160100e-01, 7.9632796698451747e-01,
       7.8341151346750493e-01, 8.9989307189563061e-01,
       7.7597901259985447e-01, 8.2661138061779726e-01,
       9.1596638570969902e-01, 8.1757888379852772e-01,
       8.9632528460542460e-01, 8.5668132317101142e-01 ]
