%YAML:1.0
means: !!opencv-matrix
   rows: 2
   cols: 16
   dt: d
   data: [ -9.6744072854658015e+01, 1.6471913020356059e+01,
       1.8846631211029898e+01, -7.5745167811266212e+00,
       -6.3205107139326255e+00, 4.8695120361971185e+00,
       -1.8265393212415582e+00, -3.9107089124759237e-01,
       -5.3968004322903262e-01, 1.2133956291377288e-02,
       -6.5389848600011138e-02, -7.2973192419750520e-03,
       -6.9532637117177901e-03, -1.0565012995564372e-03,
       -7.1011299161804452e-03, 2.6130420725900498e-05,
       5.0069372485047971e+01, -8.5220509459030147e+00,
       -9.7559847833434308e+00, 3.9199283173672788e+00,
       3.2727199560145643e+00, -2.5223235143125375e+00,
       9.4592675628145317e-01, 2.0036453926352016e-01,
       2.8052159031263996e-01, -5.5965728516175518e-03,
       3.3821565638290640e-02, 3.7829011123591866e-03,
       3.6086771578694157e-03, 5.6345754153927475e-04,
       3.6941411390668641e-03, 8.2954661397378501e-06 ]
covs: !!opencv-matrix
   rows: 32
   cols: 16
   dt: d
   data: [ 1.8593032605398090e+04, 5.9565008752322160e+02,
       1.6693642559804005e+01, -4.3300443369733210e+02,
       6.5671180661381720e+02, -5.3026178249564914e+01,
       -5.6657499965766668e+01, -1.1220842151389506e+02,
       -1.1616563266426373e+02, 4.8707427084133856e+00,
       -7.1643271488444853e+00, -1.0585365685828054e+00,
       -9.6429410422409745e-01, -1.9708921627612838e-01,
       -1.3063348546969615e+00, 2.3183123368054584e-01,
       5.9565008752322160e+02, 1.1977526022547359e+04,
       3.3776439656815292e+01, -9.6643690722193094e+02,
       4.8431680388056876e+01, 3.5105712157584628e+02,
       -1.9546951861540421e+01, 3.6496272392645430e+01,
       9.1510638123029686e+00, 3.6344598782128523e+00,
       -7.2687021846359479e-01, -6.2560007342370583e-01,
       7.8885996695128593e-02, -2.4892115514157867e-01,
       -1.9104344068828868e-01, 8.1140136085254472e-02,
       1.6693642559804026e+01, 3.3776439656815306e+01,
       3.2842465106045934e+03, 4.8008312663313092e+01,
       -1.3531863697168237e+02, 4.0014220392261940e+01,
       -1.7104190124679711e+01, 1.2363056106547791e+01,
       1.5066015456284076e+01, -6.5773396852313013e+00,
       2.2486480895408074e+00, 5.6570950414029664e-01,
       5.7262643743278309e-02, 1.0554980990354089e-02,
       2.3332527748194029e-01, 6.7818344375556616e-02,
       -4.3300443369733216e+02, -9.6643690722193105e+02,
       4.8008312663313077e+01, 3.1307991453012528e+03,
       -6.5491210610961431e+01, -1.8600287908486882e+02,
       4.6695678671064886e+00, -3.1067957322955600e+01,
       -4.5805398131544504e+00, 6.0030605933716412e+00,
       2.9668968680397595e-01, 2.6156301287690525e-01,
       -5.5962854947697323e-02, 1.5831135236909372e-01,
       1.2740358148513928e-01, -2.8329267008680749e-02,
       6.5671180661381720e+02, 4.8431680388056861e+01,
       -1.3531863697168237e+02, -6.5491210610961446e+01,
       2.7516149721246649e+02, -4.8114438496466136e+01,
       -8.7351285629173088e+00, -1.8275570848136791e+01,
       -1.3417776635191782e+01, -9.8795452724403460e-02,
       -7.8229998434569925e-01, -1.6928597203696941e-03,
       -1.0414258499760158e-01, -4.4402987646774972e-02,
       -2.0400219182626134e-01, 4.8943211545667151e-02,
       -5.3026178249564914e+01, 3.5105712157584628e+02,
       4.0014220392261940e+01, -1.8600287908486879e+02,
       -4.8114438496466136e+01, 2.6786755108647276e+02,
       9.5550188196593244e-01, 2.5440914365191976e+00,
       5.5126934122626965e+00, 1.1505396242078627e+00,
       1.8632036812443720e-01, -6.8622331186823649e-02,
       4.6450453630266619e-02, -2.9074102876929116e-03,
       6.1223624875382653e-02, 4.5083964346184523e-02,
       -5.6657499965766668e+01, -1.9546951861540425e+01,
       -1.7104190124679704e+01, 4.6695678671064877e+00,
       -8.7351285629173105e+00, 9.5550188196593222e-01,
       3.8753954664666288e+01, 4.1466520787560066e+00,
       3.9662352300591159e+00, -5.0728239200363057e-01,
       -2.0105956909355840e-01, -1.1474381979946485e-01,
       3.6569108867673485e-02, -1.8795405504618525e-02,
       -5.4287125843006604e-03, -2.8084940568053845e-03,
       -1.1220842151389505e+02, 3.6496272392645437e+01,
       1.2363056106547788e+01, -3.1067957322955600e+01,
       -1.8275570848136791e+01, 2.5440914365191962e+00,
       4.1466520787560075e+00, 2.5835499655155676e+01,
       3.6850633835907609e+00, -1.1811264848647558e+00,
       6.4911934284935843e-02, 2.8989068734841580e-02,
       1.7781003845714734e-02, -6.7878209571484733e-03,
       -1.4105372623685849e-02, -1.3894719946797841e-02,
       -1.1616563266426373e+02, 9.1510638123029668e+00,
       1.5066015456284076e+01, -4.5805398131544504e+00,
       -1.3417776635191784e+01, 5.5126934122626965e+00,
       3.9662352300591159e+00, 3.6850633835907609e+00,
       7.7330772955860301e+00, 2.3770920088440448e-01,
       7.4539906981441577e-03, -4.7987154423514361e-03,
       2.6644337025682991e-02, 7.7356532684885668e-03,
       -4.2418207024666294e-03, 3.6993960770382076e-03,
       4.8707427084133856e+00, 3.6344598782128532e+00,
       -6.5773396852312995e+00, 6.0030605933716421e+00,
       -9.8795452724403376e-02, 1.1505396242078627e+00,
       -5.0728239200363046e-01, -1.1811264848647558e+00,
       2.3770920088440448e-01, 2.6255190914282127e+00,
       -1.8003661301598608e-02, -3.0740496255151836e-03,
       -1.4825541555335173e-03, 2.2965823748242405e-02,
       -1.9346824429613951e-03, -7.8271977618857920e-04,
       -7.1643271488444853e+00, -7.2687021846359501e-01,
       2.2486480895408065e+00, 2.9668968680397606e-01,
       -7.8229998434569925e-01, 1.8632036812443720e-01,
       -2.0105956909355840e-01, 6.4911934284935843e-02,
       7.4539906981441612e-03, -1.8003661301598615e-02,
       3.8146458008821930e-02, 5.3031142863561101e-03,
       -9.3675958523854643e-04, 8.8081550369446880e-04,
       -1.3973517718396026e-04, -3.8015402919087677e-04,
       -1.0585365685828056e+00, -6.2560007342370583e-01,
       5.6570950414029675e-01, 2.6156301287690525e-01,
       -1.6928597203696896e-03, -6.8622331186823649e-02,
       -1.1474381979946485e-01, 2.8989068734841580e-02,
       -4.7987154423514361e-03, -3.0740496255151836e-03,
       5.3031142863561101e-03, 9.0600161368333924e-03,
       -4.5656370020819280e-04, 5.5691017568390848e-04,
       -9.8530972948802768e-04, 1.3740282603481735e-04,
       -9.6429410422409723e-01, 7.8885996695128593e-02,
       5.7262643743278330e-02, -5.5962854947697337e-02,
       -1.0414258499760155e-01, 4.6450453630266619e-02,
       3.6569108867673485e-02, 1.7781003845714734e-02,
       2.6644337025682991e-02, -1.4825541555335173e-03,
       -9.3675958523854654e-04, -4.5656370020819280e-04,
       2.7314818736363781e-03, -2.4723695102590721e-05,
       6.0370785714317589e-05, 8.4919178029406434e-05,
       -1.9708921627612849e-01, -2.4892115514157867e-01,
       1.0554980990354085e-02, 1.5831135236909372e-01,
       -4.4402987646774958e-02, -2.9074102876929151e-03,
       -1.8795405504618525e-02, -6.7878209571484707e-03,
       7.7356532684885642e-03, 2.2965823748242405e-02,
       8.8081550369446902e-04, 5.5691017568390848e-04,
       -2.4723695102590718e-05, 2.6476581925835795e-03,
       -1.5962593068462316e-04, -4.1134196078675360e-05,
       -1.3063348546969615e+00, -1.9104344068828863e-01,
       2.3332527748194035e-01, 1.2740358148513931e-01,
       -2.0400219182626134e-01, 6.1223624875382653e-02,
       -5.4287125843006621e-03, -1.4105372623685853e-02,
       -4.2418207024666294e-03, -1.9346824429613955e-03,
       -1.3973517718396036e-04, -9.8530972948802768e-04,
       6.0370785714317589e-05, -1.5962593068462311e-04,
       1.6880536558781265e-03, -7.9517416062749240e-05,
       2.3183123368054581e-01, 8.1140136085254444e-02,
       6.7818344375556616e-02, -2.8329267008680756e-02,
       4.8943211545667151e-02, 4.5083964346184523e-02,
       -2.8084940568053854e-03, -1.3894719946797843e-02,
