%YAML:1.0
means: !!opencv-matrix
   rows: 48
   cols: 5
   dt: d
   data: [ -1.9492444858808909e+02, -5.3348872954773036e+01,
       4.8707528133138467e+01, 4.3717810597480579e+01,
       -2.3810709117953753e+01, 6.0085985072682384e+01,
       -2.9736821850564478e+01, -2.8349921636428359e+01,
       4.6421267860912856e+01, -2.6755670666010957e+01,
       -8.6079614406301047e+01, -2.6923319453082659e+01,
       7.5343109429576344e+01, -6.7423562451041974e+01,
       -3.1170858638057366e+00, -3.7740550023114534e+00,
       -3.1587017239716047e+01, -2.4696546316517067e+00,
       1.0152252453758900e+01, -1.2628320604193572e+01,
       1.1315377659462364e+02, -1.0648907082061944e+01,
       -8.2546530532857716e+01, 1.4843792832836590e+01,
       -9.9666054241976489e+00, 1.4772880836654252e+02,
       -3.7751497581020118e+01, 5.7319278849100371e+01,
       -1.9525458173981420e+01, 5.4628515713702548e+00,
       -1.7831040175945506e+02, 3.9928676129763424e+01,
       -5.5710616996165783e+01, -6.1848611333061569e+01,
       2.8811481076112049e+00, -3.1088480644335021e+01,
       6.2013509529462112e+01, -8.6835340481974388e+00,
       3.8306035090621172e+01, 3.0804151754537873e+01,
       -4.2622584856626595e+01, -1.4459934376159325e+02,
       9.3072883534439001e+01, -3.2214810580640730e+01,
       -1.2351261360937990e+01, -1.2744876944374290e+02,
       1.2873711306579509e+02, 1.1261036152960246e+01,
       -5.5454502368511136e+01, -2.4954998267492922e+01,
       3.7946780510836511e+01, 1.1367194188041380e+02,
       -3.1218442663781556e+01, -4.7294247082538917e+01,
       -9.9908200507069935e+00, 3.4701717638203164e+01,
       -5.9752059215515608e+01, -1.6394991891852413e+01,
       -7.5473799603647436e+01, 1.5448185240914778e+01,
       2.2515210234921707e+02, -2.9294583558210785e+01,
       -6.6890224432450536e+00, -1.3917848319952689e+01,
       -1.3700565824853214e+01, 1.3146340110762759e+02,
       9.9698375397739838e+01, 7.1646420604590659e+00,
       3.4702949548305732e+01, -1.2184989120377365e+00,
       -5.0112805968716081e+01, -2.3944899591318523e+02,
       -3.2767811514011569e+01, 8.5319420412016001e+01,
       -3.2692702219619849e+00, -1.0812001752066237e+01,
       1.1819935958060353e+02, -6.3995839611840495e+01,
       3.9706125464146233e+01, 3.7262952245792125e+00,
       -6.7328602635888481e+00, 6.2615824188306206e+01,
       1.0469672912387349e+01, -6.5663626718569589e+01,
       9.2451575134921331e+00, 4.7891743264715124e+01,
       8.3552724138997931e+01, 5.0292311687058785e+01,
       4.2852571584005005e+01, 2.1741421048788641e+01,
       -1.5085710084067946e+02, -1.7474956764017850e+01,
       6.3772364178985033e+00, 4.2519567368274664e+01,
       1.9585114449998569e+00, -2.2463840657911355e+01,
       1.1802981525449748e+02, 9.6628991739967518e+01,
       -1.6823718975433518e+01, 4.3094177329072334e+00,
       1.6604280863760607e+02, -4.8479591666106003e+01,
       4.3183478489455062e+01, 5.3020961804911281e+01,
       -6.6273382860529551e-01, 1.0262077973283374e+02,
       -4.7606376675164938e+01, -2.0898235601763702e+01,
       3.6281115283527065e+01, -2.7146407427529581e+01,
       6.6132393566067421e+01, -8.0261613089262216e+00,
       -3.9190801361473753e+01, -1.9226105809109605e+01,
       7.0409686811204129e+00, -1.8692036592825022e+02,
       -2.9718191371418676e+01, 7.6170221075879656e+00,
       -5.9506167172713958e+01, -3.9582298115619068e+00,
       1.2032065964169121e+02, 1.0533444090978048e+02,
       4.2224028132601248e+01, -4.9942484109779166e+01,
       -5.1058043230856569e+00, -9.5289284279837148e+01,
       -5.1177970637435124e+01, -4.2414876404492134e+01,
       4.0803559920985087e+01, 3.3128543962700867e+01,
       -1.2016562136014248e+02, 1.2305583526051220e+02,
       3.0574877564195024e+01, -2.3608596089957867e+01,
       -6.8138597937289436e-01, 4.8379009296081200e+01,
       -4.0904270662327022e+01, -3.0113977932751784e+01,
       7.9006507286983251e+01, 3.8754264272159187e+00,
       -1.9099298067259900e+02, -1.7285472632568013e+02,
       2.3784879201333283e+01, -3.0536485257503156e+01,
       -2.2407057136252067e+01, -9.5744943373237462e+01,
       -1.1359827022357567e+02, 1.4703021408713917e+01,
       -2.9960044138549282e+01, 1.1521268315434321e+01,
       1.2996510926673426e+02, -9.1607587989737283e+01,
       -7.1459204957295313e+01, -3.4595785299841481e+01,
       -1.1469881080392332e+01, -4.2596829712612930e+01,
       -1.0980121200925252e+01, 8.6478511504791371e+01,
       2.3751052717294453e+01, 9.4434656147825946e-01,
       1.1411869580161749e+02, 9.3072185437894149e+01,
       -7.4712260936682867e+01, 6.8663171978643149e+01,
       -9.8409207199150046e+00, -2.1676572212508969e+00,
       2.0053601347220541e+02, 9.0899692016252445e+00,
       4.8947305117071069e+00, 6.8532878798429655e+00,
       7.9554777161025598e+01, -1.9128013728944293e+01,
       5.9139869305345528e+01, 1.7294644150281326e+00,
       3.1246670569316937e+01, -1.5345143708755529e+02,
       7.3506159876638534e+01, 4.9567086309698652e+01,
       1.6440060786255213e+01, -7.1895130986514189e-01,
       9.2302292876732665e+01, -1.6507647039163965e+02,
       -3.5587390294090568e+01, 1.5976403817719342e+01,
       -6.4000306104541194e-01, -2.1991486904472737e+02,
       1.6680304185630393e+02, -3.3055914588228362e+01,
       7.4211487123168691e+00, -3.1025079762885714e+00,
       2.3981292022699338e+02, 7.6010606009311545e+01,
       2.5168443106610381e+00, 4.0969339876372153e+01,
       -1.3094933841849899e+01, 7.4772397529113732e+00,
       -1.0106042170450262e+02, 2.9349176200696171e+01,
       3.2182425633864497e+01, 3.5852136784338420e+01,
       -2.5387670909280601e+02, 2.6317511362376473e+00,
       -1.6660825631190363e+01, 1.2622521753174039e+01,
       -2.3773839564311214e+00, 6.6888144526273791e+01,
       -2.3365678338526720e+02, 4.0023893767663523e+01,
       6.6099231894492988e+01, -1.0415978284018104e+00,
       1.3923883114390376e+01, -1.7434825274430582e+02,
       4.0166127711532322e+00, -4.3872575525401363e+00,
       9.6755942537365609e+00, -6.5731457130453933e+01,
       8.9709368395133978e+01, -8.0800160308288625e+01,
       -2.3361390598768239e+01, 8.9181989430207249e+00,
       -1.8893824769802035e+02, -7.5266286109425195e+01,
       5.7426764800583818e+01, 2.9971105483430165e+01,
       -2.8273545583382134e+01, -4.1172331675406717e+01,
       -1.6983258928626046e+01, -2.8967668922387372e+01,
       -1.7914549060195807e+01, 2.4395372539611994e+01,
       -1.5297318619945862e+01, -1.1707838102660143e+02,
       -2.7309883788163770e+01, -2.5402731941268879e+01,
       3.4914927487746333e+01, 1.5417859736615816e+02,
       -5.3254840334998718e+01, 1.1586147895785986e+01,
       -7.5618137938550873e+01, -7.3388635636550212e+00 ]
