%YAML:1.0
means: !!opencv-matrix
   rows: 28
   cols: 8
   dt: d
   data: [ 1.0544247829265140e+02, -7.6265586145090253e+01,
       -2.0525165537581156e+01, 5.0334524347774334e+01,
       -2.8276368812226334e+01, 6.3876220619537296e+00,
       1.7197438247582146e+00, -1.3877726287096133e+00,
       -3.2314702620594833e+00, 1.3652741363520258e+02,
       -2.0792202136877862e+01, -6.1660311271011686e+01,
       -1.1267020862391146e+01, 3.2601512806006663e+00,
       2.1413154967831849e+00, -5.3520272840820859e-01,
       -1.4895573948665879e+02, -6.6835685691214806e+01,
       4.0516001869912117e+01, 2.6719918436471865e+01,
       -1.9003874731481535e+01, 1.4838741946145181e+01,
       -7.4508636033911080e-01, 1.0990678311994229e+00,
       1.0583719784293633e+02, 1.8436814755570673e+01,
       2.4890025564023563e+01, -1.6410852475180420e+01,
       -1.1268489285444684e+01, -6.8331496865774968e+00,
       -1.1439791772420018e+00, -8.6003178787640666e-01,
       -1.8040110619362068e+02, 6.0742921298817564e+01,
       6.4916706820547617e+01, 4.4331470448316800e+01,
       -8.0087456517862261e+00, 1.2534074352004569e+00,
       -4.7959634170881569e-03, 9.4480658070917434e-01,
       1.8345359819723377e+01, -3.4967955460185848e+01,
       1.9507402357056321e+01, 2.3665965338281364e+01,
       3.8697996365830896e+01, -6.1159645318066924e-01,
       2.7506512647344844e-01, -7.8867928674572807e-01,
       -2.9550354864900346e+01, -5.9050389032580483e+01,
       -1.1371011509130286e+01, -2.0392253970007001e+01,
       3.4802753746588692e+01, 4.7017162718509126e-01,
       2.3975443788900694e+00, -1.1779273012551339e+00,
       -1.5340878763213439e+02, 1.1501214373678657e+02,
       1.7361591665378953e+01, -5.0585736528196733e+01,
       -2.3906171485706462e+01, -5.1099436102839668e+00,
       -5.6605437318809226e-01, -3.2035671821371908e-01,
       1.3421880286700764e+02, 6.0618146722769701e+00,
       -3.5130059302505508e+01, 1.4743268377806560e+01,
       -1.9818212320420418e+01, 5.6737949897494806e+00,
       2.3732467470876439e-02, 1.5409143840472181e+00,
       9.9178470206347512e+01, -4.5499612537718193e+01,
       -2.1783913442859845e+01, 3.6651358133897347e+01,
       -2.7649085520017600e+01, 2.3533570240699305e+01,
       1.1249317716879470e+00, 1.3275850637123001e+00,
       1.2412201449953255e+01, -2.2939045515416541e+02,
       8.3017003821670681e+00, 7.5012901870957833e+01,
       -1.9237699081865274e+00, -2.8641621336339792e+01,
       -3.1766106203850497e+00, -1.3064465638269380e+00,
       6.1954003007998523e+01, 1.6260270543722527e+02,
       -1.2693684788307660e+01, 7.1193130142063250e+00,
       4.7103108036330426e+00, -1.2900215417816829e+01,
       -7.7042666418373684e-01, -4.2220821808166042e-01,
       3.3780194507674615e+01, -7.8572460372386494e+00,
       2.4321258260353482e+00, 1.4277045418448727e+01,
       4.0159846818102949e+00, 1.6677999213358316e+01,
       1.9636615797754990e+00, -1.9742385917634195e-01,
       -1.4547883598244553e+02, -5.1240006728467025e+00,
       3.1675903639626458e+01, -2.1059533008790616e+01,
       -4.1648989066918176e+00, -2.5286865665270195e+01,
       -1.4694702533120296e+00, -1.5842360375015788e-01,
       -3.2326967417107797e+00, 9.2811166601943313e+01,
       -4.6526295673979892e+00, -3.9434549362498281e+01,
       1.4408420231032398e+01, -2.8952169753520129e+00,
       -1.1976133908133804e+00, 5.7142254180238672e-01,
       6.8259247033130137e+01, 9.2224646195648646e+01,
       -3.6320778127114487e+01, -4.5171613252109083e+01,
       -2.6096341657578694e+00, -2.1358271148012573e+00,
       2.1946531502527988e+00, -1.7421470059030792e-02,
       -7.5772160209125019e+01, 1.0161377657259202e+02,
       4.6958588099240686e+00, -5.3006491204286689e+01,
       2.9610661088676080e+00, 4.5880654853766236e+00,
       1.8297271052040536e+00, -3.2483287073099676e-01,
       -1.7938860520093950e+01, 2.7796344702635324e+01,
       -5.7869133108873349e+01, 3.0745516658697407e+00,
       -8.3764517316613816e+00, -6.4430606485968669e+00,
       -5.0420336341277372e-01, -4.5249909527204774e-01,
       1.8991280755423526e+02, 1.3866660964861310e+01,
       -4.8871497926966086e+01, 1.2755554171193559e+01,
       -9.6257293980159044e+00, -6.8445584214963784e+00,
       1.2414467613155962e+00, -4.0039784441477316e-01,
       -8.6895930646645937e+01, -5.3749552770360957e+01,
       7.8606319906362558e+01, -1.7458679329651449e+01,
       -3.8670631321087924e-02, 5.5747184156369354e+00,
       1.3761279204599408e-01, 6.9087859763905923e-01,
       2.3281535574373738e+01, -1.0981018510032584e+02,
       1.5719216398548788e+01, 4.9822947626449974e+01,
       2.1728046237493917e+01, 1.2391468396703374e+01,
       1.8995259388766648e+00, -4.9552654513835247e-02,
       -1.6926486885034012e+02, 3.3601463829593854e+01,
       3.4447595810593505e+01, -3.1186906286972111e+01,
       -2.0499362030376638e+00, -1.7950670089753318e+00,
       1.8135785401474569e-01, 9.2523270778181943e-01,
       -1.5347764752980718e+01, 2.9863509005042204e+01,
       1.4728222871745585e+01, 2.5071574222177699e+00,
       2.6935238444545259e+01, 3.1264242200201906e+00,
       -3.3188581246078847e-01, -7.1799655370161841e-01,
       1.1133684903421894e+02, 4.2610969986576730e-01,
       -2.3483360801972307e+01, 2.3924089448667157e+01,
       7.8129706627864959e+00, -8.7847753663400603e+00,
       -4.5415660108711516e-02, -8.1851631642837230e-01,
       -1.7138154515401365e+02, -1.5453109668486852e+02,
       5.2744310144629949e+01, 5.0797115718826070e+01,
       -4.0213046152061096e+01, -1.8550454346936711e+01,
       -5.3119815972862172e+00, -1.8642598668318935e+00,
       9.5736494384965084e+01, 2.6515238417880489e+01,
       -2.5841302244627414e+01, -1.8233159994744049e+01,
       -6.6969454931093839e+00, -1.7788186410355426e+01,
       -8.0757715604900273e+00, 3.3282830562751626e+00,
       -2.0410907026706548e+02, -5.2591366574330095e+01,
       -3.1083242335772217e+00, 8.0147405098597648e+00,
       2.3512011998081865e+00, 6.4466092467317422e+00,
       8.8804078883565440e-01, 9.1473877021926042e-01,
       9.4199869792440069e+01, -1.0419960254925195e+02,
       -3.1550387794696832e+01, -3.9942191925936392e+01,
       7.9980493886550335e+00, -5.2676016047024732e-01,
       -8.5224626677051385e-01, -7.6814589992159399e-01 ]
