%YAML:1.0
means: !!opencv-matrix
   rows: 15
   cols: 13
   dt: d
   data: [ 5.0481481864513952e+01, -2.2729371236121217e+01,
       -1.0272828583694353e+00, 5.1353730350146440e+00,
       1.3418438121310423e+01, -3.3619002745769793e+00,
       4.4480986520900592e+00, -2.5615525936028322e-01,
       2.1618163837214019e-01, 1.6528299725213105e-01,
       1.1658659870205123e-02, 4.1646853709815315e-02,
       2.4116879172607535e-03, -9.8503472548943041e+00,
       1.1758448258403909e+02, 1.9026597634120108e+01,
       -3.0002522037486663e+01, 1.8896090133954743e+01,
       -6.7421789313789393e-01, -1.2790629435752521e+01,
       2.6084925100858096e+00, 6.1641898469303129e+00,
       2.9474331252990360e-01, 1.1647287119745543e-01,
       3.0605824586992758e-01, -8.4609635194022412e-02,
       -7.4288569990423330e+00, 8.2843514161660892e+00,
       -3.6540125063759743e+00, -1.4177709873558062e+01,
       -1.8688025545631344e+00, -7.2222369899088124e+00,
       6.6696736169042914e-01, -1.3820929728117428e+00,
       3.1790738041031212e+00, 2.2109678215113409e+00,
       1.6155323619444878e-01, -2.6724694307191288e-01,
       1.6055223959059131e-02, 5.6766396771913676e+01,
       -2.0201363667902368e+00, -1.2886271892037712e+01,
       1.1146177428627373e+01, 1.7928927668619401e+01,
       5.0668793550948905e+00, -3.0168122438409579e+00,
       -7.3520644320173367e-01, -9.6529575528871359e-01,
       -5.0133224586205005e-02, -4.0580570092609569e-03,
       4.0054506794613663e-03, 4.8647742913322188e-04,
       -1.9493225771624597e+02, -6.2537536692119069e+01,
       4.2966469614211178e+01, 1.2186050025649644e+01,
       -1.7423360251391124e+01, 1.6510669804029174e+00,
       -2.0631896349441456e+00, -1.1394545129535515e-01,
       1.7462801929527396e+00, 2.3645702824389964e-01,
       5.8253780041108774e-03, -3.5368892250511180e-02,
       -8.9898040165640742e-04, 1.7047358870587823e+02,
       1.5178259140298954e+01, -4.5252426203717462e+01,
       1.1439434392127584e+01, -9.1810359662712369e+00,
       -6.4876222468515650e+00, -2.3973033051209897e-01,
       -6.2009241063033260e-01, -8.1242925041504421e-01,
       -5.4494099071751949e-02, 1.3699616448549426e-01,
       -2.4525632208225488e-02, 1.6931783266535140e-03,
       5.2689175125900931e+00, -1.8790793599358292e+02,
       1.5884292274189800e+01, 6.6206372808738507e+01,
       1.1516586215152753e+01, -1.8263319169680965e+01,
       -1.5883402297742331e+00, -1.0192777513185614e+00,
       2.4547781755478357e-01, -1.1435047756242371e+00,
       1.6432545678892841e-02, -7.7353271614439389e-02,
       3.2342581516543452e-03, -1.5258921450025909e+02,
       -1.1074631509681762e+01, 4.0418108496376774e+01,
       -2.5048080867916727e+00, -2.6789760034225658e+00,
       6.0940951571874074e+00, 8.2549165763083054e-01,
       1.2285568320422571e+00, -7.8356493441130914e-01,
       -4.0788454133932006e-02, -4.0065784013036251e-03,
       1.0756531286045636e-03, 2.9639818531082347e-03,
       3.5730548754675830e+01, 1.9038376775809882e+00,
       -8.8186830755920980e+00, -1.5084158319048070e+01,
       2.4872001177127498e+00, -1.2901760504481503e+01,
       -6.4397600084494844e+00, 2.2957145272125561e+00,
       6.3237039649388249e+00, -1.8339907183690596e-01,
       -1.1275500551122922e-01, -2.4371950584607643e-02,
       -3.0069595956552009e-02, 3.9953618204903464e+01,
       1.2762618110666267e+02, -2.8900239775900065e+01,
       -4.9960823605744920e+01, -8.3931000004575882e+00,
       1.8971307968985194e+00, 1.9617020816915260e+00,
       -1.2958010944938950e-01, -2.6443374381988771e-01,
       -1.2196211413233680e-01, 3.2628292386688677e-02,
       -2.6099972133260499e-02, 4.6548674289925212e-03,
       3.3763339712586578e+00, -1.4988349048427406e+01,
       -1.4277519064651563e+00, 3.7262323785944504e+00,
       -1.2285585575111378e+01, -6.1006641620861926e+00,
       7.3443025367604531e-01, -7.0628593448732291e-02,
       -1.1895106887803282e+00, 1.0438897055786756e-01,
       -2.8857081668389395e-01, 1.2025448357099179e-02,
       5.9542983493584912e-03, -1.5622348676860389e+02,
       -1.2424558225490925e+02, 4.8830067812021191e+01,
       4.3520376271020019e+01, -2.9908729466803774e+01,
       -8.0726045547921697e+00, -5.8139120891889604e+00,
       -1.4457095060452998e+00, 2.5843269268855285e-01,
       2.6403989808070555e-01, 5.4619703967948824e-02,
       6.1867578448425137e-02, -1.7562010147018997e-02,
       -5.2465458424290290e+01, 1.0227942976519530e+02,
       -1.6889103377480559e+00, -4.9477847745676620e+01,
       6.5188239306226983e+00, 2.4225088505565546e+00,
       1.5817628932312211e+00, -1.3202254981729017e-01,
       -3.0665133254426241e-01, -2.1702015559057215e-02,
       3.3561318640499119e-02, -4.8481123513251156e-03,
       4.3484404934939890e-03, 9.8914987233910196e+01,
       -4.4144152808761298e+01, -2.1987999777956201e+01,
       3.7029874562116490e+01, -2.7693267506619662e+01,
       2.3442615278898845e+01, 1.0681617105331680e+00,
       1.2967979172938342e+00, 4.9135602132503603e-01,
       3.1252224813925818e-02, 1.4843375635634548e-01,
       -3.4731387445911580e-03, -2.5331067850524612e-03,
       -1.5490693134375076e+02, 1.0369562630463331e+02,
       1.5681072197988515e+01, -5.0582874633246306e+01,
       -1.8674015806794859e+01, -7.1284795813763902e+00,
       -3.9108465269784271e-01, -3.7024890564151819e-01,
       1.4570811881791268e-01, -1.8880004423836938e-01,
       9.4552741600037349e-02, -3.5006148720794508e-02,
       3.6482361670144708e-03 ]
