%YAML:1.0
means: !!opencv-matrix
   rows: 3
   cols: 18
   dt: d
   data: [ 6.4982691419903631e+01, -6.0053175859966936e+00,
       -1.4676702770403647e+01, 2.2139265717859304e+00,
       3.4998734255590813e+00, -1.5787857077382006e+00,
       6.4601774772280174e-01, 2.1481437533474904e-01,
       3.0921113837246689e-01, -1.1975216076112710e-02,
       4.6894098865806685e-02, 1.7300310860918788e-03,
       3.3331900630051373e-03, 8.5045410984014701e-04,
       8.2945724182245054e-03, 4.0666410136127137e-04,
       6.2935776434748362e-04, 5.3465939046074104e-04,
       -1.3536784668859960e+02, -5.7394736423690533e+00,
       3.0494949053424840e+01, 6.1948259964178645e+00,
       -9.2648561632658737e+00, 1.3218702698266809e+00,
       4.5296787319498777e-01, 9.1048007092594785e-01,
       4.9651167949152808e-01, -1.0387680997452890e-01,
       -2.9503444997544578e-02, 9.6237437064302083e-03,
       2.4348932925005486e-03, -5.8207054707310022e-04,
       -8.6411711499083475e-03, -4.1398721313278125e-03,
       -2.1405345553365140e-05, 5.3784632892483314e-04,
       -2.0494002666189934e+00, 3.3931183354833692e+01,
       5.9910191431458515e-01, -2.0044072950851110e+01,
       3.5451459737006967e+00, 3.6758029469463720e+00,
       -3.3420925852521837e+00, -2.5255875243900916e+00,
       -2.1125100871709330e+00, 2.4149789633916388e-01,
       -1.2758660776992969e-01, -2.4474605498484507e-02,
       -1.7393791956428397e-02, -2.1513929407518955e-03,
       -1.6141025089590519e-02, 6.1696049278014810e-03,
       -2.4392059148814764e-03, -3.1263386560252799e-03 ]
covs: !!opencv-matrix
   rows: 54
   cols: 18
   dt: d
   data: [ 8.0450061435758162e+03, 6.2497833145876064e+02,
       1.9083915541869126e+03, -1.8111621949580751e+02,
       -9.0887091198509211e+02, 2.8963502212716173e+02,
       -8.8005127357002223e+01, 2.2993930958198501e+01,
       1.5090937544875770e+01, -1.7219804791724762e+00,
       -1.8355804984701851e+00, -1.3284471258864960e-02,
       -2.4261553389092541e-02, -7.2322007847089503e-02,
       -3.0607287309676984e-01, -1.9068665678138361e-01,
       8.8736322478467772e-02, 8.3375394142702515e-03,
       6.2497833145876064e+02, 8.2745087653182582e+03,
       -1.6502850248261481e+02, 7.3800836496544321e+02,
       3.6486270431857299e+01, -2.6605292423644494e+02,
       4.0086014451709744e+01, -1.5939159050141537e+01,
       2.3688581659664867e+00, -2.4018022358301896e+00,
       9.8665831471585763e-01, 5.4575254327184164e-01,
       5.2684487274593995e-02, 1.2069680506302617e-01,
       2.0711800478105694e-01, -7.3635300337894422e-02,
       -8.4567070183788978e-02, 1.3179411946474954e-02,
       1.9083915541869126e+03, -1.6502850248261487e+02,
       2.8782176512208325e+03, 3.8022243597281381e+01,
       1.8846231868702060e+02, -5.7923791312450533e+01,
       3.0239976527571013e+01, 1.4165910151469954e-01,
       1.0477110670457221e+00, 3.4295833475036326e+00,
       8.4133900676792592e-02, -1.8972080695969892e-01,
       9.5982075385908888e-02, 4.1320030804632465e-02,
       1.5294048655615800e-01, -2.0262829742883178e-02,
       -2.8166992718695320e-02, 3.3084040509577567e-03,
       -1.8111621949580757e+02, 7.3800836496544343e+02,
       3.8022243597281395e+01, 2.2727710836070705e+03,
       1.6259351872110365e+01, 1.3241978703457588e+02,
       -1.4212362541116802e+01, 1.7133319126968789e+01,
       -9.2103224775424142e-01, -3.2610471493527555e+00,
       -4.1241007801972546e-01, -2.1167431064625622e-01,
       -2.1582576913874454e-02, -1.1020719805470636e-01,
       -1.3259927501729354e-01, 9.7419555273715822e-03,
       3.8248911054914965e-02, -6.1442343303673153e-03,
       -9.0887091198509211e+02, 3.6486270431857299e+01,
       1.8846231868702060e+02, 1.6259351872110358e+01,
       4.5831657362277764e+02, 6.0610084091329774e+01,
       -3.7023850839781018e+00, 9.4344948098979167e+00,
       4.4916746816437740e+00, 2.1016252408861294e-01,
       1.2258804673472809e-02, -2.4137160200418274e-02,
       2.6229628626431908e-02, 2.5918095255322893e-02,
       6.6914358020425113e-02, -3.0165178477725738e-02,
       -2.2565278043848815e-02, 2.0062945633765807e-03,
       2.8963502212716179e+02, -2.6605292423644494e+02,
       -5.7923791312450533e+01, 1.3241978703457588e+02,
       6.0610084091329789e+01, 2.2259444891805737e+02,
       6.6991229432117638e+00, 1.0924942843010077e+00,
       -9.9928006133315883e-01, -5.9698139695420349e-01,
       1.6597932324748624e-01, 3.4598175913855091e-02,
       6.0994751753590494e-03, -1.1445193981630853e-03,
       -3.5963185892660551e-02, -3.6460135289579268e-02,
       -7.5406063678364332e-03, -1.6955457607995650e-03,
       -8.8005127357002195e+01, 4.0086014451709751e+01,
       3.0239976527571006e+01, -1.4212362541116798e+01,
       -3.7023850839781018e+00, 6.6991229432117638e+00,
       2.2945697092129443e+01, -2.8072984031979904e+00,
       -2.8332220776924264e+00, 2.7518204806786667e-01,
       3.3498322734169361e-02, 4.4716053029526144e-02,
       -2.9816775358716682e-02, 7.9264467348984218e-03,
       1.3525612697535096e-03, 2.2593801534734029e-03,
       2.1222861530286437e-03, -2.5664522500196221e-03,
       2.2993930958198490e+01, -1.5939159050141541e+01,
       1.4165910151469868e-01, 1.7133319126968786e+01,
       9.4344948098979167e+00, 1.0924942843010081e+00,
       -2.8072984031979904e+00, 1.4978499392123048e+01,
       -2.1211412185192668e+00, 6.2662798185080271e-01,
       -4.0630193168476311e-02, -1.7438361863065490e-02,
       -1.2771221937989949e-02, 1.3307983921820249e-03,
       2.9406186926601236e-03, 4.6418368992649532e-03,
       -2.8779179346781807e-05, -7.2438461145485702e-04,
       1.5090937544875771e+01, 2.3688581659664876e+00,
       1.0477110670457208e+00, -9.2103224775424131e-01,
       4.4916746816437740e+00, -9.9928006133315905e-01,
       -2.8332220776924264e+00, -2.1211412185192668e+00,
       1.5243942899939005e+00, -1.1383805755007306e-01,
       -3.3402291354252739e-02, 3.5619017194147233e-04,
       -1.6960361570357293e-02, -4.3871618278184055e-03,
       -1.7852827160298285e-03, -1.2182671591928612e-03,
       -1.4841285103851650e-03, -3.1588194248690553e-04,
       -1.7219804791724764e+00, -2.4018022358301896e+00,
       3.4295833475036326e+00, -3.2610471493527555e+00,
       2.1016252408861288e-01, -5.9698139695420360e-01,
       2.7518204806786672e-01, 6.2662798185080271e-01,
       -1.1383805755007308e-01, 3.1688493563101794e-01,
       1.1719628674606630e-02, 1.4872227137004636e-03,
       9.5381253168555610e-04, -1.1656345980067753e-02,
       5.6810656484853424e-04, 2.6749236968771147e-04,
       -1.8381702157724041e-03, -2.5411286606577448e-05,
       -1.8355804984701851e+00, 9.8665831471585808e-01,
       8.4133900676792606e-02, -4.1241007801972535e-01,
       1.2258804673472809e-02, 1.6597932324748621e-01,
       3.3498322734169368e-02, -4.0630193168476311e-02,
       -3.3402291354252739e-02, 1.1719628674606629e-02,
       1.9010569318446732e-02, -2.8032680108484764e-03,
       2.6963607161987617e-04, -5.4227527671248923e-04,
       -8.1512473644133128e-04, 1.3624328760485294e-04,
       -5.8133477282942261e-04, -4.4020224099783966e-05,
       -1.3284471258864981e-02, 5.4575254327184164e-01,
       -1.8972080695969898e-01, -2.1167431064625616e-01,
       -2.4137160200418274e-02, 3.4598175913855098e-02,
       4.4716053029526137e-02, -1.7438361863065490e-02,
       3.5619017194147233e-04, 1.4872227137004642e-03,
       -2.8032680108484764e-03, 2.2224262874482328e-03,
       1.6813437675273707e-04, -2.9854581500259221e-04,
       5.8695724992508327e-04, -6.1177337131849348e-05,
       2.6639492402549390e-06, 9.0672840740512523e-06,
       -2.4261553389092597e-02, 5.2684487274594058e-02,
       9.5982075385908902e-02, -2.1582576913874447e-02,
       2.6229628626431880e-02, 6.0994751753590468e-03,
       -2.9816775358716678e-02, -1.2771221937989949e-02,
       -1.6960361570357293e-02, 9.5381253168555556e-04,
