%YAML:1.0
means: !!opencv-matrix
   rows: 29
   cols: 8
   dt: d
   data: [ -1.5137369482975558e+01, -8.2755612598579347e+01,
       5.5237701123274064e+01, 4.9423680717089198e+01,
       5.7774688392378515e+00, -4.2277363826287626e+00,
       1.9535008688640001e+00, -2.0854057978109361e-01,
       1.0593846151962796e+02, 1.4190298969957366e+01,
       -3.1176358497204447e+01, -1.3731062421105076e+01,
       -1.5109105465891544e+01, -8.2732402654573587e+00,
       2.0606229856128505e-01, -9.2002013241374725e-01,
       -1.4618466651326162e+02, -2.4815439022590198e+01,
       3.7625883923652324e+01, 2.2615900691088118e+01,
       -3.8300964210304316e+00, 1.2904689198360913e+01,
       7.5397447960804775e-01, 1.9970319420231391e+00,
       -2.0374882054711275e+01, -1.4519502550573666e+01,
       2.7933967907128533e+01, 2.5916625877572699e+01,
       2.6798205412341076e+01, -4.4342791278785523e+00,
       -9.7780070246333910e+00, -6.2410614072918396e+00,
       -2.0952791974853315e+02, -1.4998485519062639e+01,
       4.4767022831022430e+01, 1.3701537628360084e+01,
       -1.0164615953635527e+01, 9.7855958196028343e+00,
       -1.2327702647336742e+00, -7.6525321067573338e-01,
       8.1624984158128200e+01, 1.5865071034690022e+01,
       -2.3727661338176265e+01, -3.2312931291418167e+01,
       -2.6451874087230006e+01, -1.9830807338941767e+01,
       9.4490029972687084e-01, -2.3421059825228867e+00,
       -1.5592729705054589e+02, 3.9211353055257270e+01,
       3.8931633669082004e+01, -2.4360308860924338e+01,
       -6.4959303105285349e+00, -9.2681086635439982e+00,
       1.7639872561467913e+00, 8.9651887810175845e-01,
       -1.2948088264981780e+02, 4.1346333536356582e+01,
       3.7914943110191793e+01, -2.2349586080430665e+01,
       8.2725787213909141e-01, 4.3175506862136501e+00,
       -5.4601216050646268e+00, -5.0439195137164301e+00,
       -1.4525568107325428e+01, -1.1488860335561990e+01,
       1.3426504701940582e+01, 7.3687993693213150e+00,
       1.8249311256930177e+01, -8.9073059164481663e+00,
       1.5184765388374293e+00, 1.9714266131501904e-02,
       1.1349856903623704e+02, -5.4512662501572578e+01,
       2.2114032124277802e+01, -3.1559278157833937e+01,
       1.4172285638911106e+01, 6.7689160759150608e+00,
       3.8848765103464494e-01, 1.8209055384319650e+00,
       9.0793818851490599e+01, -3.6261510400717121e+01,
       -2.6926058102041303e+01, 3.0600098761171122e+01,
       -9.7780192292453627e+00, 1.0185141389387743e+01,
       -5.9613536047334108e+00, -2.8854714023815733e+00,
       1.4516019316232547e+02, 1.4079117472923985e+01,
       -4.1792966885155472e+01, -2.1927293753860129e+00,
       -4.4787345925233124e+00, 1.3069776511050726e+01,
       -1.4938506693476301e+00, 1.7575164268007077e+00,
       3.5984252525049662e+01, -4.9969604698839746e+01,
       -1.1333705327473600e+01, 2.1009533261335719e+01,
       -7.6231110491063312e+00, 6.7949498132476682e+00,
       4.6723278731927370e-01, 1.2571074386019945e+00,
       -8.4946564230686462e+01, 1.5212062551460455e+01,
       2.4202991847036980e+01, -1.3924503203439901e+01,
       1.9425376958176205e+01, -1.4189272266608544e+01,
       2.1936648162081736e+00, -4.4379375465755111e-01,
       -1.7095595114342167e+01, 1.6365776119700868e+02,
       1.0290025098446138e+01, -9.3800081542863211e+01,
       1.5239038501469475e+01, 2.9767213589409838e+01,
       -3.0864859322775953e+00, 1.9119476211206468e+00,
       1.2559652764792035e+02, -3.4641797733972147e+01,
       -3.3167604022155174e+01, 2.9650222962922413e+01,
       -4.2895171722805960e+00, 1.3454486465299455e+01,
       -1.2602467894705593e-01, 2.1729280858870168e+00,
       -2.1179908281392491e+02, 1.0157636628640853e+02,
       4.9066714869453101e+01, -5.1772076981741783e+01,
       -2.1268642130673364e+01, 2.8574844789601503e+01,
       -5.4854357171384276e+00, 2.6308898490842592e+00,
       -1.4908820133789749e+02, -1.0363961406906937e+02,
       2.7382593873881707e+01, 6.6321645889246497e+01,
       -1.9742439779184629e+01, 7.0476691819901038e-01,
       -2.3123179945733227e-01, -1.4247975549261502e+00,
       6.3197360348329976e+00, 2.3364761504578841e+01,
       -6.4423851370381712e+01, -4.2902303779873190e+00,
       1.5946138669918696e+01, 3.9613391523927950e+00,
       9.0599138906715748e-01, 1.4730706411021299e+00,
       7.2602348932831458e+00, 5.8479206851947112e+01,
       4.2168608974936799e+00, -4.6811579825399612e+01,
       -2.4637218058368762e-01, -1.5932056444574489e+01,
       -7.6780351692189208e-01, 3.3279761499381305e-01,
       -2.9633092870384942e-01, 3.3854731964300271e+01,
       9.9475398207881351e+00, -1.8178956453192725e+01,
       3.9357384628620743e+01, -3.4394605650372507e+00,
       1.1744326792044317e+00, 1.0891734811132006e+00,
       5.2086273246291427e+01, 1.5127812620877688e+02,
       -7.6641440934855121e+00, -8.0915372368246850e+01,
       1.7101707762803102e+01, 6.5186510142580438e+00,
       1.7365602292360192e+00, 3.2234405712992884e+00,
       -1.7440254366854893e+02, 7.8026252522559460e+01,
       3.3857702811803833e+01, -5.1056463335506997e+01,
       -2.2413605642766594e+01, -1.9335862092597982e+00,
       -2.4364146283849242e+00, -1.3203973213544538e+00,
       6.4484816838177451e+01, -5.9277622104685342e+01,
       -2.0479294760276357e+01, 3.8904356135133369e+01,
       6.4645002843284232e+00, 1.3581032687611989e+01,
       -1.1477308622584008e+00, 1.7433454730267983e-01,
       1.6662848194226538e+02, 1.9312290072116323e+01,
       -4.4357812194523945e+01, -1.8500146026910659e+01,
       -7.8899334328514223e+00, 1.2435840659379410e+01,
       -3.3219232834132917e-01, -1.1801506764737502e+00,
       -1.2582688731760072e+02, -7.5524944745484859e+01,
       -3.0051850341508800e+01, 5.0334440156666638e+01,
       8.8276524430279633e+00, -4.4242388429299675e+00,
       2.1274750104690763e+00, -4.9383084339579425e-01,
       3.3320275373887917e+01, -9.8756139736684020e+01,
       -1.0924074263343984e+01, 6.7735798704418926e+01,
       -4.4101287218673173e+00, -1.1275759880367735e+00,
       2.0918089611230628e+00, -3.5845429906566761e-01,
       1.2321896195590921e+02, 8.1740905926696513e+01,
       1.9093532477490417e+01, 2.4490210869047825e+01,
       9.9872240651928639e+00, 2.1005369893056964e+00,
       6.3956668653290316e-01, 2.0645695673757216e+00,
       7.3257792713879908e+01, 5.7383685892958823e+01,
       -1.5544634436628066e+01, -4.1050439685583257e+01,
       8.7814867994194863e+00, -1.1871912770933609e+01,
       1.7906627956160561e+00, 1.7693965413563342e+00 ]
