%YAML:1.0
means: !!opencv-matrix
   rows: 7
   cols: 15
   dt: d
   data: [ -7.5172061180778172e+01, 1.2416460969928617e+02,
       -2.0585894932501034e+00, -5.6155799682678875e+01,
       -1.1298539073789700e+01, 1.5319511456317365e+00,
       1.1871382238668640e+00, -4.5677651616327647e-01,
       -2.5556862043674722e-01, -2.0832509412769917e-01,
       5.6710975341360201e-02, -6.3847173623945144e-03,
       3.2830812798135480e-03, 3.5648695135266171e-03,
       -1.0330896938605935e-02, -1.7170936692397615e+02,
       -9.5662725276943164e+01, 4.7784125862512248e+01,
       3.1555439681506314e+01, -2.6711140243525051e+01,
       -2.3634686886884138e-01, -2.8694241682868471e+00,
       2.6271366573865227e-02, -4.6315430454560030e-01,
       1.2358077875339073e-01, 4.6044173697684453e-02,
       3.2675159516762815e-02, -6.1120122395519763e-03,
       -2.1815541175830653e-03, 6.9296928226970401e-03,
       3.6335806445637118e+01, -4.2092747297199985e+01,
       7.9177932140327156e-01, 2.2264319447023322e+01,
       9.5857434578054779e+00, 1.2285883642937982e+01,
       1.4920148434560783e+00, 2.9050808867901717e-02,
       2.5639776530401212e-02, 1.4542426300862128e-02,
       2.1424376147629945e-02, 1.1690603047608572e-02,
       1.7703504741477049e-04, -4.2544911344479623e-03,
       8.6719296763270465e-03, 2.4778175136700721e+01,
       5.5575156594979962e+00, -4.9990829383426227e+00,
       -1.0007590334330835e+01, 4.3098866889116643e+00,
       -9.0717900265377374e+00, -5.8031577625914705e+00,
       2.2789856514481031e+00, 5.6565912972674983e+00,
       -1.4240342844816070e-01, -2.1084972696403845e-02,
       -2.9113182118973638e-02, -2.8317145698511830e-02,
       -4.8531197891016548e-04, 5.4613024658435629e-03,
       -1.6660949223897396e+02, 1.0178535737430906e+01,
       3.8648946680479092e+01, -1.6612721908374397e+01,
       -2.0271666243531370e+00, 4.2108873013059173e-01,
       3.0838200470209126e-01, 9.0914140003450494e-01,
       4.2568339041669720e-02, 6.4670836117020833e-02,
       -5.0160314728772339e-02, -2.0370412335089377e-02,
       3.8110683081923340e-03, 1.7644503781349748e-03,
       -2.3562743263536403e-04, 9.2606589438329252e+01,
       4.8801971361880540e+01, -2.8283845009494456e+01,
       -1.2214802225157101e+01, 2.2065416449115030e+00,
       -6.2224952472431951e+00, 1.0193122026362071e-01,
       -3.7205648527864632e-01, -7.0920449119196172e-01,
       2.6654181606770869e-02, 5.9165271825660115e-02,
       7.2325514078401499e-04, 3.2609682093088623e-03,
       -6.4302702017407444e-04, 1.9944705057009173e-03,
       8.7280462789505986e+00, -6.4119491429695003e+01,
       1.2226599516814489e-01, 1.9954286769414981e+01,
       -5.6572621810339019e+00, -1.5229280826199004e+01,
       -2.7027797102792384e-01, -1.2309800855811603e+00,
       -1.2994418301762609e+00, 1.4853901013233370e-02,
       -2.3650476075467367e-01, -1.2762001538026525e-02,
       6.0521345082488074e-03, 1.1393529159664129e-02,
       -3.0088066253134250e-02 ]
covs: !!opencv-matrix
   rows: 105
   cols: 15
   dt: d
   data: [ 8.7890444279319145e+03, 5.5552658823431284e+02,
       1.9875956771343192e+03, -1.1689930385044227e+03,
       1.3356155320188077e+02, 1.4720667554173721e+02,
       7.4361856192991027e+01, 2.6323316371751861e+01,
       1.0669356261250513e+01, 3.2375878425049951e+00,
       -4.4065827331038694e+00, -7.0064520379458028e-01,
       8.3720512156833432e-02, 2.7478012775014876e-01,
       -4.5101277243126947e-01, 5.5552658823431273e+02,
       6.5857784413815316e+03, 5.7460432154281204e+02,
       2.5034420811156515e+03, -2.3246146490126144e+01,
       1.8926035843273041e+01, -9.5310256783525816e+01,
       6.1482914209683894e+00, -1.7165600358860392e+01,
       -1.2725247247138654e+01, -9.5065541833553313e-01,
       -5.3843422463309332e-01, 1.5914946519663759e-02,
       1.6226383989395901e-01, -3.1081795409802476e-01,
       1.9875956771343192e+03, 5.7460432154281227e+02,
       2.8236563855859986e+03, 6.3299191291353285e+00,
       -1.1399155301207651e+02, -8.9792674083736074e+01,
       -1.3450290785746443e+01, -4.7579559941928649e+00,
       -1.8760227820413808e+00, 2.8501796619869499e+00,
       1.4327711950706519e+00, 1.1047296094974021e-01,
       -3.4560932361537677e-02, -1.4860448732663060e-02,
       2.5824222363314303e-01, -1.1689930385044227e+03,
       2.5034420811156515e+03, 6.3299191291353223e+00,
       1.7413994434595118e+03, 3.1453293886749371e+01,
       -1.1108852166839426e+02, 2.5184018121096127e+01,
       1.1707529473367984e+01, 5.2824508933535119e+00,
       2.3748481324414845e+00, 5.0231728899309136e-01,
       2.1751321399202955e-01, -2.5168262726894965e-02,
       -9.3221645434675093e-02, 7.5864619171219130e-02,
       1.3356155320188074e+02, -2.3246146490126129e+01,
       -1.1399155301207652e+02, 3.1453293886749371e+01,
       1.1906409787108623e+02, 4.2909700021425699e+01,
       3.4446578711890234e+00, 6.1276928752391102e+00,
       1.7264277201489450e-01, 1.1956584530311056e+00,
       -5.0756364067869475e-01, -2.3179587380114448e-02,
       1.2988269940028536e-02, -6.4920841585141215e-03,
       9.5145678774712514e-02, 1.4720667554173721e+02,
       1.8926035843273041e+01, -8.9792674083736088e+01,
       -1.1108852166839426e+02, 4.2909700021425699e+01,
       5.3362011851165292e+01, -1.5712407885054736e+01,
       -6.5957429705138781e-01, -3.1000047661700258e+00,
       -9.1985276820608597e-01, -3.0544594421063409e-01,
       -1.3198600168503558e-01, 1.2287768505334916e-02,
       -9.4930911021347906e-03, -2.1257209931966332e-04,
       7.4361856192991027e+01, -9.5310256783525816e+01,
       -1.3450290785746441e+01, 2.5184018121096130e+01,
       3.4446578711890226e+00, -1.5712407885054736e+01,
       2.2842228836964058e+01, 8.8021615318548740e-01,
       2.9318548995012397e+00, 2.9160010140977283e-01,
       -2.8915966578213176e-03, 3.9962154410346673e-02,
       -2.7993113296257179e-02, 7.9634611734643295e-03,
       -3.4441232888029671e-03, 2.6323316371751861e+01,
       6.1482914209683921e+00, -4.7579559941928649e+00,
       1.1707529473367988e+01, 6.1276928752391102e+00,
       -6.5957429705138737e-01, 8.8021615318548740e-01,
       1.9222206929130056e+01, -1.6927491847673304e+00,
       4.7687621340370429e-01, 3.1230318911134633e-02,
       3.2896990186881562e-03, 2.2861183954445592e-03,
       8.8654671887792771e-03, -1.3552420080735752e-02,
       1.0669356261250515e+01, -1.7165600358860392e+01,
       -1.8760227820413813e+00, 5.2824508933535146e+00,
       1.7264277201489436e-01, -3.1000047661700267e+00,
       2.9318548995012397e+00, -1.6927491847673306e+00,
       1.1866154868084970e+00, 1.8183296176368102e-01,
       -3.1170283156933209e-03, 2.0750102565166181e-02,
       1.7639269445744964e-02, 1.6390180823467220e-03,
       -9.9327857148618129e-04, 3.2375878425049951e+00,
       -1.2725247247138654e+01, 2.8501796619869499e+00,
       2.3748481324414850e+00, 1.1956584530311056e+00,
       -9.1985276820608575e-01, 2.9160010140977283e-01,
       4.7687621340370417e-01, 1.8183296176368097e-01,
       4.4885608846053343e-01, 5.3004786378808020e-04,
       4.3707086004546834e-04, 2.7284724710551693e-03,
       -1.1743603241039992e-02, 1.7345415295417312e-03,
       -4.4065827331038694e+00, -9.5065541833553335e-01,
       1.4327711950706519e+00, 5.0231728899309147e-01,
       -5.0756364067869475e-01, -3.0544594421063415e-01,
       -2.8915966578213197e-03, 3.1230318911134633e-02,
       -3.1170283156933209e-03, 5.3004786378808009e-04,
       1.0471150186747241e-02, 1.1132815011091445e-03,
       -3.9993557899388682e-04, -1.2784737526834195e-03,
       -4.3814676099863562e-04, -7.0064520379458062e-01,
       -5.3843422463309332e-01, 1.1047296094974024e-01,
       2.1751321399202961e-01, -2.3179587380114448e-02,
       -1.3198600168503558e-01, 3.9962154410346659e-02,
       3.2896990186881557e-03, 2.0750102565166184e-02,
       4.3707086004546856e-04, 1.1132815011091445e-03,
