%YAML:1.0
means: !!opencv-matrix
   rows: 36
   cols: 3
   dt: d
   data: [ 1.9500659744147731e+02, -7.4662670770763995e+01,
       1.4236899848041912e+01, -2.1514128648382535e+01,
       -1.8277818107958030e+01, 9.9536234563366378e+01,
       -2.3804874093522952e+02, 6.2420662075222857e+01,
       2.3152279902381345e+01, -2.8055629563264892e+00,
       6.0469697000743622e+01, -8.8603219170060584e+01,
       -1.8750269128378542e+02, -2.9071678344054728e+01,
       7.2274315540558849e+00, 5.8709003957633207e+01,
       1.0384920473438152e+02, -7.2331879400990658e+01,
       -2.9178229737780312e+00, -1.5950443392514572e+01,
       6.1986400513474171e+00, 1.1758353634568459e+02,
       -1.0021195665223603e+02, -7.3306270109669276e+00,
       -8.1009105510330059e+01, -7.5331678269525099e+01,
       -3.2068379048802910e+01, 5.7605445147673407e+01,
       3.0161096199213734e+01, -4.7488633914805781e+01,
       1.2263852162660126e+02, -1.9987139590971346e+01,
       4.1378227072162259e+00, -6.9369437597353141e+01,
       7.7192578770707797e+01, -3.6984043647819405e+01,
       8.5210020240809229e+01, 2.7260508843684299e+01,
       7.2315770083258045e+01, 9.9291867164292029e+01,
       -1.7987427684088455e+01, -8.3985402438218188e+01,
       -1.4332063343213235e+02, 5.7853340943956361e+01,
       8.7549042765433015e+01, 2.1527483532854512e+02,
       8.1759456619849033e+01, 4.8346694983741642e+01,
       6.3830936844610783e+01, -1.7297296754144648e+02,
       3.9438384944604422e+01, -9.1610179404067466e+01,
       -1.3830572126906543e+02, 6.4413067873562127e+01,
       -9.7919304988666681e+01, -4.5684942240508730e-01,
       -6.3777217402331793e+01, -9.3925170420101736e+01,
       1.3365626022281427e+02, 5.8300974802990567e+01,
       -1.7513426157221033e+02, -1.4380401834265493e+02,
       1.3762501485022378e+00, -1.8160878369928977e+02,
       8.1645826188018290e+01, 2.1769350914618400e+01,
       3.2161200612408756e+00, -5.2162364862298809e+01,
       -8.7761272347172181e+01, -2.3713060233586407e+02,
       -8.9063002937309079e+01, -3.4505888400137579e+01,
       9.6445486974217530e+01, 1.5618983818260585e+02,
       4.0289249441842401e+01, -8.9303311854428486e+01,
       -1.6037677346200272e+01, 6.6341841483918628e+01,
       2.5359244296790457e+01, 1.7439995076787918e+02,
       -1.4831869681678864e+01, -2.7842501849529617e+02,
       5.6315334705820227e+01, -2.4465040428901688e+01,
       2.3290083810685493e+02, -1.4367122394148575e+01,
       2.7924375135186128e+01, 1.6513473601940316e+02,
       -4.7842139439274021e+01, 5.4322323258124641e+01,
       9.4753380862982102e+00, 9.2058810633473939e+01,
       1.6939561570277192e+01, -1.8471507966535370e+00,
       -1.4655756122546595e+02, -3.1579696421890286e+01,
       1.5744627050663038e+02, 3.2713848284903243e+01,
       3.1750290330647157e+01, 5.5980003928641842e+01,
       -4.7721326093635241e+01, -4.0754874820341350e+01,
       1.3750122958344298e+02, 8.8668424621741281e+01,
       -5.6693168403057603e+00, 5.3976857855597304e-01,
       -8.0541072971924422e+01, 3.7297357569302299e+01 ]
covs: !!opencv-matrix
   rows: 108
   cols: 3
   dt: d
   data: [ 1.4271995739853658e+03, 3.5043322589408461e+02,
       -3.0602191982476489e+02, 3.5043322589408461e+02,
       3.5923154378758436e+03, -4.7801995991364464e+02,
       -3.0602191982476489e+02, -4.7801995991364464e+02,
       4.3671932788804111e+02, 4.4351746559910343e+03,
       -6.7484956165602284e+02, -6.3490486207947311e+02,
       -6.7484956165602284e+02, 8.4745377262308848e+03,
       2.1876557167141516e+02, -6.3490486207947322e+02,
       2.1876557167141519e+02, 2.5280912929219963e+02,
       2.2900547289730066e+03, 1.1301272078732482e+03,
       9.7520199010761007e+02, 1.1301272078732479e+03,
       7.7445940418768250e+03, -9.5943298719808226e+01,
       9.7520199010761007e+02, -9.5943298719808212e+01,
       8.1057544680962019e+02, 3.7967778868150060e+02,
       2.4462031195994280e+02, 2.0100242632401449e+02,
       2.4462031195994280e+02, 3.9392041423553464e+03,
       2.1411874060263384e+02, 2.0100242632401449e+02,
       2.1411874060263389e+02, 3.6665597471387616e+02,
       2.4627492397277924e+03, 6.7958676362034680e+02,
       4.2740169667505592e+02, 6.7958676362034657e+02,
       3.3650680900995912e+03, -2.6820200228125964e+02,
       4.2740169667505592e+02, -2.6820200228125958e+02,
       9.3406283610858839e+02, 1.3081788774246465e+03,
       1.8741427210471039e+02, -9.5329492206609103e+01,
       1.8741427210471039e+02, 1.2478705782017923e+03,
       5.0454260828910904e+01, -9.5329492206609103e+01,
       5.0454260828910904e+01, 1.1566821416135383e+03,
       1.9144472293969286e+03, -1.7885004035387195e+02,
       9.3233807587342824e+02, -1.7885004035387198e+02,
       2.4407451405932138e+03, 1.1134159258147037e+02,
       9.3233807587342824e+02, 1.1134159258147037e+02,
       1.5324823411777231e+03, 2.6146281989933809e+03,
       -2.9026812836314924e+01, -7.4768896644013878e+01,
       -2.9026812836314907e+01, 2.0838999142674015e+03,
       -1.2467293921247249e+02, -7.4768896644013893e+01,
       -1.2467293921247249e+02, 1.0033057924837743e+03,
       2.1497408900545502e+03, 7.5823748834517585e+02,
       2.5963521221605330e+01, 7.5823748834517596e+02,
       4.1780033198837036e+03, 8.2126795047524638e+02,
       2.5963521221605319e+01, 8.2126795047524638e+02,
       8.8409060977076035e+02, 1.0548473542372888e+03,
       9.9066020142170089e+01, 3.6640949329676198e+02,
       9.9066020142170075e+01, 1.4705793547208623e+03,
       1.1796742193922414e+02, 3.6640949329676198e+02,
       1.1796742193922418e+02, 1.3162926462541384e+03,
       1.4250841556391438e+03, 2.5362968533551991e+00,
       -3.6780414821893305e+02, 2.5362968533552066e+00,
       2.4716681802929729e+03, -3.3911959075190231e+02,
       -3.6780414821893305e+02, -3.3911959075190236e+02,
       1.0514501579944140e+03, 1.7528654262958476e+03,
       1.1891739385363907e+02, 3.9689321813534981e+01,
       1.1891739385363907e+02, 5.3420656653004262e+03,
       -5.6780276776599419e+02, 3.9689321813534995e+01,
       -5.6780276776599430e+02, 5.4781237657568454e+02,
       6.8722904086697417e+02, 3.6281171052735186e+02,
       2.0797504275879629e+02, 3.6281171052735181e+02,
       8.6756006277354354e+03, 2.2071775512028461e+02,
       2.0797504275879632e+02, 2.2071775512028458e+02,
       2.2487950823370059e+02, 1.4602015237583530e+03,
       4.6064785843378291e+02, 7.1241251666080166e+02,
       4.6064785843378291e+02, 4.9110470677262738e+03,
       2.4697286100404838e+02, 7.1241251666080166e+02,
       2.4697286100404830e+02, 9.1026844066420188e+02,
       1.6107941050404911e+03, 1.4350086547169599e+03,
       5.1437153155286319e+02, 1.4350086547169599e+03,
       7.1856300755320726e+03, 4.7857344818096249e+02,
       5.1437153155286319e+02, 4.7857344818096237e+02,
       5.3229461129011099e+02, 2.6203028077616805e+03,
       -1.8839110783968164e+02, -5.4594069089032826e+02,
       -1.8839110783968164e+02, 2.3070913446220866e+03,
       8.2686211487807967e+01, -5.4594069089032814e+02,
       8.2686211487807981e+01, 1.8978942639602795e+02,
       3.0692804508263030e+03, 4.4215302488870151e+02,
       -5.7284465580296842e+02, 4.4215302488870134e+02,
       2.4622426274543923e+03, 1.3489332215769417e+02,
       -5.7284465580296853e+02, 1.3489332215769417e+02,
       9.1895310875516145e+02, 1.6531275716501266e+03,
       4.4775687842096357e+02, 7.1949408449035843e+02,
       4.4775687842096357e+02, 4.0477561859754110e+03,
       -1.9076914754503309e+02, 7.1949408449035843e+02,
       -1.9076914754503301e+02, 6.2935167084117836e+02,
       3.0036518993579102e+03, 4.3815590104521203e+02,
       -5.2901829851507148e+02, 4.3815590104521226e+02,
       6.4761408361470440e+03, 2.0587439018684549e+02,
       -5.2901829851507148e+02, 2.0587439018684555e+02,
       3.9179962808762531e+02, 4.2038115028965567e+03,
       -1.6337207113620250e+03, 6.9278371651353655e+02,
