%YAML:1.0
means: !!opencv-matrix
   rows: 4
   cols: 7
   dt: d
   data: [ 1.4089931750166681e+02, -2.1589656468416969e+01,
       -3.4115305524564590e+01, 2.7376187291979498e+01,
       -1.8724427731742804e+01, 7.3241589228570350e+00,
       8.7735748705208205e-01, -2.0912997524009430e+01,
       1.0373864101110877e+02, -9.1643192932653417e+00,
       -4.7092985357736382e+01, -4.2162717102058984e+00,
       -1.2957184008728990e+00, 1.5767714379166213e+00,
       -1.5788927827057088e+02, -3.3487436636603505e+01,
       4.1024854924463732e+01, 4.6017789780052061e+00,
       -8.8377420347363635e+00, 1.1766650723448087e+00,
       -6.1456174729419966e-01, 4.0594356287019203e+01,
       -2.7466643520891516e+01, -4.0424150177832638e+00,
       1.1487369738638920e+01, 1.3629875342303086e+01,
       -2.6563007850441500e+00, -8.0748956981650655e-01 ]
covs: !!opencv-matrix
   rows: 28
   cols: 7
   dt: d
   data: [ 6.9392937062304582e+03, 9.0966595754139541e+02,
       2.2803156221215268e+03, -1.2071513185054150e+03,
       3.0691601018066569e+02, -6.2725102625974148e+02,
       -1.0648182259506937e+02, 9.0966595754139553e+02,
       6.8542768597733393e+03, 4.8807956390015909e+02,
       2.1378876268338117e+03, 2.0265590001845689e+02,
       -3.6248716032621064e+02, -3.4938488597167634e+01,
       2.2803156221215268e+03, 4.8807956390015914e+02,
       2.6396319904237780e+03, 2.1449247044735404e+01,
       -2.0513072281238340e+02, 1.1749364734725600e+02,
       2.5089596997514150e+01, -1.2071513185054150e+03,
       2.1378876268338117e+03, 2.1449247044735422e+01,
       1.9063204646408792e+03, -3.3379925911602463e+01,
       4.1927198853057199e+01, -7.9602569185657091e+00,
       3.0691601018066558e+02, 2.0265590001845695e+02,
       -2.0513072281238342e+02, -3.3379925911602463e+01,
       1.1074341614812261e+02, -1.3980170360777302e+02,
       -6.2373542842767717e+00, -6.2725102625974137e+02,
       -3.6248716032621059e+02, 1.1749364734725600e+02,
       4.1927198853057206e+01, -1.3980170360777302e+02,
       3.0406202495947059e+02, -1.4548149855705445e+01,
       -1.0648182259506937e+02, -3.4938488597167641e+01,
       2.5089596997514150e+01, -7.9602569185657073e+00,
       -6.2373542842767717e+00, -1.4548149855705450e+01,
       2.2002265944720548e+01, 1.0924599546663885e+04,
       -5.0799656945494542e+02, 1.6203358764705156e+03,
       -5.8463563580869697e+02, 1.4741699209843978e+02,
       -2.7329252186095392e+01, 5.0327989479439132e+01,
       -5.0799656945494502e+02, 6.8542306517120269e+03,
       6.3737453337083684e+02, 2.3012540775359330e+03,
       -1.3268119006615140e+02, 6.0525618531826595e+01,
       -9.2971576704369994e+01, 1.6203358764705156e+03,
       6.3737453337083673e+02, 2.8082746675163135e+03,
       -9.9939594823508344e+01, -8.7832133345239555e+01,
       -6.7057386910554797e+01, -5.1399919202991642e+00,
       -5.8463563580869686e+02, 2.3012540775359330e+03,
       -9.9939594823508386e+01, 1.7619578918610534e+03,
       9.3844322650551362e+01, -1.4362794359893465e+02,
       3.2345939718788095e+01, 1.4741699209843978e+02,
       -1.3268119006615134e+02, -8.7832133345239555e+01,
       9.3844322650551419e+01, 1.6992433233396892e+02,
       6.8867759461698397e-01, -1.4872343856851040e+00,
       -2.7329252186095395e+01, 6.0525618531826638e+01,
       -6.7057386910554811e+01, -1.4362794359893465e+02,
       6.8867759461698463e-01, 7.1922024901320853e+01,
       -1.6290642657554436e+01, 5.0327989479439147e+01,
       -9.2971576704369994e+01, -5.1399919202991615e+00,
       3.2345939718788102e+01, -1.4872343856851042e+00,
       -1.6290642657554432e+01, 2.1942858471545051e+01,
       7.5163141936132424e+03, 1.7606153128064676e+01,
       2.8418599410156053e+03, -7.0681569821854782e+02,
       4.4586427158734034e+02, 3.9212067493975746e+02,
       1.1481192478675874e+02, 1.7606153128064644e+01,
       9.5356351521789802e+03, 5.8199265195760245e+02,
       1.1667277809392449e+03, 7.3721704761577041e+02,
       3.2515513463373588e+02, 9.5831866566907621e+01,
       2.8418599410156053e+03, 5.8199265195760267e+02,
       2.4473976432859718e+03, 1.7162353304166789e+01,
       -1.4667061907708947e+02, -4.3429609781844718e+01,
       -2.9765913670511086e+01, -7.0681569821854794e+02,
       1.1667277809392449e+03, 1.7162353304166793e+01,
       2.3359236968709588e+03, -2.5480397198342888e+02,
       -3.7091848035722514e+00, -1.8823021423352674e+01,
       4.4586427158734034e+02, 7.3721704761577041e+02,
       -1.4667061907708947e+02, -2.5480397198342897e+02,
       3.1955029599854049e+02, 1.2681912149661910e+02,
       2.5972131526769548e+01, 3.9212067493975746e+02,
       3.2515513463373588e+02, -4.3429609781844697e+01,
       -3.7091848035722568e+00, 1.2681912149661912e+02,
       3.0085418899838379e+02, 7.0241101778223642e+00,
       1.1481192478675874e+02, 9.5831866566907621e+01,
       -2.9765913670511086e+01, -1.8823021423352685e+01,
       2.5972131526769548e+01, 7.0241101778223642e+00,
       3.2069979341899810e+01, 8.1255603796169125e+03,
       5.1200544409095664e+02, 2.0588317923120508e+03,
       -9.0335262564619995e+02, -7.6883306746425194e+02,
       -1.4823901091887282e+02, -9.2239764837592688e+01,
       5.1200544409095676e+02, 1.1940092219580129e+04,
       7.7032098142772423e+00, 5.3511619312507719e+02,
       -9.5093989490053900e+01, 8.3325497885343971e+00,
       -9.8621092192654871e+01, 2.0588317923120508e+03,
       7.7032098142772378e+00, 2.8556367646992803e+03,
       1.0720021386873842e+02, 1.8440324777534221e+02,
       6.3620581211327014e+01, 3.7002318834558942e+01,
       -9.0335262564620018e+02, 5.3511619312507707e+02,
       1.0720021386873842e+02, 2.5038110643810760e+03,
       4.9124571567005219e+01, -1.7692783520330057e+01,
       3.5911659991585879e+01, -7.6883306746425194e+02,
       -9.5093989490053886e+01, 1.8440324777534215e+02,
       4.9124571567005233e+01, 4.2069557644620767e+02,
       7.4770461587550031e+01, 7.2125699174495441e+00,
       -1.4823901091887282e+02, 8.3325497885344006e+00,
       6.3620581211326979e+01, -1.7692783520330046e+01,
       7.4770461587550059e+01, 2.7035173596611037e+02,
       6.9098777677850620e+00, -9.2239764837592702e+01,
       -9.8621092192654856e+01, 3.7002318834558935e+01,
       3.5911659991585879e+01, 7.2125699174495441e+00,
       6.9098777677850620e+00, 3.5039176260385418e+01 ]
weights: !!opencv-matrix
   rows: 1
   cols: 4
   dt: d
   data: [ 1.5382746418187263e-01, 2.1236850602688437e-01,
       2.1645496620101848e-01, 4.1734906359021551e-01 ]
