%YAML:1.0
means: !!opencv-matrix
   rows: 4
   cols: 3
   dt: d
   data: [ 5.1507741415994843e+01, 8.2262019392524479e+00,
       -6.1189941041422536e+01, -4.2361325985137860e+01,
       -5.9014560879338278e+00, -1.9677637560301854e+01,
       1.0322908619374560e+02, -8.6423781238395936e+00,
       4.4913561309844219e+01, -1.7262028405655812e+02,
       1.0793358613514586e+01, 4.1679160020949958e+01 ]
covs: !!opencv-matrix
   rows: 12
   cols: 3
   dt: d
   data: [ 4.6421746099000175e+03, 3.4266815344611314e+02,
       7.6665126671798600e+02, 3.4266815344611319e+02,
       7.7446627289539074e+03, 2.1488731324376164e+02,
       7.6665126671798600e+02, 2.1488731324376172e+02,
       1.3363257643201371e+03, 1.1650206133102847e+04,
       1.0881338702556252e+03, 9.2824343199068096e+02,
       1.0881338702556257e+03, 1.1093974683419900e+04,
       2.8590405469317420e+02, 9.2824343199068096e+02,
       2.8590405469317415e+02, 1.0331071381752704e+03,
       7.8621505978035029e+03, 9.2221814722199213e+02,
       -1.3294388469663272e+03, 9.2221814722199224e+02,
       9.1998257980522139e+03, -3.6564237379889505e+01,
       -1.3294388469663272e+03, -3.6564237379889477e+01,
       9.8020532722427924e+02, 6.0351915369136432e+03,
       -1.1615140861727225e+03, 2.7332184665855352e+03,
       -1.1615140861727223e+03, 1.1178014840222775e+04,
       3.8353258971022427e+01, 2.7332184665855352e+03,
       3.8353258971022463e+01, 2.1609263481983603e+03 ]
weights: !!opencv-matrix
   rows: 1
   cols: 4
   dt: d
   data: [ 2.5528657814013883e-01, 2.6671837612984284e-01,
       2.9240643040231823e-01, 1.8558861532768767e-01 ]
pca_proj: !!opencv-matrix
   rows: 3
   cols: 21
   dt: f
   data: [ 4.36961316e-02, 8.50134730e-01, 1.73015636e-04,
       6.54514134e-02, 4.60692108e-01, 2.29939164e-04, 7.67599978e-03,
       1.46649793e-01, -1.37564148e-05, 1.21663406e-03, 1.30500361e-01,
       -5.45994153e-05, 8.06188770e-03, 1.42052382e-01, -2.12945142e-05,
       -2.45414903e-05, 9.56867734e-06, -1.94090262e-06, 3.13729906e-05,
       4.34020360e-04, 2.32224409e-07, 7.68702388e-01, -5.10314330e-02,
       1.14127281e-04, 4.21110362e-01, -3.83849256e-02, 4.02935693e-05,
       2.81941950e-01, -1.35209868e-02, 1.95932400e-04, 2.66951323e-01,
       -4.70317341e-03, 2.29704310e-04, 2.76557714e-01, -1.55316098e-02,
       2.11025646e-04, -3.74769334e-05, 5.54774260e-06, -7.89335627e-06,
       8.86836962e-04, -5.85095040e-05, 1.91629806e-04, 1.28585771e-02,
       -3.46314937e-01, -1.22481215e-04, -4.01510373e-02, 1.58088982e-01,
       -1.45607672e-04, 1.89476740e-02, 5.27356327e-01, 2.33430081e-04,
       1.79703757e-02, 5.36674440e-01, 2.90960423e-04, 1.17339585e-02,
       5.35117626e-01, 2.47836346e-04, -7.02231409e-06, -3.17391914e-06,
       2.59759432e-08, 1.54912759e-05, 1.72088097e-03, 2.08691781e-04 ]
pca_mean: !!opencv-matrix
   rows: 1
   cols: 21
   dt: f
   data: [ 2.07625534e+02, 2.55653595e+02, 1.54502928e+00,
       2.18915131e+02, 2.60592743e+02, 1.67241716e+00, 2.65274475e+02,
       2.24016678e+02, 1.71669352e+00, 3.19420807e+02, 1.63929108e+02,
       1.75046074e+00, 3.16613464e+02, 2.25532654e+02, 1.70717156e+00,
       1.08872897e-04, -9.74175637e-05, 6.24380555e-05, -2.17504916e-04,
       -2.50119597e-01, 1.75055194e+00 ]
gamma: !!opencv-matrix
   rows: 4
   cols: 1
   dt: d
   data: [ 9.0103649756887705e-01, 9.0086664863211108e-01,
       8.5031502729510178e-01, 9.3022762126565584e-01 ]
