%YAML:1.0
means: !!opencv-matrix
   rows: 27
   cols: 4
   dt: d
   data: [ 2.9593244095939067e+01, 6.9258237706917134e+00,
       -7.4862584887350977e+01, 5.6100439297141257e+01,
       -8.6560884420897651e+01, -3.0929552748398955e+01,
       -3.9850531865332051e+01, -3.9113934180668480e+01,
       1.6501479139407576e+02, -1.0062126176443367e+02,
       1.4850620417254994e+01, -4.9978195955056073e+00,
       2.7128905910343640e+01, 1.0062817998954448e+02,
       4.2167373980150552e-01, 4.9449401729627006e+01,
       -2.5029754702205474e+02, -5.6453345096611194e+01,
       -1.7739864954420440e+01, 2.6453183879313535e+01,
       -1.8070810190055991e+02, 2.1019604689443522e+01,
       6.0536790576250489e+01, -4.0906495658310476e+01,
       -1.1448428929441256e+02, -1.2278764509057797e+02,
       5.9202310974379913e+01, 1.9200187556324831e+01,
       -2.6283592566433191e+02, 5.2065825192336405e+01,
       -1.7834198071502424e+01, -5.0908537155963103e+01,
       1.8337310405536687e+02, 9.3907631944408418e+00,
       3.5672644219509479e+01, -3.1781848082884373e+01,
       -5.8109828751207885e+01, -3.0236973186013739e+01,
       5.0430949451303903e+01, 7.8213905948959436e+01,
       -2.0115336349997762e+01, -2.0059093236810636e+01,
       5.0268368756709258e+01, -2.7668238286785630e+01,
       -5.8269326213014025e+01, 8.0250127292945749e+01,
       -3.4044752609253479e+01, 8.1791470231689338e+00,
       1.5257559733836081e+02, 7.9556370668429921e+01,
       -1.7296768359583034e+01, 8.9764925199840775e+00,
       2.8040958787073421e+01, -1.4735964072924781e+02,
       4.6842444061682244e+01, 2.3250192911697663e+01,
       7.3966111907038638e+01, 1.1933252183137451e+01,
       -2.7510223035413983e+01, -3.4769988467315486e+01,
       2.4081609695086492e+01, 1.4244899389049013e+02,
       -2.3365310057367985e+00, -9.1216022262701230e+01,
       4.5165422218961858e+01, 3.6451354750639965e+01,
       4.0560496354632988e+01, -2.6614440231619287e+01,
       -7.4292252882072134e+01, 7.6171692663581254e+01,
       9.8486675265787312e+01, 2.5499851589780722e+01,
       -1.2108485493851275e+02, -1.3949848885321140e+02,
       -2.4099033129887971e+01, 1.5561067340380170e+01,
       1.0159888232728305e+02, -4.6156502061743325e+01,
       -6.8066046114331385e+01, -1.7750869130393561e+01,
       1.3172962015784597e+02, 1.4162622055219570e+01,
       6.6586211008891766e+01, 2.8252523489794566e+01,
       7.1702684018117509e+01, -4.4617708297377263e+01,
       -2.3742754159747157e+01, -7.0357732368478352e+01,
       2.7487289995303206e-02, -1.3949069816322256e+02,
       -5.4791746217082775e+01, 1.4823053628862805e+01,
       -1.9302950807659900e+02, 1.1858343458638940e+02,
       2.3784509095129511e+01, 1.7268846066210816e+01,
       3.6137793567106499e+01, 9.0621619579900937e+01,
       -9.1227656711842741e+01, 2.7949797895088273e+00,
       -1.1908954830480494e+02, -1.4443152849911170e+01,
       -2.1212893898992910e+01, 7.6737477851538287e+01,
       1.1069593247325723e+02, -1.2853245603665099e+01,
       9.0327412459680883e+00, 6.6013487304557415e+01 ]
covs: !!opencv-matrix
   rows: 108
   cols: 4
   dt: d
   data: [ 3.3228103174438947e+03, 2.0313000004248311e+03,
       2.8904438410242367e+01, -7.0080039425890982e+02,
       2.0313000004248311e+03, 3.9620750506381887e+03,
       -3.4875304197472775e+02, -2.1199718398204053e+02,
       2.8904438410242360e+01, -3.4875304197472786e+02,
       7.8845411709865300e+02, 1.1949671740308591e+02,
       -7.0080039425890982e+02, -2.1199718398204047e+02,
       1.1949671740308594e+02, 9.7298352975879266e+02,
       5.1741659653424249e+03, 7.7659453120643127e+02,
       -6.3000136548844591e+02, -2.7487599282178799e+01,
       7.7659453120643127e+02, 3.5007820205667240e+03,
       -1.5429354566896575e+02, 2.8264858188539169e+01,
       -6.3000136548844591e+02, -1.5429354566896575e+02,
       9.1838417430859306e+02, 3.0632109627028353e+01,
       -2.7487599282178799e+01, 2.8264858188539165e+01,
       3.0632109627028363e+01, 8.5527698617586657e+02,
       2.6549597987595816e+03, 4.9558356416720056e+02,
       -2.8620758882661789e+01, -6.3652365116919032e+02,
       4.9558356416720045e+02, 3.4692525201435051e+03,
       -5.0469136216988738e+02, -3.2125447043486997e+02,
       -2.8620758882661782e+01, -5.0469136216988744e+02,
       7.5212948990382586e+02, 3.6732515186683469e+02,
       -6.3652365116919032e+02, -3.2125447043486997e+02,
       3.6732515186683469e+02, 1.0571983085800157e+03,
       8.0568699167452705e+03, 5.8402999304154196e+02,
       5.1131555320729109e+02, -5.2517880481891746e+02,
       5.8402999304154218e+02, 3.3325787150550082e+03,
       -4.6000131526309588e+01, -1.9464372593354465e+03,
       5.1131555320729109e+02, -4.6000131526309595e+01,
       2.3063596265101414e+03, -2.1499210846890088e+02,
       -5.2517880481891734e+02, -1.9464372593354465e+03,
       -2.1499210846890088e+02, 1.4920644454732526e+03,
       2.8590791621644703e+03, -5.7767726128313200e+02,
       2.8226170848509111e+02, 9.0649840366259298e+02,
       -5.7767726128313222e+02, 5.4172064360441827e+03,
       1.8548114273429127e+02, 7.3912223385001278e+02,
       2.8226170848509122e+02, 1.8548114273429127e+02,
       4.5534695147377187e+02, -3.3533818339877649e+02,
       9.0649840366259298e+02, 7.3912223385001244e+02,
       -3.3533818339877655e+02, 1.9931602180756906e+03,
       3.1733019276092973e+03, 3.0422608966416681e+02,
       1.7092043151126722e+03, -1.6883774974520455e+02,
       3.0422608966416681e+02, 7.0012300609861795e+03,
       -4.7472557612449060e+02, 5.9617213265668177e+01,
       1.7092043151126722e+03, -4.7472557612449060e+02,
       1.4882913095532874e+03, 1.6967046415536473e+02,
       -1.6883774974520455e+02, 5.9617213265668148e+01,
       1.6967046415536475e+02, 1.4850520731459387e+03,
       2.6899596233569414e+03, -3.2360160797971815e+02,
       1.2535029118766479e+03, 1.0928416238315648e+02,
       -3.2360160797971815e+02, 4.4568758892156366e+03,
       -1.7724426751211476e+02, -1.8346321410519490e+01,
       1.2535029118766479e+03, -1.7724426751211479e+02,
       1.0672524860349517e+03, -7.6251483764002970e+01,
       1.0928416238315648e+02, -1.8346321410519487e+01,
       -7.6251483764002984e+01, 8.4570377553256958e+02,
       2.2976023800933444e+03, -7.5517273145583658e+01,
       3.0088558421462295e+02, 1.8708659312174447e+02,
       -7.5517273145583630e+01, 5.1261042322416788e+03,
       4.4210986687279842e+01, 1.4830573382309137e+03,
       3.0088558421462295e+02, 4.4210986687279856e+01,
       3.6658874504137037e+02, 2.9122677484078250e+00,
       1.8708659312174447e+02, 1.4830573382309140e+03,
       2.9122677484078370e+00, 1.0429351736710757e+03,
       3.2224226206669764e+03, -7.7369280636103383e+02,
       -5.0450474654356441e+02, 4.0164247920404279e+02,
       -7.7369280636103383e+02, 5.2912401729829307e+03,
       -1.5257548175209088e+01, 1.6338539625622334e+03,
       -5.0450474654356452e+02, -1.5257548175209092e+01,
       3.5590441426103814e+02, -1.5887029114424482e+02,
       4.0164247920404267e+02, 1.6338539625622329e+03,
       -1.5887029114424485e+02, 1.1111508743830029e+03,
       4.7166268825539855e+03, 1.1125107726527933e+03,
       1.2583613367954713e+03, -5.2491839511892897e+02,
       1.1125107726527933e+03, 2.2056837495928889e+03,
       3.1490486075637682e+02, 3.8092499447334313e+02,
       1.2583613367954713e+03, 3.1490486075637682e+02,
       1.0663141840110964e+03, 1.5130454531698248e+02,
       -5.2491839511892897e+02, 3.8092499447334313e+02,
       1.5130454531698248e+02, 7.4203275400601910e+02,
       7.2617386567676176e+03, -2.1865808270059747e+03,
       -3.7527931011715521e+02, 1.3794402680417261e+03,
       -2.1865808270059742e+03, 4.7978792773050573e+03,
       1.7637505778948758e+02, 6.7768249262554582e+02,
       -3.7527931011715538e+02, 1.7637505778948767e+02,
       1.3437908059690915e+03, -4.8819145476224350e+02,
       1.3794402680417261e+03, 6.7768249262554582e+02,
