%YAML:1.0
means: !!opencv-matrix
   rows: 17
   cols: 3
   dt: d
   data: [ 3.8072252561493194e+01, -4.6809207807211138e+01,
       -6.7810069341742818e+01, -4.2264709600888516e+01,
       9.4161773320298124e+01, -2.8959840371889388e+01,
       1.1660579253450632e+02, -4.7522177711364549e+01,
       -3.3734578392307464e+00, -1.3319327094779499e+02,
       9.2199415957473381e+00, 1.0082046628017098e+01,
       -6.3340507482088412e+01, 6.2935133545080975e+00,
       -7.1606589554581774e+01, -1.9617857122429712e+02,
       -1.0531062978190744e+02, 1.1221770915565195e+01,
       -5.3016965069315404e+01, -5.0934613521070034e+01,
       6.3165068049102324e+01, 1.3550445308156665e+02,
       7.7710150488341498e+01, -5.4502585527193919e+00,
       -8.8400554252155899e+01, 1.6607395803826925e+01,
       1.0207722224893421e+02, -2.6190922941358241e+02,
       2.4158253513643423e+01, -2.4325034296883068e+01,
       1.6778822744148258e+02, 2.5272174649282551e+01,
       2.9342727374572277e+01, 1.3358439609940601e+02,
       -1.8133721554166016e+01, 6.3874808110546056e+01,
       1.2044702617505070e+01, 2.7562213019686791e+01,
       2.3549292563452060e+01, 7.6558930027692242e+01,
       -1.3246408654163412e+02, 3.7518585839406189e+00,
       -2.0133727139930281e+02, 7.4053778809195535e+01,
       4.0665747949859401e+01, -6.0322730061399710e+01,
       -1.2780812865281355e+02, -3.0495139968423242e+01,
       5.6480020164830911e+01, 7.5731901251602537e+01,
       -6.7618205177742666e+01 ]
covs: !!opencv-matrix
   rows: 51
   cols: 3
   dt: d
   data: [ 2.6746219647862972e+03, -7.8131583671348125e+01,
       -7.2459291114062339e+01, -7.8131583671348096e+01,
       2.8830003336230893e+03, 1.7371672967818026e+02,
       -7.2459291114062324e+01, 1.7371672967818026e+02,
       9.8815120523268627e+02, 4.2307930616900903e+03,
       1.4875047353998809e+03, 9.9120715132330247e+02,
       1.4875047353998809e+03, 7.1823291380776091e+03,
       -1.2877225663332092e+02, 9.9120715132330270e+02,
       -1.2877225663332092e+02, 6.6516506683417606e+02,
       3.9799790730713535e+03, -1.0491999481073997e+03,
       3.7584934234493045e+02, -1.0491999481073997e+03,
       2.9458553659511394e+03, -3.4224096804195437e+02,
       3.7584934234493056e+02, -3.4224096804195437e+02,
       8.9747751714111178e+02, 3.1882462255969231e+03,
       7.5879853176575648e+02, 3.3152626113316688e+02,
       7.5879853176575625e+02, 6.1502121595935951e+03,
       1.0732446521239963e+03, 3.3152626113316688e+02,
       1.0732446521239963e+03, 1.3335234258514954e+03,
       4.9671614918174391e+03, 9.7574684260899858e+02,
       -1.4557845903995360e+03, 9.7574684260899846e+02,
       9.8596606652200244e+03, 3.7448384118058203e+02,
       -1.4557845903995362e+03, 3.7448384118058198e+02,
       8.3970521280517175e+02, 2.6696150196423405e+03,
       3.4524871108493485e+01, 9.4210397715402542e+02,
       3.4524871108493521e+01, 5.0143449573233402e+03,
       1.0557268047702512e+03, 9.4210397715402542e+02,
       1.0557268047702512e+03, 1.4345231647178291e+03,
       4.2317437518892157e+03, 1.4071188771347086e+03,
       4.8973237177899949e+02, 1.4071188771347086e+03,
       8.0875638473639110e+03, -4.5429404923501004e+01,
       4.8973237177899961e+02, -4.5429404923501025e+01,
       6.0654118346449809e+02, 2.5348358485213716e+03,
       -8.3633992100389278e+01, -7.7786455798105123e+01,
       -8.3633992100389335e+01, 2.9217422696705844e+03,
       4.7049195632898670e+02, -7.7786455798105081e+01,
       4.7049195632898670e+02, 9.3398461270978578e+02,
       2.0117484181888929e+03, -3.1942881106954741e+02,
       -7.5175605209402377e+01, -3.1942881106954741e+02,
       1.0395051670651277e+04, 1.1932820327779913e+02,
       -7.5175605209402363e+01, 1.1932820327779920e+02,
       2.6987295066459262e+02, 2.6312103778434102e+03,
       -1.4626011358676922e+02, 6.7255907883342971e+01,
       -1.4626011358676922e+02, 9.6945954779066360e+03,
       2.9194779258510187e+02, 6.7255907883342957e+01,
       2.9194779258510187e+02, 2.7799795767008180e+02,
       3.5758376552461814e+03, 8.7278569977146640e+02,
       -2.7509452984414088e+02, 8.7278569977146640e+02,
       4.0215905476682510e+03, 7.9931135907358723e+01,
       -2.7509452984414099e+02, 7.9931135907358708e+01,
       3.0042976413777848e+02, 5.7147707468586277e+03,
       4.9650065859526251e+02, -1.4308323662637201e+03,
       4.9650065859526256e+02, 9.0548585144252993e+03,
       1.5047337215090795e+02, -1.4308323662637201e+03,
       1.5047337215090801e+02, 5.2179513050881906e+02,
       2.9988547273565764e+03, 9.6553548519189849e+02,
       1.6571770284462557e+03, 9.6553548519189837e+02,
       9.3671993615878018e+03, 4.2786952474767321e+02,
       1.6571770284462557e+03, 4.2786952474767321e+02,
       1.2526244237204526e+03, 3.5324841038312857e+03,
       6.1138168918689166e+02, -1.7201120987970336e+02,
       6.1138168918689166e+02, 3.3373614326328666e+03,
       -4.4893873666155605e+02, -1.7201120987970336e+02,
       -4.4893873666155605e+02, 1.4782418774046048e+03,
       3.1516227853289297e+03, 5.1756011752780444e+02,
       1.5329552357279092e+03, 5.1756011752780444e+02,
       6.7396737768556077e+03, -2.7054047940975732e+02,
       1.5329552357279092e+03, -2.7054047940975732e+02,
       1.3229042283841570e+03, 3.3556936047330169e+03,
       -2.7332568685794519e+02, -4.2601409548567636e+02,
       -2.7332568685794519e+02, 3.6660554999371343e+03,
       6.1435786640109131e+02, -4.2601409548567636e+02,
       6.1435786640109131e+02, 1.3448603956898137e+03,
       2.5010801628714084e+03, 1.6315208165099051e+02,
       2.0180511267532472e+02, 1.6315208165099062e+02,
       2.4338269645784030e+03, 2.3401409594577078e+01,
       2.0180511267532475e+02, 2.3401409594577053e+01,
       1.0229962509853318e+03 ]
weights: !!opencv-matrix
   rows: 1
   cols: 17
   dt: d
   data: [ 8.6453370665224946e-02, 3.9792649786516518e-02,
       8.8231528625952890e-02, 5.7805308958118036e-02,
       7.1868919693005490e-02, 2.7928125356451859e-02,
       6.4683573350795484e-02, 6.9134634892350194e-02,
       3.9477213603801561e-02, 4.0916126281323732e-02,
       5.1804866359128662e-02, 7.6121727589563690e-02,
       8.4270303181070094e-02, 4.0558096862836783e-02,
       5.5808635528538347e-02, 3.0686233285657380e-02,
       7.4458685979644917e-02 ]
pca_proj: !!opencv-matrix
   rows: 3
   cols: 21
   dt: f
   data: [ 4.36961316e-02, 8.50134730e-01, 1.73015636e-04,
       6.54514134e-02, 4.60692108e-01, 2.29939164e-04, 7.67599978e-03,
       1.46649793e-01, -1.37564148e-05, 1.21663406e-03, 1.30500361e-01,
       -5.45994153e-05, 8.06188770e-03, 1.42052382e-01, -2.12945142e-05,
       -2.45414903e-05, 9.56867734e-06, -1.94090262e-06, 3.13729906e-05,
       4.34020360e-04, 2.32224409e-07, 7.68702388e-01, -5.10314330e-02,
       1.14127281e-04, 4.21110362e-01, -3.83849256e-02, 4.02935693e-05,
       2.81941950e-01, -1.35209868e-02, 1.95932400e-04, 2.66951323e-01,
       -4.70317341e-03, 2.29704310e-04, 2.76557714e-01, -1.55316098e-02,
       2.11025646e-04, -3.74769334e-05, 5.54774260e-06, -7.89335627e-06,
       8.86836962e-04, -5.85095040e-05, 1.91629806e-04, 1.28585771e-02,
       -3.46314937e-01, -1.22481215e-04, -4.01510373e-02, 1.58088982e-01,
       -1.45607672e-04, 1.89476740e-02, 5.27356327e-01, 2.33430081e-04,
       1.79703757e-02, 5.36674440e-01, 2.90960423e-04, 1.17339585e-02,
       5.35117626e-01, 2.47836346e-04, -7.02231409e-06, -3.17391914e-06,
       2.59759432e-08, 1.54912759e-05, 1.72088097e-03, 2.08691781e-04 ]
pca_mean: !!opencv-matrix
   rows: 1
   cols: 21
   dt: f
   data: [ 2.07625534e+02, 2.55653595e+02, 1.54502928e+00,
       2.18915131e+02, 2.60592743e+02, 1.67241716e+00, 2.65274475e+02,
       2.24016678e+02, 1.71669352e+00, 3.19420807e+02, 1.63929108e+02,
       1.75046074e+00, 3.16613464e+02, 2.25532654e+02, 1.70717156e+00,
       1.08872897e-04, -9.74175637e-05, 6.24380555e-05, -2.17504916e-04,
       -2.50119597e-01, 1.75055194e+00 ]
