%YAML:1.0
means: !!opencv-matrix
   rows: 31
   cols: 4
   dt: d
   data: [ -4.6304673877376686e+01, -4.5991607054089414e+01,
       2.2317172789799613e+01, -7.4206690044353891e+00,
       -1.1117907232662265e+02, 6.3117055122194976e+01,
       -5.6571359849629363e+00, 6.1260130688190401e+01,
       1.3606216626142464e+02, 9.6775598175840514e+01,
       -3.8127074496294355e+01, 5.9951614908375767e+01,
       -2.2852889999189543e+02, -7.4210842148351574e+01,
       -2.5301122623540792e+01, -3.3515439490623420e+00,
       8.9168211734551974e+00, 1.8968670960195280e+02,
       -9.2845726044120429e+00, 8.2700524762133796e+00,
       1.4611072515577524e+02, -1.3050511297069696e+02,
       -1.2786147484634295e+01, -2.3192940019127285e+01,
       -6.6350586618699396e+01, -4.3510218239865743e+01,
       -3.8155922673807630e+01, 3.3023679839052846e+01,
       1.7444709610659405e+01, -2.3656808820136941e+01,
       -5.1063596705691964e+01, -7.7450955101869269e+01,
       1.0300593148847987e+02, 1.4980195508934969e+02,
       5.0625117346435303e+01, -3.0336787226432104e+01,
       4.1195953343191121e+01, -2.4942113048480444e+01,
       -5.6254561298500732e+01, 6.7955290370438561e+01,
       -2.4773337111795547e+02, -5.1718767061224270e+01,
       1.4179204097912566e+01, 4.0971808921129856e+01,
       1.4189209672215196e+02, -2.6478636620368665e+01,
       1.8500759770886702e+01, 4.3804110788826321e+01,
       1.1176497506527623e+02, -2.7973399151581695e+01,
       6.2436763731207400e+01, -2.7576340533002135e+01,
       -8.3461455292695121e+01, -1.2287440611765625e+02,
       6.7791776554770479e+01, -2.8443047246497272e+01,
       -1.3965407290155702e+02, -4.3773840708651733e+01,
       9.0129919782051289e+01, 2.0847292995451031e+01,
       -1.6597703367249957e+02, 1.8190243899771244e+02,
       5.2717134625161828e+00, 1.4547136830353592e+01,
       4.4452925107779485e+01, -6.1598179819847445e+01,
       3.9228160884326691e+01, 3.1482273560896619e+01,
       8.9599194204293880e+01, 3.2113271882980030e+01,
       1.6720629707370342e+01, -8.1848356946801260e+01,
       -2.0991772031209732e+02, 3.4846311545474675e+00,
       -2.0043476365096613e+01, -5.9266478563462520e+01,
       1.1853332920256156e+02, -1.2562248441014077e+01,
       -5.6711945823820322e+01, 1.1311281497593948e+01,
       4.5566814063425603e+01, -1.1931137271440207e+02,
       -9.2646914944667785e+01, -2.0920932786755850e-01,
       -5.8402653529270829e+01, 1.0199049488912672e+02,
       -8.0913423329469168e+01, -1.5822268053176373e+01,
       -1.3657270015187677e+01, -1.5435714460231785e+02,
       -1.4539575405024202e-01, -3.1892040562998872e+01,
       -1.8847526342321152e+02, -1.6343939940908564e+02,
       2.6022387807188874e+01, -3.4032469331336166e+01,
       2.3638721575832295e+02, 1.0787761848600200e+01,
       1.1211463736249760e+01, 1.5227688991800910e+01,
       2.1260478199068100e+01, 6.5355524457899705e+01,
       6.2910089664890300e+01, 3.4449793999113943e+01,
       -2.1784659340735973e+02, 9.8895893570714776e+01,
       -4.9722154867307324e+00, 1.3993775207090913e+00,
       -9.9105766191223921e+01, 1.2518956263307936e+02,
       6.9403191133891184e+01, -1.8138605346137354e+01,
       -9.9071446489745639e+01, 1.2471971018417177e+01,
       5.2364126884951766e+01, -8.1027827237459363e+01,
       4.9575281132572853e+00, 9.7514855711815329e+01,
       -2.5786428712938442e+01, -3.9269569679765226e+01,
       2.2986211133357266e+01, -2.4433382281699758e+02,
       9.6498545899256722e+00, 7.4638820520049336e+01 ]
covs: !!opencv-matrix
   rows: 124
   cols: 4
   dt: d
   data: [ 7.5738514855180565e+03, 9.0048539992566396e+02,
       5.6663353596123841e+02, -2.1024940037560891e+03,
       9.0048539992566396e+02, 2.7929380956343066e+03,
       2.3475131047648222e+02, 7.7811551609838637e+02,
       5.6663353596123852e+02, 2.3475131047648222e+02,
       1.8073453049737852e+03, 3.2102708978790639e+02,
       -2.1024940037560891e+03, 7.7811551609838637e+02,
       3.2102708978790633e+02, 1.3835717334603053e+03,
       8.3337046286293335e+03, 1.8909227208763141e+03,
       -7.8211890552359614e+02, -9.7489214732240407e+02,
       1.8909227208763141e+03, 2.3336104745744838e+03,
       -4.6044473675155177e+02, -2.0377013707698882e+02,
       -7.8211890552359625e+02, -4.6044473675155177e+02,
       1.1763032949310386e+03, 5.5775354679820580e+01,
       -9.7489214732240396e+02, -2.0377013707698887e+02,
       5.5775354679820580e+01, 5.7654118843533968e+02,
       4.4236573275296041e+03, -8.3221147793765439e+01,
       1.6802762889788632e+03, -2.5260698952460984e+02,
       -8.3221147793765539e+01, 3.3512658886065105e+03,
       -6.2723754343708414e+01, -5.1808839197713166e+02,
       1.6802762889788632e+03, -6.2723754343708407e+01,
       1.9317727039062177e+03, -4.5317097985600304e+02,
       -2.5260698952460976e+02, -5.1808839197713166e+02,
       -4.5317097985600304e+02, 7.6678817660561674e+02,
       4.0388104992593271e+03, 1.1723532964737276e+03,
       1.1167332243566774e+02, 1.7180269336831410e+02,
       1.1723532964737281e+03, 5.3063766803657909e+03,
       1.3730557510042229e+02, -1.1030390557465577e+01,
       1.1167332243566774e+02, 1.3730557510042226e+02,
       2.8671395441331447e+02, 1.7368719438422937e+02,
       1.7180269336831410e+02, -1.1030390557465592e+01,
       1.7368719438422937e+02, 1.0208464512201008e+03,
       4.4388707601857495e+03, -2.3486888532178895e+02,
       9.6400597987936692e+02, -2.6428080860802464e+02,
       -2.3486888532178895e+02, 3.4105737150035475e+03,
       -5.8769670939190739e+00, -2.1885578726054379e+02,
       9.6400597987936692e+02, -5.8769670939190677e+00,
       1.9884591203064861e+03, -4.3029857312255854e+02,
       -2.6428080860802459e+02, -2.1885578726054379e+02,
       -4.3029857312255854e+02, 4.4380667849930393e+02,
       5.0854954685825569e+03, 8.8710047431662895e+02,
       -3.5070602713979454e+01, -8.4825439642997355e+02,
       8.8710047431662895e+02, 2.0462522462437771e+03,
       -4.6227235103909379e+02, -6.1163005934066393e+02,
       -3.5070602713979440e+01, -4.6227235103909373e+02,
       1.4568484070835916e+03, -1.0665737557135131e+01,
       -8.4825439642997355e+02, -6.1163005934066393e+02,
       -1.0665737557135124e+01, 6.8350314490442724e+02,
       1.7547501546828021e+03, 9.1399433293379204e+01,
       4.4910942599138781e+02, 6.7213462875710519e+01,
       9.1399433293379204e+01, 6.1476806610904723e+03,
       2.9598022579236897e+02, 3.4574595918226754e+02,
       4.4910942599138781e+02, 2.9598022579236897e+02,
       6.9071330474061733e+02, 6.0517787393898607e+02,
       6.7213462875710533e+01, 3.4574595918226754e+02,
       6.0517787393898595e+02, 2.4181598768676868e+03,
       6.5619171770103221e+03, -1.1242994506635641e+03,
       4.8133399377646253e+02, 4.7193432029461650e+02,
       -1.1242994506635637e+03, 2.9286283546169670e+03,
       1.0968524177599815e+02, -9.1280577044547158e+02,
       4.8133399377646253e+02, 1.0968524177599815e+02,
       1.7597340795892608e+03, -4.4388774935143823e+02,
       4.7193432029461650e+02, -9.1280577044547158e+02,
       -4.4388774935143812e+02, 7.8458716394820431e+02,
       5.2912108265466222e+03, 2.7987576112401030e+02,
       -7.4675119320910756e+02, 8.1405748952513648e+02,
       2.7987576112401035e+02, 3.6524608124450833e+03,
       2.5435540536617933e+02, 4.6755784056696905e+02,
       -7.4675119320910756e+02, 2.5435540536617933e+02,
       5.4535090840976648e+02, -8.7657392466423234e-01,
       8.1405748952513648e+02, 4.6755784056696916e+02,
       -8.7657392466423489e-01, 9.1915122330361521e+02,
       1.3782431072832751e+03, -1.5476780262235167e+02,
       6.6192817455467014e+02, -1.8860669539547806e+02,
       -1.5476780262235167e+02, 3.9141776752884521e+03,
       3.0016887193064611e+02, 1.5859893264288953e+03,
       6.6192817455467002e+02, 3.0016887193064611e+02,
       9.2386292462362167e+02, 1.5550534621299897e+02,
