%YAML:1.0
means: !!opencv-matrix
   rows: 16
   cols: 7
   dt: d
   data: [ -1.3207730832149110e+02, 4.4960790954431154e+01,
       3.4125218772995396e+01, -2.9856354469695123e+01,
       -1.1018059392784623e+00, -1.2335827930827374e+01,
       4.3858330416766830e-02, 8.1912585961144373e+01,
       1.5940446070673771e+01, -2.3389876403396958e+01,
       -3.2487156283292592e+01, -2.6271537096190105e+01,
       -1.9851661968302455e+01, 9.9026509249562600e-01,
       3.5198991900248423e+01, -9.8982831529812444e+01,
       -1.1853100823266930e+01, 6.5595918792047783e+01,
       -4.0371969841108033e+00, -4.9384546458111134e-01,
       2.0683737052310218e+00, 9.9895500865373720e+01,
       3.6371246216845570e+01, -2.4374620129972492e+01,
       -2.6829092629174482e+01, -4.8825363910730806e+00,
       -2.3706437788568242e+00, -2.8185628481541136e+00,
       -1.9941257410484099e+02, 9.5768541322929025e+01,
       4.1165680805296617e+01, -5.2636219547102101e+01,
       -2.4407560166078383e+01, 1.7308709266558274e+01,
       -3.7515587119936131e+00, -1.3853283724570332e+02,
       -1.0249384019867043e+02, 2.6452202234241572e+01,
       6.6787858148469709e+01, -1.7586414954723409e+01,
       -7.2781048386914093e-01, 1.2277937111370553e-01,
       1.0169722973541770e+01, -2.2363769043603860e+01,
       -2.7695987067962342e+01, 1.1956729942144477e+01,
       -4.0400837811622941e+00, -2.1818027154079284e-01,
       -7.4894441479280127e-01, -1.2507025382582484e+00,
       1.1497276589474252e+02, 2.3501142966032766e+00,
       -6.6854468907810585e+01, 1.6659915171816415e+01,
       3.0753634272912871e+00, -1.0062458756665489e+00,
       -1.8270845989100383e+02, 2.1091785012077073e+00,
       4.6412853836355538e+01, -5.0359867607436193e-01,
       -8.3538258454141872e+00, -1.0946230141969338e+00,
       1.0563139905657690e+00, -3.0238750187527408e+01,
       1.8737983760808056e+01, 8.2408522605079764e+00,
       -1.1058763717867992e+01, 3.4539961513459332e+01,
       -6.4026598420252467e+00, 5.4501009503003472e-01,
       1.5135379749440912e+02, 3.8015987592426306e+01,
       -4.1017410033496851e+01, -1.7599577150548981e+01,
       -1.1766543235134550e+01, -1.4976497402057887e-01,
       2.0564632154658593e+00, 3.6367199037440564e+01,
       1.7660039035886214e+01, -1.1451907780229243e+01,
       -3.1603962654699882e+00, 2.1587563296650682e+01,
       2.9413481085732958e+00, 1.3909646097812616e+00,
       -1.8935864996141456e+02, -2.0421714833309018e+01,
       3.5559640554463030e+01, 1.9853412984348402e+01,
       -6.5246687518453106e+00, 1.4234852857314285e+01,
       -1.1294423961111306e+00, 1.4234860723010436e+02,
       -4.9568040206412531e+00, -4.0312561055005631e+01,
       5.8485738907946541e+00, -5.6726200718947322e+00,
       1.2477015471468116e+01, -3.1529712526464887e-01,
       -6.3632783521516963e+01, -7.0799625820339827e+01,
       1.9039596693095856e+01, 4.6157982988513496e+01,
       1.0672740350923139e+01, -5.1962284252098661e+00,
       6.3067891882922122e-01, 1.2435053591051860e+02,
       -1.8168847346226709e+01, 5.4088228964946893e+01,
       7.5293903060927647e+00, 5.3485438010290451e+00,
       7.0233493301737948e-01, -1.0642198900484683e+00 ]
covs: !!opencv-matrix
   rows: 112
   cols: 7
   dt: d
   data: [ 6.3881460555496496e+03, -4.8173286044679037e+02,
       3.0625819233669845e+03, 5.2699597613441108e+02,
       3.7834203124987323e+02, -2.4804943054870949e+02,
       1.4297968391430354e+02, -4.8173286044679037e+02,
       6.4502983440667385e+03, -1.1756926277762796e+02,
       2.1769832020239187e+03, -2.6385248173805297e+02,
       1.7485514516707855e+02, -1.0446304469556420e+01,
       3.0625819233669849e+03, -1.1756926277762800e+02,
       2.4204678475454039e+03, 1.8324967878892021e+01,
       -5.1749311483802856e+01, 4.8035194296431214e+01,
       -2.3419925795005381e+00, 5.2699597613441108e+02,
       2.1769832020239191e+03, 1.8324967878892025e+01,
       1.2529245029555834e+03, 1.6411711097532819e+02,
       -3.1257025703649859e+01, 1.0203338967205941e+01,
       3.7834203124987329e+02, -2.6385248173805297e+02,
       -5.1749311483802842e+01, 1.6411711097532819e+02,
       2.0597099781138846e+02, -5.6185963062542740e+01,
       1.0810516538509987e+01, -2.4804943054870938e+02,
       1.7485514516707858e+02, 4.8035194296431214e+01,
       -3.1257025703649859e+01, -5.6185963062542740e+01,
       1.5715698724279881e+02, 1.5179193888115813e+01,
       1.4297968391430354e+02, -1.0446304469556413e+01,
       -2.3419925795005385e+00, 1.0203338967205944e+01,
       1.0810516538509988e+01, 1.5179193888115813e+01,
       3.1397170158054656e+01, 4.0735774860206470e+03,
       7.2139335028511212e+01, 3.0810901625679617e+03,
       1.3978870960326446e+02, -1.0763619274261529e+02,
       -2.6732981295906882e+01, -5.3305336868893633e+01,
       7.2139335028511240e+01, 5.5803807545157169e+03,
       -4.8112641798257798e+01, 2.4591841274727822e+03,
       -4.1890824882689024e+01, -1.3528572045299944e+02,
       4.0230652507884400e+01, 3.0810901625679617e+03,
       -4.8112641798257798e+01, 2.5741845052152908e+03,
       2.9965891670912217e+01, -8.2554409319557450e+01,
       5.0986829237123459e+01, 1.5528506606818157e+01,
       1.3978870960326446e+02, 2.4591841274727822e+03,
       2.9965891670912210e+01, 1.1688411585999554e+03,
       -6.3391197676076310e+01, -8.8589934909004242e+01,
       3.7634978265373014e+00, -1.0763619274261526e+02,
       -4.1890824882689024e+01, -8.2554409319557450e+01,
       -6.3391197676076324e+01, 3.6253361752043816e+01,
       7.9108566967900762e+00, 4.6457316903138723e+00,
       -2.6732981295906889e+01, -1.3528572045299944e+02,
       5.0986829237123459e+01, -8.8589934909004242e+01,
       7.9108566967900726e+00, 8.1014145253351813e+01,
       2.6589937161129473e+01, -5.3305336868893633e+01,
       4.0230652507884407e+01, 1.5528506606818157e+01,
       3.7634978265373005e+00, 4.6457316903138706e+00,
       2.6589937161129473e+01, 1.9972711157759299e+01,
       5.8112645805700786e+03, 5.3010976968771240e+02,
       2.8438520553766721e+03, -1.0619769664630502e+02,
       -7.7376251705921234e+01, 1.4250851142322767e+02,
       -3.2074559729298713e+01, 5.3010976968771263e+02,
       6.1886241243310169e+03, -2.0219662857342945e+02,
       2.1322798230889543e+03, -6.4327680295814389e+01,
       -2.1234089679968751e+01, 7.2955217412832695e+01,
       2.8438520553766721e+03, -2.0219662857342945e+02,
       2.5496527056889345e+03, -1.5497017062464842e+01,
       -1.1632357306067668e+02, 2.2445799869069834e+01,
       1.6313555264810979e+01, -1.0619769664630502e+02,
       2.1322798230889543e+03, -1.5497017062464840e+01,
       1.2262994061092802e+03, -4.7749363541412087e+01,
       -1.7008143585138444e+02, -3.8582605087401049e+01,
       -7.7376251705921248e+01, -6.4327680295814389e+01,
       -1.1632357306067668e+02, -4.7749363541412087e+01,
       2.9355228157251915e+01, 8.2074827727033597e+00,
       -4.6090759728845239e+00, 1.4250851142322767e+02,
       -2.1234089679968754e+01, 2.2445799869069837e+01,
       -1.7008143585138444e+02, 8.2074827727033561e+00,
       5.5772635938467459e+01, 2.1203497634943052e+01,
       -3.2074559729298720e+01, 7.2955217412832695e+01,
       1.6313555264810979e+01, -3.8582605087401035e+01,
       -4.6090759728845256e+00, 2.1203497634943052e+01,
       1.8594743248911541e+01, 4.9790348478562109e+03,
       -2.8219132869247017e+02, 2.7154810267341813e+03,
       5.7651469390975626e+02, -2.3976264388505174e+02,
       4.0396051989958153e+02, -2.2308150096398955e+02,
       -2.8219132869247011e+02, 6.1948866002076138e+03,
       -1.5681744937498308e+01, 2.1157218081892593e+03,
       8.0996570056299788e+01, -2.5897527909926237e+02,
       1.0870037027042315e+02, 2.7154810267341818e+03,
       -1.5681744937498344e+01, 2.4221035924616795e+03,
       -1.8421372430187951e+01, -5.3834601984007747e+01,
       -2.8145639261925627e+01, 3.5882429949129993e+01,
