%YAML:1.0
means: !!opencv-matrix
   rows: 7
   cols: 2
   dt: d
   data: [ 1.2536228460099518e+02, 4.5029013956977757e+01,
       -1.5516177957686236e+02, -8.5395408786954007e+01,
       6.7465672712839542e-02, 2.0915836508047462e+01,
       -4.2595665695576646e+00, 1.5283003198622686e+02,
       1.0115412221727745e+02, -8.9242341450187297e+01,
       -1.7949105666519952e+02, 5.1994613577621649e+01,
       -1.7574361991437264e+01, -9.5640083423453135e+01 ]
covs: !!opencv-matrix
   rows: 14
   cols: 2
   dt: d
   data: [ 6.7139930890157839e+03, 6.4479860553909049e+01,
       6.4479860553909006e+01, 4.9616166413086376e+03,
       7.1387196639402364e+03, 4.0412011025170187e+02,
       4.0412011025170193e+02, 6.5012186044741584e+03,
       7.4736227210650732e+03, -2.0019771420791639e+02,
       -2.0019771420791636e+02, 4.0766403497964016e+03,
       9.2767200498683924e+03, 3.1875337060142474e+01,
       3.1875337060142492e+01, 4.2727228437997037e+03,
       7.8954003555686886e+03, 7.1350552699993045e+02,
       7.1350552699993068e+02, 3.7085594020293402e+03,
       6.4817415375007267e+03, 1.0706948213734377e+03,
       1.0706948213734372e+03, 7.7555311234811934e+03,
       6.7848396892231713e+03, -1.8908728461015137e+03,
       -1.8908728461015137e+03, 1.2339310499436569e+04 ]
weights: !!opencv-matrix
   rows: 1
   cols: 7
   dt: d
   data: [ 1.6119310901842310e-01, 1.0886753583696646e-01,
       2.2251604729111565e-01, 1.2018123713305993e-01,
       1.7169381421971741e-01, 1.0128011303297425e-01,
       1.1426814346774658e-01 ]
pca_proj: !!opencv-matrix
   rows: 2
   cols: 21
   dt: f
   data: [ 1.02604255e-02, 8.46533298e-01, 5.67100069e-05,
       -5.08859605e-02, 4.68450844e-01, 1.89823491e-04, -5.55210514e-03,
       1.46431834e-01, -1.98076777e-05, -7.31809530e-03, 1.34976640e-01,
       -4.80776835e-05, -6.69380091e-03, 1.46460637e-01, -1.57161594e-05,
       2.11501210e-05, 1.32904761e-05, -3.16381829e-07, -1.62182951e-05,
       4.47223283e-04, 4.04881848e-06, 8.19958210e-01, 1.87153444e-02,
       -7.93817599e-05, 4.28530097e-01, 8.29724409e-03, 8.75842488e-06,
       2.28233948e-01, -2.37727305e-03, -1.84168690e-04, 2.08515689e-01,
       -1.20344283e-02, -2.14158339e-04, 2.18838796e-01, -7.27251405e-04,
       -1.84816250e-04, -3.05604735e-05, -5.04301033e-06,
       -1.27042276e-05, 6.79167337e-04, 1.30049409e-06, -1.63660501e-04 ]
pca_mean: !!opencv-matrix
   rows: 1
   cols: 21
   dt: f
   data: [ 4.33646118e+02, 2.44701981e+02, 1.49672687e+00,
       4.18191803e+02, 2.60206879e+02, 1.62062907e+00, 3.68545319e+02,
       2.27059875e+02, 1.69770968e+00, 3.19420807e+02, 1.63929108e+02,
       1.75046074e+00, 3.16613464e+02, 2.25532654e+02, 1.70717156e+00,
       1.08872897e-04, -9.74175637e-05, 6.24380555e-05, -2.17504916e-04,
       -2.50119597e-01, 1.75055194e+00 ]
gamma: !!opencv-matrix
   rows: 7
   cols: 1
   dt: d
   data: [ 8.9371107808688788e-01, 9.0971869739931166e-01,
       8.7919567313954705e-01, 8.9953772900126139e-01,
       8.8205145775075067e-01, 9.1318905937381400e-01,
       9.2431599341377901e-01 ]
