%YAML:1.0
means: !!opencv-matrix
   rows: 11
   cols: 4
   dt: d
   data: [ 1.0421204080736568e+02, 2.6545169288129475e+01,
       5.9748107993671560e+01, -1.3520803254313908e+01,
       -1.5517232488505385e+02, -6.9818159469729167e+01,
       6.6068908386617665e+01, 9.6203801947805967e-01,
       6.2953068122168382e+01, -9.6060632782865596e+01,
       7.4184720540928710e+00, -4.5843144451125376e+01,
       1.0733823973975014e+02, -2.5618442571383703e+01,
       -2.9036237474434298e+01, 4.5578104668607097e+01,
       -1.6201832240389763e+01, 4.9605081491705434e+01,
       -2.7104734932452882e+01, -7.7626841958226137e+01,
       5.8295163784816346e+01, 1.2731328312050921e+02,
       -3.0166746873463534e+01, 5.9635272580665406e+00,
       -2.6104959566811181e+02, -4.6477143735376814e+01,
       -1.1279748644342707e+01, 1.8064991652103593e+01,
       -1.2922597277112038e+02, 1.3805493748454808e+02,
       2.0040022563198384e+01, -1.1202860049820337e+01,
       -4.3281939946881721e+01, -7.1770501194067407e+01,
       -6.7391006418648246e+01, -2.2561622918286321e+01,
       -6.4720333707628640e+01, 2.6037268345299449e+01,
       1.5768457897067815e+01, 3.7219734167400176e+01,
       -4.4700073732928658e+00, -6.9284360884757191e+01,
       8.2941414514074783e+00, 3.7895033135733435e+01 ]
covs: !!opencv-matrix
   rows: 44
   cols: 4
   dt: d
   data: [ 9.9909462494376639e+03, -6.2367742200191469e+02,
       -2.2366567216199146e+03, 9.0056928481921261e+02,
       -6.2367742200191492e+02, 9.6600332554336783e+03,
       1.2992656189482136e+02, -1.1753600827596803e+02,
       -2.2366567216199146e+03, 1.2992656189482139e+02,
       1.0223705226505780e+03, 4.4142415843140986e+02,
       9.0056928481921261e+02, -1.1753600827596793e+02,
       4.4142415843140975e+02, 2.4382834423936633e+03,
       3.3296517796182948e+03, -7.8434159463407650e+02,
       1.5674843443685834e+03, -2.3767644929896495e+01,
       -7.8434159463407650e+02, 8.2633365444226765e+03,
       6.4566389926222826e+02, 6.3360082789875275e+02,
       1.5674843443685834e+03, 6.4566389926222826e+02,
       1.3900531770781317e+03, 3.5001635628677951e+02,
       -2.3767644929896502e+01, 6.3360082789875287e+02,
       3.5001635628677951e+02, 2.3183902973802847e+03,
       1.2610191394467944e+04, -1.6319170826123974e+02,
       -1.4313466018027757e+03, 5.0074690926400280e+02,
       -1.6319170826123974e+02, 4.1114863757430212e+03,
       -5.7574338943477915e+02, -1.1819658952069633e+03,
       -1.4313466018027757e+03, -5.7574338943477926e+02,
       1.7641467539621319e+03, -1.3662441731327672e+02,
       5.0074690926400280e+02, -1.1819658952069633e+03,
       -1.3662441731327669e+02, 1.0110092225894654e+03,
       5.7669982063711877e+03, 4.2236849621586157e+02,
       1.5957314112737417e+03, -1.1795934053117535e+03,
       4.2236849621586157e+02, 4.5672858678258553e+03,
       3.3839616082602947e+02, 1.7180567507722819e+03,
       1.5957314112737417e+03, 3.3839616082602953e+02,
       2.3035309311666642e+03, 6.0924621622080593e+01,
       -1.1795934053117533e+03, 1.7180567507722824e+03,
       6.0924621622080608e+01, 1.6070920330552754e+03,
       9.8986618023520059e+03, -7.5025949541161287e+02,
       1.4219317301930116e+03, -2.8779996934607198e+02,
       -7.5025949541161287e+02, 2.3634428517431147e+03,
       -1.4731781262140592e+02, 5.4082129600551048e+02,
       1.4219317301930121e+03, -1.4731781262140589e+02,
       2.3334159271269182e+03, -3.9411867407257898e+02,
       -2.8779996934607198e+02, 5.4082129600551048e+02,
       -3.9411867407257898e+02, 8.7559123734804518e+02,
       8.7673656394832997e+03, -2.0097243834560602e+03,
       1.4037973890340133e+03, 8.0790364580703852e+02,
       -2.0097243834560602e+03, 5.0031089522812827e+03,
       4.8449188993503304e+02, -8.5980326131721121e+00,
       1.4037973890340133e+03, 4.8449188993503304e+02,
       2.1365584575400112e+03, -5.5275875510253741e+02,
       8.0790364580703863e+02, -8.5980326131721014e+00,
       -5.5275875510253741e+02, 1.3373850360888227e+03,
       2.3443393716280020e+03, -5.5308918639447813e+02,
       2.9309858990803497e+02, -6.3119985581247811e+00,
       -5.5308918639447813e+02, 9.6841293630147284e+03,
       4.7533626621333559e+02, 7.0016901575070995e+02,
       2.9309858990803485e+02, 4.7533626621333570e+02,
       5.1437601112323762e+02, 5.4557777909652737e+02,
       -6.3119985581247615e+00, 7.0016901575071006e+02,
       5.4557777909652737e+02, 2.4121462514682089e+03,
       6.6512480102595373e+03, 1.0207488989146699e+03,
       1.2805727213507860e+03, -8.4974485448244252e+02,
       1.0207488989146698e+03, 4.9440391672109427e+03,
       -5.6326229720329695e+02, 6.2599280526465725e+02,
       1.2805727213507860e+03, -5.6326229720329695e+02,
       2.3985432751896901e+03, -9.9341661022465516e+01,
       -8.4974485448244252e+02, 6.2599280526465714e+02,
       -9.9341661022465487e+01, 8.4017861569094180e+02,
       9.6014762270694373e+03, -5.5371671202716107e+02,
       -2.1319605418111746e+03, 6.9369061972882719e+02,
       -5.5371671202716118e+02, 5.5060774174634262e+03,
       -3.2476537586687289e+02, -1.1508185980159085e+03,
       -2.1319605418111746e+03, -3.2476537586687289e+02,
       1.3788395686416218e+03, 6.4762259950553897e+01,
       6.9369061972882719e+02, -1.1508185980159083e+03,
       6.4762259950553897e+01, 1.1717247460448716e+03,
       7.7764200830352138e+03, 6.4711131153326551e+02,
       6.0608571840794792e+00, -1.1865532131053633e+03,
       6.4711131153326562e+02, 3.1085621621046362e+03,
       -2.9408206780911325e+02, 6.6401509265369918e+02,
       6.0608571840794756e+00, -2.9408206780911325e+02,
       2.4300797655542578e+03, -4.0252655205327962e+01,
       -1.1865532131053631e+03, 6.6401509265369918e+02,
       -4.0252655205327954e+01, 9.6458882716656331e+02,
       4.5756264104146057e+03, -1.4885033790302559e+03,
       2.4159379602446274e+03, -7.1233553412244021e+02,
       -1.4885033790302559e+03, 1.4727949426264198e+04,
       4.3302344051142751e+02, -3.6378153503568194e+02,
       2.4159379602446274e+03, 4.3302344051142762e+02,
       1.9309411501614888e+03, -1.0040006666742177e+02,
       -7.1233553412244009e+02, -3.6378153503568188e+02,
       -1.0040006666742180e+02, 2.1094773248433262e+03 ]
weights: !!opencv-matrix
   rows: 1
   cols: 11
   dt: d
   data: [ 1.2214814706553846e-01, 6.7320201198385138e-02,
       9.9692553783164536e-02, 1.3535929925509294e-01,
       7.5767470538367909e-02, 1.2178305904693913e-01,
       4.4186306760008759e-02, 6.3405939528312805e-02,
       8.4953009761648490e-02, 7.8454621653106710e-02,
       1.0692939140941181e-01 ]
