%YAML:1.0
means: !!opencv-matrix
   rows: 6
   cols: 5
   dt: d
   data: [ -1.5145852247270471e+02, -5.8363561900558850e+01,
       4.3522740655088739e+01, 1.7051043737368555e+01,
       -1.0838749184651116e+01, 1.0931537512788650e+02,
       5.7362063946773560e+01, -3.6145915990405150e+01,
       -1.5646482841513102e+01, -1.0120236163027565e+01,
       -1.2175218124698355e+02, 7.9603601253389414e+01,
       1.9346670541749546e+01, -4.1096287063981954e+01,
       -3.8386749355197836e+00, -5.0653214348974351e-01,
       -8.2715455687984331e+01, 1.2393427952917804e+01,
       2.8743418050232155e+01, 2.9140035135807722e+01,
       4.9471673843505926e+01, 1.7924772554896803e-01,
       -1.0169628193555612e+01, 1.2488532760521174e+00,
       5.8512109201553733e+00, 1.0002774353463110e+02,
       -4.4679059229677584e+01, -2.1804897627430858e+01,
       3.7937784494787770e+01, -2.7144261972051279e+01 ]
covs: !!opencv-matrix
   rows: 30
   cols: 5
   dt: d
   data: [ 7.6173940197204256e+03, 4.9929927912852997e+02,
       2.8143426564258757e+03, -9.1090574405523819e+02,
       6.0465250144528147e+02, 4.9929927912853015e+02,
       8.2687783027196037e+03, 7.1580401579861484e+02,
       1.7980605901097078e+03, 7.6632417871150233e+02,
       2.8143426564258757e+03, 7.1580401579861496e+02,
       2.4055605355125135e+03, -6.1613395343505239e+01,
       -1.3725597904639667e+02, -9.1090574405523830e+02,
       1.7980605901097078e+03, -6.1613395343505211e+01,
       1.9812975331368289e+03, -2.5100296479123452e+02,
       6.0465250144528147e+02, 7.6632417871150233e+02,
       -1.3725597904639665e+02, -2.5100296479123458e+02,
       3.9503835308099582e+02, 1.0204937166243177e+04,
       -3.4409251446977287e+03, 2.2490959858373035e+03,
       1.1973346895412080e+03, -1.1888461257255516e+02,
       -3.4409251446977287e+03, 9.6626822595303074e+03,
       1.1983708787362666e+03, 9.6460806608911503e+02,
       7.9835924834897384e+01, 2.2490959858373035e+03,
       1.1983708787362666e+03, 2.6520035820305470e+03,
       -4.2481158663085534e+02, -9.2104872627749614e+01,
       1.1973346895412078e+03, 9.6460806608911503e+02,
       -4.2481158663085523e+02, 2.6987500383443657e+03,
       3.2464100033851956e+01, -1.1888461257255511e+02,
       7.9835924834897398e+01, -9.2104872627749614e+01,
       3.2464100033851949e+01, 4.7737355074066905e+01,
       9.5606334626055341e+03, 1.5799904866700260e+03,
       2.1716897531878767e+03, -1.2862662128657566e+03,
       3.4789187280364121e+02, 1.5799904866700260e+03,
       8.1886034744010221e+03, 1.7781434171168161e+02,
       2.1210082033385575e+03, -8.1135324093816280e+01,
       2.1716897531878767e+03, 1.7781434171168155e+02,
       2.7517766994144440e+03, 9.8357729135575227e+01,
       -8.2490737879256926e+01, -1.2862662128657566e+03,
       2.1210082033385575e+03, 9.8357729135575227e+01,
       1.8134517808386227e+03, 8.4795421725405859e+01,
       3.4789187280364121e+02, -8.1135324093816280e+01,
       -8.2490737879256940e+01, 8.4795421725405888e+01,
       1.8780791092281063e+02, 5.5417463934962298e+03,
       -1.0236696968180589e+03, 3.0877045392365239e+03,
       -6.5857069359215939e+02, -1.1110041362857265e+02,
       -1.0236696968180587e+03, 1.1024650333058356e+04,
       7.3195532801121271e+02, 8.2792102394226049e+02,
       8.6003560890946801e+02, 3.0877045392365239e+03,
       7.3195532801121249e+02, 2.4940745304194884e+03,
       -3.8147735054764233e+01, -1.3010744730962003e+01,
       -6.5857069359215927e+02, 8.2792102394226049e+02,
       -3.8147735054764205e+01, 2.3795256288462710e+03,
       -2.4097693618094200e+02, -1.1110041362857268e+02,
       8.6003560890946812e+02, -1.3010744730962010e+01,
       -2.4097693618094206e+02, 2.8965008677123745e+02,
       7.9704595050176704e+03, -1.6256855248864135e+03,
       2.2388938393549001e+03, 6.0403240666725338e+01,
       -4.5561543161410333e+02, -1.6256855248864135e+03,
       9.7160467910955304e+03, 5.4092538733310812e+02,
       7.2666433817330267e+02, 3.6684387667281010e+02,
       2.2388938393548997e+03, 5.4092538733310835e+02,
       2.6094233935769175e+03, -8.2867472647816683e+01,
       5.9393671640700663e-01, 6.0403240666725338e+01,
       7.2666433817330267e+02, -8.2867472647816712e+01,
       2.5505927544814449e+03, -1.5294348484348669e+02,
       -4.5561543161410333e+02, 3.6684387667281027e+02,
       5.9393671640700851e-01, -1.5294348484348669e+02,
       3.0914426276479344e+02, 4.1541953592795817e+03,
       -8.9184155629246391e+01, 2.9030755891185563e+03,
       -8.0344329136953468e+02, -7.7647985748789438e+01,
       -8.9184155629246348e+01, 5.0855236296348548e+03,
       9.1231150339797819e+02, 2.6817100612700197e+03,
       -4.2100839910602659e+01, 2.9030755891185568e+03,
       9.1231150339797819e+02, 2.5215514161744391e+03,
       -1.1108582559500103e+02, -9.2753985441061431e+01,
       -8.0344329136953490e+02, 2.6817100612700192e+03,
       -1.1108582559500103e+02, 1.7548919547335106e+03,
       6.8648091286641161e+01, -7.7647985748789438e+01,
       -4.2100839910602659e+01, -9.2753985441061431e+01,
       6.8648091286641190e+01, 3.6074286072582929e+01 ]
weights: !!opencv-matrix
   rows: 1
   cols: 6
   dt: d
   data: [ 1.5829934031559872e-01, 2.0844965959890541e-01,
       1.4968988174822287e-01, 1.4715399117677444e-01,
       2.8013225236191286e-01, 5.6274874798560817e-02 ]
pca_proj: !!opencv-matrix
   rows: 5
   cols: 21
   dt: f
   data: [ 1.02604255e-02, 8.46533298e-01, 5.67100069e-05,
       -5.08859605e-02, 4.68450844e-01, 1.89823491e-04, -5.55210514e-03,
       1.46431834e-01, -1.98076777e-05, -7.31809530e-03, 1.34976640e-01,
       -4.80776835e-05, -6.69380091e-03, 1.46460637e-01, -1.57161594e-05,
       2.11501210e-05, 1.32904761e-05, -3.16381829e-07, -1.62182951e-05,
       4.47223283e-04, 4.04881848e-06, 8.19958210e-01, 1.87153444e-02,
       -7.93817599e-05, 4.28530097e-01, 8.29724409e-03, 8.75842488e-06,
       2.28233948e-01, -2.37727305e-03, -1.84168690e-04, 2.08515689e-01,
       -1.20344283e-02, -2.14158339e-04, 2.18838796e-01, -7.27251405e-04,
       -1.84816250e-04, -3.05604735e-05, -5.04301033e-06,
       -1.27042276e-05, 6.79167337e-04, 1.30049409e-06, -1.63660501e-04,
       -1.48704097e-01, -3.29387456e-01, -1.82470303e-05, 1.08596861e-01,
       1.49965823e-01, -1.77574475e-04, 1.29315495e-01, 5.12750924e-01,
       2.36419466e-04, 1.37444586e-01, 5.11233926e-01, 2.85520800e-04,
       1.36541247e-01, 5.06532609e-01, 2.30281497e-04, -1.19767010e-05,
       -4.37137305e-06, 1.85016711e-06, 4.23374237e-04, 1.63331581e-03,
       1.86568883e-04, -4.72028166e-01, 1.25829116e-01, -3.95576280e-05,
       1.75304204e-01, -4.03850079e-02, -1.91588406e-04, 4.72358793e-01,
       -1.55570537e-01, 3.14154240e-05, 4.64089781e-01, -1.42328069e-01,
       9.23298430e-05, 4.71241623e-01, -1.54795542e-01, 4.75230554e-05,
       -2.49870754e-05, 5.87460408e-06, 1.53038200e-05, 1.49897439e-03,
       -5.03496267e-04, 3.15210091e-05, 4.28138897e-02, -3.98029029e-01,
       -1.64866622e-03, -1.49486646e-01, 8.53724658e-01, -7.20556185e-04,
       4.98631820e-02, -1.44551426e-01, -6.16796780e-04, 4.10989933e-02,
       -1.98635340e-01, -7.75538327e-04, 2.98115760e-02, -1.52079150e-01,
       -6.80539582e-04, 2.25883312e-04, -2.69945431e-05, 2.70592113e-06,
       9.03362306e-05, -4.77506634e-04, -7.18366122e-04 ]
pca_mean: !!opencv-matrix
   rows: 1
   cols: 21
   dt: f
   data: [ 4.33646118e+02, 2.44701981e+02, 1.49672687e+00,
       4.18191803e+02, 2.60206879e+02, 1.62062907e+00, 3.68545319e+02,
       2.27059875e+02, 1.69770968e+00, 3.19420807e+02, 1.63929108e+02,
       1.75046074e+00, 3.16613464e+02, 2.25532654e+02, 1.70717156e+00,
       1.08872897e-04, -9.74175637e-05, 6.24380555e-05, -2.17504916e-04,
       -2.50119597e-01, 1.75055194e+00 ]
