%YAML:1.0
means: !!opencv-matrix
   rows: 6
   cols: 15
   dt: d
   data: [ 1.3837340823524604e+01, -1.4117796908318445e+02,
       8.0613616557626724e+00, 4.6205160443945665e+01,
       1.1634588186775069e+01, -1.9195413791716664e+01,
       -1.9274348759720317e+00, 8.5381556394459179e-01,
       1.3902006555967497e+00, -1.3140126202040605e+00,
       4.5694450764950434e-02, -8.8809482163336492e-02,
       3.7041558737600224e-03, -8.7557373251701247e-03,
       -1.9400205831355172e-02, -1.5439866396793019e+02,
       -3.2191259618241602e+01, 4.1308377329967421e+01,
       4.7812880247208911e+00, -9.5816510891673055e+00,
       7.4327807903141085e-01, -2.0437522598109636e-01,
       7.8250638725657395e-01, -1.0075419712334162e+00,
       -4.6157885058727775e-02, -7.8176536623738996e-03,
       1.0909934232839629e-02, 2.0539091500266699e-03,
       1.9895009232349511e-06, -7.6944361803503664e-03,
       1.2518409582646375e+02, 5.4641948907439037e+01,
       -3.9842461469723972e+01, -1.1123182732058090e+01,
       -9.5208419372314133e+00, -4.8720502145570315e+00,
       3.6071079242172566e-01, -2.0462872876174285e-01,
       -7.1794582302276166e-01, -6.1764477182362228e-02,
       4.3224886057409886e-02, -1.6791600736679770e-02,
       2.2997308063202344e-03, 1.0962054015585096e-02,
       -2.7499917214795846e-02, 5.3099459040940566e+01,
       -1.8934737543294485e+01, -6.3049075268197514e+00,
       1.2219692843862902e+01, 1.0418740796988406e+01,
       5.2202426705707854e+00, 8.6307631244739236e-01,
       -2.9322412276113313e-01, -2.0954827389961869e-01,
       4.9187039021900178e-02, 2.6958642485769697e-02,
       1.7970407237670266e-02, 1.6567681301262504e-03,
       -8.0416124145934187e-03, 1.9552931416347993e-02,
       -2.0505180241437440e+01, -5.7030221619190433e+00,
       2.1051506550502461e+00, -3.6116177926563280e+00,
       -5.9701233137001388e+00, -4.4833200828927016e+00,
       -3.0852090855377630e+00, -1.6571372222061084e-01,
       2.8264249975955700e+00, 6.6203905540976604e-01,
       -1.8780563617740811e-01, -1.4847111949289223e-02,
       -1.5143112138170906e-02, 1.5612342342804243e-02,
       -4.5759660203029450e-03, -6.4748011121592342e+01,
       1.1730749831322821e+02, -2.9177859369871535e+00,
       -5.2100333897347909e+01, -4.9065431782873938e+00,
       6.6211124934889876e-01, 1.2104287386196333e+00,
       -2.6963182867595131e-01, -3.3386430302898173e-01,
       -1.5617752551842318e-01, 5.2326567812487929e-02,
       -3.8312736006097833e-03, 3.0271384295683370e-03,
       -2.8511716973136599e-04, -3.4332031715800788e-03 ]
covs: !!opencv-matrix
   rows: 90
   cols: 15
   dt: d
   data: [ 5.6517149699945785e+03, -6.1695373882766710e+01,
       2.8404987607778535e+03, -1.2915498333439780e+03,
       -2.6125056256402331e+02, -3.0299193930311645e+02,
       -7.1336041583655074e+01, 4.4016870823580291e+01,
       7.2915422973672847e+01, -4.2876925433571060e+01,
       1.8600551888052348e+00, -1.0995416198670165e+00,
       2.2369680899854799e-01, -7.2322274585098478e-01,
       6.4618979493284323e-01, -6.1695373882766638e+01,
       1.3201615016816197e+04, 4.5181492006138814e+02,
       -1.3378407732512767e+00, 6.8876147250916245e+02,
       5.3269432779108070e+02, 7.1325580322942642e+01,
       2.3740813249753398e+02, 1.5348731583128600e+02,
       1.6418843735574658e+01, 3.9476540593095200e+00,
       -9.1714781651717325e-01, 4.0001135570239529e-02,
       -1.6847516505151205e+00, 4.5404665409885991e+00,
       2.8404987607778526e+03, 4.5181492006138825e+02,
       2.6345649622253673e+03, 2.2343366798637317e+02,
       3.1441347620088479e+01, 1.1132706292921158e+02,
       2.1548600830817669e+01, -3.3084428271755016e+01,
       -1.5811316202407653e+01, 7.2103234567197223e+00,
       -5.7750645606683937e-01, 5.4981811080911591e-01,
       -5.0086567129102262e-02, 3.5074415167501005e-01,
       -7.4240654907361558e-01, -1.2915498333439780e+03,
       -1.3378407732512965e+00, 2.2343366798637305e+02,
       2.8689575142691033e+03, -8.1483513676737374e+01,
       1.4299085423634246e+01, 9.8235540774790273e+00,
       -1.2196662565635458e+02, -7.6109124327485560e+01,
       3.2972374697612295e+01, -3.8560583542060352e+00,
       -2.6181835986132610e-02, 1.2041350691020668e-01,
       1.1986436235734867e+00, -1.7397315892279304e+00,
       -2.6125056256402331e+02, 6.8876147250916245e+02,
       3.1441347620088493e+01, -8.1483513676737346e+01,
       3.1350429497463483e+02, 1.6272700714424155e+02,
       1.2322005650921055e+01, 3.7060254661489789e+00,
       -1.1201464686925645e+01, 1.5568893506506237e+01,
       8.4862723835617315e-01, -2.2972710699144117e-01,
       -5.2306228926252531e-03, 2.9621314683454775e-01,
       -1.0389219959806542e-01, -3.0299193930311634e+02,
       5.3269432779108070e+02, 1.1132706292921158e+02,
       1.4299085423634248e+01, 1.6272700714424155e+02,
       3.5545435618857971e+02, 1.2557185796653135e+01,
       -5.7837621397295012e+00, -5.7281386708284261e+00,
       9.9225809450517044e+00, -2.2060373095170815e+00,
       8.3729360974549660e-01, -9.0585621891759185e-02,
       -5.9439704846655540e-03, 2.7522056473495784e-02,
       -7.1336041583655074e+01, 7.1325580322942628e+01,
       2.1548600830817669e+01, 9.8235540774790309e+00,
       1.2322005650921055e+01, 1.2557185796653132e+01,
       2.8361232057946090e+01, -3.5170990162489466e+00,
       -1.0564402632957899e+00, 3.2837411583507108e+00,
       -1.2156645490778160e-01, 7.4695640984963285e-02,
       -3.2279575791242548e-02, 5.3648261782417009e-02,
       -4.7049158250876411e-02, 4.4016870823580305e+01,
       2.3740813249753398e+02, -3.3084428271755016e+01,
       -1.2196662565635462e+02, 3.7060254661489807e+00,
       -5.7837621397295012e+00, -3.5170990162489471e+00,
       3.2015485003997881e+01, 1.3527104682063056e+01,
       -7.1418225250741694e+00, 1.9271269182162543e-01,
       -8.2196636942747717e-02, -3.8752797467173231e-03,
       -1.8956056651283706e-01, 2.2141664350620940e-01,
       7.2915422973672847e+01, 1.5348731583128600e+02,
       -1.5811316202407653e+01, -7.6109124327485560e+01,
       -1.1201464686925645e+01, -5.7281386708284261e+00,
       -1.0564402632957897e+00, 1.3527104682063058e+01,
       1.5595657857557461e+01, -7.4979049271104632e+00,
       6.6299640758735899e-03, -1.2118631080699580e-01,
       1.6619705911662782e-02, -1.5931044155585378e-01,
       1.1936198194353756e-01, -4.2876925433571053e+01,
       1.6418843735574658e+01, 7.2103234567197241e+00,
       3.2972374697612295e+01, 1.5568893506506237e+01,
       9.9225809450517044e+00, 3.2837411583507103e+00,
       -7.1418225250741694e+00, -7.4979049271104632e+00,
       8.2093849726987322e+00, -8.6788203124719444e-03,
       2.3602227195270799e-02, -1.1907330079750670e-04,
       1.1651552072629487e-01, -3.4078281249894940e-02,
       1.8600551888052352e+00, 3.9476540593095200e+00,
       -5.7750645606683948e-01, -3.8560583542060343e+00,
       8.4862723835617315e-01, -2.2060373095170815e+00,
       -1.2156645490778163e-01, 1.9271269182162537e-01,
       6.6299640758735959e-03, -8.6788203124719462e-03,
       5.7372020147225651e-02, -2.5515360739886352e-03,
       8.6615782090953316e-04, 8.6555326260260689e-04,
       1.5276640514727989e-03, -1.0995416198670165e+00,
       -9.1714781651717336e-01, 5.4981811080911591e-01,
       -2.6181835986132610e-02, -2.2972710699144119e-01,
       8.3729360974549660e-01, 7.4695640984963313e-02,
       -8.2196636942747717e-02, -1.2118631080699580e-01,
       2.3602227195270799e-02, -2.5515360739886352e-03,
       1.3966901385897800e-02, -2.3864225242085148e-04,
       -2.7735816433107597e-05, -4.4356588640186953e-04,
       2.2369680899854799e-01, 4.0001135570239522e-02,
       -5.0086567129102276e-02, 1.2041350691020661e-01,
       -5.2306228926252418e-03, -9.0585621891759185e-02,
       -3.2279575791242542e-02, -3.8752797467173240e-03,
       1.6619705911662785e-02, -1.1907330079750687e-04,
