%YAML:1.0
means: !!opencv-matrix
   rows: 41
   cols: 4
   dt: d
   data: [ -1.5571043773589003e+02, 6.4569688941903721e+01,
       2.2956282364267921e+01, 2.0163698283304424e+01,
       1.3381413902716807e+02, -5.6222179740126812e+01,
       1.9239965637534734e+01, -6.5009606107643748e+01,
       2.0160107194830854e+01, 2.0452659741542366e+01,
       2.3313417109397399e+01, -1.4350410342595483e+01,
       -2.1412919201621881e+02, -1.2594851711207463e+02,
       -1.4492321904730058e+01, 2.4327160224899757e+01,
       -1.8124947285813013e+02, 4.7055090435521684e+01,
       6.3294019571552887e+01, -2.9950255832311068e+01,
       -1.0052908305214710e+02, -1.4840412858527955e+02,
       6.3073308371706396e+01, 2.2912531713022677e+01,
       2.0917963505287634e+02, -1.4376058278317684e+01,
       2.5336567871916826e+00, -2.3567644802986724e+01,
       8.8788164479440596e+01, -7.2744442982989327e+01,
       -3.9655254426003999e+01, 2.9581671652019765e+00,
       6.9331951257933937e+01, 1.4586644539247558e+02,
       2.9096834650118719e+01, -8.8558529744032526e+01,
       -7.4628732722559093e+01, 1.1119468164161596e+02,
       -4.8787333669709113e+01, 2.9890790650991939e+01,
       1.0819306138407599e+02, 1.8763024456831907e+01,
       -2.6349721013636930e+01, 5.2069976923141709e+01,
       -7.0984646422553098e+01, 6.4033012352840606e+00,
       -4.5779843659687153e+01, -2.4676682206785060e+01,
       1.0134368101987215e+02, 3.0479953329796086e+00,
       -6.7288280397010354e+01, -3.1121324714303700e+01,
       1.3023893694168850e+01, -3.1964466159055029e+01,
       -8.9819566659219902e+01, 3.1897523444364566e+01,
       1.5198448684217269e+02, -1.0659092346204783e+02,
       2.2527472992273204e+01, 9.9802940812141010e+00,
       -4.4097616998722922e+00, -1.2195003809531819e+02,
       1.0169927894942038e+01, 4.2933301867626852e+01,
       -1.0978713575375511e+02, -1.1449673732074622e+02,
       -5.6789297603378586e+01, 4.2612661007191363e+01,
       8.8964842524547791e+01, 8.7048289607103982e+01,
       7.0683149687861501e+01, 3.7414433106327478e+00,
       -2.8222976362789763e+02, 3.2527649296269246e+01,
       -1.8804712450991840e+01, -3.3382470065437950e+01,
       1.6527382581958776e+02, 9.9022146681993036e+01,
       -3.7246313140108235e+01, 2.2167515108225093e+01,
       -2.1937524573883072e+00, -1.2444842705290856e+01,
       1.1063818932633630e+01, 8.9037227323152820e+01,
       -2.5475406033712229e+00, 3.8067083181405849e+01,
       -8.9638652768860609e+01, -2.5952075066434308e+01,
       1.9472251434164332e+02, 3.2251760436241085e+01,
       3.7991969792010543e+01, 5.4873414946443553e+01,
       8.8779944824581378e+01, 6.4294723248128491e+01,
       -1.6873065814335689e+01, -1.0398986349709824e+01,
       -2.4334720268856981e+02, 1.5523572581607627e+02,
       6.0158726348610880e+00, 1.2149941292025616e+01,
       1.5183016185669288e+02, 1.0027748925624643e+02,
       3.1757567489055141e+01, 7.5407999085582500e-01,
       -6.8848487034568340e+00, -5.2939630453184932e+01,
       9.7421163579392012e+00, -6.8021599139353697e+01,
       -8.2941039400586988e+01, 1.1827812567322491e+02,
       7.2403345823235512e+01, -4.3113292980734608e+00,
       1.7558019835371505e+02, 1.5679783590590469e+01,
       4.8377408181142172e+01, -3.7080330718054064e+01,
       -1.9901439162815683e+02, -9.6923920746095282e-01,
       -1.6350501561953806e+01, 7.8772071389352448e+01,
       1.0701651983522524e+02, -6.4090599549370836e+01,
       7.0993018723908079e+01, 1.9950135615533572e+01,
       -4.9701692650858085e+01, 1.4553955791115294e+02,
       -4.6496634914682517e+01, -9.4428446366549565e+01,
       -9.9546087385159652e+01, -3.1404421345260797e+01,
       5.6499227008701652e+01, 8.0952688499927390e+01,
       5.8728445727441695e+01, 1.0297031767334649e+02,
       -9.0310073150074217e+01, 3.9251866887528983e+01,
       8.0971499626849649e+01, -1.5038239355905890e+02,
       1.8489109608665178e+01, -1.0643059047125742e+01,
       -1.8906372703139323e+02, 5.8498815864459850e+01,
       3.8217353059555286e+01, -5.8722634115480226e+01,
       -1.4808675920571210e+02, -4.9252712358433179e+01,
       3.1136596552676508e+01, -4.1063583829484621e+01,
       -2.8763869318796822e+01, -1.5023146905065039e+02,
       -4.6760354342095610e+01, -2.6630133548944164e+00,
       4.8982640767878202e+01, 1.0813519924968770e+02,
       2.1159248450730594e+01, 4.1553807898631973e+01,
       4.1890162486872676e+01, -5.4823148173210129e+01,
       -5.1747481695917728e+01, -6.6585364833890480e+01,
       -6.3552561499667057e+01, 6.5129658277526636e-01,
       1.0173003333158354e+02, -1.6480695984374144e+01 ]
