%YAML:1.0
means: !!opencv-matrix
   rows: 6
   cols: 18
   dt: d
   data: [ 1.5594905053404677e+01, -1.4082662301315136e+02,
       7.9182498413267739e+00, 5.2379527296216736e+01,
       -3.5341012766635012e+00, -1.5818052814553088e+01,
       -1.6376135319229737e+00, -1.3647811103328755e+00,
       -2.8670102986276841e-01, -3.3272098854592802e-01,
       -1.5906061040445266e-01, -2.6446565050081253e-02,
       1.0454412222778633e-03, 8.9120353380068747e-03,
       -3.5413722370489134e-02, 5.9950174143600940e-03,
       1.3559819262955943e-03, 2.9227710237397847e-03,
       -1.7638962348146845e+02, -3.2647164440643323e+01,
       4.2189908619978588e+01, 6.7549462473551347e-01,
       -1.3330484403564620e+01, -3.0110569918938213e+00,
       -9.7459287636896763e-01, 6.0231596764279383e-01,
       -3.5905833686853245e-01, 1.1497501191317673e-01,
       -3.8512001589272787e-02, -1.7850932370189942e-03,
       1.8796466085288610e-03, -7.0961202624707567e-04,
       6.3556960666303723e-03, -3.4157898214104560e-03,
       7.7711575105024249e-04, -2.1627303704923166e-04,
       6.0338057040610465e+01, 1.0265561691227028e+01,
       -1.5896154918532291e+01, 7.2737859410579331e+00,
       6.8362350721532392e+00, 7.9000071225701554e+00,
       -2.9087486193894425e+00, -3.5994653313107106e-01,
       -9.3430149267630846e-01, -1.0490852221165911e-01,
       9.9007565029762962e-03, -9.8523258318794511e-03,
       5.7165587854024816e-04, -1.4350189021905475e-03,
       2.8939853334852667e-03, -1.4651393778847054e-03,
       -3.9590760006090865e-04, -1.7539896208832470e-03,
       5.1688220450796123e+01, -1.3996801655781155e+01,
       -5.3431393300550498e+00, 6.4004800124331878e+00,
       4.2904440340680088e+00, -8.3770189001477136e-01,
       4.5140051669167196e+00, 8.9776677448439118e-02,
       2.5078128984619613e-01, 1.1962678094713665e-01,
       4.0489402865570380e-02, 2.6739983122565879e-02,
       2.1218266371196724e-03, -2.8431000965570379e-03,
       3.0312417939096729e-03, 1.2346364917745674e-03,
       -7.1200717335932593e-05, -1.4856291482841584e-03,
       2.4985727966274933e+01, 2.4069478425401364e+01,
       -6.6021831238177384e+00, -2.0008738827540942e+01,
       3.0819941405023585e+00, -9.8343369542003209e+00,
       -5.6242387855162113e+00, 1.4559573472189911e+00,
       5.4026516260337640e+00, 3.9290313477217859e-01,
       -1.8583310106716776e-02, -2.5639483874425301e-02,
       -2.7532955338969219e-02, 7.1250433532736059e-03,
       9.1370998756158013e-03, -7.0699843639874423e-03,
       5.1926543816478501e-03, 1.1086745919459464e-02,
       -3.4343954644711310e+01, 1.2115351730313290e+02,
       -1.1084878930644226e+01, -5.2455573553418390e+01,
       -6.9595719518039170e+00, 9.6878986990237237e-01,
       1.3047231247454796e+00, -1.9064785071168994e-01,
       -3.5553062784100903e-01, -1.9543714635225204e-01,
       3.0651307845803711e-02, -1.1104608347191432e-02,
       3.9584679783468630e-03, 3.1022578444496489e-03,
       -8.2432741963267137e-03, 5.5658948846268727e-03,
       -3.4307183432060041e-03, 7.7975828601978497e-04 ]
covs: !!opencv-matrix
   rows: 108
   cols: 18
   dt: d
   data: [ 1.0416710370021547e+04, 6.1968317179146959e+02,
       1.7486451624312328e+03, -9.4409460793505332e+02,
       -1.6442515197172662e+02, 4.2344477243716244e+02,
       1.4081804715557536e+02, -2.7041451424201536e+01,
       1.8796374827753411e+01, 9.8371519860491308e+00,
       -7.1466973742682685e+00, -2.4639688579061354e+00,
       7.1698652092640036e-01, 3.0168259645195700e-01,
       8.9370296904382182e-02, 3.6442087187596006e-01,
       9.3407216070122659e-02, 3.3606399133514209e-01,
       6.1968317179146914e+02, 1.1130300848501531e+04,
       3.3069196500114140e+02, 1.3944542055718121e+03,
       -1.2730953096250197e+02, 7.8660750078377805e+02,
       1.7195105786408760e+02, -6.4487639408505837e+00,
       -1.0769087653972951e+01, 6.4649626195706873e+01,
       -1.2366164190941424e+01, 1.8432402473762781e+00,
       3.8012550072671659e-02, 1.5221410462900223e-01,
       1.1550781835779704e+00, -3.2381741808204378e-01,
       2.3379561909423842e-02, 8.0552679796615978e-01,
       1.7486451624312324e+03, 3.3069196500114157e+02,
       2.7580685195515603e+03, 1.5670575366447896e+01,
       1.1526627037236442e+02, -1.0366634259037785e+02,
       -5.3984762335678631e+01, 1.6006271404180954e+01,
       1.1383291700353730e+01, -4.7094030718627939e+00,
       3.5226797220962545e+00, 7.2892071240667566e-01,
       -3.4625682439479832e-01, 3.9264596432187396e-02,
       -3.6703658201436556e-01, -1.2338912666122831e-01,
       3.0442321567783003e-02, -1.1812423496992570e-01,
       -9.4409460793505332e+02, 1.3944542055718116e+03,
       1.5670575366447899e+01, 1.9846895382268992e+03,
       4.7830116733189811e+01, -9.1917057446385598e+01,
       -2.5362254316923796e+01, -2.2164542873366063e+01,
       -4.2674737933372056e+00, 3.1897281483941273e+00,
       2.7178297445105071e+00, -1.0514583481996400e+00,
       1.5895537031431087e-01, 3.5201959944088090e-01,
       -2.6495137099658156e-01, 1.3197749304144576e-01,
       4.3069494617199035e-02, -1.2564595974871004e-01,
       -1.6442515197172656e+02, -1.2730953096250198e+02,
       1.1526627037236442e+02, 4.7830116733189804e+01,
       3.7202890982775466e+02, 3.1615007750238682e+01,
       1.3340042893878044e+01, 1.1357607273635788e+01,
       6.8069504079010850e+00, -9.1766673635033467e+00,
       2.0315988498995994e+00, -8.3383474172916128e-01,
       1.0110371025305899e-01, 7.7283164919311476e-02,
       -4.5157883304251850e-01, -4.0998993595658402e-02,
       -1.2036118989897291e-02, -2.0525928114345743e-03,
       4.2344477243716261e+02, 7.8660750078377805e+02,
       -1.0366634259037782e+02, -9.1917057446385584e+01,
       3.1615007750238686e+01, 2.7909331995293297e+02,
       2.0495721774435371e+01, 4.1670869605157854e+00,
       5.2093040238865758e+00, 5.4239776625088885e+00,
       -2.0952632631349433e+00, 9.4066317436218863e-02,
       5.5158457060688226e-02, -1.1982495563214460e-01,
       2.5854997602034718e-01, -7.5424249850921485e-02,
       -1.0983354591159608e-02, 2.0208751946254361e-01,
       1.4081804715557536e+02, 1.7195105786408760e+02,
       -5.3984762335678646e+01, -2.5362254316923796e+01,
       1.3340042893878044e+01, 2.0495721774435374e+01,
       3.6802784544826856e+01, -9.5391631974078028e-01,
       1.6023299190544928e+00, 2.3862008543609496e+00,
       -3.0615729589331203e-01, -7.2715400141957320e-02,
       4.7789242978835470e-04, 3.2835278304857218e-02,
       -1.2129359706987500e-03, -1.1605816331258406e-02,
       -5.2529423944183756e-03, 2.8928229141168504e-02,
       -2.7041451424201529e+01, -6.4487639408505784e+00,
       1.6006271404180946e+01, -2.2164542873366059e+01,
       1.1357607273635788e+01, 4.1670869605157854e+00,
       -9.5391631974078062e-01, 1.9367542607333721e+01,
       4.6483328110243987e+00, -3.6678496593506007e+00,
       -5.6558843653337965e-02, 1.6226407480880552e-02,
       -6.3052971291339098e-03, -6.0969081206335506e-02,
       1.7944125739160370e-02, 3.9218950713402045e-03,
       -4.8848965248470388e-03, -4.0853549166947143e-03,
       1.8796374827753414e+01, -1.0769087653972957e+01,
       1.1383291700353727e+01, -4.2674737933372047e+00,
       6.8069504079010850e+00, 5.2093040238865767e+00,
       1.6023299190544931e+00, 4.6483328110243969e+00,
       9.0004745913342727e+00, -4.9914609301308461e+00,
       -1.9296907847797543e-02, -5.7129622571082270e-02,
       9.9164801710900606e-03, -7.2376545873828205e-02,
       -8.2050309677991727e-03, 8.2849249005476008e-03,
       -3.8641235555132150e-03, -2.4596714731881773e-02,
       9.8371519860491290e+00, 6.4649626195706873e+01,
       -4.7094030718627957e+00, 3.1897281483941273e+00,
       -9.1766673635033467e+00, 5.4239776625088885e+00,
       2.3862008543609496e+00, -3.6678496593506007e+00,
       -4.9914609301308461e+00, 5.3728728476520944e+00,
