%YAML:1.0
means: !!opencv-matrix
   rows: 13
   cols: 4
   dt: d
   data: [ 9.3347660536956951e+01, 1.0296972669936230e+02,
       4.1804735176499264e+01, -5.2035133995520958e+01,
       -2.4893763898407255e+02, -1.8347642631789900e+00,
       -1.3870751152549021e+01, 1.7436165646177152e+01,
       8.8463599209249935e+01, -1.0308764814024672e+01,
       6.8035081231061895e+01, 8.9339438406582996e+00,
       -5.1591790231230775e+01, -6.0909570087888916e+01,
       -3.3032145480209870e+01, -1.9100819734514136e+01,
       9.3390292947528764e+01, -9.2048006269798648e+01,
       1.6057199392040474e+01, -5.7268164620931437e+01,
       1.8768953312374961e+01, 1.5858182263770433e+02,
       -1.5769424736903073e+01, 1.4819738442789834e+01,
       -1.6915375551661844e+00, -8.6154229495364248e+01,
       1.0655867844701600e+01, 3.3947862965982722e+01,
       -2.4961433184738461e+01, 6.4679554603285354e+01,
       -4.4906212203496807e+01, -5.2208395460056870e+01,
       -1.6632049147723012e+02, -1.1500970588988274e+02,
       3.5123702716080800e+01, -3.9491374857652275e+01,
       1.5545090937672978e+02, -1.9567331557631150e+01,
       -1.7558003847308250e+00, 3.3188348082443412e+01,
       -1.4216930763199554e+02, 2.6000703635945410e+01,
       6.5926451565372560e+01, 1.7633382426707279e+01,
       6.8017731699670719e+01, -8.6862875551560947e+01,
       -7.7814615511773141e+01, 9.1979714854935164e+00,
       -1.2519635552842919e+01, 3.7475636902339474e+01,
       -4.4435880794902580e+01, 6.7672571375710220e+01 ]
covs: !!opencv-matrix
   rows: 52
   cols: 4
   dt: d
   data: [ 7.2771699862188980e+03, -8.8467995113160316e+02,
       -1.0883424966396478e+03, 7.4736630277460256e+02,
       -8.8467995113160282e+02, 6.3867484601633050e+03,
       7.6992736048660288e+02, 1.6271504702714597e+03,
       -1.0883424966396478e+03, 7.6992736048660277e+02,
       7.7120078194895370e+02, 1.8247166058912271e+02,
       7.4736630277460256e+02, 1.6271504702714597e+03,
       1.8247166058912271e+02, 1.5265522068805835e+03,
       2.9094621548871269e+03, 1.9368565552014019e+02,
       3.8283074710413153e+01, -4.0730735823043000e+02,
       1.9368565552014019e+02, 9.6140236647038164e+03,
       1.0402181759904006e+02, -4.9664507541943472e+01,
       3.8283074710413146e+01, 1.0402181759904008e+02,
       5.3510605531947499e+02, 6.1770061798057668e+02,
       -4.0730735823043000e+02, -4.9664507541943429e+01,
       6.1770061798057668e+02, 2.4264882877044620e+03,
       1.0213909785892789e+04, -5.7671225402061850e+02,
       -2.1331223331754099e+03, 8.9055945460226951e+02,
       -5.7671225402061862e+02, 5.8266292991663595e+03,
       4.4432182588304062e+02, 1.0257115364438603e+03,
       -2.1331223331754099e+03, 4.4432182588304079e+02,
       9.5863616114052422e+02, 1.7864462753961780e+02,
       8.9055945460226985e+02, 1.0257115364438603e+03,
       1.7864462753961783e+02, 1.6205445576598806e+03,
       5.5205053466985237e+03, 1.7064588617584368e+03,
       -2.0860645918579351e+02, -7.5839034940546480e+02,
       1.7064588617584368e+03, 2.9657873580076557e+03,
       -6.2354433519151859e+00, 3.2714742690361226e+02,
       -2.0860645918579354e+02, -6.2354433519151629e+00,
       1.8667380340471584e+03, 4.7053203905385288e+02,
       -7.5839034940546480e+02, 3.2714742690361226e+02,
       4.7053203905385288e+02, 8.2099929143669635e+02,
       8.9254776083592114e+03, -7.6749285860275711e+02,
       -1.0886978008789927e+03, 7.7420350849755380e+02,
       -7.6749285860275688e+02, 5.6071484521686625e+03,
       -6.4289171425989559e+02, -2.0872783189163292e+03,
       -1.0886978008789927e+03, -6.4289171425989559e+02,
       1.3622359705602805e+03, -9.2425717109199308e+00,
       7.7420350849755380e+02, -2.0872783189163292e+03,
       -9.2425717109199308e+00, 1.2989878712834279e+03,
       1.2395361229963029e+04, -2.4724779042501254e+03,
       1.0481632501804399e+03, 8.5782918991453926e+02,
       -2.4724779042501254e+03, 4.0937776417045429e+03,
       -2.5083213740662598e+02, -4.1448465372989153e+02,
       1.0481632501804399e+03, -2.5083213740662592e+02,
       2.0089722325304829e+03, -3.5826307195503171e+02,
       8.5782918991453926e+02, -4.1448465372989153e+02,
       -3.5826307195503171e+02, 7.6225526245096978e+02,
       4.5971468071116506e+03, -5.1837073034358809e+02,
       2.4990055985955601e+03, -3.1196045553533276e+02,
       -5.1837073034358809e+02, 1.2945363629428839e+04,
       1.2190974891464177e+03, -1.8038134426494705e+02,
       2.4990055985955601e+03, 1.2190974891464175e+03,
       2.0925759774408530e+03, 1.2393648116883506e+02,
       -3.1196045553533276e+02, -1.8038134426494713e+02,
       1.2393648116883506e+02, 2.0505072071167365e+03,
       8.1754916788006331e+03, -6.5664332633876438e+02,
       5.9636188422934015e+02, 4.8499830034841727e+02,
       -6.5664332633876438e+02, 3.9493290767466988e+03,
       2.4091513011565672e+02, 9.1645151030394538e+02,
       5.9636188422934015e+02, 2.4091513011565672e+02,
       1.7757944990076110e+03, -3.6743754946226623e+01,
       4.8499830034841710e+02, 9.1645151030394538e+02,
       -3.6743754946226623e+01, 1.2013016578120462e+03,
       5.1705895434372997e+03, 9.9005340368946605e+01,
       2.4102616969066880e+03, -3.9478855474649862e+02,
       9.9005340368946563e+01, 6.1830787696117368e+03,
       -1.2045700034183281e+02, -1.7605846942549820e+03,
       2.4102616969066880e+03, -1.2045700034183285e+02,
       1.9284783804037120e+03, -1.6208614591015552e+02,
       -3.9478855474649862e+02, -1.7605846942549820e+03,
       -1.6208614591015547e+02, 1.2811932701979770e+03,
       5.0813065389008389e+03, 7.6607434614992292e+02,
       3.6886310084100330e+02, -1.0809887484033861e+03,
       7.6607434614992292e+02, 4.7182556039099954e+03,
       3.3051354009697280e+02, 1.5488721959312973e+03,
       3.6886310084100342e+02, 3.3051354009697269e+02,
       1.1345104926316533e+03, 2.4993644750501400e+02,
       -1.0809887484033866e+03, 1.5488721959312973e+03,
       2.4993644750501400e+02, 1.6732319365140811e+03,
       4.2161752037775841e+03, 7.9420500223651160e+01,
       1.3289428358140017e+03, -3.8315996923953503e+02,
       7.9420500223651175e+01, 8.0299067032303092e+03,
       -2.5594866565881813e+02, -9.1242535011405505e+02,
       1.3289428358140017e+03, -2.5594866565881830e+02,
       1.3921283034438679e+03, 1.7090471110303031e+02,
       -3.8315996923953503e+02, -9.1242535011405505e+02,
       1.7090471110303031e+02, 1.6700105908307196e+03,
       3.7526237773947460e+03, 7.4699446973475312e+02,
       7.0323520150418986e+01, -5.3940393078589614e+02,
       7.4699446973475324e+02, 3.7998430056721481e+03,
       -2.1998592680293814e+02, 2.8896702833945045e+02,
       7.0323520150418986e+01, -2.1998592680293814e+02,
       1.0937513764033497e+03, 1.3549296563279037e+02,
       -5.3940393078589614e+02, 2.8896702833945045e+02,
       1.3549296563279034e+02, 9.0926218049470492e+02,
       8.3812710555521680e+03, 6.4269856513204593e+02,
       -1.9245454598062840e+03, 2.8215940327366206e+02,
       6.4269856513204593e+02, 3.0312419476549926e+03,
       -2.6325223055786699e+02, -4.5186346257275424e+01,
       -1.9245454598062840e+03, -2.6325223055786699e+02,
       1.5728947465633648e+03, -6.5405274370043728e+01,
       2.8215940327366212e+02, -4.5186346257275389e+01,
       -6.5405274370043699e+01, 9.1967732164653842e+02 ]
weights: !!opencv-matrix
   rows: 1
   cols: 13
   dt: d
   data: [ 6.6577615557286030e-02, 4.9433745040830888e-02,
       7.7540222629548447e-02, 5.3393451916586031e-02,
       6.9086449894324609e-02, 8.8802049202478181e-02,
       1.0875859335510835e-01, 1.1766015396680383e-01,
       5.2192152918966464e-02, 9.0845337443517152e-02,
       8.5268866682084027e-02, 6.7384710723485036e-02,
       7.3056650668956086e-02 ]
