%YAML:1.0
means: !!opencv-matrix
   rows: 7
   cols: 1
   dt: d
   data: [ -4.0106522176603292e+00, -2.4348404517395687e+02,
       1.2884449724169284e+02, -1.5422092447184696e+02,
       1.9453620685020880e+02, -7.8876928266909900e+01,
       6.4393630133402198e+01 ]
covs: !!opencv-matrix
   rows: 7
   cols: 1
   dt: d
   data: [ 1.1682146250488579e+03, 2.8105523019294187e+03,
       1.5592398086520325e+03, 2.1205450515708958e+03,
       2.2944913139631881e+03, 1.5077373219667054e+03,
       1.1741831817497839e+03 ]
weights: !!opencv-matrix
   rows: 1
   cols: 7
   dt: d
   data: [ 1.8656555631099495e-01, 8.6323987096020266e-02,
       1.6518351174261578e-01, 1.1652886974351415e-01,
       9.1120501589452133e-02, 1.5415106428738420e-01,
       2.0012650923001021e-01 ]
pca_proj: !!opencv-matrix
   rows: 1
   cols: 21
   dt: f
   data: [ 4.36961316e-02, 8.50134730e-01, 1.73015636e-04,
       6.54514134e-02, 4.60692108e-01, 2.29939164e-04, 7.67599978e-03,
       1.46649793e-01, -1.37564148e-05, 1.21663406e-03, 1.30500361e-01,
       -5.45994153e-05, 8.06188770e-03, 1.42052382e-01, -2.12945142e-05,
       -2.45414903e-05, 9.56867734e-06, -1.94090262e-06, 3.13729906e-05,
       4.34020360e-04, 2.32224409e-07 ]
pca_mean: !!opencv-matrix
   rows: 1
   cols: 21
   dt: f
   data: [ 2.07625534e+02, 2.55653595e+02, 1.54502928e+00,
       2.18915131e+02, 2.60592743e+02, 1.67241716e+00, 2.65274475e+02,
       2.24016678e+02, 1.71669352e+00, 3.19420807e+02, 1.63929108e+02,
       1.75046074e+00, 3.16613464e+02, 2.25532654e+02, 1.70717156e+00,
       1.08872897e-04, -9.74175637e-05, 6.24380555e-05, -2.17504916e-04,
       -2.50119597e-01, 1.75055194e+00 ]
gamma: !!opencv-matrix
   rows: 7
   cols: 1
   dt: d
   data: [ 8.0855296910786068e-01, 9.0864719336196997e-01,
       8.5958990440436822e-01, 8.7727067718663843e-01,
       8.9224156865812965e-01, 8.3737006026977778e-01,
       8.2382557850503990e-01 ]
