%YAML:1.0
means: !!opencv-matrix
   rows: 26
   cols: 1
   dt: d
   data: [ -5.3388575821040147e+00, -2.3011265897238857e+02,
       1.4403005193463829e+02, 5.7113259806246660e+01,
       -9.0254150156745496e+01, 2.4216933133404979e+02,
       -1.6563234530184076e+02, 7.8613647777241653e+01,
       -3.3156547117300249e+02, 1.6647443529560780e+02,
       -4.6501634210935194e+01, -1.9727505350843103e+02,
       3.6103320176943420e+01, 1.2252276525261243e+02,
       3.0436656465635292e+02, -2.6574704207293217e+02,
       -1.3727842113145275e+02, -1.1313195093169618e+02,
       1.0081510520456312e+02, -2.5860663112664856e+01,
       2.1610539144859484e+02, 1.4670029504983750e+01,
       -6.7836488511790066e+01, 1.9118719529743632e+02,
       2.7311082718827424e+02, -2.9865163097811455e+02 ]
covs: !!opencv-matrix
   rows: 26
   cols: 1
   dt: d
   data: [ 9.8155263256222298e+01, 2.1346138940820126e+02,
       1.1586772910669183e+02, 1.0337802660592331e+02,
       1.1493172165189523e+02, 1.9176059596948059e+02,
       1.9480725803500488e+02, 1.0635172801827684e+02,
       8.2158938596522864e+02, 1.2144787437585994e+02,
       1.0606684923574498e+02, 2.0570153839195373e+02,
       9.9074248742096984e+01, 1.0628249107799908e+02,
       8.0955565166921883e+02, 2.7516466762438142e+02,
       1.6245974860998112e+02, 1.4011228408972264e+02,
       1.0238029214421998e+02, 1.0234603201467189e+02,
       1.6622926789619990e+02, 9.6657101629758884e+01,
       1.0715633347041511e+02, 1.4306601435206704e+02,
       3.2257456515802892e+02, 4.7598738687853472e+02 ]
weights: !!opencv-matrix
   rows: 1
   cols: 26
   dt: d
   data: [ 5.4313120555820410e-02, 2.9017203139287857e-02,
       3.9380502520040377e-02, 6.1608583588832061e-02,
       5.2713148788457231e-02, 1.4543679002819528e-02,
       3.8180170191541657e-02, 6.1357978227475046e-02,
       6.0527580956324977e-03, 3.7171103429875695e-02,
       5.2311906201969585e-02, 3.5357666942402666e-02,
       6.0242291070323375e-02, 5.0035832324847311e-02,
       7.0625964067572234e-03, 2.0128794289263993e-02,
       4.0790312602813017e-02, 4.4624018835234744e-02,
       5.8158457346845868e-02, 5.2635896192034744e-02,
       2.0709316867335816e-02, 5.9962847363769813e-02,
       5.1236590194535005e-02, 2.9722407994198008e-02,
       1.0477199522560540e-02, 1.2205618305310742e-02 ]
pca_proj: !!opencv-matrix
   rows: 1
   cols: 21
   dt: f
   data: [ 1.02604255e-02, 8.46533298e-01, 5.67100069e-05,
       -5.08859605e-02, 4.68450844e-01, 1.89823491e-04, -5.55210514e-03,
       1.46431834e-01, -1.98076777e-05, -7.31809530e-03, 1.34976640e-01,
       -4.80776835e-05, -6.69380091e-03, 1.46460637e-01, -1.57161594e-05,
       2.11501210e-05, 1.32904761e-05, -3.16381829e-07, -1.62182951e-05,
       4.47223283e-04, 4.04881848e-06 ]
pca_mean: !!opencv-matrix
   rows: 1
   cols: 21
   dt: f
   data: [ 4.33646118e+02, 2.44701981e+02, 1.49672687e+00,
       4.18191803e+02, 2.60206879e+02, 1.62062907e+00, 3.68545319e+02,
       2.27059875e+02, 1.69770968e+00, 3.19420807e+02, 1.63929108e+02,
       1.75046074e+00, 3.16613464e+02, 2.25532654e+02, 1.70717156e+00,
       1.08872897e-04, -9.74175637e-05, 6.24380555e-05, -2.17504916e-04,
       -2.50119597e-01, 1.75055194e+00 ]
gamma: !!opencv-matrix
   rows: 26
   cols: 1
   dt: d
   data: [ 7.6485138476995040e-01, 8.7472438239558314e-01,
       8.3367530385671273e-01, 7.8180459508095779e-01,
       8.0072377883213597e-01, 8.7926406612164865e-01,
       8.4604342041751823e-01, 7.9405629690017054e-01,
       9.0865530205771661e-01, 8.4584957227159541e-01,
       7.7619798541296170e-01, 8.6124887892463475e-01,
       7.7206841940930737e-01, 8.2095758058877044e-01,
       9.0262314668818500e-01, 8.8754637702645567e-01,
       8.3011931327311084e-01, 8.1536672584129688e-01,
       8.0757337160211939e-01, 7.6845376871242321e-01,
       8.6914292715137931e-01, 7.6598016001335911e-01,
       7.8719836836487955e-01, 8.5814800290118165e-01,
       8.9051319021312914e-01, 8.9855125417486703e-01 ]
