%YAML:1.0
means: !!opencv-matrix
   rows: 30
   cols: 7
   dt: d
   data: [ 8.2678795688236733e+01, 1.7660705680755768e+01,
       -2.2627944258776775e+01, -3.2375588032363389e+01,
       -2.5667940492605911e+01, -2.0119305309834044e+01,
       1.1455459734504307e+00, -1.0628547802601604e+02,
       -7.0996866687082019e+00, 2.9464837134222172e+01,
       7.6836377599599103e+01, -1.5188338045096412e+00,
       -7.2739611839496803e+00, 2.0287364742040270e+00,
       -1.4804873964198123e+02, -1.0318818229624385e+02,
       2.7461244898116881e+01, 6.7047382143063700e+01,
       -2.0406493274654292e+01, 1.0688660180478347e+00,
       -3.0173215186042757e-01, -1.5304831072850445e+02,
       6.9833905271933176e+01, 3.4918169727348925e+01,
       -5.1143551695271412e+01, -2.1198352306132179e+01,
       -6.1644291745059112e+00, -1.2435885407286378e+00,
       7.4525396820158022e+01, 1.4513814952107275e+01,
       -2.6703503622720433e+01, -3.1644375000744070e+01,
       -2.9554641484149716e+01, -1.6188462269433494e+01,
       4.8390692735587770e-01, -4.0889430647728586e+00,
       4.2196456443713338e+01, 1.0510989765598817e+01,
       -2.2566118819337195e+01, 3.8454408978176957e+01,
       -6.7581967355376085e+00, 1.8756131749200311e+00,
       1.2555694819065283e+02, 2.0042119901995491e+01,
       3.3439191876049165e+01, -3.2528829883721428e+00,
       1.3364993122277440e+01, 3.7187466578317632e+00,
       6.8771493912063886e-01, 8.7341565396686121e+01,
       -5.3341700118802500e+01, -2.6877649682125778e+01,
       3.3810407050118769e+01, -9.3791858171241138e+00,
       6.0370744423800335e+00, -4.7449410530629971e-01,
       -2.0526656697881580e+02, -2.4955953715820208e+01,
       4.1986566873113333e+01, 2.3387643952536575e+01,
       -9.2575750799710015e+00, 1.1293971594669570e+01,
       -1.6137981656901936e+00, 1.2487057387925612e+01,
       2.5169184564416028e+01, -5.4150230315769520e+01,
       -2.4731550606961705e+00, 1.6388731045483368e+01,
       3.5844668163611004e+00, 8.0172585015259590e-01,
       -1.1832993689842495e+02, 4.4772707741279007e+01,
       3.4660327039752687e+01, -1.5674628736052231e+01,
       -6.2653572214928923e+00, 2.3552529042738403e+01,
       -2.2576585335126484e+00, 6.3481278995848832e+01,
       4.5911459482018316e+01, -1.4295661708682477e+01,
       -4.2035404963563344e+01, 4.2637192625519562e+00,
       -1.8351706179822006e+01, 2.1966975044114139e+00,
       9.0996730727221234e+01, 2.8580841910227843e+01,
       -2.0512659321918143e+01, -6.2446826271123301e+00,
       -8.2811274780041568e+00, 2.3245273945689315e+00,
       1.5425767873403684e+00, -9.0076245029203434e+01,
       9.5194367429726427e+01, 2.9559793748502557e+01,
       1.3297360112826844e+01, 1.4392250966096679e+01,
       -1.4188904872254817e+01, 1.5712946143678472e+00,
       -3.5168765969980676e+01, -7.1742895918423926e+01,
       1.4252880889480341e+01, -3.0922584047852997e+01,
       2.9211464679198279e+01, -3.8909692873552264e+00,
       9.1702712518623719e-01, -1.1697858366011447e+02,
       -1.3471716897893612e+02, 2.9177537536143248e+01,
       2.2149864878082084e+01, -3.8905629830859390e-01,
       -5.1849914499859393e+00, 2.0884519109107882e+00,
       -2.4023049555573604e+02, 4.0649413793781584e+01,
       -1.5396590752101604e+01, -3.0694137905601085e+01,
       -4.2677501793880008e+00, -4.5319531538175211e+00,
       -1.1665860588343584e+00, 1.5770970427216537e+02,
       1.2381433101071764e+01, -4.5168175514348995e+01,
       -7.5628010826780665e+00, -6.9148015904777012e+00,
       1.2345161517828130e+01, -1.2928220815763566e-01,
       -2.0576246550565040e+02, 1.0505213349831207e+02,
       5.0698909117242216e+01, -5.2017713748225965e+01,
       -2.1699534474750649e+01, 2.8258064680211639e+01,
       -5.3150890014965020e+00, 6.3124539033314491e+01,
       -5.6163444196508941e+01, -1.7783249746138466e+01,
       3.6835638928629287e+01, 8.0015759333087111e+00,
       1.4692710544097233e+01, -1.7058276656511553e+00,
       -1.3685787456044373e+01, 1.6065171759621887e+02,
       1.0602918302844511e+01, -9.2290304536649685e+01,
       1.7672536085014077e+01, 2.9229356138249727e+01,
       -2.7417848217141048e+00, 4.9271020174463160e+01,
       1.5423233720542962e+02, -7.8632568711238484e+00,
       -8.1886168088368706e+01, 1.7372113239385740e+01,
       7.4362232012712575e+00, 1.6663860731128155e+00,
       2.9038041693623573e+01, -1.0035146091205905e+02,
       -1.0755126669864532e+01, 6.8660014594622226e+01,
       -4.6832488104887728e+00, -1.6046543448626260e+00,
       2.1209615598526166e+00, 1.1780033069247150e+02,
       -4.4922166694056955e+01, -3.1511232316269055e+01,
       3.4023380993143000e+01, -3.2604859287539423e+00,
       1.3361238815819448e+01, -8.4869693648350827e-02,
       -2.9240078563535249e+01, -8.0213608841183628e+01,
       9.5879654677872690e+00, 4.9739599549087856e+01,
       1.3656131473568196e+01, -2.2194691694448920e+00,
       1.7847358525411043e+00, -1.7006464195004961e+02,
       1.2042299745735624e+01, 5.2155388600126770e+01,
       -1.8382962444805734e+01, -8.5771772574538367e+00,
       -1.4713500939232309e+00, 8.1948029118857013e-01,
       5.6409224885617732e+01, -1.6327908484541837e+01,
       -8.9137943119676581e+00, 6.8490796854274754e+00,
       -7.7014574960362410e+00, 5.6723337126171980e-01,
       -5.2437170974267913e+00, 9.0093534902890156e+00,
       2.3934888969969347e+01, 1.6488478207600668e+01,
       -1.2436088117540981e+01, 1.5741350302772732e+01,
       -8.7534499798363381e+00, -2.2975007064037807e+00,
       -4.9527566388785822e+01, -3.8757523726143641e+00,
       3.5008176044632513e+01, 1.7636992586289228e+01,
       2.1449455145994506e+01, -1.2374053885169204e+01,
       -3.8325177052345438e+00, 1.3242180004872651e+02,
       2.8871002940223011e+01, -2.8924338061570584e+01,
       -1.4098989953917270e+01, -5.5199721756350124e+00,
       2.0655378305857170e+01, -9.1695371571535915e+00 ]
