%YAML:1.0
means: !!opencv-matrix
   rows: 44
   cols: 3
   dt: d
   data: [ 4.2342553396429228e+00, 7.5767116671748429e+00,
       7.4218153246867811e+00, -2.7623639329111836e+02,
       1.9763715501276664e+01, -2.5392635371118022e+01,
       1.8397110957912392e+02, -3.0695061613855138e+01,
       5.1549697718103211e+01, 5.1970549073240129e+01,
       8.8921800581971056e+01, -8.6309063167122119e+01,
       -5.6660140219703777e+01, -7.3887123378565263e+01,
       7.7963048367431753e+01, -7.8570691425230123e+01,
       2.0031528085826888e+01, -5.0360224684049115e+01,
       -1.9779243392275197e+02, -1.4361401721096061e+02,
       -1.9028117827429135e+01, 7.6134448837511840e+01,
       1.6885897299673124e+02, 2.0559003822209124e+01,
       -3.5640215208907080e+01, -5.1372815553267962e+01,
       -9.1877453396683393e+01, 1.8097952124055428e+02,
       8.6298161140990544e+01, 3.7867535973244124e+01,
       2.3235766261620128e+02, -2.8793529732168754e+01,
       1.3583330586469081e+01, -6.3051627077481221e+01,
       1.1525706886863358e+02, -4.1359709755869829e+01,
       -1.3675331503325060e+02, 2.4747969835465238e+01,
       8.9559473390605106e+01, 1.3534427275663145e+02,
       -4.1983397935268449e+01, 2.0647794270049069e+01,
       -2.8042378099642957e+02, 1.1900179923758280e+02,
       -1.9715661176193112e+01, -2.3680374474969746e+01,
       -1.6492418433453363e+02, -2.0379027670224900e+01,
       -2.1080946267423468e+02, -3.5739475515240912e+01,
       -8.0874005227407970e+00, 1.3313256032195790e+02,
       1.0851445857580600e+02, -2.4439353058717515e+01,
       -1.2559589748262161e+02, -3.7628476567655127e+01,
       5.9544360482703716e+01, -1.0880692325317608e+02,
       -8.9282187689578279e+01, -5.6938164280184317e+01,
       -7.5863031166978445e+01, 1.1781718214921899e+02,
       5.0594202581605089e+01, 1.6537530268027379e+02,
       3.3502925576278415e+01, 6.6758386467218687e+00,
       7.2111162907893458e+01, 2.6100924111786470e+00,
       6.1468665190487549e+01, 1.4609284147309791e+02,
       -6.2318759046461558e+01, -4.6735200012747939e+01,
       -1.5699567647494300e+02, 1.0958616120259211e+02,
       8.3812308467758299e+01, -3.7675084725810919e+00,
       3.0410269557939070e+01, -8.7946963813974207e+01,
       1.6620104127374307e+02, -9.9206803702166098e+01,
       3.0398003360498361e+01, 1.0020119808600387e+02,
       4.1309285338006632e+01, 8.1562753753284198e+01,
       2.2348629648893123e+01, 1.0199505878463999e+02,
       2.2379929737946568e+01, -2.3236321733636464e+02,
       7.4063717741320190e+01, 2.5113633525409188e+01,
       9.1212460656826821e+01, 5.9644192961126912e+01,
       -1.4126856025828779e+01, 6.1873211586422009e+01,
       -4.2624959070727179e+01, -3.2068506782294968e+01,
       -8.9640911858467604e+01, -9.9727148808828474e+00,
       1.9563886923828928e+01, 1.1625138496191818e+02,
       2.5487679434289081e+01, -5.5298254664479309e+01,
       -1.7593683126154644e+02, 6.0087355316611756e+01,
       1.5100653603358383e+01, -1.2810582142060351e+01,
       1.8343310174477065e+02, -3.1525916701578506e+01,
       5.7131591134430003e+01, -1.7700570973375082e+02,
       3.5193202154779165e+01, -4.1770420115467182e+01,
       -9.6989367048453845e-01, 1.0422504443559278e+02,
       4.1842457552467820e+01, -5.5464838573056205e+01,
       -8.5621811131691786e+01, -1.1915463117743134e+02,
       -1.3456221029780033e+02, 4.4018627690332671e+01,
       -2.6445303171612858e+02, -8.9501960371781053e+01,
       -3.5143477527702416e+01, -2.5338948508126037e+01,
       -6.8807636558302960e+01, -2.0479240828638008e+00,
       7.0274625198353661e+01, -1.1421077891775344e+02,
       -1.7063093448512539e+01, 4.6551029879634676e+01,
       -7.5388266578899731e+01, 5.3483223027444737e+01 ]
covs: !!opencv-matrix
   rows: 132
   cols: 3
   dt: d
   data: [ 2.3790949097327393e+03, -2.2751455972033537e+02,
       6.5569636643676995e+02, -2.2751455972033528e+02,
       2.3961689167520572e+03, -3.7750300119242547e+02,
       6.5569636643676995e+02, -3.7750300119242559e+02,
       1.1229821177846334e+03, 2.1081714203621873e+03,
       9.2747981344573714e+02, 6.7871681686455162e+01,
       9.2747981344573702e+02, 3.0748773445492843e+03,
       -1.1263905918681981e+02, 6.7871681686455162e+01,
       -1.1263905918681979e+02, 2.2999192840523955e+02,
       3.0862873619823836e+03, 1.4761855730217446e+03,
       -6.5285427868560782e+02, 1.4761855730217446e+03,
       7.8717846434293997e+03, -2.5773206401208682e+02,
       -6.5285427868560782e+02, -2.5773206401208682e+02,
       2.2871805918134703e+02, 9.9995666530553251e+02,
       1.6679947792900941e+02, -1.7492133948359188e+02,
       1.6679947792900941e+02, 1.8957437483233064e+03,
       3.5315731264298755e+01, -1.7492133948359188e+02,
       3.5315731264298755e+01, 7.8066914888951919e+02,
       1.9716402222168022e+03, -2.9126671143102175e+02,
       -5.9592018790492216e+02, -2.9126671143102175e+02,
       6.1437636952214179e+03, -9.7231361567215373e+01,
       -5.9592018790492227e+02, -9.7231361567215373e+01,
       5.7797002573070392e+02, 2.2471319923663641e+03,
       -9.0379163590179871e+02, -4.5545182546556362e+01,
       -9.0379163590179871e+02, 3.2914138096525990e+03,
       -5.8876021618057266e+01, -4.5545182546556326e+01,
       -5.8876021618057273e+01, 4.5452930390179409e+02,
       1.9569107448355751e+03, 1.2529062414384568e+03,
       6.3373307398917564e+02, 1.2529062414384568e+03,
       3.2486230711414646e+03, 5.5249184191564348e+02,
       6.3373307398917564e+02, 5.5249184191564336e+02,
       5.8957268764402500e+02, 3.8902671668220755e+03,
       -5.6566100780070258e+02, 6.6522519108872757e+02,
       -5.6566100780070246e+02, 4.3424844709933750e+03,
       3.0345254694170569e+02, 6.6522519108872768e+02,
       3.0345254694170569e+02, 7.6478638989874264e+02,
       2.2442424472764405e+03, -3.8698865725468274e+01,
       -6.9733353149546053e+02, -3.8698865725468252e+01,
       5.8367152773106282e+03, 4.6035244225349442e+02,
       -6.9733353149546053e+02, 4.6035244225349442e+02,
       5.3484204619415846e+02, 2.8437570405408296e+03,
       -3.7139125325880366e+02, -4.3479595561779513e+02,
       -3.7139125325880377e+02, 1.7728619478546650e+03,
       1.7307681016891760e+02, -4.3479595561779519e+02,
       1.7307681016891760e+02, 3.4698390417486917e+02,
       9.9104859120104277e+02, -5.1519554329547645e+02,
       9.8319497260087701e+01, -5.1519554329547657e+02,
       4.9468220846403137e+03, -3.1535039637463126e+02,
       9.8319497260087729e+01, -3.1535039637463126e+02,
       2.3833282214894777e+02, 1.5557826471338030e+03,
       -9.2406454291364170e+01, 1.4593583623669551e+02,
       -9.2406454291364170e+01, 2.6129151048439662e+03,
       -4.0227837311528481e+02, 1.4593583623669551e+02,
       -4.0227837311528486e+02, 5.3386905596987413e+02,
       1.0095059868817605e+03, 1.0261038660085715e+03,
       2.1749050777265739e+02, 1.0261038660085715e+03,
       5.2890537214557216e+03, -4.1010827081816899e+02,
       2.1749050777265739e+02, -4.1010827081816899e+02,
       5.4748610779315038e+02, 8.9812330735507237e+02,
       1.5872857641798055e+02, 2.9568210981688236e+02,
       1.5872857641798058e+02, 2.4191445479367549e+03,
       2.5722761433754999e+02, 2.9568210981688236e+02,
       2.5722761433754999e+02, 4.2910681281992413e+02,
       1.9272365654045541e+03, 1.9630553313421564e+02,
       1.9548032792761043e+02, 1.9630553313421566e+02,
       4.1217411636335091e+03, -1.1280251265462338e+02,
       1.9548032792761043e+02, -1.1280251265462344e+02,
       2.6229880405805250e+02, 5.1425413025240077e+03,
       5.6451694498899656e+02, 3.0544662865721938e+02,
       5.6451694498899644e+02, 2.4527520541113986e+03,
       2.5277314398842202e+02, 3.0544662865721938e+02,
       2.5277314398842202e+02, 1.3630461377485024e+03,
       1.8838957192496041e+03, 7.1738724092701409e+02,
       4.6967419360502923e+01, 7.1738724092701409e+02,
       3.2286670683703446e+03, -2.6195187264265599e+02,
