%YAML:1.0
means: !!opencv-matrix
   rows: 40
   cols: 3
   dt: d
   data: [ 5.3791406746514113e+01, 1.7598671669884379e+02,
       1.5015661832236610e+01, -2.2218385471272902e+02,
       -1.1295163397944361e+02, -2.5088707778882362e+01,
       9.9477928115689750e+01, -1.9351698312542056e+00,
       4.5873045569791422e+01, 1.1201211555979439e+01,
       -9.6260213293975081e+00, 1.9971264052138380e+01,
       -2.6969194090584602e+02, 7.9104440814130882e+01,
       1.5263806981099000e+00, 1.8202126758161430e+02,
       -4.1613327614792318e+01, 5.2581338039735769e+01,
       -1.5813133263825475e+02, -1.5711982148567333e+02,
       1.7377595259039822e+01, -2.6911323070717623e+02,
       3.4921618301997178e+01, -2.8134342093909783e+01,
       8.4738422351758601e+01, -1.5937529207095236e+02,
       2.2670327280282784e+01, 6.1114431614636970e+01,
       9.1788695675559175e+00, -9.8362737980868033e+01,
       -1.8062783227159155e+01, -1.6219401638071247e+02,
       -2.6154536836457396e+01, -1.1188316068488739e+02,
       -5.0578093738879097e+01, 5.1903799890600880e+01,
       1.3212475964006282e+02, 1.1514570875034610e+02,
       -3.1577393288760707e+00, 1.3538269636608382e+02,
       -6.8936683897771005e+01, 1.9593343745882422e+01,
       -9.8739910137617400e+01, 1.1566191139126062e+02,
       4.6300396811269216e+01, -4.3657338013260238e+00,
       -5.4434579318798946e+01, -8.8349870242069017e+01,
       8.6521640319055237e+01, 4.4859703407501399e+01,
       -3.9329736451235611e+01, -9.2181144344117286e+01,
       5.5683266610103594e+01, -6.1432879117739034e+01,
       7.2759592687663899e+00, -2.3199868576334055e+01,
       9.8615916376061733e+01, 1.4981689831286286e+02,
       -1.7198791041048942e+01, -3.9726784129589539e+01,
       -1.3031084478274619e+02, 2.3326341168966078e+01,
       7.1622461492630180e+01, 3.6866189443506983e+01,
       -8.1887234115365203e+01, 4.5641122304829914e+01,
       2.0786569116525587e+02, -6.0986387119399978e+01,
       2.0877089602798609e+01, 8.1281838941166612e+01,
       -7.4444700815124278e+01, -5.4151456052462301e+01,
       -1.8784333650222086e+02, -7.4353793525205667e+00,
       2.7553482793373205e+00, -1.6069534303118809e+02,
       1.4064488978928009e+02, 7.2835849946450836e+01,
       -8.1958533385901916e+01, 5.1152333923552838e+01,
       1.0158648260000234e+02, -4.0178991463471419e+01,
       -8.4361630173624633e+01, -1.6759092647783831e+01,
       2.8517251893154727e+00, 9.4670132482064744e+01,
       1.0156039701022618e+01, 6.2381307192688183e+01,
       1.0848227527938310e+02, -7.3419517666912171e+01,
       -2.0336105514205383e+02, 5.1541055826574947e+01,
       4.1724264453709488e+01, 1.9121686507224175e+02,
       7.4040962362816913e+01, 4.1484755638187146e+01,
       7.9651975540416853e-01, 6.0219144395877620e+01,
       -8.6982212376482238e+01, 1.7495113907340212e+02,
       5.6463567623265938e+01, 8.7521198983705855e+00,
       8.2293075050554819e+01, 8.4862420829845036e+00,
       -1.8157753177603244e+01, -1.0495315641953695e+02,
       -9.0382223059485852e+01, -6.2090830942379093e+01,
       -6.8788718085485627e+01, -1.2462457781014163e+02,
       7.5103536351153110e+01, 8.4887742192506039e+01,
       4.7289151752809808e+01, 7.0710382364895068e+01,
       -5.3480824315532182e+01, 1.3353110181644314e+02,
       -4.1435576446411218e+01, -6.0802322181030355e+01,
       9.6905092129431136e-01, -3.2550925041852871e+01 ]
covs: !!opencv-matrix
   rows: 120
   cols: 3
   dt: d
   data: [ 4.3587615021634501e+03, -3.3673817092637540e+02,
       1.1110659372343928e+03, -3.3673817092637540e+02,
       3.7215664242867756e+03, 1.1549019229269170e+02,
       1.1110659372343928e+03, 1.1549019229269170e+02,
       9.3369009516607014e+02, 2.9378693669882114e+03,
       1.1295960905040030e+02, 1.1538260042870405e+02,
       1.1295960905040029e+02, 4.0815534148594957e+03,
       6.3662903018063594e+02, 1.1538260042870405e+02,
       6.3662903018063594e+02, 5.2407556974598663e+02,
       1.9657989475296533e+03, 7.4820159532021449e+01,
       -4.1428563320971313e+02, 7.4820159532021435e+01,
       2.7161118898428854e+03, -5.3545202071681888e+02,
       -4.1428563320971313e+02, -5.3545202071681888e+02,
       6.5164868147785558e+02, 1.8359504966135005e+03,
       1.1689587126067040e+02, 5.6293649564058796e+01,
       1.1689587126067048e+02, 2.4251032980661007e+03,
       3.2230469494745131e+02, 5.6293649564058796e+01,
       3.2230469494745125e+02, 1.3021521647061745e+03,
       1.8483406426905037e+03, 4.1711119992276377e+02,
       5.7873199322683456e+02, 4.1711119992276377e+02,
       7.6550258994128117e+03, -3.8825254762948833e+02,
       5.7873199322683456e+02, -3.8825254762948833e+02,
       5.0856008058732806e+02, 3.7221564490925930e+03,
       1.8723186872510194e+03, -7.8333649599180058e+02,
       1.8723186872510187e+03, 7.5949668296011732e+03,
       -3.1857833400641226e+02, -7.8333649599180058e+02,
       -3.1857833400641232e+02, 2.5182636710846012e+02,
       2.4493932481906882e+03, 5.1751296230759601e+02,
       1.4468762573857887e+03, 5.1751296230759613e+02,
       2.9751952847478738e+03, -2.0682225631633393e+01,
       1.4468762573857887e+03, -2.0682225631633386e+01,
       1.2352859667514097e+03, 2.5017908913902415e+03,
       5.2787129065023601e+02, 6.5215708253246561e+01,
       5.2787129065023601e+02, 7.2567077419014777e+03,
       1.5543106706466662e+02, 6.5215708253246561e+01,
       1.5543106706466665e+02, 1.9303118552198285e+02,
       3.6848121117741775e+03, 8.9538660585228160e+02,
       -6.2740798245253734e+02, 8.9538660585228149e+02,
       2.7120048428329155e+03, -5.5506913734839156e+02,
       -6.2740798245253734e+02, -5.5506913734839156e+02,
       1.0355496552610314e+03, 9.1015533101783785e+02,
       5.5842014265787952e+01, 7.5003669656581469e+00,
       5.5842014265787974e+01, 4.7000887725621469e+03,
       -1.6964449020584237e+01, 7.5003669656581495e+00,
       -1.6964449020584247e+01, 5.5481145231726578e+02,
       4.4210405017672092e+03, 7.2661169103806162e+02,
       7.4185378031231750e+01, 7.2661169103806162e+02,
       2.5046767450451280e+03, 1.3512293204027665e+02,
       7.4185378031231750e+01, 1.3512293204027659e+02,
       1.3723839888948071e+03, 2.7625196755256393e+03,
       1.2603700015023333e+03, 3.5076960452924857e+02,
       1.2603700015023333e+03, 3.3060768214065411e+03,
       -2.0860391993902152e+02, 3.5076960452924857e+02,
       -2.0860391993902152e+02, 9.4159911146566685e+02,
       1.6118714131254364e+03, -7.3884292239878917e+01,
       -2.3674985957118358e+02, -7.3884292239878917e+01,
       8.4011396701703427e+02, 2.5156522040292835e+00,
       -2.3674985957118352e+02, 2.5156522040292790e+00,
       1.4353933516541931e+03, 8.6008464870852163e+02,
       2.9905764366857078e+01, 1.3886903515841834e+02,
       2.9905764366857078e+01, 2.1781245561673200e+03,
       -1.8106890806246832e+02, 1.3886903515841834e+02,
       -1.8106890806246830e+02, 5.0200396919491862e+02,
       4.9894164340723046e+03, -8.3688179159474134e+02,
       1.2969962782072778e+03, -8.3688179159474134e+02,
       1.3949027172011797e+03, -8.2506164176153717e+01,
       1.2969962782072778e+03, -8.2506164176153703e+01,
       1.1081454758288066e+03, 7.4796885446961460e+02,
       -1.7510448684637751e+01, 6.4084888492895288e+01,
       -1.7510448684637744e+01, 3.1110969328100737e+03,
       4.8228999008246802e+02, 6.4084888492895288e+01,
       4.8228999008246802e+02, 4.8479692007533299e+02,
       2.3664661349536987e+03, 4.9835887952983143e+02,
       4.3862853918206028e+01, 4.9835887952983137e+02,
       2.0193596445835674e+03, 9.5857274428343672e+01,
       4.3862853918206007e+01, 9.5857274428343644e+01,
       7.5911500673405772e+02, 2.1671669307789871e+03,
       6.1141446271558766e+02, -3.9025272765554928e+02,
       6.1141446271558755e+02, 4.2850732715649665e+03,
       8.9237406915500117e+01, -3.9025272765554928e+02,
       8.9237406915500117e+01, 3.9697733841073665e+02,
