%YAML:1.0
means: !!opencv-matrix
   rows: 17
   cols: 7
   dt: d
   data: [ 4.8295072230038102e+01, -9.6490215624076740e+01,
       -2.2724974586136014e+01, -3.7313194238898802e+01,
       1.4497258247538079e+01, 5.9011460555394928e+00,
       3.8053592653952922e-01, -1.2040511147351344e+02,
       1.1935213797217116e+02, 1.0872284693117136e+01,
       -5.4497332262618940e+01, -1.3754047635328824e+01,
       -1.3061945821791174e-01, 5.8276821491528796e-01,
       3.4983102285546138e+01, 1.2599935160774280e+02,
       -2.8178023264049756e+01, -5.1635552856073978e+01,
       -8.8094614100574606e+00, 1.4572546258238099e+00,
       2.3039886300651888e+00, -1.7882471288337283e+02,
       3.6290156629244009e+01, 3.0507159965668631e+01,
       -2.8938498796048915e+01, -3.3435641556596196e+00,
       -3.8710106464969836e+00, 2.9084410360790042e-01,
       9.9498729879899642e+01, -4.5436765578105735e+01,
       -2.1923401663393264e+01, 3.6855394583192158e+01,
       -2.7338761349965303e+01, 2.3354141840567454e+01,
       1.1734892714944076e+00, 1.7559135018411138e+02,
       -3.5169861264926410e+00, -4.4619866851443128e+01,
       2.0247658413670493e+01, -1.2457232916578009e+01,
       -4.3356613532048938e+00, 9.1045384595624435e-01,
       8.8808654580486191e+01, 4.8475481306028072e+01,
       -2.8823141842017808e+01, -1.0634724697580822e+01,
       -1.0358803181003188e+01, -6.9017462472681972e+00,
       -2.4739262293469131e+00, -9.1841572443424901e+00,
       -6.4245051527016514e+01, 1.1286399129960097e+01,
       2.3652194150886370e+01, -9.2089414456444754e+00,
       -1.5136258784619210e+01, -9.9020492507526781e-01,
       -1.5624388676663818e+02, -4.4736487766191267e+01,
       3.7623290732000385e+01, 1.3289314439219511e+01,
       -3.6117865813574750e+00, 8.2284649151014584e+00,
       1.6613924785849532e-01, 7.5257775820799306e+00,
       1.7016267095437236e+01, 2.1303863966641245e-01,
       6.0023518365966471e+00, 1.5014884845398527e+01,
       -5.4515140954343853e+00, -2.0961956843151199e+00,
       1.3541487658233755e+00, -1.6635524683118558e+02,
       1.3565533474356458e+01, 6.0136036934853252e+01,
       1.9650675552278976e+01, -1.0041463616471130e+01,
       -7.5757107871804052e-01, 5.1384417024475219e+01,
       -6.3712957208296565e+01, 2.9492018345586186e+00,
       4.8903959464109228e+01, -8.7768782642281906e-01,
       2.5830855064148778e+01, 2.6780876415036361e+00,
       3.8461706015133650e+01, -9.3693986300488366e+00,
       -1.1321952004350573e+00, 2.2159016314463504e+01,
       2.6437599352641289e+01, -3.2957858125136652e+00,
       1.2079900586428940e+00, 6.0272722076185525e+00,
       -5.6492535116633462e+00, 8.1387967511193636e+01,
       -1.0760937707032127e+01, 1.9316518325123948e+01,
       1.0701082304653657e+01, 1.2938901234751452e+00,
       -1.7115215949259354e+02, -1.1471467240956230e+02,
       4.6758635237396135e+01, 4.0605829223565287e+01,
       -3.3240910106176869e+01, -3.0284649429135406e+00,
       -3.7220931043784669e+00, 1.5563933227799337e+01,
       8.8459870615944212e+01, -1.2638935473681558e+01,
       -3.8678067342221297e+01, 1.1799680848711953e+01,
       -5.0228655204370272e+00, 1.3860501637541320e+00,
       -1.9721675248721535e+01, 4.9602471333817029e+01,
       8.9042864083465769e+00, -1.8382734310726491e+01,
       2.7260578111737846e+01, -5.1047198320713942e+00,
       -3.1659143388534914e+00 ]
covs: !!opencv-matrix
   rows: 119
   cols: 7
   dt: d
   data: [ 9.3741530082134923e+03, -1.9059395706280395e+02,
       2.0474308792879920e+03, -4.8207321214407040e+02,
       -9.8473514568666121e+02, -2.1693166922597379e+02,
       -8.1486286095079137e+01, -1.9059395706280390e+02,
       3.3624403680152309e+03, -3.1965709425526666e+02,
       -8.8070581562502059e+02, -2.2150293918302120e+02,
       -1.7577999343101385e+02, 1.3092190630088660e+00,
       2.0474308792879915e+03, -3.1965709425526654e+02,
       2.5845062335821253e+03, -3.5863365835708970e+02,
       1.0191981574952698e+02, 6.1693094631435706e+01,
       2.8857078227387042e+01, -4.8207321214407040e+02,
       -8.8070581562502059e+02, -3.5863365835708981e+02,
       1.0257931465269489e+03, -4.8106486368776807e+01,
       1.1880478957861625e+02, 2.5765003401056475e+01,
       -9.8473514568666099e+02, -2.2150293918302120e+02,
       1.0191981574952698e+02, -4.8106486368776807e+01,
       3.6341718124143745e+02, -1.9396192433185725e+01,
       -2.1979198588803854e+01, -2.1693166922597376e+02,
       -1.7577999343101382e+02, 6.1693094631435720e+01,
       1.1880478957861625e+02, -1.9396192433185732e+01,
       1.4459115734288545e+02, -9.8522363305497986e+00,
       -8.1486286095079109e+01, 1.3092190630088625e+00,
       2.8857078227387056e+01, 2.5765003401056468e+01,
       -2.1979198588803854e+01, -9.8522363305497986e+00,
       2.2676272652775495e+01, 6.1516612565535852e+03,
       6.7173870996204300e+01, 2.7805788876832030e+03,
       -1.0900696984175522e+03, 2.0275984347084002e+02,
       1.2522436803656390e+02, 6.3192042919032353e+01,
       6.7173870996204272e+01, 6.0437172015353517e+03,
       7.5439744135276840e+02, 2.4567939678460848e+03,
       -6.9077672998856201e+00, 1.2204236318080827e+01,
       -9.6856337905698965e+01, 2.7805788876832030e+03,
       7.5439744135276828e+02, 2.6343505307894275e+03,
       2.0914363376745055e+00, -9.5143906097619791e+01,
       -7.0657456764635185e+01, -2.0657298814790753e+01,
       -1.0900696984175522e+03, 2.4567939678460848e+03,
       2.0914363376745158e+00, 1.7336164732145016e+03,
       1.1549698510715430e+01, -1.1145587932669039e+02,
       2.3202235153062034e+01, 2.0275984347084008e+02,
       -6.9077672998856183e+00, -9.5143906097619805e+01,
       1.1549698510715420e+01, 1.4602620626245235e+02,
       6.4188846612027902e+01, 8.8897516337239306e+00,
       1.2522436803656387e+02, 1.2204236318080829e+01,
       -7.0657456764635171e+01, -1.1145587932669041e+02,
       6.4188846612027902e+01, 6.0838805647659065e+01,
       -1.3094856631007449e+01, 6.3192042919032353e+01,
       -9.6856337905698965e+01, -2.0657298814790753e+01,
       2.3202235153062027e+01, 8.8897516337239306e+00,
       -1.3094856631007445e+01, 2.3764589065270894e+01,
       7.3745658031848352e+03, -9.0035318589300857e+02,
       2.6171024960181117e+03, -5.1903841281031293e+02,
       4.9142141973743577e+01, -5.6495231092943058e+01,
       -1.4655577344458687e+01, -9.0035318589300857e+02,
       6.4680545722418292e+03, 8.5638923085267459e+02,
       2.4470186612450912e+03, 1.3193514910964508e+01,
       3.8177873790984258e+01, -1.0206948087426669e+02,
       2.6171024960181117e+03, 8.5638923085267459e+02,
       2.6016053477211271e+03, -1.8838339097951967e+02,
       -1.2239887276510990e+02, -4.8075920202861006e+01,
       1.8190335903183669e+01, -5.1903841281031293e+02,
       2.4470186612450912e+03, -1.8838339097951979e+02,
       1.7474636110691433e+03, 6.9442598361054223e+01,
       -1.2737041383955200e+02, 3.3536267814644482e+01,
       4.9142141973743577e+01, 1.3193514910964513e+01,
       -1.2239887276510990e+02, 6.9442598361054223e+01,
       4.4530579575328538e+01, -7.6279501708524391e+00,
       -5.7941323907554825e+00, -5.6495231092943087e+01,
       3.8177873790984243e+01, -4.8075920202861013e+01,
       -1.2737041383955200e+02, -7.6279501708524400e+00,
       4.1361272261140776e+01, -2.0645842101211958e+01,
       -1.4655577344458676e+01, -1.0206948087426669e+02,
       1.8190335903183669e+01, 3.3536267814644482e+01,
       -5.7941323907554843e+00, -2.0645842101211958e+01,
       1.9318803381325729e+01, 5.9265435271493698e+03,
       1.8289152421854331e+02, 2.4422537659662253e+03,
       -9.6274620760821119e+02, 1.6731888984678108e+02,
       1.5761959624141508e+02, 1.1034521407910759e+02,
       1.8289152421854345e+02, 6.8826194792191382e+03,
       4.8906251337730851e+02, 2.3646780025521889e+03,
       1.5196179994575115e+02, 1.1817794707166283e+02,
       -2.9318589549552250e+01, 2.4422537659662244e+03,
