%YAML:1.0
means: !!opencv-matrix
   rows: 22
   cols: 4
   dt: d
   data: [ 1.6953504146820910e+02, 8.7621027525854487e+01,
       -3.0421681896499400e+00, 1.2821304906677657e+01,
       3.1455892946372312e+01, -2.1769178361749244e+01,
       -7.4332331618381687e+01, 4.2618498597530383e+01,
       -7.6442846276985989e+01, -5.1982731672004775e+01,
       -1.1077083537331847e+01, -5.9403165660465561e+01,
       1.8895075160022515e+02, -8.0315161923137921e+01,
       3.5383586969820378e+01, 2.6375784793572876e+00,
       -2.6086656814025042e+02, 1.2755594120124162e+02,
       -7.5683885236999044e+00, 2.7554666724679255e+00,
       1.3153144888852294e+01, 2.6211437529450830e+01,
       1.7515399249156491e+01, -1.0868638826695062e+01,
       7.9151103475988037e+01, 3.9904169765000601e+00,
       -2.3208278883586683e+01, -3.8763367938633323e+01,
       -9.8467386944333057e+01, -1.0329778103061633e+02,
       5.6933038474845986e+01, 5.2950824220348778e+01,
       -2.5700227069187565e+02, 7.3805933813580529e+00,
       -2.5100122163613503e-01, -5.8751208315998866e+01,
       4.6653958361113006e+01, -8.1204859713339090e+01,
       6.2682677341668580e+01, -3.5671104888365043e+01,
       -1.3380795428251488e+02, 1.0864068478416640e+02,
       4.2223520346778393e+01, -9.4987585561302090e+00,
       1.2116359784207064e+02, -1.8194828049828853e+01,
       1.0166328977581050e-01, 5.1032507275084797e+01,
       -4.5452083546784259e+01, -1.3917451823999471e+02,
       -5.3060424830908062e+01, 4.5540801552617374e-02,
       1.3128603065133592e+02, -3.7980562691931873e+01,
       -4.7915903439961049e+01, -4.3486920287138439e+01,
       8.6049482341647561e+01, 2.4895915279529046e+01,
       7.5292764236211468e+01, 1.8999943353059070e+01,
       8.8854434280672493e+01, -1.3968107371987546e+02,
       -2.3769652160733616e+00, 5.6054778992943577e+00,
       -1.5281394066827181e+02, 2.8648979910711127e+01,
       2.9901049948248403e+01, 6.6553908121496733e+01,
       -2.1796049155721573e+02, -9.3856129487866440e+01,
       -1.5063982327845778e+01, 2.8328294804466534e+01,
       -1.4227957883785135e+02, 5.9113342490125271e+00,
       8.0033355054516264e+01, -3.6448509226413044e+01,
       5.2906654181372332e+01, 8.9232674695697654e+01,
       -8.6767041731198830e+01, 6.0594506362162130e+00,
       1.9688863492612395e+01, 1.0940171370236706e+02,
       -4.2916706952759958e+00, 4.2444629159235753e+01,
       -8.1699289997972159e+01, 4.3005129238237487e+01,
       -5.0933263745869134e+01, -4.4357034520870551e+00 ]
covs: !!opencv-matrix
   rows: 88
   cols: 4
   dt: d
   data: [ 2.7561943218454926e+03, -1.1187009824149138e+02,
       6.6309097331047587e+02, 3.8499876210071960e+02,
       -1.1187009824149143e+02, 1.5589365522642063e+03,
       3.7409034869154027e+01, 2.0557434636727319e+02,
       6.6309097331047576e+02, 3.7409034869154006e+01,
       1.1251254474876262e+03, -1.1835552049140317e+02,
       3.8499876210071949e+02, 2.0557434636727314e+02,
       -1.1835552049140317e+02, 6.8434564837436892e+02,
       3.6057995580794386e+03, 1.8109398444888395e+03,
       9.6543183416203945e+01, -1.0242326442404008e+03,
       1.8109398444888395e+03, 4.7070089772893807e+03,
       -1.6051474433470108e+02, 4.6283740519752689e+02,
       9.6543183416203917e+01, -1.6051474433470108e+02,
       7.9641981865562536e+02, 1.3837092504257521e+02,
       -1.0242326442404008e+03, 4.6283740519752689e+02,
       1.3837092504257524e+02, 1.4898390414842395e+03,
       7.9602772143081911e+03, 9.3239427454082920e+02,
       1.2190086097101619e+02, -7.5778734869306993e+02,
       9.3239427454082909e+02, 1.5929513585176692e+03,
       -1.2860169086841938e+02, -8.9519789684221251e+01,
       1.2190086097101619e+02, -1.2860169086841935e+02,
       1.7391033675636086e+03, 2.0662398295144823e+02,
       -7.5778734869306993e+02, -8.9519789684221251e+01,
       2.0662398295144823e+02, 5.2790293501843291e+02,
       3.0563296820601740e+03, 8.9815446539822779e+02,
       -5.3172290752040931e+02, -1.2931525887520045e+03,
       8.9815446539822779e+02, 4.5898122886979372e+03,
       -4.0777119692419092e+02, -1.0090019738035939e+02,
       -5.3172290752040931e+02, -4.0777119692419092e+02,
       3.3296117495254833e+02, 3.6885561118213843e+02,
       -1.2931525887520040e+03, -1.0090019738035936e+02,
       3.6885561118213843e+02, 1.6505390902517995e+03,
       2.2600031404717884e+03, 4.2511898061098395e+02,
       5.8056820328764422e+02, -1.9571201389293614e+02,
       4.2511898061098384e+02, 4.5204435219994011e+03,
       1.4845712787713691e+01, -8.6451394485209335e+02,
       5.8056820328764422e+02, 1.4845712787713719e+01,
       5.3739623364487238e+02, 2.4352916191614838e+01,
       -1.9571201389293617e+02, -8.6451394485209335e+02,
       2.4352916191614845e+01, 9.5199995676000844e+02,
       3.6440233106859473e+03, 1.7900577743543961e+03,
       1.2928112195786118e+03, -3.9537479881961974e+02,
       1.7900577743543956e+03, 7.3935909707621258e+03,
       3.6902093076071867e+02, -1.2469796697725221e+03,
       1.2928112195786118e+03, 3.6902093076071890e+02,
       1.2994146298891560e+03, 2.2437643474700050e+02,
       -3.9537479881961974e+02, -1.2469796697725217e+03,
       2.2437643474700067e+02, 2.6064610887538224e+03,
       3.7526638584170055e+03, 1.7028948298178491e+01,
       2.8369769705001736e+03, 8.9107346079494022e+01,
       1.7028948298178552e+01, 4.9647084352455022e+03,
       2.3624419641512191e+01, 2.1217621905013038e+03,
       2.8369769705001736e+03, 2.3624419641512208e+01,
       2.3485027167350436e+03, 4.3743925549508141e+01,
       8.9107346079494050e+01, 2.1217621905013034e+03,
       4.3743925549508127e+01, 9.9434568945841818e+02,
       2.6521239401026965e+03, 9.2919085866809098e+02,
       1.2811373692758043e+03, 1.9576005720677128e+02,
       9.2919085866809098e+02, 5.4077374646305125e+03,
       2.1098408365463516e+02, 1.7727139637581106e+03,
       1.2811373692758045e+03, 2.1098408365463519e+02,
       1.0256861779781480e+03, 6.5315881759316085e+01,
       1.9576005720677134e+02, 1.7727139637581106e+03,
       6.5315881759316113e+01, 1.2702069669883042e+03,
       2.6112623900235535e+03, 4.0706596411620308e+02,
       8.8589282986616274e+02, -2.3885443998601392e+02,
       4.0706596411620291e+02, 4.1054504555794547e+03,
       -8.0885264606116849e+01, -6.4589913472826069e+01,
       8.8589282986616286e+02, -8.0885264606116877e+01,
       8.2774168243846395e+02, 4.3196632873874265e+01,
       -2.3885443998601389e+02, -6.4589913472826055e+01,
       4.3196632873874258e+01, 1.0272468206064443e+03,
       5.4030832749494884e+03, 1.8328878390478451e+03,
       -6.3798461430873897e+02, -1.1933114866127978e+03,
       1.8328878390478451e+03, 4.7081440278661803e+03,
       -3.4428635016784671e+02, -1.7730087258205560e+03,
       -6.3798461430873908e+02, -3.4428635016784671e+02,
       7.0791357456012179e+02, 1.4149772337659590e+02,
       -1.1933114866127978e+03, -1.7730087258205560e+03,
       1.4149772337659590e+02, 1.6753592243750832e+03,
       4.2769664159589211e+03, -7.8987825416837018e+02,
       1.5556229739825681e+03, 4.0078106974310180e+02,
       -7.8987825416837018e+02, 3.6226084727071157e+03,
       1.0635452033880836e+03, 2.4061509204578047e+02,
       1.5556229739825681e+03, 1.0635452033880836e+03,
       2.0040889983039674e+03, 3.1954189782771344e+01,
       4.0078106974310180e+02, 2.4061509204578047e+02,
       3.1954189782771348e+01, 5.3136798043375097e+02,
       4.3380653979086055e+03, 2.1398713882360184e+03,
       4.7928903558740507e+02, -6.4039608559339240e+02,
       2.1398713882360184e+03, 3.8923835078303146e+03,
       3.2124942911059122e+01, 8.0551519849452745e+01,
       4.7928903558740507e+02, 3.2124942911059136e+01,
       9.9369628718694128e+02, 3.8738443111868827e+02,
       -6.4039608559339240e+02, 8.0551519849452731e+01,
       3.8738443111868827e+02, 1.2037074295461171e+03,
       5.7990044879347606e+03, 1.4917359091238577e+03,
