%YAML:1.0
means: !!opencv-matrix
   rows: 13
   cols: 6
   dt: d
   data: [ -1.0674636560117534e+01, -5.1133338071903331e+01,
       -5.4879449176737767e+00, 5.6915846576883959e+00,
       2.1259830642619214e+01, -1.7564949072625446e+00,
       1.2445396126529322e+02, 3.7083784554043639e+01,
       -4.0062884505158564e+01, -4.9961972479304286e+00,
       -1.0560540967222432e+01, -5.5594343543601870e+00,
       -1.1866061789745038e+02, 1.0585136976217991e+02,
       9.5909309616706704e+00, -5.3775748315252692e+01,
       -9.3388402618788593e+00, 9.2595810012799395e-01,
       4.9883265140562827e+01, 4.9965571619555483e+01,
       -7.7204315802945855e-01, 6.6691715557669369e+01,
       1.7958888545894705e+01, -1.5745865934624110e+00,
       -1.2324597698219934e+01, 4.5591952157178746e+01,
       1.1047855338989876e+00, -2.6400876573791599e+01,
       2.7343101532149458e+01, -5.1465338470997635e+00,
       1.4006812011112436e+02, -3.7486866245516431e+01,
       5.2887031398925309e+01, -6.3329228736711904e+00,
       1.1482730631852215e+01, 2.8604791198800559e+00,
       6.4223555271003903e+01, -8.1230628022306576e+01,
       -3.1582983052707185e+01, 2.7631107183775026e+01,
       -3.9740945060961148e+00, 1.2584418251253135e+01,
       1.5520007989737463e+01, 1.2905487958050898e+02,
       -2.3559796613479385e+01, -5.3038772531752997e+01,
       -9.6417863206051670e+00, 9.2946503818330606e-01,
       -3.4780232398699319e+01, -1.2120972363603200e+02,
       2.0225652750719398e+01, 4.4331008521398040e+01,
       9.6158353579577653e+00, -2.1247475422857547e+00,
       -1.7161818876602831e+02, -9.6443399341275395e+01,
       4.8360442655166622e+01, 3.3578952780031372e+01,
       -2.8436206606446831e+01, 3.5141128836300112e-01,
       3.0102927511123994e+01, 7.8044421095285685e+01,
       -2.0888118603099969e+01, -3.3495792094092373e+01,
       9.3701987153541726e+00, -8.1270438465659289e+00,
       9.9764528715468330e+01, -4.5278601655748645e+01,
       -2.1732305431458482e+01, 3.7343056066298523e+01,
       -2.7267173855401325e+01, 2.3038875040783097e+01,
       -1.5949907365653786e+02, 1.9454938633996586e+00,
       3.8867525133856610e+01, -1.4483727362826000e+01,
       -2.1681348505227191e+00, -2.5795342766058162e+00 ]
covs: !!opencv-matrix
   rows: 78
   cols: 6
   dt: d
   data: [ 4.9164379212923168e+03, -7.7704599005041803e+02,
       2.2675084149051218e+03, -7.4273196781126649e+02,
       -2.2907275649407393e+02, -3.3499308587428663e+02,
       -7.7704599005041791e+02, 7.2972503306575354e+03,
       2.6715199741489943e+02, 1.1385696123411692e+03,
       -3.6848161333769531e+02, -1.5232817921053092e+02,
       2.2675084149051218e+03, 2.6715199741489937e+02,
       1.9956705503369005e+03, 1.2718081657754264e+02,
       -3.1232744867876601e+01, -1.9877245150322143e+01,
       -7.4273196781126637e+02, 1.1385696123411690e+03,
       1.2718081657754260e+02, 1.7305622950436461e+03,
       1.1704852986538826e+02, 1.6359389166520089e+01,
       -2.2907275649407393e+02, -3.6848161333769514e+02,
       -3.1232744867876590e+01, 1.1704852986538826e+02,
       3.9934338260347971e+02, 1.5098222438794008e+02,
       -3.3499308587428663e+02, -1.5232817921053092e+02,
       -1.9877245150322143e+01, 1.6359389166520089e+01,
       1.5098222438794008e+02, 2.4912166567876346e+02,
       9.1985331786171100e+03, -2.1694892156039377e+03,
       2.1381397955490602e+03, 6.0088836087470384e+02,
       -6.4384338481499199e+01, -1.1511980567134972e+02,
       -2.1694892156039373e+03, 8.8005887342202950e+03,
       1.0432986483281243e+03, 1.4469967599382608e+03,
       1.4826699681205096e+00, 1.9316727764109709e+02,
       2.1381397955490602e+03, 1.0432986483281243e+03,
       2.5586199259636805e+03, -3.3759103247152456e+02,
       -8.5780874108327495e+01, -5.2686842304441363e+01,
       6.0088836087470372e+02, 1.4469967599382608e+03,
       -3.3759103247152456e+02, 2.3073792802899025e+03,
       6.6099249505634802e+01, -1.7643821717183829e+02,
       -6.4384338481499185e+01, 1.4826699681205104e+00,
       -8.5780874108327495e+01, 6.6099249505634802e+01,
       4.2400839989501350e+01, -4.2836318539854537e+00,
       -1.1511980567134972e+02, 1.9316727764109706e+02,
       -5.2686842304441363e+01, -1.7643821717183829e+02,
       -4.2836318539854537e+00, 8.3364329225119789e+01,
       6.3787177851671777e+03, -2.0191192828544033e+02,
       2.6126443264004952e+03, -1.1932469227247743e+03,
       2.7184097842528553e+02, 1.3569010888950100e+02,
       -2.0191192828544027e+02, 5.8364442819118049e+03,
       7.6754547788400680e+02, 2.4103005038695237e+03,
       -5.0195582322514923e+01, -4.6552424674649679e+01,
       2.6126443264004947e+03, 7.6754547788400680e+02,
       2.6342413741062182e+03, 2.6577905306576387e+01,
       -1.3918201475837461e+02, -8.5145307163684464e+01,
       -1.1932469227247743e+03, 2.4103005038695237e+03,
       2.6577905306576394e+01, 1.7540296423446007e+03,
       1.2634402130231404e+01, -1.1336981388155722e+02,
       2.7184097842528553e+02, -5.0195582322514916e+01,
       -1.3918201475837455e+02, 1.2634402130231395e+01,
       1.8173368013050072e+02, 8.4699758408582753e+01,
       1.3569010888950100e+02, -4.6552424674649679e+01,
       -8.5145307163684464e+01, -1.1336981388155722e+02,
       8.4699758408582753e+01, 6.8788768628941597e+01,
       7.5652061084628785e+03, 8.3557702112029986e+01,
       1.6446617617871109e+03, -4.2724701194635821e+02,
       -1.1535409609493306e+03, -2.0224873005668971e+02,
       8.3557702112029943e+01, 3.3594976044027258e+03,
       -2.7324872045981760e+02, -6.6554243032695138e+02,
       -8.3024657769578326e+01, -2.2911243722559064e+02,
       1.6446617617871109e+03, -2.7324872045981755e+02,
       2.3826277463582683e+03, -2.7104737539734043e+02,
       2.2409680689105420e+02, 1.3897035402294551e+02,
       -4.2724701194635821e+02, -6.6554243032695149e+02,
       -2.7104737539734043e+02, 8.9216576583087704e+02,
       4.1642751150617876e+00, 2.2956423381854478e+02,
       -1.1535409609493306e+03, -8.3024657769578326e+01,
       2.2409680689105420e+02, 4.1642751150617849e+00,
       4.1971705370030389e+02, 5.1288429134721959e+01,
       -2.0224873005668974e+02, -2.2911243722559064e+02,
       1.3897035402294549e+02, 2.2956423381854481e+02,
       5.1288429134721959e+01, 2.3770306169313292e+02,
       4.9457459307025974e+03, -2.1556537086122509e+02,
       2.6893030295282706e+03, -9.3557495456392303e+02,
       -1.5973045279434447e+02, -2.1041264484969727e+02,
       -2.1556537086122509e+02, 8.6397281121541328e+03,
       9.8098587086735108e+02, 1.8585809260606206e+03,
       -4.7475864277797103e+02, 1.6540231436870050e+02,
       2.6893030295282701e+03, 9.8098587086735108e+02,
       2.3946298712808034e+03, -1.2517260185462330e+02,
       -1.6354743082456895e+02, 1.8319126858679141e+01,
       -9.3557495456392280e+02, 1.8585809260606206e+03,
       -1.2517260185462334e+02, 1.7306269183953418e+03,
       1.6609469706968849e+02, -1.5638548342600154e+02,
       -1.5973045279434450e+02, -4.7475864277797086e+02,
       -1.6354743082456895e+02, 1.6609469706968846e+02,
       1.7375790802180305e+02, -3.0571899678173168e+01,
       -2.1041264484969730e+02, 1.6540231436870050e+02,
       1.8319126858679130e+01, -1.5638548342600154e+02,
       -3.0571899678173178e+01, 1.0612590826100134e+02,
       4.2020658264617377e+03, -4.1998237272753443e+02,
       -1.0224848617958964e+03, 2.0122202324153329e+02,
       -8.6181841798997334e+02, -1.5799321572577034e+02,
       -4.1998237272753460e+02, 7.9366067371127510e+03,
       5.3874360289223432e+02, 1.1809779508960971e+03,
       -1.7009445825536403e+02, -2.9535979100487629e+02,
       -1.0224848617958964e+03, 5.3874360289223432e+02,
       8.5223191434303590e+02, 5.0502639847228102e+02,
       3.9243837402544830e+02, 9.8760394728918413e+01,
       2.0122202324153321e+02, 1.1809779508960971e+03,
       5.0502639847228090e+02, 1.9582372715686233e+03,
