%YAML:1.0
means: !!opencv-matrix
   rows: 11
   cols: 10
   dt: d
   data: [ 2.8065391385390821e+01, 1.2340993069761153e+02,
       -3.0924967679299904e+00, -7.2588805485997241e+01,
       7.6707020503184467e+00, 2.5097806396261104e+00,
       1.3593433276738682e+00, 1.8053173722200300e+00,
       1.5181675931628935e+00, 5.0318769266177921e-01,
       -1.7194946856294871e+02, 1.1465040471858170e+01,
       4.1590538311173681e+01, -6.0629442832867690e+00,
       -6.3361833442716522e+00, -3.9900794484252278e+00,
       1.1061046011888007e+00, 1.1602531133787584e+00,
       3.9898638007128734e-01, -9.5793675663458838e-02,
       4.0778820161197046e+01, 1.3772525174515275e+01,
       -6.1573102774998310e+00, -1.2309627107538988e+01,
       5.7405156676592002e+00, -1.6421100055118629e+00,
       -4.8434308499693053e+00, -3.6682808304263590e+00,
       -4.0230670258143535e+00, -1.7159304364612002e-01,
       8.1898848437980973e+01, 1.5865324434748130e+01,
       -2.3866208606168549e+01, -3.2130452417061669e+01,
       -2.6489221602404847e+01, -1.9663627690032335e+01,
       9.1265580842876770e-01, -2.3217939199766393e+00,
       2.0701459934775440e-01, -2.4349251424810196e-02,
       -7.9581407238194913e+01, 9.9758855607204531e+00,
       1.3620480010426174e+01, 2.2758606779591690e+00,
       -8.1787209856180230e+00, 1.6595090306405861e+01,
       -1.0206507737996620e+00, 2.2742814565837088e+00,
       8.4592473079906327e-01, -3.7996686372045105e-02,
       -1.5214885753211075e+02, -8.3270019445744211e+01,
       2.9769719089712574e+01, 5.3280443305378050e+01,
       -1.1926583518794450e+01, 1.6094077238873954e+00,
       1.5792911193344906e-02, -1.9390055570911686e+00,
       1.5972834007621323e-01, -1.0273388243163334e-01,
       -3.7216201184341266e+01, -1.5974129111446054e+01,
       1.9628405797389117e+01, 8.7384455858529453e+00,
       2.1514820776994977e+01, -9.6168400729425478e+00,
       2.1697735854515869e+00, -1.0055738145491115e-01,
       2.3884947383552160e-01, 8.1397295485669985e-02,
       1.4225997609187584e+02, -6.2700488556515781e+00,
       -3.8089979684614697e+01, 7.8755182345824135e+00,
       -5.1167126985869675e+00, 1.2719306002017143e+01,
       -6.6436981995335420e-01, 1.5165141280072154e+00,
       2.8351739682968552e-01, -9.0808364022243980e-03,
       5.4876997169426431e+01, 8.6520547248029072e+00,
       -1.0348967309521642e+01, -1.2460960822606872e+00,
       1.4407669401970059e+01, 1.2544408823699151e+00,
       4.1456235892481508e-01, 9.4095862532093455e-01,
       4.0848173348829536e-01, -9.6342658284614014e-03,
       3.5604212286058981e+01, -9.8727789194634482e+01,
       -1.0294673999775423e+01, 6.5694104130064176e+01,
       -4.2932570509775747e+00, -4.8828622410747141e-01,
       2.0295560260903485e+00, -4.1996093308870530e-01,
       6.4662496630372712e-02, -9.2152228117917220e-02,
       -1.9159670306245772e+02, 7.4122403521355210e+01,
       3.6768667543664584e+01, -4.5783755429253240e+01,
       -2.0184477050941009e+01, 4.9541565440672475e+00,
       -3.0252561592205862e+00, -9.9271131837103554e-01,
       -3.3905222547055841e-01, 3.0136306383210182e-01 ]
covs: !!opencv-matrix
   rows: 110
   cols: 10
   dt: d
   data: [ 5.0938283756121937e+03, 5.9023743472236902e+02,
       2.8145760235307389e+03, 5.9854870895743566e+01,
       9.4275686152790698e+01, -9.7422208493133368e+01,
       -2.6874045541388503e+00, 4.5912870466627147e+01,
       -7.8783621836208750e+00, -1.6530113699291704e+01,
       5.9023743472236868e+02, 8.0772835150525734e+03,
       -1.1974975633689039e+02, 1.6638247255203971e+03,
       9.9390330840697163e+02, 7.5897195266407448e+02,
       -6.0956752115028777e+01, 2.1172032655031167e+01,
       3.8703238374810994e+01, 2.3113914415833207e+01,
       2.8145760235307393e+03, -1.1974975633689039e+02,
       2.4223051737261467e+03, 6.1321940218721096e+01,
       1.1585108417593257e+02, 7.8749844029980991e+01,
       -1.1519466899347611e+01, -2.5696566514455810e+01,
       -5.8467582189536316e-01, -1.9208131905605201e+00,
       5.9854870895743566e+01, 1.6638247255203971e+03,
       6.1321940218721053e+01, 1.2664787349794892e+03,
       -3.4880855802701359e+02, -1.7461143573382688e+02,
       1.8056136973245835e+01, -4.0401188998435352e+01,
       -1.6313582853502062e+01, 1.7431172134748028e+00,
       9.4275686152790698e+01, 9.9390330840697141e+02,
       1.1585108417593260e+02, -3.4880855802701359e+02,
       6.1572966357072596e+02, 3.0846918929597757e+02,
       -3.0526122849646935e+01, 1.3090319249750276e+01,
       2.2218630299461580e+01, 8.6398327858468456e+00,
       -9.7422208493133340e+01, 7.5897195266407448e+02,
       7.8749844029980977e+01, -1.7461143573382685e+02,
       3.0846918929597763e+02, 3.2550139960747111e+02,
       -3.5073962973758110e+00, 1.3628902193967621e-01,
       1.1247789818577402e+01, 6.2568659963092639e+00,
       -2.6874045541388538e+00, -6.0956752115028777e+01,
       -1.1519466899347616e+01, 1.8056136973245824e+01,
       -3.0526122849646928e+01, -3.5073962973758088e+00,
       2.1887481403405804e+01, -9.5543101535099773e-01,
       -3.9089433496859951e+00, -6.3257415022742625e-01,
       4.5912870466627140e+01, 2.1172032655031170e+01,
       -2.5696566514455810e+01, -4.0401188998435359e+01,
       1.3090319249750275e+01, 1.3628902193967590e-01,
       -9.5543101535099773e-01, 1.6241556423535851e+01,
       -6.3508910133409713e-01, 4.3379778414550446e-01,
       -7.8783621836208804e+00, 3.8703238374810986e+01,
       -5.8467582189536305e-01, -1.6313582853502059e+01,
       2.2218630299461580e+01, 1.1247789818577402e+01,
       -3.9089433496859951e+00, -6.3508910133409713e-01,
       2.0946205590808114e+00, 2.8267263931051390e-01,
       -1.6530113699291704e+01, 2.3113914415833211e+01,
       -1.9208131905605188e+00, 1.7431172134748028e+00,
       8.6398327858468456e+00, 6.2568659963092639e+00,
       -6.3257415022742625e-01, 4.3379778414550446e-01,
       2.8267263931051390e-01, 8.4501876538842358e-01,
       6.6254299555197731e+03, 3.0661121872072476e+02,
       2.8046113280145719e+03, -1.2008326805990288e+02,
       3.2101535776816013e+02, -4.7662695131473322e+02,
       1.1652548905171309e+02, -4.2400885570559424e+01,
       -2.0907320979904814e+01, 4.7619111891295711e+00,
       3.0661121872072476e+02, 7.1192281280240513e+03,
       -1.0955664194803471e+02, 1.6354728839820802e+03,
       -1.4934896340413098e+02, 1.0198903878693469e+02,
       1.7145278024491105e+01, -2.0225630808430111e+01,
       4.7428219900498902e+00, 1.4064751704336087e+01,
       2.8046113280145719e+03, -1.0955664194803465e+02,
       2.4278159553508003e+03, 4.9204062775735331e+01,
       -1.1098358248089629e+02, 9.1600853521173732e+01,
       -3.9474509875341511e+01, 1.2434388673967486e+01,
       -1.2095031409146415e+00, 1.3541996655838049e+00,
       -1.2008326805990295e+02, 1.6354728839820802e+03,
       4.9204062775735288e+01, 1.5258456677788638e+03,
       -7.6876106600790095e-01, 3.7800072952325579e+01,
       -2.0825365160676096e+01, -1.3176952270087167e+01,
       5.7493918483324347e+00, 2.3468849653482673e+00,
       3.2101535776816007e+02, -1.4934896340413101e+02,
       -1.1098358248089629e+02, -7.6876106600790650e-01,
       1.0690115483472965e+02, -1.0343516330982716e+02,
       1.2331261241046883e+01, -8.6097949948340506e+00,
       -8.8361548418600167e-01, 1.2383214799966472e-02,
       -4.7662695131473322e+02, 1.0198903878693467e+02,
       9.1600853521173747e+01, 3.7800072952325579e+01,
       -1.0343516330982716e+02, 2.2182112772828521e+02,
       -9.1908070482183357e-01, -1.6692137252332390e-01,
       -5.2808680137131336e-01, -4.7746074659267257e-01,
       1.1652548905171307e+02, 1.7145278024491105e+01,
       -3.9474509875341511e+01, -2.0825365160676089e+01,
       1.2331261241046885e+01, -9.1908070482183490e-01,
       2.4649291681905229e+01, -3.1425134252789482e+00,
       -2.6328765440616464e+00, 2.3559064970433380e-01,
