%YAML:1.0
means: !!opencv-matrix
   rows: 21
   cols: 5
   dt: d
   data: [ 5.8710308535858182e+00, -1.0202324965614960e+02,
       -8.3981596139552579e+01, 1.2959024837992516e+01,
       -9.5262639065625465e-01, -1.1603182007424112e+02,
       -4.0486094302869077e+01, 4.1700986450485566e+01,
       -3.7311700023589850e+01, 7.0980600462857950e+00,
       6.3413560754366010e+01, 1.1725803520046036e+02,
       -5.5745057467577466e+00, 3.4315794655810919e+01,
       1.3163411303979503e+01, 5.9692569318776279e+01,
       -1.0813736240772922e+01, -3.2168844002714465e+01,
       7.1324522383795923e+01, -5.9755865205244261e+00,
       6.1591816092228179e+01, 9.1784015289037626e+00,
       -5.3336634376037804e+00, -2.6295232030989709e+01,
       1.7417623564847371e+01, 9.8634530431668850e+01,
       -1.3928257829623925e+02, -6.2115389261532110e+00,
       9.9387213675545159e+00, -4.8013722862518238e+00,
       8.3404679878499252e+01, 1.6571888623679786e+01,
       -2.2633079624458553e+01, -3.2390672155465928e+01,
       -2.6028772478517951e+01, -6.8739187796497188e+00,
       7.4765360149051133e+01, 9.4052572578252285e+00,
       -4.8833310717586741e+01, 3.1719941954877338e+01,
       6.4185345182581884e+01, 1.6622555283043940e+01,
       3.1577726394835988e+01, -2.2795582651184283e+01,
       -2.7540489158451603e-01, -1.6778365884839553e+02,
       -9.0195316929293341e+01, 1.0477714863820170e+01,
       4.8319674883925813e+01, -9.4975377802552021e+00,
       -2.7579754707058351e+02, 1.7588169161724093e+01,
       -1.5058140926649786e+01, -5.8998215708359494e+00,
       -7.7014388521408534e+00, 1.9058859813855227e+02,
       -2.5707015096453095e+01, 3.7017092677835443e+01,
       2.8750160613946495e+01, -7.8112743406571123e+00,
       1.3291456139798592e+02, -5.2062220660448595e+01,
       -4.2418285336667672e+01, -5.8333548803775464e+01,
       -3.9594427222318656e+00, -1.8402555331775812e+02,
       7.8657770880909368e+01, 4.4432863495841204e+01,
       -4.9914140173279399e+01, -2.1408898241164664e+01,
       -2.0017980054244454e+01, -7.7177330024453795e+01,
       8.0798618809245212e+01, 4.6056496937849474e+01,
       1.0138301352883088e+00, -1.0093304166867246e+02,
       6.3255343598950752e+01, -2.2510656223866562e+01,
       5.6068986908420747e+01, 2.1534803826636281e+01,
       8.3588575789087827e+01, 1.5871839566722945e+01,
       -3.3171081382791478e+01, -2.4946546973344059e+01,
       -2.3966566292121588e+01, 1.4419076169002307e+02,
       4.4246440464340345e+01, -4.6679794610972280e+01,
       4.3979801422848377e+00, -6.8040870457734917e+00,
       -1.5084401799423260e+01, -4.0187613236355375e+01,
       1.6437246757806847e+01, 1.3802163008045344e+01,
       2.5071111400183547e+01, -7.7392964547126439e+01,
       9.3483606508163408e+00, -5.3064946670578770e+01,
       -1.3221174931156844e+01, 1.6822264980584400e+01,
       -1.3119650061296340e+02, 8.9245244190853938e+01,
       5.1389182080767263e+01, 2.0620460038077386e+01,
       -2.5695249588256357e+00 ]
covs: !!opencv-matrix
   rows: 105
   cols: 5
   dt: d
   data: [ 3.4333189441109407e+03, 2.0508820381954561e+03,
       -4.2497524416715504e+02, -1.1407042491533057e+03,
       -6.1664957692819726e+00, 2.0508820381954561e+03,
       5.0787884980855488e+03, -2.9117844489462453e+02,
       -1.7365523190293405e+02, 7.8997777257355937e+00,
       -4.2497524416715498e+02, -2.9117844489462442e+02,
       6.9285826388375199e+02, 2.5601481488843967e+02,
       -2.8143507378126611e+01, -1.1407042491533057e+03,
       -1.7365523190293405e+02, 2.5601481488843967e+02,
       1.0961303229908222e+03, -3.5351963328454040e+01,
       -6.1664957692819709e+00, 7.8997777257355972e+00,
       -2.8143507378126618e+01, -3.5351963328454026e+01,
       7.1781765133435613e+01, 7.2414376421932811e+03,
       7.4565599587901409e+02, 1.3958417112550212e+03,
       -4.6834608939207044e+02, 8.9219687146283911e+02,
       7.4565599587901431e+02, 2.8600471139575370e+03,
       -2.3994899382121292e+02, 4.0116304424620421e+02,
       5.1262741844092766e+01, 1.3958417112550210e+03,
       -2.3994899382121289e+02, 2.3311799362423103e+03,
       1.1535176424859173e+02, -3.7377869969347768e+02,
       -4.6834608939207044e+02, 4.0116304424620421e+02,
       1.1535176424859169e+02, 6.8091826078313295e+02,
       -9.3991258963246381e+01, 8.9219687146283934e+02,
       5.1262741844092766e+01, -3.7377869969347762e+02,
       -9.3991258963246381e+01, 3.1379429529129072e+02,
       4.8502371316543367e+03, -1.9215308139795778e+02,
       1.7957174588827663e+03, 2.1850892096438173e+01,
       -4.6873851460890199e+02, -1.9215308139795772e+02,
       4.0532584979528528e+03, 1.1443039328537519e+02,
       -2.0773078995379778e+03, 2.4749567850016311e+02,
       1.7957174588827663e+03, 1.1443039328537525e+02,
       2.7011214069795324e+03, -2.1451689912732616e+02,
       2.3472568791662590e+02, 2.1850892096438198e+01,
       -2.0773078995379778e+03, -2.1451689912732616e+02,
       1.5213344673989036e+03, -1.1704042109465362e+02,
       -4.6873851460890199e+02, 2.4749567850016311e+02,
       2.3472568791662590e+02, -1.1704042109465368e+02,
       2.3031204976273838e+02, 5.3033082225093985e+03,
       1.2580361165678278e+03, 1.5023516758825504e+03,
       -8.6831011025435259e+02, -3.2879572380841907e+01,
       1.2580361165678275e+03, 3.3303442291351266e+03,
       -6.2480542253171177e+02, 2.8369424085646518e+01,
       4.1516426966315798e+00, 1.5023516758825504e+03,
       -6.2480542253171188e+02, 2.0723995570738794e+03,
       1.0540565399022680e+02, -9.6691719414424995e+01,
       -8.6831011025435259e+02, 2.8369424085646514e+01,
       1.0540565399022680e+02, 9.1877610764422741e+02,
       -3.1841790531334230e+01, -3.2879572380841900e+01,
       4.1516426966315798e+00, -9.6691719414424981e+01,
       -3.1841790531334230e+01, 4.2350472096047461e+01,
       3.9015622365465852e+03, -1.9160785501568168e+02,
       2.1126810881019210e+03, 1.2425275991809626e+02,
       -2.1314843673560125e+02, -1.9160785501568162e+02,
       9.1024423178509132e+03, -2.6638156160195035e+02,
       -1.1023679839218385e+03, -8.9570236874601381e+00,
       2.1126810881019210e+03, -2.6638156160195041e+02,
       2.5210724005714724e+03, -2.2656068679871669e+02,
       1.3097794184579840e+02, 1.2425275991809626e+02,
       -1.1023679839218385e+03, -2.2656068679871669e+02,
       2.2146859305597864e+03, -1.1543074118887067e+02,
       -2.1314843673560125e+02, -8.9570236874601346e+00,
       1.3097794184579840e+02, -1.1543074118887067e+02,
       1.0973625606903515e+02, 5.1384338376811547e+03,
       1.0074689509179967e+03, 7.7513276187457359e+02,
       -9.9592465732927087e+02, -2.1376939901697050e+01,
       1.0074689509179967e+03, 2.9716478401380664e+03,
       -4.9679025027260946e+02, -3.4556900929597680e+02,
       3.9008922500373643e+01, 7.7513276187457359e+02,
       -4.9679025027260946e+02, 1.3686908800367771e+03,
       2.3202554128302796e+02, -4.9735581004341952e+01,
       -9.9592465732927087e+02, -3.4556900929597680e+02,
       2.3202554128302796e+02, 7.9843858752289168e+02,
       -3.0323263595416336e+01, -2.1376939901697060e+01,
       3.9008922500373629e+01, -4.9735581004341952e+01,
       -3.0323263595416336e+01, 4.9780757301163916e+01,
       4.0301345615903656e+03, 6.7574769788424589e+01,
       3.0713575158496569e+03, 1.3858812279843846e+02,
       -1.1275228379012648e+02, 6.7574769788424561e+01,
       5.5449211258240512e+03, -3.6771068829186547e+01,
       2.4524727781275183e+03, -4.7068679167530306e+01,
       3.0713575158496569e+03, -3.6771068829186575e+01,
       2.5644211201124740e+03, 3.4921205574303507e+01,
       -8.2387844764537775e+01, 1.3858812279843852e+02,
       2.4524727781275183e+03, 3.4921205574303499e+01,
       1.1653397984074838e+03, -6.4559441568584703e+01,
       -1.1275228379012648e+02, -4.7068679167530306e+01,
       -8.2387844764537761e+01, -6.4559441568584703e+01,
       3.3605757799926899e+01, 4.4028767928563047e+03,
