%YAML:1.0
means: !!opencv-matrix
   rows: 16
   cols: 10
   dt: d
   data: [ 1.2389929770430560e+02, -7.7942203906367613e+00,
       -4.2012944982044139e+01, -5.9580759115338582e+00,
       -9.8876055543026968e+00, 1.2523199215798115e+01,
       -3.5632259478930512e+00, -3.8184356712761449e+00,
       -2.3321894635791289e+00, 5.6917781615393359e-01,
       -3.1024886535539707e+01, -1.7678616485706460e+01,
       2.8619746545367899e+01, 2.4771294666213208e+01,
       2.2939530741544100e+01, -4.7523596945629096e+00,
       -8.6857335951692338e+00, -6.8477548332382003e+00,
       -4.9719882059752578e+00, 1.4981868622232870e+00,
       8.2060684324871374e+01, 1.6089829989997817e+01,
       -2.3703742076386018e+01, -3.2226873877883676e+01,
       -2.6377827941161154e+01, -1.9668925462005998e+01,
       9.5086266173033962e-01, -2.3708506253845982e+00,
       2.0522017344700333e-01, -2.5916940950042721e-02,
       -1.9412696554933885e+02, 9.1844231847019913e+01,
       3.9786029625670352e+01, -5.2039010931145285e+01,
       -2.3997185565819670e+01, 1.3603757272160786e+01,
       -3.2906242551444027e+00, 1.9471004344335576e+00,
       7.1543786499643847e-01, -4.9075140474717456e-02,
       -9.5208203131089562e+01, -9.2852724388068509e+01,
       2.1207272955080121e+01, 5.7610358062909441e+01,
       -3.0913849643695794e+00, -2.3844384628428958e+00,
       1.0579816121630674e+00, -9.8355737490139927e-01,
       5.1079264676240133e-01, -1.8397805639233503e-01,
       -2.7354805484077428e+01, 2.6592329374571090e+01,
       1.6635300783575627e+01, -1.7506770481334900e+01,
       3.0301293140510317e+01, -1.2043247613501466e+01,
       2.2414011753143148e+00, 2.5286219944555915e-01,
       2.8264596469195841e-01, 1.0755192043537887e-01,
       1.4299786618519781e+02, -4.6811429404635829e+00,
       -3.7275587393196204e+01, 8.0786470764499168e+00,
       -4.6792115501383602e+00, 1.3392528147788047e+01,
       -9.1047133116360168e-01, 1.5053018827562876e+00,
       2.3050208039247452e-01, -3.5783570197429282e-02,
       -4.7316491293660626e+01, 5.6324956099016049e+01,
       2.5179844049587810e+00, -2.8409139548294405e+01,
       -9.9314292141155214e-01, 1.5161663541536372e+01,
       -5.6210435936456804e-01, 1.8862706440925099e+00,
       8.8938795693489436e-01, 1.1558839979462043e-01,
       -1.4352679355000353e+02, -2.6602042568524077e+01,
       3.6468648081669954e+01, 2.0032340838680007e+01,
       -3.8601416410415657e-01, 2.1937158803673849e+00,
       5.8073147957920224e-01, 1.2034345495009702e+00,
       4.7282636420183610e-01, -1.5314246012247662e-01,
       -1.8808302573440625e+02, 1.3875272596202402e+01,
       3.5551771148464901e+01, -7.3658161087446432e+00,
       -3.8150118341693458e+00, 3.6794326330118934e+00,
       -3.0057800193135251e+00, -6.6102487455493595e+00,
       -2.5773065601494465e+00, 9.4047426162326531e-01,
       5.5300017860744930e+01, 7.8898888149957580e+00,
       -1.4405567872329195e+01, 2.0926128940182451e+00,
       1.5993723671343570e+01, 4.2014566119984487e+00,
       7.1776740168149855e-01, 1.1946373811721360e+00,
       4.3202888596243733e-01, 5.0790294396979956e-02,
       3.5637205801965180e+01, -9.8929093633615054e+01,
       -1.0602366373570675e+01, 6.6468784536578980e+01,
       -4.2983345079852020e+00, -7.5649212132172794e-01,
       2.0756303737942661e+00, -3.8823131853308573e-01,
       4.7163450136295332e-02, -9.4495190126317755e-02,
       3.0224326800124423e+01, 1.4780367376210040e+02,
       -1.0213109640096250e+00, -8.0460076534731542e+01,
       2.0547823175479294e+01, 1.0694919238236848e+01,
       4.6528199247679031e-01, 2.3892725938631281e+00,
       1.8315369859813071e+00, 6.4118264309712647e-01,
       4.6670107513995887e+01, -1.5171575038154884e+01,
       -4.5498227623791045e+00, 4.6123440862737448e+00,
       -4.9664264159246727e+00, -6.7336460195008927e+00,
       6.5456323983161568e-01, 6.9223711074837735e-01,
       3.7670475005461529e-01, -4.4700319038838414e-02,
       1.8271385027629858e+01, 3.8806598179890855e+01,
       1.8301571341095246e+00, -3.4733813405748009e+01,
       8.8410961821824472e+00, -8.0364842010556750e+00,
       -3.3550750370505575e+00, -1.8816838973558399e+00,
       -4.9224661455918213e+00, -2.2561999375100981e+00,
       -1.7775296890155519e+02, 1.4812577735460996e+01,
       4.3301338581583906e+01, -8.2437815898373614e+00,
       -7.8797936658427581e+00, -2.5071372401396714e+00,
       8.9143842093512016e-01, 1.0355351728121678e+00,
       3.9304458232806694e-01, -7.7999022696184736e-02 ]
