%YAML:1.0
means: !!opencv-matrix
   rows: 4
   cols: 6
   dt: d
   data: [ 2.0183460315484851e+01, -4.7290908999655457e+01,
       4.4823448459086190e+00, 1.6778501401820556e+01,
       2.0132400542912041e+01, -1.0409863537372515e+00,
       1.9770417678575729e+01, 9.1028562305494034e+01,
       -1.6906499667693478e+01, -3.7195463858511594e+01,
       -5.1146365141697352e+00, -3.2730382550016923e+00,
       -1.5708449535571745e+02, -2.8589392507195338e+01,
       4.0428979883046075e+01, 2.6013091260538048e+00,
       -8.5101067052803980e+00, 1.1192194144118637e+00,
       1.3700788685482047e+02, -2.8535529415830776e+01,
       -3.3333363066813277e+01, 2.8583687054298579e+01,
       -1.8077322615522856e+01, 6.0907305915354382e+00 ]
covs: !!opencv-matrix
   rows: 24
   cols: 6
   dt: d
   data: [ 6.9040506765501086e+03, -6.8580843700881883e+02,
       2.5657185947998842e+03, -6.0793346281224240e+02,
       -4.1798677957942471e+02, -7.2748951587456105e+01,
       -6.8580843700881849e+02, 1.1153450566277097e+04,
       4.2542951121962761e+02, 6.0277039805859272e+02,
       3.4355791276451936e+02, 1.3778301383597909e+02,
       2.5657185947998842e+03, 4.2542951121962756e+02,
       2.5869869341391877e+03, 1.2359976369583750e+01,
       3.4687082557217394e+01, 4.8836794402197455e+01,
       -6.0793346281224240e+02, 6.0277039805859260e+02,
       1.2359976369583752e+01, 2.4713901493512440e+03,
       -8.0515696840051831e+01, -2.5465954454622501e+01,
       -4.1798677957942471e+02, 3.4355791276451930e+02,
       3.4687082557217401e+01, -8.0515696840051845e+01,
       3.3615941223509691e+02, 6.3297633418613025e+01,
       -7.2748951587456119e+01, 1.3778301383597906e+02,
       4.8836794402197469e+01, -2.5465954454622494e+01,
       6.3297633418613039e+01, 3.0559808169235833e+02,
       1.2799993419697501e+04, -1.6884163868081603e+03,
       1.4167273731551447e+03, 3.5147860547566938e+02,
       3.3365016096852898e+01, -1.4892752217402790e+02,
       -1.6884163868081603e+03, 7.5710935381428762e+03,
       9.2380477728323240e+02, 1.9949075101856565e+03,
       -3.4446138376781882e+01, 1.3835943762323311e+02,
       1.4167273731551447e+03, 9.2380477728323240e+02,
       2.8684847714795806e+03, -2.8490445752415235e+02,
       -7.6869339608614027e+01, -5.0518867874186327e+01,
       3.5147860547566944e+02, 1.9949075101856565e+03,
       -2.8490445752415235e+02, 2.0602896668796907e+03,
       5.9350063331898134e+01, -1.8233491711693259e+02,
       3.3365016096852891e+01, -3.4446138376781875e+01,
       -7.6869339608614041e+01, 5.9350063331898085e+01,
       1.5245303680848511e+02, -6.4707570927321356e+00,
       -1.4892752217402793e+02, 1.3835943762323311e+02,
       -5.0518867874186327e+01, -1.8233491711693259e+02,
       -6.4707570927321401e+00, 8.5319094206070616e+01,
       7.5028959115032822e+03, 1.7498991277171484e+02,
       2.8318365537893305e+03, -8.0051778495487326e+02,
       4.5015515498263795e+02, 3.7837119936957066e+02,
       1.7498991277171484e+02, 9.9728164032230980e+03,
       4.9909897576160631e+02, 1.0205631602160889e+03,
       7.7641712319572480e+02, 3.2660714504724177e+02,
       2.8318365537893305e+03, 4.9909897576160631e+02,
       2.4594869763700685e+03, 5.1304882995336392e+01,
       -1.5403319134634907e+02, -4.4670566527217694e+01,
       -8.0051778495487326e+02, 1.0205631602160889e+03,
       5.1304882995336435e+01, 2.3830270083999376e+03,
       -2.7243392785723523e+02, -1.7156188545239981e+01,
       4.5015515498263795e+02, 7.7641712319572480e+02,
       -1.5403319134634907e+02, -2.7243392785723523e+02,
       3.1697022686711011e+02, 1.2338845860883519e+02,
       3.7837119936957060e+02, 3.2660714504724172e+02,
       -4.4670566527217694e+01, -1.7156188545239964e+01,
       1.2338845860883522e+02, 2.9213968252611284e+02,
       6.7153696183243337e+03, 6.1484467310823231e+02,
       2.3561913936757892e+03, -1.1352367948058400e+03,
       2.3469215611650608e+02, -5.5953445635904575e+02,
       6.1484467310823231e+02, 6.3425990652315004e+03,
       5.7520442383833210e+02, 2.3057820627390352e+03,
       1.3899339117491317e+02, -2.9939054485760425e+02,
       2.3561913936757896e+03, 5.7520442383833222e+02,
       2.6483012001408974e+03, -1.2472743607148988e+01,
       -1.9255565027049153e+02, 1.1017939868415743e+02,
       -1.1352367948058400e+03, 2.3057820627390347e+03,
       -1.2472743607148988e+01, 1.8933570458726886e+03,
       -7.6333323604656043e+00, 3.0394034732185421e+01,
       2.3469215611650608e+02, 1.3899339117491317e+02,
       -1.9255565027049153e+02, -7.6333323604656060e+00,
       1.1711296802445318e+02, -1.3954621474524723e+02,
       -5.5953445635904586e+02, -2.9939054485760425e+02,
       1.1017939868415741e+02, 3.0394034732185421e+01,
       -1.3954621474524723e+02, 3.2299779464121190e+02 ]
weights: !!opencv-matrix
   rows: 1
   cols: 4
   dt: d
   data: [ 3.1903729082321591e-01, 2.8879322005895730e-01,
       2.2401168881757597e-01, 1.6815780030023111e-01 ]
pca_proj: !!opencv-matrix
   rows: 6
   cols: 21
   dt: f
   data: [ 1.02604255e-02, 8.46533298e-01, 5.67100069e-05,
       -5.08859605e-02, 4.68450844e-01, 1.89823491e-04, -5.55210514e-03,
       1.46431834e-01, -1.98076777e-05, -7.31809530e-03, 1.34976640e-01,
       -4.80776835e-05, -6.69380091e-03, 1.46460637e-01, -1.57161594e-05,
       2.11501210e-05, 1.32904761e-05, -3.16381829e-07, -1.62182951e-05,
       4.47223283e-04, 4.04881848e-06, 8.19958210e-01, 1.87153444e-02,
       -7.93817599e-05, 4.28530097e-01, 8.29724409e-03, 8.75842488e-06,
       2.28233948e-01, -2.37727305e-03, -1.84168690e-04, 2.08515689e-01,
       -1.20344283e-02, -2.14158339e-04, 2.18838796e-01, -7.27251405e-04,
       -1.84816250e-04, -3.05604735e-05, -5.04301033e-06,
       -1.27042276e-05, 6.79167337e-04, 1.30049409e-06, -1.63660501e-04,
       -1.48704097e-01, -3.29387456e-01, -1.82470303e-05, 1.08596861e-01,
       1.49965823e-01, -1.77574475e-04, 1.29315495e-01, 5.12750924e-01,
       2.36419466e-04, 1.37444586e-01, 5.11233926e-01, 2.85520800e-04,
       1.36541247e-01, 5.06532609e-01, 2.30281497e-04, -1.19767010e-05,
       -4.37137305e-06, 1.85016711e-06, 4.23374237e-04, 1.63331581e-03,
       1.86568883e-04, -4.72028166e-01, 1.25829116e-01, -3.95576280e-05,
       1.75304204e-01, -4.03850079e-02, -1.91588406e-04, 4.72358793e-01,
       -1.55570537e-01, 3.14154240e-05, 4.64089781e-01, -1.42328069e-01,
       9.23298430e-05, 4.71241623e-01, -1.54795542e-01, 4.75230554e-05,
       -2.49870754e-05, 5.87460408e-06, 1.53038200e-05, 1.49897439e-03,
       -5.03496267e-04, 3.15210091e-05, 4.28138897e-02, -3.98029029e-01,
       -1.64866622e-03, -1.49486646e-01, 8.53724658e-01, -7.20556185e-04,
       4.98631820e-02, -1.44551426e-01, -6.16796780e-04, 4.10989933e-02,
       -1.98635340e-01, -7.75538327e-04, 2.98115760e-02, -1.52079150e-01,
       -6.80539582e-04, 2.25883312e-04, -2.69945431e-05, 2.70592113e-06,
       9.03362306e-05, -4.77506634e-04, -7.18366122e-04, -2.83197194e-01,
       -1.15955826e-02, -1.67501986e-03, 8.56651485e-01, 1.54669777e-01,
       -2.37696129e-03, -1.20549113e-01, -2.06198599e-02,
       -3.04474914e-03, -2.70571560e-01, -1.17506422e-01,
       -3.04362620e-03, -2.44462311e-01, -1.05650024e-02,
       -2.97378097e-03, -2.55348248e-04, -4.88344995e-05, 2.20185507e-06,
       -8.00635200e-04, 8.29089622e-05, -2.87367473e-03 ]
pca_mean: !!opencv-matrix
   rows: 1
   cols: 21
   dt: f
   data: [ 4.33646118e+02, 2.44701981e+02, 1.49672687e+00,
       4.18191803e+02, 2.60206879e+02, 1.62062907e+00, 3.68545319e+02,
       2.27059875e+02, 1.69770968e+00, 3.19420807e+02, 1.63929108e+02,
       1.75046074e+00, 3.16613464e+02, 2.25532654e+02, 1.70717156e+00,
       1.08872897e-04, -9.74175637e-05, 6.24380555e-05, -2.17504916e-04,
       -2.50119597e-01, 1.75055194e+00 ]
gamma: !!opencv-matrix
   rows: 4
   cols: 1
   dt: d
   data: [ 9.3507536409148651e-01, 9.1254401655691109e-01,
       9.2451405553222177e-01, 9.0945478137919866e-01 ]
