%YAML:1.0
means: !!opencv-matrix
   rows: 4
   cols: 10
   dt: d
   data: [ 6.3989169686895536e+01, 6.5904208810193818e+00,
       -1.1926521527488518e+01, 2.9613211148253957e+00,
       5.0825355396249634e+00, 2.6849471878295419e+00,
       9.4233428754651716e-01, -1.6590105643403766e-01,
       -3.2838050076069641e-01, 1.6238048458093231e-02,
       -1.6601213441824720e+02, -3.5946723183147355e+01,
       4.1510930767715394e+01, 3.8758845911994331e+00,
       -1.0877072090757546e+01, -4.1602516022402314e-01,
       -9.2769917932278723e-01, 5.5937885299357448e-01,
       -3.4735366349370156e-01, 7.8382888049506952e-02,
       1.6749083410207852e+01, -1.0078213710638029e+02,
       -7.0944382821579088e+00, 3.6030977068375826e+01,
       -2.2492571485341398e-02, -1.5150274469999383e+01,
       -1.4243011031286028e+00, 3.5752955029093775e-01,
       4.5287694577277199e-01, -7.6471414390454528e-01,
       -5.8305684859401410e+01, 9.3855376677690714e+01,
       -3.8493988722750925e+00, -4.5389736163514819e+01,
       -7.5196143458325997e+00, -2.5801001504916079e+00,
       -2.2313791787470385e+00, -3.2970700524051633e-01,
       1.9167368513553804e+00, 3.1961486896354696e-01 ]
covs: !!opencv-matrix
   rows: 40
   cols: 10
   dt: d
   data: [ 9.7678250463537752e+03, -5.3381015954141469e+02,
       1.4295105607191549e+03, -1.8865723358135571e+02,
       -1.0582568518830328e+03, -2.1630306849577667e+02,
       -9.3639930452838755e+01, 1.9012466141581758e+01,
       -2.9359024764124893e+01, 7.8837896958774734e-01,
       -5.3381015954141481e+02, 1.0258789242848186e+04,
       2.6023059664518092e+02, 6.5963207597465646e+02,
       -2.3188741178543873e+02, -4.0485934260096553e+02,
       -3.9371281416049662e+01, -1.3622557689335114e+01,
       -1.2517679290080228e+01, -1.1007140623318268e+01,
       1.4295105607191549e+03, 2.6023059664518087e+02,
       2.9778473821545881e+03, -5.6769194947277825e+01,
       2.4540068842048032e+02, 6.6074966702589890e+01,
       2.6712164006903823e+01, -5.2060315580663543e+00,
       4.6968397098937578e+00, 2.1376545210450231e+00,
       -1.8865723358135565e+02, 6.5963207597465623e+02,
       -5.6769194947277796e+01, 2.6192658253278432e+03,
       -4.3928747971046871e+00, 9.2150304260287271e+01,
       1.0616226503834885e+00, 7.8246600414917644e+00,
       6.5295509703038430e+00, 2.9633118488876153e-01,
       -1.0582568518830328e+03, -2.3188741178543873e+02,
       2.4540068842048038e+02, -4.3928747971046960e+00,
       4.8925184447127617e+02, -5.6561878882530671e+01,
       -1.0556763177923084e+01, -8.1333961163524950e+00,
       -5.1305264117061133e+00, 7.9828251269407036e-01,
       -2.1630306849577673e+02, -4.0485934260096553e+02,
       6.6074966702589904e+01, 9.2150304260287285e+01,
       -5.6561878882530664e+01, 2.2165362668532364e+02,
       -9.0432344236038791e+00, 5.1980961719801266e-01,
       4.3171408461780665e+00, -1.8040582407253496e+00,
       -9.3639930452838783e+01, -3.9371281416049648e+01,
       2.6712164006903830e+01, 1.0616226503834898e+00,
       -1.0556763177923083e+01, -9.0432344236038791e+00,
       2.3600856686212417e+01, 2.8520599606806929e-01,
       3.5206888043150935e+00, 1.4428834815340438e-01,
       1.9012466141581758e+01, -1.3622557689335117e+01,
       -5.2060315580663508e+00, 7.8246600414917653e+00,
       -8.1333961163524968e+00, 5.1980961719801311e-01,
       2.8520599606806907e-01, 1.4440901620373738e+01,
       -8.3834218279952466e-01, 5.9305587526133485e-01,
       -2.9359024764124893e+01, -1.2517679290080228e+01,
       4.6968397098937595e+00, 6.5295509703038430e+00,
       -5.1305264117061151e+00, 4.3171408461780665e+00,
       3.5206888043150939e+00, -8.3834218279952466e-01,
       1.2716524988709719e+00, 3.3206506543102705e-02,
       7.8837896958774711e-01, -1.1007140623318264e+01,
       2.1376545210450231e+00, 2.9633118488876131e-01,
       7.9828251269407102e-01, -1.8040582407253496e+00,
       1.4428834815340438e-01, 5.9305587526133474e-01,
       3.3206506543102719e-02, 3.0392371523792405e-01,
       6.8512071645422002e+03, -1.6071798740516761e+02,
       2.8549379150907403e+03, -7.9417469818251811e+02,
       2.9545975807233060e+02, 2.3642131729401635e+02,
       8.8603299588996123e+01, 2.5996530576787830e+01,
       2.5182960949521764e+01, 3.2598000681124653e+00,
       -1.6071798740516752e+02, 9.8049478222540893e+03,
       5.8903328328649400e+02, 1.0606989548306574e+03,
       7.0100336154138620e+02, 2.9239550765753518e+02,
       9.1054093112794263e+01, 4.1905435082362239e+01,
       2.2866722304201694e+00, -1.1993303358180414e+00,
       2.8549379150907403e+03, 5.8903328328649400e+02,
       2.4379294816676020e+03, 2.7881897805171420e+01,
       -1.5438801849506459e+02, -4.6480670157863791e+01,
       -3.0596884244078275e+01, -6.7744142606842868e+00,
       -5.9417087038849559e+00, 1.2255813409123411e+00,
       -7.9417469818251811e+02, 1.0606989548306574e+03,
       2.7881897805171409e+01, 2.3682400646429501e+03,
       -2.8339109480756883e+02, -1.2693197825553122e+01,
       -2.3555250498496711e+01, -2.5117953293962568e+01,
       6.0988472509205129e+00, 3.4591975403260560e+00,
       2.9545975807233060e+02, 7.0100336154138597e+02,
       -1.5438801849506461e+02, -2.8339109480756878e+02,
       2.9848602458311296e+02, 1.0205456524488821e+02,
       2.0970074418173219e+01, 1.4920896314200416e+01,
       1.0270504643703735e+01, 2.6222596679662658e-01,
       2.3642131729401632e+02, 2.9239550765753518e+02,
       -4.6480670157863791e+01, -1.2693197825553108e+01,
       1.0205456524488822e+02, 2.8364784801777336e+02,
       2.2222881119677051e+00, 9.2934683360920580e+00,
       1.0117536388239646e+01, -5.1551184657125759e-01,
       8.8603299588996151e+01, 9.1054093112794277e+01,
       -3.0596884244078282e+01, -2.3555250498496715e+01,
       2.0970074418173215e+01, 2.2222881119677060e+00,
       3.1588998284949582e+01, 3.9811084869312077e+00,
       8.4329110857039946e-01, -1.1308621325416165e-01,
       2.5996530576787830e+01, 4.1905435082362231e+01,
       -6.7744142606842885e+00, -2.5117953293962557e+01,
       1.4920896314200416e+01, 9.2934683360920616e+00,
       3.9811084869312077e+00, 1.4146563537696137e+01,
       -1.3159588518014098e+00, 3.3319705787964937e-01,
       2.5182960949521764e+01, 2.2866722304201685e+00,
       -5.9417087038849576e+00, 6.0988472509205103e+00,
       1.0270504643703733e+01, 1.0117536388239646e+01,
       8.4329110857039946e-01, -1.3159588518014098e+00,
       6.0187116138804040e+00, 6.0845012167822354e-01,
       3.2598000681124653e+00, -1.1993303358180420e+00,
       1.2255813409123408e+00, 3.4591975403260573e+00,
       2.6222596679662663e-01, -5.1551184657125759e-01,
       -1.1308621325416161e-01, 3.3319705787964932e-01,
       6.0845012167822332e-01, 6.8665926174029812e-01,
       7.4955187767506704e+03, -4.8287359011275333e+02,
       2.2373566599726632e+03, -8.3427669451027850e+02,
       -4.5826856386549224e+02, -1.4748519573354963e+02,
       -6.7728516526687912e+01, 9.4196855905376129e+00,
       3.1356588637347706e+01, -7.3774102288386016e+00,
       -4.8287359011275350e+02, 1.4830124559193941e+04,
       -6.3587957061551197e+02, -1.2973439228776581e+02,
       -2.8546634031285958e+01, 6.1846728645777671e+02,
       7.0579716715453969e+01, 1.3225876103217999e+02,
       3.8111787721499184e+01, 3.9916153812032668e+01,
       2.2373566599726632e+03, -6.3587957061551197e+02,
       2.8644514534228915e+03, 3.3759564187680598e+02,
       1.2963672037138736e+02, -1.2604130112030742e+02,
       -7.7634435413784466e+00, -3.3948817278055863e+00,
       1.8931124551940133e+01, -1.4613383227298904e+01,
       -8.3427669451027850e+02, -1.2973439228776576e+02,
       3.3759564187680598e+02, 2.7096996045594042e+03,
       5.2985518814964983e+01, -3.7595794091202421e+01,
       -2.4364436633278683e-01, -7.7258468582685623e+01,
       -3.1046894607674691e+01, 2.0641164711707720e+01,
