%YAML:1.0
means: !!opencv-matrix
   rows: 9
   cols: 5
   dt: d
   data: [ 9.9300600961458770e+01, -4.4597402563622957e+01,
       -2.2186380955361688e+01, 3.8132274264687446e+01,
       -2.7144801889236334e+01, -1.4897440883651871e+02,
       -6.0262934022508318e+01, 4.5168220369706923e+01,
       1.7803064838063335e+01, -1.1450519074596157e+01,
       1.3764125133192960e+02, -4.3400396087172496e+01,
       2.2341321256097380e+01, 4.8774473226818875e+00,
       -4.4502475616194346e+00, 9.4022174527781246e+01,
       4.6486480571946942e+01, -3.9181824402750159e+01,
       -2.8217999413421836e+01, -1.0537615602049843e+01,
       -1.2621440406195211e-01, -1.3770238145770466e+02,
       1.4514886722234698e+01, 4.7652401189785365e+01,
       2.4001006856438870e+01, 9.1608415777768258e+01,
       1.4081194472753637e+02, -1.6104785441622557e+01,
       3.3673327998424170e+01, -3.3917618242674887e+00,
       -2.5074737391023334e+01, -2.2097245986461417e+01,
       -5.6568091110945893e+01, 1.9104840430613738e+01,
       7.9555470115813023e+00, 2.1889424257218323e+01,
       1.0991361105209560e+01, 1.2387327880736370e+01,
       -1.4468878941602350e+01, 2.4991368011168280e+01,
       -1.4326344441666933e+02, 7.0630676635035414e+01,
       2.4127095624515349e+01, -4.0217494660941952e+01,
       -6.1249141037557351e+00 ]
covs: !!opencv-matrix
   rows: 45
   cols: 5
   dt: d
   data: [ 4.0820251823473895e+03, -1.0532627531891001e+02,
       2.8677735906569583e+03, -8.0728250202827064e+02,
       -8.1346734798147708e+01, -1.0532627531890991e+02,
       5.0873340008315372e+03, 9.0586431495589682e+02,
       2.6865682238363624e+03, -4.1721113379565004e+01,
       2.8677735906569592e+03, 9.0586431495589682e+02,
       2.5045023462176728e+03, -1.1304446696344451e+02,
       -9.5124410534702491e+01, -8.0728250202827064e+02,
       2.6865682238363624e+03, -1.1304446696344451e+02,
       1.7576705855131584e+03, 6.8803846054586103e+01,
       -8.1346734798147708e+01, -4.1721113379565004e+01,
       -9.5124410534702491e+01, 6.8803846054586103e+01,
       3.5721792451140473e+01, 7.6680888659873290e+03,
       7.1305627994646852e+02, 2.8485408523810811e+03,
       -1.0083283911187474e+03, 6.5220782802692008e+02,
       7.1305627994646841e+02, 8.3123644018276082e+03,
       7.8242889645851210e+02, 1.8005799051358990e+03,
       7.9230472103833927e+02, 2.8485408523810806e+03,
       7.8242889645851210e+02, 2.3407272892627893e+03,
       -4.6569262236683471e+01, -9.7708423624625325e+01,
       -1.0083283911187474e+03, 1.8005799051358990e+03,
       -4.6569262236683521e+01, 1.9524787558592514e+03,
       -2.7086503557804411e+02, 6.5220782802691986e+02,
       7.9230472103833927e+02, -9.7708423624625325e+01,
       -2.7086503557804406e+02, 3.9538219395112549e+02,
       5.8738694240869781e+03, 6.6772047043758073e+02,
       -2.2851857474976751e+02, -3.1416054462935864e+02,
       -2.3200773918235510e+02, 6.6772047043758062e+02,
       7.6235300558915060e+03, 4.8126293222505154e+02,
       9.8975452183231653e+02, -3.8808894770005189e+01,
       -2.2851857474976751e+02, 4.8126293222505154e+02,
       1.1053109326385195e+03, 3.9819888258681709e+02,
       7.5302301570437891e+01, -3.1416054462935875e+02,
       9.8975452183231653e+02, 3.9819888258681709e+02,
       2.2391444963876111e+03, -3.2916312162182642e+01,
       -2.3200773918235510e+02, -3.8808894770005203e+01,
       7.5302301570437876e+01, -3.2916312162182635e+01,
       2.3273142589925112e+02, 9.9614835477394117e+03,
       -3.6975345475091890e+03, 1.6698624132206814e+03,
       1.1844348373371699e+03, -3.9608579984229102e+01,
       -3.6975345475091890e+03, 8.7632455166187938e+03,
       1.2861307629739997e+03, 3.3512923106643785e+02,
       2.8559976594164514e+01, 1.6698624132206814e+03,
       1.2861307629739997e+03, 2.5719790106458768e+03,
       -5.8363530295336636e+02, -9.4468125305133171e+01,
       1.1844348373371699e+03, 3.3512923106643791e+02,
       -5.8363530295336636e+02, 2.3378240905866678e+03,
       3.0613559446105555e+01, -3.9608579984229102e+01,
       2.8559976594164514e+01, -9.4468125305133171e+01,
       3.0613559446105555e+01, 4.0435725080088403e+01,
       5.3352170937001756e+03, -1.2625267547766655e+03,
       2.9629790567135142e+03, -7.9544041999684850e+02,
       -1.0355525062994671e+02, -1.2625267547766655e+03,
       1.0961698812113726e+04, 1.1251622927734447e+03,
       1.2425467897342733e+03, 1.2330437734364903e+03,
       2.9629790567135142e+03, 1.1251622927734447e+03,
       2.3793321311099317e+03, -2.0013658793282281e+02,
       3.4482735553205757e+01, -7.9544041999684850e+02,
       1.2425467897342733e+03, -2.0013658793282275e+02,
       2.1896113417629904e+03, -3.6558595010048015e+02,
       -1.0355525062994671e+02, 1.2330437734364903e+03,
       3.4482735553205757e+01, -3.6558595010048015e+02,
       3.9831506954435116e+02, 9.2149617096801321e+03,
       -2.1764742889906629e+03, 1.6665738056948444e+03,
       8.6235055824552751e+02, -3.8838135963186517e+02,
       -2.1764742889906629e+03, 4.9430302022737060e+03,
       4.1267355692835480e+02, -1.4855665497018090e+03,
       6.9069658449881118e+01, 1.6665738056948449e+03,
       4.1267355692835463e+02, 2.5218245485305665e+03,
       -9.5428449426676889e+02, -5.1396394304076640e+00,
       8.6235055824552751e+02, -1.4855665497018090e+03,
       -9.5428449426676889e+02, 1.2651969860330657e+03,
       -6.0173950980018461e+01, -3.8838135963186517e+02,
       6.9069658449881118e+01, -5.1396394304076614e+00,
       -6.0173950980018482e+01, 1.2168851443102064e+02,
       5.9533676232711441e+03, -1.5821619152192411e+03,
       -5.4884148723039800e+02, 3.3665288509440211e+02,
       -5.6453915832235521e+02, -1.5821619152192411e+03,
       9.0678284088231758e+03, 2.2381705803344840e+02,
       6.3881324316076905e+02, 3.0249341785502668e+02,
       -5.4884148723039800e+02, 2.2381705803344843e+02,
       1.0473514177520969e+03, 6.0642661692562160e+02,
       7.8832151654872632e+01, 3.3665288509440205e+02,
       6.3881324316076905e+02, 6.0642661692562149e+02,
       2.3655591581929571e+03, -6.6909378043727784e+01,
       -5.6453915832235509e+02, 3.0249341785502668e+02,
       7.8832151654872632e+01, -6.6909378043727813e+01,
       3.8312684273506414e+02, 4.9065531609314439e+03,
       -3.4492582170712177e+02, 2.3283938189704136e+03,
       -6.2755382111175300e+02, -2.0584422672892069e+02,
       -3.4492582170712177e+02, 8.9391442648013399e+03,
       2.4781592684472920e+02, 8.9801147164731356e+02,
       -4.3841125526619413e+02, 2.3283938189704136e+03,
       2.4781592684472918e+02, 2.2959590512877348e+03,
       3.4573689029024251e+02, 5.5224008353916886e+01,
       -6.2755382111175300e+02, 8.9801147164731356e+02,
       3.4573689029024251e+02, 2.4205263870739786e+03,
       3.1190304478331205e+02, -2.0584422672892075e+02,
       -4.3841125526619402e+02, 5.5224008353916886e+01,
       3.1190304478331205e+02, 2.0852756793138332e+02,
       8.0199616312464914e+03, 1.3830689142101178e+03,
       2.4095869394067468e+03, -1.3951956403355705e+03,
       1.6987653608772621e+02, 1.3830689142101178e+03,
       8.3701427920420556e+03, 1.5963677516720011e+02,
       2.0221169895379833e+03, -1.1112416846315415e+02,
       2.4095869394067468e+03, 1.5963677516720011e+02,
       2.6652991589565968e+03, 1.1082404157673352e+02,
       -5.1472849132244932e+01, -1.3951956403355709e+03,
       2.0221169895379835e+03, 1.1082404157673352e+02,
       1.8253308854829857e+03, 5.4012418793428338e+01,
       1.6987653608772621e+02, -1.1112416846315415e+02,
       -5.1472849132244932e+01, 5.4012418793428338e+01,
       1.5217627905652338e+02 ]
weights: !!opencv-matrix
   rows: 1
   cols: 9
   dt: d
   data: [ 5.5330959570238245e-02, 1.4954933220137087e-01,
       1.0552440115546005e-01, 1.6252686136649433e-01,
       5.8386187309390776e-02, 5.7144915634860821e-02,
       1.1730606110383156e-01, 1.6254290273811928e-01,
       1.3168837892021618e-01 ]
