%YAML:1.0
means: !!opencv-matrix
   rows: 6
   cols: 17
   dt: d
   data: [ 1.9093594666867055e+01, -1.5084155867040371e+02,
       7.0380586336915476e+00, 5.6687352364643239e+01,
       -2.2590362876439603e+00, -1.6173670849259242e+01,
       -1.8348269146054577e+00, -1.3683470733416521e+00,
       -1.9021770043109143e-01, -4.5742010873283201e-01,
       -1.3963812466914069e-01, -3.7903944862541193e-02,
       6.5698717052498816e-04, 8.5845348900231936e-03,
       -3.7928031385676186e-02, 5.9696255143940179e-03,
       1.5693024543959116e-03, -1.7987570798385585e+02,
       -3.8756286034000183e+01, 4.2969956341236589e+01,
       2.6764719473135434e+00, -1.4489115594034194e+01,
       -3.6481358482236361e+00, -1.3548305800786982e+00,
       4.2600372046022322e-01, -3.2588813088117924e-01,
       1.3257280280046527e-01, -3.5944850602588958e-02,
       -1.0476710744599820e-03, 1.2377345153230760e-03,
       -8.5587485501374119e-04, 8.0736528313825572e-03,
       -2.1228869872921587e-03, 5.9082341800008906e-04,
       9.4033518555570737e+01, 1.2725566610184627e+01,
       -2.4112779382295425e+01, 3.7246800256393247e+00,
       -1.4825293537327564e+00, 4.4341327341497366e-01,
       2.9742769829419224e-01, -2.1316212652614630e-01,
       -4.0187876445130577e-01, 4.9296387173996613e-02,
       7.5978658705984567e-02, 7.0155016017034479e-03,
       2.5404128513889113e-03, -5.5850389413601440e-03,
       1.5070402030005698e-02, 1.4685747797323866e-03,
       4.9654459095777102e-04, -6.2424861558121512e+00,
       -1.7795478456730809e+01, 1.0157631728176289e+01,
       8.0481472055484655e+00, 1.6027528287482212e+01,
       7.1833113724961315e+00, 1.8212581403692101e+00,
       3.5589997127838571e-02, -3.1494210346875257e-01,
       -6.8768222857602784e-02, -6.5080127419033670e-02,
       8.2349648972650756e-03, 1.1397309188847834e-03,
       2.6871439459029626e-03, -1.4738218665920320e-02,
       -2.4362963239228327e-03, -4.3325679669727095e-04,
       3.3529274802499565e+01, 2.8659510198809571e+01,
       -1.0491640419531095e+01, -1.7462612231352583e+01,
       1.8409768552122292e+00, -9.3755775409903297e+00,
       -5.8255431956823989e+00, 1.9094134052123346e+00,
       4.9013441648565390e+00, 4.2114754177659008e-01,
       -1.7691011338384400e-02, -2.3910915919125430e-02,
       -2.7893983007643543e-02, 8.3422038892877106e-03,
       5.2747360787961176e-03, -1.4175561770316465e-02,
       2.3303522533118124e-03, -5.3729365001915298e+01,
       1.2192292986966983e+02, -6.7005379919481163e+00,
       -5.5074143516349594e+01, -1.0466223431636456e+01,
       1.5491726827735079e+00, 1.2898878080891645e+00,
       -4.3530277532111578e-01, -2.6878514402636533e-01,
       -1.9303852449795664e-01, 3.9379286175083045e-02,
       -7.1441734833519073e-03, 3.4501149772116720e-03,
       4.2236062401982142e-03, -1.0323729825377640e-02,
       9.2111923147047310e-03, -3.8879917975697411e-03 ]
covs: !!opencv-matrix
   rows: 102
   cols: 17
   dt: d
   data: [ 9.7106597185059927e+03, 6.6688817271288315e+02,
       1.8579880000685423e+03, -1.1051791986537878e+03,
       -2.3410493089560131e+02, 4.2304815254485266e+02,
       1.0980223406219788e+02, -3.2229442037058767e+01,
       2.3511947650998358e+01, 1.3269014195142256e+01,
       -7.4451910271417558e+00, -2.2090870034518528e+00,
       5.8010854060708039e-01, 3.7089000483470486e-01,
       2.2446611125638816e-01, 5.0418676211210456e-01,
       6.0155090858576905e-02, 6.6688817271288315e+02,
       1.0658623495849588e+04, 3.9189526206809671e+02,
       1.6607913658878965e+03, -9.3214064446981666e+01,
       8.5331465136437726e+02, 1.5747370138165709e+02,
       -9.3756075735007549e+00, -2.4012727865280334e+00,
       6.6084651138962812e+01, -1.1443392453327867e+01,
       1.5773863210693173e+00, -6.3629887328445600e-02,
       2.3271611695832020e-01, 1.1444582473730509e+00,
       -3.1553262880702088e-01, -3.2013398407146912e-02,
       1.8579880000685423e+03, 3.9189526206809671e+02,
       2.7414215284396541e+03, 8.8426923295051019e+00,
       1.6282388561825593e+02, -1.0779832043321562e+02,
       -4.6131271739812391e+01, 2.1059834135679779e+01,
       1.3469613639269920e+01, -6.5515116587014104e+00,
       3.6494428324753883e+00, 6.8487511211896457e-01,
       -3.3703577229885578e-01, 5.1066582255974213e-02,
       -4.5828921439305281e-01, -1.7505740328435004e-01,
       3.5081652385556036e-02, -1.1051791986537878e+03,
       1.6607913658878965e+03, 8.8426923295051232e+00,
       1.9239940521688231e+03, 2.5624779626966646e+01,
       -9.2689541604513366e+01, -1.9650754118053737e+01,
       -2.4119496493422886e+01, -9.1242981569706707e+00,
       6.8701209664162803e+00, 2.3027251462487777e+00,
       -8.5384140600815683e-01, 1.6218788882772908e-01,
       3.8834634228290371e-01, -2.2669475188987837e-01,
       1.3543408200602572e-01, 1.8012200813290198e-02,
       -2.3410493089560129e+02, -9.3214064446981652e+01,
       1.6282388561825593e+02, 2.5624779626966646e+01,
       3.9595305706057650e+02, 3.3277952589655705e+01,
       1.3038616067159630e+01, 1.3246914523246076e+01,
       7.1353727135675138e+00, -9.8992506377380050e+00,
       2.2877043972066997e+00, -8.0423432422934271e-01,
       1.0856068735573184e-01, 7.3626946870790355e-02,
       -4.8195114966636715e-01, -5.9131396825376097e-02,
       -2.1481480844258927e-02, 4.2304815254485254e+02,
       8.5331465136437726e+02, -1.0779832043321562e+02,
       -9.2689541604513352e+01, 3.3277952589655712e+01,
       3.0888509257885721e+02, 2.0463171952453429e+01,
       5.9040454509723581e+00, 6.3704037634234947e+00,
       5.5855739484029563e+00, -2.2947146897388211e+00,
       1.2401570188619954e-01, 4.0354646685507263e-02,
       -1.4097001030395817e-01, 2.9572211961959505e-01,
       -8.7788948165411121e-02, -1.7072945653196576e-02,
       1.0980223406219788e+02, 1.5747370138165709e+02,
       -4.6131271739812377e+01, -1.9650754118053747e+01,
       1.3038616067159630e+01, 2.0463171952453425e+01,
       3.5527619671072358e+01, -1.2856124072796722e+00,
       1.6783646630240086e+00, 2.5307996880686203e+00,
       -2.6116657083339984e-01, -8.9358905037693739e-02,
       -2.6382502759630562e-03, 3.4716585575720924e-02,
       3.1666724861845712e-04, -8.4089262539196168e-03,
       -8.8782669952408039e-03, -3.2229442037058760e+01,
       -9.3756075735007656e+00, 2.1059834135679779e+01,
       -2.4119496493422886e+01, 1.3246914523246081e+01,
       5.9040454509723599e+00, -1.2856124072796722e+00,
       2.0098197557814977e+01, 5.8605378782418045e+00,
       -4.4134174564253392e+00, -6.3586672862491894e-02,
       1.6754522186258568e-02, -8.5967730722212535e-03,
       -7.3721782488769677e-02, 2.1499254760282218e-02,
       6.6117944032473780e-03, -4.6985626781820477e-03,
       2.3511947650998358e+01, -2.4012727865280366e+00,
       1.3469613639269920e+01, -9.1242981569706707e+00,
       7.1353727135675111e+00, 6.3704037634234947e+00,
       1.6783646630240081e+00, 5.8605378782418045e+00,
       1.0292781856345119e+01, -5.7948177631996813e+00,
       -5.0760781169501029e-02, -6.3492240853031873e-02,
       9.9817446844185902e-03, -8.6492905919972760e-02,
       -5.0262751036309434e-03, 7.0848429497391624e-03,
       -4.9756656038966755e-03, 1.3269014195142256e+01,
       6.6084651138962812e+01, -6.5515116587014104e+00,
       6.8701209664162857e+00, -9.8992506377380050e+00,
       5.5855739484029545e+00, 2.5307996880686203e+00,
       -4.4134174564253392e+00, -5.7948177631996813e+00,
       6.1142490004806591e+00, -1.0505822572512835e-01,
       4.2055987481780743e-02, 8.5246228580491846e-03,
       6.7090590082362928e-02, 1.6073112918779135e-03,
       -1.2870788733384108e-02, 1.7974232937817016e-05,
       -7.4451910271417558e+00, -1.1443392453327867e+01,
       3.6494428324753883e+00, 2.3027251462487772e+00,
       2.2877043972066997e+00, -2.2947146897388211e+00,
       -2.6116657083339984e-01, -6.3586672862491908e-02,
