%YAML:1.0
means: !!opencv-matrix
   rows: 13
   cols: 12
   dt: d
   data: [ -3.9340429898621437e+01, -1.3464149635946026e+01,
       1.0536506366375814e+01, 9.0011679720988216e+00,
       1.2062757180073994e+01, -1.1124061729901047e+01,
       2.0893536587780934e+00, 4.2240954276012666e-01,
       3.3565891632454636e-01, 1.6314719953488765e-01,
       1.4680297810015282e-02, -5.6179260156759810e-03,
       8.1745364241148636e+01, 1.5287595634025717e+01,
       -2.4145291269466231e+01, -3.2246249816802354e+01,
       -2.6495410775955808e+01, -1.9655803600448774e+01,
       8.6497093876698306e-01, -2.3222043970291195e+00,
       2.0148351124324135e-01, -4.0276826947353191e-02,
       1.0539898053732552e-01, -4.5761435080193726e-03,
       -1.6087084288542263e+02, -9.4713253457290847e+00,
       3.6377893042482619e+01, 2.1356922967072305e+00,
       -3.3790064669394582e+00, -7.5673577468438724e+00,
       2.2266552151481536e-01, -2.0981508350449509e+00,
       -8.9210684233975124e-01, 4.1691424797908022e-01,
       -7.2636667578149308e-02, -2.3812291058880442e-02,
       1.4532622828580574e+02, -1.1364987319622404e+01,
       -3.9858795750527662e+01, 1.0716540565811053e+01,
       -5.1534193423882391e+00, 1.2479215839326354e+01,
       -5.2104123976865890e-01, 1.4558237510510983e+00,
       2.1329785985573949e-01, -6.9209999304770856e-02,
       4.2389405716008181e-02, -1.3813034278323828e-02,
       5.6651313042065603e+01, 8.1038015226720361e+00,
       -7.4433898719910703e+00, -4.2658724178432923e+00,
       1.5883266632468677e+01, 2.0723703639382154e+00,
       4.2599876890143579e-01, 7.8267125559423822e-01,
       3.3805107453195060e-01, -7.2072776088301579e-02,
       1.2321908801199761e-02, 2.4476159629218334e-02,
       -3.8294533104598521e+01, 6.6185470879356316e+01,
       8.3235138091695546e+00, -2.9543029224459850e+01,
       5.5027822803369046e+00, 1.2857480067145957e+01,
       3.0762545435830962e-01, 2.2230663939596371e+00,
       1.1932194061947843e+00, 1.7573251093372122e-01,
       -2.1653841944293184e-01, 2.4178004449760634e-02,
       -2.0995673441992764e+02, -7.7870786399339273e+00,
       4.5920386209288374e+01, 1.2236878363962679e+01,
       -1.0422089482833446e+01, 1.0467866658254817e+01,
       -1.5521241568607242e+00, -1.2230328256200469e+00,
       -3.1719946711443281e-01, 1.0493098180547988e-01,
       -3.1542162837488964e-03, -5.0726978775479686e-02,
       -1.8868714074422849e+02, 8.1598039313939367e+01,
       4.1524398605565125e+01, -4.6175260839325709e+01,
       -2.0634763363000733e+01, 1.0179795749759998e+01,
       -2.2069841105491736e+00, 1.9093070268085548e+00,
       6.5881780834232206e-01, -3.3891279425266693e-02,
       3.0828520395361905e-02, 6.4996623810648461e-03,
       1.4168056086604074e+02, 2.6045472009411121e+01,
       -3.5844658026373018e+01, -2.0109795632647604e+01,
       -6.6399827122022774e+00, 1.8790030401677996e+01,
       -5.3075096075820607e+00, -2.1343893772426141e+00,
       -2.7578258088877070e+00, -2.8370210493808173e-01,
       1.0722731752401686e-01, -1.0134541208450175e-01,
       -1.3792853596309109e+02, -1.0261022534046586e+02,
       2.5784935253071836e+01, 6.5749593505854008e+01,
       -1.6734266120998164e+01, -1.1092789815409581e+00,
       1.8193621868225560e-01, -1.3089252146578902e+00,
       7.9109387366400474e-01, -3.3468014431707649e-01,
       7.0424971675924042e-02, -2.6000351685459304e-03,
       3.7956525289684464e+01, -9.5079724610428542e+01,
       -1.0801218021482157e+01, 6.2517726092709296e+01,
       -5.5793310369426417e+00, 6.6814499427294571e-01,
       1.8246200495899401e+00, -1.7259850896226225e-01,
       2.0367710580069802e-02, -1.6039772367927030e-01,
       -4.1537821107899130e-02, 8.9915552544788240e-05,
       1.3532083469534956e+02, -8.7324908975605187e+00,
       -3.9186637754282195e+01, -5.2858205541360670e-01,
       -1.2606353307938020e+01, 2.6549627009021521e+00,
       9.4970788928095906e-01, -1.8173746855710464e+00,
       6.6769021645754789e-01, 1.1748955358938762e+00,
       -1.1957265673146532e-01, -8.6671904399593228e-02,
       1.0968782018777066e+01, 1.2747699543897253e+01,
       1.0590228025759236e+01, -3.6500047826968172e+00,
       1.4680333677135229e+01, -3.7460625559916858e+00,
       -6.8321183427593999e+00, -3.7841258917353064e+00,
       -5.1680110411832008e+00, -5.4723346346250701e-01,
       -1.0857328531663576e-01, 5.8241740101414662e-02 ]
