%YAML:1.0
means: !!opencv-matrix
   rows: 18
   cols: 12
   dt: d
   data: [ 2.3613604060766438e+01, 1.1948876376289748e+02,
       -2.1866316776629944e+01, -4.8081584087069189e+01,
       -2.7435347003222361e+00, 2.3794764191229037e-01,
       1.6773386073365031e+00, -2.3613361353281354e-01,
       -2.4720851536206870e-01, -2.9591213325828578e-02,
       3.6436667675551863e-02, -1.3906009835004092e-02,
       -1.4524153530767276e+02, -4.1961286925423209e+01,
       4.2594509620265981e+01, 1.2553252871525942e+01,
       -4.9620749093359393e+00, 9.6866154831127886e+00,
       7.7701693208824929e-01, 1.2574866165338010e+00,
       -6.8577724824095132e-01, -3.3271148869993918e-02,
       1.6142845008819261e-02, -9.8748558191789231e-04,
       -1.6996362687870626e+02, -1.2374807048238780e+02,
       4.8397637476069228e+01, 4.4907874639760550e+01,
       -3.6319380983465933e+01, -6.8804255932388569e+00,
       -4.4883406393252390e+00, -1.3034109450973439e+00,
       -8.2271295260356891e-01, -4.8458598359077121e-02,
       1.3136419908543484e-01, 4.5027783662870441e-02,
       3.5178128908095263e-01, 1.0991393427377382e+02,
       1.4274221587574482e+01, -3.1310702422631735e+01,
       1.4960447949903358e+01, -2.8433565307250244e+00,
       -1.2352438469889497e+01, 1.9094844052830782e+00,
       6.0308292848938398e+00, 6.9038326852175447e-01,
       1.3831408943639084e-01, 2.7147973927254676e-01,
       2.5963410920159735e+01, -7.2705656550826858e-01,
       -4.7104197874540663e+00, -1.0615849866599691e+01,
       2.8403148999177548e+00, -6.3714413332624593e+00,
       -6.2617195816057940e+00, 1.1713692771271773e+00,
       6.2984865684416977e+00, 2.2257108482231142e-01,
       -2.4285128572373080e-01, -7.3760145963207800e-04,
       1.3383403537413910e+01, 5.6167960950564343e+01,
       -1.4280018051558146e+01, -3.2429600929654825e+01,
       2.1011566642452024e+00, -2.6023493691601947e+00,
       1.4848382117228063e+00, -1.5514502416775131e-01,
       -5.8428518782031558e-01, -2.0098398855050920e-01,
       -1.8923659396057352e-01, 1.7421401126816009e-02,
       -1.5801563585037545e+02, 5.0744725283321884e+01,
       3.3430437690033962e+01, -3.2492051294523876e+01,
       -3.1803198047822789e+00, -1.2902347308995268e+00,
       6.4023992615332848e-01, 1.1039781921710894e+00,
       -9.9871194981070244e-01, -3.7588133069541528e-02,
       -1.2789942897791484e-02, 5.6508692054946423e-03,
       9.9413177185222580e+01, -4.4245432660715508e+01,
       -2.1809671513411168e+01, 3.7163605181690301e+01,
       -2.7610178075535906e+01, 2.3292519426434421e+01,
       1.0587436718365755e+00, 1.3248543588655222e+00,
       4.8439560755413463e-01, 3.9249916891899821e-02,
       1.5003717800251304e-01, -3.4770824166463466e-03,
       1.6652616420480956e+02, 2.5477300772814097e+01,
       -4.3586359185996152e+01, 9.0622382834155815e+00,
       -1.0055033049812884e+01, -6.2955616610801011e+00,
       -7.2739105380911140e-01, -5.3125629925451764e-02,
       -8.2436285965146927e-01, -2.2257651573111447e-02,
       1.1608983928155724e-01, -2.2417505812069926e-02,
       3.9467238105678234e+01, -2.2728497207356401e+01,
       -8.3207590980676152e+00, -3.8497054359320289e+00,
       1.4894748102653050e+01, -2.5186268027799212e+01,
       -3.4240207645857090e+00, 6.0156704991267871e+00,
       4.5177522896028091e+00, -1.1252203561197383e+00,
       2.6441801094877992e-01, -1.3454282367222650e-01,
       -3.1954697798841888e+01, 1.1193423013844157e+01,
       -4.3568644458540602e+00, -2.5598156640376356e+01,
       -7.6384378569246918e+00, -2.8287105408951811e+00,
       5.6485295446258732e-01, -2.9200860877826993e+00,
       3.1943274585381847e+00, 1.8578469198192658e+00,
       2.8342878132293309e-01, -2.6349422741068668e-01,
       8.8002054777118861e+00, -7.9213518809289823e+01,
       4.9484394315776195e+00, 3.0266010425548423e+01,
       -1.1402071433818405e+01, -1.3567181278571587e+01,
       -4.5157473297423589e-01, -1.4536634856399657e+00,
       -1.5144100266037719e+00, 5.4331114766159960e-01,
       -3.4590889775628691e-01, 1.7052867483519710e-02,
       -1.8992245049371328e+02, -2.3907640564900397e+01,
       3.4059578968577625e+01, -1.0809813029593156e+01,
       -4.5066615137281767e+00, -4.9209598421205714e+00,
       -2.7359801349697359e+00, -2.0190469694158666e-01,
       4.3432063112536206e+00, 7.4254625215831016e-01,
       -1.4942272865161052e-01, -9.3593056578390288e-02,
       6.2192693401926507e+00, -1.9465127138962200e+02,
       1.5899831841489821e+01, 6.7931724865932779e+01,
       1.0661571101147041e+01, -2.0795284781204298e+01,
       -1.8807568831899713e+00, -1.0846677849292345e+00,
       2.6008360333022656e-01, -1.2566778326651296e+00,
       3.2245712487612765e-02, -8.3923056176650371e-02,
       1.2068785411598031e+02, -2.7878620554489675e+01,
       -2.7586526391850033e+01, 2.5652444230842562e+01,
       -1.0394260637642430e+01, 7.7245506335356415e+00,
       4.9808067853030269e-01, 4.5739564626438367e-01,
       -2.6166377534647978e-01, -7.6996160382711148e-02,
       -6.7239574300121271e-02, 2.4453561441238565e-02,
       6.7175588601833054e+00, -6.3519220859557869e+01,
       1.2342075489736253e+01, 2.6415667121855702e+01,
       2.9442874385019532e+01, 1.1457677181908815e+01,
       1.8669870560899176e+00, -8.3713396141260821e-01,
       -2.2368844511364037e-02, 2.4182089919760365e-02,
       -1.5085207533102357e-02, 7.4216293624169514e-03,
       5.0611509529421475e+01, 9.0365956403797423e+00,
       -7.1314948197620520e+00, -3.7631647479312034e+00,
       2.1117043946635448e+01, -9.0762918314457970e+00,
       -4.7667368704197979e-02, -9.8878139210472982e-01,
       -7.4225179716330347e-01, 1.6641917926754041e-01,
       6.7864057564506433e-02, 2.9923720446467406e-02,
       -1.1980517545270497e+02, 1.3080444911571351e+02,
       6.7484584366822995e+00, -5.5320595330425334e+01,
       -1.7591534736758398e+01, -1.0316493876277724e+00,
       4.0981426374077634e-01, -6.8950526737263340e-01,
       -5.1096748707636053e-01, -4.2780894411839943e-01,
       1.2627686193894355e-01, -5.0760890389754806e-03 ]
