%YAML:1.0
means: !!opencv-matrix
   rows: 24
   cols: 7
   dt: d
   data: [ 6.2656345193187333e+00, -2.0065057665514297e+02,
       1.5094718154442758e+01, 6.9388730837561340e+01,
       1.1083959851486892e+01, -2.3062465866219597e+01,
       -1.9024325199494203e+00, -3.3441652344849970e+01,
       -1.8083823689967307e+01, -6.7094583787400111e+01,
       1.2548451650462200e+01, 1.1205027869247189e+01,
       6.4622703550803893e+00, -2.4675492042519762e-01,
       7.7079182525382421e+01, 1.8974958107655651e+00,
       4.4719164440669545e+01, -2.4062522397355611e+01,
       1.4437083307140558e+01, 5.9657942207982693e+00,
       1.5322163609422401e+00, -1.3387610986173496e+02,
       1.1606277373529122e+02, 1.4701832827872453e+01,
       -5.2589168001211604e+01, -1.6251831626576770e+01,
       -2.0926949308438232e+00, 1.0194526149408084e-01,
       8.6006936678490675e+01, 1.0918800253787464e+02,
       -1.9912147410066092e+00, 4.8115588656037644e+01,
       6.7030289378929080e+00, -7.2648776472200352e+00,
       -9.1450473538226218e-01, 1.3735155041777176e+02,
       -4.3535952845868096e+01, -3.1431574993440059e+01,
       3.3153287753792320e+01, -2.1326101576505206e+01,
       6.4388154756497551e+00, 2.8127723296420248e-01,
       -1.7837245261900276e+02, 2.7042190592320043e+01,
       3.8549577709423012e+01, -2.5132563725055995e+01,
       -4.3715291657720536e+00, -2.4934593748196989e+00,
       7.2388937921307211e-02, 6.4924721373048342e+01,
       -8.0412356893644997e+01, 4.5005500134872474e+00,
       4.5949228560920076e+01, 4.6669864396180172e+00,
       2.5085738871175671e+01, 2.5021199962561993e+00,
       9.5973865463115648e-01, 5.6542012084250239e+01,
       2.2301083294462966e+01, -2.2479080959864056e+01,
       2.6492641836730336e+01, -4.9309130010812323e+00,
       -7.4024762407814029e+00, -1.4536946880463822e+02,
       -9.0507737749311072e+00, 3.2026906528556793e+01,
       -1.8187847026783576e+01, -4.1868078154628448e+00,
       -2.5473493548912504e+01, -1.5593015280166100e+00,
       -6.0573404324243086e+01, -3.9217593313977787e+01,
       3.0430071363482895e+01, 1.3801296266892745e+01,
       2.2301891173307322e+01, 1.4390647733915964e+01,
       1.7256649467642222e+00, 8.7849817371393044e+00,
       1.2216003760933211e+02, -2.1650084873204694e+01,
       -5.5109937138798685e+01, -1.5571043887380180e+01,
       1.6850145216366652e+00, 2.2853886869941475e+00,
       6.6461300353761317e+01, 1.0369593569083284e+01,
       -2.5026595936309818e+01, -4.5837363520806447e+00,
       -1.1373678129976106e+01, -6.8224025355330333e+00,
       -9.8681582118117217e-01, 1.8059271172689566e+02,
       1.8263262090404336e+01, -4.7632590409475462e+01,
       9.9016649646225385e+00, -1.1533460442692595e+01,
       -7.6700747958332389e+00, 1.0723378497051632e+00,
       2.4216766379248146e+01, 1.2929363854646815e+02,
       -2.8041689587682040e+01, -5.1856044819565426e+01,
       -6.1163566957010778e+00, 1.1901250943620540e+00,
       2.1263441085825008e+00, -2.6036891121627857e+01,
       9.1453727281709632e+01, -5.3629284247626012e+00,
       -4.3858406880474412e+01, 1.0833724831056614e+01,
       -1.5738430308127616e-01, 1.7212021608022854e+00,
       9.9223241937910288e+01, -4.6782556615328446e+01,
       -2.1908257655689873e+01, 3.6577801171266799e+01,
       -2.7368245537046029e+01, 2.3619362968752995e+01,
       1.2317671387672946e+00, 7.2369192940315060e+01,
       4.9313463847410986e+01, -1.8768371920047585e+01,
       -2.9317264716286957e+01, -3.5720925188863700e-01,
       -1.5679491175226000e+01, -2.7069921532080645e+00,
       -1.7014403094614923e+02, -6.4368277510847918e+01,
       4.4642551504798838e+01, 2.1484807952681972e+01,
       -1.6637444133573197e+01, 7.9256111586868991e+00,
       -1.1103569428390494e+00, 1.1241493074893049e+02,
       -2.8096807008863145e+01, -2.4418775925468406e+01,
       -9.2859668022572150e-01, 7.7878747571836220e+00,
       -6.4703902954722707e+00, 5.3910795230979336e-01,
       5.0068056266956049e+01, -5.9344534139467413e+00,
       -1.2082713994803179e+01, -1.7199553525154014e+00,
       -1.0717535672243592e+01, -9.0365545003665577e+00,
       -3.5072219194775589e+00, -1.6991876918111507e+02,
       -1.5871878527291761e+02, 5.2644970530133236e+01,
       5.2252843158476637e+01, -4.1093814987718240e+01,
       -1.9667055000815356e+01, -5.6064819007679167e+00,
       2.5715012975524559e+01, -4.9712756943002560e+01,
       1.8153220224523597e+01, 1.7355074538982901e+01,
       3.6099542735129937e+01, -2.1822635331907168e+00,
       5.7687285132711363e-01, -5.0663133558950690e+01,
       -3.4361364847361386e+00, -2.6723212393029083e+01,
       -6.2328145322579687e+00, 3.2338567788311167e+01,
       -1.1979536178134063e+00, 1.7689851132536494e+00 ]
