%YAML:1.0
means: !!opencv-matrix
   rows: 45
   cols: 7
   dt: d
   data: [ 6.0658339005230083e+01, -6.9759101754510723e+01,
       -2.0114333742502215e+01, 4.2453798055879680e+01,
       5.1495357131954940e+00, 1.1229837839479273e+01,
       -6.0045344856906724e-01, -1.7678138280160474e+02,
       -1.3884332599794459e+02, 3.5222554103701654e+01,
       -9.4460051735822226e-01, -4.7307429554202098e+00,
       3.8484089521897276e+00, 1.7423747589480093e-01,
       1.1412565371142213e+02, -4.3444919821270872e+01,
       -3.2711192962618746e+01, 3.4721463610021061e+01,
       -2.7108073054844612e+00, 1.3809661103939828e+01,
       -1.0646752850380446e-01, -2.1743869911354562e+01,
       6.0754012183313570e+01, 6.5840593929946478e-01,
       3.6336071466743491e+01, 2.6816079682581211e+01,
       -5.5562323434096497e+00, 2.3605203902238237e-01,
       5.4782376690064275e+01, -8.1377114288088563e+01,
       -1.6812547133578825e+01, 4.8638642791192844e+01,
       -1.3895291351837635e+01, 1.0618137073681295e+00,
       -1.5074391077157480e-02, 1.4595951509682484e+02,
       3.5022617261432202e+01, -4.4599366240217719e+01,
       -1.7205173736894675e+01, -1.2191783155993583e+01,
       -1.7582225682654978e-01, 2.4498905065291643e+00,
       -4.8301822884160561e+00, 5.0095267593931055e+01,
       9.9189215241848760e+00, -3.4118861687925978e+01,
       8.9958124853680932e+00, -1.1515770035896622e+01,
       -1.0253309057243569e+00, 1.0790498162292194e+02,
       -3.3124512182778936e+01, -4.6019136187758882e+01,
       1.7535638549393909e+01, -3.4339198010541074e+00,
       9.7470376979535622e+00, -3.9289612414996838e-01,
       -2.0599596301956248e+02, 1.8473234625901650e+01,
       4.9708639323102119e+01, -1.0794563498629149e+01,
       -1.4610267667905607e+01, 5.2392172605561553e+00,
       -2.2117546492543641e-01, -1.8883413501717342e+02,
       -1.2113386518866567e+00, 4.3727143921444679e+01,
       4.1141123770294300e+01, -7.9830616848908500e+00,
       8.2950044604435664e+00, -9.9896811305499833e-01,
       -1.4944493906866623e+02, -1.0450553228467180e+02,
       2.7161540708707690e+01, 6.6343627223334522e+01,
       -2.0060834946231257e+01, 9.2465166495286200e-01,
       -2.8512570585537517e-01, 8.6866174383322459e+01,
       9.5423999400964181e+00, -2.4776097589797963e+01,
       -3.0307949129833442e+01, -2.9762485505063037e+01,
       -1.7381734193022211e+01, -2.7796886416354782e-01,
       4.0329541710778841e+01, 1.3538532821546211e+01,
       -2.3675960611426749e+01, 3.1687913054786589e+00,
       1.8282260995778699e+01, 5.1509310103847721e+00,
       1.1356749795215864e+00, -1.5475083553108183e+02,
       1.2565402560309714e+01, 3.8331496693380856e+01,
       1.0892341358614420e+01, -6.4374161802148206e+00,
       2.5859521987569742e+01, -1.5005538131886458e+00,
       -2.4202867054088660e+01, -7.4678031715215496e+01,
       1.4559744763148368e+00, -2.5190477207638761e+01,
       3.1148531909546826e+01, -3.7587273500755231e-01,
       -4.0389542821044122e-01, 1.1492399351537516e+02,
       1.5449334043198663e+01, 3.9524431545824212e+00,
       -3.3276374447738007e+01, -2.6065169408090359e+01,
       -2.0103269688914587e+01, 1.2420033664018686e+00,
       2.3695948349460275e+02, -5.8321298304345106e+00,
       1.6775580648253015e+01, -9.4859489636202223e+00,
       -8.5838975239062805e+00, 1.1127112617929550e+01,
       -1.1022734867274746e+00, 1.3208964450278205e+02,
       1.9600167162084908e+01, -2.7761174515384390e+01,
       -1.8090165251575499e+01, -5.8852111629241719e+00,
       2.1353635064306655e+01, -9.6686566139225256e+00,
       -4.0966219900198695e+00, 4.4532380961219289e+01,
       1.2548235072163845e+01, -2.7185232188484612e+01,
       3.8210833817857861e+01, -8.8757691306343478e+00,
       2.2017388894382974e+00, 4.7475685511693143e+01,
       5.9141787154168668e+01, -8.0384528087021305e+00,
       -4.2388185483807135e+01, 1.4584078809934645e+01,
       -1.7941900916307862e+01, 3.2456684717944757e+00,
       -4.4859208288872189e+01, 5.5205747676752111e+01,
       6.5352643810022704e+00, -3.9802088161857348e+01,
       -1.9754505219317837e+00, 1.3287449787700824e+01,
       -1.5192124095793396e+00, -2.5688750234526276e+02,
       7.1833280694544342e+01, -1.0116828494471536e+01,
       -4.8848737749607508e+01, -2.3092316334807254e+01,
       3.4979996969122058e+00, -1.3112747710269799e+00,
       -9.3515650789908676e+01, -4.2744212469695213e+01,
       3.6942573535311226e+01, 4.1418857741365684e+01,
       8.7051477059453877e+00, -1.0272196050992719e+01,
       -1.5675649172556538e+00, -2.1325834143414212e+02,
       9.0516551621050226e+01, 5.4052527422571089e+01,
       -4.4472205408887227e+01, -1.8232040744051648e+01,
       2.6498675141123609e+01, -4.0805170925061827e+00,
       -9.2791201696610571e+01, -3.3068707160003491e+01,
       2.9187549526358119e+01, -3.6492016864844445e+01,
       1.6200834291169176e+01, -1.5114656715333401e+01,
       2.0460834211040959e+00, -1.3212988991125489e+01,
       1.5966532633370468e+02, 1.0635526318700302e+01,
       -9.1666794923139136e+01, 1.8395316999180270e+01,
       2.9107248027522758e+01, -2.6372044717889058e+00,
       1.4731929754820825e+01, 4.9387667623468161e+01,
       -9.7771867673180157e+00, -4.7450866889385274e+01,
       -3.6952422989944573e+01, -1.9001259868218938e+01,
       2.5559548145512054e+00, -6.6159965984129926e+01,
       -1.5138257168548529e+02, 1.0805350720352617e+01,
       2.4550960844588740e+01, 7.5039970330541017e+00,
       -2.7565570245214919e+00, 2.0384416416752944e+00,
       9.7772128822988364e+01, -5.6895315367566646e+01,
       -2.6204643254716231e+01, 3.4969886277835052e+01,
       -1.0658713714993070e+01, 1.0576068221062073e+01,
       8.0771817227677933e-01, 1.1868599251228706e+02,
       -8.5353287589642726e+00, 6.4298888192306450e+01,
       4.2292169008928582e+00, 1.7651556818363321e+01,
       7.4554727347264449e-01, -1.7221629399204938e-01,
       7.2830140899193822e+01, -4.1323314372066662e+01,
       -1.7235782434408804e+01, -2.8353642597137334e+00,
       -5.4826723663589814e+00, 8.2062854255953752e+00,
       -4.6618941586520517e+00, -1.3234493409587691e+02,
       5.9518797258319182e+01, 4.3714762700950502e+01,
       -4.1686581819772698e+01, -1.2631337374162007e+01,
       -1.1595035502497556e+01, -6.3578508577971082e-01,
       -9.2682803684401236e+01, 9.6644191538358129e+01,
       2.7440041151628289e+01, 1.8296213543819256e+01,
       1.4610431907421329e+01, -1.5646913913786772e+01,
       1.3682844530184324e+00, 1.3677846410986882e+02,
       -2.1244852884929277e+00, -6.2277904618734595e+01,
       -2.1734736422519980e+01, -6.4290574844017447e+00,
       1.3008488936507655e+01, 2.4100949366790397e-01,
       4.7753322985528598e+01, -2.4659547556046341e+01,
       -2.9343945302248708e+00, 2.7811887155125973e+01,
       1.9438969815456712e+01, 1.8911629470334095e+01,
       -6.0065731997951550e+00, -2.0050293329449457e+02,
       4.4138830321260073e+01, 3.6286359136993902e+01,
       -2.4767729162889143e+01, -4.2436716003573380e+00,
       4.3633947757656353e+00, -2.6946841467022029e+00,
       -6.8792114583285723e+01, -3.6923177415484375e+01,
       1.5720158205930955e+01, 7.8129212739339536e+01,
       2.7339560852036260e+00, -5.9829570381071511e+00,
       1.7850315630800200e+00, -2.7034068562722906e+00,
       -6.8411148181055538e+01, 1.5228538428942102e+00,
       4.9662182272384690e+01, 1.7495175749635120e+01,
       5.4689138000519799e+00, 1.1011174261353582e+00,
       2.9863074412463121e+01, -9.9687034231099091e+01,
       -1.0720300070615776e+01, 6.9057106798454313e+01,
       -5.0214559359978690e+00, -1.6312709647426336e+00,
       2.2154109992204223e+00, 5.2309187641440225e+01,
       1.5192663998073951e+02, -8.4740958493157610e+00,
       -8.1462250618757338e+01, 1.7024858408599339e+01,
       6.7238987061912088e+00, 1.7108569280580255e+00,
       8.6239904109422724e+01, 4.8901236642659732e+01,
