%YAML:1.0
means: !!opencv-matrix
   rows: 4
   cols: 6
   dt: d
   data: [ -1.5994819851235437e+02, 2.3256608373703742e+01,
       3.7160129908180849e+01, -1.1969806415510643e+01,
       -7.5203652988291587e+00, 2.6502796933175623e+00,
       1.1592039418987196e+02, 1.8134728999457597e+01,
       -3.2907069013789005e+01, -2.2065948210679416e+01,
       -1.7026847275233532e+01, -4.7501285004096383e+00,
       2.6509629002392451e+01, -7.2517721662529226e+01,
       -1.0943524811719524e+01, 4.9098833646391476e+01,
       -7.1911236523297104e+00, 5.4724310841096981e+00,
       1.8758080770104893e+01, 1.5376959265151839e+01,
       2.1689264400355661e+00, -6.7994558668003364e+00,
       1.9879232760338809e+01, -1.9877257672474093e+00 ]
covs: !!opencv-matrix
   rows: 24
   cols: 6
   dt: d
   data: [ 7.6239708610181979e+03, -3.2607819326816872e+02,
       2.8017923908175885e+03, 3.6781069328363299e+02,
       4.0887243739981545e+02, -3.7179145120716629e+02,
       -3.2607819326816877e+02, 9.9569734458479688e+03,
       -9.8879192111164315e+01, 1.3019335575242510e+01,
       -5.2089893701314918e+02, 5.4897736367667960e+02,
       2.8017923908175885e+03, -9.8879192111164272e+01,
       2.4720946781213142e+03, 4.0768532026717260e+01,
       -8.5346156430851750e+01, 4.4884010616884815e+01,
       3.6781069328363299e+02, 1.3019335575242479e+01,
       4.0768532026717317e+01, 2.4634532810833325e+03,
       2.4475944158233182e+02, -2.3391521434632915e+02,
       4.0887243739981545e+02, -5.2089893701314918e+02,
       -8.5346156430851735e+01, 2.4475944158233176e+02,
       1.9450244058973544e+02, -1.1593364853326220e+02,
       -3.7179145120716618e+02, 5.4897736367667949e+02,
       4.4884010616884822e+01, -2.3391521434632915e+02,
       -1.1593364853326217e+02, 3.4141026613430120e+02,
       5.9495805443862637e+03, -5.4254334385231445e+01,
       2.6477300582017024e+03, 5.9615763967544785e+02,
       2.6302415719903058e+02, 5.1553017639397831e+02,
       -5.4254334385231381e+01, 5.8977617017361417e+03,
       -2.1275540778025309e+01, 2.3053710766692711e+03,
       -3.7464448566877138e+01, -8.2062560223334174e+01,
       2.6477300582017024e+03, -2.1275540778025302e+01,
       2.6765140390522392e+03, -7.9717508809747940e+01,
       -1.7378642629185771e+02, -9.9290769801266890e+01,
       5.9615763967544797e+02, 2.3053710766692711e+03,
       -7.9717508809747940e+01, 1.3734739471842277e+03,
       5.0924013634184220e+01, 7.6591882020353680e+01,
       2.6302415719903058e+02, -3.7464448566877152e+01,
       -1.7378642629185771e+02, 5.0924013634184220e+01,
       1.2982430456464229e+02, 1.5308369946365738e+02,
       5.1553017639397819e+02, -8.2062560223334145e+01,
       -9.9290769801266919e+01, 7.6591882020353694e+01,
       1.5308369946365738e+02, 3.0391306632421868e+02,
       1.4301114221859427e+04, 2.5711897710531894e+03,
       8.9164324414167868e+02, -1.1803176864858906e+03,
       3.3021815221050093e+02, 4.6278205247161679e+02,
       2.5711897710531894e+03, 7.3299262278492524e+03,
       -6.2161429633794705e+02, 1.6065754576872762e+03,
       1.7546195486646912e+01, 1.6432123479574975e+02,
       8.9164324414167868e+02, -6.2161429633794728e+02,
       2.9934355346158741e+03, 2.7403998111786967e+02,
       -2.0046230477100906e+02, -6.1178156996486223e+01,
       -1.1803176864858904e+03, 1.6065754576872762e+03,
       2.7403998111786973e+02, 1.4962443393059098e+03,
       -9.5639229200817553e+01, -2.4453508214056905e+02,
       3.3021815221050093e+02, 1.7546195486646912e+01,
       -2.0046230477100906e+02, -9.5639229200817553e+01,
       7.2962443641432401e+01, 2.3231360358917431e+01,
       4.6278205247161679e+02, 1.6432123479574972e+02,
       -6.1178156996486223e+01, -2.4453508214056905e+02,
       2.3231360358917431e+01, 9.9321533039524510e+01,
       6.9703563052572790e+03, 7.5264983395296940e+02,
       2.4376804284140421e+03, -2.3859833177135340e+02,
       -4.5909059355694751e+02, 2.3640144796779458e+02,
       7.5264983395296963e+02, 9.6261419584318337e+03,
       -2.5757389476281691e+02, 2.2716925561697437e+02,
       6.1689956959823178e+01, -1.3633697353200475e+02,
       2.4376804284140421e+03, -2.5757389476281696e+02,
       2.6773423449634611e+03, 3.3125233812632388e+01,
       2.9373367215430694e+01, -5.6589987166345701e+01,
       -2.3859833177135340e+02, 2.2716925561697445e+02,
       3.3125233812632395e+01, 2.3397885016268733e+03,
       -9.4106914457442926e+01, 3.6179981957221379e+01,
       -4.5909059355694757e+02, 6.1689956959823164e+01,
       2.9373367215430701e+01, -9.4106914457442954e+01,
       2.4050504575988862e+02, -6.8948115899316065e+00,
       2.3640144796779455e+02, -1.3633697353200475e+02,
       -5.6589987166345679e+01, 3.6179981957221393e+01,
       -6.8948115899316056e+00, 1.9806227242353947e+02 ]
weights: !!opencv-matrix
   rows: 1
   cols: 4
   dt: d
   data: [ 2.3212332141564154e-01, 2.1770586915125451e-01,
       2.0256450509638127e-01, 3.4760630433669992e-01 ]
pca_proj: !!opencv-matrix
   rows: 6
   cols: 21
   dt: f
   data: [ 4.36961316e-02, 8.50134730e-01, 1.73015636e-04,
       6.54514134e-02, 4.60692108e-01, 2.29939164e-04, 7.67599978e-03,
       1.46649793e-01, -1.37564148e-05, 1.21663406e-03, 1.30500361e-01,
       -5.45994153e-05, 8.06188770e-03, 1.42052382e-01, -2.12945142e-05,
       -2.45414903e-05, 9.56867734e-06, -1.94090262e-06, 3.13729906e-05,
       4.34020360e-04, 2.32224409e-07, 7.68702388e-01, -5.10314330e-02,
       1.14127281e-04, 4.21110362e-01, -3.83849256e-02, 4.02935693e-05,
       2.81941950e-01, -1.35209868e-02, 1.95932400e-04, 2.66951323e-01,
       -4.70317341e-03, 2.29704310e-04, 2.76557714e-01, -1.55316098e-02,
       2.11025646e-04, -3.74769334e-05, 5.54774260e-06, -7.89335627e-06,
       8.86836962e-04, -5.85095040e-05, 1.91629806e-04, 1.28585771e-02,
       -3.46314937e-01, -1.22481215e-04, -4.01510373e-02, 1.58088982e-01,
       -1.45607672e-04, 1.89476740e-02, 5.27356327e-01, 2.33430081e-04,
       1.79703757e-02, 5.36674440e-01, 2.90960423e-04, 1.17339585e-02,
       5.35117626e-01, 2.47836346e-04, -7.02231409e-06, -3.17391914e-06,
       2.59759432e-08, 1.54912759e-05, 1.72088097e-03, 2.08691781e-04,
       -5.93480825e-01, -8.48098937e-03, -8.88030772e-05, 2.05370650e-01,
       3.40346433e-02, 1.63823628e-04, 4.45453286e-01, -5.44621795e-03,
       -1.30590008e-04, 4.45820451e-01, -1.72652975e-02, -2.10900864e-04,
       4.54801619e-01, -3.90723068e-03, -1.75610170e-04, -1.74471352e-05,
       -6.38676829e-06, 1.65030560e-05, 1.38473080e-03, -5.51051289e-06,
       -1.34489819e-04, -4.15651649e-02, -3.88010889e-01,
       -1.59748225e-03, 2.57949054e-01, 8.27547431e-01, -5.50693134e-04,
       -8.53880048e-02, -1.33590102e-01, -3.55328375e-04,
       -8.88043940e-02, -1.88108414e-01, -3.67236295e-04,
       -7.92043582e-02, -1.47186622e-01, -3.09964700e-04,
       -2.68626522e-04, -4.51062988e-05, -9.29085581e-06,
       -3.75579461e-04, -5.09061909e-04, -3.50576767e-04,
       -2.29677543e-01, 6.27092123e-02, 2.84698303e-03, 8.33015800e-01,
       -2.64675170e-01, 3.15759354e-03, -1.39708534e-01, 2.80198567e-02,
       3.38124041e-03, -2.62821585e-01, 1.58270776e-01, 3.37547949e-03,
       -2.53903240e-01, 1.97897218e-02, 3.25371907e-03, -1.88428123e-04,
       9.26321736e-05, 1.05069688e-04, -8.69478390e-04, 5.32297554e-06,
       3.23282625e-03 ]
pca_mean: !!opencv-matrix
   rows: 1
   cols: 21
   dt: f
   data: [ 2.07625534e+02, 2.55653595e+02, 1.54502928e+00,
       2.18915131e+02, 2.60592743e+02, 1.67241716e+00, 2.65274475e+02,
       2.24016678e+02, 1.71669352e+00, 3.19420807e+02, 1.63929108e+02,
       1.75046074e+00, 3.16613464e+02, 2.25532654e+02, 1.70717156e+00,
       1.08872897e-04, -9.74175637e-05, 6.24380555e-05, -2.17504916e-04,
       -2.50119597e-01, 1.75055194e+00 ]
gamma: !!opencv-matrix
   rows: 4
   cols: 1
   dt: d
   data: [ 9.2887388843671426e-01, 9.0344355311317526e-01,
       8.9775165687606373e-01, 9.3053482862278758e-01 ]
