%YAML:1.0
means: !!opencv-matrix
   rows: 35
   cols: 1
   dt: d
   data: [ -1.3460490318543373e+02, 1.4877512563890593e+02,
       2.1876063660515108e+01, -2.4759256308018058e+02,
       6.9684224393048481e+01, -5.9186689515893832e+01,
       -1.8465726347561105e+02, 2.2558089552641471e+02,
       1.1567314526613481e+02, 2.4793188191747652e+02,
       -2.7325427175004563e+02, 2.7621638511186609e+02,
       -2.5941117832733212e+01, -1.0568544898661908e+02,
       -3.0426308305477266e+02, -7.4616373578359529e+01,
       3.8059237553369414e+01, 2.0527203287607745e+02,
       6.7533426899475728e+00, -2.2651991837788410e+02,
       -1.6704837501271862e+02, 5.4175940829409086e+01,
       1.0023986352439843e+02, 1.8686572934505887e+02,
       -4.2643344665973594e+01, 3.0487390586566266e+02,
       1.3115541452701694e+02, -3.3705121237682800e+02,
       8.4624193408135568e+01, -2.0387845156850821e+02,
       1.6733574789345070e+02, -1.5094000417616132e+02,
       -9.0449522247038630e+01, -1.1981757564391089e+02,
       -9.2804106308276211e+00 ]
covs: !!opencv-matrix
   rows: 35
   cols: 1
   dt: d
   data: [ 5.4898688583839409e+01, 7.1396713801708515e+01,
       6.2589662363319221e+01, 1.4229148247082892e+02,
       5.1398018837993142e+01, 6.9518335846845844e+01,
       6.7973132699248140e+01, 1.3872991466540219e+02,
       6.6900257550589515e+01, 1.9078598018160525e+02,
       1.8346815297123979e+02, 3.0668627544759573e+02,
       6.6428228268485881e+01, 6.2371433069857758e+01,
       3.5832649151309300e+02, 6.4819469934160679e+01,
       5.6484260371473653e+01, 9.0006014434504166e+01,
       6.3358441654598067e+01, 1.0410838843764697e+02,
       6.4467521653284706e+01, 5.0604092861298774e+01,
       5.7851175283858367e+01, 7.6383523870948338e+01,
       6.8580721508579643e+01, 8.0995341056827897e+02,
       6.8494989631746222e+01, 7.1248445126479885e+02,
       5.4887788369314485e+01, 8.2234142870022495e+01,
       7.3513695416160701e+01, 6.2936758235740513e+01,
       5.9276729262387285e+01, 6.0704022160090474e+01,
       6.4026191163182418e+01 ]
weights: !!opencv-matrix
   rows: 1
   cols: 35
   dt: d
   data: [ 2.5005395317458327e-02, 3.1618013937437399e-02,
       4.3958685475833446e-02, 1.5130371489338061e-02,
       4.2834732244106312e-02, 3.9180718574327159e-02,
       2.0233628539430854e-02, 1.5937473022120282e-02,
       3.7733783321400004e-02, 1.1861788797619737e-02,
       1.5541068979177357e-02, 8.9990246869606477e-03,
       4.2838874587278024e-02, 2.9856838129888409e-02,
       1.0767852171565447e-02, 3.5888547929180906e-02,
       4.7138161202184732e-02, 1.7819095721253168e-02,
       4.5118601196657761e-02, 2.0385138849508603e-02,
       2.0628696929031059e-02, 4.5233712707159486e-02,
       4.1774478201256980e-02, 2.2866558896906700e-02,
       4.2084748018950888e-02, 6.8500031847201935e-03,
       3.4949057003956674e-02, 5.1416727430483268e-03,
       4.1086294278899371e-02, 2.2307787856695342e-02,
       3.0750881963472074e-02, 2.2701570073854042e-02,
       3.6883897100278860e-02, 2.5549356493059155e-02,
       4.3343490375972543e-02 ]
pca_proj: !!opencv-matrix
   rows: 1
   cols: 21
   dt: f
   data: [ 1.02604255e-02, 8.46533298e-01, 5.67100069e-05,
       -5.08859605e-02, 4.68450844e-01, 1.89823491e-04, -5.55210514e-03,
       1.46431834e-01, -1.98076777e-05, -7.31809530e-03, 1.34976640e-01,
       -4.80776835e-05, -6.69380091e-03, 1.46460637e-01, -1.57161594e-05,
       2.11501210e-05, 1.32904761e-05, -3.16381829e-07, -1.62182951e-05,
       4.47223283e-04, 4.04881848e-06 ]
pca_mean: !!opencv-matrix
   rows: 1
   cols: 21
   dt: f
   data: [ 4.33646118e+02, 2.44701981e+02, 1.49672687e+00,
       4.18191803e+02, 2.60206879e+02, 1.62062907e+00, 3.68545319e+02,
       2.27059875e+02, 1.69770968e+00, 3.19420807e+02, 1.63929108e+02,
       1.75046074e+00, 3.16613464e+02, 2.25532654e+02, 1.70717156e+00,
       1.08872897e-04, -9.74175637e-05, 6.24380555e-05, -2.17504916e-04,
       -2.50119597e-01, 1.75055194e+00 ]
gamma: !!opencv-matrix
   rows: 35
   cols: 1
   dt: d
   data: [ 8.2653262784697701e-01, 8.3554731425887574e-01,
       7.6639257706070263e-01, 8.8032218103234339e-01,
       7.8730424360728746e-01, 7.8138227353927681e-01,
       8.5358272030580185e-01, 8.7257583413354223e-01,
       8.1597165051906351e-01, 8.8126256014640059e-01,
       8.8907591366806571e-01, 8.9130166776464559e-01,
       7.6732358649003019e-01, 8.0904982224825639e-01,
       8.9915029557730064e-01, 7.8996678459955072e-01,
       7.7150657684448953e-01, 8.6371541507769267e-01,
       7.6387552607039511e-01, 8.7216496887934114e-01,
       8.4472999089534462e-01, 7.7874512840601517e-01,
       8.0617965046610918e-01, 8.5523505558784885e-01,
       7.7335755425959307e-01, 9.0274800332232541e-01,
       8.2535834230629845e-01, 9.0916203140380669e-01,
       7.9638177172366653e-01, 8.6257287607018773e-01,
       8.4554746518908086e-01, 8.3603861349938402e-01,
       7.9946687741173272e-01, 8.1775796665069045e-01,
       7.6403685020236067e-01 ]
