%YAML:1.0
means: !!opencv-matrix
   rows: 34
   cols: 6
   dt: d
   data: [ -1.1620476833025990e+01, -1.0259293068385633e+01,
       4.3842978460099040e+00, 5.1346023961995506e+00,
       -9.1145164616567111e+00, -1.2761691908499655e+01,
       1.0297330511041292e+01, -7.7208208133727140e+01,
       -5.5962975453921239e+01, -1.8781270961913055e+01,
       1.4544546424549983e+01, 1.7712870538342438e+00,
       -1.4509663970232256e+02, 9.9799093612022091e+01,
       -3.0693498276904268e+01, -4.3917760170552910e+01,
       1.9963299066200442e+00, 5.2388525050798114e+00,
       4.0392072871106677e+01, 5.1618605248423449e+01,
       4.7290869583558077e+00, 3.6556559319473692e+01,
       1.6868064360888820e+01, -1.2454564649500772e+00,
       2.5585377483616874e+01, -1.2219872096712125e+02,
       3.8401688186802353e+01, 4.0319769631776481e+01,
       3.4835757079652645e+01, 1.2297955418435282e+00,
       -1.7057100345260017e+02, -6.9723587978618482e+01,
       4.7115276549697661e+01, 2.7753789700707362e+01,
       -2.3667291811659101e+01, 8.7730697984442951e+00,
       1.3765859324875095e+02, 8.1935173990392229e+01,
       3.6197974933102287e+01, -5.4748296188224856e+01,
       -1.0677928313653426e+01, -4.6362205885756529e+00,
       -1.7544744113753296e+01, 8.7387922962354608e+01,
       -5.7266390214440310e+00, -3.2106718435469894e+01,
       1.9106098148565618e+01, -3.8427764078378965e+00,
       1.6770666840245556e+02, -7.5796930689338865e+01,
       -6.3428199148033528e+01, -3.7299667897993878e+01,
       -1.1902946563300802e+01, -6.3333241455728899e+00,
       -8.1888377182629114e+01, -1.6861660363085363e+01,
       3.4975031527664413e+01, 2.2716019733954568e+01,
       1.1382823225606533e+01, 2.2064754886884163e+01,
       -1.5323598752931142e+02, 1.1670399521257413e+02,
       1.6076641698050359e+01, -4.9997481335335138e+01,
       -2.4023363027809687e+01, -5.2981110464828474e+00,
       1.1489209920872828e+02, 6.0611312186766803e+01,
       -1.3005055979107428e+01, 7.7470064955310932e+01,
       -1.5600829290754147e+01, 3.9108833699673182e+00,
       2.2102498700252696e+02, 2.5592254280819535e+01,
       3.4961344159727636e-01, 1.5010596806702932e+01,
       -1.2754293724495044e+01, -1.0234237179759246e+01,
       -7.2767391915467613e+01, 7.4743249928893283e+00,
       -5.2869007952216073e+01, 1.2557011054410049e+01,
       1.7985637605163994e+01, -9.5960041706261361e+00,
       -1.7534673134638066e+02, -4.0651725826290082e+01,
       2.9821994454005047e+01, -6.2254435912578657e+01,
       -4.9218774904465104e+00, -5.3698519246350358e+00,
       5.9413591034088284e+01, -3.1945710247257111e+01,
       3.6887774190075845e+01, 1.0777459011678010e+01,
       2.9865364760029493e+01, -6.7583996412336793e+00,
       9.9961780781569317e+01, -4.8424234789557815e+01,
       -2.1884620737197807e+01, 3.5971826804197867e+01,
       -2.7265016506327441e+01, 2.3407130248654738e+01,
       -1.2756524461833077e+01, -8.0804702991267483e+00,
       6.0541557376331863e+00, -6.9649480058734810e+00,
       3.8537961034211598e+01, -6.8441007310410500e+00,
       -1.6914518452274137e+02, -1.5544019353903025e+02,
       5.3824470665247148e+01, 5.1971663570537132e+01,
       -4.0911448431075080e+01, -1.9136503907848979e+01,
       -7.1635493555397943e+01, -7.5216826542448274e+01,
       -2.3628266864106287e+01, 4.5012704212719441e+01,
       3.7310076987148065e+01, 8.5235469549781691e+00,
       1.0823448443584493e+02, 3.4615691678824916e+01,
       -8.2323966930056500e+01, 3.6850374359553236e+01,
       -9.5340778753495599e+00, -9.8466702019888999e+00,
       1.2030074442775677e+02, -7.6484348744301215e+01,
       3.2969793877757994e+01, -4.1250721974784405e+01,
       1.0736072971381413e+01, 3.6028403460280249e+00,
       -8.5761222735746856e+01, -1.2123194480600188e+02,
       5.5184207390453686e+01, -4.0386450196637966e+01,
       2.3381112857002613e+00, 6.2782385647268342e+00,
       -9.7783918197252859e+01, 5.1359203904927092e+01,
       9.2285991326195756e+01, -1.0711794359805206e-01,
       -2.4899438986384870e+00, 4.1489603574648110e-01,
       6.8682615810207949e+01, -8.0544777661014180e+01,
       -1.9557666044344232e-01, 4.7865055002613055e+01,
       4.5080661072610182e+00, 2.3887162658981698e+01,
       -2.1666272937301244e+02, -9.3688279514916957e+01,
       -2.2499285735282548e+01, -2.3219131698017524e+01,
       1.9019724776478086e+00, 5.5205562904690035e+00,
       4.1000621351691251e+01, 5.2910529441787666e+01,
       -2.8730481141098355e+01, -4.8622708135877822e+01,
       7.0672269288793110e+00, -7.7617961276557139e+00,
       5.9279486448223622e+01, 8.6843550430781661e+01,
       -4.0850594909635532e+01, -3.1272877088541474e+01,
       -1.2952642540674464e+01, 1.1167390453873378e+00,
       -2.2370498619251688e+02, 5.6589331426190292e+01,
       1.4612797247711715e+01, 2.4835929156302129e+01,
       -2.4249190996581866e+00, -1.2909940643268372e+00,
       -1.4950993704430894e+01, 9.6701274102138754e+01,
       5.2654865644871649e+01, -6.2655223388153367e+01,
       2.6510841295063883e+00, 4.8761116730130807e+00,
       1.4210965448329445e+01, -2.2986795232104805e+02,
       9.4641471499388139e+00, 7.5718574805129592e+01,
       -1.5906586256755566e+00, -2.9255485653753524e+01,
       1.2493436646975542e+02, -6.4114262081926924e+01,
       -3.4759040334758012e+01, 2.7566432155856731e+01,
       -2.3625627940719628e+01, 7.4396680882341428e+00,
       4.0054675795777854e+01, 1.8704019154360475e+02,
       -1.5211763475720200e+01, 9.6296901222176459e+00,
       7.3960930955771398e-01, -1.0024173172086760e+01,
       1.5540312769806068e+01, 1.1827762215244833e+02,
       -3.2371591836055472e+01, -5.7197480866869803e+01,
       -8.6581620095537950e+00, 1.4357499198061296e+00 ]
