%YAML:1.0
means: !!opencv-matrix
   rows: 6
   cols: 6
   dt: d
   data: [ -1.1155330982774504e+02, -6.6275773436318929e+01,
       2.6477362193590018e+01, 4.6015076181998232e+01,
       -1.9467353185506404e+00, 2.9505958922969050e-01,
       8.1732902835297850e+01, 1.6198414553609641e+01,
       -2.3691918438093278e+01, -3.2338635603014239e+01,
       -2.6175569717122652e+01, -1.9904648612501024e+01,
       1.9883211105393510e+01, -4.1734731462829835e+00,
       -2.5487437932315032e-01, -3.1678507954226745e+01,
       1.7042222332865798e+01, -1.4872730028979400e+00,
       -1.6001514910353632e+02, 5.5395325137786998e+01,
       3.7453038292635320e+01, -3.3192607752024820e+01,
       -8.8516717935506986e+00, 1.6686928851037202e+00,
       4.7707727077954679e+01, 9.5025252931299420e+01,
       -5.3383167214920606e+00, 2.2016053634722955e+01,
       1.7423983637272659e+01, -4.1039817552373314e+00,
       1.1269687828696355e+02, -3.1280647038763835e+01,
       -3.1359826532920280e+01, 2.0455367204899733e+01,
       -5.6212493231692999e+00, 9.6057128956422186e+00 ]
covs: !!opencv-matrix
   rows: 36
   cols: 6
   dt: d
   data: [ 9.4601019125186231e+03, -5.9836003255901483e+02,
       2.3956770878881512e+03, 7.5117468372160863e+02,
       5.6451076267917188e+02, -2.9638959673401706e+02,
       -5.9836003255901483e+02, 7.5210476996334464e+03,
       2.2189569472732853e+02, 1.4960696336320591e+03,
       3.3726384113283217e+01, 1.4094136777399339e+02,
       2.3956770878881512e+03, 2.2189569472732850e+02,
       2.6217908277913821e+03, -1.9859052618074745e+02,
       -1.3913152920137045e+02, 4.9658064605200963e+01,
       7.5117468372160863e+02, 1.4960696336320591e+03,
       -1.9859052618074745e+02, 1.4676952864209636e+03,
       -6.8548560108684669e+01, -1.6730965695083887e+02,
       5.6451076267917188e+02, 3.3726384113283217e+01,
       -1.3913152920137045e+02, -6.8548560108684683e+01,
       2.0345314872726146e+02, -6.0064444973452126e+01,
       -2.9638959673401700e+02, 1.4094136777399339e+02,
       4.9658064605200963e+01, -1.6730965695083887e+02,
       -6.0064444973452126e+01, 1.3365763031399243e+02,
       4.0800868001796439e+03, 7.4535112005785209e+01,
       3.0850703082962195e+03, 1.3886162141999696e+02,
       -1.0587816252304123e+02, -2.3769721806614491e+01,
       7.4535112005785280e+01, 5.5858394572328880e+03,
       -4.5410161808476815e+01, 2.4608947054316454e+03,
       -4.1299330692386889e+01, -1.3627879655722262e+02,
       3.0850703082962191e+03, -4.5410161808476843e+01,
       2.5800549223545145e+03, 2.9849315455832883e+01,
       -8.2364374988593312e+01, 5.2010235197230443e+01,
       1.3886162141999702e+02, 2.4608947054316454e+03,
       2.9849315455832894e+01, 1.1720378768666376e+03,
       -6.4548314057400958e+01, -8.7967659288241293e+01,
       -1.0587816252304123e+02, -4.1299330692386889e+01,
       -8.2364374988593312e+01, -6.4548314057400972e+01,
       3.7938032581943240e+01, 7.5364592898771106e+00,
       -2.3769721806614509e+01, -1.3627879655722265e+02,
       5.2010235197230443e+01, -8.7967659288241293e+01,
       7.5364592898771106e+00, 8.1230435288603402e+01,
       6.7789283816574152e+03, 1.1032589356233818e+02,
       2.4711335140717974e+03, -3.4572778152301800e+02,
       -4.6539027329532871e+02, 1.4324358287252105e+02,
       1.1032589356233827e+02, 8.6522318551057469e+03,
       -8.2726481495016429e+01, -3.1262104164254913e+02,
       -8.8628113967998331e+01, 2.1907310296670950e+01,
       2.4711335140717974e+03, -8.2726481495016458e+01,
       2.6274012335827183e+03, 4.6633194552973876e+01,
       1.0257678642648970e+02, -2.0484283685181886e+01,
       -3.4572778152301800e+02, -3.1262104164254907e+02,
       4.6633194552973869e+01, 1.5820706707445993e+03,
       -4.5376849780185786e+01, 9.2155593160001530e+01,
       -4.6539027329532871e+02, -8.8628113967998345e+01,
       1.0257678642648973e+02, -4.5376849780185758e+01,
       3.9303022398755047e+02, 4.9845401030839930e+01,
       1.4324358287252105e+02, 2.1907310296670964e+01,
       -2.0484283685181886e+01, 9.2155593160001530e+01,
       4.9845401030839930e+01, 2.1329387404523345e+02,
       7.8712002700700132e+03, -6.6470024213605853e+01,
       2.8061838851118623e+03, 1.3530814509035355e+02,
       5.2788494154491252e+02, -4.4174222466158949e+02,
       -6.6470024213605896e+01, 8.2458091692708367e+03,
       -2.1927180892551041e+02, 1.2452050134163571e+03,
       -4.6717910867218342e+02, 7.0468538380905363e+02,
       2.8061838851118623e+03, -2.1927180892551044e+02,
       2.4993336070182845e+03, 1.0681703286095434e+02,
       -8.3541019696106602e+01, 6.1001068625209598e+01,
       1.3530814509035361e+02, 1.2452050134163576e+03,
       1.0681703286095434e+02, 1.6896996322546445e+03,
       2.0487235986311191e+02, -2.9393431899519425e+02,
       5.2788494154491252e+02, -4.6717910867218342e+02,
       -8.3541019696106616e+01, 2.0487235986311197e+02,
       2.5669085787599630e+02, -1.5744511515268346e+02,
       -4.4174222466158966e+02, 7.0468538380905363e+02,
       6.1001068625209584e+01, -2.9393431899519425e+02,
       -1.5744511515268340e+02, 4.2206026549428469e+02,
       7.5359069539386091e+03, 1.5399721340671113e+02,
       2.2354518810427885e+03, -2.8811444436285325e+02,
       -9.4151123025699496e+02, 2.0453300787385521e+02,
       1.5399721340671118e+02, 3.1392528140702611e+03,
       -1.0659978934417788e+02, -5.9940306405903721e+02,
       5.3782575928635310e+01, -2.4101796925668845e+02,
       2.2354518810427885e+03, -1.0659978934417789e+02,
       2.7750190225693123e+03, -6.8402245023325063e+00,
       1.4339351736216099e+02, -4.3641723281756988e+01,
       -2.8811444436285325e+02, -5.9940306405903721e+02,
       -6.8402245023325241e+00, 1.0540034924633078e+03,
       5.4639192758195803e+00, 1.6176158938418527e+02,
       -9.4151123025699496e+02, 5.3782575928635303e+01,
       1.4339351736216099e+02, 5.4639192758195811e+00,
       3.4078377777964857e+02, -2.3815640191087144e+01,
       2.0453300787385521e+02, -2.4101796925668842e+02,
       -4.3641723281757010e+01, 1.6176158938418527e+02,
       -2.3815640191087144e+01, 1.7540552914877716e+02,
       6.7259864758921167e+03, 1.8269724219940179e+03,
       2.4460596176324161e+03, -1.1272442510940389e+03,
       -1.3949964180460236e+02, 1.4926885363824468e+02,
       1.8269724219940179e+03, 7.7717789386308859e+03,
       -5.7159997764869581e+02, 9.0562135314379611e+02,
       -7.8842659053164297e+01, 1.2331617133876318e+02,
       2.4460596176324161e+03, -5.7159997764869581e+02,
       2.6996977501174820e+03, 3.3363686987285627e+02,
       -9.3397026504430926e+01, 3.0988321664810718e+00,
       -1.1272442510940393e+03, 9.0562135314379611e+02,
       3.3363686987285627e+02, 2.0939583433661451e+03,
       -3.2188745828945635e+01, -2.3587088302061150e+02,
       -1.3949964180460236e+02, -7.8842659053164283e+01,
       -9.3397026504430926e+01, -3.2188745828945621e+01,
       4.2675685041737033e+01, 2.0100543820899322e+01,
       1.4926885363824471e+02, 1.2331617133876318e+02,
       3.0988321664810718e+00, -2.3587088302061153e+02,
       2.0100543820899315e+01, 8.8904597344276468e+01 ]
weights: !!opencv-matrix
   rows: 1
   cols: 6
   dt: d
   data: [ 1.7541894582850540e-01, 9.5638532615893335e-02,
       2.2258099723145269e-01, 1.5749230448859741e-01,
       1.0447917908859816e-01, 2.4439004074693646e-01 ]
