%YAML:1.0
means: !!opencv-matrix
   rows: 2
   cols: 9
   dt: d
   data: [ -1.2898041916507387e+02, -1.8638584957099823e+01,
       2.9164189319028868e+01, -2.6031448290396892e+00,
       -9.3559601237685186e+00, -4.0772651204823189e+00,
       -5.0007007568584150e-01, 6.5881486253944355e-02,
       -4.0417457432011500e-01, 5.7896257748764029e+01,
       8.3637822452323523e+00, -1.3093098886732477e+01,
       1.1691902156504550e+00, 4.1993489108870756e+00,
       1.8267225440107486e+00, 2.2416841350902722e-01,
       -2.9463879101513768e-02, 1.8283115311608655e-01 ]
covs: !!opencv-matrix
   rows: 18
   cols: 9
   dt: d
   data: [ 1.0446827682419987e+04, -1.6835661998290025e+03,
       1.9359489538349694e+03, -2.8623413033405774e+02,
       4.2466036444173511e+02, -2.4669580235203125e+02,
       8.2931352730613668e+01, -2.3979500833926469e+01,
       7.3991104239273797e+00, -1.6835661998290029e+03,
       1.5662961615028711e+04, 3.0502149922923849e+02,
       -1.0973631467584682e+03, 2.6436958005887828e+02,
       6.4890629442502268e+02, 1.2121469003426276e+02,
       3.8166021087906579e+01, 8.4864184061369912e+00,
       1.9359489538349696e+03, 3.0502149922923866e+02,
       2.7345490333315315e+03, 1.2893308731095834e+02,
       -1.5226625007108896e+02, 3.3401702436364943e+01,
       -3.1817435081335635e+01, 7.3444836136047558e+00,
       -3.2894874501368050e+00, -2.8623413033405774e+02,
       -1.0973631467584682e+03, 1.2893308731095834e+02,
       3.1073347856529263e+03, -1.0595654037519868e+02,
       -1.8915031489170269e+02, -3.6850148982001620e+01,
       -2.1903493214737473e+01, -2.6149860127746281e+00,
       4.2466036444173511e+02, 2.6436958005887834e+02,
       -1.5226625007108899e+02, -1.0595654037519866e+02,
       2.6476468678325750e+02, 3.9025882100964608e+01,
       1.6055050672129969e+01, 1.1149207641115305e+01,
       4.4950543943081502e+00, -2.4669580235203122e+02,
       6.4890629442502268e+02, 3.3401702436364921e+01,
       -1.8915031489170269e+02, 3.9025882100964608e+01,
       2.6727093144519455e+02, 1.9925276887448253e+00,
       1.1246475416616184e+01, 3.8263256401673127e+00,
       8.2931352730613668e+01, 1.2121469003426274e+02,
       -3.1817435081335631e+01, -3.6850148982001627e+01,
       1.6055050672129969e+01, 1.9925276887448256e+00,
       2.9926529665003244e+01, 2.9531539695587807e+00,
       1.9290616783254992e+00, -2.3979500833926469e+01,
       3.8166021087906586e+01, 7.3444836136047558e+00,
       -2.1903493214737473e+01, 1.1149207641115305e+01,
       1.1246475416616184e+01, 2.9531539695587807e+00,
       1.5954073329806848e+01, -1.0344697501774940e+00,
       7.3991104239273797e+00, 8.4864184061369912e+00,
       -3.2894874501368037e+00, -2.6149860127746285e+00,
       4.4950543943081493e+00, 3.8263256401673122e+00,
       1.9290616783254990e+00, -1.0344697501774940e+00,
       5.0607776430361699e+00, 1.0043706361495977e+04,
       -8.0763098690674246e+02, 1.5775582032332841e+03,
       -8.9921405200089012e+01, -9.7543814857230893e+02,
       -2.3108617994571583e+02, -7.9158898442339549e+01,
       1.6284429395325571e+01, -3.7307476479779915e+01,
       -8.0763098690674258e+02, 1.0813662659293534e+04,
       2.1659346434923035e+02, 4.6103470712439690e+02,
       -2.3207246153366381e+02, -3.4067276406467994e+02,
       -6.0470559806815416e+01, -1.6333996703145424e+01,
       -8.7197036551211333e+00, 1.5775582032332841e+03,
       2.1659346434923046e+02, 2.9889678204781690e+03,
       -8.4889855872166411e+00, 2.4581608760894090e+02,
       6.2301220508132339e+01, 2.3763838611625200e+01,
       -4.5451886549531544e+00, 9.1617636231770199e+00,
       -8.9921405200089012e+01, 4.6103470712439679e+02,
       -8.4889855872166589e+00, 2.7502717654713110e+03,
       3.1719982197922707e+01, 7.8006739903429661e+01,
       1.5695129508506682e+01, 9.9434515000330030e+00,
       4.8829779763636078e-01, -9.7543814857230893e+02,
       -2.3207246153366384e+02, 2.4581608760894090e+02,
       3.1719982197922700e+01, 4.7624218607829704e+02,
       -4.2312798712533692e+01, -1.0248428507020762e+01,
       -4.6042860791418905e+00, -4.4829979073884028e+00,
       -2.3108617994571583e+02, -3.4067276406467994e+02,
       6.2301220508132381e+01, 7.8006739903429661e+01,
       -4.2312798712533706e+01, 2.3413184800414416e+02,
       -2.2191992225056572e+00, -4.8739936760964655e+00,
       -2.7913354255068779e+00, -7.9158898442339577e+01,
       -6.0470559806815416e+01, 2.3763838611625189e+01,
       1.5695129508506685e+01, -1.0248428507020760e+01,
       -2.2191992225056567e+00, 3.0754413147113603e+01,
       -1.3042250235801176e+00, -9.9763019095284966e-01,
       1.6284429395325557e+01, -1.6333996703145424e+01,
       -4.5451886549531562e+00, 9.9434515000330030e+00,
       -4.6042860791418905e+00, -4.8739936760964655e+00,
       -1.3042250235801176e+00, 1.5950953845241823e+01,
       4.8182974019266112e-01, -3.7307476479779915e+01,
       -8.7197036551211369e+00, 9.1617636231770199e+00,
       4.8829779763636122e-01, -4.4829979073884028e+00,
       -2.7913354255068779e+00, -9.9763019095284988e-01,
       4.8182974019266100e-01, 4.9049981587771301e+00 ]
weights: !!opencv-matrix
   rows: 1
   cols: 2
   dt: d
   data: [ 3.0981520988871997e-01, 6.9018479011126732e-01 ]
