%YAML:1.0
means: !!opencv-matrix
   rows: 30
   cols: 1
   dt: d
   data: [ 1.1980561033454552e+02, -1.3372686476174383e+02,
       -1.1555384099068840e+01, 2.4271914764182006e+02,
       -3.0953053639602774e+02, 6.8073304482127952e+01,
       -2.1877770181580399e+02, 3.7835593981364930e+01,
       -2.9821541789971580e+01, -9.1650222308068678e+01,
       1.6167473446667663e+02, -4.9682086603002034e+01,
       1.8663706156411493e+02, -1.7702255171562288e+02,
       8.4555881867164217e+01, -2.3960628952587288e+02,
       -1.1243535491911084e+02, 1.4032696538792058e+02,
       5.2124998324582407e+01, -2.6099633753394323e+02,
       2.2423090800177061e+01, -3.4012923636168745e+02,
       2.7607666483195851e+02, 2.1424359130278546e+02,
       1.0142515153587640e+02, -7.0151372533683585e+01,
       6.3753759677493802e+00, -2.8339508709560351e+02,
       -1.9768753528196169e+02, -1.5485547629449616e+02 ]
covs: !!opencv-matrix
   rows: 30
   cols: 1
   dt: d
   data: [ 8.6373084004777070e+01, 1.0087437598246073e+02,
       7.3828557583081661e+01, 2.6517112805593774e+02,
       2.2439852519572790e+02, 6.0948998785700567e+01,
       1.0046703143587158e+02, 6.0901690438353818e+01,
       8.6492968015338178e+01, 9.8432110916122582e+01,
       1.2792985370006579e+02, 1.0215980844610451e+02,
       1.5397770561209262e+02, 1.0472747626169536e+02,
       6.8050586191596139e+01, 1.0037832142448768e+02,
       9.8176524062569854e+01, 1.0771557730200678e+02,
       5.9590897072610979e+01, 1.0723590486867596e+02,
       6.2357946342694724e+01, 6.5527603088749436e+02,
       5.6330084327649274e+02, 1.9389734885877903e+02,
       7.5602716061367900e+01, 1.0032457516742208e+02,
       6.6204036678467389e+01, 1.2072692628315696e+02,
       1.0444058658769556e+02, 1.0274643268922819e+02 ]
weights: !!opencv-matrix
   rows: 1
   cols: 30
   dt: d
   data: [ 4.7762649929502660e-02, 3.3906571837467391e-02,
       4.8639942894211606e-02, 1.4688746132199934e-02,
       8.8847224879515328e-03, 4.9439887389325629e-02,
       2.1337387848449071e-02, 4.2176428357604934e-02,
       4.6498096031072599e-02, 4.1755692121348185e-02,
       4.2644499460980333e-02, 4.4416038353657379e-02,
       3.7224884129262718e-02, 2.5713948494685133e-02,
       4.8610341199207562e-02, 1.6826836697242414e-02,
       3.7606900766567419e-02, 4.4869773379757540e-02,
       4.5672250137193671e-02, 1.4750070695290626e-02,
       4.4252354741822049e-02, 5.6946370469225663e-03,
       7.8835672931848958e-03, 2.1975225669047679e-02,
       5.0246296572737006e-02, 4.4292406706425959e-02,
       4.7039252049551408e-02, 1.1099450355145257e-02,
       2.3101809938032635e-02, 3.0989331284138482e-02 ]
pca_proj: !!opencv-matrix
   rows: 1
   cols: 21
   dt: f
   data: [ 4.36961316e-02, 8.50134730e-01, 1.73015636e-04,
       6.54514134e-02, 4.60692108e-01, 2.29939164e-04, 7.67599978e-03,
       1.46649793e-01, -1.37564148e-05, 1.21663406e-03, 1.30500361e-01,
       -5.45994153e-05, 8.06188770e-03, 1.42052382e-01, -2.12945142e-05,
       -2.45414903e-05, 9.56867734e-06, -1.94090262e-06, 3.13729906e-05,
       4.34020360e-04, 2.32224409e-07 ]
pca_mean: !!opencv-matrix
   rows: 1
   cols: 21
   dt: f
   data: [ 2.07625534e+02, 2.55653595e+02, 1.54502928e+00,
       2.18915131e+02, 2.60592743e+02, 1.67241716e+00, 2.65274475e+02,
       2.24016678e+02, 1.71669352e+00, 3.19420807e+02, 1.63929108e+02,
       1.75046074e+00, 3.16613464e+02, 2.25532654e+02, 1.70717156e+00,
       1.08872897e-04, -9.74175637e-05, 6.24380555e-05, -2.17504916e-04,
       -2.50119597e-01, 1.75055194e+00 ]
gamma: !!opencv-matrix
   rows: 30
   cols: 1
   dt: d
   data: [ 8.2637478785472651e-01, 8.3377938374296656e-01,
       7.7315424410693057e-01, 8.8558693991159054e-01,
       9.0396939525688369e-01, 7.9490861320567996e-01,
       8.7455975348633441e-01, 7.8009746888123921e-01,
       7.7753808228284671e-01, 8.0877991518328340e-01,
       8.5017296784356167e-01, 7.8577173305061365e-01,
       8.6246807903821399e-01, 8.5654293585641050e-01,
       8.0472833867090288e-01, 8.8227602584358034e-01,
       8.2128089291906892e-01, 8.3852831026250296e-01,
       7.8641143006317860e-01, 8.8947310435821858e-01,
       7.7512178264706200e-01, 9.1362350851985652e-01,
       8.9834377421857092e-01, 8.7453229252302667e-01,
       8.1511984365505841e-01, 7.9626892511813685e-01,
       7.7253739789951359e-01, 8.9628342728169519e-01,
       8.6593884816737077e-01, 8.4538643721221529e-01 ]
