%YAML:1.0
means: !!opencv-matrix
   rows: 4
   cols: 15
   dt: d
   data: [ -1.7496672482530434e+02, 3.0871677679624301e+00,
       3.7776523777640023e+01, 1.3749182468880192e+00,
       -1.2990180382352955e+01, 5.4376192650535256e+00,
       -7.0515890565760653e-01, 2.9382425725391342e-01,
       3.3307236927543821e-01, -4.9120302448765377e-02,
       -1.8033560377679208e-02, -9.9495181098818893e-03,
       2.2149456856370695e-03, -2.0160969295018798e-03,
       7.0885650825431819e-04, 9.6072138218527201e+01,
       1.4820828928032411e+01, -2.8513259017976669e+01,
       -2.7741448383970134e+01, -2.3111314576077060e+01,
       -1.4110924685039159e+01, 6.8826060680379608e-01,
       -1.9087036662559143e+00, 2.7740481071663409e-01,
       -6.5318460955726465e-02, 9.1615707486319767e-02,
       -3.8055028849193436e-03, -1.9205359768596143e-04,
       1.1339888883813765e-03, 9.7033345804486346e-03,
       4.1670653096829078e+01, -1.3391275875808715e+01,
       -6.8827122993136536e+00, 1.0961395393317456e+01,
       8.9406146337892896e+00, 5.6450680615768502e-02,
       1.0049804192663316e+00, 6.9508122250955584e-01,
       2.9542533639542773e-01, 4.6807541416867158e-03,
       1.3347707438385084e-02, 6.4894364541484614e-03,
       4.4524134843806568e-03, 1.0255126564577596e-03,
       2.8809937433250197e-03, 2.8642785362180032e+01,
       4.0216951210290240e+01, -8.1786533367468497e+00,
       -2.4757080968416386e+01, 5.0646174507492958e+00,
       3.7491493428980784e+00, -3.9127446856039230e+00,
       -1.7999159420034900e+00, -2.1657676968409381e+00,
       1.3180577967571860e-01, -1.1617013194527183e-01,
       -7.8474572558682610e-03, -2.3556298278095921e-02,
       -2.0439571605712051e-03, -2.3348604410874985e-02 ]
covs: !!opencv-matrix
   rows: 60
   cols: 15
   dt: d
   data: [ 6.1922427679258763e+03, -9.5850349979139764e+02,
       2.9530723784213369e+03, 8.3745898784096084e+02,
       5.3055428119108861e+01, -2.1616833769739554e+02,
       9.6438269093796606e+01, -3.7981882752069971e+01,
       -5.5029274816133062e+00, 1.2157999283513627e+00,
       -1.0865775987293327e+00, 4.8638576855726950e-01,
       -1.8058670917100814e-02, 3.1462938395538508e-02,
       -7.5835558586010721e-01, -9.5850349979139730e+02,
       1.1520455311588408e+04, 2.5182969652948154e+02,
       -8.9865641198541346e+02, -3.2382534648851919e+02,
       4.5939728855518541e+02, -8.5060999307721687e+01,
       4.8768669736885997e+01, -3.9080579889999574e+00,
       1.4767132925900423e+01, 8.2529758108783080e-01,
       3.6934958294717812e-01, 5.8460849213422754e-02,
       4.5071094010392360e-01, 7.6472254943835694e-01,
       2.9530723784213369e+03, 2.5182969652948162e+02,
       2.4552649461032743e+03, -1.6824011938383390e+02,
       -4.8491964986522845e+01, 5.2782724740319416e+01,
       -2.6748917535621899e+01, 1.5303245636930287e+01,
       7.6868193563384024e-01, 8.9975069127640062e-01,
       2.8092275309868037e-01, -4.0739731859247633e-03,
       -4.1438659128774542e-02, 5.5249914916693489e-02,
       6.1265903209923735e-02, 8.3745898784096084e+02,
       -8.9865641198541334e+02, -1.6824011938383390e+02,
       2.9967454755280332e+03, 1.2408758034782834e+02,
       -2.2355697772561501e+02, 4.1165209324400308e+01,
       -4.2568932775268109e+01, 7.1087575863833523e+00,
       -2.4435103387971231e+00, -7.7583487824533182e-01,
       -4.1968667287120021e-01, 6.3939943289372655e-03,
       -1.9109260136295339e-01, -3.6779371824822227e-01,
       5.3055428119108868e+01, -3.2382534648851924e+02,
       -4.8491964986522866e+01, 1.2408758034782831e+02,
       1.2812198210124862e+02, -4.9302905063698653e+01,
       1.7085527085289005e+01, -1.0755708366568546e+01,
       -2.9269800718750298e+00, 1.2390015960676588e+00,
       -9.8069564564769474e-01, -1.6504853265049693e-01,
       3.7157093461508382e-02, -2.4869200650746895e-02,
       -1.1680572212107712e-01, -2.1616833769739549e+02,
       4.5939728855518541e+02, 5.2782724740319395e+01,
       -2.2355697772561501e+02, -4.9302905063698653e+01,
       2.4299007679593382e+02, -1.0267044477034430e+01,
       3.4252234447682142e+00, 8.8210853531190264e-02,
       -5.1735167273171256e-01, 9.0376418973686326e-02,
       2.2473797536553716e-01, -1.4025890635806081e-02,
       4.1267642557174362e-02, 1.4513468037788996e-01,
       9.6438269093796606e+01, -8.5060999307721715e+01,
       -2.6748917535621899e+01, 4.1165209324400308e+01,
       1.7085527085289002e+01, -1.0267044477034426e+01,
       2.9248920679863385e+01, -2.1752400845302131e+00,
       -2.1140170618799385e+00, 2.6735709585802242e-01,
       -3.8446182932042251e-02, 2.6436068147734929e-02,
       -2.5154163040024921e-02, 2.3760795697519842e-04,
       -5.5546017294000077e-02, -3.7981882752069986e+01,
       4.8768669736886004e+01, 1.5303245636930292e+01,
       -4.2568932775268095e+01, -1.0755708366568546e+01,
       3.4252234447682155e+00, -2.1752400845302127e+00,
       1.9539773570607288e+01, -8.6612202826907951e-03,
       1.4708857211828102e-01, 3.9545406540857891e-02,
       4.3487717753346353e-02, -5.5303094633737653e-03,
       1.7488435136137313e-02, 7.8841424331928343e-04,
       -5.5029274816133089e+00, -3.9080579889999574e+00,
       7.6868193563383924e-01, 7.1087575863833523e+00,
       -2.9269800718750285e+00, 8.8210853531190181e-02,
       -2.1140170618799390e+00, -8.6612202826907812e-03,
       2.5549315078161259e+00, -3.9569793430824224e-01,
       3.2881569967410573e-03, 3.0066220831961678e-02,
       -1.6130149824122062e-02, -3.7544491660214821e-03,
       2.4179682153829050e-03, 1.2157999283513623e+00,
       1.4767132925900418e+01, 8.9975069127640039e-01,
       -2.4435103387971240e+00, 1.2390015960676588e+00,
       -5.1735167273171234e-01, 2.6735709585802248e-01,
       1.4708857211828102e-01, -3.9569793430824224e-01,
       6.4333751650002080e-01, -3.7263052163567845e-02,
       -8.1102967474611203e-03, -1.4069371055866395e-03,
       -1.1988078686248963e-02, 3.2614282506035217e-03,
       -1.0865775987293327e+00, 8.2529758108783102e-01,
       2.8092275309868009e-01, -7.7583487824533182e-01,
       -9.8069564564769496e-01, 9.0376418973686340e-02,
       -3.8446182932042265e-02, 3.9545406540857891e-02,
       3.2881569967410569e-03, -3.7263052163567852e-02,
       2.3066518144328918e-02, 1.3721840555895343e-03,
       -7.9641206840890693e-04, 5.8354909864993191e-04,
       1.1363158427779201e-03, 4.8638576855726967e-01,
       3.6934958294717812e-01, -4.0739731859247685e-03,
       -4.1968667287120021e-01, -1.6504853265049696e-01,
       2.2473797536553716e-01, 2.6436068147734922e-02,
       4.3487717753346360e-02, 3.0066220831961671e-02,
       -8.1102967474611185e-03, 1.3721840555895343e-03,
       4.1195323007814305e-03, 4.6150492963209483e-04,
       -3.3506747102312527e-04, -4.0314353711093810e-04,
       -1.8058670917100852e-02, 5.8460849213422796e-02,
       -4.1438659128774515e-02, 6.3939943289372863e-03,
       3.7157093461508389e-02, -1.4025890635806081e-02,
       -2.5154163040024918e-02, -5.5303094633737671e-03,
       -1.6130149824122059e-02, -1.4069371055866404e-03,
       -7.9641206840890661e-04, 4.6150492963209483e-04,
       2.2980318350104586e-03, 3.7353332109857545e-05,
       -1.7050678552967124e-04, 3.1462938395538528e-02,
       4.5071094010392360e-01, 5.5249914916693489e-02,
       -1.9109260136295345e-01, -2.4869200650746912e-02,
       4.1267642557174362e-02, 2.3760795697519679e-04,
       1.7488435136137313e-02, -3.7544491660214843e-03,
       -1.1988078686248967e-02, 5.8354909864993191e-04,
       -3.3506747102312532e-04, 3.7353332109857545e-05,
       1.8361025894008665e-03, -4.3624488267417215e-05,
       -7.5835558586010698e-01, 7.6472254943835694e-01,
       6.1265903209923742e-02, -3.6779371824822227e-01,
       -1.1680572212107712e-01, 1.4513468037788996e-01,
       -5.5546017294000077e-02, 7.8841424331928278e-04,
       2.4179682153829059e-03, 3.2614282506035226e-03,
