%YAML:1.0
means: !!opencv-matrix
   rows: 4
   cols: 9
   dt: d
   data: [ 1.2989796370213526e+02, -1.8416135091894784e+01,
       -3.1513452314855140e+01, 2.3330791859088109e+01,
       -1.6071821338609311e+01, 2.3140774597948539e+00,
       2.3479665671025172e-03, 2.3827898011688056e-01,
       -4.6779103066215549e-01, -1.3556325514010499e+02,
       -7.1360840557960415e+01, 3.6447599769936176e+01,
       1.9191722461585766e+01, -8.2087801504154889e+00,
       -2.9985745006735707e+00, -1.2568702553214330e+00,
       3.2051562547105678e-01, -1.7779547282497823e-01,
       2.0740102552837765e+01, 2.5021066985505247e+01,
       -3.5728243161067690e+00, -1.0639680408319638e+01,
       1.3736702096698675e+01, 2.3875126245466909e+00,
       1.3842692021423355e+00, -4.2444644791547742e-01,
       -3.0627455946188464e-01, -7.0429295673692081e+01,
       6.9411804172649383e+01, 5.1945896142621111e+00,
       -3.7769083265748442e+01, -6.9535570413684846e+00,
       -7.7500442847140922e+00, -2.8989323103274844e+00,
       5.6808459076987361e-01, 2.3301010140956384e+00 ]
covs: !!opencv-matrix
   rows: 36
   cols: 9
   dt: d
   data: [ 7.1452378014865271e+03, 6.6817703492217356e+02,
       2.2032958515512819e+03, -1.0361178362097155e+03,
       1.2613197918940459e+02, -2.9223877086958464e+02,
       -9.0880153359371846e+01, -7.8934542318020222e+00,
       -3.4159228021369110e+01, 6.6817703492217345e+02,
       7.5815483568506352e+03, 4.3884719818878295e+02,
       1.9912444752503957e+03, 1.7578863735672127e+02,
       -3.3353143619434502e+02, -6.1742353551471751e+01,
       -1.5063015585330833e+01, -1.1861713096684419e+01,
       2.2032958515512819e+03, 4.3884719818878295e+02,
       2.6718001740191899e+03, -2.5474568814100316e+01,
       -1.4959341335048342e+02, 3.2603634190501474e+01,
       2.3136091502553146e+01, 4.7496187680973563e+00,
       4.8967902948134974e+00, -1.0361178362097153e+03,
       1.9912444752503957e+03, -2.5474568814100305e+01,
       1.9670066240083227e+03, -3.0013631115308428e+01,
       6.7736703126216526e+01, 4.7764036674243036e+00,
       1.8403263487598196e+00, 5.3272421862384700e+00,
       1.2613197918940459e+02, 1.7578863735672127e+02,
       -1.4959341335048347e+02, -3.0013631115308428e+01,
       1.1839247350171622e+02, -1.3721618270422510e+02,
       -1.2290911173677767e+01, 5.5180665766389048e-01,
       -6.4726539477867169e+00, -2.9223877086958476e+02,
       -3.3353143619434502e+02, 3.2603634190501452e+01,
       6.7736703126216526e+01, -1.3721618270422510e+02,
       3.1897995445395526e+02, -2.4799997643947442e+00,
       6.3990286432313708e+00, 9.1529354577912301e+00,
       -9.0880153359371818e+01, -6.1742353551471787e+01,
       2.3136091502553150e+01, 4.7764036674243062e+00,
       -1.2290911173677767e+01, -2.4799997643947438e+00,
       2.5449080385926859e+01, -3.9143383575878615e-01,
       3.8235854879302495e+00, -7.8934542318020222e+00,
       -1.5063015585330840e+01, 4.7496187680973518e+00,
       1.8403263487598203e+00, 5.5180665766389037e-01,
       6.3990286432313708e+00, -3.9143383575878649e-01,
       1.5919161863441229e+01, -4.9782368398018545e-01,
       -3.4159228021369110e+01, -1.1861713096684417e+01,
       4.8967902948134947e+00, 5.3272421862384700e+00,
       -6.4726539477867169e+00, 9.1529354577912301e+00,
       3.8235854879302487e+00, -4.9782368398018545e-01,
       1.5506907382239221e+00, 1.0942075863046888e+04,
       -3.5714687041499933e+03, 2.0664354861509123e+03,
       5.4583846597361151e+02, 7.2212810699828958e+02,
       -2.5644767870324569e+02, 4.5959453722849680e+01,
       -2.8096837860419006e+00, 5.0344225168457250e+01,
       -3.5714687041499933e+03, 1.1506430330209563e+04,
       1.3353825278542590e+03, 5.7527988509035947e+02,
       2.8925591922046851e+02, 8.1938955973312272e+02,
       1.0863644905414182e+02, 6.5958740276265573e+01,
       2.4172372470763515e+00, 2.0664354861509114e+03,
       1.3353825278542590e+03, 2.5950465245603409e+03,
       -2.9192466268016119e+02, -2.1311866796600421e+02,
       4.4585025058788389e+01, -2.5060013179668989e+01,
       3.1363520191932137e+00, -7.1477334671096120e+00,
       5.4583846597361151e+02, 5.7527988509035936e+02,
       -2.9192466268016119e+02, 2.5530985731820647e+03,
       -8.3392665406784545e+01, -1.7110134630459424e+02,
       -2.2045944194528971e+01, -3.5983082732115236e+01,
       4.4722033726222445e+00, 7.2212810699828981e+02,
       2.8925591922046851e+02, -2.1311866796600421e+02,
       -8.3392665406784531e+01, 3.7154051428600286e+02,
       6.6038820157031353e+01, 1.8073701862373710e+01,
       1.3102292880989211e+01, 1.3218176856959696e+01,
       -2.5644767870324563e+02, 8.1938955973312272e+02,
       4.4585025058788389e+01, -1.7110134630459424e+02,
       6.6038820157031367e+01, 3.5690181503249050e+02,
       6.9667659519901948e+00, 1.6598779668892501e+01,
       1.0067452262357465e+01, 4.5959453722849688e+01,
       1.0863644905414182e+02, -2.5060013179668989e+01,
       -2.2045944194528968e+01, 1.8073701862373706e+01,
       6.9667659519901948e+00, 3.1881360217598214e+01,
       3.6385203770574575e+00, 8.7774869429753966e-01,
       -2.8096837860419015e+00, 6.5958740276265573e+01,
       3.1363520191932110e+00, -3.5983082732115236e+01,
       1.3102292880989211e+01, 1.6598779668892501e+01,
       3.6385203770574566e+00, 1.6189676700014221e+01,
       5.1194992184460553e-01, 5.0344225168457250e+01,
       2.4172372470763528e+00, -7.1477334671096120e+00,
       4.4722033726222428e+00, 1.3218176856959694e+01,
       1.0067452262357463e+01, 8.7774869429753966e-01,
       5.1194992184460575e-01, 7.7882874548166159e+00,
       7.8090884379636909e+03, -5.5448336665464524e+02,
       2.1645791343407091e+03, -5.2659620741009689e+02,
       -3.9156096289121865e+02, -1.6366937693723301e+02,
       -4.7467987800139539e+01, 3.5923215423152524e+00,
       -1.8332541088148648e+01, -5.5448336665464547e+02,
       1.1763398744638338e+04, -1.8784592849152534e+02,
       1.3751599231279221e+02, -8.3115583116895220e+02,
       -3.3239111765363003e+02, -4.3672583105573949e+01,
       3.1517244467075636e+00, -1.0717485273536228e+01,
       2.1645791343407091e+03, -1.8784592849152534e+02,
       2.8773841307823736e+03, 2.3308752169911995e+02,
       1.4652107804809995e+02, 6.8155068666489854e+01,
       1.6702710156307024e+01, -2.4275196944821400e+00,
       3.1928190181914813e+00, -5.2659620741009701e+02,
       1.3751599231279224e+02, 2.3308752169911992e+02,
       2.7541915116648452e+03, 3.6011722890352189e+02,
       5.2171317534189107e+01, 1.2273010238598879e+01,
       1.6471288919675566e+00, 6.4164573423918689e+00,
       -3.9156096289121854e+02, -8.3115583116895232e+02,
       1.4652107804809995e+02, 3.6011722890352189e+02,
       3.5115606331339285e+02, -2.3082973672728024e+00,
       -2.2360778098514274e+01, -2.5459118036204713e+00,
       -4.8824543944296019e+00, -1.6366937693723301e+02,
       -3.3239111765362998e+02, 6.8155068666489854e+01,
       5.2171317534189100e+01, -2.3082973672728011e+00,
       1.6183845750098774e+02, -1.1194742350239519e+01,
       -2.9758383956085614e+00, 1.6610152527108459e+00,
       -4.7467987800139554e+01, -4.3672583105573963e+01,
       1.6702710156307027e+01, 1.2273010238598879e+01,
       -2.2360778098514274e+01, -1.1194742350239522e+01,
       2.2195796468388238e+01, 7.8950685943259713e-01,
       3.3245632720331497e+00, 3.5923215423152524e+00,
       3.1517244467075636e+00, -2.4275196944821351e+00,
       1.6471288919675566e+00, -2.5459118036204700e+00,
       -2.9758383956085628e+00, 7.8950685943259669e-01,
       1.4028851206085596e+01, -1.0513334106287162e+00,
       -1.8332541088148652e+01, -1.0717485273536228e+01,
       3.1928190181914813e+00, 6.4164573423918689e+00,
       -4.8824543944296019e+00, 1.6610152527108459e+00,
       3.3245632720331502e+00, -1.0513334106287162e+00,
       1.1955743928546085e+00, 1.4914089760139314e+04,
       -2.8522084139540466e+03, 1.2282060976705698e+03,
