%YAML:1.0
means: !!opencv-matrix
   rows: 38
   cols: 2
   dt: d
   data: [ -1.2770605451539073e+02, 1.9666880719364890e+01,
       2.0528357381690856e+02, -9.2259733341465449e+01,
       6.1926952134720672e+01, 1.2924198012192019e+01,
       -8.3888852903641336e+01, -1.1966352963906125e+02,
       4.0812110485929232e+01, 9.6648159241405622e+01,
       -2.6095692972215346e+02, -6.9358953429595573e+01,
       -3.4304669333769716e+01, -5.9998397833667902e+01,
       1.5921700947425003e+02, 8.5000591072307969e+01,
       -9.6980183118853304e+01, 8.1980800671222696e+01,
       -1.6859370291363783e+02, 1.5422029073544047e+02,
       -1.9299787961601215e+01, -1.6120525588422075e+02,
       6.0375774080742360e+01, -1.2246026746151598e+02,
       -2.7343539291568396e+02, 1.8510199731828422e+01,
       1.0461367538304764e+02, 1.2488304927475599e+02,
       -1.9490122634832156e+02, -1.9742983461150885e+01,
       -1.6039625923031995e+01, 8.3963025606370380e+01,
       1.9702544540310907e+02, -1.9201586197945907e+01,
       1.3847189398200260e+02, -4.5916479089126959e+01,
       1.4844852558189945e+01, 2.3329065763725330e+02,
       -2.1949910517336042e+02, -1.7427844756640312e+02,
       4.3756878772562633e+00, 2.5389756310238251e+01,
       9.6160011290323823e+01, -1.8427796810046229e+02,
       1.3109930455109935e+02, 1.7436205431885352e+01,
       -1.9278071936326259e+02, 7.0713414756250785e+01,
       2.0813838707673699e+02, 1.0993631223009436e+02,
       1.2086813289827800e+01, -9.1078616353622550e+01,
       -1.1006439266895032e+02, -1.9318727907816054e+02,
       1.2522328048882112e+02, -1.0555271947560684e+02,
       9.1061407884615733e+01, 7.0905416723578043e+01,
       -5.8001466101078158e+01, 1.4703288760971293e+02,
       7.8550154397536474e+01, -5.4491443530402044e+01,
       -1.1391974646292438e+02, -4.9491914876914905e+01,
       3.5788457506319602e+01, 1.5435686020143348e+02,
       -2.6504938483011637e+02, 1.2945366099602617e+02,
       1.8270584131200533e+01, -2.9422219221238791e+01,
       -1.7372757225745090e+02, -1.0990691857869956e+02,
       2.0307871674606312e+02, 4.9547308611546526e+01,
       -6.1066137812656180e+01, 4.1775472604967261e+00 ]
covs: !!opencv-matrix
   rows: 76
   cols: 2
   dt: d
   data: [ 1.3349097575455764e+03, 3.0686515735442985e+01,
       3.0686515735442985e+01, 1.0313103732544469e+03,
       1.9181476509088093e+03, 1.3520691969858839e+02,
       1.3520691969858834e+02, 1.9848911160489688e+03,
       8.7634252715389368e+02, -9.8846900650362741e+01,
       -9.8846900650362741e+01, 1.0948316947779110e+03,
       1.5492697042090431e+03, 2.5660805488964403e+01,
       2.5660805488964382e+01, 1.3007199046212247e+03,
       1.0545426383770080e+03, 1.2706457714074922e+02,
       1.2706457714074918e+02, 1.2100864406136043e+03,
       2.6014726545567623e+03, 3.9634213302715244e+02,
       3.9634213302715244e+02, 2.6784469859272963e+03,
       1.0117068432784685e+03, 1.6743549566345348e+02,
       1.6743549566345348e+02, 9.4924440630600827e+02,
       8.6937632369459061e+02, 8.8247799568769565e+01,
       8.8247799568769565e+01, 1.3002117252216351e+03,
       1.5309545666316194e+03, -1.9569130298172874e+02,
       -1.9569130298172874e+02, 1.1446215594761404e+03,
       2.7950898562856378e+03, -1.6036965498126798e+02,
       -1.6036965498126798e+02, 1.3970999849427742e+03,
       1.5354476121190173e+03, 1.8050222713885117e+02,
       1.8050222713885117e+02, 1.7027293696924924e+03,
       1.2250066365146758e+03, 2.0244666882802812e+02,
       2.0244666882802812e+02, 1.3247486657553941e+03,
       1.8134993874886027e+03, -1.0968064028488339e+01,
       -1.0968064028488348e+01, 2.3133528530918297e+03,
       1.4875736433236584e+03, 2.7276635531179586e+01,
       2.7276635531179586e+01, 9.4186825090645107e+02,
       1.4994793693618642e+03, 7.2549238384749827e+01,
       7.2549238384749856e+01, 1.4520991746862080e+03,
       9.0455184593203262e+02, 2.2790574296465596e+02,
       2.2790574296465596e+02, 1.2290600429235269e+03,
       2.1286788289965266e+03, 2.6287068460141688e+02,
       2.6287068460141688e+02, 1.0977810268140586e+03,
       1.2889874735559197e+03, -4.0477032944296923e+02,
       -4.0477032944296934e+02, 1.0921765639233643e+03,
       7.9641973211397462e+03, -8.8084021592475392e+02,
       -8.8084021592475392e+02, 1.7716030031038845e+03,
       1.6916398185408195e+03, 2.2950502981308301e+02,
       2.2950502981308301e+02, 2.2080804288394220e+03,
       9.0141964254851996e+02, 3.2191170520217247e+02,
       3.2191170520217247e+02, 1.0528460989308014e+03,
       4.3723649785828848e+03, 1.0228711331998971e+03,
       1.0228711331998969e+03, 2.0896918123742853e+03,
       1.4676915190497803e+03, -4.5608958554405639e+01,
       -4.5608958554405625e+01, 8.5384683717082976e+02,
       1.8511173175915292e+03, -2.3165489165416602e+02,
       -2.3165489165416602e+02, 1.5429074136995250e+03,
       2.1882134462634303e+03, 4.2815515331163603e+01,
       4.2815515331163603e+01, 1.0371377649703384e+03,
       1.1105463872774449e+03, 2.9976042205909187e+02,
       2.9976042205909187e+02, 1.1336928470089767e+03,
       2.3919980523645163e+03, -1.4648738922863419e+02,
       -1.4648738922863421e+02, 1.8703246473306319e+03,
       1.2308783694989559e+03, -6.6306696617616325e+01,
       -6.6306696617616339e+01, 1.3242205318998795e+03,
       8.4288926934542656e+02, 4.7866211411686457e+01,
       4.7866211411686464e+01, 1.0084900463355547e+03,
       2.2957820660072766e+03, -1.4050652027669463e+02,
       -1.4050652027669466e+02, 1.3552598627572570e+03,
       9.8135206047520580e+02, 4.4262466623569757e+01,
       4.4262466623569743e+01, 1.0912773753527101e+03,
       1.3728417814087600e+03, 1.3550755528897662e+02,
       1.3550755528897662e+02, 1.0785413116676939e+03,
       3.8947323442525581e+03, 7.3912985657627223e+02,
       7.3912985657627200e+02, 1.0629132361576844e+03,
       2.2455381333569339e+03, 2.4591713733296689e+02,
       2.4591713733296694e+02, 3.8619635732202851e+03,
       1.0816334868558993e+03, -1.9672284334450598e+01,
       -1.9672284334450588e+01, 8.9404429425628257e+02,
       2.3297874725263482e+03, -2.3513014598206956e+02,
       -2.3513014598206956e+02, 1.3882695660522672e+03,
       1.8977119806935239e+03, 1.8995463528632439e+02,
       1.8995463528632442e+02, 9.8868135798961396e+02,
       1.0456952776262083e+03, 4.8362651427489070e+01,
       4.8362651427489077e+01, 1.1943010872187740e+03 ]
weights: !!opencv-matrix
   rows: 1
   cols: 38
   dt: d
   data: [ 2.8284022478602597e-02, 2.0274126986781504e-02,
       4.3562169847001536e-02, 2.7831913273700444e-02,
       3.3817608809393530e-02, 1.4912660522759483e-02,
       3.0480810967521414e-02, 2.7848736298093778e-02,
       3.1630276535567090e-02, 1.7374642408834087e-02,
       2.0557188867312594e-02, 2.5942881188592597e-02,
       1.7473317310188981e-02, 2.5476481071111369e-02,
       2.5796691569050168e-02, 2.9986321594113359e-02,
       2.1001547857908354e-02, 3.3028142299227799e-02,
       1.1492160224878515e-02, 8.0248277862081038e-03,
       3.6212976771588801e-02, 1.8739731636556938e-02,
       4.1344856775236173e-02, 2.7127548539275109e-02,
       1.4369885179259278e-02, 3.1602951398738144e-02,
       1.4431928850076979e-02, 2.7332836305486111e-02,
       3.6786172318465142e-02, 2.6334448100102530e-02,
       4.5630798718011241e-02, 3.4312881792559632e-02,
       1.4980930959173400e-02, 1.7585021877674689e-02,
       3.9447033183033837e-02, 2.1463396069956495e-02,
       2.0161976869516273e-02, 3.7338096758409288e-02 ]
