%YAML:1.0
means: !!opencv-matrix
   rows: 28
   cols: 10
   dt: d
   data: [ -1.8067784292618529e+02, -9.2439331557941230e+01,
       4.9030028827056249e+01, 3.5762708467702417e+01,
       -3.1049264861048627e+01, 6.0208825379443209e-01,
       -2.0245219178904663e+00, -2.4977025884737056e-01,
       -1.0138257003169542e+00, -8.5421560150798284e-02,
       -1.5587601253295070e+01, 4.8473403639707605e+01,
       1.2159516271173237e+01, 4.3775320442073557e+01,
       1.8615108490658983e+01, 1.1800650590316220e+01,
       1.5588357532832049e+00, -7.1715950422071684e-02,
       1.5774109354054697e-01, -1.5108902934275761e-01,
       -1.3180997038551485e+00, -7.8160667684665626e+01,
       5.5998052298494239e-01, 2.7931098704466713e+01,
       -8.0184533009951711e+00, -1.4725734365479704e+01,
       -6.1020796269229949e-01, -1.0579485487108733e+00,
       -1.7032988408525287e+00, 1.3101046468144920e-01,
       -1.8098856049539430e+02, 1.4123725753388799e+01,
       2.8937042245554505e+01, -3.0830506793523632e+01,
       1.9610318831977773e+00, -1.1417413060659547e+01,
       -9.9330858368811126e-01, -3.4488129235834686e-01,
       3.5091258507893426e+00, 4.6285875176576052e-01,
       5.6215866094556041e+01, 1.1278727598041577e+01,
       -2.0988899836275529e+01, -2.1364331216799879e+01,
       -8.1097038442644767e+00, -1.8433416918751679e+01,
       -6.4639179174178629e+00, 1.9588302438853815e+00,
       6.2953255673405488e+00, 5.2440955963707625e-01,
       1.2558677163720976e+02, -4.3983196894614530e+01,
       -4.5353682399070628e+01, -2.2281997127428699e+01,
       -9.5696230555408235e+00, -4.8414022653947502e+00,
       -2.1448904343748536e+00, 7.5891088560110365e-01,
       -5.2941787357956083e-01, 3.8064219509297409e-01,
       1.1809778585844706e+01, 7.3103824148017068e+01,
       1.2524005747618379e+01, -2.5242868974380972e+01,
       1.6082086081177575e+01, -1.7590175900399005e+00,
       -1.0197826547964876e+01, 1.7919167431654337e+00,
       7.1146350874216155e+00, 7.8924713841367600e-01,
       1.1746658436020563e+02, 9.0461709259415045e+01,
       -2.5524751148006036e+01, 4.2775254439631723e+01,
       -7.4869820198151098e+00, -8.6180896918381187e+00,
       -1.6715391587036326e+00, 3.4901447953656878e-01,
       -6.0877219921781722e-01, 1.0094310636941138e-01,
       4.9561460065806373e-01, -4.4335138817805586e+01,
       1.3197440365974678e+01, 1.5568708347237694e+01,
       4.0424003156021982e+01, 6.5652838537456171e-01,
       1.1119847269486247e+00, -1.0731247571265725e+00,
       -4.1309614935558925e-01, 1.1073823847121465e-01,
       -1.5190067460212160e+02, -3.1480785227711333e+01,
       4.2132846481599856e+01, 4.4741510013317267e+00,
       -1.5678489155545290e+00, 6.6541136279548496e+00,
       8.0752005990108622e-01, 1.2150140836722094e+00,
       -7.5856444987867533e-01, -1.7292554427060167e-02,
       1.4237780598241829e+02, -1.3273899701362902e+01,
       4.5416227890715973e+01, -9.6251025702842625e+00,
       1.0100552641593422e+01, -2.5282980432722374e-01,
       7.2356453002541865e-01, -8.7513057120466786e-01,
       -3.4673337430842016e-01, 8.0962058056235783e-02,
       7.6524412907131705e+01, -4.7108184773130887e+01,
       -2.1030474846686520e+01, 3.8421793069527006e+01,
       -2.6556605856781996e+01, 2.4527887421952489e+01,
       1.3058273815296588e+00, 1.0260027096761570e+00,
       3.0076241817138133e-01, -1.0549418819392269e-01,
       1.9080037073178744e+02, 1.2491198634883984e+01,
       -4.9517237277599961e+01, 1.2506785360437227e+01,
       -9.6449888842300755e+00, -6.7695745429220269e+00,
       1.0916021809200656e+00, -4.4740302931870590e-01,
       -9.1533722022263775e-01, -2.3849384155379549e-01,
       -1.1401994312594177e+01, -7.6821833657998411e+01,
       -1.7747257119573558e+01, -2.7668623694436214e+01,
       2.0550953282515536e+01, 1.0193129114776470e+01,
       1.5186647121180057e+00, -8.4237920551938583e-01,
       3.3987820151613543e-02, -3.7559432639954461e-02,
       4.2262434226501405e+01, 8.1688463713035560e+01,
       -3.1025305914807028e+01, -3.0086629106061125e+01,
       5.6987843912489726e+00, -7.7007898191293078e+00,
       3.2680000057386638e-02, -9.3164793324352524e-01,
       -8.2746268006445989e-01, 1.0340758513688081e-01,
       -1.3267377658488221e+02, 1.3132865499114405e+02,
       1.0299397525078199e+01, -5.4248351508038418e+01,
       -2.4942976404680937e+01, -4.0533356864442265e+00,
       -2.4837745579111967e-01, -1.2023152908548156e+00,
       -5.7529775023355600e-01, -4.2750711433000643e-01,
       5.7077374910592752e+01, -1.7995272278885558e+01,
       -3.8262803652086042e+01, 2.1373618069800738e+01,
       1.6808429216921375e+01, -8.1585780343787278e+00,
       -4.6008759394182419e-02, -6.2276183912936123e-01,
       -8.3361817696191642e-01, 2.4131171363197368e-01,
       -1.6527820171711326e+02, 4.7843974423317590e+01,
       3.6055123735485793e+01, -3.0955400413315271e+01,
       -3.9751180979366958e+00, -3.1660276995860653e-01,
       5.0695562104883274e-01, 1.4081710228745716e+00,
       -9.3777731320881819e-01, -7.7114878323984379e-02,
       -1.3767384136155670e+02, -5.7743904322162798e+01,
       3.3458588473165115e+01, 2.5169912527112608e+01,
       -6.4955458223929847e+00, 1.8109714281626683e+01,
       -1.8001744862365885e+00, 5.8010044146541373e-01,
       3.0332781698621258e+00, 5.6026535093236951e-01,
       9.9410339702258767e+01, -4.6043567036893037e+01,
       -2.1654565992394012e+01, 3.6723310700551238e+01,
       -2.7648788992415085e+01, 2.3573964898279609e+01,
       1.2116924363401917e+00, 1.3226114087289400e+00,
       5.1541081168319614e-01, 4.4935897837420795e-02,
       2.0945501820851145e+01, -1.7144168876291778e+02,
       8.1524452529531359e+00, 5.1716383759273072e+01,
       6.3570073510406431e+00, -1.7403260104979520e+01,
       -2.0830390933341993e+00, 1.8783264428545250e+00,
       4.1703073863770683e+00, -3.7529684520956264e+00,
       7.1552366522116202e+01, -1.0543627833926966e+02,
       -5.0079375339698506e+00, 5.3458380230034209e+01,
       6.7807113287675174e+00, 6.4266470756174492e+00,
       1.6394999752327302e+00, -1.4821904928504688e+00,
       -8.0872995221374211e-01, 6.4972248282883749e-01,
       -2.5277196967612232e+00, 9.4242516990531627e+01,
       -1.2147635537537823e+01, -4.9365611188388073e+01,
       8.7245060193418222e+00, -2.0458925677229609e+00,
       1.7480170994610573e+00, -6.8971929473383420e-01,
       -2.3711728391042231e-01, 5.8113655552268870e-02,
       6.6719249238177582e+01, 6.9310816582197475e+01,
       -3.1744387535560854e+01, -2.7382863895399254e+01,
       -1.5008401690064431e+01, -3.5926881932384509e+00,
       -2.6586468639089444e-01, -2.3446597071865735e-01,
       -6.5591084717186510e-01, -1.2137559183095809e-01,
       4.1210007077643468e+01, 1.3498682925893462e+02,
       -2.6515059697520527e+01, -5.2229879677692956e+01,
       -9.6525325786343021e+00, 2.6685989871532816e+00,
       2.4388692799803713e+00, 6.0073244827050098e-01,
       -1.5785327044599828e-01, -2.9396044699485724e-01,
       -1.4329286906931128e+02, -1.8903944997419462e+01,
       3.3755894177117014e+01, -1.4633699215476490e+01,
       -4.2366150694622577e+00, -2.7449580793811709e+01,
       -1.1308189450456787e+00, 1.6698913768645457e-01,
       -2.6500080691265402e+00, 9.7237778863763252e-02,
       -1.3334552633158935e+02, -1.4995156542465196e+02,
       3.9023523427781363e+01, 3.9437096828840424e+01,
       -2.3075807012611218e+01, -1.9793813733999006e+01,
       -5.7933772618828696e+00, -1.8057847833582041e+00,
       7.1405120762479957e-03, 2.5767548253704726e-03,
       -8.3593621621644957e+01, 1.0514608021376104e+02,
       4.6457218799255626e+00, -5.3530282115914645e+01,
       2.4040953731870585e+00, 5.3872188067051221e+00,
       1.7112151932583475e+00, 6.1043657440794097e-03,
       -2.1795398466117963e-01, -1.0467991658993667e-01 ]
