%YAML:1.0
means: !!opencv-matrix
   rows: 14
   cols: 11
   dt: d
   data: [ 9.4948231144872508e+01, -4.5142496628589356e+01,
       -2.0848972685029807e+01, 3.7561956002698132e+01,
       -2.8563945650049146e+01, 2.3608815727937309e+01,
       1.1436158333710291e+00, 1.2730552998154108e+00,
       4.7614572709701136e-01, 2.5749643149560748e-02,
       1.3258505482339841e-01, 3.8034949420067100e+01,
       -2.1228882297135655e+01, 6.1462541142385640e-01,
       1.3244981474954912e+01, 1.2681704805585198e+01,
       1.1266361253033510e+01, 1.6480182860105581e+00,
       -2.8162867195048114e-01, 8.4408437146372223e-02,
       -8.1756491211839297e-02, -6.6327947655947572e-02,
       4.7943862759293310e+01, 1.2609820768021466e+02,
       -3.0559312750758487e+01, -4.5555833799920947e+01,
       -8.6149603355251632e+00, 2.5526542302320370e+00,
       1.6861829013901144e+00, 1.4319290306791746e-01,
       -2.8468434802548170e-01, -1.3178411426006900e-01,
       6.1922135963001286e-02, -6.4168468059381114e+00,
       9.0742742881756357e+01, -8.0177207384711267e+00,
       -4.6720431355966483e+01, 9.5706794558802795e+00,
       -9.4907099253126059e-01, 1.5861842413422955e+00,
       -5.7140885476660541e-01, -2.1593784039245337e-01,
       9.1639425306488498e-02, 1.0882908345958129e-02,
       1.7431132665153316e+02, 1.2336648651625943e+01,
       -4.3961579346566538e+01, 1.2855762141878778e+01,
       -1.0510326727926769e+01, -8.2550050876182883e+00,
       -7.4996824393898598e-01, -7.7423905829884898e-02,
       -8.8420090623484826e-01, -8.2740816865611248e-03,
       7.8838019631013098e-02, 1.8905122422069898e+00,
       -1.7435088570581865e+02, 1.3976076612672212e+01,
       6.2946120596162515e+01, 1.2066642291428083e+01,
       -1.6146449815530559e+01, -1.7017714834574300e+00,
       -6.6118575472985841e-01, 5.2706772281353687e-01,
       -1.0476745681095214e+00, -7.1322683852989809e-03,
       -1.7190499816746075e+02, -1.1461689149028959e+02,
       4.7646386225318018e+01, 4.0676937338324443e+01,
       -3.3473799871825861e+01, -3.6758867684969192e+00,
       -4.2697567757338666e+00, -8.3742263851700438e-01,
       -2.0925696931906815e-01, 1.2258473257497719e-01,
       1.0740850677639364e-01, -5.1760821780525639e+00,
       -1.8793555824764724e+01, -7.1698395969608131e-01,
       2.5446622469509483e+00, -9.8100553071233723e+00,
       -1.2156717531044759e+01, 1.0083413678508596e-01,
       -7.2931354373767943e-01, -1.4179336019949964e+00,
       1.3199070066150403e-01, -3.2295463315698159e-01,
       4.4328367079616015e+01, -3.0306914292357263e+01,
       -1.8235712875788256e+01, -1.6760452301180937e+01,
       3.7671207433306217e+00, -3.3559865375225407e+01,
       -4.0706221509525999e+00, 7.0919924062429889e+00,
       5.7893873065719452e+00, -3.1893236388152331e+00,
       2.5395418877475695e-01, -1.4201691924868476e+02,
       -1.5883097762570834e+01, 3.9713157891583776e+01,
       1.2107474295692424e+00, -1.1060542806114857e+00,
       9.3608524639444148e+00, 1.3570124325653210e+00,
       1.4818486068513645e+00, -7.2468257496242250e-01,
       -1.6719408917333697e-02, -1.3264092775133220e-02,
       5.8972795075428941e+01, -1.9457068935497634e+01,
       -1.0157865847507534e+01, 8.6584983042518413e+00,
       2.0394588728915185e+01, -6.6109433337508889e+00,
       -1.0599063528092293e-02, -8.7642986133311229e-01,
       -7.6999625308750985e-01, 1.7431497672511989e-01,
       5.4633227348885122e-02, -1.2808859764863672e+02,
       1.1386959096306660e+02, 1.2837144334787203e+01,
       -5.1502199709622047e+01, -1.1899402687566035e+01,
       8.2481185883774155e-01, 5.6064154371496155e-01,
       -8.9145222947061314e-02, -5.0333398698058385e-01,
       -2.5839783598198224e-01, 1.0902451746282431e-01,
       1.7445343048199259e+01, 3.2381522256177369e+01,
       -2.1841440478340237e+00, -1.9676226494237202e+01,
       2.3166515181576979e+00, -5.9168892386611978e+00,
       -7.1365065248264647e+00, 5.8981663481902780e-01,
       6.3091060013868727e+00, 1.0839901311260454e+00,
       -8.7599207453384911e-02, -2.0649416953892643e+02,
       -8.4365215029033020e+00, 4.0918984812559721e+01,
       -1.5954116858852510e+01, -9.3332027863090801e+00,
       -9.2145629067184576e+00, -1.9892645586181377e+00,
       4.2152879117282473e-02, 1.5244978652538099e+00,
       2.7177819706705902e-01, -5.0241124372113949e-02 ]
