%YAML:1.0
means: !!opencv-matrix
   rows: 39
   cols: 5
   dt: d
   data: [ -1.0869222765639466e+02, -1.4722786883554994e+02,
       1.9668017817096342e+01, -3.5821537855274848e+01,
       4.2367066057160194e+00, 3.4663464450501337e+01,
       -5.5276044594037828e+01, -4.5678782200940788e+01,
       -4.7727425246245957e+01, 9.7733339681530556e+00,
       1.0265963714299738e+02, 3.6916559228941928e+01,
       4.1156076568054036e+00, -9.9537617116606484e+01,
       -1.3008785313182036e+01, -5.6514652242088967e+00,
       9.3052209489057873e+01, 8.5692396279512494e+01,
       -4.2444641312095911e+01, 3.3300409477194042e+00,
       9.3677339572448233e+01, -9.3413410720226882e+00,
       6.6844182538484054e+00, 8.0383990253151779e+01,
       -1.0444361165691920e+00, -8.5853287461415974e+01,
       1.7085359833157099e+01, -4.1080488815178143e+01,
       4.6378887997204707e+01, 1.8536160402755204e+01,
       -1.5093685474021493e+02, 6.4385701293143455e+01,
       5.0308468340765309e+01, 1.6110803081402956e+01,
       -6.9663617331920735e-01, -9.1817652073390263e+01,
       4.8465969786576487e+01, -3.8315406368168915e+01,
       -5.7454602261120336e+01, 8.6227554434662093e+00,
       -5.0110827038345218e-01, -8.4599763622776720e+01,
       4.7084327354630306e-01, 2.2907128210878579e+01,
       -1.0901660018536125e+01, 1.3927100768967653e+01,
       6.9275326602800234e+01, 1.9285677407035539e+01,
       5.6795024974800455e+01, 1.9958647660974545e+01,
       -8.3374340373409694e+01, -9.4628090468967741e+01,
       -6.2826555256966756e+01, -2.6251618294989537e+01,
       2.5342667735660608e+01, 1.1606492141506860e+02,
       -2.4505642796387072e+01, 2.2639133295581043e+01,
       -4.6695887455367519e+01, 5.7092388148873399e+00,
       -1.1765306865035814e+02, -2.0839609236848840e+01,
       2.6573336321582410e+01, 3.2764658166845592e+01,
       3.3721149315022525e+00, -1.7899765194517332e+02,
       -8.5895569175462171e+01, 6.0728620829977530e+01,
       2.5481321932035673e+01, -2.8826362988327297e+01,
       -1.3415794983098650e+02, 1.3098217456146043e+02,
       1.1363191787234502e+01, -5.3022528746291648e+01,
       -2.5152979582851508e+01, 1.4869018702821390e+02,
       5.3831321252036908e+01, 4.5216138445686838e+01,
       -2.4655624627974557e+01, -1.1205884928550732e+01,
       2.1942620125082792e+02, -3.0958367888111678e+01,
       -1.7788856055858012e+01, -1.2768561071036997e+01,
       -1.3949446630661807e+01, -3.5900621279095198e+01,
       1.7364089017155939e+02, -5.5300563946854545e+01,
       2.4438434909114729e+01, 4.6468235729302307e+00,
       2.8641260037765409e+01, 1.2371505191804323e+02,
       -3.5067160742324674e+01, -4.1721657961015659e+01,
       -9.5487878747949804e+00, 1.1733260175791385e+02,
       -4.7915472489687076e+01, 7.2800361517104236e+01,
       -1.0958382241593986e+01, 1.8617064415915987e+01,
       1.0260428731758815e+02, -4.7896274301189813e+01,
       -2.0823046805494538e+01, 3.6319654291756684e+01,
       -2.7110112196739600e+01, 1.0962509056063098e+02,
       -1.3220993531748023e+01, -8.7726119233615862e+01,
       1.4970757072125098e+01, -1.0222275323361417e+01,
       -2.5020672516855484e+02, 4.6526085497162867e+01,
       -1.3499542580958218e+01, -1.6828058107090982e+01,
       -5.7269110445145905e+00, 2.5177954942582977e+02,
       2.3785346931056534e+01, 2.2508258488806767e+01,
       1.9208763167962925e+01, -1.6994496849156441e+01,
       5.9755434951991809e+01, -2.9571496179408346e+01,
       -2.6986581177099751e+01, 4.6896114024583106e+01,
       -2.8016666678895628e+01, 1.3938256405961141e+02,
       -1.0411242509891520e+02, -5.5450545981184227e+01,
       -3.1733794159974707e+01, -1.3664217523431294e+01,
       -2.5477720132264884e+02, -7.6878220820843040e+01,
       7.2753345614943810e-01, 4.1115665650849401e+01,
       -2.2125770517929002e+01, -9.6335991335213208e+01,
       1.1158548036609109e+02, -7.6358181885110440e+01,
       -2.3362174076263031e+01, 6.7430235223253145e+00,
       1.4604811523503028e+02, 9.8316351386323348e+01,
       -3.7889318399388173e+01, 5.7637328611160910e+01,
       -9.8093020750176674e+00, 6.5152047727751210e+01,
       -3.8231068596160441e+01, 5.8769255080008641e+01,
       5.5493025395003093e+00, 3.5292974953584675e+01,
       1.8304381162709809e+00, -2.0911607345012425e+02,
       3.0554263013780973e+00, 2.3260136158838652e+01,
       1.9621070541598968e+01, -1.6370747419255494e+02,
       -7.1721004501915772e+01, 2.8881864994084491e+01,
       -5.3261873291662226e+01, -3.1812513045753481e+00,
       2.7908945722147649e+01, 1.7449436005146813e+02,
       3.0679047700682830e+01, -6.6462331508568839e+00,
       4.7783668201442655e+00, -4.2968856772951639e+01,
       -5.0435812810826974e+01, 9.6963076519567608e+01,
       1.0853797619042645e+01, -7.5459293828989216e+00,
       -1.2681733908367178e+01, -6.4053103299946784e+01,
       2.0777312427661784e+01, 9.3964831864049799e+01,
       2.3776251615139060e+01, -3.8680572873888671e+01,
       -2.9687278038724948e+01, -1.7262661044463893e+01,
       1.7097200881227533e+01, 3.7857917140024263e+01,
       7.1051969563522050e+01, -1.2256478704227959e+02,
       -1.5545757419298646e+01, 3.3533334552878692e+01,
       1.1961822884213042e+01, -8.3840200085451201e+01,
       4.0222729404663752e+01, 4.2529342164271036e+01,
       -6.7837865564903822e+01, -8.1538075744264027e-01,
       6.1754461676714151e+01, 5.8561520315549082e+01,
       -2.0482411009628798e+01, 8.8304330823230028e+00,
       1.0071639033290067e+01 ]
