%YAML:1.0
means: !!opencv-matrix
   rows: 23
   cols: 1
   dt: d
   data: [ -1.8954694728138728e+02, 1.0056334653559162e+01,
       7.4328270431612040e+01, 1.4169940139029450e+02,
       -8.7839077827693629e+01, 2.6149659032944032e+02,
       -3.2643444244137407e+02, 1.9025328233958226e+02,
       -3.7440252842285332e+01, -1.3609314134127098e+02,
       1.1798350947649467e+02, -2.2005833744381547e+02,
       -1.3654445062621685e+01, 1.6484047570288286e+02,
       -2.5314273892262054e+02, 9.6118897533735051e+01,
       3.2145706312566382e+01, -2.8827083904313525e+02,
       -1.6088862253115718e+02, 2.2299148258057747e+02,
       -6.3089793105444691e+01, -1.1129865472716035e+02,
       5.3049985447748270e+01 ]
covs: !!opencv-matrix
   rows: 23
   cols: 1
   dt: d
   data: [ 2.0468738392334629e+02, 1.2211949907182384e+02,
       1.0923284051763733e+02, 1.4243879509219926e+02,
       1.3953195940911451e+02, 7.9509935452778427e+02,
       9.1705034498775433e+02, 1.9580822793889934e+02,
       1.3873626588451845e+02, 1.5856640295299357e+02,
       1.2013054244402878e+02, 2.3341920409215962e+02,
       1.2919764666538038e+02, 1.6392491586441346e+02,
       3.2629203187847054e+02, 1.0989488186058740e+02,
       1.2387678467105225e+02, 5.0365499640612001e+02,
       1.8106572336288329e+02, 4.0447034123934924e+02,
       1.3762086450912514e+02, 1.4257310700912069e+02,
       1.1451670390778402e+02 ]
weights: !!opencv-matrix
   rows: 1
   cols: 23
   dt: d
   data: [ 3.4382647219255109e-02, 6.3970210081796014e-02,
       6.4375627619370379e-02, 5.0358428966282988e-02,
       4.7567881022845961e-02, 1.3795137401996505e-02,
       8.8565708358851643e-03, 3.4213082943033338e-02,
       5.7061675746888342e-02, 3.9429352042697069e-02,
       5.6794002800475363e-02, 3.0892396087081827e-02,
       6.3860771165706251e-02, 4.2840856308217781e-02,
       2.4814927284886677e-02, 6.2956636765583343e-02,
       6.1355038396583725e-02, 1.8022323716920936e-02,
       3.5294434560988699e-02, 2.7942729070964581e-02,
       5.3973384964844447e-02, 4.3006242793195690e-02,
       6.4235642204482038e-02 ]
pca_proj: !!opencv-matrix
   rows: 1
   cols: 21
   dt: f
   data: [ 4.36961316e-02, 8.50134730e-01, 1.73015636e-04,
       6.54514134e-02, 4.60692108e-01, 2.29939164e-04, 7.67599978e-03,
       1.46649793e-01, -1.37564148e-05, 1.21663406e-03, 1.30500361e-01,
       -5.45994153e-05, 8.06188770e-03, 1.42052382e-01, -2.12945142e-05,
       -2.45414903e-05, 9.56867734e-06, -1.94090262e-06, 3.13729906e-05,
       4.34020360e-04, 2.32224409e-07 ]
pca_mean: !!opencv-matrix
   rows: 1
   cols: 21
   dt: f
   data: [ 2.07625534e+02, 2.55653595e+02, 1.54502928e+00,
       2.18915131e+02, 2.60592743e+02, 1.67241716e+00, 2.65274475e+02,
       2.24016678e+02, 1.71669352e+00, 3.19420807e+02, 1.63929108e+02,
       1.75046074e+00, 3.16613464e+02, 2.25532654e+02, 1.70717156e+00,
       1.08872897e-04, -9.74175637e-05, 6.24380555e-05, -2.17504916e-04,
       -2.50119597e-01, 1.75055194e+00 ]
gamma: !!opencv-matrix
   rows: 23
   cols: 1
   dt: d
   data: [ 8.6373621974478620e-01, 7.7480982423527867e-01,
       7.9981880981751552e-01, 8.3992589077082036e-01,
       8.0755787035376703e-01, 8.9629107588446288e-01,
       9.1244082255074932e-01, 8.6464748707765615e-01,
       7.8182175310276814e-01, 8.3623412433228572e-01,
       8.2602304128798310e-01, 8.7659491910234444e-01,
       7.7530569511456060e-01, 8.5233674606349530e-01,
       8.8903991748514266e-01, 8.1274016442679031e-01,
       7.8004661662103780e-01, 9.0067088972693510e-01,
       8.4981762894969970e-01, 8.8021666676855614e-01,
       7.9350066321040236e-01, 8.2160119260341502e-01,
       7.8853523117125379e-01 ]
