%YAML:1.0
means: !!opencv-matrix
   rows: 2
   cols: 4
   dt: d
   data: [ 8.4015541116154338e+01, -3.3030612308607509e+01,
       -1.5621251359271850e+01, 2.0332671598668735e+01,
       -7.3368580273067735e+01, 2.8840375955301216e+01,
       1.3639139253557966e+01, -1.7754679640874297e+01 ]
covs: !!opencv-matrix
   rows: 8
   cols: 4
   dt: d
   data: [ 9.1952016134771002e+03, 1.7512628020858954e+03,
       1.4463157349208541e+03, -1.0787621687960861e+03,
       1.7512628020858954e+03, 1.0778473008028091e+04,
       -2.3488350344971514e+02, 9.5128861331538781e+02,
       1.4463157349208541e+03, -2.3488350344971514e+02,
       3.0083038926895360e+03, 9.2874062580694911e+01,
       -1.0787621687960861e+03, 9.5128861331538781e+02,
       9.2874062580694954e+01, 2.3606961667076052e+03,
       1.3460335302285110e+04, 3.0100320015046127e+03,
       8.8376765939161578e+02, -1.8523469383775705e+03,
       3.0100320015046123e+03, 1.2166294199018957e+04,
       -6.3882543992959575e+02, 2.6781436739786153e+02,
       8.8376765939161555e+02, -6.3882543992959552e+02,
       3.1405734352927693e+03, 4.3842023806175325e+02,
       -1.8523469383775707e+03, 2.6781436739786164e+02,
       4.3842023806175320e+02, 2.6271490319109539e+03 ]
weights: !!opencv-matrix
   rows: 1
   cols: 2
   dt: d
   data: [ 4.6616901687954104e-01, 5.3383098312046218e-01 ]
pca_proj: !!opencv-matrix
   rows: 4
   cols: 21
   dt: f
   data: [ 1.02604255e-02, 8.46533298e-01, 5.67100069e-05,
       -5.08859605e-02, 4.68450844e-01, 1.89823491e-04, -5.55210514e-03,
       1.46431834e-01, -1.98076777e-05, -7.31809530e-03, 1.34976640e-01,
       -4.80776835e-05, -6.69380091e-03, 1.46460637e-01, -1.57161594e-05,
       2.11501210e-05, 1.32904761e-05, -3.16381829e-07, -1.62182951e-05,
       4.47223283e-04, 4.04881848e-06, 8.19958210e-01, 1.87153444e-02,
       -7.93817599e-05, 4.28530097e-01, 8.29724409e-03, 8.75842488e-06,
       2.28233948e-01, -2.37727305e-03, -1.84168690e-04, 2.08515689e-01,
       -1.20344283e-02, -2.14158339e-04, 2.18838796e-01, -7.27251405e-04,
       -1.84816250e-04, -3.05604735e-05, -5.04301033e-06,
       -1.27042276e-05, 6.79167337e-04, 1.30049409e-06, -1.63660501e-04,
       -1.48704097e-01, -3.29387456e-01, -1.82470303e-05, 1.08596861e-01,
       1.49965823e-01, -1.77574475e-04, 1.29315495e-01, 5.12750924e-01,
       2.36419466e-04, 1.37444586e-01, 5.11233926e-01, 2.85520800e-04,
       1.36541247e-01, 5.06532609e-01, 2.30281497e-04, -1.19767010e-05,
       -4.37137305e-06, 1.85016711e-06, 4.23374237e-04, 1.63331581e-03,
       1.86568883e-04, -4.72028166e-01, 1.25829116e-01, -3.95576280e-05,
       1.75304204e-01, -4.03850079e-02, -1.91588406e-04, 4.72358793e-01,
       -1.55570537e-01, 3.14154240e-05, 4.64089781e-01, -1.42328069e-01,
       9.23298430e-05, 4.71241623e-01, -1.54795542e-01, 4.75230554e-05,
       -2.49870754e-05, 5.87460408e-06, 1.53038200e-05, 1.49897439e-03,
       -5.03496267e-04, 3.15210091e-05 ]
pca_mean: !!opencv-matrix
   rows: 1
   cols: 21
   dt: f
   data: [ 4.33646118e+02, 2.44701981e+02, 1.49672687e+00,
       4.18191803e+02, 2.60206879e+02, 1.62062907e+00, 3.68545319e+02,
       2.27059875e+02, 1.69770968e+00, 3.19420807e+02, 1.63929108e+02,
       1.75046074e+00, 3.16613464e+02, 2.25532654e+02, 1.70717156e+00,
       1.08872897e-04, -9.74175637e-05, 6.24380555e-05, -2.17504916e-04,
       -2.50119597e-01, 1.75055194e+00 ]
gamma: !!opencv-matrix
   rows: 2
   cols: 1
   dt: d
   data: [ 9.3473879070235755e-01, 9.3867259632227074e-01 ]
