%YAML:1.0
means: !!opencv-matrix
   rows: 19
   cols: 5
   dt: d
   data: [ -9.7765901882627418e+01, 2.8758247658416185e+01,
       1.0164410291192338e+02, -1.2419184402554889e+01,
       -1.0120607181425770e+01, 2.2602991046478202e+01,
       -4.2795309317878832e+01, -6.8809102204898281e+01,
       4.5994585586120316e+01, -3.3584855311959529e+00,
       7.2485260893205918e+01, -3.4285427617783078e+01,
       -2.6323688383068028e+01, -6.6636679739837462e+01,
       -3.0336555867544841e+00, -1.5481107597062439e+02,
       -2.0230828615864212e+01, 1.5257862349101332e+01,
       3.9613459332504831e+01, 1.6771355542324435e+00,
       7.9107848239285659e+01, 5.7412572172028353e+00,
       4.2183503356532817e+01, -1.4147689027236009e+01,
       1.4306334750827308e+01, -2.0881536712905921e+02,
       7.4412251019151384e+01, 2.9510039032688887e+01,
       -4.3007838606030354e+01, -1.9623572161703787e+01,
       8.3409771698409912e+01, 1.7670735016634470e+01,
       -2.2497383815466673e+01, -3.1848054671786617e+01,
       -2.6115790468026884e+01, -1.2140483028581048e+02,
       -8.4052085379569974e+01, 2.4166563090296119e+01,
       -4.1973648877519402e+01, 1.3270521761392830e+01,
       -1.3420375155085626e+01, 6.8104571352592146e+01,
       6.1839004380118281e+00, -4.1561709818918182e+01,
       3.3296767602973588e+01, 1.4564668994563257e+02,
       1.7110064854895665e+01, -4.4354915525608931e+01,
       -1.4157694151450560e+01, -6.2137091077134130e+00,
       2.2257644454455070e+00, -7.5453434881783977e+01,
       8.3160038531113543e+01, 4.4092335451840171e+01,
       4.2462243651375484e+00, 8.5304305023222796e+01,
       2.8718119956824580e+01, -3.1950628553634225e+01,
       -1.8156294401954447e+01, -2.5324662882271152e+01,
       6.0244159741194110e+01, 1.1308552210246683e+02,
       -8.7192926124308254e+00, 2.8108450726123138e+01,
       1.5835225876670066e+01, 1.4146498796510517e+02,
       -9.3819479897984920e+01, 1.8065115340374199e+01,
       2.3181306138074138e+01, -5.5779994501562884e+00,
       -9.0789033408647811e+01, 5.8040265352736306e+01,
       2.4641425508378166e+01, -4.5287878586447858e+00,
       1.3010103659021928e+01, -4.8139730136934276e+01,
       2.3217588249916822e+01, -4.4722980413821865e+01,
       -7.7022525461014109e+00, 1.6714103911967904e+01,
       1.5767347705480404e+02, 4.0817499707092274e+01,
       1.2021702450672809e+01, 6.7296182110500439e+01,
       -9.3120366397138259e+00, 1.2285494746957689e+01,
       -1.3906405049704318e+02, -3.3470729257001068e+01,
       -9.3861300115172908e-01, 8.9261650626568496e+00,
       -1.4952223263573785e+02, -1.0042526492150679e+02,
       1.7323651366530587e+01, 6.3412464167818790e+01,
       -1.5829317638019077e+01 ]
covs: !!opencv-matrix
   rows: 95
   cols: 5
   dt: d
   data: [ 2.5318850772510164e+03, 1.9371187044015056e+02,
       -4.3312020514374126e+01, 8.7776001777084304e+01,
       2.8011173162789714e+02, 1.9371187044015062e+02,
       7.8187318088560032e+03, 5.6665086541182831e+01,
       1.0863463212499757e+03, -1.8690043373905837e+02,
       -4.3312020514374147e+01, 5.6665086541182809e+01,
       3.2062189378308079e+02, -7.8498817062231732e+00,
       -4.2984788746817223e+01, 8.7776001777084261e+01,
       1.0863463212499757e+03, -7.8498817062231776e+00,
       1.6282225269981484e+03, 6.8766958228676486e+01,
       2.8011173162789714e+02, -1.8690043373905843e+02,
       -4.2984788746817209e+01, 6.8766958228676515e+01,
       9.2854471225457701e+01, 3.7969719852789895e+03,
       1.7911697437658920e+03, 2.1139207110946305e+00,
       -9.7873694017308230e+02, 3.0613892613342038e+01,
       1.7911697437658920e+03, 5.8783937199703569e+03,
       -5.0328765391839607e+02, 8.5498509149653762e+02,
       -2.3813201460000791e+01, 2.1139207110946132e+00,
       -5.0328765391839607e+02, 9.8592201143693853e+02,
       2.2204361192265972e+02, -4.8527351042600770e+01,
       -9.7873694017308230e+02, 8.5498509149653762e+02,
       2.2204361192265975e+02, 1.5653752317298017e+03,
       -5.2866390294414785e+01, 3.0613892613342049e+01,
       -2.3813201460000791e+01, -4.8527351042600770e+01,
       -5.2866390294414785e+01, 4.7695624226325975e+01,
       4.5198468546063941e+03, -4.4565593919580914e+02,
       2.0431972371297013e+03, -1.3214273500184932e+01,
       -1.6406371498713426e+02, -4.4565593919580925e+02,
       1.9840912445831391e+03, -3.5708772935400347e+01,
       4.8184559538234600e+02, 2.7452979306814677e+02,
       2.0431972371297018e+03, -3.5708772935400368e+01,
       2.7817657404067054e+03, -5.5634119230724068e+01,
       8.9393587089821640e+00, -1.3214273500184943e+01,
       4.8184559538234600e+02, -5.5634119230724053e+01,
       2.8226330135588046e+02, -9.2445596674748423e+00,
       -1.6406371498713418e+02, 2.7452979306814677e+02,
       8.9393587089821640e+00, -9.2445596674748387e+00,
       1.8560853332978763e+02, 8.2165341483343655e+03,
       -1.1766575692864631e+03, 1.3224744788307189e+03,
       9.4901264929832666e+02, 7.4443554668449895e+02,
       -1.1766575692864631e+03, 6.0690394235339199e+03,
       4.0487583251155655e+02, 1.2133732418856171e+03,
       -2.8407930421262057e+02, 1.3224744788307189e+03,
       4.0487583251155650e+02, 1.6277129068575409e+03,
       -1.0332745635505761e+02, -1.4574923156368033e+02,
       9.4901264929832666e+02, 1.2133732418856171e+03,
       -1.0332745635505761e+02, 1.0927996029238427e+03,
       9.8727054188008893e+01, 7.4443554668449895e+02,
       -2.8407930421262057e+02, -1.4574923156368027e+02,
       9.8727054188008879e+01, 1.5980894852233351e+02,
       2.9807197258224769e+03, 6.7413084597297802e+02,
       3.8570567865519291e+02, -5.2439084366955626e+02,
       -1.1354286614361925e+02, 6.7413084597297802e+02,
       7.4014049061444603e+03, -2.5680045748672262e+02,
       -3.0000415192417972e+02, -1.0879836188035728e+02,
       3.8570567865519291e+02, -2.5680045748672262e+02,
       8.4314607997423786e+02, 6.8786742848562143e+00,
       8.7682757303385486e+01, -5.2439084366955615e+02,
       -3.0000415192417984e+02, 6.8786742848562117e+00,
       2.2077464076996353e+03, -1.7988877100272694e+02,
       -1.1354286614361924e+02, -1.0879836188035729e+02,
       8.7682757303385500e+01, -1.7988877100272694e+02,
       2.2032967618878936e+02, 5.0615247475821825e+03,
       4.7054240186468542e+02, 2.7229702005210911e+03,
       -1.8785545468616391e+02, -2.2940704785123734e+02,
       4.7054240186468553e+02, 7.1655666976698194e+03,
       6.8575046635004639e+01, 1.6673751771173186e+03,
       -3.4131922250968614e+02, 2.7229702005210911e+03,
       6.8575046635004654e+01, 2.0520790030299599e+03,
       -6.6170041810229662e+01, -7.7453257925112922e+01,
       -1.8785545468616385e+02, 1.6673751771173186e+03,
       -6.6170041810229648e+01, 1.4748788903404495e+03,
       1.4897809035929018e+02, -2.2940704785123734e+02,
       -3.4131922250968620e+02, -7.7453257925112922e+01,
       1.4897809035929018e+02, 1.2532728829149727e+02,
       4.0257119302462811e+03, 6.8522128449731582e+01,
       3.0724998126310243e+03, 1.3801876677568603e+02,
       -1.1206130367085287e+02, 6.8522128449731611e+01,
       5.5120197042397458e+03, -4.8649591737859694e+01,
       2.4322563826945920e+03, -4.0020877798001045e+01,
       3.0724998126310243e+03, -4.8649591737859694e+01,
       2.5634821041102755e+03, 2.8729175755202817e+01,
       -8.1753558125086357e+01, 1.3801876677568609e+02,
       2.4322563826945920e+03, 2.8729175755202832e+01,
       1.1521819449789093e+03, -6.0462991196864365e+01,
       -1.1206130367085285e+02, -4.0020877798001045e+01,
       -8.1753558125086357e+01, -6.0462991196864373e+01,
       3.2543276229847308e+01, 1.0038533990745929e+04,
       6.5329006756547665e+02, 2.0613473564450564e+03,
       -5.6353085058128238e+02, 1.3331983710286299e+03,
       6.5329006756547653e+02, 2.1227277801273108e+03,
       -5.1057144673236095e+01, -4.6518128292277851e+02,
       4.0426618488154595e+01, 2.0613473564450564e+03,
