%YAML:1.0
means: !!opencv-matrix
   rows: 8
   cols: 5
   dt: d
   data: [ -1.7536584917049538e+02, 4.7289565048261856e+01,
       3.9459460007742138e+01, -2.7964922373796366e+01,
       -1.1182297720062136e+01, 8.3665921304327554e+01,
       1.7523003799724055e+01, -2.1995343375747165e+01,
       -3.1579197513956824e+01, -2.6357458602979023e+01,
       -1.3730566468341209e+01, 2.8390409666180780e+01,
       1.3496336077469806e+01, -1.8426004965400207e+01,
       3.5576763041043776e+01, 1.0258063382044398e+02,
       3.8056820934249869e+00, -3.7316682550666492e+01,
       -3.3849217758690138e+01, -1.5362878046813277e+01,
       -1.0350514397328364e+02, -6.9556699615141270e+01,
       2.6625647162887962e+01, 4.5456589541587171e+01,
       4.7039417848730580e-01, 2.9684132494623043e+01,
       2.3160424336317302e+01, -4.1195769199758834e+00,
       -1.1540791592125688e+01, 1.3056417297801687e+01,
       9.4088254420005029e+01, -6.7140466773810417e+01,
       -2.5432561579957166e+01, 2.5626419618417806e+01,
       -5.6552439310287008e+00, 1.4431642417618488e+02,
       7.2936467163256538e+01, -3.5288637812600761e+01,
       2.6491675092460557e+01, -5.7025079473068798e+00 ]
covs: !!opencv-matrix
   rows: 40
   cols: 5
   dt: d
   data: [ 6.7912819599414497e+03, -8.4689852127704086e+01,
       2.9633224418002465e+03, 1.4420106226314661e+02,
       2.7136933698560790e+02, -8.4689852127704143e+01,
       8.0413010064158443e+03, -1.2067087731908727e+02,
       1.2968549207743094e+03, -4.3310119427077103e+02,
       2.9633224418002465e+03, -1.2067087731908720e+02,
       2.4276209318143960e+03, 5.0214409668353525e+01,
       -5.9193511715327752e+01, 1.4420106226314655e+02,
       1.2968549207743094e+03, 5.0214409668353539e+01,
       1.6345275227030272e+03, 1.7658019154120532e+02,
       2.7136933698560790e+02, -4.3310119427077115e+02,
       -5.9193511715327766e+01, 1.7658019154120529e+02,
       1.8682967086087277e+02, 4.0270917720774164e+03,
       7.4309402286930720e+01, 3.0738604594565595e+03,
       1.3896276269093880e+02, -1.0982151134274372e+02,
       7.4309402286930691e+01, 5.6005058464892672e+03,
       -5.4201028270216213e+01, 2.4714573528034248e+03,
       -4.2191808403438770e+01, 3.0738604594565595e+03,
       -5.4201028270216199e+01, 2.5573497279475546e+03,
       2.3162066692924157e+01, -7.9238457160066091e+01,
       1.3896276269093877e+02, 2.4714573528034243e+03,
       2.3162066692924171e+01, 1.1675299720247760e+03,
       -6.0182184138677606e+01, -1.0982151134274372e+02,
       -4.2191808403438756e+01, -7.9238457160066091e+01,
       -6.0182184138677606e+01, 3.1535702815004164e+01,
       5.3965461063598459e+03, 5.8592367878553921e+02,
       3.1766284771540654e+03, -1.3329994876677685e+02,
       -1.2124551540364784e+01, 5.8592367878553921e+02,
       7.2666778408813934e+03, -1.1498463111259690e+02,
       1.6132393397301037e+03, -8.6022461225551112e+01,
       3.1766284771540659e+03, -1.1498463111259704e+02,
       2.5220089447077130e+03, -9.3734446691328884e+01,
       -1.2831067273200739e+02, -1.3329994876677685e+02,
       1.6132393397301037e+03, -9.3734446691328884e+01,
       1.6296332922046281e+03, -4.5437185104591036e+00,
       -1.2124551540364788e+01, -8.6022461225551126e+01,
       -1.2831067273200739e+02, -4.5437185104591036e+00,
       8.5201964177271492e+01, 5.7880666136610716e+03,
       -7.7686932669819794e+02, 2.4308651384471723e+03,
       3.3411266042894891e+02, 2.8254750467657334e+02,
       -7.7686932669819794e+02, 5.2183587540384215e+03,
       1.8372396372115998e+02, 1.8494318263156154e+03,
       -1.6799100892870763e+02, 2.4308651384471723e+03,
       1.8372396372116006e+02, 2.6572170421095416e+03,
       -5.3227655046724259e+01, -1.5251149875224533e+02,
       3.3411266042894886e+02, 1.8494318263156154e+03,
       -5.3227655046724259e+01, 1.1567387213767572e+03,
       -5.3539950293489369e+01, 2.8254750467657334e+02,
       -1.6799100892870763e+02, -1.5251149875224533e+02,
       -5.3539950293489369e+01, 1.6806955898535523e+02,
       8.5680408243353704e+03, 1.8492237705789302e+02,
       2.6487944185490160e+03, 7.0425935540844364e+01,
       6.5691121099772101e+02, 1.8492237705789307e+02,
       7.4554425680120303e+03, 1.7277107087576260e+02,
       1.6683854466286998e+03, 1.5586627961242226e+02,
       2.6487944185490160e+03, 1.7277107087576266e+02,
       2.6009771704439836e+03, -9.2274839930330458e+01,
       -1.3100377901870132e+02, 7.0425935540844307e+01,
       1.6683854466287000e+03, -9.2274839930330501e+01,
       1.3994440195543568e+03, -1.8496380440213019e+02,
       6.5691121099772113e+02, 1.5586627961242226e+02,
       -1.3100377901870135e+02, -1.8496380440213025e+02,
       2.5784721301248743e+02, 6.1951194736595235e+03,
       2.5235791858068179e+01, 2.5947833756697205e+03,
       2.1745335570335653e+00, -9.8821182371134597e+01,
       2.5235791858068154e+01, 1.1076627015202333e+04,
       -1.0188345684958382e+02, -6.1427013980341621e+02,
       7.2840038062742138e+01, 2.5947833756697205e+03,
       -1.0188345684958385e+02, 2.5210859526120862e+03,
       -5.5697110251667636e+00, -5.7057454801841700e+01,
       2.1745335570335516e+00, -6.1427013980341621e+02,
       -5.5697110251667628e+00, 2.6928593972084736e+03,
       -2.7628127884324108e+01, -9.8821182371134597e+01,
       7.2840038062742153e+01, -5.7057454801841700e+01,
       -2.7628127884324101e+01, 1.5358520589176700e+02,
       7.3980504991883727e+03, 1.0166944503821561e+03,
       2.4835398151335921e+03, -1.6908057949699298e+03,
       -1.0138336147997232e+02, 1.0166944503821563e+03,
       5.8523838076534939e+03, -2.8352431420164947e+02,
       9.9905375841762771e+02, -5.7429521356108943e+01,
       2.4835398151335921e+03, -2.8352431420164936e+02,
       2.6893708907187233e+03, 3.7384055172384853e+02,
       -1.1287085856745027e+02, -1.6908057949699298e+03,
       9.9905375841762771e+02, 3.7384055172384848e+02,
       2.2938047461833571e+03, -5.0504147150267734e+01,
       -1.0138336147997229e+02, -5.7429521356108943e+01,
       -1.1287085856745027e+02, -5.0504147150267748e+01,
       4.4919270465506699e+01, 4.9452629070619660e+03,
       2.2127054557614635e+01, 2.8297648986344825e+03,
       -1.8996172390648380e+02, -2.0961891945986685e+02,
       2.2127054557614628e+01, 2.4799914076595328e+03,
       -1.7381169029748793e+02, 6.0871594218378313e+01,
       -1.8974637543835716e+01, 2.8297648986344830e+03,
       -1.7381169029748781e+02, 2.6085025356885408e+03,
       -4.2030890218236571e+01, -6.7497199799906340e+01,
       -1.8996172390648391e+02, 6.0871594218378313e+01,
       -4.2030890218236536e+01, 1.1196375602660951e+03,
       1.4891770345441305e+01, -2.0961891945986685e+02,
       -1.8974637543835708e+01, -6.7497199799906326e+01,
       1.4891770345441312e+01, 3.4505158614573318e+01 ]
weights: !!opencv-matrix
   rows: 1
   cols: 8
   dt: d
   data: [ 1.5881095709861415e-01, 8.1543999147983173e-02,
       1.0336070422372731e-01, 6.5063113582142867e-02,
       1.5737536142426575e-01, 1.9407470672997115e-01,
       1.6530496348863113e-01, 7.4466194304643435e-02 ]
