%YAML:1.0
means: !!opencv-matrix
   rows: 2
   cols: 17
   dt: d
   data: [ -9.9206724946970056e+01, -3.1162141954344229e+01,
       2.0283970512731624e+01, 3.3712829261472805e+00,
       -9.6178470367316766e+00, -7.3588035738055080e+00,
       -2.4977591204190084e+00, 2.4999874705699807e-01,
       7.3698290646744302e-01, 2.0135027409137196e-02,
       -4.4374705860499505e-02, -1.3120543468189605e-02,
       -6.4057207247743848e-03, 2.5678971901630784e-03,
       -1.2918743754196738e-03, -1.7624865780354205e-03,
       -3.1881714225517291e-04, 4.3704171319642597e+01,
       1.3725674116132529e+01, -8.9377694439048305e+00,
       -1.4845530909776055e+00, 4.2367276001626077e+00,
       3.2384353747611456e+00, 1.1000843249066354e+00,
       -1.1002824142684146e-01, -3.2328402117518612e-01,
       -6.1419592733057216e-03, 1.9316269153190208e-02,
       5.6326756039427293e-03, 2.8248389575854797e-03,
       -1.0776573833021345e-03, 5.8963609150161547e-04,
       7.5407335017802651e-04, 1.2100129903723093e-04 ]
covs: !!opencv-matrix
   rows: 34
   cols: 17
   dt: d
   data: [ 1.7095709431196443e+04, -1.3281884228855497e+03,
       3.8071423766300080e+02, -6.5319823962022696e+01,
       4.8209009804068842e+02, -4.1131309420503669e+02,
       -1.2842259491297489e+02, 3.7907613453127709e+01,
       1.6908914933359978e+02, -4.4449155428081344e+00,
       -4.5657162306996195e+00, -1.1182298634991106e+00,
       -9.3323927747730528e-01, 5.3094883237125967e-01,
       -1.1982958055567050e+00, -1.7657768070023788e-01,
       1.4835764498498485e-01, -1.3281884228855495e+03,
       1.5047892729270674e+04, 2.1146180885119932e+02,
       -6.5621357504250170e+02, 2.5438877942394322e+02,
       4.6225238270482384e+02, -2.8427258000858235e+01,
       4.0282024418140708e+01, 5.5969332000301769e+01,
       2.8270325745615001e+01, 7.6590808270069055e-01,
       8.2738838944552107e-01, -4.9761006198918289e-01,
       9.0490108967111640e-02, 5.2899094121889323e-01,
       -2.8082757250519680e-01, -1.9367700857371531e-01,
       3.8071423766300080e+02, 2.1146180885119932e+02,
       3.2017721926560635e+03, 7.6501450740238880e+01,
       -1.8132463375259329e+02, 4.5218457687103609e+01,
       9.1213029653989004e+00, -9.5630196826143905e+00,
       -3.0674583324855046e+01, -3.8269546305461200e+00,
       1.3858847543883797e+00, 6.0053673497568150e-01,
       1.2375274947810641e-01, -1.7405732988238024e-01,
       2.0779004400767506e-01, 9.5597212249254576e-02,
       -1.9628645967665580e-02, -6.5319823962022696e+01,
       -6.5621357504250147e+02, 7.6501450740238852e+01,
       3.0642057654946784e+03, -6.9608102108723457e+01,
       -1.2489380433472300e+02, 5.4397573385578184e+00,
       -2.1858035617854775e+01, -1.7305921900712747e+01,
       -2.2122841891714686e+00, -1.0389173169711208e+00,
       -3.1352726815951082e-01, 1.3967168354723694e-01,
       3.1379777616634096e-02, -2.4005370306149215e-01,
       1.0068383010954786e-01, 1.6753970095884214e-02,
       4.8209009804068853e+02, 2.5438877942394325e+02,
       -1.8132463375259329e+02, -6.9608102108723443e+01,
       3.1348662519624543e+02, 4.9109487327593282e+00,
       -7.9889873236641407e+00, 1.7674949958936509e+01,
       2.1270314990664762e+01, -1.9041329828167062e+00,
       -1.0115709652727101e+00, -2.7212714850898212e-01,
       -6.6608319941129174e-02, 9.5362787421330603e-03,
       -6.9671896114500989e-02, -6.8210775553715589e-02,
       1.8431324652173819e-03, -4.1131309420503669e+02,
       4.6225238270482384e+02, 4.5218457687103609e+01,
       -1.2489380433472303e+02, 4.9109487327593317e+00,
       2.5605621061248314e+02, -4.4110958256145167e+00,
       -2.7179632790810915e-01, -6.2061248241221834e-01,
       4.4751634753330700e+00, -2.8938306346383447e-01,
       2.5282618628567316e-01, -4.2652022340820286e-02,
       -7.7999322541879215e-03, 8.6002237788411748e-02,
       2.1441907066598501e-02, -3.3955974169744316e-02,
       -1.2842259491297489e+02, -2.8427258000858235e+01,
       9.1213029653988968e+00, 5.4397573385578184e+00,
       -7.9889873236641424e+00, -4.4110958256145167e+00,
       3.8323814770387230e+01, -7.4125419202858722e-01,
       -5.0186362281176606e+00, -3.0587192429973747e-01,
       -7.7545859540971693e-02, -1.6991757842021174e-01,
       5.0637413392780599e-02, -1.2875041932175885e-02,
       3.3266766011647741e-02, 7.2106449141660939e-03,
       -1.7931191863340707e-03, 3.7907613453127709e+01,
       4.0282024418140708e+01, -9.5630196826143941e+00,
       -2.1858035617854775e+01, 1.7674949958936509e+01,
       -2.7179632790810893e-01, -7.4125419202858744e-01,
       1.8980935948707931e+01, 1.8126414060951377e+00,
       -1.2379817780977689e+00, 3.5760332691104964e-02,
       1.2544273087402719e-02, -5.7817634254732570e-03,
       -2.5835199505024876e-02, 1.4774661419502431e-02,
       -1.3962371650605184e-02, 5.9367153183384654e-03,
       1.6908914933359978e+02, 5.5969332000301762e+01,
       -3.0674583324855046e+01, -1.7305921900712743e+01,
       2.1270314990664762e+01, -6.2061248241221778e-01,
       -5.0186362281176606e+00, 1.8126414060951381e+00,
       1.2778501154884507e+01, -8.9317394888334845e-02,
       -1.0879029170128850e-02, -2.5233962333937928e-02,
       -2.9495819656776927e-02, -6.9684487666111454e-04,
       4.6458059249422073e-03, 1.3790388580476101e-03,
       -6.3060554329975556e-04, -4.4449155428081344e+00,
       2.8270325745615001e+01, -3.8269546305461195e+00,
       -2.2122841891714686e+00, -1.9041329828167071e+00,
       4.4751634753330709e+00, -3.0587192429973736e-01,
       -1.2379817780977689e+00, -8.9317394888334872e-02,
       2.7293442520483149e+00, -4.3678848125280938e-02,
       2.7457224458345586e-04, -7.7191677462961194e-03,
       2.5136301495548484e-02, -4.3924690215078508e-04,
       -2.0580945958696829e-03, -6.3381268504807793e-04,
       -4.5657162306996195e+00, 7.6590808270069077e-01,
       1.3858847543883797e+00, -1.0389173169711208e+00,
       -1.0115709652727101e+00, -2.8938306346383441e-01,
       -7.7545859540971721e-02, 3.5760332691104971e-02,
       -1.0879029170128847e-02, -4.3678848125280931e-02,
       4.6829208937754385e-02, 1.4415671025200356e-03,
       -4.6908820565201678e-04, -4.0717392920065857e-04,
       -1.3778432950005526e-04, -1.6021751205910092e-04,
       2.8299054672614108e-04, -1.1182298634991106e+00,
       8.2738838944552107e-01, 6.0053673497568139e-01,
       -3.1352726815951082e-01, -2.7212714850898212e-01,
       2.5282618628567310e-01, -1.6991757842021174e-01,
       1.2544273087402722e-02, -2.5233962333937921e-02,
       2.7457224458345662e-04, 1.4415671025200349e-03,
       1.4847998968944379e-02, -1.1857549475082472e-03,
       9.5845212392905307e-05, -1.5637655397987035e-03,
       -1.9800916004832444e-04, 8.2375563126552973e-06,
       -9.3323927747730528e-01, -4.9761006198918295e-01,
       1.2375274947810637e-01, 1.3967168354723691e-01,
       -6.6608319941129160e-02, -4.2652022340820300e-02,
       5.0637413392780599e-02, -5.7817634254732570e-03,
       -2.9495819656776927e-02, -7.7191677462961168e-03,
       -4.6908820565201684e-04, -1.1857549475082472e-03,
       2.7839623352106566e-03, -1.3882182645878692e-04,
       1.7290913836341982e-04, 7.6722694707855317e-05,
       -1.7753453194878911e-06, 5.3094883237125967e-01,
       9.0490108967111640e-02, -1.7405732988238018e-01,
       3.1379777616634096e-02, 9.5362787421330586e-03,
       -7.7999322541879180e-03, -1.2875041932175889e-02,
       -2.5835199505024876e-02, -6.9684487666111529e-04,
       2.5136301495548491e-02, -4.0717392920065841e-04,
       9.5845212392905362e-05, -1.3882182645878692e-04,
       2.7242615247120641e-03, 3.1118341910682014e-05,
       2.4544068119135967e-05, -2.4460485667185182e-05,
       -1.1982958055567050e+00, 5.2899094121889323e-01,
       2.0779004400767492e-01, -2.4005370306149215e-01,
       -6.9671896114500989e-02, 8.6002237788411734e-02,
       3.3266766011647735e-02, 1.4774661419502431e-02,
