%YAML:1.0
means: !!opencv-matrix
   rows: 7
   cols: 10
   dt: d
   data: [ -2.5717094075542953e+01, 1.1064137821147972e+02,
       -1.1092860185331745e+01, -5.0436412256404701e+01,
       5.7249537750210366e-01, -1.4244246853206236e-01,
       1.6433005887646819e+00, -5.5358646448447191e-01,
       -3.4989575134139084e-01, -1.2254932483459877e-01,
       -1.5553895719584827e+02, -6.9649868782388609e+01,
       4.2459544848843734e+01, 2.1003032932389150e+01,
       -1.2555205666772837e+01, 2.2196597442439483e+00,
       -1.4977425416206676e+00, 2.8946658553179316e-01,
       -1.6881331211728991e-02, 1.0935044034381738e-01,
       4.8555649174561445e+01, -3.1086412603750702e+01,
       -2.9523204871498980e+00, 1.7362738989432390e+01,
       1.0556530028268037e+01, 7.0985955991088003e+00,
       9.8801065002115529e-01, -2.3314086391655031e-01,
       -1.6998644044891772e-01, 6.0937579080096123e-02,
       4.1480913471389968e+01, 1.1527439550806857e+01,
       -1.6075945443834691e+01, -1.1162829400139936e+01,
       -4.2542546117253499e+00, -1.0438720008530289e+01,
       -5.0757636952071064e+00, 9.1470440684730514e-01,
       4.1467801453576092e+00, 4.3955818303976835e-01,
       -1.6225453708250529e+02, 4.9654167882796692e+01,
       3.3267304210296956e+01, -3.1725750624976193e+01,
       -5.3552136163208752e+00, -3.2049189804602265e+00,
       2.4080232092002490e-01, 7.8488523084512463e-01,
       -4.7657512712112621e-01, 1.8256646360475713e-02,
       1.3119870667904945e+02, 4.7518729115885861e+01,
       -3.8428855487350553e+01, -7.3109306680058213e+00,
       -9.0138449423139644e+00, -5.3939753513894644e+00,
       1.7502859717470598e-01, -9.0220844268151384e-02,
       -6.8713252587167295e-01, -5.7254360702556108e-02,
       7.1689891523616767e-01, -1.5103649775447653e+02,
       1.1020572983039374e+01, 5.4178692063340542e+01,
       6.4558093478284757e+00, -1.7107596183592609e+01,
       -1.4572988062259675e+00, -4.1177822797069452e-01,
       1.0840270996495939e-01, -8.2370220449264031e-01 ]
covs: !!opencv-matrix
   rows: 70
   cols: 10
   dt: d
   data: [ 7.1603588858067515e+03, -6.2592093061423338e+02,
       2.5003329629984710e+03, -5.8924926960716130e+02,
       1.8742515815086591e+02, -1.4543992885399464e+02,
       -8.9130498890827834e+00, 2.8825616203896097e+01,
       -7.6904299797535147e+00, 1.1113014527605845e+01,
       -6.2592093061423338e+02, 6.7399475102292245e+03,
       6.9313162168085205e+02, 2.4281048902604684e+03,
       -2.0133312924192413e+02, 1.0274068271758731e+01,
       -9.0673825216796956e+01, -1.0459982277512806e+01,
       -1.3365745401436479e+01, -1.4146123175983210e+01,
       2.5003329629984710e+03, 6.9313162168085205e+02,
       2.6385835585975456e+03, -1.4087518203463853e+02,
       -8.6248086224533637e+01, -2.3182035224788400e+01,
       1.7930478052382846e+01, -3.9647449499940506e+00,
       3.7151966026490508e+00, -1.8759738102343364e+00,
       -5.8924926960716130e+02, 2.4281048902604684e+03,
       -1.4087518203463856e+02, 1.8047635827597533e+03,
       1.5422408754418379e+02, -1.4829007245082664e+02,
       3.1603334459154418e+01, 1.5494663098034271e+01,
       4.5973461039449024e+00, 2.0612737773439789e+00,
       1.8742515815086588e+02, -2.0133312924192410e+02,
       -8.6248086224533637e+01, 1.5422408754418379e+02,
       2.1647265243561748e+02, -8.4984307608733278e+00,
       -9.6212525911690214e+00, 1.1957116041041015e+01,
       -2.8659375968289460e+00, 1.9990765493392304e+00,
       -1.4543992885399464e+02, 1.0274068271758731e+01,
       -2.3182035224788404e+01, -1.4829007245082664e+02,
       -8.4984307608733243e+00, 5.7554929413999069e+01,
       -1.8332227151960467e+01, -5.3576750992638944e+00,
       -2.0598195643107231e+00, -1.2380354918746166e+00,
       -8.9130498890827816e+00, -9.0673825216796985e+01,
       1.7930478052382853e+01, 3.1603334459154411e+01,
       -9.6212525911690179e+00, -1.8332227151960460e+01,
       2.0988183762028282e+01, 8.2592793675922727e-01,
       2.9152856498870503e+00, 3.8227280395410751e-01,
       2.8825616203896097e+01, -1.0459982277512806e+01,
       -3.9647449499940515e+00, 1.5494663098034263e+01,
       1.1957116041041019e+01, -5.3576750992638953e+00,
       8.2592793675922771e-01, 1.7118719406799730e+01,
       -1.6718601890892149e+00, 6.4094952113517700e-01,
       -7.6904299797535147e+00, -1.3365745401436479e+01,
       3.7151966026490508e+00, 4.5973461039449024e+00,
       -2.8659375968289456e+00, -2.0598195643107240e+00,
       2.9152856498870503e+00, -1.6718601890892149e+00,
       1.2064498422307255e+00, 1.2349201322341273e-01,
       1.1113014527605845e+01, -1.4146123175983210e+01,
       -1.8759738102343364e+00, 2.0612737773439789e+00,
       1.9990765493392300e+00, -1.2380354918746166e+00,
       3.8227280395410751e-01, 6.4094952113517689e-01,
       1.2349201322341273e-01, 4.6678893647750802e-01,
       7.2567296259606774e+03, 3.0215197308761321e+02,
       2.8696730560177689e+03, -9.7336324255614602e+02,
       4.9287403599432173e+02, 2.9726092697097948e+02,
       9.2542931409481696e+01, 2.6572651202519531e+01,
       2.8553760539673718e+01, 5.9551704163604069e-01,
       3.0215197308761321e+02, 7.9530450391448730e+03,
       7.0609033570525571e+02, 2.0626986419075452e+03,
       6.9358455860513413e+02, 5.7366260117198760e+02,
       9.5374735684536049e+01, 3.7833620893724216e+01,
       3.4002396235771769e+01, 1.5273115842820821e+00,
       2.8696730560177689e+03, 7.0609033570525560e+02,
       2.4783899124122445e+03, -2.3784750898651176e+01,
       -1.7581665772034103e+02, -7.4031860226404930e+01,
       -3.0550599121006453e+01, -5.2450116373030342e+00,
       -1.0267382779004690e+01, 1.4917795094267101e+00,
       -9.7336324255614602e+02, 2.0626986419075452e+03,
       -2.3784750898651204e+01, 1.9184529509508875e+03,
       -2.6053845699834301e+02, -1.0161857561170028e+02,
       -2.0544566203136412e+01, -1.9556853988197364e+01,
       -6.1629292088588654e+00, -2.8692677544123968e-01,
       4.9287403599432156e+02, 6.9358455860513425e+02,
       -1.7581665772034103e+02, -2.6053845699834301e+02,
       4.0822328303634015e+02, 1.6247332738284325e+02,
       2.6095014305216544e+01, 1.8057097925689082e+01,
       1.7953591534009732e+01, 4.8685399621926012e-01,
       2.9726092697097948e+02, 5.7366260117198749e+02,
       -7.4031860226404930e+01, -1.0161857561170028e+02,
       1.6247332738284325e+02, 3.3819192679272646e+02,
       1.0328424908611193e+01, 1.3938787336830970e+01,
       1.3249933693574706e+01, -1.0539479066105135e+00,
       9.2542931409481696e+01, 9.5374735684536049e+01,
       -3.0550599121006449e+01, -2.0544566203136412e+01,
       2.6095014305216544e+01, 1.0328424908611193e+01,
       3.4455226081422659e+01, 4.2621480377608609e+00,
       2.2670889013130269e-01, -2.8995729819244170e-01,
       2.6572651202519538e+01, 3.7833620893724223e+01,
       -5.2450116373030333e+00, -1.9556853988197357e+01,
       1.8057097925689082e+01, 1.3938787336830970e+01,
       4.2621480377608600e+00, 1.4650245948203436e+01,
       -8.9802822711137120e-01, 3.8726785736565872e-01,
       2.8553760539673718e+01, 3.4002396235771769e+01,
       -1.0267382779004695e+01, -6.1629292088588636e+00,
       1.7953591534009732e+01, 1.3249933693574706e+01,
       2.2670889013130283e-01, -8.9802822711137120e-01,
       7.2424668864404174e+00, 6.6670599788044260e-01,
       5.9551704163604147e-01, 1.5273115842820830e+00,
       1.4917795094267101e+00, -2.8692677544123979e-01,
       4.8685399621926012e-01, -1.0539479066105135e+00,
       -2.8995729819244187e-01, 3.8726785736565872e-01,
       6.6670599788044249e-01, 8.1301366319543744e-01,
       7.8037237492176055e+03, -4.9928340434216699e+02,
       2.0345659043506034e+03, -3.6713632107150664e+02,
       -1.0658148959794576e+03, 5.4187350859260782e+01,
       -6.3248242026506475e+01, 3.2580981776508857e+01,
       -1.1391597858489313e+01, 2.7819721931013377e+00,
