%YAML:1.0
means: !!opencv-matrix
   rows: 19
   cols: 5
   dt: d
   data: [ -1.3777670200367493e+02, 1.3852681722840646e+02,
       2.6968163735873702e+01, -2.3265458498778724e+01,
       -9.8196474943958698e+00, 1.1074312329517552e+02,
       -2.2017960469283366e+01, -5.1665321862032400e+01,
       4.6559981658203718e+01, -1.8694354139987066e+01,
       5.8653063556838006e+01, -1.0464879028890958e+02,
       -2.7678650172693029e+01, -4.0942657121163229e+01,
       9.4208690021372608e+00, -6.7893186981015077e+01,
       1.0573255899084273e+02, -7.1674585282110982e+01,
       -2.2657372399000703e+01, 5.6042896718994770e+00,
       1.0146172045428284e+02, -4.7168829064376403e+01,
       -2.0401070394264810e+01, 3.6427616872614664e+01,
       -2.7296909330585621e+01, 2.6844568408836579e+01,
       -4.1437752869024081e+01, 3.1396286115844315e+01,
       1.4744571478889597e+01, 3.6465292724412059e+01,
       6.2771928784135909e+01, 9.5070723685680264e+01,
       -3.8778794145127167e+00, 2.2037570409496897e+01,
       -1.0565305658943638e+01, -1.4126754714478332e+02,
       -1.5487044618562928e+01, 1.2252261806745688e+01,
       -7.6263632777828406e+01, -3.6367541056874515e+00,
       -9.6052603768308217e+01, -1.1652765051633365e+02,
       2.1490896728690334e+01, -2.4967790838893659e+01,
       7.0099446299999286e+00, 3.7289151144665638e+01,
       1.0963151202401835e+02, 6.0761141289245808e+00,
       -2.9783514269224128e+01, 7.0348826107848677e+00,
       6.8944841641844690e+01, 1.4347036602522071e+01,
       -4.1115303208410090e+01, -6.3598585839514243e+01,
       -1.1929558376987698e+01, 1.0778638275253536e+01,
       -2.3538993416802646e+02, 7.6652627239256050e+00,
       7.5160530412813799e+01, -2.4556294667403691e+00,
       -1.1040979482239773e+02, 3.0808069301094754e+01,
       4.0965030964895035e+01, 2.3727014556161794e+01,
       8.3571877088530400e+00, -7.1782774497082656e+01,
       -4.0366337106292860e+01, -3.8396866138400533e+01,
       3.2857851645094307e+01, 2.4391359398666506e+01,
       1.4081359234439142e+02, -1.8909186441762293e+00,
       4.9393745447287827e+01, -1.3670070238740555e+01,
       1.8286735050622736e+00, -2.3552325871846520e+02,
       -6.7302265949694103e+01, 1.6298731980935070e+01,
       3.3283114981721873e+01, -2.2178150570429281e+01,
       7.8551860630099398e+01, 5.7749792748139654e+00,
       -3.6465983487485559e+01, 3.7640017827084243e+01,
       4.7824992613064188e+00, -1.1477738108297723e+02,
       -6.1765342869031208e+01, 9.6937082237877235e+01,
       7.9247179212448140e+00, -2.2116284003134705e+01,
       2.2094713443782450e+02, 6.5312877058160641e+00,
       -1.3791966170289628e+01, 4.1520701270173657e+00,
       -1.4316586645911377e+01 ]
covs: !!opencv-matrix
   rows: 95
   cols: 5
   dt: d
   data: [ 6.7843071541990876e+03, 8.7730215152652352e+02,
       2.4618302070937566e+03, -1.1839744604521461e+03,
       4.8004875498352163e+01, 8.7730215152652352e+02,
       4.5887581814364457e+03, 8.3857807460634604e+01,
       8.8345922305972579e+02, -9.5293073538322602e+01,
       2.4618302070937566e+03, 8.3857807460634575e+01,
       2.4463870210924165e+03, -1.3427884792604451e+02,
       -3.0783680250709202e+00, -1.1839744604521463e+03,
       8.8345922305972579e+02, -1.3427884792604451e+02,
       1.0393723464995762e+03, 1.1024017246608291e+02,
       4.8004875498352170e+01, -9.5293073538322645e+01,
       -3.0783680250709113e+00, 1.1024017246608291e+02,
       1.5618943764207475e+02, 5.5754907520444794e+03,
       1.0038225357212451e+03, 1.2156533003395773e+03,
       -3.1311711031809330e+02, 3.9635657503707279e+02,
       1.0038225357212449e+03, 6.8576194959785835e+03,
       2.8824121444714069e+02, 2.1567027226918390e+03,
       2.0540208989461914e+02, 1.2156533003395773e+03,
       2.8824121444714069e+02, 2.5098531934113944e+03,
       1.9963942329644451e+02, -3.1143406687430303e+02,
       -3.1311711031809335e+02, 2.1567027226918390e+03,
       1.9963942329644445e+02, 1.3819826902916741e+03,
       -3.8229568800238933e+00, 3.9635657503707279e+02,
       2.0540208989461914e+02, -3.1143406687430303e+02,
       -3.8229568800238960e+00, 1.4135988212504733e+02,
       6.2959609553861483e+03, -3.5639269206517650e+02,
       1.4164278785383294e+03, -1.4143770765190547e+02,
       -7.0214646641240438e+02, -3.5639269206517645e+02,
       4.7517066077747704e+03, -6.1496507379584227e+02,
       -1.8535488783303954e+03, -3.8642408932811556e+01,
       1.4164278785383294e+03, -6.1496507379584227e+02,
       2.4292206773713565e+03, -2.4408377651006725e+02,
       1.3228730040043064e+02, -1.4143770765190544e+02,
       -1.8535488783303961e+03, -2.4408377651006725e+02,
       1.3271945842311382e+03, -6.8716893893482009e+01,
       -7.0214646641240438e+02, -3.8642408932811549e+01,
       1.3228730040043064e+02, -6.8716893893482023e+01,
       3.1388661588442750e+02, 3.9039551250429558e+03,
       -7.2364919166454536e+02, -4.9581633194367600e+02,
       4.2516616149908606e+02, -5.5696566413275470e+01,
       -7.2364919166454536e+02, 6.4223263529139449e+03,
       4.7261216893060202e+02, 1.9826833216665243e+03,
       -2.0933425775222722e+02, -4.9581633194367618e+02,
       4.7261216893060202e+02, 7.9521283976093594e+02,
       3.7366173243454523e+02, 7.5867393492330464e+01,
       4.2516616149908606e+02, 1.9826833216665243e+03,
       3.7366173243454523e+02, 1.7017609581906975e+03,
       1.3737942945323925e+02, -5.5696566413275470e+01,
       -2.0933425775222724e+02, 7.5867393492330464e+01,
       1.3737942945323925e+02, 1.9791590120350952e+02,
       4.0724988389478121e+03, -8.4084363979222147e+01,
       2.8831790196695906e+03, -8.1361129574378447e+02,
       -8.5608327239332198e+01, -8.4084363979222175e+01,
       4.9941655866056126e+03, 9.1594612725127388e+02,
       2.6524683080436880e+03, -3.9582936204396255e+01,
       2.8831790196695906e+03, 9.1594612725127399e+02,
       2.5108780726915079e+03, -1.1061423345835895e+02,
       -9.3055001019363758e+01, -8.1361129574378424e+02,
       2.6524683080436880e+03, -1.1061423345835897e+02,
       1.7514908143864800e+03, 7.1975715021912933e+01,
       -8.5608327239332183e+01, -3.9582936204396262e+01,
       -9.3055001019363786e+01, 7.1975715021912919e+01,
       3.6008819343203086e+01, 3.5860231077541844e+03,
       -5.1914186286331653e+02, 2.1230042787245425e+03,
       -4.0362169559820387e+02, -3.9248670190503972e+01,
       -5.1914186286331653e+02, 8.3031997965728970e+03,
       3.5786372040176946e+02, 1.4510825443185770e+03,
       -4.7677406844123780e+01, 2.1230042787245425e+03,
       3.5786372040176946e+02, 1.7844623843386764e+03,
       2.0879353688375849e+02, -1.9758143423670573e+00,
       -4.0362169559820387e+02, 1.4510825443185770e+03,
       2.0879353688375841e+02, 1.8110277901901427e+03,
       6.4847520394101723e+00, -3.9248670190503972e+01,
       -4.7677406844123766e+01, -1.9758143423670564e+00,
       6.4847520394101705e+00, 9.6736913369025899e+01,
       8.1187751193562708e+03, 1.0728350260105469e+03,
       1.5042360554242973e+03, -1.0631569316881836e+02,
       6.6087225599370058e+01, 1.0728350260105476e+03,
       1.0215072400645193e+04, -3.1348340584656182e+02,
       -1.7493277094482742e+03, 2.0449057466186293e+01,
       1.5042360554242973e+03, -3.1348340584656177e+02,
       1.9527540132043412e+03, -3.6577172862997742e+02,
       -6.5525384430172238e+01, -1.0631569316881830e+02,
       -1.7493277094482742e+03, -3.6577172862997747e+02,
       1.5791866886133910e+03, 4.8562873255449652e+01,
       6.6087225599370058e+01, 2.0449057466186282e+01,
       -6.5525384430172238e+01, 4.8562873255449652e+01,
       2.6072826172726543e+01, 8.0845806774845541e+03,
       1.6496184639800908e+03, 2.4361549808417835e+03,
       -1.2512533506620330e+03, 2.7258734761575403e+02,
       1.6496184639800908e+03, 3.7279272553907035e+03,
       -4.2986555598303863e+02, -4.1279253675494806e+02,
       -9.7074951025983594e+01, 2.4361549808417835e+03,
