%YAML:1.0
means: !!opencv-matrix
   rows: 34
   cols: 4
   dt: d
   data: [ -1.7727874389007511e+02, 5.4691166092088402e+01,
       6.5600191745894548e+01, -3.6161316026156008e+01,
       1.3280541698183265e+02, 3.7351911428335094e+00,
       1.8193336405294932e+01, -3.7261371685818617e+01,
       4.4948596428929388e+00, -8.4059076140294351e+01,
       -1.5314512497986078e+01, 7.3084821669940624e+01,
       -1.3892774489907788e+02, -1.5097398588817433e+02,
       3.2527388388019943e+01, 4.0030698241454743e+01,
       1.6758032617323147e+02, 1.0383290960690042e+02,
       7.6265855138697090e+00, 1.8606465530107307e+01,
       -1.9214097088185113e+02, -7.9781127630462436e+01,
       3.0424018864345278e+01, -4.3340080359241185e+01,
       1.4067828319944343e+02, -1.3762634823271787e+01,
       1.6795740185914546e+01, 5.2290181373693883e+01,
       -6.4695518972710403e+01, -1.4466233334365384e+02,
       -5.2990003070827044e+01, 9.0333206835286308e+00,
       7.2496641713817922e+01, 1.1626337850449509e+02,
       -6.8931198671429314e+01, 1.7775359130186217e+01,
       3.2105989977828244e+01, 8.9755819551563043e+00,
       -6.0753687809449147e+01, -3.7988512903294648e+01,
       2.2184804677631894e+02, -3.9323016396782471e+01,
       2.7439250827224356e+01, -2.3507761466300849e+01,
       3.2442216075605899e+01, -4.4345039221377725e+01,
       2.7514239765621095e+01, -5.3915706905270696e+01,
       -1.2040274386367804e+02, 4.8081878666100486e+01,
       3.5286192685615482e+01, -2.7902580699994893e+01,
       -2.0467463680872126e+02, 1.4488805238650875e+02,
       2.8772721321438109e+01, 1.9941175435447821e+01,
       -8.3775302209003087e+01, 8.1961457564538620e+01,
       -5.3540452743208419e+01, 2.3309362160179557e+01,
       1.0126248932847312e+02, -8.6317449780724385e+00,
       7.2925021464937601e+01, -3.7863080000832756e+00,
       5.8775350448014521e+01, -6.9196337257118117e+01,
       -6.8180383061535750e+01, 1.0455333685009953e+00,
       -7.0754927287165842e+01, -5.6376839807862652e+01,
       1.0093326542219236e+02, -1.9620830104935834e+01,
       2.3913432367367335e+01, 1.9226293208617761e+01,
       -9.9327989715655335e+01, -3.4944911988697420e+01,
       -1.9727200919874184e+02, 9.3481772887188228e+00,
       9.6618863272930593e+00, 4.9642454472966996e+01,
       1.3170405077498790e+01, 1.4660556195395506e+02,
       -7.0564077267714875e+00, -9.2669386322418120e+01,
       -6.7068714480975729e+01, 8.3620722990294325e+01,
       1.0109609516402307e+02, 2.9404771259780816e+01,
       2.2424196565365827e+02, 6.3709996359565444e+01,
       4.0116868270785616e+01, 3.3976895289971552e+01,
       -7.3989001062682973e+01, -1.3025789259025489e+01,
       -4.1921639523177461e+01, -4.0166370716043325e+01,
       -2.3638126353375938e+02, -1.0101234349961663e+02,
       -2.8421976362356979e+01, 2.2965482468575583e+01,
       -4.9945342520568623e+01, -2.8821778589171235e+01,
       6.0507742905807206e+01, 8.2463624340095805e+01,
       1.5760520393231719e+01, 5.8487047597090310e+01,
       1.9468415003754721e+01, 8.6432933148641677e-01,
       1.4539221913407513e+02, 2.7912280006710479e+00,
       -4.3899088851025169e+01, -2.6477157560073120e+01,
       1.4361053619910788e+02, -1.2047693588976564e+02,
       9.1212079260986805e+00, -2.1477272549202451e+00,
       2.2089681132895574e+01, 1.1065002895132720e+02,
       5.2790183408155809e+00, 4.4985437792435540e+01,
       -2.8311318855380756e+02, 5.6942197322369594e+01,
       -1.8313855181395962e+01, -3.4944843466811072e+01,
       7.9254115929486231e+00, -1.5684997754684963e+02,
       3.1808030987798357e+01, 1.7143386590045708e+01,
       7.2564683554041295e+01, 3.1946086036976940e+01,
       -6.0817464117220659e+01, 5.1899310268898972e+01,
       -1.1114430415064399e+02, -3.0331443765449109e+01,
       1.2648377656138280e+01, 5.5333461746710164e+01 ]
covs: !!opencv-matrix
   rows: 136
   cols: 4
   dt: d
   data: [ 2.6394950357919042e+03, 8.2976911249493639e+02,
       1.3146713779956290e+03, -4.8925989663737016e+02,
       8.2976911249493628e+02, 6.4652787348113325e+03,
       -1.0419987814008334e+02, 3.1468147496573584e+02,
       1.3146713779956290e+03, -1.0419987814008338e+02,
       1.0912666729350269e+03, -2.3922784614112349e+01,
       -4.8925989663737028e+02, 3.1468147496573579e+02,
       -2.3922784614112359e+01, 1.4265379061649644e+03,
       1.2994972111182794e+03, 9.1487576313384139e+01,
       8.3111568053161966e+02, 5.7219141176997383e+01,
       9.1487576313384196e+01, 5.1560608594128335e+03,
       9.5617876329103098e+01, 2.1824119329685018e+03,
       8.3111568053161966e+02, 9.5617876329103112e+01,
       7.2565544489306387e+02, 2.0737618333880750e+01,
       5.7219141176997397e+01, 2.1824119329685013e+03,
       2.0737618333880750e+01, 1.0196243799626042e+03,
       3.2120656705707806e+03, 1.3698205188642035e+02,
       1.8282678372551795e+03, 6.0435099185998425e+01,
       1.3698205188642041e+02, 4.0900563581651149e+03,
       1.7892804739764557e+02, 1.2279114280651681e+03,
       1.8282678372551800e+03, 1.7892804739764557e+02,
       1.9207311605504922e+03, -2.1871076311453500e+01,
       6.0435099185998446e+01, 1.2279114280651681e+03,
       -2.1871076311453503e+01, 7.7080579168726092e+02,
       3.6240416244515550e+03, 1.1288270432405146e+02,
       2.2918414512163022e+03, -2.4943966412208681e+02,
       1.1288270432405150e+02, 3.4724495969072391e+03,
       -2.2637751740182671e+02, 8.4905868871110033e+02,
       2.2918414512163022e+03, -2.2637751740182676e+02,
       1.8188646875849793e+03, -2.3401284004459447e+02,
       -2.4943966412208684e+02, 8.4905868871110033e+02,
       -2.3401284004459450e+02, 6.7776605047608541e+02,
       2.5297697022564321e+03, 7.7615208878352433e+01,
       8.7500583472214984e+01, 5.1724263448816237e+02,
       7.7615208878352462e+01, 1.1110562314490564e+03,
       6.8594397679475776e+01, -1.3391751587963944e+02,
       8.7500583472214984e+01, 6.8594397679475776e+01,
       7.9809518251221834e+02, -2.0858678350809788e+02,
       5.1724263448816248e+02, -1.3391751587963941e+02,
       -2.0858678350809791e+02, 7.4943355661968269e+02,
       4.3156326398990213e+03, -1.0526854117515554e+03,
       1.6390387304102569e+03, 6.0089244070057612e+02,
       -1.0526854117515556e+03, 3.5746460668650111e+03,
       -4.1032368226947472e+02, -1.5522100233093993e+03,
       1.6390387304102571e+03, -4.1032368226947466e+02,
       1.5601838094254463e+03, 2.0128102980528189e+02,
       6.0089244070057612e+02, -1.5522100233093990e+03,
       2.0128102980528189e+02, 1.3710455645718587e+03,
       2.5064729169964189e+03, 5.9213788686140845e+02,
       -1.5075020626661941e+02, -4.9332224130168561e+02,
       5.9213788686140845e+02, 2.7415016042645798e+03,
       -4.2190604447841929e+02, 1.4588540058117206e+02,
       -1.5075020626661941e+02, -4.2190604447841929e+02,
       8.2188809168970840e+02, 4.0122531690354464e+02,
       -4.9332224130168555e+02, 1.4588540058117206e+02,
       4.0122531690354447e+02, 1.2549197824136672e+03,
       4.4974362084504564e+03, 4.9245103559725612e+02,
       -6.7323833402071386e+02, -6.4703920896119007e+02,
       4.9245103559725612e+02, 3.0116007340126453e+03,
       1.8783725884548039e+02, -4.2243966769251801e+02,
       -6.7323833402071364e+02, 1.8783725884548039e+02,
       1.0659474739503371e+03, 5.4155196664950985e+01,
       -6.4703920896118996e+02, -4.2243966769251801e+02,
       5.4155196664951006e+01, 6.4393230667835405e+02,
       2.1029914042442883e+03, 1.0656156866248539e+02,
       2.8556081100757609e+02, 2.5650934747704565e+02,
       1.0656156866248536e+02, 8.8239554299825227e+02,
       1.3115835937799980e+01, 3.3946499991505661e+01,
       2.8556081100757609e+02, 1.3115835937799988e+01,
       1.1364485313823225e+03, -3.3422066356282863e+02,
       2.5650934747704565e+02, 3.3946499991505661e+01,
       -3.3422066356282863e+02, 5.5671357353831797e+02,
       1.3964926133800348e+03, 1.2465176326349220e+02,
