%YAML:1.0
means: !!opencv-matrix
   rows: 38
   cols: 1
   dt: d
   data: [ 1.9522159885514203e+01, -1.6531302912087457e+02,
       9.1125808714724812e+01, 1.9750396002141170e+02,
       -7.1470477335969136e+01, -3.5725357917841410e+02,
       -2.4123249405417360e+02, -2.4749608638024256e+01,
       1.0555180525180117e+02, 1.5072368419159113e+02,
       -1.1864332700021680e+02, -2.8433948213766894e+02,
       2.8499654184862158e+02, 3.3356043694446640e+01,
       -2.0215540257078214e+02, 6.2130321250767210e+01,
       -8.8030381263779958e+01, 5.5910483508304267e+00,
       2.3878449104966148e+02, 1.6536718070045416e+02,
       -4.0147638594681773e+01, 4.7547114040492360e+01,
       1.3589862515857845e+02, 2.5917660830157661e+02,
       1.8090716975572207e+02, 1.2046952605556024e+02,
       -1.3460636042369205e+02, 7.6221782337206818e+01,
       -3.0865790992110118e+02, -1.0345369450800808e+02,
       -1.8310495673393535e+02, -2.2156342193484346e+02,
       -3.3267692053790398e+02, -2.6217299770291993e+02,
       -5.6075723253733528e+01, -1.5000100842378336e+02,
       2.1787019000021883e+02, -9.7278523324559085e+00 ]
covs: !!opencv-matrix
   rows: 38
   cols: 1
   dt: d
   data: [ 5.3983550353530028e+01, 6.8116451146023508e+01,
       5.0975866320038286e+01, 6.3637694324868860e+01,
       6.3363850510138334e+01, 4.6897789300876292e+02,
       8.3946194654786638e+01, 5.7718420035054898e+01,
       4.7896452529609718e+01, 4.7884724922072060e+01,
       6.1561423810787034e+01, 9.7188032965937069e+01,
       4.4388805717081573e+02, 5.3348157793063173e+01,
       8.1329878010208446e+01, 5.0246724140274644e+01,
       6.6322691947144662e+01, 5.1724738620187367e+01,
       1.1491772211801533e+02, 5.2883377814786741e+01,
       5.9513061880907209e+01, 4.9157321861353246e+01,
       4.9377131140900154e+01, 1.8851325433791263e+02,
       6.0579031611102515e+01, 4.9095160699671240e+01,
       5.7646792428851093e+01, 5.2902320465737020e+01,
       1.2648113349170563e+02, 6.6116623404872087e+01,
       7.3016019580472673e+01, 7.6101872615349379e+01,
       2.0669384848372130e+02, 9.2069101166887052e+01,
       6.0853741365333249e+01, 5.9217666281564924e+01,
       7.2573474586138502e+01, 5.4022361619085743e+01 ]
weights: !!opencv-matrix
   rows: 1
   cols: 38
   dt: d
   data: [ 3.9584162377423140e-02, 2.1056845785372275e-02,
       4.3451864982921057e-02, 2.0826356817094435e-02,
       3.3638889823284043e-02, 2.4462857987013740e-03,
       1.6274349891719570e-02, 3.8834804641560305e-02,
       3.9736634101849397e-02, 2.9525967253702635e-02,
       2.6798451903295762e-02, 1.1217141065269548e-02,
       5.2512844750451570e-03, 3.9476528575410536e-02,
       2.1581235485407899e-02, 4.2829026087738864e-02,
       3.2291381193578390e-02, 3.9997715864688636e-02,
       1.1303392931535471e-02, 2.6397322123467286e-02,
       3.5387074014972798e-02, 4.4221376788236372e-02,
       3.2713509837403044e-02, 6.6602093664748984e-03,
       2.3973651660362163e-02, 3.8228813293575477e-02,
       2.4943200042914792e-02, 4.4082955665234201e-02,
       7.6348708940726390e-03, 2.8938905732779276e-02,
       2.2034544188510554e-02, 1.8848516445478906e-02,
       3.7186214433091620e-03, 1.4487094718379407e-02,
       3.3035014528621953e-02, 2.2133436741014326e-02,
       1.5317885231373831e-02, 4.1120678228208737e-02 ]
pca_proj: !!opencv-matrix
   rows: 1
   cols: 21
   dt: f
   data: [ 4.36961316e-02, 8.50134730e-01, 1.73015636e-04,
       6.54514134e-02, 4.60692108e-01, 2.29939164e-04, 7.67599978e-03,
       1.46649793e-01, -1.37564148e-05, 1.21663406e-03, 1.30500361e-01,
       -5.45994153e-05, 8.06188770e-03, 1.42052382e-01, -2.12945142e-05,
       -2.45414903e-05, 9.56867734e-06, -1.94090262e-06, 3.13729906e-05,
       4.34020360e-04, 2.32224409e-07 ]
pca_mean: !!opencv-matrix
   rows: 1
   cols: 21
   dt: f
   data: [ 2.07625534e+02, 2.55653595e+02, 1.54502928e+00,
       2.18915131e+02, 2.60592743e+02, 1.67241716e+00, 2.65274475e+02,
       2.24016678e+02, 1.71669352e+00, 3.19420807e+02, 1.63929108e+02,
       1.75046074e+00, 3.16613464e+02, 2.25532654e+02, 1.70717156e+00,
       1.08872897e-04, -9.74175637e-05, 6.24380555e-05, -2.17504916e-04,
       -2.50119597e-01, 1.75055194e+00 ]
gamma: !!opencv-matrix
   rows: 38
   cols: 1
   dt: d
   data: [ 7.7414768706227166e-01, 8.5021011830470716e-01,
       8.0825856635331406e-01, 8.6603219215135085e-01,
       7.9596861652322304e-01, 9.1591569153086549e-01,
       8.8267625941610717e-01, 7.7514248752714432e-01,
       8.1697584218273511e-01, 8.4310951926298383e-01,
       8.2418041116748020e-01, 8.9635762519443052e-01,
       8.9977284968871518e-01, 7.7817339867948743e-01,
       8.6755279193811086e-01, 7.9131373649678338e-01,
       8.0578269100361433e-01, 7.7198334949449876e-01,
       8.8271479086403171e-01, 8.5082373814784007e-01,
       7.8031722115560542e-01, 7.8390152009849867e-01,
       8.3494389795945023e-01, 8.9016661305904043e-01,
       8.5850700143324077e-01, 8.2597670967774572e-01,
       8.3343205290028144e-01, 7.9937516065852932e-01,
       9.0305013611525853e-01, 8.1512822039460320e-01,
       8.5894674137606597e-01, 8.7535837564798358e-01,
       9.0925896732252054e-01, 8.8970448524995371e-01,
       7.8759742297761304e-01, 8.4203360089270318e-01,
       8.7452149032293458e-01, 7.7227830247513618e-01 ]
