%YAML:1.0
means: !!opencv-matrix
   rows: 14
   cols: 6
   dt: d
   data: [ -2.3616292084624444e+01, 9.6527492886882627e+01,
       -4.7608598153331174e+00, -4.3905357494644448e+01,
       8.6981232564074595e+00, -1.0310563597909483e+00,
       6.7954443904489921e+01, -2.5285195625150674e+01,
       5.0022964449724640e+01, -5.3124539098443533e+00,
       2.8824953366140374e+01, 6.1461380800255450e-01,
       1.0027924147278436e+02, -5.7824099891009864e+00,
       -2.4090635172385277e+01, 6.4953129040647850e+00,
       5.9798743406297676e+00, -1.2633670399756898e+01,
       5.9198290456787683e+00, -6.3650709018204692e+00,
       -1.7991847450816523e+00, -4.3486174217968161e+00,
       -1.0684948034043108e+01, -8.6643287731158178e+00,
       -3.3286455778413959e+01, -1.2976150518555087e+02,
       1.9243481170169968e+01, 4.8216424902967347e+01,
       1.0348990789576755e+01, -4.8151320665502055e+00,
       1.3684581242023097e+02, 4.0628002773991625e+01,
       -4.2497890424562257e+01, -6.9034306008115802e+00,
       -1.1136040051562762e+01, -6.0045602663791051e+00,
       -2.1268529527076461e+02, 6.2298774833080310e+00,
       4.3968562432113742e+00, -6.2672439076728033e+00,
       -1.3374524544442017e+00, -4.8335300319026558e-01,
       -8.6294342722524064e+01, 7.3062310715634320e+00,
       8.2248018075286524e+01, -2.5123612506088264e+01,
       -7.0247668260048135e-01, 2.0084332376308054e+00,
       5.3472758746187068e+01, -7.6528175330394163e+01,
       1.1214612377392401e+00, 4.5972968011213453e+01,
       7.3119501981952828e+00, 2.3105923616875742e+01,
       -5.3671774619660027e+01, -2.2287669257104703e+01,
       -2.9579059827249203e+01, 1.5750250779983583e+01,
       3.2423466757051145e+01, 8.8136238952328139e-01,
       1.4099941317903193e+02, -3.0526928097766316e+01,
       -3.3653343928152289e+01, 3.8368639477529953e+01,
       -2.0052653178397236e+01, 3.5944137393541964e+00,
       -1.7094037397490484e+02, -9.7289651912610424e+01,
       4.8673167456350363e+01, 3.3913259401786092e+01,
       -2.8581206102882877e+01, 8.2043380505750746e-02,
       9.9846265756871844e+01, -4.7495386724159076e+01,
       -2.1834689699978888e+01, 3.6465019949290877e+01,
       -2.7191226955639692e+01, 2.3533418635391040e+01,
       -1.7325912926184682e+01, 1.2517992472611309e+02,
       -1.5581680875520499e+01, -5.2821939351317432e+01,
       -1.2503723268324876e+01, -1.0358788372924197e+00 ]
covs: !!opencv-matrix
   rows: 84
   cols: 6
   dt: d
   data: [ 7.7965763389845797e+03, -5.8866748673539075e+02,
       2.3995403904542709e+03, -4.2560113534796562e+02,
       1.2576570794208006e+02, -3.6348242273098685e+02,
       -5.8866748673539075e+02, 6.5032159646812124e+03,
       8.7286445477718246e+02, 2.4707043659395854e+03,
       4.8744008093325855e+00, -1.7007740685268782e+01,
       2.3995403904542704e+03, 8.7286445477718246e+02,
       2.5884908192065363e+03, -1.1889809357533551e+02,
       -1.0762921622391188e+02, 2.8303129694022125e+01,
       -4.2560113534796568e+02, 2.4707043659395854e+03,
       -1.1889809357533561e+02, 1.7888120962550720e+03,
       1.1217231973112339e+02, -1.8099839534565743e+02,
       1.2576570794208003e+02, 4.8744008093325855e+00,
       -1.0762921622391188e+02, 1.1217231973112341e+02,
       1.0862378042797158e+02, -5.9461020820523132e+00,
       -3.6348242273098685e+02, -1.7007740685268775e+01,
       2.8303129694022122e+01, -1.8099839534565746e+02,
       -5.9461020820523149e+00, 8.2625618378968298e+01,
       2.0870737515449869e+03, -1.9934116940094947e+02,
       6.5915235998707396e+02, -2.2508140952209078e+02,
       -1.2400392409412969e+02, -5.0144766207372363e+01,
       -1.9934116940094938e+02, 8.2932314414209213e+03,
       5.0231445873694395e+02, 1.4320267504767828e+03,
       -2.1701175649002059e+02, -2.9117276780256839e+02,
       6.5915235998707396e+02, 5.0231445873694395e+02,
       8.8717439444208981e+02, 4.7831773864644600e+02,
       7.0048050906335632e+01, 4.1490235192720839e+01,
       -2.2508140952209078e+02, 1.4320267504767830e+03,
       4.7831773864644595e+02, 2.0487687387488772e+03,
       1.2866272396533117e+02, 4.0466630059812125e+01,
       -1.2400392409412972e+02, -2.1701175649002059e+02,
       7.0048050906335646e+01, 1.2866272396533114e+02,
       1.9411844083359546e+02, 5.6944049882025283e+00,
       -5.0144766207372335e+01, -2.9117276780256844e+02,
       4.1490235192720839e+01, 4.0466630059812125e+01,
       5.6944049882025300e+00, 1.4904165496808631e+02,
       5.6320373450862953e+03, -4.9454828922459325e+02,
       2.6430742375172431e+03, -2.5392774833962994e+02,
       -3.5879263723254638e+02, 1.4424370100803469e+02,
       -4.9454828922459325e+02, 7.0220047913790304e+03,
       4.4244266189557237e+02, 1.8728695067381245e+03,
       8.5491324035528763e+01, -2.3295380720304630e+02,
       2.6430742375172431e+03, 4.4244266189557243e+02,
       2.4288474494366792e+03, -1.0354818553505496e+02,
       -8.4055425191365700e+01, -6.4377997405980949e+01,
       -2.5392774833962991e+02, 1.8728695067381245e+03,
       -1.0354818553505498e+02, 2.0972197575806385e+03,
       -6.5778004896553388e-02, -1.3284898249929197e+01,
       -3.5879263723254627e+02, 8.5491324035528763e+01,
       -8.4055425191365686e+01, -6.5778004896554956e-02,
       1.0584456348715511e+02, 1.4900676882604486e+01,
       1.4424370100803466e+02, -2.3295380720304630e+02,
       -6.4377997405980949e+01, -1.3284898249929206e+01,
       1.4900676882604486e+01, 1.6561199619608919e+02,
       1.1777893773704403e+04, -1.0034748617078394e+03,
       1.6260634916161002e+03, -4.0049688388311431e+01,
       -2.9204658725070067e+02, 6.6645459188906045e+02,
       -1.0034748617078393e+03, 1.4893582640845381e+04,
       -2.2941958912598963e+01, -3.8787361335581699e+02,
       -3.6502090191286378e+01, 7.3790258156087248e+02,
       1.6260634916160998e+03, -2.2941958912598977e+01,
       2.6236747688931760e+03, 1.0778582423321745e+02,
       -2.0774435796812615e+01, -2.4891321737635806e+02,
       -4.0049688388311395e+01, -3.8787361335581699e+02,
       1.0778582423321744e+02, 2.5729127420725526e+03,
       5.2644551632541216e+01, -2.3590253498014641e+02,
       -2.9204658725070067e+02, -3.6502090191286364e+01,
       -2.0774435796812615e+01, 5.2644551632541244e+01,
       3.7044376398031858e+01, -2.5599970800768912e+01,
       6.6645459188906045e+02, 7.3790258156087248e+02,
       -2.4891321737635806e+02, -2.3590253498014647e+02,
       -2.5599970800768904e+01, 2.2012049761400993e+02,
       6.9683519402064712e+03, -4.4613256532358027e+03,
       2.5488176860460226e+03, 6.8785192831434287e+01,
       -4.6912733641323292e+01, -1.0574235406340820e+03,
       -4.4613256532358027e+03, 1.3697213511905651e+04,
       1.6756856147041642e+03, 4.6766278426610029e+02,
       5.0603041403629146e+02, 2.2223179945040115e+03,
       2.5488176860460226e+03, 1.6756856147041640e+03,
       2.3593043379496107e+03, -3.2943259375524821e+02,
       1.0973012155373344e+02, 2.2571589266387269e+02,
       6.8785192831434344e+01, 4.6766278426610029e+02,
       -3.2943259375524821e+02, 2.3708010780121099e+03,
       -2.1379560370832101e+02, -5.2858612785800744e+02,
       -4.6912733641323307e+01, 5.0603041403629135e+02,
       1.0973012155373344e+02, -2.1379560370832101e+02,
       2.2274782316160287e+02, 8.6866315259037776e+01,
       -1.0574235406340820e+03, 2.2223179945040115e+03,
       2.2571589266387269e+02, -5.2858612785800756e+02,
       8.6866315259037776e+01, 6.5827841632665491e+02,
       7.8072605168546588e+03, -1.8779673242189572e+03,
       2.5385669504354059e+03, 1.4761767766661569e+02,
       -1.0639482005299485e+02, -7.5353863855998995e+01,
       -1.8779673242189572e+03, 8.8325894206553512e+03,
       1.0574850001583545e+03, 1.5993797528991242e+03,
       2.6710400461182093e+01, 1.6955024671507320e+02,
       2.5385669504354055e+03, 1.0574850001583545e+03,
       2.5323090734689895e+03, -3.2438836238283005e+02,
