%YAML:1.0
means: !!opencv-matrix
   rows: 40
   cols: 4
   dt: d
   data: [ -8.2216794386710674e+01, 9.7307601443818314e+01,
       -5.6904468488995057e+01, 2.8512749116568177e+01,
       2.1984241558965678e+02, -2.9742177555448307e-01,
       5.4032090885910842e+00, -1.3980894425435922e+01,
       -7.1532541503265563e+01, 1.5920363992248742e+01,
       -4.5118851540509667e+01, -2.6604901731682297e+01,
       4.5498893766190818e+01, 9.9564268012750627e+00,
       -7.5116366650807976e+01, 4.5140716386288823e+01,
       -1.7026025941019986e+02, -1.7456955108645629e+00,
       2.0594805042156228e+01, 5.1922325552449820e+01,
       8.9782526832105816e+01, 1.5086802958817994e+01,
       -1.5491503732958643e+01, -3.3238894018509981e+01,
       2.4322531392238400e+01, 1.2265201443789655e+02,
       2.6279628749527624e+00, 4.0676670498647546e+01,
       -2.8295595592958728e+02, 7.0025130271702395e+01,
       -1.9311945040707226e+01, -1.0740623221537311e+01,
       1.3732229914167891e+02, -1.3041882858313065e+02,
       1.2536684179996964e+01, -3.8135450894451357e+00,
       -1.6196887937362419e+02, -9.3845639597384505e+01,
       4.7168426499869277e+01, -2.6532085634889466e+01,
       -7.0101052496600161e+01, 1.3096430144311083e+02,
       8.7872948668193359e+01, 4.5328305811059710e+00,
       -2.2531601505532964e+02, -1.0659256910171132e+02,
       -3.2058121258598675e+01, 3.4751784441620096e+01,
       1.4911561268073319e+02, -6.3184631920516125e+01,
       3.2938669007009629e+01, -6.9492964057420338e+01,
       7.1521865836830955e+01, -9.4772138895677401e+01,
       -5.6398649061785925e+01, -9.9348310051670818e+00,
       -5.7810091774766008e+01, -1.9285325243759306e+02,
       7.5670486749370358e+00, 1.2958502238606499e+01,
       -6.0501901180214812e+00, -1.1238703524704216e+02,
       1.5966372198374868e+01, 4.2797669934028825e+01,
       1.4899724630822013e+02, 1.1179656211461231e+02,
       -2.4346769087001089e+01, 2.7277191836805535e+01,
       -1.2018917572278254e+02, -9.7910422084032106e+01,
       4.1458217296113531e+01, 6.6492061596674702e+01,
       -1.5631744282954389e+02, 4.2060366037478595e+01,
       1.0156615777255515e+01, -3.2148223148121680e+01,
       -1.8786016429945622e+02, 6.0589760973422884e+01,
       5.5965954955365156e+01, -3.4061404720558727e+01,
       2.5671051086064946e+01, 9.0037049600444632e+01,
       2.5195667940730129e+01, 1.3338882794484121e+01,
       -1.0984340189463806e+00, 2.2501989491601282e+01,
       -8.9546714575667309e+01, -3.2528492763822655e+01,
       -1.8184220535602833e+01, 1.2185022215064686e+01,
       7.1285144404617782e+01, 8.1335658482120266e+01,
       1.2467165721498185e+02, -5.1032836617102504e+00,
       -4.1122343562213617e+00, 4.6916364075652744e+01,
       -4.5334689364743504e+01, -6.0590844178398138e+00,
       8.5734173352797853e+01, -4.3849124624556062e+01,
       1.9467837705129551e+02, 6.1485132250237108e+01,
       3.5054206299064653e+01, 6.0401481017474389e+01,
       5.5628212959461770e+01, 1.0312464573676785e+02,
       -8.0377713076738516e+01, 1.0072260971905260e+01,
       -2.0166101339132643e+02, 1.3200037617555517e+02,
       2.5060674694990592e+01, 2.8764166104483092e+01,
       -5.3055068965222461e+01, -8.2086405507937911e+01,
       9.6266169848302127e+01, 2.1252884334922079e+01,
       9.5008603724517769e+01, 8.5056023186889121e+01,
       1.5665447984842428e+01, -5.8771295065618872e+01,
       1.8780769791306832e+02, -6.9399702540405528e+01,
       4.3248409145406249e+01, 1.0494398103326580e+01,
       -6.4511836994215386e+01, -2.8583237764750418e+01,
       -3.7872669257809498e+01, 8.0209316439413669e+01,
       1.8277588203388254e+02, 6.3700014519844053e+01,
       4.4263333639839850e+01, -1.1334011829133946e+01,
       -2.7975685538335034e+02, -4.3670156873953395e+01,
       -1.8012132749316766e+01, -6.2521113495451154e+01,
       1.2372940976247197e+02, -8.9476993508754141e+00,
       -6.2300998292810007e+01, -3.2313069507807022e+01,
       9.3126531660291519e+01, 1.0731050087524425e+01,
       7.7642140149187171e+01, -7.9668036053917950e+00,
       -1.6294476587288269e+01, -7.1027430507459371e+01,
       -9.5188563313654484e+00, -5.6201835439385313e+01,
       -1.5957292137652720e+01, 1.5334600115144860e+02,
       -2.7051447446135974e+01, -9.2264070055432171e+01,
       -3.5750053432367800e+01, -1.1073808149237793e+02,
       -7.7469942121810234e+01, 1.6058654960894504e+01,
       2.2750945126024131e+01, -5.8954584947318516e+00,
       2.5416785317774551e+01, -2.7770125508717900e+01 ]
