%YAML:1.0
means: !!opencv-matrix
   rows: 34
   cols: 2
   dt: d
   data: [ -8.5159243153887118e+01, 1.6084825235038090e+02,
       1.6737702874615852e+02, -1.0451932928676605e+02,
       -7.1570378003807519e+01, -6.2198673739467871e+01,
       2.1222641258459856e+00, 5.4296031502918190e+01,
       -2.7826456661546479e+02, 4.5929856926648167e+00,
       1.3525728045853097e+02, 1.3033732595017949e+02,
       8.9285202701500651e+01, -1.2789807470149869e+02,
       -2.5148754040394777e-01, -1.4839971412812577e+02,
       1.1464226193674128e+02, 3.6483236608580029e+01,
       -1.2383034807641873e+02, 5.9668665483471530e+00,
       1.0055839597997674e+02, -4.7146633712216335e+01,
       -2.9296941153549085e+01, 2.1407557766398878e+02,
       1.7198779050897551e+02, -1.4449289462480408e+01,
       -4.8948909095943350e+01, -2.6381755603236377e+02,
       2.4966020864306918e+02, 6.4999601828286671e+01,
       -2.5794864712816377e+02, -9.6909831887725403e+01,
       -7.0765255135077808e+01, 9.0033759785929703e+01,
       -1.0961281275546106e+00, -2.0110210707154732e+01,
       2.4824550666236260e+02, -5.5657198087682893e+01,
       2.6311771189533822e+01, -8.1574621313892038e+01,
       -5.1393663443524513e+00, 1.3499853603750748e+02,
       -1.5940257016753918e+02, -8.7696190872510513e+01,
       7.4878192143361048e+01, -2.0584440019126657e+02,
       -2.4589739300146547e+02, 1.0167259457533355e+02,
       6.8625108965772228e+01, 9.8385365727627686e+01,
       6.8967845151713917e+01, 1.9417797002759369e+02,
       -6.1804948556785270e+01, 2.0861465036312154e+01,
       -1.5628521497912675e+02, 9.1571174626949102e+01,
       -2.0570827276362911e+02, -1.7451105894611831e+02,
       5.5426458528437685e+01, 8.0918868865658276e+00,
       1.8026750133107572e+02, 7.0147624280440894e+01,
       -1.6055769814405920e+02, 1.8861505087579150e+02,
       -2.0262517974953261e+02, 1.3469790327996211e+01,
       -9.2916033635430935e+01, -1.4875085512707776e+02 ]
covs: !!opencv-matrix
   rows: 68
   cols: 2
   dt: d
   data: [ 1.7024845975118878e+03, 5.2678522882512755e+02,
       5.2678522882512755e+02, 1.7429008143978965e+03,
       1.7213774830243206e+03, -2.4542634288809722e+02,
       -2.4542634288809722e+02, 2.4756514674537652e+03,
       1.3485171645849898e+03, -2.5635162778339696e+02,
       -2.5635162778339696e+02, 1.7623026615808485e+03,
       1.1530630293674947e+03, 1.2494652417500994e+02,
       1.2494652417500991e+02, 1.2624769577743605e+03,
       1.8822879074938901e+03, -2.7761848234207383e+02,
       -2.7761848234207389e+02, 2.7872852153461540e+03,
       2.4495943772514333e+03, 8.5120274007493754e+02,
       8.5120274007493754e+02, 2.6742121573709319e+03,
       1.6276665078181504e+03, -1.4431064117583125e+02,
       -1.4431064117583125e+02, 1.8866237080831736e+03,
       1.9276100594075717e+03, -5.3754560447921403e+02,
       -5.3754560447921392e+02, 1.9518013461459536e+03,
       9.7521224207696503e+02, -1.3311729693646143e+02,
       -1.3311729693646143e+02, 1.4627731421124427e+03,
       1.2638674496068493e+03, 3.7923229907031384e+01,
       3.7923229907031377e+01, 1.9444131858524509e+03,
       9.9007552801869201e+02, -3.3267218708220696e+01,
       -3.3267218708220696e+01, 1.7003976712015449e+03,
       4.0986987967857922e+03, -7.6608551228355600e+02,
       -7.6608551228355611e+02, 2.4415254165220822e+03,
       1.2205282320796109e+03, -4.6146353167086360e+01,
       -4.6146353167086396e+01, 1.7525224644395526e+03,
       3.9431690829436166e+03, -1.4539154121372528e+03,
       -1.4539154121372530e+03, 3.8689350553970194e+03,
       1.8209417419858373e+03, 1.0817003054681800e+02,
       1.0817003054681797e+02, 4.0369946447100651e+03,
       2.1662670253458186e+03, 6.0340809530881323e+00,
       6.0340809530881501e+00, 3.0423992690098971e+03,
       1.6267057790546569e+03, 3.4022561744519282e+02,
       3.4022561744519271e+02, 1.2627463630274958e+03,
       1.0025578974147788e+03, -4.2795469639956039e+01,
       -4.2795469639956053e+01, 1.1667597497041609e+03,
       2.0569760389480707e+03, -2.9645297562047620e+02,
       -2.9645297562047620e+02, 3.2075313834029585e+03,
       1.3441908441760104e+03, 1.3883981215230978e+02,
       1.3883981215230978e+02, 1.4608804283553038e+03,
       1.5740437873752751e+03, 4.4157577691304829e+02,
       4.4157577691304812e+02, 1.7228656832358602e+03,
       2.1047126950358188e+03, -3.2944176984498972e+02,
       -3.2944176984498972e+02, 2.0181710456769674e+03,
       2.2088732126167747e+03, -1.2066257748367843e+03,
       -1.2066257748367843e+03, 5.8297473882806635e+03,
       2.7733791028345076e+03, -8.5881942919767766e+01,
       -8.5881942919767823e+01, 2.6249765218121638e+03,
       1.2524065494305989e+03, 2.6723220633041961e+02,
       2.6723220633041961e+02, 1.9058857190697327e+03,
       3.1882964999763358e+03, -8.0957144698407689e+01,
       -8.0957144698407674e+01, 2.9363501823907782e+03,
       1.1633829432013526e+03, -6.4539024253866785e+01,
       -6.4539024253866813e+01, 1.2821407061919867e+03,
       2.1013307972506223e+03, -3.6418880770469480e+02,
       -3.6418880770469485e+02, 2.8544151868685149e+03,
       2.8786147456350045e+03, 2.2101255055343955e+02,
       2.2101255055343961e+02, 3.2870120831848521e+03,
       8.3351904890914113e+02, 2.8467724260363131e+01,
       2.8467724260363138e+01, 1.4394553292286500e+03,
       1.4631169921616001e+03, -3.7960833644424957e+02,
       -3.7960833644424957e+02, 1.6036640444121670e+03,
       3.8238611244337417e+03, -4.1758541344919230e+01,
       -4.1758541344919202e+01, 2.5906692973456502e+03,
       1.2303671787673009e+03, 1.9372646920194569e+02,
       1.9372646920194569e+02, 2.4721549381223986e+03,
       1.6231879843391391e+03, -5.3166964904733936e+02,
       -5.3166964904733936e+02, 2.4240180814793071e+03 ]
weights: !!opencv-matrix
   rows: 1
   cols: 34
   dt: d
   data: [ 2.2982733604177925e-02, 3.8060434166996435e-02,
       4.6038060803635372e-02, 4.7642605679499718e-02,
       1.5634836015280890e-02, 2.6571650253102277e-02,
       3.9771699154303376e-02, 3.1262541579414133e-02,
       4.5509890031874799e-02, 3.6938992123643030e-02,
       4.4287191157107185e-02, 1.7739768888249661e-02,
       3.4364156477025315e-02, 1.1098127137586733e-02,
       1.8610296241210311e-02, 1.9903885158109202e-02,
       3.4730081324588900e-02, 4.0109457697494445e-02,
       1.8852794090051070e-02, 4.4924818764608639e-02,
       3.0781422104048800e-02, 2.9342680754013337e-02,
       1.2917295885546042e-02, 1.3747032054438087e-02,
       3.8223131627980134e-02, 2.2417212245151325e-02,
       3.8328106783127161e-02, 2.5178138918586113e-02,
       1.5612882736046978e-02, 4.6473097626840140e-02,
       2.1415155099347046e-02, 1.4379326521091853e-02,
       2.8609119598280955e-02, 2.7541377697513816e-02 ]
pca_proj: !!opencv-matrix
   rows: 2
   cols: 21
   dt: f
   data: [ 1.02604255e-02, 8.46533298e-01, 5.67100069e-05,
       -5.08859605e-02, 4.68450844e-01, 1.89823491e-04, -5.55210514e-03,
       1.46431834e-01, -1.98076777e-05, -7.31809530e-03, 1.34976640e-01,
       -4.80776835e-05, -6.69380091e-03, 1.46460637e-01, -1.57161594e-05,
       2.11501210e-05, 1.32904761e-05, -3.16381829e-07, -1.62182951e-05,
       4.47223283e-04, 4.04881848e-06, 8.19958210e-01, 1.87153444e-02,
       -7.93817599e-05, 4.28530097e-01, 8.29724409e-03, 8.75842488e-06,
       2.28233948e-01, -2.37727305e-03, -1.84168690e-04, 2.08515689e-01,
       -1.20344283e-02, -2.14158339e-04, 2.18838796e-01, -7.27251405e-04,
       -1.84816250e-04, -3.05604735e-05, -5.04301033e-06,
       -1.27042276e-05, 6.79167337e-04, 1.30049409e-06, -1.63660501e-04 ]
