%YAML:1.0
means: !!opencv-matrix
   rows: 34
   cols: 1
   dt: d
   data: [ 1.0269230579340470e+02, -3.0799505362836419e+02,
       -1.1011829545916922e+02, -2.3014196665501682e+01,
       2.3630745517249599e+02, -2.0427453555242124e+02,
       2.6052628603261756e+01, 1.4868371951689014e+02,
       1.8838581710231153e+02, -7.4215835571349658e+01,
       5.7073397689615184e+01, 3.1806224992562539e+02,
       -1.4460883583892445e+02, -2.5160693775945703e+02,
       -4.0133148447150624e+01, -6.1378674447472275e+00,
       -1.6344258573431222e+02, 8.8214464904893745e+01,
       2.1038707145118011e+02, -2.7656588881579847e+02,
       -9.1946945937261745e+01, 2.6481159661926000e+02,
       -2.2818152863805159e+02, 1.3163435733827970e+02,
       2.9265455045508838e+02, 7.3108428826962964e+01,
       1.6741971176887520e+02, 4.1331105639613199e+01,
       -5.7403660274017923e+01, -1.8383703152762612e+02,
       1.1725297252844064e+02, -3.3933719181003607e+02,
       1.0219831987796340e+01, -1.2793148340610486e+02 ]
covs: !!opencv-matrix
   rows: 34
   cols: 1
   dt: d
   data: [ 4.8415758503223159e+01, 3.1602882370223705e+02,
       6.9740675558366803e+01, 6.7340849974119052e+01,
       1.6593107510670484e+02, 9.4083095094036238e+01,
       6.6656397835346880e+01, 7.3384810796486647e+01,
       9.9799235028518027e+01, 7.4753688881422420e+01,
       5.5949337454985226e+01, 7.6778152562622120e+02,
       8.9139773610552822e+01, 1.6444273606040593e+02,
       7.2424509006179235e+01, 6.2092297780419280e+01,
       9.1080837031519209e+01, 4.9603178243311248e+01,
       1.3578618531235429e+02, 1.9121444391463100e+02,
       7.0810355992609203e+01, 2.3868775358982668e+02,
       1.1814885384086431e+02, 6.3714583572484884e+01,
       4.1402414772410356e+02, 5.3282129394843572e+01,
       8.1427145743925465e+01, 6.1061824019164185e+01,
       7.6898589110238987e+01, 8.6792922285513583e+01,
       5.6397187083351589e+01, 6.7471402662244725e+02,
       6.1430206983287903e+01, 7.3816302440328812e+01 ]
weights: !!opencv-matrix
   rows: 1
   cols: 34
   dt: d
   data: [ 3.8281187815835283e-02, 9.3791260451094195e-03,
       3.4588518379764385e-02, 4.3692928550064368e-02,
       1.6488360134608086e-02, 2.2908862846893519e-02,
       4.4040892820585063e-02, 3.1568144124205041e-02,
       2.5567481156110988e-02, 3.9846758745954676e-02,
       4.6137658735770304e-02, 3.0572915895669349e-03,
       2.5690809653423300e-02, 1.5334809600052688e-02,
       4.3619440666061396e-02, 4.4335124345156414e-02,
       2.5829349649907105e-02, 3.8592780514390371e-02,
       2.1999009712025824e-02, 1.4731859856922372e-02,
       4.2581084791428359e-02, 1.0368184764066188e-02,
       2.1967299184097122e-02, 3.2859707269590872e-02,
       6.5829764311378389e-03, 4.4756912236829080e-02,
       3.1403102631666069e-02, 4.4509364059314833e-02,
       4.1845471390179856e-02, 2.2316503723998158e-02,
       3.4378878661607673e-02, 4.7286956306491585e-03,
       4.6840871571095948e-02, 2.9170552711918082e-02 ]
pca_proj: !!opencv-matrix
   rows: 1
   cols: 21
   dt: f
   data: [ 1.02604255e-02, 8.46533298e-01, 5.67100069e-05,
       -5.08859605e-02, 4.68450844e-01, 1.89823491e-04, -5.55210514e-03,
       1.46431834e-01, -1.98076777e-05, -7.31809530e-03, 1.34976640e-01,
       -4.80776835e-05, -6.69380091e-03, 1.46460637e-01, -1.57161594e-05,
       2.11501210e-05, 1.32904761e-05, -3.16381829e-07, -1.62182951e-05,
       4.47223283e-04, 4.04881848e-06 ]
pca_mean: !!opencv-matrix
   rows: 1
   cols: 21
   dt: f
   data: [ 4.33646118e+02, 2.44701981e+02, 1.49672687e+00,
       4.18191803e+02, 2.60206879e+02, 1.62062907e+00, 3.68545319e+02,
       2.27059875e+02, 1.69770968e+00, 3.19420807e+02, 1.63929108e+02,
       1.75046074e+00, 3.16613464e+02, 2.25532654e+02, 1.70717156e+00,
       1.08872897e-04, -9.74175637e-05, 6.24380555e-05, -2.17504916e-04,
       -2.50119597e-01, 1.75055194e+00 ]
gamma: !!opencv-matrix
   rows: 34
   cols: 1
   dt: d
   data: [ 8.0749624925056840e-01, 8.9980537596348698e-01,
       8.1197310076067397e-01, 7.6657598806798488e-01,
       8.7689640540956604e-01, 8.6289380062451371e-01,
       7.6765383865315484e-01, 8.3553098976866680e-01,
       8.5626958274344600e-01, 7.8999748564728689e-01,
       7.8040940419776705e-01, 9.0555197789800512e-01,
       8.3294845682482421e-01, 8.8191861040871500e-01,
       7.7242746564373377e-01, 7.6371226525513869e-01,
       8.4326650428883043e-01, 7.9847053673789781e-01,
       8.6643992537758008e-01, 8.9014475274326865e-01,
       8.0068124746114411e-01, 8.8725180366560441e-01,
       8.7296150655380544e-01, 8.2554925019663439e-01,
       8.9677378845848210e-01, 7.8936616658962255e-01,
       8.4571361864717609e-01, 7.7300106747734243e-01,
       7.8065649799677472e-01, 8.5345454190673942e-01,
       8.1671964459413260e-01, 9.0941979135003193e-01,
       7.6417104039226391e-01, 8.2293726362271780e-01 ]
