%YAML:1.0
means: !!opencv-matrix
   rows: 39
   cols: 3
   dt: d
   data: [ 1.6741628904798475e+01, -1.4962294785152696e+02,
       2.9829586744350047e+00, 9.8901010468752375e+01,
       5.7339209206767421e+01, 7.9662933801460170e+01,
       -1.3711543782542120e+02, 2.5923691748245044e+01,
       -2.0876245359339517e+01, 7.0305936924142770e+01,
       -4.5427906108407747e+01, -2.7595298867149282e+01,
       4.3176589492616010e+01, 8.7179045930884854e+01,
       -9.4827775794437670e+01, -2.3046544163703118e+02,
       -2.0362930080493975e+01, -2.2973702793606634e+01,
       -1.4139622991254396e+02, -2.2287611894101872e+01,
       3.7745648525969550e+01, 8.6162711164164321e+01,
       7.3959150576726032e+01, -1.9536283994201462e+01,
       -7.7155478516346321e+01, 9.7632603908448502e+01,
       1.1153348696823778e+02, 1.3789609773341576e+02,
       -4.1884374284261511e+01, 1.9146880251070815e+01,
       -1.0241351524370371e+02, -3.6201847242562792e+01,
       -6.4292246428483992e+01, 2.2600968498029738e+02,
       7.0965056770261171e+01, 2.3989249110488576e+01,
       2.3169207152512151e+01, -5.6409228051699905e+01,
       -9.3220332024589496e+01, 1.5575282529387444e+01,
       1.1690707543905992e+02, 1.7504184138730864e+01,
       -2.0420563359991343e+02, 1.2636409173687976e+02,
       4.1880667698490406e+01, 1.2104228093027393e+02,
       -9.9616477612165639e+01, -3.1843582974773906e+01,
       -7.1571128004226694e+01, 1.1729586313931472e+02,
       -4.6455559315475391e+01, 1.5677445524663705e+02,
       5.2686972070863973e+01, 3.8326229787527922e+01,
       7.6939930412437818e+01, -1.4556780309593911e+00,
       5.8915577362431648e+01, -5.2950953607098548e+01,
       2.8890699090007832e+01, -3.4144588992857507e+01,
       -1.9563613608357142e+02, -1.2805987727546224e+02,
       -1.4408013600245528e+01, -1.9352896987118689e+02,
       4.3796427787100058e+01, 3.5304640440023420e+01,
       -2.8704327330110107e+01, -4.3296002760435876e+01,
       9.5520868422406892e+01, -9.7925454933965753e+01,
       -1.4230509922972763e+02, 5.8709108165567201e+01,
       -4.3773189203945723e-01, 2.3733478781120123e+01,
       -8.3642126928387526e+01, 1.8008378165892699e+02,
       -3.1698949636328447e+01, 5.3255978904026236e+01,
       -5.9083128633425012e+01, -1.3807876339713962e+02,
       -4.3996767342457709e+01, 1.5813347409332425e+02,
       9.5719439176123913e+01, -3.5550443111225718e+01,
       2.2573408637310770e+01, 3.2136322784302429e+01,
       1.7589365447975005e+01, 1.1522264907492287e+02,
       2.0699970848534415e+00, -5.7260414598959066e+01,
       -3.7631887092435413e+01, -4.2754491814833081e+01,
       -9.2048614052530038e+00, -2.9023451254488896e+02,
       6.5239662368780529e+01, -2.2464531301674739e+01,
       -1.1826840715536244e+02, 4.0274645572799976e+01,
       8.6472485494993037e+01, 3.3908073350671280e+01,
       -6.6256329904050588e+01, 3.5640475095598056e+01,
       5.8754617289705791e+01, 1.9254904126075326e+02,
       2.4575905547207380e+01, 1.2616835097025513e+02,
       -1.3387892669926467e+02, 4.0196647627570641e+01,
       2.0881995259300618e+02, -1.0174244811291823e+01,
       6.4385750557711656e+00, -2.9573963911916206e+01,
       1.9998796717723215e+02, -4.3908939005789975e+01,
       -1.1322690711684339e+02, -1.1345004207705929e+02,
       5.3320867112239014e+01 ]
covs: !!opencv-matrix
   rows: 117
   cols: 3
   dt: d
   data: [ 3.1957775861076066e+03, 1.8552540521539294e+02,
       -1.5184053978589986e+02, 1.8552540521539285e+02,
       2.9346888897221279e+03, -7.6436130224460527e+01,
       -1.5184053978589981e+02, -7.6436130224460456e+01,
       1.4718102003922459e+03, 6.4539134556263502e+02,
       -2.0035771844777383e+01, 4.9483103763686309e+01,
       -2.0035771844777400e+01, 7.4401870159822702e+03,
       -3.9778352696414835e+01, 4.9483103763686309e+01,
       -3.9778352696414835e+01, 1.3234273695795466e+02,
       2.1295684007035975e+03, -6.1791609709955685e+02,
       -1.6698013969870131e+00, -6.1791609709955685e+02,
       5.0067854048073377e+03, -1.3103593422329726e+02,
       -1.6698013969870149e+00, -1.3103593422329726e+02,
       6.5462525384369485e+02, 1.5537505597961735e+03,
       -4.0702039587627667e+02, 9.9459272115385045e+02,
       -4.0702039587627667e+02, 2.3477446119935107e+03,
       -2.6545502269666900e+02, 9.9459272115385045e+02,
       -2.6545502269666900e+02, 9.4450618256845451e+02,
       1.7300344016306101e+03, 1.5132217951324145e+02,
       -2.0899152150584425e+02, 1.5132217951324145e+02,
       1.9536685533968421e+03, 1.1035479569039251e+02,
       -2.0899152150584425e+02, 1.1035479569039248e+02,
       5.5206253578528026e+02, 2.2356920832719147e+03,
       9.7670397882967382e+02, 3.0151460796922095e+01,
       9.7670397882967416e+02, 5.4974206558695796e+03,
       1.7448266764020244e+02, 3.0151460796922073e+01,
       1.7448266764020244e+02, 4.3488426636376221e+02,
       4.9885527543730068e+03, 1.8938389307982679e+03,
       1.0640559756296539e+03, 1.8938389307982677e+03,
       3.5491934744546115e+03, 6.9644662238140455e+01,
       1.0640559756296539e+03, 6.9644662238140498e+01,
       8.0674809819111351e+02, 1.7727821264372633e+03,
       6.4594004282815547e+01, 1.1523889578796784e+03,
       6.4594004282815561e+01, 2.5467418332188140e+03,
       2.9919027931495101e+01, 1.1523889578796784e+03,
       2.9919027931495116e+01, 1.0290683755909322e+03,
       1.6079316231365960e+03, -2.3611407272980674e+02,
       -1.4818421814719846e+02, -2.3611407272980679e+02,
       5.3296786516953334e+03, 3.9356845454655641e+01,
       -1.4818421814719841e+02, 3.9356845454655655e+01,
       1.3601552525648549e+02, 1.1032946632321732e+03,
       -3.1226844471881168e+02, 3.3753688691349652e+01,
       -3.1226844471881168e+02, 2.4251724141870859e+03,
       -2.4231405627665245e+02, 3.3753688691349645e+01,
       -2.4231405627665245e+02, 5.2293487892853898e+02,
       2.7601979887230254e+03, 1.2875450912771169e+03,
       -4.1688287957287349e+02, 1.2875450912771164e+03,
       5.8345340251583102e+03, -3.1623754594927650e+01,
       -4.1688287957287349e+02, -3.1623754594927640e+01,
       3.3964764656257415e+02, 1.7159176678756635e+03,
       2.5879759391991860e+02, 4.3408037452568998e+01,
       2.5879759391991860e+02, 2.1635314654175245e+03,
       -7.1276072803438765e+01, 4.3408037452569005e+01,
       -7.1276072803438751e+01, 1.9631341379150695e+02,
       2.0912752606536787e+03, 3.0999626420014329e+02,
       -2.4861296591235788e+02, 3.0999626420014329e+02,
       3.2437697965240313e+03, 2.5400432718843732e+02,
       -2.4861296591235782e+02, 2.5400432718843734e+02,
       5.7853816319612201e+02, 3.5436580174252445e+03,
       3.9920068039490934e+02, 1.0836134326231404e+03,
       3.9920068039490934e+02, 1.6851688711054990e+03,
       1.1278430270570059e+01, 1.0836134326231404e+03,
       1.1278430270570068e+01, 1.0250508423163653e+03,
       2.7605749971313548e+03, 5.4377202936478670e+02,
       1.4737296757119414e+03, 5.4377202936478636e+02,
       3.5953839110307372e+03, -9.5391626207229066e+01,
       1.4737296757119414e+03, -9.5391626207229052e+01,
       1.3586556128933839e+03, 3.0972328012776743e+03,
       -1.4970649859561027e+02, 9.1215632698685704e+02,
       -1.4970649859561027e+02, 2.2875687046194062e+03,
       -3.0349035267129995e+02, 9.1215632698685681e+02,
       -3.0349035267129989e+02, 1.1467395391076000e+03,
       1.5568399966613240e+03, 4.2349455013445055e+02,
       2.7932292838311628e+02, 4.2349455013445055e+02,
       2.5917868677783131e+03, 2.2648556587252759e+01,
       2.7932292838311628e+02, 2.2648556587252752e+01,
       4.0251261685441403e+02, 6.9909125080460535e+02,
       3.1232646002004481e+02, 2.2748540268932990e+02,
       3.1232646002004486e+02, 3.9216025036131832e+03,
       1.1677898525469502e+02, 2.2748540268932987e+02,
       1.1677898525469500e+02, 2.3419890197738550e+02,
       7.4141535474858745e+02, 1.3838732505895609e+02,
