%YAML:1.0
means: !!opencv-matrix
   rows: 10
   cols: 14
   dt: d
   data: [ -1.7580345697931034e+02, -1.0018885620067148e+02,
       4.7425163615776540e+01, 3.3911152456540094e+01,
       -2.8729497351137429e+01, -5.1786262928043880e-01,
       -3.0749018149065916e+00, -7.2828454315622890e-02,
       -5.2461159165286919e-01, 1.4282709346846159e-01,
       6.6755715112385719e-02, 3.0356752731358041e-02,
       -6.2089674350561865e-03, -2.4073344287967365e-03,
       -3.7145532468298825e+01, -2.6208538216399049e+01,
       1.1733214679252400e+01, 8.7897582204926135e+00,
       2.2395425181911568e+00, 3.6699196088889519e+00,
       1.2780108018203440e+00, 3.6160983853844236e-01,
       -8.2409528555680311e-01, -1.9915162523290838e-02,
       -1.3031157108271654e-01, -1.1753751951194746e-03,
       1.3877084228146965e-03, 8.4475665779434952e-03,
       -1.2281079365426483e+02, 1.1267742712486439e+02,
       1.1357194055271366e+01, -5.2156863001555344e+01,
       -1.0766103268918632e+01, 1.3871630196129736e+00,
       6.9017084900628556e-01, -2.8475936696889892e-01,
       -4.3048292639968333e-01, -2.4592823987552193e-01,
       1.1477129668083920e-01, -3.2179420021897476e-03,
       2.4710425589766103e-03, -3.7758425354334532e-04,
       1.3616042122963788e+02, -3.0732449466882844e+01,
       -3.2954772182806977e+01, 3.0953829652013113e+01,
       -1.9167145386707322e+01, 9.0933278308311678e+00,
       1.1381187393242671e-01, 3.0039831616852836e-01,
       -1.6684123697862224e-01, 3.0539785572821342e-02,
       1.5166963667917696e-01, -1.0716104751292893e-02,
       -6.6882020851670746e-04, 8.3889172156428101e-04,
       5.9427995480945647e+01, 4.9207942511341244e+01,
       -3.8449993144736547e+00, -1.7860854335298804e+01,
       8.0332881993391538e+00, -6.6514645228029625e+00,
       -1.2374437875164320e+01, 1.4320409984829048e+00,
       7.6593384555154262e+00, 1.2017292410127869e+00,
       -3.8402037611628102e-02, 1.5076270898586835e-01,
       -7.5178713106005282e-02, 2.5479221844139244e-02,
       -9.5385197470635070e+00, 1.2004377984113420e+01,
       -4.9496607224560272e+00, -1.6716111390879117e+01,
       -2.0785945946915674e+00, -6.6312563360893684e+00,
       6.4115755886762404e-01, -1.4506730883213141e+00,
       2.9861765178953510e+00, 2.1419764181305698e+00,
       1.5038297054824326e-01, -2.5505744107474626e-01,
       1.4190551112947029e-02, 3.1169492595951382e-02,
       5.0222505359475221e+01, 2.8117737503590750e+00,
       -5.9572452168900085e+00, 9.0475088244421620e-01,
       1.5927266155057854e+01, -1.1644436655896890e+00,
       6.7442312862344522e-01, -5.2495244945479247e-01,
       -3.8844910140587696e-01, 8.1746490202548427e-02,
       7.6912390129203739e-03, 2.3576515597651268e-02,
       3.5999696512592780e-03, -8.9761717880718211e-03,
       6.1339968645450995e+01, 1.1569198982673086e+02,
       -3.1671340256921301e+01, -4.2375857088846416e+01,
       -8.7686117358850293e+00, 1.5937534455332492e+00,
       1.7343404938931066e+00, -2.0991992628850784e-01,
       -3.1049436747406622e-01, -1.6253528558600244e-01,
       4.2424888074939104e-02, -2.6003688738945398e-02,
       4.1435155296567243e-03, 1.1768744792124062e-02,
       -2.0212400372441681e+02, 1.1253065015838319e+00,
       4.1770896712615603e+01, -1.6769427449157941e+01,
       -9.2126060940827887e+00, -5.9686748541270775e+00,
       -9.3353567209438770e-01, 3.5562988887616392e-01,
       4.9992525406073968e-01, 2.6793993177567071e-01,
       -4.1121012778516750e-02, -3.0924808386452986e-02,
       4.4327766376567150e-03, -1.0649984762996188e-03,
       1.8354560783928886e+01, -8.1657558785110211e+01,
       -2.9805409752163099e+00, 2.0685921072237942e+01,
       7.3817328508057090e-01, -1.5887115324015905e+01,
       -3.3363476033939197e+00, 1.2409530159192474e+00,
       2.9516230939569508e+00, -1.2366847638768956e+00,
       -9.3237199048462879e-02, -6.4225443236975488e-02,
       -7.3257776371791891e-03, -1.0354717366423901e-02 ]
covs: !!opencv-matrix
   rows: 140
   cols: 14
   dt: d
   data: [ 5.8214300950884644e+03, -2.9921034297970976e+02,
       3.1230492117855356e+03, -7.8500646564011004e+02,
       1.0721254390608880e+01, 7.3129758075714363e+01,
       3.5533785778865102e+01, 9.8247702708538487e+00,
       3.8510189886251716e+01, 1.1894552787880741e+01,
       8.8381264963754119e-02, 3.7418317563937581e-01,
       -1.8667414526150131e-01, 3.2562934394846299e-01,
       -2.9921034297970976e+02, 7.5100022171591836e+03,
       8.5299157484491070e+02, 2.2067817818613953e+03,
       4.2300703553773656e+02, 6.6185158942890223e+02,
       8.5806757528651886e+01, 4.1768608767528221e+01,
       3.9787486239089091e+01, 6.8607954906497142e+00,
       -1.8480814076291356e+00, -6.2049780383131592e-01,
       -3.0325181377826520e-02, -4.9910085732915110e-02,
       3.1230492117855351e+03, 8.5299157484491070e+02,
       2.4927122816873575e+03, -4.0253801493717170e+01,
       -5.4150481403990547e+01, -7.5323791913639567e+01,
       -2.9083496384331060e+01, -7.6738375679746511e+00,
       -7.8921526034151830e+00, 1.2195980507514057e+00,
       1.8093241024794268e-01, -3.3743996995655293e-02,
       -6.4499138329557934e-02, 8.0032233341537570e-02,
       -7.8500646564010981e+02, 2.2067817818613953e+03,
       -4.0253801493717191e+01, 1.9060036738419624e+03,
       -1.4931817090682461e+02, -1.8586586280854698e+02,
       -3.4705253794240662e+01, -3.2019132450081649e+01,
       -5.9997739360393290e+00, -9.1714661774352835e-02,
       4.8824997315508073e-01, 1.6981879703274030e-01,
       2.1353009879892450e-02, 1.3306469033140217e-01,
       1.0721254390608882e+01, 4.2300703553773650e+02,
       -5.4150481403990526e+01, -1.4931817090682461e+02,
       1.6523308828712811e+02, 1.4355337850760787e+02,
       1.5010204580834442e+01, 2.1091714415138256e+01,
       1.3296479742231964e+01, 3.7463223971429627e+00,
       -7.7264779968542341e-01, -3.7203601069238201e-02,
       -1.9422861044530074e-02, 6.0760623079477313e-02,
       7.3129758075714378e+01, 6.6185158942890200e+02,
       -7.5323791913639567e+01, -1.8586586280854698e+02,
       1.4355337850760787e+02, 3.1662224212638910e+02,
       7.1825549987169364e+00, 1.6935353552547927e+01,
       1.7598137365333148e+01, 1.2212680253181118e+00,
       -6.3027861635462412e-01, -1.8055762276706619e-01,
       -1.5026220266805800e-02, -3.7771004026201219e-02,
       3.5533785778865116e+01, 8.5806757528651914e+01,
       -2.9083496384331053e+01, -3.4705253794240662e+01,
       1.5010204580834442e+01, 7.1825549987169346e+00,
       3.5707994080965946e+01, 4.0928005899841766e+00,
       -1.7888483695026658e-01, -2.8234423601357239e-01,
       2.4974403164345054e-02, -8.5881897662924561e-02,
       4.6988788480445288e-03, -4.5346606400098952e-03,
       9.8247702708538487e+00, 4.1768608767528221e+01,
       -7.6738375679746538e+00, -3.2019132450081649e+01,
       2.1091714415138256e+01, 1.6935353552547930e+01,
       4.0928005899841757e+00, 1.5347408631487815e+01,
       1.9646589058671315e-01, 6.8151867088423912e-01,
       -1.1583632448571238e-01, -3.5830957680669837e-02,
       1.2215180493995064e-02, 2.5781885419806003e-02,
       3.8510189886251702e+01, 3.9787486239089091e+01,
       -7.8921526034151830e+00, -5.9997739360393290e+00,
       1.3296479742231961e+01, 1.7598137365333148e+01,
       -1.7888483695026658e-01, 1.9646589058671315e-01,
       6.6347212183011122e+00, 7.8211087705082794e-01,
       -6.2748752418081075e-02, 8.4837927256732990e-02,
       -1.5783202563556718e-02, 1.2843367393448596e-02,
       1.1894552787880741e+01, 6.8607954906497115e+00,
       1.2195980507514059e+00, -9.1714661774353112e-02,
       3.7463223971429627e+00, 1.2212680253181116e+00,
       -2.8234423601357234e-01, 6.8151867088423912e-01,
       7.8211087705082794e-01, 9.0151197201135758e-01,
       -5.7620844456430460e-02, 2.6657543296913786e-03,
       -2.2047044409093572e-03, -4.4972436175145679e-03,
