%YAML:1.0
means: !!opencv-matrix
   rows: 12
   cols: 14
   dt: d
   data: [ -1.5079660200687815e+02, 9.4850159136715789e+01,
       1.6501854861128717e+01, -4.9597185379317423e+01,
       -1.4012104260074027e+01, -5.5741329740067851e+00,
       -3.0911069081414716e-01, -4.8972346224348784e-01,
       4.2835545433963657e-01, -1.0059701203020843e-01,
       5.6159740479544938e-02, -3.4103237902922315e-02,
       2.6436037506488313e-03, 3.3707866317007839e-03,
       4.2718124083081300e+01, 3.7876889180339866e+01,
       -1.0448907787014889e+01, -2.4400779735314039e+01,
       -7.6419869137467678e-01, -1.3187823045665331e+01,
       -7.9663246241185233e+00, 1.8168376068263652e+00,
       6.5122400068310009e+00, 6.4427121578402990e-01,
       5.9566736152721504e-02, -1.1271523412886080e-02,
       -3.8414481631927101e-02, 1.3347067538641476e-02,
       1.0362151900659757e+02, -4.1387868492599509e+01,
       -2.3853721561318068e+01, 3.4794534427691893e+01,
       -2.4098536036381699e+01, 1.7530058776473599e+01,
       2.8985192841040514e-01, 7.9672847050919082e-01,
       3.0533442169232705e-01, 1.3094162524668809e-01,
       2.1583463361480859e-01, -8.6518533754327276e-03,
       -3.0267349541636696e-03, -2.6014736798513514e-03,
       -5.0500663662927723e+00, -9.7813438292120608e+01,
       6.0915283771369699e+00, 3.4993863692080872e+01,
       5.0290547946903219e+00, -1.4487285401552192e+01,
       -5.0470154042731641e-01, -1.2618360520009477e+00,
       -1.4837934966394564e+00, 3.9526564835869910e-01,
       -1.4000835437150486e-01, -1.6724429884685230e-02,
       2.8792101493344178e-03, 1.6444969148156855e-02,
       -1.5936185378623895e+02, -9.5893413029686030e+01,
       4.3064574934530533e+01, 2.9290036030144357e+01,
       -1.8315297134397362e+01, -3.8400326203902351e+00,
       -4.8359484649327529e+00, -1.1986015627550188e+00,
       1.7319157159843006e+00, 3.5616545288530627e-01,
       -3.2065079251145233e-02, 1.8875554424760105e-02,
       -1.4312207391609506e-02, 6.3530485419099388e-03,
       5.8228590097698643e+01, -1.3244129180519295e+02,
       -5.8197441842116007e+00, 4.6392250029541373e+01,
       -3.9314781134411918e+00, -9.5745656945256314e+00,
       -7.1396550521632088e-02, -2.2726664532707155e-01,
       1.9823989538489879e+00, -1.5834070916081899e+00,
       -2.5870848260177853e-01, -8.6587740044944447e-02,
       5.4799464672516144e-03, -1.1507517603565403e-02,
       1.2130045077583659e+01, -3.2000317274472614e+01,
       6.6180531380503718e+00, 1.9437535893726345e+01,
       1.5964137469742232e+01, 1.1789147053264413e+01,
       1.6002997292711332e+00, -4.4418187312065671e-01,
       -1.2675973965634860e-01, -4.0795163652744382e-02,
       -7.5406263195542458e-02, 8.0682937844245226e-03,
       1.0903792445500987e-03, -1.0911112730448531e-03,
       -1.5749556474024831e+02, -1.6061472492505715e+01,
       4.1271885389049231e+01, -1.8441054415766929e+00,
       -7.0907524806575726e+00, 2.3540027661294736e+00,
       4.8091159153580348e-01, 1.2050008339663054e+00,
       -1.0262933751536676e+00, -4.0696084917572393e-02,
       -1.5003048487095320e-02, 5.3230154264300956e-03,
       3.9933353444541186e-03, -9.1033084489558892e-04,
       4.6633749598217882e+01, 1.2545120112132655e+02,
       -2.9920579950181065e+01, -4.6103986086795224e+01,
       -8.3731027301249998e+00, 2.4295904283632441e+00,
       1.5691703413654869e+00, -2.7639982656254013e-02,
       -2.7648643192624500e-01, -1.1641714834480563e-01,
       7.1968781844723287e-02, -2.7069224789894788e-02,
       3.1598486467890076e-03, 1.0958851564385984e-02,
       1.7701026250455209e+02, 2.0147687078870387e+01,
       -4.7695610061987985e+01, 9.0798126279292575e+00,
       -1.1630346045173130e+01, -7.5413748997473808e+00,
       3.2946978666834839e-02, 7.8885253558953275e-02,
       -9.5269122097760583e-01, -1.8743299509697081e-01,
       -3.7616099991264654e-02, -9.6545892323278738e-03,
       1.3681183529237577e-03, 1.1085730749172979e-02,
       7.1124254471650829e+01, -5.9285106556365159e+00,
       -1.2476302898756705e+01, 3.3521835547913374e+00,
       1.3871129904344269e+01, -4.9413781105506924e+00,
       1.4647173859977736e-01, -4.9621793148871224e-01,
       -5.7330794564455012e-01, 1.0560248477753327e-01,
       3.5275003115349701e-02, 3.0280734606546632e-02,
       2.3781191934410992e-03, -1.1313797980493341e-02,
       -2.3350405896873983e+01, 9.6841012511913121e+01,
       -6.2422966339537096e+00, -4.7856196193548122e+01,
       7.2638236497853645e+00, 5.1121828518285761e-01,
       1.7434472963523291e+00, -2.4930621473750142e-01,
       -2.8952660022819210e-01, 1.3317671879477466e-02,
       6.0348885754637352e-03, -2.5486799739739057e-04,
       6.4437545938855314e-03, -2.6571904899907097e-03 ]
