%YAML:1.0
means: !!opencv-matrix
   rows: 46
   cols: 8
   dt: d
   data: [ -1.4663802085925906e+02, -4.0405494442864009e+00,
       3.8154844404149451e+01, 1.2205730598860011e+01,
       -3.9140767419959950e+00, 1.8766316842081132e+01,
       -7.2219964289456914e-02, 2.1553523603066576e+00,
       1.0861423107948690e+02, -3.0180685719101600e+01,
       -2.1127208757327971e+01, 1.5543037972888646e+01,
       -8.4689079435931038e+00, 1.2093614008102392e+01,
       -8.0260995881008146e+00, -2.8841316018004162e+00,
       1.8976360290386214e+01, -5.2738403576006029e+01,
       -8.3261668705333022e+01, 4.1394256652503685e+01,
       1.5015112756911533e+00, 8.0915211687447375e+00,
       9.7600898114333678e-01, 6.0206932942782154e-01,
       -2.3580499473858037e+01, -5.7742239470968585e+01,
       2.1380366503282676e+01, 4.6087709544139258e+01,
       1.7595333885945738e+01, -1.9133371402478945e+00,
       -4.5864410721403743e+00, -2.9120076923275078e+00,
       -1.8478268247241651e+01, -8.7512984544391614e+01,
       1.1167961457416867e+01, 5.8914983818668020e+01,
       1.0833048474655367e+01, -3.5486670399734890e+00,
       2.4458895881807061e+00, -3.7259968546959465e-01,
       1.2010172017918312e+02, 4.4656302197368120e+01,
       -3.6168511249417314e+01, -1.8223872713539990e+01,
       -2.1225210725065877e+00, 1.9841492531440576e+01,
       -4.4963236402532685e+00, 2.4000755967730543e+00,
       -1.3485675683977280e+02, -4.7192354792656090e+01,
       3.8587572661650150e+01, 3.0545688059382314e+01,
       1.2180677350001368e+00, -1.1710465307385567e+01,
       3.9929954454219825e+00, 1.2919952244336641e-01,
       3.2883885268587529e+00, 3.9674824345604435e+01,
       1.0986124838511330e+01, -2.0732780588404932e+01,
       7.6761663545894416e+00, -2.5910296439184766e+00,
       -1.4335846366360816e+00, 1.7228321888735425e+00,
       -2.0879706009201107e+02, 1.2757451790144955e+01,
       4.7458562637487447e+01, -4.6081618028648075e+00,
       -1.3496173241210133e+01, 4.4268350182582683e+00,
       -3.3241946546149648e-01, 1.2945780735895360e+00,
       -2.5612424102103453e+00, 7.1518896061547423e+01,
       1.4823542809752384e+01, -4.6828389378801056e+01,
       3.4321258795747156e+01, -1.7931268708302767e+01,
       3.2188040241465812e+00, 5.9539845476624220e-01,
       3.6995642294381369e+01, -9.8645196401471622e+01,
       -9.7792559573416913e+00, 6.7951306738990851e+01,
       -4.9593832744057362e+00, -1.1275986479831355e+00,
       2.1690399940182292e+00, -3.3989083113992308e-01,
       4.5432018504656135e+01, 1.2330526161660786e+00,
       -4.0599889707099308e+01, -1.8019448554226297e+01,
       1.4821249562662754e+01, 5.8582711288732687e+00,
       6.5251138897587702e-01, 1.5830119146788830e+00,
       -1.2660524394127995e+02, 2.8438782363592501e+00,
       -5.3789039272535874e+01, 1.1404702097014399e+01,
       1.3528714946938058e+01, -5.9170853857336096e+00,
       1.1918405546443817e-01, 6.6561115940504678e-01,
       -2.1654873214758888e+02, 8.9193092971680230e+01,
       4.9574711895606761e+01, -4.4495891016208795e+01,
       -1.9177878656381029e+01, 2.3937280902079909e+01,
       -4.0753896765231330e+00, 2.1436827962841107e+00,
       7.2306441194598719e+01, 5.5831083482473524e+01,
       -1.7036587934401783e+01, -4.1384692898895715e+01,
       8.5605991060125586e+00, -1.1539648847203493e+01,
       1.7250061376906074e+00, 1.7763991538607684e+00,
       -1.4454498117250645e+02, -5.4317288800220496e+01,
       3.9408151673357629e+01, 3.6155946431217501e+01,
       -6.4929428841529180e-01, 3.7763741488478492e-01,
       7.5267813310224219e-01, -1.6136564953527301e+00,
       -1.9967924078244289e+02, 3.4521491045629240e+01,
       3.8842151110932022e+01, -2.0930869134015730e+01,
       -3.6424693281045699e+00, 3.9547172937652544e+00,
       -3.1690668323715805e+00, -6.5917894440660465e+00,
       8.3045779529126605e+01, 8.5991996882980235e+00,
       -2.7442006396617185e+01, -3.1521384212918747e+01,
       -2.9582924246092986e+01, -1.7339315153457964e+01,
       -2.3247410520066396e-02, -1.0512599518295311e+00,
       1.2613413448065471e+02, -3.6269877144995924e+01,
       -3.0158016446075003e+01, 3.1479163850950293e+01,
       -3.9997616311851814e+00, 1.4342585479430047e+01,
       -4.3436032807125036e-01, 2.3418375310162154e+00,
       -8.8990090224682376e+01, 1.7592204390620289e+01,
       2.8167018226597261e+01, -1.6226872068668094e+01,
       1.6674116442399686e+01, -1.5652887056178855e+01,
       2.2086167994552008e+00, -5.9337678348802758e-01,
       6.6613845871747535e-01, 3.2812542522855303e+01,
       1.1551950140745326e+01, -2.1438463472581169e+01,
       3.7859464685861852e+01, -6.4421478511299348e+00,
       1.8353372696911425e+00, 5.8743424741775929e-01,
       -2.1416073824322450e+02, -2.7434784159434873e+01,
       4.1518343058004035e+01, 2.6155067317791499e+01,
       -1.3139199898573558e+01, 1.5186595926379306e+01,
       -2.1862393949619747e+00, -8.2607291745730405e-01,
       1.3168463106656853e+02, 9.4014256275583978e+00,
       -3.7302360197678937e+01, -4.7934204426640710e+00,
       -1.4886587213477055e+01, -2.8143394304159752e+00,
       1.7431935725482488e+00, 1.4425987396589574e-01,
       -1.4260136799262187e+02, 5.0965944133702976e+01,
       3.5791827098847214e+01, -3.4750038730621597e+01,
       -8.1580973916077060e+00, -1.1268458458550043e+01,
       2.0614793080342348e+00, 1.6534639970227034e+00,
       -3.7015177645887960e+01, -5.9536706232291685e+01,
       3.1385272709449886e+01, 4.4843598933475072e+01,
       6.6635926079092105e+00, -4.0874628647260858e+00,
       1.9910302383111780e+00, 6.6239020393877479e-01,
       -9.2134697464370191e+01, 1.2505392926612501e+02,
       2.9545421577725453e+01, -6.9737458770687027e+01,
       -1.5907976005294412e+01, 2.7017851955332031e+01,
       -8.0760371009672927e+00, 2.6125768889951717e-01,
       5.1560291779173326e+01, 1.5096055580732883e+02,
       -7.9329164607918923e+00, -8.1388604436084208e+01,
       1.7108738473950329e+01, 6.6728343224558282e+00,
       1.7480172692548983e+00, 3.2401932267587497e+00,
       6.4338585500192465e+01, -7.3847029181358138e+01,
       -2.5387827764870039e+01, 4.2774068854687215e+01,
       -1.1995354479400348e+01, 5.4448722597071857e+00,
       5.2131158635729535e-01, -9.6173180610480052e-02,
       -9.3582507722272918e+00, -5.5835694454287550e+00,
       2.5676109626671025e+01, 1.0813438987978513e+01,
       2.9191428409914234e+01, -3.7434353845652999e+00,
       -8.4546659492372829e+00, -6.9715568466018789e+00,
       1.4438868173146065e+02, -1.5461111596955095e+00,
       4.5929012720792670e+01, -1.0563920868651314e+01,
       1.2666445843529452e+01, 3.5885888230036556e+00,
       2.0284113568857362e-01, 1.9941517821500525e+00,
       2.0715065186249197e+02, -1.0655173270723052e+01,
       8.8614226033377785e-01, 9.1770830449828118e+00,
       -7.7055654588000255e+00, 1.0342588996683219e+01,
       -5.3379140570659278e-01, 1.9884062366610193e+00,
       1.6869226406166653e+01, 2.3728802439634183e+01,
       -7.3936322590421469e+01, -3.2003608969289381e+01,
       -2.2851961880563223e+01, -2.1237693857031768e+01,
       1.6377760935056691e+00, -3.0439543308754473e+00,
       -1.7034367925529747e+02, 8.1877403710847233e+01,
       3.2436103900265934e+01, -5.5541374840646107e+01,
       -2.6112521338178393e+01, -1.5721237145610267e+00,
       -3.2767163650341615e+00, -1.1112915713041629e+00,
       6.0187568952086572e+01, 1.0902745561334409e+02,
       -1.6401996840217915e+01, 4.0662160302867790e+01,
       1.4325989584825004e+01, -1.0660259292292055e-02,
       6.5330463328080668e-01, 1.6606019464872463e+00,
       1.6372433795437075e+02, 2.0002405685730068e+01,
       -4.5073488816183996e+01, -2.0877472993512146e+01,
       -7.8836359303963688e+00, 1.3173442902929247e+01,
       -1.8464641086421538e-01, -1.4731053756234054e+00,
       -1.4930272366210068e+02, -1.0403450316199101e+02,
