%YAML:1.0
means: !!opencv-matrix
   rows: 35
   cols: 3
   dt: d
   data: [ -7.5954485227095560e+01, -1.2852440527610700e+01,
       -4.3043118229014212e+01, 9.5822168810668202e+01,
       -1.4245112071743557e+02, 8.0165394891947088e+01,
       -1.8588053883865396e+02, 3.3332202007194304e+01,
       -1.7686926895548233e+01, 9.8475207959947440e+01,
       1.0764566303634973e+02, -5.8183432189175718e+01,
       6.3900442728902629e+00, -3.0751158721014882e+01,
       9.7964045408580898e+00, -2.8064793116907833e+02,
       -5.8127386410031143e+01, -1.9210449915354364e+01,
       2.6750777458153500e+01, -7.4766987449574216e+01,
       -7.9892518472796638e+01, 8.0912155661986191e+01,
       2.5891167033910801e+01, 2.0596289880827147e+01,
       -8.7888168369435220e+01, 1.3540610532695715e+02,
       6.6581575585219014e+01, -5.2692786056785444e+01,
       1.9739861897771550e+02, -2.3509243979566804e+01,
       2.3889673182781388e+02, 4.0184466558628202e+01,
       2.8182089635946223e+01, 1.0587866042133727e+02,
       2.0853656711052622e+01, -5.4664968405912319e+01,
       1.4217574589323819e+01, -1.4095043365956778e+02,
       1.2560025947163629e+01, -3.3936695206247130e+01,
       -4.1632926436646066e+01, 7.6159259663433247e+01,
       2.1943862043891829e+02, -2.8888969866899239e+00,
       -1.2864223835399622e+01, -2.2989477000626650e+02,
       -7.7426164232879646e+00, 3.5160791374748257e+01,
       -1.1111929261464931e+02, -1.1896154990516958e+02,
       9.1463153513019790e+01, 9.6714949798561875e+01,
       1.8225713165873250e+02, 4.3405373590606722e+01,
       1.5856035982642123e+02, 9.8664267520255022e-01,
       3.0228653887758735e+01, -7.6518232655445104e+01,
       -1.1750645581832669e+02, -5.2185273928518633e+01,
       9.3924603926403975e+01, -1.1209623456564259e+02,
       -6.9477867554511135e+01, -7.3908938005968480e+01,
       1.1265780896771868e+02, -6.0750390259512621e+01,
       -6.3044833482067757e+00, -2.7630078434938719e+02,
       -1.3011020233487660e+01, -6.4079214828913763e+01,
       4.6366810243449777e+01, 1.3162685644264352e+01,
       7.7194389495804501e+01, 1.0232544260175774e+02,
       4.3493965502537627e+01, 9.8215884520694814e+01,
       -5.5087320821223088e+01, -2.1051546818105912e+01,
       1.4903840503282446e+01, 2.8855918915919492e+01,
       -6.3479994041826430e+01, -1.9206352787539262e+02,
       1.4084509026975618e+02, -3.5344297205098179e+00,
       -1.4719256143523668e+02, -7.4423099263430245e+01,
       8.0161216696737263e+00, 1.6433993688842835e+02,
       -1.1762358181818428e+02, 1.0455912059820109e+01,
       -1.3811795071567079e+02, 9.8167715211216269e+00,
       9.5656811424696343e+01, 3.3673904716398400e+00,
       1.3622058677961337e+02, -1.5592505370972376e+01,
       9.9200482820405355e+01, -4.9325548949476094e+01,
       6.2940949349490793e+01, -2.6650562908267665e+00,
       4.8076076934836671e+01, 6.8716052200776318e+01,
       -2.0554293394342506e+02, -1.4338246766841527e+02,
       2.1293752051415378e+01 ]
covs: !!opencv-matrix
   rows: 105
   cols: 3
   dt: d
   data: [ 1.4846871025398332e+03, -7.5228690265687203e+02,
       3.5279419432858970e+02, -7.5228690265687203e+02,
       3.7682704516616218e+03, -5.5883784230104914e+02,
       3.5279419432858964e+02, -5.5883784230104902e+02,
       1.1920381887900580e+03, 1.4430925619392742e+03,
       -1.3909725131269186e+03, -1.4026608416166061e+02,
       -1.3909725131269186e+03, 9.6787039530080765e+03,
       1.3066626949868150e+03, -1.4026608416166061e+02,
       1.3066626949868150e+03, 3.8218509129921767e+02,
       2.2204504548988848e+03, 1.0564184781047119e+02,
       4.1229505251059447e+02, 1.0564184781047128e+02,
       3.1614755175686287e+03, -5.2093777215444379e+02,
       4.1229505251059447e+02, -5.2093777215444379e+02,
       1.3252952782121442e+03, 2.7229658845371296e+03,
       4.2063015633826933e+02, 6.9808941028772369e+02,
       4.2063015633826933e+02, 2.8161537481756641e+03,
       5.9278543486269268e+02, 6.9808941028772369e+02,
       5.9278543486269245e+02, 1.6474577966263137e+03,
       2.0668406802206459e+03, -6.5851036504239221e+02,
       1.1247016537310974e+03, -6.5851036504239221e+02,
       3.6654840493415923e+03, 5.8801485770560809e+01,
       1.1247016537310974e+03, 5.8801485770560859e+01,
       1.1650669018762158e+03, 1.9290017955129845e+03,
       -1.0662760682596822e+03, 5.8065517480814222e+01,
       -1.0662760682596822e+03, 8.7563663319717707e+03,
       5.4124650255897132e+02, 5.8065517480814250e+01,
       5.4124650255897132e+02, 3.3280727337022137e+02,
       9.9142992537170505e+02, -2.7569478718192914e+02,
       3.4060593113647730e+02, -2.7569478718192914e+02,
       3.5777335556057865e+03, 3.4735190411384247e+02,
       3.4060593113647730e+02, 3.4735190411384247e+02,
       7.0447720779241058e+02, 1.6961960566292473e+03,
       -1.1483101320189043e+02, 1.3230511356310211e+02,
       -1.1483101320189041e+02, 1.7744010672035829e+03,
       2.1448031406596280e+02, 1.3230511356310217e+02,
       2.1448031406596286e+02, 1.3896919483187000e+03,
       2.9968998190033740e+03, 4.1990644041808184e+02,
       4.9179561340712820e+02, 4.1990644041808184e+02,
       4.5013123434169156e+03, -1.4842589345437005e+02,
       4.9179561340712814e+02, -1.4842589345437003e+02,
       1.0239104784340583e+03, 3.8464868050997288e+03,
       6.9677377275429592e+01, 4.6894240855740560e+02,
       6.9677377275429649e+01, 3.1202029113203012e+03,
       -2.2562353571704608e+02, 4.6894240855740560e+02,
       -2.2562353571704614e+02, 1.3162212981831944e+03,
       2.8690737492074800e+03, -1.1851204808001717e+03,
       -4.4592589289042104e+02, -1.1851204808001714e+03,
       8.7227924358641158e+03, 7.7935809558215658e+02,
       -4.4592589289042093e+02, 7.7935809558215647e+02,
       3.8852656550085203e+02, 2.5032848383232513e+03,
       3.0393980501907151e+02, 6.1746751016482176e+02,
       3.0393980501907140e+02, 2.8703434321871528e+03,
       1.1516395161055925e+03, 6.1746751016482176e+02,
       1.1516395161055925e+03, 1.9983268531985518e+03,
       2.5725637003878714e+03, -6.4653553058462239e+02,
       1.0053604782880221e+03, -6.4653553058462239e+02,
       2.8344157713934578e+03, 2.9567458497498261e+01,
       1.0053604782880221e+03, 2.9567458497498251e+01,
       9.9754802327711661e+02, 2.5405494041806114e+03,
       -1.4896934352752965e+03, -3.4017408670991699e+02,
       -1.4896934352752965e+03, 5.7939813363793000e+03,
       8.0562470214752807e+02, -3.4017408670991699e+02,
       8.0562470214752807e+02, 8.4205430691367803e+02,
       1.8694918680771909e+03, -6.3692185311655646e+02,
       2.3450605789301972e+02, -6.3692185311655646e+02,
       6.5707896274059358e+03, 3.7704869180534848e+02,
       2.3450605789301972e+02, 3.7704869180534848e+02,
       7.4873509795427390e+02, 2.4537346898458422e+03,
       -1.2398642701572232e+03, 9.6962553697538863e+02,
       -1.2398642701572235e+03, 6.2506158812795675e+03,
       9.9912083971129917e+01, 9.6962553697538863e+02,
       9.9912083971129945e+01, 8.6533018216635048e+02,
       1.6147315160090404e+03, -8.6143318030672242e+02,
       4.0975313890399599e+02, -8.6143318030672242e+02,
       5.6410451312651294e+03, 3.8207649510639197e+02,
       4.0975313890399599e+02, 3.8207649510639197e+02,
       5.4106535490066551e+02, 3.9066053368943449e+03,
       -8.3181368664739773e+02, -7.0506875420558333e+02,
       -8.3181368664739773e+02, 3.1893070985146546e+03,
       2.3365149643084774e+02, -7.0506875420558333e+02,
       2.3365149643084774e+02, 9.4197172487905823e+02,
       1.1721966165918084e+03, -2.1284007906635480e+02,
       4.2730534356381605e+02, -2.1284007906635486e+02,
       4.0014665293313737e+03, 1.2789791157362443e+02,
       4.2730534356381588e+02, 1.2789791157362446e+02,
       5.6046052861664202e+02, 2.0503827722409947e+03,
       -6.3102067103482909e+02, 1.1752429043657874e+02,
       -6.3102067103482909e+02, 4.2999869488396916e+03,
