%YAML:1.0
means: !!opencv-matrix
   rows: 4
   cols: 17
   dt: d
   data: [ 5.4615827697859437e+01, -1.2615177756374516e+01,
       -7.8758225281867791e+00, 1.0017387196540804e+01,
       1.0444106223742954e+01, 4.1013938867244963e+00,
       8.4687674422507486e-01, -2.5862796142253075e-01,
       -2.5355501280437137e-01, 4.7502881023637755e-02,
       2.9113306617586970e-02, 1.7396618915159274e-02,
       1.8954553658428832e-03, -8.4247752133079553e-03,
       1.9594821158862730e-02, 1.8984913917051041e-03,
       9.9818241588428384e-04, -1.3421302857443743e+02,
       -2.3766004013325482e+01, 3.5184849501198507e+01,
       2.6270374979841806e+00, -8.2101052434066553e+00,
       4.2386593673893685e-01, 1.3600666440679882e-01,
       8.2817330906699138e-01, -1.0228668646996157e+00,
       -2.8124545868723809e-02, -3.2949517306545231e-02,
       9.9443504112148133e-03, 2.2639286195368425e-03,
       5.4340980637856799e-04, -8.1061730917948056e-03,
       -9.0970198757684764e-03, 5.4965423610983536e-04,
       -1.6463016354963280e+01, -5.0193251603090701e+01,
       5.7469076246882347e+00, 1.1675466549903351e+01,
       -1.0573237459336188e-01, -8.2289163139036390e+00,
       -3.4870635999871138e+00, 1.1410267732055894e-01,
       3.2592024114232898e+00, 9.7148864704380292e-02,
       -8.4506362183250833e-02, -4.6941262401255499e-02,
       -1.2760984015865515e-02, 9.5584767546014575e-03,
       -7.2873885087453710e-03, 3.3811580253438511e-03,
       9.9851595260796381e-04, 5.4173831425020509e+01,
       7.8902634830246370e+01, -2.6561217529929216e+01,
       -2.7900491981260430e+01, -9.8827446893636157e+00,
       -2.5803367991621458e+00, 5.4042679249578962e-01,
       -4.8120366958359451e-01, -5.1753642114893417e-01,
       -1.0749730622414190e-01, 3.5189994397712816e-02,
       -1.2351148408281169e-02, 2.2751955497526898e-03,
       8.5717253862964710e-03, -2.1687122128677655e-02,
       3.9851846651608198e-03, -3.0393041400944526e-03 ]
covs: !!opencv-matrix
   rows: 68
   cols: 17
   dt: d
   data: [ 8.2555810630098513e+03, -6.9587919622931906e+02,
       1.9689305171281628e+03, -2.2607993978066656e+02,
       -1.1188814507981260e+03, -2.6378432835561272e+00,
       -7.0377157666845363e+01, 2.7819211612433559e+01,
       -1.5719106039322931e+01, 1.1480248689659357e-01,
       -1.2636944752437673e+00, -6.5823895083723924e-02,
       1.0214196253390839e-01, -2.6396770476684922e-01,
       7.1320095544891360e-01, 2.5714415676260986e-02,
       -7.5703933568719198e-02, -6.9587919622931906e+02,
       8.9192771604210047e+03, 4.6408674362186395e+02,
       1.1498081637801995e+03, 9.0756898006293749e+00,
       -5.0340242806003789e+02, -4.6865121417758814e+01,
       -2.3899848039528681e+01, -1.2540312869773887e+01,
       -6.9920845766204627e+00, -1.0274378265313280e+00,
       -1.3147155584144837e-01, 1.0629815669065185e-01,
       -2.5875193018432352e-01, 2.8822473994120551e-01,
       -1.4415080328183913e-02, 1.3251540719596838e-01,
       1.9689305171281628e+03, 4.6408674362186395e+02,
       2.7814292802534801e+03, -1.0617037946684847e+02,
       2.3186850030800068e+02, 1.0221306817787447e+01,
       2.3132518698577567e+01, -9.3589468991723290e+00,
       1.6387402587764233e+00, 4.8075577256517660e-01,
       3.4162297013564863e-01, -2.7709055748671152e-01,
       1.3923923920981712e-02, 9.4847070571857692e-02,
       -2.2985616813922738e-01, 2.3306801194693465e-02,
       -5.8200173940810050e-05, -2.2607993978066656e+02,
       1.1498081637801995e+03, -1.0617037946684852e+02,
       2.4084146593722503e+03, -1.3410102656273148e+02,
       1.4621112504654710e+02, 9.1254952371929718e+00,
       1.1020748342162811e+01, 1.0002224040815756e+01,
       -9.4961936071969499e-01, 4.3030929856061134e-01,
       -5.3810024448821499e-02, -2.3201531877022605e-02,
       5.7441102988192813e-02, -3.5204155993348835e-02,
       4.3280860859999895e-02, -2.0014212442321207e-02,
       -1.1188814507981258e+03, 9.0756898006293802e+00,
       2.3186850030800070e+02, -1.3410102656273148e+02,
       5.6453093628859165e+02, -1.2495890201125131e+02,
       -1.3396099418967985e+01, -1.2073363095609514e+01,
       -8.9731471461869283e+00, 6.1255856044032742e-01,
       -7.6079612011166253e-02, -6.2622007940532853e-02,
       -8.3904266161910039e-03, 1.1154815645436189e-01,
       -2.3174259806162364e-01, 2.4543330999313689e-02,
       -1.3073503760339812e-02, -2.6378432835561192e+00,
       -5.0340242806003789e+02, 1.0221306817787449e+01,
       1.4621112504654707e+02, -1.2495890201125131e+02,
       2.5344853725504510e+02, -8.8262834510883774e+00,
       1.6739527098976588e+00, 5.2842764969055906e+00,
       -2.1721273924289015e+00, -1.6974995697164691e-01,
       -2.1204213599300717e-01, -1.8001491272119176e-02,
       5.0521246478930248e-02, -1.0811861734319769e-01,
       -1.2790471942902127e-02, 1.7217333286202591e-02,
       -7.0377157666845378e+01, -4.6865121417758822e+01,
       2.3132518698577559e+01, 9.1254952371929701e+00,
       -1.3396099418967985e+01, -8.8262834510883756e+00,
       2.3383037722545989e+01, 3.9845787338552735e-01,
       3.6061801846891997e+00, 1.9369048810298292e-01,
       -8.2031271581917524e-03, 5.2650691700914819e-02,
       -3.4132333402436259e-02, 1.1437609424513811e-02,
       -2.0403053628667789e-02, -5.3207724461129076e-03,
       1.1274610342834902e-04, 2.7819211612433548e+01,
       -2.3899848039528685e+01, -9.3589468991723290e+00,
       1.1020748342162811e+01, -1.2073363095609517e+01,
       1.6739527098976588e+00, 3.9845787338552729e-01,
       1.3858541700373554e+01, -7.4026220019240097e-01,
       6.4287291589612894e-01, 2.0597675419826999e-02,
       -5.5790670655166278e-03, 2.6253618409077177e-03,
       1.0977659421260543e-02, 1.6339078393700405e-03,
       1.5087417774945803e-02, 2.2582654520749172e-03,
       -1.5719106039322927e+01, -1.2540312869773887e+01,
       1.6387402587764235e+00, 1.0002224040815756e+01,
       -8.9731471461869283e+00, 5.2842764969055915e+00,
       3.6061801846891997e+00, -7.4026220019240108e-01,
       1.2899426898420860e+00, 8.1784006346155135e-03,
       9.4184292176808029e-03, 1.4100589595181835e-02,
       1.6335029788601792e-02, -3.7240363196095822e-04,
       -4.9847856943255244e-03, -1.2589176671245791e-03,
       4.7025885465172475e-04, 1.1480248689659374e-01,
       -6.9920845766204636e+00, 4.8075577256517632e-01,
       -9.4961936071969544e-01, 6.1255856044032753e-01,
       -2.1721273924289015e+00, 1.9369048810298295e-01,
       6.4287291589612894e-01, 8.1784006346155135e-03,
       2.6778798868993597e-01, 1.3523303686394209e-02,
       2.9036020471741450e-05, 3.0948329103048303e-03,
       -1.1290574381132132e-02, -8.4686715358660996e-04,
       -7.8823909386787987e-05, -1.7800271913101837e-04,
       -1.2636944752437673e+00, -1.0274378265313282e+00,
       3.4162297013564863e-01, 4.3030929856061151e-01,
       -7.6079612011166267e-02, -1.6974995697164691e-01,
       -8.2031271581917489e-03, 2.0597675419826995e-02,
       9.4184292176808029e-03, 1.3523303686394206e-02,
       1.9720634861547653e-02, -2.4537152494901127e-04,
       3.8513875002787481e-04, 1.5754677701992879e-04,
       1.9569894967314609e-04, -4.7337621243041355e-05,
       1.9874151694044475e-05, -6.5823895083723910e-02,
       -1.3147155584144832e-01, -2.7709055748671152e-01,
       -5.3810024448821520e-02, -6.2622007940532853e-02,
       -2.1204213599300711e-01, 5.2650691700914819e-02,
       -5.5790670655166260e-03, 1.4100589595181835e-02,
       2.9036020471741630e-05, -2.4537152494901132e-04,
       1.6670216209620278e-03, 4.8153484837508637e-04,
       8.5081712170427063e-05, 4.4501074215336022e-04,
       7.5153576747955035e-05, -4.7113623923132222e-05,
       1.0214196253390838e-01, 1.0629815669065182e-01,
       1.3923923920981717e-02, -2.3201531877022605e-02,
       -8.3904266161910039e-03, -1.8001491272119176e-02,
       -3.4132333402436259e-02, 2.6253618409077181e-03,
