%YAML:1.0
means: !!opencv-matrix
   rows: 24
   cols: 7
   dt: d
   data: [ -1.4928246870058615e+02, -1.0355240407194216e+02,
       2.7483502154857138e+01, 6.6275227626854459e+01,
       -1.9677986987652364e+01, 6.4142544232800602e-01,
       -2.1593990785164197e-01, 3.4060596680143760e+01,
       3.7671267399790487e+01, -3.5051914330589419e+01,
       4.7364440133065511e+00, 1.5531735166039978e+01,
       3.6722554518971018e+00, 1.2631321246672638e+00,
       -1.0284262938345351e+02, 3.3616827525962250e+01,
       3.0021842165779443e+01, -2.3841971864816209e+01,
       7.2325213630212675e+00, -1.6796549406261441e+01,
       6.8463411720467648e-01, 1.1481288504630803e+02,
       -4.6937732884727374e+01, -3.0688138280991350e+01,
       3.5305523383165529e+01, -2.7084049814230746e+00,
       1.3366218845595817e+01, -9.8518914714578826e-02,
       -1.5285573257926410e+02, 2.3899225170169647e+01,
       6.7399004913235558e+01, -1.6336902554814120e+01,
       -8.9323143775076925e+00, -1.4179841509948685e-01,
       4.3694131839288591e-01, 9.2354374492951962e+01,
       -4.9754280896782610e+01, -2.6670423111205420e+01,
       3.2116720583186179e+01, -9.4272011024153688e+00,
       6.4512563866259773e+00, -6.3973520253817451e-01,
       6.5477781094960505e+01, -5.4344136916643869e+01,
       -1.8370772736414779e+01, 3.3029928363472102e+01,
       5.2327037476756857e+00, 1.4417959860561890e+01,
       -3.5682753395174225e+00, -5.8232344978318853e+00,
       3.6439187137826288e+01, 9.7871029492593564e+00,
       -1.8777584730970897e+01, 3.8379669788538116e+01,
       -5.2283573231871090e+00, 1.5276781034958022e+00,
       -2.5949852964222379e+02, 2.4271315229132792e+01,
       -1.2776074413617478e+01, -1.0388033000147210e+01,
       -5.6179377032365618e+00, -7.3950659923615603e-01,
       -3.9836811113250083e-02, -1.5258057831419598e+02,
       6.5301775118621075e+00, 3.8723488646370534e+01,
       1.1064662798482543e+01, -6.5268454561763622e+00,
       2.5493866985200498e+01, -1.6343888440450287e+00,
       1.3158680478651235e+02, 2.6222125198134744e+01,
       -2.8943091610862766e+01, -1.2606974683408746e+01,
       -5.5167314836337606e+00, 1.9881381330753118e+01,
       -9.4513547764817751e+00, 1.2735765607949951e+01,
       1.5764338515249051e+02, -3.2690848555071367e-01,
       -8.6254083383591734e+01, 1.5745767113451045e+01,
       1.6683019171459524e+01, -5.6375168921313368e-01,
       -1.9617086233248955e+02, -2.7924576449714628e+01,
       4.4216236319806946e+01, 2.6383423726371255e+01,
       -8.6293396047042474e+00, 9.5039988279498040e+00,
       -1.2987781942979804e+00, 1.5699032258417895e+02,
       1.1503577527118685e+01, -4.5122795448786761e+01,
       -7.5016020232082559e+00, -6.9893904666663120e+00,
       1.2396972143654709e+01, -8.7898659808170340e-02,
       1.0783227401591272e+01, -8.0530786824105448e+01,
       -5.3872025590507748e+00, -4.1847863159547494e+01,
       2.1226829121918200e+01, -1.2372635762612862e+00,
       -5.1473839509817276e-01, 2.8459042389598892e+01,
       -1.0014167384722607e+02, -1.0213801465441456e+01,
       6.8731958068013412e+01, -4.3262912056216187e+00,
       -1.5748855509673214e+00, 2.1235146233301725e+00,
       7.4859433777415944e+01, 1.3193481804040180e+01,
       -2.8315492522339440e+01, -3.1806175299438046e+01,
       -2.9081980827297727e+01, -1.5760567802093718e+01,
       3.9506962031139187e-01, -6.4073887354876732e+01,
       -8.0817008964021184e+01, 1.5594528810330825e+01,
       4.9940813114867431e+01, 7.4313834447691418e+00,
       -4.0918138691498260e+00, 2.2024588356517536e+00,
       7.4496973977233495e+01, 1.4070314173096371e+01,
       -1.5741390327157916e+01, -6.6631367839766771e+00,
       -7.8489400117620276e+00, 1.2520535674958212e-02,
       -3.5759491145338565e-02, -7.2668207946289570e+01,
       -2.3830248970727258e+01, 2.9738989399167199e+01,
       2.9867541821309160e+01, 1.4548924200658044e+01,
       -1.1692120109526609e+01, -2.4018052646322525e+00,
       -1.9499090134956521e+02, 9.5364774233780508e+01,
       4.1138578512606770e+01, -5.3456925439079519e+01,
       -2.4432529037587265e+01, 1.6133523100833610e+01,
       -3.6104517533765574e+00, 8.2653201438958746e+01,
       1.7876541157652206e+01, -2.2607050457473392e+01,
       -3.2538056965568970e+01, -2.5457424054056339e+01,
       -2.0155940908000641e+01, 1.1746374045110022e+00,
       1.1427401179268170e+02, 1.1429342957237825e+01,
       5.4543229007654240e+01, 6.5811910731330387e+00,
       1.3998325867543580e+01, -4.7556671752994842e-02,
       4.0816589880945642e-01, 9.9698753025452085e+00,
       6.2763829574708168e+01, -9.9621450679265777e-01,
       -3.9789221966934960e+01, 9.6351731499536815e+00,
       -1.7850725579504864e+01, 4.9197285346956809e-01 ]
