%YAML:1.0
means: !!opencv-matrix
   rows: 12
   cols: 10
   dt: d
   data: [ -1.9037585765684861e+02, 8.3061669481433924e+01,
       4.0973500670015731e+01, -4.7183795308731270e+01,
       -2.1047574068948421e+01, 1.1065351634144484e+01,
       -2.3379911917769309e+00, 1.9531809884149833e+00,
       6.8735042188623419e-01, -3.9235886429422079e-02,
       7.0457823878492389e+00, -9.1743887425458482e+01,
       -1.5808513118155376e+00, 5.8864788289474937e+01,
       1.3039834776072943e+00, -1.2861693246695800e+00,
       1.9863237631787090e+00, -3.2355002081438888e-01,
       1.7299437289140859e-01, 3.3338285637970737e-03,
       -3.3637543621493379e+01, -2.0433664581628538e+01,
       2.8989810802590721e+01, 2.5910428349553328e+01,
       2.2353955748643394e+01, -4.5947086897329275e+00,
       -8.7018768730138891e+00, -6.8231049874643395e+00,
       -4.9079330469529410e+00, 1.5081854249921549e+00,
       1.1177855266573847e+01, 4.2274594518140091e+01,
       6.1177943593896424e+00, -3.3608559156800851e+01,
       1.0691902474657228e+01, -8.5274488563008113e+00,
       -3.9126465720530175e+00, -1.6589316234674305e+00,
       -4.6931988339210022e+00, -2.1510011512867284e+00,
       8.1896516744773606e+01, 1.5807097433157168e+01,
       -2.3922073804792792e+01, -3.2150352640856966e+01,
       -2.6470437614915898e+01, -1.9648805450562968e+01,
       9.0652887074787025e-01, -2.3250900117150111e+00,
       2.0673932847372103e-01, -2.6617652930683716e-02,
       -1.3774701365060082e+02, -9.3559950483486034e+01,
       2.8619119331705392e+01, 5.8605745679878602e+01,
       -1.2779398551615099e+01, -2.8639270805508512e+00,
       9.1902099935156101e-01, -9.3295112159618876e-01,
       6.6215570815825964e-01, -2.4084130246797253e-01,
       1.2500684648476538e+02, -4.2908642342610372e+00,
       -4.0694322083069352e+01, -4.2817415809573189e+00,
       -1.0626248196963642e+01, 1.2217022823676972e+01,
       -2.9853017519442600e+00, -3.2415589363313031e+00,
       -2.2828803705626854e+00, 3.3911407102099256e-01,
       -6.9695718316221189e+01, 1.5637723918974832e+01,
       2.5276082989855098e+01, -1.5609755703130338e+01,
       1.9505052250505020e+01, -1.5301195511205352e+01,
       2.5057536367166424e+00, 2.3107706081684981e-01,
       1.8104873650320530e-01, 5.7163191520958279e-02,
       1.4109678786556267e+02, -7.6826652523022423e+00,
       -3.7199598133227560e+01, 9.3046348831187426e+00,
       -4.6001825089684303e+00, 1.3063351414237482e+01,
       -7.8586517777888210e-01, 1.5094489494463992e+00,
       2.5690603295617931e-01, -2.2628447711817878e-02,
       -3.5244797431119942e+01, 4.8570346208496602e+01,
       5.4887607066894235e+00, -2.6217104360976364e+01,
       5.5656759238486520e-01, 4.8293649376661874e+00,
       8.8064104134068522e-01, 2.0592311905670209e+00,
       1.0108865125478221e+00, 1.3435638442070102e-01,
       5.0515068056574748e+01, 8.2972088387958500e+00,
       -7.6595389334509756e+00, -2.4578421924823493e-01,
       1.5725888136505775e+01, 9.6160919436442860e-01,
       4.6162748118051200e-01, 8.3724742419559195e-01,
       3.7843554787604200e-01, -1.1488747699446319e-02,
       -2.0338573138027544e+02, 6.9355474067545604e+00,
       4.2135097435981272e+01, 2.3602390817319327e-01,
       -1.0004987009223880e+01, 5.4562053355155751e+00,
       -1.8236733145418398e+00, -1.9999193274517877e+00,
       -7.2358967699134125e-01, 3.0900426872454445e-01 ]
covs: !!opencv-matrix
   rows: 120
   cols: 10
   dt: d
   data: [ 5.6851762970072368e+03, 1.9835543262774377e+02,
       3.1377674009297780e+03, 1.3419684964450119e+02,
       -6.4072975002678987e+01, -2.3075398064980686e+02,
       8.3407065126252760e+01, -2.5269970139227897e+01,
       -2.3551961295736614e+01, 9.3827502202685693e+00,
       1.9835543262774365e+02, 7.0985724446954118e+03,
       -1.5247381492344195e+01, 1.9661592388321505e+03,
       -2.3405112000961159e+02, 4.5278454938225332e+02,
       -1.1496226736566715e+02, -7.2139380345588968e+00,
       6.1858840617987347e+00, 1.3081301111842386e+01,
       3.1377674009297780e+03, -1.5247381492344228e+01,
       2.4609449632525634e+03, 8.4669682448907523e+01,
       -5.2335707253014174e+00, 8.3973824531810351e+01,
       -2.9186654450895539e+01, 6.7362654478705908e+00,
       2.5598080596451447e+00, 1.5065000575934053e+00,
       1.3419684964450110e+02, 1.9661592388321505e+03,
       8.4669682448907537e+01, 1.2672159055652266e+03,
       9.7620163749347341e+01, -1.3202317327634066e+02,
       3.6805898338421258e+01, -1.4833243829149408e+01,
       6.9990846527110060e+00, 2.5480581407553604e+00,
       -6.4072975002678987e+01, -2.3405112000961162e+02,
       -5.2335707253014174e+00, 9.7620163749347341e+01,
       1.0727768198072698e+02, -1.9402525266413715e+01,
       2.2883345841810769e+01, -3.8749875674817656e-02,
       3.4549181640911595e+00, 1.7359942002974991e-03,
       -2.3075398064980686e+02, 4.5278454938225332e+02,
       8.3973824531810365e+01, -1.3202317327634066e+02,
       -1.9402525266413715e+01, 3.4331903408131041e+02,
       -3.1901883750632120e+01, 3.9551621263490202e+00,
       3.0457499513052282e+00, -1.4131617553681626e+00,
       8.3407065126252760e+01, -1.1496226736566716e+02,
       -2.9186654450895539e+01, 3.6805898338421251e+01,
       2.2883345841810769e+01, -3.1901883750632123e+01,
       3.5309012558669380e+01, -3.1132967741559754e+00,
       -2.5796733490663608e+00, 4.7080111779457534e-01,
       -2.5269970139227905e+01, -7.2139380345588986e+00,
       6.7362654478705890e+00, -1.4833243829149406e+01,
       -3.8749875674817476e-02, 3.9551621263490211e+00,
       -3.1132967741559754e+00, 1.3873721017417662e+01,
       -1.5669187478278856e+00, 6.6103038666304770e-01,
       -2.3551961295736604e+01, 6.1858840617987338e+00,
       2.5598080596451496e+00, 6.9990846527110069e+00,
       3.4549181640911599e+00, 3.0457499513052282e+00,
       -2.5796733490663617e+00, -1.5669187478278856e+00,
       2.1243988648415040e+00, -1.1143194001853741e-01,
       9.3827502202685675e+00, 1.3081301111842386e+01,
       1.5065000575934053e+00, 2.5480581407553609e+00,
       1.7359942002974492e-03, -1.4131617553681626e+00,
       4.7080111779457540e-01, 6.6103038666304770e-01,
       -1.1143194001853741e-01, 7.0510911318919933e-01,
       6.7502029095768257e+03, 1.2512655533620078e+02,
       2.4947110257596987e+03, 2.6440062592755112e+02,
       -3.5957190661388324e+02, 1.3607005168333083e+02,
       -1.5449965924816810e+01, 1.7003803415412452e+01,
       9.0416156267000130e+00, -9.7619741574673058e-01,
       1.2512655533620078e+02, 6.5318736745821525e+03,
       -6.2901274987599237e+01, 2.0272751325194417e+03,
       3.0684384130021321e+01, -1.8132896634617438e+01,
       7.5090770161345489e+01, -1.9274207361300430e+01,
       -6.4916146527519061e+00, -2.9081899903892880e+00,
       2.4947110257596992e+03, -6.2901274987599258e+01,
       2.6782828475136594e+03, -1.2641258888157290e+02,
       -1.4626133953515788e+01, 1.3691996193694619e+01,
       1.2133490062316131e+01, 5.5821813016112509e+00,
       -4.6560530483531998e-01, 4.0637946669049594e+00,
       2.6440062592755112e+02, 2.0272751325194417e+03,
       -1.2641258888157294e+02, 1.2306078942524800e+03,
       -1.0552658312206640e+02, -1.3426530642937294e+02,
       -3.6748403266776606e+01, 1.6073577778233719e+01,
       3.8331534100735682e+00, -2.2162069778377735e+00,
       -3.5957190661388319e+02, 3.0684384130021332e+01,
       -1.4626133953515794e+01, -1.0552658312206643e+02,
       1.2780403563874775e+02, -1.1668485678022575e+01,
       -5.5841887829300338e+00, -5.3498913189082273e+00,
       2.3661067195251855e+00, -6.8412875367533144e-01,
       1.3607005168333086e+02, -1.8132896634617445e+01,
       1.3691996193694619e+01, -1.3426530642937294e+02,
       -1.1668485678022575e+01, 5.5914810849740846e+01,
       2.1555194376309586e+01, -7.4410623139928695e+00,
       -2.2542938851888628e+00, 7.2827205574706955e-02,
