%YAML:1.0
means: !!opencv-matrix
   rows: 9
   cols: 1
   dt: d
   data: [ 5.4663242803582826e+00, -2.6024391553388779e+02,
       1.6731483239573296e+02, -1.0804518320792096e+02,
       5.7735948629534320e+01, -5.1373316345068332e+01,
       2.3581352135595665e+02, 1.0899278471413831e+02,
       -1.8320783681327703e+02 ]
covs: !!opencv-matrix
   rows: 9
   cols: 1
   dt: d
   data: [ 7.2973552355614129e+02, 2.2267040337455310e+03,
       1.1305861383669060e+03, 1.0808351075376117e+03,
       7.0197766178392192e+02, 8.9998211223954900e+02,
       2.2274579357672201e+03, 7.5641309757474812e+02,
       1.5848214725993430e+03 ]
weights: !!opencv-matrix
   rows: 1
   cols: 9
   dt: d
   data: [ 1.4986241977263820e-01, 5.6639890094689005e-02,
       9.7906160400477296e-02, 1.2860601914801645e-01,
       1.4728904663189082e-01, 1.4161543995066264e-01,
       5.2936866990770839e-02, 1.3336879936925286e-01,
       9.1775357641579874e-02 ]
pca_proj: !!opencv-matrix
   rows: 1
   cols: 21
   dt: f
   data: [ 1.02604255e-02, 8.46533298e-01, 5.67100069e-05,
       -5.08859605e-02, 4.68450844e-01, 1.89823491e-04, -5.55210514e-03,
       1.46431834e-01, -1.98076777e-05, -7.31809530e-03, 1.34976640e-01,
       -4.80776835e-05, -6.69380091e-03, 1.46460637e-01, -1.57161594e-05,
       2.11501210e-05, 1.32904761e-05, -3.16381829e-07, -1.62182951e-05,
       4.47223283e-04, 4.04881848e-06 ]
pca_mean: !!opencv-matrix
   rows: 1
   cols: 21
   dt: f
   data: [ 4.33646118e+02, 2.44701981e+02, 1.49672687e+00,
       4.18191803e+02, 2.60206879e+02, 1.62062907e+00, 3.68545319e+02,
       2.27059875e+02, 1.69770968e+00, 3.19420807e+02, 1.63929108e+02,
       1.75046074e+00, 3.16613464e+02, 2.25532654e+02, 1.70717156e+00,
       1.08872897e-04, -9.74175637e-05, 6.24380555e-05, -2.17504916e-04,
       -2.50119597e-01, 1.75055194e+00 ]
gamma: !!opencv-matrix
   rows: 9
   cols: 1
   dt: d
   data: [ 7.8537071087578592e-01, 9.0240088730725387e-01,
       8.6141557028105908e-01, 8.3263450438772924e-01,
       7.9913236298077461e-01, 8.0155787987790850e-01,
       8.9665693935195467e-01, 8.2681097858866059e-01,
       8.7337840866034777e-01 ]
