%YAML:1.0
means: !!opencv-matrix
   rows: 7
   cols: 21
   dt: d
   data: [ 5.6305387726400056e+02, 2.5679303421573218e+02,
       1.5429220721131285e+00, 4.6211643075626728e+02,
       2.5781083131391790e+02, 1.6463733499465716e+00,
       3.6870643647965016e+02, 2.2503049259047066e+02,
       1.6840807427770241e+00, 3.1781252673501103e+02,
       1.6259712689233439e+02, 1.7388377099045482e+00,
       3.1600608893815115e+02, 2.2431163557726151e+02,
       1.6980037766050329e+00, -6.9975596536928238e-04,
       8.5070264104736599e-05, -4.2680103358930851e-04,
       -1.9679797334970382e-03, -2.5225278643998134e-01,
       1.7462262478020172e+00, 3.6040631398399341e+02,
       9.7985753655016083e+01, 1.4529011513751293e+00,
       3.9418599042437683e+02, 1.7262996193183173e+02,
       1.5601354681396673e+00, 3.6609237232700855e+02,
       2.2563545688455611e+02, 1.7178577340800709e+00,
       3.1810033465045854e+02, 1.6276557480311644e+02,
       1.7522943192047735e+00, 3.1642549932577720e+02,
       2.2437393140801976e+02, 1.7236183098654423e+00,
       -4.7306385301114449e-04, -6.9122675177289629e-04,
       2.2882204654784528e-03, 1.4196099734136810e-04,
       -2.4984182561678350e-01, 1.7501054717153175e+00,
       4.1967634277145868e+02, 2.9599845204438486e+02,
       1.6177787746972545e+00, 4.0753350488713232e+02,
       2.9092441468787109e+02, 1.7643147708156557e+00,
       3.6515454608192061e+02, 2.3033014697879238e+02,
       1.8163796861691945e+00, 3.1888869644800263e+02,
       1.7142544133879363e+02, 1.8673003218942710e+00,
       3.1640285209416248e+02, 2.2900531315436186e+02,
       1.8279131098646715e+00, 1.9938044981409751e-04,
       3.8834398399912634e-03, -9.7472450840908127e-04,
       -1.0367780540434936e-03, -2.4240657006952815e-01,
       1.8727006188300677e+00, 4.6510956339327083e+02,
       2.6842207309622421e+02, 1.6146379749351674e+00,
       4.1408421010814982e+02, 2.7628908701547300e+02,
       1.7415374986640029e+00, 3.6535094368581150e+02,
       2.3477926209308501e+02, 1.7377487978913031e+00,
       3.1837162406615408e+02, 1.6157993813899529e+02,
       1.7234345321805580e+00, 3.1801360806566788e+02,
       2.3347034635421434e+02, 1.7077852961894044e+00,
       -2.9149874364014892e-04, -6.3164341838680207e-04,
       -1.4837669372276235e-03, 2.1888042386873086e-03,
       -2.4736338534576763e-01, 1.7498462518089359e+00,
       4.3644418603177735e+02, 1.0011689421892838e+02,
       1.4913232998870980e+00, 4.3533180238529837e+02,
       1.8386644621805436e+02, 1.5712604914734163e+00,
       3.7026183178123563e+02, 2.2574278992263973e+02,
       1.6961723212896691e+00, 3.2228066477370334e+02,
       1.6447655052465902e+02, 1.7684439800262408e+00,
       3.1788121389140878e+02, 2.2302894625862183e+02,
       1.7086018344930674e+00, -1.4291717807535817e-04,
       -2.6407065068826431e-03, 1.4230458772829154e-04,
       7.5539694086557304e-04, -2.5249221451379056e-01,
       1.7489375667709171e+00, 4.3935701803010073e+02,
       3.0472702210232774e+02, 1.3829065088265047e+00,
       4.2278010043913991e+02, 2.9458818756658417e+02,
       1.5216185867735330e+00, 3.7323219184981298e+02,
       2.2436052883466002e+02, 1.5662771577576311e+00,
       3.1967180525451198e+02, 1.5653379913604317e+02,
       1.6182470291313191e+00, 3.1672288350349771e+02,
       2.2279737408267752e+02, 1.5785806575304744e+00,
       6.2115606441995861e-04, -2.2201266493661474e-03,
       5.1574526759840076e-04, 1.0969558485726290e-03,
       -2.5564693664354876e-01, 1.6276247431345456e+00,
       3.1637025306308891e+02, 2.7249773551515358e+02,
       1.3483145556547349e+00, 3.6021540735313130e+02,
       2.6766010042030064e+02, 1.4789757488738811e+00,
       3.6367207927667789e+02, 2.2580232243163212e+02,
       1.7098583894177828e+00, 3.1724659487088866e+02,
       1.6610473819336721e+02, 1.7889273878982830e+00,
       3.1358208397537658e+02, 2.2517242015820929e+02,
       1.7210893599447044e+00, 3.4245326655683687e-04,
       -4.1119576692673137e-04, 2.2812817620427215e-03,
       -4.4708051434670781e-03, -2.5271331405933856e-01,
       1.7529091672420936e+00 ]
