%YAML:1.0
means: !!opencv-matrix
   rows: 33
   cols: 7
   dt: d
   data: [ 3.8604278061699581e+01, 2.0183413407088768e+01,
       -5.8366365444294466e+01, -3.2976934594186744e+01,
       -2.3891533562730444e+01, -2.0267731416521965e+01,
       1.2705773304800185e+00, -6.9369286231730115e+01,
       -9.0905199264699075e+00, 1.5832283948015911e+01,
       8.1540981627457796e+01, 4.3400557909736754e+00,
       -6.0936185318914884e+00, 1.9116419775345275e+00,
       -6.8934939544588971e+01, -1.4344173078567948e+02,
       1.3195531655361206e+01, 2.7275765623018067e+01,
       7.2220853125644853e+00, -2.6930635037609867e+00,
       2.0972085447257345e+00, 1.5431890764402425e+02,
       -4.0638459594607035e+01, -4.4758317364665118e+01,
       -2.9671113873346041e+01, -5.9228007416084836e+00,
       1.3629162596447518e+01, -6.2389528788996527e-02,
       9.5172896053498533e+01, 6.0625478472767902e+01,
       8.0944846418526257e+00, 6.2864445663032837e+00,
       1.4047440788866519e+01, 2.2998469669738175e+00,
       1.2818848070736837e+00, -1.9795685746716768e+02,
       -3.1512694746127515e+01, 4.1408243382435941e+01,
       2.7695983563142445e+01, -8.0000410334497687e+00,
       9.5421966390793322e+00, -1.4816375669885902e+00,
       -8.5686214583379652e+01, 1.9764852463247774e+01,
       2.6906797594768964e+01, -1.7346688125912962e+01,
       1.6716828018582060e+01, -1.7503577191552832e+01,
       2.0116990335947413e+00, 1.0665471886883516e+02,
       -5.7785040021955474e+01, 5.0781594820438670e+01,
       -4.8522092590138207e+01, 2.2852545164139112e+01,
       1.5729156690389883e+00, -9.6060443264759310e-01,
       1.6033905780277487e+02, 7.8975346664328285e+01,
       -4.2143103389847887e+01, 2.8233417481485532e+01,
       -7.7195345490947149e+00, 1.0053744865108303e+01,
       -3.0990670007605525e-01, -2.1922836412874568e+02,
       8.8935553341824502e+01, 4.9182124246947438e+01,
       -4.3732824950846684e+01, -1.8470921140908128e+01,
       2.5636350559990966e+01, -3.9665764234337710e+00,
       -1.5286885360593968e+02, 2.6622919902066268e+01,
       3.8911547696306307e+01, -1.3477971472666237e+01,
       3.3869569298481776e+00, -8.1725128549745563e-01,
       -1.4721512942174986e+00, -8.8133456872769614e+01,
       -5.5147843435318940e+01, 3.8812729449046941e+01,
       3.5769156028259296e+01, 1.0014472210993210e+01,
       -1.0881555682023423e+01, -2.4071848296551446e+00,
       -1.7699423105134767e+02, 1.1087964417888836e+02,
       3.0840874675150225e+01, -6.6283104471128553e+01,
       -3.3681501810276131e+01, 1.3113377516005151e+01,
       -4.3474447485039081e+00, 1.4126208331410831e+02,
       1.4096397923147110e+01, 2.4568263841677194e+01,
       -3.2281502919921024e+01, -2.7526063556317965e+01,
       -1.9878110393442796e+01, 9.4806779296712607e-01,
       -3.4423604255958310e+01, 1.6474062452232809e+02,
       3.9885011212092034e+00, -9.6591201435106512e+01,
       5.2902945529766372e+00, 2.8387912408968493e+01,
       -3.8917644851568616e+00, 9.3019912933513510e+01,
       -2.9210410791652318e+01, -2.6172126587061960e+01,
       2.0280191321349164e+01, -8.9622752784893773e+00,
       9.4083021406731309e+00, -3.9907724608345552e+00,
       3.5527319263977731e+01, 1.5413369312624212e+02,
       -1.3734404810521454e+00, -8.2058064566563971e+01,
       1.9964723916715251e+01, 1.2029148438538908e+01,
       9.1621841435932472e-01, 1.1529293650667668e+02,
       -4.8516558518281215e+01, -3.0422463069881587e+01,
       3.5112717546628552e+01, -3.4917018999679912e+00,
       1.2922807878202503e+01, -2.7942599409943938e-02,
       -1.6922820258921664e+02, 6.4668820450085860e+01,
       3.6387488574252004e+01, -4.2604011872815647e+01,
       -1.4794585662016839e+01, -5.4081339315731860e+00,
       -1.2106202549164042e+00, 2.9801186901318161e+01,
       -9.9689819555489919e+01, -1.0687967123321394e+01,
       6.8546915286804548e+01, -4.3302157923626998e+00,
       -1.4579621406628978e+00, 2.1203823954678942e+00,
       -4.4720219340515337e+00, 4.7640409319569997e+01,
       1.2360060623564168e+01, -2.8250844142260963e+01,
       3.7918213434148775e+01, -9.9721717592732340e+00,
       2.3462763740215742e+00, -6.2547831633319531e+00,
       6.4118609466395640e+01, -7.1029985479736055e+01,
       5.3666371892510840e+00, 1.5602119927697249e+01,
       1.0678107797749963e+00, 1.2806840019713301e+00,
       6.4328579551200889e+01, 1.5672057112519575e+01,
       -1.2036325690740787e+01, -6.8763704898289877e+00,
       -6.7706778181225831e+00, -1.2868171586866466e+00,
       -3.2743046584099111e-01, 1.4194321219895872e+02,
       -2.5667755062710320e+01, 5.8685859070009158e+01,
       1.8243744405332986e+01, 6.9659898904781619e+00,
       3.4199981177264247e+00, 3.0021736705039287e-01,
       3.8387998236395589e+01, -6.0911893147874878e+01,
       -1.1473812931846322e+01, 4.0258623625926589e+01,
       1.3473808484215782e+01, 1.2648788865399894e+01,
       -2.6076675181108555e-01, 2.3274744545857093e+01,
       -6.9668887353735997e+01, -4.2830400898992210e+01,
       -4.6926339430943912e+01, 1.7752359168077465e+01,
       5.9005544773039196e+00, 9.4674067907976145e-01,
       5.9917994642279488e+00, 6.0177429119006391e+01,
       2.8477016251981642e+00, -4.0559507054608666e+01,
       1.0803123857881200e+01, -1.7739598297331121e+01,
       3.3047643870170407e-01, -1.5422606924406483e+02,
       6.8734932203552104e+00, 3.7951795779998569e+01,
       1.1522329086072244e+01, -6.5827414118764347e+00,
       2.5650688603331297e+01, -1.5907717697801167e+00,
       8.1295687263633369e+01, 1.1695502664802909e+01,
       -2.7315923462247742e+01, -2.9832500925330006e+01,
       -2.8691055335280961e+01, -1.4467416476233966e+01,
       7.7171722728414105e-01, -1.4956558871878801e+02,
       -1.0493471124550143e+02, 2.7356317986848808e+01,
       6.5940424029497137e+01, -1.9903191121574693e+01,
       8.2677954460465009e-01, -2.6929484505032808e-01,
       -1.9335748918915374e+02, 5.9623545598816694e+00,
       4.4915629961696439e+01, -4.8882035122560641e+00,
       -1.0403299973990123e+01, 1.0473783632151275e-01,
       1.0106111730190295e+00, 6.7295860603945471e+01,
       -5.9485280099795226e+01, -2.3781923814419834e+01,
       3.3071104822409843e+01, 4.4238236516081147e-01,
       1.3886482955959588e+01, -3.8200744591181182e+00,
       -1.3622340878454626e+01, -5.2385901971148012e+00,
       7.3098365763878252e+00, 7.4899476074629332e+00,
       2.9085864075419213e+01, -1.9215246976233469e+00,
       -3.8110589363709213e-01 ]
