%YAML:1.0
means: !!opencv-matrix
   rows: 39
   cols: 1
   dt: d
   data: [ -2.8745447965148053e+01, 1.0213582979989208e+02,
       -2.2119845021035417e+02, -1.3153412706015209e+02,
       2.1750778199633530e+02, 6.2087411219554809e+01,
       -3.0914537608680081e+02, 1.4008857952407092e+02,
       -1.9190607775279007e+00, -1.6352991050755978e+02,
       3.6824118597080265e+01, -5.8432381354204630e+01,
       2.4132185569097796e+01, 1.6697115106724561e+02,
       2.8450607305297535e+02, -2.0172141756989262e+02,
       -1.0184687002890985e+02, -7.3151886472213860e+01,
       -2.6137737766900767e+02, 1.5326465129868217e+02,
       -1.8219474419037917e+02, 2.3831774025110948e+02,
       1.1513483364088530e+02, 8.8697285701227941e+01,
       -3.3936738826594649e+02, -4.3132454995120611e+01,
       1.9759338354878489e+02, 4.9072777051815386e+01,
       -1.1594901516939242e+02, 1.8164554404074156e+02,
       -1.4732137312568523e+02, -1.5008318108916349e+01,
       1.1061737862702035e+01, 7.4843227313176214e+01,
       -2.4069651618337127e+02, -8.8228574370999993e+01,
       2.5847792715024781e+02, 1.2725689900367588e+02,
       -2.8329247326703359e+02 ]
covs: !!opencv-matrix
   rows: 39
   cols: 1
   dt: d
   data: [ 4.2464538438043789e+01, 4.2535867657082498e+01,
       7.6017655735728937e+01, 5.6921022702142608e+01,
       7.2572730858078387e+01, 4.1137968853609280e+01,
       2.1962861690854649e+02, 3.9057954598960755e+01,
       3.9024322411830255e+01, 6.9812400723950603e+01,
       4.0861532425160213e+01, 5.2583302079763236e+01,
       3.7615033848369059e+01, 4.3009147697207361e+01,
       4.5031134241386809e+02, 8.2767807162713467e+01,
       5.3341452881759501e+01, 5.4841549653436516e+01,
       9.5000404070572813e+01, 3.8857022983460674e+01,
       7.6572291798570589e+01, 1.1657069385039932e+02,
       4.2984534706620614e+01, 4.4783029655281872e+01,
       6.6507328447309590e+02, 4.7913064441023671e+01,
       5.8043202639684701e+01, 4.0738395257566793e+01,
       5.2164973692075783e+01, 5.2777547727790683e+01,
       6.4418524781564628e+01, 3.9425650558217001e+01,
       3.7164511369291219e+01, 4.4154221261669008e+01,
       8.4417719710920778e+01, 5.5183026116606960e+01,
       1.9228931100857119e+02, 4.1699559269299783e+01,
       1.1269664276311507e+02 ]
weights: !!opencv-matrix
   rows: 1
   cols: 39
   dt: d
   data: [ 3.4464680538836334e-02, 3.7291382730916346e-02,
       1.8762204222776968e-02, 2.5307973349070610e-02,
       1.5434690079563246e-02, 3.8144227085812665e-02,
       8.8852607874250027e-03, 2.7415985006376573e-02,
       3.4467830489094325e-02, 2.2282298667915899e-02,
       3.5497223238949292e-02, 3.2579819439550087e-02,
       3.6140897376380550e-02, 2.4057434949679931e-02,
       5.3734926337315001e-03, 2.1840767219910715e-02,
       2.5711449406172981e-02, 3.1139689304331954e-02,
       1.4272746605649157e-02, 2.6857547883484992e-02,
       2.3111835175029828e-02, 1.1288039959329503e-02,
       3.2693465816818937e-02, 4.0910975755120434e-02,
       5.8835910054528158e-03, 3.2913615486589554e-02,
       2.0051755887170813e-02, 3.9312506135825820e-02,
       2.5928272772413379e-02, 2.2817041898008011e-02,
       2.4306725569734268e-02, 3.5981528307523304e-02,
       3.7247793915154807e-02, 4.0515158845480521e-02,
       1.6172031765686535e-02, 2.8763340268696563e-02,
       6.8297876615104969e-03, 2.8372911371341271e-02,
       1.0972021387473604e-02 ]
pca_proj: !!opencv-matrix
   rows: 1
   cols: 21
   dt: f
   data: [ 4.36961316e-02, 8.50134730e-01, 1.73015636e-04,
       6.54514134e-02, 4.60692108e-01, 2.29939164e-04, 7.67599978e-03,
       1.46649793e-01, -1.37564148e-05, 1.21663406e-03, 1.30500361e-01,
       -5.45994153e-05, 8.06188770e-03, 1.42052382e-01, -2.12945142e-05,
       -2.45414903e-05, 9.56867734e-06, -1.94090262e-06, 3.13729906e-05,
       4.34020360e-04, 2.32224409e-07 ]
pca_mean: !!opencv-matrix
   rows: 1
   cols: 21
   dt: f
   data: [ 2.07625534e+02, 2.55653595e+02, 1.54502928e+00,
       2.18915131e+02, 2.60592743e+02, 1.67241716e+00, 2.65274475e+02,
       2.24016678e+02, 1.71669352e+00, 3.19420807e+02, 1.63929108e+02,
       1.75046074e+00, 3.16613464e+02, 2.25532654e+02, 1.70717156e+00,
       1.08872897e-04, -9.74175637e-05, 6.24380555e-05, -2.17504916e-04,
       -2.50119597e-01, 1.75055194e+00 ]
gamma: !!opencv-matrix
   rows: 39
   cols: 1
   dt: d
   data: [ 7.7575804854597474e-01, 8.1476875748407951e-01,
       8.7521626507789152e-01, 8.3165253113570881e-01,
       8.7437980599232157e-01, 7.9102400186393329e-01,
       9.0384042950025711e-01, 8.3711043656850781e-01,
       7.7132207043632439e-01, 8.4933054716942502e-01,
       7.7905850096742069e-01, 7.8855183324421219e-01,
       7.7474632422818213e-01, 8.5147349971730002e-01,
       8.9969363251938117e-01, 8.6738672692077845e-01,
       8.1384672194096563e-01, 7.9669022218376351e-01,
       8.8948060425147535e-01, 8.4431186356406718e-01,
       8.5857273250512489e-01, 8.8256868548605161e-01,
       8.2266094203969742e-01, 8.0662605844411872e-01,
       9.1352854642349368e-01, 7.8117269863204497e-01,
       8.6599727723419273e-01, 7.8435744881208125e-01,
       8.2236405695968584e-01, 8.5873974721907476e-01,
       8.4067020680346027e-01, 7.7247119679359388e-01,
       7.7205555279686477e-01, 7.9832773531948398e-01,
       8.8249346174901255e-01, 8.0561426813267734e-01,
       8.8998305948137291e-01, 8.2981735565706816e-01,
       8.9618858315095529e-01 ]
