%YAML:1.0
means: !!opencv-matrix
   rows: 37
   cols: 1
   dt: d
   data: [ -2.4724475817250838e+01, 1.1350776209770474e+02,
       -2.2434847801053121e+02, 2.2059694008122071e+02,
       8.1885607479802999e+01, 3.8159735079703083e+01,
       -9.9090789557249693e+01, -2.8800817540935037e+02,
       -1.5020155602797809e+02, 2.7171794394947250e+02,
       -3.9533421654814546e+01, 1.6411225640433207e+02,
       -1.6755940248125211e+02, -1.3155642984573473e+02,
       1.1421278170882017e+00, -7.0218652169527715e+01,
       1.4654788522542214e+02, 9.8044570321723199e+01,
       6.7202530662077720e+01, -2.4314422674798681e+02,
       -3.4383185323054749e+02, 2.4251970060483481e+02,
       1.8218293263304915e+02, -2.0356541314733283e+02,
       -3.1505691551363464e+02, 3.0337799029633777e+02,
       1.3032790426579059e+01, -8.5606612666561404e+01,
       -1.1406041201900322e+02, -5.4822381111377751e+01,
       -2.6678658150359149e+02, 5.2641868103358611e+01,
       2.5161134561998431e+01, -1.1027172816541688e+01,
       1.2940953428984142e+02, 2.0067461587324453e+02,
       -1.8517825006826385e+02 ]
covs: !!opencv-matrix
   rows: 37
   cols: 1
   dt: d
   data: [ 5.0367672347447439e+01, 6.6456820863802676e+01,
       8.9266895385248873e+01, 1.1625041484202454e+02,
       5.9021132437113494e+01, 4.0402532321074702e+01,
       4.5685242201874786e+01, 1.8352849630962902e+02,
       7.5388108819339237e+01, 3.1998208673768886e+02,
       5.5501464203763987e+01, 6.7003510163776937e+01,
       6.8362380447289198e+01, 6.6637218084993592e+01,
       3.9817203602157754e+01, 5.1568628613492436e+01,
       6.0217456904090028e+01, 6.3215077402932543e+01,
       5.0713274762061047e+01, 1.1214514485785158e+02,
       6.1396150553742962e+02, 1.5966662204509592e+02,
       8.6588492939714527e+01, 7.1333837539575143e+01,
       2.6912395102030933e+02, 8.1902770549728325e+02,
       3.5278513927344861e+01, 4.6138370160066266e+01,
       5.3544504333359832e+01, 5.5732635038499375e+01,
       1.3561614851507846e+02, 4.4115478388856921e+01,
       3.7003540082223992e+01, 4.5253408556868777e+01,
       6.2108270132723284e+01, 9.9262182801744174e+01,
       6.2589262301907240e+01 ]
weights: !!opencv-matrix
   rows: 1
   cols: 37
   dt: d
   data: [ 3.6757069919880370e-02, 3.8595025986422817e-02,
       1.8408157459683577e-02, 1.5262032326114528e-02,
       4.2864433393127878e-02, 4.0237280640423249e-02,
       2.9405459811952493e-02, 9.6752288831869065e-03,
       2.5596332274162633e-02, 1.0916459170192905e-02,
       3.8878625762960257e-02, 2.9051402034535243e-02,
       2.1237965851611768e-02, 3.1620166161036183e-02,
       3.3076924380896593e-02, 3.7081652632241953e-02,
       2.9932286990258818e-02, 4.3324611497321350e-02,
       4.0900443877982737e-02, 1.5256444027504184e-02,
       3.8991015751623365e-03, 1.3137048733105786e-02,
       2.3963586121243077e-02, 2.0955842820552954e-02,
       7.0617172024956534e-03, 7.3919635886847976e-03,
       3.4722481920198375e-02, 3.3485121095916844e-02,
       3.0341346483438923e-02, 3.7509393355473084e-02,
       1.3662755055546139e-02, 4.2401461199086471e-02,
       3.3655511486806379e-02, 3.4073431854304642e-02,
       3.5996431214619998e-02, 2.0216760478013046e-02,
       1.9448042733844373e-02 ]
pca_proj: !!opencv-matrix
   rows: 1
   cols: 21
   dt: f
   data: [ 1.02604255e-02, 8.46533298e-01, 5.67100069e-05,
       -5.08859605e-02, 4.68450844e-01, 1.89823491e-04, -5.55210514e-03,
       1.46431834e-01, -1.98076777e-05, -7.31809530e-03, 1.34976640e-01,
       -4.80776835e-05, -6.69380091e-03, 1.46460637e-01, -1.57161594e-05,
       2.11501210e-05, 1.32904761e-05, -3.16381829e-07, -1.62182951e-05,
       4.47223283e-04, 4.04881848e-06 ]
pca_mean: !!opencv-matrix
   rows: 1
   cols: 21
   dt: f
   data: [ 4.33646118e+02, 2.44701981e+02, 1.49672687e+00,
       4.18191803e+02, 2.60206879e+02, 1.62062907e+00, 3.68545319e+02,
       2.27059875e+02, 1.69770968e+00, 3.19420807e+02, 1.63929108e+02,
       1.75046074e+00, 3.16613464e+02, 2.25532654e+02, 1.70717156e+00,
       1.08872897e-04, -9.74175637e-05, 6.24380555e-05, -2.17504916e-04,
       -2.50119597e-01, 1.75055194e+00 ]
gamma: !!opencv-matrix
   rows: 37
   cols: 1
   dt: d
   data: [ 7.6647293489351498e-01, 8.1462860989241148e-01,
       8.7115050064074739e-01, 8.7037095247403762e-01,
       7.9480655519610621e-01, 7.7104727387179928e-01,
       8.0453646531110778e-01, 8.9343065519026876e-01,
       8.3584386105504715e-01, 8.9007442542981086e-01,
       7.7165956094801125e-01, 8.4376895609928582e-01,
       8.4505620061933151e-01, 8.2495633637101407e-01,
       7.6280992814702553e-01, 7.8702771899972734e-01,
       8.3410349719997623e-01, 8.0493301845311971e-01,
       7.8585162933057229e-01, 8.7845343561892331e-01,
       9.1000466360692778e-01, 8.7906830862195695e-01,
       8.5314605591542259e-01, 8.6229913379012346e-01,
       9.0125553024449145e-01, 9.0245075634320016e-01,
       7.6370567005483347e-01, 7.9613707941117851e-01,
       8.1406172395708476e-01, 7.7870554701801720e-01,
       8.8664723651510491e-01, 7.7777335388731317e-01,
       7.6644579274121238e-01, 7.6361406160892309e-01,
       8.2419680553277830e-01, 8.6183023998891339e-01,
       8.5375678840963487e-01 ]
