%YAML:1.0
means: !!opencv-matrix
   rows: 2
   cols: 15
   dt: d
   data: [ -9.9474246097622071e+01, 1.7426412560190716e+01,
       1.9422112407089113e+01, -8.0299828868267813e+00,
       -6.3005756941534674e+00, 4.7441100040098441e+00,
       -1.8017730468833200e+00, -4.1882191112603667e-01,
       -5.3987647424588869e-01, 9.5676854950358693e-03,
       -6.6005739040196548e-02, -7.0747716656029093e-03,
       -7.1304641032370825e-03, -1.1855127376536212e-03,
       -7.4265583989829654e-03, 5.0918880861656390e+01,
       -8.9173509552162695e+00, -9.9437972380486030e+00,
       4.1101698448811783e+00, 3.2267043460383316e+00,
       -2.4305378233177866e+00, 9.2289961691469824e-01,
       2.1236228100390300e-01, 2.7756037254501781e-01,
       -4.2167309512199215e-03, 3.3766484371402603e-02,
       3.6276188004692846e-03, 3.6599575423835358e-03,
       6.2345030836021844e-04, 3.8204273624911946e-03 ]
covs: !!opencv-matrix
   rows: 30
   cols: 15
   dt: d
   data: [ 1.8135070816567149e+04, 7.8482847857246452e+02,
       9.6019815215733345e+01, -5.2937026657441913e+02,
       6.5795466439012762e+02, -5.8466916101475931e+01,
       -5.5879183059556645e+01, -1.2118824008319692e+02,
       -1.1738551185008855e+02, 3.9235503605733717e+00,
       -7.4635080668890028e+00, -1.0127202972456435e+00,
       -1.0044703526388019e+00, -2.0203152515375991e-01,
       -1.3182722026028932e+00, 7.8482847857246452e+02,
       1.1902928571380060e+04, -6.6300226495176480e+00,
       -9.4644432382658840e+02, 4.8432088464859746e+01,
       3.5267802620248511e+02, -1.9055691986551462e+01,
       3.7029256183100699e+01, 1.0246872825196336e+01,
       3.7740938865914444e+00, -8.0638217466125239e-01,
       -6.2991908618405468e-01, 9.4139921764528428e-02,
       -2.3134848151007842e-01, -1.7215584287085131e-01,
       9.6019815215733374e+01, -6.6300226495176569e+00,
       3.2630487073412705e+03, 7.8717789498972351e+01,
       -1.3355492251021039e+02, 4.1646589862767868e+01,
       -1.7356224734054269e+01, 1.4917735505908796e+01,
       1.4925221503290301e+01, -6.6329181918056888e+00,
       2.3442393171796074e+00, 5.6131747497649764e-01,
       5.3580280202743101e-02, 5.5953071304079621e-03,
       2.3508977701718453e-01, -5.2937026657441925e+02,
       -9.4644432382658840e+02, 7.8717789498972351e+01,
       3.1116715347003797e+03, -6.3378501532116104e+01,
       -1.8522028029478159e+02, 4.9311743369274490e+00,
       -3.4336371265330222e+01, -4.1988164853580763e+00,
       6.0349865984276914e+00, 2.7103667044869967e-01,
       2.6452566496246105e-01, -5.5368554467291685e-02,
       1.5804811166445915e-01, 1.2479887315542212e-01,
       6.5795466439012762e+02, 4.8432088464859731e+01,
       -1.3355492251021039e+02, -6.3378501532116118e+01,
       2.7864081895439733e+02, -4.9433933887985056e+01,
       -8.6898304101837898e+00, -1.8277505687069077e+01,
       -1.3553897470519750e+01, -8.9609733371680891e-02,
       -7.8618295899853430e-01, -5.4889488416582049e-04,
       -1.0488960484256139e-01, -4.5338987101920462e-02,
       -2.0479946189373241e-01, -5.8466916101475952e+01,
       3.5267802620248511e+02, 4.1646589862767883e+01,
       -1.8522028029478162e+02, -4.9433933887985063e+01,
       2.7112003222885409e+02, 5.8942954902393352e-01,
       2.2491476785003015e+00, 5.6047346375813749e+00,
       1.0890591590659047e+00, 1.6663764736010561e-01,
       -6.4634432368614422e-02, 4.7701725897192938e-02,
       -1.7006392815997612e-03, 6.6678819219760307e-02,
       -5.5879183059556631e+01, -1.9055691986551469e+01,
       -1.7356224734054269e+01, 4.9311743369274499e+00,
       -8.6898304101837862e+00, 5.8942954902393296e-01,
       3.8957754686689825e+01, 4.2950420534394533e+00,
       4.0146264675534775e+00, -5.0598551400897473e-01,
       -2.0186053054409553e-01, -1.1471927946343281e-01,
       3.6645195756116848e-02, -1.9753364709116612e-02,
       -7.2295597477955173e-03, -1.2118824008319689e+02,
       3.7029256183100699e+01, 1.4917735505908796e+01,
       -3.4336371265330222e+01, -1.8277505687069080e+01,
       2.2491476785003024e+00, 4.2950420534394542e+00,
       2.5443842340567194e+01, 3.8599421173932078e+00,
       -1.2086567032113804e+00, 5.1134850761906762e-02,
       3.2099612378200984e-02, 1.9454757100158530e-02,
       -5.6165902772835107e-03, -1.4256096151315324e-02,
       -1.1738551185008855e+02, 1.0246872825196332e+01,
       1.4925221503290301e+01, -4.1988164853580745e+00,
       -1.3553897470519750e+01, 5.6047346375813749e+00,
       4.0146264675534775e+00, 3.8599421173932078e+00,
       7.7201795363431209e+00, 2.3950063282357245e-01,
       1.1302680483319611e-02, -5.7443628163791859e-03,
       2.6373682508729641e-02, 7.3821399976454387e-03,
       -4.3985592681645494e-03, 3.9235503605733686e+00,
       3.7740938865914444e+00, -6.6329181918056888e+00,
       6.0349865984276914e+00, -8.9609733371680891e-02,
       1.0890591590659047e+00, -5.0598551400897473e-01,
       -1.2086567032113806e+00, 2.3950063282357245e-01,
       2.6365308422451670e+00, -1.8328235974344895e-02,
       -3.0413412753434541e-03, -1.5781890686848462e-03,
       2.3154081261277850e-02, -1.8477272382907985e-03,
       -7.4635080668890028e+00, -8.0638217466125239e-01,
       2.3442393171796074e+00, 2.7103667044869967e-01,
       -7.8618295899853441e-01, 1.6663764736010561e-01,
       -2.0186053054409553e-01, 5.1134850761906735e-02,
       1.1302680483319614e-02, -1.8328235974344898e-02,
       3.8160393020747516e-02, 5.3895914727068372e-03,
       -9.3490442495147816e-04, 9.0830656998328637e-04,
       -1.1181923899465677e-04, -1.0127202972456435e+00,
       -6.2991908618405490e-01, 5.6131747497649764e-01,
       2.6452566496246105e-01, -5.4889488416582212e-04,
       -6.4634432368614422e-02, -1.1471927946343281e-01,
       3.2099612378200984e-02, -5.7443628163791876e-03,
       -3.0413412753434533e-03, 5.3895914727068372e-03,
       9.0960207606888034e-03, -4.5879694839585645e-04,
       5.6193301369644331e-04, -9.9998812561987002e-04,
       -1.0044703526388019e+00, 9.4139921764528428e-02,
       5.3580280202743073e-02, -5.5368554467291671e-02,
       -1.0488960484256139e-01, 4.7701725897192924e-02,
       3.6645195756116862e-02, 1.9454757100158523e-02,
       2.6373682508729648e-02, -1.5781890686848462e-03,
       -9.3490442495147827e-04, -4.5879694839585645e-04,
       2.7256192933796100e-03, -2.9420399679419101e-05,
       6.0643038646713049e-05, -2.0203152515375997e-01,
       -2.3134848151007836e-01, 5.5953071304079621e-03,
       1.5804811166445917e-01, -4.5338987101920449e-02,
       -1.7006392815997586e-03, -1.9753364709116612e-02,
       -5.6165902772835090e-03, 7.3821399976454405e-03,
       2.3154081261277850e-02, 9.0830656998328648e-04,
       5.6193301369644331e-04, -2.9420399679419114e-05,
       2.6521385229622291e-03, -1.6009533253526667e-04,
       -1.3182722026028932e+00, -1.7215584287085131e-01,
       2.3508977701718453e-01, 1.2479887315542215e-01,
       -2.0479946189373241e-01, 6.6678819219760280e-02,
       -7.2295597477955173e-03, -1.4256096151315322e-02,
       -4.3985592681645485e-03, -1.8477272382907981e-03,
       -1.1181923899465680e-04, -9.9998812561987002e-04,
       6.0643038646713049e-05, -1.6009533253526667e-04,
       1.7048923033111346e-03, 9.5372039228471913e+03,
       9.3966865170716449e+02, 1.4461535553445160e+03,
       -3.4719270306046747e+02, -8.2193002857899410e+02,
       3.9526015733588963e+02, -1.1013534446090479e+02,
       2.9896000447593689e+01, 1.8464680429105119e+01,
       -1.3058000517324393e+00, -1.2598966117882495e+00,
       -2.6566354105852525e-02, -3.5263320005222629e-02,
       1.1301562602082687e-02, 1.0211931052509360e-01,
       9.3966865170716449e+02, 8.4442587383861810e+03,
       -2.5853250692825327e+02, 5.9275829973090129e+02,
       6.0185048401733447e+01, -2.4452591138560635e+02,
       3.4057231203227346e+01, -1.3324898746596874e+01,
       2.0444944254890882e+00, -2.0547649569339748e+00,
