%YAML:1.0
means: !!opencv-matrix
   rows: 32
   cols: 2
   dt: d
   data: [ 9.8809874607018941e+01, 1.0923701357717363e+02,
       -2.7030248603724811e+01, -1.0404027684252256e+02,
       -2.7005980676029253e+02, 5.4731939463752362e+01,
       -2.9488945004490503e+01, 8.0439801618672746e+01,
       -1.7876194333002928e+02, 8.7357414757604950e+00,
       3.4056643170436224e+01, -5.9585792164858503e+01,
       1.3169930449045597e+02, -1.4099877795372862e+02,
       -1.8340065272148647e+02, 9.5411831358202349e+01,
       8.0425856262219256e+01, -1.7854263164631334e+01,
       -7.8280215245143822e+01, -1.9038673733984851e+02,
       2.7344969582910263e+01, 1.0318383156330941e+02,
       2.2011059713001629e+02, 3.1118065266243672e+01,
       -1.0270017074308714e+02, -4.9275919908294014e+01,
       -4.9273294726281499e+01, 1.4950640873078322e+02,
       -2.6042399813075707e+02, -3.6868174127624393e+01,
       7.6459195809380589e+01, 1.8159509815559653e+02,
       -3.1028981587986124e+01, -2.6708009460132921e+01,
       -1.1053953389674588e+02, -1.2393686211568479e+02,
       1.5142182355468998e+02, -3.2200769179399579e+01,
       1.0573062069800500e+02, -7.6192169765175834e+01,
       7.3856719267738740e+01, 4.7877478587772806e+01,
       -9.8818413130914280e+01, 1.1063857545966198e+02,
       2.1127942015047890e+02, -7.5997389591640314e+01,
       8.5224605304737544e+00, -1.8035650180113555e+02,
       5.5753154801176620e+01, -1.2261703193899420e+02,
       1.4016534119516185e+01, 1.8149209801387915e+01,
       -2.3364913410323655e+02, 1.4940159522671593e+02,
       1.6815022270565916e+02, 1.0262871419934122e+02,
       -2.0379047679068762e+02, -1.5587716930930736e+02,
       -9.6493475995911993e+01, 2.4124643942440041e+01,
       1.4443145428532881e+02, 3.3465213546047075e+01,
       -1.8122768411894918e+02, -7.3306757441688845e+01 ]
covs: !!opencv-matrix
   rows: 64
   cols: 2
   dt: d
   data: [ 1.3170693619451827e+03, -1.6631407604912906e+02,
       -1.6631407604912906e+02, 1.4141273014945261e+03,
       1.5260372360316956e+03, -8.9321076495934861e+01,
       -8.9321076495934847e+01, 1.7320729863628642e+03,
       2.0619356359400394e+03, 2.6980201780371584e+02,
       2.6980201780371584e+02, 3.2022944244946198e+03,
       1.1160700166671234e+03, -3.7343816950992775e+01,
       -3.7343816950992782e+01, 2.8137338638069004e+03,
       1.8077104777785114e+03, 4.8648371858003924e+02,
       4.8648371858003941e+02, 1.8748793573913451e+03,
       1.3415351964451359e+03, -7.5556247038004003e+01,
       -7.5556247038004031e+01, 1.0750339654729912e+03,
       2.1035834674926855e+03, 4.1407762123694516e+02,
       4.1407762123694511e+02, 2.2665770127474311e+03,
       1.7145646832972916e+03, 4.2429159150944560e+02,
       4.2429159150944565e+02, 2.8036437158230251e+03,
       1.2412643726117819e+03, -1.0959773328392559e+02,
       -1.0959773328392559e+02, 9.8179047086380740e+02,
       2.7049521147095438e+03, 3.7375189737888519e+02,
       3.7375189737888525e+02, 1.9022673359516721e+03,
       1.3985049348608973e+03, -4.4360349279356186e+01,
       -4.4360349279356186e+01, 1.3552150836521380e+03,
       1.7559118981038175e+03, 9.2112293835759499e+02,
       9.2112293835759499e+02, 3.3177206068291284e+03,
       1.5122509902913564e+03, -1.9749680086858325e+02,
       -1.9749680086858325e+02, 1.3311149467104633e+03,
       4.3365125962911425e+03, -9.1069590737524516e+02,
       -9.1069590737524493e+02, 4.7436747006509440e+03,
       2.3885225928065947e+03, 7.9233854341719848e+02,
       7.9233854341719848e+02, 3.3944137475181042e+03,
       4.7981014443303930e+03, -1.0647364709312983e+03,
       -1.0647364709312983e+03, 3.4821447782706832e+03,
       1.0646110964571562e+03, -2.8451889653760207e+02,
       -2.8451889653760207e+02, 1.5337965493551178e+03,
       1.6130162644696375e+03, 8.7400667397118976e+00,
       8.7400667397119065e+00, 1.3243339978382544e+03,
       1.1031327005637497e+03, -4.0259086096641035e+01,
       -4.0259086096641035e+01, 1.3022007955817612e+03,
       1.8225562988900415e+03, -2.4671964327923010e+02,
       -2.4671964327923010e+02, 1.0477242770894177e+03,
       9.9117521438795143e+02, -5.0188754970780700e+01,
       -5.0188754970780714e+01, 1.0407466899069866e+03,
       1.3721753990914995e+03, 1.5254272688936376e+02,
       1.5254272688936376e+02, 2.1563810978173292e+03,
       1.8520104004845321e+03, 2.2797037267954084e+02,
       2.2797037267954087e+02, 3.0800952115386963e+03,
       3.2158893339528449e+03, -6.6068517139566825e+02,
       -6.6068517139566825e+02, 2.2041839592146662e+03,
       1.7329011944072395e+03, -4.1653545766002562e+00,
       -4.1653545766002518e+00, 1.1131978173705554e+03,
       9.5170755742176766e+02, -1.5897848779510835e+02,
       -1.5897848779510835e+02, 1.3427069492310090e+03,
       3.1242229022355277e+03, -2.0043724788670534e+02,
       -2.0043724788670536e+02, 2.7500953102127996e+03,
       1.6163988642171423e+03, 3.1717896576717159e+01,
       3.1717896576717141e+01, 1.1171940985512583e+03,
       2.3556149454195556e+03, 2.6958396158412643e+02,
       2.6958396158412643e+02, 2.6758744961855868e+03,
       1.5936299542806910e+03, -1.2236434573547049e+02,
       -1.2236434573547049e+02, 1.5314614017982019e+03,
       1.4885747292067188e+03, 2.2474472441644556e+02,
       2.2474472441644562e+02, 1.0690360485963631e+03,
       2.0194131672771941e+03, 3.7151911981450172e+02,
       3.7151911981450172e+02, 1.8823466098058564e+03 ]
weights: !!opencv-matrix
   rows: 1
   cols: 32
   dt: d
   data: [ 4.1288692354643150e-02, 3.5731284853809810e-02,
       2.1750449726086141e-02, 3.4909280734732873e-02,
       2.9497332007135720e-02, 4.3131258828928862e-02,
       2.3291861073699717e-02, 2.3984475824236184e-02,
       5.2103073838935886e-02, 1.7146998774494177e-02,
       4.2463221186543679e-02, 2.5393393132933931e-02,
       3.8369640457015623e-02, 2.1825130009103938e-02,
       2.0292612780919709e-02, 1.7058038185896435e-02,
       4.3543255706496489e-02, 2.3833990631750825e-02,
       3.0619461026482594e-02, 4.2136515973243589e-02,
       4.4050020427550164e-02, 2.9451511560330615e-02,
       2.4142208904370497e-02, 1.8373434892390315e-02,
       2.8468407784923998e-02, 4.9316845562618970e-02,
       1.9395323713652518e-02, 3.2275870059441499e-02,
       1.5277492178073487e-02, 4.3402811196917357e-02,
       4.2902345800410017e-02, 2.4573760812203665e-02 ]
pca_proj: !!opencv-matrix
   rows: 2
   cols: 21
   dt: f
   data: [ 4.36961316e-02, 8.50134730e-01, 1.73015636e-04,
       6.54514134e-02, 4.60692108e-01, 2.29939164e-04, 7.67599978e-03,
       1.46649793e-01, -1.37564148e-05, 1.21663406e-03, 1.30500361e-01,
       -5.45994153e-05, 8.06188770e-03, 1.42052382e-01, -2.12945142e-05,
       -2.45414903e-05, 9.56867734e-06, -1.94090262e-06, 3.13729906e-05,
       4.34020360e-04, 2.32224409e-07, 7.68702388e-01, -5.10314330e-02,
       1.14127281e-04, 4.21110362e-01, -3.83849256e-02, 4.02935693e-05,
       2.81941950e-01, -1.35209868e-02, 1.95932400e-04, 2.66951323e-01,
       -4.70317341e-03, 2.29704310e-04, 2.76557714e-01, -1.55316098e-02,
       2.11025646e-04, -3.74769334e-05, 5.54774260e-06, -7.89335627e-06,
       8.86836962e-04, -5.85095040e-05, 1.91629806e-04 ]
pca_mean: !!opencv-matrix
   rows: 1
   cols: 21
   dt: f
   data: [ 2.07625534e+02, 2.55653595e+02, 1.54502928e+00,
       2.18915131e+02, 2.60592743e+02, 1.67241716e+00, 2.65274475e+02,
       2.24016678e+02, 1.71669352e+00, 3.19420807e+02, 1.63929108e+02,
       1.75046074e+00, 3.16613464e+02, 2.25532654e+02, 1.70717156e+00,
       1.08872897e-04, -9.74175637e-05, 6.24380555e-05, -2.17504916e-04,
       -2.50119597e-01, 1.75055194e+00 ]
