%YAML:1.0
means: !!opencv-matrix
   rows: 6
   cols: 16
   dt: d
   data: [ -2.0040107266819967e+02, 5.9772504330276085e+01,
       4.0664042645327619e+01, -3.1449179317404212e+01,
       -1.6996637538568510e+01, 1.1886774704342161e+01,
       -3.2853818997755986e+00, -7.0616599515490719e-01,
       -1.2447561112686596e-01, 2.2478447150917372e-01,
       1.3212544474192355e-02, -2.2951654134784599e-02,
       1.6086050762714860e-03, 4.7006303515661927e-03,
       2.5844230636782796e-02, -3.0571333728800147e-03,
       8.6458118164565818e+01, 1.1014335496705666e+01,
       -2.4816578871841191e+01, -2.6387554197607862e+01,
       -2.4696754113777843e+01, -1.6012542821062301e+01,
       5.9504588181154827e-01, -1.6803802698138890e+00,
       6.9059368791057757e-02, 3.5070170396005712e-02,
       1.0572842450656839e-01, -3.7138070986634558e-03,
       5.2640391042997928e-04, 3.2244283576091989e-03,
       1.3855947293253911e-02, 1.5549428567622990e-03,
       1.3999457033633971e+02, 2.7835295342149777e+01,
       -4.0860962140421606e+01, -2.7422205924682768e+01,
       -8.7278331501655231e+00, 1.0272127025577900e+01,
       -9.7931529764726377e-01, -1.4740542823451894e+00,
       -5.5461327351785006e-01, -1.3892037736510268e-01,
       9.5526260512203125e-03, -1.0653069655473088e-01,
       -5.8055410038111935e-03, -2.4524173813314138e-02,
       -5.7368944575635549e-03, 6.1017611105622866e-03,
       1.1234988525075265e+01, 4.6326983804965174e+01,
       1.0372921741026473e+00, -2.5945285774350324e+01,
       7.3411797058731176e+00, 1.2122428159541099e+00,
       -3.8193030030985677e+00, -1.7864647964295446e+00,
       -1.9856636141665616e+00, 1.6137470374767313e-01,
       -1.1379522121961330e-01, 2.5342537893140948e-02,
       -2.4020301169608623e-02, 2.3125004340354229e-03,
       -2.9987138587963365e-02, 8.3277606066602949e-03,
       5.9433574377113999e+01, -1.1998136735798301e+01,
       -1.1965860328752385e+01, 1.0319025536783757e+01,
       1.0454342432506444e+01, 1.6050009417648863e+00,
       7.2072828451975690e-01, 7.3222312195558692e-01,
       3.3775701793969554e-01, -2.9737285645406210e-02,
       2.6563663935876013e-02, 5.0474736609360084e-03,
       4.6768180697838863e-03, 1.4590606628433129e-03,
       8.5599152214941351e-03, -8.8476961140282419e-04,
       -1.1332476947173669e+02, -3.2677499879534622e+01,
       2.7013194091781358e+01, 2.1923590883684341e+01,
       -4.6992600814138727e+00, -3.0993005981246595e+00,
       1.6118721173103638e+00, 7.1725298060912468e-01,
       3.9074898096817667e-01, -9.7113987719177536e-02,
       -5.7298443721179433e-02, 8.7522353348031996e-03,
       2.1952974287852531e-03, -2.8813419026918847e-03,
       -1.9174878221153449e-02, -2.7780528348702741e-03 ]
covs: !!opencv-matrix
   rows: 96
   cols: 16
   dt: d
   data: [ 5.3591361274584542e+03, 4.3593802278703214e+02,
       3.0978671423421815e+03, -6.1083930263340825e+01,
       -1.2566590639262991e+02, -7.4251838026864988e+01,
       4.5552196481959264e+01, -5.2213095508380874e+01,
       -1.7064908525126260e+01, 5.9328333287738984e+00,
       7.4008619694839418e-03, 1.1306306095508949e-01,
       -1.2752909687967406e-01, 8.6040068479973489e-02,
       -4.6246353054556422e-01, 1.5546918979835034e-01,
       4.3593802278703214e+02, 8.6944970652293905e+03,
       -7.1187738520852307e+01, 7.6627958891664275e+02,
       -4.9989099096026303e+02, 2.6747227738895907e+02,
       -8.6368800202618814e+01, 1.0679904889658640e+02,
       2.5511501398124604e+01, -6.9127760081703373e+00,
       2.7187367945053769e+00, 2.1673899208624858e+00,
       -2.2652615786885746e-01, 1.6449234980019983e-01,
       -3.1454478834234655e-02, -1.3128278319439071e-01,
       3.0978671423421815e+03, -7.1187738520852250e+01,
       2.4378225222653123e+03, -3.5678781118492959e+00,
       -4.2002278758014569e+01, 6.1256914098883826e+01,
       -1.5240864390963900e+01, 2.2540448864892440e+01,
       1.1667030718432173e+01, -3.4017433502900798e+00,
       1.3734940708641455e-01, -4.0187099774310647e-02,
       6.8794517935685234e-03, 1.7397090309475838e-02,
       1.0091383308000990e-01, 2.1021333599018335e-02,
       -6.1083930263340797e+01, 7.6627958891664264e+02,
       -3.5678781118492950e+00, 1.9968254436081206e+03,
       2.4337329957606229e+02, -1.3571179987762739e+02,
       4.7751449348183336e+01, -5.8853795470945336e+01,
       -1.1832038827457433e+01, 8.8210023840706586e-01,
       -1.9003612995376671e+00, -1.5935029774630056e+00,
       1.6190729341409577e-01, -1.7813204738066710e-01,
       1.0730728376534618e-01, 1.6406464955978226e-01,
       -1.2566590639262991e+02, -4.9989099096026303e+02,
       -4.2002278758014569e+01, 2.4337329957606229e+02,
       1.3854618163290871e+02, -2.6057544719471014e+01,
       1.4544733893593422e+01, -3.1915844679757488e+01,
       -7.2496822285525493e+00, 3.1032572757076333e+00,
       -1.1127088609088112e+00, -5.4827065665942709e-01,
       5.3953890540212331e-02, -4.2600484445063772e-02,
       -3.0045660507359209e-02, 7.5997767751388640e-02,
       -7.4251838026864988e+01, 2.6747227738895907e+02,
       6.1256914098883826e+01, -1.3571179987762739e+02,
       -2.6057544719471011e+01, 2.5521741603638517e+02,
       2.2088755751882250e+00, 2.8439730468191446e+01,
       8.4087457313114662e+00, -4.8094916980520566e+00,
       4.9034077403894660e-01, 1.9795484335741925e-01,
       3.7887409102947255e-03, -3.8831265756836479e-02,
       3.0067555793058556e-02, -2.6664469877986187e-02,
       4.5552196481959271e+01, -8.6368800202618814e+01,
       -1.5240864390963896e+01, 4.7751449348183343e+01,
       1.4544733893593422e+01, 2.2088755751882254e+00,
       2.9968712023760087e+01, -4.5479246224684973e+00,
       -1.1550230317264405e+00, 2.7840254495822592e-01,
       1.9885741101658083e-02, -2.8591990619370723e-02,
       -9.7122970279414685e-03, -3.9149504361581915e-03,
       -3.5121056731028553e-03, 1.3027000608363922e-02,
       -5.2213095508380874e+01, 1.0679904889658641e+02,
       2.2540448864892433e+01, -5.8853795470945336e+01,
       -3.1915844679757488e+01, 2.8439730468191446e+01,
       -4.5479246224684973e+00, 2.6214690446828143e+01,
       3.9880123535976506e+00, -1.1521490366422622e+00,
       3.4405096386608741e-01, 1.3638670406299711e-01,
       -1.8530969002751002e-03, 1.1217432292960437e-02,
       3.6097582020136701e-02, -1.0251333232623757e-02,
       -1.7064908525126260e+01, 2.5511501398124601e+01,
       1.1667030718432175e+01, -1.1832038827457431e+01,
       -7.2496822285525475e+00, 8.4087457313114680e+00,
       -1.1550230317264401e+00, 3.9880123535976506e+00,
       4.3400519577970638e+00, -7.8931918251014876e-01,
       6.9669989966162915e-02, 5.1717501512733459e-02,
       -1.9358662211430677e-03, -9.7321027907666105e-04,
       1.8278395824794652e-02, -2.1132596297051331e-02,
       5.9328333287738984e+00, -6.9127760081703373e+00,
       -3.4017433502900789e+00, 8.8210023840706631e-01,
       3.1032572757076338e+00, -4.8094916980520566e+00,
       2.7840254495822592e-01, -1.1521490366422622e+00,
       -7.8931918251014888e-01, 8.3771554045584251e-01,
       -7.1259193130385687e-02, -1.3339259224379264e-02,
       -5.4353406323598931e-03, -7.5319428113362671e-03,
       -1.1034264223983960e-02, 6.2062876092215599e-03,
       7.4008619694839930e-03, 2.7187367945053778e+00,
       1.3734940708641458e-01, -1.9003612995376671e+00,
       -1.1127088609088112e+00, 4.9034077403894660e-01,
       1.9885741101658076e-02, 3.4405096386608730e-01,
       6.9669989966162915e-02, -7.1259193130385687e-02,
       1.9535110335366562e-02, 6.7059474068160560e-03,
       -6.8833364370886254e-04, 8.7102239120536687e-04,
       1.1436996562783355e-03, -1.0521496591755920e-03,
       1.1306306095508949e-01, 2.1673899208624854e+00,
       -4.0187099774310626e-02, -1.5935029774630056e+00,
       -5.4827065665942709e-01, 1.9795484335741920e-01,
       -2.8591990619370723e-02, 1.3638670406299711e-01,
