%YAML:1.0
means: !!opencv-matrix
   rows: 30
   cols: 7
   dt: d
   data: [ 8.8095742718867797e+01, -3.9347442291315126e+01,
       -1.8301828513746599e+01, 3.2310268163879350e+01,
       -2.9901345176051581e+01, 2.0855088729493520e+01,
       9.0567826587113165e-01, -4.0447871425692163e+01,
       -5.8670133180604381e+01, -5.6729409548018516e+01,
       -3.4258383642434495e+01, 1.4602952125969782e+01,
       2.5801478724341096e+00, -1.6799732561858494e+00,
       -1.3441827198469497e+02, 1.3030832804635892e+02,
       1.1202216791169098e+01, -5.4066866639815828e+01,
       -2.5135477046703517e+01, -4.4120678200285290e+00,
       -3.0835370313410859e-01, -4.1017681744362511e+00,
       -3.5892551959894654e+01, 9.6894738315095896e+00,
       5.7305607033216814e+00, 3.9486102195065946e+01,
       -1.8165416763784958e+00, 1.0387251035332397e+00,
       3.0845875231156597e+01, -1.5654333689857419e+01,
       -5.6627378224612677e+01, 2.2100259572853638e+01,
       1.6691290786017873e+01, -7.0768344784296335e+00,
       5.4865116060350883e-01, 1.6219213503279988e+01,
       1.2788122322373646e+02, -2.5002840978685438e+01,
       -5.7110780266739532e+01, -7.7510289218297599e+00,
       1.9732643050732004e+00, 2.5672907670820386e+00,
       1.3069753786211510e+02, -8.5402910431897965e+01,
       -2.7602545568290548e+01, 4.9902919959170767e+01,
       -2.3323827013985923e+01, -2.3922249156477231e+00,
       1.7376058337133284e+00, 9.9652335784891150e+01,
       -4.7064929987425558e+01, -2.1875807817507109e+01,
       3.6323550507604708e+01, -2.7429815424993297e+01,
       2.3509886402594347e+01, 1.1880483928241610e+00,
       -1.0622267503452241e+02, 9.7327845339051322e+01,
       1.4450439565265151e+01, -4.5418700757652879e+01,
       1.5371444452906151e+00, 6.8556298276964478e+00,
       1.9720975157715042e+00, 1.6960499876992577e+02,
       4.9182477857903578e+01, 3.5538333019132622e+01,
       -3.2341012641987064e+01, -1.0329454204308139e+01,
       -4.3656626607381597e+00, -1.7021201063413578e+00,
       -1.9358069548959938e+02, -3.7510994245608593e+01,
       2.1536348360686969e+01, -6.8759223027316523e+01,
       -8.0935209662817762e+00, -7.4755476727190855e+00,
       -1.0873792315982223e+00, -1.3744340111649387e+02,
       -5.9948142068674301e+01, 3.9666818971830622e+01,
       2.9490669250686491e+01, -1.7008082564433725e+01,
       1.7657250289573557e+01, -5.5554844773121859e-01,
       -2.0360438913273737e+02, -5.6243709791040118e+01,
       4.9292506802553795e+01, 8.2383317977051203e+00,
       -1.5590859412917887e+01, -1.8506137257006892e+00,
       -1.4073553239449543e+00, 2.1907850992641857e+00,
       -1.9450759841456403e+02, 1.7681021393369289e+01,
       7.0448353430333214e+01, 1.4023990685238228e+01,
       -2.8034375883866360e+01, -1.3901199940606663e+00,
       3.4407167378361798e+00, -8.5987076741771688e+01,
       -1.1415949910970705e-01, 2.6919917519548562e+01,
       -9.1512413505396655e+00, -1.5050466830039190e+01,
       -1.3266715193377376e+00, -1.1017083606337465e+02,
       -1.9485835238592976e+01, 3.4772527895643293e+01,
       -6.8070580659607982e-01, 1.0878588862722470e+01,
       1.2354369947634265e+01, 2.0260815098673657e+00,
       8.8093399688959522e+01, -7.7161228191514923e+01,
       -7.0912023579950905e+00, 5.0950830687843570e+01,
       3.5263860474900119e+00, 2.5397152281321148e+01,
       2.8499160218328412e+00, -3.0489649219771117e+01,
       7.6211317158989232e+01, 2.7540410258144320e+01,
       2.8211561833926570e+01, 2.5919127904682835e+01,
       4.9198374135426510e+00, 4.3208261525596209e-01,
       4.5444532619943532e+00, -9.3164623325804740e+01,
       2.1463388297764347e+01, 4.0050297043757034e+01,
       3.1267495641600682e+01, 1.4796264971052944e+01,
       1.9663099790811402e+00, -1.9788797831739814e+02,
       8.9561755708301177e+01, 4.4609654908873161e+01,
       -6.4663602257988728e+00, -8.4247460731920292e+00,
       -1.0593918766912958e+01, -8.7260289761176368e-01,
       -1.6955201475343085e+02, -1.5672817675897707e+02,
       5.3098810036624727e+01, 5.2102536127534549e+01,
       -4.1009602331685898e+01, -1.9227244360131984e+01,
       -5.5472619130728225e+00, 1.2098442352791993e+02,
       4.5431358644528345e+01, -3.9872833900594649e+01,
       -7.2089438901498850e+00, -1.8638269310731193e+01,
       -1.0208075688081113e+01, -5.2261409029064003e+00,
       1.8677021799975176e+02, 1.1220452960811704e+01,
       -5.1532846973606006e+01, 1.5397048980141397e+01,
       -9.5222210684783164e+00, -7.4000078985277060e+00,
       1.0277573994634086e+00, 1.4328119411698189e+01,
       -1.4452145049372444e+01, 3.6060361588425733e+00,
       -2.1664478658087978e+00, 8.4762210367080897e+00,
       1.4267654893537053e+01, 2.3220619735452370e+00,
       -1.8516299379071886e+00, 8.9710330477152439e+01,
       -1.0510354558217122e+01, -4.1047391668131667e+01,
       1.3219839961297383e+01, -2.9702653335258242e+00,
       1.6065638876368729e+00, 4.2948248471198340e+01,
       1.0886347147353234e+02, -3.4365104431100562e+01,
       -4.0534410510817786e+01, -8.8608065457914780e+00,
       -1.7191558354777509e-01, 1.4957682431360160e+00,
       8.7088611617404439e+01, 1.2186186017987376e+01,
       -3.8332568752615074e+01, 7.9395796684667852e+00,
       -4.9489545750815704e+00, -1.1154799964477689e+01,
       -3.2543920606914329e+00, -1.1920638149356651e+02,
       -3.2712706332940719e+01, 4.1370766224505715e+01,
       -9.2068036450997575e+00, 3.7146307085493024e-01,
       -1.9634830466253440e+01, -1.8460924687755567e+00,
       1.4249097831726755e+02, -1.6252913627978042e+01,
       2.4648266694760505e+01, -2.1388350564265557e+00,
       1.2069727403388663e+01, -6.2795599189464149e+00,
       -3.5023526677118122e-01, 7.9152954364551853e+00,
       5.8200651978630844e+01, 1.8600603773908436e+01,
       -1.8134630464421122e+01, 2.6934293732375973e+01,
       -9.2791086841634716e+00, -7.4901249981413303e+00 ]
