%YAML:1.0
means: !!opencv-matrix
   rows: 2
   cols: 7
   dt: d
   data: [ 5.3415272723024415e+01, 9.9893808230534038e+00,
       -1.2137905228417686e+01, 7.4624168978626293e-01,
       4.4943894892581131e+00, 2.6908270135729944e+00,
       3.2543511146836607e-01, -1.2566230341031260e+02,
       -2.3506519022996272e+01, 2.8550479717803729e+01,
       -1.7539741865699923e+00, -1.0573995864005198e+01,
       -6.3382718459543010e+00, -7.6629328851882428e-01 ]
covs: !!opencv-matrix
   rows: 14
   cols: 7
   dt: d
   data: [ 1.0633571269907028e+04, -9.3432775097494391e+02,
       1.4547253705857474e+03, -2.9056061134340425e+01,
       -9.8542020832475293e+02, -2.8899464564496981e+02,
       -8.3301785551543304e+01, -9.3432775097494391e+02,
       1.0845694138886438e+04, 2.4716529800957954e+02,
       4.3233245591899362e+02, -2.5783797560000323e+02,
       -3.4979487794951314e+02, -6.6524944431088770e+01,
       1.4547253705857474e+03, 2.4716529800957954e+02,
       3.0277584311905662e+03, -1.6641373405925471e+01,
       2.5334182948192463e+02, 7.8046971604009130e+01,
       2.4991322586144069e+01, -2.9056061134340425e+01,
       4.3233245591899350e+02, -1.6641373405925478e+01,
       2.7760828371735315e+03, 3.9157395656466100e+01,
       7.0837689071158280e+01, 1.6471329244182197e+01,
       -9.8542020832475293e+02, -2.5783797560000318e+02,
       2.5334182948192463e+02, 3.9157395656466115e+01,
       4.7431301402687347e+02, -4.2737303550586027e+01,
       -1.0163948195577243e+01, -2.8899464564496981e+02,
       -3.4979487794951314e+02, 7.8046971604009101e+01,
       7.0837689071158294e+01, -4.2737303550586027e+01,
       2.2119028596799538e+02, -4.0387136265842223e+00,
       -8.3301785551543304e+01, -6.6524944431088770e+01,
       2.4991322586144076e+01, 1.6471329244182197e+01,
       -1.0163948195577239e+01, -4.0387136265842205e+00,
       3.0141561489114896e+01, 1.1606546535684964e+04,
       -2.0111404200917007e+03, 1.6907281957853470e+03,
       -2.4582744466511318e+02, 4.2468360194866409e+02,
       -4.5475135292955821e+02, 5.8777256519074321e+01,
       -2.0111404200917013e+03, 1.5510426527937007e+04,
       3.7490821398769447e+02, -1.0758236921608066e+03,
       2.5238600355331354e+02, 6.1067476003918955e+02,
       1.3083876826760371e+02, 1.6907281957853468e+03,
       3.7490821398769458e+02, 2.7518267506919801e+03,
       1.1053444648843760e+02, -1.6575718267324808e+02,
       7.4190814367874538e+01, -2.7621965266439677e+01,
       -2.4582744466511303e+02, -1.0758236921608063e+03,
       1.1053444648843764e+02, 3.0662308863707740e+03,
       -1.1855428021589459e+02, -1.8248678880500870e+02,
       -4.0664042514611538e+01, 4.2468360194866409e+02,
       2.5238600355331357e+02, -1.6575718267324808e+02,
       -1.1855428021589459e+02, 2.3352106101636380e+02,
       5.0682865044423133e+00, 1.2367048481280603e+01,
       -4.5475135292955827e+02, 6.1067476003918944e+02,
       7.4190814367874523e+01, -1.8248678880500873e+02,
       5.0682865044423115e+00, 2.6677750707846997e+02,
       2.5839205287508036e+00, 5.8777256519074314e+01,
       1.3083876826760371e+02, -2.7621965266439677e+01,
       -4.0664042514611531e+01, 1.2367048481280605e+01,
       2.5839205287508040e+00, 3.0875914942907674e+01 ]
weights: !!opencv-matrix
   rows: 1
   cols: 2
   dt: d
   data: [ 7.0171445800752952e-01, 2.9828554199245477e-01 ]
pca_proj: !!opencv-matrix
   rows: 7
   cols: 21
   dt: f
   data: [ 1.02604255e-02, 8.46533298e-01, 5.67100069e-05,
       -5.08859605e-02, 4.68450844e-01, 1.89823491e-04, -5.55210514e-03,
       1.46431834e-01, -1.98076777e-05, -7.31809530e-03, 1.34976640e-01,
       -4.80776835e-05, -6.69380091e-03, 1.46460637e-01, -1.57161594e-05,
       2.11501210e-05, 1.32904761e-05, -3.16381829e-07, -1.62182951e-05,
       4.47223283e-04, 4.04881848e-06, 8.19958210e-01, 1.87153444e-02,
       -7.93817599e-05, 4.28530097e-01, 8.29724409e-03, 8.75842488e-06,
       2.28233948e-01, -2.37727305e-03, -1.84168690e-04, 2.08515689e-01,
       -1.20344283e-02, -2.14158339e-04, 2.18838796e-01, -7.27251405e-04,
       -1.84816250e-04, -3.05604735e-05, -5.04301033e-06,
       -1.27042276e-05, 6.79167337e-04, 1.30049409e-06, -1.63660501e-04,
       -1.48704097e-01, -3.29387456e-01, -1.82470303e-05, 1.08596861e-01,
       1.49965823e-01, -1.77574475e-04, 1.29315495e-01, 5.12750924e-01,
       2.36419466e-04, 1.37444586e-01, 5.11233926e-01, 2.85520800e-04,
       1.36541247e-01, 5.06532609e-01, 2.30281497e-04, -1.19767010e-05,
       -4.37137305e-06, 1.85016711e-06, 4.23374237e-04, 1.63331581e-03,
       1.86568883e-04, -4.72028166e-01, 1.25829116e-01, -3.95576280e-05,
       1.75304204e-01, -4.03850079e-02, -1.91588406e-04, 4.72358793e-01,
       -1.55570537e-01, 3.14154240e-05, 4.64089781e-01, -1.42328069e-01,
       9.23298430e-05, 4.71241623e-01, -1.54795542e-01, 4.75230554e-05,
       -2.49870754e-05, 5.87460408e-06, 1.53038200e-05, 1.49897439e-03,
       -5.03496267e-04, 3.15210091e-05, 4.28138897e-02, -3.98029029e-01,
       -1.64866622e-03, -1.49486646e-01, 8.53724658e-01, -7.20556185e-04,
       4.98631820e-02, -1.44551426e-01, -6.16796780e-04, 4.10989933e-02,
       -1.98635340e-01, -7.75538327e-04, 2.98115760e-02, -1.52079150e-01,
       -6.80539582e-04, 2.25883312e-04, -2.69945431e-05, 2.70592113e-06,
       9.03362306e-05, -4.77506634e-04, -7.18366122e-04, -2.83197194e-01,
       -1.15955826e-02, -1.67501986e-03, 8.56651485e-01, 1.54669777e-01,
       -2.37696129e-03, -1.20549113e-01, -2.06198599e-02,
       -3.04474914e-03, -2.70571560e-01, -1.17506422e-01,
       -3.04362620e-03, -2.44462311e-01, -1.05650024e-02,
       -2.97378097e-03, -2.55348248e-04, -4.88344995e-05, 2.20185507e-06,
       -8.00635200e-04, 8.29089622e-05, -2.87367473e-03, -1.90952867e-02,
       -1.04048569e-02, 1.94934364e-02, 1.05285741e-01, 5.99324331e-02,
       1.98610481e-02, -4.06789601e-01, -4.04562384e-01, 2.10659001e-02,
       1.33018449e-01, 6.97962642e-01, 2.22086515e-02, 1.94465607e-01,
       -3.32292259e-01, 2.13628728e-02, -7.54120236e-04, -7.96889421e-04,
       1.06485822e-04, 5.98366372e-04, -1.02219894e-03, 2.12240666e-02 ]
pca_mean: !!opencv-matrix
   rows: 1
   cols: 21
   dt: f
   data: [ 4.33646118e+02, 2.44701981e+02, 1.49672687e+00,
       4.18191803e+02, 2.60206879e+02, 1.62062907e+00, 3.68545319e+02,
       2.27059875e+02, 1.69770968e+00, 3.19420807e+02, 1.63929108e+02,
       1.75046074e+00, 3.16613464e+02, 2.25532654e+02, 1.70717156e+00,
       1.08872897e-04, -9.74175637e-05, 6.24380555e-05, -2.17504916e-04,
       -2.50119597e-01, 1.75055194e+00 ]
gamma: !!opencv-matrix
   rows: 2
   cols: 1
   dt: d
   data: [ 9.3261767141034824e-01, 9.3678407726005952e-01 ]
