%YAML:1.0
means: !!opencv-matrix
   rows: 1
   cols: 16
   dt: d
   data: [ -9.7913260394940152e-04, -1.9618170506390743e-03,
       -1.1482719362113859e-03, 4.6344200918741992e-04,
       -2.9200279126496753e-04, -2.4226334446069090e-03,
       -2.1168603037360301e-04, 7.5565278004505673e-05,
       9.6785046455675919e-04, 1.8940945643620740e-03,
       -1.6176728869517093e-04, -1.0245224440850792e-04,
       1.9401429047600516e-06, 3.7229691633923499e-05,
       1.4230715267318033e-05, -1.5543475116198168e-05 ]
covs: !!opencv-matrix
   rows: 16
   cols: 16
   dt: d
   data: [ 1.7636152670534408e+04, -5.4138982342710739e-05,
       6.4962399422795224e-04, -3.4852609526700239e-04,
       9.9948570861929198e-04, -1.5766153465052412e-04,
       -4.5366125358865480e-04, 7.0405464256218986e-05,
       -6.8936349599108985e-05, -6.2017936780404156e-04,
       1.9923449825552639e-05, 4.9566707780918394e-05,
       -4.4028746331001367e-06, 1.2916359254105304e-06,
       -2.4348446653977265e-06, 7.8225545462669563e-06,
       -5.4138982342710739e-05, 1.2471958452452605e+04,
       6.4759538202351915e-05, 4.6936757638016391e-04,
       -4.1188330231084366e-05, 2.9689834662538351e-03,
       -1.8638373534577113e-05, 4.2225506119096057e-04,
       3.3249717984506420e-04, -5.7195997860435839e-04,
       -1.4263989299469336e-05, -4.2324692145031764e-07,
       6.9830263405415767e-07, -1.9888707428410634e-05,
       4.7794490651770527e-06, 2.0609514838233657e-06,
       6.4962399422795224e-04, 6.4759538202351915e-05,
       3.2919761699434607e+03, 1.5186622912991425e-04,
       1.7959935427406436e-04, 7.3647675622388542e-05,
       -2.0671520305774949e-04, -5.9477983610636049e-05,
       7.2041281427606097e-05, -5.0226243194156114e-04,
       7.9929984908886195e-06, 2.7530127379408114e-05,
       -2.5672708780784170e-06, -3.1668084618049756e-06,
       7.4053332749117749e-07, 6.8003391765164027e-06,
       -3.4852609526700239e-04, 4.6936757638016391e-04,
       1.5186622912991425e-04, 2.8639382267067776e+03,
       -7.8721530734182467e-05, -2.0158820597676824e-04,
       9.0732788716650256e-07, -1.2550279690311044e-04,
       3.5407155338115987e-04, 6.6479619040513117e-05,
       -3.2603515129036025e-05, -2.1531640989083735e-05,
       9.8299052186808275e-07, -5.1854135316777632e-06,
       4.5332686475673797e-06, -3.4446954701203074e-07,
       9.9948570861929198e-04, -4.1188330231084366e-05,
       1.7959935427406436e-04, -7.8721530734182467e-05,
       4.5001368686311383e+02, 3.6981129970814951e-05,
       1.5159913882021174e-05, 2.4646187404895771e-05,
       -8.0461537915186390e-06, 7.1209133493460307e-05,
       -3.1310633802903846e-06, -2.8019465304372293e-06,
       1.9334580942610121e-07, 7.9564221794604654e-07,
       2.9425089715309332e-07, -1.0607950369646097e-06,
       -1.5766153465052412e-04, 2.9689834662538351e-03,
       7.3647675622388542e-05, -2.0158820597676824e-04,
       3.6981129970814951e-05, 2.5185231858000930e+02,
       -2.8602653732605746e-05, 4.2563658127363627e-06,
       -1.9060995097820595e-05, 2.5544180029315313e-05,
       1.3522414440078958e-06, 1.7403377589937442e-06,
       -2.4023383141187501e-07, 4.8557302857018981e-07,
       -2.9968748721694419e-07, -2.5703315464092326e-08,
       -4.5366125358865480e-04, -1.8638373534577113e-05,
       -2.0671520305774949e-04, 9.0732788716650256e-07,
       1.5159913882021174e-05, -2.8602653732605746e-05,
       3.0610080527566172e+01, 1.0203656197193212e-05,
       9.3624080647848022e-06, -2.1211289487807417e-05,
       -2.1622952103904261e-06, -3.7451253702025669e-06,
       6.3147051018465803e-07, -2.4002400630920406e-07,
       6.9660139203726437e-07, 2.2471103109498182e-08,
       7.0405464256218986e-05, 4.2225506119096057e-04,
       -5.9477983610636049e-05, -1.2550279690311044e-04,
       2.4646187404895771e-05, 4.2563658127363627e-06,
       1.0203656197193212e-05, 1.5953864179349406e+01,
       8.9413206754209760e-05, 6.9033152320578996e-06,
       -5.1368083228345231e-06, -4.0637125953301690e-06,
       4.6820735582114391e-08, 3.8927113902263780e-07,
       2.2294848078999426e-07, -2.3746713875905533e-07,
       -6.8936349599108985e-05, 3.3249717984506420e-04,
       7.2041281427606097e-05, 3.5407155338115987e-04,
       -8.0461537915186390e-06, -1.9060995097820595e-05,
       9.3624080647848022e-06, 8.9413206754209760e-05,
       5.0269415518048834e+00, -2.7605330524968133e-06,
       -4.0002891239767358e-06, -3.6566397163099018e-06,
       9.6038227444096164e-08, 1.0910356767901280e-08,
       3.6057849545744873e-07, -6.6448915163151514e-07,
       -6.2017936780404156e-04, -5.7195997860435839e-04,
       -5.0226243194156114e-04, 6.6479619040513117e-05,
       7.1209133493460307e-05, 2.5544180029315313e-05,
       -2.1211289487807417e-05, 6.9033152320578996e-06,
       -2.7605330524968133e-06, 1.0513120587274554e+00,
       3.3694306476451310e-06, 2.3563423377533481e-06,
       -1.8146965679420585e-07, -6.6696645951357028e-07,
       -3.9674835546215708e-07, 2.8419067360329060e-07,
       1.9923449825552639e-05, -1.4263989299469336e-05,
       7.9929984908886195e-06, -3.2603515129036025e-05,
       -3.1310633802903846e-06, 1.3522414440078958e-06,
       -2.1622952103904261e-06, -5.1368083228345231e-06,
       -4.0002891239767358e-06, 3.3694306476451310e-06,
       3.6041123854400982e-02, 1.5848057826930058e-07,
       -1.6299925975153185e-08, 4.7998355227102769e-08,
       -1.0265210500486957e-08, 1.2269810053371133e-08,
       4.9566707780918394e-05, -4.2324692145031764e-07,
       2.7530127379408114e-05, -2.1531640989083735e-05,
       -2.8019465304372293e-06, 1.7403377589937442e-06,
       -3.7451253702025669e-06, -4.0637125953301690e-06,
       -3.6566397163099018e-06, 2.3563423377533481e-06,
       1.5848057826930058e-07, 6.0036495845455957e-03,
       -2.5494534687922246e-08, 2.7128943717858834e-08,
       -2.3033396989211149e-08, 2.0125638932779702e-08,
       -4.4028746331001367e-06, 6.9830263405415767e-07,
       -2.5672708780784170e-06, 9.8299052186808275e-07,
       1.9334580942610121e-07, -2.4023383141187501e-07,
       6.3147051018465803e-07, 4.6820735582114391e-08,
       9.6038227444096164e-08, -1.8146965679420585e-07,
       -1.6299925975153185e-08, -2.5494534687922246e-08,
       2.4464964618767407e-03, 2.8535968201091585e-09,
       4.4173994760070968e-09, 9.8640327929013299e-10,
       1.2916359254105304e-06, -1.9888707428410634e-05,
       -3.1668084618049756e-06, -5.1854135316777632e-06,
       7.9564221794604654e-07, 4.8557302857018981e-07,
       -2.4002400630920406e-07, 3.8927113902263780e-07,
       1.0910356767901280e-08, -6.6696645951357028e-07,
       4.7998355227102769e-08, 2.7128943717858834e-08,
       2.8535968201091585e-09, 2.3345973527039185e-03,
       -8.5362115536730044e-09, 2.7719523223419255e-09,
       -2.4348446653977265e-06, 4.7794490651770527e-06,
       7.4053332749117749e-07, 4.5332686475673797e-06,
       2.9425089715309332e-07, -2.9968748721694419e-07,
       6.9660139203726437e-07, 2.2294848078999426e-07,
       3.6057849545744873e-07, -3.9674835546215708e-07,
       -1.0265210500486957e-08, -2.3033396989211149e-08,
       4.4173994760070968e-09, -8.5362115536730044e-09,
       1.7418631283229338e-03, 2.0615033533608996e-09,
       7.8225545462669563e-06, 2.0609514838233657e-06,
       6.8003391765164027e-06, -3.4446954701203074e-07,
       -1.0607950369646097e-06, -2.5703315464092326e-08,
       2.2471103109498182e-08, -2.3746713875905533e-07,
       -6.6448915163151514e-07, 2.8419067360329060e-07,
       1.2269810053371133e-08, 2.0125638932779702e-08,
       9.8640327929013299e-10, 2.7719523223419255e-09,
       2.0615033533608996e-09, 8.1419772373223344e-04 ]
weights: !!opencv-matrix
   rows: 1
   cols: 1
   dt: d
   data: [ 1. ]
pca_proj: !!opencv-matrix
   rows: 16
   cols: 21
   dt: f
   data: [ 1.02604255e-02, 8.46533298e-01, 5.67100069e-05,
       -5.08859605e-02, 4.68450844e-01, 1.89823491e-04, -5.55210514e-03,
       1.46431834e-01, -1.98076777e-05, -7.31809530e-03, 1.34976640e-01,
       -4.80776835e-05, -6.69380091e-03, 1.46460637e-01, -1.57161594e-05,
       2.11501210e-05, 1.32904761e-05, -3.16381829e-07, -1.62182951e-05,
       4.47223283e-04, 4.04881848e-06, 8.19958210e-01, 1.87153444e-02,
       -7.93817599e-05, 4.28530097e-01, 8.29724409e-03, 8.75842488e-06,
       2.28233948e-01, -2.37727305e-03, -1.84168690e-04, 2.08515689e-01,
       -1.20344283e-02, -2.14158339e-04, 2.18838796e-01, -7.27251405e-04,
       -1.84816250e-04, -3.05604735e-05, -5.04301033e-06,
       -1.27042276e-05, 6.79167337e-04, 1.30049409e-06, -1.63660501e-04,
       -1.48704097e-01, -3.29387456e-01, -1.82470303e-05, 1.08596861e-01,
       1.49965823e-01, -1.77574475e-04, 1.29315495e-01, 5.12750924e-01,
       2.36419466e-04, 1.37444586e-01, 5.11233926e-01, 2.85520800e-04,
       1.36541247e-01, 5.06532609e-01, 2.30281497e-04, -1.19767010e-05,
       -4.37137305e-06, 1.85016711e-06, 4.23374237e-04, 1.63331581e-03,
       1.86568883e-04, -4.72028166e-01, 1.25829116e-01, -3.95576280e-05,
       1.75304204e-01, -4.03850079e-02, -1.91588406e-04, 4.72358793e-01,
       -1.55570537e-01, 3.14154240e-05, 4.64089781e-01, -1.42328069e-01,
       9.23298430e-05, 4.71241623e-01, -1.54795542e-01, 4.75230554e-05,
       -2.49870754e-05, 5.87460408e-06, 1.53038200e-05, 1.49897439e-03,
       -5.03496267e-04, 3.15210091e-05, 4.28138897e-02, -3.98029029e-01,
       -1.64866622e-03, -1.49486646e-01, 8.53724658e-01, -7.20556185e-04,
       4.98631820e-02, -1.44551426e-01, -6.16796780e-04, 4.10989933e-02,
       -1.98635340e-01, -7.75538327e-04, 2.98115760e-02, -1.52079150e-01,
       -6.80539582e-04, 2.25883312e-04, -2.69945431e-05, 2.70592113e-06,
       9.03362306e-05, -4.77506634e-04, -7.18366122e-04, -2.83197194e-01,
       -1.15955826e-02, -1.67501986e-03, 8.56651485e-01, 1.54669777e-01,
       -2.37696129e-03, -1.20549113e-01, -2.06198599e-02,
       -3.04474914e-03, -2.70571560e-01, -1.17506422e-01,
       -3.04362620e-03, -2.44462311e-01, -1.05650024e-02,
       -2.97378097e-03, -2.55348248e-04, -4.88344995e-05, 2.20185507e-06,
       -8.00635200e-04, 8.29089622e-05, -2.87367473e-03, -1.90952867e-02,
       -1.04048569e-02, 1.94934364e-02, 1.05285741e-01, 5.99324331e-02,
       1.98610481e-02, -4.06789601e-01, -4.04562384e-01, 2.10659001e-02,
       1.33018449e-01, 6.97962642e-01, 2.22086515e-02, 1.94465607e-01,
       -3.32292259e-01, 2.13628728e-02, -7.54120236e-04, -7.96889421e-04,
       1.06485822e-04, 5.98366372e-04, -1.02219894e-03, 2.12240666e-02,
       -1.15103945e-02, 5.67249861e-03, 2.73920572e-03, 5.53848445e-02,
       -2.06740620e-03, 3.48111009e-03, -4.42594320e-01, 4.33901936e-01,
       3.74075607e-03, 6.69076979e-01, -1.95079967e-01, 3.51918745e-03,
       -2.48502746e-01, -2.54863679e-01, 3.71523038e-03, 9.92717594e-03,
       9.51591355e-04, 1.24460121e-03, 1.01363729e-03, -1.14485994e-03,
       3.39142187e-03, -1.04244780e-02, -5.86863665e-04, 3.15949880e-02,
       2.91538108e-02, 9.35192074e-05, 3.12665217e-02, -5.71123600e-01,
       -5.52901663e-02, 2.27234289e-02, -6.57991320e-02, -3.47437501e-01,
       1.43060340e-02, 6.22022271e-01, 3.92879039e-01, 1.97839960e-02,
       -4.13077604e-03, 4.23204666e-03, -7.90385471e-04, 1.70249084e-03,
       -1.63623295e-03, 1.91140287e-02, 5.51475096e-04, 1.09829380e-04,
       4.71152849e-02, -6.70417259e-03, -1.66501595e-05, 4.20139581e-02,
       1.85353830e-02, 5.60634494e-01, 2.71566659e-02, -4.20672715e-01,
       2.20468938e-02, 1.72511954e-02, 3.97991389e-01, -5.85974813e-01,
       2.06648558e-02, 7.82570802e-03, 3.54591291e-03, -1.50363520e-02,
       2.93347228e-04, -2.47402932e-03, 1.82295088e-02, 2.85483635e-04,
       -6.08900446e-04, 8.63314271e-01, -1.90722104e-03, 2.27319993e-04,
       4.83511597e-01, 4.02835868e-02, -2.43267920e-02, 5.18560931e-02,
       2.27464885e-02, -6.75239461e-03, 2.04192996e-02, -6.10393621e-02,
       3.15585621e-02, 4.13957424e-02, 6.18863991e-03, 1.21980868e-02,
       -2.68128049e-03, -2.51029758e-03, 7.33858859e-03, 9.12625566e-02,
       -3.60287449e-05, 2.82348265e-05, -2.68465281e-01, -5.35693660e-04,
       -6.33841380e-04, 2.74113476e-01, 3.78356539e-02, -5.58460085e-03,
       4.12399113e-01, 6.36731274e-03, -1.56308040e-02, 4.43361610e-01,
       -4.35312949e-02, 2.16211956e-02, 4.79235411e-01, -3.40322666e-02,
       1.23329803e-01, 7.18074366e-02, -6.65317848e-02, -7.01251552e-02,
       4.70638692e-01, 1.72346809e-05, -2.97791812e-05, -1.03860311e-02,
       7.58918904e-05, 1.26840139e-04, 3.50387283e-02, -2.58881203e-03,
       -1.81416515e-03, 2.12081857e-02, 1.19721645e-03, 4.64458670e-03,
       -1.21938094e-01, 1.31402793e-03, -2.80983839e-03, 1.95560157e-02,
       -6.81817085e-02, 9.67683494e-01, -1.71695650e-02, 8.18466395e-03,
       2.83241994e-03, -2.03693628e-01, 1.05459381e-04, -5.05081471e-06,
       1.56248376e-01, -1.72228407e-04, 1.32520188e-04, -2.80627757e-01,
       -1.25531037e-03, 9.08513088e-03, -7.15873092e-02, -8.00588448e-03,
       -2.10651531e-04, 4.47436199e-02, 9.05470550e-03, -9.04028025e-03,
       7.60284811e-02, -2.40222942e-02, 4.15069796e-02, 9.37380970e-01,
       2.51136851e-02, -8.16506241e-03, 4.39973138e-02, -1.85631696e-04,
       -2.55470623e-05, -3.90301704e-01, 1.13484202e-04, -2.28839039e-04,
       7.70784557e-01, -4.35630372e-03, 9.63456812e-04, -1.33756578e-01,
       -6.35552802e-04, 4.85452358e-03, -2.39925548e-01, 4.93572559e-03,
       -5.60519611e-03, -1.90749153e-01, -5.56986146e-02,
       -8.52752924e-02, 3.20648104e-01, 5.61963618e-02, 6.23272769e-02,
       -1.46235496e-01, -1.48372519e-05, -4.96052144e-06,
       -3.16262655e-02, -6.83246544e-05, -1.18855562e-04, 2.88650170e-02,
       3.18683567e-03, -8.54614563e-03, -1.36131328e-02, -3.84121388e-03,
       5.15437627e-04, -3.57505828e-02, -5.60873770e-04, 8.08397029e-03,
       4.37152088e-02, 9.10205543e-01, 6.98518455e-02, 1.79090705e-02,
       3.91700804e-01, 4.72959168e-02, 7.27295727e-02 ]
pca_mean: !!opencv-matrix
   rows: 1
   cols: 21
   dt: f
   data: [ 4.33646118e+02, 2.44701981e+02, 1.49672687e+00,
       4.18191803e+02, 2.60206879e+02, 1.62062907e+00, 3.68545319e+02,
       2.27059875e+02, 1.69770968e+00, 3.19420807e+02, 1.63929108e+02,
       1.75046074e+00, 3.16613464e+02, 2.25532654e+02, 1.70717156e+00,
       1.08872897e-04, -9.74175637e-05, 6.24380555e-05, -2.17504916e-04,
       -2.50119597e-01, 1.75055194e+00 ]
gamma: !!opencv-matrix
   rows: 1
   cols: 1
   dt: d
   data: [ 6.8286197634789336e-01 ]
