%YAML:1.0
means: !!opencv-matrix
   rows: 36
   cols: 5
   dt: d
   data: [ 1.3347288574372485e+02, -1.1591981947907085e+02,
       -6.6086684829997830e+00, -1.2102638676876591e+01,
       -3.1790016434224848e-02, -7.1348211539878818e+01,
       2.5120450614818939e+01, -3.3865429579719311e+01,
       -2.9015254537327358e+01, 3.8575141594217342e+01,
       2.9896864054153443e+01, 1.5349885017993120e+02,
       -2.7547818821951919e+00, -8.3214112329306559e+01,
       2.0347349093668520e+01, 1.2521071293659125e+02,
       8.8484850656244816e+01, 2.9629265794434897e+01,
       2.8276494856761705e+01, 9.9150625492846522e+00,
       -1.4575427640164921e+02, -1.0685993653856090e+02,
       2.5994459231932431e+01, 6.7372642179804501e+01,
       -1.8731756665558613e+01, -2.7541969694339593e+02,
       6.0030037492216259e+01, -1.9501775639917657e+01,
       -5.3393462912734762e+01, -1.8695416696122429e+01,
       1.3755639690865294e+02, -2.3309226549178373e+01,
       6.0813004989629064e+01, -5.4598898883782807e+00,
       9.7114356106333375e+00, -1.7657979378869084e+02,
       1.6364828817103634e+02, 5.0099705618465912e+01,
       -2.0477442715202713e+01, -2.3401508649099846e+01,
       -7.8169610742422551e+00, -8.8369876996448568e+01,
       -5.6307927020937171e+01, 5.3417051943175082e+01,
       -5.5921662990201888e+00, 6.9949975671049557e+01,
       1.5132332084066562e+01, -1.1755535666149687e+01,
       9.6325383116966904e+01, -8.9690514656978610e+00,
       -4.8727387054417576e+01, -1.2414746883544905e+02,
       7.7827782802577119e+01, 2.0585431311511076e+01,
       -6.0564181615290635e-01, -1.4606595155071153e+02,
       8.7499875560164227e+01, -3.0351681127804053e+01,
       1.9147242483602497e+01, 2.0796351270596279e+01,
       -1.4489903307889838e+02, -6.0036552376407371e+01,
       -1.8735582408408970e+01, 5.0404229202683204e+01,
       5.1017482270266665e+00, 1.3270481942187607e+02,
       8.5473876737581822e+00, -6.9097708866906459e+01,
       -1.9921727691365465e+01, -5.8494738786999472e+00,
       1.3801611848185280e+02, 4.4283863459555015e+01,
       2.1146648296264441e+01, -1.8273846801243408e+01,
       -2.8241691352019572e+01, 2.0721899677341051e+02,
       5.9555556043908673e+01, 5.9355954174022916e+00,
       2.5738366918938791e+01, -9.0651469926767465e+00,
       2.8928074089794599e+01, -4.2181666774932332e+00,
       1.0322002545483107e+01, -4.1683296117254763e+01,
       1.1380816839409700e+01, 4.0343382490213472e+01,
       4.8996522327931118e+01, -2.2577420507175354e+01,
       -4.4109949189623336e+01, -1.4960692414018029e+01,
       2.2774931273892021e+00, -6.8909954793595460e+01,
       1.1705100263381819e+01, 1.7821903850539726e+01,
       2.1037028058198327e+01, -1.7722470711122727e+02,
       5.8137455845590551e+01, 6.5479027896650507e+01,
       -4.3264805309248544e+01, -2.3941937994791971e+01,
       -1.9120690186896704e+02, -5.2129851447392660e+01,
       3.7597903439963872e+01, -2.9867582339348338e+01,
       -5.7207601266222321e+00, -1.0013931640459886e+02,
       2.9055909011080978e+01, 4.1010320482876381e+01,
       -3.3470316415067337e+01, 1.4662336945840708e+00,
       1.2938484882250949e+00, 1.1226039196037850e+02,
       -6.4893469004714941e+00, 3.4335069157026183e+01,
       1.5776867519861614e+01, -3.2237952172361446e+01,
       -1.5401169238482865e+02, -6.2470420653105201e+01,
       -1.5326392734010650e+00, 8.8076164450261007e+00,
       6.4858208379633851e+01, -2.1495540814286450e+01,
       -7.2276674997646538e+01, 4.8881408531882222e+00,
       3.9980326013423967e-01, -7.5671791273090520e+01,
       1.6250728815572057e+01, -5.8394275532301805e+01,
       -1.5631846705629151e+01, 1.4024441043393816e+01,
       4.0139396910196993e+01, 2.8412122619369310e+01,
       4.2681649218671168e+01, -2.3506102193398259e+01,
       3.7481949488304522e+01, 9.4789172105165832e+01,
       1.0382484839163686e+02, -7.4043580719990118e+01,
       3.7254642945968357e+01, -5.3411832090126579e+00,
       7.7731611840347952e+01, -7.1323809107048319e+01,
       -2.5909202987856716e+01, -7.2414193036702613e+01,
       -2.4393618673680191e+01, 2.0373487302498188e+02,
       -3.3819674241369199e+01, 9.0998528267277798e+00,
       -4.0975681734561874e+01, -6.0560817110844960e+00,
       -1.8032985176500654e+02, 8.4873249444173155e+01,
       4.0273322528274193e+01, 2.4956735601678137e+01,
       -7.3993337112036599e+00, -2.9961515822654871e+01,
       6.9906801262166525e+00, 7.2300995928994070e+01,
       7.4115549242050449e+01, 1.3368117565916198e+00,
       3.0477729035659518e+01, 5.2686448971668561e+01,
       -6.5753521303030681e+01, -1.7528119823444076e+01,
       -2.5073043523443548e+01, 9.9769390103108904e+01,
       1.8495345931465206e+01, -3.1956287672980572e+01,
       -1.7207092043448228e+01, -2.2835973156483831e+01,
       -4.2254234638019319e+01, 1.8139621700104900e+02,
       6.9388104771845471e+00, -1.0771038646622370e+02,
       -6.3335719014467102e+00, 1.1586313195553964e+02,
       -9.4564972702876389e+01, 2.0271457469546949e+01,
       4.0543569375873027e+01, -7.1317867306645777e+00 ]
