%YAML:1.0
means: !!opencv-matrix
   rows: 3
   cols: 6
   dt: d
   data: [ -1.5582810770333208e+02, 2.1372467983430594e+00,
       3.4838057848253399e+01, 5.2000093220084009e-01,
       -9.3149974759498324e+00, 2.4657603362820395e+00,
       3.5921074093051097e+01, -8.3888045794794834e+00,
       -5.1450793992305712e+00, 8.7000625954482000e+00,
       1.2229963303883832e+01, 7.1834824441661560e-01,
       1.1525239858855288e+02, 1.7260782958815781e+01,
       -3.2655247443756039e+01, -2.1420812710851511e+01,
       -1.7152548382171769e+01, -4.8989961285013379e+00 ]
covs: !!opencv-matrix
   rows: 18
   cols: 6
   dt: d
   data: [ 7.3808661025050214e+03, -7.5655008709603544e+02,
       2.7525781239297057e+03, 6.2186458029807761e+02,
       2.8223718604010543e+02, -3.0931548958138097e+02,
       -7.5655008709603544e+02, 1.1623029437889785e+04,
       1.4344655320967107e+02, -9.8419391371537949e+02,
       -3.0868616768534832e+02, 5.0682149675922506e+02,
       2.7525781239297057e+03, 1.4344655320967107e+02,
       2.5118916758452401e+03, -9.9085248887139528e+01,
       -7.4920535045769057e+01, 5.0104377303900527e+01,
       6.2186458029807761e+02, -9.8419391371537949e+02,
       -9.9085248887139514e+01, 3.0737309013641602e+03,
       1.0312761886253344e+02, -2.3673734307566338e+02,
       2.8223718604010543e+02, -3.0868616768534832e+02,
       -7.4920535045769029e+01, 1.0312761886253344e+02,
       1.7083628653352346e+02, -8.9118382920645345e+01,
       -3.0931548958138097e+02, 5.0682149675922506e+02,
       5.0104377303900506e+01, -2.3673734307566338e+02,
       -8.9118382920645345e+01, 2.9536801040479196e+02,
       7.8562871309922457e+03, 9.1507691402595228e+01,
       2.0989776009388352e+03, 1.6292774021831508e+02,
       -6.6049624498351773e+02, 3.6400617942700006e+02,
       9.1507691402595242e+01, 1.0217631102533303e+04,
       8.5568936265391329e+01, -2.0649571345675798e+02,
       4.2640688385821579e+02, -1.9332593116377012e+02,
       2.0989776009388352e+03, 8.5568936265391372e+01,
       2.8097383525398013e+03, -1.7195253556756492e+02,
       1.1742945061801403e+02, -9.5682519719139421e+01,
       1.6292774021831499e+02, -2.0649571345675798e+02,
       -1.7195253556756492e+02, 2.6329749786832522e+03,
       -3.4021799947980907e+02, 3.5936525534281799e+01,
       -6.6049624498351773e+02, 4.2640688385821579e+02,
       1.1742945061801404e+02, -3.4021799947980907e+02,
       3.0928323717777397e+02, -4.8256704272419391e+01,
       3.6400617942700012e+02, -1.9332593116377012e+02,
       -9.5682519719139378e+01, 3.5936525534281785e+01,
       -4.8256704272419398e+01, 1.8357694689906845e+02,
       5.9397793591005693e+03, -8.3981768458583929e+01,
       2.6490852040296927e+03, 6.3752582416552048e+02,
       2.6882831250564590e+02, 5.2921201694413264e+02,
       -8.3981768458583971e+01, 5.8447133911455639e+03,
       -2.4329629461329393e+01, 2.3038784381571186e+03,
       -5.2521464909079377e+01, -1.0028648455875972e+02,
       2.6490852040296927e+03, -2.4329629461329464e+01,
       2.6775338785502790e+03, -7.8241416520041753e+01,
       -1.7507470790423787e+02, -9.8332690426391991e+01,
       6.3752582416552048e+02, 2.3038784381571186e+03,
       -7.8241416520041682e+01, 1.4152470637794211e+03,
       6.3493456412883383e+01, 9.8045975311681374e+01,
       2.6882831250564590e+02, -5.2521464909079356e+01,
       -1.7507470790423790e+02, 6.3493456412883354e+01,
       1.2976949363935165e+02, 1.5463381502989967e+02,
       5.2921201694413264e+02, -1.0028648455875971e+02,
       -9.8332690426391977e+01, 9.8045975311681374e+01,
       1.5463381502989967e+02, 3.0919165381279271e+02 ]
weights: !!opencv-matrix
   rows: 1
   cols: 3
   dt: d
   data: [ 2.7584694692834039e-01, 5.1022075737572858e-01,
       2.1393229569591019e-01 ]
pca_proj: !!opencv-matrix
   rows: 6
   cols: 21
   dt: f
   data: [ 4.36961316e-02, 8.50134730e-01, 1.73015636e-04,
       6.54514134e-02, 4.60692108e-01, 2.29939164e-04, 7.67599978e-03,
       1.46649793e-01, -1.37564148e-05, 1.21663406e-03, 1.30500361e-01,
       -5.45994153e-05, 8.06188770e-03, 1.42052382e-01, -2.12945142e-05,
       -2.45414903e-05, 9.56867734e-06, -1.94090262e-06, 3.13729906e-05,
       4.34020360e-04, 2.32224409e-07, 7.68702388e-01, -5.10314330e-02,
       1.14127281e-04, 4.21110362e-01, -3.83849256e-02, 4.02935693e-05,
       2.81941950e-01, -1.35209868e-02, 1.95932400e-04, 2.66951323e-01,
       -4.70317341e-03, 2.29704310e-04, 2.76557714e-01, -1.55316098e-02,
       2.11025646e-04, -3.74769334e-05, 5.54774260e-06, -7.89335627e-06,
       8.86836962e-04, -5.85095040e-05, 1.91629806e-04, 1.28585771e-02,
       -3.46314937e-01, -1.22481215e-04, -4.01510373e-02, 1.58088982e-01,
       -1.45607672e-04, 1.89476740e-02, 5.27356327e-01, 2.33430081e-04,
       1.79703757e-02, 5.36674440e-01, 2.90960423e-04, 1.17339585e-02,
       5.35117626e-01, 2.47836346e-04, -7.02231409e-06, -3.17391914e-06,
       2.59759432e-08, 1.54912759e-05, 1.72088097e-03, 2.08691781e-04,
       -5.93480825e-01, -8.48098937e-03, -8.88030772e-05, 2.05370650e-01,
       3.40346433e-02, 1.63823628e-04, 4.45453286e-01, -5.44621795e-03,
       -1.30590008e-04, 4.45820451e-01, -1.72652975e-02, -2.10900864e-04,
       4.54801619e-01, -3.90723068e-03, -1.75610170e-04, -1.74471352e-05,
       -6.38676829e-06, 1.65030560e-05, 1.38473080e-03, -5.51051289e-06,
       -1.34489819e-04, -4.15651649e-02, -3.88010889e-01,
       -1.59748225e-03, 2.57949054e-01, 8.27547431e-01, -5.50693134e-04,
       -8.53880048e-02, -1.33590102e-01, -3.55328375e-04,
       -8.88043940e-02, -1.88108414e-01, -3.67236295e-04,
       -7.92043582e-02, -1.47186622e-01, -3.09964700e-04,
       -2.68626522e-04, -4.51062988e-05, -9.29085581e-06,
       -3.75579461e-04, -5.09061909e-04, -3.50576767e-04,
       -2.29677543e-01, 6.27092123e-02, 2.84698303e-03, 8.33015800e-01,
       -2.64675170e-01, 3.15759354e-03, -1.39708534e-01, 2.80198567e-02,
       3.38124041e-03, -2.62821585e-01, 1.58270776e-01, 3.37547949e-03,
       -2.53903240e-01, 1.97897218e-02, 3.25371907e-03, -1.88428123e-04,
       9.26321736e-05, 1.05069688e-04, -8.69478390e-04, 5.32297554e-06,
       3.23282625e-03 ]
pca_mean: !!opencv-matrix
   rows: 1
   cols: 21
   dt: f
   data: [ 2.07625534e+02, 2.55653595e+02, 1.54502928e+00,
       2.18915131e+02, 2.60592743e+02, 1.67241716e+00, 2.65274475e+02,
       2.24016678e+02, 1.71669352e+00, 3.19420807e+02, 1.63929108e+02,
       1.75046074e+00, 3.16613464e+02, 2.25532654e+02, 1.70717156e+00,
       1.08872897e-04, -9.74175637e-05, 6.24380555e-05, -2.17504916e-04,
       -2.50119597e-01, 1.75055194e+00 ]
gamma: !!opencv-matrix
   rows: 3
   cols: 1
   dt: d
   data: [ 9.3475326383019275e-01, 9.2986335319850211e-01,
       9.0268760825526717e-01 ]
