%YAML:1.0
means: !!opencv-matrix
   rows: 4
   cols: 5
   dt: d
   data: [ -6.5686613752591342e+01, -3.1271004007307535e+01,
       2.0412219189928916e+01, 2.0652904113911202e+01,
       1.4938180099966964e+01, 6.9330035197241600e+01,
       -6.5525034140856144e+00, -1.5593828498367248e+01,
       8.1732916982884323e+00, 3.5264993155376190e+00,
       -1.7913178795553932e+02, 4.8165616566056826e+01,
       3.8942691881114662e+01, -2.7152440101438376e+01,
       -1.2486321915022204e+01, 1.0280638665268476e+02,
       1.8213753407194393e+01, -3.0725720107587783e+01,
       -2.6894004241946703e+01, -2.0394133978213759e+01 ]
covs: !!opencv-matrix
   rows: 20
   cols: 5
   dt: d
   data: [ 8.4611314112337877e+03, 2.2031113067325550e+03,
       2.6229859945480334e+03, -1.1239742728937497e+03,
       1.0371126503188054e+03, 2.2031113067325550e+03,
       9.2203841342845353e+03, -2.5848615524465981e+02,
       4.4186792074273291e+02, 8.1352453412221973e+02,
       2.6229859945480330e+03, -2.5848615524465970e+02,
       2.6122425211329200e+03, 6.5301398968972705e+01,
       -2.3475006319636526e+02, -1.1239742728937492e+03,
       4.4186792074273291e+02, 6.5301398968972649e+01,
       2.2640406720711508e+03, -5.8685097602821895e+02,
       1.0371126503188057e+03, 8.1352453412221973e+02,
       -2.3475006319636526e+02, -5.8685097602821895e+02,
       4.6758786045640090e+02, 7.8576755794415431e+03,
       2.2136401194935604e+02, 2.0917108508832307e+03,
       2.9867414590903014e+01, -4.9030244047898998e+02,
       2.2136401194935604e+02, 1.0404244909391866e+04,
       3.3853984064632279e+01, -3.5801574928241371e+02,
       3.4307016477255468e+02, 2.0917108508832307e+03,
       3.3853984064632272e+01, 2.7736051980113007e+03,
       -1.0787852918402190e+02, 5.2552095504673233e+01,
       2.9867414590903039e+01, -3.5801574928241371e+02,
       -1.0787852918402194e+02, 2.7288347653292817e+03,
       -2.6588493706862153e+02, -4.9030244047898998e+02,
       3.4307016477255468e+02, 5.2552095504673211e+01,
       -2.6588493706862153e+02, 1.8910263989333509e+02,
       6.8826539920863052e+03, 7.1994173403880529e+02,
       2.8454443838099755e+03, -2.9521934671883122e+02,
       1.5592577058772537e+02, 7.1994173403880507e+02,
       8.7224073852289966e+03, -2.4126231768225503e+02,
       8.0054023509880517e+02, -3.6260809153314671e+02,
       2.8454443838099755e+03, -2.4126231768225495e+02,
       2.4822740499245565e+03, 1.5584250157954622e+02,
       -5.7760596247877224e+01, -2.9521934671883122e+02,
       8.0054023509880517e+02, 1.5584250157954631e+02,
       1.9908482041529912e+03, 1.5091175309662884e+02,
       1.5592577058772537e+02, -3.6260809153314671e+02,
       -5.7760596247877210e+01, 1.5091175309662884e+02,
       1.4611297744221332e+02, 5.5381902074995487e+03,
       -1.1965885206705204e+01, 2.6373840954049701e+03,
       5.0398346476440042e+02, 2.3306559702621178e+02,
       -1.1965885206705183e+01, 5.6854049728892005e+03,
       -3.0056456131428909e+01, 2.4144029636246446e+03,
       -4.7176641379076990e+01, 2.6373840954049701e+03,
       -3.0056456131428895e+01, 2.6750518740412376e+03,
       -6.5491066875071823e+01, -1.8061050717357671e+02,
       5.0398346476440042e+02, 2.4144029636246446e+03,
       -6.5491066875071780e+01, 1.2793966618092056e+03,
       2.3368429741164803e+01, 2.3306559702621178e+02,
       -4.7176641379076976e+01, -1.8061050717357668e+02,
       2.3368429741164803e+01, 1.1953987352606809e+02 ]
weights: !!opencv-matrix
   rows: 1
   cols: 4
   dt: d
   data: [ 2.5458030198263215e-01, 4.2293615546285040e-01,
       1.6228326766748494e-01, 1.6020027488702390e-01 ]
pca_proj: !!opencv-matrix
   rows: 5
   cols: 21
   dt: f
   data: [ 4.36961316e-02, 8.50134730e-01, 1.73015636e-04,
       6.54514134e-02, 4.60692108e-01, 2.29939164e-04, 7.67599978e-03,
       1.46649793e-01, -1.37564148e-05, 1.21663406e-03, 1.30500361e-01,
       -5.45994153e-05, 8.06188770e-03, 1.42052382e-01, -2.12945142e-05,
       -2.45414903e-05, 9.56867734e-06, -1.94090262e-06, 3.13729906e-05,
       4.34020360e-04, 2.32224409e-07, 7.68702388e-01, -5.10314330e-02,
       1.14127281e-04, 4.21110362e-01, -3.83849256e-02, 4.02935693e-05,
       2.81941950e-01, -1.35209868e-02, 1.95932400e-04, 2.66951323e-01,
       -4.70317341e-03, 2.29704310e-04, 2.76557714e-01, -1.55316098e-02,
       2.11025646e-04, -3.74769334e-05, 5.54774260e-06, -7.89335627e-06,
       8.86836962e-04, -5.85095040e-05, 1.91629806e-04, 1.28585771e-02,
       -3.46314937e-01, -1.22481215e-04, -4.01510373e-02, 1.58088982e-01,
       -1.45607672e-04, 1.89476740e-02, 5.27356327e-01, 2.33430081e-04,
       1.79703757e-02, 5.36674440e-01, 2.90960423e-04, 1.17339585e-02,
       5.35117626e-01, 2.47836346e-04, -7.02231409e-06, -3.17391914e-06,
       2.59759432e-08, 1.54912759e-05, 1.72088097e-03, 2.08691781e-04,
       -5.93480825e-01, -8.48098937e-03, -8.88030772e-05, 2.05370650e-01,
       3.40346433e-02, 1.63823628e-04, 4.45453286e-01, -5.44621795e-03,
       -1.30590008e-04, 4.45820451e-01, -1.72652975e-02, -2.10900864e-04,
       4.54801619e-01, -3.90723068e-03, -1.75610170e-04, -1.74471352e-05,
       -6.38676829e-06, 1.65030560e-05, 1.38473080e-03, -5.51051289e-06,
       -1.34489819e-04, -4.15651649e-02, -3.88010889e-01,
       -1.59748225e-03, 2.57949054e-01, 8.27547431e-01, -5.50693134e-04,
       -8.53880048e-02, -1.33590102e-01, -3.55328375e-04,
       -8.88043940e-02, -1.88108414e-01, -3.67236295e-04,
       -7.92043582e-02, -1.47186622e-01, -3.09964700e-04,
       -2.68626522e-04, -4.51062988e-05, -9.29085581e-06,
       -3.75579461e-04, -5.09061909e-04, -3.50576767e-04 ]
pca_mean: !!opencv-matrix
   rows: 1
   cols: 21
   dt: f
   data: [ 2.07625534e+02, 2.55653595e+02, 1.54502928e+00,
       2.18915131e+02, 2.60592743e+02, 1.67241716e+00, 2.65274475e+02,
       2.24016678e+02, 1.71669352e+00, 3.19420807e+02, 1.63929108e+02,
       1.75046074e+00, 3.16613464e+02, 2.25532654e+02, 1.70717156e+00,
       1.08872897e-04, -9.74175637e-05, 6.24380555e-05, -2.17504916e-04,
       -2.50119597e-01, 1.75055194e+00 ]
gamma: !!opencv-matrix
   rows: 4
   cols: 1
   dt: d
   data: [ 9.2835175338802212e-01, 9.2436869850311021e-01,
       9.2232555044626607e-01, 8.9795561216444630e-01 ]
