%YAML:1.0
means: !!opencv-matrix
   rows: 7
   cols: 18
   dt: d
   data: [ -1.1267468147204809e+02, -3.2141434452828427e+01,
       2.6774391497445713e+01, 2.1436595050539292e+01,
       -4.5317902198155506e+00, -3.5338019402708634e+00,
       1.6825940832613497e+00, 7.4292864208204679e-01,
       4.0227310061895932e-01, -1.0900287566183377e-01,
       -5.9768950728587893e-02, 8.6295208660291910e-03,
       2.4783393867179350e-03, -2.9038703135338085e-03,
       -1.9528484055588647e-02, -2.8590432315234731e-03,
       4.3914839510041771e-04, 1.1303848274578424e-03,
       4.6177807220488440e+01, -3.5767289847798645e+00,
       -7.6269078758996907e+00, 4.2060735580258415e+00,
       1.4504031004182117e+01, 6.4432452487661451e-01,
       7.3797312030580919e-01, 8.0741490282225525e-01,
       3.6816179966637247e-01, 6.0023229949414641e-04,
       2.0727879488126870e-02, 1.2107538406232953e-02,
       5.8409459875639058e-03, 4.8407659053705679e-03,
       1.6444236910224903e-02, 1.6147609527027132e-04,
       -1.1451498161406469e-03, 1.1538264358940799e-03,
       1.4008195884711546e+02, 5.6474194573456868e+00,
       -4.0116295394281053e+01, -5.3880708630931755e+00,
       -6.2311621125174002e+00, 1.2850429356294468e+01,
       -1.6644547363387538e+00, 1.5150639464982208e-02,
       -4.3529405173235775e-01, 6.8880979010217863e-02,
       7.6192205745550926e-02, -8.2148838126359341e-02,
       -8.4460016983215272e-03, -2.1842845645409312e-02,
       -1.8673429400009347e-02, -6.9782895805835399e-03,
       -2.4309014048895668e-03, 2.5017508201095155e-03,
       -2.0217590069316631e+02, 5.5391249753616613e+01,
       4.1723685577458284e+01, -2.7983281293673659e+01,
       -1.7233430130697151e+01, 1.3119272888142397e+01,
       -3.1507584646898685e+00, -4.2924391011790236e-01,
       2.1858516466395746e-02, 1.4445689634692366e-01,
       2.5023046066183035e-02, -2.4948112039309644e-02,
       2.7474748320029398e-03, 2.9504732618228641e-03,
       2.6289479365822897e-02, -4.3536809296610742e-03,
       1.2756092072527751e-03, -1.0810671701246013e-03,
       9.4870183274355796e+01, 7.8431151754258399e-01,
       -1.6913316882632859e+01, 4.8175048830808507e+00,
       4.7536398343189594e+00, 1.0657484920513246e+01,
       -6.5829150730617174e+00, -4.2492251205642866e+00,
       -3.5539769602401488e+00, 1.3342240211511454e+00,
       -5.7746678060367367e-02, 1.3489810955930211e-02,
       -3.0936545391448925e-02, 2.1744608354047446e-02,
       -2.8289823923723294e-03, -6.6422771899655780e-04,
       2.9523566115688582e-03, -1.7147276800270562e-03,
       -1.0801541665116527e+01, 5.4831019475441138e+01,
       6.7206964735549812e+00, -3.1393956797967789e+01,
       6.8789191267039707e+00, -1.5946672938178665e+00,
       -2.6385502438642030e+00, -1.1023022558882372e+00,
       -1.4659860307068644e+00, -1.0597876514381088e-01,
       -1.2885491028750057e-01, 2.9275799150388616e-02,
       -1.8664974717291741e-02, -1.0370142641790610e-03,
       -3.2487870555079852e-02, 9.8526993297101666e-03,
       -5.7541004418483191e-03, -5.9776542082984651e-03,
       8.9776303780610093e+01, -1.3533871974361613e+01,
       -2.5426754583706149e+01, -2.5973453590069280e+00,
       -1.7738702587827650e+01, -9.7281836866247904e+00,
       1.0574569491439272e+00, -1.2168121252509454e+00,
       1.9862194853497103e-01, -1.0201003159641830e-01,
       6.7343777648649461e-02, -8.4415354782898331e-03,
       1.1723077498867912e-03, -1.9535533658597845e-03,
       1.7148793213906677e-03, 3.2069327927382470e-03,
       4.8513861056523498e-03, -8.3311274332336640e-04 ]
covs: !!opencv-matrix
   rows: 126
   cols: 18
   dt: d
   data: [ 9.1627196208468158e+03, -2.2729597082826140e+02,
       2.1861344648113618e+03, 4.8045761082060812e+02,
       2.1349217058082988e+02, -1.0212297240053078e+02,
       7.6733868544236032e+01, -1.9079076702074286e+01,
       -1.0340188888421833e+01, 8.6016060529374503e+00,
       -4.2112449914889840e+00, 1.2430046192867283e+00,
       1.6310277897220457e-01, 4.4637647642465994e-01,
       -1.9979901813796216e-01, -9.6447143796443036e-02,
       8.0048075472399172e-02, 5.8751582101524390e-03,
       -2.2729597082826149e+02, 9.8154911661946608e+03,
       1.7569618485438878e+02, 2.4550047524766136e+01,
       1.5821677540706375e+02, -4.7379730919328459e+01,
       5.9798800867932435e+01, 2.6081274004832554e+01,
       -7.5703992167264280e+00, 1.1692773013335495e+01,
       -1.7291610867468439e+00, 4.7114141506334924e-02,
       1.1518219137219907e-01, 2.1394902481358324e-01,
       -3.6814555172450386e-01, -6.5576887862805217e-02,
       2.8516352200941514e-01, 2.3924859274051793e-01,
       2.1861344648113613e+03, 1.7569618485438880e+02,
       2.6379807666489091e+03, -2.1255240388463861e+02,
       -6.2965535440811216e+01, 2.3307602091100019e+00,
       -1.8886413185881612e+01, 5.1005296108464941e+00,
       -1.6522810685749620e+00, 5.2158035933721780e-01,
       1.0867284495041956e+00, -2.3520576398411999e-01,
       -8.9727136779105113e-02, -5.7514279542272825e-02,
       -6.9456957517220697e-02, -2.7956529308609833e-02,
       7.3638737424003217e-03, 5.1383269846949235e-02,
       4.8045761082060824e+02, 2.4550047524766139e+01,
       -2.1255240388463855e+02, 2.4538922835154963e+03,
       -1.5694709285495588e+02, 6.8328077725174779e+01,
       -4.6550306232977448e+01, -3.0563548019193519e+01,
       1.0784924075924197e+01, 1.7929162252359707e-01,
       5.8897569229508828e-01, -1.2398381033984780e-01,
       -1.8234111876449671e-03, 5.6185723528758641e-02,
       2.5323327544450658e-01, 2.7636955286024806e-01,
       -2.0759548387206897e-01, -7.7181801129753744e-02,
       2.1349217058082994e+02, 1.5821677540706378e+02,
       -6.2965535440811216e+01, -1.5694709285495588e+02,
       1.6483009016137405e+02, -7.1344652282749394e+01,
       6.0321375168860039e+00, -4.1067003530887165e+00,
       -1.3324421102364463e+00, 1.0656168371964436e+00,
       -2.9499572209792752e-01, 5.2508347423623133e-02,
       -3.8751393417098346e-05, 1.2432136727270554e-02,
       -7.5542029275536673e-02, -2.1862113253253070e-02,
       5.9111360935413672e-02, 2.4286466734796418e-02,
       -1.0212297240053078e+02, -4.7379730919328495e+01,
       2.3307602091100028e+00, 6.8328077725174808e+01,
       -7.1344652282749394e+01, 1.9750995337303502e+02,
       9.5634617499503083e+00, -6.0839854640659519e-01,
       6.1864618364480195e-01, -9.9869144344560845e-01,
       -6.9278750885665952e-01, 3.2276659150398862e-01,
       -4.7738761890294447e-03, 2.8247647038930037e-02,
       -9.2238921757073350e-03, 5.7249890489490689e-02,
       -1.9163887362779939e-02, 2.5573882310572127e-03,
       7.6733868544236032e+01, 5.9798800867932442e+01,
       -1.8886413185881619e+01, -4.6550306232977462e+01,
       6.0321375168860039e+00, 9.5634617499503083e+00,
       2.1613582362924369e+01, -1.9496788057196213e+00,
       -2.8557152744858776e+00, 5.4420952999650041e-01,
       3.4608618887414212e-02, 3.6729787994562772e-02,
       -2.5360855660751767e-02, 1.7356992713261032e-02,
       -3.8915949425652021e-03, -8.3004330103495869e-03,
       6.5167524546764334e-03, 5.1247357378398188e-03,
       -1.9079076702074289e+01, 2.6081274004832554e+01,
       5.1005296108464941e+00, -3.0563548019193522e+01,
       -4.1067003530887165e+00, -6.0839854640659530e-01,
       -1.9496788057196213e+00, 1.4585944549373130e+01,
       -1.9894305543322430e+00, 7.3349485519424762e-01,
       -1.9971752558879149e-01, -3.2923896413315064e-02,
       -8.1062295013263543e-04, 1.9917378806796018e-02,
       1.4443006164467401e-02, 7.4649199844735344e-03,
       1.0064259168989155e-02, 8.9092819798945525e-03,
       -1.0340188888421833e+01, -7.5703992167264289e+00,
       -1.6522810685749607e+00, 1.0784924075924199e+01,
       -1.3324421102364461e+00, 6.1864618364480195e-01,
       -2.8557152744858776e+00, -1.9894305543322428e+00,
       1.6316599735574771e+00, -1.8120685996212421e-01,
