%YAML:1.0
means: !!opencv-matrix
   rows: 17
   cols: 8
   dt: d
   data: [ -1.7200417881637216e+02, -1.5324722896085677e+02,
       5.2721134709913109e+01, 5.0713643851743669e+01,
       -3.9985148350246597e+01, -1.8343635863819458e+01,
       -5.2579615215020059e+00, -1.8479822828174692e+00,
       9.9460665928521692e+01, -4.5115879736938588e+01,
       -2.1828668515366179e+01, 3.6826034491171420e+01,
       -2.7554561306692193e+01, 2.3419984520576026e+01,
       1.1216849405097200e+00, 1.3080654816351422e+00,
       5.6676189821142728e+01, 6.4667219655777401e+01,
       -1.7249755269989180e+01, -2.5396843868316761e+01,
       -4.8405094186071560e+00, -7.2118414917025975e+00,
       -5.9260054105211948e+00, 1.0349950357038036e+00,
       -1.7202352038404848e+02, 3.5405317585972369e+01,
       3.5213088342536423e+01, -2.9271444390515537e+01,
       -2.6173076995482791e+00, -2.9468057230328033e+00,
       3.1837956311662663e-01, 9.4227336902204528e-01,
       -1.1484648200541033e+01, 3.0155019321738816e+01,
       -6.8739613779649185e+00, -2.3879519797866887e+01,
       2.6729649884313311e+01, -3.6034933315427704e+00,
       1.8888340625139395e+00, -3.4272117883579689e-01,
       1.8958164993429250e+02, 1.3411688467381605e+01,
       -4.9307092369257845e+01, 1.3364607249153563e+01,
       -9.6943241564256848e+00, -6.9803760853321108e+00,
       1.0615488494251812e+00, -4.9267601561048369e-01,
       2.6578523141336596e+01, -4.5213259485154317e+01,
       1.5218108194411139e+01, 1.6353715806399297e+01,
       3.4361772474025763e+01, -4.4351314286191776e+00,
       -4.6131850626187426e-01, 2.0236456579023274e-01,
       3.6956998536832188e+01, 1.2187757333172931e+02,
       -2.6656444281235704e+01, -4.9653905657717736e+01,
       -6.9462579087902006e+00, 8.8802877068651420e-02,
       1.9781348286150964e+00, -3.8277594245740421e-01,
       -1.4842801880637941e+02, -6.2534030112150759e+01,
       4.2268273955958357e+01, 2.7727754697775961e+01,
       -1.8418604492741913e+01, 1.4538938294589775e+01,
       -6.3548520573926504e-01, 1.1553547662028909e+00,
       -1.1396928657967116e+02, 1.1171720036220248e+02,
       1.0526936925868496e+01, -5.4957148432204505e+01,
       -9.4455501286150980e+00, 1.4246823931874120e+00,
       6.6562883911968584e-01, -5.9211314609274757e-01,
       -3.7972873839909973e+01, -3.6867997791024209e+01,
       1.1364396982870126e+01, 5.3389704840833554e+00,
       -8.1238194941176953e+00, -1.4948269701748247e+01,
       -7.0266029883133185e-01, 8.4007353694096523e-02,
       3.9011003651913128e+01, -1.1033139159132171e+01,
       -2.8174027419341043e+00, 7.1225458436412339e+00,
       1.6057210769947215e+01, 3.4719941656252913e+00,
       7.7613798567504222e-01, -7.1740632130658444e-01,
       -1.4665001451954572e+02, -3.6746130556632494e+01,
       4.0909577124078503e+01, 6.0717720433461997e+00,
       1.2053538546268674e+00, 6.1339457470017198e+00,
       3.6314917174332134e-01, 7.4883172916648111e-01,
       2.5248995636918846e+01, 4.5227778801964277e+01,
       -2.1112891471086879e+01, -1.7577130735374514e+01,
       -1.4554860209239962e+01, -4.4887285304190154e+00,
       -6.2947750266469338e-01, -1.5767649947046318e+00,
       6.1614728950683162e+00, -1.8057991419064629e+02,
       1.6509244823696790e+01, 6.1765869183943586e+01,
       1.5727671974984030e+01, -1.4644209965182307e+01,
       -1.1644220788321424e+00, -1.0916815572198146e+00,
       1.3319429227749146e+02, -2.1676198032273399e+00,
       -3.2919935201668004e+01, 1.6629565741127230e+01,
       -9.7991210866711445e+00, -4.8964873326189533e+00,
       -1.1874117695556132e+00, -1.9045856724321100e-01,
       6.7072571681702172e+01, -6.8766572752085594e+01,
       -2.8416015607140945e+00, 4.7644750024111133e+01,
       -6.1410216208512871e+00, 2.6754062269235526e+01,
       2.4367088855056802e+00, 6.1608866002787499e-01 ]
covs: !!opencv-matrix
   rows: 136
   cols: 8
   dt: d
   data: [ 5.5031571834163060e+03, -5.4014520098672165e+02,
       3.1386966663228277e+03, -8.0842125023153324e+02,
       -3.1376184555536003e+01, -1.0964902847347682e+02,
       1.9229659131712143e+01, 1.1202954229862749e+01,
       -5.4014520098672165e+02, 6.3460515756129398e+03,
       9.7352871684602565e+02, 2.4672201792071128e+03,
       1.4574506738166016e+02, 3.0654450108486333e+02,
       9.1559081526422858e+01, -7.9026863777223371e+00,
       3.1386966663228277e+03, 9.7352871684602565e+02,
       2.4317764550992638e+03, -1.1459872789615723e+02,
       1.6903877951789301e+01, 1.2010189134115700e+01,
       -3.3962210073540213e+01, 6.8027227587604608e+00,
       -8.0842125023153324e+02, 2.4672201792071128e+03,
       -1.1459872789615727e+02, 1.7871915953871196e+03,
       -7.6757795857661634e+01, -8.2979852329013795e+01,
       -4.0866656974004357e+01, -2.4364351739880330e+01,
       -3.1376184555535996e+01, 1.4574506738166016e+02,
       1.6903877951789308e+01, -7.6757795857661634e+01,
       9.3298866446821691e+01, 4.0164696419421979e+01,
       1.5676258182920572e+01, 8.4080561780283620e+00,
       -1.0964902847347682e+02, 3.0654450108486333e+02,
       1.2010189134115700e+01, -8.2979852329013795e+01,
       4.0164696419421979e+01, 1.3935523337578397e+02,
       1.0604305676793851e+01, 3.4021418317395014e-01,
       1.9229659131712129e+01, 9.1559081526422858e+01,
       -3.3962210073540213e+01, -4.0866656974004357e+01,
       1.5676258182920572e+01, 1.0604305676793855e+01,
       3.8688269993833288e+01, 9.9806360850129539e-01,
       1.1202954229862749e+01, -7.9026863777223335e+00,
       6.8027227587604644e+00, -2.4364351739880327e+01,
       8.4080561780283638e+00, 3.4021418317395014e-01,
       9.9806360850129539e-01, 1.2784258287573325e+01,
       4.1451032713099439e+03, -9.2415190818899632e+01,
       2.9143758069818723e+03, -8.2096204510141104e+02,
       -8.3975921817257046e+01, -2.2186216956697837e+01,
       -6.9998987217078835e+01, 1.8274307259069451e+00,
       -9.2415190818899646e+01, 5.1017006507191918e+03,
       9.3524337022958957e+02, 2.6998352996581621e+03,
       -3.7921900199129027e+01, -7.3162368223813061e+01,
       -2.7046434168232555e+01, -4.0838013591708552e+01,
       2.9143758069818723e+03, 9.3524337022958980e+02,
       2.5444112322598862e+03, -1.0320668749097666e+02,
       -9.4761882817729372e+01, -7.8519916314283392e+01,
       8.1090768096613512e+00, -1.5554253662206754e+00,
       -8.2096204510141104e+02, 2.6998352996581621e+03,
       -1.0320668749097666e+02, 1.7597581430633220e+03,
       6.7158876668069226e+01, -1.2084039616559596e+02,
       -1.1095595252178521e+01, 7.1209394765356295e+00,
       -8.3975921817257046e+01, -3.7921900199129041e+01,
       -9.4761882817729372e+01, 6.7158876668069226e+01,
       3.4228980576527377e+01, -3.3196681854081447e+01,
       -2.0006903085913721e+00, 1.2239710711550156e+01,
       -2.2186216956697837e+01, -7.3162368223813061e+01,
       -7.8519916314283407e+01, -1.2084039616559596e+02,
       -3.3196681854081447e+01, 1.3416259170746349e+02,
       -2.2820375573795925e+01, -2.2737786878594428e+00,
       -6.9998987217078820e+01, -2.7046434168232558e+01,
       8.1090768096613566e+00, -1.1095595252178525e+01,
       -2.0006903085913725e+00, -2.2820375573795925e+01,
       2.1631338117869966e+01, -3.0155079314621464e-01,
       1.8274307259069471e+00, -4.0838013591708567e+01,
       -1.5554253662206761e+00, 7.1209394765356313e+00,
       1.2239710711550156e+01, -2.2737786878594428e+00,
       -3.0155079314621480e-01, 1.4346737781619831e+01,
       9.3952307767989896e+03, -2.2059686287954228e+03,
       2.0409539196287849e+03, -1.1971244581860259e+02,
       -8.6607903254111875e+02, -2.6326110871908486e+02,
       -1.3112273517864259e+02, 5.1419740736087270e+01,
       -2.2059686287954232e+03, 8.4910469472702553e+03,
       1.3627402810656367e+03, 2.0061336108601840e+03,
       3.4742294158231596e+02, 1.7995182210417221e+02,
       -5.5607321516165626e+01, -1.0426411808319653e+01,
