%YAML:1.0
means: !!opencv-matrix
   rows: 22
   cols: 7
   dt: d
   data: [ -1.8072410171466504e+02, -1.2326898861418375e+02,
       3.5996566376675112e+01, -6.9737526035563420e+00,
       -4.0761406162127747e+00, 4.2691656543748913e+00,
       3.9698459021445232e-01, 8.4343470745454496e+01,
       -3.9642736599062771e+00, -8.3515001868848898e+01,
       6.9585241000012417e+00, -3.9057142605295221e+00,
       1.1512737116909529e+01, 2.2932641973660212e-01,
       -1.4647211539029730e+01, 1.8068853778405756e+00,
       9.1388949482178248e+00, 4.8401206505840388e+00,
       3.1592694730252827e+01, -1.5443864956581705e+00,
       1.0379175407107892e+00, 8.2032940301003620e+01,
       3.4458529341949458e+01, -1.8146759818416598e+01,
       -3.0619698345565379e+01, -2.8967089889800666e+00,
       -1.2367806988274561e+01, 5.3455513302697544e-01,
       -1.8921618505314521e+02, 8.2274393245560773e+01,
       3.7100690508890423e+01, -5.2913895018145013e+01,
       -2.5974112112690513e+01, 7.0981417555226267e+00,
       -2.1941145901283097e+00, -2.1879886956822153e+02,
       6.6833864552471042e+01, 5.1459018922503205e+01,
       -3.0687559255284885e+01, -1.5388647381549738e+01,
       2.2498916913970749e+01, -2.2206213311884309e+00,
       1.6234516413301705e+02, 1.3780750984339644e+01,
       -4.8999906961807824e+01, -1.2243877972828475e+01,
       -6.8988317852496071e+00, 1.3140501748513422e+01,
       -6.3376771841930135e-02, 1.2302883527171954e+01,
       1.5769219898902756e+02, -4.4353371992421825e-01,
       -8.6578255394932057e+01, 1.5917827668706144e+01,
       1.6944255649266360e+01, -5.6418705639663858e-01,
       1.2972301645456662e+02, 2.9591268885079874e+01,
       -3.1558093770956141e+01, -1.3035343628849635e+01,
       -5.2567593610531649e+00, 1.9860446744777590e+01,
       -8.7154953644218516e+00, 3.4066214804946419e+01,
       -9.8681890948512049e+01, -1.1398928753737982e+01,
       6.7081292531442031e+01, -4.1196373194547666e+00,
       -9.2311064187448055e-01, 2.0556744492899139e+00,
       -9.2518574333880196e+01, 5.4078944455222375e+00,
       3.9432501448799421e+01, 2.4339887490051410e+01,
       7.6696394700942596e+00, 4.2187512716189266e+00,
       -4.5835080950277662e+00, -1.7623955524791410e+02,
       4.9969308611227321e+00, 4.1688449259540810e+01,
       4.0705785869122899e+01, -5.8781018658940480e+00,
       2.8703483790591444e+00, 5.3879046411660048e-01,
       8.1683751350020259e+01, 1.5754350532155106e+01,
       -2.3352200299316994e+01, -3.2582629874623919e+01,
       -2.6310590829909096e+01, -1.9904264722544440e+01,
       9.9895537868182882e-01, -1.6369858431324778e+02,
       4.4961995805413729e+01, 3.7395114418561647e+01,
       -2.9105514799235710e+01, -7.2184444062844424e+00,
       -8.4080518151775063e+00, -5.1444151460797516e-01,
       -5.1468119787002934e+01, 3.1560346366580497e+01,
       2.2548874143362692e+01, -2.3987257105962463e+01,
       2.5179007344327530e+01, -1.6216376425690662e+01,
       2.0790586265068840e+00, 7.6276606334851635e+01,
       -6.1654080449306264e+01, -2.3089338532853208e+01,
       4.1642141674852624e+01, -1.0639387141735629e+01,
       5.9436721108838251e+00, -7.9473614198937337e-01,
       6.9583539730263098e+01, -5.3949379272496635e+01,
       -1.7140727857046379e+01, 3.6266411687156463e+01,
       7.3217377592765009e+00, 1.4679905733064839e+01,
       -2.7379498501750210e+00, 2.6850701544288857e+00,
       2.4273406690899318e+01, 9.8432543672706387e+00,
       -2.0461957538173998e+01, 6.5560072240146781e+00,
       -6.5491163898701794e+00, -1.0310215865089205e+00,
       1.9766762901508872e+02, -9.6146699380642104e+00,
       2.5470219790609234e+00, 5.7887265962312702e+00,
       -7.5941188029190299e+00, 1.1508594335143792e+01,
       -3.6175589215738380e-02, -9.2503971198417688e+01,
       -9.2389444689145833e+01, 1.9920989383345155e+01,
       5.8409232308470770e+01, -3.5344013466765953e+00,
       -2.2032477244233166e+00, 1.1931067393450627e+00,
       6.0061514194696151e+01, 2.0460877848194656e+01,
       -1.3085619024397355e+01, -1.6857704437113163e+00,
       1.6447393314494878e+01, 4.1278717976523120e+00,
       8.9928755503213709e-01, -1.7725297820569125e+02,
       1.5689907263252042e+02, 3.4197694176625575e+01,
       -7.1350563270117519e+01, -3.7834696418942428e+01,
       2.9200123410404501e+01, -8.6201871442492521e+00 ]
