%YAML:1.0
means: !!opencv-matrix
   rows: 35
   cols: 4
   dt: d
   data: [ -8.1376788892503438e+00, -7.3555781082140086e+01,
       1.3167889923340121e+01, 5.8344197473138024e+01,
       -7.9525484279792567e+00, -3.6381202150139636e+01,
       4.5180459423066281e+01, -2.5388009862104497e+01,
       -1.0849297118471198e+02, 1.0657102244696269e+02,
       3.9341448113479366e+01, -1.9810285306474609e+00,
       7.2636171078517719e+01, 5.6199719071484573e+01,
       -9.7079163091808411e+01, -3.2435756815463117e+00,
       2.0872544309211409e+02, 8.2026834292261896e+01,
       3.9396208905424494e+01, 3.9234702589843124e+01,
       -2.3149252445741280e+02, -8.6702206344417533e+01,
       -2.3014028846831973e+01, 3.6258698990620317e+01,
       8.5197038831718572e+01, -2.8740227116001982e+01,
       7.7041663382939944e+01, 4.0262507844476279e+00,
       -2.8690714995918137e+02, 5.9216117477788771e+01,
       -2.0142004642368846e+01, -3.5415423364445985e+01,
       9.7687160129827703e+01, 7.2337000864090911e+01,
       -3.1756574589219412e+01, 6.7804868919203528e+01,
       3.7694239284779741e+01, 1.1232109606100884e+02,
       3.4274275929104768e+01, 3.3522663382396559e+01,
       -2.0020487956236852e+02, 4.6625194740852919e+01,
       3.4554194740037609e+01, -1.0397818189398754e+01,
       1.5578151463381209e+02, -3.5664805077346941e+01,
       2.6057109023044756e+01, 3.9589148449301874e+01,
       2.5005911169915649e+01, 1.3644889266193314e+02,
       -1.0479341521975074e+00, -9.3316039459685555e+01,
       6.4882942243715047e-01, 2.3787082165238612e+01,
       -8.8012823304065037e+01, -3.1859608093566582e+01,
       -7.6836287703063050e+01, -3.5785048548566820e+01,
       -3.1286682568555005e+01, -3.5735497367087412e+01,
       -6.5259398596956387e+01, 1.8013816933849405e+01,
       8.7423419744939650e+01, 5.9995549621501254e+01,
       1.3699510034311731e+02, -1.3300276285603780e+02,
       8.6246392725583618e+00, 3.0379520760431542e+00,
       -7.2120739634197363e+01, 9.8566312289342179e+01,
       -4.1605850555969596e+01, 3.1513666206083681e+01,
       -1.0068750627974683e+02, -1.4422224007036547e+02,
       -5.0480405932753861e+01, 2.8735022140868814e+01,
       9.8436032816174361e+01, 1.1978756951185968e+01,
       -7.6556067874913865e+00, -3.3850996973725820e+01,
       2.6060139613582386e+01, 2.8208165933414165e+01,
       2.7493488921214862e+01, -3.5518132234262303e+01,
       -1.2104329335761348e+02, 4.4726005727622130e+01,
       1.0252020692960728e+02, -3.4630491930054745e+01,
       -1.9664318634948549e+02, 1.4317081610143191e+02,
       3.5404769742655702e+01, 2.4068974876109575e+01,
       4.8798021252521480e+01, -8.4181869308301629e+01,
       -7.0494272111417771e+01, 5.2091481564390580e+00,
       -1.1059499917936039e+02, -1.3128572422382251e+02,
       5.2898028481473290e+01, 3.2270091179086144e+01,
       -2.0293497741977603e+02, -5.6098152389177550e+01,
       3.3405825741400079e+01, -5.5632680669986527e+01,
       -3.8036693542135263e+00, -1.2116054980456010e+01,
       -8.6503837234139681e+01, 6.1227164167225148e+01,
       -8.6690061946291692e+01, 3.0741574456013101e+01,
       -6.2074163679256728e+01, -1.4561888986893816e+01,
       2.2612169396601971e+01, -1.5453356582617738e+02,
       -2.0530418849804732e+00, -7.2663923103305361e+00,
       4.4298810256212107e+01, 6.5662379955228957e+01,
       -3.5439434773300668e+01, 2.1932782416898633e+01,
       7.8468579923073023e+01, -4.4520280944779884e+01,
       -2.4549497771973552e+01, -7.0466946422102524e+01,
       -1.3867006721564627e+02, -6.1546427309406653e+00,
       1.8029783930953030e+01, 9.0063809448065697e+01,
       1.9840586270376735e+02, -3.5212808056900355e+00,
       3.2833085111271011e+01, -3.2363377451066079e+01,
       1.4458558558472060e+02, 9.3033174808422217e+01,
       -7.9208778922675744e+00, 3.3709805208924730e+00,
       1.4324176577488169e+02, -9.0603325761849938e+00,
       -3.9964796376708513e+01, -4.7779662029225500e+00 ]
covs: !!opencv-matrix
   rows: 140
   cols: 4
   dt: d
   data: [ 3.8675167174918274e+03, -7.6353537065570106e+02,
       1.1766691063469611e+03, 2.2227500006060691e+02,
       -7.6353537065570106e+02, 4.1922318865132374e+03,
       -3.1884237091458147e+02, 1.1355234124223625e+03,
       1.1766691063469611e+03, -3.1884237091458147e+02,
       1.8145899823462544e+03, -4.4416155436234453e+02,
       2.2227500006060691e+02, 1.1355234124223625e+03,
       -4.4416155436234453e+02, 9.9099863790543691e+02,
       6.0744715129332026e+03, -8.7774597919040616e+02,
       -6.2528104351547120e+02, 1.6815712275363041e+03,
       -8.7774597919040616e+02, 2.8422072670395537e+03,
       1.5316169960760683e+02, 4.3499066250031251e+02,
       -6.2528104351547120e+02, 1.5316169960760672e+02,
       1.2985897671692751e+03, -6.2435052442499978e+02,
       1.6815712275363041e+03, 4.3499066250031251e+02,
       -6.2435052442499978e+02, 1.3431194830401594e+03,
       5.7423679342599207e+03, -1.2511992105385502e+03,
       1.4932904230207137e+03, 1.0172764528614524e+03,
       -1.2511992105385502e+03, 2.4286083168026566e+03,
       5.4734078983416373e+02, -8.7499174513610967e+01,
       1.4932904230207132e+03, 5.4734078983416373e+02,
       1.8354800367176128e+03, -1.0212699597051282e+02,
       1.0172764528614523e+03, -8.7499174513610939e+01,
       -1.0212699597051282e+02, 7.0965604148450927e+02,
       8.9410972208216072e+02, 5.5641111189957320e+00,
       8.4141003677959915e+01, 1.2587099940222289e+02,
       5.5641111189957471e+00, 3.5840827466354017e+03,
       1.6212868139134082e+02, 1.2520875835466441e+03,
       8.4141003677959930e+01, 1.6212868139134088e+02,
       6.1742912359096306e+02, -8.7929410059468111e+01,
       1.2587099940222292e+02, 1.2520875835466441e+03,
       -8.7929410059468154e+01, 9.6359231773526074e+02,
       2.5817135170482125e+03, 3.2319589547102953e+02,
       -3.8047143535681710e+02, -2.3219072241626370e+02,
       3.2319589547102953e+02, 1.9432741422538968e+03,
       -6.7955895391954655e+01, -7.2363720777028732e+02,
       -3.8047143535681698e+02, -6.7955895391954684e+01,
       2.2569442809992051e+02, 5.9383995526929972e+01,
       -2.3219072241626370e+02, -7.2363720777028732e+02,
       5.9383995526929986e+01, 9.6906883984482442e+02,
       2.3899010184990088e+03, -5.5024655927551244e+01,
       3.0723561717493948e+02, 2.9349769779633635e+02,
       -5.5024655927551215e+01, 6.6101352439642915e+03,
       5.2050224295490216e+02, 8.5538125327376963e+02,
       3.0723561717493959e+02, 5.2050224295490216e+02,
       4.7786651713631261e+02, -1.9773160346139659e+02,
       2.9349769779633624e+02, 8.5538125327376974e+02,
       -1.9773160346139659e+02, 1.0354770815785573e+03,
       6.1203478114923100e+03, 6.3350693283530552e+02,
       -1.3621515406551366e+03, -3.2429806493536540e+02,
       6.3350693283530529e+02, 8.3964400315275325e+03,
       8.6354627764447542e+01, -4.0955137065432967e+02,
       -1.3621515406551366e+03, 8.6354627764447514e+01,
       4.4549707583115099e+02, 5.8452623823084714e+01,
       -3.2429806493536552e+02, -4.0955137065432967e+02,
       5.8452623823084686e+01, 1.9882633017547755e+03,
       1.7540419748351271e+03, 6.5771145673976173e+02,
       1.8107195226282465e+02, -2.5958715454405547e+02,
       6.5771145673976173e+02, 7.2132877030823693e+03,
       3.4336407957871387e+01, 8.5761768680444152e+02,
       1.8107195226282468e+02, 3.4336407957871387e+01,
       2.5197562342210341e+02, 6.2080487774758112e+01,
       -2.5958715454405552e+02, 8.5761768680444152e+02,
       6.2080487774758126e+01, 1.3617201207157052e+03,
       5.0455558517063719e+03, 1.1679667092635723e+03,
       1.3400407408090903e+03, -8.0968209325241628e+02,
       1.1679667092635723e+03, 2.3834129115658707e+03,
       -6.1482001451511371e+02, -1.2185943903944017e+03,
       1.3400407408090903e+03, -6.1482001451511371e+02,
       1.7898762664154881e+03, 2.8254912179859627e+02,
       -8.0968209325241628e+02, -1.2185943903944017e+03,
