%YAML:1.0
means: !!opencv-matrix
   rows: 7
   cols: 14
   dt: d
   data: [ -5.0543824061580537e+01, 1.1968156230604836e+02,
       -5.4555073355283952e+00, -5.2157849575798849e+01,
       -3.8693192909773706e+00, 8.0238925198239788e-02,
       1.3091994688863293e+00, -1.2391740137956954e-01,
       -3.3635189629256074e-01, -1.9032543359567994e-01,
       4.7494656645523860e-02, -3.8755333815031633e-03,
       3.8707342098390665e-03, -3.1339767459047450e-04,
       -1.5631462421658529e+02, -7.9105102383124461e+01,
       4.3560119242836208e+01, 2.5923288604883609e+01,
       -1.6777412091485562e+01, 3.6830386381201587e+00,
       -1.7052016816136510e+00, 3.4333832411402726e-01,
       -4.9680978086069266e-01, 3.9339861533965077e-03,
       3.3363643789312759e-02, 2.0484669097326380e-02,
       -5.4746602637680041e-03, 1.8477199390101212e-03,
       4.7712035863564850e+01, -2.1891232571034337e+01,
       -4.4495466866772144e+00, 1.3425223191917851e+01,
       1.0198310620191114e+01, 6.2340609588784437e+00,
       9.9151235502129131e-01, -2.3125630309524242e-01,
       -1.7253209900703781e-01, 4.7667746865647787e-02,
       2.8578967443821254e-02, 1.6874125410199847e-02,
       1.4430861024720379e-03, -7.4287332808916041e-03,
       2.9446718646669868e+01, -4.1669346244929448e+00,
       -4.9787684093547764e+00, -1.2155747714940794e+01,
       1.9480604483864732e+00, -1.2053334335287511e+01,
       -6.4907996254648355e+00, 2.0362556080746632e+00,
       6.3294207565328202e+00, -2.5228161177491015e-01,
       -1.4946200406131264e-02, -3.6773568350377046e-02,
       -3.0442522329656562e-02, 2.8666026626297616e-03,
       -1.7456925744518492e+02, 2.4039515259351749e+01,
       3.7905808788763700e+01, -2.2148743753058739e+01,
       -4.3780631622939596e+00, -1.6699961965640746e+00,
       5.4327490907909594e-02, 7.3774235290744794e-01,
       1.2749886900260751e-01, 1.4130589240358696e-01,
       -4.6955802213118757e-02, -2.0864778809858379e-02,
       4.6097295542392534e-03, -3.1119193526210436e-04,
       1.2658866593101409e+02, 5.2945039140069319e+01,
       -3.9434133464387315e+01, -1.0324608399434197e+01,
       -9.5325092650277519e+00, -5.0552091129959313e+00,
       1.6022739433876645e-01, -2.0606318958192102e-01,
       -7.2842975282162448e-01, -4.6467105667200810e-02,
       4.1625026085408155e-02, -1.5442082903262050e-02,
       2.3791215626746253e-03, 1.0908392935087854e-02,
       -3.6513758483276617e+00, -7.2354005656967587e+01,
       3.7956370716652268e+00, 2.5384499235552976e+01,
       -1.3038523241367761e-01, -1.1812449693124142e+01,
       -8.8849505468753059e-02, -9.8045519505000933e-01,
       -1.1633200637369649e+00, 1.1079784187952607e-01,
       -2.1171748711473104e-01, -1.6359267519879067e-02,
       5.0538772305350329e-03, 9.6839108706646901e-03 ]
covs: !!opencv-matrix
   rows: 98
   cols: 14
   dt: d
   data: [ 8.5329227606941258e+03, -2.0593443383335375e+02,
       2.2291665544606335e+03, -7.0950206109080420e+02,
       4.8098551966278416e+02, -8.8694957376482559e+00,
       3.9773641740992360e+01, 4.7541985720071850e+01,
       -2.0734870110569532e+00, 8.8897077194246226e+00,
       -3.8487758311620324e+00, -3.3760862605641073e-01,
       7.0977644649340060e-02, -1.3879890492439428e-01,
       -2.0593443383335367e+02, 6.4941680387317219e+03,
       7.0256309687322459e+02, 2.4581958870872436e+03,
       -1.4487838843119772e+02, 1.8605377818015988e+01,
       -9.4038817049155213e+01, -1.5235942840488716e+01,
       -1.2647833198456267e+01, -1.2070294792258437e+01,
       -5.3683491827649055e-01, -5.7291890226860076e-01,
       1.2721625918746066e-02, 1.9414421403842114e-01,
       2.2291665544606335e+03, 7.0256309687322459e+02,
       2.7002700744139433e+03, -7.7349869521849158e+01,
       -1.6075628803720764e+02, -6.1316143774711279e+01,
       5.3695063715579333e-02, -6.1467909327915793e+00,
       4.9930305120223806e-01, 9.6505642822969784e-01,
       1.1671304557812152e+00, -1.3421358005133237e-02,
       -4.1039354704801217e-02, 1.9715323345108927e-02,
       -7.0950206109080420e+02, 2.4581958870872436e+03,
       -7.7349869521849158e+01, 1.7408433668181556e+03,
       1.0943557376415809e+02, -1.3420485065241115e+02,
       2.9682464938794968e+01, 1.2992318970356457e+01,
       5.8919773769861887e+00, 2.3735200558129002e+00,
       1.3825635659583466e-01, 2.1018876159011501e-01,
       2.0821375614979060e-02, -9.2144341867378105e-02,
       4.8098551966278410e+02, -1.4487838843119775e+02,
       -1.6075628803720764e+02, 1.0943557376415809e+02,
       2.4717589914841491e+02, 1.1649764311605404e+01,
       7.3654212439596925e-02, 1.2862651950079947e+01,
       -2.4118532765331850e+00, 1.8014479108513801e+00,
       -7.5027483799935601e-01, 1.0900843540739211e-02,
       1.9510035223544709e-02, -5.6494352844476618e-02,
       -8.8694957376482542e+00, 1.8605377818015995e+01,
       -6.1316143774711279e+01, -1.3420485065241115e+02,
       1.1649764311605404e+01, 5.6124059926373221e+01,
       -1.6222326295517988e+01, -3.6906410870934705e+00,
       -2.7801957582851693e+00, -1.4210882263936171e+00,
       -1.9763004072750490e-01, -1.2532949322438766e-01,
       7.0196876440565947e-03, 7.7092739242163111e-03,
       3.9773641740992367e+01, -9.4038817049155185e+01,
       5.3695063715581970e-02, 2.9682464938794968e+01,
       7.3654212439597008e-02, -1.6222326295517988e+01,
       2.1928787481167291e+01, 1.1377871446562771e+00,
       2.8804536165117023e+00, 3.3218776980347081e-01,
       2.4160018839693882e-02, 4.8619229216944997e-02,
       -2.9781264939148802e-02, 5.3846585795908879e-03,
       4.7541985720071850e+01, -1.5235942840488722e+01,
       -6.1467909327915802e+00, 1.2992318970356457e+01,
       1.2862651950079947e+01, -3.6906410870934718e+00,
       1.1377871446562768e+00, 1.7809318149956237e+01,
       -1.5645025880204340e+00, 6.5627933553475015e-01,
       8.3406572235387270e-03, 3.6982441496371476e-03,
       4.8332402022703341e-03, 9.2970357744694906e-03,
       -2.0734870110569528e+00, -1.2647833198456263e+01,
       4.9930305120223711e-01, 5.8919773769861887e+00,
       -2.4118532765331859e+00, -2.7801957582851693e+00,
       2.8804536165117027e+00, -1.5645025880204335e+00,
       1.1378869855952656e+00, 1.4281514583684229e-01,
       5.6933457702316569e-03, 2.0773160442929584e-02,
       1.7303562097013486e-02, 4.4625220779039856e-04,
       8.8897077194246226e+00, -1.2070294792258437e+01,
       9.6505642822969717e-01, 2.3735200558128997e+00,
       1.8014479108513810e+00, -1.4210882263936171e+00,
       3.3218776980347070e-01, 6.5627933553475015e-01,
       1.4281514583684229e-01, 4.1306268551542513e-01,
       2.9444895346192683e-03, 4.9292213613040244e-04,
       2.6842313516274433e-03, -1.2485923732549144e-02,
       -3.8487758311620315e+00, -5.3683491827649055e-01,
       1.1671304557812152e+00, 1.3825635659583460e-01,
       -7.5027483799935601e-01, -1.9763004072750490e-01,
       2.4160018839693882e-02, 8.3406572235387218e-03,
       5.6933457702316569e-03, 2.9444895346192670e-03,
       8.4139399067204770e-03, 8.2682564263385303e-04,
       -1.7611590449354773e-04, -9.3581867333751957e-04,
       -3.3760862605641062e-01, -5.7291890226860076e-01,
       -1.3421358005133242e-02, 2.1018876159011501e-01,
       1.0900843540739214e-02, -1.2532949322438766e-01,
       4.8619229216945004e-02, 3.6982441496371471e-03,
       2.0773160442929584e-02, 4.9292213613040254e-04,
       8.2682564263385325e-04, 1.6516487937765615e-03,
       5.5278646471163646e-04, 3.8939527651478552e-04,
       7.0977644649340102e-02, 1.2721625918746040e-02,
       -4.1039354704801204e-02, 2.0821375614979099e-02,
       1.9510035223544712e-02, 7.0196876440565973e-03,
       -2.9781264939148802e-02, 4.8332402022703350e-03,
       1.7303562097013486e-02, 2.6842313516274433e-03,
       -1.7611590449354768e-04, 5.5278646471163657e-04,
       2.2139280432979759e-03, 8.1321924571298363e-05,
