%YAML:1.0
means: !!opencv-matrix
   rows: 5
   cols: 10
   dt: d
   data: [ 8.2074035198084516e+01, 1.6027312561798464e+01,
       -2.3797704300878816e+01, -3.2039063721789020e+01,
       -2.6465035618067969e+01, -1.9624848106728198e+01,
       9.1846184198736947e-01, -2.3195989419305136e+00,
       2.1051010978445225e-01, -2.0384164259745766e-02,
       -1.6522854592919148e+02, 3.0469470382674700e+01,
       3.7618189807910007e+01, -1.7027392945098768e+01,
       -8.3612858019665914e+00, 3.4597112289210865e+00,
       -7.2965754578788833e-01, 1.8172429355030392e-01,
       9.1525962898347205e-02, 4.0306151186838723e-02,
       3.9162203137058590e+01, 3.8123376570703087e+01,
       -8.2456785984322885e+00, -2.5855084706822339e+01,
       5.2127066722335069e+00, 1.2015427620492962e+00,
       -3.1741740575376025e+00, -1.6506922366120682e+00,
       -2.2138659414686983e+00, 1.2062764807266339e-02,
       7.0976444433032313e+01, 4.9434625680108599e+00,
       -1.4427489008195700e+01, 8.1787399749174250e-01,
       1.0537059093932637e+01, 2.8202347050138967e+00,
       4.2765061207290883e-01, 1.0005192044088320e+00,
       3.6116134898463476e-01, 9.6247690488707616e-03,
       -4.3593975021494877e+01, -9.3155440648631938e+01,
       7.8236161218706206e+00, 5.9694275070910841e+01,
       -4.7590309759875966e+00, -1.3592610280584900e+00,
       1.5575764136618053e+00, -3.9660549560165848e-01,
       3.4643076132535838e-01, -7.5691906780259527e-02 ]
covs: !!opencv-matrix
   rows: 50
   cols: 10
   dt: d
   data: [ 4.0749508533830399e+03, 9.0433094582755857e+01,
       3.0671258220497330e+03, 1.4950779476503453e+02,
       -1.0318948580434649e+02, -2.3310899018379548e+01,
       -5.3714389519176862e+01, -4.8033927692490552e+00,
       1.9737905284412300e+01, -1.4716999239970681e+00,
       9.0433094582755871e+01, 5.5850902736866101e+03,
       -4.5645066472513321e+01, 2.4635473314505489e+03,
       -3.9031194595854934e+01, -1.3634063651070056e+02,
       4.0273925667400917e+01, -2.5175793700469541e+01,
       -2.4585445526436231e+00, -8.8795994624155714e+00,
       3.0671258220497330e+03, -4.5645066472513314e+01,
       2.5709987960131562e+03, 3.0644519811591227e+01,
       -8.1876696456864323e+01, 4.8893810969634657e+01,
       1.6547972447484767e+01, -4.7848474121113291e+00,
       3.7456287425957799e+00, -1.7184603452004943e-01,
       1.4950779476503459e+02, 2.4635473314505489e+03,
       3.0644519811591202e+01, 1.1712267565136187e+03,
       -5.9693780796247772e+01, -8.7988002834897728e+01,
       4.1503669785680186e+00, 1.7336245948384658e+01,
       -4.6519295412505786e+00, -3.2255700140873147e+00,
       -1.0318948580434648e+02, -3.9031194595854934e+01,
       -8.1876696456864309e+01, -5.9693780796247772e+01,
       3.5107401964319223e+01, 9.1657558555464558e+00,
       4.2525638696301193e+00, -1.5921425754129725e+01,
       2.8356556833994460e+00, -6.2316768820575641e-01,
       -2.3310899018379548e+01, -1.3634063651070056e+02,
       4.8893810969634657e+01, -8.7988002834897728e+01,
       9.1657558555464576e+00, 8.2233398346521327e+01,
       2.6104560032581944e+01, -7.7477889745706943e+00,
       -3.5415304501515554e+00, 7.5728471417571830e-02,
       -5.3714389519176876e+01, 4.0273925667400931e+01,
       1.6547972447484767e+01, 4.1503669785680168e+00,
       4.2525638696301193e+00, 2.6104560032581947e+01,
       2.0039845776786652e+01, -2.5864349068763275e+00,
       -2.4168097461341738e+00, 1.8827423193793172e-01,
       -4.8033927692490579e+00, -2.5175793700469537e+01,
       -4.7848474121113291e+00, 1.7336245948384658e+01,
       -1.5921425754129725e+01, -7.7477889745706943e+00,
       -2.5864349068763275e+00, 1.3935654095537760e+01,
       -2.8282071303763954e+00, 4.9494487469369652e-01,
       1.9737905284412300e+01, -2.4585445526436231e+00,
       3.7456287425957790e+00, -4.6519295412505794e+00,
       2.8356556833994460e+00, -3.5415304501515554e+00,
       -2.4168097461341733e+00, -2.8282071303763954e+00,
       1.5611924068923644e+00, -6.4283813076951538e-02,
       -1.4716999239970685e+00, -8.8795994624155696e+00,
       -1.7184603452004951e-01, -3.2255700140873151e+00,
       -6.2316768820575619e-01, 7.5728471417571844e-02,
       1.8827423193793172e-01, 4.9494487469369652e-01,
       -6.4283813076951538e-02, 3.2444492427032412e-01,
       7.3329922378562596e+03, 1.1578874539295659e+02,
       2.8017387126416315e+03, 2.9008325086665621e+01,
       3.6192535332431987e+02, -3.5008656172319309e+02,
       1.1278519562911292e+02, -3.3236458303160667e+01,
       -8.2713874415626645e+00, 2.0876007320491765e+00,
       1.1578874539295650e+02, 9.5230308638713341e+03,
       -1.4255984132603072e+02, 3.3524157408065798e+02,
       -4.6426271262863321e+02, 4.9374631372694950e+02,
       -1.0956768996589129e+02, 2.5743116042658844e+01,
       1.5085800447051854e+01, 4.5129460834008732e+00,
       2.8017387126416315e+03, -1.4255984132603081e+02,
       2.4630631419177757e+03, 7.1725129137020772e+01,
       -8.2950576989467194e+01, 4.1545634063021559e+01,
       -2.3175089854647471e+01, 1.2176276086654664e+01,
       3.5035563011928574e+00, 3.2853170863610381e-01,
       2.9008325086665600e+01, 3.3524157408065798e+02,
       7.1725129137020772e+01, 2.2404677715627881e+03,
       1.9202139219850005e+02, -1.8070380309006808e+02,
       4.8738488969647115e+01, -2.1889629144988525e+01,
       -2.8161295519997798e+00, 4.9012438641164091e-01,
       3.6192535332431981e+02, -4.6426271262863310e+02,
       -8.2950576989467180e+01, 1.9202139219850005e+02,
       1.9581882877885732e+02, -1.1781806122949497e+02,
       2.3380957307522273e+01, -1.7541135720493564e+01,
       -2.3655795185154802e+00, 6.0704870132569577e-01,
       -3.5008656172319309e+02, 4.9374631372694950e+02,
       4.1545634063021552e+01, -1.8070380309006805e+02,
       -1.1781806122949497e+02, 3.5607505575931492e+02,
       -2.1007021436096409e+01, 1.0480412153452280e+01,
       5.0114908452200035e+00, -2.5196356832648887e+00,
       1.1278519562911296e+02, -1.0956768996589129e+02,
       -2.3175089854647478e+01, 4.8738488969647108e+01,
       2.3380957307522273e+01, -2.1007021436096405e+01,
       3.2935448241597037e+01, -1.0468453354041611e+00,
       -1.6245244570226234e+00, -1.7514299922535479e-02,
       -3.3236458303160660e+01, 2.5743116042658841e+01,
       1.2176276086654662e+01, -2.1889629144988525e+01,
       -1.7541135720493568e+01, 1.0480412153452281e+01,
       -1.0468453354041607e+00, 2.1022215520293784e+01,
       1.5351872485980012e+00, -5.5566618807364487e-01,
       -8.2713874415626609e+00, 1.5085800447051854e+01,
       3.5035563011928597e+00, -2.8161295519997807e+00,
       -2.3655795185154802e+00, 5.0114908452200035e+00,
       -1.6245244570226234e+00, 1.5351872485980012e+00,
       3.0194962133546999e+00, -5.2559623369596742e-01,
       2.0876007320491761e+00, 4.5129460834008723e+00,
       3.2853170863610315e-01, 4.9012438641164074e-01,
       6.0704870132569522e-01, -2.5196356832648887e+00,
       -1.7514299922535455e-02, -5.5566618807364510e-01,
       -5.2559623369596731e-01, 7.4902580061940727e-01,
       9.7977158842973222e+03, -1.7791984479955215e+02,
       1.6327667048431060e+03, -2.4881241268359915e+02,
       -7.2601130097726355e+02, 5.8100133007558873e+02,
       -5.3774393671495446e+01, -8.6530244089959709e+01,
       -8.4391977982194106e+00, 3.7645237793931763e+00,
       -1.7791984479955224e+02, 1.0022732399385426e+04,
       1.1652050562967830e+01, 2.0437867744399011e+02,
       3.2774310457833633e+02, 1.4296394552598196e+02,
       1.9549095340533262e+02, 8.4671418656657281e+01,
       9.1402300739340717e+01, -1.5676413389452110e+01,
       1.6327667048431060e+03, 1.1652050562967798e+01,
       3.1326965172693176e+03, 2.2851923413287324e+02,
       2.5927389703025523e+02, -1.1382506131938450e+02,
       -4.5137177064161726e+01, -1.2440879042505971e+01,
       -1.9502136750055481e+01, -1.8668880770534663e+01,
