%YAML:1.0
means: !!opencv-matrix
   rows: 43
   cols: 5
   dt: d
   data: [ -2.0566695213339781e+01, 2.6542478244161824e+01,
       9.2195638525745665e+01, -1.7557108178540357e+01,
       8.6776316079497668e+00, 1.3953773641179706e+02,
       3.4080826658212210e+01, 4.4150604934100478e+01,
       -2.0328181550720359e+01, -1.1274497946243567e+01,
       1.9500475867445559e+01, -6.2316247198809222e+01,
       1.6070801388888063e+00, 4.7607569352471465e+01,
       -3.9736881125114351e+01, 8.2895735652619550e+01,
       2.4439788090989172e+01, -2.1123518877659080e+01,
       7.8518895706651390e+00, 7.8935261862176160e+00,
       1.3219932260111071e+02, -8.2196629714088843e+01,
       -7.5057641718816456e+01, -2.5406443903746837e+01,
       -1.0992482001000871e+01, -1.6776533512651235e+02,
       -2.3859361495584331e+01, -1.1724771221961284e+01,
       4.1740665371024591e+01, 3.4442124529482969e+00,
       -2.7076409096161734e+02, -4.3130203319320861e+00,
       -1.9810043267728414e+01, 7.4163502037327298e+00,
       -3.7693381250072644e+00, -4.0483207689038657e+01,
       4.3836922333445891e+01, 2.8557728180491520e+00,
       -8.1897750861682269e+01, 1.8146196055233774e+00,
       -4.6099179584533445e+01, -1.5811598522839654e+02,
       7.9642448994474677e+01, -4.0131488456445283e+01,
       -8.5520465407928530e+00, 4.7223220438077419e+01,
       -2.9125845987540295e+01, -3.7084175744981529e+01,
       8.1299338173316784e+01, -5.8067525708573771e-02,
       -1.3623117573553728e+02, 7.5853685671975484e+01,
       4.1623299630244915e+01, 1.1345899707735349e+01,
       3.8687592644370254e+00, -1.5474369357458588e+02,
       1.9757709038208978e+02, -2.4614676686310730e+01,
       1.5391996590836024e+01, 2.3496035587494695e+00,
       9.1803962587204239e+01, -1.6972139497933932e+02,
       -2.6045394555356158e+00, 3.3459782623482881e+00,
       1.7159347432370031e+00, 1.0735170415523643e+02,
       -4.4343711770158990e+01, 2.2112607522010666e+01,
       -6.0509659555789476e+01, 1.3775406964079171e+01,
       1.2166867000045308e+01, -6.9753689120541779e+01,
       -5.6271166475305961e+01, -5.6980072696748131e+01,
       1.3277886124436645e+01, -2.4090127113836491e+01,
       -5.1629401280829136e+01, -2.6462739921977690e+01,
       -1.6721195813208553e+01, -7.6913047629848892e+00,
       3.5842339894414188e+01, 2.0434044969591719e+02,
       -1.3542378533910272e+01, 7.1735160287552624e+00,
       -6.2672572951643906e+00, 2.9228768125100579e+00,
       -6.7887822271540088e+01, 7.4151270213290523e+00,
       1.7158566463017015e+00, 3.4834146495161690e+01,
       -2.2183519443561843e+02, 1.3820441561949684e+01,
       3.9663515123557680e+01, -5.1266735689963223e+00,
       -1.4475546433288102e+01, 3.0414496719094945e+01,
       1.3529125497647755e+02, 1.5578155926362376e+01,
       -1.4202911265348638e+01, 1.1172692383225620e+01,
       1.6463034679839726e+02, -3.1885574245098972e+01,
       4.3251184316995577e+01, 5.9875035323382626e+01,
       -1.5149446140830578e+00, 1.1378480556973633e+02,
       3.3535167685910288e+01, -7.5882206481589662e+01,
       3.8225745937291677e+01, -1.0397279752366973e+01,
       -1.0959374104290445e+02, -1.0429631413921950e+02,
       -1.4480110050486508e+00, -2.6280817409596583e+01,
       1.3813420432054080e+01, 1.0012027941297610e+02,
       -4.6420209493187386e+01, -2.1401880442841243e+01,
       3.6158483188287207e+01, -2.7485110728921015e+01,
       -6.5196500793291804e+01, -2.0251191266431107e+01,
       7.0836064175796466e+01, 2.5050599247046094e+01,
       -2.9862622075479023e-01, 1.9738755619452778e+02,
       1.0038539335225622e+02, -2.1274294575683494e-01,
       5.1735061181671547e+01, -1.3658003182263775e+01,
       -1.8448203517171347e+00, 4.3724119316770100e+01,
       2.5033655983743763e+01, 6.0600386849116767e+01,
       3.1862215475745533e+01, 1.4639584885537813e+01,
       -2.3611883166682247e+02, 7.5695633211647841e+00,
       7.5031171902049280e+01, -1.9421342350169024e+00,
       4.5449634191099628e+00, -1.0871372977897595e+02,
       -7.8167412089664936e+01, 3.4859310124885980e+01,
       4.1407910293957091e+00, -5.2895638310039921e+01,
       8.0103709524691808e+01, -7.3218995038091265e+01,
       -9.1861741511281494e+00, 1.1530414984470312e+01,
       3.1119226207366140e+00, 4.4556776487769582e+01,
       -3.4940208823687873e+00, 4.0376088320498553e+01,
       -1.1743560613627068e+01, 2.3604539642861320e+02,
       -9.8328500840413593e+00, -2.7487509358359752e-01,
       -5.0986307736345351e+00, -1.4911920820436423e+01,
       -8.7849969987733203e+01, -8.2633874425458245e+01,
       -2.9259386959173327e+01, 4.8144001104930013e+01,
       3.6428968616452785e+01, -1.4683829336660369e+02,
       -3.2776514667960534e+01, 3.0445562420711099e+01,
       -6.9424336508884437e+01, -2.8231091457779627e+00,
       4.2080818068049915e+01, -1.0341110433028362e+02,
       2.9341849769075733e+01, 3.0505740316956214e+01,
       4.5809825421806423e+01, -2.0217556346510605e+02,
       7.8324695978393379e+01, -4.6795610689559354e+01,
       -4.6326223234926573e+01, -6.2923907097267877e+00,
       1.5449051367065425e+02, -4.3746893967240958e+01,
       1.2876661233017101e+01, -8.8418090216551079e+01,
       -7.0149346547491893e+00, -2.1082601812674235e+02,
       -4.5213724851441427e+01, 4.0005082780624917e+01,
       5.1501087592218525e+01, -2.3360503885518863e+01,
       3.0977132019988872e+01, 1.0216959993925680e+02,
       -3.1874516974944935e+01, -5.8028707012898671e+01,
       -1.1039846484697550e+01, -1.0894189085161319e+02,
       -6.7817870560614665e+01, 1.0750394702995372e+02,
       9.4396477559543808e+00, -2.4486536096315525e+01,
       -9.2555202666747434e+01, 1.5781416809891837e+02,
       4.2703110530354380e+01, -3.6733470722176143e+01,
       -1.5123296676257212e+01, 1.0359663455965870e+02,
       7.1513671638698959e+00, 7.1668356327043355e+01,
       -1.5929790926285753e+01, 2.1373783064124147e+01,
       -2.0833238059202492e+02, -1.7663671066298738e+02,
       1.3831625161114118e+01, -1.5192001993329718e+01,
       -2.4618248450668034e+01 ]
