%YAML:1.0
means: !!opencv-matrix
   rows: 29
   cols: 1
   dt: d
   data: [ -1.8131674825616270e+02, 1.3210379346820713e+02,
       -1.5381635585244105e+01, 7.4211739459990227e+01,
       -1.1075691098970080e+02, 2.1655819287540908e+02,
       -2.6278753253979846e+02, 1.8774931262961324e+01,
       9.4690233928397305e+01, -8.9940702111959126e+01,
       3.0394662938906180e+02, -3.3277546948973082e+01,
       -3.2519857577852514e+02, -2.9312011561656209e+02,
       1.7092619806923824e+02, 2.4164759698869238e+02,
       1.1360239696294259e+02, 3.6719274617248409e+01,
       -1.5727840140077333e+02, -5.1033314755236745e+01,
       -2.0417504906276400e+02, 5.4908383579828211e+01,
       2.2329114312112637e+00, -1.3291298135336851e+02,
       2.7204030999236875e+02, -2.3056992355838406e+02,
       -6.9586990460458409e+01, 1.5201951016568211e+02,
       1.9293830226461876e+02 ]
covs: !!opencv-matrix
   rows: 29
   cols: 1
   dt: d
   data: [ 1.2715800739660231e+02, 9.7755776441659862e+01,
       8.1532744539719701e+01, 8.7740782819726746e+01,
       9.9571667187976018e+01, 1.4746685092604469e+02,
       2.6829402969123589e+02, 7.2670744205737350e+01,
       9.8397044838637086e+01, 9.0861300581055332e+01,
       8.1432947981577183e+02, 7.8751726379875294e+01,
       9.0775197878432778e+02, 4.9891716839888835e+02,
       9.9720004007999620e+01, 1.7750348344034427e+02,
       1.0247325337230176e+02, 7.0210467375235424e+01,
       1.2378871638183308e+02, 8.0579367147844067e+01,
       1.2225588867972090e+02, 7.5025995529850718e+01,
       7.8029581853491933e+01, 1.1109882980346525e+02,
       3.2853448332080245e+02, 1.5755092814599868e+02,
       8.3104794986956975e+01, 1.0082300167278987e+02,
       1.2384476615499209e+02 ]
weights: !!opencv-matrix
   rows: 1
   cols: 29
   dt: d
   data: [ 2.6765294300666723e-02, 3.9523902403794400e-02,
       4.7061493672412587e-02, 5.6904638468516990e-02,
       4.0777464634110146e-02, 1.9616806967651765e-02,
       1.9609028564450515e-02, 4.8567767802400554e-02,
       5.4240785922976452e-02, 4.9195380704004490e-02,
       7.1922855959457464e-03, 4.4746103589399240e-02,
       7.9057014896483386e-03, 1.2909073611542686e-02,
       2.9278357201776010e-02, 1.4198087970192778e-02,
       4.6524904179746182e-02, 5.1079199766421814e-02,
       3.2635905093442254e-02, 4.4223682483775888e-02,
       2.4246008722332384e-02, 5.3362042997986248e-02,
       4.8374292317291887e-02, 3.8708009408925818e-02,
       1.0957176710691154e-02, 2.5027391192872422e-02,
       4.5395865151484902e-02, 3.3658648436349463e-02,
       2.7314700639176896e-02 ]
pca_proj: !!opencv-matrix
   rows: 1
   cols: 21
   dt: f
   data: [ 1.02604255e-02, 8.46533298e-01, 5.67100069e-05,
       -5.08859605e-02, 4.68450844e-01, 1.89823491e-04, -5.55210514e-03,
       1.46431834e-01, -1.98076777e-05, -7.31809530e-03, 1.34976640e-01,
       -4.80776835e-05, -6.69380091e-03, 1.46460637e-01, -1.57161594e-05,
       2.11501210e-05, 1.32904761e-05, -3.16381829e-07, -1.62182951e-05,
       4.47223283e-04, 4.04881848e-06 ]
pca_mean: !!opencv-matrix
   rows: 1
   cols: 21
   dt: f
   data: [ 4.33646118e+02, 2.44701981e+02, 1.49672687e+00,
       4.18191803e+02, 2.60206879e+02, 1.62062907e+00, 3.68545319e+02,
       2.27059875e+02, 1.69770968e+00, 3.19420807e+02, 1.63929108e+02,
       1.75046074e+00, 3.16613464e+02, 2.25532654e+02, 1.70717156e+00,
       1.08872897e-04, -9.74175637e-05, 6.24380555e-05, -2.17504916e-04,
       -2.50119597e-01, 1.75055194e+00 ]
gamma: !!opencv-matrix
   rows: 29
   cols: 1
   dt: d
   data: [ 8.5281620320642815e-01, 8.2648288145683824e-01,
       7.6543437029899941e-01, 7.9094483969753715e-01,
       8.1302658052836085e-01, 8.6910895110941311e-01,
       8.8655306787312127e-01, 7.6599601433422404e-01,
       8.0368398032369881e-01, 7.9993491227854940e-01,
       9.0255520888691587e-01, 7.7002812677926358e-01,
       9.0781514702402244e-01, 8.9726619496906623e-01,
       8.4778384523831274e-01, 8.7893692716539307e-01,
       8.1546289325857435e-01, 7.7140514530300142e-01,
       8.4052809834653763e-01, 7.7755561531857409e-01,
       8.6320279489526253e-01, 7.7983683616684840e-01,
       7.6409781960064116e-01, 8.2661720163420693e-01,
       8.9024326496258055e-01, 8.7429800470314389e-01,
       7.8753062359630510e-01, 8.3784587159515722e-01,
       8.5868975388289892e-01 ]
