%YAML:1.0
means: !!opencv-matrix
   rows: 25
   cols: 8
   dt: d
   data: [ 6.5832784230344259e+01, -7.5039071767464321e+01,
       -2.3592552203767550e+01, 4.6193435020041662e+01,
       -1.1911860030375408e+01, 5.7021412186337752e+00,
       1.3270416183748683e+00, 2.8447347261661371e-01,
       4.2084607695376048e+00, 1.0542321955718361e+02,
       4.8547151845457321e+00, -6.4488413644293885e+01,
       5.5539723406546511e+00, -4.0744530403169682e-01,
       -8.8255915004698759e-01, 6.4634687296221516e-01,
       -5.6508923308540439e+01, -8.2785251244273539e+01,
       1.5315216397913526e+01, 5.1298710136050538e+01,
       7.6055229279613972e+00, -3.7757077518047129e+00,
       1.9389878398883642e+00, -3.2021523135017121e-01,
       -1.4932220769082446e+02, -4.8612659484314960e+01,
       3.9008967344787600e+01, 2.6758885136723634e+01,
       -9.3740224004261807e-01, -7.6447933708070410e+00,
       2.9267913349169974e+00, 8.7949901924114715e-01,
       3.7275287011769564e+01, -9.6931582946014103e+01,
       -1.2241263355345382e+01, 6.6625600534804207e+01,
       -4.0135293324402914e+00, -5.6758089642245502e-01,
       2.0348624597805380e+00, -3.2918895093830702e-01,
       8.2067333826804244e+01, 1.9300591732432881e+01,
       -2.1748426721317312e+01, -3.2534870419013245e+01,
       -2.4804514504145917e+01, -2.0754998543010945e+01,
       1.3976187524926664e+00, -2.9968687565154135e+00,
       1.0277167619555147e+01, -1.8391478813650036e+01,
       1.5409834884066129e+01, -3.1782339714092206e+01,
       3.8750723495660324e+01, -2.5916343945840897e-01,
       -1.8896859579032430e+00, -1.0037910655672619e+00,
       -1.7546854846480133e+02, 7.7420350663056141e+01,
       3.4341237409797046e+01, -4.9816288356236328e+01,
       -2.1928520901578082e+01, -1.7920028283306497e+00,
       -2.2964456426105904e+00, -1.1999806215054500e+00,
       9.7363497024374041e+01, 2.6014182890598750e+01,
       6.8311736139831636e+00, -5.2034576477422947e+00,
       1.3828939172304485e+01, 4.0182331381335183e+00,
       8.3140677537478880e-01, 1.5799187796703158e+00,
       -7.6350762933727708e+01, -6.7926368789713543e+00,
       3.2603147707079948e+01, 1.8679024196177153e+01,
       1.6853380563554925e+01, -6.4777181845896692e+00,
       -5.5502356977584553e+00, -3.4892877259016450e+00,
       -2.1344776485327702e+02, -1.1003083825021530e+01,
       4.3757951054994876e+01, 1.3723137288264725e+01,
       -9.6662631447660434e+00, 1.1141722604122815e+01,
       -1.8018155129806497e+00, -1.5168572166310705e+00,
       1.3397896240473656e+02, -2.5035017613985701e+01,
       -3.5525879867708042e+01, 2.2031664075200457e+01,
       -4.8599940095893590e+00, 1.2854593931866617e+01,
       1.0286158851794204e-04, 2.2237150036657365e+00,
       -1.5260691160050470e+01, 2.5894419440192415e+01,
       -7.4137999007295676e+01, -2.4097160392511392e+00,
       1.7480166335443712e+01, 2.5434907786404306e+00,
       8.9251873318459862e-01, 1.2242781478515545e+00,
       1.1791805316394789e+02, 7.2627784432029134e+00,
       -3.1287325848476303e+01, 1.5042871145693490e+00,
       -5.6538897873402876e+00, 1.3703956454810271e+01,
       -5.6667810292459313e+00, -4.0485525485400925e-01,
       6.9187460008139993e+01, 2.5426484184131585e+01,
       -1.3283151819481921e+01, -2.7557127559445817e+01,
       -6.8890452344143362e+00, -1.5196962389479745e+01,
       5.1480972895137977e-01, -1.2121917525985491e-01,
       -1.5428379213801054e+02, 7.3392743044258566e+00,
       3.8474372662050285e+01, 9.9583870174208595e+00,
       -6.6447148343870746e+00, 2.5360726376378839e+01,
       -1.5600304968407561e+00, 2.6477572549868262e+00,
       -1.4816829925864278e+02, -1.0397847474028268e+02,
       2.7637174186647417e+01, 6.6387542170724728e+01,
       -1.9844066865008077e+01, 7.7561868361120800e-01,
       -2.4534519069159580e-01, -1.4679823482130958e+00,
       -1.5846443550535830e+02, 3.4378524461439106e+01,
       3.9036731596249943e+01, -2.2864485051479434e+01,
       -5.7870358687012580e+00, -7.9285504836386878e+00,
       9.6642054481511575e-01, 2.3652408086588111e-01,
       -7.7845520965416810e+00, 3.0099922806617960e+00,
       1.4007569882605281e+01, 1.1438621665237079e+01,
       2.8221741891724687e+01, -3.5440272918029501e+00,
       1.0997812172274388e+00, 3.1129016382931929e-01,
       -2.1133487584311692e+02, 1.0470347010943169e+02,
       4.9102593513604923e+01, -5.1821952098342408e+01,
       -2.1181421024548683e+01, 2.9260749719806739e+01,
       -5.5530791176565000e+00, 2.6640454383628236e+00,
       8.2859669317266480e+01, 9.0856291534259075e+00,
       -2.7785868964118301e+01, -3.1083834876565003e+01,
       -2.9486967439577420e+01, -1.7329022590511116e+01,
       -5.4290114963523775e-02, -1.0698520494462955e+00,
       2.7675290208737323e+01, 5.2813956913632005e+01,
       -3.0271597794717948e+00, -2.7177078568355991e+01,
       3.8086628993865115e+00, 6.4668659006805216e+00,
       1.3306816822919025e+00, 2.7170920379823453e+00,
       6.6999831673842451e+01, -5.4931771587315083e+01,
       -1.1691627269082824e+01, 3.3908952176142556e+01,
       8.2427620622232034e+00, 1.4499115720503296e+01,
       -3.8139151961114881e+00, -7.7755177497466443e-01,
       -4.1018087357170586e+01, 3.7749027933659242e+01,
       2.1168665087794416e+01, -2.6458164985630258e+01,
       2.7513740496043621e+01, -1.5819838110715223e+01,
       2.4527050455119546e+00, 2.5543183368789350e-02,
       1.6620469815762524e+02, 1.7818337109352008e+01,
       -4.5316561163007293e+01, -1.6462801223141415e+01,
       -7.4590789626976193e+00, 1.1908527917860807e+01,
       -3.0867154080703102e-01, -7.5356311642905582e-01 ]
