%YAML:1.0
means: !!opencv-matrix
   rows: 15
   cols: 13
   dt: d
   data: [ -5.1718239743041039e+01, -3.5214160809695535e+01,
       2.6010180085751060e+01, 4.7684048256727358e+01,
       1.4869121971011555e+01, -8.4867525550488061e+00,
       -7.7940280450846258e+00, -3.0740288350309202e+00,
       -3.7510663710548418e+00, 1.4061951486306801e+00,
       1.1200965023122722e-01, 1.5307653761025267e-01,
       -5.3230951531398431e-02, 4.7489576620439721e+01,
       -1.8892456854882091e+01, -1.2518151750010350e+01,
       2.6555816402477728e+00, 1.5522595699976023e+01,
       -2.9021741227942659e+00, -2.1866859727087649e+00,
       1.4898412479682410e+00, 7.1960049211966537e-01,
       -1.0541287560155124e-02, 3.8645880139223231e-02,
       -7.6511458987276633e-03, 7.7030378349698704e-03,
       1.5315137122722419e+02, 2.2246660445329782e+00,
       -4.1181333683287441e+01, 1.6399550341553777e+00,
       -5.8701880724063527e+00, 1.2330760224624630e+01,
       -1.0728451525554457e+00, 1.0916732990860067e+00,
       4.7912547162656477e-01, -7.6111216480658730e-02,
       8.3196095626237476e-02, -2.3537669152588724e-02,
       -5.7675678156031522e-03, 4.8606981497836244e+01,
       2.5163385063281265e+01, -3.4270639050917984e+00,
       7.2315232898069459e-01, 1.3898384346077897e+01,
       4.7333340047361450e+00, 3.9689706627473154e+00,
       -1.5003331858455993e-01, 2.4305048132322440e-02,
       3.4195578299276018e-02, 2.6419247480851817e-02,
       3.6161398126685527e-02, 4.5570867646250561e-03,
       -1.9573224212382812e+02, 7.9138943736491214e+01,
       4.1465494420280180e+01, -4.4653149022110277e+01,
       -2.1749540825287173e+01, 1.1269294276570220e+01,
       -2.3930048774477219e+00, 1.8575440700763357e+00,
       7.3555950475055754e-01, -3.5358621372141935e-02,
       3.7202987986595049e-02, 6.8686016755496095e-03,
       3.6685173626166169e-03, 1.7984219840056742e+01,
       3.6800745706312078e+01, 4.8721438246177096e+00,
       -2.9225443349999733e+01, 1.0359539836472022e+01,
       -7.1387655916000128e+00, -3.9395694751844004e+00,
       -1.7098109370683181e+00, -5.0054137078844478e+00,
       -2.2768549528008912e+00, -2.6216198857253126e-01,
       2.7934224085581192e-02, -3.7626794698002522e-02,
       -1.0944950622528158e+02, -7.3597605355076666e+01,
       2.5811404939603900e+01, 4.6110300610362110e+01,
       -1.3304481167023632e+00, -5.3783854665185755e+00,
       1.1751793467451603e+00, -7.0089238651844232e-01,
       3.9797563453270657e-01, -1.3314559261743372e-01,
       4.3083744494348826e-02, 4.2124870079408654e-04,
       -1.8438458838934875e-03, 1.6686346093175274e+02,
       3.2596669471077590e+01, -4.3276223449692139e+01,
       -3.7282857085136584e+01, -1.0773446455489260e+01,
       1.0517000913081780e+01, 3.9313914491422131e-01,
       -4.2499923477415757e+00, -2.1006887319630879e-01,
       1.3642822041184348e+00, -2.8122519842642507e-01,
       -1.6710107164033269e-01, 1.2326468990121837e-03,
       -1.0421981021128209e+02, -6.5757281779675916e+00,
       2.5427438463996566e+01, 6.1729647024684224e+00,
       -1.7133055655232796e+00, -2.1200231153352442e+00,
       1.9711731417363778e+00, 1.3914323641177695e+00,
       4.6667055125304313e-01, -7.8872064869628888e-02,
       -1.5782117110346974e-01, 2.1133479763572671e-02,
       6.7602843087271438e-03, 3.9764419441210897e+01,
       -9.5622754692359237e+01, -1.1064505468149486e+01,
       6.2888887784336880e+01, -5.5716897323071670e+00,
       6.0323122483944125e-01, 1.8661455882340721e+00,
       -1.5933711311824539e-01, -3.9859026806377384e-03,
       -1.5706246528638937e-01, -3.5192326068470815e-02,
       -2.6146152222374414e-03, 3.3861354515408132e-03,
       6.0247840660757589e+01, 1.2842787620445897e+01,
       -1.2970932971241277e+01, -7.2597615899125421e+00,
       -5.9982532716894594e+00, -1.8318035993557331e+00,
       -4.0981362300753172e+00, -3.7106746606894472e+00,
       -2.6768707821820676e+00, 1.3647469343054728e+00,
       -9.3233488017548452e-02, 1.5919779988356909e-02,
       -2.6499349737577501e-02, -1.9351289451546080e+02,
       2.6580310623091989e+00, 4.1486772243816084e+01,
       9.6241846958128741e-01, -7.5489305432752616e+00,
       6.5011614196889482e+00, -2.6644631873650031e+00,
       -3.8484751201127469e+00, -1.5918213244301962e+00,
       4.4102667009553653e-01, -4.6900749449634897e-02,
       -6.9228974378600358e-02, -1.8914748937660718e-03,
       1.3501701517125294e+01, 1.3866067843172371e+02,
       9.9350007291738784e-01, -7.6100251894270613e+01,
       2.0053121505030848e+01, 7.3592519611751861e+00,
       3.3626584384056565e-02, 2.0591452584681385e+00,
       1.4574804769100691e+00, 4.4350304801035884e-01,
       -3.3769104927076715e-02, -2.0283120721246294e-02,
       -4.5825146553640731e-03, 8.1717331562003665e+01,
       1.5422408965702623e+01, -2.4076387506124739e+01,
       -3.2286806606566003e+01, -2.6553253440882681e+01,
       -1.9644628377313602e+01, 8.9872460603885052e-01,
       -2.3446117140117591e+00, 2.0848233519789272e-01,
       -4.2784461371264342e-02, 1.0597086510155876e-01,
       -5.1858609628785317e-03, 6.5248794251635304e-04,
       1.3329569914982250e+02, -1.5504351396660399e+01,
       -3.6303186097272949e+01, 4.5324032278215407e+00,
       -5.2469154017642152e+00, 1.6565353601794712e+01,
       -8.0339618502956500e-01, 1.4278720712090323e+00,
       -2.5520726264464018e+00, -8.7746893617487043e-01,
       -1.7700177507272825e-02, -9.9129402964993008e-02,
       -1.3746323552282554e-03 ]
