%YAML:1.0
means: !!opencv-matrix
   rows: 28
   cols: 2
   dt: d
   data: [ -9.0737528846572346e+01, -1.6882268725882804e+02,
       8.9299771222995346e+01, -8.3260886124627262e+01,
       -8.2181938716969540e+01, -1.2918640148246725e+01,
       8.4650481564603410e+01, 9.7806458294903194e+01,
       -1.9041656356288740e+02, 1.4716680674410125e+02,
       -1.7028096808916894e+02, -6.1195255861237335e+01,
       2.3288007343160646e+02, 2.7783681909896639e+01,
       1.3343751943706533e+01, -7.4932502483660997e+01,
       1.3481439268588699e+02, 4.4030860089518136e+01,
       -5.5283583119284110e+01, 2.1021231157482910e+02,
       -2.9518045546534970e+00, 1.3413345345663245e+02,
       -2.4370431643807080e+02, 3.9603590855611522e+01,
       2.0580117846077425e+01, -1.4837137325176036e+02,
       -2.3221411071769955e+02, -1.4752860699015716e+02,
       -1.5361813833541933e+02, 4.2460489417436307e+01,
       -3.2452296905943590e-01, -4.6302405895992749e+00,
       1.5527060623191090e+02, -2.7837366540246478e+01,
       7.6949254857022780e+01, 2.7114112487026572e+00,
       1.7411269067872730e+01, 5.7393684509050956e+01,
       6.6218339243095031e+01, 1.9435116442867860e+02,
       1.3970440280312428e+02, -1.3368757271845101e+02,
       1.6259246330752873e+02, 1.2559427930700107e+02,
       1.6704463678927812e+01, -2.8103303503682031e+02,
       -9.6756650046040093e+01, 1.4488769251153465e+02,
       2.2549301877097182e+02, -9.1249221713604953e+01,
       -2.6040039664106587e+02, -4.6469071839626196e+01,
       -7.7949886467143969e+01, -9.1545873454325900e+01,
       -6.6670758511830215e+01, 6.9326889401974654e+01 ]
covs: !!opencv-matrix
   rows: 56
   cols: 2
   dt: d
   data: [ 1.8917299646276197e+03, -5.1700996177792013e+02,
       -5.1700996177792024e+02, 3.0253641981941901e+03,
       1.2857458353087952e+03, 1.1382002231691459e+02,
       1.1382002231691457e+02, 1.7429903797225875e+03,
       1.5715749735062905e+03, -1.7630939098845130e+02,
       -1.7630939098845130e+02, 1.7824259455409392e+03,
       1.5755272181504365e+03, 2.4322184795989855e+02,
       2.4322184795989855e+02, 1.9252882310513303e+03,
       2.9137722101499994e+03, 5.3364733728186366e+01,
       5.3364733728186373e+01, 3.6982876771903361e+03,
       2.0083731600743276e+03, -5.9583064925649330e+02,
       -5.9583064925649330e+02, 3.8070940141747978e+03,
       2.2100555596311378e+03, 9.2991044320546348e+02,
       9.2991044320546348e+02, 4.0471731203992331e+03,
       1.3413875894206535e+03, -2.6820641323810392e+01,
       -2.6820641323810399e+01, 1.5194178111051333e+03,
       2.1141911909293503e+03, 3.2335499734812458e+02,
       3.2335499734812458e+02, 1.4629876982419044e+03,
       3.3637805730585951e+03, -4.8637624787683626e+02,
       -4.8637624787683626e+02, 2.3502646812936391e+03,
       2.0763050771365611e+03, 3.2600122204123437e+02,
       3.2600122204123437e+02, 1.8644458194872643e+03,
       3.1128533793498991e+03, -8.0844638468773724e+02,
       -8.0844638468773701e+02, 3.9968174448460941e+03,
       2.3063113803614110e+03, -9.0440572968734145e+01,
       -9.0440572968734173e+01, 1.7484692192021735e+03,
       2.8665622433994386e+03, -5.8136307857210556e+02,
       -5.8136307857210556e+02, 4.3252838205075286e+03,
       2.2834733200209239e+03, -1.5441279651486834e+01,
       -1.5441279651486841e+01, 2.2187100230525034e+03,
       1.5062976596120820e+03, -3.8569110016353272e+02,
       -3.8569110016353272e+02, 1.3814861609268260e+03,
       1.5186114909209975e+03, 2.2952457674320627e+02,
       2.2952457674320627e+02, 1.9239870154295161e+03,
       1.4505577530774719e+03, 5.6784456969346770e+01,
       5.6784456969346749e+01, 1.5870023854252063e+03,
       1.4985891932905495e+03, 2.0910792616804571e+01,
       2.0910792616804567e+01, 1.2820571586955382e+03,
       3.1787353043232224e+03, -4.3559504861216413e+02,
       -4.3559504861216396e+02, 3.0143599453498891e+03,
       2.6008981043059316e+03, 1.2512949572139732e+03,
       1.2512949572139732e+03, 2.9762899933659496e+03,
       2.7776604219878504e+03, 1.3469737125441355e+02,
       1.3469737125441358e+02, 3.5050631971120242e+03,
       6.3411567487529001e+03, -2.9761030319359935e+02,
       -2.9761030319359941e+02, 3.1365946414671303e+03,
       2.1296436847971336e+03, 4.0774699625361046e+02,
       4.0774699625361040e+02, 1.9248456255099209e+03,
       3.1027085869688690e+03, 7.2755173008398424e+02,
       7.2755173008398424e+02, 3.2541375668332753e+03,
       2.3401905386197486e+03, -3.6309658180865404e+02,
       -3.6309658180865415e+02, 3.7763528374562770e+03,
       2.0049687700446805e+03, -6.7908905291341135e+00,
       -6.7908905291341224e+00, 1.9706002574213605e+03,
       1.6832379207599288e+03, 1.7724109138125797e+02,
       1.7724109138125797e+02, 1.6713911436411195e+03 ]
weights: !!opencv-matrix
   rows: 1
   cols: 28
   dt: d
   data: [ 2.2973046165618110e-02, 4.8264872115637909e-02,
       5.3650341653741072e-02, 4.4791298074708205e-02,
       2.3481436959774931e-02, 3.8308967721441912e-02,
       2.8036507516010240e-02, 4.3459695057097729e-02,
       4.0253317533679701e-02, 2.0470736876868217e-02,
       3.8626950741832616e-02, 2.4300933101766512e-02,
       4.0947598273938311e-02, 2.4220532830542086e-02,
       3.7567537340054663e-02, 5.1701126267049147e-02,
       4.1527774520204570e-02, 6.2323850643320827e-02,
       4.7070496284707740e-02, 2.4801317275316998e-02,
       3.8283922485121004e-02, 2.7859044214456587e-02,
       1.1937125584040713e-02, 2.7432852777543051e-02,
       2.4471864529573197e-02, 2.0709390087059534e-02,
       4.4181203942603234e-02, 4.8346259426268010e-02 ]
pca_proj: !!opencv-matrix
   rows: 2
   cols: 21
   dt: f
   data: [ 1.02604255e-02, 8.46533298e-01, 5.67100069e-05,
       -5.08859605e-02, 4.68450844e-01, 1.89823491e-04, -5.55210514e-03,
       1.46431834e-01, -1.98076777e-05, -7.31809530e-03, 1.34976640e-01,
       -4.80776835e-05, -6.69380091e-03, 1.46460637e-01, -1.57161594e-05,
       2.11501210e-05, 1.32904761e-05, -3.16381829e-07, -1.62182951e-05,
       4.47223283e-04, 4.04881848e-06, 8.19958210e-01, 1.87153444e-02,
       -7.93817599e-05, 4.28530097e-01, 8.29724409e-03, 8.75842488e-06,
       2.28233948e-01, -2.37727305e-03, -1.84168690e-04, 2.08515689e-01,
       -1.20344283e-02, -2.14158339e-04, 2.18838796e-01, -7.27251405e-04,
       -1.84816250e-04, -3.05604735e-05, -5.04301033e-06,
       -1.27042276e-05, 6.79167337e-04, 1.30049409e-06, -1.63660501e-04 ]
pca_mean: !!opencv-matrix
   rows: 1
   cols: 21
   dt: f
   data: [ 4.33646118e+02, 2.44701981e+02, 1.49672687e+00,
       4.18191803e+02, 2.60206879e+02, 1.62062907e+00, 3.68545319e+02,
       2.27059875e+02, 1.69770968e+00, 3.19420807e+02, 1.63929108e+02,
       1.75046074e+00, 3.16613464e+02, 2.25532654e+02, 1.70717156e+00,
       1.08872897e-04, -9.74175637e-05, 6.24380555e-05, -2.17504916e-04,
       -2.50119597e-01, 1.75055194e+00 ]
gamma: !!opencv-matrix
   rows: 28
   cols: 1
   dt: d
   data: [ 8.6159817187138443e-01, 8.1976685793060378e-01,
       8.1200086289466711e-01, 8.2048226913829392e-01,
       8.8392277908683603e-01, 8.7068927367813842e-01,
       8.7694756576239241e-01, 8.0021399598403009e-01,
       8.1614736770310170e-01, 8.7173266886753209e-01,
       8.2911867617360757e-01, 8.8874399128974024e-01,
       8.3969190611083633e-01, 8.9845567335117216e-01,
       8.4551915352065909e-01, 7.8767332110605537e-01,
       8.3786434477364713e-01, 8.0309654544532405e-01,
       7.9210763225684266e-01, 8.7547101766499968e-01,
       8.6209439978826985e-01, 8.7260671030595438e-01,
       9.0440876918266933e-01, 8.4695710377122579e-01,
       8.8182449142315811e-01, 8.9181434201239884e-01,
       8.2828221357422038e-01, 8.1201339336406442e-01 ]
