%YAML:1.0
means: !!opencv-matrix
   rows: 39
   cols: 1
   dt: d
   data: [ 3.4858740283671644e+01, -1.1764074511516554e+02,
       1.9040099772569553e+02, -2.2930669152659138e+02,
       -4.9042974330909153e+01, 1.0470601628410913e+02,
       -8.2899032516084272e+00, 7.7650332715633198e+01,
       -3.4701648378473391e+02, 2.2778752889814959e+02,
       1.4695053112690599e+02, 3.0492309517489974e+02,
       -1.5373159119419836e+02, -2.4954824181538561e+02,
       -8.8643985806003485e+01, -1.9028334319754097e+02,
       6.4220101178911250e+01, 1.9175861073091280e+01,
       -3.1920776938315674e+02, 1.3200586068189608e+02,
       -7.5024810078544462e+01, 1.6187947049731977e+02,
       2.4948585256881867e+02, -1.3481902712647658e+02,
       1.7516270890568910e+02, 5.4640070554941813e+00,
       -3.5625953531516828e+01, -2.9364493391337783e+02,
       -6.2532119313954432e+01, -1.7179614607546787e+02,
       5.0233479781005279e+01, 9.1333527508511466e+01,
       -2.2147112947120199e+01, 2.0756291892968457e+02,
       -1.0248277574751781e+02, -2.7154971664534435e+02,
       -2.0840230927951356e+02, 2.7681003760930582e+02,
       1.1858904534864192e+02 ]
covs: !!opencv-matrix
   rows: 39
   cols: 1
   dt: d
   data: [ 5.2766179465146436e+01, 6.8397623990314059e+01,
       6.1925946061152189e+01, 8.3958664575680530e+01,
       4.0654056622303308e+01, 4.3275038511080147e+01,
       4.3047394271794879e+01, 4.9351055449703445e+01,
       5.6833349155199323e+02, 1.3518367923727541e+02,
       4.5155583235730212e+01, 8.1567205981004497e+02,
       7.9881943474149892e+01, 9.5998598555734247e+01,
       4.9798015512465604e+01, 9.3576042905492642e+01,
       5.4967294139388287e+01, 5.2370394695883164e+01,
       2.3881281045735054e+02, 4.6507970470825491e+01,
       4.6167696582198083e+01, 4.6308983300572486e+01,
       1.9408075981066858e+02, 6.9343310045721751e+01,
       5.2475087616195488e+01, 4.7826165169090920e+01,
       3.8787914703209964e+01, 1.6157665255217319e+02,
       4.3478985558889761e+01, 9.0921524175959263e+01,
       5.4492682974232402e+01, 4.5767849924544734e+01,
       3.9957108878503540e+01, 8.5573729943541792e+01,
       6.0112767664805993e+01, 1.1044497837207554e+02,
       8.3027417538069827e+01, 3.1367553194916957e+02,
       4.5474437886324928e+01 ]
weights: !!opencv-matrix
   rows: 1
   cols: 39
   dt: d
   data: [ 4.4926405346054493e-02, 3.0187691765535252e-02,
       1.9202926137060806e-02, 1.8966003760753972e-02,
       3.3362496037214619e-02, 3.6000391728982659e-02,
       3.6867324682428058e-02, 3.7834504981909906e-02,
       3.4107388083031175e-03, 1.5215137067780134e-02,
       2.6637172219525034e-02, 6.7712194452571621e-03,
       2.5299905449546214e-02, 1.3372555352325377e-02,
       3.2906013069730754e-02, 2.1044569970964731e-02,
       3.9170010885610215e-02, 4.2362674373413144e-02,
       6.0252082514240723e-03, 2.9944912490693650e-02,
       2.9277908725810972e-02, 2.3338568350080250e-02,
       1.1089432117683795e-02, 2.9330549743455593e-02,
       1.9210800677936530e-02, 3.8923447754466989e-02,
       3.3641041044759339e-02, 8.6496305051566962e-03,
       3.1447420962755983e-02, 2.1880055252454921e-02,
       4.3038390579139101e-02, 3.5595275811020691e-02,
       3.4928241400298668e-02, 1.7244090370152346e-02,
       3.0037995464793729e-02, 1.2836472527543736e-02,
       1.9035313002287484e-02, 8.7516563030929778e-03,
       3.2235847582586713e-02 ]
pca_proj: !!opencv-matrix
   rows: 1
   cols: 21
   dt: f
   data: [ 1.02604255e-02, 8.46533298e-01, 5.67100069e-05,
       -5.08859605e-02, 4.68450844e-01, 1.89823491e-04, -5.55210514e-03,
       1.46431834e-01, -1.98076777e-05, -7.31809530e-03, 1.34976640e-01,
       -4.80776835e-05, -6.69380091e-03, 1.46460637e-01, -1.57161594e-05,
       2.11501210e-05, 1.32904761e-05, -3.16381829e-07, -1.62182951e-05,
       4.47223283e-04, 4.04881848e-06 ]
pca_mean: !!opencv-matrix
   rows: 1
   cols: 21
   dt: f
   data: [ 4.33646118e+02, 2.44701981e+02, 1.49672687e+00,
       4.18191803e+02, 2.60206879e+02, 1.62062907e+00, 3.68545319e+02,
       2.27059875e+02, 1.69770968e+00, 3.19420807e+02, 1.63929108e+02,
       1.75046074e+00, 3.16613464e+02, 2.25532654e+02, 1.70717156e+00,
       1.08872897e-04, -9.74175637e-05, 6.24380555e-05, -2.17504916e-04,
       -2.50119597e-01, 1.75055194e+00 ]
gamma: !!opencv-matrix
   rows: 39
   cols: 1
   dt: d
   data: [ 7.7015046327390169e-01, 8.1658633403027026e-01,
       8.5669365471853587e-01, 8.7302343913064129e-01,
       7.7540405541144219e-01, 8.0863992254188910e-01,
       7.6325207915571414e-01, 7.9197938929012723e-01,
       9.1040123844871190e-01, 8.7338607897765475e-01,
       8.3406467951824215e-01, 9.0279955899733833e-01,
       8.3786958120175492e-01, 8.8055313928812196e-01,
       7.9810976796710809e-01, 8.5659431033922206e-01,
       7.8427818395158699e-01, 7.6542484839094593e-01,
       9.0207292880172807e-01, 8.2543673145199437e-01,
       7.8970803992261784e-01, 8.4226070375388595e-01,
       8.8182601340197442e-01, 8.2693455464440324e-01,
       8.4920581370986492e-01, 7.6326543203842401e-01,
       7.6961802207301655e-01, 8.9484734973438718e-01,
       7.8244767434453244e-01, 8.4757513820082953e-01,
       7.7688449138170812e-01, 8.0031874544081127e-01,
       7.6547651708917308e-01, 8.6464263345346082e-01,
       8.0699794008778769e-01, 8.8792640449326343e-01,
       8.6453521807044997e-01, 8.9153382319396046e-01,
       8.1731035398276308e-01 ]
