%YAML:1.0
means: !!opencv-matrix
   rows: 17
   cols: 5
   dt: d
   data: [ -9.7850602934015654e+01, 8.3991839541372375e+00,
       9.7477129204086381e+01, -3.0498078532533017e+00,
       -6.4334589201851129e+00, 8.8142232170209056e+01,
       9.1923881699327801e+00, -4.0132000220094113e+01,
       -3.1739422647976959e+01, -1.8146608253512852e+01,
       5.0998423089040635e+01, -4.2313285730371540e+01,
       -4.0292798679315005e+01, -2.1265796401948048e+01,
       1.0299501967376205e+01, 3.8095794175026199e+01,
       -4.9610756847884652e+01, -7.2173655528542483e+01,
       2.7452945436686278e+01, -4.7254673382577934e+00,
       1.2368157717662216e+02, -3.4736665717728243e+00,
       6.0727365692257742e+01, 2.1494791785511908e-01,
       9.6045159850384199e+00, -1.3321519000829923e+02,
       -4.0690467019645045e+00, 2.8028492186266643e+01,
       8.5834965173415497e+01, -1.0702660290031123e+01,
       8.3950743539893438e+01, 1.7265283965503947e+01,
       -2.1917037789149973e+01, -3.1768792230760916e+01,
       -2.6273674298570445e+01, -1.9096911172531767e+02,
       7.9396632880610412e+01, 3.6073095519243843e+01,
       -5.2856565420863603e+01, -2.4587791834617761e+01,
       1.8129421758730328e+02, -3.0133900103876407e+01,
       7.8324069466436192e+00, 1.1744753797638589e+01,
       -7.5905930332747200e+00, -1.0154734142197677e+02,
       -1.1612412493693084e+02, 1.4837306269732061e+01,
       3.2466780311951837e+01, 3.0465544626608909e+00,
       7.6264850598243239e+00, 6.6844386009790185e+01,
       3.0042102402821054e+00, -3.8281953382066945e+01,
       3.2192730154028531e+01, 1.2861161648807499e+02,
       1.0250885835196939e+02, -3.7345424435414827e+01,
       2.4160446903936386e+01, -4.7394671012562197e+00,
       -2.3021960588602440e+02, 1.3661939326643633e+01,
       1.5442602259232562e+01, -2.3579529388808007e+00,
       -7.2082703631974612e+00, -8.4726700087735779e+01,
       2.0741283139323162e+01, 1.8665144037244470e+01,
       -1.8842425821482685e+01, 1.7783506681698267e+01,
       6.7865404707719890e+01, -1.3271160529355743e+02,
       3.5175494585230297e+01, 1.8179164271646371e+01,
       6.7060127145254738e+00, 1.4104947489401665e+01,
       4.3518503189781001e+01, -6.4648498882039496e+00,
       6.7212593924001297e+01, 1.2339932030484931e+01,
       -3.2071551910276895e+01, 1.7828579739804681e+01,
       -8.6399958239226038e+00, -1.9003343420853561e+01,
       1.8818161656419350e+00 ]
covs: !!opencv-matrix
   rows: 85
   cols: 5
   dt: d
   data: [ 3.0945970330636997e+03, -3.7696618236931226e+02,
       1.1120596544132718e+02, 4.2879756205263840e+02,
       4.1633826573579205e+02, -3.7696618236931215e+02,
       9.1544555822482998e+03, 1.0840725334483784e+02,
       8.2594077836030851e+02, -2.8981617165937917e+02,
       1.1120596544132718e+02, 1.0840725334483787e+02,
       3.9347431738069980e+02, -4.4194493431380991e+01,
       -5.5630894036899313e+01, 4.2879756205263851e+02,
       8.2594077836030851e+02, -4.4194493431380963e+01,
       1.6411874074528871e+03, 7.2548781874376715e+01,
       4.1633826573579205e+02, -2.8981617165937917e+02,
       -5.5630894036899313e+01, 7.2548781874376715e+01,
       1.1764093619354713e+02, 5.3860033949925646e+03,
       -5.7803103467966969e+02, 2.0573299442344014e+03,
       4.9814092182327704e+02, 2.7828845400263407e+02,
       -5.7803103467966969e+02, 5.4020026172082835e+03,
       2.3456770964947722e+02, 1.9293660572959434e+03,
       -1.5530304072081580e+02, 2.0573299442344019e+03,
       2.3456770964947728e+02, 2.4601378623623250e+03,
       -2.6067354679251522e+01, -2.0840896169936156e+02,
       4.9814092182327693e+02, 1.9293660572959434e+03,
       -2.6067354679251537e+01, 1.1575483851496858e+03,
       -1.0371122742894762e+01, 2.7828845400263407e+02,
       -1.5530304072081580e+02, -2.0840896169936158e+02,
       -1.0371122742894762e+01, 1.7288854883658163e+02,
       5.4096457102846562e+03, 1.3721282673413594e+02,
       1.3175250672861887e+03, -2.6483147619070786e+02,
       -6.5303716107432956e+02, 1.3721282673413600e+02,
       5.3396503985743984e+03, 2.6197024803948415e+02,
       -4.8910730460050621e+02, 2.4033376428832469e+01,
       1.3175250672861889e+03, 2.6197024803948432e+02,
       1.7069601589125427e+03, -7.1498983157687164e+01,
       4.0681422184824591e+01, -2.6483147619070780e+02,
       -4.8910730460050627e+02, -7.1498983157687164e+01,
       1.4670174978559544e+03, 4.3947881529926626e+01,
       -6.5303716107432956e+02, 2.4033376428832472e+01,
       4.0681422184824605e+01, 4.3947881529926619e+01,
       1.6870448062706458e+02, 4.1675643176156946e+03,
       2.2899330182799931e+03, -8.1562974866862177e+01,
       -1.4208503170564318e+03, -2.0159561588294816e+00,
       2.2899330182799931e+03, 7.2122219423080478e+03,
       -6.1454740358883350e+02, 6.4797491060997993e+02,
       -5.1160089352470891e+01, -8.1562974866862234e+01,
       -6.1454740358883362e+02, 1.1286219100481292e+03,
       4.1613947185063677e+02, -4.5349499024881617e+01,
       -1.4208503170564318e+03, 6.4797491060997993e+02,
       4.1613947185063677e+02, 2.0688192158903707e+03,
       -2.0657865734472367e+01, -2.0159561588294794e+00,
       -5.1160089352470891e+01, -4.5349499024881624e+01,
       -2.0657865734472367e+01, 3.3220638218307890e+01,
       2.9246717765124181e+03, -4.3883781037654863e+01,
       -6.5520946887892637e+02, -3.2859498484871204e+02,
       -3.4625386414848333e+02, -4.3883781037654906e+01,
       8.9346447906197591e+03, 1.2515219745255646e+02,
       -3.2473939968346161e+02, 5.1612309677581391e+02,
       -6.5520946887892637e+02, 1.2515219745255646e+02,
       4.4003511340963962e+02, 1.4018002191188521e+02,
       1.7790061039881516e+02, -3.2859498484871204e+02,
       -3.2473939968346150e+02, 1.4018002191188521e+02,
       2.6334697507254350e+03, -1.6743775317129712e+02,
       -3.4625386414848333e+02, 5.1612309677581391e+02,
       1.7790061039881516e+02, -1.6743775317129717e+02,
       2.5439575019880516e+02, 5.1080833647663057e+03,
       -1.7604243451005689e+02, 2.7856101804537734e+03,
       7.3624681570055387e+01, 2.9516721531934927e+01,
       -1.7604243451005695e+02, 2.2249410759064508e+03,
       -6.8590049800268815e+01, -1.2869016711824619e+02,
       2.5672073153936412e+02, 2.7856101804537734e+03,
       -6.8590049800268829e+01, 2.3672048986010495e+03,
       -2.2848681829457703e+01, -9.2353765765848010e+01,
       7.3624681570055387e+01, -1.2869016711824619e+02,
       -2.2848681829457703e+01, 5.7358503458176835e+02,
       -1.2889125274894434e+02, 2.9516721531934930e+01,
       2.5672073153936412e+02, -9.2353765765848053e+01,
       -1.2889125274894434e+02, 1.3678043620219077e+02,
       4.0402017070139455e+03, 6.2390105262054803e+01,
       3.0812924824146908e+03, 1.3304232364295169e+02,
       -1.0952265474823120e+02, 6.2390105262054888e+01,
       5.5808591632126918e+03, -5.7983576974380192e+01,
       2.4657809670331908e+03, -4.4760539074479247e+01,
       3.0812924824146908e+03, -5.7983576974380185e+01,
       2.5642192733520160e+03, 2.0547448044187824e+01,
       -7.8641164080546488e+01, 1.3304232364295169e+02,
       2.4657809670331908e+03, 2.0547448044187803e+01,
       1.1681521536907178e+03, -6.2248659686813475e+01,
       -1.0952265474823119e+02, -4.4760539074479254e+01,
       -7.8641164080546460e+01, -6.2248659686813475e+01,
       3.2216953096179587e+01, 4.9757568178919664e+03,
       4.2725495696180036e+02, 2.9755671796695560e+03,
       6.5227023689784446e+01, -1.1495208017180698e+02,
       4.2725495696180036e+02, 7.3315830934144724e+03,
       -6.5370604442718886e+01, 1.8965707093189553e+03,
       -3.4753289559116547e+02, 2.9755671796695556e+03,
       -6.5370604442718914e+01, 2.3494419847942381e+03,
       4.7403753015862897e+01, -2.7139783883317595e+01,
       6.5227023689784389e+01, 1.8965707093189553e+03,
       4.7403753015862883e+01, 1.2307094579927568e+03,
       6.8414516338498544e+01, -1.1495208017180698e+02,
