%YAML:1.0
means: !!opencv-matrix
   rows: 30
   cols: 6
   dt: d
   data: [ -2.6927770612141694e+02, -2.7256747505750219e+01,
       -9.6033390962823351e+00, 1.1000191808242230e+01,
       -6.2792396419937848e+00, 8.0457079656257413e+00,
       1.1876888659018573e+02, 6.8595059521824638e+01,
       -5.2490339308963428e+01, 2.3106742386276224e+01,
       -4.8902796259951709e+00, 8.4406867081175427e+00,
       -3.7213576997950128e+01, -2.5682556341395607e+01,
       -6.5494173612810203e+00, 7.5642210974626209e+00,
       2.9585643346938952e+00, 1.6725218154527497e+00,
       -8.6044557251405635e+01, 4.1770323032749907e+01,
       1.0048092174755419e+02, 5.2076571938351108e+00,
       -5.5644581200845336e+00, -4.2515664836874061e+00,
       1.9707546343108103e+02, -7.1132395723166269e+01,
       5.7699487424102163e+00, -2.7848464027089879e+01,
       -6.4008606212969514e+00, 1.3001374132606974e+01,
       1.1049265422800761e+02, -3.9329576851407090e+01,
       -3.4290941662929463e+01, 3.3587812458887036e+01,
       -3.5338604652461632e+00, 1.3740773431019614e+01,
       -1.5932409246318682e+02, -8.0115230924418324e+00,
       3.9567649869395375e+01, 1.7567827735271191e+01,
       -4.8217286593154274e+00, 2.1834628769398048e+01,
       6.5409936815110328e+01, -6.5379602304766664e+01,
       -6.5292403858283180e+01, -1.4747408304337416e+01,
       -3.9642969924058975e+00, 7.1814205722414295e+00,
       -1.4741898937891452e+02, 5.9784303355604017e+01,
       3.2154874950396419e+01, -4.1195574511783498e+01,
       -1.2072965889808723e+01, -6.8363591763712961e+00,
       1.1621544985995310e+02, -6.7883600113557435e+01,
       5.8345211819938221e+01, -2.8309663431354355e+01,
       1.3045307487520908e+01, 1.6756729192060915e+00,
       -1.2473825524197591e+02, -8.5079341427555804e+01,
       8.3597927701943860e+01, -4.2991507390272098e+01,
       -4.9386254820878772e+00, -1.6262448086661108e+00,
       1.2464731429708522e+02, 6.5390295506548668e+01,
       5.5837573673790978e+01, 2.6999250639542812e+01,
       1.0869213108892469e+01, -2.2406050030158933e+00,
       -2.1452402864829105e+02, 1.1339799268247552e+00,
       2.0296003426130287e+01, -1.2162950375357877e+01,
       -8.3819183600258587e+00, -1.9996914502462821e+00,
       4.3001558718162848e+01, -1.4449995265281541e+02,
       -1.2524412123574853e+01, 2.2708007842957585e+01,
       1.8809499620996686e+00, 9.1604995885515770e+00,
       -1.4142741257347495e+02, -9.9308256921479511e+01,
       2.7935486496014530e+01, 6.5604059567067750e+01,
       -1.7464467724722024e+01, -2.1971862428894304e-01,
       1.5718302156779123e+01, 1.5053008323473796e+02,
       -2.9592878025222564e+00, -8.6082097994049562e+01,
       1.5578903486370296e+01, 1.5019645897708303e+01,
       1.7166099394493703e+01, -4.2936671574781782e+00,
       -1.7424268419645227e+01, -6.5771597627900853e+00,
       2.4946369154666996e+01, 5.9353043197578605e+00,
       -6.1283433702885198e+01, -7.5273752772998009e+01,
       1.7674578966190179e+01, 4.4767102938221576e+01,
       1.1436965704600798e+01, -4.6598520779802381e+00,
       -2.1924918357200704e-03, 5.6889230465570527e+01,
       1.3358929361320547e+01, -4.1880148407707765e+01,
       3.6301279701382029e+01, -1.3104705730930929e+01,
       2.2411230921555347e+02, 6.2805296351163804e+01,
       2.0564052512423146e+01, 3.3903250884165338e+01,
       -9.7988393389486550e+00, 9.9012756567745299e+00,
       4.6540216764089756e+01, -5.9925386023733047e+00,
       -1.7129307019924020e+01, 8.1813821235439349e+01,
       -1.3975255977079259e-01, 4.7884320115398982e+00,
       1.9770125171331493e+01, 1.0537467097121866e+02,
       -2.5749664003879339e+01, 4.0566029109680315e+01,
       1.0988216045266906e+01, -4.9882163822916308e+00,
       8.2755326487770262e+01, 1.7965414762821375e+01,
       -2.2871214610896320e+01, -3.2265504768447705e+01,
       -2.5641627805972206e+01, -2.0204125242532175e+01,
       4.7660399176326912e+01, 4.3088897719742825e+01,
       -1.5487512046519173e+01, -4.1898555821413147e+01,
       2.5878106308725655e+00, -1.6486803918104549e+01,
       -2.0965839062925073e+02, 1.0501295540066738e+02,
       4.8955429441226961e+01, -5.1196493781968208e+01,
       -2.0505454435846278e+01, 3.0441434459295159e+01,
       2.3693178024220728e+01, -1.0142634074186651e+02,
       -8.8889480992985401e+00, 7.0886766332299999e+01,
       -5.5615210795332102e+00, -2.4360964700517274e+00,
       1.4480233759485358e+02, 1.2710177043176415e+01,
       -5.4534941992512607e+01, -7.2768571198727470e+00,
       -6.1751052930190014e+00, 1.3409360316080924e+01,
       7.6436789457642163e+01, 1.2982809436002935e+01,
       -2.6694501884822913e+01, -3.1502613773058208e+01,
       -2.9106729076423591e+01, -1.6003157262877320e+01,
       -1.6833374187992476e+02, 8.6637244475856264e+01,
       3.1805926788529412e+01, 4.4892659807909872e+01,
       -2.7455417498121784e+00, -2.8287774200142488e+00,
       -4.2527501010671841e+01, 1.1245317220539564e+00,
       7.7813990814936504e+00, -3.6957789423556373e+00,
       3.4430170161234827e+01, -4.3148415158502731e+00 ]
