%YAML:1.0
means: !!opencv-matrix
   rows: 21
   cols: 12
   dt: d
   data: [ 4.2530234342661146e+01, -9.3470814813182969e+01,
       -1.4258582288763398e+01, 6.3596149624745017e+01,
       -3.2127005265750479e+00, 9.5062046771841291e-01,
       1.8256314132988953e+00, -1.7956245272622626e-01,
       1.5331399535049767e-01, -4.8325143397642052e-02,
       3.6735556950140844e-02, -2.2457573659049431e-02,
       1.6271477642282963e+02, 2.7380437242994820e+01,
       -4.3264111688766278e+01, -3.4775927942918074e+01,
       -9.5649751047081377e+00, 1.2848902478604712e+01,
       6.3828829370642315e-01, -3.8844811058673803e+00,
       -1.7604258824839190e+00, -3.4187704374289607e-01,
       -2.4206581828464968e-01, -1.8462998999173433e-01,
       1.7003688508793729e+01, 1.9406076718102792e+01,
       7.3559793642274762e+00, -1.3222938314344285e+01,
       1.4192460466045159e+01, -2.4449004113392423e+00,
       -5.8355211814195131e+00, -3.7116196112646862e+00,
       -5.1580513739717428e+00, -8.7251376750794019e-01,
       -1.8455550292574843e-01, 2.8980275652867621e-02,
       1.3157504046826003e+02, 3.0947375454147252e+01,
       -3.2430705589425685e+01, -1.1148974837578818e+01,
       -5.8476986336527093e+00, 2.0063388316058674e+01,
       -8.3845241900824856e+00, -9.4512525801284275e-01,
       -2.0561339925612310e+00, 1.2032729494119496e+00,
       2.7014656299562528e-01, -3.1294568048710343e-02,
       -2.3216939752427553e+01, -1.6705104636153209e+01,
       1.0357704610011087e+01, 2.8831104309313949e+00,
       3.4151566840990583e+01, -2.0261580706354767e+00,
       -4.6567922844688259e-01, -2.0587067394214825e-02,
       6.3580658788763156e-01, 1.5295235571759222e-02,
       1.7004860681355663e-01, -3.9856785026422398e-02,
       -1.8794575379182284e+01, -4.5923135827053507e+01,
       1.0319481603132866e+01, 4.6554817496065766e+01,
       5.0215093368518522e+00, -3.9392007164591192e+00,
       -4.2143157288286925e+00, -2.3380908457648113e+00,
       -1.7029209579878839e+00, 1.1258912269661807e+00,
       -4.8143774059157408e-02, 1.1004999949345678e-01,
       4.0281899584165792e+01, -1.7633343558845294e+01,
       -1.1076414625311372e+01, 1.4167481977855385e+01,
       -8.4363709852973674e+00, 6.2608670971368579e+00,
       1.6291154832147157e+00, 1.6590656736875291e+00,
       7.5982982650892839e-01, -1.0526509565182933e-02,
       -3.1942928845562857e-01, 6.5458951545725466e-02,
       1.9598879177156455e+01, 1.5663927795685640e+02,
       -5.5905317886761696e-01, -8.5683692598303523e+01,
       1.6075061241282580e+01, 1.5573281866263196e+01,
       -3.0060515846503100e-01, 2.4158488898280739e+00,
       1.8869058915405525e+00, 4.4720203494583893e-01,
       -5.5300289430646625e-02, -3.3253464723757419e-02,
       -1.4047939814898007e+02, -1.5194116081433345e+01,
       3.3922281010566415e+01, 1.8606362476845295e+01,
       -3.3303416917835400e+00, 1.5443785579762357e+01,
       9.4433466558509027e-01, 2.4682257670702574e+00,
       7.7035663744639926e-01, -3.4127741756777602e-01,
       -2.9235993737929228e-01, 4.4599717338190847e-02,
       -1.7958900233557247e+02, 4.4849608878402236e+01,
       3.6164288917447351e+01, -2.9529703199707320e+01,
       -4.9452505834482743e+00, -4.7460381658723456e+00,
       -3.9994224211530072e+00, -7.2060743745925979e+00,
       -2.9538917262475350e+00, 1.2676463575058574e+00,
       -1.2362635300382392e-01, -6.1051879716421488e-02,
       1.3958307746583452e+02, -1.7488126661918695e+01,
       -3.8113458955657109e+01, 1.4208289056864958e+01,
       -4.8706428670094732e+00, 1.3870253522640549e+01,
       -4.0789653232032969e-01, 1.7869800888316683e+00,
       -1.5431628548378118e-01, -1.9387978647641010e-01,
       1.4065721864537689e-02, -5.3303212747496083e-03,
       8.1931671533033111e+01, 1.5283931532866582e+01,
       -2.3972256310518709e+01, -3.2339255938404115e+01,
       -2.6489150591981922e+01, -1.9601274588232705e+01,
       8.9518085415837800e-01, -2.3479753647334696e+00,
       2.0480072417737483e-01, -4.0668992787347848e-02,
       1.0588619080276462e-01, -4.8608212670790173e-03,
       -1.9194558339611353e+02, 8.9134521968310978e+01,
       4.0936688711417382e+01, -5.1058037487609027e+01,
       -2.3375426388844303e+01, 1.2858625816523610e+01,
       -3.0049465074482606e+00, 1.9539609347713633e+00,
       7.0841793021835975e-01, -5.8159135658079467e-02,
       4.5397533924795515e-02, 8.0906382528960971e-03,
       -1.7168196212998299e+02, 3.5861360482279396e+00,
       4.0955379629913679e+01, -1.6411417048369636e+00,
       -6.1389720922361350e+00, -4.5534818296960120e+00,
       1.2394634425122502e+00, 9.5221704146801533e-01,
       4.4104006906727650e-01, -6.2216098396885022e-02,
       4.3604407786628279e-03, -8.6751653541028637e-03,
       6.9807068648548608e+01, 7.3855972545142725e+00,
       -8.7387036262627564e+00, 1.6534093194560242e+00,
       1.1010460713893108e+01, 8.5196767654415648e+00,
       2.5538329653224903e+00, 3.4506888247350526e-01,
       2.5979826170940728e-02, -3.7163154515286990e-02,
       3.9163728016311959e-03, 3.4374621397785653e-02,
       -1.4074447081381990e+02, -1.0323037538436809e+02,
       2.5684014615984786e+01, 6.6404965582888551e+01,
       -1.7729160826127142e+01, -6.6286612000699752e-01,
       5.7793647444725364e-02, -1.3670828180685173e+00,
       8.8363112736931404e-01, -3.6808981193181445e-01,
       6.9784577236067707e-02, -2.0638325557984115e-03,
       -1.9068747452860811e+02, -4.0537357909801067e+01,
       3.7775654197901652e+01, 2.7856344268546916e+01,
       -5.6240529170451188e+00, 1.2173077583939016e+01,
       -1.4473872545126372e+00, -3.5354821138444885e+00,
       -1.3145522813517465e+00, 2.8386822626769220e-01,
       -3.8635183776477788e-02, -1.0193205976557003e-01,
       5.3209010243043906e+01, 3.0246833439004184e-01,
       -2.0379420682451709e+01, 2.0290529109802247e+00,
       5.1212010223072397e+00, -6.8124983685596989e+00,
       -2.9649028943444731e+00, 2.2529842816762256e+00,
       8.1311221628262231e-01, 2.2390759337810005e-03,
       -5.3417522000296654e-02, 2.2956396220384506e-02,
       1.4790478207509076e+02, -9.2137570154611872e+00,
       -4.1747713915115177e+01, 6.7339688877116188e+00,
       -6.7424108033346082e+00, 7.8826135619110920e+00,
       -1.2009925649650797e+00, 4.2470483315904750e-01,
       6.6018111432166127e-01, 8.0905445612631147e-02,
       1.4105351534532756e-01, -3.8779519304876428e-02,
       -6.7717357230995191e+01, -5.5681252573624811e+01,
       2.3521214309569896e+01, 3.5055740006306223e+01,
       1.0936268912665190e+01, -6.9116893962529389e+00,
       2.3107362768598017e+00, -3.4234827402379986e-01,
       9.6078850479669776e-03, -9.0416544729650071e-03,
       1.0258820043643898e-02, 5.8052483908606917e-03,
       1.7021221053854095e+01, 5.9374893553140033e+01,
       4.1408982448881728e+00, -3.6794118107781543e+01,
       2.1838032643760084e+01, -1.5749026287463588e+01,
       3.4129408409465340e+00, 8.1385581153459785e-01,
       2.4012256512845662e-01, 1.9930365912962006e-01,
       1.5515400746335811e-02, 1.0812078451854158e-02 ]
