%YAML:1.0
means: !!opencv-matrix
   rows: 1
   cols: 8
   dt: d
   data: [ -9.7913260394940152e-04, -1.9618170506390743e-03,
       -1.1482719362113859e-03, 4.6344200918741992e-04,
       -2.9200279126496753e-04, -2.4226334446069090e-03,
       -2.1168603037360301e-04, 7.5565278004505673e-05 ]
covs: !!opencv-matrix
   rows: 8
   cols: 8
   dt: d
   data: [ 1.7636152670534408e+04, -5.4138982342710739e-05,
       6.4962399422795224e-04, -3.4852609526700239e-04,
       9.9948570861929198e-04, -1.5766153465052412e-04,
       -4.5366125358865480e-04, 7.0405464256218986e-05,
       -5.4138982342710739e-05, 1.2471958452452605e+04,
       6.4759538202351915e-05, 4.6936757638016391e-04,
       -4.1188330231084366e-05, 2.9689834662538351e-03,
       -1.8638373534577113e-05, 4.2225506119096057e-04,
       6.4962399422795224e-04, 6.4759538202351915e-05,
       3.2919761699434607e+03, 1.5186622912991425e-04,
       1.7959935427406436e-04, 7.3647675622388542e-05,
       -2.0671520305774949e-04, -5.9477983610636049e-05,
       -3.4852609526700239e-04, 4.6936757638016391e-04,
       1.5186622912991425e-04, 2.8639382267067776e+03,
       -7.8721530734182467e-05, -2.0158820597676824e-04,
       9.0732788716650256e-07, -1.2550279690311044e-04,
       9.9948570861929198e-04, -4.1188330231084366e-05,
       1.7959935427406436e-04, -7.8721530734182467e-05,
       4.5001368686311383e+02, 3.6981129970814951e-05,
       1.5159913882021174e-05, 2.4646187404895771e-05,
       -1.5766153465052412e-04, 2.9689834662538351e-03,
       7.3647675622388542e-05, -2.0158820597676824e-04,
       3.6981129970814951e-05, 2.5185231858000930e+02,
       -2.8602653732605746e-05, 4.2563658127363627e-06,
       -4.5366125358865480e-04, -1.8638373534577113e-05,
       -2.0671520305774949e-04, 9.0732788716650256e-07,
       1.5159913882021174e-05, -2.8602653732605746e-05,
       3.0610080527566172e+01, 1.0203656197193212e-05,
       7.0405464256218986e-05, 4.2225506119096057e-04,
       -5.9477983610636049e-05, -1.2550279690311044e-04,
       2.4646187404895771e-05, 4.2563658127363627e-06,
       1.0203656197193212e-05, 1.5953864179349406e+01 ]
weights: !!opencv-matrix
   rows: 1
   cols: 1
   dt: d
   data: [ 1. ]
pca_proj: !!opencv-matrix
   rows: 8
   cols: 21
   dt: f
   data: [ 1.02604255e-02, 8.46533298e-01, 5.67100069e-05,
       -5.08859605e-02, 4.68450844e-01, 1.89823491e-04, -5.55210514e-03,
       1.46431834e-01, -1.98076777e-05, -7.31809530e-03, 1.34976640e-01,
       -4.80776835e-05, -6.69380091e-03, 1.46460637e-01, -1.57161594e-05,
       2.11501210e-05, 1.32904761e-05, -3.16381829e-07, -1.62182951e-05,
       4.47223283e-04, 4.04881848e-06, 8.19958210e-01, 1.87153444e-02,
       -7.93817599e-05, 4.28530097e-01, 8.29724409e-03, 8.75842488e-06,
       2.28233948e-01, -2.37727305e-03, -1.84168690e-04, 2.08515689e-01,
       -1.20344283e-02, -2.14158339e-04, 2.18838796e-01, -7.27251405e-04,
       -1.84816250e-04, -3.05604735e-05, -5.04301033e-06,
       -1.27042276e-05, 6.79167337e-04, 1.30049409e-06, -1.63660501e-04,
       -1.48704097e-01, -3.29387456e-01, -1.82470303e-05, 1.08596861e-01,
       1.49965823e-01, -1.77574475e-04, 1.29315495e-01, 5.12750924e-01,
       2.36419466e-04, 1.37444586e-01, 5.11233926e-01, 2.85520800e-04,
       1.36541247e-01, 5.06532609e-01, 2.30281497e-04, -1.19767010e-05,
       -4.37137305e-06, 1.85016711e-06, 4.23374237e-04, 1.63331581e-03,
       1.86568883e-04, -4.72028166e-01, 1.25829116e-01, -3.95576280e-05,
       1.75304204e-01, -4.03850079e-02, -1.91588406e-04, 4.72358793e-01,
       -1.55570537e-01, 3.14154240e-05, 4.64089781e-01, -1.42328069e-01,
       9.23298430e-05, 4.71241623e-01, -1.54795542e-01, 4.75230554e-05,
       -2.49870754e-05, 5.87460408e-06, 1.53038200e-05, 1.49897439e-03,
       -5.03496267e-04, 3.15210091e-05, 4.28138897e-02, -3.98029029e-01,
       -1.64866622e-03, -1.49486646e-01, 8.53724658e-01, -7.20556185e-04,
       4.98631820e-02, -1.44551426e-01, -6.16796780e-04, 4.10989933e-02,
       -1.98635340e-01, -7.75538327e-04, 2.98115760e-02, -1.52079150e-01,
       -6.80539582e-04, 2.25883312e-04, -2.69945431e-05, 2.70592113e-06,
       9.03362306e-05, -4.77506634e-04, -7.18366122e-04, -2.83197194e-01,
       -1.15955826e-02, -1.67501986e-03, 8.56651485e-01, 1.54669777e-01,
       -2.37696129e-03, -1.20549113e-01, -2.06198599e-02,
       -3.04474914e-03, -2.70571560e-01, -1.17506422e-01,
       -3.04362620e-03, -2.44462311e-01, -1.05650024e-02,
       -2.97378097e-03, -2.55348248e-04, -4.88344995e-05, 2.20185507e-06,
       -8.00635200e-04, 8.29089622e-05, -2.87367473e-03, -1.90952867e-02,
       -1.04048569e-02, 1.94934364e-02, 1.05285741e-01, 5.99324331e-02,
       1.98610481e-02, -4.06789601e-01, -4.04562384e-01, 2.10659001e-02,
       1.33018449e-01, 6.97962642e-01, 2.22086515e-02, 1.94465607e-01,
       -3.32292259e-01, 2.13628728e-02, -7.54120236e-04, -7.96889421e-04,
       1.06485822e-04, 5.98366372e-04, -1.02219894e-03, 2.12240666e-02,
       -1.15103945e-02, 5.67249861e-03, 2.73920572e-03, 5.53848445e-02,
       -2.06740620e-03, 3.48111009e-03, -4.42594320e-01, 4.33901936e-01,
       3.74075607e-03, 6.69076979e-01, -1.95079967e-01, 3.51918745e-03,
       -2.48502746e-01, -2.54863679e-01, 3.71523038e-03, 9.92717594e-03,
       9.51591355e-04, 1.24460121e-03, 1.01363729e-03, -1.14485994e-03,
       3.39142187e-03 ]
pca_mean: !!opencv-matrix
   rows: 1
   cols: 21
   dt: f
   data: [ 4.33646118e+02, 2.44701981e+02, 1.49672687e+00,
       4.18191803e+02, 2.60206879e+02, 1.62062907e+00, 3.68545319e+02,
       2.27059875e+02, 1.69770968e+00, 3.19420807e+02, 1.63929108e+02,
       1.75046074e+00, 3.16613464e+02, 2.25532654e+02, 1.70717156e+00,
       1.08872897e-04, -9.74175637e-05, 6.24380555e-05, -2.17504916e-04,
       -2.50119597e-01, 1.75055194e+00 ]
gamma: !!opencv-matrix
   rows: 1
   cols: 1
   dt: d
   data: [ 8.3255969023611276e-01 ]
