%YAML:1.0
means: !!opencv-matrix
   rows: 29
   cols: 5
   dt: d
   data: [ 9.5209928695296043e+01, 1.5267502842757645e+02,
       1.0371402139889446e+01, 5.9663123523160726e+00,
       -3.2416293768736666e+00, -1.4557009231508172e+02,
       -1.0405932587321638e+02, 2.1043078107369240e+01,
       -5.6765719719045876e+01, 1.2121526010711849e+00,
       1.5123914068649091e+02, 9.6128414186457309e+00,
       5.0694426685510564e+01, -2.4017112325032151e+01,
       2.1778857728766181e+00, -6.0573403133122213e+01,
       -2.9502725780459937e+01, 6.4820411150141751e+01,
       1.5331562656624644e+01, 4.1381265840547270e+00,
       5.5356999480476532e+01, -1.7840908478373058e+02,
       -1.0844105207323974e+01, -1.4533360240572939e+00,
       -6.3943761373392194e-01, -6.6651931107667309e+01,
       -7.1722069909351402e+00, -3.8432779484861598e+01,
       5.4804975391441936e+01, 1.4896204292000610e+00,
       -1.7723581387046019e+02, 5.7187151781387584e+01,
       -4.0400418675266494e+01, -4.7726760709646285e+01,
       2.8094258674507442e+00, -2.5970130344942606e+02,
       -7.7595786283973027e+01, -4.6453234149228537e+00,
       4.1542006490269330e+01, -2.2358691919036971e+01,
       6.6756156521495640e+01, 6.4690502352506429e-01,
       5.9732806447047423e+01, 3.3483260405849137e+01,
       1.5263894391560314e+01, -7.0489065865503633e+01,
       1.3363549701270617e+02, 4.3748502064443553e+00,
       -5.7420781462855444e+01, -2.0754629407176900e+01,
       4.5631874430755509e+01, 4.9873698362403488e+01,
       -3.7087429553664933e+01, -7.8040179102432745e+01,
       -8.5181868728513113e+00, -5.3458095331684142e+01,
       1.0818600038796136e+02, -6.4598984958628321e+01,
       7.0456055929877621e+00, 1.4573709540222836e+01,
       -1.5295142629984244e+02, -1.5229475071625563e+02,
       5.7056274030816141e+01, -2.0675130676466058e+01,
       -2.4693025979836683e+01, -8.4113533257580372e+01,
       4.7638468669692692e+01, 6.1326846535500671e+01,
       -4.5553676314390557e+01, -1.1798299810361599e+00,
       1.3413852562857025e+02, -1.7872961571846663e+01,
       1.0949134733402257e+01, -1.1521217009686277e+01,
       -1.1797898273393248e+01, -5.8482453306100012e+01,
       -7.4224315108774363e+01, -6.9527858262674130e+01,
       -3.4952916828273445e+01, 1.6862775410749528e+01,
       -1.9906879871120705e+02, 2.0934356150656335e+01,
       1.9271276861156279e+00, 1.2212004841564791e+01,
       2.5398302228372507e+00, -2.9584974843533747e+00,
       1.1721149989779258e+02, -6.1719082465141994e+01,
       3.5215734470521343e-01, -9.2575479560321607e+00,
       1.6099818364966239e+02, 6.3157202193102755e+01,
       -3.7633631561130358e+01, 5.0188603540896153e+01,
       -1.2069739622621174e+01, -1.4536422760001335e+02,
       1.6674653575815447e+02, 4.0428070582511303e+01,
       5.7596111816938986e+00, -1.7665706525944205e+00,
       2.9348958551703284e+01, 1.0762432668985045e+02,
       8.5768975916278034e+00, -2.9305861085669282e+01,
       1.2194346504500547e+01, 1.0003550044645401e+02,
       -4.4918724629327215e+01, -2.1600773812766956e+01,
       3.7280839394266991e+01, -2.7325302837263443e+01,
       -2.1452739810018176e+01, -4.1252733406663260e+01,
       3.2902399452912507e+00, 3.1551777772357866e+01,
       3.6001432941612627e+01, 1.6582338510439754e+02,
       -6.5298280381851441e+01, -5.8483649531466618e+01,
       -1.7923994183173054e+01, -1.3583593386260761e+01,
       8.1702092998976454e+01, -6.5303599687698451e+01,
       -8.8743889554187909e+00, 6.2337369789154891e+01,
       8.2458414825657638e+00, 4.8389390288295722e+01,
       -8.2907486829836756e+01, 1.4953355080293804e+01,
       -5.3674073027674694e+01, 2.4576103718978281e+01,
       -1.5385398833444739e+02, -2.8702572547873284e+01,
       8.3166639617226934e+01, 3.8761043443304757e+01,
       -2.3721306608630179e+01, 1.1593002539747930e+01,
       -2.3211828244939247e+02, 6.7866427417507520e+00,
       7.4769290441442720e+01, -2.4415450485119727e+00,
       8.4610832706104276e+01, -1.7690276842600394e+01,
       -3.3458197359774537e+01, -2.9056383267583654e+00,
       7.9463956505946447e+00 ]
