%YAML:1.0
means: !!opencv-matrix
   rows: 17
   cols: 12
   dt: d
   data: [ -3.3768946666719721e+01, 1.0042658063005804e+02,
       -4.4363868057003586e+00, -4.8617755383766131e+01,
       7.0215810650093955e+00, 8.2231123090224689e-01,
       1.4968769691794357e+00, -1.9106155353025187e-01,
       -3.1347986323946336e-01, -1.7574833776398381e-02,
       2.7663242127388046e-02, -6.7651022798906487e-04,
       2.1319687731125039e+00, -4.8780218556580834e+01,
       1.4140803224950918e+01, 1.8783608614239121e+01,
       2.7654231008710568e+01, 9.3467295770955445e+00,
       1.7245923291083869e+00, -6.9010666152248645e-01,
       -5.4090248749133887e-02, 2.9291197993968798e-02,
       -2.7409779224698283e-02, 1.1521305625965322e-02,
       -1.5619647963283145e+02, 6.7611464811709299e+00,
       4.0356092624810913e+01, -1.1794969741240012e+01,
       -7.5802515136177262e-01, 3.8532523313128952e+00,
       7.3640572931516257e-01, 1.1588664542375344e+00,
       -7.9155620335258770e-01, -2.1322562826330636e-02,
       -1.2923978901673107e-02, 5.0171137313877621e-03,
       1.1369939871401088e+02, -9.5408082895932349e+00,
       -2.7154454323533912e+01, 1.0564464604811867e+01,
       -1.3991230054410619e+00, -3.5888967438452701e-01,
       6.8739530287906792e-01, 7.3580296494400316e-03,
       -3.3026750695619239e-01, -2.7700419614770828e-02,
       -6.9675541138345939e-02, 3.8694208443724315e-02,
       3.6661898192360297e+01, 1.5379988804769592e+01,
       -6.6659616183810586e+00, -6.4254011671704188e+00,
       2.4075690825216686e+01, -1.0399210776176201e+01,
       -9.6477005322587628e-01, -1.1819138723964282e+00,
       -9.5303206009064323e-01, 1.9920346342094497e-01,
       1.4531479408128831e-01, 1.8175583728310359e-02,
       3.9037731778222714e+01, 1.2890061322026691e+02,
       -2.8495411346593368e+01, -5.0736429269263184e+01,
       -8.1383324659917182e+00, 1.4512468353463397e+00,
       2.0501943908426821e+00, 1.3161609646975009e-01,
       -2.9484009772283631e-01, -1.1374270732132828e-01,
       2.4622230697595317e-02, -2.2330339108126332e-02,
       5.2925768535900048e+01, 5.4067009376313514e+01,
       -4.1072394402771648e+00, -2.0489687577149876e+01,
       5.8929139296857214e+00, -5.6133071206737899e+00,
       -1.1206726400352697e+01, 1.5279385824660063e+00,
       7.3612816970829149e+00, 1.1322440564938454e+00,
       -7.0262596955761647e-02, 1.2814141120956679e-01,
       -3.0646586189245703e+01, -9.0751045645635919e-01,
       6.2704980952089260e+00, -8.2123944074367188e+00,
       -7.1542423557847803e+00, -1.3481015517091116e+01,
       3.5054111890469801e-02, -3.3252821003107236e-01,
       -1.4815181866674767e+00, 1.4210649687589677e-02,
       -3.0451693207725428e-01, 2.6377752273128843e-02,
       1.5099244531141148e+01, -1.2261734185387767e+00,
       -1.1890501969678533e+01, -1.9485954324866189e+01,
       -1.2691354374116994e+00, -2.0049815737448998e+01,
       -2.5163017077050602e+00, 2.2886807381305148e+00,
       4.9290867678980188e+00, 4.1059802626699360e-01,
       2.8107664295221568e-01, -2.1770084349695346e-01,
       9.3935217340033461e+01, -4.5644775063423253e+01,
       -2.0703558711088547e+01, 3.7694859485282556e+01,
       -2.8646048463650423e+01, 2.3829275651602650e+01,
       1.1682059785452015e+00, 1.2805333378576351e+00,
       4.8235581950481154e-01, 2.1617743153731942e-02,
       1.3159786292950693e-01, -4.7656083946767784e-03,
       1.7400076725486534e+02, -1.3235039846705886e+01,
       -3.9941736836373252e+01, 2.1767152830677787e+01,
       -7.6301198670346295e+00, -1.0557012088768223e+01,
       -3.2499368682717095e-01, -8.5608722304908225e-01,
       -7.8003194630429407e-01, 2.3878703896174069e-01,
       2.4205278420933107e-01, -2.5882359843988571e-02,
       -1.4755535416404024e+02, 1.2066416016983072e+02,
       1.4219275729692596e+01, -5.1696382969965178e+01,
       -2.3753454724042218e+01, -4.3851166210519885e+00,
       -3.5924325143261715e-01, -4.8889579045194265e-01,
       -6.4368019456046854e-01, -3.7596206069798427e-01,
       1.6036058957581442e-01, -5.1137774441148464e-04,
       1.0378822361135312e+02, -8.5911416493656120e+01,
       -1.6803894650685944e+01, 5.1393213174332097e+01,
       -4.3350424411035506e+00, 1.3422633256907814e+01,
       2.5032440038229375e+00, -1.0824761112947827e+00,
       -4.2078128639391715e-01, 4.8464330600952871e-01,
       -1.7584029381277227e-01, -1.7235617491059212e-02,
       -7.8401010988138324e+00, -1.3701263887815813e+02,
       1.2194612709318836e+01, 4.4069430400945137e+01,
       8.5558749815140498e+00, -1.5282425447869384e+01,
       -1.6653903963846679e+00, -4.0974625124277664e-01,
       1.4699358905637103e+00, -1.2460578215400955e+00,
       -1.1117234164234537e-01, -7.3830656440901171e-02,
       -1.5867532070977728e+02, -2.4933838565698792e+01,
       3.2555543441032356e+01, 2.2231630303694247e-01,
       -1.6558458616612359e+00, 5.2647833971340736e+00,
       -1.3462481836706208e+00, 1.7090572674762416e-01,
       3.2931643540833195e+00, 5.0818964195620819e-01,
       -5.2627016985979699e-02, -7.1318090586599547e-02,
       -1.7378995414187648e+02, -1.0076900048158627e+02,
       4.8895595146689985e+01, 3.4567190327577507e+01,
       -3.0036073014757960e+01, -1.1221615657751445e+00,
       -2.4161206339165662e+00, 1.1332580834160439e-02,
       -1.1253909328549803e+00, -9.0949288781051411e-03,
       7.3254237221704890e-02, 2.3575350417751970e-02,
       1.3995117118293714e+02, 6.1596050533507018e+01,
       -4.5684401692237159e+01, -7.3000474466864329e+00,
       -1.2876720367350053e+01, -3.0778701574758331e+00,
       -5.3335023444419682e-01, 1.4604769329355838e-01,
       -8.0301152299390266e-01, -2.6675765714067734e-01,
       -2.3350159645255823e-02, -1.6208050695570776e-02 ]
