%YAML:1.0
means: !!opencv-matrix
   rows: 41
   cols: 2
   dt: d
   data: [ -1.4925857870826576e+02, 3.0223064020674894e+01,
       1.5875212699714959e+02, 5.3604916232499413e+01,
       -8.4265697972642840e+01, -6.1970143250561662e+01,
       8.8264268414095199e+01, -7.7991573774356027e+01,
       -1.4489503768119442e+02, -3.7157029458610886e+01,
       -7.6317608113410467e+00, 9.2050101588503708e+01,
       4.2340724766307979e+01, 1.4686329777226671e+01,
       1.3251143635812195e+01, -1.7300758932384872e+02,
       -1.2915309609268766e+02, -1.2214456983419799e+02,
       -2.7998054761941751e+02, 6.4890475537424273e+00,
       2.2453997288985778e+02, -7.1873922922071216e+01,
       -1.3618012302380954e+01, 2.8658029265541849e+01,
       -2.3910187909002531e+02, 9.0568040923094657e+01,
       1.6140693516590713e+02, 1.1188312976388480e+02,
       -8.3695858061422953e+01, 7.5183571434800101e+01,
       1.6572366071264653e+02, -4.2222703047920147e+00,
       -8.4757067508047513e+01, -1.9055138577763842e+02,
       -2.3465151846993061e+02, 1.7246925051436841e+02,
       4.2940684685302863e+01, 1.2459831395316965e+02,
       5.5971430018418296e+01, 6.9283652621850536e+01,
       2.2428670337304379e+02, 2.8340832123100746e+01,
       -1.2204784662696708e+01, -3.4287632154877990e+01,
       -1.1631601418155324e+02, 1.5523035627186997e+02,
       1.3514255743334704e+02, -1.5497860529024564e+02,
       -4.0120099032755768e+01, -1.1571113872503641e+02,
       6.9213833264511393e+01, -1.3020290611463193e+02,
       2.4389081959092366e+01, -8.3342816671032466e+01,
       -7.8667811702837980e+01, 1.8687606875434672e+00,
       -1.4952305724161943e-01, 2.2586771660297470e+02,
       -2.3709079992663237e+02, -8.7699973521852030e+01,
       9.5983106762610106e+01, 1.5025666646226907e+02,
       1.1962171887325343e+02, -3.6696569835020490e+01,
       -1.5643764082700588e+02, 1.1755971091018691e+02,
       -2.1325476686170128e+02, -6.2118906063478931e+00,
       2.2366491762761987e+02, 9.3806663481747378e+01,
       1.5838664712908630e+02, -8.2569812115760271e+01,
       1.0161346686371689e+02, 2.3501224336417494e+01,
       -5.6712500281101754e+01, 1.4680094050801890e+02,
       -2.0530751144855182e+02, -1.7438268387896161e+02,
       5.8630926920581572e+01, -3.1790224078420795e+01,
       1.0104412155578497e+02, 1.0174713631421339e+02 ]
covs: !!opencv-matrix
   rows: 82
   cols: 2
   dt: d
   data: [ 1.0931175891872476e+03, 3.2177247644749087e+01,
       3.2177247644749080e+01, 1.1786986865184608e+03,
       9.7599919358117450e+02, -1.0401950305471716e+02,
       -1.0401950305471721e+02, 1.0496447109206529e+03,
       1.2109734331234927e+03, 7.5287485986716320e+01,
       7.5287485986716320e+01, 1.1285311825691958e+03,
       8.3190820174784437e+02, -1.9177474543573542e+01,
       -1.9177474543573542e+01, 7.0209896513332194e+02,
       1.0290759879042382e+03, -1.0033211973880016e+01,
       -1.0033211973880016e+01, 1.2869253279651241e+03,
       8.4002485301996546e+02, -8.0872327726239686e+00,
       -8.0872327726239721e+00, 1.0733434966669170e+03,
       7.8301361683664766e+02, 6.8619387335205346e+01,
       6.8619387335205332e+01, 6.6620175624923843e+02,
       2.9242450049384825e+03, -6.4503882415577800e+02,
       -6.4503882415577800e+02, 2.4266688238235615e+03,
       2.3184337181397100e+03, -3.4947091311114764e+02,
       -3.4947091311114775e+02, 1.2691135446706498e+03,
       1.5886899408830170e+03, -3.5317312562929942e+02,
       -3.5317312562929942e+02, 1.9476959471062748e+03,
       1.2354089771474703e+03, -3.0822863697254689e+02,
       -3.0822863697254678e+02, 2.0221023033874656e+03,
       9.2127434447082874e+02, 1.4232381750789818e+02,
       1.4232381750789818e+02, 1.0112720284192724e+03,
       2.6930586958647154e+03, -4.3736476527584489e+02,
       -4.3736476527584483e+02, 1.3128600510793665e+03,
       9.6645609724769201e+02, -8.1924419853319304e+00,
       -8.1924419853319339e+00, 9.6969469065109843e+02,
       1.3285324830229763e+03, -9.8766170340799349e+01,
       -9.8766170340799349e+01, 1.1206108369325425e+03,
       1.1287013624781298e+03, -2.0784659556830343e+02,
       -2.0784659556830346e+02, 1.0709391912050653e+03,
       2.7685704389056241e+03, 1.8119374937052487e+02,
       1.8119374937052493e+02, 1.9101109844348880e+03,
       2.9326192987603968e+03, -3.4648589946644728e+02,
       -3.4648589946644722e+02, 1.1245133481140549e+03,
       1.0860270633684991e+03, -2.2461618467460770e+01,
       -2.2461618467460777e+01, 1.1271117760961104e+03,
       9.8579302282498406e+02, 4.4626185437267033e+01,
       4.4626185437267011e+01, 7.7070625739966135e+02,
       1.5447769636465177e+03, -3.6270941453811258e+02,
       -3.6270941453811258e+02, 1.8235863099287592e+03,
       8.2877471216812739e+02, 2.0409593508433485e+02,
       2.0409593508433485e+02, 1.1680505506035677e+03,
       5.9171251467898928e+03, -2.5468820366383115e+03,
       -2.5468820366383115e+03, 6.2278128716590381e+03,
       2.9541417301985052e+03, 3.5129346419871285e+02,
       3.5129346419871285e+02, 1.8152353675849586e+03,
       1.6168193259544289e+03, -7.7232272160765902e+01,
       -7.7232272160765945e+01, 1.5862545447538923e+03,
       2.1801718618956697e+03, 1.5762891766477836e+02,
       1.5762891766477838e+02, 7.8647538792781643e+02,
       1.0696945282137074e+03, 6.9061564432946980e+01,
       6.9061564432946994e+01, 9.1094647172839848e+02,
       1.0040876682139650e+03, -4.9648144869974246e+01,
       -4.9648144869974260e+01, 1.0612222626005755e+03,
       5.1874774132793509e+03, 1.6038438104163720e+02,
       1.6038438104163731e+02, 1.8549408675057211e+03,
       3.5112015240525825e+03, -7.5687621271455299e+01,
       -7.5687621271455271e+01, 2.1974760376729273e+03,
       2.3317941217761572e+03, 7.6327230045832800e+02,
       7.6327230045832800e+02, 2.3750043586965912e+03,
       8.9995982421019335e+02, -1.0336220064303453e+02,
       -1.0336220064303453e+02, 7.3606833566941464e+02,
       1.9506119758779728e+03, 1.8356157409474002e+02,
       1.8356157409474002e+02, 1.9975137251588310e+03,
       8.0513008651529833e+02, -1.1151260861851758e+02,
       -1.1151260861851759e+02, 2.7206242321475479e+03,
       1.6991030415420080e+03, 1.5488174011277422e+02,
       1.5488174011277428e+02, 1.4383332173688682e+03,
       1.0054495037152877e+03, 7.0882972138615187e+01,
       7.0882972138615202e+01, 1.2378618164212066e+03,
       8.2870654842467229e+02, -9.5971470747852209e+01,
       -9.5971470747852223e+01, 8.1195008859153359e+02,
       2.1660119870821882e+03, -3.1644528105448714e+01,
       -3.1644528105448707e+01, 1.0571378185079743e+03,
       2.1830196102986379e+03, 4.0211593600751638e+02,
       4.0211593600751638e+02, 2.1025395502117040e+03,
       8.6248230099411353e+02, 1.6066016066127102e+02,
       1.6066016066127102e+02, 6.7693573731009474e+02,
       7.6235735788072077e+02, -8.7192134525903754e+01,
       -8.7192134525903754e+01, 1.4732248463617677e+03 ]
