%YAML:1.0
means: !!opencv-matrix
   rows: 21
   cols: 2
   dt: d
   data: [ -9.3730251302858425e-01, -1.4055171635080569e+02,
       1.4776649899477844e+01, 8.8969209335430165e+01,
       -2.6937264211869240e+02, 5.4369004711902534e+01,
       1.9492860963013950e+02, -6.4837458513625762e+01,
       -5.2058309795521353e+01, -6.8892243039599720e+01,
       7.1592536941585124e+01, 2.5942089415865944e+01,
       -1.6665961266748855e+02, 4.9058907062400593e+01,
       -8.8796554917989994e+01, 1.6296628316254242e+01,
       4.9714492045150976e+01, -5.9451857570190420e+01,
       1.7819721983902460e+02, 5.2201661556948160e+01,
       -2.0785875910333397e+02, -1.3294429901630298e+02,
       -7.7357045712275834e+01, 1.2291656909983378e+02,
       -7.4367627641599885e+00, -2.7710184442111205e+00,
       3.4710446632478977e+01, 1.7977206323474829e+02,
       -1.4662264750795742e+02, -5.5697633744195429e+01,
       -9.3482534436124254e+01, -1.5418789159532619e+02,
       1.1386587709921405e+02, 1.0528641023748197e+02,
       1.1055639684545771e+02, -1.1281766494459553e+02,
       1.2482047475818622e+02, -3.5169489454000136e+01,
       -2.3653589720285498e+02, -2.7270142442128048e+01,
       -2.1988781063393117e+02, 1.4308213815520193e+02 ]
covs: !!opencv-matrix
   rows: 42
   cols: 2
   dt: d
   data: [ 2.5448682327723404e+03, -4.2807410854015251e+02,
       -4.2807410854015239e+02, 3.1124306253424629e+03,
       2.2171786655306018e+03, 2.5529178982676208e+02,
       2.5529178982676217e+02, 1.8934744858539689e+03,
       2.1300860797711161e+03, 4.1828009423734630e+02,
       4.1828009423734630e+02, 2.8154707064872196e+03,
       2.2477913552525474e+03, 2.7259971170046418e+02,
       2.7259971170046418e+02, 3.6479062337750884e+03,
       2.3954883510315258e+03, -1.5008152533196940e+02,
       -1.5008152533196932e+02, 2.1457210267142400e+03,
       1.4335644921507505e+03, 1.7984941015321124e+02,
       1.7984941015321124e+02, 1.7796311841901263e+03,
       2.1108096364328994e+03, 2.5908356750276681e+02,
       2.5908356750276681e+02, 2.9416724334788564e+03,
       1.5236387162076651e+03, -2.8241934357063069e+01,
       -2.8241934357063080e+01, 2.1666351117997383e+03,
       1.6134714619425692e+03, 2.3917634753342881e+02,
       2.3917634753342881e+02, 1.9776262688323116e+03,
       2.8757733918691033e+03, 6.4681703542971877e+02,
       6.4681703542971889e+02, 2.4234008856051532e+03,
       2.3774305403756161e+03, 1.5318747772231848e+02,
       1.5318747772231853e+02, 3.6113615685413001e+03,
       2.6458048848780095e+03, -1.2424037340066145e+02,
       -1.2424037340066144e+02, 2.1146711768839946e+03,
       1.2141508963183883e+03, 1.5044276114006843e+02,
       1.5044276114006843e+02, 1.9012281708506111e+03,
       8.2210523591250403e+03, -1.6186686059959250e+03,
       -1.6186686059959250e+03, 3.9457240084825980e+03,
       2.1513350757622375e+03, -7.8922239518455001e+01,
       -7.8922239518455086e+01, 2.8471351573296497e+03,
       2.3132366366902002e+03, -1.0143167119692055e+02,
       -1.0143167119692049e+02, 3.0150159322191207e+03,
       2.7972377620208595e+03, -1.5623571673345927e+02,
       -1.5623571673345930e+02, 1.4612168290410475e+03,
       2.3080421459641566e+03, 2.8699075817325661e+02,
       2.8699075817325672e+02, 3.5551602592970589e+03,
       1.6288090391692874e+03, 3.8411838227908510e+02,
       3.8411838227908510e+02, 2.8088850119736667e+03,
       3.1221811514394653e+03, 1.1378734088327785e+03,
       1.1378734088327785e+03, 3.0627359054080412e+03,
       3.6291615318967051e+03, -3.1203421239392253e+02,
       -3.1203421239392253e+02, 2.6590556432928679e+03 ]
weights: !!opencv-matrix
   rows: 1
   cols: 21
   dt: d
   data: [ 4.1523581115026076e-02, 6.9891552318402175e-02,
       2.1396102304424677e-02, 4.4468448487955732e-02,
       5.1143035417699982e-02, 7.4292972317372932e-02,
       3.8658494969782346e-02, 5.5261678454424694e-02,
       7.6440861144265404e-02, 5.6756631471938324e-02,
       2.2567781244221565e-02, 4.2943412765577019e-02,
       6.5462888147957296e-02, 2.7577896115262127e-02,
       4.2797771034866733e-02, 3.3781866284899549e-02,
       6.3845746969547923e-02, 4.5772661591976113e-02,
       6.8451378850965902e-02, 2.9602168103731716e-02,
       2.7363070889681110e-02 ]
pca_proj: !!opencv-matrix
   rows: 2
   cols: 21
   dt: f
   data: [ 4.36961316e-02, 8.50134730e-01, 1.73015636e-04,
       6.54514134e-02, 4.60692108e-01, 2.29939164e-04, 7.67599978e-03,
       1.46649793e-01, -1.37564148e-05, 1.21663406e-03, 1.30500361e-01,
       -5.45994153e-05, 8.06188770e-03, 1.42052382e-01, -2.12945142e-05,
       -2.45414903e-05, 9.56867734e-06, -1.94090262e-06, 3.13729906e-05,
       4.34020360e-04, 2.32224409e-07, 7.68702388e-01, -5.10314330e-02,
       1.14127281e-04, 4.21110362e-01, -3.83849256e-02, 4.02935693e-05,
       2.81941950e-01, -1.35209868e-02, 1.95932400e-04, 2.66951323e-01,
       -4.70317341e-03, 2.29704310e-04, 2.76557714e-01, -1.55316098e-02,
       2.11025646e-04, -3.74769334e-05, 5.54774260e-06, -7.89335627e-06,
       8.86836962e-04, -5.85095040e-05, 1.91629806e-04 ]
pca_mean: !!opencv-matrix
   rows: 1
   cols: 21
   dt: f
   data: [ 2.07625534e+02, 2.55653595e+02, 1.54502928e+00,
       2.18915131e+02, 2.60592743e+02, 1.67241716e+00, 2.65274475e+02,
       2.24016678e+02, 1.71669352e+00, 3.19420807e+02, 1.63929108e+02,
       1.75046074e+00, 3.16613464e+02, 2.25532654e+02, 1.70717156e+00,
       1.08872897e-04, -9.74175637e-05, 6.24380555e-05, -2.17504916e-04,
       -2.50119597e-01, 1.75055194e+00 ]
gamma: !!opencv-matrix
   rows: 21
   cols: 1
   dt: d
   data: [ 8.5122393132279606e-01, 8.2229081752310962e-01,
       8.9038921160249418e-01, 8.8055514318283323e-01,
       8.2580908642231943e-01, 8.0974601172743943e-01,
       8.6472918109232144e-01, 8.2160108493845085e-01,
       8.1664290996753786e-01, 8.5713584900040440e-01,
       8.8554074938720839e-01, 8.4379517815225658e-01,
       7.9663356787497097e-01, 8.9433116304918525e-01,
       8.5655931525917506e-01, 8.6253364509535846e-01,
       8.3521783820907680e-01, 8.6535362223222179e-01,
       8.4791385359866400e-01, 8.7844774576151741e-01,
       8.7991506087479820e-01 ]
