%YAML:1.0
means: !!opencv-matrix
   rows: 10
   cols: 10
   dt: d
   data: [ -1.3918346694144807e+02, -1.0263065015861807e+02,
       2.6019651058474334e+01, 6.5453690620789857e+01,
       -1.6996536996250644e+01, -9.7330342844313544e-01,
       1.6122131622799471e-01, -1.3002798066186605e+00,
       7.9948336811261922e-01, -3.3704038183842400e-01,
       2.9612414112485553e+01, 5.3265912693959791e+01,
       -8.3773355975254393e+00, -3.4693331856906781e+01,
       2.9749827452408018e+00, 1.5232692623423179e+00,
       -2.4246390194576559e+00, -3.0027125734357252e-01,
       -1.6153920982568082e+00, -1.5854608995868430e-01,
       3.0539542277663497e+01, -8.0376570795576441e+01,
       -8.9804687065085513e+00, 5.2929065940301903e+01,
       1.2630433246571246e-01, 2.1610314455178146e+00,
       1.5563685427533409e+00, -4.3743923544619073e-04,
       2.8086322454544660e-01, -1.7659423880372466e-02,
       -1.4193600433204816e+02, -1.3414116400356091e+01,
       3.6983489090899937e+01, 1.0320138804388934e+01,
       4.5247114726192267e-01, -2.4850890755718988e+00,
       1.2756224702635577e+00, 7.3142386140865234e-01,
       3.4483422996504426e-01, -8.1151032052113728e-02,
       8.1908324146761117e+01, 1.5981096159979696e+01,
       -2.3890218093300252e+01, -3.2092199001102770e+01,
       -2.6477162979326295e+01, -1.9655508117302077e+01,
       9.1670967412132209e-01, -2.3282927817454349e+00,
       2.1006326225656990e-01, -2.3833488944089782e-02,
       1.4999876353692369e+02, -2.6606151378993816e+00,
       -4.3064976927354778e+01, 1.6999183759684768e+00,
       -6.5513208855691412e+00, 1.1795747676043163e+01,
       -2.8812079350782016e-01, 9.7626050883412030e-01,
       -9.6600507290398024e-03, -1.4596366421799681e-01,
       -1.7359304137252045e+02, 8.5812924357174239e+01,
       3.6246030510595922e+01, -5.0120807029928613e+01,
       -1.8319290964799528e+01, 9.2547151889522290e+00,
       -2.2681477541538726e+00, 1.7975635268640584e+00,
       6.8656655081102202e-01, -7.2299824016669803e-02,
       -4.0928154174709043e+01, -1.1694772399415328e+01,
       2.7985517479008998e+01, 1.8967659280144201e+01,
       2.2867083594943860e+01, -6.0859696150469498e+00,
       -7.7310180734872711e+00, -6.8327087665963537e+00,
       -4.7197117157941264e+00, 1.3671119940107821e+00,
       4.8126446499061778e+01, 1.9480942761430153e+01,
       -5.2332515132831707e+00, -8.7128027485406427e+00,
       1.7217295268433986e+01, -7.2492280123353259e-01,
       5.6551485282914882e-01, 9.6068632120618702e-01,
       3.8279297377366328e-01, 4.1575353510127332e-02,
       -1.8811306363643740e+02, 1.3798279984362962e+01,
       3.5561878795518638e+01, -7.1690429637040483e+00,
       -3.8198865976098428e+00, 3.7473286623799216e+00,
       -3.0130670760150964e+00, -6.6098533023845221e+00,
       -2.5747308457577640e+00, 9.3623166615632836e-01 ]
covs: !!opencv-matrix
   rows: 100
   cols: 10
   dt: d
   data: [ 5.0245402341585386e+03, 3.7219268416097356e+02,
       3.1333136599094287e+03, 1.5192067269522067e+02,
       -2.8039664333244179e+01, 1.9883788200516221e+00,
       2.7301140445953774e+01, -4.7634833466952443e+01,
       -3.4195155084646651e+00, -2.6337147693232530e+00,
       3.7219268416097361e+02, 6.2360592910286659e+03,
       -4.2103231384979523e+01, 2.2187667136006180e+03,
       -7.0558108071519911e+01, -2.0100692697203776e+01,
       9.3284900971793732e+01, -2.9827258736727952e+01,
       -1.6701596220528099e+01, 7.8573834537749896e+00,
       3.1333136599094287e+03, -4.2103231384979587e+01,
       2.5119274427913920e+03, 1.4257709507122774e+01,
       -8.7191045501841245e+01, 1.7354295318509436e+01,
       -1.3148608508976162e+01, 1.5651839611497026e+01,
       -3.7295006676742313e+00, 6.7470632604399150e-01,
       1.5192067269522070e+02, 2.2187667136006185e+03,
       1.4257709507122781e+01, 1.2082895184517736e+03,
       -5.2445212244238149e+01, -1.1031448338003509e+02,
       -4.0259566343346222e+01, -6.0368225177659500e+00,
       9.1657494594291222e+00, 1.7613167875358500e+00,
       -2.8039664333244197e+01, -7.0558108071519896e+01,
       -8.7191045501841245e+01, -5.2445212244238149e+01,
       4.9762303294876226e+01, -1.9808505009195670e+01,
       7.2368245519434415e+00, 1.9434361074842457e+00,
       -3.0364258103945714e+00, 1.8581685892272022e+00,
       1.9883788200516286e+00, -2.0100692697203769e+01,
       1.7354295318509436e+01, -1.1031448338003509e+02,
       -1.9808505009195670e+01, 5.0158494523199543e+01,
       2.0570704611032053e+01, -6.4019402791539068e+00,
       -2.1000986564111108e+00, -9.5853940304372021e-01,
       2.7301140445953774e+01, 9.3284900971793732e+01,
       -1.3148608508976155e+01, -4.0259566343346222e+01,
       7.2368245519434415e+00, 2.0570704611032053e+01,
       2.0760981616857283e+01, -2.2033185130103896e+00,
       -2.9312632788462616e+00, 8.2845001625992232e-01,
       -4.7634833466952443e+01, -2.9827258736727948e+01,
       1.5651839611497026e+01, -6.0368225177659518e+00,
       1.9434361074842461e+00, -6.4019402791539060e+00,
       -2.2033185130103896e+00, 1.4858919667063414e+01,
       -2.8512365869712837e+00, 1.2266116281340194e+00,
       -3.4195155084646651e+00, -1.6701596220528103e+01,
       -3.7295006676742313e+00, 9.1657494594291240e+00,
       -3.0364258103945714e+00, -2.1000986564111108e+00,
       -2.9312632788462616e+00, -2.8512365869712837e+00,
       1.9365684125573031e+00, -4.4000728164957043e-01,
       -2.6337147693232534e+00, 7.8573834537749896e+00,
       6.7470632604399150e-01, 1.7613167875358500e+00,
       1.8581685892272020e+00, -9.5853940304372021e-01,
       8.2845001625992232e-01, 1.2266116281340198e+00,
       -4.4000728164957043e-01, 4.8534451850767990e-01,
       8.3998129027985215e+03, -2.9811696979605983e+02,
       2.3274548104833061e+03, 2.6053504409788309e+02,
       -3.3338126112436964e+02, 2.9123546933082446e+02,
       -2.1986156555750483e+02, -1.3106377083338359e+02,
       -6.5361159180545371e+01, 3.9495903817095972e+01,
       -2.9811696979606000e+02, 1.0700639752038973e+04,
       2.5739282584131229e+02, 1.7610212869767037e+02,
       6.6073246061276507e+02, 2.0247511383198290e+02,
       1.5697001693084965e+02, 5.3729662129413448e+01,
       9.1665534738408340e+01, 5.2801661036900001e+00,
       2.3274548104833061e+03, 2.5739282584131229e+02,
       2.8347347778710705e+03, -1.4450680722942377e+02,
       1.4561444154415128e+02, 2.9946284664925904e+00,
       -5.6770575187743990e+00, 6.2190940804191666e+00,
       -2.9940292005009419e+00, -4.5138052399895287e+01,
       2.6053504409788297e+02, 1.7610212869767042e+02,
       -1.4450680722942374e+02, 2.3088258629069978e+03,
       -3.2965410785715386e+02, 4.6889578710511820e+01,
       -8.3728798873582235e+01, -6.6927130651485825e+01,
       -6.1430495653103094e+01, 1.4562876383870643e+01,
       -3.3338126112436964e+02, 6.6073246061276518e+02,
       1.4561444154415128e+02, -3.2965410785715380e+02,
       3.7599964120809574e+02, 8.6423994218666053e+01,
       -5.6780666123877390e+00, 1.2274224613413834e+01,
       8.5980627504867719e+00, -1.3852268685846719e+01,
       2.9123546933082440e+02, 2.0247511383198290e+02,
       2.9946284664925931e+00, 4.6889578710511820e+01,
       8.6423994218666053e+01, 3.2285203846430863e+02,
       -1.7733155218953534e+01, -2.5613976846793555e+01,
       6.0950186685333714e+00, 1.6477848607571250e+01,
       -2.1986156555750480e+02, 1.5697001693084962e+02,
       -5.6770575187743972e+00, -8.3728798873582249e+01,
       -5.6780666123877381e+00, -1.7733155218953534e+01,
       5.4184327283831522e+01, 1.3188849818551271e+01,
       1.1454140068184401e+01, 1.4534137599621699e-02,
       -1.3106377083338361e+02, 5.3729662129413448e+01,
       6.2190940804191683e+00, -6.6927130651485825e+01,
       1.2274224613413834e+01, -2.5613976846793555e+01,
       1.3188849818551271e+01, 2.6414590251274138e+01,
       5.9663445995130617e+00, -2.8195232881585497e+00,
