%YAML:1.0
means: !!opencv-matrix
   rows: 16
   cols: 4
   dt: d
   data: [ -1.3949584646045173e+02, 6.4871637261952175e+00,
       3.5788927427381104e+01, -5.3706041238798626e+01,
       1.5213678658089918e+02, -1.0422244098900869e+02,
       1.7979194431327606e+01, 4.7327833406914319e+00,
       -6.8522702900196691e+01, 2.2002224854950935e+01,
       -4.3655250274045997e+01, 7.8474864829209551e+01,
       -1.8345823147055251e+02, -1.2186746964509564e+02,
       3.5916856735281542e+01, -9.6433474739014109e+00,
       1.9988459920673935e+02, 2.3264408413447995e+01,
       2.3826661059467970e+01, -1.5672499255063494e+01,
       -2.3697843559780210e+02, 6.4739686502027975e+00,
       -1.2998752719850739e+01, 3.3679784859977282e+00,
       1.0057359483285120e+02, 7.1963773636786046e+00,
       -2.0783525021335954e+01, 6.0510039710096486e+01,
       -5.8542801092696436e+01, -1.3202435971728860e+02,
       -4.8670282242409648e+00, 3.5927982274785577e+01,
       9.3952549412211980e+01, 8.7327625700310278e+01,
       -6.8469284173110495e+01, 1.0578152320768313e+01,
       7.3327240461201001e+01, -6.4852313664552554e+01,
       -7.1557750156408616e+01, -1.8412741421336513e+01,
       7.5385715142255677e+01, 7.1710618312401939e+00,
       -2.6568869299920532e+01, -3.7794492330883429e+01,
       5.5234874061751682e+01, -5.3838182906202263e+00,
       4.7408770185642368e+01, -2.4636591666037791e+01,
       -8.3859131889195709e+01, -6.5697685838979965e+00,
       8.9430034298267230e+01, 9.9238005218058074e+00,
       -2.0367363296015705e+02, 1.2318343060126162e+02,
       3.8695373305452584e+01, -1.8091645424687111e-01,
       -5.7206624944766560e+01, 2.3297142670044167e+01,
       -3.8219652069896220e+01, -2.2938769831614707e+01,
       2.4749943087882038e+01, 9.5647149296087846e+01,
       2.9951987398530505e+01, 3.9060694005101276e+01 ]
covs: !!opencv-matrix
   rows: 64
   cols: 4
   dt: d
   data: [ 6.5188149569174184e+03, -1.2548168860741432e+03,
       2.1805095895568361e+03, 9.4375719020329325e+02,
       -1.2548168860741434e+03, 4.1039727760308979e+03,
       -9.0851783958774860e+01, 7.6729252398153824e+02,
       2.1805095895568361e+03, -9.0851783958774888e+01,
       1.9864410116624204e+03, -8.9461147634072802e+01,
       9.4375719020329325e+02, 7.6729252398153824e+02,
       -8.9461147634072788e+01, 9.3957561476963212e+02,
       3.0273492883285426e+03, 6.9148511752458342e+02,
       -6.0297785464472398e+01, -8.1364897164835998e+02,
       6.9148511752458319e+02, 3.6535987515880970e+03,
       -4.7111873029098535e+02, -1.7161900679938429e+02,
       -6.0297785464472391e+01, -4.7111873029098535e+02,
       9.3289792535679555e+02, 5.0053948696800057e+02,
       -8.1364897164835998e+02, -1.7161900679938429e+02,
       5.0053948696800057e+02, 1.3284515892342333e+03,
       6.3837166812581690e+03, 1.2738939139282270e+03,
       -1.7974798884614202e+03, -4.8123380995709562e+02,
       1.2738939139282270e+03, 2.3483961115159836e+03,
       -4.6397090857884194e+02, -3.8266399234831215e+02,
       -1.7974798884614202e+03, -4.6397090857884194e+02,
       1.7720818013889264e+03, -2.4263420464240134e+01,
       -4.8123380995709562e+02, -3.8266399234831215e+02,
       -2.4263420464240134e+01, 7.2294870573859112e+02,
       4.7627770714218077e+03, -1.2256407852487621e+03,
       2.1195088050274012e+03, 5.2594423823402201e+02,
       -1.2256407852487623e+03, 4.8937046506362649e+03,
       6.6133346729295636e+02, -1.4686140778126210e+03,
       2.1195088050274012e+03, 6.6133346729295636e+02,
       2.2109169889592954e+03, -4.6718385144004725e+02,
       5.2594423823402201e+02, -1.4686140778126210e+03,
       -4.6718385144004725e+02, 1.1758491809497987e+03,
       2.2736085854273974e+03, -1.8640746876298903e+02,
       -4.4747140767920008e+01, 4.2823050318534018e+02,
       -1.8640746876298905e+02, 5.0636468384857135e+03,
       8.0528885147005425e+01, 1.7878275086581550e+03,
       -4.4747140767920015e+01, 8.0528885147005383e+01,
       4.7413203611927179e+02, -6.1481828098340799e+01,
       4.2823050318534018e+02, 1.7878275086581550e+03,
       -6.1481828098340792e+01, 1.4373859458475486e+03,
       3.2553575101418983e+03, 1.8477760504617748e+02,
       5.2015550446804184e+02, 9.7807502001929140e+02,
       1.8477760504617740e+02, 6.6169756902560994e+03,
       1.9530000007475653e+02, -6.8810606938122726e+02,
       5.2015550446804184e+02, 1.9530000007475653e+02,
       5.4180989450522793e+02, -1.8226601857575574e+02,
       9.7807502001929140e+02, -6.8810606938122726e+02,
       -1.8226601857575574e+02, 3.2572906834076462e+03,
       6.0781834446989178e+03, 2.3027384393459720e+03,
       1.9597307191438390e+03, -7.2380600565381587e+02,
       2.3027384393459720e+03, 3.6894836699997636e+03,
       -1.8195388092308787e+02, -3.4320066489631864e+02,
       1.9597307191438390e+03, -1.8195388092308787e+02,
       2.1043830716327170e+03, 2.3639166395202375e+02,
       -7.2380600565381599e+02, -3.4320066489631859e+02,
       2.3639166395202375e+02, 9.7823321514252575e+02,
       6.7976088908760375e+03, -1.1648771217940255e+03,
       8.5307770870358388e+02, -5.1178461851082801e+02,
       -1.1648771217940257e+03, 3.8658362138563712e+03,
       7.4494505184128855e+02, 7.4535918337869111e+02,
       8.5307770870358365e+02, 7.4494505184128855e+02,
       2.5360706322436395e+03, 3.3219278361877493e+01,
       -5.1178461851082807e+02, 7.4535918337869111e+02,
       3.3219278361877485e+01, 6.5335147386272695e+02,
       3.2701468550953582e+03, -3.7820503756044718e+02,
       1.1594376184120949e+03, 1.3903556697341133e+02,
       -3.7820503756044712e+02, 2.0934261845540345e+03,
       5.7107721635560669e+00, 4.2959694848974942e+02,
       1.1594376184120949e+03, 5.7107721635560731e+00,
       1.2990240049327481e+03, -1.1949377118325290e+02,
       1.3903556697341133e+02, 4.2959694848974942e+02,
       -1.1949377118325290e+02, 6.6242727701578099e+02,
       3.0796643223172223e+03, 6.7346977880955683e+02,
       7.8779442874780500e+02, -5.6045419580969872e+02,
       6.7346977880955683e+02, 3.1980999888377896e+03,
       -7.4601937173000443e-01, -6.4661094976278648e+01,
       7.8779442874780500e+02, -7.4601937173001642e-01,
       1.1832277457780094e+03, 9.8503832709702579e+01,
       -5.6045419580969872e+02, -6.4661094976278619e+01,
       9.8503832709702579e+01, 1.1744510623524895e+03,
       3.6887424125464840e+03, 1.6952476601491945e+01,
       2.7923051323709828e+03, 1.0085544041206111e+02,
       1.6952476601491945e+01, 5.1160402411698597e+03,
       3.6631916182003526e+00, 2.2078832283885954e+03,
       2.7923051323709828e+03, 3.6631916182003126e+00,
       2.3351385976210408e+03, 4.4931820025267307e+01,
       1.0085544041206114e+02, 2.2078832283885954e+03,
       4.4931820025267314e+01, 1.0456190849321922e+03,
       2.6308783438182277e+03, 7.9320297072894220e+02,
       5.8933727849864636e+02, -1.7239705501911504e+02,
       7.9320297072894220e+02, 7.8428975312916591e+03,
       -2.3898881444478306e+02, -8.1483936969781678e+02,
       5.8933727849864636e+02, -2.3898881444478306e+02,
       8.9071150189565719e+02, 2.1754016465030583e+02,
       -1.7239705501911507e+02, -8.1483936969781712e+02,
       2.1754016465030580e+02, 2.2197237657447749e+03,
       2.8203030267267400e+03, -1.0174915806746410e+03,
       1.8994289485588783e+02, 6.9578982904793043e+02,
       -1.0174915806746410e+03, 9.1229012527350696e+03,
       3.8666779226820324e+02, -9.2383513544612401e+02,
       1.8994289485588783e+02, 3.8666779226820324e+02,
       4.8224611489730785e+02, -1.9090711852648198e+02,
       6.9578982904793043e+02, -9.2383513544612379e+02,
       -1.9090711852648190e+02, 2.7416400207957313e+03,
       4.5605547268572600e+03, 1.1674700380740839e+02,
       2.4644895872494367e+03, -3.1200005111403067e+02,
       1.1674700380740835e+02, 4.3845255561733575e+03,
       -4.1255433126295856e+02, -7.1810126521468771e+02,
       2.4644895872494367e+03, -4.1255433126295856e+02,
