%YAML:1.0
means: !!opencv-matrix
   rows: 7
   cols: 21
   dt: d
   data: [ 1.8997850655932643e+02, 1.6933808189715376e+02,
       1.4783720956392488e+00, 2.0733151887061112e+02,
       2.1718945477047120e+02, 1.5938797065369523e+00,
       2.6773554604902364e+02, 2.2210687050917380e+02,
       1.7265232221325510e+00, 3.2359194403242179e+02,
       1.6659288083831387e+02, 1.7798895429793369e+00,
       3.1924679487807293e+02, 2.2483804330132264e+02,
       1.7177029759105380e+00, 9.9760756607415258e-04,
       -2.6281986899653548e-03, -1.7692804246166433e-03,
       4.6522149033848340e-03, -2.4855084045455694e-01,
       1.7545761788111456e+00, 2.1011642382644973e+02,
       2.9677469737790182e+02, 1.6996203484329315e+00,
       2.2756541526236134e+02, 2.8328222683270775e+02,
       1.8438883766393639e+00, 2.6953339420418456e+02,
       2.2478558836894592e+02, 1.8555025361650621e+00,
       3.1958918960907033e+02, 1.6883235850018013e+02,
       1.8812369538980753e+00, 3.1720868624858036e+02,
       2.2595558037926907e+02, 1.8422844548233770e+00,
       -1.6367331447081281e-04, 3.4282579167799008e-03,
       5.1238119924464694e-04, 8.8627318456216018e-04,
       -2.5278409887802611e-01, 1.8870662946144627e+00,
       2.4072420382969923e+02, 3.7589138917603771e+02,
       1.6771683134883468e+00, 2.2913250169909097e+02,
       2.9935784921728924e+02, 1.7354057692454894e+00,
       2.6257101686684183e+02, 2.2674390024710624e+02,
       1.7077889390884129e+00, 3.1340360967974209e+02,
       1.6412749499450280e+02, 1.7284623139365993e+00,
       3.1264312290951807e+02, 2.2666853262918815e+02,
       1.6937192030552732e+00, -2.8138725258319412e-03,
       1.6491547849397195e-03, -3.6745791295042887e-04,
       -1.0212388466721454e-03, -2.4827115085930349e-01,
       1.7487398274686590e+00, 2.5654506462946813e+02,
       7.5773184677361854e+01, 1.5478343635335330e+00,
       2.2726128128747027e+02, 1.5411989916195444e+02,
       1.6453896391606111e+00, 2.6627944310571451e+02,
       2.1980192007421664e+02, 1.7216647139735082e+00,
       3.1993305488465103e+02, 1.6255484052062420e+02,
       1.7582315857536557e+00, 3.1680775086800730e+02,
       2.2210258549067527e+02, 1.7154929256658715e+00,
       5.9769173103973994e-04, -8.8005762086281532e-04,
       2.6036977347450915e-04, 5.9335319607194267e-04,
       -2.5229852029592142e-01, 1.7504630890643760e+00,
       1.8960184542211670e+02, 2.6839731035366106e+02,
       1.4453540569078365e+00, 2.1149388551167533e+02,
       2.5822461067194416e+02, 1.5835488821894936e+00,
       2.6099524487391085e+02, 1.9256756939176674e+02,
       1.5990714740320588e+00, 3.1930504761074872e+02,
       1.2871183892474389e+02, 1.6280985274566389e+00,
       3.1638058974354971e+02, 1.9376193447493984e+02,
       1.5861498096731590e+00, 8.2842185365044317e-04,
       -7.1002036839244590e-03, 6.9472218713977172e-04,
       -7.4483638863785716e-04, -3.4321695989296291e-01,
       1.6343391022335572e+00, 2.3770541655633076e+02,
       2.4731060511833886e+02, 1.4580849110987344e+00,
       2.3366395456093991e+02, 2.6761409704345158e+02,
       1.5946412448093734e+00, 2.6707338941251959e+02,
       2.3109016831721314e+02, 1.6931523633947128e+00,
       3.1805191474724080e+02, 1.6264167663300759e+02,
       1.7412782689181467e+00, 3.1635511503754225e+02,
       2.3178699615533196e+02, 1.7090528520862858e+00,
       -5.6851677541900509e-05, -1.7982200678806832e-04,
       6.0997639234908055e-04, -1.6305047251471425e-03,
       -2.4863076598173964e-01, 1.7486450678026404e+00,
       1.8912870334749329e+02, 3.4919926218528366e+02,
       1.4808460853270740e+00, 2.1130984384261413e+02,
       3.2577027636831036e+02, 1.6219768701608854e+00,
       2.5950124496481573e+02, 2.5776116459439447e+02,
       1.6208129032967413e+00, 3.1666610846819788e+02,
       1.9289459018095368e+02, 1.6444931352436656e+00,
       3.1410073961739596e+02, 2.5920779025645584e+02,
       1.6071843756052984e+00, -4.8939620128668232e-04,
       4.9147642372125953e-03, 6.7159599945740246e-04,
       -6.9535909235970790e-03, -1.4516384008959382e-01,
       1.6535847041206393e+00 ]
