%YAML:1.0
means: !!opencv-matrix
   rows: 25
   cols: 7
   dt: d
   data: [ -1.0472346474945095e+01, -1.8786370816672612e+01,
       4.9786608658147422e+00, 1.3631609266605951e+00,
       3.3653893902856566e+01, 6.8275268187359228e-01,
       1.1448946398721347e+00, -1.1756631797681676e+02,
       4.3298545398966660e+01, 8.0058109776571229e+01,
       -4.2506425372650277e+01, -7.5687474868270845e+00,
       -2.3422836338615682e+00, -3.1406143176649498e-01,
       1.4936282144481686e+02, 3.7484872480186224e+00,
       4.1473250259918721e+01, -1.7199918964820345e+01,
       4.1797838823057374e+00, 2.3011658836948212e-01,
       -7.0587431077375795e-01, -1.2263714788361675e+02,
       -3.0815858510484695e+01, 4.2667962827502855e+01,
       -1.3744047236489866e+01, 7.2701782756503974e-01,
       -1.8265488131450152e+01, -1.4912459342515103e+00,
       1.0120359642124023e+02, 3.9149463469399208e+01,
       -3.2377394889097722e+01, -9.5565743095233699e+00,
       -8.7487872233906003e+00, -1.5306493202769110e+01,
       -4.8079583746800090e+00, -2.3279202829668739e+02,
       4.2615732605531335e+01, -1.6450881897360010e+00,
       -2.3423782947964298e+01, -5.2789894197745291e+00,
       -6.7271682397145973e+00, 8.2228266283371862e-02,
       1.2400917363926672e+02, -4.5495562814373343e+01,
       -3.1862172292943914e+01, 4.0392795624939730e+01,
       -2.3062016180140180e+01, 7.6895355568384502e+00,
       3.7974071855300418e-01, 5.9346991203609569e+01,
       7.0037941249048536e+00, -2.3613854555302520e+01,
       -2.7247817869268576e+00, -1.1539614915575443e+01,
       -8.1109379898506759e+00, -1.2240971170099115e+00,
       2.0017299935721255e+01, 9.9352580648812481e+00,
       -1.9797339473056986e+01, -3.2170843414217223e+00,
       -8.2752856909453616e+00, -4.4908888085139651e+00,
       -4.3927813639272795e-01, -8.2960710973397880e+01,
       1.0200942932438588e+02, 5.5594769194528544e+00,
       -5.0409843427322045e+01, 3.7227106414424371e+00,
       5.5394235103953262e+00, 1.8028318176174192e+00,
       1.3978386193207120e+01, -2.3201880519466653e+02,
       9.0768373832607896e+00, 7.5585064587937154e+01,
       -1.6964987333464292e+00, -2.9488301654728392e+01,
       -3.2334478295569489e+00, 5.3517825836474140e+00,
       5.3359287851204208e+01, 1.6497999144492411e+01,
       -1.6473642753794675e+01, 2.7685864974776404e+01,
       -9.4112949419124874e+00, -7.2175194542771983e+00,
       -1.7026372914368488e+02, -1.5528635548363906e+02,
       5.3140916288181046e+01, 5.1655659041408370e+01,
       -4.0728138077225424e+01, -1.8912452102211567e+01,
       -5.4726357018182084e+00, -1.9894055462378009e+02,
       -5.1636621237281766e+01, 4.9074395281582781e+01,
       7.9203145299302946e+00, -1.4639575574115437e+01,
       -8.4572923324208993e-01, -1.0688328219978862e+00,
       3.3490745616206368e+01, 1.2468320749327451e+02,
       -2.7405510140822667e+01, -5.2438427532353963e+01,
       -8.5083056765715490e+00, 1.3049776060910252e+00,
       2.2196927572154714e+00, 6.2673047059941332e+01,
       -9.3052065115624867e+00, -3.2432421695690913e+01,
       1.1333806001284461e+01, 1.4881708000929700e+01,
       -6.4603425577781097e+00, 5.6883925510345390e-01,
       1.0047119082788024e+02, -4.8629895975164565e+01,
       -2.1676754719712608e+01, 3.5817261227108133e+01,
       -2.7429999295008123e+01, 2.3016415323794224e+01,
       1.1916722883692443e+00, 8.5333488285606677e+01,
       -6.3272537599166014e+01, -1.3606077102028173e+01,
       4.8938859721164022e+01, -3.3713044908949139e+00,
       2.6516707871869457e+01, 2.4145794603204616e+00,
       -7.3108001036379022e+01, -2.6628389144295003e+01,
       2.6716145767742912e+01, 1.1556383732884399e+01,
       2.1703866614758567e+01, 1.4278051277206185e+01,
       1.9987109617355410e+00, 1.8784929616242130e+02,
       1.6328290404544987e+01, -4.9126810173674357e+01,
       1.2766707986474518e+01, -9.5935199629636490e+00,
       -7.1500605583619183e+00, 1.1576868626844212e+00,
       5.0123148091006566e+00, 8.9938995218022498e+01,
       -1.3389332828969916e+01, -4.1072767097074227e+01,
       1.2827384719391420e+01, -4.1388550657956413e+00,
       1.5206063502898834e+00, -1.3456825281307002e+02,
       1.3053788355636081e+02, 1.1179848872164165e+01,
       -5.3829296036005289e+01, -2.5124680550993475e+01,
       -4.4164237984201007e+00, -3.2318179145737341e-01,
       5.5257052516275749e+01, -1.0652761816483911e+02,
       5.0203778790030562e+01, 3.6174569589415704e+01,
       2.2595911365934274e+01, 1.2800237958498343e+01,
       1.5376865477466040e+00, -1.3630604858741972e+02,
       -6.0532509780299712e+01, 3.8860013574289830e+01,
       2.9697800125708085e+01, -1.6959600020155452e+01,
       1.8107291535243338e+01, -6.1789688158063216e-01,
       -5.5580650067134400e+01, -8.1467668009098944e+01,
       -3.0032518932863752e+01, 5.6198441307498932e+01,
       2.1366691916419612e+01, 1.2789798621986161e+01,
       1.3213076497601590e+00 ]
