%YAML:1.0
means: !!opencv-matrix
   rows: 24
   cols: 3
   dt: d
   data: [ -1.3222701010584908e+02, -1.4359379163118194e+02,
       6.4031718009945735e+01, 2.4657851818042076e+01,
       1.7274215734829298e+02, -2.8228667801420704e+00,
       1.0433515121353441e+01, 5.8146882624158863e+01,
       2.3669413664513076e+01, -1.9163873754907755e+02,
       -2.8561981738043180e+01, -4.6000746344215280e+00,
       1.4105977491585156e+02, -1.0713596614802557e+02,
       -1.2886704308223180e+01, 3.7357458972234021e+01,
       -4.0819875165220090e+01, 1.8903891710533788e+01,
       -1.2167005028530551e+02, 4.0591260265134252e+01,
       -1.8888055997198823e+01, 2.2985271528586421e+02,
       1.2253746498860121e+01, 3.4356634753523963e+01,
       -2.6347250504102283e+02, -8.2535924312518958e+01,
       -4.3097208007101386e+00, -8.0832223760300650e+01,
       -6.8203893543952589e+01, -4.2754115112353716e+01,
       -5.4089632572065128e+01, 8.4045848920879269e+00,
       7.4366188340964086e+01, 1.9282223345754630e+00,
       1.0095004677823724e+01, -7.0677205119053383e+01,
       -8.7498740243624425e+01, 1.1861900755365659e+02,
       6.1967011272441503e+01, -1.8375734611254026e+02,
       1.5650444177837190e+02, -1.1738537493549103e+01,
       7.3079112846927202e+01, 7.4742532599268927e+01,
       -4.2847537723894568e+01, 1.2620681515410480e+02,
       1.1946712917491870e+02, 3.0615727681172487e+01,
       7.1139752979568129e+00, -3.1368957490190610e+02,
       -1.9183867994774229e+01, 1.4489768747687285e+02,
       -5.5014328517140889e+00, 3.8761132745378141e+01,
       -7.1621498293810513e+00, -1.3905317400382125e+02,
       -5.4283013937064677e+00, 8.7204436803790685e+01,
       -1.1068619620743381e+02, 6.9612793642895497e+01,
       -1.5600027502543182e+02, -2.5968556598670183e+01,
       8.1776765207140755e+01, -5.7590997819532390e+01,
       1.2872620208332273e+02, -6.1910725485883859e+01,
       4.5835836975429487e+01, -9.9428710707239020e+01,
       -8.3161848893747162e+01, 1.1549710248017577e+02,
       -1.9469257355140190e+00, -2.6904201071747224e+01 ]
covs: !!opencv-matrix
   rows: 72
   cols: 3
   dt: d
   data: [ 2.5509575928919398e+03, -5.3851527140617156e+02,
       1.2232175283924248e+03, -5.3851527140617179e+02,
       4.5860909572346218e+03, 9.0125819865303036e+00,
       1.2232175283924244e+03, 9.0125819865303107e+00,
       1.0486820189729438e+03, 3.1490228180361619e+03,
       1.8166291062914041e+02, 9.2176895538015685e+01,
       1.8166291062914041e+02, 3.5435746264522818e+03,
       3.6938333021445237e+02, 9.2176895538015728e+01,
       3.6938333021445254e+02, 1.4272279740115839e+03,
       3.0827195114372339e+03, 1.0415907902048718e+02,
       1.5794639792156192e+03, 1.0415907902048720e+02,
       3.4167796561086329e+03, -1.3022209559813021e+02,
       1.5794639792156192e+03, -1.3022209559813027e+02,
       1.4510058451930322e+03, 3.3773014797114779e+03,
       -1.7574176263716170e+03, 3.8953381993255744e+02,
       -1.7574176263716167e+03, 5.8700763948440190e+03,
       6.0579105560928997e+02, 3.8953381993255749e+02,
       6.0579105560928997e+02, 1.0976193503085990e+03,
       4.0801493694470082e+03, 6.2357232156868838e+02,
       -9.4790181924987522e+01, 6.2357232156868849e+02,
       2.8288702038800620e+03, -4.7623069274030661e+02,
       -9.4790181924987564e+01, -4.7623069274030667e+02,
       1.3362437095661132e+03, 3.8842975676645624e+03,
       2.3049888187445376e+03, -9.0137488974058863e+02,
       2.3049888187445376e+03, 4.8516009590786416e+03,
       -1.4020767723204051e+03, -9.0137488974058851e+02,
       -1.4020767723204053e+03, 1.5357300632143060e+03,
       4.9031740512523174e+03, -7.4751405760738589e+02,
       5.7077747833647777e+02, -7.4751405760738567e+02,
       2.6748775305267886e+03, -2.7701821473291778e+02,
       5.7077747833647777e+02, -2.7701821473291778e+02,
       1.4731815672059849e+03, 3.1500733393280702e+03,
       1.5726407669669243e+02, -7.1753738210013069e+02,
       1.5726407669669246e+02, 8.9573542327933264e+03,
       4.3798743889200239e+02, -7.1753738210013069e+02,
       4.3798743889200239e+02, 5.0389094008392175e+02,
       2.3095591919640374e+03, -1.4104045698626730e+03,
       5.5649737109191778e+02, -1.4104045698626730e+03,
       8.3439934064904210e+03, 4.9353978344253636e+02,
       5.5649737109191767e+02, 4.9353978344253642e+02,
       6.2749857455533174e+02, 1.3786783958695116e+03,
       2.3444881019402149e+02, 2.6982892885580753e+02,
       2.3444881019402141e+02, 3.6913146127887931e+03,
       3.0716723499698066e+01, 2.6982892885580753e+02,
       3.0716723499698055e+01, 7.5524468886150112e+02,
       2.3729944591092235e+03, 4.9741309013816249e+02,
       3.4330495128039428e+02, 4.9741309013816249e+02,
       4.7856007092406162e+03, 2.5585171650270414e+02,
       3.4330495128039428e+02, 2.5585171650270408e+02,
       9.1188824501122258e+02, 3.9823749662789000e+03,
       -2.1832929789044229e+02, -3.4806957000011965e+02,
       -2.1832929789044229e+02, 2.6151131940337527e+03,
       -2.2544380761121747e+02, -3.4806957000011965e+02,
       -2.2544380761121744e+02, 1.1165501677281381e+03,
       2.8732286011675274e+03, 4.0376275134361043e+02,
       4.8974761792838416e+02, 4.0376275134361049e+02,
       5.3401786731223465e+03, -5.8529714134041662e+01,
       4.8974761792838416e+02, -5.8529714134041662e+01,
       1.2022350728994270e+03, 4.6660643551375815e+03,
       9.8454059513198922e+02, 1.7882282193580423e+02,
       9.8454059513198945e+02, 4.1693443263795079e+03,
       -6.2881319883696187e+02, 1.7882282193580423e+02,
       -6.2881319883696187e+02, 1.1560328253300975e+03,
       3.4694356309921159e+03, 5.8914522714181317e+02,
       2.9770286128754304e+02, 5.8914522714181328e+02,
       3.4829807181514461e+03, -2.0893393103235800e+02,
       2.9770286128754310e+02, -2.0893393103235800e+02,
       1.6330594890844077e+03, 4.0903780983810661e+03,
       -8.7699566418191785e+02, -1.1441532780516623e+03,
       -8.7699566418191785e+02, 5.1953494883817193e+03,
       9.1312683874723575e+02, -1.1441532780516623e+03,
       9.1312683874723575e+02, 1.1066657692400831e+03,
       4.3720348275995520e+03, -1.4124219296540221e+02,
       2.2844743434930460e+03, -1.4124219296540221e+02,
       2.0107923493452329e+03, 3.7553278257068774e+02,
       2.2844743434930460e+03, 3.7553278257068780e+02,
       1.7873085201743868e+03, 4.0209531094902200e+03,
       -6.9243431558945440e+02, -1.3074076834148279e+03,
       -6.9243431558945440e+02, 5.0148784481067387e+03,
       3.5317346113152581e+02, -1.3074076834148279e+03,
       3.5317346113152587e+02, 1.1323315193917135e+03,
       2.7254051121058174e+03, 5.5262186360552073e+02,
       1.4772763444354921e+03, 5.5262186360552084e+02,
       5.1230643174658062e+03, 5.4110964305747211e+02,
       1.4772763444354923e+03, 5.4110964305747211e+02,
       1.3077559964454056e+03, 1.3048536913054072e+03,
       -7.8283693414587879e+02, 1.3721344333397661e+02,
       -7.8283693414587890e+02, 9.5292838903807569e+03,
       8.2172914983149997e+02, 1.3721344333397658e+02,
       8.2172914983149997e+02, 4.6767387990031199e+02,
       2.6249938674165751e+03, -6.5299767081445373e+02,
       1.2200108946305847e+03, -6.5299767081445373e+02,
       6.8895461501918417e+03, 5.1126721061147748e+02,
       1.2200108946305847e+03, 5.1126721061147754e+02,
       1.1073932156241822e+03, 3.0259556682979883e+03,
       -3.3968817620456107e+01, -2.2912236845869882e+02,
       -3.3968817620456157e+01, 4.7825875758888860e+03,
       -7.1180857574220141e+01, -2.2912236845869882e+02,
       -7.1180857574220155e+01, 8.2043484220617870e+02,
       3.4173123813608649e+03, 2.8125923635624417e+02,
       -3.0192854457710331e+02, 2.8125923635624417e+02,
       2.8983376728916364e+03, -2.5266471174195783e+02,
       -3.0192854457710337e+02, -2.5266471174195783e+02,
       1.0245031835196478e+03, 4.1443141335641440e+03,
       5.5019291650966613e+02, 3.4766838767703916e+02,
