%YAML:1.0
means: !!opencv-matrix
   rows: 5
   cols: 19
   dt: d
   data: [ 3.7082072637963378e+01, -2.6787193826535944e+01,
       -1.5236251619614137e+01, 1.2080529254973809e+01,
       9.0548991849937170e+00, -5.0687610327349830e+00,
       -2.6743956042675712e+00, 1.8557999409071502e+00,
       7.7539755310466874e-01, -3.0848494565189472e-02,
       -1.4386458232176271e-02, -8.1780188572880431e-03,
       4.0545357673512023e-03, 9.3376255133434014e-04,
       3.7077897701265507e-04, -1.3588469232994058e-03,
       1.3809478529645176e-03, 1.2543838693396443e-04,
       7.1381265501823331e-04, -1.8288438129682439e+02,
       8.5995262262365078e+00, 3.8554292569356839e+01,
       -9.7655955544007078e-01, -1.4730597882650429e+01,
       7.3433193148448321e+00, -9.9313667001501826e-01,
       3.3406356373130569e-01, 3.7012635981827297e-01,
       -6.4239876957764119e-02, -1.3545167046617939e-02,
       -1.2051065901510599e-02, 2.6255891994616145e-03,
       -1.8752445983677740e-03, 3.7185185023939343e-03,
       -3.0447208444166550e-03, -4.6766591967322644e-04,
       3.4050526205515211e-04, 1.6431436038319020e-05,
       1.1108233454404997e+01, 4.6391552832715696e+01,
       2.2824024773993146e+00, -2.3482908633285792e+01,
       7.7973752202002169e+00, 3.1572009694870560e+00,
       -4.4080219923983162e+00, -2.6405898384479314e+00,
       -2.3334448404403112e+00, 3.8971252158523711e-01,
       -1.2726049210545040e-01, 1.4981554383565552e-02,
       -2.6218947863622177e-02, 2.7303685438764330e-03,
       -2.4765092361668101e-02, 1.0432311023338277e-02,
       -9.7346561048285828e-03, -5.9335782757997000e-03,
       -3.1768834642469106e-03, 9.4453815593553401e+01,
       1.2407254795862645e+01, -2.7330912390843487e+01,
       -2.7361674930543497e+01, -2.2546366958509523e+01,
       -1.2536131558170705e+01, 5.0550186195663305e-01,
       -1.8295155469753157e+00, -2.2827438887237983e-01,
       -2.1361074661298285e-01, 7.9798207035931018e-02,
       -2.3916269432340806e-02, 2.8761792629462075e-04,
       -3.3942231014987357e-03, 1.4491512223304685e-02,
       1.9794699699501998e-03, 4.5624071669299405e-03,
       4.3352151822051085e-03, -1.5172517727427800e-03,
       3.7598027049776853e+01, -1.9206408550099685e-01,
       4.0303615642930729e-01, 7.5195839569395861e+00,
       6.5607780449425182e+00, 4.0322556061743473e+00,
       4.4268606937986821e+00, -3.8285503198620285e-01,
       -9.2361604064194164e-02, 2.2088402958725738e-02,
       3.3820662729141755e-02, 1.9370827422615897e-02,
       3.2167725835975662e-03, 6.9862742172127591e-04,
       1.0901833946213969e-04, -1.0368227710914556e-03,
       4.6399391067534704e-04, -3.8477151539184044e-05,
       9.5187340145514636e-04 ]
covs: !!opencv-matrix
   rows: 95
   cols: 19
   dt: d
   data: [ 1.2540899579914019e+04, 1.1576608639609778e+03,
       1.4588233134176328e+03, -2.7480585899942548e+02,
       -7.9397464090851543e+02, 6.6697115858745201e+02,
       -1.2364945210897083e+02, 5.2045663656527751e+01,
       1.8252287028876328e+01, -3.1522058575618861e-01,
       -1.7239601764165939e+00, 4.2797647072372086e-01,
       2.6123553582065848e-02, 9.8492095949677227e-02,
       5.5352139092754514e-02, -1.9895134762039776e-01,
       1.1600316421579297e-01, -6.9374569587883975e-02,
       -3.7684891762722161e-01, 1.1576608639609778e+03,
       1.0356971989407430e+04, -3.3658384787279499e+02,
       4.6488155549330912e+02, 2.6913098392945523e+02,
       -2.8831887889497466e+02, -7.2471665232145437e+00,
       1.3403939107554130e+01, 1.2341019965248842e+01,
       2.5763251720308400e+00, 5.4688799959475831e-01,
       3.0061671376154064e-01, 8.8823540065972900e-02,
       1.9903339623747873e-01, 1.3670954100568816e-01,
       -2.8303601962372299e-01, 2.3394337976882199e-01,
       -5.8841669866285629e-01, 1.0587963329043829e-01,
       1.4588233134176328e+03, -3.3658384787279499e+02,
       3.4486839050862322e+03, -2.7301123497671671e+01,
       1.5187871468056622e+02, -2.1596480254990175e+02,
       4.3916420993298777e+00, -8.9235390573454754e-01,
       7.5051846645327003e-01, 4.0985087069015309e+00,
       5.5877672760075332e-02, -2.7025698518961827e-01,
       6.1810298147307208e-02, 2.6794228148613087e-02,
       1.6600169396427911e-03, -1.5395611364710014e-02,
       3.5135053495545687e-02, 4.1473436889014503e-02,
       -4.0525986024714583e-01, -2.7480585899942537e+02,
       4.6488155549330912e+02, -2.7301123497671650e+01,
       2.6920944941819248e+03, -2.3497550214794265e+02,
       7.0425420035991991e+01, -1.3286177059955417e+01,
       -1.1651981595633321e+01, 7.4618912009389984e-02,
       -2.1274578272843430e+00, -2.5403808961578811e-01,
       -1.6522243901217540e-01, -5.7697049807790377e-02,
       -6.8657925976307835e-02, -6.9010925500041856e-02,
       2.3315391616371348e-02, 1.3124773450747981e-01,
       -2.1075469818437245e-01, -1.3318338380823176e-02,
       -7.9397464090851543e+02, 2.6913098392945517e+02,
       1.5187871468056628e+02, -2.3497550214794259e+02,
       3.7654374058696988e+02, -2.7622425920799969e+01,
       -3.0075406678234518e+00, -6.2000929663245641e+00,
       3.3314555748119905e+00, -5.8420902987543918e-02,
       8.4730787063082647e-01, -8.6612397537021948e-02,
       1.0090726351219204e-02, 1.3720928477570777e-02,
       1.6948046016887769e-01, 3.4183134119491906e-02,
       -2.3223930810037312e-02, 2.7459979518294424e-02,
       9.2588832054736128e-03, 6.6697115858745212e+02,
       -2.8831887889497466e+02, -2.1596480254990175e+02,
       7.0425420035991976e+01, -2.7622425920799969e+01,
       1.9975223005135322e+02, -1.3973222218274719e+01,
       -2.0048319175197520e+00, 1.2281541883216089e+00,
       -1.1314656481823362e+00, 1.9911228473756754e-01,
       -3.9866631035832170e-02, 4.8760812210185793e-03,
       4.8998818540570187e-03, 4.5144820565333255e-02,
       1.4396248313156583e-02, -1.8156769778502977e-02,
       7.2845327790668421e-03, 3.3567631615391592e-03,
       -1.2364945210897083e+02, -7.2471665232145428e+00,
       4.3916420993298777e+00, -1.3286177059955417e+01,
       -3.0075406678234518e+00, -1.3973222218274723e+01,
       1.3518296575648179e+01, 1.5294440278530042e+00,
       -1.5009295547690618e+00, 2.5013732596769450e-01,
       -1.7245288543843618e-01, -3.8234449011111567e-02,
       -2.4680230639318405e-02, 7.8188319264268693e-03,
       8.3048053211995864e-04, -5.8496087931630917e-03,
       4.4327337785501830e-03, -3.7361551910733877e-03,
       -7.4111157438253809e-03, 5.2045663656527772e+01,
       1.3403939107554125e+01, -8.9235390573454743e-01,
       -1.1651981595633323e+01, -6.2000929663245641e+00,
       -2.0048319175197520e+00, 1.5294440278530039e+00,
       1.4548003764028733e+01, -2.7257077965494196e+00,
       8.0539409000169648e-01, -1.3906494395313735e-02,
       1.7404325622239708e-03, -1.4745671178064489e-02,
       8.3176178409575339e-03, 3.4342714993085602e-03,
       4.0675364330583080e-03, -2.1610065864448784e-03,
       2.7164698698949603e-03, -4.2047444798577439e-05,
       1.8252287028876328e+01, 1.2341019965248842e+01,
       7.5051846645327047e-01, 7.4618912009389957e-02,
       3.3314555748119905e+00, 1.2281541883216087e+00,
       -1.5009295547690611e+00, -2.7257077965494196e+00,
       1.5741982501809741e+00, -8.9202878451787426e-02,
       -2.4444429658846575e-02, 1.1056777323600383e-02,
       -2.0141730093797862e-02, -4.6038398597935274e-03,
       -3.1251583298256645e-03, -7.4218226931647459e-04,
       -1.2049652259438449e-03, -1.1046482909742642e-03,
       3.6923244376780922e-04, -3.1522058575618811e-01,
       2.5763251720308409e+00, 4.0985087069015318e+00,
       -2.1274578272843434e+00, -5.8420902987543918e-02,
       -1.1314656481823360e+00, 2.5013732596769445e-01,
       8.0539409000169648e-01, -8.9202878451787426e-02,
       4.1038196522427745e-01, 1.0923997396844506e-02,
       1.3023696375422339e-03, 3.6457675022443095e-04,
       -1.3387097484807861e-02, 6.7038723542674845e-04,
