%YAML:1.0
means: !!opencv-matrix
   rows: 1
   cols: 17
   dt: d
   data: [ -8.1991156774165576e-04, 2.0497020245960449e-03,
       -1.1664656408404699e-03, -2.1044269132660705e-04,
       9.8347276575528665e-04, -1.3648424294753932e-03,
       3.8726844052551317e-04, -1.3423665811431421e-03,
       7.9480166310455394e-04, 4.5035972618124340e-04,
       -1.4126912605675557e-05, 4.0321970857343111e-06,
       6.5655787953647863e-06, 1.0976461481654952e-05,
       1.2453147485721560e-05, 1.4378012635720410e-05,
       -5.3360356065937261e-06 ]
covs: !!opencv-matrix
   rows: 17
   cols: 17
   dt: d
   data: [ 1.7513403686888065e+04, -6.0911433400533500e-05,
       1.3536025729552910e-03, -2.8281534736780033e-04,
       -1.1389551453996911e-03, 3.0490829379127267e-04,
       2.4865017898682712e-05, 2.3778572987768259e-04,
       -2.9301551766198667e-04, 4.8785798892652055e-04,
       -2.5564162231893238e-05, -5.1315543277824113e-06,
       5.8326218898220992e-07, -3.3089602206509564e-06,
       -7.8896560947311402e-07, -7.1662884619555996e-06,
       1.0288437615789295e-06, -6.0911433400533500e-05,
       9.7707007494592417e+03, -3.4397515622434868e-05,
       -1.5458574310869427e-03, -3.6816493056233187e-04,
       5.8439631740518736e-04, 2.1049946081335523e-04,
       2.0838838027520867e-04, -8.3007194872901596e-04,
       7.5487823055881591e-05, 1.9316810726420147e-05,
       9.7777122500968444e-06, -2.8711368317415167e-07,
       -7.3877257992563246e-06, 9.4088242738910709e-06,
       -9.8119893845632480e-06, -1.9831460178761701e-06,
       1.3536025729552910e-03, -3.4397515622434868e-05,
       3.2757246404090715e+03, 4.4882419699766279e-06,
       5.6715272199717791e-05, -2.9316129393614149e-05,
       -5.7950478969088552e-05, 1.8012660404924404e-04,
       -2.6220365832628674e-04, 3.9297049181700864e-04,
       -9.3841469098349190e-06, -4.7263305325916315e-06,
       -1.1052327117006878e-07, -2.3322907895858500e-06,
       -2.2049097831332515e-07, -6.8039007625548627e-06,
       -2.4187203813759072e-07, -2.8281534736780033e-04,
       -1.5458574310869427e-03, 4.4882419699766279e-06,
       2.6309016742818089e+03, -1.3779453634626295e-04,
       4.9812763176901175e-05, 1.3443740178027184e-04,
       5.3651238904151343e-05, -4.2428901668322501e-04,
       2.1496635864615785e-05, 4.5234360177434369e-06,
       1.5730503822545351e-06, -2.9306630204889773e-07,
       -4.4294080399807713e-06, 3.4820156353958608e-06,
       -5.9418048609728019e-06, 8.9943739434615670e-08,
       -1.1389551453996911e-03, -3.6816493056233187e-04,
       5.6715272199717791e-05, -1.3779453634626295e-04,
       3.9588003623308668e+02, 2.5247058309910246e-05,
       -8.0366577099714800e-05, 2.0047470892643561e-06,
       1.6039173425903003e-05, 3.1247736923847561e-05,
       2.8800402124492889e-06, 2.6857605747966532e-06,
       -4.6938157984873664e-07, 1.2397310114034000e-06,
       -8.5993089699596608e-07, 5.0056523544987245e-07,
       8.7647284866384767e-08, 3.0490829379127267e-04,
       5.8439631740518736e-04, -2.9316129393614149e-05,
       4.9812763176901175e-05, 2.5247058309910246e-05,
       2.4836204973694251e+02, -4.8053946668273830e-05,
       4.2611144645485696e-05, 1.2831688405748226e-04,
       2.8663852916989334e-05, 3.5369909462960750e-06,
       3.5508538465573907e-06, 3.3550807933108997e-07,
       1.3497451521715509e-06, -2.9905865793573819e-07,
       1.2151310402196293e-06, 6.8556519620625592e-07,
       2.4865017898682712e-05, 2.1049946081335523e-04,
       -5.7950478969088552e-05, 1.3443740178027184e-04,
       -8.0366577099714800e-05, -4.8053946668273830e-05,
       3.0144350733133692e+01, 6.3303708839109385e-05,
       -1.6274593472720379e-06, -1.2363061415232587e-05,
       2.3296333135073170e-06, 1.7509025234929956e-06,
       -1.8692286557607367e-07, 1.8799129725072251e-09,
       -2.8127718451771516e-07, -3.2900202725910742e-07,
       1.8009824656734605e-07, 2.3778572987768259e-04,
       2.0838838027520867e-04, 1.8012660404924404e-04,
       5.3651238904151343e-05, 2.0047470892643561e-06,
       4.2611144645485696e-05, 6.3303708839109385e-05,
       1.8492693074065173e+01, -3.5239595469961703e-05,
       5.2058969306259832e-05, -8.2671864776650464e-06,
       -5.7147749838074429e-06, 5.0484983776498157e-07,
       1.4584449963126912e-07, 9.5485628214303610e-07,
       -1.3846592813349935e-08, 4.0198395629583288e-08,
       -2.9301551766198667e-04, -8.3007194872901596e-04,
       -2.6220365832628674e-04, -4.2428901668322501e-04,
       1.6039173425903003e-05, 1.2831688405748226e-04,
       -1.6274593472720379e-06, -3.5239595469961703e-05,
       3.7720076659812873e+00, 3.0986468468995270e-05,
       -3.0179013684857868e-06, -1.9126860375247017e-06,
       9.2680128747177776e-08, 2.6740778779972410e-07,
       2.1093683465888839e-07, -2.4501117673170197e-07,
       -8.1004784731097669e-08, 4.8785798892652055e-04,
       7.5487823055881591e-05, 3.9297049181700864e-04,
       2.1496635864615785e-05, 3.1247736923847561e-05,
       2.8663852916989334e-05, -1.2363061415232587e-05,
       5.2058969306259832e-05, 3.0986468468995270e-05,
       1.0943048180996395e+00, 3.2119110619545878e-06,
       1.7720042970485652e-06, -6.4302545081268703e-08,
       -4.5996844347530314e-07, -1.7857134021611194e-07,
       4.1311655252136347e-07, -2.9069234700137720e-08,
       -2.5564162231893238e-05, 1.9316810726420147e-05,
       -9.3841469098349190e-06, 4.5234360177434369e-06,
       2.8800402124492889e-06, 3.5369909462960750e-06,
       2.3296333135073170e-06, -8.2671864776650464e-06,
       -3.0179013684857868e-06, 3.2119110619545878e-06,
       2.9055896554368493e-02, -3.4765992117380238e-07,
       2.2213608223526473e-08, 1.2648836789299632e-08,
       5.1735157573017233e-08, -1.0560447656925233e-08,
       -2.1541999430444794e-08, -5.1315543277824113e-06,
       9.7777122500968444e-06, -4.7263305325916315e-06,
       1.5730503822545351e-06, 2.6857605747966532e-06,
       3.5508538465573907e-06, 1.7509025234929956e-06,
       -5.7147749838074429e-06, -1.9126860375247017e-06,
       1.7720042970485652e-06, -3.4765992117380238e-07,
       4.5910790789246364e-03, 2.0585520363622042e-08,
       1.2682171304073654e-09, 3.6479063285617011e-08,
       5.6540249048593275e-11, -2.6518544748193188e-09,
       5.8326218898220992e-07, -2.8711368317415167e-07,
       -1.1052327117006878e-07, -2.9306630204889773e-07,
       -4.6938157984873664e-07, 3.3550807933108997e-07,
       -1.8692286557607367e-07, 5.0484983776498157e-07,
       9.2680128747177776e-08, -6.4302545081268703e-08,
       2.2213608223526473e-08, 2.0585520363622042e-08,
       2.5079934049230482e-03, 1.0208239998735214e-09,
       -1.8854077282035449e-09, -9.2864439938842863e-10,
       4.2600671629922395e-10, -3.3089602206509564e-06,
       -7.3877257992563246e-06, -2.3322907895858500e-06,
       -4.4294080399807713e-06, 1.2397310114034000e-06,
       1.3497451521715509e-06, 1.8799129725072251e-09,
       1.4584449963126912e-07, 2.6740778779972410e-07,
       -4.5996844347530314e-07, 1.2648836789299632e-08,
       1.2682171304073654e-09, 1.0208239998735214e-09,
       2.1998428607152582e-03, -1.0887502495772587e-09,
       -4.0209252224688314e-08, 3.5254346723146315e-09,
       -7.8896560947311402e-07, 9.4088242738910709e-06,
       -2.2049097831332515e-07, 3.4820156353958608e-06,
       -8.5993089699596608e-07, -2.9905865793573819e-07,
       -2.8127718451771516e-07, 9.5485628214303610e-07,
       2.1093683465888839e-07, -1.7857134021611194e-07,
       5.1735157573017233e-08, 3.6479063285617011e-08,
       -1.8854077282035449e-09, -1.0887502495772587e-09,
       1.5033817202512237e-03, 8.0558076915303499e-09,
       1.5003207780433357e-09, -7.1662884619555996e-06,
       -9.8119893845632480e-06, -6.8039007625548627e-06,
       -5.9418048609728019e-06, 5.0056523544987245e-07,
       1.2151310402196293e-06, -3.2900202725910742e-07,
       -1.3846592813349935e-08, -2.4501117673170197e-07,
