%YAML:1.0
means: !!opencv-matrix
   rows: 20
   cols: 12
   dt: d
   data: [ 8.2086626414947176e+01, 1.5253958663311369e+01,
       -2.3977197420264908e+01, -3.2256570723852896e+01,
       -2.6515140659331855e+01, -1.9569137036639866e+01,
       8.6914837426991709e-01, -2.3335730120011609e+00,
       2.0812943478631049e-01, -4.1063490106942810e-02,
       1.0608510308390016e-01, -4.7030990596872652e-03,
       -1.7247347787096064e+01, -8.5306907032403544e+01,
       2.1911238631205929e+00, 5.2279086916520271e+01,
       -4.2563589502424848e-01, -5.3098421405005647e-01,
       1.7995561084863492e+00, 3.7179575941736798e-01,
       2.2285714081362648e-01, -7.0707412821971447e-02,
       -1.0440408513176738e-01, 2.0395163949313181e-02,
       -1.0753288350937122e+02, 1.7140172612453932e+00,
       2.9520396194068631e+01, -9.7327855117560951e+00,
       1.1570111513106800e+01, -1.3634359594771666e+01,
       2.8462529875180731e-01, -3.0383986871378594e+00,
       -8.1259147240653773e-01, 2.6051813094812837e-01,
       -4.3591358743628695e-03, -3.5314604807939777e-02,
       1.5690091127994910e+02, 1.6649192501281604e+01,
       -4.4352606918401641e+01, -1.2613524298777278e+01,
       -5.7086442136389968e+00, 1.3588257088460098e+01,
       -1.2273584961095370e+00, 2.8886996403396598e-01,
       -1.0666574858018442e-01, -3.7979151140740181e-01,
       9.0631876107232556e-02, -6.0811466729927932e-02,
       -5.1123198301146203e+01, -2.6596878064238506e+01,
       2.7556291653277228e+01, 4.4535578962055546e+01,
       1.8331118297132072e+01, -8.8610803276863450e+00,
       -8.0199612264255684e+00, -4.1867963363072302e+00,
       -4.3107174367618963e+00, 1.4875237502334422e+00,
       9.3950257735222933e-02, 1.3088463118320637e-01,
       -1.9324942516282098e+02, 8.6043982292805978e+01,
       4.1057062234503306e+01, -4.9335016830590469e+01,
       -2.2971681249107512e+01, 1.2164603000904682e+01,
       -2.8678597955568539e+00, 1.8708626240906618e+00,
       6.8779875987646499e-01, -5.8505722905514659e-02,
       4.8929497848986196e-02, 7.9854561637066612e-03,
       -1.4836008383545186e+02, -7.9476482568227125e+00,
       3.8231115602584836e+01, 8.0380481736881908e+00,
       -2.3021073831250942e+00, -2.4557491782224288e+00,
       1.8866623424371256e+00, 1.2551930924271413e+00,
       4.5310078916343605e-01, -7.0100990848453365e-02,
       -9.6371456976931252e-02, 7.8781668383393014e-03,
       3.5450179488432859e+01, -2.9524574869805082e+01,
       -5.3893938032962225e+00, 9.8044194603457377e+00,
       2.1263253172339372e+01, -7.9805994834570526e-01,
       -3.2021574133266908e+00, 1.5301961475567525e+00,
       7.5853597985074384e-01, -4.2555654958584328e-02,
       1.0893698719549760e-02, 2.0575816896917284e-03,
       1.0392190881148953e+02, -8.7986784524681916e+00,
       -1.5677514159086311e+01, 1.2082244917657663e+01,
       -1.4771023782956103e+00, 1.6882420600720142e+01,
       -1.2338492868990190e+01, -6.9335175776748725e+00,
       -5.7643982280984281e+00, 2.3710130760521824e+00,
       -2.0999459318964714e-02, 5.9284020643864684e-02,
       5.6171918701066780e+01, 4.0930006771100047e+01,
       -5.8261277802697400e+00, -3.8126694280577311e+01,
       7.7589099453446178e+00, -5.7886957967231583e+00,
       -2.5012158820657828e+00, -2.0913988909411576e+00,
       -3.7983873961873207e+00, -1.4601875019421895e+00,
       -2.6259297405225834e-01, -3.1732470803853642e-02,
       2.3422509167588107e+01, 1.5635648147857225e+02,
       -8.5908691658671821e-01, -8.5326753770367546e+01,
       1.6850718002973657e+01, 1.5001755582023245e+01,
       -2.0933750955545960e-01, 2.5576162913112652e+00,
       1.9112808432438546e+00, 5.0162189180908201e-01,
       -5.2099578045520456e-02, -3.4011864775547677e-02,
       -4.1141081508595661e+01, 1.8232515757637934e+01,
       1.6004744756629993e+01, -1.4824511744607191e+01,
       3.4495658871613365e+01, -8.3132301891021037e+00,
       -7.7562010134527171e-03, -7.2350411247247692e-01,
       -3.4074982016442068e-01, 4.7510065726457368e-01,
       2.9912817386186547e-01, -7.8457700247578963e-02,
       4.5937551182873113e+00, 2.4546723588305117e+01,
       -6.1027076032176089e+00, -1.3920587528049499e+01,
       -1.0330594662922765e+01, 1.0935413350462857e+00,
       1.1415290124825014e-01, 8.5926504078415378e-01,
       3.1898181828723360e-01, -1.3939411172694344e-01,
       -2.8263390330894050e-01, 5.7294928925869432e-02,
       1.3481495709832481e+02, 7.3550601602894483e+00,
       -3.8985254175096074e+01, 2.8344396213773311e+00,
       -6.0463443651127085e+00, 8.2141711210308213e+00,
       7.1968987365311210e-02, 1.4828128816264576e+00,
       4.3316418646766547e-01, -9.8505314147203885e-02,
       -5.7524925283054092e-02, 2.4275242914323716e-02,
       -1.8917388966323779e+02, 4.5433138303097756e+01,
       3.6472334748008649e+01, -2.9276755727070213e+01,
       -5.8226713568275885e+00, -1.8850378464766531e+00,
       -4.0365788449513174e+00, -7.0869792759959287e+00,
       -2.9191533165902523e+00, 1.1389790160429616e+00,
       -1.3510220145246349e-01, -7.6638551233533261e-02,
       -2.1297755548761833e+02, -1.6096680128643275e+01,
       4.4343573234508007e+01, 1.7841264600230431e+01,
       -1.1435757918406990e+01, 1.3358380314779287e+01,
       -2.1702171086784081e+00, -1.2688673982542038e+00,
       -5.7427159004376005e-01, 2.0765289133611886e-03,
       4.8467797344675649e-02, -6.4735348550570046e-02,
       3.0177343826163771e+01, 7.2190181459232399e+00,
       3.4850044957945494e+00, 1.0118438752195638e+01,
       1.7231578251591419e+01, 7.0492791329751459e+00,
       4.3810825983647437e+00, -6.0566689745563829e-01,
       -2.4968996289293565e-02, 3.2008289307967480e-02,
       5.5635719599006934e-02, 3.6088141259606459e-02,
       2.1608496633968613e+01, 5.8893877017622984e+01,
       -3.2113564559426871e-01, -3.6736698476034100e+01,
       1.7657618816949697e+01, -1.6941767169615101e+01,
       2.7058102023313735e+00, 1.1659256811935390e+00,
       3.0197279969986840e-01, 1.5523732576110125e-01,
       -6.5600286398358933e-03, 1.0410991790471381e-02,
       7.3325899115297489e+01, -7.6931758890123390e+01,
       -2.1393677146912871e+01, 5.2561962894080516e+01,
       -4.5715833523422189e+00, 4.0680982789068247e+00,
       8.8516144588017021e-01, 7.0154672395053086e-01,
       -1.1085665857152568e-01, 1.5342806677593942e-02,
       7.0644340547999895e-02, -3.1881744405797344e-02,
       -1.3865753103371583e+02, -1.0292955995192830e+02,
       2.6233214058015324e+01, 6.5885896281833965e+01,
       -1.7253391359233575e+01, -8.2612742950935303e-01,
       9.3455620535946943e-02, -1.3837430593301054e+00,
       8.3518469613911683e-01, -3.5887884574954637e-01,
       7.2691555995180762e-02, -2.6138019305665177e-03 ]
