%YAML:1.0
means: !!opencv-matrix
   rows: 20
   cols: 11
   dt: d
   data: [ 5.9954182140355620e+01, -6.9105336401716670e+01,
       -4.7951743157073752e+00, 4.4180325395688364e+01,
       -8.6988651483383315e+00, 2.7816593369923901e+01,
       2.7412375826436217e+00, 8.3742419006919500e-01,
       2.5837335036201742e-01, -1.2841243542075714e-01,
       -3.1788867656737371e-02, 3.7378209115009405e+01,
       1.3283010041534811e+02, -2.7645376544948199e+01,
       -5.2894308180712216e+01, -9.5525476835957921e+00,
       2.5778648738109640e+00, 2.0921742942663544e+00,
       1.4908878081047477e-01, -1.9748575384380515e-01,
       -2.2315591691569522e-01, -7.5824935681792823e-03,
       -1.5522628677259826e+02, 1.5822760917601922e+01,
       3.9827274286508640e+01, -1.5665005990135699e+01,
       -5.5332279384882599e-01, 2.7854364876605695e+00,
       8.0023472035266030e-01, 1.1136642318025300e+00,
       -8.1056492420668480e-01, -4.3288936626762364e-02,
       -1.9185584714974297e-02, 1.8660623505564530e+02,
       1.6186613243067153e+01, -4.8032604432870365e+01,
       1.1189248038775363e+01, -1.1296515407000374e+01,
       -7.5704844617098779e+00, 6.8807089121406873e-01,
       -3.5536262253772372e-01, -9.8032269916258785e-01,
       -2.5068145280325521e-01, -5.1995570648569328e-02,
       -1.5852028139644196e+02, -1.3727225775711844e+02,
       4.8524535306334585e+01, 4.6365226314118502e+01,
       -3.3690425072737526e+01, -9.8366658596692584e+00,
       -6.5840442592440755e+00, -1.3368802880285535e+00,
       5.4709389101420836e-01, 4.0606687568902489e-01,
       6.5705251431723052e-02, -1.0358190879549445e+01,
       -1.2539843005781607e+01, 4.7228938950177124e+00,
       -8.1807811303478095e-01, 3.4180278136302249e+01,
       -6.2566636495101910e+00, -3.0944711687476206e-01,
       -5.6021540479878862e-01, -5.4665322872599875e-01,
       4.1435080187168505e-01, 2.3304478544611834e-01,
       1.3082090887914626e+02, -9.9252061739478012e+00,
       -3.5426814673820111e+01, 1.3371312726445282e+01,
       -4.5487800194456547e+00, -1.1858832397767388e+01,
       -2.9353832990668067e+00, -1.2599209200732999e+00,
       -7.0929859192687095e-01, 5.8053618155776210e-01,
       4.9837602892578842e-01, 1.1407066802569713e+02,
       -2.6584883608784202e+00, -2.5285852823921502e+01,
       1.0957626267365123e+01, 8.8711958518075640e-01,
       -3.8972597387850709e+00, -4.2041152896846840e-01,
       -1.5525203714515771e-02, -6.0423096797495823e-01,
       5.7947145519670257e-02, -4.0695658207163567e-02,
       -1.2101971326668610e+02, 1.1994025424255548e+02,
       9.1567753775723375e+00, -5.4308843583592143e+01,
       -1.3351864285575919e+01, 3.3167841050781705e-01,
       6.8406402495745722e-01, -3.1298302810970979e-01,
       -4.6587636379304809e-01, -3.1538073554563112e-01,
       1.1665370972494254e-01, 6.2247217079669719e+00,
       -5.6378615224275258e+01, 1.4589516356454270e+01,
       2.1578721942715344e+01, 3.3094962168769307e+01,
       6.9137037946163895e+00, 1.6511262703605751e+00,
       -1.0420239366365145e+00, -1.2740421534783608e-01,
       6.1002902831860724e-02, -5.7769541214599271e-03,
       -4.9190214432296751e+00, -6.1482935759162984e+01,
       4.9092646629265717e+00, 2.0532652011106300e+01,
       -1.0716676667305002e+01, -1.4790859016712149e+01,
       -4.2807456933675891e-01, -1.0895750435964193e+00,
       -1.6268565348138042e+00, 3.8027363054661872e-01,
       -3.3755289100435065e-01, -1.5541924191283843e+02,
       -1.6894692896450557e+01, 3.1391352144508236e+01,
       -4.3303862167678968e+00, 7.1134490451598353e-01,
       4.0797256366944064e+00, -2.5024650163556525e-02,
       1.3292883411170259e-01, 2.5709704383578726e+00,
       2.8841921784845415e-01, -3.5451463455243172e-02,
       4.3428418217655960e+01, 1.0552686870700941e+02,
       -2.3854946144887457e+01, -3.1060566063703238e+01,
       -1.1627176935007824e+00, 1.6268592094403036e+00,
       -2.3403239259197233e+00, -1.2655025608036222e-01,
       9.9157700517372616e-01, 2.5261201274806711e-01,
       2.3380876468763362e-01, 1.2452995987405480e+01,
       7.6890512099603740e+01, -9.1953123178330110e+00,
       -3.7983119531231260e+01, 1.5303442504061156e+01,
       -5.1668061490853461e+00, 1.1292203583944929e+00,
       -5.1471767540284930e-01, -4.3116556944237333e-01,
       7.5235504681214316e-02, 5.0263372797712161e-02,
       1.0005016478030812e+02, -4.3920468031402187e+01,
       -2.1657314230794469e+01, 3.7077994395892489e+01,
       -2.7550131991793069e+01, 2.3213850585349864e+01,
       1.0606339072695339e+00, 1.3116952705661828e+00,
       4.7855690233764692e-01, 4.0364975209833537e-02,
       1.4793607597659875e-01, -1.7039876633267642e+01,
       4.6606644775032755e+01, -4.5463556227340947e+00,
       -2.1007832637791548e+01, 3.9207742258620155e+00,
       3.3289622831734476e+00, 9.8514020274498748e-01,
       -1.3668127579344115e-02, -4.6327588213481835e-01,
       -1.5961657321842138e-01, -1.8352044190451205e-01,
       3.5504811408211111e+01, 4.8385892701737960e+00,
       -7.2603903320291696e+00, -1.4156858343716904e+01,
       4.0024371495180677e+00, -1.2245122769095969e+01,
       -6.9165663127146235e+00, 2.5391531200860253e+00,
       6.5825831212100478e+00, -2.3419647912100497e-01,
       -1.0910895332721894e-01, -1.3026791153886741e+01,
       2.4619152862450242e+01, -9.3255801963353733e+00,
       -3.5908093511034387e+01, -1.7218887779591640e+01,
       -8.9886681418972341e+00, -5.7798824766267132e-01,
       -3.0189646944480089e+00, 4.5105279571362731e+00,
       2.5268282074800523e+00, 2.5448578713724812e-01,
       -1.8279943920737207e+02, -6.9857297704814712e+01,
       4.8814804120851157e+01, 2.2849100212707810e+01,
       -2.3671160872375083e+01, 4.3616831459830134e+00,
       -8.0479410175382615e-01, 8.7982527096822172e-01,
       -1.0117163547013868e+00, -8.8186324148232574e-05,
       4.7732301172982952e-02, 3.4960247533200324e+00,
       -1.9293378217948455e+02, 1.6122230992696768e+01,
       6.7269878792596046e+01, 1.0930641291097075e+01,
       -2.0360141000324891e+01, -1.7698270399159506e+00,
       -1.0271819640800892e+00, 2.4972454998559765e-01,
       -1.2565941919988448e+00, 3.2972021604145849e-02 ]
