%YAML:1.0
means: !!opencv-matrix
   rows: 40
   cols: 2
   dt: d
   data: [ 9.3863796868732280e+01, 1.3645462269464513e+01,
       -1.8633877717697624e+02, -1.0675983906870117e+02,
       2.1100545873438268e+01, 1.1392271603469585e+02,
       -7.1986772903675728e+01, 1.0589740185296959e+00,
       4.7974163261975356e+01, -1.6874370995263530e+02,
       -2.4497975506816314e+02, 1.7029721185431836e+02,
       2.1527769291925259e+02, 8.1547980340317068e+01,
       1.4626298995521353e+02, -7.1802133890355037e+01,
       -3.2216442823550729e+01, -5.5922447501729835e+01,
       -1.6124949845930692e+02, 1.3758726822541314e+02,
       -1.8691422839424754e+02, -1.8694400289772099e+02,
       -1.9828104792850020e+01, -1.2638689216829233e+02,
       8.1402220730293806e+01, 7.5627942787157210e+01,
       2.5320135491234883e+01, -8.2088204070037278e+01,
       -2.7048720019143326e+02, -7.6728694635413149e+01,
       3.3698450024692335e+01, 2.1498962675195833e+02,
       -1.1994999377051147e+02, -5.7056766854535226e+01,
       3.2322501955599940e+01, -2.2130819065627588e+01,
       -1.0255518575785428e+02, 7.0319621418200214e+01,
       2.2380254637975924e+02, -1.1313762113879138e+00,
       -2.3803928556612919e+02, 8.4874459103234358e+01,
       -1.3487341176313825e+02, 8.6539454665668103e+00,
       8.6454616214983616e+01, 1.3339037073276552e+02,
       1.5286829920327435e+02, 5.2326351862346193e+01,
       -2.7958843571007360e+01, 7.5564980451796430e+01,
       1.4175721117595381e+02, -1.4491167450160222e+02,
       3.3907077891759464e+01, 3.9430137896582615e+01,
       1.5319561891377376e+02, -1.1539315056722103e+01,
       -1.0035145950524432e+02, -1.2711427091319422e+02,
       8.8273320844198849e+01, -1.0712460759880025e+02,
       2.0925540460254450e+02, -7.3348846000399945e+01,
       8.2826898270085763e+01, -5.0480580977049904e+01,
       -1.7478382747738178e+02, 5.6022449255186771e+01,
       -1.3831081173125090e+01, 9.1194130362316042e+00,
       -5.2865532344736472e+01, -1.9061222668812550e+02,
       -6.9401362109323856e+01, 1.9582381851153414e+02,
       -2.0752533253610750e+02, -2.1517088143235778e+01,
       1.5277341961714001e+02, 1.1064475710094325e+02,
       -2.8601298663872637e+02, 1.8416162286700082e+01,
       -6.1477133715590746e+01, 1.4296645583109077e+02 ]
covs: !!opencv-matrix
   rows: 80
   cols: 2
   dt: d
   data: [ 1.0702440694089958e+03, 5.1255876532529783e+01,
       5.1255876532529783e+01, 8.8795856596028591e+02,
       1.9500666108194130e+03, 1.6191619202985342e+02,
       1.6191619202985342e+02, 1.2806043106830298e+03,
       1.1263103224193542e+03, -5.9809193914421172e+01,
       -5.9809193914421158e+01, 1.1221578742422016e+03,
       7.1475299305978763e+02, 2.3539425168808273e+02,
       2.3539425168808273e+02, 1.3022570207939059e+03,
       2.4892953664369165e+03, -8.3489264782741259e+01,
       -8.3489264782741259e+01, 2.6523243506347603e+03,
       2.6043319922517735e+03, -1.7205246483045556e+02,
       -1.7205246483045556e+02, 1.3732899377899430e+03,
       1.8411963189810892e+03, 3.3603359823957692e+02,
       3.3603359823957692e+02, 1.5751779699938190e+03,
       1.0170725263144483e+03, -2.2129612137984071e+02,
       -2.2129612137984068e+02, 1.4235177867828725e+03,
       1.0093522383244398e+03, 8.8812127423760387e+01,
       8.8812127423760359e+01, 1.0391335230603195e+03,
       2.1863643156749526e+03, 2.7390841497011348e+02,
       2.7390841497011348e+02, 1.7284432290999332e+03,
       2.9744980646363920e+03, 3.3220859247918094e+02,
       3.3220859247918094e+02, 1.6807759619177702e+03,
       1.7893517328630644e+03, -1.4643839027412858e+02,
       -1.4643839027412855e+02, 1.1600686061197628e+03,
       8.4560816907865603e+02, 4.0217493047280698e+01,
       4.0217493047280691e+01, 9.7353440258687374e+02,
       9.6982498701848704e+02, -5.1656348339915901e+01,
       -5.1656348339915901e+01, 1.0346205918972219e+03,
       2.4796643340524083e+03, -1.6543713407449363e+02,
       -1.6543713407449374e+02, 2.9444242645151025e+03,
       6.4700043352207513e+03, -6.4259415298350655e+02,
       -6.4259415298350666e+02, 2.2009935323819418e+03,
       1.3282290844635238e+03, -9.8501593483295309e+01,
       -9.8501593483295309e+01, 1.0057712822694201e+03,
       9.5401835908969520e+02, 9.6028380433922692e+01,
       9.6028380433922663e+01, 8.8596066038248341e+02,
       9.1536277079236686e+02, -1.2913387934774045e+01,
       -1.2913387934774050e+01, 1.2669846098067735e+03,
       1.5989141956338531e+03, 6.1507400625049911e+01,
       6.1507400625049883e+01, 1.6797755691175382e+03,
       1.5075737709060793e+03, -3.4179365298039664e+02,
       -3.4179365298039664e+02, 1.3105737417163980e+03,
       9.6329444280895768e+02, 7.1419877499751678e+01,
       7.1419877499751664e+01, 9.3986458741418630e+02,
       1.1629208878063716e+03, 3.1416061179039172e+01,
       3.1416061179039158e+01, 1.0833092660288009e+03,
       1.2306522128888080e+03, -1.5024336949935256e+01,
       -1.5024336949935249e+01, 1.0714030075015130e+03,
       1.0587436707451523e+03, -1.1683792346629122e+01,
       -1.1683792346629131e+01, 1.0048948318322753e+03,
       2.3953307894025106e+03, -5.0960771119059515e+01,
       -5.0960771119059537e+01, 1.7799704170802313e+03,
       7.9518469828589718e+02, -2.1573879797504262e+02,
       -2.1573879797504262e+02, 1.1139401007257889e+03,
       1.2872454898655096e+03, 1.5554410159020881e+02,
       1.5554410159020881e+02, 1.1416958387770139e+03,
       1.5246227423603254e+03, 1.7555371065019079e+02,
       1.7555371065019077e+02, 1.4174418708020739e+03,
       1.1355648613772235e+03, 6.7250704959207852e+01,
       6.7250704959207852e+01, 1.0431386326495035e+03,
       1.6534240268101648e+03, -5.3562942449257901e+02,
       -5.3562942449257912e+02, 1.7052613881909626e+03,
       9.6471850563678618e+02, 4.8631037511706026e+01,
       4.8631037511706033e+01, 8.2238599417081184e+02,
       1.2070047600010485e+03, 2.9131102049383253e+02,
       2.9131102049383253e+02, 1.4461262329821484e+03,
       5.7372446483324131e+02, 1.0922096995724949e+02,
       1.0922096995724952e+02, 9.5535478021607696e+02,
       2.5735142827230607e+03, 6.5652329017702846e+02,
       6.5652329017702846e+02, 1.8451995786139198e+03,
       8.6223590208939695e+03, -3.8437990608819196e+03,
       -3.8437990608819196e+03, 4.4707934119351194e+03,
       1.3568905431936512e+03, -2.4302254318074955e+02,
       -2.4302254318074955e+02, 1.5669246339780991e+03,
       1.2161562058543980e+03, 1.0618513934596177e+02,
       1.0618513934596177e+02, 1.0513226959588403e+03,
       1.5461162367325355e+03, -7.4693069991343100e+02,
       -7.4693069991343100e+02, 3.1405978147557480e+03,
       1.7764512471707376e+03, 4.4332757185733918e+01,
       4.4332757185733918e+01, 1.1667035659891392e+03 ]
weights: !!opencv-matrix
   rows: 1
   cols: 40
   dt: d
   data: [ 4.3690020483007484e-02, 1.8708813915990215e-02,
       3.2521698647297315e-02, 3.5000772586270198e-02,
       2.1665718006270950e-02, 1.1788427820905631e-02,
       2.1097186133026909e-02, 3.1563435676083579e-02,
       3.7767750254286490e-02, 2.0406741342239038e-02,
       1.0355579556573886e-02, 2.5222437869958550e-02,
       3.8927179593356100e-02, 3.0823445968386574e-02,
       1.3583174690412203e-02, 1.4330070103022521e-02,
       2.8570103942651800e-02, 3.8428162372803255e-02,
       2.6941294155007373e-02, 1.5549820424748690e-02,
       1.6287296601376400e-02, 2.5050570995532970e-02,
       2.4079457096123517e-02, 3.0938534765617112e-02,
       2.7836452594050203e-02, 1.9207299652567379e-02,
       3.5950818903469031e-02, 2.8455666131405211e-02,
       2.5972932697469829e-02, 2.5107097644773781e-02,
       1.7360697102415841e-02, 4.1743498037236162e-02,
       1.9690437274039071e-02, 3.1351498616347104e-02,
       1.7917561399019628e-02, 4.2714422547218307e-03,
       2.4628806050479221e-02, 2.7192921388167122e-02,
       1.6398920681144489e-02, 2.3616256571711066e-02 ]
