%YAML:1.0
means: !!opencv-matrix
   rows: 25
   cols: 7
   dt: d
   data: [ -9.2872174669035470e+00, 4.0791109377188292e+01,
       -2.9066466406630479e+01, -2.4954674709347589e+01,
       3.8306301880462210e+00, -7.9222256352957432e+00,
       1.0249009234858056e-01, 8.5624082833660296e+01,
       -2.2211002409864687e+01, -2.7871336962020830e+01,
       1.5542443015072680e+01, 3.6119239891174479e+00,
       1.5514676069248875e+01, -5.0353118325671655e+00,
       -1.4318532252579678e+02, -1.0238690994198990e+02,
       2.7602483937560766e+01, 6.6799339597923876e+01,
       -1.8609585203171715e+01, -1.0579654134430175e-01,
       1.9735890927766595e-02, 1.7899285495987471e+01,
       1.5840541690911800e+02, -8.3482380804001499e-02,
       -8.6974420867382776e+01, 1.6860806972731737e+01,
       1.7308152559490388e+01, -2.9535307500897989e-01,
       1.4705953025111606e+02, 3.8755567632820387e+01,
       -4.2655126578562651e+01, -1.7301226852817841e+01,
       -1.1658740572523431e+01, -8.5866342306874580e-02,
       2.3613228686122270e+00, 1.4569595524802276e+02,
       8.8397568812626588e+00, -4.3963210191884848e+01,
       -3.1580741247974258e+00, -5.4358797468977746e+00,
       1.1888477890948264e+01, -3.2449051627051856e-01,
       -2.6682313854032285e+00, 3.3248852248344868e+01,
       7.1938984237361527e+00, -1.6035970190206601e+01,
       3.7331523024529140e+01, -2.9444812101299624e+00,
       1.5329546994260188e+00, -2.2862629667070811e+02,
       3.5486476845096973e+01, -1.7600210532836652e+01,
       -1.9305403664022180e+01, -6.9217596300008111e-01,
       -7.5453692612854582e+00, -2.3303729430990930e-03,
       1.1478741735573092e+02, -4.8029444724724527e+01,
       -3.0223658049316430e+01, 3.4678995412435185e+01,
       -2.5981043729845492e+00, 1.3492619552625461e+01,
       -9.2412995052187377e-02, 8.0902679353757009e+01,
       -6.1514688525831083e+01, -2.5601255265687872e+01,
       3.8374988852703503e+01, -1.0504674056812846e+01,
       5.7370996201838853e+00, 5.1892738585897540e-02,
       1.6398807613983573e+02, 1.2300362075153375e+01,
       -4.7571169369999595e+01, -1.0855946045663513e+01,
       -7.0234427804308988e+00, 1.2957442555084155e+01,
       -1.0808078821148823e-01, -1.8917841342091310e+02,
       8.5343808785582823e+01, 4.1100768659359900e+01,
       -4.9382492594467550e+01, -2.2141368814778858e+01,
       9.9612607387700773e+00, -2.5085065882313087e+00,
       6.7575064534014459e+01, 5.3923716516132409e+01,
       -2.2104539095075445e+01, -3.9782036770239735e+01,
       9.5329087687850844e+00, -6.5707622632390050e+00,
       1.6832538071347489e+00, 1.0643654044608587e+02,
       -4.6531824461228730e+01, 5.4790125568233762e+01,
       -3.8379474381361526e+01, 1.0292729743429849e+01,
       -3.2758714728977263e+00, -8.0316079654555150e-01,
       -1.9764678819606004e+02, -3.2806075692301768e+01,
       4.0948621881999706e+01, 2.6665843556715789e+01,
       -9.4688449055194663e+00, 1.1162368545544862e+01,
       -1.1993802178797657e+00, -1.2856060644626999e+02,
       -5.2526977643164294e+01, 3.8851478575599188e+01,
       3.0908048572931261e+01, 1.9280598124424366e+00,
       -9.1000774381757044e+00, 3.3623780025605829e+00,
       1.3137750163711914e+01, -1.9121797361010715e+00,
       -9.2664021752246555e+00, 9.4767457628152307e+00,
       1.8749059161251942e+01, -2.0119266949422537e-01,
       1.5023991682528139e+00, -1.2855520975541023e+02,
       8.8050647864796204e+01, 3.8629453351410753e+01,
       -3.7603932799118333e+01, -1.2036734514452105e+01,
       2.9520395298589495e+01, -4.8452473573150883e+00,
       2.9169553388796242e+01, -1.0035694571006887e+02,
       -1.0383381743380822e+01, 6.8268533187700996e+01,
       -4.1760253009650405e+00, -1.4553381223864050e+00,
       2.0805215685155005e+00, -1.2454777421871711e+02,
       2.4816078899710384e+01, 6.5499369339802669e+01,
       -2.0409620614410148e+01, -4.0436024704533029e+00,
       -5.7225630122937403e+00, 6.1308794960578883e-01,
       -4.6227943358566577e+01, -8.0607999909182610e+01,
       1.0426104084181242e+01, 4.9110575832091286e+01,
       1.0878078857951039e+01, -2.5066555313023344e+00,
       1.6998254188395587e+00, 1.1539848504846722e+02,
       9.2808352796795916e+01, 4.9608563727509065e+01,
       2.6294802230798751e+01, 6.7855012857367800e+00,
       -5.3109451105449050e+00, -5.6464705215134225e-01,
       7.1948952210221762e+01, 1.4664917342054920e+01,
       -2.8343504809468396e+01, -3.1725625536209876e+01,
       -2.9363983247628653e+01, -1.6511414176806269e+01,
       4.1379632944127615e-01, -4.5314924553278331e+01,
       5.0740350018075073e+00, 2.0313314448074831e+01,
       -3.7041974222928770e-01, 2.8155601047476686e+01,
       -1.2049080692827088e+01, -3.9122505680659230e+00,
       8.2705323128631761e+01, 1.7664516920630625e+01,
       -2.2601460761483740e+01, -3.2433688992899420e+01,
       -2.5615909439980118e+01, -2.0127369828580115e+01,
       1.1564053944821475e+00 ]
