%YAML:1.0
means: !!opencv-matrix
   rows: 37
   cols: 2
   dt: d
   data: [ 1.2671865399271688e+02, 3.3117237361774421e+01,
       -1.4458081836808526e+02, -5.0639689773257182e+01,
       4.3010460035914193e+01, 1.3490396954306183e+01,
       -2.1990280733101903e+02, 1.6845937739122783e+02,
       4.5333372673050974e+01, -1.7896779843183597e+02,
       -1.9272662372796990e+01, 2.7207323293096092e+01,
       6.5718722434499185e+01, 1.2930306656745563e+02,
       -1.6959507079214617e+01, -4.6144654292183922e+01,
       1.0438351594121266e+02, -8.3279180342846999e+01,
       -7.5523752714989769e+01, -1.8582656914143581e+02,
       1.5685051797982808e+02, 1.0135166119720151e+02,
       -1.8424542467309453e+02, 9.0525354804948776e+01,
       -8.1925079376892526e+01, -1.2090658441988728e+01,
       -2.7816248694964156e+02, -5.7911328372842181e+00,
       1.8560975508597664e+02, 2.8980620745718884e+01,
       -9.1249948363008869e+01, -1.0136993218995109e+02,
       5.0691901170743137e+01, -4.5925707620173256e+01,
       -2.6426619850112178e+02, 8.4973954150574954e+01,
       -2.3397714924612083e+02, -9.6911028531513452e+01,
       -9.0837908318761507e+01, 1.5330361174675789e+02,
       9.7544911841301911e+01, -1.9825881018865349e+01,
       -1.3277490199392302e+01, 1.1203880822514233e+02,
       2.2563706380478490e+02, -2.5625851096022771e+01,
       3.7577214231479871e+01, 7.1996600929340005e+01,
       2.2924811231319430e+02, 8.4595994994839813e+01,
       -1.4322266683518157e+02, 2.2250051052604949e+01,
       -2.5222444962002704e+01, -1.2757777836545739e+02,
       9.0995238152671064e+01, 7.8552847325849967e+01,
       -9.1284332954219877e+01, 7.7816169042100483e+01,
       1.9024804632770548e+02, -9.3668646119035174e+01,
       1.5375010920660608e+02, -3.4519105771507526e+01,
       6.2109257496788459e+01, 2.1764065531099703e+02,
       -2.1012797533208263e+02, -1.0774350057909370e+01,
       3.5790289810559187e+01, -1.0444621392408654e+02,
       1.2755057773285520e+02, -1.4497477077436977e+02,
       -1.3560913637888239e+00, 1.9527827439031367e+02,
       -1.8342184582571252e+02, -1.5251658449060957e+02 ]
covs: !!opencv-matrix
   rows: 74
   cols: 2
   dt: d
   data: [ 1.0405123183040732e+03, 1.4762326940482436e+02,
       1.4762326940482433e+02, 8.4654628121426913e+02,
       1.1057827533274285e+03, 2.9122526155354967e+02,
       2.9122526155354967e+02, 1.7814372398652008e+03,
       1.2113570673690788e+03, 1.9626617495402041e+02,
       1.9626617495402041e+02, 8.4841798898861839e+02,
       3.4231474071681378e+03, -4.4761053703580177e+02,
       -4.4761053703580177e+02, 1.3449698327035674e+03,
       2.9927792402962832e+03, -8.4821277860938196e+01,
       -8.4821277860938196e+01, 2.2963917577821317e+03,
       9.9894963158848486e+02, 1.2938090398759704e+02,
       1.2938090398759701e+02, 1.4302282502228247e+03,
       1.5696646549415266e+03, 2.8510768751294233e+02,
       2.8510768751294222e+02, 1.0073283371200185e+03,
       9.3529509773980976e+02, 6.4229240946391585e+01,
       6.4229240946391585e+01, 1.3401789362884438e+03,
       1.2476259834592181e+03, -1.2179908179620196e+02,
       -1.2179908179620196e+02, 1.1969121198308906e+03,
       2.6919974663400449e+03, 3.6505457754367427e+02,
       3.6505457754367427e+02, 2.0680663957566017e+03,
       1.1087164683213580e+03, 5.4917691590357371e+01,
       5.4917691590357393e+01, 1.1746186845787768e+03,
       2.2249910103846887e+03, 1.8190103865387613e+02,
       1.8190103865387616e+02, 1.3604230492147783e+03,
       7.8065359443802549e+02, 1.4394227303093203e+02,
       1.4394227303093203e+02, 1.7212548545663628e+03,
       1.5998566137381802e+03, -1.1517822979199561e+02,
       -1.1517822979199565e+02, 1.7109108758890707e+03,
       9.8422873200818469e+02, 1.0614969757747483e+01,
       1.0614969757747485e+01, 1.4090962396889859e+03,
       1.3539361175051695e+03, 4.0112555350433621e+02,
       4.0112555350433627e+02, 1.8740161502951971e+03,
       8.7293527548645500e+02, -2.6297835751116960e+01,
       -2.6297835751116970e+01, 8.8484654274686329e+02,
       2.1773470762908128e+03, -1.2230422460254636e+02,
       -1.2230422460254634e+02, 1.9991466698760246e+03,
       3.6762409005475461e+03, -3.0150797542429700e+01,
       -3.0150797542429714e+01, 1.7273860893132667e+03,
       2.5203656596134920e+03, -1.1775476858746394e+02,
       -1.1775476858746397e+02, 1.1721197526486533e+03,
       8.2343707415493157e+02, -7.6066832538624354e+01,
       -7.6066832538624396e+01, 1.0772215216970276e+03,
       1.3084650142970265e+03, -2.8733331798206457e+01,
       -2.8733331798206464e+01, 1.5656919180812667e+03,
       1.4842116384723233e+03, 3.6591057580768626e+02,
       3.6591057580768614e+02, 1.7173956615789000e+03,
       1.1839598661079333e+03, 1.6479642955983881e+01,
       1.6479642955983877e+01, 9.7013663827902019e+02,
       1.4896178699408979e+03, 1.4976343689726295e+02,
       1.4976343689726289e+02, 1.6318657109475150e+03,
       1.1167424486752109e+03, 8.5739494307457932e+01,
       8.5739494307457932e+01, 1.3197687986262417e+03,
       1.3484519477117369e+03, -4.7251458381610656e-01,
       -4.7251458381610784e-01, 1.7253873229561721e+03,
       7.6322135858453589e+02, 2.5667839319515400e+02,
       2.5667839319515400e+02, 1.1336925609592220e+03,
       1.2699225185348114e+03, -6.4582444943111383e+01,
       -6.4582444943111383e+01, 1.3854366132775517e+03,
       2.3537248672904684e+03, -2.3835522809962725e+02,
       -2.3835522809962725e+02, 1.2621953334362272e+03,
       8.5457442742339742e+02, -8.0710146268073885e+01,
       -8.0710146268073899e+01, 1.4584363472242658e+03,
       5.2638679293142723e+03, -8.5848631622172161e+02,
       -8.5848631622172172e+02, 2.2985486756843125e+03,
       9.1034301322834983e+02, 1.8991754959814992e+02,
       1.8991754959814992e+02, 2.3705446442980151e+03,
       1.3089128811153082e+03, -2.4324549332049517e+02,
       -2.4324549332049520e+02, 1.2561972874355909e+03,
       2.7121350691056005e+03, -3.6086216368160592e+02,
       -3.6086216368160592e+02, 1.5885064685027144e+03,
       1.0428753430702700e+04, -3.7670130578619564e+03,
       -3.7670130578619564e+03, 3.3932326959047869e+03,
       2.8229528033876959e+03, 9.1414960672398820e+02,
       9.1414960672398820e+02, 2.6797441398732949e+03 ]
weights: !!opencv-matrix
   rows: 1
   cols: 37
   dt: d
   data: [ 3.1342696643444190e-02, 2.8625654849571348e-02,
       4.5369564358795973e-02, 1.5651239636622936e-02,
       1.9660439383328808e-02, 4.1836956232759133e-02,
       3.1900619860328334e-02, 4.7276082602957452e-02,
       3.6882371829748892e-02, 1.9505902906103413e-02,
       3.4400834152441252e-02, 2.3136822780307955e-02,
       3.8048292544499873e-02, 1.5676915629247778e-02,
       2.1915971986710154e-02, 3.1796343361608644e-02,
       4.0440233095179037e-02, 1.7305924689315633e-02,
       1.8144055942591171e-02, 2.0243031977938933e-02,
       3.7850872957146189e-02, 3.4244362642572961e-02,
       1.4877358354155391e-02, 3.3853179537763269e-02,
       1.6020807563982078e-02, 2.9195337273813869e-02,
       2.5126500791569764e-02, 3.2899482838511684e-02,
       3.1113704904722917e-02, 2.0121617794453289e-02,
       3.2332367842501965e-02, 9.2794618986942849e-03,
       2.4147042162708150e-02, 3.2162810638808444e-02,
       1.9846381508848768e-02, 1.0534345021794442e-02,
       1.7234411804419907e-02 ]
