%YAML:1.0
means: !!opencv-matrix
   rows: 20
   cols: 12
   dt: d
   data: [ 5.6802302138701300e+01, -7.0304282282403435e+01,
       -4.0664777226184539e+00, 4.3367559158648923e+01,
       -9.5031047141935066e+00, 2.8205189296597947e+01,
       3.0259958790613339e+00, 8.4004885482842762e-01,
       2.9686604984412607e-01, -1.2874872492795131e-01,
       -3.3332143531319448e-02, -4.5183796813656361e-03,
       2.8162645005773243e+01, 1.3339756657183742e+02,
       -2.6422772793884398e+01, -5.6107898065041610e+01,
       -1.0307009914638904e+01, 2.7254986705946131e+00,
       2.1515458487711117e+00, 1.5148235072453239e-01,
       -1.4180907340727394e-01, -2.5209477863005797e-01,
       -1.7141016585522664e-02, -1.7697061138613801e-02,
       -1.1004012839828087e+02, 1.3081586405091459e+01,
       3.1042830063738808e+01, -9.4388940219190030e+00,
       7.7495631153199653e+00, 8.7663138605420396e+00,
       1.5492262405069837e+00, 9.8768836450841779e-01,
       -4.4896886728875368e-01, -1.3287535052913368e-01,
       -2.6581701670919281e-02, -2.8500400876035736e-03,
       1.8506430045148744e+02, 1.4511937206410229e+01,
       -4.8901133365504855e+01, 1.1696797449139265e+01,
       -1.1580957999172961e+01, -8.0018149733976660e+00,
       7.0924278626040449e-01, -3.8312659433896751e-01,
       -1.0207296789454798e+00, -2.7578500564360875e-01,
       -6.3527525558555786e-02, -1.1852698099035355e-02,
       -1.6869232325856012e+02, -1.2231228848813215e+02,
       4.7558039932744606e+01, 4.4699977983960736e+01,
       -3.5739426912434809e+01, -5.9766484735311804e+00,
       -4.3266037829630895e+00, -1.2591610834364315e+00,
       -7.7014695494523755e-01, -3.4329466166255283e-02,
       1.3009195410277158e-01, 4.3593191491652042e-02,
       -3.1526613611105825e+00, -4.5530166503279466e+00,
       2.5655360270841170e+00, 4.8770178681637208e+00,
       1.6963729280184236e+01, 5.9546757380036679e+00,
       1.4630674630389646e+00, -9.0610300887354789e-01,
       -3.0229320142596200e-01, -1.9227562031054957e-02,
       -8.2963930201081795e-02, -1.1565368768611378e-03,
       1.3652803364730477e+02, 3.5831785144421855e+00,
       -3.7637098196288633e+01, 1.0369141491180310e+01,
       -8.7941212787391194e+00, -9.4887220183070511e+00,
       -3.2791064500945208e+00, 5.2525324437907350e-01,
       -5.8648484670011680e-01, 4.9508742536439271e-01,
       3.5269337539905032e-01, -2.3361955841584299e-02,
       7.8532230416936514e+01, 1.8460835032326792e+00,
       -1.7198713310661791e+01, 7.9065133501297966e+00,
       1.5602014559159519e+01, 1.4782209765744085e+00,
       -3.6712597468528911e+00, -7.8390254251882785e-01,
       -1.1290797173110894e+00, -7.6650696954727884e-02,
       -2.9651529779772187e-02, 1.6075406874525820e-02,
       -1.2442722950769547e+02, 1.2128781294978837e+02,
       9.4481907435632682e+00, -5.3390493707309169e+01,
       -1.3855390515729818e+01, 5.0792934161708381e-02,
       6.0230329664563431e-01, -1.4676247912068130e-01,
       -5.1283791785545729e-01, -3.4808489982213942e-01,
       1.2037207994040008e-01, -4.4143891815575029e-03,
       5.9549557190530258e+01, -2.0834591272117109e+01,
       -3.7757202687237070e+00, 2.2817562638334401e+00,
       1.1669494539786815e+01, -5.7266062600733028e+00,
       4.5433148770742875e+00, -1.6211565743227588e-01,
       1.9592149616106030e-01, 1.6905994334735117e-01,
       -3.9257460566270467e-03, 5.2501190887398526e-02,
       1.2399519529174727e+01, -7.8947508678899595e+01,
       4.5116357764404595e+00, 3.0951025022746386e+01,
       -1.2195283695041532e+01, -1.3954768056588252e+01,
       -4.2539657270604980e-01, -1.4267872947959197e+00,
       -1.5386332242105645e+00, 5.4725014052142640e-01,
       -3.4752242487492252e-01, 1.8898202489368448e-02,
       -1.9003899432337991e+02, -2.3874270919570399e+01,
       3.3990799241911446e+01, -1.0905667307817529e+01,
       -4.4907917278040532e+00, -4.9729790791996855e+00,
       -2.7302931410168521e+00, -2.0260377753426698e-01,
       4.3417622047216193e+00, 7.4130035043831166e-01,
       -1.4967159257429177e-01, -9.3894987049392795e-02,
       -1.1060885612024990e+01, 7.2741295755607368e+01,
       -6.7384442371364921e+00, -3.6323059669472187e+01,
       1.9298378855180186e+01, -3.4646298456018059e+00,
       7.1216132706001012e-01, -4.2123623994297016e-01,
       -5.2277799670942626e-01, 1.3157547954230336e-01,
       9.9672311273667227e-02, -4.1194154137031182e-03,
       -9.7058560010203365e+00, 1.1439047888207493e+02,
       2.0123487653962467e+01, -2.9217242502915827e+01,
       1.9285874377792460e+01, -1.9407906749713119e-01,
       -1.2700923191658415e+01, 2.5236686756397031e+00,
       6.1651856957520437e+00, 3.2905958895512005e-01,
       1.0719547664823849e-01, 3.0295976452335582e-01,
       9.9370615962459908e+01, -4.3914199098266181e+01,
       -2.1925656514659089e+01, 3.7109192808758884e+01,
       -2.7641974052584850e+01, 2.3290092688019474e+01,
       1.0580897857033040e+00, 1.3021519882884065e+00,
       4.8471095747349807e-01, 3.4677317180810296e-02,
       1.4861636413138896e-01, -3.2982406263561324e-03,
       -8.6609312890555241e+00, 9.7757274089148325e+00,
       -4.4305666917513715e+00, -1.6098520724101110e+01,
       -3.1497399292574713e+00, -7.4197376659168164e+00,
       6.3518745850641756e-01, -1.4648060292209735e+00,
       3.2468079748900900e+00, 2.2371418340935829e+00,
       1.6529143106269664e-01, -2.7338261408680387e-01,
       3.1149988249833349e+01, -9.3736614512669991e-01,
       -7.8514273361055036e+00, -1.3766226409218207e+01,
       2.7741058727075143e+00, -1.2135899730114479e+01,
       -6.2752634903170934e+00, 2.2068465731660432e+00,
       6.2700689962129426e+00, -1.8650109655460026e-01,
       -1.1573869136693288e-01, -2.4128835339362859e-02,
       6.7814954397044730e+01, 1.0934915292726321e+02,
       -3.4397458105266793e+01, -3.0577307168065136e+01,
       -5.5006810864985471e+00, 4.7752192430035068e-01,
       5.0569380800448438e-01, -8.6252196282268023e-01,
       -4.8982036118131850e-01, 1.7162660986339784e-01,
       2.0613707116254662e-01, -4.0287284438657284e-02,
       -1.8941084853189261e+02, -2.3686806428809984e+01,
       4.8432191973823592e+01, -2.5133086672496336e+00,
       -1.4635245980647140e+01, 1.5752937319122134e-01,
       -2.1373783343313968e-01, 1.4062785350296023e+00,
       -1.2262802617776465e+00, 4.7348610903199008e-02,
       -5.2171114256039383e-04, 1.1083613258809083e-02,
       7.1185775927987258e+00, -1.9435695190336472e+02,
       1.6542639076091685e+01, 6.7597008283522953e+01,
       1.0797109461327691e+01, -2.0804114751628298e+01,
       -1.8389250124416525e+00, -1.0345377780460674e+00,
       2.9846409629232024e-01, -1.2813964656553598e+00,
       3.3137054830245184e-02, -8.3886393216581492e-02 ]
