%YAML:1.0
means: !!opencv-matrix
   rows: 34
   cols: 3
   dt: d
   data: [ -4.9567443365208781e+01, -1.7138908943060500e+01,
       9.9280775954630229e+01, 2.3729281688646239e+02,
       -3.3057903354660603e+01, -1.6300512519981012e+01,
       -6.3558293910141536e+01, 1.3707926710336395e+02,
       -6.7879879242775942e+01, 1.2965324332546948e+02,
       -6.6578694270097017e+01, -7.1749496347903815e+01,
       -2.7321732213579031e+02, -7.1701237425571748e+01,
       -1.1988348455827479e+01, 2.2757634601394148e+01,
       1.8662840484325284e+02, -1.0264819725536601e+01,
       6.2356514820813885e+01, 1.7680277130880921e+01,
       -3.1073490194963494e+01, -1.8638254764954166e+02,
       9.0924993586810885e+01, -9.3943116725853457e+00,
       1.6307577204590881e+01, -2.5337920111650823e+02,
       9.5817851989814145e+00, 2.1724077607055395e+02,
       3.0383675863785760e+00, 3.6302207089829935e+01,
       -6.9959921362626602e+01, -7.0511353882936788e+01,
       -4.9253618645803698e+01, 1.3580888713436750e+02,
       -8.3410238398133401e+01, 2.5148200937169490e-01,
       8.0118917676186754e+01, 1.1537322242913673e+02,
       4.5594947881169880e+01, 7.1423653612824012e+01,
       1.0455813025392730e+02, -5.6786346711037417e+01,
       -9.5375876111520412e+01, 2.4793732833411195e+01,
       -3.2420138216814195e+01, 1.4561461462999931e+01,
       -4.6959058107467833e+01, 1.2980956679589719e+01,
       -1.2747514548724733e+02, -8.9750943322814862e+01,
       2.7681948796109548e+01, 9.3551706927414244e+01,
       -8.1262496512966067e+01, 7.0474609519445991e+01,
       1.5182116572194298e+02, 1.5079202799257209e+02,
       3.2039765296119533e+01, -8.7658804986026325e+01,
       3.3557936541384578e+01, 5.0762374790885204e+01,
       -2.1938167986980383e+02, -1.8231179414642060e+01,
       -2.6184228448599153e+01, -1.2135056438233532e+02,
       -9.5101587883123884e+01, 9.0562782857150097e+01,
       -9.6949579737605220e+01, -1.7082201293079424e+02,
       -4.8001201068008513e+01, 3.9656721153258871e+01,
       4.6482071748977475e+01, 4.6341845576319741e+01,
       8.2806823122125071e+00, -1.2771445315277710e+00,
       -7.8869123438328728e+01, -1.9854569523476249e+02,
       9.1049264578163946e-01, 5.2009166640814712e+01,
       -1.4871970487496765e+02, 1.8768865571820123e+02,
       -1.3241888134915710e+01, -6.4906593051771566e+01,
       1.5700501119532413e+02, 6.8433504678251680e+01,
       1.4101912111814838e+02, -7.9978185975270240e+00,
       3.9224166626479693e+01, 4.1124002483431205e+01,
       -1.0152702516988833e+02, -7.1556426435481754e+01,
       -2.7630050155533070e+01, 8.2499247738830675e+01,
       -3.5270700871193732e+00, -2.0769966346579912e+02,
       -1.5420895119507588e+02, 2.1945381873303369e+01,
       1.4302706780410928e+01, -1.4088819753238647e+02,
       8.1712592937533586e+00, 1.3930048217122095e+02,
       4.5375871970653186e+01, -4.8287042675957323e+00 ]
covs: !!opencv-matrix
   rows: 102
   cols: 3
   dt: d
   data: [ 2.7494094839359127e+03, -1.4558915158177485e+03,
       -5.2069295170950681e+02, -1.4558915158177485e+03,
       7.4342395664901369e+03, 8.1524476929578395e+02,
       -5.2069295170950670e+02, 8.1524476929578395e+02,
       5.3176740515282575e+02, 2.2488867751246767e+03,
       6.5427559342539823e+01, 5.4654747431784142e+02,
       6.5427559342539794e+01, 5.2373976539151763e+03,
       4.5707358076848908e+02, 5.4654747431784142e+02,
       4.5707358076848919e+02, 6.8812963610246493e+02,
       3.6866294773013315e+03, -9.0270005775395930e+01,
       -4.8351947207901384e+02, -9.0270005775395930e+01,
       4.4777500373556695e+03, -9.9252141395452981e+01,
       -4.8351947207901384e+02, -9.9252141395452952e+01,
       6.7975962550440590e+02, 2.4803481523568885e+03,
       -2.0515876782055681e+01, 7.4732240301588035e+02,
       -2.0515876782055695e+01, 3.0925168572154876e+03,
       8.2933820283703568e+01, 7.4732240301588013e+02,
       8.2933820283703596e+01, 1.5947423465879351e+03,
       2.1020458354827060e+03, -8.4279708703448762e+02,
       2.7890888006815237e+02, -8.4279708703448762e+02,
       7.0672441547957433e+03, 8.1911608624035057e+02,
       2.7890888006815237e+02, 8.1911608624035057e+02,
       4.3897176017230356e+02, 2.5861241205480319e+03,
       4.2007117920341062e+02, 4.0580046177018409e+02,
       4.2007117920341062e+02, 3.1426329797208477e+03,
       4.6968367522205949e+02, 4.0580046177018403e+02,
       4.6968367522205949e+02, 1.5142858527230660e+03,
       1.7771969319820278e+03, -6.6969497955233678e+01,
       -3.3829770456371682e+02, -6.6969497955233663e+01,
       1.8184266461035954e+03, -1.4542331134985176e+02,
       -3.3829770456371682e+02, -1.4542331134985179e+02,
       1.8993162303743441e+03, 2.8387768886371650e+03,
       3.8624304789763393e+00, 5.2804669852640507e+02,
       3.8624304789763459e+00, 3.4900892325028940e+03,
       4.5131232584020745e+02, 5.2804669852640507e+02,
       4.5131232584020756e+02, 1.6694611837458153e+03,
       3.6298058748014896e+03, -7.7696768448033504e+02,
       1.5284176314300612e+03, -7.7696768448033492e+02,
       4.6759819208878107e+03, 6.9430921932250840e+02,
       1.5284176314300612e+03, 6.9430921932250851e+02,
       1.2858939272821683e+03, 3.0133356844271007e+03,
       8.6268402282475347e+02, -5.4093653820231248e+02,
       8.6268402282475358e+02, 9.7970451705068663e+03,
       2.7932419147734618e+02, -5.4093653820231259e+02,
       2.7932419147734618e+02, 4.0178168969229495e+02,
       1.3773813375800864e+03, -7.5283213909654330e+02,
       3.1638746712147002e+02, -7.5283213909654330e+02,
       4.4057833662931653e+03, -1.0781874293592679e+02,
       3.1638746712147002e+02, -1.0781874293592678e+02,
       7.1692758290391464e+02, 1.8324790186208081e+03,
       -6.4183211683321019e+02, 8.1714202412924999e+02,
       -6.4183211683321031e+02, 3.6277286876963112e+03,
       1.0148607115845570e+02, 8.1714202412925033e+02,
       1.0148607115845570e+02, 8.2362370288148350e+02,
       1.8402665034993049e+03, -6.0430919422512454e+02,
       -4.6022174808297905e+01, -6.0430919422512454e+02,
       2.9547394015737168e+03, -6.5357194833498028e+01,
       -4.6022174808297898e+01, -6.5357194833498028e+01,
       8.5803740445514211e+02, 3.7826991340215468e+03,
       9.2318163253524779e+02, 5.4786221870855343e+02,
       9.2318163253524779e+02, 2.7689822389596379e+03,
       5.8960118113516285e+02, 5.4786221870855331e+02,
       5.8960118113516273e+02, 1.4914701559691941e+03,
       4.1068856102505633e+03, -1.9962815009309571e+02,
       -6.1463852591107525e+02, -1.9962815009309571e+02,
       2.4539220634907260e+03, -5.0402053570503057e+02,
       -6.1463852591107525e+02, -5.0402053570503057e+02,
       1.7783439059757679e+03, 2.3129538178706207e+03,
       -9.1586823992936900e+02, 8.1331718376691435e+02,
       -9.1586823992936900e+02, 2.4655615983864145e+03,
       -1.8811660244432375e+02, 8.1331718376691435e+02,
       -1.8811660244432375e+02, 1.0789428779624934e+03,
       4.4408321976007883e+03, -2.5877463324065639e+02,
       8.7953534079769940e+02, -2.5877463324065633e+02,
       2.8153951019714596e+03, -6.3582722691316320e+01,
       8.7953534079769940e+02, -6.3582722691316299e+01,
       1.1050279510656248e+03, 1.1609035924993223e+03,
       -9.2367997695215013e+02, 2.7995949512895184e+01,
       -9.2367997695215024e+02, 1.0024444494808471e+04,
       6.8531613461862548e+02, 2.7995949512895184e+01,
       6.8531613461862548e+02, 4.7002428108123655e+02,
       3.0747894408209345e+03, -1.3913090442335188e+03,
       -9.3649937326813097e+02, -1.3913090442335190e+03,
       4.0531272184287727e+03, 7.7538958395383020e+02,
       -9.3649937326813097e+02, 7.7538958395383020e+02,
       9.4374869252319490e+02, 2.4656191182814364e+03,
       -4.6961270650365009e+02, 7.2421488534519847e+02,
       -4.6961270650365009e+02, 3.3166333902695023e+03,
       9.7436777324780778e+01, 7.2421488534519858e+02,
       9.7436777324780778e+01, 8.1103161542993985e+02,
