%YAML:1.0
means: !!opencv-matrix
   rows: 18
   cols: 13
   dt: d
   data: [ 3.5027663588013588e+01, 1.3453575496135494e+02,
       -2.7155429689068029e+01, -5.3745196716485900e+01,
       -1.0188553598114225e+01, 3.0978756491634005e+00,
       2.1275647282530290e+00, 9.1218374773165092e-02,
       -1.5239880134402928e-01, -2.7611345034997120e-01,
       -1.0845702306813263e-02, -2.0944298073193091e-02,
       5.3130731210118054e-03, -1.5070546635891637e+02,
       -5.2413014807987359e+01, 4.3268473938015326e+01,
       1.7694560970912963e+01, -9.8580489177818382e+00,
       9.4359960532916229e+00, 3.2139948027207665e-01,
       1.0348750884722386e+00, -6.7945585676880871e-01,
       -8.2027345919735276e-02, 4.2770629650856776e-02,
       2.5789597731552794e-03, 1.0792347675499323e-03,
       -1.4888931750106920e+02, -1.2589641634650923e+02,
       4.6773546360016297e+01, 4.2038298340731714e+01,
       -2.8068225776721004e+01, -8.1474331147208332e+00,
       -6.1555687823279355e+00, -1.5241258917174565e+00,
       6.1088253533888603e-01, 2.9785519702924124e-01,
       3.7022559791897211e-02, 6.5223537675997423e-02,
       -1.9659691746080652e-02, 3.0855602450231139e+01,
       9.4855420380128493e+01, 3.8228963897547785e-01,
       -3.0718521572212886e+01, 4.8208567006113956e+00,
       -3.1854568842875715e+00, -1.1877403654968751e+01,
       1.6470354911428255e+00, 6.4771270428973722e+00,
       9.7262282500939112e-01, 1.1289086270952965e-01,
       2.1250421875530084e-01, -7.6801646114231792e-02,
       4.4332750408467540e+01, -1.2055936254779756e+01,
       -1.0035789589429836e+01, -1.0177882285739294e+01,
       4.1810788354909434e+00, -1.5643778025453072e+01,
       -6.3383894401724596e+00, 3.0002318632265195e+00,
       6.6045103140781318e+00, -6.1284414457202541e-01,
       -1.3144456201877214e-01, -4.6389604989456615e-02,
       -2.6156000661071186e-02, 5.9966866149626319e-01,
       6.3221522766115882e+01, -6.3203775945593437e+00,
       -3.7725580898989811e+01, 6.4605086280389195e+00,
       -5.7176297988807823e-01, 1.7685489149701890e+00,
       -1.2020357617436349e-01, -4.4908812748385957e-01,
       -2.2532345414084520e-01, -1.5331674049231883e-01,
       1.5523040478219436e-02, 3.7280999426735793e-03,
       -1.6905022775210918e+02, 4.1375649914152120e+01,
       3.6876788195623831e+01, -2.7189647840088931e+01,
       -4.3465211799762473e+00, 8.3225942558272392e-01,
       6.1889058557239385e-01, 1.0942458321343294e+00,
       -9.1540487239083512e-01, 1.3066619143473918e-02,
       6.6510473865991349e-03, 4.5184251836067214e-03,
       4.5358363464334008e-03, 1.2496978235152567e+02,
       -1.7442969707965673e+01, -2.9814817209754569e+01,
       1.6917739566496589e+01, -3.9315412653718260e+00,
       2.7366049816004556e-01, 5.7952009757377343e-01,
       -3.4183071860866832e-02, -3.5908103244456929e-01,
       -3.0163878694171267e-02, -6.1120703714063314e-02,
       3.7025710560177436e-02, 1.4193999146177208e-03,
       1.6665845347649631e+02, 2.3290963107991324e+01,
       -4.4549755620002969e+01, 1.0297604148651233e+01,
       -1.0019503080706585e+01, -6.4197662264184068e+00,
       -8.9627972389033139e-01, -7.7134627302651124e-02,
       -8.2123389822333048e-01, -8.7608859910111598e-03,
       1.2231199628790608e-01, -2.1490072790700396e-02,
       6.0951768240470127e-05, 3.0564209494041020e+01,
       5.8297507303214795e+00, -3.4469957970015992e+00,
       -4.3344858602785177e+00, 2.6326117357109361e+01,
       -8.6922756717809619e+00, -3.6836487572899540e-01,
       -1.1724768437541913e+00, -8.1186382059563156e-01,
       1.7715561410453415e-01, 1.0356382501199012e-01,
       2.1962293499722500e-02, 1.8107999033493344e-03,
       -8.3010164827333668e+00, 1.0456924412683687e+01,
       -4.2309128770898781e+00, -1.5952581442846011e+01,
       -2.2099294993872656e+00, -6.8680955283553962e+00,
       5.8287420851780236e-01, -1.4592750455754921e+00,
       3.0971488557351989e+00, 2.1818479667412851e+00,
       1.5703437899430897e-01, -2.6312906171290146e-01,
       1.5795751086729481e-02, 2.4071226989415191e+00,
       -3.6735849101747718e+01, -1.0353670993801407e+00,
       1.1612446506491553e+01, -1.0744448696496750e+01,
       -1.3749603030904810e+01, 6.3776642195417343e-02,
       -6.5702752096172445e-01, -1.6381628626119322e+00,
       3.1763823647393646e-01, -3.3658427363490029e-01,
       1.4077519932805923e-02, 6.3441417391312850e-03,
       -1.8615431261769422e+02, -8.9269249577610079e+00,
       3.2226708379429745e+01, -1.8444792738918995e+01,
       -5.3730754174789286e-01, -7.8450178563969581e+00,
       -1.6320904175434021e+00, -4.0396087428047656e-01,
       3.8595398026541829e+00, 5.7535943220287356e-01,
       -1.7858513641780110e-01, -1.1736971264433871e-01,
       2.8368820431305666e-03, 6.6213975679707024e+00,
       -1.9385186716520982e+02, 1.5851625007899704e+01,
       6.7717879387471257e+01, 1.0375469723712989e+01,
       -2.0459524850059047e+01, -1.8775530832748315e+00,
       -1.0718504721282693e+00, 2.7640639141186180e-01,
       -1.2496205143542933e+00, 2.4838097828034009e-02,
       -8.2026747080896550e-02, 3.7687107063108694e-03,
       9.4183857401954242e+01, -4.5647601361111370e+01,
       -2.0650513396652286e+01, 3.7696879389673313e+01,
       -2.8681606677136863e+01, 2.3806126086124582e+01,
       1.1573689206212479e+00, 1.2933813050826835e+00,
       4.8256516147703060e-01, 2.6068151676795687e-02,
       1.3325323707550873e-01, -4.9688564923248864e-03,
       -2.6835533926422074e-03, 1.1288381011430305e+01,
       -6.3922596315516678e+01, 1.3304448033576005e+01,
       2.9179587233438589e+01, 2.4763655741914036e+01,
       1.4067712029818859e+01, 1.8734160132111339e+00,
       -4.8483389865308690e-01, 1.4209997535117874e-02,
       1.4936768589780486e-02, -1.9631780419585326e-02,
       6.2681599855849103e-03, 8.2398583196495966e-04,
       2.1129070978099922e+01, 9.9843021976106954e+01,
       -1.7270236472709399e+01, -3.9223969836739478e+01,
       5.4144234592094005e+00, -3.1146317032516047e+00,
       1.2243086446008482e+00, -5.4713972198247685e-01,
       -3.5830613145298912e-01, 2.4650009052367111e-01,
       9.4378203275075734e-02, -8.3854962969144211e-03,
       6.3663591945976707e-03, -1.1852888387847455e+02,
       1.2778468365139818e+02, 7.0600481954181342e+00,
       -5.4681765307240610e+01, -1.5233430074128297e+01,
       -2.8038372848941823e-01, 6.0414971841922005e-01,
       -3.4231941142741673e-01, -5.0624020006885562e-01,
       -3.8750490123364906e-01, 1.2261378485615887e-01,
       -5.2563034423838096e-03, 2.4566201955958647e-03 ]
