%YAML:1.0
means: !!opencv-matrix
   rows: 3
   cols: 21
   dt: d
   data: [ 4.4487987058370351e+02, 3.0222079469717738e+02,
       1.5212430313046099e+00, 4.1945342638303077e+02,
       2.9332353074621579e+02, 1.6599483350970152e+00,
       3.6900546561351268e+02, 2.2737691016925490e+02,
       1.6933252352439485e+00, 3.1890895979590090e+02,
       1.6413579688103397e+02, 1.7436310039014848e+00,
       3.1644640564490578e+02, 2.2609952985113176e+02,
       1.7051138072255285e+00, 4.6237427146642539e-04,
       1.2612840884055681e-03, -7.0044163267211294e-04,
       4.3805531154401608e-04, -2.4831605633593462e-01,
       1.7523914464686914e+00, 4.2162883526034761e+02,
       2.2436911282898649e+02, 1.5155080495375062e+00,
       4.0287666412945737e+02, 2.5007224746053072e+02,
       1.6400839609898359e+00, 3.6281471112342444e+02,
       2.2982282427466723e+02, 1.7151212352374627e+00,
       3.1652368454047019e+02, 1.6116294871443392e+02,
       1.7295230290243058e+00, 3.1492870019571018e+02,
       2.2913550513696578e+02, 1.7086433119244004e+00,
       -3.7302799751474979e-04, 1.7131108965397606e-04,
       8.5299623517662694e-04, -1.3970896277172946e-03,
       -2.4782343742155807e-01, 1.7471583291311106e+00,
       4.1898181548132152e+02, 1.5498425698676397e+02,
       1.4487527217862277e+00, 4.2150220742316088e+02,
       2.0798914603385248e+02, 1.5474651208988008e+00,
       3.6980563487194462e+02, 2.2554439780847693e+02,
       1.6988778890565988e+00, 3.2131198072211026e+02,
       1.6456163846996054e+02, 1.7694450075795076e+00,
       3.1749874764242509e+02, 2.2329184827246371e+02,
       1.7101723117515897e+00, -3.1559781715849352e-04,
       -2.4830242975905042e-03, 1.0671518267633922e-03,
       -9.0301806779433515e-04, -2.5397674306810092e-01,
       1.7486412821785084e+00 ]
covs: !!opencv-matrix
   rows: 63
   cols: 21
   dt: d
   data: [ 7.3122496367927197e+03, -5.4775835057051495e+02,
       -1.7202642904913559e+00, 3.0992842022609675e+03,
       -5.8534114142293447e+02, -1.4227279164727391e+00,
       1.5358745302464156e+03, -4.0478848800500103e+01,
       -1.7009465621984525e+00, 1.3978345528525924e+03,
       -7.7441994992636737e+01, -1.6783270013840113e+00,
       1.4737677681325854e+03, -1.0285577483042548e+01,
       -1.6063038889043202e+00, -3.4037656968523744e-01,
       -4.5981179508271137e-02, -1.2578084700930534e-01,
       4.6709704066872177e+00, 2.5769116500610229e-02,
       -1.5866371162725059e+00, -5.4775835057051518e+02,
       7.1517491230393844e+03, -1.7747740877708907e-02,
       -4.3550229340089658e+02, 2.7676068574126130e+03,
       -2.6022777260288193e-01, 7.3775112394979942e+01,
       1.4754698858818513e+03, -1.1927157926815939e+00,
       8.1573769830224876e+01, 1.3730943691789601e+03,
       -1.0514570730682442e+00, 4.0774909000049092e+01,
       1.4443107981915068e+03, -1.0205923115265962e+00,
       2.7608590911779918e-01, 5.9681594338039878e-02,
       6.6340864017260068e-02, 5.8180829334297385e-02,
       4.5871478603971605e+00, -9.9325329569856069e-01,
       -1.7202642904913561e+00, -1.7747740877708848e-02,
       4.2072072933979937e-02, -9.7321108559656455e-01,
       -1.3917117509569810e+00, 2.9857110781938589e-02,
       -6.0805881871000267e-01, -3.1045876476865367e-02,
       1.9929320130347657e-02, -5.7879971417551059e-02,
       6.3948792075126260e-01, 1.9161661777918643e-02,
       7.7820624260112881e-03, -2.7701435790065797e-02,
       1.9588832564858976e-02, -5.1067639311153601e-05,
       9.8544173469970221e-04, -7.9266866943716267e-04,
       -5.1447786272509589e-05, -3.8060441693584852e-04,
       2.0666396421933717e-02, 3.0992842022609675e+03,
       -4.3550229340089658e+02, -9.7321108559656444e-01,
       2.1150283574418327e+03, -3.7978556713792346e+02,
       -1.2294633582156893e+00, 1.3793527584945400e+03,
       -2.0978663989556342e+01, -1.2225680345915468e+00,
       1.2755212571161032e+03, -4.7056796221698860e+01,
       -1.2125225132643418e+00, 1.3318779865870972e+03,
       -6.2141385249750603e-01, -1.1817108294340879e+00,
       -3.1863886312140305e-01, -3.6815467068642124e-02,
       -2.4156152706703623e-02, 4.2361836397652475e+00,
       2.3614458993529295e-02, -1.1741673759352027e+00,
       -5.8534114142293470e+02, 2.7676068574126130e+03,
       -1.3917117509569810e+00, -3.7978556713792352e+02,
       1.9477581808445043e+03, -1.0812436835580785e+00,
       3.2662259229203784e+01, 1.3335344384746861e+03,
       -7.7193758467740181e-01, 3.8197875459670961e+01,
       1.2549438489144359e+03, -7.0086710014544018e-01,
       9.4538042763704464e+00, 1.3071058549279969e+03,
       -7.3500895833057933e-01, 2.2931668125839849e-01,
       -6.8517659135566194e-03, 3.4021341745454681e-02,
       -1.4025859246150229e-02, 4.1904222089352663e+00,
       -7.8982389157650834e-01, -1.4227279164727391e+00,
       -2.6022777260288199e-01, 2.9857110781938589e-02,
       -1.2294633582156891e+00, -1.0812436835580785e+00,
       2.6940935544007959e-02, -6.0302826231212292e-01,
       1.0764524319047925e-02, 2.0549329341869132e-02,
       -1.3572883391847772e-02, 7.0625684350068796e-01,
       1.9944328507088591e-02, 3.3269057707936457e-02,
       9.0462582637831652e-03, 2.0236396916889429e-02,
       -3.5800842457032422e-05, 9.5150304135397865e-04,
       -7.2168503836634549e-04, -9.0153842957724021e-06,
       -3.8311473230507741e-04, 2.0724146008325818e-02,
       1.5358745302464156e+03, 7.3775112394980013e+01,
       -6.0805881871000245e-01, 1.3793527584945400e+03,
       3.2662259229203798e+01, -6.0302826231212292e-01,
       1.3487270265098398e+03, -1.8434947738277678e+01,
       -5.9176669181638974e-01, 1.2842748005757842e+03,
       -3.2138839023386147e+01, -5.7902146359348072e-01,
       1.3204470390542626e+03, -1.1711608295559271e+01,
       -5.8579572603293739e-01, -1.5868039162814168e-01,
       -2.1606691606301135e-02, -1.9152837002977180e-02,
       4.1522020878868098e+00, -2.2429041674354885e-02,
       -5.7124544709130165e-01, -4.0478848800500103e+01,
       1.4754698858818513e+03, -3.1045876476865329e-02,
       -2.0978663989556338e+01, 1.3335344384746861e+03,
       1.0764524319047959e-02, -1.8434947738277689e+01,
       1.3166607455502321e+03, 1.1607764253348959e-01,
       -3.4306841857177952e+00, 1.2740935168401388e+03,
       1.1674479597305651e-01, -1.4258609969799831e+01,
       1.2986718936968541e+03, 1.1861024605945006e-01,
       1.1718231342500285e-01, 4.3564672420445122e-02,
       -1.0676731652049231e-02, -3.0801546022441360e-02,
       4.1480038863753572e+00, 8.9055265841104139e-02,
       -1.7009465621984519e+00, -1.1927157926815943e+00,
       1.9929320130347657e-02, -1.2225680345915468e+00,
       -7.7193758467740159e-01, 2.0549329341869132e-02,
       -5.9176669181638963e-01, 1.1607764253348959e-01,
       2.1096934655967372e-02, 3.4225891817503420e-02,
       8.6886423304460769e-01, 2.0940679604390604e-02,
       6.5786120927317018e-02, 1.2428680948482529e-01,
       2.0979003375086215e-02, -2.9431544228257756e-05,
       5.1280155970217622e-04, -3.9502327481700096e-04,
       7.7722976467469625e-05, -1.8265909244271332e-04,
       2.0681686931591794e-02, 1.3978345528525924e+03,
       8.1573769830224862e+01, -5.7879971417551024e-02,
       1.2755212571161032e+03, 3.8197875459670954e+01,
       -1.3572883391847795e-02, 1.2842748005757842e+03,
       -3.4306841857177894e+00, 3.4225891817503420e-02,
       1.2549396698460773e+03, -4.7983603407954405e+00,
       5.6595916672901793e-02, 1.2766026937698057e+03,
       -7.7062911765688265e+00, 4.7089360454264442e-02,
       6.4205124017235327e-03, -5.3174818523611380e-03,
       7.7744631852103329e-03, 4.0368190885273094e+00,
       -2.6658493942974433e-02, 4.6119538234095793e-02,
       -7.7441994992636765e+01, 1.3730943691789601e+03,
       6.3948792075126282e-01, -4.7056796221698860e+01,
       1.2549438489144359e+03, 7.0625684350068796e-01,
       -3.2138839023386161e+01, 1.2740935168401388e+03,
