%YAML:1.0
means: !!opencv-matrix
   rows: 19
   cols: 3
   dt: d
   data: [ -1.0699793297309105e+02, 1.6048548718042337e+00,
       6.7581581563858180e+01, 1.0291020559100350e+02,
       9.1214150910321806e+01, -3.4211127702389298e+01,
       1.3324743142268028e+02, 9.6580510639560853e+00,
       1.3912063141001369e+01, -2.4590812425688165e+02,
       6.2072920512548180e+01, 8.0378187000400807e+00,
       -6.1574362789501983e+01, -3.9213235173657736e+01,
       -1.7161625154540829e+01, -2.0670553650169549e+02,
       -4.6300211870454755e-01, -1.6658627442744727e+01,
       1.0506148441995169e+01, 1.3449519246705722e+02,
       -5.5960245198688785e-01, 6.6226422251398176e+01,
       -2.3973695023990498e+01, -4.4082356796261429e+01,
       -1.6513029317104568e+02, -1.2485430801044299e+02,
       8.3940231602002786e+00, 4.6235371808064931e+00,
       3.4622097362941613e+00, -9.1113839515881850e+01,
       1.9050655556421077e+02, -1.1666150225856709e+01,
       4.0398110391611311e+01, 1.8414717116038538e+01,
       -6.8421929970494872e+01, 4.7029393732475704e+01,
       8.0760979410789659e+01, -1.5905964196105025e+01,
       7.9729575645569838e+01, -6.4274434389999072e+01,
       -1.2229097968083047e+02, 8.1482364015666832e+01,
       6.4088753651326735e+00, -1.3476199497884573e+02,
       -3.8551204194108209e+01, -1.5359294657015306e+02,
       9.2510825278637682e+01, 7.6145208224944113e+01,
       -1.0068832739547899e+02, 3.6017638924693223e+01,
       -5.1188421435415329e+01, 1.6170734195854178e+02,
       -9.1010101034721956e+01, 1.4179796303055715e+01,
       2.4636318507987411e+01, 5.6229086783746936e+01,
       2.8586168812191527e+01 ]
covs: !!opencv-matrix
   rows: 57
   cols: 3
   dt: d
   data: [ 2.8589757079636361e+03, 1.5352936105214860e+03,
       3.5608072817155346e+02, 1.5352936105214865e+03,
       6.0735825047314056e+03, -2.8397757462628846e+01,
       3.5608072817155346e+02, -2.8397757462628860e+01,
       9.7919808627457121e+02, 4.1970899154099625e+03,
       -2.1848247126049566e+02, 1.1341828643954668e+03,
       -2.1848247126049566e+02, 1.7104358171974307e+03,
       -1.6804050754002319e+01, 1.1341828643954668e+03,
       -1.6804050754002319e+01, 1.6280982668922943e+03,
       2.5490390902359472e+03, 9.2171958277258591e+02,
       -2.7117736667664508e+02, 9.2171958277258591e+02,
       5.8147456991899662e+03, 6.1421002691952117e+02,
       -2.7117736667664508e+02, 6.1421002691952094e+02,
       7.1214935652723818e+02, 2.8573251059409527e+03,
       -1.2676892511140774e+02, 1.0166676292730020e+03,
       -1.2676892511140774e+02, 8.2819245348860804e+03,
       -6.9017482721351064e+02, 1.0166676292730020e+03,
       -6.9017482721351087e+02, 8.0774159663798162e+02,
       2.1857635876455947e+03, 1.2813312702082792e+03,
       5.6159830937548952e+02, 1.2813312702082792e+03,
       5.6736679025167432e+03, 4.5876554653540802e+02,
       5.6159830937548952e+02, 4.5876554653540802e+02,
       9.1192802254687672e+02, 4.4141634042087235e+03,
       1.6032024072299582e+03, 5.8829175203974887e+02,
       1.6032024072299582e+03, 6.7942816451655426e+03,
       1.7135077325181786e+02, 5.8829175203974887e+02,
       1.7135077325181786e+02, 4.7126877377229283e+02,
       4.4591068291803458e+03, 1.5171205526873448e+03,
       1.6580037657017615e+03, 1.5171205526873443e+03,
       4.3743345619018992e+03, -5.4251185833872023e+02,
       1.6580037657017610e+03, -5.4251185833872034e+02,
       1.5524293063167001e+03, 2.8185815822063710e+03,
       -3.3081403044951514e+02, 1.3081794725893323e+02,
       -3.3081403044951514e+02, 3.6950825597204625e+03,
       1.6341443794993839e+02, 1.3081794725893317e+02,
       1.6341443794993845e+02, 1.0991958104565072e+03,
       2.9723533520510573e+03, 1.0604062934352585e+03,
       1.6880399828515815e+03, 1.0604062934352585e+03,
       4.3016792435790176e+03, 4.4845992602981488e+02,
       1.6880399828515815e+03, 4.4845992602981488e+02,
       1.4119910081659552e+03, 2.5321182154584476e+03,
       7.3633593022639525e+02, -5.0152031774369470e+02,
       7.3633593022639525e+02, 7.5142621235509932e+03,
       2.2061467377431725e+02, -5.0152031774369476e+02,
       2.2061467377431725e+02, 5.5106190569881585e+02,
       2.9198942950249325e+03, 8.4575900671267493e+02,
       -4.7673435800802935e+02, 8.4575900671267493e+02,
       7.1617874159756684e+03, -8.8482095543592678e+01,
       -4.7673435800802935e+02, -8.8482095543592635e+01,
       2.4584037704188643e+02, 2.6830405505484518e+03,
       -5.3728917957632007e+02, 2.7567304175498231e+02,
       -5.3728917957632007e+02, 6.9964213585039824e+03,
       4.1694521522143486e+02, 2.7567304175498236e+02,
       4.1694521522143486e+02, 7.3901989645561900e+02,
       7.1341792460569995e+03, 7.6023042830466943e+02,
       -1.5302645896191589e+03, 7.6023042830466966e+02,
       9.6287370559999126e+03, 1.1394891216641101e+00,
       -1.5302645896191589e+03, 1.1394891216641152e+00,
       4.6676514733350319e+02, 1.4563118226999861e+03,
       7.0953714638610677e+02, 2.9255329183028840e+02,
       7.0953714638610666e+02, 4.6473535265552937e+03,
       1.6328770382354782e+02, 2.9255329183028846e+02,
       1.6328770382354782e+02, 4.4307306291369952e+02,
       4.8915302062176770e+03, 1.4292573359229691e+03,
       5.7237533967659954e+02, 1.4292573359229689e+03,
       3.5747400031662628e+03, 7.3774099035274006e+01,
       5.7237533967659954e+02, 7.3774099035274006e+01,
       1.2647556581967528e+03, 2.3718182843999766e+03,
       8.3557392619808377e+02, 9.6464522375155991e+02,
       8.3557392619808365e+02, 5.7376772029664717e+03,
       1.0436983869742188e+02, 9.6464522375155980e+02,
       1.0436983869742188e+02, 9.1732656485920677e+02,
       2.0780386538602161e+03, 1.7805166129978666e+03,
       1.7151047704930593e+02, 1.7805166129978668e+03,
       1.0586936355128633e+04, 2.5619897882256396e+02,
       1.7151047704930588e+02, 2.5619897882256396e+02,
       3.0836837195947305e+02, 2.7350608652411406e+03,
       9.2281484115634896e+02, -2.5873586401472556e+02,
       9.2281484115634896e+02, 3.5221507040106321e+03,
       -1.4895829213908527e+02, -2.5873586401472551e+02,
       -1.4895829213908524e+02, 5.2833009574236280e+02,
       2.6288984489132927e+03, -1.3183046849023074e+02,
       1.6190391328343285e+03, -1.3183046849023074e+02,
       8.4410737453170623e+03, 1.3016248855177983e+02,
       1.6190391328343285e+03, 1.3016248855177980e+02,
       1.2295633767122063e+03 ]
weights: !!opencv-matrix
   rows: 1
   cols: 19
   dt: d
   data: [ 6.3114565447558807e-02, 8.2650191739357254e-02,
       7.9099961534262131e-02, 4.9877224778942776e-02,
       4.9976733965686075e-02, 5.6093209980244342e-02,
       2.4062861265535633e-02, 1.2308007506262521e-01,
       2.5716382735035844e-02, 7.8488899300811002e-02,
       5.0532761531980316e-02, 5.1086125412322297e-02,
       5.4115643957938435e-02, 1.6646593267192256e-02,
       3.5622803117753038e-02, 3.7916980814529495e-02,
       4.3129558780710606e-02, 3.1026736671130515e-02,
       4.7762690636367067e-02 ]
