%YAML:1.0
means: !!opencv-matrix
   rows: 37
   cols: 1
   dt: d
   data: [ -8.2180579937376308e+01, 1.5162669373458513e+02,
       -3.1311600613821219e+02, 4.1579668412666422e+01,
       -2.0634384282893845e+02, 2.4268626069233488e+02,
       8.1044377876141553e+01, 6.8277652927492927e-01,
       -1.4872272135851452e+02, -2.7765794260954877e+01,
       1.9706009843111906e+02, -1.1303687314265409e+02,
       1.2179936904576587e+02, -2.6587274810957649e+02,
       -5.5828249426203250e+01, -1.6684039345646460e+02,
       2.7449762738716618e+02, 9.3798072016199896e+01,
       2.1750263828085028e+02, 1.3929649582238714e+01,
       -2.4496319256145586e+02, -1.8673990441057998e+02,
       1.3712466983396726e+02, -1.3085152050024661e+02,
       5.4405787612090670e+01, -3.4412974127119912e+02,
       -1.3415278305220683e+01, -4.1922489591389116e+01,
       1.0712735653982665e+02, -2.2481122931639038e+02,
       1.8118251059826343e+02, -9.6632258489093459e+01,
       6.7914314154034102e+01, 2.7646945345376214e+01,
       1.6595837885743546e+02, -6.8774949565005144e+01,
       -2.8728391915521792e+02 ]
covs: !!opencv-matrix
   rows: 37
   cols: 1
   dt: d
   data: [ 4.6209787260060438e+01, 4.4271497362493335e+01,
       2.2158404961554646e+02, 3.9756598933516159e+01,
       9.0969910681669091e+01, 2.0866114446209994e+02,
       4.0261273922096606e+01, 4.4451238932509099e+01,
       8.4023250043118850e+01, 4.4613256543511497e+01,
       6.1031436225565578e+01, 6.2395718456526964e+01,
       4.7689521451439951e+01, 1.2160388587990438e+02,
       4.2101551267009519e+01, 9.9279515883542970e+01,
       5.6831429491387166e+02, 4.1008551977513186e+01,
       1.0227105674130391e+02, 4.1475051259004424e+01,
       1.1083600779034954e+02, 9.8447222440376862e+01,
       4.6309668601798045e+01, 7.3149082305234529e+01,
       4.1744177284762912e+01, 5.9852844159001290e+02,
       4.4404418078012526e+01, 4.3007841880708547e+01,
       4.5494985811899511e+01, 9.2675620010375127e+01,
       5.9430691043463561e+01, 5.3341018601762464e+01,
       4.2013980451672154e+01, 4.0124603488925516e+01,
       4.9806521407555074e+01, 4.0833555084127205e+01,
       1.3961990839259681e+02 ]
weights: !!opencv-matrix
   rows: 1
   cols: 37
   dt: d
   data: [ 2.7107187163918554e-02, 2.8573425300985372e-02,
       8.0224815425153067e-03, 3.9539713029649426e-02,
       1.9528414578121829e-02, 1.4310169874131267e-02,
       3.6973478581630484e-02, 3.6749164440208898e-02,
       2.6850898623345703e-02, 3.5787271468138600e-02,
       1.9062862154089547e-02, 3.1048955400172606e-02,
       3.7653155006443492e-02, 1.3400512406167556e-02,
       2.8584859369715283e-02, 2.4317212440622508e-02,
       8.6943001376349263e-03, 3.7477550899866346e-02,
       1.7131256592515479e-02, 3.8231366745606669e-02,
       1.6379817520883022e-02, 2.4041737931297501e-02,
       3.1975042424749599e-02, 2.9029162375398765e-02,
       3.9590313743217087e-02, 4.8280594228815596e-03,
       3.8814940675407743e-02, 3.1091810066136174e-02,
       3.8826289508720316e-02, 1.8170664196813541e-02,
       2.3607057368230565e-02, 3.0370816766508737e-02,
       4.2012921327531164e-02, 3.9090862345621730e-02,
       2.5569387435363421e-02, 2.7227845574366309e-02,
       1.0329035561382994e-02 ]
pca_proj: !!opencv-matrix
   rows: 1
   cols: 21
   dt: f
   data: [ 4.36961316e-02, 8.50134730e-01, 1.73015636e-04,
       6.54514134e-02, 4.60692108e-01, 2.29939164e-04, 7.67599978e-03,
       1.46649793e-01, -1.37564148e-05, 1.21663406e-03, 1.30500361e-01,
       -5.45994153e-05, 8.06188770e-03, 1.42052382e-01, -2.12945142e-05,
       -2.45414903e-05, 9.56867734e-06, -1.94090262e-06, 3.13729906e-05,
       4.34020360e-04, 2.32224409e-07 ]
pca_mean: !!opencv-matrix
   rows: 1
   cols: 21
   dt: f
   data: [ 2.07625534e+02, 2.55653595e+02, 1.54502928e+00,
       2.18915131e+02, 2.60592743e+02, 1.67241716e+00, 2.65274475e+02,
       2.24016678e+02, 1.71669352e+00, 3.19420807e+02, 1.63929108e+02,
       1.75046074e+00, 3.16613464e+02, 2.25532654e+02, 1.70717156e+00,
       1.08872897e-04, -9.74175637e-05, 6.24380555e-05, -2.17504916e-04,
       -2.50119597e-01, 1.75055194e+00 ]
gamma: !!opencv-matrix
   rows: 37
   cols: 1
   dt: d
   data: [ 8.0174786399398468e-01, 8.4353077243203589e-01,
       9.0482441665348246e-01, 7.8095246649454886e-01,
       8.6943640472824801e-01, 8.8500911773259516e-01,
       8.0189259439865301e-01, 7.7151359952000320e-01,
       8.4178509903631771e-01, 7.7553929743771033e-01,
       8.6580547525899698e-01, 8.2084061528766028e-01,
       8.2673452888097199e-01, 8.9112389754130816e-01,
       7.8690536630597951e-01, 8.5148065640023551e-01,
       8.9795541978645854e-01, 8.0963747662537966e-01,
       8.7472468075058873e-01, 7.7263270087526426e-01,
       8.8423978191020103e-01, 8.6098942113401900e-01,
       8.3557941238831734e-01, 8.3158353600656021e-01,
       7.8700662723277237e-01, 9.1408862320811701e-01,
       7.7239955915722813e-01, 7.8051068070186447e-01,
       8.1787810180408627e-01, 8.7679042919911132e-01,
       8.5861941176540590e-01, 8.1066839717004069e-01,
       7.9428023596859254e-01, 7.7584623863873770e-01,
       8.5107253247447046e-01, 7.9380477707920416e-01,
       8.9752369444394231e-01 ]
