%YAML:1.0
means: !!opencv-matrix
   rows: 34
   cols: 8
   dt: d
   data: [ 1.0642815349451989e+02, 4.2192479316030507e+01,
       -3.6476152900483342e+01, -1.0875777410039694e+01,
       -4.6221188153083927e+00, -1.4426425581681663e+01,
       -4.9969338865245643e+00, 4.0107494031721158e-01,
       9.8279247513115287e-01, -1.9949213352000868e+01,
       -3.3372594900145325e+00, -6.8091600063218873e+00,
       -1.4642295588161927e+01, -1.5528726409341150e+01,
       1.2411990123996405e-02, -8.9332195807799375e-01,
       -2.8497780064902376e+01, -6.1345206743709895e+00,
       1.7082739010152331e+01, -4.2520499257486977e+00,
       3.2775814124416250e+01, 1.6153551345792181e+00,
       -8.1958923715510867e-01, -3.3461294304309241e-01,
       -9.2506210831076032e+01, -2.9006958296647696e+01,
       3.0439413117649320e+01, 1.3366224244192734e+01,
       1.2348076330068061e+01, 1.8795365579688209e+01,
       2.0732930391981830e+00, 1.1831178322461491e+00,
       1.1868511251239920e+02, -2.2688268294012754e+00,
       -3.3508045574510518e+01, 1.1813831255846315e+01,
       7.7476175199312109e+00, -1.0889771310085937e+01,
       -1.0340146080652833e-01, -1.0585161093864748e+00,
       2.3122782766084377e+01, 1.2753492533887275e+02,
       -2.8842528850745119e+01, -5.4015793976563629e+01,
       -8.2977868877845253e+00, 1.8796594358158045e+00,
       2.5813754114832204e+00, 6.8468626582519829e-02,
       5.0723160413096657e+00, -6.3960248996773203e+01,
       -7.5323506733082679e+00, 1.7395380298443957e+01,
       -7.6832668450326773e+00, -7.1303667896003491e+00,
       -4.1546765687213560e-01, -4.4512552309988590e-01,
       -1.9573604994361884e+02, -4.8955773573626892e+01,
       4.8897442224266619e+01, 7.6188936188572454e+00,
       -1.3907029558482106e+01, 1.2775523743129205e-01,
       -9.6589551420939768e-01, 8.5034493712745107e-01,
       1.8977312504847785e+02, 1.4472847522049994e+01,
       -4.9668642263626836e+01, 1.1763181013055226e+01,
       -9.7134766591406674e+00, -6.5830847748191301e+00,
       1.1947656529682280e+00, -3.5772079728375705e-01,
       9.9050018388281401e+01, -6.9675396998679687e+01,
       -1.3712803465095019e+01, 5.1419126740197953e+01,
       -1.8001620656782116e+00, 2.1084241318981356e+01,
       1.9362347128056350e+00, 1.8072383117591612e-01,
       -9.5492849544025702e+01, 1.0891934544689317e+02,
       6.0882275106671742e+00, -5.6595107286568734e+01,
       -5.3316156733758124e-01, 5.7117451962826475e+00,
       1.8373754823749171e+00, 3.1346545302700185e-01,
       1.5354082305727366e+02, -6.0701045049566433e+00,
       4.8133123090768549e+01, -2.2828188230205193e+01,
       5.7568109923043229e+00, 1.5382808776072884e-01,
       -8.4067919589856444e-01, -3.6618461295391691e-01,
       1.1608467232215449e+02, 9.8496601053061553e+01,
       3.3740880488495506e+01, -5.5382455980135283e+01,
       -3.1560676017937186e+00, -1.1910399385648216e+00,
       5.9492930214735651e-01, -1.1084717924974623e+00,
       -8.8326026172059020e+00, 8.6076546164541369e+01,
       -1.3800828854758885e+01, -4.2692243616406330e+01,
       1.3162898879691092e+01, -2.5122816952254725e+00,
       1.7982192170967561e+00, -5.2039730411039861e-02,
       -1.7531551709760774e+02, -1.0705688273766815e+02,
       4.8343925375130610e+01, 3.8908519869863305e+01,
       -3.3959452835594192e+01, -1.7805346466387837e+00,
       -2.3224939781131821e+00, -5.0665705519037063e-01,
       4.0447394238506995e+01, -5.3371387659229079e+01,
       2.0713662934949536e+01, 1.8799729320165078e+01,
       3.3004069028465388e+01, 3.4438844646182749e-02,
       4.3930475740224195e-01, -4.9609179923369712e-01,
       -1.8284388796505706e+02, -2.3858577333537291e+01,
       2.5859190473976060e+01, -6.0283492817642170e+01,
       -6.6735490609933388e+00, -1.4832726695810143e+00,
       -1.6529671757012238e-01, 1.1482955116714721e+00,
       -4.8931743612794534e+01, -4.3231954896981492e+01,
       -1.9425423532039698e+01, 1.1449079635686397e+01,
       3.9759344788216509e+01, -1.4739925929325990e+00,
       1.7803538373190539e+00, -1.1917047061027717e+00,
       1.3561907236682126e+02, -5.0427900990830928e+01,
       -3.4479657586204326e+01, 3.3837710918418416e+01,
       -2.1034395525278690e+01, 3.4550200126692436e+00,
       7.7703173228423061e-01, -6.2424491505948021e-01,
       -4.5098010745071546e+00, -1.2480682826528978e+02,
       2.4879918962088546e+01, 5.2312921941211087e+01,
       2.7674422524819356e+01, 4.6331435947181241e+00,
       8.4831407391733038e-01, -8.6423828468367336e-01,
       1.2551066308367236e+02, -2.8567779357356993e+00,
       -4.1318905812204392e+01, 1.4238751681880506e+01,
       -1.1685454921641924e+01, -8.7736576119366596e+00,
       -2.4559507057376679e+00, -1.9693689188897526e-01,
       -1.3585596349338550e+02, -1.1586897502691080e+02,
       4.7886448398048508e+01, 4.2169072136113208e+01,
       -2.6069551955039646e+01, -1.9748315232712005e-01,
       -6.8048198802627855e+00, -1.1153462971485618e-01,
       -1.2894249818170800e+02, -4.4055517653902292e+01,
       4.3348301039554435e+01, -1.8353269946895425e+00,
       5.5725423656441242e-01, -1.7303315720718491e+01,
       -1.8569715516964767e+00, -4.3053446881076990e-01,
       1.9273516072987050e+01, -7.4944355880356511e+01,
       1.1494635384692204e+01, 4.0120258955659580e+01,
       6.1347820941491573e+00, 2.4352892527058231e+01,
       2.4455713504520631e+00, 2.1502132095864762e-01,
       -1.2325924170875307e+02, 5.7804782192599397e+01,
       1.8903577964231339e+01, -4.2200724714814108e+01,
       5.4720594962203783e+00, -1.0299051596201734e+01,
       3.6374711557531697e-01, 6.3248882782079929e-01,
       -1.7115126554002157e+02, 1.0539705621541179e+02,
       4.6395036217863044e+01, 1.0691457717999375e+00,
       -4.7411102044679136e+00, 1.5144171098437942e-01,
       8.8224797457041393e-01, 1.4459361592478723e+00,
       3.8884835014003322e+01, -1.0577680188545344e+01,
       -1.1984301775161747e+01, -1.4457155632752226e+01,
       1.5089295893548746e+01, -3.0270559363657949e+01,
       -4.9636301688042481e+00, 4.0887942791852820e+00,
       1.4842381110725020e+01, -1.8342988315788837e+01,
       -2.1175837503861899e+01, -2.1158948109917645e+01,
       1.2907650073595802e+01, 6.1471019767113892e+00,
       1.7979911738351220e+00, -8.4100097699498544e-01,
       1.4181365412848409e+01, -2.3705285433103251e+02,
       9.0617694290880468e+00, 7.5689658950042229e+01,
       -9.9613100372564733e-01, -3.1452909241208896e+01,
       -3.1348446969644463e+00, -1.3159735365292906e+00,
       3.9453711214510584e+01, 1.0298981562807028e+02,
       -3.5020985876336219e+01, -4.1058003584260831e+01,
       -1.0312056776612270e+01, 1.3269815775046438e+00,
       6.8237928909725043e-01, -1.1007287139284305e+00,
       1.5719292516822629e+01, 9.0860861300848256e+01,
       -5.8110806136132904e+00, -3.1795531558827875e+01,
       2.9610167065802084e+00, -6.3074487120041764e+00,
       -8.1869046131665133e+00, 1.8601587720827628e+00,
       -1.3451273352338990e+02, 1.3037247686773600e+02,
       1.1196781315586829e+01, -5.4108516226794755e+01,
       -2.5189756889867713e+01, -4.3514955984922592e+00,
       -3.4356611340570586e-01, -1.2163305202820780e+00,
       2.2470789459769815e+01, 1.1615887782245642e+02,
       -7.4414889530190076e-01, 4.2250552306887293e+01,
       1.3356102158153650e+01, 8.4978873546922851e-01,
       2.2880377899526594e-01, -2.7053242292481772e-01,
       9.9643831871898954e+01, -4.6215383363507563e+01,
       -2.1443264589050834e+01, 3.6341956157973037e+01,
       -2.7654010032217421e+01, 2.3597447470616405e+01,
       1.1227691259537580e+00, 1.3676441488383149e+00 ]
