%YAML:1.0
means: !!opencv-matrix
   rows: 10
   cols: 1
   dt: d
   data: [ -1.4196144018478699e+02, 1.5591520763749122e+02,
       -3.4707384625453500e+01, -2.0542551701394606e+02,
       1.0208701723823421e+02, 2.1460761963562265e+02,
       -8.7335936825783733e+01, 1.0024862349305547e+01,
       5.6270023891983108e+01, -2.7172419127517145e+02 ]
covs: !!opencv-matrix
   rows: 10
   cols: 1
   dt: d
   data: [ 8.5305115235260314e+02, 8.9320789929985358e+02,
       6.3806205947237925e+02, 1.2044664008220316e+03,
       6.1203601326034322e+02, 1.6882129538835043e+03,
       7.1877191101926326e+02, 5.6199846611197574e+02,
       5.3961897000391832e+02, 1.9419956414982694e+03 ]
weights: !!opencv-matrix
   rows: 1
   cols: 10
   dt: d
   data: [ 8.6251462386737393e-02, 1.1343101997331623e-01,
       1.1352014119373402e-01, 7.1010498481053910e-02,
       1.3491289475750609e-01, 6.0448498388832879e-02,
       1.0833608381317791e-01, 1.2611183669016821e-01,
       1.3741619157554300e-01, 4.8561372739904261e-02 ]
pca_proj: !!opencv-matrix
   rows: 1
   cols: 21
   dt: f
   data: [ 4.36961316e-02, 8.50134730e-01, 1.73015636e-04,
       6.54514134e-02, 4.60692108e-01, 2.29939164e-04, 7.67599978e-03,
       1.46649793e-01, -1.37564148e-05, 1.21663406e-03, 1.30500361e-01,
       -5.45994153e-05, 8.06188770e-03, 1.42052382e-01, -2.12945142e-05,
       -2.45414903e-05, 9.56867734e-06, -1.94090262e-06, 3.13729906e-05,
       4.34020360e-04, 2.32224409e-07 ]
pca_mean: !!opencv-matrix
   rows: 1
   cols: 21
   dt: f
   data: [ 2.07625534e+02, 2.55653595e+02, 1.54502928e+00,
       2.18915131e+02, 2.60592743e+02, 1.67241716e+00, 2.65274475e+02,
       2.24016678e+02, 1.71669352e+00, 3.19420807e+02, 1.63929108e+02,
       1.75046074e+00, 3.16613464e+02, 2.25532654e+02, 1.70717156e+00,
       1.08872897e-04, -9.74175637e-05, 6.24380555e-05, -2.17504916e-04,
       -2.50119597e-01, 1.75055194e+00 ]
gamma: !!opencv-matrix
   rows: 10
   cols: 1
   dt: d
   data: [ 8.5207944463019325e-01, 8.5983012570742323e-01,
       7.9679142734703767e-01, 8.8262374161061219e-01,
       8.2797284030829443e-01, 8.9140088783664528e-01,
       8.2193620053784133e-01, 7.8952419155441655e-01,
       8.0268904659812457e-01, 9.0784660970272069e-01 ]
