%YAML:1.0
means: !!opencv-matrix
   rows: 13
   cols: 9
   dt: d
   data: [ 1.6106332176297056e+02, 1.9174490302335542e+01,
       -4.2722955292923437e+01, -2.3412053197017237e+01,
       -1.2142783197532296e+01, 1.1394493526618305e+01,
       -3.5975698859576744e-01, -3.2350605016583058e+00,
       -1.9472880490473210e+00, -1.3218006178864229e+02,
       -3.0230810747071688e+00, 3.6533253840253906e+01,
       2.2898191218788333e+00, 1.8021452428040521e+00,
       -6.2590791175988620e+00, 2.0045977353642810e+00,
       1.0448341886355905e+00, 3.0519209650337675e-01,
       3.7034443727737532e+01, -9.7128982121845951e+01,
       -1.1439574874895911e+01, 6.6889185443169254e+01,
       -4.3058228284338966e+00, -6.9593099247233903e-01,
       2.0999308607356104e+00, -3.1512676726751704e-01,
       4.4372577893332543e-02, 6.4598991637578152e+01,
       -9.1175070775228417e-01, -1.3438528437589596e+01,
       4.2521886910712539e+00, 9.8296825269774537e+00,
       2.4915482266164450e+00, 2.8978076980544504e-01,
       7.6867366192829933e-01, 4.2590329748913403e-01,
       1.4173617303914912e+02, -5.4397850783235855e+00,
       -3.8135740891234981e+01, 8.7810541794334718e+00,
       -4.6638510941218874e+00, 1.3130664107836083e+01,
       -8.2253413121823971e-01, 1.4867460486907147e+00,
       2.4132743763539766e-01, -2.0330086095742331e+02,
       6.5490836451815779e+00, 4.2273183187233634e+01,
       2.8155597677737981e-02, -1.0084487551484942e+01,
       5.6300723182911643e+00, -2.0508471163877409e+00,
       -2.2582703990074462e+00, -7.7878392526484885e-01,
       2.9886819823549807e+01, -5.1445874923307651e+00,
       6.5150649252068655e+00, 9.1632466934845542e+00,
       6.9582163374360251e+00, -2.9715476958491402e+00,
       -8.5704338132175089e+00, -4.3582452882942864e+00,
       -5.4695222751453816e+00, -1.6536124696604457e+01,
       -8.8099555297180032e+00, 4.3736310502870355e+00,
       3.9216467824583221e+00, 6.3141485876358221e+00,
       4.5000743862596487e-01, -7.7716703060468273e-01,
       -3.2737058388811935e-01, -1.3365870272790685e+00,
       8.1732656211054689e+01, 1.5636947111642730e+01,
       -2.3957826442134859e+01, -3.2237063533795251e+01,
       -2.6470513768290335e+01, -1.9713997863122728e+01,
       9.1221210793826069e-01, -2.3174404861945659e+00,
       2.0087362370103909e-01, -9.2630819709917034e+01,
       -9.0809796132320855e+01, 2.0892703910984643e+01,
       5.6196050112491726e+01, -2.2363456296108284e+00,
       -2.4792289495379052e+00, 1.2163267830738236e+00,
       -6.7073618183166184e-01, 4.5634414321245015e-01,
       1.8209181456337124e+01, 1.1066980468705796e+02,
       -2.0296722698534122e+00, -6.8024061780025988e+01,
       5.6068292957711119e+00, -8.8435994958832254e-01,
       1.1597267940457265e+00, 1.7779523324537678e+00,
       1.1868081911390527e+00, -2.2486766448923383e+01,
       2.5578259603304311e+01, 1.3051304964928534e+01,
       -1.6422659786740049e+01, 3.3404449510185039e+01,
       -9.2981660114445130e+00, 1.8049417303700623e+00,
       4.1602445966509632e-01, 3.7629049936497067e-01,
       -1.9318713995379531e+02, 8.6007599803872736e+01,
       4.1014899830370702e+01, -4.9042543452645326e+01,
       -2.2544702995356047e+01, 1.2370062366829297e+01,
       -2.7288808926771253e+00, 1.9510258931030944e+00,
       7.1378740768196081e-01 ]
covs: !!opencv-matrix
   rows: 117
   cols: 9
   dt: d
   data: [ 4.7199986313357786e+03, 1.7655605758164222e+02,
       3.1175397234471257e+03, 1.4818171957604210e+02,
       -8.3863518137029700e+01, -9.1933572804916892e+01,
       -9.0658156616804433e+01, -1.1716547420681714e+01,
       2.0939999804894224e+01, 1.7655605758164216e+02,
       6.1736670302369303e+03, 9.4804976124735603e+01,
       2.1285057487446247e+03, 1.0119403988082705e+00,
       -1.4904532291996189e+01, 4.8498072746477810e+01,
       -9.5110815712203234e+01, -2.3889116575024662e+01,
       3.1175397234471257e+03, 9.4804976124735646e+01,
       2.5206682173973313e+03, 6.7437428582123729e+01,
       -5.6196862403684030e+01, 6.6678635495066857e+01,
       -2.6415961271080262e+00, -2.1340368429460540e+01,
       -6.2402549549608155e+00, 1.4818171957604204e+02,
       2.1285057487446243e+03, 6.7437428582123729e+01,
       1.3892351339975503e+03, -1.0997861080543123e+02,
       -9.4849884872394114e+01, -1.0654779296202474e+01,
       4.9342131962381345e+01, -4.5734382894160657e+00,
       -8.3863518137029700e+01, 1.0119403988082674e+00,
       -5.6196862403684030e+01, -1.0997861080543123e+02,
       2.9436631344247658e+01, 3.2584279784314177e+01,
       -5.2543685104939870e+00, -1.7916060076852730e+01,
       -6.5885207539985986e+00, -9.1933572804916892e+01,
       -1.4904532291996192e+01, 6.6678635495066857e+01,
       -9.4849884872394085e+01, 3.2584279784314177e+01,
       1.0608200414938202e+02, -2.1316256026812169e+01,
       -3.2117749054443721e+01, -2.4887069188130237e+01,
       -9.0658156616804433e+01, 4.8498072746477817e+01,
       -2.6415961271080293e+00, -1.0654779296202472e+01,
       -5.2543685104939870e+00, -2.1316256026812173e+01,
       5.8070955580450082e+01, 1.1401893645707238e+01,
       9.9641095865204115e+00, -1.1716547420681719e+01,
       -9.5110815712203234e+01, -2.1340368429460533e+01,
       4.9342131962381345e+01, -1.7916060076852730e+01,
       -3.2117749054443721e+01, 1.1401893645707238e+01,
       2.5216630070563603e+01, 6.2227532380227153e+00,
       2.0939999804894221e+01, -2.3889116575024662e+01,
       -6.2402549549608164e+00, -4.5734382894160674e+00,
       -6.5885207539985995e+00, -2.4887069188130237e+01,
       9.9641095865204132e+00, 6.2227532380227162e+00,
       1.1819679463641165e+01, 5.8337085930876310e+03,
       7.3539244556741130e+02, 3.0832261167043102e+03,
       -1.5278248901101688e+02, 1.6066379021363414e+02,
       -2.6746420994743460e+02, 2.8603405623703761e+01,
       -4.7093626987044694e+01, -1.1466696785590257e+01,
       7.3539244556741119e+02, 8.3763599271706134e+03,
       -1.0717206105089181e+02, 1.1413133555109168e+03,
       3.1778742087926826e+01, 9.6681215867605843e+01,
       -1.1437740685830184e+00, -3.6211070186840587e+01,
       3.7615851987218227e+00, 3.0832261167043102e+03,
       -1.0717206105089177e+02, 2.3427690788500413e+03,
       -2.2385730863973109e+01, -3.8426736025714881e+01,
       1.7961921198667355e+01, -2.2958566278902076e+01,
       8.6145650236214752e+00, -3.0019743817723882e-01,
       -1.5278248901101688e+02, 1.1413133555109168e+03,
       -2.2385730863973098e+01, 1.7413808478635783e+03,
       -7.9700672630295458e+01, 8.8626690688595346e+01,
       -6.0801658021343536e+00, 6.3762049341125051e+00,
       7.4201404342066661e+00, 1.6066379021363417e+02,
       3.1778742087926833e+01, -3.8426736025714881e+01,
       -7.9700672630295458e+01, 8.8553635949165681e+01,
       -8.8610322046384198e+01, -8.1805064018271381e+00,
       -1.2539934595020689e+01, 1.8422947864582775e-01,
       -2.6746420994743460e+02, 9.6681215867605843e+01,
       1.7961921198667373e+01, 8.8626690688595346e+01,
       -8.8610322046384198e+01, 3.3008699775627184e+02,
       2.6320813840466259e+00, 7.6783638028971648e+00,
       2.9714250671614106e+00, 2.8603405623703765e+01,
       -1.1437740685830196e+00, -2.2958566278902069e+01,
       -6.0801658021343519e+00, -8.1805064018271381e+00,
       2.6320813840466246e+00, 2.2735474309402207e+01,
       -2.4339526089561856e+00, -2.8996694246472079e+00,
       -4.7093626987044694e+01, -3.6211070186840594e+01,
       8.6145650236214752e+00, 6.3762049341125051e+00,
       -1.2539934595020689e+01, 7.6783638028971648e+00,
       -2.4339526089561856e+00, 1.2809891699533022e+01,
       -1.5161222118809812e+00, -1.1466696785590257e+01,
       3.7615851987218236e+00, -3.0019743817723871e-01,
       7.4201404342066652e+00, 1.8422947864582756e-01,
       2.9714250671614102e+00, -2.8996694246472079e+00,
       -1.5161222118809812e+00, 1.5641798130621405e+00,
       5.6213604323668824e+03, 3.9007113829183527e+02,
