%YAML:1.0
means: !!opencv-matrix
   rows: 33
   cols: 1
   dt: d
   data: [ 5.1412051421819875e+01, -1.6500395814397854e+02,
       1.5961873192970020e+02, -5.9125726739714089e+01,
       -1.0797803546510588e+01, -2.7725227892995935e+02,
       2.2226507162028673e+02, 1.0999135663969523e+02,
       -3.3948576711540488e+02, -1.1268120758444212e+02,
       -2.2516180824636317e+02, 1.9800770361676402e+02,
       2.1058735371742291e+01, 1.2476387872336510e+02,
       6.7189147714787836e+01, -7.6200380756232818e+01,
       -1.4835252027064146e+02, -4.2200140297423630e+01,
       -9.4433087258521780e+01, -2.0377095819405250e+02,
       1.7928324747419941e+02, 2.8053670905455795e+02,
       9.5868824033200937e+01, -2.5031710513218394e+02,
       5.5420038188375091e+00, -1.3110135481733971e+02,
       2.4934078680569763e+02, 8.1875013044897869e+01,
       3.6632984515188035e+01, -3.0727541905195636e+02,
       -1.8384149078796992e+02, 1.4171135469014152e+02,
       -2.6405850780548960e+01 ]
covs: !!opencv-matrix
   rows: 33
   cols: 1
   dt: d
   data: [ 5.8923383249840370e+01, 8.1511667200873305e+01,
       9.4586119877333644e+01, 6.9230432958226629e+01,
       5.6934197297301012e+01, 1.9528431685213801e+02,
       1.5603314130041267e+02, 5.6888162498522867e+01,
       6.8595431551541287e+02, 7.3007812451824336e+01,
       1.3097708329304822e+02, 1.2326897651619201e+02,
       6.2434221887753075e+01, 6.2338564893710746e+01,
       5.4889030621893738e+01, 7.6252420091282701e+01,
       7.5417383145345809e+01, 6.1418321694626250e+01,
       7.2299491282965050e+01, 1.0533473719982388e+02,
       1.1601127206904603e+02, 4.8333624586764620e+02,
       5.2214762669977212e+01, 1.6660782434008371e+02,
       5.8972386469019021e+01, 7.4662624113193829e+01,
       1.9587454133167705e+02, 5.1077991917845793e+01,
       6.3864514311773192e+01, 2.8651916403575910e+02,
       8.8189740663744274e+01, 7.7031214650974377e+01,
       5.9159013970322853e+01 ]
weights: !!opencv-matrix
   rows: 1
   cols: 33
   dt: d
   data: [ 4.6796205483415385e-02, 2.2251494370187284e-02,
       3.6117089158771001e-02, 3.6790565528952657e-02,
       4.2758585847391617e-02, 1.5274966808815944e-02,
       1.8885032719908608e-02, 3.8618429698996093e-02,
       5.6527055599969109e-03, 3.3159973113570732e-02,
       2.2483139052715536e-02, 2.2221098781838960e-02,
       4.4403936004478166e-02, 3.6628725083306710e-02,
       4.7495414690133200e-02, 3.6836376541386835e-02,
       2.4977298926725563e-02, 3.5369736117341892e-02,
       3.5645246531800907e-02, 2.1814392846112488e-02,
       3.0196143717431696e-02, 6.7112569789529626e-03,
       4.0875342318002120e-02, 1.9823604516163197e-02,
       4.4126677242646448e-02, 2.8972791636949477e-02,
       1.1190744821531049e-02, 4.0598942533836287e-02,
       4.3799433902769982e-02, 9.9208348974508444e-03,
       2.3016358151332805e-02, 3.7169746886701216e-02,
       3.9417709530373851e-02 ]
pca_proj: !!opencv-matrix
   rows: 1
   cols: 21
   dt: f
   data: [ 4.36961316e-02, 8.50134730e-01, 1.73015636e-04,
       6.54514134e-02, 4.60692108e-01, 2.29939164e-04, 7.67599978e-03,
       1.46649793e-01, -1.37564148e-05, 1.21663406e-03, 1.30500361e-01,
       -5.45994153e-05, 8.06188770e-03, 1.42052382e-01, -2.12945142e-05,
       -2.45414903e-05, 9.56867734e-06, -1.94090262e-06, 3.13729906e-05,
       4.34020360e-04, 2.32224409e-07 ]
pca_mean: !!opencv-matrix
   rows: 1
   cols: 21
   dt: f
   data: [ 2.07625534e+02, 2.55653595e+02, 1.54502928e+00,
       2.18915131e+02, 2.60592743e+02, 1.67241716e+00, 2.65274475e+02,
       2.24016678e+02, 1.71669352e+00, 3.19420807e+02, 1.63929108e+02,
       1.75046074e+00, 3.16613464e+02, 2.25532654e+02, 1.70717156e+00,
       1.08872897e-04, -9.74175637e-05, 6.24380555e-05, -2.17504916e-04,
       -2.50119597e-01, 1.75055194e+00 ]
gamma: !!opencv-matrix
   rows: 33
   cols: 1
   dt: d
   data: [ 7.8604230164191136e-01, 8.5027041326603003e-01,
       8.4857794653177510e-01, 7.8940821626945912e-01,
       7.7249167673818309e-01, 8.9515102119247114e-01,
       8.7716607238850253e-01, 8.1987216617872116e-01,
       9.1367858305301397e-01, 8.2086433761541922e-01,
       8.7735464642220606e-01, 8.6703103167487550e-01,
       7.7478771771328958e-01, 8.2878311985182007e-01,
       7.9423913229416609e-01, 7.9904354788500886e-01,
       8.4143002264708333e-01, 7.8121196992161812e-01,
       8.0980229542033755e-01, 8.6854362934342333e-01,
       8.5855569631762341e-01, 8.9889731618187307e-01,
       8.1117744880676323e-01, 8.8658964852732880e-01,
       7.7222691433411250e-01, 8.3175779017124640e-01,
       8.8709346413964307e-01, 8.0267679912233769e-01,
       7.7972608684097577e-01, 9.0385947809098799e-01,
       8.5950885085971218e-01, 8.3872213693257658e-01,
       7.7563568230554258e-01 ]
