%YAML:1.0
means: !!opencv-matrix
   rows: 8
   cols: 3
   dt: d
   data: [ -5.8566423930302079e+01, -2.5968809950726616e+01,
       7.6230144958391122e+01, 9.3601771731957044e+01,
       -2.2028940999201820e+00, -4.6910311176640029e+01,
       1.2283650422671133e+02, -9.3288292697583000e+00,
       6.1426881384428704e+01, 9.0121310175519739e+01,
       2.7300200320735875e+01, 1.4230731729221661e+01,
       -4.3939478081961653e+01, -8.2074030832544580e+01,
       3.3720532522488749e+00, -2.0033189583028619e+01,
       2.6567853598692956e+01, -6.1943604177068615e+01,
       -1.7360123288733180e+02, -2.0361385937488926e+01,
       -4.2870758514109575e+01, -1.8889748482766774e+02,
       3.2433129850982063e+01, 3.5520663328492937e+01 ]
covs: !!opencv-matrix
   rows: 24
   cols: 3
   dt: d
   data: [ 3.6412102498974218e+03, -5.9091273543909494e+02,
       -7.4370138633584941e+02, -5.9091273543909483e+02,
       1.0044570289883062e+04, 4.8819471264736404e+02,
       -7.4370138633584941e+02, 4.8819471264736404e+02,
       8.2871360552325280e+02, 3.9272570165560555e+03,
       1.0338484520039578e+03, 1.1475705250008455e+03,
       1.0338484520039581e+03, 6.9504407959667997e+03,
       6.4954539897705203e+01, 1.1475705250008455e+03,
       6.4954539897705217e+01, 1.3756394514610984e+03,
       6.2038544602971797e+03, 9.1301437557676866e+02,
       -1.5197515975097422e+03, 9.1301437557676900e+02,
       9.5908182291912999e+03, 6.7223552726859088e+00,
       -1.5197515975097417e+03, 6.7223552726858928e+00,
       6.5249278165779788e+02, 6.5496204756380939e+03,
       -1.3417632671581384e+03, 6.0611722666668804e+01,
       -1.3417632671581384e+03, 8.1522506533664928e+03,
       1.0330783526387714e+02, 6.0611722666668804e+01,
       1.0330783526387712e+02, 6.4675053737587825e+02,
       1.0920299205848725e+04, -1.6911480931148694e+02,
       2.3408235847960555e+02, -1.6911480931148694e+02,
       5.7054257830650768e+03, 1.8864529851537540e+01,
       2.3408235847960569e+02, 1.8864529851537522e+01,
       9.2580505866874910e+02, 3.9256063533930292e+03,
       -4.7433683719334560e+01, -1.0794031738263943e+03,
       -4.7433683719334589e+01, 8.9797668530340106e+03,
       5.6309474022366726e+02, -1.0794031738263943e+03,
       5.6309474022366715e+02, 1.2780308635114861e+03,
       7.7959674074583609e+03, -1.1389453741641614e+03,
       -1.1816572425491381e+03, -1.1389453741641614e+03,
       1.1832451624559668e+04, 6.9613476386072182e+02,
       -1.1816572425491381e+03, 6.9613476386072182e+02,
       5.6857469438986288e+02, 4.5797597016087529e+03,
       -3.2566873709039049e+02, 2.1182038702856335e+03,
       -3.2566873709039061e+02, 9.8308422240336167e+03,
       1.8507785385681285e+02, 2.1182038702856339e+03,
       1.8507785385681288e+02, 1.7571856853704658e+03 ]
weights: !!opencv-matrix
   rows: 1
   cols: 8
   dt: d
   data: [ 7.5176323476054949e-02, 1.6540835549684008e-01,
       1.2934021173594162e-01, 1.7593660265017924e-01,
       9.9191990501412100e-02, 1.6293000472826841e-01,
       6.9953397852207985e-02, 1.2206311355907062e-01 ]
pca_proj: !!opencv-matrix
   rows: 3
   cols: 21
   dt: f
   data: [ 4.36961316e-02, 8.50134730e-01, 1.73015636e-04,
       6.54514134e-02, 4.60692108e-01, 2.29939164e-04, 7.67599978e-03,
       1.46649793e-01, -1.37564148e-05, 1.21663406e-03, 1.30500361e-01,
       -5.45994153e-05, 8.06188770e-03, 1.42052382e-01, -2.12945142e-05,
       -2.45414903e-05, 9.56867734e-06, -1.94090262e-06, 3.13729906e-05,
       4.34020360e-04, 2.32224409e-07, 7.68702388e-01, -5.10314330e-02,
       1.14127281e-04, 4.21110362e-01, -3.83849256e-02, 4.02935693e-05,
       2.81941950e-01, -1.35209868e-02, 1.95932400e-04, 2.66951323e-01,
       -4.70317341e-03, 2.29704310e-04, 2.76557714e-01, -1.55316098e-02,
       2.11025646e-04, -3.74769334e-05, 5.54774260e-06, -7.89335627e-06,
       8.86836962e-04, -5.85095040e-05, 1.91629806e-04, 1.28585771e-02,
       -3.46314937e-01, -1.22481215e-04, -4.01510373e-02, 1.58088982e-01,
       -1.45607672e-04, 1.89476740e-02, 5.27356327e-01, 2.33430081e-04,
       1.79703757e-02, 5.36674440e-01, 2.90960423e-04, 1.17339585e-02,
       5.35117626e-01, 2.47836346e-04, -7.02231409e-06, -3.17391914e-06,
       2.59759432e-08, 1.54912759e-05, 1.72088097e-03, 2.08691781e-04 ]
pca_mean: !!opencv-matrix
   rows: 1
   cols: 21
   dt: f
   data: [ 2.07625534e+02, 2.55653595e+02, 1.54502928e+00,
       2.18915131e+02, 2.60592743e+02, 1.67241716e+00, 2.65274475e+02,
       2.24016678e+02, 1.71669352e+00, 3.19420807e+02, 1.63929108e+02,
       1.75046074e+00, 3.16613464e+02, 2.25532654e+02, 1.70717156e+00,
       1.08872897e-04, -9.74175637e-05, 6.24380555e-05, -2.17504916e-04,
       -2.50119597e-01, 1.75055194e+00 ]
gamma: !!opencv-matrix
   rows: 8
   cols: 1
   dt: d
   data: [ 8.3113755955581048e-01, 9.0375391023875185e-01,
       8.1277204162947525e-01, 8.5402415907175977e-01,
       8.7569806125365635e-01, 8.3819747167146186e-01,
       8.2388131210373350e-01, 9.2534670097062899e-01 ]
