%YAML:1.0
means: !!opencv-matrix
   rows: 1
   cols: 3
   dt: d
   data: [ -8.1991156774165576e-04, 2.0497020245960449e-03,
       -1.1664656408404699e-03 ]
covs: !!opencv-matrix
   rows: 3
   cols: 3
   dt: d
   data: [ 1.7513403686888065e+04, -6.0911433400533500e-05,
       1.3536025729552910e-03, -6.0911433400533500e-05,
       9.7707007494592417e+03, -3.4397515622434868e-05,
       1.3536025729552910e-03, -3.4397515622434868e-05,
       3.2757246404090715e+03 ]
weights: !!opencv-matrix
   rows: 1
   cols: 1
   dt: d
   data: [ 1. ]
pca_proj: !!opencv-matrix
   rows: 3
   cols: 21
   dt: f
   data: [ 4.36961316e-02, 8.50134730e-01, 1.73015636e-04,
       6.54514134e-02, 4.60692108e-01, 2.29939164e-04, 7.67599978e-03,
       1.46649793e-01, -1.37564148e-05, 1.21663406e-03, 1.30500361e-01,
       -5.45994153e-05, 8.06188770e-03, 1.42052382e-01, -2.12945142e-05,
       -2.45414903e-05, 9.56867734e-06, -1.94090262e-06, 3.13729906e-05,
       4.34020360e-04, 2.32224409e-07, 7.68702388e-01, -5.10314330e-02,
       1.14127281e-04, 4.21110362e-01, -3.83849256e-02, 4.02935693e-05,
       2.81941950e-01, -1.35209868e-02, 1.95932400e-04, 2.66951323e-01,
       -4.70317341e-03, 2.29704310e-04, 2.76557714e-01, -1.55316098e-02,
       2.11025646e-04, -3.74769334e-05, 5.54774260e-06, -7.89335627e-06,
       8.86836962e-04, -5.85095040e-05, 1.91629806e-04, 1.28585771e-02,
       -3.46314937e-01, -1.22481215e-04, -4.01510373e-02, 1.58088982e-01,
       -1.45607672e-04, 1.89476740e-02, 5.27356327e-01, 2.33430081e-04,
       1.79703757e-02, 5.36674440e-01, 2.90960423e-04, 1.17339585e-02,
       5.35117626e-01, 2.47836346e-04, -7.02231409e-06, -3.17391914e-06,
       2.59759432e-08, 1.54912759e-05, 1.72088097e-03, 2.08691781e-04 ]
pca_mean: !!opencv-matrix
   rows: 1
   cols: 21
   dt: f
   data: [ 2.07625534e+02, 2.55653595e+02, 1.54502928e+00,
       2.18915131e+02, 2.60592743e+02, 1.67241716e+00, 2.65274475e+02,
       2.24016678e+02, 1.71669352e+00, 3.19420807e+02, 1.63929108e+02,
       1.75046074e+00, 3.16613464e+02, 2.25532654e+02, 1.70717156e+00,
       1.08872897e-04, -9.74175637e-05, 6.24380555e-05, -2.17504916e-04,
       -2.50119597e-01, 1.75055194e+00 ]
gamma: !!opencv-matrix
   rows: 1
   cols: 1
   dt: d
   data: [ 9.4011501126347863e-01 ]
