%YAML:1.0
means: !!opencv-matrix
   rows: 4
   cols: 21
   dt: d
   data: [ 4.0875961713309511e+02, 2.9362486202441642e+02,
       1.5208064758645023e+00, 4.1085258792701751e+02,
       2.9369887554636483e+02, 1.6607614980189986e+00,
       3.6938075987080572e+02, 2.2759308515704549e+02,
       1.6903614097070681e+00, 3.1942906934758253e+02,
       1.6394984658517305e+02, 1.7395489004830991e+00,
       3.1671292945552409e+02, 2.2607240379690933e+02,
       1.7013815300814756e+00, 4.4483849013077540e-04,
       1.1696096350709839e-03, -7.4523262564466799e-04,
       1.1735593730381158e-03, -2.4819611789382734e-01,
       1.7508221017107977e+00, 4.1278897081909770e+02,
       1.1584539536739396e+02, 1.4614571496749431e+00,
       4.2339781812201784e+02, 1.9051227220984316e+02,
       1.5517804904412120e+00, 3.6980137015083471e+02,
       2.2624292296059605e+02, 1.6981763731590875e+00,
       3.2186435050016718e+02, 1.6508854750493981e+02,
       1.7706375367726943e+00, 3.1749353161350865e+02,
       2.2359979961527569e+02, 1.7109881415415151e+00,
       -5.0629367198142612e-04, -2.8519622335918455e-03,
       1.0765942633382912e-03, -1.1244895367177885e-03,
       -2.5274490383780518e-01, 1.7495048672365840e+00,
       3.9328120448547702e+02, 2.2167765558288428e+02,
       1.5188638751727743e+00, 3.9283913770767157e+02,
       2.5005389473493761e+02, 1.6257873498734414e+00,
       3.6403472482273071e+02, 2.2828315682806357e+02,
       1.7225896303761661e+00, 3.1741901197669506e+02,
       1.6117586319131291e+02, 1.7427802508585468e+00,
       3.1602122835212390e+02, 2.2761787847391525e+02,
       1.7135995803165427e+00, 2.0291721196767073e-04,
       -4.6783211722437008e-04, 1.5301336286879924e-04,
       1.7172600771424434e-03, -2.5080033496332543e-01,
       1.7482445579519190e+00, 5.0966585243599496e+02,
       3.0261620825250537e+02, 1.4827879341610215e+00,
       4.3670650865168489e+02, 2.7996963547675296e+02,
       1.6222768912117915e+00, 3.6835886782035806e+02,
       2.2642522154353887e+02, 1.6959118263588406e+00,
       3.1813042834848773e+02, 1.6417554558088668e+02,
       1.7517946602239387e+00, 3.1594912772020695e+02,
       2.2548951728397353e+02, 1.7091419437260025e+00,
       1.3328934026340318e-04, 7.5276044444483163e-04,
       2.7787409800152660e-04, -2.3922778991215944e-03,
       -2.5021106967803358e-01, 1.7522315565239521e+00 ]
covs: !!opencv-matrix
   rows: 84
   cols: 21
   dt: d
   data: [ 4.9799750683868142e+03, -3.6613763601228321e+01,
       -1.7665291481744430e+00, 2.1766078193218946e+03,
       -9.4499105837523061e+01, -3.8929587961187079e-01,
       1.5866357491528427e+03, -4.9247921054499720e+01,
       -1.5113845735987763e+00, 1.4735750804939546e+03,
       -1.0512209177403209e+02, -1.6170107768455686e+00,
       1.5299403325015812e+03, -3.4272892026961522e+01,
       -1.4430017797289931e+00, -3.4814688161299218e-01,
       -3.6436726550067758e-02, -1.8101825828903889e-01,
       4.7831683851171727e+00, -3.8924986765824149e-02,
       -1.2036682640224499e+00, -3.6613763601228321e+01,
       6.0914644576412220e+03, 1.1692077896920401e+00,
       -4.1651463686392248e+01, 2.1065035254047611e+03,
       1.2373960719456871e+00, 1.9793767442455440e+01,
       1.5204241096867629e+03, -1.1331168684237434e+00,
       2.1183562021440071e+01, 1.3929135229323397e+03,
       -1.2073012882445109e+00, -1.1277742407005642e+01,
       1.4818465197678765e+03, -1.0308547754494259e+00,
       2.2799256402774690e-01, 1.5974101157852066e-01,
       3.9124468242790436e-02, -1.2925964148705039e-02,
       4.6875516640858921e+00, -7.8343711341525224e-01,
       -1.7665291481744430e+00, 1.1692077896920401e+00,
       4.4821301300185905e-02, -1.1126463936078481e+00,
       -1.2510505082422512e+00, 3.1250250340868167e-02,
       -5.5913915345779486e-01, 2.4768422885484153e-02,
       2.0017216835570437e-02, -1.1245334930053573e-02,
       7.0423691369079111e-01, 1.9217665620774739e-02,
       5.8695645255701229e-02, 3.2679295752890622e-02,
       1.9627236239476258e-02, -3.3150493708919050e-05,
       9.5622101426785441e-04, -6.3211401920733085e-04,
       1.8847296738802417e-04, -1.9691947852053777e-04,
       2.0784482013027294e-02, 2.1766078193218946e+03,
       -4.1651463686392269e+01, -1.1126463936078481e+00,
       1.8440142905968166e+03, -2.1743979372539195e+02,
       -1.1633278704095675e+00, 1.3948460067429344e+03,
       -2.7677427774888375e+01, -1.1976868143110524e+00,
       1.2976390106381066e+03, -5.5962672542403077e+01,
       -1.2021094525939837e+00, 1.3483780066122727e+03,
       -1.0018717935435882e+01, -1.1584847597018006e+00,
       -3.4694002152154363e-01, -4.5872257343927317e-02,
       -2.6044929463315120e-02, 4.2699825651851064e+00,
       -1.1359288692927559e-02, -1.1203710596856564e+00,
       -9.4499105837523047e+01, 2.1065035254047611e+03,
       -1.2510505082422512e+00, -2.1743979372539195e+02,
       1.7273273278091292e+03, -7.8880935261474783e-01,
       7.1453007320642117e+00, 1.3415078919717357e+03,
       -7.4645690669122899e-01, 5.2606631805716955e+00,
       1.2598272333841358e+03, -7.4711561305634577e-01,
       -1.5530646237929899e+01, 1.3170770625960845e+03,
       -7.4042554240352210e-01, 2.3225494949167516e-01,
       3.5905414956340469e-02, 2.1097281002992671e-02,
       -6.2519895827363767e-02, 4.2149945466484393e+00,
       -7.6115373029639288e-01, -3.8929587961187084e-01,
       1.2373960719456871e+00, 3.1250250340868167e-02,
       -1.1633278704095673e+00, -7.8880935261474794e-01,
       2.8494961988571797e-02, -5.8380774122034040e-01,
       3.7350086083778947e-02, 2.0685086369277014e-02,
       -3.6226965826165582e-03, 7.4964554781877935e-01,
       2.0071189522359745e-02, 5.7571845132329096e-02,
       5.0011905610572539e-02, 2.0380709672779940e-02,
       -3.3653693956242173e-05, 9.6581528095525631e-04,
       -7.6335497640080054e-04, 9.9183573415517396e-05,
       -2.4611262063885015e-04, 2.0889329293519686e-02,
       1.5866357491528427e+03, 1.9793767442455458e+01,
       -5.5913915345779464e-01, 1.3948460067429346e+03,
       7.1453007320642090e+00, -5.8380774122034051e-01,
       1.3541569976328078e+03, -2.3158943744426193e+01,
       -6.3028333803829051e-01, 1.2862429986177037e+03,
       -3.7831389540901377e+01, -6.3159998960960118e-01,
       1.3249361208576520e+03, -1.5163421783997704e+01,
       -6.3190343605688570e-01, -1.7178525934068140e-01,
       -1.7858964776170678e-02, -2.5187275260947710e-02,
       4.1576987446858693e+00, -3.1674816249808065e-02,
       -6.0298330683992007e-01, -4.9247921054499713e+01,
       1.5204241096867627e+03, 2.4768422885484094e-02,
       -2.7677427774888375e+01, 1.3415078919717357e+03,
       3.7350086083778967e-02, -2.3158943744426200e+01,
       1.3252051144771137e+03, 1.1434953444676300e-01,
       -7.6483377808575836e+00, 1.2816688446492610e+03,
       1.0458453278857202e-01, -1.8775145642327246e+01,
       1.3070502516890488e+03, 1.1846271074970227e-01,
       1.2163401693206484e-01, 6.3165554928437770e-02,
       -1.1992355120780571e-02, -4.1487362780387366e-02,
       4.1601943925047618e+00, 9.3289741551091002e-02,
       -1.5113845735987763e+00, -1.1331168684237434e+00,
       2.0017216835570437e-02, -1.1976868143110526e+00,
       -7.4645690669122899e-01, 2.0685086369277014e-02,
       -6.3028333803829073e-01, 1.1434953444676288e-01,
       2.1386948770621226e-02, -9.4605046206127728e-03,
       8.9721546811789787e-01, 2.1251637877844697e-02,
       3.6439264725798358e-02, 1.3656577332335412e-01,
       2.1239978360530053e-02, -5.1135680823138064e-05,
       4.7358930363238346e-04, -4.4870822781851733e-04,
       2.5453001478277971e-05, -1.4531782431625244e-04,
       2.0850926170287318e-02, 1.4735750804939546e+03,
       2.1183562021440057e+01, -1.1245334930053599e-02,
       1.2976390106381066e+03, 5.2606631805716848e+00,
       -3.6226965826165651e-03, 1.2862429986177037e+03,
       -7.6483377808575792e+00, -9.4605046206127728e-03,
