%YAML:1.0
means: !!opencv-matrix
   rows: 18
   cols: 6
   dt: d
   data: [ 1.0848611939510111e+02, -4.0862140900477172e+01,
       -3.0748972784501962e+01, 3.1336388694915744e+01,
       -1.5014011605727455e+00, 1.5255119147051790e+01,
       2.9756679916155949e+01, 1.0360096131795366e+01,
       -4.1011204138421668e+01, 9.3060290991842287e-01,
       1.3124920831681068e+01, 4.7035681587200431e+00,
       -2.0511515796829156e+02, 9.6364606440594940e+01,
       4.0794898628859514e+01, -5.1156532974744600e+01,
       -2.2914838991753125e+01, 2.0861138048477589e+01,
       5.2787786503672969e+01, 3.3758258352726131e+01,
       -1.3639271533391764e+01, -4.2395488499020850e+01,
       -6.3278720761369978e-01, -1.7348860707424148e+01,
       -1.9566306850472571e+02, -5.2132496884462025e+00,
       4.2968829164569101e+01, 1.2548407574352572e+01,
       -8.4743997853343505e+00, 1.5044161728611627e+01,
       8.2681718018187013e+01, 1.7681497123860112e+01,
       -2.2926643794615874e+01, -3.2294928684272243e+01,
       -2.5706871976734753e+01, -2.0191779176339768e+01,
       1.3165047801812258e+02, 5.2295619762301886e+00,
       4.9020881742454897e+01, 1.0868911145487863e+00,
       1.0046924112184669e+01, 2.5067587516826415e+00,
       -7.0210306072652191e+00, 3.3952081426990240e+01,
       1.0171360251848879e+01, -2.3142738657958226e+01,
       3.7875383060458852e+01, -5.9870329281177206e+00,
       -1.6338710139184195e+02, -2.7012324748462802e+00,
       4.0512901018856880e+01, 7.8066342335447875e-02,
       -3.4688412082307547e+00, -5.4625094102144551e+00,
       -9.3094832845478876e+01, -1.4398004739175499e+02,
       2.0610231946775478e+01, 2.9698198527256071e+01,
       6.6464707107797327e-01, -1.1476421540199371e+00,
       1.5704984901394701e+02, 1.1032117101103596e+01,
       -4.3821524418611617e+01, -6.1439408963443203e+00,
       -6.8583214699024682e+00, 1.2273375855665270e+01,
       -8.5974476435697596e+01, -1.2231454976162841e+01,
       2.3328036567035859e+01, 8.3601477546695691e+01,
       -1.2965866111883773e+00, -4.6022652308231411e+00,
       1.6050871649125916e+01, 1.4094887904838191e+02,
       -3.1393064604200838e+00, -7.6125189681631269e+01,
       1.6940222177359217e+01, 9.0734636964750148e+00,
       8.0708207923988041e+01, -4.6328189909929819e+01,
       -2.7698109965683965e+01, 2.9881625962056379e+01,
       -8.4777816218907454e+00, 7.9691627374443064e+00,
       -3.6015054810722198e+01, -5.1963763788759891e+00,
       -1.2146050909185093e+00, 1.2691288961262780e+01,
       1.4811529948738379e+01, -1.9970315564746994e+00,
       2.8204703350850270e+01, -1.0044679011452041e+02,
       -1.0222691718270193e+01, 6.7859261500840006e+01,
       -4.1875878364643606e+00, -1.3654426990276711e+00,
       -1.1950092765542135e+02, 4.4604685764238141e+01,
       3.4766579553431512e+01, -3.0688621645918129e+01,
       -1.3033112615635276e+00, -1.2516505877647139e+01,
       8.7304133267442907e+01, 1.2039175325142816e+01,
       -2.9294773856341383e+01, -2.7599588660475739e+01,
       -2.7049275974721667e+01, -1.3471076594257983e+01 ]
covs: !!opencv-matrix
   rows: 108
   cols: 6
   dt: d
   data: [ 4.6523180961795188e+03, 1.6254928790333463e+02,
       2.8586671134892504e+03, -5.1528171424941611e+01,
       -2.7080809730878912e+02, 4.0011602316539516e+00,
       1.6254928790333466e+02, 6.4333562700482089e+03,
       -1.5980226591972519e+02, 2.0329474194027046e+03,
       -1.5823372608247658e+02, -2.3907238290708822e+01,
       2.8586671134892504e+03, -1.5980226591972519e+02,
       2.5220349222919335e+03, -3.3154186871987292e+01,
       -1.1866204720785367e+02, 5.5912151258861542e+01,
       -5.1528171424941590e+01, 2.0329474194027046e+03,
       -3.3154186871987292e+01, 1.2790582635377109e+03,
       -3.7689133538631197e+01, -1.8471290122008460e+02,
       -2.7080809730878912e+02, -1.5823372608247661e+02,
       -1.1866204720785367e+02, -3.7689133538631182e+01,
       6.0099282882155499e+01, 1.6172456582094888e+01,
       4.0011602316539472e+00, -2.3907238290708818e+01,
       5.5912151258861542e+01, -1.8471290122008460e+02,
       1.6172456582094888e+01, 6.8485036552327529e+01,
       3.9442147494721571e+03, 8.6610103137773206e+02,
       9.6281805083669860e+02, -1.0099095830128762e+02,
       -5.3111573813557084e+02, 7.8164904993960889e+01,
       8.6610103137773206e+02, 8.5200463911097777e+03,
       -4.3473430639242643e+01, 1.0947783462597597e+03,
       -1.1844719318433282e+02, -3.1378914446068507e+02,
       9.6281805083669860e+02, -4.3473430639242622e+01,
       1.5791347937056628e+03, 1.7749492984469889e+01,
       1.1737038408141410e+02, 3.8958722938629080e+01,
       -1.0099095830128761e+02, 1.0947783462597597e+03,
       1.7749492984469896e+01, 1.5217861571155204e+03,
       -2.3698901115887214e+01, -9.2411316426163523e+00,
       -5.3111573813557084e+02, -1.1844719318433282e+02,
       1.1737038408141413e+02, -2.3698901115887210e+01,
       2.2814650180264300e+02, 2.1328557986231747e+01,
       7.8164904993960889e+01, -3.1378914446068507e+02,
       3.8958722938629066e+01, -9.2411316426163577e+00,
       2.1328557986231740e+01, 1.0956185995413216e+02,
       5.1779721261926879e+03, 6.3095151432119224e+02,
       3.0925470654154888e+03, -2.5984052773734948e+01,
       -1.9601502727140817e+02, 5.5002108599710965e+01,
       6.3095151432119224e+02, 7.0225530533713236e+03,
       -4.6648973589422774e+01, 1.8404170611120169e+03,
       -2.2565544999720382e+02, 3.5705763782911134e+02,
       3.0925470654154888e+03, -4.6648973589422745e+01,
       2.4410790642247512e+03, 7.3550822944902180e+01,
       6.2502651604833872e+00, 1.1092921572697844e+02,
       -2.5984052773734948e+01, 1.8404170611120171e+03,
       7.3550822944902208e+01, 1.2549818889849901e+03,
       7.6183287962570219e+01, -1.5511653642950151e+02,
       -1.9601502727140820e+02, -2.2565544999720382e+02,
       6.2502651604833890e+00, 7.6183287962570233e+01,
       9.4720099460252811e+01, 1.3626741613936785e+01,
       5.5002108599710951e+01, 3.5705763782911134e+02,
       1.1092921572697844e+02, -1.5511653642950151e+02,
       1.3626741613936785e+01, 2.6157147047242279e+02,
       7.7838034486536453e+03, 2.5293326768097089e+01,
       2.0587115594156335e+03, -3.9351191251000806e+01,
       -2.0776468187642689e+02, 3.4122648454929782e+02,
       2.5293326768097049e+01, 6.4367228619845800e+03,
       -1.0863188416912713e+02, 2.2531718961864526e+03,
       3.8500935132728664e+01, -4.3719697312720648e+01,
       2.0587115594156335e+03, -1.0863188416912710e+02,
       2.5817679854549451e+03, 1.6232310242310049e+01,
       2.0158593145503982e+01, -1.4204389421050061e+02,
       -3.9351191251000785e+01, 2.2531718961864526e+03,
       1.6232310242310046e+01, 1.0489453384660073e+03,
       -7.8731776777961059e+01, -4.5475086901721525e+01,
       -2.0776468187642689e+02, 3.8500935132728650e+01,
       2.0158593145503986e+01, -7.8731776777961073e+01,
       1.4306743164638127e+02, 7.0435888416588845e+00,
       3.4122648454929782e+02, -4.3719697312720683e+01,
       -1.4204389421050061e+02, -4.5475086901721525e+01,
       7.0435888416588854e+00, 1.7903083112219119e+02,
       6.0230648612900040e+03, 4.0666807906850579e+02,
       3.0584670322426236e+03, 1.7650805956045178e+02,
       1.6223582103276321e+01, 1.7433536217495819e+02,
       4.0666807906850573e+02, 8.0626134916120463e+03,
       1.1016935384870595e+02, 1.2244609247427138e+03,
       3.6070443326441985e+00, 1.1645332095092857e+02,
       3.0584670322426236e+03, 1.1016935384870591e+02,
       2.3602099377246059e+03, -9.7808376378409406e+01,
       -6.9914353003619610e+01, -3.9080413099890606e+01,
       1.7650805956045187e+02, 1.2244609247427138e+03,
       -9.7808376378409406e+01, 1.4973424457077865e+03,
       -5.8047638248943151e+01, -6.2737900574078076e+01,
       1.6223582103276321e+01, 3.6070443326441981e+00,
       -6.9914353003619610e+01, -5.8047638248943159e+01,
