%YAML:1.0
means: !!opencv-matrix
   rows: 22
   cols: 3
   dt: d
   data: [ -4.9832327905031278e+01, 1.4377067374235008e+02,
       -5.6867564106566206e+01, -5.2846044205948147e+01,
       -9.2958259675513915e+01, -3.4526066135911982e+01,
       1.0255812849289212e+02, 4.2317605287921083e+01,
       4.0542111489205645e+01, 7.6218374835289168e+01,
       -8.1669839447133981e+01, 6.2713635035345519e+01,
       -1.0581361114258706e+02, -5.5035436442562720e+01,
       1.0370755142252310e+02, 1.0266763549481298e+02,
       5.1222843302393073e+01, -7.2004213853447837e+01,
       -2.7679931502621190e+02, -6.5926460692268947e+01,
       -1.4254712881132887e+01, -1.9062567923853683e+02,
       5.1931018227199324e+01, -2.8504300922157700e+01,
       -1.5562740516120536e+02, 1.5468720413639903e+02,
       1.3788930400461064e+01, 9.5028480187066080e+00,
       -2.4333498798493324e+01, 1.8260154181103960e+01,
       1.5491009356387528e+02, -2.0432678076032746e+00,
       3.0924505988052333e+00, 1.0832899719908031e+02,
       1.6198592757954071e+02, 3.2333944587778724e+01,
       -6.6295885037127761e+01, 3.3516656739442659e+01,
       -3.1955304360483638e+01, 3.7105059639664553e+01,
       -3.0327262241080306e+00, -6.0135520782154806e+01,
       -6.1321913968005610e+01, 3.5655089690966420e+01,
       7.4036592454993141e+01, 2.0212943385205966e+02,
       2.4919597283545061e+00, 4.0142649303029422e+01,
       -1.6582114160035755e+02, -3.1251636087395720e+01,
       1.3634235017463620e+01, -1.8777836889493517e+02,
       -8.0640668925388368e+01, 4.6527394540642035e+01,
       1.6775188594131939e+02, -1.0849887484297109e+02,
       -5.1962282010432279e+00, -6.3625885797516322e+00,
       -2.3117443714112881e+02, -8.2974064225899955e+00,
       6.2338070809842840e+01, -1.0166156673654299e+02,
       -7.9944821167005756e+01, 2.5960031452190801e+01,
       9.9292548162751274e+01, 1.5302140415009244e+01 ]
covs: !!opencv-matrix
   rows: 66
   cols: 3
   dt: d
   data: [ 3.6783718843446741e+03, -5.9534715197077261e+01,
       5.3096342622974923e+01, -5.9534715197077205e+01,
       4.5980536072578116e+03, 1.8762974780994929e+02,
       5.3096342622974966e+01, 1.8762974780994929e+02,
       9.5825054080785003e+02, 2.0748867021338747e+03,
       -2.3102442455580231e+02, 7.5654503960944169e+02,
       -2.3102442455580237e+02, 4.6497701717134623e+03,
       -1.3048481110422946e+01, 7.5654503960944169e+02,
       -1.3048481110422964e+01, 8.3218055009355714e+02,
       2.2523533173238952e+03, -7.0176881442521903e+02,
       -4.3768733452390666e+02, -7.0176881442521903e+02,
       4.1439726809477343e+03, 1.0398777517544491e+02,
       -4.3768733452390666e+02, 1.0398777517544491e+02,
       1.1894111651855487e+03, 1.4011007525136470e+03,
       -9.6282871761823731e+02, 3.4828877796253033e+02,
       -9.6282871761823731e+02, 1.0303109051429901e+04,
       6.1263039834987705e+02, 3.4828877796253039e+02,
       6.1263039834987705e+02, 6.1769965789986759e+02,
       1.3825457209991537e+03, -9.9122243743388242e+02,
       1.8827113718852902e+02, -9.9122243743388242e+02,
       9.8003272478637282e+03, 8.1449975869646778e+02,
       1.8827113718852902e+02, 8.1449975869646778e+02,
       4.7787517479966078e+02, 3.4087172440700379e+03,
       -6.5995648736031660e+02, 8.4853444161094092e+02,
       -6.5995648736031660e+02, 5.2439037222363604e+03,
       4.1505498855069538e+02, 8.4853444161094092e+02,
       4.1505498855069538e+02, 1.2783118467609556e+03,
       1.9169118780306217e+03, -1.2805676294592968e+03,
       1.8834344160956041e+02, -1.2805676294592968e+03,
       9.0281377132752950e+03, 6.0986330376390708e+02,
       1.8834344160956041e+02, 6.0986330376390708e+02,
       4.1204189859887191e+02, 3.2350852397912104e+03,
       -7.2870705508034223e+02, -2.8759883367605820e+01,
       -7.2870705508034200e+02, 5.4059775211714077e+03,
       -7.9138870958922510e+01, -2.8759883367605813e+01,
       -7.9138870958922496e+01, 9.6999875158466909e+02,
       4.1366469047955798e+03, 1.1744739426208946e+02,
       8.9793300842628048e+02, 1.1744739426208946e+02,
       4.2442827849669620e+03, -9.9302509420463673e+02,
       8.9793300842628048e+02, -9.9302509420463673e+02,
       1.6615486452700254e+03, 1.6315327868486299e+03,
       -8.7665855490822977e+01, -9.4864468979956470e+01,
       -8.7665855490822921e+01, 6.4529755301537771e+03,
       -6.9491809764842151e+02, -9.4864468979956513e+01,
       -6.9491809764842128e+02, 1.2472782842137651e+03,
       4.2805902947246577e+03, 1.4385198098871365e+03,
       1.0498447609489791e+02, 1.4385198098871365e+03,
       4.3376937574267868e+03, 9.9281476795364753e+01,
       1.0498447609489791e+02, 9.9281476795364796e+01,
       9.0421304067908477e+02, 4.2003373699631911e+03,
       -1.3359804885157250e+03, -8.0372472683003480e+02,
       -1.3359804885157246e+03, 3.9900907783758776e+03,
       4.1915916113285022e+02, -8.0372472683003446e+02,
       4.1915916113285022e+02, 1.1580590691445088e+03,
       2.0801709221953006e+03, 3.3647894331358486e+01,
       3.0200450767353193e+01, 3.3647894331358479e+01,
       4.0380781274172691e+03, 2.8268062917919121e+02,
       3.0200450767353207e+01, 2.8268062917919116e+02,
       1.4503456033625005e+03, 1.9091047624641928e+03,
       -5.7504550635173359e+02, 9.0496860895310681e+02,
       -5.7504550635173348e+02, 4.2051683726658384e+03,
       -5.1942009467460011e+00, 9.0496860895310681e+02,
       -5.1942009467460011e+00, 1.0208500716632483e+03,
       2.2255674029307938e+03, -9.6504899174616423e+02,
       7.3428840535343193e+02, -9.6504899174616423e+02,
       7.7179128054597795e+03, 3.7796458091010618e+02,
       7.3428840535343193e+02, 3.7796458091010629e+02,
       8.1537542756149855e+02, 4.0744754974956591e+03,
       3.8220526801252794e+02, -9.2284554670070952e+02,
       3.8220526801252811e+02, 1.0237750131465995e+04,
       2.8656506681010785e+02, -9.2284554670070952e+02,
       2.8656506681010791e+02, 5.2415017243600801e+02,
       3.1113371866059188e+03, -1.4505651886793985e+03,
       4.4899543627572751e+02, -1.4505651886793989e+03,
       6.3009850514488553e+03, 1.2075447760933423e+03,
       4.4899543627572751e+02, 1.2075447760933423e+03,
       1.5844819146991019e+03, 2.8231655370372091e+03,
       -9.8007133899156702e+02, 1.0627157018759046e+03,
       -9.8007133899156713e+02, 8.3488947526632710e+03,
       8.1220584295772551e+02, 1.0627157018759049e+03,
       8.1220584295772551e+02, 9.8426277196030060e+02,
       4.1518341003025334e+03, 1.0635524852672545e+03,
       -3.1154817756774094e+02, 1.0635524852672547e+03,
       2.6162679728960707e+03, -3.0440349221154622e+02,
       -3.1154817756774088e+02, -3.0440349221154622e+02,
       1.0717024922271169e+03, 3.8131680642150577e+03,
       -3.7028173020620460e+02, 1.8766699542907936e+03,
       -3.7028173020620449e+02, 6.3394061499239479e+03,
       1.0906151490738655e+03, 1.8766699542907936e+03,
       1.0906151490738655e+03, 1.6749320576325774e+03,
       3.6621456038686360e+03, 4.6494654310340371e+02,
       2.4675631842827876e+01, 4.6494654310340360e+02,
       2.9924661841840039e+03, -3.0475651095353919e+02,
       2.4675631842827869e+01, -3.0475651095353919e+02,
       1.1387355486724525e+03, 2.8994716139681254e+03,
       -1.5219269892947666e+03, -1.0790575106006131e+03,
       -1.5219269892947661e+03, 6.5165250143850244e+03,
       1.0323802650674010e+02, -1.0790575106006131e+03,
       1.0323802650674006e+02, 1.7315393037033061e+03 ]
