%YAML:1.0
means: !!opencv-matrix
   rows: 47
   cols: 2
   dt: d
   data: [ 6.3240104426414135e+01, -6.7784020236889717e+01,
       -1.1325853853631840e+02, 1.8496662778444804e+01,
       1.7920303094430878e+02, 1.3129436520242399e+02,
       4.8097171981085680e+01, 2.2133291957608361e+02,
       -2.0796604289383149e+02, -1.7700585681647436e+02,
       -7.3363261005416787e+00, 3.7217696290965314e+01,
       -2.6399759048350990e+02, 1.2348076777672370e+01,
       4.8691920921843426e+01, 4.3493426969437600e+01,
       -7.2272435409236223e+01, 1.2423079721092665e+02,
       -1.1134991700955487e+01, -5.7140608899901743e+01,
       2.5501749436871808e+02, -7.3131164279705857e+01,
       -8.8893883623943964e+01, -1.7962755550680697e+02,
       8.9357300905690096e+01, -1.9988111889856813e+02,
       -1.8348578240333160e+02, -3.5042216026851619e+01,
       1.5429993377575911e+02, -1.1212722532769625e+01,
       -2.7616402841469807e+02, 1.0137922054524711e+02,
       1.6621351816510699e+02, -1.3604783714841921e+02,
       3.2832609561743752e+01, -1.3576444038675270e+01,
       -6.1904782423888198e+00, 9.7703677408441507e+01,
       2.0655406926937179e+01, -1.0412435690287981e+02,
       -2.7255032941207310e+02, -6.5020896508637961e+01,
       2.1165676961774957e+02, -5.3148615761360862e-01,
       -1.9619627265609211e+02, 1.2284739574721878e+02,
       8.9752858899862019e+01, 9.7551301231360583e+01,
       1.0743957593335793e+01, -1.6126335130103558e+02,
       1.6798372671523006e+02, -7.7735360894107544e+01,
       -5.7570469113119984e+01, -2.6761411249330655e+02,
       -1.0120272102492545e+02, 1.8412628712061266e+02,
       -2.0556077268955992e+01, 1.6916722880837443e+02,
       -9.5595359054229149e+01, -5.3128131455079497e+01,
       -1.4153906541029008e+02, -1.1040902635551595e+02,
       -1.9787326586363432e+02, 2.0471252650330112e+02,
       -2.3292227882980538e+02, -1.1745359580657370e+02,
       -1.9039147203591199e+02, 4.0007110478649281e+01,
       -1.2722034702745454e+02, 9.2889781629926702e+01,
       1.2294340273223821e+02, 1.6245927965005649e+02,
       1.0161042879362819e+02, -3.5408047521392319e+01,
       2.5662373288427506e+02, 6.3821266071271275e+01,
       7.2415774474427238e+01, -2.9009111168416462e+02,
       1.0757269309186881e+02, 3.6605392728934376e+01,
       1.7294814469971547e+02, 6.2137390158556066e+01,
       -6.0655799307036631e+01, -1.1484217991437424e+02,
       -4.9657391634651006e+01, -5.0984705095659901e+00,
       9.0915967364866106e+01, -1.2460090106026399e+02,
       -7.0400229034303123e+01, 5.9166283332397505e+01,
       5.0400915227829799e+01, 1.5133658968003141e+02,
       -4.9629903918845102e+01, 2.3533629037397904e+02 ]
covs: !!opencv-matrix
   rows: 94
   cols: 2
   dt: d
   data: [ 9.4218138211287430e+02, -2.1583413256909537e+02,
       -2.1583413256909537e+02, 6.5475376573597089e+02,
       1.1477394535598185e+03, 4.6346571833992854e+01,
       4.6346571833992854e+01, 1.0819835753710945e+03,
       3.1163615738499816e+03, 1.0415330980162291e+03,
       1.0415330980162289e+03, 1.5362947743824393e+03,
       2.2354937305757589e+03, 3.0694791857740938e+02,
       3.0694791857740938e+02, 2.1086983535259697e+03,
       3.0676508547939193e+03, -1.4169595447048425e+02,
       -1.4169595447048431e+02, 3.4267103510604093e+03,
       7.3376763353106719e+02, 2.5915149093213333e+01,
       2.5915149093213333e+01, 7.6687218317354257e+02,
       2.3399116584956291e+03, -1.0961077586970258e+02,
       -1.0961077586970264e+02, 1.5186602022776447e+03,
       6.6471562366335047e+02, -9.7251669725877810e-01,
       -9.7251669725877876e-01, 1.2021160209248392e+03,
       1.5058440278451303e+03, -1.3881652413227741e+02,
       -1.3881652413227741e+02, 9.6807638508244690e+02,
       1.2181842109557249e+03, 1.4474347147279849e+02,
       1.4474347147279849e+02, 8.7067909128324163e+02,
       2.0066528210444997e+03, 3.4730018706140316e+02,
       3.4730018706140316e+02, 3.3822551141570752e+03,
       1.8779057426217012e+03, -3.5845918522783677e+02,
       -3.5845918522783683e+02, 1.3920097736278256e+03,
       2.3157577192624653e+03, 4.2469603409830262e+02,
       4.2469603409830256e+02, 1.3074011831949010e+03,
       2.0077525251365321e+03, 3.4012401566470828e+02,
       3.4012401566470828e+02, 1.2993561956181147e+03,
       9.2045457050138964e+02, -1.5160166095815316e+02,
       -1.5160166095815322e+02, 9.4459161898666650e+02,
       1.8502087033436117e+03, 4.2211261846608018e+01,
       4.2211261846608018e+01, 2.3862938462176444e+03,
       1.7400487459793835e+03, 7.9735413832836358e+01,
       7.9735413832836358e+01, 1.4890033777655356e+03,
       1.2286269256263674e+03, 1.9389345228219108e+02,
       1.9389345228219108e+02, 8.2385765057380445e+02,
       1.4385217418890195e+03, -6.5526006343226314e+01,
       -6.5526006343226300e+01, 8.9253176349262162e+02,
       9.1942154736818145e+02, 5.1772129945891256e+00,
       5.1772129945891185e+00, 7.6386748474203898e+02,
       1.9808358341543330e+03, 2.7063151639076273e+02,
       2.7063151639076278e+02, 1.8135087457731865e+03,
       1.4752095054204158e+03, -1.3871764213102131e+02,
       -1.3871764213102131e+02, 1.6509251094144583e+03,
       1.2049179075032621e+03, 3.0227062165510597e+02,
       3.0227062165510597e+02, 1.6844113164600478e+03,
       1.3630113321005924e+03, 4.0872317947215367e+02,
       4.0872317947215367e+02, 1.0734603908444667e+03,
       1.5256907479350109e+03, -5.0770368526993348e+00,
       -5.0770368526993312e+00, 1.1590619644087528e+03,
       1.3785770879917991e+03, 1.4779643972734860e+02,
       1.4779643972734860e+02, 1.2975909611910586e+03,
       2.4726345868374806e+03, -1.0538083132490572e+03,
       -1.0538083132490574e+03, 3.6089223783660796e+03,
       1.8144676173683363e+03, 9.2274225661962873e+01,
       9.2274225661962902e+01, 1.4007407639450000e+03,
       1.5192877245080065e+03, -1.1012414491364788e+02,
       -1.1012414491364788e+02, 1.3762025787731309e+03,
       1.1934998143664820e+03, -9.0166514450340486e+01,
       -9.0166514450340486e+01, 9.5349757343578744e+02,
       1.4842564969241153e+03, -1.9654628664558723e+02,
       -1.9654628664558723e+02, 1.0013669154883762e+03,
       2.6443166703189308e+03, 2.7312847885987895e+02,
       2.7312847885987890e+02, 2.2377603191498574e+03,
       2.2965007176731356e+03, 5.3209668945483202e+02,
       5.3209668945483202e+02, 2.4195523570218347e+03,
       1.2527448708403997e+03, 1.0092242838578055e+02,
       1.0092242838578053e+02, 1.2380286795827517e+03,
       1.0355497736154152e+03, 1.1022414526993573e+02,
       1.1022414526993570e+02, 1.3875354768532741e+03,
       2.1850143484031687e+03, 9.9974113091266236e+02,
       9.9974113091266236e+02, 2.3171939063663699e+03,
       7.3655379328749927e+02, -2.5510060258241347e+02,
       -2.5510060258241350e+02, 1.0083580307562588e+03,
       1.6433260680968776e+03, 3.5859146088069576e+02,
       3.5859146088069576e+02, 1.9680309106373675e+03,
       3.0240405339079975e+03, -4.8182674286652747e+02,
       -4.8182674286652752e+02, 2.4814147588815722e+03,
       8.4771992860839589e+02, 1.0470489199425745e+02,
       1.0470489199425745e+02, 9.4684324133060841e+02,
       1.2912062249603739e+03, 1.5081015875784399e+02,
       1.5081015875784394e+02, 1.3654410144431095e+03,
       1.2380630700770832e+03, -5.6031829758102127e+01,
       -5.6031829758102155e+01, 1.1078772186430263e+03,
       1.0388226002542820e+03, 8.4221483872275176e+00,
       8.4221483872275176e+00, 8.1123556914962603e+02,
       1.2728390173601238e+03, 2.6655310204568661e+02,
       2.6655310204568661e+02, 1.1054626198825733e+03,
       9.8780393558244884e+02, 1.7137650422260979e+01,
       1.7137650422260979e+01, 9.5237450249862275e+02,
       1.3725561708593764e+03, 2.9476555319914536e+02,
       2.9476555319914536e+02, 1.2962832627758683e+03,
       2.9176322096526110e+03, -5.1034696363225760e+02,
       -5.1034696363225754e+02, 2.0557177371892067e+03 ]
