%YAML:1.0
means: !!opencv-matrix
   rows: 49
   cols: 6
   dt: d
   data: [ 6.7520153728045230e+01, -7.5526249955007842e+01,
       -2.0166294303859360e+01, 4.4861935446383761e+01,
       2.6621657610519320e+00, 9.7268620317319137e+00,
       -2.1013638181263369e+02, 1.3495133658043633e+01,
       3.9832820256563991e+01, -2.6478502086367794e+00,
       -6.8989676335240810e+00, 1.4124560591623165e+01,
       2.9546486489067991e+01, -9.9085790904213681e+01,
       -1.1110975608421834e+01, 6.9839355294072803e+01,
       -5.3931313115636694e+00, -1.8080698669847237e+00,
       4.5305400283351432e+01, 2.1287917247708563e+01,
       -5.3942943122238226e+01, -3.3022599982164202e+01,
       -2.3783746838962138e+01, -2.0484342305486670e+01,
       2.2755182183764610e+01, 2.2105486834378530e+02,
       -5.7163724008818946e+00, -4.4355291894117450e+01,
       2.1087071257156850e+01, 8.9886903064428605e+00,
       -3.5902667549336314e+01, 3.2792969442508607e+01,
       8.2496573043057410e+01, -1.5324495017000979e+01,
       8.4634472452622393e+00, -1.4342238736151407e+01,
       -8.6981600142206645e+01, -6.7363582230425436e+01,
       -5.1541341573372321e+01, -3.3918776622321111e+01,
       2.3531858921561771e+01, -3.1037385565383659e+00,
       -5.4213318624937742e+01, -8.0288118724580571e+01,
       2.4963337931624888e+01, -5.1817312770170219e+01,
       2.8099747743991639e+01, -9.6816239869826290e+00,
       1.0081658215779846e+02, -1.6102440993364130e+01,
       4.5736867010752000e+00, -6.2029408286791835e+01,
       1.5099437811389118e+00, -1.0539459063205662e+01,
       1.5872951463141015e+02, 3.4672213408139463e+01,
       -4.8001284486148158e+01, -4.0700917741366052e+00,
       -7.1387462320377892e+00, 1.3983184712756863e+01,
       1.2326394771563228e+02, -4.1208706027197678e+01,
       -3.2517049442526236e+01, 2.7003234800570763e+01,
       -5.0052843833162424e+00, 1.4021265234698078e+01,
       -1.7121079720422665e+02, -3.5889034547826355e+01,
       3.1681623129662299e+01, 3.0777687071373727e+01,
       -5.0699605562488337e+00, 1.9347125905237096e+01,
       -4.3545207163532673e+01, 1.6339961300599137e+02,
       8.2076813695765427e+00, -1.0164563584732387e+02,
       -6.7478400713060749e+00, 3.3028601066139501e+01,
       -1.9098928956457695e+02, 8.3096716004987599e+01,
       3.2377571071355277e+01, -4.6322450423377710e+01,
       -2.0295966722816200e+01, 3.2137083864888805e+00,
       -3.4579689524366565e+01, 1.2007451546266100e+01,
       -4.6187731002883474e-02, 8.6826222880402906e+00,
       3.8764157696824995e+01, 2.2540741650692229e+00,
       1.0575848225221584e+02, 1.1715956598547803e+02,
       -9.5075267239602024e+00, -3.9104522328572320e+00,
       -5.8953869947836601e+00, -1.4746104291801347e+01,
       5.7910102563952947e+01, -7.4257247937118606e+01,
       -2.3559892159665807e+01, 4.4210214730592249e+01,
       -1.1392926872917785e+01, 4.6775522254953872e+00,
       -1.4950678632108614e+02, 4.0573427528861636e+01,
       -6.7732856131031962e+00, -1.4296369534179076e+01,
       1.1906197345948113e+01, -1.4835169368436734e+01,
       6.3572367542854899e+01, -8.9189203068676633e+01,
       -2.9604590930910970e+01, -1.9266190539416524e+01,
       1.2297809089673869e+01, 1.4201435862967449e+01,
       -5.5594489722709781e+01, 2.4519642329042242e+01,
       9.0739566410606713e+01, 7.0729447793564262e+01,
       -3.7803461410675214e+00, -3.0882717089401925e+00,
       1.2422771556485807e+02, 7.7698705593400902e+01,
       3.2381650396576035e+01, 3.0208072987813289e+01,
       1.1110498071739229e+01, 3.3326532363806227e+00,
       -1.8781989962575844e+02, -5.7469091379284322e+01,
       4.5143406857642653e+01, -2.6648395734738433e+01,
       -8.2016747142155371e+00, 3.9319952754915832e-01,
       7.3430425406020547e+01, 5.9001406387148627e+00,
       -2.4258468487046493e+01, -3.0517405908971266e+01,
       -3.1514133383067936e+01, -1.8524666327869653e+01,
       -1.4443071027290117e+02, -1.0875776281354510e+02,
       2.5169268961576350e+01, 6.9217886124068443e+01,
       -2.1436520684639827e+01, 1.3167962002864027e+00,
       1.4734979986997010e+01, 4.5005477120760453e+01,
       -5.0569083299622484e+01, 2.4323204939102297e+01,
       1.6964065919035921e+01, 5.8810827595338520e+00,
       3.5606526930476136e+01, 1.1205564771628327e+02,
       -2.2853382230943597e+00, -9.4199371937778608e+01,
       2.0036283331782965e+01, 9.8235169949094114e+00,
       4.7524003223807870e-01, 3.7909007586248499e+01,
       8.2102002976445276e-01, -4.3509422228657428e+01,
       -1.5576112902703622e+01, -2.3050676626767352e+01,
       -1.1789607516965579e+02, 8.8308305326129872e+00,
       -3.9144016839088569e+00, 7.8816882569238459e+01,
       6.3073864741058081e+00, -8.0079697293890781e+00,
       -1.6076556099055733e+01, 1.0183209739840822e+02,
       -4.2358823473708312e-01, 3.4194770432241441e+01,
       1.7295401830170615e+01, -1.0440895090028121e+01,
       9.9413643556611703e+01, 7.1394471689479717e+00,
       7.6376177926674913e+01, -7.6516686963822220e+00,
       2.4840289641080293e+01, -1.8380765695858348e+00,
       1.6035803723701142e+02, 3.3002354181003227e+01,
       -3.5699562824955258e+01, -2.7211181535284961e+01,
       -9.9123481367243844e+00, 9.4051896040558027e+00,
       1.5398288447994327e+02, 8.7290476282884896e+01,
       -3.3959945341856510e+01, 4.4275762713619578e+01,
       -7.1155832876138101e+00, 9.0516018641091129e+00,
       2.2909498733487891e+02, -2.0069474285442681e+01,
       2.6559491956506523e+01, -9.3659272385031134e-01,
       -7.5464564507494343e+00, 1.2099700041464553e+01,
       1.4468226272008562e+02, -3.5309691086597958e+01,
       -4.4677898454688538e+01, -2.5874814699367029e+01,
       -4.0681773488952873e+00, 1.4281080515857317e+01,
       5.8157421933408415e-01, 1.1435723007244722e+00,
       6.2583006657374849e+00, -1.0777690994378872e+01,
       2.8570594057638175e+01, -1.4711728532660602e+00,
       -4.2797120336632119e+01, -8.0747862164584902e+01,
       -1.1576912116191995e+01, 3.9410697762477611e+01,
       1.9844665253249214e+01, 1.3714120733669450e+00,
       1.5001555322384095e+02, 1.4000222474836553e+01,
       3.0583640539747517e+01, -3.2800482495323166e+01,
       -2.7310436966203842e+01, -1.9833016257894073e+01,
       -1.4932375254426697e+02, 6.4017291594615486e+01,
       3.1252812920046747e+01, -4.9804952360125924e+01,
       -1.9645253302515709e+01, -1.0818110147399702e+01,
       9.3351627603034434e-02, 4.3570948357232027e+01,
       -7.5585218137749081e+01, -3.9745299157375548e+01,
       2.7491702105247056e+00, -1.1257939098212418e+01,
       4.8419963760569807e+01, 1.1052606966958558e+01,
       -1.5547435370269111e+01, -2.4792018832743943e+00,
       -7.1289656149986316e+00, 3.3087049031401543e+00,
       -6.2678077428716481e+00, -9.2571846265148821e+01,
       7.1718269666276470e+01, 3.7977067581503697e+01,
       8.1257660912386314e+00, -5.4381623541933690e+00,
       8.6514129038760331e+01, -7.7570104041697277e+01,
       4.2522911460624044e+01, -2.5538674176046028e+00,
       6.6760893487760979e+00, 1.0450938424403091e+00,
       6.4035102081635685e+01, 2.6648712740476861e+00,
       -1.0316582859313128e+02, 1.6554816054267518e+00,
       -5.2353137458343024e+00, 1.0565176679611699e+01,
       -1.7156680643835651e+02, 1.8873687388376183e+02,
       3.6328289075683898e+01, -8.8516377910965332e+01,
       -3.9962637025580918e+01, 4.7999230995178962e+01,
       -1.2738212639345967e+02, -8.8166215298613253e+01,
       2.9703799530810983e+01, 6.2591780468245851e+01,
       -1.3574586502606001e+01, -8.4552769416781659e-01,
       -2.1978359075006179e+02, 8.9387380263390483e+01,
       4.8487418578013063e+01, -4.2681868925589164e+01,
       -1.8624668324052443e+01, 2.5029176639457436e+01,
       -2.3306572442748661e+00, 6.3368669317154271e+01,
       1.3134589232744803e+01, -4.3652460281634568e+01,
       3.5522166566966462e+01, -1.3406805529785572e+01,
