%YAML:1.0
means: !!opencv-matrix
   rows: 24
   cols: 6
   dt: d
   data: [ -3.8529137800322225e+01, -8.7574948008644256e+01,
       -5.2501079229880631e+01, -3.5393564639873155e+01,
       1.9975885123428512e+01, 4.2289923578860682e+00,
       1.1384337006039031e+02, -8.4660813858504071e+01,
       4.0653655261365728e+01, -4.3768741156304422e+01,
       1.5731463542297904e+01, 3.4826250576214979e+00,
       -1.2618477646655839e+02, 1.1789367634421971e+02,
       8.4022484543011942e+00, -5.6338766634536618e+01,
       -1.7287579488634865e+01, -1.7412105478460134e+00,
       3.6885020691098767e+01, 9.1496415486401602e+01,
       4.4779703467211839e+01, -5.3686091214941371e+01,
       8.3344103366829110e+00, -1.4731026880324960e-01,
       1.9387275573130253e+02, 4.3911948259012760e+01,
       2.0086907463664915e+01, -3.0811288734916467e+01,
       -1.2428023376702660e+01, -5.3010411560005304e+00,
       1.0330971263704512e+02, -5.0003691657110352e+01,
       -2.1186311971547990e+01, 3.5600785477102662e+01,
       -2.6946711699769910e+01, 2.1945769530680213e+01,
       -5.9767564188790075e+01, 9.4121410689791588e+01,
       -3.4901595613018223e+01, -2.9406994387725572e+01,
       1.3787707459176225e+01, -2.4233542400799277e+00,
       3.2620257755928591e+01, 1.1642282433429216e+02,
       -3.0248692127001330e+01, -4.7426222991531063e+01,
       -6.4182488324876239e+00, -1.3213770676109662e+00,
       -1.5858941763839746e+02, 2.3305756018709554e+00,
       2.6889593853081713e+01, -2.1341151455438382e+01,
       -3.5757686296118014e+00, -2.4582509077403575e+01,
       6.8619619531383949e+00, -1.5176035409186241e+02,
       1.5967929072346628e+01, 5.9056834106942006e+01,
       1.9553289906575618e+01, -7.5122849374817751e+00,
       -1.2454627918281760e+02, -4.7219638447663186e+01,
       3.6400080481793580e+01, 2.3817674300226855e+01,
       -5.9070412740683889e+00, 1.7422918290613577e+01,
       -1.8861363689319975e+02, -1.1304433412974464e+02,
       4.9352578908879558e+01, 3.6673442877315722e+01,
       -3.1225817944475736e+01, -9.4027995905095221e+00,
       6.4000267497238511e+01, -4.0601062279339693e+01,
       -1.7959579375321539e+01, 4.4751766242364752e+01,
       -2.9049365398701521e+01, 3.0813251885171475e+01,
       6.7734406582622682e+01, 1.0760755785415017e+02,
       -2.8406267445254304e+01, 3.2277128896932865e+01,
       -9.7148649540066252e+00, -7.8174136737742970e+00,
       -1.8033140617398419e+02, 6.5680943670875308e+01,
       3.7617133564648455e+01, 1.6148048924044538e+01,
       -1.5244647194033076e+00, -1.0435395307593144e-01,
       -1.7780250639070940e+02, -6.4421749709313630e+01,
       1.8831461393210731e+01, -4.9737792513526024e+01,
       -2.6033890815492162e+00, 1.1399703005549477e+00,
       -1.6204648584138614e+01, -1.4539007203645475e+01,
       3.5093882893823372e+00, 5.6148083165886069e+00,
       3.7009593746421118e+01, -4.0388271086930763e+00,
       1.5845735732637922e+02, -1.8310748908856350e+01,
       -4.4620421933743692e+01, 3.1229210821448007e+01,
       -1.4133448891925212e+01, -2.1774698127679182e+00,
       4.3270087171701386e+00, 2.6052105050747272e+01,
       -1.1532728268693084e+01, 1.6072225553908901e+01,
       8.8804802108176268e+00, 9.6189267520675816e+00,
       1.1527025240554228e+02, 5.6306328329072215e+01,
       6.7553595867127086e+01, 2.9828205707442628e+01,
       2.1097566092139658e+01, -2.7840836110154905e+00,
       4.7611240990275689e+01, -9.5850471677849683e+01,
       -3.8585999484436428e-01, 4.1807787803676881e+01,
       2.3627835218303161e+00, 9.3750756784510560e+00,
       -6.5377700719035616e+01, -7.6222699112831886e+00,
       1.0421212501466671e+02, -1.4193555493043311e+01,
       -2.3626700600572259e+00, 4.9698259818889516e+00,
       8.8839541908637969e+01, -2.1980894054994405e+01,
       -6.4645185649439497e+01, -2.7422986227130671e+01,
       -1.1910702818030282e+01, -4.9761175046028807e+00,
       6.0373153272064599e+01, -2.5067810569144271e+01,
       -2.3913989127178855e+01, 2.3726262538321510e+01,
       1.5130040540395399e+01, -1.0706780643851275e+01 ]
