%YAML:1.0
means: !!opencv-matrix
   rows: 35
   cols: 6
   dt: d
   data: [ -3.1076162350107065e+01, 7.8202661529387242e+01,
       -6.9774331074609307e+01, 1.1366409377233650e+01,
       1.9420355143276339e+01, -1.7778269352360925e+00,
       -1.5008227815539385e+02, -9.4300630837948020e+01,
       -1.9211336881482843e+01, 6.0090284852744254e+01,
       -5.9765557889569569e+00, -6.5892882815140563e-01,
       8.2822449542757212e+01, 1.8410372482639847e+01,
       -2.1937559062072765e+01, -3.2861192305512780e+01,
       -2.5021632219887099e+01, -2.0385416872581725e+01,
       3.1101682410932973e+01, 4.7150820437524153e+01,
       3.8713883382454948e+00, -2.2590186076701535e+00,
       2.7022877025366672e+01, -5.1851872969103752e-01,
       -1.7818928892357113e+02, 7.7476907562829084e+01,
       2.9366035902215248e+01, -6.2655390000432625e+01,
       -2.9809540066944642e+01, 2.5561815530727396e+00,
       8.9970320231925967e+01, 4.2575173543117600e+01,
       -2.0696602458774294e+01, -3.2224957299322277e+01,
       -4.2762541285277100e+00, -1.0201310780102332e+01,
       -8.8278365745919828e+01, 7.4292371639227417e+00,
       2.2867939677890561e+01, 7.9388598816991816e+01,
       4.6741192923166812e+00, -7.2347838262466109e+00,
       1.5558007838033052e+02, 8.9551313444057527e+01,
       -4.1138437229511197e+01, 4.2277610356641404e+01,
       -7.5908124780406272e+00, 9.2118041621225419e+00,
       1.4170216602307704e+02, -5.5768832831486840e+01,
       2.2251276800198623e+00, 3.5088398969289038e+01,
       -2.3690201367282921e+00, 1.4459710384389332e+01,
       -2.0757211605059948e+02, 4.0057639537309448e+01,
       2.3499009357022846e+01, 1.1759602854006760e+01,
       -7.5447856837802272e+00, -1.2417382046349676e+00,
       2.0775330945860028e+02, -2.5115359614120411e+01,
       4.1514664036455544e+00, -1.2149474905150772e+01,
       -7.2652156323138062e+00, 1.3507348911936651e+01,
       -2.1810168062312459e+02, 9.0454475331541360e+01,
       4.8907211428549665e+01, -4.4875794694709043e+01,
       -1.8277204516122772e+01, 2.6718923409027006e+01,
       1.6193947548723088e+02, 2.4438862405821236e+01,
       -3.6249945285403960e+01, -2.2470339306024702e+01,
       -1.1872069949800167e+01, 6.0632919160620871e+00,
       2.3297899893822002e+01, -1.0307516512992459e+02,
       -9.6975315963427615e+00, 7.0109537488485245e+01,
       -5.4787899900272006e+00, -2.3849823527627128e+00,
       2.8180426327232748e+01, -4.5002296989108665e+01,
       -8.4485188820154121e+01, 3.8687207216235684e+01,
       2.1241108124120367e+00, 1.2798757948061231e+01,
       7.9224029843765280e+01, -5.2944530809424457e+01,
       -2.7482836798896276e+01, 3.0070591238518144e+01,
       -7.1511139921345679e+00, 7.7476925201946045e+00,
       3.2643853766815361e+01, 1.5010150592590210e+02,
       -1.3280878770510645e+00, -8.2123490142977360e+01,
       2.0651878562581011e+01, 1.2250502877462468e+01,
       -3.8309485400141469e+01, -1.0095096591335606e+02,
       7.2279734750993612e+01, 5.9065965273270464e+01,
       -9.6123347120806315e+00, -5.4868457233355217e-01,
       1.6295229135380207e+01, 9.9842131379169729e+01,
       -2.7931482947754431e+00, 2.3015258479630187e+01,
       5.2633563177113505e+00, -5.1370503146239441e+00,
       1.9009671209885479e+01, -8.3318021625461711e+01,
       -1.8444166333756868e+00, 5.0715252157919082e+01,
       1.2738012994336547e+01, 5.5225703657118999e+00,
       -1.0127835662703866e+02, -1.2447367355947756e+02,
       2.3214079988425404e+01, 2.2179983038069128e+01,
       6.7948009780705965e+00, -5.7759216269379019e+00,
       1.0764173831437984e+02, 1.3760786187984625e+01,
       6.7824581704641957e+01, 6.1733847101588459e+00,
       1.4736741392662923e+01, -1.9018080454431887e+00,
       -1.5435370584415449e+02, 1.5040492643209240e+02,
       4.0381996390924144e+01, -3.8388019254008476e+00,
       -1.3125523671942416e+01, -5.2925477335044890e+00,
       -1.9204853971284473e+02, -1.0318307975261426e+01,
       3.4370742163272567e+01, 1.3917623980275998e+01,
       -6.3047986945660695e+00, 1.6407297296232514e+01,
       -1.8943635940609238e+02, 9.3949557788400384e+01,
       3.1755964333334870e+01, -5.8270529219498641e+01,
       -2.6503569790328100e+01, 1.4315202926284536e+01,
       -3.8777454864580690e+01, 7.1990084385551626e+01,
       5.7742475669824085e+00, -4.7407969468583744e+01,
       -1.3795787467166298e+00, 1.8195881375866421e+01,
       -3.7912787113236796e+01, 8.2452384187784826e+00,
       3.2802272968161539e+00, -7.3557106373483183e-01,
       3.6064578750483612e+01, -1.6344194504129561e+00,
       1.1225556072038600e+02, -6.7075980267951621e+01,
       5.3467377951390986e+01, -4.9467149362259462e+01,
       2.1078630497141489e+01, 9.6002597211070795e-01,
       -8.0603022703120061e+01, 7.3937994779671410e+00,
       1.0366314086149893e+02, -1.5210051570726399e+00,
       -5.6033220694883097e+00, -3.6378801350472818e+00,
       -7.1784248016479291e+00, -7.2611497912870774e+01,
       -2.5877366251067244e+01, -4.0472117688611618e+01,
       1.7792303988007550e+01, -9.6745344865234950e-02,
       1.0492021478937458e+02, -1.6002179978575352e+01,
       -8.0627755020241480e+01, -1.6291654865771655e+01,
       -4.7595469126659626e+00, 1.3704062822416182e+01,
       8.1785471956992083e+01, 1.0431658688756587e+01,
       -2.8404441929536610e+01, -3.0290332096706873e+01,
       -2.9762852579822606e+01, -1.7471663716457737e+01,
       3.5357347860629540e+00, 4.7965401166992883e+01,
       2.1655232486159992e+00, -4.3598134866428843e+01,
       3.6525184154438293e+00, -2.1987917557093699e+01,
       -1.0240308062660533e+02, 2.2473659057867728e+01,
       2.9421961967393202e+01, -2.3918057859403710e+01,
       9.0757185534674374e+00, -1.7378862017033665e+01,
       -2.0025130822550685e+02, -8.3706247050485501e+01,
       3.2566394622082043e+01, -4.6274336789666933e+01,
       -5.8293160586873585e+00, -8.5757657127536469e-01 ]
