%YAML:1.0
means: !!opencv-matrix
   rows: 9
   cols: 15
   dt: d
   data: [ 6.3991836866113502e+01, -4.4473696933512763e+01,
       -1.3885911000547472e+01, 3.1532891650173148e+01,
       4.9850807033509392e+00, 6.1905168990228949e+00,
       6.1106268044074163e-01, 5.4028963495133242e-01,
       2.3315572206722321e-01, -1.0978488502533403e-01,
       -2.4945725312198607e-03, 9.1733862368910662e-03,
       7.8701208919052280e-03, 2.8989889602683491e-03,
       1.2955406433451718e-02, -4.6779861713728863e+01,
       7.7196043797639131e+00, 1.8876750515738369e+01,
       -4.4383510793001113e+00, 2.3524742428445638e+01,
       -1.0029608570793558e+01, 1.9570984195526147e+00,
       4.5093511343518594e-01, 3.2758548844341162e-01,
       9.3298429028949331e-02, 4.6488777469221691e-02,
       -3.4479001002880130e-03, 3.7184409857346420e-04,
       -2.1308496118224796e-03, -6.3041280110053321e-03,
       6.4871531717537565e+01, -2.1677643705232445e+01,
       -1.4262960657976270e+01, 1.8221237067421470e+01,
       2.9400520069017961e+00, 2.5387065104027822e+00,
       -6.0165325481790584e+00, -2.6206763075132935e+00,
       -2.9783033449902923e+00, 1.1765285874605822e+00,
       2.5719663280518459e-02, 3.1207164145149787e-02,
       -3.2770993834812627e-02, 1.9934215869406902e-02,
       -1.8767788115114592e-02, -4.1255948439397230e+01,
       3.7245544609061930e+01, 9.0066412299293148e+00,
       -1.7012010934470577e+01, 4.2115630520193799e+00,
       8.2484195995203642e+00, -8.6273672721308381e-01,
       1.2599150262020473e+00, -4.3739934530661539e-01,
       -6.6404699916014953e-01, -2.5386497837049260e-01,
       2.3904268716595633e-02, -7.7189642909754131e-03,
       -8.8213984914526401e-03, -3.0330215124496743e-02,
       1.5909525014604512e+02, 1.8350386866369863e+01,
       -4.4093684755856053e+01, -1.5163436630083469e+01,
       -6.4916376864443093e+00, 1.2846139579425811e+01,
       -1.0132979080512461e+00, -2.1894632798465855e-01,
       -2.3351439337030801e-02, -6.5212068848545954e-02,
       3.9193429771998821e-02, -7.1043107360312052e-02,
       -7.8357504270393508e-03, -2.2017213004617901e-02,
       -2.5199851182881355e-02, -1.9164957725910233e+02,
       6.9092344612940764e+01, 4.0494999894175606e+01,
       -3.9687927390321519e+01, -1.7644695932872192e+01,
       6.8979708497044827e+00, -2.3055136467967334e+00,
       4.2524693463839253e-01, 1.2533149891311174e-01,
       1.6841024053710521e-01, 7.6181270853702687e-03,
       -4.3245252995843036e-03, 1.4900462044484112e-03,
       5.2107252202388951e-03, 1.2199144570634812e-02,
       -1.6719612022716723e+02, -6.2740165449672439e+01,
       3.4743835238515025e+01, 4.2497666831548976e+01,
       -1.1758185714925688e+01, 2.7934408356108889e+00,
       -4.1094171512505724e-02, -9.6416216766864249e-01,
       2.5299533693418624e-01, -1.2043213212382645e-01,
       2.0521832786920980e-02, -2.5348934562613539e-02,
       5.1306198512496900e-04, -9.1801603474523201e-03,
       -5.1812287292333911e-03, 7.5221930898660077e+01,
       6.0213726439396297e+01, -1.6402586349759197e+01,
       -3.9228868552514264e+01, -2.0315073145127647e+00,
       -9.2278247940399858e+00, 1.5401533179993485e+00,
       1.2407398345248621e+00, 3.6644137631089035e-01,
       3.6364917629379982e-02, -4.2677944703381418e-02,
       3.0006068436593741e-02, 6.5750192726234573e-03,
       8.4908412743041201e-03, 8.1860884734433880e-03,
       8.1863861277743013e+01, 1.5435787345650164e+01,
       -2.4108307954658805e+01, -3.2534825720661196e+01,
       -2.6467234900929743e+01, -1.9596882540258658e+01,
       8.9965089746261340e-01, -2.4157604171894831e+00,
       2.1991580972426708e-01, -4.1510250381741581e-02,
       1.0717698401034803e-01, -5.7889368153184306e-03,
       7.2008398114330771e-04, 2.8440102600218835e-03,
       1.4620243840004326e-02 ]
covs: !!opencv-matrix
   rows: 135
   cols: 15
   dt: d
   data: [ 7.3431959612006758e+03, 1.3326069662921172e+03,
       2.1456327537820380e+03, -4.5828682775011822e+02,
       -4.8007457820623188e+02, 2.8897589506636831e+02,
       -7.7807238198371081e+01, 4.9568734421440453e+01,
       1.5052046263510137e+01, 2.3351865926761239e+00,
       -1.9123272319459657e+00, 1.3831500705191485e-01,
       -4.8220249844939791e-02, 3.2819157560389105e-02,
       -6.0928368093672927e-02, 1.3326069662921177e+03,
       8.0332850031622784e+03, -3.7802430955275815e+02,
       1.0859900251455633e+03, 1.0815468951251593e+02,
       8.8766226936190336e+01, 2.2729922913252611e+01,
       -5.2687291120205348e-01, -1.7900734767323631e-01,
       -5.8475537318988922e+00, 1.3992813701437423e+00,
       1.0171125173208264e+00, 2.0691562651941256e-01,
       3.0798966200885725e-01, 8.5147293369319033e-01,
       2.1456327537820384e+03, -3.7802430955275781e+02,
       2.7327194087720522e+03, 9.4401563849796261e+01,
       1.3198745257509691e+01, -5.2973594140046501e+01,
       3.0249307603901006e+01, -4.5105182700067159e+00,
       -4.5787329917986486e-01, 6.1106388648052974e+00,
       9.9066833838061641e-02, -2.3104600757028274e-01,
       8.3793507859934335e-02, 5.7189875256595440e-02,
       1.1145279476823364e-01, -4.5828682775011839e+02,
       1.0859900251455633e+03, 9.4401563849796261e+01,
       1.7283419521230990e+03, -1.7255992731272093e+02,
       -1.9955473940424244e+02, -3.9631130888731425e+00,
       7.2215849345436434e-01, 2.1954992918128560e+00,
       -4.8856816228720640e-01, 1.2003526515241221e-01,
       -4.0076013296376461e-01, -1.3368818898763782e-01,
       -2.1998382249563839e-01, -5.4941414341001327e-01,
       -4.8007457820623199e+02, 1.0815468951251593e+02,
       1.3198745257509684e+01, -1.7255992731272090e+02,
       1.9694860763721300e+02, 1.1648277089258685e+00,
       -8.8418789645427900e+00, -5.4168567030030266e+00,
       2.7965529996253395e+00, -6.3083694728742934e-01,
       4.0880446536645293e-01, -4.1782540918979920e-02,
       3.4325299210378066e-02, 6.0662510410996018e-02,
       1.9264108365354415e-01, 2.8897589506636825e+02,
       8.8766226936190350e+01, -5.2973594140046494e+01,
       -1.9955473940424247e+02, 1.1648277089258678e+00,
       1.0163325371361174e+02, 8.3513948816148140e+00,
       -4.3770636393461357e+00, -6.3003076722545104e-01,
       -2.0196750665593130e-01, 2.8698847264267568e-01,
       7.3507848452513999e-02, 3.5914392086664202e-03,
       3.7516938428581913e-02, 2.7257481827309714e-02,
       -7.7807238198371053e+01, 2.2729922913252611e+01,
       3.0249307603900991e+01, -3.9631130888731394e+00,
       -8.8418789645427882e+00, 8.3513948816148122e+00,
       2.2153004452174073e+01, -2.7709964995159893e+00,
       -2.8983612835019508e+00, 3.1538711574795614e-01,
       8.5406847709585704e-02, 3.5582249554001820e-02,
       -3.3153862393798916e-02, 1.8866109710856318e-03,
       -1.3911366055613456e-02, 4.9568734421440453e+01,
       -5.2687291120205371e-01, -4.5105182700067159e+00,
       7.2215849345436478e-01, -5.4168567030030266e+00,
       -4.3770636393461366e+00, -2.7709964995159879e+00,
       1.3882730503276264e+01, -2.1879118443003165e+00,
       5.5296315759369974e-01, -1.9377213374883011e-02,
       -1.8886449908364383e-02, -1.1897681563698448e-02,
       1.0172730785538930e-03, 1.1611169421759177e-02,
       1.5052046263510139e+01, -1.7900734767323578e-01,
       -4.5787329917986502e-01, 2.1954992918128560e+00,
       2.7965529996253387e+00, -6.3003076722545104e-01,
       -2.8983612835019508e+00, -2.1879118443003165e+00,
       1.5323319462195608e+00, -1.1796366052655223e-01,
       -3.7901508679318970e-02, 3.9494884069573152e-03,
       -1.7028494110127499e-02, -3.7652389130620129e-03,
       -5.4255822484523982e-04, 2.3351865926761244e+00,
       -5.8475537318988939e+00, 6.1106388648052956e+00,
       -4.8856816228720662e-01, -6.3083694728742901e-01,
       -2.0196750665593147e-01, 3.1538711574795614e-01,
       5.5296315759369963e-01, -1.1796366052655220e-01,
       3.2285313982227420e-01, 6.2751005443356994e-03,
