%YAML:1.0
means: !!opencv-matrix
   rows: 15
   cols: 5
   dt: d
   data: [ 2.4392363001740981e+02, -4.7311213944041617e+00,
       1.7117540882319243e+01, 1.2781753459630931e+01,
       -1.8577833693303774e+01, -7.2610360421691054e+00,
       6.3866543275153660e+01, -4.3425381547862813e+01,
       -4.5089521492145600e+01, 4.5772292337376417e+00,
       -1.8840516799367262e+02, -7.1634711909323485e+01,
       4.5625796144780885e+01, 1.9502971700241350e+01,
       -2.3469998424451184e+01, 1.2410954916146800e+02,
       -3.1109954737990408e-01, 5.1240235305325342e+01,
       -1.6102439442779417e+01, 8.1531649628690541e+00,
       -1.0705699106109307e+02, -3.3235948523400666e+01,
       1.4842455478909541e+01, 1.5447732157607058e+01,
       1.1974677918118299e+01, 9.7734110784854536e+01,
       -4.5171603967601456e+01, -2.3232549298290333e+01,
       3.8148332578797309e+01, -2.7132274340242805e+01,
       3.3473535858972816e+01, -1.0820907410332892e+02,
       -3.1307749158848271e+01, -3.4704254513894391e+01,
       1.1249142731383575e+01, -2.8160090800972370e+01,
       1.8374219631100326e+02, 4.0187195435803034e+00,
       7.1142331360606006e+00, 8.9296800067453308e+00,
       1.1015689218781983e+01, -1.7508371320946470e+01,
       -2.0454248825096581e+01, 4.2255414888471847e+01,
       6.1018281267985079e+00, 1.4788684776710880e+02,
       -2.6846157822046141e+01, -6.0110427952679935e+01,
       -2.0980135195182131e-01, -1.0813051373928959e+01,
       -3.3149814311163652e+01, -4.4672505851080857e-01,
       8.4306351096948902e+01, -1.8755907621858768e+01,
       9.1387304084941228e+00, 9.6618322548014191e+01,
       1.2912901206294782e+02, -3.2546011823875787e+01,
       3.2481933709100126e+01, -8.1950031847214682e+00,
       7.0352214407256398e+01, 1.0556703560118089e+02,
       2.3309689247686784e+01, -6.7363961646214335e+01,
       -1.5155859414189845e+01, -1.6123676837183541e+02,
       6.3798577731816707e+01, 1.2437554409750923e+01,
       -3.9664463069693007e+01, -5.9310184834827426e+00,
       -5.4057032680395452e+00, -1.2195607653874107e+02,
       1.2209671451562523e+01, 4.9100921043068993e+01,
       2.6886331575183664e+01 ]
covs: !!opencv-matrix
   rows: 75
   cols: 5
   dt: d
   data: [ 3.0427020638185018e+03, 4.7141826081465842e+02,
       -2.8608821118537554e+02, -5.3559232772343455e+02,
       3.0630570770746732e+02, 4.7141826081465837e+02,
       7.4678824916338999e+03, 5.5349279232016431e+02,
       1.8509647110581152e+03, 7.9038286718644557e+01,
       -2.8608821118537560e+02, 5.5349279232016431e+02,
       5.2755727926055602e+02, 4.7242034551972984e+02,
       -7.8660292872028151e+01, -5.3559232772343455e+02,
       1.8509647110581152e+03, 4.7242034551972978e+02,
       1.6961603131443721e+03, -4.3775645368760316e+01,
       3.0630570770746743e+02, 7.9038286718644557e+01,
       -7.8660292872028165e+01, -4.3775645368760308e+01,
       7.0567698516774897e+01, 5.8111456824785610e+03,
       -8.7938676458685131e+02, 1.2861240308424342e+03,
       7.0315867114286590e+01, -9.3059757302362684e+01,
       -8.7938676458685131e+02, 3.7651234322820069e+03,
       1.2183638887962671e+01, 1.0236197466521045e+03,
       -2.5202872876080605e+01, 1.2861240308424337e+03,
       1.2183638887962681e+01, 1.8947314889325360e+03,
       2.4373635487326396e+01, 1.2754221589778456e+02,
       7.0315867114286590e+01, 1.0236197466521045e+03,
       2.4373635487326393e+01, 1.4949318086315811e+03,
       2.0115920210564602e+02, -9.3059757302362669e+01,
       -2.5202872876080615e+01, 1.2754221589778456e+02,
       2.0115920210564602e+02, 1.9350984907440585e+02,
       5.6911674516612911e+03, -1.1709326914563057e+03,
       3.0165362750677714e+03, -3.8230040093655003e+02,
       -1.7272719932587381e+02, -1.1709326914563057e+03,
       8.9933899384786146e+03, 6.2895844544842441e+02,
       1.3234568407228410e+03, 7.1227104660385487e+02,
       3.0165362750677714e+03, 6.2895844544842475e+02,
       2.3499425532736236e+03, 5.4264883549428973e+01,
       -7.7363341240580723e+01, -3.8230040093654998e+02,
       1.3234568407228410e+03, 5.4264883549428923e+01,
       2.2672943203276909e+03, -3.0566360126492805e+02,
       -1.7272719932587384e+02, 7.1227104660385487e+02,
       -7.7363341240580723e+01, -3.0566360126492805e+02,
       2.0270293177868643e+02, 3.1344390767484069e+03,
       -6.4371064816344904e+02, -5.1610375586591874e+02,
       3.3036498675581402e+02, -3.0635467647092111e+02,
       -6.4371064816344926e+02, 8.3315937662798569e+03,
       2.6154582025014633e+02, -2.4463758934527146e+01,
       -7.6850767383808346e+01, -5.1610375586591874e+02,
       2.6154582025014633e+02, 6.9746810894878627e+02,
       5.8854759961944785e+02, 2.0538507611746587e+02,
       3.3036498675581402e+02, -2.4463758934527178e+01,
       5.8854759961944785e+02, 2.7240251419395004e+03,
       9.8078916424316674e+01, -3.0635467647092111e+02,
       -7.6850767383808346e+01, 2.0538507611746584e+02,
       9.8078916424316674e+01, 2.9050676614067100e+02,
       7.6816484753940831e+03, 1.3846981041803940e+03,
       1.3650825579418811e+03, -9.2909774555256445e+02,
       8.9389611745125660e+02, 1.3846981041803940e+03,
       6.6328084298756985e+03, 1.5852208658600401e+02,
       2.3080534106576997e+03, 6.3029719503078422e+02,
       1.3650825579418809e+03, 1.5852208658600395e+02,
       2.0846028973456951e+03, 1.5044846296921045e+02,
       -4.1734540583226465e+02, -9.2909774555256467e+02,
       2.3080534106576997e+03, 1.5044846296921054e+02,
       1.5648045692513174e+03, -1.3435411543292636e+02,
       8.9389611745125660e+02, 6.3029719503078422e+02,
       -4.1734540583226453e+02, -1.3435411543292633e+02,
       4.1734283332320103e+02, 3.9767814706108488e+03,
       -1.4241822519601138e+02, 2.8183397744167496e+03,
       -8.0985401040961995e+02, -8.1734521244205155e+01,
       -1.4241822519601132e+02, 5.0433070312633417e+03,
       8.7134693569677449e+02, 2.6731303543137119e+03,
       -4.1035197428098535e+01, 2.8183397744167492e+03,
       8.7134693569677449e+02, 2.4801770090339783e+03,
       -1.2077031730288012e+02, -9.4666916535917721e+01,
       -8.0985401040961995e+02, 2.6731303543137119e+03,
       -1.2077031730288007e+02, 1.7512488290956073e+03,
       6.9068525663302864e+01, -8.1734521244205155e+01,
       -4.1035197428098527e+01, -9.4666916535917721e+01,
       6.9068525663302893e+01, 3.5591570525521703e+01,
       7.1452865359012840e+03, -8.0941010624356147e+02,
       1.7113389027977096e+03, 7.7657941440782476e+00,
       -7.1654865992245379e+02, -8.0941010624356113e+02,
       4.4286061307979235e+03, -6.7212899133739108e+02,
       -1.5017622557639945e+03, 4.2757359817230665e+01,
       1.7113389027977096e+03, -6.7212899133739097e+02,
       2.2348714045517377e+03, -1.5528504468811735e+02,
       9.4864769422288887e+01, 7.7657941440782228e+00,
       -1.5017622557639945e+03, -1.5528504468811732e+02,
       1.1615179292700780e+03, -7.3186134399164445e+01,
       -7.1654865992245368e+02, 4.2757359817230700e+01,
       9.4864769422288887e+01, -7.3186134399164402e+01,
       3.8499732104812773e+02, 8.4708840486369281e+03,
       -6.1805292200203860e+02, 2.0641287200836200e+03,
       -5.6952578116595646e+02, 1.3117998115391060e+02,
       -6.1805292200203849e+02, 3.2279275065973857e+03,
       -2.9762566372329195e+02, -1.6571619274218457e+02,
       -3.1530425077197481e+02, 2.0641287200836200e+03,
       -2.9762566372329195e+02, 2.3439770540062887e+03,
       -4.7810260947261179e+02, 1.1797680875777605e+01,
       -5.6952578116595646e+02, -1.6571619274218460e+02,
       -4.7810260947261179e+02, 5.2329226156380810e+02,
       1.5642785602372987e+02, 1.3117998115391060e+02,
       -3.1530425077197481e+02, 1.1797680875777599e+01,
       1.5642785602372984e+02, 2.3015279851664246e+02,
       5.7078650659109744e+03, -5.1160864144883101e+02,
       1.1373965468164681e+03, 2.8370445499280402e+02,
       -3.8265441782358835e+02, -5.1160864144883078e+02,
