%YAML:1.0
means: !!opencv-matrix
   rows: 15
   cols: 8
   dt: d
   data: [ 1.0440086795272121e+01, -2.1138658647512781e+01,
       -3.7541891987645823e+00, -2.4006621733472939e+00,
       -7.6934248104522078e+00, -1.3977480564764441e+01,
       -1.5777428890046341e+00, 1.1182600676192929e+00,
       2.5511233440451637e+01, 1.2506483347800592e+02,
       -2.6339996318712565e+01, -5.3562152176677195e+01,
       -8.3209168339737989e+00, 1.2333311660284534e+00,
       2.1015839460590566e+00, -3.2800786315875768e-01,
       -1.0237781948236639e+01, -1.9081373124644134e+01,
       8.3002014734036287e+00, 3.3365485757327482e+00,
       3.2107162056845951e+01, 1.5704342201160963e+00,
       1.2259505008469158e+00, -7.8190750473126258e-01,
       7.6983136860222515e+01, 2.9859664726162816e+01,
       -5.8671031466884394e-01, 5.3505492355051175e+01,
       1.0759137908561364e+01, 2.8743522432763974e-01,
       1.8610037045568092e-01, -3.2437132093271442e-01,
       -1.5276892748596424e+02, -6.2758822558863514e+01,
       4.2717136519047870e+01, 2.6976497110315549e+01,
       -1.8138647741881165e+01, 1.3376123895731558e+01,
       -6.6942686631995418e-01, 1.1015904296328243e+00,
       9.9229224475606571e+01, -4.6081004634294182e+01,
       -2.2045787687921639e+01, 3.6358714388330270e+01,
       -2.7593355673171200e+01, 2.3490131830799903e+01,
       1.1418895480978566e+00, 1.3300819477552326e+00,
       8.8634741425165124e+00, -1.6868372724055880e+02,
       1.5359152128752488e+01, 5.9313744313051920e+01,
       1.9290820914569483e+01, -9.7856377176898377e+00,
       -7.9915661738470556e-01, -2.0319852411852306e+00,
       -1.5246054187795798e+02, -1.1323644824353273e+01,
       3.9725223487384440e+01, -6.5035921465950768e+00,
       1.0628107232607613e+00, 4.8457779843530711e+00,
       7.3044682965651242e-01, 9.5785824891336036e-01,
       1.1784702618289515e+02, 4.4233769039603899e+01,
       -3.3831052871536279e+01, -7.4170695932772022e+00,
       -6.9239918006047141e+00, -1.1912277584671200e+01,
       -3.5258731350434696e+00, 2.4114305222621982e-01,
       1.5602213014918749e+02, 3.2824969635894327e+01,
       -4.4891363193854161e+01, 2.4376920569133032e+00,
       -9.7041033847993194e+00, -3.3796586062430869e+00,
       9.3173483332294715e-01, -3.9173340103969656e-01,
       9.3520105059311049e+01, -6.3912545811701193e+01,
       -1.5770183093620396e+01, 4.6930852766367948e+01,
       -2.4311253777701669e+01, 1.1003992953260800e+01,
       1.5177929599486659e+00, -6.1150764558399273e-01,
       -1.5828338177686115e+02, -1.2362882302926664e+02,
       5.0357646671149276e+01, 3.4432422972410187e+01,
       -2.7297841490242522e+01, -2.1944163981314233e+01,
       -4.4108942546074505e+00, -1.5694225252885647e+00,
       -3.4771658402625306e+01, 9.3851911136705255e+01,
       -1.7787105569547837e-01, -4.2430604265851855e+01,
       1.0413893047112085e+01, 5.9393379113802469e-01,
       3.0630458102337121e-01, 1.9434719837242045e-01,
       8.4120410967487629e+01, -9.7252289882078728e+01,
       -2.0195850048087610e+01, -1.6665094370002286e+01,
       7.4561037103883256e+00, 5.6690777937632832e+00,
       4.5857489714273048e-01, -2.6773391124212548e-01,
       -1.5869365563044317e+02, 8.5014468191702889e+01,
       2.2451803124851928e+01, -4.4940391241739476e+01,
       -1.2732223437836979e+01, -9.1282256820772094e+00,
       -7.4536563912820830e-01, -2.4364197556669860e-03 ]
covs: !!opencv-matrix
   rows: 120
   cols: 8
   dt: d
   data: [ 6.0744099679302462e+03, -5.9377855069982058e+02,
       3.0004331791692166e+03, -7.5365153310470578e+02,
       2.2921635894081023e+00, -1.6574730819388134e+02,
       -6.4286049611297486e+01, 6.6701192056292697e+01,
       -5.9377855069982036e+02, 1.4235832243876304e+04,
       1.9849219728830342e+01, -4.7915620946737857e+02,
       -1.0425360667456394e+02, 5.1678473927830294e+02,
       6.1747118635337237e+01, -9.5367366777799646e+01,
       3.0004331791692166e+03, 1.9849219728830306e+01,
       2.3983636410641129e+03, 3.0191325998461821e+02,
       -1.0875294255828740e+02, -1.3335427111249064e+01,
       2.0268757187864654e+01, -2.0844782012207649e+01,
       -7.5365153310470578e+02, -4.7915620946737852e+02,
       3.0191325998461826e+02, 2.7679176660078570e+03,
       7.9421715790802310e+01, -2.0165519194286625e+02,
       -5.5720589691379212e+00, 4.3862095460199079e+01,
       2.2921635894081009e+00, -1.0425360667456394e+02,
       -1.0875294255828743e+02, 7.9421715790802310e+01,
       7.7872899665553618e+01, -5.3985271910761533e+01,
       -2.3008536323881653e+01, 2.9559821454239369e+01,
       -1.6574730819388131e+02, 5.1678473927830294e+02,
       -1.3335427111249075e+01, -2.0165519194286631e+02,
       -5.3985271910761533e+01, 2.1473718133204818e+02,
       -1.8409807242202741e-01, -3.6065668669622660e+01,
       -6.4286049611297500e+01, 6.1747118635337223e+01,
       2.0268757187864640e+01, -5.5720589691379239e+00,
       -2.3008536323881653e+01, -1.8409807242202814e-01,
       3.1030602755248776e+01, -6.5032428657578709e+00,
       6.6701192056292697e+01, -9.5367366777799646e+01,
       -2.0844782012207649e+01, 4.3862095460199079e+01,
       2.9559821454239369e+01, -3.6065668669622660e+01,
       -6.5032428657578691e+00, 2.7436974041006451e+01,
       6.8955432603627496e+03, -7.6880440544102828e+02,
       2.6303883770659472e+03, -5.8115421036912448e+02,
       5.4704438703679742e+01, -7.4126193283936544e+01,
       -2.3866229028180694e+01, 4.3952968696522817e+01,
       -7.6880440544102851e+02, 6.5353194629749032e+03,
       8.4966421893057350e+02, 2.4773071467080968e+03,
       -1.7580159219377482e+00, 4.1377637277054603e+01,
       -9.8255881693970551e+01, 1.2119019521626592e+01,
       2.6303883770659472e+03, 8.4966421893057361e+02,
       2.6142506430744579e+03, -1.7443270724692624e+02,
       -1.2417522725006691e+02, -4.9388115608801947e+01,
       1.9698568634799447e+01, -1.3660772779921007e+01,
       -5.8115421036912448e+02, 2.4773071467080968e+03,
       -1.7443270724692624e+02, 1.7518719364621566e+03,
       7.1814751484044933e+01, -1.3489980586828497e+02,
       3.3396009036113050e+01, 1.9231454423730078e+01,
       5.4704438703679749e+01, -1.7580159219377476e+00,
       -1.2417522725006691e+02, 7.1814751484044933e+01,
       4.9394639092569072e+01, -8.2124833369490400e+00,
       -5.9054259250734278e+00, 1.2658849290773522e+00,
       -7.4126193283936544e+01, 4.1377637277054617e+01,
       -4.9388115608801947e+01, -1.3489980586828497e+02,
       -8.2124833369490382e+00, 4.3099500613595850e+01,
       -2.0895617032894727e+01, -2.0389387377239556e+00,
       -2.3866229028180701e+01, -9.8255881693970551e+01,
       1.9698568634799447e+01, 3.3396009036113057e+01,
       -5.9054259250734278e+00, -2.0895617032894730e+01,
       1.9511869283320195e+01, 2.3835510984367622e-01,
       4.3952968696522817e+01, 1.2119019521626596e+01,
       -1.3660772779921002e+01, 1.9231454423730078e+01,
       1.2658849290773528e+00, -2.0389387377239556e+00,
       2.3835510984367608e-01, 1.6465094691318090e+01,
       5.2929846632237050e+03, -3.7355975137963355e+02,
       2.9386631403841766e+03, -8.9702390346462778e+02,
       -1.2085549029712107e+02, -1.6632948472698078e+02,
       5.0695310680543626e+00, 7.7601088120841482e+00,
       -3.7355975137963355e+02, 7.0060133576542803e+03,
       4.4442263995183396e+02, 1.6840469877026601e+03,
       -1.1423434434680317e+02, -1.6518926815691239e+02,
       -4.5533908190998410e+01, -2.7963102261624098e+01,
       2.9386631403841766e+03, 4.4442263995183396e+02,
       2.4713776011446521e+03, 1.0753950719223127e+01,
       -7.6509349698159141e+01, 4.1321467525869117e+01,
       1.1391959908767975e+01, 2.8315060934570959e+00,
       -8.9702390346462778e+02, 1.6840469877026601e+03,
       1.0753950719223148e+01, 1.9117027453199346e+03,
       5.9710385914392980e+01, 3.0318126815987782e+01,
       1.9758137189776953e+01, 1.4156496575640400e+01,
