%YAML:1.0
means: !!opencv-matrix
   rows: 30
   cols: 3
   dt: d
   data: [ -1.1221367646044528e+02, -1.3129951248471858e+02,
       4.9304404397500846e+01, 7.2399574914940658e+01,
       -5.8367829133187961e+01, -4.2800967440114448e+01,
       6.7814001928101337e+00, 3.1197168581161947e+01,
       -7.8269161699040055e+01, -2.5301778590874528e+02,
       1.7888233183256968e+01, -2.8757201006349451e+01,
       1.4121156485885342e+02, 5.5738787362520675e+01,
       -7.6425679874124492e+00, 3.1226121979020707e+01,
       5.4993117347654419e+01, 3.1573545405790686e+01,
       8.4368320905201557e+01, -1.8017491872674686e+01,
       8.2164859180939331e+01, -1.5598862802620482e+02,
       -1.6880152414725288e+01, 2.8739887555007211e+01,
       -1.1403180129012783e+02, -8.4343719054921621e+01,
       -5.3190903582086634e+01, 1.9069620132052029e+02,
       -2.0906023144325271e+01, 4.7417085300081766e+01,
       -2.7641103304534039e+02, 6.4637147021481695e+01,
       -4.6687434726578827e+00, -1.5159012015516092e+02,
       4.6812118372278519e+01, 8.3138151407786424e+01,
       -2.0287332670875284e+02, -1.3405683114808323e+02,
       -2.2274030681435722e+01, 1.2835443639968945e+01,
       -2.6884809885332253e+01, -9.9616879456387522e+01,
       7.0504887845922113e+01, 4.3739901725830556e+01,
       -5.3003955675732030e+01, -5.7706628053542751e+01,
       1.1042508218308019e+02, -3.9897827334314236e+01,
       -2.0746970034684807e+02, 9.9663709546576968e+01,
       2.9153192471181004e+01, -1.0706185474980640e+02,
       1.2435600731228452e+02, 5.5261176211108939e+01,
       4.7881576560956063e+01, -1.1244428672178428e+02,
       4.9729315696632753e+01, 1.6770578800073392e+02,
       -9.3731212684727268e+01, 1.2325088128784703e+01,
       -7.2391632651526820e+01, 1.3411246238614202e+01,
       -5.0743466524388865e+01, -2.8320278953101358e+01,
       -2.5222072452720429e+01, 1.3111121699676769e+01,
       -5.0548298970787961e+01, 3.8317151665320914e+01,
       1.0250164911090116e+02, 1.0492733239389179e+02,
       1.3549952955688465e+02, 4.5146431521012701e+01,
       1.8617043911844971e+02, 5.1642588586106626e+01,
       2.6043145040950332e+01, 1.3150648339647989e+02,
       -3.1062801887028414e+01, 1.0494524814967541e+01,
       2.9365606011049184e+01, 1.5286963376335439e+02,
       -1.0079370026017342e+01, 1.4235811389911076e+01,
       -1.4338942050255960e+02, -2.7184066812078861e+01,
       1.0247383583178929e+02, 1.1403407015806059e+02,
       -3.0414405022667395e+01, -6.9561489845426181e+01,
       -6.3689813672397740e+01, 9.1531232105736763e+01 ]
covs: !!opencv-matrix
   rows: 90
   cols: 3
   dt: d
   data: [ 2.3621121367737001e+03, 5.5248879303504793e+02,
       1.1906749633878815e+03, 5.5248879303504782e+02,
       4.2743049456670560e+03, -1.1033925606938931e+02,
       1.1906749633878815e+03, -1.1033925606938935e+02,
       9.4537294979051853e+02, 2.2957935627426350e+03,
       -3.4159874193071153e+02, 4.0655682248724759e+01,
       -3.4159874193071158e+02, 2.3077194409808594e+03,
       -1.3959093050320019e+01, 4.0655682248724759e+01,
       -1.3959093050320028e+01, 1.3508176183318171e+03,
       5.4387087087819839e+02, -5.1874530678551700e+01,
       3.6669841388790979e+02, -5.1874530678551679e+01,
       6.4067693988788096e+03, -2.9404331624994210e+01,
       3.6669841388790979e+02, -2.9404331624994231e+01,
       4.6607047011863460e+02, 3.2036872250004044e+03,
       6.7730124501905141e+02, 9.3884648403755435e+01,
       6.7730124501905152e+02, 7.6487297272834940e+03,
       1.0289180052991492e+02, 9.3884648403755449e+01,
       1.0289180052991489e+02, 1.8992611102698098e+02,
       1.9107776354311716e+03, 5.8247151112770553e+02,
       -1.2700764319686010e+02, 5.8247151112770541e+02,
       1.9412288425989564e+03, 1.6418654880696610e+02,
       -1.2700764319686010e+02, 1.6418654880696610e+02,
       1.0066829621574803e+03, 1.9821878317664502e+03,
       -2.3605943699573172e+02, 1.2182174667829674e+03,
       -2.3605943699573172e+02, 8.5772993355902672e+03,
       1.6970138849220703e+02, 1.2182174667829674e+03,
       1.6970138849220706e+02, 9.8597834355629948e+02,
       1.8996239235268456e+03, 5.8963702891040236e+02,
       -3.6552548383397254e+02, 5.8963702891040225e+02,
       8.7847380464311300e+03, 4.5247401401385460e+01,
       -3.6552548383397249e+02, 4.5247401401385481e+01,
       2.2975896986517441e+02, 4.2446250428656467e+03,
       1.2716626815363709e+03, 1.2104220312266461e+03,
       1.2716626815363709e+03, 3.9449463959186714e+03,
       6.8478400934918284e+01, 1.2104220312266461e+03,
       6.8478400934918270e+01, 1.2173837589711316e+03,
       2.9037629291977833e+03, -9.8173682140135270e+02,
       -2.5086389330214868e+02, -9.8173682140135259e+02,
       5.9151585623765341e+03, 7.1931394451569497e+02,
       -2.5086389330214868e+02, 7.1931394451569497e+02,
       5.3099639106129143e+02, 2.9079756851477382e+03,
       7.8111005249597952e+02, -5.6423908048724684e+02,
       7.8111005249597974e+02, 7.9566518971232108e+03,
       8.6451931606722177e+00, -5.6423908048724695e+02,
       8.6451931606722248e+00, 2.2871642285334826e+02,
       1.5620746329075064e+03, 1.1118128398150448e+01,
       4.2366313436459541e+02, 1.1118128398150443e+01,
       8.3611939443422361e+03, -5.9759570174761723e+02,
       4.2366313436459541e+02, -5.9759570174761723e+02,
       4.5566989076765742e+02, 1.6721763603805707e+03,
       1.5070776587178138e+03, 5.7198396095228804e+02,
       1.5070776587178138e+03, 7.9844938627620031e+03,
       5.0885933932421040e+02, 5.7198396095228782e+02,
       5.0885933932421040e+02, 5.4965793633081546e+02,
       2.2649818935766029e+03, 7.2801488409418801e+02,
       6.2329671292031344e+02, 7.2801488409418812e+02,
       3.6037317810264599e+03, 3.4774586313246556e+02,
       6.2329671292031344e+02, 3.4774586313246556e+02,
       5.3122288295848875e+02, 2.3002724442154426e+03,
       8.3959534013503969e+02, -3.7538782603894197e+02,
       8.3959534013503969e+02, 6.4534420556404339e+03,
       1.1714596071769000e+02, -3.7538782603894202e+02,
       1.1714596071769000e+02, 4.3106118012138722e+02,
       1.4050229865932513e+03, -2.0074787226048556e+02,
       1.4685579864389970e+01, -2.0074787226048562e+02,
       2.8139449737974869e+03, -6.5893910388469374e+02,
       1.4685579864389970e+01, -6.5893910388469385e+02,
       1.4497451543327766e+03, 1.5197834885863260e+03,
       -2.5941785378597689e+02, 2.1228885450355673e+02,
       -2.5941785378597683e+02, 3.1659264112895280e+03,
       -4.0038754498077259e+02, 2.1228885450355673e+02,
       -4.0038754498077259e+02, 5.6187938134082117e+02,
       1.4417039904840174e+03, 2.4090490887024626e+02,
       4.3186321919091159e+02, 2.4090490887024635e+02,
       4.7022859488964723e+03, -9.3193428118806736e+01,
       4.3186321919091159e+02, -9.3193428118806750e+01,
       7.1799109327677206e+02, 2.7375450995021538e+03,
       -4.5665966277065468e+02, 5.3267054137366267e+02,
       -4.5665966277065468e+02, 1.9884051958154816e+03,
       5.1321004760076062e+02, 5.3267054137366267e+02,
       5.1321004760076062e+02, 1.0995954180169633e+03,
       3.4214967633219276e+03, -3.6122035837712127e+02,
       -2.8536909154660344e+02, -3.6122035837712127e+02,
       5.0767422305633108e+03, 9.6994479821400674e+01,
       -2.8536909154660344e+02, 9.6994479821400688e+01,
       4.9305181540114904e+02, 2.8117579269961316e+03,
       9.0142348590937559e+02, -8.8504843646682147e+01,
       9.0142348590937559e+02, 2.7876446719952473e+03,
       5.2060870289163141e+01, -8.8504843646682147e+01,
       5.2060870289163141e+01, 5.2290454195559460e+02,
       2.6498993906896144e+03, -1.1332583734953182e+03,
       -4.2643376855347455e+01, -1.1332583734953180e+03,
       3.9923325947969888e+03, 4.3120766580233877e+01,
       -4.2643376855347462e+01, 4.3120766580233877e+01,
       4.8371199764325871e+02, 2.7250192620862554e+03,
       1.2835960349762738e+03, 1.0135027603833220e+03,
