%YAML:1.0
means: !!opencv-matrix
   rows: 23
   cols: 10
   dt: d
   data: [ 5.3928493791645229e+00, 9.0042000954236400e+01,
       -1.2300207649106730e+01, -4.2555248572346045e+01,
       1.3091631082402817e+01, -3.3255510909078505e+00,
       1.5625099559437119e+00, 1.8846823062363524e-01,
       -4.0802956588513539e-01, 7.2516104055745916e-03,
       2.9484563722432199e+01, -1.5808662006759985e+01,
       -2.3108488412992276e+01, 3.5384621203689832e+00,
       2.5111029491893195e+01, -7.7250213810824828e+00,
       1.4712517881453704e+00, -9.7139045679522207e-01,
       -6.3200162023529183e-01, 6.5315529025478103e-02,
       4.2919455244390441e+01, -2.1715008515625527e+01,
       2.6863999137471288e+00, 8.7424563351679687e+00,
       2.9409133923646831e+01, -1.0440523785344986e+01,
       -3.6473291340791354e+00, 2.3598113015547670e+00,
       4.3890398666633521e+00, 1.6213987362811828e+00,
       2.5801744871576723e+01, -2.7566818161665740e+01,
       -1.0378094299803704e+01, 1.6180162351125659e+01,
       -1.3748405439141374e+01, -2.2935597248842186e+00,
       6.3439245388469057e-01, -3.4626746517901447e-01,
       -1.0542049779744433e+00, 1.6760301466410790e-01,
       -7.9523369755209032e+01, 1.0437757062360328e+02,
       4.9240124124891729e+00, -5.3725843778946185e+01,
       2.5048767139806003e+00, 5.2028078902114583e+00,
       1.6614157172851030e+00, -2.7266635270780398e-01,
       -1.7819574372503705e-01, -9.7170512766392644e-02,
       -1.7020558588948410e+02, 3.7390982048734301e+01,
       3.6919386717301904e+01, -2.6903855990688779e+01,
       -3.8095426819692211e+00, -2.1577134790605879e+00,
       4.5606113759828160e-01, 1.0818227017931350e+00,
       -1.1522042829485948e+00, -2.6596841622119172e-02,
       3.5118477136062339e+01, 1.2788844137706722e+02,
       -2.8023115151979997e+01, -5.2363899341112393e+01,
       -8.8391826170364727e+00, 1.7074137433891194e+00,
       2.2463104095892072e+00, -1.8476380138226597e-02,
       -2.2962659538121180e-01, -1.3521718623375176e-01,
       2.7003604903786648e+01, -3.0902862949725151e+01,
       -1.9250721270143355e+01, 2.5420740913572210e+01,
       1.7060498348593082e+01, 6.7077634506015915e+00,
       7.0322009079022418e-02, -6.3371198491548808e-01,
       -3.8963968403232502e-01, 7.3454958811584023e-02,
       3.9374383065071150e+01, -1.9307426726358091e+01,
       -1.2080174760844161e+01, -1.4899018394349387e+01,
       2.6207007320591380e+00, -2.3178173879460225e+01,
       -5.0852984124363054e+00, 5.4008565206609145e+00,
       6.4236021038468429e+00, -2.1604607308767818e+00,
       -2.9767369985218735e+01, -4.3503858152914255e+01,
       2.2332213225204097e+01, 1.7827568194705155e+01,
       2.8400003114263672e+01, 1.3370814177052917e+01,
       1.9564329809386103e+00, -2.6878542948533191e-01,
       1.7073918799285248e-01, -4.3520218759114444e-02,
       1.1084713866122465e+02, 3.4425452739580273e+01,
       -3.6565889204274242e+01, -1.9331136623972318e+00,
       -7.4591117828957820e+00, -5.0043800998987313e+00,
       -1.2585384047662918e+00, -5.0389925082877818e-01,
       -5.8662267643505450e-01, 1.7271804358251105e-01,
       -1.5621644903859917e+02, -4.4932431769565511e+01,
       4.2570225469961976e+01, 1.4709610116704404e+01,
       -8.3290126655286141e+00, 9.3940346770115219e+00,
       5.7190398511313245e-01, 1.3098286796527150e+00,
       -7.5602948466176878e-01, -5.5183927423546386e-02,
       1.7664467093442815e+02, 2.2408073390080403e+01,
       -4.7020652410619242e+01, 9.0276725183338051e+00,
       -1.2280912214942189e+01, -7.7733685107591972e+00,
       2.2475934764612218e-01, 1.7140232450888548e-01,
       -9.2228592978021273e-01, -2.1260703981181159e-01,
       -7.7852619566899563e+01, -2.5179455106159676e+01,
       3.0118619104727077e+01, 3.7157587265291827e+00,
       2.0544525711909394e+01, 1.0569642103524259e+01,
       -3.1747089614145474e+00, 2.6110670088598409e-01,
       5.3129088401807962e+00, 5.0171106497555762e-01,
       1.3234456194067519e+02, -1.1012855026599157e+01,
       4.6071798327533848e+01, -6.7127595896184706e+00,
       1.0256297644748043e+01, 2.2223856076906410e+00,
       7.4321701743273894e-01, -6.0360407290414431e-01,
       -2.4240327671488854e-01, 7.6664232272874000e-02,
       1.7115811695684497e+00, -1.9230454165223395e+02,
       1.5191273173719456e+01, 6.6325706471657583e+01,
       1.0662223625908009e+01, -1.9989309711943090e+01,
       -1.7163157703543264e+00, -9.3662852662388929e-01,
       3.1102199650750040e-01, -1.2979606522068128e+00,
       9.9243334527024345e+01, -4.4716915038648153e+01,
       -2.1928563169105782e+01, 3.6931695443696512e+01,
       -2.7559248555873062e+01, 2.3492194848065797e+01,
       1.1164721417722552e+00, 1.3023142681813005e+00,
       4.9880861932429615e-01, 3.2668451561119721e-02,
       5.7792440877392515e+01, 3.8041964062909521e+01,
       -2.0870441609159599e+01, -2.5257503406571619e+01,
       -1.4352508083774209e+01, -1.0366692357382698e+01,
       -7.1286326399271696e+00, -4.7196712516628458e-01,
       6.1446821993126459e+00, 1.8866783762127202e+00,
       -1.4666545864681706e+02, 1.2014710534892271e+02,
       1.4464503619234502e+01, -5.2188922794363393e+01,
       -2.3812588628824717e+01, -4.4092194635684532e+00,
       -3.6664482486136701e-01, -4.5941197402050998e-01,
       -6.3674978609543331e-01, -3.7171591100233420e-01,
       -2.8021485855571502e+01, 9.4005313774428657e+01,
       1.1825767342642783e+01, -3.4255537228020188e+01,
       1.3497811480765108e+01, -2.9534891631603881e+00,
       -7.5172685696244059e+00, 8.6543788535937949e-01,
       4.2654330328061407e+00, 4.2984258083064988e-03,
       -1.9688329766024876e+02, -1.5118214979475409e+01,
       3.3285928831068574e+01, -1.6735796881587738e+01,
       -2.4568730986539964e+00, -8.4474481085002910e+00,
       -1.8402407703800918e+00, -3.8901549066032381e-01,
       3.9372393521229645e+00, 6.2370426758286268e-01,
       -1.7301289449879616e+02, -1.1251872121763049e+02,
       4.5411430596003903e+01, 4.0494919196200193e+01,
       -3.3616738143385064e+01, -1.5561657472091208e+00,
       -3.5339386715239955e+00, -9.8248801569045030e-01,
       -1.6668850813085370e-01, 9.8147969648226148e-03,
       -1.5549415614131883e+02, -1.1089753959055804e+02,
       4.7337845975809323e+01, 2.8007426119433770e+01,
       -2.0144139891493957e+01, -2.9052586158688111e+01,
       -5.5519608000344443e+00, -1.0479395180474675e+00,
       -1.9990887023913484e+00, 4.5861412597567353e-01 ]
