%YAML:1.0
means: !!opencv-matrix
   rows: 16
   cols: 9
   dt: d
   data: [ 1.1888943424660943e+02, -4.1847057152211789e+01,
       -3.2539089986747577e+01, 3.2507724983863213e+01,
       -3.1954996221714160e+00, 1.2965609957625169e+01,
       -5.9846533047242058e-02, 1.9918077789469171e+00,
       -7.3794036720782288e-02, -1.2874477296047573e+02,
       -3.5550841092101400e+01, 3.7553309203788444e+01,
       3.4998448497849694e+01, 6.3856184378484970e+00,
       2.0216799667104817e+00, -4.8787770272014885e+00,
       -5.0827594208536029e+00, -2.8352520495558009e+00,
       8.1800216734209357e+01, 1.5972795072127566e+01,
       -2.3858382817374384e+01, -3.2207149615799658e+01,
       -2.6418537902572208e+01, -1.9663874806062232e+01,
       9.5395964950068957e-01, -2.3488773193342443e+00,
       2.0011960798164932e-01, -1.9180322874801612e+02,
       8.5663464097687182e+01, 4.0560365958102558e+01,
       -4.8749745748005793e+01, -2.2036288784735767e+01,
       1.1527374451020226e+01, -2.6003173225913003e+00,
       1.9825307329251693e+00, 6.9163233011061054e-01,
       7.4198789181397125e+00, -6.4289629202157940e+01,
       1.8679203828715694e+00, 3.9846704763391742e+01,
       8.8795202115165957e+00, 6.5761768786070540e-01,
       1.4588467672213095e+00, -2.6499629891971893e-01,
       3.2119121789377925e-01, 4.6165973002246972e+01,
       2.7025754068839760e+01, -8.1360928984453000e+00,
       -9.3325404564289940e+00, 2.0367002941353689e+01,
       1.0646327871761212e+00, 6.9855228058892360e-01,
       1.2117685283432853e+00, 3.5267271491355062e-01,
       1.5462018107993373e+02, 1.2758055007976468e+01,
       -4.3266862590475540e+01, -3.6947631492906075e+00,
       -5.4533194997652679e+00, 1.2515022605427575e+01,
       -1.1481957517823091e+00, 1.2106410590574459e+00,
       4.8724300034150403e-01, 4.0147176423483472e+01,
       -7.9082128738096005e+00, -1.1438288145137109e+01,
       -4.2533607675273579e+00, -7.9938909547237422e+00,
       -4.9276732170616633e+00, 2.6532225734118429e-02,
       1.2983862426416914e+00, 6.1985107064398504e-01,
       -2.0703440755340796e+02, 2.1755977773104981e+01,
       4.3337446034623518e+01, -1.0025784002222533e+01,
       -1.1577743466508725e+01, 3.6206353982045694e+00,
       -2.2492627938719045e+00, -1.7116195757391346e+00,
       -6.5477481392835535e-01, 5.5256849253655318e+01,
       1.4730269581119510e+01, -1.5832188518855994e+00,
       -1.1420492759951497e+01, 7.1388442349503114e+00,
       1.9259947059783620e+00, -7.7561394259104199e+00,
       -3.9350291146685130e+00, -5.6124365781748198e+00,
       -1.3838947456488077e+02, -3.0676494093445051e+01,
       3.7653851160196602e+01, 2.3365039652538684e+01,
       -7.0070492877095181e-01, 1.2856929808236377e+00,
       1.5951050050935363e+00, 9.9109550169638161e-01,
       4.8549552191397666e-01, 1.8378426443914093e+00,
       1.2459206624254689e+02, 1.5351530313714543e+00,
       -7.0637091640081849e+01, 1.6196780302784290e+01,
       6.4718022734340304e+00, -4.8939275400331472e-01,
       9.3106545334827362e-01, 7.6916242996713180e-01,
       3.1355254014687720e+01, -9.7108660875445608e+01,
       -9.6250285782773233e+00, 6.9813644066377705e+01,
       -4.2329780824471390e+00, -1.5689545374937377e+00,
       2.1612517232697122e+00, -4.0329212754153010e-01,
       -8.3967056135660412e-02, 1.6192687641384634e+02,
       2.2724051785422397e+01, -4.2418296298754669e+01,
       -2.5047546614925718e+01, -1.1754922733725774e+01,
       8.9797788335006086e+00, 1.5631513054780681e+00,
       -1.8284559132499603e+00, -8.2021904837571835e-01,
       -6.5895688346819611e+01, 2.7990859232127619e+01,
       2.3076837734699286e+01, -2.4847096697025226e+01,
       2.0592859076031434e+01, -1.7004000443272567e+01,
       2.5301240623070145e+00, 1.5594838450636120e-01,
       1.6978504823996043e-01, -1.3746753035910308e+02,
       -1.0375694378913145e+02, 2.5597974270926535e+01,
       6.5124462263931107e+01, -1.6725443032188799e+01,
       -1.0752569677060189e+00, 1.8678747585932226e-01,
       -1.2592927973102250e+00, 7.5952933320949323e-01 ]
