%YAML:1.0
means: !!opencv-matrix
   rows: 18
   cols: 6
   dt: d
   data: [ -1.8576896388623419e+02, -2.2339425910788218e+00,
       4.0461574043166671e+01, -1.6068472967635213e+01,
       -7.3786432162795661e+00, -9.1785059785673599e+00,
       1.0015497122028577e+02, -4.9379587167381992e+01,
       -2.2116218373145678e+01, 3.5316829934191688e+01,
       -2.7282347272774590e+01, 2.3371194954482281e+01,
       1.4145224481668448e+01, -1.5542342226575759e+01,
       -7.8600033788402373e+00, -7.6553320947450154e-01,
       -1.0831033180490707e+01, -8.9223565111620395e+00,
       1.5991339829067408e+00, -3.9175804141328157e+00,
       -6.1318554996343773e+00, -1.1866868749835714e+01,
       3.1699110197298928e+01, -1.5008781407895150e+01,
       -1.2328928704549030e+02, 1.1847008522328713e+02,
       8.3033283196930547e+00, -5.7637454934748924e+01,
       -1.7577801630793740e+01, -1.6348916343300588e+00,
       4.1141748537692912e+01, 1.0967588803482118e+02,
       -2.8287825041009857e+01, -5.0180254166562428e+01,
       -6.8140520579779755e+00, -1.0595145858538850e+00,
       -6.4876190570998787e+01, 4.4617231182433983e+01,
       3.4207685258351759e+01, 3.9719571992857126e+01,
       2.4042636050016970e+01, 9.3957718701464046e+00,
       -6.1560161040403607e+01, -9.2759644860941464e+01,
       1.1924061748468324e+01, -2.6079892808994469e+01,
       2.3281771312888253e+01, 1.1405759308713069e+01,
       8.0207568923177561e+00, -1.5925506647945409e+02,
       1.6048724851198092e+01, 6.0343277876589831e+01,
       2.0886956625798319e+01, -1.0435144741712708e+01,
       1.4507052210526180e+02, -8.1066033533165964e+01,
       -4.7831112649508746e+01, -2.2461823682645910e+01,
       -1.3918754547191661e+01, 7.9129026056648066e-01,
       -3.8237369972643194e+01, 7.6952628597977338e+01,
       -4.1177259863213491e+00, -4.7477673460621915e+01,
       1.1224260939295201e+01, 1.1077258700679622e+00,
       1.9842516713666264e+01, 1.6738468919610276e+02,
       -2.5994270427524193e+00, 8.8138712307722464e+00,
       6.8975581039434228e+00, -1.0086277060743001e+01,
       3.8346428891677107e+01, -3.7089944682457741e+01,
       -1.8729208749009938e+01, 2.0914065083842861e+01,
       1.3764963158865170e+01, 6.1734335788424026e+00,
       1.6032701391596069e+02, 2.4713812662081729e+01,
       -4.5414802935898912e+01, 1.3769193159057643e+01,
       -1.0919863227675579e+01, -8.5370518914990914e+00,
       -1.8330061393625041e+02, -1.1332977031324207e+02,
       5.1113703623182126e+01, 3.7125752722312498e+01,
       -3.1829857036381402e+01, -9.3341422913234808e+00,
       1.2813888148714369e+02, -1.1226731853686697e+01,
       5.3522175944007493e+01, -1.6930896931732960e+01,
       1.4149784135232439e+01, -1.7109931090676265e+00,
       -1.3423930612366300e+02, -5.9633773053649762e+01,
       3.9073560346490531e+01, 2.8219861122780650e+01,
       -1.5106816221080235e+01, 1.8517387758095111e+01,
       9.6585384764004957e+01, -1.9836171690215416e+01,
       -1.8725356028929614e+01, 5.8373667932393857e+01,
       -2.5005632085920542e+01, 1.4194671340629894e+01 ]
covs: !!opencv-matrix
   rows: 108
   cols: 6
   dt: d
   data: [ 6.5143644050308403e+03, -1.3158079161949689e+02,
       2.9159196161019058e+03, -9.3928194817967608e+02,
       9.9800996132547382e+01, -8.5475269220997049e+01,
       -1.3158079161949701e+02, 8.6286542700767186e+03,
       5.5420639321683302e+02, 1.6150203151886726e+03,
       9.9724124589685800e+01, 8.1118783830924315e+01,
       2.9159196161019058e+03, 5.5420639321683302e+02,
       2.3482936762811669e+03, 3.6873904569940294e+01,
       -9.6316872931152162e+01, 3.5457150424909130e+01,
       -9.3928194817967608e+02, 1.6150203151886724e+03,
       3.6873904569940258e+01, 1.9057092135935425e+03,
       -3.4154436990257985e+01, -1.8041428337687204e+01,
       9.9800996132547368e+01, 9.9724124589685829e+01,
       -9.6316872931152162e+01, -3.4154436990257992e+01,
       8.0476047187629447e+01, 9.1209896832852100e-01,
       -8.5475269220997049e+01, 8.1118783830924286e+01,
       3.5457150424909130e+01, -1.8041428337687204e+01,
       9.1209896832852178e-01, 1.4283704072228886e+02,
       4.1047994021331533e+03, -1.2588496037626744e+02,
       2.9031124987030594e+03, -8.3102653388683530e+02,
       -8.5107838329168402e+01, -2.1485749011815699e+01,
       -1.2588496037626744e+02, 5.0168340574310077e+03,
       9.1439141189315364e+02, 2.6659807556264382e+03,
       -4.2578503105802433e+01, -7.1083335413624809e+01,
       2.9031124987030594e+03, 9.1439141189315364e+02,
       2.5423695384916959e+03, -1.1296304532547570e+02,
       -9.6130762818412450e+01, -8.3428191577418659e+01,
       -8.3102653388683552e+02, 2.6659807556264382e+03,
       -1.1296304532547570e+02, 1.7572755900720938e+03,
       7.0315112609907416e+01, -1.2873340869423291e+02,
       -8.5107838329168402e+01, -4.2578503105802426e+01,
       -9.6130762818412421e+01, 7.0315112609907416e+01,
       3.6294069353985762e+01, -3.6150333320518023e+01,
       -2.1485749011815692e+01, -7.1083335413624809e+01,
       -8.3428191577418659e+01, -1.2873340869423285e+02,
       -3.6150333320518023e+01, 1.4232174914728139e+02,
       6.5991221018034257e+03, 3.4913681642277123e+02,
       2.5272306740476247e+03, -6.6739977946153306e+02,
       -8.1688823098723873e+01, 1.6279391280160357e+02,
       3.4913681642277112e+02, 1.6836161110850542e+04,
       -7.7658093488505699e+02, -1.4527282773288703e+03,
       -1.5615775636379917e+02, 9.8869305504665124e+02,
       2.5272306740476247e+03, -7.7658093488505676e+02,
       2.5550242774092694e+03, 4.8361629318411741e+02,
       -4.3346657785289452e+01, -1.9737651504003711e+02,
       -6.6739977946153340e+02, -1.4527282773288703e+03,
       4.8361629318411741e+02, 3.0511972587487858e+03,
       9.8712017094262663e+01, -3.4832234539057981e+02,
       -8.1688823098723859e+01, -1.5615775636379917e+02,
       -4.3346657785289459e+01, 9.8712017094262663e+01,
       2.9365373190881787e+01, -1.4655958070669776e+01,
       1.6279391280160357e+02, 9.8869305504665090e+02,
       -1.9737651504003711e+02, -3.4832234539057981e+02,
       -1.4655958070669776e+01, 1.8456760426284842e+02,
       4.5923307157733461e+03, -3.5617851336357575e+02,
       2.4544918697441649e+03, -9.5363394487126163e+02,
       -5.0175973100578011e+02, -4.0526673006223399e+02,
       -3.5617851336357563e+02, 5.2559425851614860e+03,
       6.5164599810852201e+02, 2.2193740045619406e+03,
       1.1572183398270673e+02, -3.1779281141836059e+01,
       2.4544918697441649e+03, 6.5164599810852201e+02,
       2.2196763177020002e+03, -5.3343064867808202e+01,
       -5.7742350696737532e+01, -2.3211661802815033e+01,
       -9.5363394487126141e+02, 2.2193740045619406e+03,
       -5.3343064867808202e+01, 1.7219097566919324e+03,
       1.2229616101838837e+02, -9.5327404553765490e+01,
       -5.0175973100578011e+02, 1.1572183398270676e+02,
       -5.7742350696737532e+01, 1.2229616101838836e+02,
       2.1810209093440656e+02, 1.4878833949648762e+02,
       -4.0526673006223393e+02, -3.1779281141836044e+01,
       -2.3211661802815037e+01, -9.5327404553765462e+01,
       1.4878833949648765e+02, 1.8845902986024879e+02,
       6.3980409535186382e+03, 5.0265572074920852e+00,
       2.6193574987174802e+03, -1.3012849175443348e+03,
       1.7501890823564580e+02, 1.4395617801639719e+02,
       5.0265572074920915e+00, 5.7726771364960896e+03,
       7.1522594519132315e+02, 2.3982712445759184e+03,
       -1.8419333917089393e+01, 1.5752250672591275e+01,
       2.6193574987174802e+03, 7.1522594519132281e+02,
       2.6920928740796967e+03, 3.3076232970005876e+01,
       -1.1927815419000476e+02, -9.4696099767370299e+01,
       -1.3012849175443346e+03, 2.3982712445759184e+03,
       3.3076232970005876e+01, 1.7561937943506091e+03,
       -3.9687644616456843e+01, -1.3615516093445640e+02,
       1.7501890823564577e+02, -1.8419333917089393e+01,
       -1.1927815419000476e+02, -3.9687644616456836e+01,
