%YAML:1.0
means: !!opencv-matrix
   rows: 4
   cols: 18
   dt: d
   data: [ -1.7757482326204263e+02, 4.3474441603777043e+00,
       3.8134008640276477e+01, 9.6243521549906574e-01,
       -1.3499901533465732e+01, 5.8243434848957349e+00,
       -7.3182815739425178e-01, 3.3184774082195234e-01,
       3.5405080007940132e-01, -5.8455360991665151e-02,
       -1.4699812787011839e-02, -1.0765404412059185e-02,
       2.3483580810054853e-03, -2.1709568633512012e-03,
       1.3046492033009674e-03, -2.9249756470877365e-03,
       -2.3297742418604755e-04, 5.1629430415880647e-04,
       9.6108668748987071e+01, 1.2833336489283820e+01,
       -2.8001565901328860e+01, -2.6376618885057162e+01,
       -2.2010097658460591e+01, -1.1609057084161613e+01,
       4.2378279137762315e-01, -1.7316234649731383e+00,
       -1.9379088471320960e-01, -1.9703506041849903e-01,
       7.9907743428700925e-02, -2.2048203924048253e-02,
       2.1478445164707684e-04, -3.1971108868456650e-03,
       1.4575305645928805e-02, 2.2245428105596601e-03,
       4.2432144881464446e-03, 4.6445425431810156e-03,
       4.1657132918252536e+01, -1.3019395593467030e+01,
       -7.8788653065942995e+00, 9.8101277705216976e+00,
       8.3959157078396380e+00, -1.0139008165217049e-01,
       9.8413823529479871e-01, 7.0176867883737493e-01,
       3.1984252119688023e-01, -6.8092494530857216e-03,
       1.3132780898891283e-02, 5.8212016960441900e-03,
       3.8779873101000917e-03, 8.3691506312182095e-04,
       1.1066861120080404e-03, -1.3174155316169227e-03,
       8.8232143465014653e-04, -1.2567391357421408e-04,
       1.0672884063751400e+01, 4.5747390312435890e+01,
       6.4873716347898069e-01, -2.3114023310332040e+01,
       7.3707625077416310e+00, 2.8199604899809492e+00,
       -4.3031101839842290e+00, -2.3583107905887335e+00,
       -2.1527266787413328e+00, 3.8471379537534467e-01,
       -1.3500902163543926e-01, 1.5821362636108983e-02,
       -2.5359989278617379e-02, 3.6142388205064719e-03,
       -2.5371057982565233e-02, 1.0209379496387342e-02,
       -9.2583665843275608e-03, -5.8547700210478644e-03 ]
covs: !!opencv-matrix
   rows: 72
   cols: 18
   dt: d
   data: [ 6.0326176351043105e+03, -9.1813531599307805e+02,
       2.9745694329341127e+03, 8.1709647434933868e+02,
       2.8725294212618355e+01, -2.0441555170085260e+02,
       9.5837000299804032e+01, -3.7942663412213527e+01,
       -5.1334236312527439e+00, 5.6129999355591176e-01,
       -8.1325752046754751e-01, 4.2224935901250160e-01,
       -7.7541364891059545e-03, 2.0089922175147570e-02,
       -7.4918097070291922e-01, 1.0842761340526938e-01,
       -4.6763763441709773e-02, 4.6199192967981327e-02,
       -9.1813531599307805e+02, 1.1537980283675866e+04,
       2.3167067918560639e+02, -9.2135466337257515e+02,
       -3.2517894718154224e+02, 4.5575585145978550e+02,
       -8.4767276395536243e+01, 5.1556736697733896e+01,
       -4.5208345570986932e+00, 1.5957444510818942e+01,
       9.3272947625871760e-01, 3.6290152663192515e-01,
       5.2532017070444428e-02, 4.6781496954485940e-01,
       7.6112727511800038e-01, -2.4270418218108536e-01,
       2.2221293105577972e-01, 1.4682611927979786e-01,
       2.9745694329341127e+03, 2.3167067918560642e+02,
       2.4503085689314144e+03, -1.6097915313704249e+02,
       -4.4799710531344779e+01, 4.9353798349603764e+01,
       -2.5649125619831178e+01, 1.5979759060005430e+01,
       5.5361565663135814e-01, 9.9180054349519420e-01,
       2.7629065859609303e-01, -4.9463639001470477e-03,
       -3.6011640245277338e-02, 5.7686453197633866e-02,
       5.1954484936407752e-02, -4.1176085798442841e-02,
       9.3345672977234034e-03, 3.2675774799238215e-02,
       8.1709647434933868e+02, -9.2135466337257537e+02,
       -1.6097915313704252e+02, 2.9912637862458009e+03,
       1.2790114036774420e+02, -2.2578525356453426e+02,
       4.2140383185472842e+01, -4.5722334443161103e+01,
       7.4547721432703353e+00, -2.8212182348523926e+00,
       -8.1408909430980392e-01, -4.0419341350144156e-01,
       9.7147351894635529e-03, -1.8009200044514836e-01,
       -3.7260279841539590e-01, 3.5083667650095990e-01,
       -1.5534914748098316e-01, -4.0315043317410162e-02,
       2.8725294212618330e+01, -3.2517894718154224e+02,
       -4.4799710531344793e+01, 1.2790114036774423e+02,
       1.2444863616812152e+02, -4.5949270383328958e+01,
       1.7869522328505106e+01, -1.0533378689621475e+01,
       -2.8469795674224154e+00, 1.1946536676219806e+00,
       -9.6736587588319245e-01, -1.8453671564786697e-01,
       4.1351770794225834e-02, -2.7812483167111570e-02,
       -1.1332766224751933e-01, 1.1447165795071967e-02,
       3.9633219977521776e-02, 4.2198722527261041e-02,
       -2.0441555170085260e+02, 4.5575585145978550e+02,
       4.9353798349603778e+01, -2.2578525356453426e+02,
       -4.5949270383328958e+01, 2.4104029573497749e+02,
       -1.0355416542177434e+01, 3.9652644897849512e+00,
       -1.6157354497083717e-01, -4.4097947037020502e-01,
       1.1200322055455939e-01, 2.2240995293033677e-01,
       -1.5490839648432413e-02, 4.0735100066737938e-02,
       1.4116276126653376e-01, 2.7930846813014273e-02,
       1.2214093979886851e-02, -3.1286123027030467e-02,
       9.5837000299804032e+01, -8.4767276395536257e+01,
       -2.5649125619831182e+01, 4.2140383185472842e+01,
       1.7869522328505102e+01, -1.0355416542177432e+01,
       2.9278866050699293e+01, -2.4632049133354985e+00,
       -2.0865253586383616e+00, 2.5661097070237210e-01,
       -4.7314191781825790e-02, 2.6705485097384556e-02,
       -2.5036815131142077e-02, 4.0416416733318094e-04,
       -5.5727879658373121e-02, 1.8563475018863989e-03,
       -7.8839346865282529e-04, 9.7493227583934656e-03,
       -3.7942663412213520e+01, 5.1556736697733889e+01,
       1.5979759060005422e+01, -4.5722334443161103e+01,
       -1.0533378689621472e+01, 3.9652644897849512e+00,
       -2.4632049133354990e+00, 1.9584977919694495e+01,
       5.2962126521614783e-03, 1.4019081042162429e-01,
       3.1162050775822424e-02, 4.7265211900986794e-02,
       -5.0593127825599637e-03, 1.8892151727449232e-02,
       1.7049771167684524e-03, -4.3047479259637035e-03,
       2.5715999473774460e-03, 7.1644837472953941e-03,
       -5.1334236312527448e+00, -4.5208345570986905e+00,
       5.5361565663135726e-01, 7.4547721432703327e+00,
       -2.8469795674224150e+00, -1.6157354497083737e-01,
       -2.0865253586383621e+00, 5.2962126521615312e-03,
       2.5448138146206820e+00, -3.8489160017184271e-01,
       2.7826654695579044e-03, 3.0158379565546352e-02,
       -1.6077457688231201e-02, -3.8731401371307540e-03,
       2.3391494805884445e-03, -7.9134587328757427e-03,
       -5.4301665696338897e-03, -2.0784057979990008e-03,
       5.6129999355591176e-01, 1.5957444510818943e+01,
       9.9180054349519431e-01, -2.8212182348523926e+00,
       1.1946536676219806e+00, -4.4097947037020485e-01,
       2.5661097070237210e-01, 1.4019081042162429e-01,
       -3.8489160017184265e-01, 6.4078460690669781e-01,
       -3.7221892145819897e-02, -8.3058606122411779e-03,
       -1.4019172675643749e-03, -1.2079818279972511e-02,
       3.5380485472295106e-03, 8.4449044577659504e-04,
       7.8561627491458171e-04, 9.1334876988773931e-04,
       -8.1325752046754740e-01, 9.3272947625871860e-01,
       2.7629065859609298e-01, -8.1408909430980392e-01,
       -9.6736587588319267e-01, 1.1200322055455943e-01,
       -4.7314191781825804e-02, 3.1162050775822400e-02,
       2.7826654695579035e-03, -3.7221892145819904e-02,
       2.2535141642822359e-02, 1.6295263358073679e-03,
       -8.1978147294654781e-04, 6.4689077120491244e-04,
       1.1944963637361232e-03, -1.4954809284171134e-04,
       -4.8805574827639976e-04, -4.6347436301330178e-04,
       4.2224935901250166e-01, 3.6290152663192515e-01,
       -4.9463639001470494e-03, -4.0419341350144156e-01,
       -1.8453671564786697e-01, 2.2240995293033677e-01,
       2.6705485097384560e-02, 4.7265211900986794e-02,
       3.0158379565546352e-02, -8.3058606122411813e-03,
