%YAML:1.0
means: !!opencv-matrix
   rows: 17
   cols: 3
   dt: d
   data: [ -1.2621361123943373e+02, -7.1981461125402859e+01,
       9.1680171570320255e+01, -3.8272093136220931e+01,
       7.9153281570380969e+01, 8.6330119092424070e+01,
       5.0690351429829200e+01, -5.3120502260916439e+01,
       -6.8521744624568086e+01, -2.3832816292045628e+01,
       6.5994972230897517e+01, -6.3778739115657700e+01,
       -2.1212061881181248e+02, -1.9292291073647913e+01,
       -2.3636989325138035e+01, 1.9512807348221790e+02,
       4.6555100266766900e+01, 3.8242163949006219e+01,
       -2.3203439527362528e+02, -7.1193077460581719e+01,
       1.7756809261289778e+01, 1.3965866744505908e+02,
       1.2680693817119487e+01, 1.7167729713837090e+01,
       -1.5080529390445773e+02, 1.3521980291102093e+02,
       -8.2819957352635267e+00, 2.6477443765470817e+01,
       1.5601138055914570e+01, 3.1146218173225712e+01,
       -6.8775903380081203e+01, -7.0053682021037318e+01,
       -3.7256792725735366e+01, 1.5588458661654835e+02,
       -9.3442723057991671e+01, -1.3480595081815599e+01,
       1.1349094225586212e+02, -1.1068791404367344e+02,
       5.3823217972615197e+01, 3.4033059728130517e+01,
       -1.4515566677684166e+02, 2.7725503210483630e+01,
       4.0013427751148116e+00, 1.8649655408863725e+02,
       -1.3522501549665582e+01, -1.0178154389776613e+02,
       -5.9197544738468624e+00, 3.8999994125667158e+01,
       9.1780210294208999e+01, 8.0391311387401657e+01,
       -3.2126741562137346e+00 ]
covs: !!opencv-matrix
   rows: 51
   cols: 3
   dt: d
   data: [ 1.9048928225366540e+03, -1.2022604055689430e+03,
       5.4702481158161970e+02, -1.2022604055689430e+03,
       9.2115443761694896e+03, 8.2671835908343905e+02,
       5.4702481158161970e+02, 8.2671835908343905e+02,
       6.9535786413527035e+02, 3.0814423290487812e+03,
       -1.7216086469027638e+02, -1.7286560990193229e+02,
       -1.7216086469027655e+02, 7.8400481423908141e+03,
       -4.4327781910973715e+02, -1.7286560990193229e+02,
       -4.4327781910973715e+02, 6.9772487416075603e+02,
       3.8806071566619817e+03, 1.4887867038538266e+02,
       -1.3704500070773389e+02, 1.4887867038538272e+02,
       4.9065253798086469e+03, 2.3167643840229329e+02,
       -1.3704500070773381e+02, 2.3167643840229329e+02,
       1.3781967390699306e+03, 6.5161092246285052e+03,
       5.0206929262213606e+02, -4.1157438421337105e+02,
       5.0206929262213606e+02, 5.1765032691184288e+03,
       -3.0535973532669747e+01, -4.1157438421337105e+02,
       -3.0535973532669736e+01, 1.0189920353796649e+03,
       4.5132672663759258e+03, -1.4667357233970777e+03,
       -1.4633079225516028e+02, -1.4667357233970777e+03,
       7.4640802509565983e+03, 4.7329666468506264e+02,
       -1.4633079225516030e+02, 4.7329666468506264e+02,
       5.3567346843219764e+02, 4.8579763655533661e+03,
       -1.2167306051419982e+03, -9.8666136921026146e+02,
       -1.2167306051419982e+03, 8.4563703659378716e+03,
       5.4779337180257244e+02, -9.8666136921026146e+02,
       5.4779337180257255e+02, 5.8809574281859284e+02,
       3.1042786293009422e+03, -6.4163802942995164e+02,
       1.2323810916371644e+03, -6.4163802942995164e+02,
       9.0044998669014603e+03, 1.0329163854088665e+03,
       1.2323810916371644e+03, 1.0329163854088665e+03,
       1.0987310146960897e+03, 3.5157061392477804e+03,
       7.1592876567352516e+02, -6.0529132116594781e+02,
       7.1592876567352516e+02, 3.1630254037515274e+03,
       -1.9892936561134553e+02, -6.0529132116594781e+02,
       -1.9892936561134550e+02, 1.4152340716063754e+03,
       5.3234428422064839e+03, 6.4576127666660477e+02,
       4.6124169550676999e+02, 6.4576127666660477e+02,
       5.5715928038127022e+03, -5.1390529204555821e+02,
       4.6124169550676999e+02, -5.1390529204555810e+02,
       1.6610302700772079e+03, 2.7053291712420728e+03,
       9.4968557376097522e+01, 1.4281536282198920e+03,
       9.4968557376097479e+01, 6.8627764389581343e+03,
       3.1708931892386300e+02, 1.4281536282198920e+03,
       3.1708931892386300e+02, 1.4514035701292298e+03,
       1.4858014447665366e+03, -4.7641309166576679e+02,
       4.0858851023002825e+02, -4.7641309166576679e+02,
       1.1980328933222445e+04, 8.5420076670012907e+02,
       4.0858851023002836e+02, 8.5420076670012895e+02,
       7.0178680648341913e+02, 4.5844558748118798e+03,
       1.0752235922739947e+03, -8.4396733650018120e+01,
       1.0752235922739947e+03, 3.0170528157577987e+03,
       2.4093572418368609e+01, -8.4396733650018163e+01,
       2.4093572418368609e+01, 8.8366538211084276e+02,
       6.1377330819706194e+03, -4.3646194996445047e+02,
       -1.3699386375602878e+03, -4.3646194996445058e+02,
       3.2916565028132100e+03, 7.0602469746267289e+01,
       -1.3699386375602878e+03, 7.0602469746267332e+01,
       7.4022445425029821e+02, 3.2444019156403056e+03,
       -1.3143122175267702e+03, 1.4747388226881753e+03,
       -1.3143122175267702e+03, 9.6805590371253311e+03,
       5.6399752784885652e+02, 1.4747388226881753e+03,
       5.6399752784885641e+02, 1.3411524524673450e+03,
       3.6537035508302824e+03, 1.0305625986236026e+02,
       1.5934224411239095e+03, 1.0305625986236026e+02,
       3.1275712325779059e+03, -5.4821804366300910e+01,
       1.5934224411239095e+03, -5.4821804366300867e+01,
       2.0783202296966979e+03, 3.6641997166341516e+03,
       -7.6175190652959066e+02, 7.0714655389776385e+02,
       -7.6175190652959100e+02, 7.5368526937710367e+03,
       1.9850974884853670e+02, 7.0714655389776385e+02,
       1.9850974884853673e+02, 1.1181462991153612e+03,
       3.1213072086019088e+03, 8.2278614070592982e+02,
       -2.1094466716052821e+02, 8.2278614070592982e+02,
       5.9130181890233680e+03, 9.4578719993341292e+02,
       -2.1094466716052827e+02, 9.4578719993341315e+02,
       1.4510553306438990e+03 ]
weights: !!opencv-matrix
   rows: 1
   cols: 17
   dt: d
   data: [ 3.9178291413659763e-02, 4.1454485659930145e-02,
       1.0992777984641823e-01, 1.1437327108738007e-01,
       4.0470890833982476e-02, 5.3480721444116593e-02,
       5.5977168679310754e-02, 7.2720765913192154e-02,
       4.4593545645289709e-02, 7.3552046774576912e-02,
       5.4156210510661634e-02, 5.0758970191146197e-02,
       3.2930693405899922e-02, 4.4821067378641451e-02,
       2.7013981125122179e-02, 6.9156922889454089e-02,
       7.5433187201206051e-02 ]
pca_proj: !!opencv-matrix
   rows: 3
   cols: 21
   dt: f
   data: [ 1.02604255e-02, 8.46533298e-01, 5.67100069e-05,
       -5.08859605e-02, 4.68450844e-01, 1.89823491e-04, -5.55210514e-03,
       1.46431834e-01, -1.98076777e-05, -7.31809530e-03, 1.34976640e-01,
       -4.80776835e-05, -6.69380091e-03, 1.46460637e-01, -1.57161594e-05,
       2.11501210e-05, 1.32904761e-05, -3.16381829e-07, -1.62182951e-05,
       4.47223283e-04, 4.04881848e-06, 8.19958210e-01, 1.87153444e-02,
       -7.93817599e-05, 4.28530097e-01, 8.29724409e-03, 8.75842488e-06,
       2.28233948e-01, -2.37727305e-03, -1.84168690e-04, 2.08515689e-01,
       -1.20344283e-02, -2.14158339e-04, 2.18838796e-01, -7.27251405e-04,
       -1.84816250e-04, -3.05604735e-05, -5.04301033e-06,
       -1.27042276e-05, 6.79167337e-04, 1.30049409e-06, -1.63660501e-04,
       -1.48704097e-01, -3.29387456e-01, -1.82470303e-05, 1.08596861e-01,
       1.49965823e-01, -1.77574475e-04, 1.29315495e-01, 5.12750924e-01,
       2.36419466e-04, 1.37444586e-01, 5.11233926e-01, 2.85520800e-04,
       1.36541247e-01, 5.06532609e-01, 2.30281497e-04, -1.19767010e-05,
       -4.37137305e-06, 1.85016711e-06, 4.23374237e-04, 1.63331581e-03,
       1.86568883e-04 ]
