%YAML:1.0
means: !!opencv-matrix
   rows: 8
   cols: 2
   dt: d
   data: [ 1.3801512285755757e+02, -7.0564839900208611e+01,
       4.7697472649099183e+01, 2.5454396114718816e+00,
       -2.1061684972849690e+02, 4.0811090946782336e+01,
       1.3210162499948427e+02, 7.8910977286495623e+01,
       1.5105777551019395e+01, -9.0498208527568821e+01,
       -1.9150826465013355e+02, -8.8761999513518546e+01,
       -8.0667495772767026e+01, -1.1292797177932208e+01,
       -3.6416513348151902e+01, 1.2363263226994474e+02 ]
covs: !!opencv-matrix
   rows: 16
   cols: 2
   dt: d
   data: [ 5.8966419008011999e+03, 9.7167050206626334e+02,
       9.7167050206626300e+02, 4.9898826809149659e+03,
       3.6818160712726544e+03, 2.5651077512944556e+02,
       2.5651077512944551e+02, 6.0267079879992807e+03,
       4.2956248370300127e+03, 8.6291474416492622e+02,
       8.6291474416492633e+02, 8.6382470411877166e+03,
       6.4842028991795478e+03, -1.1591640267870530e+03,
       -1.1591640267870530e+03, 6.2883036652472620e+03,
       6.1113120294110886e+03, -2.9337856623287571e+01,
       -2.9337856623287554e+01, 1.1974712263886133e+04,
       4.6008193161697918e+03, 3.9308603104766240e+02,
       3.9308603104766229e+02, 6.7845993632356103e+03,
       2.5896418404828742e+03, 1.6180294997567782e+02,
       1.6180294997567773e+02, 9.3767258221099855e+03,
       6.4388593431816425e+03, 3.0784369016480878e+02,
       3.0784369016480878e+02, 6.0978775179249669e+03 ]
weights: !!opencv-matrix
   rows: 1
   cols: 8
   dt: d
   data: [ 1.4009331002392089e-01, 1.8577425824825516e-01,
       8.5580850224293736e-02, 1.2829846426277797e-01,
       1.2571391605801338e-01, 6.5829014010586287e-02,
       1.4976665838094913e-01, 1.1894352879120575e-01 ]
pca_proj: !!opencv-matrix
   rows: 2
   cols: 21
   dt: f
   data: [ 1.02604255e-02, 8.46533298e-01, 5.67100069e-05,
       -5.08859605e-02, 4.68450844e-01, 1.89823491e-04, -5.55210514e-03,
       1.46431834e-01, -1.98076777e-05, -7.31809530e-03, 1.34976640e-01,
       -4.80776835e-05, -6.69380091e-03, 1.46460637e-01, -1.57161594e-05,
       2.11501210e-05, 1.32904761e-05, -3.16381829e-07, -1.62182951e-05,
       4.47223283e-04, 4.04881848e-06, 8.19958210e-01, 1.87153444e-02,
       -7.93817599e-05, 4.28530097e-01, 8.29724409e-03, 8.75842488e-06,
       2.28233948e-01, -2.37727305e-03, -1.84168690e-04, 2.08515689e-01,
       -1.20344283e-02, -2.14158339e-04, 2.18838796e-01, -7.27251405e-04,
       -1.84816250e-04, -3.05604735e-05, -5.04301033e-06,
       -1.27042276e-05, 6.79167337e-04, 1.30049409e-06, -1.63660501e-04 ]
pca_mean: !!opencv-matrix
   rows: 1
   cols: 21
   dt: f
   data: [ 4.33646118e+02, 2.44701981e+02, 1.49672687e+00,
       4.18191803e+02, 2.60206879e+02, 1.62062907e+00, 3.68545319e+02,
       2.27059875e+02, 1.69770968e+00, 3.19420807e+02, 1.63929108e+02,
       1.75046074e+00, 3.16613464e+02, 2.25532654e+02, 1.70717156e+00,
       1.08872897e-04, -9.74175637e-05, 6.24380555e-05, -2.17504916e-04,
       -2.50119597e-01, 1.75055194e+00 ]
gamma: !!opencv-matrix
   rows: 8
   cols: 1
   dt: d
   data: [ 8.9044491080890475e-01, 8.7287959516658920e-01,
       9.0884777986645637e-01, 9.0652572059678482e-01,
       9.1964422492395936e-01, 9.0336172449600749e-01,
       8.7298315897255085e-01, 9.0130944159479132e-01 ]
