%YAML:1.0
means: !!opencv-matrix
   rows: 34
   cols: 6
   dt: d
   data: [ 1.2101161547483589e+02, 7.4345046750122776e+01,
       4.7159096339466572e+01, 3.5656682542366262e+01,
       1.2194387135126075e+01, 5.8726206324349339e-01,
       -1.4978898873001347e+02, -1.0143783997448537e+02,
       2.8667797889671128e+01, 6.8454548887077550e+01,
       -1.8250747001339846e+01, 4.3352761269292739e-01,
       -1.3482499189127591e+02, 7.4968284780405938e+01,
       -3.7916876366965852e+01, -1.6261873712848974e+01,
       2.1883681315518821e+01, -1.0942944453046636e+01,
       9.6824469203518007e+01, -5.0156774969575110e+01,
       -3.0241873672739040e+01, 3.6944133576994190e+01,
       -9.5503788803027109e-02, 1.4051181488926010e+01,
       2.2468048058979878e+01, -1.0338667184511546e+02,
       -1.0022065526291387e+01, 6.9132607891303394e+01,
       -5.1389761556847997e+00, -2.1419377666373651e+00,
       -1.6030862693103339e+02, -4.7307889474807441e+00,
       4.4855144110908007e+01, 1.2892615798873981e+01,
       -4.0781172144712547e+00, 2.1268699534930608e+01,
       -9.6861452494644258e+00, 1.0295583577500076e+02,
       1.8893680127068073e+00, 2.3689666045625863e+01,
       6.9562851669434007e+00, -3.6906200016672397e+00,
       -8.5434942384360113e+00, -8.4080880811628333e+01,
       1.9703918158009861e+00, 4.6363265746866738e+01,
       1.6256821264699308e+01, 2.3501054757414210e+00,
       8.6775892446963255e+01, 7.2312729063089947e+01,
       -2.1441480625629033e+01, -6.8759316856279522e+00,
       -2.7034260186702852e+01, -2.2124876853226581e+01,
       1.3124235405008670e+02, -5.2222004486941266e+01,
       -5.6690679181282150e+01, -2.9284421482613137e+01,
       -4.6170673126419324e+00, 1.4716922718325389e+01,
       -9.3026695257920892e+01, -8.7723987759799982e+01,
       2.2737163326572436e+01, 5.8490699277405042e+01,
       -6.0191390888035476e+00, -1.7056425583036985e+00,
       -1.1713405495081224e+02, 1.5694711055451130e+01,
       3.6407777128401733e+01, 6.7521631534046861e+01,
       1.0392223853495419e+00, -5.6216297588928574e+00,
       1.1370318338289704e+02, -6.0298130794943717e+01,
       5.9215902113538043e+01, -1.7085639615248009e+01,
       7.6626390785687546e+00, 1.3884927309229218e+00,
       2.2168478277585444e+02, -4.9875031672195078e+00,
       1.9744870100913893e+01, 2.7407016328954847e-01,
       -6.8316073148580294e+00, 1.2537129973992466e+01,
       7.1504076011113426e+01, 5.3795891385205383e+00,
       -2.4231358296327080e+01, -3.4935179662588396e+01,
       -3.0308414691540925e+01, -1.5812449775814418e+01,
       1.5671920876773042e+00, 5.6774681044511652e+01,
       1.0184506137375676e+01, -3.3916587448060049e+01,
       3.6839971614401023e+01, -9.2613776014892473e+00,
       -1.1765286142389841e+02, -1.0528209861202868e+02,
       3.7732937232540074e+01, 8.9937482470666374e+00,
       4.7589484388557253e+00, -6.4012944837616317e+00,
       -2.0915986654098094e+02, 1.0340290839136054e+02,
       5.0268653150470719e+01, -5.0597791913326624e+01,
       -2.0249299375943163e+01, 3.0455790148197003e+01,
       1.9985761980050629e+01, 1.5056152614877638e+02,
       -9.1218439346234625e-01, -8.7743855466124074e+01,
       1.5849399965100881e+01, 1.5693560254086298e+01,
       -5.8780356845652811e+01, -5.6962191411472418e+01,
       -2.2513847248586213e+01, -1.8055690962729258e+01,
       1.5784483512419824e+01, -2.5097822828477212e-01,
       8.9441202369813283e+01, 1.0218265346719093e+02,
       -2.4094057825948163e+01, -9.2564820199782432e+00,
       -6.8688197658896097e+00, -1.2826103590525150e+01,
       -1.5609158922254224e+02, 5.7425521219498606e+01,
       3.6181552441674860e+01, -5.1745520433736488e+01,
       -1.7587480416811818e+01, -4.7778586616570360e+00,
       -1.2000609494538750e+02, 1.2036242864163452e+02,
       4.4792676179100638e+01, 1.1161364169365498e+01,
       1.5142642383530873e+00, -9.1384043194796032e+00,
       5.0686639349793296e+01, -4.0055412474927948e+01,
       -3.7469927304629394e+01, -2.0739120487428035e+01,
       7.4535580663003325e+00, 5.8827250282686858e+00,
       6.8882034045871805e+01, -4.2964474707868533e+01,
       5.6446660883171958e+01, -3.6924531230893464e+01,
       3.1854165495105047e+01, -3.9839388039955681e-02,
       -2.8168016517741063e+02, 7.7793953134176475e-01,
       -1.1996427801132183e+01, 1.6638656393231948e+00,
       -8.9380937411756740e+00, 8.4237765486014418e+00,
       2.5691696179938667e+01, 8.3246654682059471e+01,
       -4.6018097178797042e+01, 3.6248417697110931e+01,
       1.5112342535734539e+01, 3.8985535786840333e+00,
       7.8123220413419162e+01, -4.9235244285161158e+01,
       -2.4962617189234845e+01, -6.3779635015722953e+01,
       -2.3966573496112932e+01, -1.7574970517535686e+01,
       1.5319709321799203e+02, 2.8143955478378309e+01,
       -4.3497529506913210e+01, -2.2642228633355408e+01,
       -1.1973665403884791e+01, 6.3896383970060775e+00,
       1.4635248485287644e+02, 7.2029136937008275e+01,
       -5.2457604511321037e+01, 2.5716120433717649e+01,
       -7.3729181591823130e+00, 1.0786081766561679e+01,
       -1.7708633694165471e+02, -5.7278953457646586e-01,
       5.2467867613037292e+01, -1.3838044997107614e+01,
       -1.0199923678870938e+01, -1.4991713092379733e+00,
       -4.0526910032746933e+01, -8.1130086772625926e-02,
       1.1400771060674947e+01, -5.4347656295348798e+00,
       3.3750569963102734e+01, -4.3021332523165725e+00,
       2.1930240336815352e+01, 3.7518859579882850e+01,
       -3.0749497486280379e+00, -4.6378971171623725e+01,
       6.1750059784991409e+00, -2.2209386594955358e+01,
       6.7762526974889397e+01, -6.1421734178475283e+01,
       -3.0029898767511312e+01, 4.0312628462249343e+01,
       -9.8466761548257367e+00, 6.3828035267797141e+00 ]
