%YAML:1.0
means: !!opencv-matrix
   rows: 27
   cols: 2
   dt: d
   data: [ 6.1196514476926168e+01, 5.1753888082234155e+01,
       -3.0014418825922773e+00, -2.8616604125964386e+02,
       1.2661639562759854e+00, -1.2923399441698493e+02,
       -1.8557449981129648e+02, 3.5307159664430245e+01,
       -5.6450693532287644e+01, 1.7822138412937821e+02,
       1.7687125571367457e+02, -1.8247738212015062e+01,
       -1.5773827700542964e+02, -6.8944303548398409e+01,
       7.9282837548096410e+01, -1.7763074201879550e+02,
       1.3550853627449584e+02, 4.7786427528966534e+01,
       -1.5229992867212008e+01, 2.7513864558692436e+01,
       -2.3896793722101773e+02, -1.3854910531699684e+02,
       9.7969732381133809e+01, -1.7118133569654205e+01,
       -8.5893177178508793e+01, 9.1500631510154378e+01,
       1.1060791878490409e+02, 1.2895239293671773e+02,
       2.3123460249925054e+02, 6.1073926520622784e+01,
       2.4101932892969484e+02, -8.0339030940747435e+01,
       3.5464452860490809e+01, 1.9301450381754873e+02,
       -9.3428522532737944e+01, -1.5213986074092870e+02,
       -1.0114422889004422e+02, 1.6751108231051138e+01,
       -1.4890714741277199e+02, 1.7407841974378687e+02,
       7.9258537140076456e+01, -9.9973514221670783e+01,
       -6.6742591744469792e+01, -5.9432144973667356e+01,
       -2.6105290216032552e+02, -1.1643808803619628e+01,
       1.5466919315591349e+02, -1.0575174917401615e+02,
       -2.4957316669419676e+00, 1.1026194606937649e+02,
       2.2503818134937784e+01, -4.0470204252696085e+01,
       -2.1689491839541185e+02, 1.1620171116009813e+02 ]
covs: !!opencv-matrix
   rows: 54
   cols: 2
   dt: d
   data: [ 1.4185429814756485e+03, 5.1731261959210315e+02,
       5.1731261959210315e+02, 2.3109875172703696e+03,
       6.9989269882137050e+03, -1.1008273934888448e+03,
       -1.1008273934888448e+03, 2.8880216382408453e+03,
       1.6278223339728070e+03, -1.2760911453549134e+02,
       -1.2760911453549137e+02, 2.0195265820321549e+03,
       1.4957504136261209e+03, 2.1291343433298115e+02,
       2.1291343433298121e+02, 2.4054586648231216e+03,
       2.0655309520796541e+03, -3.1095691455627713e+02,
       -3.1095691455627718e+02, 3.3752914286141727e+03,
       1.5803679286439419e+03, 2.3428977543244017e+02,
       2.3428977543244022e+02, 1.8746658341410937e+03,
       2.2802209213865749e+03, -1.3821711182164037e+02,
       -1.3821711182164043e+02, 2.8851127887809971e+03,
       2.1190195758354962e+03, -8.0044337834852072e+01,
       -8.0044337834852044e+01, 2.2394216463926250e+03,
       1.8105248570208280e+03, 4.3458278621503985e+02,
       4.3458278621503996e+02, 1.7983309125849773e+03,
       1.3449674942030031e+03, 2.7845285095038395e+02,
       2.7845285095038395e+02, 1.7847671243697032e+03,
       2.8970801822743142e+03, -8.1484598771791127e+02,
       -8.1484598771791127e+02, 4.5998756941762676e+03,
       1.3096730395084953e+03, 5.6461014503265453e+01,
       5.6461014503265453e+01, 1.8241200474250925e+03,
       1.9565082484286170e+03, -3.0889689014875762e+02,
       -3.0889689014875762e+02, 2.2030443481254333e+03,
       2.7205023610912485e+03, 9.7663894135039516e+02,
       9.7663894135039493e+02, 3.0326413892153491e+03,
       2.3646073355501649e+03, 2.7605858892721937e+01,
       2.7605858892721937e+01, 4.3001058763732681e+03,
       2.3715457489671726e+03, 3.4241220324631360e+02,
       3.4241220324631371e+02, 3.1154994951224899e+03,
       2.6392465475847953e+03, 4.2375744832749939e+02,
       4.2375744832749945e+02, 2.9047700189249795e+03,
       2.0891244602279839e+03, -5.9672953333572173e+02,
       -5.9672953333572173e+02, 2.9414431224020418e+03,
       1.3134137134163404e+03, 1.1599108690052338e+02,
       1.1599108690052344e+02, 1.8131053619090505e+03,
       3.7814648390384236e+03, -5.1098545478744683e+02,
       -5.1098545478744683e+02, 3.1745216937397518e+03,
       1.3478749152407640e+03, 8.4875836627099126e+00,
       8.4875836627099090e+00, 1.7244100657640613e+03,
       1.5338436106299484e+03, 2.4234038756312086e+02,
       2.4234038756312086e+02, 2.0809925641217524e+03,
       2.3028530619958965e+03, -7.1696202285517768e+02,
       -7.1696202285517768e+02, 4.3128876338860546e+03,
       1.6660059075301242e+03, -1.2756876104566638e+02,
       -1.2756876104566641e+02, 2.2523489050417020e+03,
       2.2358811693245611e+03, 5.4163924990137411e+02,
       5.4163924990137411e+02, 2.0623986470474260e+03,
       1.1030611491033228e+03, 2.4738062320516869e+02,
       2.4738062320516863e+02, 1.9426375635212132e+03,
       3.5835914526375914e+03, 1.2864630688586334e+02,
       1.2864630688586340e+02, 2.4809586503196965e+03 ]
weights: !!opencv-matrix
   rows: 1
   cols: 27
   dt: d
   data: [ 5.8542132622115585e-02, 1.1208332189046879e-02,
       4.1056492098285345e-02, 3.4141185473930268e-02,
       3.1391158713616286e-02, 3.4604238113600597e-02,
       3.8222387247614988e-02, 2.1471555864333025e-02,
       4.4142526181633564e-02, 5.8874740113572091e-02,
       2.7479233540351755e-02, 5.5924967726764148e-02,
       4.2188042352658904e-02, 4.3133117527412848e-02,
       2.9812596134198614e-02, 1.9602901502984646e-02,
       2.7964328399252628e-02, 3.4344527094084788e-02,
       4.8496762245821633e-02, 1.9102739297553465e-02,
       4.4675727888617463e-02, 4.9244880725855686e-02,
       2.8776243072791984e-02, 3.8931692021581532e-02,
       4.3195460132238690e-02, 5.5121080391609636e-02,
       1.8350951328449897e-02 ]
pca_proj: !!opencv-matrix
   rows: 2
   cols: 21
   dt: f
   data: [ 1.02604255e-02, 8.46533298e-01, 5.67100069e-05,
       -5.08859605e-02, 4.68450844e-01, 1.89823491e-04, -5.55210514e-03,
       1.46431834e-01, -1.98076777e-05, -7.31809530e-03, 1.34976640e-01,
       -4.80776835e-05, -6.69380091e-03, 1.46460637e-01, -1.57161594e-05,
       2.11501210e-05, 1.32904761e-05, -3.16381829e-07, -1.62182951e-05,
       4.47223283e-04, 4.04881848e-06, 8.19958210e-01, 1.87153444e-02,
       -7.93817599e-05, 4.28530097e-01, 8.29724409e-03, 8.75842488e-06,
       2.28233948e-01, -2.37727305e-03, -1.84168690e-04, 2.08515689e-01,
       -1.20344283e-02, -2.14158339e-04, 2.18838796e-01, -7.27251405e-04,
       -1.84816250e-04, -3.05604735e-05, -5.04301033e-06,
       -1.27042276e-05, 6.79167337e-04, 1.30049409e-06, -1.63660501e-04 ]
pca_mean: !!opencv-matrix
   rows: 1
   cols: 21
   dt: f
   data: [ 4.33646118e+02, 2.44701981e+02, 1.49672687e+00,
       4.18191803e+02, 2.60206879e+02, 1.62062907e+00, 3.68545319e+02,
       2.27059875e+02, 1.69770968e+00, 3.19420807e+02, 1.63929108e+02,
       1.75046074e+00, 3.16613464e+02, 2.25532654e+02, 1.70717156e+00,
       1.08872897e-04, -9.74175637e-05, 6.24380555e-05, -2.17504916e-04,
       -2.50119597e-01, 1.75055194e+00 ]
gamma: !!opencv-matrix
   rows: 27
   cols: 1
   dt: d
   data: [ 8.0282467184978690e-01, 9.0524117138978111e-01,
       8.2708366759544727e-01, 8.5546506008907952e-01,
       8.5601262188298743e-01, 8.4383350269591839e-01,
       8.5969514642024669e-01, 8.5482344265188559e-01,
       8.2206164309979413e-01, 7.9043407408524502e-01,
       9.0099343747721239e-01, 8.1485787062476023e-01,
       8.3097600480862344e-01, 8.4103690930925079e-01,
       8.8737552114109308e-01, 8.8244579912309606e-01,
       8.6002964130279447e-01, 8.6104826362900100e-01,
       8.1486217415132411e-01, 8.7903177664325638e-01,
       8.2101813044690741e-01, 8.1076449841345011e-01,
       8.9394869827495660e-01, 8.5099270214465994e-01,
       8.2183325741817537e-01, 7.9240361318630370e-01,
       8.7535794826688584e-01 ]
