%YAML:1.0
means: !!opencv-matrix
   rows: 2
   cols: 21
   dt: d
   data: [ 4.3890065031877276e+02, 2.4952590343649035e+02,
       1.4970029556063453e+00, 4.2147382999007300e+02,
       2.6360068325926596e+02, 1.6223801856664952e+00,
       3.6911436087982383e+02, 2.2693527539573122e+02,
       1.6970332709935216e+00, 3.1966584892518063e+02,
       1.6449652945033168e+02, 1.7545125775270651e+00,
       3.1669118638708960e+02, 2.2529293218780231e+02,
       1.7087040268790388e+00, 1.9063007655538056e-04,
       2.7900667513224947e-04, -2.6749569898787037e-05,
       -3.0222605640388271e-04, -2.4962752393528789e-01,
       1.7525707196029483e+00, 4.0238206074012271e+02,
       2.1600442539445470e+02, 1.4951421755267720e+00,
       3.9864840311629359e+02, 2.4000943751006571e+02,
       1.6102700596533190e+00, 3.6515635159674628e+02,
       2.2780402123561711e+02, 1.7016632502758122e+00,
       3.1795937022013635e+02, 1.6054767481910662e+02,
       1.7264222899895845e+00, 3.1616178127645327e+02,
       2.2694885155817101e+02, 1.6981829481805975e+00,
       -3.7747003760066979e-04, -2.3366081062265137e-03,
       5.9296864577869357e-04, 2.8645815600083499e-04,
       -2.5304876029784074e-01, 1.7385044755274519e+00 ]
covs: !!opencv-matrix
   rows: 42
   cols: 21
   dt: d
   data: [ 8.3919533349025642e+03, -2.5651157183250206e+01,
       -1.2449921596970965e+00, 3.6224861719331038e+03,
       -1.7013455980171457e+02, -3.1329684666809610e-01,
       1.5913599832828452e+03, -1.0261371413241851e+02,
       -2.1858625068990962e+00, 1.4264030659354048e+03,
       -1.8179294094940113e+02, -2.3667274346376748e+00,
       1.5131514087633509e+03, -6.5173884583131525e+01,
       -2.0693915645047412e+00, -2.6351594303131981e-01,
       -8.1634385419843636e-02, -1.3590170251714198e-01,
       4.7742495327405337e+00, -1.2737682389073990e-01,
       -1.8040280511585403e+00, -2.5651157183250195e+01,
       1.2805786633576838e+04, 9.0430392574686203e-01,
       -7.9227170003006427e+02, 6.4081094828683490e+03,
       2.9630919088650609e+00, -1.5926687156607958e+01,
       1.5072390988904781e+03, -5.5275211386742074e-01,
       -7.1984157450915092e+01, 1.3581337872228958e+03,
       -1.2159837909860818e+00, -3.3393650231516773e+01,
       1.5294638583087742e+03, -4.8594437331205032e-01,
       2.8156609448317177e-01, 1.4422185609412905e-01,
       -4.3808807665248620e-03, 1.5839718038623760e-02,
       4.6718035979601904e+00, -2.8654431795717966e-01,
       -1.2449921596970965e+00, 9.0430392574686169e-01,
       4.4281906141093876e-02, -6.0786888988694454e-01,
       -3.2894475172600313e-01, 3.1964775273996694e-02,
       -5.4649527796465658e-01, -2.6749919155181361e-02,
       1.9601845823817382e-02, -5.7104139788669760e-02,
       6.0849646235879840e-01, 1.8497922858496583e-02,
       5.3982403496738274e-02, 1.6922280869860806e-02,
       1.9274103870217479e-02, -2.7948749216285502e-05,
       6.7120059627066484e-04, -8.2276401764231082e-04,
       4.7966582502402929e-05, -1.7754488839917353e-04,
       2.0691724982044538e-02, 3.6224861719331038e+03,
       -7.9227170003006427e+02, -6.0786888988694432e-01,
       2.4254349903458001e+03, -4.9270714348093327e+02,
       -9.2131848168603747e-01, 1.4298445356861309e+03,
       -5.2594936076621813e+01, -1.5143642619920772e+00,
       1.3148735945802885e+03, -9.4736913464374197e+01,
       -1.5361091887003298e+00, 1.3729990495340064e+03,
       -3.3861360587626386e+01, -1.4640680270700264e+00,
       -2.7328359419509957e-01, -5.7828607524138646e-02,
       -3.6831287446353417e-02, 4.3484169361466813e+00,
       -4.5020335079904196e-02, -1.3562532885412699e+00,
       -1.7013455980171449e+02, 6.4081094828683481e+03,
       -3.2894475172600335e-01, -4.9270714348093327e+02,
       4.1053119764670173e+03, 9.6182182704894148e-01,
       -1.0252550000240729e+01, 1.3663571714746956e+03,
       -4.9666430617968571e-01, -3.9565148226239877e+01,
       1.2514499875451477e+03, -8.8222784473727855e-01,
       -2.6632283471991769e+01, 1.3673519722231786e+03,
       -5.0140782442972109e-01, 2.4579201226888189e-01,
       4.4816617874274968e-02, 4.5615725783544131e-04,
       -1.7955215929700778e-02, 4.2780874215010067e+00,
       -4.2960702146195401e-01, -3.1329684666809610e-01,
       2.9630919088650618e+00, 3.1964775273996694e-02,
       -9.2131848168603780e-01, 9.6182182704894137e-01,
       2.9489890025409127e-02, -5.9505666379070976e-01,
       2.6617224116579803e-02, 2.0060828203101563e-02,
       -8.4175289207636478e-02, 6.5906107041775452e-01,
       1.8954873566314551e-02, 2.1303956237793142e-02,
       7.0731523816665851e-02, 1.9786284794654867e-02,
       -3.9345525566297138e-05, 7.8677425360004609e-04,
       -7.8743569195802686e-04, 1.3914066957925714e-05,
       -2.1478382414992882e-04, 2.0614195636286626e-02,
       1.5913599832828452e+03, -1.5926687156607956e+01,
       -5.4649527796465658e-01, 1.4298445356861309e+03,
       -1.0252550000240717e+01, -5.9505666379070976e-01,
       1.3380667362811857e+03, -1.8207067727608081e+01,
       -6.2771348273506256e-01, 1.2668528381762987e+03,
       -3.2100120234665326e+01, -6.1663874403956098e-01,
       1.3088537745319466e+03, -1.0308249008149412e+01,
       -6.1912880435829687e-01, -1.6226483649665829e-01,
       -1.5896153264028871e-02, -9.1216969924749203e-03,
       4.1324517579045752e+00, -1.4541853173703429e-02,
       -6.0275685016363600e-01, -1.0261371413241854e+02,
       1.5072390988904779e+03, -2.6749919155181361e-02,
       -5.2594936076621799e+01, 1.3663571714746954e+03,
       2.6617224116579824e-02, -1.8207067727608070e+01,
       1.3131946529442739e+03, 1.5095410375373683e-01,
       -2.3711058720915084e+00, 1.2678375638544028e+03,
       1.5815293239318695e-01, -1.3073129293239383e+01,
       1.2949576845153351e+03, 1.4937042273152054e-01,
       1.1742980340549901e-01, 3.0642573926119201e-02,
       -8.5091728851624873e-03, -2.1226495659583459e-02,
       4.1437154683514583e+00, 1.1899918567959160e-01,
       -2.1858625068990962e+00, -5.5275211386742074e-01,
       1.9601845823817382e-02, -1.5143642619920772e+00,
       -4.9666430617968588e-01, 2.0060828203101563e-02,
       -6.2771348273506256e-01, 1.5095410375373683e-01,
       2.1169768598314726e-02, -5.8305491088134313e-03,
       9.0054686462128286e-01, 2.1092105048694507e-02,
       2.9003296198775005e-02, 1.6016278967094968e-01,
       2.1030474586158074e-02, -3.8946409967115278e-05,
       5.2028111189151693e-04, -3.8447891066787520e-04,
       -4.0461068626173711e-05, -8.5794443084377970e-05,
       2.0695522590261233e-02, 1.4264030659354048e+03,
       -7.1984157450915134e+01, -5.7104139788669843e-02,
       1.3148735945802885e+03, -3.9565148226239835e+01,
       -8.4175289207636547e-02, 1.2668528381762987e+03,
       -2.3711058720915035e+00, -5.8305491088134166e-03,
       1.2317169433730821e+03, -3.0301203147821738e+00,
       2.7923402540795762e-02, 1.2581767518198844e+03,
       -5.9359128126172633e+00, 1.0534750625669685e-02,
       1.4342097791673867e-03, -6.9851799821850954e-04,
       2.3827944403403856e-02, 3.9971657370262266e+00,
       -1.6607598593478847e-02, 4.7629559715953807e-03,
       -1.8179294094940116e+02, 1.3581337872228958e+03,
       6.0849646235879828e-01, -9.4736913464374197e+01,
       1.2514499875451477e+03, 6.5906107041775452e-01,
       -3.2100120234665326e+01, 1.2678375638544028e+03,
       9.0054686462128286e-01, -3.0301203147821698e+00,
       1.2621380244102702e+03, 9.3589164778986345e-01,
       -3.7447541830407802e+00, 1.2583875527786681e+03,
       8.9898127261581118e-01, -8.8545543241891032e-03,
       -1.7053085229394645e-02, -5.3926326876510876e-03,
       -2.0876068463981205e-02, 4.0103406953359828e+00,
       8.6396224149026046e-01, -2.3667274346376748e+00,
       -1.2159837909860820e+00, 1.8497922858496583e-02,
       -1.5361091887003298e+00, -8.8222784473727878e-01,
       1.8954873566314551e-02, -6.1663874403956098e-01,
