%YAML:1.0
means: !!opencv-matrix
   rows: 3
   cols: 3
   dt: d
   data: [ 6.8849086375013982e+01, -4.7748754777587742e+01,
       -1.5309544001331926e+01, -1.8600946071507957e+02,
       -5.5074248245444302e+01, 4.3151211954994928e+01,
       -1.8796166289460928e+01, 6.7973176971297306e+01,
       3.6422209959076155e+00 ]
covs: !!opencv-matrix
   rows: 9
   cols: 3
   dt: d
   data: [ 1.0245393953052018e+04, 1.7040554157826032e+03,
       1.3002243744441575e+03, 1.7040554157826036e+03,
       9.5521852669358559e+03, -3.6039952998813698e+02,
       1.3002243744441575e+03, -3.6039952998813709e+02,
       3.0197787539617134e+03, 5.8525931255794194e+03,
       -4.6899149110668554e+02, 3.0822302167680459e+03,
       -4.6899149110668543e+02, 9.1795958877370431e+03,
       7.1769596217446929e+02, 3.0822302167680459e+03,
       7.1769596217446929e+02, 2.4318667453202197e+03,
       1.3333655688874765e+04, 6.8961170024469013e+01,
       1.2785322186897906e+03, 6.8961170024468984e+01,
       8.6195896880013715e+03, -1.5247468528002605e+02,
       1.2785322186897906e+03, -1.5247468528002602e+02,
       3.0204724312933695e+03 ]
weights: !!opencv-matrix
   rows: 1
   cols: 3
   dt: d
   data: [ 4.5392903733173728e-01, 1.2552553362413479e-01,
       4.2054542904412029e-01 ]
pca_proj: !!opencv-matrix
   rows: 3
   cols: 21
   dt: f
   data: [ 1.02604255e-02, 8.46533298e-01, 5.67100069e-05,
       -5.08859605e-02, 4.68450844e-01, 1.89823491e-04, -5.55210514e-03,
       1.46431834e-01, -1.98076777e-05, -7.31809530e-03, 1.34976640e-01,
       -4.80776835e-05, -6.69380091e-03, 1.46460637e-01, -1.57161594e-05,
       2.11501210e-05, 1.32904761e-05, -3.16381829e-07, -1.62182951e-05,
       4.47223283e-04, 4.04881848e-06, 8.19958210e-01, 1.87153444e-02,
       -7.93817599e-05, 4.28530097e-01, 8.29724409e-03, 8.75842488e-06,
       2.28233948e-01, -2.37727305e-03, -1.84168690e-04, 2.08515689e-01,
       -1.20344283e-02, -2.14158339e-04, 2.18838796e-01, -7.27251405e-04,
       -1.84816250e-04, -3.05604735e-05, -5.04301033e-06,
       -1.27042276e-05, 6.79167337e-04, 1.30049409e-06, -1.63660501e-04,
       -1.48704097e-01, -3.29387456e-01, -1.82470303e-05, 1.08596861e-01,
       1.49965823e-01, -1.77574475e-04, 1.29315495e-01, 5.12750924e-01,
       2.36419466e-04, 1.37444586e-01, 5.11233926e-01, 2.85520800e-04,
       1.36541247e-01, 5.06532609e-01, 2.30281497e-04, -1.19767010e-05,
       -4.37137305e-06, 1.85016711e-06, 4.23374237e-04, 1.63331581e-03,
       1.86568883e-04 ]
pca_mean: !!opencv-matrix
   rows: 1
   cols: 21
   dt: f
   data: [ 4.33646118e+02, 2.44701981e+02, 1.49672687e+00,
       4.18191803e+02, 2.60206879e+02, 1.62062907e+00, 3.68545319e+02,
       2.27059875e+02, 1.69770968e+00, 3.19420807e+02, 1.63929108e+02,
       1.75046074e+00, 3.16613464e+02, 2.25532654e+02, 1.70717156e+00,
       1.08872897e-04, -9.74175637e-05, 6.24380555e-05, -2.17504916e-04,
       -2.50119597e-01, 1.75055194e+00 ]
gamma: !!opencv-matrix
   rows: 3
   cols: 1
   dt: d
   data: [ 9.2992301172061109e-01, 9.2716558738289190e-01,
       9.3375537815582355e-01 ]
