%YAML:1.0
means: !!opencv-matrix
   rows: 24
   cols: 8
   dt: d
   data: [ -1.5968507629735988e+00, -2.6584586859578213e+01,
       7.0552956201715471e+00, 7.5246956832719460e+00,
       3.7012394824274793e+01, -2.7044277618599444e+00,
       1.4018313917588159e+00, -8.9991111953058456e-01,
       3.3759636659315437e+00, -7.0066800926604998e+01,
       1.2974573128976699e+00, 1.5752345504767423e+01,
       -1.0466780460910131e+01, -1.3049595600512669e+01,
       -9.1903289184661463e-01, -3.7441415288679686e-01,
       -9.6799150648702764e+01, 1.2499443122393629e+02,
       4.0148951069758905e+00, -6.0271859518500136e+01,
       -7.5467019099867629e+00, 3.3879541789794354e+00,
       1.8621764315244096e+00, 1.6586014377092168e-01,
       -9.1122882481936401e+01, 8.0622224537979733e+01,
       1.5490260112492850e+01, -3.8993848509324032e+01,
       7.8586137184169171e+00, 7.5643403709758044e+00,
       2.0023874736627731e+00, 3.4077931064419598e-01,
       2.5591380518425289e+01, 1.2979680928661614e+02,
       -2.5576247448661945e+01, -5.6194795577231709e+01,
       -1.0064822493757489e+01, 2.4895763899333190e+00,
       2.3391580939915606e+00, -1.0478896932808052e-01,
       6.5865804087456809e+01, 9.1681583193454742e+01,
       -3.2431213211210057e+01, -2.7763012840891271e+01,
       6.6629562645557980e+00, -8.7731205449177398e+00,
       6.6748559936386365e-01, -7.4469055642516480e-01,
       -1.9474602441277094e+02, 2.5037580645197437e+01,
       3.7575262150667200e+01, -2.7010609881250616e+01,
       -8.1104095273349071e+00, -7.7005625288317132e+00,
       -4.6519117480234889e-01, 5.5032016923998961e-01,
       8.9536970358041444e+01, 6.6228389371460395e+01,
       -3.1730279128598131e+01, -1.8707788638570964e+01,
       -1.4418133796045433e+01, -3.9100366109739930e+00,
       -2.8059009090472546e+00, 1.0839057511290138e+00,
       -1.8038518842838386e+02, -6.7585401969747181e+01,
       4.7182142557579958e+01, 2.0862079947371974e+01,
       -1.9348221349562415e+01, 5.3763008625030988e+00,
       -1.5131681349069854e+00, 8.5747040936969499e-01,
       1.1820968863231859e+02, -4.9913080969074898e+01,
       -2.6210501258424774e+01, 4.3753754268724933e+01,
       -2.5048528835846433e+01, 9.0116126296606716e+00,
       5.8062663527339731e-01, -3.4568455748212806e-01,
       -1.6907298115404012e+02, -1.6050174941382576e+02,
       5.2763230673083399e+01, 5.2640734414460447e+01,
       -4.1427250645205056e+01, -2.0105109070257562e+01,
       -5.7253536853410019e+00, -1.9560635741460863e+00,
       -1.6003302086562439e+02, 1.1201033617175244e+02,
       1.9411200454114805e+01, -4.7800126654462112e+01,
       -2.3727976845217412e+01, -5.5202714613122579e+00,
       -8.5873324514244298e-01, 1.2724318070752424e-01,
       1.1140012304623933e+02, -5.7251946822581656e+00,
       3.9564590845374674e+01, 1.5781418036684014e+01,
       8.3238438344862349e+00, 6.6772650538522083e+00,
       8.2918800768831935e-01, -2.4585633175931201e-01,
       6.0484911091217084e+00, 9.1001670475796331e+01,
       -9.9550752872590742e+00, -4.3013354375492845e+01,
       1.1572403589793534e+01, -3.6239618013785337e+00,
       1.6315128463710256e+00, -8.6108064894395459e-02,
       1.8837413273715583e+02, 1.8913666345342381e+01,
       -4.8952024837218268e+01, 1.1375091949777277e+01,
       -9.6709416143751099e+00, -6.4239308995063666e+00,
       1.0385027107637743e+00, -3.9167711010161604e-01,
       7.1076376204363285e+01, -1.1087623782248015e+02,
       -2.4883594993947401e+01, -3.6664596270108774e+01,
       1.1928810904473650e+01, 3.6083272010609173e+00,
       1.4014550607382145e-01, -7.7414613619882522e-01,
       5.3740769293276829e+00, -2.0292441786404700e+02,
       1.5275553709021374e+01, 7.1137368892005028e+01,
       1.2677603446854798e+01, -2.8736337969021186e+01,
       -1.5864403696299492e+00, -3.1249758097362386e+00,
       1.3136049733362955e+02, 3.3273760724015156e+00,
       -3.4345665897346500e+01, 1.6357777745710891e+01,
       -2.7049608878343983e+00, -1.3922021874045120e+01,
       -2.8523076236309333e+00, -1.4969022740901945e+00,
       4.5678594438410187e+01, -1.0465461023286144e+01,
       -1.5896249829052426e+01, -2.2209393659832269e+01,
       5.1168657066295111e+00, -3.1368893906575991e+01,
       -5.8992554396304637e+00, 6.4653253584957699e+00,
       9.8384385933979289e+01, -4.6550850641416197e+01,
       -2.2192007322327829e+01, 3.6569420675445947e+01,
       -2.7561991331906952e+01, 2.3955919573388783e+01,
       1.2036605583122573e+00, 1.3210653252525963e+00,
       -5.9201744408600540e+01, -4.3559914394992262e+01,
       2.8405163960439452e+01, 2.0387451554399423e+01,
       2.0664009989541437e+01, 1.6265598897822137e+01,
       1.9768992867811213e+00, 4.5884701034828029e-01,
       8.1203259105667716e+00, 5.8446463380155798e+01,
       1.8561448996203616e+01, -1.7338383182599291e+01,
       2.7269554457096856e+01, -9.4654031483800676e+00,
       -7.3261392350567398e+00, 6.5329502523018057e-01,
       -1.2397715580255939e+01, -5.9233544685140371e+00,
       -4.4136910392810499e+01, 3.7878829144301271e+01,
       1.2942901084061630e+01, 7.0246837143816476e+00,
       1.0541354601681496e+00, 3.8794569652997640e-03,
       -1.2700051757679726e+02, -3.3422206344738605e+01,
       4.0546765739300241e+01, -1.0539182848473802e+01,
       1.9822733602272489e+00, -1.5716263111826253e+01,
       -1.4583408299907767e+00, -2.3743225038428434e-01 ]
