%YAML:1.0
means: !!opencv-matrix
   rows: 39
   cols: 3
   dt: d
   data: [ -7.6341153695447971e+01, -1.2663315227440690e+02,
       -5.3865197916027206e+01, -3.0207573318667933e+01,
       -4.6524439879282511e+01, 6.9898890985318403e+01,
       -1.1179285422144660e+02, 1.7028129070480117e+02,
       2.8528591043707074e+01, 1.7013880789698754e+02,
       5.1051145073667044e+01, -1.3442459467082998e+01,
       6.1889340700952413e+00, 7.4697630291029654e+01,
       -7.7313211667459186e+01, -7.3314167352580455e+01,
       -4.2888823305787575e+01, -4.0541551255116744e+01,
       1.4441267701113608e+02, -1.2383495026053104e+02,
       -1.2493444374013157e+01, -9.9781170413244453e+00,
       -2.6842975330887327e+02, -1.4121710680478968e+01,
       -2.0847777635376485e+02, 1.2507004956354737e+02,
       -3.8300643908095807e+01, -2.7831218519758437e+02,
       3.2246834857060406e+01, 5.2657649206957888e+00,
       3.9620571165222600e+01, -1.0158190721113172e+02,
       -7.6763195759875416e+01, 9.1560160697085252e+01,
       1.1011135632976995e+02, 4.5697605018919845e+01,
       -9.3838231217501544e+01, 6.6358215844837702e+01,
       -3.9290429448056820e+01, 1.3107023627580050e+01,
       -1.3659099639871414e+02, 7.7537622248158433e+00,
       7.9163563718686945e+01, 2.4833857281306191e+01,
       -1.7552175064354280e+01, 1.9760246745752305e+01,
       1.9574167913324558e+02, 2.2537878803240408e+00,
       -1.1246390154214355e+02, -6.5329577100284155e+01,
       1.0070532872412676e+02, -2.1708583704391192e+01,
       2.6835620828685094e+01, -7.0231148801864973e-01,
       1.2477355820879832e+02, -4.7073528503426886e+01,
       -4.4208424194910716e+00, -3.6970867668421953e+01,
       8.2216517605256527e+01, 9.7062924342169268e+01,
       1.7728461913578201e+02, -2.7903346534487252e+01,
       4.0981956084383292e+01, 1.4832848401494962e+02,
       1.6160405039161014e+02, 3.3113681143458095e+01,
       -1.8250073752861064e+02, -3.6908850512662760e+01,
       4.9744748024143249e+01, -5.5168108024821969e+01,
       1.6599065509648833e+02, -6.3767540908890616e+01,
       1.1566552617963282e+02, -3.8951646734800519e+01,
       -8.8238623886074194e+01, 1.0118451625253499e+01,
       -6.7261553106695082e+00, -7.8370211560158040e+01,
       -1.9325942108043492e+02, -4.6160217097037119e+01,
       -1.4575905071774921e+01, 2.5576242411948971e+02,
       3.0818223419666491e+01, 2.2646700358711840e+01,
       2.2177273454410312e+02, -4.3986416374975740e+01,
       -2.1781044378857466e+01, 1.0120238294724922e+01,
       1.0727642037981352e+02, 6.6956555440382921e+00,
       -1.8172230451274166e+02, 6.4058452323141978e+01,
       8.4611713570639786e+00, -9.6684781484898238e+01,
       3.3227982008440634e+01, 4.7618622539425559e+01,
       9.3047055001940976e+01, -1.3674553532616741e+02,
       8.1085896649300579e+01, 9.2641558067979219e+01,
       1.1324267398014615e+02, -5.2858623590222543e+01,
       -1.9825151735062931e+02, -1.4459407123390264e+02,
       3.1870129024740670e+01, 9.5088965221148499e+01,
       -8.0514052589920837e+01, 5.7692241645790631e+01,
       1.9691252713682136e+01, -5.1856105558567378e+01,
       1.1627283228050132e+01, -2.7886785499290227e+02,
       -9.6691428239850339e+01, -1.8418813748207207e+01,
       6.4983763622787748e+01, 2.4530177433234140e+01,
       5.5331155207709557e+01 ]
covs: !!opencv-matrix
   rows: 117
   cols: 3
   dt: d
   data: [ 2.2699162197254632e+03, -6.3157178297779046e+02,
       7.6975311836203829e+01, -6.3157178297779046e+02,
       3.7551082556791416e+03, -9.8557245905004223e+01,
       7.6975311836203829e+01, -9.8557245905004194e+01,
       4.7324035895313625e+02, 1.5007155177023099e+03,
       2.8940616010219350e+02, 3.1874091751425982e+02,
       2.8940616010219350e+02, 5.3339223613705126e+03,
       1.3325024377247313e+01, 3.1874091751425982e+02,
       1.3325024377247315e+01, 5.6935789171588362e+02,
       3.5289543242588452e+03, 4.7826700106164355e+02,
       7.0329396120687261e+02, 4.7826700106164355e+02,
       3.1690456645890827e+03, -7.4159769041288214e+01,
       7.0329396120687272e+02, -7.4159769041288229e+01,
       1.3519408244410984e+03, 3.2646889831690041e+03,
       1.7441367989971923e+02, 5.6434207918125924e+02,
       1.7441367989971914e+02, 2.5329021147196895e+03,
       2.6603159536350245e+02, 5.6434207918125901e+02,
       2.6603159536350245e+02, 1.0897356400204767e+03,
       4.0012403095794543e+03, -1.2606440360684171e+03,
       -2.1282061639248440e+02, -1.2606440360684171e+03,
       1.9147513674216109e+03, 1.3451566140612880e+02,
       -2.1282061639248442e+02, 1.3451566140612877e+02,
       8.6105913679091236e+02, 1.2410920129609319e+03,
       -3.5006832000065901e+02, 2.1955487059957144e+02,
       -3.5006832000065907e+02, 3.5285621414610591e+03,
       -7.0007939856566509e+02, 2.1955487059957139e+02,
       -7.0007939856566509e+02, 1.2326436451870084e+03,
       2.4332629596211250e+03, 2.8547436488445737e+02,
       4.1271067991842892e+02, 2.8547436488445754e+02,
       2.1271921587785901e+03, -8.5767363762216107e+01,
       4.1271067991842881e+02, -8.5767363762216107e+01,
       1.0545107491224283e+03, 3.7455621866476436e+03,
       -6.1327073879905265e+02, 1.8181028291852228e+03,
       -6.1327073879905265e+02, 4.0868384891915025e+03,
       6.7191783041873475e+02, 1.8181028291852224e+03,
       6.7191783041873475e+02, 1.6085262879435627e+03,
       2.3241317579010774e+03, -2.5168791382358884e+02,
       -3.7052922655880330e+01, -2.5168791382358879e+02,
       5.7013085654566885e+03, 6.4898290561861856e+01,
       -3.7052922655880351e+01, 6.4898290561861828e+01,
       7.4299223963890506e+02, 1.6601156766669692e+03,
       -1.0760155259318974e+03, 4.0481448581420227e+02,
       -1.0760155259318974e+03, 5.0747848139599264e+03,
       -2.3763527529051362e+02, 4.0481448581420221e+02,
       -2.3763527529051370e+02, 5.1453893469821719e+02,
       1.3459976407987588e+03, -3.0544105181952443e+02,
       5.6378529764505231e+02, -3.0544105181952443e+02,
       2.4656317486397552e+03, 1.5516795822850924e+02,
       5.6378529764505231e+02, 1.5516795822850924e+02,
       7.9321574207054312e+02, 1.6495431408775369e+03,
       -7.1996869871477736e+02, -1.3448573995602578e+02,
       -7.1996869871477725e+02, 3.2698663124420168e+03,
       2.4243029892198834e+02, -1.3448573995602578e+02,
       2.4243029892198828e+02, 7.6793048824095820e+02,
       2.3228083709063480e+03, 4.8960511739052583e+02,
       2.1027962502804257e+02, 4.8960511739052583e+02,
       2.7957172424987289e+03, -2.0004216720881416e+02,
       2.1027962502804260e+02, -2.0004216720881419e+02,
       1.0168340960765044e+03, 1.9106790073575551e+03,
       -5.8421243722784379e+02, 8.2481847768466116e+02,
       -5.8421243722784357e+02, 2.8741629377467266e+03,
       -1.9269401998305628e+02, 8.2481847768466116e+02,
       -1.9269401998305628e+02, 1.0722306079722309e+03,
       2.6571556136540671e+03, 1.7586929234231604e+02,
       1.3824000845805090e+03, 1.7586929234231593e+02,
       1.8765612593448916e+03, 1.5432632000624142e+02,
       1.3824000845805090e+03, 1.5432632000624139e+02,
       1.3500719912368993e+03, 2.7137236791511032e+03,
       7.6485829998844622e+01, 3.9038313256624821e+02,
       7.6485829998844650e+01, 2.9133582036690086e+03,
       -9.8281552756697337e+01, 3.9038313256624815e+02,
       -9.8281552756697366e+01, 1.3697592456886719e+03,
       1.4014479650357682e+03, -1.2597431736689452e+03,
       2.3027795897360440e+02, -1.2597431736689452e+03,
       9.0569309457905856e+03, 7.0109327522621072e+02,
       2.3027795897360443e+02, 7.0109327522621061e+02,
       4.8421780443795609e+02, 1.7298363594748641e+03,
       1.0299548322994134e+01, 6.0851228770267403e+02,
       1.0299548322994136e+01, 2.0142605255672759e+03,
       2.1088773554267553e+02, 6.0851228770267403e+02,
       2.1088773554267553e+02, 1.1460247002042292e+03,
       1.4472528550548927e+03, 2.4517735634076527e+02,
