%YAML:1.0
means: !!opencv-matrix
   rows: 4
   cols: 15
   dt: d
   data: [ 5.0870362239482056e+01, -1.1655592930036027e+01,
       -6.6302919659127522e+00, 9.3892249554879470e+00,
       1.0490450021538889e+01, 4.6108627915551637e+00,
       9.3620632081918176e-01, -2.1730009241334639e-01,
       -2.3573116530170368e-01, 4.0127790123857379e-02,
       2.5863502694889511e-02, 1.6751652055871799e-02,
       1.9027422292691447e-03, -8.0018554875770243e-03,
       1.8243525448184895e-02, -1.6034580342025123e+02,
       -2.9962519102034701e+01, 4.0663045450833714e+01,
       1.6917640195776737e+00, -9.2909207483909491e+00,
       -5.1796958662552550e-01, -4.3044921224725641e-01,
       6.2434979225858567e-01, -5.4432205495880503e-01,
       1.8865713225890635e-02, -2.3268249566486352e-02,
       -2.9682169452440021e-03, 2.0590771368999886e-03,
       1.4031385405776857e-03, -3.2889038571095228e-03,
       1.0856878246620230e+01, -5.7587182713212385e+01,
       7.1428435789419242e-01, 1.8444388379033477e+01,
       1.1416781828259928e+00, -8.3264969245480458e+00,
       -4.0317187810263997e+00, 4.9080899890985946e-01,
       3.2176079376366333e+00, 9.6240364834481902e-03,
       -5.5944981837060023e-02, -3.6942796846895068e-02,
       -1.7354668763365191e-02, 9.0360682050526966e-03,
       -1.4755420245506851e-02, 4.1435952566398917e+01,
       6.8165123054894508e+01, -2.2074712719005969e+01,
       -2.4577807954223321e+01, -9.8729375918853535e+00,
       -3.2388392844215868e+00, 6.4827928724842887e-01,
       -3.6859000401193837e-01, -6.2484458766070772e-01,
       -7.6105833308869511e-02, 1.5863590037672732e-03,
       -8.2721243445644695e-03, 3.0869821629030511e-03,
       7.7659201164215763e-03, -1.9866053208171523e-02 ]
covs: !!opencv-matrix
   rows: 60
   cols: 15
   dt: d
   data: [ 8.4320382129374448e+03, -7.7734982439261171e+02,
       1.9127707965325401e+03, -1.9584323814187869e+02,
       -1.0845115316750109e+03, -3.4356402721852717e+01,
       -7.3658364473576484e+01, 2.3556351076177027e+01,
       -1.6207960912040640e+01, 9.8356696208621219e-01,
       -1.0522918260506045e+00, -1.6024919849280877e-02,
       8.0883262204446513e-02, -2.8316196229456236e-01,
       7.9795589908096998e-01, -7.7734982439261171e+02,
       8.9915769706384726e+03, 4.8164748850424166e+02,
       1.0915398766208928e+03, 8.2740622585445394e+00,
       -4.9065305916216658e+02, -4.8821797253511406e+01,
       -2.4431930715032880e+01, -1.2196257841725485e+01,
       -7.2108246454494163e+00, -1.0655224498548248e+00,
       -1.4183552653029610e-01, 1.1430690848733127e-01,
       -2.4593716395792126e-01, 2.9640644294661306e-01,
       1.9127707965325408e+03, 4.8164748850424166e+02,
       2.7974539095603709e+03, -1.1139099118655574e+02,
       2.2298067417354770e+02, 2.0985570423028534e+01,
       2.3888078653839401e+01, -7.6716279218316012e+00,
       1.5919563210852892e+00, 2.7117623710400546e-01,
       2.6830345058109606e-01, -3.0626342816324031e-01,
       1.5241320536097374e-02, 1.0984259559392080e-01,
       -2.7311235827241509e-01, -1.9584323814187869e+02,
       1.0915398766208925e+03, -1.1139099118655572e+02,
       2.4407243259918664e+03, -1.2673969098094325e+02,
       1.4950776976075608e+02, 7.6800994976647647e+00,
       1.1715512902140324e+01, 9.5067069347977604e+00,
       -9.1923631306027165e-01, 4.5767997840029567e-01,
       -6.3258385218894694e-02, -2.4136909801004271e-02,
       5.7445133047331155e-02, -4.7450442630657903e-02,
       -1.0845115316750109e+03, 8.2740622585445394e+00,
       2.2298067417354770e+02, -1.2673969098094325e+02,
       5.4920597164309970e+02, -1.2122971970435746e+02,
       -1.3491461501485619e+01, -1.1656221363230575e+01,
       -8.8117967730345530e+00, 5.1785816270025420e-01,
       -8.8235948596152441e-02, -6.2718069908855242e-02,
       -6.8455265254480022e-03, 1.1085753912142673e-01,
       -2.2928256072007189e-01, -3.4356402721852753e+01,
       -4.9065305916216670e+02, 2.0985570423028541e+01,
       1.4950776976075608e+02, -1.2122971970435746e+02,
       2.5459485208101873e+02, -8.2899978397658671e+00,
       2.3254658998447337e+00, 5.0711345113584363e+00,
       -2.2228415640203534e+00, -1.8794757877014798e-01,
       -2.2538022025648921e-01, -1.6366667934033161e-02,
       5.2820449116398063e-02, -1.2573424292956550e-01,
       -7.3658364473576484e+01, -4.8821797253511399e+01,
       2.3888078653839393e+01, 7.6800994976647647e+00,
       -1.3491461501485617e+01, -8.2899978397658636e+00,
       2.3384459135672603e+01, 5.0781623085691385e-01,
       3.5617007835074794e+00, 1.8683247167952097e-01,
       -9.4688824950547538e-03, 5.0186755593011306e-02,
       -3.4365709862809395e-02, 1.2519748959651689e-02,
       -2.2954978296321808e-02, 2.3556351076177020e+01,
       -2.4431930715032877e+01, -7.6716279218316012e+00,
       1.1715512902140329e+01, -1.1656221363230568e+01,
       2.3254658998447337e+00, 5.0781623085691385e-01,
       1.3990904529410914e+01, -7.4240448226008038e-01,
       6.2848995741734104e-01, 1.9128189565802697e-02,
       -6.9479844239873721e-03, 2.5854470248891140e-03,
       1.1900549997600002e-02, -1.2686994171934045e-03,
       -1.6207960912040640e+01, -1.2196257841725487e+01,
       1.5919563210852885e+00, 9.5067069347977604e+00,
       -8.8117967730345530e+00, 5.0711345113584363e+00,
       3.5617007835074794e+00, -7.4240448226008049e-01,
       1.2717159495096440e+00, 8.7632321879543267e-03,
       9.3836661874264100e-03, 1.3838414646463525e-02,
       1.6299579478384424e-02, -2.2743297960563211e-04,
       -5.4209541898408518e-03, 9.8356696208621253e-01,
       -7.2108246454494163e+00, 2.7117623710400535e-01,
       -9.1923631306027209e-01, 5.1785816270025431e-01,
       -2.2228415640203534e+00, 1.8683247167952097e-01,
       6.2848995741734104e-01, 8.7632321879543233e-03,
       2.6818414504559329e-01, 1.3940109355141910e-02,
       1.4151244200448536e-04, 3.1204546968430229e-03,
       -1.1313188552118955e-02, -6.5531238177901803e-04,
       -1.0522918260506045e+00, -1.0655224498548248e+00,
       2.6830345058109595e-01, 4.5767997840029567e-01,
       -8.8235948596152483e-02, -1.8794757877014798e-01,
       -9.4688824950547590e-03, 1.9128189565802690e-02,
       9.3836661874264100e-03, 1.3940109355141906e-02,
       1.9746535089460265e-02, -2.0203523833969858e-04,
       3.8553305897026446e-04, 1.2358670500827026e-04,
       2.6783245628160979e-04, -1.6024919849280859e-02,
       -1.4183552653029610e-01, -3.0626342816324031e-01,
       -6.3258385218894694e-02, -6.2718069908855228e-02,
       -2.2538022025648927e-01, 5.0186755593011306e-02,
       -6.9479844239873694e-03, 1.3838414646463529e-02,
       1.4151244200448534e-04, -2.0203523833969841e-04,
       1.6888272607618303e-03, 4.7820929952891930e-04,
       8.3927621001651806e-05, 4.6710667176005016e-04,
       8.0883262204446527e-02, 1.1430690848733120e-01,
       1.5241320536097360e-02, -2.4136909801004289e-02,
       -6.8455265254480013e-03, -1.6366667934033154e-02,
       -3.4365709862809381e-02, 2.5854470248891132e-03,
       1.6299579478384424e-02, 3.1204546968430229e-03,
       3.8553305897026446e-04, 4.7820929952891930e-04,
       2.2727776911075043e-03, 2.8987929209670216e-05,
       -3.7403689943402466e-05, -2.8316196229456236e-01,
       -2.4593716395792134e-01, 1.0984259559392076e-01,
       5.7445133047331155e-02, 1.1085753912142673e-01,
       5.2820449116398056e-02, 1.2519748959651689e-02,
       1.1900549997599992e-02, -2.2743297960563279e-04,
       -1.1313188552118955e-02, 1.2358670500827021e-04,
       8.3927621001651806e-05, 2.8987929209670226e-05,
       2.1163103766956653e-03, 8.1295701669867689e-05,
       7.9795589908096998e-01, 2.9640644294661306e-01,
       -2.7311235827241509e-01, -4.7450442630657889e-02,
       -2.2928256072007189e-01, -1.2573424292956550e-01,
       -2.2954978296321801e-02, -1.2686994171934051e-03,
       -5.4209541898408518e-03, -6.5531238177901803e-04,
