%YAML:1.0
means: !!opencv-matrix
   rows: 48
   cols: 3
   dt: d
   data: [ 1.0863421295385584e+02, -1.0465436812765600e+02,
       -2.3682467019697199e+01, -2.5738920763694590e+01,
       1.7604335727085740e+02, -3.8834107387003463e+01,
       2.1883013531465213e+01, 1.4395119481527676e+01,
       3.1884728052895785e+01, -1.2435353977881573e+02,
       -1.7359667550292468e+02, 4.4721144442554717e+01,
       -1.2426131170792482e+02, -1.9494456827386838e+01,
       4.0815067089141365e+01, 6.2090980265411879e+01,
       1.7341433927955700e+02, 1.3749723528702958e+01,
       2.1305783608707372e+02, 1.6227760015809949e+01,
       1.9944818593329106e+01, -2.6727913168197676e+02,
       7.5126298779455553e+01, -2.7436502204058499e+01,
       -3.4974322448670456e+01, -1.1227584661144871e+02,
       1.0080211307859710e+02, 1.2746286781233300e+02,
       7.7226076627935370e+01, 1.6118724056592381e+01,
       1.2708266964048502e+02, 3.0420096555443507e+01,
       -2.2149968630218424e+01, -3.5018682350308072e+00,
       3.4798231510908046e+01, -8.8386226274981269e+01,
       1.5113632626692882e+02, -1.1850481211202884e+02,
       2.7469144253620463e+01, 6.2626598366408714e+01,
       -3.0139339477367077e+01, -3.3397947459081706e+01,
       1.6889701017458862e+02, 3.1592224386638758e+01,
       4.7536355505610352e+01, -8.5172556371451805e+01,
       1.2457284508437431e+02, 6.8258318519688572e+01,
       2.2184930964496908e+02, -2.6073738353395434e+01,
       4.4309327243015836e+01, -2.6600354540212476e+02,
       -3.2897378981473480e+01, -2.6300263754919467e+01,
       1.4744180879704254e+02, -7.6547625736136439e+01,
       5.3784486968832844e+01, 3.4151117075690138e+01,
       -6.6039590114110567e+01, 3.8860416524891527e+01,
       3.4602148587342313e+01, 1.0409726297776734e+02,
       -9.6698934016111778e+01, -9.3135337763649204e+01,
       -1.0726067642927896e+02, -3.9904377663241867e+01,
       -2.6230694030997000e+02, 1.1279076642674900e+02,
       1.7509645816866523e-01, -8.7728793820640249e+01,
       1.0585984490126995e+02, -4.8295792102822261e+01,
       -5.6656894288775071e+01, 2.9844380631822716e+01,
       -2.7806796121648762e+01, -2.0002046689626072e+00,
       -1.2113752008666137e+02, -1.2262318903972837e+01,
       2.1298204599519451e+02, 8.3610450262014922e+01,
       -3.8041016408256580e+00, 7.1738420387149290e+01,
       7.1470330416240117e+01, 4.8636659130385027e+01,
       -9.6787921044358598e+01, -1.5707427398756950e+01,
       -6.5356530967541957e+01, 9.8073023545654863e+01,
       -2.6480120574182422e+01, -7.7252216533331151e+01,
       -7.3490751958963557e+01, -3.1354281984154987e+01,
       8.6049021411704203e+01, -1.1741373827500989e+02,
       -1.1454941151155985e+02, 5.7166542875565149e+01,
       -2.3153476171387746e+02, -1.6489553750544823e+02,
       -3.7009324616938969e+01, 5.1172793377029727e+01,
       5.4071457916289397e+01, -6.9397667095419891e+01,
       -3.9978224807776861e+01, -3.8741636220370317e+01,
       -1.4825770267840795e+01, -3.8575972532402240e+01,
       -1.8654303483204384e+02, -2.8971879326634053e+01,
       2.1733145194501375e+00, -7.5949353043941926e+01,
       -9.2025570464993748e+01, 6.0397254444252212e+01,
       -1.6511824896839482e+02, 3.8843722200037391e+01,
       1.2978662800603789e+02, -3.9415762017577414e+01,
       1.0552755187522079e+01, -1.9625741392644437e+02,
       1.1631125743336716e+02, 3.7638811141373488e+01,
       9.5601559350189035e+01, 2.5117891827820053e+01,
       7.8193416495127408e+01, -2.8276669489527531e+01,
       3.6798825366553643e+01, 1.0286069285550052e+02,
       1.1343250210194154e+02, 1.0669426311852912e+02,
       -3.5859993927921003e+01, -1.4374377059168151e+02,
       4.6779925927617882e+01, 8.6434618200973944e+01,
       -2.2803812060878712e+02, -3.2735149560717062e+01,
       3.9145195135602208e+01, -6.2508572429839209e+00,
       1.0528645899551299e+02, 6.6538446928537081e+00,
       -1.9931109232039910e+02, -9.6639582516692812e+01,
       -7.9414936501278897e+00, -1.7144371652644367e+02,
       3.6454190161792809e+01, 8.5393483778782009e-01 ]
