%YAML:1.0
means: !!opencv-matrix
   rows: 32
   cols: 1
   dt: d
   data: [ -5.8232253260546834e+01, 1.2456535905514971e+02,
       -2.0123649881652835e+02, 3.5734883138859878e+01,
       2.1322166378629760e+02, -9.3635871586984550e+01,
       -3.3331240092430716e+02, 1.0682610811267038e+02,
       -8.5478052471827723e+00, -1.5482630881568824e+02,
       1.8868723746266417e+02, 2.0279032390559017e+01,
       3.0440183136102576e+02, -3.0262793447781831e+02,
       6.4474656215045400e+01, 2.4055691631228009e+02,
       -4.0717472885145312e+01, -1.1246529837124676e+02,
       -2.7209548783398259e+02, 1.6530731366461887e+02,
       -2.4568166655398016e+02, 5.0872525220310123e+01,
       -1.7773104329867871e+02, 2.7227010189377080e+02,
       -2.4220499293878760e+01, -1.3247771095581416e+02,
       7.7576367845917090e+01, 9.1838894281875326e+01,
       -7.5713815673369552e+01, 6.2311511139137785e+00,
       1.4406387057371455e+02, -2.2534310851571394e+02 ]
covs: !!opencv-matrix
   rows: 32
   cols: 1
   dt: d
   data: [ 8.1853790115860605e+01, 7.5262097560101253e+01,
       1.1649657556186528e+02, 5.0817693406020446e+01,
       1.7529330399533637e+02, 7.7712908821481861e+01,
       7.7086387636929123e+02, 6.3640100518138112e+01,
       5.4987204709786745e+01, 1.0794109646207571e+02,
       1.3559308987482507e+02, 5.3408143777204835e+01,
       8.1249898391254180e+02, 3.6296926790811182e+02,
       5.1649345978191398e+01, 1.9980789949084917e+02,
       7.0882330401297097e+01, 7.7347479925152811e+01,
       1.8933811494055232e+02, 1.0477867283551180e+02,
       1.5856265804912772e+02, 5.0435673783628935e+01,
       1.2332758365883967e+02, 3.3984433945223384e+02,
       6.0911662183486804e+01, 9.1005138551784611e+01,
       5.1087436778263218e+01, 5.7186830090468781e+01,
       8.4587907797999918e+01, 5.4017840315609277e+01,
       9.2014650290204699e+01, 1.2530192183287988e+02 ]
weights: !!opencv-matrix
   rows: 1
   cols: 32
   dt: d
   data: [ 4.3378494734567813e-02, 4.3001641053072290e-02,
       2.5390277356347447e-02, 4.4366596149992159e-02,
       2.2815951141242314e-02, 4.2555231510714393e-02,
       5.9498525648127853e-03, 4.2203703755605539e-02,
       4.0078864090543995e-02, 3.0517170243299072e-02,
       2.9219437270081118e-02, 4.1591108079533361e-02,
       7.0150059785339608e-03, 1.0530611320948419e-02,
       3.7329499132482770e-02, 1.5448445924691894e-02,
       4.3041359716198310e-02, 3.5344563215352710e-02,
       1.5751662621634112e-02, 3.5630178007667261e-02,
       1.5491942710651860e-02, 4.1912498668876599e-02,
       2.7632526806334597e-02, 1.1010053656425071e-02,
       4.0806295314995238e-02, 3.5668496265543581e-02,
       3.7405308154805125e-02, 3.8780723328739393e-02,
       4.1516858442901081e-02, 4.1315755555548513e-02,
       3.7047295914997620e-02, 2.0252591312847956e-02 ]
pca_proj: !!opencv-matrix
   rows: 1
   cols: 21
   dt: f
   data: [ 1.02604255e-02, 8.46533298e-01, 5.67100069e-05,
       -5.08859605e-02, 4.68450844e-01, 1.89823491e-04, -5.55210514e-03,
       1.46431834e-01, -1.98076777e-05, -7.31809530e-03, 1.34976640e-01,
       -4.80776835e-05, -6.69380091e-03, 1.46460637e-01, -1.57161594e-05,
       2.11501210e-05, 1.32904761e-05, -3.16381829e-07, -1.62182951e-05,
       4.47223283e-04, 4.04881848e-06 ]
pca_mean: !!opencv-matrix
   rows: 1
   cols: 21
   dt: f
   data: [ 4.33646118e+02, 2.44701981e+02, 1.49672687e+00,
       4.18191803e+02, 2.60206879e+02, 1.62062907e+00, 3.68545319e+02,
       2.27059875e+02, 1.69770968e+00, 3.19420807e+02, 1.63929108e+02,
       1.75046074e+00, 3.16613464e+02, 2.25532654e+02, 1.70717156e+00,
       1.08872897e-04, -9.74175637e-05, 6.24380555e-05, -2.17504916e-04,
       -2.50119597e-01, 1.75055194e+00 ]
gamma: !!opencv-matrix
   rows: 32
   cols: 1
   dt: d
   data: [ 7.8123420668175603e-01, 8.2155696225536978e-01,
       8.6184850893088527e-01, 7.7042050476870194e-01,
       8.6807805295272344e-01, 8.0189866171928881e-01,
       9.0871869807489458e-01, 8.1042399208179028e-01,
       7.6366860679825344e-01, 8.3894110380321540e-01,
       8.5689746452131665e-01, 7.6570970771423663e-01,
       9.0265214687151840e-01, 8.9876083773971105e-01,
       7.8432797665462228e-01, 8.7877288596665293e-01,
       7.7261939561081239e-01, 8.1359292958495855e-01,
       8.8877081550554171e-01, 8.4498720894458157e-01,
       8.7981344364486147e-01, 7.7707757588208870e-01,
       8.5101714104485127e-01, 8.9040721180371729e-01,
       7.6667849788282516e-01, 8.2597375343756207e-01,
       7.9198050866524383e-01, 8.0091370161141029e-01,
       7.9114663546800712e-01, 7.6352583575130162e-01,
       8.3326768423599418e-01, 8.7194023767782614e-01 ]
