%YAML:1.0
means: !!opencv-matrix
   rows: 13
   cols: 5
   dt: d
   data: [ -1.1756675607451284e+02, 9.9783728176473204e+01,
       1.6549696794403889e+01, -4.7662810387133014e+01,
       -6.5603786238149366e+00, 2.6680260837246845e+01,
       -7.3975685040274996e+01, -6.0509632993751845e+00,
       4.8032350783987070e+01, 1.8808026799109484e-01,
       -4.2760080172758830e+00, -1.6373739315308111e+01,
       2.3625352722817143e+00, 3.7026062715796337e+00,
       3.4146685202427477e+01, 3.4808375091104020e+00,
       -1.5131512137731329e+02, 1.5639605511861680e+01,
       5.9073924005031607e+01, 1.7441797696138810e+01,
       1.4464194735190370e+02, 1.4588258510132890e+01,
       4.7543560011371255e+01, -1.9857900420634245e+01,
       2.5450497541416266e+00, 3.1047319546438743e+01,
       1.2028459754951591e+02, -2.7863573049188339e+01,
       -4.7499365695591301e+01, -1.0468347570531796e+01,
       -1.8156859541513575e+02, -7.9833053672188470e+01,
       4.8023216477748861e+01, 2.5113945004517298e+01,
       -2.3632666084803187e+01, 1.6643163639035905e+02,
       1.0159216949460863e+01, -4.8777398383238662e+01,
       1.6883316768742613e+01, -1.1755384071065730e+01,
       -6.4895264907017264e+01, -1.0465982966821004e+01,
       7.7708918648977175e+01, -1.3251623782445035e+01,
       4.2892022273437638e+00, 9.9392118455100743e+01,
       -4.4360815850382771e+01, -2.2104201219339782e+01,
       3.7837661623653318e+01, -2.7267230802739039e+01,
       4.4229309837438230e+01, -5.2578067525653246e+01,
       -4.1101464710297947e+01, -4.6456783759859249e+01,
       1.5133954166728381e+00, -1.9227481501366631e+02,
       -4.2112767963758300e+00, -5.1175133868832683e+00,
       4.6124401963795094e+00, 5.5286973450711194e+00,
       3.4138794320360468e+01, 8.2592291427534647e+01,
       -2.3063249218604160e+01, 1.9484391093280554e+01,
       3.4039547942577824e+00 ]
covs: !!opencv-matrix
   rows: 65
   cols: 5
   dt: d
   data: [ 6.5141104090879098e+03, 4.4112480264219340e+02,
       2.4614957392249680e+03, -8.5343930111679890e+02,
       2.5626197084419641e+02, 4.4112480264219340e+02,
       7.1555280538561738e+03, 3.4073422564724825e+02,
       2.3691379952857747e+03, -1.3441641793868106e+02,
       2.4614957392249680e+03, 3.4073422564724831e+02,
       2.6047952354903473e+03, 2.4052246328886703e+01,
       -5.0558289349477832e+01, -8.5343930111679890e+02,
       2.3691379952857747e+03, 2.4052246328886703e+01,
       1.6562659680937970e+03, 6.8496784376567419e+01,
       2.5626197084419641e+02, -1.3441641793868106e+02,
       -5.0558289349477832e+01, 6.8496784376567433e+01,
       1.9072070464683313e+02, 8.3237853219982226e+03,
       -8.7480965363014525e+02, 1.6584532701376456e+03,
       -2.1406638094519030e+02, -1.7093979063745431e+02,
       -8.7480965363014525e+02, 6.0005547787022397e+03,
       9.3217990278484831e+02, 2.4613455117870790e+03,
       -2.5854235191823530e+01, 1.6584532701376452e+03,
       9.3217990278484854e+02, 2.1579988724258283e+03,
       -1.6178347047277558e+02, -3.6586046679967993e+01,
       -2.1406638094519022e+02, 2.4613455117870790e+03,
       -1.6178347047277563e+02, 1.4737049831640240e+03,
       6.4484484642999831e+01, -1.7093979063745431e+02,
       -2.5854235191823530e+01, -3.6586046679968007e+01,
       6.4484484642999803e+01, 4.3912294291912588e+02,
       4.8749570777682984e+03, -6.9599380264380932e+02,
       2.8238504385721631e+03, -5.8941010927242735e+02,
       -1.3605805524835702e+02, -6.9599380264380932e+02,
       8.9830198912161904e+03, 2.1525538535744690e+02,
       1.4225382652751180e+03, -2.6523485355645602e+02,
       2.8238504385721631e+03, 2.1525538535744681e+02,
       2.3769066307049820e+03, 1.3407524556652632e+02,
       -1.8118155192646348e+01, -5.8941010927242735e+02,
       1.4225382652751180e+03, 1.3407524556652626e+02,
       2.0889151133176420e+03, 1.1255961715990883e+02,
       -1.3605805524835708e+02, -2.6523485355645602e+02,
       -1.8118155192646356e+01, 1.1255961715990878e+02,
       1.2094360366804986e+02, 5.4024669586035043e+03,
       -1.0513581213296461e+03, 2.8771060107203589e+03,
       -8.7104065962802827e+02, 1.3854011243101960e+01,
       -1.0513581213296459e+03, 1.1321484567912892e+04,
       1.4705926517711937e+03, 1.4837488932596050e+03,
       1.2435544385217577e+03, 2.8771060107203589e+03,
       1.4705926517711937e+03, 2.3628167131568207e+03,
       -2.3854373997651135e+02, 1.5302860443204602e+02,
       -8.7104065962802838e+02, 1.4837488932596050e+03,
       -2.3854373997651146e+02, 1.9842041937768429e+03,
       -2.8999201205751490e+02, 1.3854011243101940e+01,
       1.2435544385217577e+03, 1.5302860443204605e+02,
       -2.8999201205751490e+02, 3.9986958231584850e+02,
       4.5034054353581132e+03, -6.5628435874785293e+02,
       -9.0030849659831870e+02, 6.8606139414307688e+02,
       -4.9828845192508516e+02, -6.5628435874785293e+02,
       1.0572933581389991e+04, 3.9582867468159492e+02,
       3.5728220779040879e+02, -9.6598858976790027e+01,
       -9.0030849659831870e+02, 3.9582867468159486e+02,
       6.4750999734763025e+02, 4.1350414481315124e+02,
       1.9828440823217471e+02, 6.8606139414307665e+02,
       3.5728220779040879e+02, 4.1350414481315119e+02,
       2.3342236530283139e+03, -5.3100042047941365e+01,
       -4.9828845192508516e+02, -9.6598858976790041e+01,
       1.9828440823217471e+02, -5.3100042047941365e+01,
       2.6163943589002452e+02, 7.0713746372799596e+03,
       -4.5248854310172965e+02, 2.3680949416611957e+03,
       -1.6125212803179173e+02, 4.1517992462514762e+01,
       -4.5248854310172976e+02, 6.5355520285156636e+03,
       6.8962201017356904e+02, 2.3719300657371059e+03,
       7.2029874828602729e+01, 2.3680949416611952e+03,
       6.8962201017356904e+02, 2.5552319676377124e+03,
       -2.7388259393525630e+02, -1.0936196505659412e+02,
       -1.6125212803179176e+02, 2.3719300657371059e+03,
       -2.7388259393525641e+02, 1.8223468896192869e+03,
       7.2531803790330486e+01, 4.1517992462514776e+01,
       7.2029874828602715e+01, -1.0936196505659412e+02,
       7.2531803790330486e+01, 3.8323654226649587e+01,
       5.6179778562545007e+03, -7.7536009712149564e+02,
       2.9097544712709155e+03, -5.8162503449230508e+02,
       -1.1045994794962989e+02, -7.7536009712149564e+02,
       8.2721350017279583e+03, 8.3432361060319431e+02,
       1.7123013462796905e+03, 5.9130616747012414e+02,
       2.9097544712709155e+03, 8.3432361060319420e+02,
       2.3099622619503589e+03, -3.8988703674220112e+01,
       -4.7615352719706038e+01, -5.8162503449230508e+02,
       1.7123013462796901e+03, -3.8988703674220105e+01,
       2.0553791303279017e+03, -2.4718128068081111e+02,
       -1.1045994794962986e+02, 5.9130616747012414e+02,
       -4.7615352719706038e+01, -2.4718128068081111e+02,
       2.0250752195742012e+02, 5.9440493684449757e+03,
       -3.8041182037196302e+02, 2.7384422342526927e+03,
       -6.9258891989183610e+02, -3.5410314375026978e+01,
       -3.8041182037196324e+02, 7.1207170468287895e+03,
       6.4977469835140641e+02, 2.1338039712737259e+03,
       2.3448537272841827e+00, 2.7384422342526927e+03,
       6.4977469835140641e+02, 2.3254012481017016e+03,
       -1.6238000196711911e+02, -9.5451161900815279e+01,
       -6.9258891989183610e+02, 2.1338039712737259e+03,
       -1.6238000196711911e+02, 1.7778127160997710e+03,
       7.2133322212170640e+01, -3.5410314375026964e+01,
       2.3448537272841818e+00, -9.5451161900815265e+01,
       7.2133322212170626e+01, 4.3291781965877156e+01,
       5.0317874957537324e+03, -7.4434832929276160e+02,
       2.4023700953522291e+02, 5.7435381419971418e+02,
       8.1087552818371853e+02, -7.4434832929276160e+02,
       7.9249092228514201e+03, 8.8044959528408742e+02,
       1.9313570740740984e+03, 3.5928143528375941e+01,
       2.4023700953522291e+02, 8.8044959528408742e+02,
       8.4063399358116874e+02, 2.5603076290012382e+02,
       -1.3048764528722279e+02, 5.7435381419971429e+02,
