%YAML:1.0
means: !!opencv-matrix
   rows: 15
   cols: 12
   dt: d
   data: [ 2.1553282360919727e+01, -5.5425625365025525e+01,
       1.0448339761443624e+01, 1.9189241738561215e+01,
       2.1955906700150727e+01, 6.0616027600013762e+00,
       3.9840990699817578e+00, -4.4556126329852835e-01,
       3.0811667558049749e-01, 1.1228271575202008e-01,
       -1.4746169394616567e-02, 2.5007490081727861e-02,
       7.3600193674943142e+01, 1.1783327377435488e+02,
       -3.2586411674164907e+01, -3.8822644896874849e+01,
       -1.0137817451564406e+01, 2.7100459598710023e+00,
       1.9181714224537327e+00, 2.5571780456636473e-01,
       -2.3397196195456177e-01, -2.9356118976558604e-01,
       3.9964703266715383e-02, -2.6862256659674490e-02,
       -1.2110586965301962e+01, 2.5802092386238216e+00,
       -6.8450483880397806e-01, -1.1231915736273757e+01,
       1.4969878304087905e+00, -5.5677827703077032e+00,
       1.1324926798932873e+00, -1.2482525059751601e+00,
       2.8678376183779033e+00, 1.9703782668211092e+00,
       1.9431821800350060e-01, -2.3501880064029798e-01,
       4.9539052283295810e+01, 1.5694246424653299e+01,
       -1.2270115573281107e+01, 7.4832196776307871e+00,
       2.0379965428588449e+01, 7.1556264553135325e+00,
       -4.5520846550938465e+00, -9.8067573741756187e-01,
       -1.2842031683262307e+00, -8.3606480702091340e-02,
       3.8404924493124111e-03, 6.7692053355693340e-03,
       -1.8088500832477524e+02, -4.2074501709569297e+01,
       3.9190733025933191e+01, 3.3211416906002138e+00,
       -7.4432692052712852e+00, 2.4219191433974685e+00,
       -2.2069601062011381e+00, 2.5383933461323499e-01,
       3.5435081703109095e+00, 7.7109831373375215e-01,
       -1.3959634753497510e-01, -5.7845902286305005e-02,
       1.2577772880391855e+02, -3.3930003513438535e+01,
       -2.9529372433173847e+01, 3.2645064807910281e+01,
       -2.0458136371685974e+01, 1.1902128001296910e+01,
       2.7465438092307060e-01, 5.3837909199429490e-01,
       2.3048477011333529e-02, 9.0221003510564196e-02,
       1.9000294951867144e-01, -1.3009415573333075e-02,
       5.3046800078180540e+00, -1.8924139967751418e+02,
       1.5627223670409354e+01, 6.6343252770437616e+01,
       1.1104670511250328e+01, -1.8779520485907838e+01,
       -1.6708985904021685e+00, -1.0326347536944382e+00,
       2.9660931602245127e-01, -1.2044538762608754e+00,
       1.6610269345236128e-02, -7.9353295446038419e-02,
       -1.5952772328612247e+02, -5.7311058228016396e+00,
       4.1175645432332246e+01, -8.8933511443947140e+00,
       -3.0556041102960325e+00, -1.5823451154447229e-01,
       3.0281793889335190e-01, 1.0671262382432709e+00,
       -1.0730281794554024e+00, -3.2122853549194016e-02,
       -4.8138639168264413e-02, 8.4056465076007870e-03,
       2.5281264016445061e+01, 1.8020704076242410e+01,
       -3.6576402707506426e+00, -1.6379027492720535e+01,
       5.2783028749687224e+00, -1.0290085576253551e+01,
       -7.2691636725446438e+00, 2.2569489521913892e+00,
       6.2651456777099712e+00, -7.2549829450210324e-02,
       -8.0365244459008681e-02, 2.5850513647322899e-02,
       2.7887565745260002e+01, 5.8751268879229514e+01,
       -8.8465691452812081e+00, -2.7739626983445596e+01,
       1.3542240459851721e+01, -9.8936747069944850e+00,
       3.0297145484230690e+00, -2.2323989010516215e-01,
       -2.5584757288941784e-01, 2.5724763319758059e-01,
       1.0383213765869105e-01, 1.0538129082959287e-02,
       4.6978944045795316e+01, -4.4101630347267864e+01,
       -7.5925922656203779e+00, 2.1343177075539014e+01,
       -1.6357387222312198e+01, -4.4114048242079287e+00,
       5.4860134593557375e-01, -3.5233532531607858e-01,
       -1.0497971583445351e+00, 2.4959448330551570e-01,
       -3.1447055868829493e-01, 1.3075267333013023e-02,
       -1.5623364392622429e+02, -9.6441444982809671e+01,
       4.4321044321783411e+01, 3.6886693004315397e+01,
       -2.6551978611896118e+01, 2.0757195405442688e+00,
       -2.3589131088816098e+00, -4.0899329309070220e-01,
       -6.8354344851770332e-01, -1.1996500333640774e-01,
       1.4214617608293498e-01, 2.1370519301626117e-02,
       -5.3286284130710619e+01, 9.8677917666905046e+01,
       -5.6193583885475711e+00, -5.1840035264016727e+01,
       6.5435112574262766e-01, 2.4565534858525671e+00,
       1.5055707228143378e+00, -6.8479753574117175e-01,
       -3.9666755924099156e-01, -1.6058002188120407e-01,
       -4.4348110213875191e-02, -6.5669289325303495e-03,
       1.3965022223381482e+02, -7.3292280577341895e+00,
       -3.4750037330991795e+01, 9.5191173208635451e+00,
       -5.9573360779505347e+00, -7.9314721135461728e+00,
       9.1570566121265562e-01, 1.5283459588473869e-01,
       -4.9646641900263000e-01, 1.4831943346005214e-02,
       -4.9745558571132879e-02, 3.0749640435904606e-02,
       -1.5086894604891722e+02, 1.1218200905915160e+02,
       1.3864503107627609e+01, -5.1399596274113335e+01,
       -2.0701711701112675e+01, -6.5452127369022080e+00,
       -3.2017648431867274e-01, -4.5893737647503391e-01,
       -1.1298109175684004e-01, -2.6991935932387146e-01,
       1.2131273787788954e-01, -2.5710567864123339e-02 ]
