%YAML:1.0
means: !!opencv-matrix
   rows: 18
   cols: 13
   dt: d
   data: [ -2.0487712381269830e+02, 1.8784524005215479e+00,
       4.1095175514723557e+01, 2.6953404736514379e+00,
       -8.5070363334297276e+00, 9.4380118026917525e+00,
       -2.3747817613631241e+00, -3.5459228770833011e+00,
       -1.3809448925315668e+00, 3.5847176368990685e-01,
       -3.1129074018311349e-02, -8.9707760887885887e-02,
       7.0188831856565271e-04, 5.6796990763681535e+01,
       2.6634988321926905e+01, -6.9119450790188663e+00,
       2.4595756637644621e+00, 1.4495639645958299e+01,
       7.3433163656410336e+00, 3.4469748441419661e+00,
       1.2253713125887408e-01, 9.3458422774412048e-02,
       2.1736390003434559e-02, 2.0395709882586772e-02,
       3.7160185930820461e-02, 4.3107304187893570e-03,
       -6.5999632962592871e+00, -3.8389610413187071e+01,
       1.6740471887862067e+00, 3.2389554769334239e+01,
       -1.9355893591468012e+00, 2.7050611459814231e+00,
       -4.6844049337622534e-01, 6.2974515765703523e-02,
       -3.7136793464676410e-01, 3.3209015340057141e-01,
       -2.1632267910150110e-01, 7.8686579525654485e-02,
       -6.2076098789866840e-03, 8.1169882334819235e+01,
       1.7349856828287439e+01, -2.3560234699045754e+01,
       -3.2854558019468527e+01, -2.5267344273583728e+01,
       -2.0495956681445783e+01, 1.1533684007175975e+00,
       -2.8843682332743890e+00, 3.1379097063979661e-01,
       -1.6396764817160972e-02, 1.0082745483631134e-01,
       -6.4042830161097604e-03, 2.0829422244947938e-03,
       -1.6709505541360502e+02, -7.5352420830263958e+00,
       4.0962491191954413e+01, 9.0599429966070559e+00,
       -5.5281932836943408e+00, 2.7284035339585704e+00,
       1.1356466919316119e+00, 1.4174136400915309e+00,
       6.2917136398439200e-01, -1.3560626258189296e-01,
       -1.0576137745992374e-01, 8.6744469235884858e-03,
       6.3911248629576322e-03, -6.5563585696480530e+01,
       -4.4292947417342496e+01, 2.3691869027049545e+01,
       2.6752852585851691e+01, 1.2238901144006908e+01,
       -8.9745929604811998e+00, 2.3300812512716553e+00,
       -3.0413800049884249e-01, 2.3440143979019612e-02,
       2.1287971832926678e-02, 7.0435086289798751e-04,
       9.5323810662804979e-03, 4.3661622301088580e-03,
       1.8454045239196642e+01, 1.5518982712063183e+02,
       -4.5080564955657054e-01, -8.6132698071729450e+01,
       1.5535396887726908e+01, 1.5707509187383502e+01,
       -4.0191986393355700e-01, 2.3863563967945050e+00,
       1.8768429647176075e+00, 4.1739481192942007e-01,
       -6.0975291566627933e-02, -3.0470761353321198e-02,
       1.1150988176960727e-03, -1.0099761279701187e-01,
       5.5762249764195381e+01, 1.7532644450826051e+00,
       -3.9862616913632934e+01, 9.9002860180187593e+00,
       -2.0332782621399190e+01, 2.8101608928720481e+00,
       1.2513079328753112e+00, 2.9427666645420741e-01,
       1.9669584047338118e-01, -1.1674595570197352e-02,
       -1.0282299767700454e-03, -5.6927218970128026e-05,
       4.6850477296835820e+01, -2.8855772963550919e+01,
       -1.3190322448132065e+01, 7.8867220693260931e+00,
       1.6831786583724423e+01, 6.2918743353248363e-01,
       -2.5477338638380336e+00, 1.4913276328717082e+00,
       7.1813826407752102e-01, -4.3800347642716238e-02,
       3.8523668724526249e-02, -7.2504835723582141e-03,
       8.3244882758774907e-03, 1.6238905869552264e+02,
       2.1679603552338396e+01, -4.3529560341779096e+01,
       -2.1052043101597302e+01, -1.4621841636093128e+01,
       2.7281949964610215e+00, 2.9774884715190435e+00,
       -1.5970933477294968e+00, 8.1961595510956020e-01,
       1.5440991162972437e+00, -3.3894742841051639e-01,
       -8.0957413804913794e-02, 1.0371960559499384e-02,
       8.6081335214674311e+01, 1.0974438370957538e+01,
       -2.5738123507424945e+01, -2.9318118546275947e+01,
       -2.7877716529464614e+01, -1.6431757025821710e+01,
       3.4940823545817606e-01, -1.2612008009305284e+00,
       6.1631520526988420e-02, -1.1118165567654065e-01,
       1.0839892433489655e-01, 2.7284752530896449e-03,
       -6.7402626755094102e-04, -9.9672520384461208e+01,
       3.4384974884175911e+01, 3.1028844704388700e+01,
       -2.4326926512703007e+01, 1.0321433525415934e+01,
       -1.3561809848044037e+01, -4.8991583131487122e+00,
       -7.5285556954766015e+00, -3.9498454812707720e+00,
       1.3224650341675115e+00, -1.4716694061804725e-01,
       1.4599378006171599e-02, -2.5842144900353269e-02,
       3.4410068385175705e+01, 2.1624058016692697e+01,
       3.4932127995874014e+00, -1.4753892456665620e+01,
       1.1550365137067182e+01, -1.9514897733763510e+00,
       -6.2253626998309244e+00, -3.0019642050380715e+00,
       -5.3620624447512988e+00, -1.1358209712681133e+00,
       -1.6911534350177843e-01, 4.3538228325736068e-02,
       -4.3296697013325718e-02, 1.4387717924461774e+02,
       -8.5419514021820238e+00, -3.8722434997972940e+01,
       7.7333232964326326e+00, -5.8986188046076222e+00,
       1.1763268008820736e+01, -1.2905652212965348e+00,
       1.3860121091095918e+00, 2.0878432470536346e-01,
       -9.8955936741404495e-03, 1.0037115585653365e-01,
       -2.7825095519556725e-02, -5.9926715169351394e-03,
       -1.3637015326414024e+02, -1.0417105294988664e+02,
       2.4908244526970631e+01, 6.6421591146266408e+01,
       -1.6989186143149123e+01, -1.0509681988049135e+00,
       1.2046668144306932e-01, -1.3328934785594437e+00,
       8.1290385083344729e-01, -3.4791082522361022e-01,
       7.0348170955469996e-02, -3.5426055163967278e-03,
       -3.3106077695484555e-03, 1.5353170989581014e+02,
       1.8691593006443359e+01, -3.7929151119816694e+01,
       -1.9808296948842365e+01, -9.3543554440680197e+00,
       1.8041094490216913e+01, -5.3381468980234494e+00,
       -4.5880402109002940e+00, -4.4577132583962422e+00,
       -6.8266171506766371e-01, -6.7493688044099873e-02,
       -1.0664500266471906e-01, -2.7111868502930368e-02,
       -1.9293651172333418e+02, 8.6902002194812070e+01,
       4.0468110038252590e+01, -5.0046514413921898e+01,
       -2.3079463612971768e+01, 1.2169554582415431e+01,
       -2.8788421758346003e+00, 1.8923136134237932e+00,
       6.8985405374343700e-01, -5.5951206232340282e-02,
       4.7349947814994256e-02, 7.9366288249014243e-03,
       2.4670108242464189e-03, 3.6873162906291711e+01,
       -9.7763697864185744e+01, -1.0169099708074711e+01,
       6.7572420095963651e+01, -4.1111964777950325e+00,
       -1.0057122212719325e+00, 2.0484551757244440e+00,
       -3.2155093669038964e-01, -5.9123201617970279e-02,
       -1.4269986230389983e-01, 1.4774614218042818e-02,
       -1.6615325229477555e-02, 3.0195413271142651e-03 ]
