%YAML:1.0
means: !!opencv-matrix
   rows: 13
   cols: 1
   dt: d
   data: [ 1.4670626067238101e+02, -1.8946532711700175e+02,
       -1.0909524015609419e+01, -9.5403544257314721e+01,
       6.7152803794707438e+01, 2.3409296523933500e+02,
       -2.9079552873558532e+02, 1.8621441200156715e+02,
       -5.2872636035120429e+01, 1.0528722854535137e+02,
       -1.4015099206757313e+02, 2.9223269711107903e+01,
       -2.3859438926533616e+02 ]
covs: !!opencv-matrix
   rows: 13
   cols: 1
   dt: d
   data: [ 4.6242388323876497e+02, 6.7791667437527121e+02,
       4.0612695603445366e+02, 4.6731135371236996e+02,
       3.7120314581827847e+02, 1.2437075847639348e+03,
       1.5587734499372252e+03, 6.3125642823418457e+02,
       4.5229414854706323e+02, 3.7742360901716359e+02,
       5.1918129748506351e+02, 3.9555025848971724e+02,
       1.0049654908447365e+03 ]
weights: !!opencv-matrix
   rows: 1
   cols: 13
   dt: d
   data: [ 8.4437062233745974e-02, 5.6056257354055714e-02,
       1.1039109949380670e-01, 8.4524954372120542e-02,
       1.1519205668717308e-01, 3.5805814880501906e-02,
       2.8284156203456506e-02, 5.6538217125466465e-02,
       9.1378908115680835e-02, 1.0830492385196200e-01,
       7.1118098976516858e-02, 1.1263648267100486e-01,
       4.5331968034485977e-02 ]
pca_proj: !!opencv-matrix
   rows: 1
   cols: 21
   dt: f
   data: [ 4.36961316e-02, 8.50134730e-01, 1.73015636e-04,
       6.54514134e-02, 4.60692108e-01, 2.29939164e-04, 7.67599978e-03,
       1.46649793e-01, -1.37564148e-05, 1.21663406e-03, 1.30500361e-01,
       -5.45994153e-05, 8.06188770e-03, 1.42052382e-01, -2.12945142e-05,
       -2.45414903e-05, 9.56867734e-06, -1.94090262e-06, 3.13729906e-05,
       4.34020360e-04, 2.32224409e-07 ]
pca_mean: !!opencv-matrix
   rows: 1
   cols: 21
   dt: f
   data: [ 2.07625534e+02, 2.55653595e+02, 1.54502928e+00,
       2.18915131e+02, 2.60592743e+02, 1.67241716e+00, 2.65274475e+02,
       2.24016678e+02, 1.71669352e+00, 3.19420807e+02, 1.63929108e+02,
       1.75046074e+00, 3.16613464e+02, 2.25532654e+02, 1.70717156e+00,
       1.08872897e-04, -9.74175637e-05, 6.24380555e-05, -2.17504916e-04,
       -2.50119597e-01, 1.75055194e+00 ]
gamma: !!opencv-matrix
   rows: 13
   cols: 1
   dt: d
   data: [ 8.4829736242260334e-01, 8.7014045718844224e-01,
       7.8427352664144034e-01, 8.2006367012652936e-01,
       8.0317080560696608e-01, 8.9259090455793710e-01,
       9.0919271587671702e-01, 8.6885923049144187e-01,
       7.9786346311366785e-01, 8.2438855118259413e-01,
       8.4518288398466046e-01, 7.8792977031878819e-01,
       8.9109629726043160e-01 ]
