%YAML:1.0
means: !!opencv-matrix
   rows: 18
   cols: 5
   dt: d
   data: [ -4.2811528858079470e+01, -8.0799244003544345e+01,
       6.0487999384091623e+01, 4.5074490563563835e+01,
       1.1701748455764112e+00, 9.4976123469519095e+01,
       1.0782303932868274e+02, 3.3953173224313090e+01,
       2.4794224845207026e+01, 1.6006702166193332e+01,
       -3.3141144894886892e+01, -3.3970745907400641e+01,
       -4.5006928284967096e+01, -3.5762470946250474e+01,
       2.3118977081372361e+01, -2.5310977823063322e+02,
       5.6274254417044446e+01, -2.8911061913312919e+00,
       -4.4634057765314175e+01, -1.7437041894613394e+01,
       1.4604745707912656e+02, 1.4796035948595041e+01,
       -4.4304673903207174e+01, -1.6169430829067231e+01,
       -6.1559170649333312e+00, 1.7677224991985193e+02,
       1.2778366130935042e+01, 2.7113745920606075e+01,
       -2.3648473244418437e+01, -2.0276026180674155e+01,
       2.7293281353159664e+01, -9.2076981067952829e+01,
       -6.3328908374704092e+01, 2.4476150022892035e+01,
       -1.9256242870732159e+00, 1.0291066760504999e+02,
       3.8960399375817794e+01, -2.8505021101324921e+01,
       7.0564659134975486e+01, -7.4586758869974759e+00,
       -1.7077604827959436e+02, 9.8301468632200539e+01,
       4.2954846166321900e+01, 2.9366606612178906e+01,
       -6.4537438876560591e+00, -1.4436462137193011e+01,
       1.8214350752154065e+01, 1.0196959197618153e+01,
       -1.9994934287135166e+01, -2.9042360471133262e+00,
       1.4520306639488538e+02, -9.6157278945495761e+01,
       2.2125919900251574e+01, 2.3451201087286382e+01,
       -6.5877950798243168e+00, -2.9978654538782301e+01,
       9.8946390519906757e+01, -4.5726872718338669e+01,
       2.0794347948314229e+01, 2.0802872410909266e+01,
       -1.8336562354643615e+02, -7.6670263143647333e+01,
       -1.5949669451371792e+01, 4.1663881908756331e+01,
       -1.7873256912960098e+00, 8.7808351420031698e+01,
       -1.4881865385946151e+01, 3.5267665785520059e+01,
       -3.3772165920168227e+01, 1.9359748493745588e+01,
       4.4706048779723979e+01, 2.0165240519065172e+01,
       -6.5625500718293566e+01, -2.7031350580869542e+01,
       -1.8636332058304767e+01, -1.4128589329366702e+02,
       3.1976842421899651e+01, 8.1210973011461334e+01,
       -3.7867268042491581e+01, -1.7636168180976867e+01,
       -6.1222868476509070e+01, 1.5838473387063960e+01,
       2.1249813458783120e+01, -2.0341988697127675e+01,
       2.3344720152383026e+01, 8.2830250060966307e+01,
       1.6574778591886027e+01, -2.2898710426269204e+01,
       -3.2222607099751905e+01, -2.6167070378021219e+01 ]
covs: !!opencv-matrix
   rows: 90
   cols: 5
   dt: d
   data: [ 4.7919796201007566e+03, 9.7412717324288155e+02,
       5.2829695586494267e+02, -1.1875814082982696e+02,
       7.2632124339318648e+02, 9.7412717324288201e+02,
       6.5596550538237543e+03, 7.2307097346228346e+00,
       1.6840059074003993e+03, 2.1063265553720095e+02,
       5.2829695586494267e+02, 7.2307097346228533e+00,
       1.0476512361909056e+03, -3.2489080665859120e+01,
       -1.0765509631495333e+02, -1.1875814082982693e+02,
       1.6840059074003993e+03, -3.2489080665859120e+01,
       1.3840262720474366e+03, -2.4265634278483745e+02,
       7.2632124339318648e+02, 2.1063265553720095e+02,
       -1.0765509631495328e+02, -2.4265634278483739e+02,
       2.8768299854264075e+02, 3.2395373506446344e+03,
       -6.4475207757138435e+01, 4.0118331032140992e+02,
       -4.0002793669720774e+01, -4.3476626469669026e+02,
       -6.4475207757138435e+01, 4.5959059389845688e+03,
       1.6314634651197647e+01, -1.9526381105612677e+03,
       2.4568650248547229e+02, 4.0118331032140992e+02,
       1.6314634651197650e+01, 1.1341899505693227e+03,
       -8.0549481712572558e+01, 1.6682188270904527e+02,
       -4.0002793669720766e+01, -1.9526381105612677e+03,
       -8.0549481712572543e+01, 1.6040596056969571e+03,
       -1.0941779245090417e+02, -4.3476626469669031e+02,
       2.4568650248547235e+02, 1.6682188270904527e+02,
       -1.0941779245090417e+02, 2.1136872727936253e+02,
       2.9632922753191456e+03, 5.8764842403948046e+02,
       3.8676003437614037e+02, -1.7192400837258063e+02,
       -3.4724820571541028e+02, 5.8764842403948069e+02,
       6.4407521138890179e+03, 4.6294363116926419e+01,
       -1.6258624835099376e+03, -3.3445167935920061e+01,
       3.8676003437614037e+02, 4.6294363116926434e+01,
       8.5253587202035669e+02, -2.6275690916907837e+00,
       4.5547491081582429e+01, -1.7192400837258066e+02,
       -1.6258624835099376e+03, -2.6275690916907912e+00,
       1.7897348192515165e+03, -1.1350966942079253e+01,
       -3.4724820571541028e+02, -3.3445167935920061e+01,
       4.5547491081582443e+01, -1.1350966942079250e+01,
       1.7881901121151671e+02, 2.5866689074347209e+03,
       7.3051234565076948e+02, 8.4088655137802766e+02,
       -3.4778011395355279e+01, -8.9152783259313907e+01,
       7.3051234565076948e+02, 7.6111205967644128e+03,
       -4.2656788421218987e+00, 1.2586393670382452e+03,
       -4.8334343739114331e+02, 8.4088655137802778e+02,
       -4.2656788421219023e+00, 7.1776195208361617e+02,
       1.6679458058706803e+01, 9.5229251485977411e+00,
       -3.4778011395355257e+01, 1.2586393670382449e+03,
       1.6679458058706800e+01, 1.2620236363631348e+03,
       1.0988382530668561e+02, -8.9152783259313921e+01,
       -4.8334343739114325e+02, 9.5229251485977411e+00,
       1.0988382530668558e+02, 1.2683590330643692e+02,
       4.1699847054727561e+03, -1.9807411391496962e+02,
       2.6108370423153101e+03, 5.4897682449955475e+01,
       -1.2525213558069407e+02, -1.9807411391496959e+02,
       5.8403174539636902e+03, 9.4254693121153792e+01,
       1.8383760532078147e+03, -4.3892761033867224e+01,
       2.6108370423153096e+03, 9.4254693121153764e+01,
       2.3788295038417341e+03, -1.0616700989471289e+01,
       -6.4622539248159796e+01, 5.4897682449955489e+01,
       1.8383760532078149e+03, -1.0616700989471267e+01,
       1.2819748796136178e+03, -2.5343346717418815e+01,
       -1.2525213558069409e+02, -4.3892761033867245e+01,
       -6.4622539248159796e+01, -2.5343346717418815e+01,
       1.9945750915485352e+01, 3.4739665912589157e+03,
       -2.3861778554947932e+02, -6.7554272744112254e+01,
       8.3890071692522076e+02, 3.6019814877635815e+02,
       -2.3861778554947927e+02, 6.0703527707146104e+03,
       1.3947971541651751e+02, 2.1950175864686885e+03,
       -5.1812274929068032e+01, -6.7554272744112239e+01,
       1.3947971541651751e+02, 4.0601617935154115e+02,
       -1.1678802554884471e+02, -3.8466764979897910e+01,
       8.3890071692522076e+02, 2.1950175864686885e+03,
       -1.1678802554884470e+02, 1.3722461085706796e+03,
       2.6704259884708787e+01, 3.6019814877635815e+02,
       -5.1812274929068025e+01, -3.8466764979897917e+01,
       2.6704259884708776e+01, 1.4734791393754227e+02,
       3.8285510298316185e+03, 1.4426640382843423e+03,
       4.1906548252756426e+02, -9.0876069553118396e+02,
       2.0695624741618293e+01, 1.4426640382843425e+03,
       5.2283317960485956e+03, -2.8061884616945997e+02,
       4.3597664817154026e+02, 4.8248401877249499e+01,
       4.1906548252756426e+02, -2.8061884616945991e+02,
       1.1230635689421051e+03, 1.9257846836372906e+02,
       -5.5182741165362174e+01, -9.0876069553118407e+02,
       4.3597664817154043e+02, 1.9257846836372906e+02,
       1.1686244023798015e+03, -4.7974428910769717e+01,
       2.0695624741618303e+01, 4.8248401877249499e+01,
       -5.5182741165362174e+01, -4.7974428910769717e+01,
       6.2283265197280087e+01, 7.1616070413446214e+03,
       2.0382760248328884e+03, 2.2576770233650650e+03,
       -1.2852984024092623e+03, -1.0370710208025501e+02,
       2.0382760248328887e+03, 2.9246644021512102e+03,
       -5.2120057919995281e+02, -9.3338511840680064e+02,
       1.4397169797493048e+00, 2.2576770233650650e+03,
       -5.2120057919995281e+02, 2.5314850509460884e+03,
       1.9374388797041507e+02, -1.0439606092215516e+02,
