%YAML:1.0
means: !!opencv-matrix
   rows: 15
   cols: 7
   dt: d
   data: [ -6.3838921886536696e+01, 9.6204833842268826e+01,
       8.2642315497791596e+00, -4.3230529312100728e+01,
       8.4933696808180699e+00, 3.8282727325307868e+00,
       -2.4457641548632031e-01, 4.3240047053613580e+01,
       1.0936302742625758e+01, -1.0284967734474304e+01,
       -6.3936884439646855e+00, -6.4515934380441990e+00,
       -1.1752972814930931e+01, -2.2421697512915753e+00,
       2.5236771735366816e+01, 1.2755257939844800e+02,
       -2.6342111361606598e+01, -5.4893828194891142e+01,
       -9.8594580325249712e+00, 2.0106999246009454e+00,
       2.3582328896611138e+00, 1.8438667961924656e+02,
       1.6901437797320177e+01, -4.9602384707011012e+01,
       1.2408420771149411e+01, -9.0873531401834491e+00,
       -7.3653378250760113e+00, 1.0254518432355975e+00,
       -1.6468383323030437e+02, -1.2407305264198980e+02,
       5.1036496876719013e+01, 3.6035613039599795e+01,
       -2.8214246414288677e+01, -2.1018520104159133e+01,
       -4.4002525716524508e+00, -1.8510151494286979e+00,
       -3.2393688007051885e+01, 9.0236307622410319e+00,
       7.9217665401046293e+00, 3.7440627231836757e+01,
       -1.6264754466610418e+00, 1.4790697640525512e+00,
       6.9759153246793684e+00, -1.6927825935080591e+02,
       1.5631884795462492e+01, 5.9769912103660360e+01,
       1.8371326214846654e+01, -9.7401735402268272e+00,
       -8.5172627401355738e-01, 1.1984744766824571e+02,
       2.6085424473546809e+01, -4.0086559839117086e+01,
       -1.1420706746529570e+00, -1.3803844226097963e+01,
       -7.2511139465627803e+00, -3.4856674674805386e+00,
       9.8708593689016851e+01, -4.6752119357148018e+01,
       -2.2131120033410998e+01, 3.6653308068375061e+01,
       -2.7283131746358212e+01, 2.3747877026313059e+01,
       1.2878087313514319e+00, -1.5057111494385083e+02,
       -1.2308726887686625e+01, 3.9223613134964488e+01,
       -6.2573417103954716e+00, 1.5797921549963079e+00,
       4.8993056160086637e+00, 8.3597205450360135e-01,
       3.7677526886876322e+01, 8.0782314011678082e+01,
       -2.0455028854044308e+01, -3.6119267460756113e+01,
       9.6019542361862378e+00, -7.1942745273417525e+00,
       1.3373606289610920e+00, 4.8437709314114713e+01,
       -3.0996169741442618e+01, -1.1089518194921073e+00,
       1.6025076296124659e+01, 1.4611697020904920e+01,
       5.9697706051213215e+00, 6.0419179876278817e-01,
       1.3079852266185509e+02, -4.6760405928199766e+01,
       -2.6752600651827205e+01, 3.7723572026314045e+01,
       -2.2231117831536025e+01, 8.3286788986692173e+00,
       7.8598717493347320e-02, -1.6471902866782870e+02,
       8.2034944866234255e+01, 2.3624579060312279e+01,
       -4.3426029615173661e+01, -1.3130925402272167e+01,
       -1.0085628415922651e+01, -9.0141282905661835e-01,
       -1.5374977312732122e+02, -6.2903231560938181e+01,
       4.2904925144772015e+01, 2.6462729212614288e+01,
       -1.7797742427070396e+01, 1.3304440965170393e+01,
       -7.3305226662293055e-01 ]
covs: !!opencv-matrix
   rows: 105
   cols: 7
   dt: d
   data: [ 6.8943401791727774e+03, -2.8015456395521096e+02,
       2.9462027883225319e+03, -6.6430036466117861e+02,
       1.6715559439087497e+02, -2.0901063961219791e+02,
       -9.5474808532654208e+01, -2.8015456395521068e+02,
       6.6342969068294069e+03, 7.1796773529681604e+02,
       2.4253633581001368e+03, -3.8965853159673465e+01,
       -5.3558266701676267e+01, -1.1582575962981730e+02,
       2.9462027883225319e+03, 7.1796773529681604e+02,
       2.6016534173822024e+03, -3.4117370576212458e+01,
       -7.6583239128556130e+01, -1.9897769771620538e+01,
       -1.0940664438221641e+00, -6.6430036466117849e+02,
       2.4253633581001368e+03, -3.4117370576212437e+01,
       1.7755343392569041e+03, 1.3157752318472203e+02,
       -1.1537953824241704e+02, 6.8278204653483838e+00,
       1.6715559439087497e+02, -3.8965853159673486e+01,
       -7.6583239128556144e+01, 1.3157752318472203e+02,
       1.3187193573429244e+02, 7.8369642012154417e+00,
       -3.4534672852715197e+01, -2.0901063961219788e+02,
       -5.3558266701676295e+01, -1.9897769771620528e+01,
       -1.1537953824241704e+02, 7.8369642012154408e+00,
       6.1997468067353054e+01, -1.0933422821160280e+01,
       -9.5474808532654208e+01, -1.1582575962981730e+02,
       -1.0940664438221632e+00, 6.8278204653483821e+00,
       -3.4534672852715197e+01, -1.0933422821160280e+01,
       4.5350272432815785e+01, 8.4517249026836580e+03,
       4.8760283247389145e+02, 2.4866402655241618e+03,
       -6.0040131063255103e+02, 5.9192474611257872e+01,
       1.5341550252776129e+01, -1.1148289775293821e+02,
       4.8760283247389162e+02, 1.2351450836280170e+04,
       7.5303212946422462e+01, 6.0937118786749249e+02,
       4.4992641250560546e+01, 4.6883175138865892e+02,
       -5.5547229156972293e+01, 2.4866402655241618e+03,
       7.5303212946422462e+01, 2.5818026559900854e+03,
       1.0921199453402603e+02, -1.2653122571591736e+02,
       -7.7319432325933732e+01, 2.8261964929226981e+01,
       -6.0040131063255092e+02, 6.0937118786749249e+02,
       1.0921199453402600e+02, 2.4537018675145041e+03,
       4.8828982933480958e+01, -1.9292250215647954e+02,
       1.7752031034492372e+01, 5.9192474611257865e+01,
       4.4992641250560560e+01, -1.2653122571591736e+02,
       4.8828982933480951e+01, 8.0040079568911651e+01,
       -4.6592818217957934e+01, -2.6233239038308216e+01,
       1.5341550252776122e+01, 4.6883175138865892e+02,
       -7.7319432325933761e+01, -1.9292250215647957e+02,
       -4.6592818217957927e+01, 2.0459918852730539e+02,
       -9.5794730031872533e-01, -1.1148289775293821e+02,
       -5.5547229156972286e+01, 2.8261964929226973e+01,
       1.7752031034492372e+01, -2.6233239038308213e+01,
       -9.5794730031872488e-01, 3.4223303469414205e+01,
       7.4091156762936780e+03, -6.8987856074549086e+02,
       2.5580525490112136e+03, -5.0138798837603053e+02,
       6.3775355283360902e+01, -3.9518897936886866e+01,
       -1.1936202166692832e+01, -6.8987856074549097e+02,
       6.4612326252352377e+03, 8.5315086359753627e+02,
       2.5143134348866411e+03, 2.4523116730449146e+01,
       3.2981943481201561e+01, -1.0338428347695923e+02,
       2.5580525490112136e+03, 8.5315086359753627e+02,
       2.6247094138489888e+03, -1.8333583114025453e+02,
       -1.2140592007833297e+02, -5.0760583064762130e+01,
       1.6336433683412743e+01, -5.0138798837603053e+02,
       2.5143134348866411e+03, -1.8333583114025450e+02,
       1.7328171853925778e+03, 6.0097644902550847e+01,
       -1.1606882873207084e+02, 3.5309914310266414e+01,
       6.3775355283360902e+01, 2.4523116730449157e+01,
       -1.2140592007833297e+02, 6.0097644902550847e+01,
       4.1386203899189482e+01, -2.9231101853569084e+00,
       -4.4366069392307832e+00, -3.9518897936886880e+01,
       3.2981943481201561e+01, -5.0760583064762130e+01,
       -1.1606882873207086e+02, -2.9231101853569084e+00,
       3.8767651285799460e+01, -2.1364473869338934e+01,
       -1.1936202166692828e+01, -1.0338428347695923e+02,
       1.6336433683412753e+01, 3.5309914310266429e+01,
       -4.4366069392307832e+00, -2.1364473869338934e+01,
       1.9175315191440323e+01, 5.2619912259857319e+03,
       -4.4610320084619212e+02, 2.8254504793794808e+03,
       -6.4857024114493640e+02, -1.1407750430577043e+02,
       3.6016223662827080e+01, -1.0687040475916206e+02,
       -4.4610320084619212e+02, 7.3891977136762671e+03,
       8.1835942323554150e+02, 2.1029714124460165e+03,
       2.9909768615448243e+01, 8.7256894533347563e+01,
       -1.9932663909162173e+01, 2.8254504793794813e+03,
       8.1835942323554127e+02, 2.4064805069918934e+03,
       -1.6156016746547178e+02, -7.9479003022361255e+01,
       -6.6648723832985624e+01, 3.1332670139755994e+01,
       -6.4857024114493640e+02, 2.1029714124460170e+03,
       -1.6156016746547172e+02, 1.8635743811474986e+03,
       4.7800591842403549e+01, -1.2534660152217565e+02,
       -1.2818590601766626e+01, -1.1407750430577043e+02,
