%YAML:1.0
means: !!opencv-matrix
   rows: 12
   cols: 13
   dt: d
   data: [ -1.9210972612188345e+02, 7.1237217476982096e+01,
       4.1893987405712117e+01, -4.0459601355824873e+01,
       -1.9529870610128416e+01, 8.7376478426649555e+00,
       -1.8526427411735362e+00, 1.7962055778250270e+00,
       6.8305075138696447e-01, -3.0720361599329837e-02,
       3.0231661970636665e-02, 5.0956950037213357e-03,
       3.6243845403389654e-03, 2.3211486646326723e+01,
       -4.2354801412692588e+01, -3.1512901915984654e-01,
       2.7512762037189283e+01, 1.5571654503193566e+01,
       2.4498464508402806e+00, 1.0003569297866446e+00,
       1.4942275118782897e-01, 2.6599169034920167e-01,
       -7.0270950484665431e-02, 3.0357249052114090e-02,
       4.4178804722544837e-03, 8.2267975649341126e-03,
       -5.0838937034565348e+01, -3.4266726268057624e+01,
       2.6511556067222273e+01, 4.8217627902541018e+01,
       1.4807787053930079e+01, -8.4115864312918891e+00,
       -7.8294719143535820e+00, -3.1504687246614167e+00,
       -3.7673895938690278e+00, 1.4035425688705248e+00,
       1.1335932686062390e-01, 1.5326464492737854e-01,
       -5.3542391123580967e-02, 1.7477758376742109e+01,
       1.5676006152594880e+02, -4.5074824960698368e-02,
       -8.6187900561962891e+01, 1.5686038274830363e+01,
       1.6060580309442518e+01, -4.6420843710055021e-01,
       2.3496538317988143e+00, 1.9047995358015946e+00,
       4.2339040212084444e-01, -5.6722654832526018e-02,
       -3.2808159984408468e-02, 6.7674352541712598e-04,
       8.1505381163556152e+01, 1.6657874669353149e+01,
       -2.3528077632805370e+01, -3.2494214970869216e+01,
       -2.5884032575031480e+01, -2.0161995519626849e+01,
       1.0369688835603004e+00, -2.5706909161805176e+00,
       2.2358920352810016e-01, -2.7123808128438613e-02,
       1.0326504574172927e-01, -6.6695965447812018e-03,
       1.2974705767385211e-03, -1.5958895434093324e+02,
       -6.7860734777630441e+01, 3.4917541215665885e+01,
       4.4544947088980990e+01, -1.2344856984363705e+01,
       2.8856913194805639e-01, 5.0391095442063272e-01,
       -1.6990222116185266e-01, 5.2514682864076878e-01,
       -2.2495508113196239e-01, 5.0147239001840475e-02,
       -7.1162517706733963e-03, 8.9252603654411424e-04,
       1.0448979547165889e+02, 2.9190974437003991e+01,
       -2.7054376883269317e+01, -1.8618907819688186e+01,
       -8.8098870706033985e+00, -3.2842085061774311e+00,
       1.2252533917268985e-01, 4.2003623834810694e-01,
       2.1168342900603659e-01, -8.9565787877781397e-02,
       5.6710043381194989e-03, 3.7138569247457218e-02,
       6.1826122697342337e-03, 5.5375879358084383e+01,
       2.6237267222904332e+01, -6.9519283733608424e+00,
       -2.3255462690250937e+01, 8.5265795677031893e+00,
       1.0894704262308772e+00, -3.7587292726403860e+00,
       -3.5980438969777602e+00, -4.3565302226457030e+00,
       -9.1693931854160426e-01, -2.3085891213360171e-01,
       -4.4822349754457411e-02, -2.6504928877083486e-02,
       1.0505084477368393e+02, -3.8089631825391209e+01,
       -3.4135688342428431e+01, 2.4752822627663157e+01,
       -1.1219976303854136e+01, 5.5854683160353655e+00,
       -3.2910314993547498e+00, -1.8573977365852234e+00,
       -8.4936271396910190e-01, 9.9816375917119426e-01,
       1.6157866580584872e-02, -5.1472813250450517e-03,
       -2.3262584641161255e-02, -2.8263872970517351e+01,
       1.5101180810278844e+01, 8.4659209322847371e+00,
       -8.7456533364076456e+00, 1.1445241905280700e+01,
       -1.1105033490443798e+01, 2.2022803331862968e+00,
       1.0316797527677053e+00, 4.0580643363422869e-01,
       1.0916109112266285e-01, -5.9765576619567003e-02,
       1.2198556752200111e-02, 4.8621144164685609e-04,
       1.4172499353931209e+02, -1.0693231462657735e+01,
       -3.8230114948966147e+01, 9.5230893584524026e+00,
       -4.6783783966904089e+00, 1.2930030828813933e+01,
       -9.6647155808737983e-01, 1.4529585488014023e+00,
       2.2488891772008113e-01, -4.8337888310250883e-02,
       6.9886228275112830e-02, -1.9792877422502044e-02,
       -4.1218030469420157e-03, -1.6753683389968134e+02,
       7.0132835764078765e+00, 3.6134162410907670e+01,
       5.2292357866757655e-01, -3.1903435175379147e+00,
       8.3052228251779390e+00, -2.1072984210064134e+00,
       -3.5556840472194042e+00, -1.4218608174165470e+00,
       5.7697747888400663e-01, -1.9789770098178372e-01,
       -3.9548560007618340e-02, 6.8596320773688080e-04 ]
