%YAML:1.0
means: !!opencv-matrix
   rows: 29
   cols: 7
   dt: d
   data: [ -6.1202866051195244e+01, 5.5283743864336166e+01,
       1.8528604173411011e+01, -3.2717755824761412e+01,
       7.5388718950163973e+00, 6.5240479139919572e+00,
       -2.3821665438476844e+00, -1.5830702361704434e+02,
       -5.9465207041694548e+01, 3.4755125240930660e+01,
       3.9051669340149473e+01, -4.8430431520251149e+00,
       5.9489208902249198e+00, -4.0578874728639643e-02,
       -1.7673521025526702e+02, 1.0980885535364885e+02,
       3.1118443065632412e+01, -6.6187417748265943e+01,
       -3.3564740353661946e+01, 1.2798665368471294e+01,
       -4.3106118176172510e+00, 1.1012325887034952e+02,
       -6.1042737433412375e+00, 3.9154793095334981e+01,
       -4.9526501824721016e+00, 1.6634745062230852e+01,
       4.7938843785963341e+00, 1.2641770996007782e+00,
       -6.7400318147692584e+00, -3.7545549291010040e+01,
       1.0088737992990540e+01, -5.1513236022340159e+01,
       3.9607325217971251e+01, -3.1363206968557722e+00,
       1.3273138531225597e+00, 7.9774677855861997e-01,
       1.5775473554100273e+02, 4.9553672846902552e+00,
       -8.7063973629178619e+01, 1.7435778124054764e+01,
       2.0807759359440695e+01, -1.4192166859522704e+00,
       -3.7786018419637823e+00, -1.7345718808622603e+00,
       -5.1698832561394894e+01, -6.2703187001137994e+00,
       1.9959005873302356e+01, 4.7833061135102293e+00,
       1.2050726563117076e+00, -8.4332713490574392e+01,
       7.7728244064346290e+00, 2.7825657858702765e+01,
       -1.9327669445528603e+01, 1.6843746871219640e+01,
       -1.6792301484040742e+01, 2.1990638427171119e+00,
       7.4699795839979501e+01, -6.1638146474928817e+01,
       -2.3982858882861596e+01, 3.4737805062012065e+01,
       -9.8452804490884276e+00, 7.0750391275665407e+00,
       -1.9061738222846523e+00, -5.5509162925622997e+00,
       -2.4047769236948728e+01, 1.4245432447061559e+01,
       4.0021243935475441e+00, 1.5635470005332119e+01,
       -1.2927079095363960e+00, -1.4969513013822029e+00,
       8.2614952389033249e+01, 1.7655743846095692e+01,
       -2.2657663709450805e+01, -3.2547305676010168e+01,
       -2.5531890410720337e+01, -2.0135815018048081e+01,
       1.1612157542822139e+00, -1.6874550492084248e+02,
       5.8863158699614026e+01, 3.6726951764505188e+01,
       -4.2810074304331295e+01, -1.4064504239393235e+01,
       -6.0121841321688185e+00, -1.0916615345544736e+00,
       -1.3236966862947958e+02, 1.0927587279270163e+02,
       3.4454709044755496e+01, 1.6340252268386273e+01,
       4.1350938209840802e+00, -8.9898766443053439e+00,
       -5.6016346203132494e-01, 1.2226794413352965e+02,
       7.4963429374335064e+01, -3.5271064066271848e+01,
       -3.6677138857698353e+01, -4.4329831985212396e+00,
       1.9114280433648749e+00, 3.0254419694562662e+00,
       2.7077217957214884e+01, -1.0156192531333537e+02,
       -9.6354118336514603e+00, 6.8436818678146139e+01,
       -4.2066953617586424e+00, -1.6594314348447476e+00,
       2.0619118290946665e+00, -2.1421905015491964e+02,
       2.7894718447415330e+00, 4.8769226563601585e+01,
       -5.9010247994243958e-01, -1.4281587240564468e+01,
       7.5147604489031208e+00, -7.1960864574626282e-01,
       1.5189478367127276e+02, 6.6652452057191951e+00,
       -4.1482646834260024e+01, -1.7300308835394000e+00,
       -6.1562847426954548e+00, 1.1350470354373268e+01,
       -3.5730870119495856e-01, 7.2470527722660137e+01,
       1.4926520873056189e+01, -2.7852338318753670e+01,
       -3.1487966127323947e+01, -2.9756786556923235e+01,
       -1.6433763864791693e+01, 5.2553810090975372e-01,
       1.3148530900936490e+02, 2.9518186611963127e+01,
       -2.9955432567424399e+01, -1.4083592935595503e+01,
       -5.4067289232462965e+00, 2.0517420147764529e+01,
       -8.9301690764465800e+00, 6.4346904171938064e+01,
       3.3228741391006494e+01, -1.0459042387620816e+01,
       -3.4037457880985222e+01, -1.8269764077976474e+00,
       -1.5763858052022245e+01, 2.6134278053306254e-01,
       -1.5629882658826486e+02, -2.9526744350870125e+01,
       3.6691313883396042e+01, 1.4558378808070559e+01,
       1.2732764828140353e+00, -4.6251781220362362e+00,
       2.5849554714622327e+00, 4.2208433846406812e-01,
       9.1078526062305897e+01, 1.0165779037215218e+01,
       1.7471820416428170e+00, 3.7578352046425870e+01,
       -6.5152346101137937e+00, 1.4990028682011955e+00,
       1.6434105091118974e+02, 1.2917572307875943e+01,
       -4.7939515885524735e+01, -1.0760627082522412e+01,
       -6.9436129928635415e+00, 1.3067029214986331e+01,
       -7.3075479062651244e-02, 1.1335594795859812e+02,
       -4.4339047401733986e+01, -3.0192066773738183e+01,
       3.7348974589951958e+01, -3.2239271422361138e+00,
       1.3016815797919637e+01, 1.5475079975708056e-01,
       5.2135062311620494e+01, 9.6014100557701752e+01,
       -5.6152776771712851e+00, 4.7240916025174307e+01,
       1.2165932980747529e+01, -2.9123529636574665e+00,
       2.6770093859379274e-01, -4.4193420207957338e+01,
       -7.3360814568960109e+01, 1.5758933055435570e+01,
       4.7141014724150381e+01, 1.3728049065520425e+01,
       -4.1927065331881161e+00, 7.2347849741279904e-02,
       -1.3983692276125879e+02, -1.0169701998323907e+02,
       2.6522205316991929e+01, 6.6980522415068265e+01,
       -1.7659539230595229e+01, -7.6537900045070606e-01,
       1.3724043325875551e-01, 8.1888012159123377e+01,
       -6.9219678706466723e+01, -2.1500037189015231e+01,
       2.2094608886381966e+01, 5.4859838685363744e+00,
       1.5922544591783010e+01, -1.9141022717693394e+00,
       -2.1928289285088744e+02, 8.6538892506613763e+01,
       4.9468107949404690e+01, -4.3956199755269132e+01,
       -1.8562432206305036e+01, 2.5255202277784434e+01,
       -3.9746999421421130e+00 ]
