%YAML:1.0
means: !!opencv-matrix
   rows: 14
   cols: 2
   dt: d
   data: [ 7.3090784823298478e+01, 1.2909780537260670e+02,
       1.8367280699576349e+00, -2.3206749200488542e+02,
       -8.1477584676332071e+01, -4.7330028206133591e+01,
       -2.2179116193172993e+02, -7.8647427820620095e+01,
       2.0001034435314301e+02, -3.8303614074482311e+01,
       -1.0049856571024502e+02, 4.1389894951312904e+01,
       -2.1288034446760332e+02, 7.2261445648227749e+01,
       3.1899140076796392e+01, -8.3037569318996461e+01,
       1.0337456403851955e+02, 1.1877566041800678e+01,
       -6.0672961534408920e+01, 1.5169873033790023e+02,
       -7.4440229635641927e+01, -1.3515706190390190e+02,
       8.4852036841879563e+00, 2.7989789966929195e+01,
       1.9295044636245990e+02, 6.9123213126204917e+01,
       1.2079661730446821e+02, -1.1724871409929884e+02 ]
covs: !!opencv-matrix
   rows: 28
   cols: 2
   dt: d
   data: [ 3.8310182993243511e+03, -1.1040414287388305e+02,
       -1.1040414287388310e+02, 4.8596079752502528e+03,
       6.8297369484171213e+03, -7.8464914304491208e+02,
       -7.8464914304491231e+02, 5.5309003690273585e+03,
       2.8492355130015881e+03, 8.5397380575527450e+02,
       8.5397380575527450e+02, 2.9822115830884868e+03,
       3.2463537099443506e+03, -6.6303737578044377e+01,
       -6.6303737578044377e+01, 7.2375210691164220e+03,
       3.5084705152415804e+03, -5.4357174391719605e+02,
       -5.4357174391719582e+02, 4.4964417429365085e+03,
       3.3449857047225851e+03, 8.7598659508611365e+02,
       8.7598659508611365e+02, 2.8506623256821927e+03,
       4.2744997345763522e+03, 1.0907353573600465e+03,
       1.0907353573600469e+03, 7.3174660381090889e+03,
       2.2069395111436893e+03, 4.7955230833585297e+01,
       4.7955230833585304e+01, 3.6388127613674401e+03,
       2.2929536747761226e+03, -2.7457846005132996e+02,
       -2.7457846005132996e+02, 3.7710650679487176e+03,
       4.4463685316326255e+03, 1.9262496232119514e+02,
       1.9262496232119506e+02, 4.1411364678220571e+03,
       2.7307733613109472e+03, 2.3115526250766681e+02,
       2.3115526250766686e+02, 2.9256069276222192e+03,
       2.6302635579613939e+03, -1.4911800140311391e+02,
       -1.4911800140311391e+02, 3.2468792261270369e+03,
       3.8904752050648444e+03, -1.8713946053066815e+02,
       -1.8713946053066812e+02, 4.9807240389275321e+03,
       3.2279829760182852e+03, 4.1537171076259114e+02,
       4.1537171076259096e+02, 2.8471442630975430e+03 ]
weights: !!opencv-matrix
   rows: 1
   cols: 14
   dt: d
   data: [ 8.0189648609022654e-02, 2.3988960488306559e-02,
       7.5087825900174390e-02, 6.4508176073262966e-02,
       5.1170738029598664e-02, 8.4769891460861863e-02,
       5.8778915785643156e-02, 9.6498061696484339e-02,
       1.1427353479514178e-01, 8.0202815903448646e-02,
       4.5125464212824595e-02, 1.0845933645904407e-01,
       4.9944100136665143e-02, 6.7002530449514888e-02 ]
pca_proj: !!opencv-matrix
   rows: 2
   cols: 21
   dt: f
   data: [ 1.02604255e-02, 8.46533298e-01, 5.67100069e-05,
       -5.08859605e-02, 4.68450844e-01, 1.89823491e-04, -5.55210514e-03,
       1.46431834e-01, -1.98076777e-05, -7.31809530e-03, 1.34976640e-01,
       -4.80776835e-05, -6.69380091e-03, 1.46460637e-01, -1.57161594e-05,
       2.11501210e-05, 1.32904761e-05, -3.16381829e-07, -1.62182951e-05,
       4.47223283e-04, 4.04881848e-06, 8.19958210e-01, 1.87153444e-02,
       -7.93817599e-05, 4.28530097e-01, 8.29724409e-03, 8.75842488e-06,
       2.28233948e-01, -2.37727305e-03, -1.84168690e-04, 2.08515689e-01,
       -1.20344283e-02, -2.14158339e-04, 2.18838796e-01, -7.27251405e-04,
       -1.84816250e-04, -3.05604735e-05, -5.04301033e-06,
       -1.27042276e-05, 6.79167337e-04, 1.30049409e-06, -1.63660501e-04 ]
pca_mean: !!opencv-matrix
   rows: 1
   cols: 21
   dt: f
   data: [ 4.33646118e+02, 2.44701981e+02, 1.49672687e+00,
       4.18191803e+02, 2.60206879e+02, 1.62062907e+00, 3.68545319e+02,
       2.27059875e+02, 1.69770968e+00, 3.19420807e+02, 1.63929108e+02,
       1.75046074e+00, 3.16613464e+02, 2.25532654e+02, 1.70717156e+00,
       1.08872897e-04, -9.74175637e-05, 6.24380555e-05, -2.17504916e-04,
       -2.50119597e-01, 1.75055194e+00 ]
gamma: !!opencv-matrix
   rows: 14
   cols: 1
   dt: d
   data: [ 8.7955660154073156e-01, 9.1156574872008123e-01,
       8.2945841258874775e-01, 9.0279914142764150e-01,
       8.8655249888320975e-01, 8.4028528536518510e-01,
       9.0499410601405028e-01, 8.3943440544364323e-01,
       8.5077607475056638e-01, 8.8073797113620533e-01,
       8.5248946865114217e-01, 8.3466059034586382e-01,
       8.9246722130421874e-01, 8.6182480803063322e-01 ]
