%YAML:1.0
means: !!opencv-matrix
   rows: 49
   cols: 2
   dt: d
   data: [ -2.1851089531415411e+02, 1.6289522049830538e+02,
       -2.7742338981462563e+01, -6.3528419330429323e+01,
       1.7585834076917698e+02, 5.1629977464729848e+01,
       -2.2114192142064692e+01, 1.2797520347423524e+02,
       -2.2411039714207757e+02, 7.6770755173478150e+01,
       -9.7243418899321469e+01, -1.9273245260430895e+02,
       6.7607005636578705e+01, -3.8205113055790576e+01,
       1.2752645445298685e+02, 7.2327668294502232e+01,
       -1.9776151222460643e+02, -1.0275768055517295e+02,
       1.9927117303008902e+01, -1.3478282192023798e+02,
       -8.5817973788102620e+01, -4.1332573555737838e+01,
       3.3581427308492451e-02, 6.6347508238789317e+01,
       1.1850143949260315e+02, -4.7134957351542361e+01,
       1.6690170089065916e+02, 1.1431821059973970e+02,
       -1.0768324373170367e+02, 2.0728608821499922e+01,
       8.4465921363600401e+01, 2.2185249639705233e+02,
       1.5089121891890190e+02, 2.9896547238564137e+00,
       2.3144956775249429e+02, 8.1884790885228000e+01,
       -1.0845340311260004e+02, -1.1280869628045828e+02,
       3.6349711330081121e+01, 1.6699032030175083e+01,
       1.6350425709043191e+02, -1.3178681658271054e+02,
       -1.3757408214166409e+02, 8.7831131352230983e+01,
       -2.0271021899289090e+02, -1.8475046236431172e+02,
       1.6727436249181704e+02, -7.1815534567286917e+01,
       5.0926127679245035e+01, 1.6066465523590455e+02,
       -3.2493519304591004e+01, 5.5675909294573600e+00,
       -2.7511722373346447e+02, 1.3791887097197602e+02,
       -4.6917048000195017e+01, -1.3183735896997888e+02,
       3.4736033858246834e+01, -8.2398942942053367e+01,
       9.1089793212004622e+01, -1.7082021983537885e+02,
       -2.8126562743380168e+02, 2.1306604637260804e+01,
       -9.7215248978003231e+01, 1.5022593342529927e+02,
       -7.2306655929183322e+01, 7.3698598794947202e+01,
       1.4941560052077204e+01, -3.3277243562287545e+01,
       -2.0888626963804185e+02, -2.4911057373488283e+01,
       -2.5064434451584489e+01, 2.1287100461136424e+02,
       -2.6554957558008709e+02, -1.2134068899300487e+02,
       -1.9083703979034351e+02, 1.5326793022280842e+02,
       -1.6856493240299017e+02, 2.5172924859779982e+01,
       9.4716943416900207e+01, -1.0610758572611844e+02,
       9.8063022522678708e+01, 1.0833392072668140e+01,
       -2.7398189837340948e+02, -4.4959564520907918e+01,
       -1.4312766766826414e+02, -4.5112484405428340e+01,
       2.3101716300997171e+02, -8.2969257616061725e+01,
       6.6783518515696187e+01, 6.1806940017642582e+01,
       2.1360002756841439e+02, -6.8745809427586826e+00,
       -1.4269956703045327e+01, -1.9311450206001052e+02,
       9.7552522208826048e+01, 1.1594378672937368e+02,
       4.3111579142462084e+01, 1.1293188288300395e+02 ]
covs: !!opencv-matrix
   rows: 98
   cols: 2
   dt: d
   data: [ 3.1228623433943658e+03, 5.8000576721825576e+02,
       5.8000576721825576e+02, 6.6811084670443761e+03,
       6.4413223741328841e+02, -8.0294099890131591e+01,
       -8.0294099890131591e+01, 1.0087110343246737e+03,
       9.1576069659649340e+02, -2.5907834643358019e+01,
       -2.5907834643358004e+01, 1.0545071996912172e+03,
       1.0874957304479301e+03, -2.5543148477986850e+02,
       -2.5543148477986850e+02, 1.3127668735227091e+03,
       1.2797826538001170e+03, -1.1015856227017501e+02,
       -1.1015856227017501e+02, 1.2054335895824865e+03,
       1.9434217621352286e+03, -8.0169925653717399e+01,
       -8.0169925653717428e+01, 1.9703822508143960e+03,
       5.9913482351800064e+02, -2.2171438967920952e+02,
       -2.2171438967920952e+02, 9.4104217742957337e+02,
       8.2622436185121580e+02, 1.0492899515676029e+02,
       1.0492899515676029e+02, 1.1945051038250911e+03,
       1.5239900115862508e+03, -4.4230838465381403e+01,
       -4.4230838465381424e+01, 1.1531493640803610e+03,
       1.0344970310569288e+03, -3.0899990766292046e+02,
       -3.0899990766292046e+02, 1.0373763225953326e+03,
       5.7949011513616256e+02, 3.4442989492303674e+01,
       3.4442989492303660e+01, 1.1962697271289271e+03,
       8.7927695005407384e+02, -2.5604200895234655e+01,
       -2.5604200895234662e+01, 7.5307921399253212e+02,
       6.4996107582034131e+02, 1.3466676427632240e-01,
       1.3466676427632307e-01, 8.2564183272442438e+02,
       1.0348891600193567e+03, -1.0447716190405647e+02,
       -1.0447716190405653e+02, 1.0817296645578654e+03,
       8.9572515068035057e+02, 5.5292180746049029e+00,
       5.5292180746048860e+00, 1.0616999201973972e+03,
       4.0480830743288061e+03, -8.1663035669664362e+02,
       -8.1663035669664362e+02, 2.0144594080706581e+03,
       8.2829378131595047e+02, -1.8772816274162714e+01,
       -1.8772816274162732e+01, 1.0938635834462623e+03,
       1.4263244068611896e+03, 1.8923203960774003e+02,
       1.8923203960774003e+02, 1.7195091984351129e+03,
       1.4381872980219418e+03, 3.1115350883414806e+02,
       3.1115350883414811e+02, 1.3757220864279373e+03,
       9.5384734837104554e+02, -5.0967749002048450e+01,
       -5.0967749002048436e+01, 5.8226995273796354e+02,
       1.3407466599070794e+03, -2.7849800892907348e+02,
       -2.7849800892907342e+02, 2.0129791866055505e+03,
       1.1466054237865071e+03, -1.3678633980633279e+02,
       -1.3678633980633279e+02, 1.0293896147918163e+03,
       2.3713035419066973e+03, 3.7420443473572516e+02,
       3.7420443473572516e+02, 1.7406600272533742e+03,
       8.1533700814534939e+02, 6.5374757384823639e+01,
       6.5374757384823681e+01, 1.3044807919365760e+03,
       1.4370319516729694e+03, 6.1740008528252979e+01,
       6.1740008528252957e+01, 5.4158476878168483e+02,
       1.0110876337713783e+03, 1.7558730783236467e+01,
       1.7558730783236467e+01, 8.6256724828131598e+02,
       1.7566189372572601e+03, -1.0925104211467138e+02,
       -1.0925104211467138e+02, 2.4416544307743948e+03,
       1.1805135833434681e+03, -1.4937078133031915e+02,
       -1.4937078133031915e+02, 1.5118721209109478e+03,
       8.3397423272155049e+02, -1.0418375544050814e+02,
       -1.0418375544050814e+02, 7.1314445005436801e+02,
       1.2828742298634536e+03, -4.8052272272698787e+01,
       -4.8052272272698787e+01, 1.9654458798410549e+03,
       1.6299238628009637e+03, -5.0666393807400323e+02,
       -5.0666393807400317e+02, 1.6518164268405230e+03,
       1.3914171036601174e+03, -3.6698885366344263e+02,
       -3.6698885366344263e+02, 1.3339646822166078e+03,
       9.1913556064644581e+02, -1.4080061266074185e+02,
       -1.4080061266074185e+02, 1.3480994996302302e+03,
       7.7836479114978670e+02, -1.5219993550236458e+02,
       -1.5219993550236458e+02, 7.0786737759537493e+02,
       8.5451658447648401e+02, -1.9784777440584622e+02,
       -1.9784777440584622e+02, 1.3011546850725761e+03,
       3.3172726405062608e+03, -7.8321289078497853e+02,
       -7.8321289078497853e+02, 2.1404182555304324e+03,
       2.7754284758716990e+03, -2.2108538413387680e+02,
       -2.2108538413387677e+02, 1.1695483227656944e+03,
       1.5398181613336799e+03, -3.4519158856439924e+02,
       -3.4519158856439918e+02, 1.3964672056143709e+03,
       9.0816364025045584e+02, -1.0954318757349473e+02,
       -1.0954318757349473e+02, 9.3736036499769011e+02,
       1.0717107605952936e+03, -6.6297118166865189e+01,
       -6.6297118166865175e+01, 1.0204144032290076e+03,
       6.6003469696311356e+02, 1.0469731539969980e+02,
       1.0469731539969979e+02, 8.3929338412616926e+02,
       1.9041617035941499e+03, -1.0985762021165301e+02,
       -1.0985762021165297e+02, 1.2247704937334370e+03,
       5.9034397817961224e+02, -2.3336594677538304e+01,
       -2.3336594677538294e+01, 1.2126891393659218e+03,
       1.1001622355667753e+03, -3.5329100265560055e+02,
       -3.5329100265560055e+02, 1.6410101551581724e+03,
       7.1268478544186826e+02, 3.1005848821499409e+01,
       3.1005848821499409e+01, 6.1626937842379709e+02,
       1.8208631447383675e+03, 5.1440831543273738e+01,
       5.1440831543273745e+01, 1.2595666680922375e+03,
