%YAML:1.0
means: !!opencv-matrix
   rows: 49
   cols: 3
   dt: d
   data: [ -1.2407406509712148e+02, 1.2674218168179236e+02,
       4.2925166345580593e+01, 2.4846832541957198e+01,
       -1.0212704575376311e+02, -9.0799587892122247e+01,
       -1.2364702537029601e+02, -9.4545503866897000e+00,
       1.0350665353344141e+02, 1.0212998279606630e+02,
       3.2143048420716916e+01, -7.3653828493658340e+00,
       -1.3163984935825886e+02, -8.1527527661739427e+01,
       -7.7154245828260848e+00, 1.6038703743233775e+01,
       9.6745760610330734e+01, 1.6007221499512838e+01,
       6.4025636592877774e+01, 1.8162955018079128e+02,
       3.8153833434036372e+01, 2.5692911143164679e+02,
       2.6790176021891028e+01, 2.2716452314270860e+01,
       6.6111169781700198e+01, -7.1876163238608314e+01,
       4.3247785914530667e+01, 1.0490191144861194e+02,
       -1.1142174686425041e+02, -2.7565460501409031e+01,
       -1.9306585762024628e+02, 1.8362550792185495e+01,
       -2.3395773589401909e+01, -8.1366622240822721e+01,
       -1.2196986182365686e+01, -4.6239302477507849e+01,
       1.0055231563412795e+02, 1.0428704874291540e+02,
       4.4414943834086699e+01, -6.0814844286027949e+01,
       -1.1683467957760132e+02, -4.7892895770130629e+01,
       1.0291391471168798e+02, -1.3808356977663010e+02,
       7.3610302450084845e+01, 1.2790470868948672e+01,
       1.8756400833781160e+02, -2.5329689005207563e+01,
       -2.8066788569438455e+02, 9.0935749964894498e+01,
       -1.1604402770321245e+01, -1.7695361058357440e+02,
       -1.7636646275918221e+02, 2.5898789897996259e+01,
       1.4888854330963611e+02, -3.4518555020419861e+01,
       1.1877746616524657e+01, -4.9669425627158361e+01,
       -5.6095504697815002e+01, 6.1900706153612390e+01,
       -1.6331421582875990e+01, -4.8832087499186414e+01,
       -7.5209423202797030e+00, 2.4912930486449068e+02,
       -8.1419003363030086e+01, -1.1347431436780852e+01,
       1.4491400798929863e+02, 1.7343934342770919e+02,
       5.4628479093746144e+01, -3.7052497173854753e+01,
       1.2004140294427324e+02, -5.4502986079740189e+01,
       4.0061867166088753e+01, -2.3536621928054725e+01,
       -5.8544977208542399e+01, 1.6035535844066214e+02,
       1.0678279453770635e+02, -9.4977316816814330e+00,
       -9.6798625507076721e+01, -1.4393998439222847e+02,
       9.6970452436180295e+01, -7.5432227751469416e-01,
       3.5205458596573500e+01, -6.7112826752158909e+01,
       -7.1182570129798279e+01, 4.4709972264981580e+01,
       2.0164523851020601e+01, -1.8923500773878388e+02,
       -9.1963022826545355e+01, 4.5913973199705936e+01,
       1.4401940584914260e+02, -9.0174007125635086e+01,
       -7.9159728330046036e+01, -2.7408190723142394e+02,
       -9.6725320094374922e+01, -1.9764129508665707e+01,
       -5.1741316970978154e+01, 1.7557236180196563e+02,
       5.4960447397430713e+01, -3.3535017315928236e+01,
       5.3525948411154346e+01, 9.7050001412009465e+01,
       -1.8909990411331842e+02, 1.4798260038667715e+02,
       -2.2740251342053508e+01, 8.7731110082694499e+01,
       2.2903609550185607e+01, 7.1041134096168292e+01,
       -9.5267379243354682e+01, -1.8386037041369414e+02,
       -5.2296619437651572e+01, 2.0111026618356203e+02,
       1.0563877593685902e+01, -1.9280584860449608e+01,
       -2.4033379617566294e+02, 4.4600345357748248e+00,
       2.5763458642941924e+01, -1.9059306978668289e+02,
       5.5773740238901240e+01, 3.3165231468871141e+01,
       6.1861144803470559e+01, 8.4605746003324796e+01,
       -6.4662962599352994e+01, 2.5169476192889356e+01,
       -1.5260353590697889e+02, 1.8163571420018421e+01,
       1.8163649569234551e+02, -1.1221598838186263e+02,
       3.4159400183432645e+01, 2.6216296785121060e+01,
       1.1523031988287547e+01, 2.5939844213884538e+01,
       -8.8210034351670615e+01, 1.8439060987232216e+02,
       -6.4712273827658962e+01, -9.4378554861785062e+01,
       8.1101816746134347e+01, -5.5623768559120158e+01,
       1.8006009157393891e+01, -2.8859502512324121e+02,
       3.0463012053209351e+00, 1.1310943871740636e+02,
       5.7594413677236753e+00, -8.6558432480979633e+01,
       1.6840385206640119e+02, 2.1668279394227216e+01,
       4.5403829709061981e+01 ]
