%YAML:1.0
means: !!opencv-matrix
   rows: 6
   cols: 21
   dt: d
   data: [ 2.5891465669459035e+02, 1.1156878445977220e+02,
       1.4546077994362097e+00, 2.3761717312637631e+02,
       1.8190233926341341e+02, 1.5809954582248638e+00,
       2.6727774362403159e+02, 2.2185865734202503e+02,
       1.7319854063330593e+00, 3.1811284314092023e+02,
       1.6258436764399050e+02, 1.7626419819764123e+00,
       3.1649244916428188e+02, 2.2329005266577090e+02,
       1.7298432637799543e+00, 1.1850562510526080e-03,
       -1.0155670358372375e-03, -7.7635720930889019e-04,
       3.6588279444296503e-03, -2.5157577686148686e-01,
       1.7517472841852502e+00, 2.4198974896247069e+02,
       3.5161211946378921e+02, 1.6742541821347259e+00,
       2.0853010223869646e+02, 2.8228172124832207e+02,
       1.7538238232110177e+00, 2.6201870995366744e+02,
       2.2686106609755461e+02, 1.7174402849425268e+00,
       3.1454701930910699e+02, 1.6431861924216511e+02,
       1.7324792422315702e+00, 3.1319006646131061e+02,
       2.2686463708734041e+02, 1.6990235994436702e+00,
       -1.3223159185804504e-04, 7.0163476900506592e-04,
       6.4358540306068217e-04, -1.1521894009592585e-03,
       -2.4836181040503871e-01, 1.7489427590914666e+00,
       2.0458862845480095e+02, 2.9192189393801902e+02,
       1.6595249687102094e+00, 2.2844899327174818e+02,
       2.8620750810073827e+02, 1.8074108365025334e+00,
       2.6971528853158168e+02, 2.2796589056334190e+02,
       1.8377272066225565e+00, 3.2051948562857871e+02,
       1.7191475452254753e+02, 1.8668362091508783e+00,
       3.1787913097541758e+02, 2.2940801252596253e+02,
       1.8252480257798385e+00, -3.9256112219658920e-04,
       3.7058909280739761e-03, -2.5203547411926382e-04,
       1.4637757821721943e-03, -2.4066681044076227e-01,
       1.8688540506357838e+00, 2.5041071048698163e+02,
       2.8420360343507679e+02, 1.4825368710569207e+00,
       2.3979361000708511e+02, 2.8423688601984753e+02,
       1.6048463504027366e+00, 2.6800543804800355e+02,
       2.2990232753089649e+02, 1.6851897719709952e+00,
       3.1901667060916316e+02, 1.6275461634753239e+02,
       1.7446505794166367e+00, 3.1746836231644500e+02,
       2.3096605601107683e+02, 1.7082774023381544e+00,
       -2.1691347300317295e-04, -1.0408348584109615e-03,
       -1.0326257850492944e-03, 1.4671937954084222e-03,
       -2.5093127336294668e-01, 1.7499442959531253e+00,
       1.8261416555343527e+02, 2.9529715038348365e+02,
       1.4224630090491313e+00, 2.1246459261420986e+02,
       2.8688634289058183e+02, 1.5656773083363020e+00,
       2.6030208661791499e+02, 2.1978330458087908e+02,
       1.5913590625221015e+00, 3.1896472844183569e+02,
       1.5547485242916008e+02, 1.6214713226119941e+00,
       3.1590969744504554e+02, 2.2136063974247622e+02,
       1.5786743475954945e+00, -1.0635829662961458e-04,
       -2.7806406594758498e-03, 8.0749137636555626e-04,
       -3.6816342665307246e-03, -2.5941199122165187e-01,
       1.6254185855810828e+00, 1.9188087899200320e+02,
       1.0166618000721243e+02, 1.5254792575598328e+00,
       2.0228005590604533e+02, 1.7485721335920664e+02,
       1.6240807803527519e+00, 2.6579242721853734e+02,
       2.2018966466193748e+02, 1.7197090528038785e+00,
       3.2217776785983438e+02, 1.6470030604598588e+02,
       1.7695934488822647e+00, 3.1746284576405691e+02,
       2.2299245324351702e+02, 1.7084601190212259e+00,
       1.2729642289930330e-03, -2.1206601076847213e-03,
       -1.6828180058697936e-04, 9.2415561311090543e-04,
       -2.5161198534683632e-01, 1.7504426903229122e+00 ]
covs: !!opencv-matrix
   rows: 126
   cols: 21
   dt: d
   data: [ 7.5833911299123183e+03, 9.5176382471715181e+02,
       6.1864396457888171e-01, 3.8203341526232052e+03,
       -4.0586578141751517e+02, -1.5322655442920687e+00,
       1.3722899817403609e+03, 1.4523293695165333e+02,
       2.8171114560934968e-01, 1.5059999257716947e+03,
       2.8569652328135174e+02, 1.1914928811485577e+00,
       1.4612644090523850e+03, 1.7371562364124898e+02,
       -4.7074377621942687e-03, 5.1900882603329611e-02,
       5.8415566677814695e-02, -1.9802095484665502e-01,
       4.6959579298229759e+00, 1.2657709656520372e-01,
       5.3172336480857196e-01, 9.5176382471715146e+02,
       4.8998315721819681e+03, -9.5432207294886817e-01,
       4.6865280756391246e+02, 3.2836231461176767e+03,
       -1.9106626306041163e-01, 4.3350721800593071e+01,
       1.5801198398058832e+03, 2.1389698682418605e+00,
       -2.7624642818309514e+01, 1.5615935883448135e+03,
       2.3537064368962914e+00, 2.7059811715126214e+00,
       1.5444755182870431e+03, 2.0348293501802215e+00,
       -1.3094027303613853e-01, 2.6022991771175835e-01,
       -2.1515897051744212e-03, 2.0462723745384506e-01,
       4.7559261177102368e+00, 1.9915360499999013e+00,
       6.1864396457888160e-01, -9.5432207294886817e-01,
       3.8041791673487403e-02, 2.0514797246869734e-01,
       -1.0273622722585523e+00, 2.9253156657638005e-02,
       6.1141241759755871e-01, 1.7125397149594693e-01,
       2.0689576032356289e-02, -1.9199962848911084e-01,
       6.2709202070963244e-01, 1.8404312538034102e-02,
       -7.5615076222807179e-02, 1.4947492255421968e-01,
       2.0874196109260810e-02, 1.4477448277189578e-04,
       6.0505640928755128e-05, 7.6965439959753587e-04,
       -4.3205670357735799e-04, 2.6571940292579552e-04,
       2.0847896138757354e-02, 3.8203341526232052e+03,
       4.6865280756391240e+02, 2.0514797246869726e-01,
       2.7018943037817912e+03, -1.9868022988204675e+02,
       -3.4547556931308049e-01, 1.3545862749671821e+03,
       6.6387203854011091e+01, 8.8706081256722635e-01,
       1.4082609587517318e+03, 2.2466079615184458e+02,
       1.5596517910104215e+00, 1.3808874974006603e+03,
       8.1233900478633132e+01, 7.0928572475190999e-01,
       -9.1993201674015215e-02, 1.6159756447736685e-02,
       -1.0096912537005943e-01, 4.4052165235049472e+00,
       4.3391592865470001e-02, 9.5682685648382049e-01,
       -4.0586578141751534e+02, 3.2836231461176767e+03,
       -1.0273622722585527e+00, -1.9868022988204675e+02,
       2.6927533995976678e+03, -5.6041883094841739e-02,
       4.8773552520143085e+01, 1.4080989259660512e+03,
       9.6434242431881301e-01, -4.3428408165277354e+01,
       1.3244286580796256e+03, 8.9542726585197774e-01,
       7.7061943831390973e+00, 1.3708071195391997e+03,
       1.0065822757340912e+00, -1.8922402994406870e-01,
       1.5899293321722258e-01, -1.3125353273035965e-02,
       1.6246492025146150e-01, 4.4015490477177730e+00,
       8.8459465626769285e-01, -1.5322655442920687e+00,
       -1.9106626306041163e-01, 2.9253156657638005e-02,
       -3.4547556931308049e-01, -5.6041883094841684e-02,
       2.6761109207057085e-02, 6.9668367156292987e-01,
       1.8506918780680637e-01, 2.1095908268803074e-02,
       -6.7387605460800373e-02, 7.2614276313514137e-01,
       1.9704412271576866e-02, 2.5372430362304445e-02,
       1.6275059094357430e-01, 2.1278734002628575e-02,
       1.1017168478609748e-04, 3.2690231243399334e-04,
       8.6421983924870314e-04, -1.2609913713432580e-04,
       9.6610268969135469e-05, 2.1041252956436805e-02,
       1.3722899817403609e+03, 4.3350721800593085e+01,
       6.1141241759755871e-01, 1.3545862749671821e+03,
       4.8773552520143070e+01, 6.9668367156292976e-01,
       1.3026616659624781e+03, 1.7934936682959172e+01,
       7.0228785424623008e-01, 1.2493987562580053e+03,
       2.9500594299487926e+01, 6.6922605525311951e-01,
       1.2831073496497625e+03, 1.1865604915705767e+01,
       7.1465068230323980e-01, -1.7443188132492679e-01,
       -8.9983983030192394e-04, -1.5849890365063853e-02,
       4.1041680040870112e+00, 5.6260668488734315e-03,
       6.9182838114858836e-01, 1.4523293695165336e+02,
       1.5801198398058832e+03, 1.7125397149594693e-01,
       6.6387203854011091e+01, 1.4080989259660514e+03,
       1.8506918780680640e-01, 1.7934936682959172e+01,
       1.2961306535200774e+03, 1.6108224454957473e-01,
       1.0741343193572709e+01, 1.2651585498450377e+03,
