%YAML:1.0
means: !!opencv-matrix
   rows: 46
   cols: 8
   dt: d
   data: [ 1.6714160678207470e+01, -1.5430302063127948e+02,
       7.6795591267420189e+00, 5.1076722655124463e+01,
       -7.3353513682744760e+00, -1.2157351410987218e+01,
       -2.2989493910840046e+00, 2.4728754968844904e-01,
       1.0264954269393056e+02, -5.4412133728055430e+01,
       -2.3644601428337761e+01, 3.8832155371179361e+01,
       -2.5247964935888518e+01, 1.8566892024558420e+01,
       6.4562148056338919e-01, 1.6072660149568303e+00,
       -1.5122940490001793e+02, 1.1723641928884946e+02,
       1.6861879874927286e+01, -5.0576768910771229e+01,
       -2.4071314225007661e+01, -4.9990003733171724e+00,
       -5.5385145578502504e-01, -3.1004318347483800e-01,
       -1.1987431415762580e+02, -6.3537459380282748e+01,
       4.0701162347157066e+01, 5.1853623402142102e+00,
       -1.9994448608670312e-01, -1.7976418609883083e+01,
       -2.0562335140448611e+00, -8.0056749549624784e-01,
       7.4593380295384662e+01, 1.2669575455986161e+02,
       -3.3009889173350132e+01, -4.5920214464756270e+01,
       -9.9020364831963459e+00, 2.7008740678150009e+00,
       2.5605027754726897e+00, 1.6952195442869018e+00,
       1.1281110136829358e+02, 1.8232411610565322e+01,
       -3.2916067110476000e+01, -5.2347474611981664e+00,
       -3.7491259129610266e+00, -1.5318065636418156e+01,
       -8.4397623039593554e+00, -4.6918587008365814e-01,
       -7.9181721402759393e+01, 9.1433373909915829e+01,
       2.8490588776420802e+00, -6.0605987224190947e+01,
       1.6229114380829015e+00, 4.6104678390440457e+00,
       1.6291156009735241e+00, -1.9593126287935980e-01,
       -2.0436045193365342e+02, 4.0684492048710297e+00,
       5.2120226055549203e+01, 3.3253474175605810e+01,
       -1.3033282151804652e+01, -3.9734058628194785e-01,
       -5.3097604113998453e-01, 8.8433252053964695e-01,
       1.4492040742042816e+01, -2.4498963930702044e+02,
       7.0268750749248570e+00, 7.8733013663066927e+01,
       -5.0736690808651164e-01, -3.6731255918097361e+01,
       -2.7305175525184593e+00, -3.1805353709507602e+00,
       -1.1366387537214328e+02, -4.9009100394046619e+01,
       2.7626667023249887e+01, 2.9970900375986897e+01,
       -5.3749261415487402e+00, 2.4913360360460043e+01,
       -7.9432396606886269e-01, 9.2733490000782803e-01,
       -1.1559427520663062e+01, 1.3256628621170455e+02,
       -2.0876864917866747e+01, -6.2501204823190868e+01,
       -1.0645038031673868e+01, 2.9763792784094756e+00,
       2.3706884019102166e+00, -1.3637723024952588e+00,
       1.9018428280647009e+02, 1.0128057718065405e+01,
       -5.0970172535241375e+01, 1.3550667624815301e+01,
       -9.5965590679267674e+00, -6.9078128454441101e+00,
       1.0782236627150332e+00, -3.8793989781446908e-01,
       9.9780845549210042e+01, -2.0031199425413277e+01,
       6.2181676614224344e+01, -2.0832593404293835e+01,
       2.2895715122309571e+01, 3.6276378103732720e+00,
       1.0599417368894575e+00, -1.3300452238369804e+00,
       -1.2897735334270891e+01, 1.2074978472981125e+02,
       2.0239243711958327e+01, -2.8678995456839750e+01,
       1.8968419763068940e+01, -1.1587061608035255e-01,
       -1.2575135043555619e+01, 2.4372675459605264e+00,
       1.3923232450857553e+01, 4.7655314778108036e+01,
       2.9429607160993825e+01, 5.4886030936339850e+01,
       3.7170197543592906e+01, -3.4837632534507104e+00,
       6.0133609797569687e-01, -4.4772636490209056e-01,
       9.3238467837813754e+00, -7.2893231568822699e+01,
       1.2939889265170152e+01, -1.0572993853295475e+01,
       3.7952973895281993e+01, -7.3901105925012811e-01,
       1.4277542564323547e+00, -1.0048292188773895e+00,
       -1.5312829081471273e+02, 5.7598182709877257e+01,
       3.0159026565096614e+01, -3.1727019416323454e+01,
       -1.7288415738126526e+00, 6.6472156336850041e+00,
       1.7270526238624733e+00, 1.1398293876100614e+00,
       1.7894176099514013e+02, 3.6982623027896295e+01,
       3.6181755437079460e+01, -3.1959289266331140e+01,
       -9.3580912316864850e+00, -3.4985992044428116e+00,
       -1.7633929393007632e+00, -4.8498819624620926e-01,
       2.9561994475612785e+01, -1.1224550246365317e+00,
       -1.4258221966808970e+01, 2.5875120568042651e+00,
       5.9807139661780209e+00, 1.1168246449151074e+01,
       1.6930391656338863e+00, -3.8746874603650550e-01,
       1.3061511846608587e+02, 4.1642944220573973e+01,
       -4.1073050775555934e+01, -2.4780369956310846e+00,
       -1.9180376147511243e+01, -9.7316555002052905e+00,
       -2.2526194752109254e+00, 2.3064593241543077e+00,
       2.8614821538612897e+01, 1.6329402949935746e+02,
       -1.0815427245607090e+01, 3.1587423683299400e+00,
       -7.6726806583393623e+00, -1.9093235748073483e+00,
       1.3955115412201462e+00, 1.3068249971792789e-01,
       7.6123334804799740e+01, -9.0034921048016386e+01,
       -4.7688376741065230e+00, 4.4178000458879794e+01,
       1.6363581394843816e+01, 1.2334378723822899e+01,
       1.4979974515894803e+00, -4.3006408365917892e-01,
       2.1902936156499798e+01, -6.8777946496900057e+01,
       1.8103771430369955e+00, 4.4883595464779788e+01,
       -3.8510145206944237e+01, 2.8771887043229157e+01,
       2.5808662954351713e+00, 1.6694158714788867e+00,
       5.1793252927850759e+01, 3.3028280823881531e+01,
       -2.4428914627671098e+01, -2.9462732862063739e+01,
       -3.8967246527978880e+00, -2.2494515095506241e+01,
       -3.8331244345607129e+00, 4.9655019145448671e+00,
       -6.4928923590079837e+00, -1.3903070988159664e+02,
       3.0645932925074668e+01, 6.0670128336740987e+01,
       3.2402643832174981e+01, -1.5580860736140403e+01,
       -3.0229036128034997e-02, -2.7311726099267477e+00,
       -8.6487081540293502e+01, -5.9493260590736448e+01,
       1.0603600351844273e+02, 1.6215607843935931e+01,
       -1.9490813283228729e+01, 6.5562772047095912e+00,
       -1.7346897659997571e+00, 1.3013074073652844e+00,
       -1.8556968429603930e+02, -9.3167212923013793e+01,
       4.4670312954369457e+01, 3.3950853222536367e+01,
       -3.2021328590013958e+01, 1.8839979826554494e+00,
       -1.7702687462094135e+00, 2.7459973219600940e-03,
       -8.3654112065587512e+01, -2.3896893137919434e+01,
       -5.2335629695012365e+01, 1.7810886957087114e+01,
       3.6208347928728614e+01, -2.3062085877792496e-01,
       1.6090528788435217e+00, -8.0667162490366395e-01,
       -1.6400222303411416e+00, -2.2326364545808609e+01,
       -4.4676961172618705e+00, -6.5143425089389826e+00,
       -1.4502429564354010e+01, -1.5615682401778427e+01,
       -7.1484701530694951e-03, -8.9747258002235053e-01,
       1.3248026565734699e+02, -8.9790831923411048e+01,
       -2.7526477568232995e+01, 4.8956419097636775e+01,
       -2.3702266363204082e+01, -3.1846203370259998e+00,
       1.6233134451726532e+00, -2.9980374390520255e+00,
       9.4831600253869993e+01, -3.3041233099306929e+01,
       -2.0723241869313515e+01, 3.4607433329810867e+01,
       -2.9613036778017907e+01, 2.9014855180091899e+01,
       1.6475726744014927e+00, 9.0626183452846409e-01,
       1.2096390983475946e+02, -2.8719538208004682e+01,
       -3.5714226231087579e+01, 2.3318446502254083e+01,
       -6.4497868504542772e+00, -1.1511801487192441e+01,
       -3.5553410136361379e+00, -2.0343951669253828e+00,
       8.0853780260874487e+01, 3.3332788470811465e+01,
       -4.6603107405990158e+01, -1.8879165657878055e+01,
       -1.2880924999841380e+01, 5.5824004115160824e+00,
       2.5151245416486179e-01, 3.7998315630204099e-01,
       -1.1248120104498631e+02, 3.1247295437893420e+01,
       2.9400867786998372e+01, -4.2229709769956472e+01,
       6.4440891620630216e+00, -1.1372214852661324e+01,
       1.0002400054762012e-01, 6.7256443824323009e-01,
       5.0212605284056089e+00, 8.6285167493168345e+01,
       -1.2911427399178665e+01, -4.5554533966930073e+01,
       1.2581453875684717e+01, -3.4456149895042598e+00,
       1.5941287523570242e+00, 1.2803087557237194e-01,
       7.9153954855375744e+01, 8.8359024200840892e+01,
