%YAML:1.0
means: !!opencv-matrix
   rows: 9
   cols: 9
   dt: d
   data: [ 4.2570748938995003e+01, 3.2564203067830896e+01,
       -9.1089456283038519e+00, -2.2507197092983692e+01,
       1.8597650572008018e-01, -1.3655972147323958e+01,
       -7.8596873577997615e+00, 2.0822730466674297e+00,
       6.5700504523334127e+00, -1.7631114197231798e+02,
       -9.8057860564214408e+01, 4.7234772985020747e+01,
       3.3648005826872691e+01, -2.7404388905972880e+01,
       -3.7194330758390987e-01, -3.1203277682419346e+00,
       -2.3626742269076167e-01, 1.1150647503395854e-01,
       4.8230302273538939e+01, -4.2216268204824324e+01,
       -2.5417440194179135e+00, 1.9801735002196882e+01,
       1.0805998335165544e+01, 8.6498906362757175e+00,
       1.4505407172779077e+00, -1.2371692818805330e-01,
       5.2743332154458526e-02, 7.7433618067551846e+00,
       9.6396186482016063e+01, -1.4015503857295519e+01,
       -4.4684614313739729e+01, 5.0663055267881862e+00,
       -2.1952579391214662e+00, 1.5641241174609477e+00,
       -6.4598797617892667e-01, -3.1920647982873390e-01,
       -1.5093128341666522e+02, -4.1023502654272015e+00,
       4.0714283510567512e+01, -7.2347695081259058e+00,
       -3.6244703170026943e-01, 3.7438777041539826e+00,
       8.6287757439199864e-01, 1.1965273651646449e+00,
       -8.0697198278250881e-01, -3.2632692875159002e+01,
       -1.4832041041135756e+02, 1.8972724620722929e+01,
       4.6871853911405125e+01, 5.6589065141718127e+00,
       -1.6130686285281556e+01, -2.3260712209967322e+00,
       -6.8964277778605176e-01, 1.2108770303127523e+00,
       3.1068793211935045e+01, -2.6654178735516982e+01,
       -3.6045680252789043e+00, 2.1841606634347535e+01,
       1.0107620856036381e+00, 6.4807896559967682e-01,
       -6.0113642771289033e-01, -4.2021154462194887e-01,
       -1.2407619612531708e+00, 1.4010168790408608e+02,
       3.6824472622512225e+01, -4.1337500359199538e+01,
       -2.1302539993830063e+00, -8.8686383924998733e+00,
       -5.8519141557045566e+00, 7.2311702002139433e-02,
       -2.7923155452466434e-02, -6.6932872400200805e-01,
       -1.4347536815337531e+02, 9.2262688143340796e+01,
       1.6905671352138491e+01, -4.6996989237777051e+01,
       -9.4338005714267776e+00, -2.0864815512572807e+00,
       2.4214008948625684e-01, -1.7763107504474793e-01,
       2.8464534416431725e-01 ]
covs: !!opencv-matrix
   rows: 81
   cols: 9
   dt: d
   data: [ 8.2020939743122271e+03, -1.2924549363999204e+03,
       2.0271913508739474e+03, -3.2706327618397705e+02,
       -5.8213352166605387e+02, -2.5464012408933951e+02,
       -1.6867510457234596e+02, 1.8826965732513138e+01,
       4.3848787320507469e+01, -1.2924549363999204e+03,
       8.7755270982827842e+03, 1.2647817482697440e+03,
       1.8376929992550292e+03, 3.0070015596785106e+02,
       3.9021761345683979e+02, -1.8269053346429891e+02,
       -1.6280721737477190e+01, 7.6119974934613799e+00,
       2.0271913508739474e+03, 1.2647817482697442e+03,
       2.8331003301416686e+03, -2.0172518857737472e+02,
       8.4864872424326194e+01, 4.3694645637818283e+01,
       5.9760204677955379e+01, -2.8884473050793140e+01,
       -1.5284189660484909e+01, -3.2706327618397705e+02,
       1.8376929992550295e+03, -2.0172518857737472e+02,
       1.8233238949389117e+03, 1.6448735132890008e+01,
       -1.9648965587623488e+02, 6.4410559388477902e+00,
       3.8762574764667576e+01, 3.5366064793255482e+01,
       -5.8213352166605387e+02, 3.0070015596785106e+02,
       8.4864872424326180e+01, 1.6448735132890008e+01,
       2.9378004133438105e+02, 2.2686474184529473e+01,
       -3.5447727321054309e+01, 2.8219128545734407e+01,
       4.3238125322160847e+00, -2.5464012408933951e+02,
       3.9021761345683979e+02, 4.3694645637818283e+01,
       -1.9648965587623491e+02, 2.2686474184529477e+01,
       2.0281510898321210e+02, -4.1126311305153450e+01,
       -3.4419279266732524e+01, -2.7691001138798779e+00,
       -1.6867510457234590e+02, -1.8269053346429891e+02,
       5.9760204677955365e+01, 6.4410559388477910e+00,
       -3.5447727321054302e+01, -4.1126311305153450e+01,
       5.8588254057882573e+01, -1.0584091556698334e+00,
       -5.2919111572465072e+00, 1.8826965732513141e+01,
       -1.6280721737477194e+01, -2.8884473050793133e+01,
       3.8762574764667590e+01, 2.8219128545734407e+01,
       -3.4419279266732524e+01, -1.0584091556698334e+00,
       2.4835791248337980e+01, -7.3862917208345724e-01,
       4.3848787320507469e+01, 7.6119974934613754e+00,
       -1.5284189660484909e+01, 3.5366064793255482e+01,
       4.3238125322160847e+00, -2.7691001138798779e+00,
       -5.2919111572465072e+00, -7.3862917208345724e-01,
       4.1320001370825779e+00, 5.8715230766401755e+03,
       -3.7504519735526895e+02, 3.1671612304489013e+03,
       -7.8404683125348765e+02, -7.2396008233860584e+01,
       5.5838284546722328e+01, 5.2852060381822533e+01,
       1.8635046010704482e+01, 8.7128454758087681e+00,
       -3.7504519735526895e+02, 7.4535537059050084e+03,
       8.3255768256397653e+02, 2.1945889905133449e+03,
       4.4006688032448051e+02, 6.0943613844352819e+02,
       8.2289031065218623e+01, 4.6225217498137127e+01,
       5.3366097947165777e+01, 3.1671612304489013e+03,
       8.3255768256397630e+02, 2.4627800277340034e+03,
       -5.2880424597740706e+01, -5.9845690277308627e+01,
       -5.8320512306733896e+01, -2.1483782483736586e+01,
       -5.6782665455848722e+00, -1.1643108573082344e+01,
       -7.8404683125348777e+02, 2.1945889905133449e+03,
       -5.2880424597740664e+01, 1.8876262890289029e+03,
       -1.6427653320167926e+02, -1.7330953435445690e+02,
       -2.8763036685266147e+01, -2.1103339769935175e+01,
       -1.8151840234828750e+01, -7.2396008233860613e+01,
       4.4006688032448051e+02, -5.9845690277308620e+01,
       -1.6427653320167926e+02, 1.8079400050121603e+02,
       1.2582525137983416e+02, 1.2171584217413381e+01,
       1.7525177839042268e+01, 2.3639138889499407e+01,
       5.5838284546722313e+01, 6.0943613844352819e+02,
       -5.8320512306733875e+01, -1.7330953435445690e+02,
       1.2582525137983417e+02, 2.9101022040612446e+02,
       5.8356798257174818e+00, 1.6729383939651921e+01,
       1.5144495960043994e+01, 5.2852060381822554e+01,
       8.2289031065218623e+01, -2.1483782483736586e+01,
       -2.8763036685266147e+01, 1.2171584217413384e+01,
       5.8356798257174800e+00, 3.5479096062191942e+01,
       3.7994335917374298e+00, -2.8535922967287403e-01,
       1.8635046010704482e+01, 4.6225217498137127e+01,
       -5.6782665455848695e+00, -2.1103339769935175e+01,
       1.7525177839042271e+01, 1.6729383939651921e+01,
       3.7994335917374298e+00, 1.4853886986268353e+01,
       -3.4937889619936144e-02, 8.7128454758087734e+00,
       5.3366097947165770e+01, -1.1643108573082346e+01,
       -1.8151840234828750e+01, 2.3639138889499407e+01,
       1.5144495960043992e+01, -2.8535922967287419e-01,
       -3.4937889619936255e-02, 8.6731663379940880e+00,
       7.2616472320423745e+03, -5.3581152795105538e+02,
       2.1541574834512116e+03, -3.1587461165856809e+02,
       -1.1974640301756322e+03, 1.9375335091243079e+02,
       -3.1198887227879258e+01, 4.9915790792323868e+01,
       -6.2203747028382210e+00, -5.3581152795105561e+02,
       6.5920410662526374e+03, 6.4890553236910409e+02,
       1.9204880990764427e+03, 1.3992176228714654e+00,
       -2.6305585306929618e+02, -3.3761109169406225e+01,
       -2.2990785642263347e+01, -8.3422592490865388e-01,
       2.1541574834512116e+03, 6.4890553236910409e+02,
       2.6825389399481514e+03, -1.5556245257805156e+02,
       2.9217256165695869e+02, -7.4503021937072575e+01,
       1.5827439785866629e+01, -1.7336805584214765e+01,
       -3.9118037352745532e+00, -3.1587461165856814e+02,
       1.9204880990764427e+03, -1.5556245257805156e+02,
       2.0575789624712056e+03, -1.7686886146831515e+02,
       8.9865786780734766e+01, 1.2407881711065876e+01,
       1.8409560449083237e+01, 8.8427514910832805e+00,
       -1.1974640301756322e+03, 1.3992176228714550e+00,
