%YAML:1.0
means: !!opencv-matrix
   rows: 21
   cols: 6
   dt: d
   data: [ 1.3439047330526471e+01, 5.3492739994353499e+01,
       -2.5253871485853816e+00, -4.1363672139385990e+01,
       2.0102747985062921e+00, -2.0577843907704672e+01,
       7.7419805854882554e+01, -3.9332984552110609e+01,
       -2.4363860589057552e+01, -5.9221482167297026e+01,
       -2.3953431110103093e+01, -1.8013428196385505e+01,
       9.3946779404070483e+01, 1.4307025228543317e+01,
       -3.1961662868183716e+01, -2.7066108717041111e+01,
       -2.5846380710431784e+01, -1.4143546506019003e+01,
       -6.2646675292144721e+01, 1.0512130669894214e+01,
       1.9672290580084901e+01, -1.0130059310091180e+01,
       2.5172125128959010e+01, -1.2069398356352274e+01,
       -1.8839960876563512e+02, 8.5041073106451719e+01,
       4.0790724911142682e+01, -4.9960615723039247e+01,
       -2.1589473476611794e+01, 1.1146191230388238e+01,
       7.0872782123554330e+01, -6.4725666976333869e+01,
       -2.5312945607806210e+01, 4.0609259504378535e+01,
       -1.0469207945425790e+01, 6.0991897422876669e+00,
       -1.4672193027820060e+02, -9.7165512561399723e+01,
       2.7869006955309839e+01, 6.4413312565201721e+01,
       -1.7768841453458808e+01, 3.8607098040974064e-01,
       -1.5690466216686553e+02, -5.4823261588196836e+01,
       5.7561908677562052e+01, -2.7445000432275862e+01,
       -4.1706423558477432e+00, 1.3121922771897663e+00,
       1.5355389906649674e+02, 1.1252717358783542e+01,
       -4.3110954916061566e+01, -4.9374701035956106e+00,
       -6.4203704185122383e+00, 1.2580253002854091e+01,
       -1.4804681793417041e+02, 8.2573602218099936e+01,
       5.3632564207781080e+01, 2.6641510368015343e+01,
       -4.1038914673153446e+00, -2.5409538040733753e-01,
       -2.6000745893072695e+02, 8.6492659829330236e+00,
       -1.7542117194835487e+01, -5.0231252038024596e+00,
       -6.7502676697611683e+00, -1.6711485410628208e+00,
       2.5857017066723600e+01, -1.0140053743036329e+02,
       -9.7837483180541991e+00, 6.8370843470813767e+01,
       -4.3055886487632762e+00, -1.6549033779255877e+00,
       -5.2097904765716059e+01, -7.2903385814670713e+01,
       1.6481121028400498e+01, 4.6973881282914007e+01,
       1.1274533668275506e+01, -3.7738632409471928e+00,
       1.0401610757265853e+02, -4.2607384150045483e+01,
       -2.9995630943635174e+01, 3.3485700250456176e+01,
       -8.7071278322594536e-01, 1.5108710364014071e+01,
       1.1464456050669421e+01, 2.5861234772858605e+01,
       -4.6400912898964094e+01, 3.3974494855936928e+00,
       7.2924907934476213e+00, 9.9079746988458428e-01,
       -1.6021003965979617e+02, -3.4002200822195910e+01,
       3.2413047637106288e+01, 3.1587453458123289e+01,
       -6.3055946643022853e+00, 2.0656627368618068e+01,
       1.2977739640967496e+02, 1.6751697005148053e+01,
       3.8226860482607762e+01, 2.9966158253528339e+00,
       4.9945223336160520e+00, 1.6648220570879853e+00,
       9.2089374601020975e+00, 5.4431230905563339e+01,
       1.4270189230877580e+01, -2.1455647788654158e+01,
       3.6712205284051862e+01, -5.4623605636343555e+00,
       8.7873280260517362e+01, 8.1420265873373552e+01,
       -2.0924752657980779e+01, -2.8509486364423005e+00,
       -2.7033494562710978e+01, -2.2634738667732950e+01,
       1.6577769680513445e+01, 1.5532709740737130e+02,
       -1.0745201499783554e+00, -8.4340276506140825e+01,
       1.5775954545053406e+01, 1.5137608550310681e+01,
       2.9022528653413943e+01, -7.5382873133663367e+01,
       -6.2623194352550877e+00, -4.3644826943093612e+01,
       2.3522202552428162e+01, 5.1391301556415918e+00 ]
covs: !!opencv-matrix
   rows: 126
   cols: 6
   dt: d
   data: [ 6.8735438264020240e+03, 3.3974088885384629e+02,
       2.7236457014612874e+03, 2.1247063836662818e+01,
       -1.4231660880715737e+02, -9.8832358365153880e+01,
       3.3974088885384600e+02, 6.6154191653654607e+03,
       -3.8935266464720934e+02, 2.3065127009678035e+03,
       1.4051788915766855e+02, 1.7259155519722631e+02,
       2.7236457014612874e+03, -3.8935266464720934e+02,
       2.5206517325008535e+03, 2.4475550049330593e+01,
       -1.8444919970863591e+01, 7.7953888136322442e+00,
       2.1247063836662818e+01, 2.3065127009678035e+03,
       2.4475550049330590e+01, 1.0143262359268143e+03,
       2.7389794792570548e+01, -1.0151367460814555e+01,
       -1.4231660880715737e+02, 1.4051788915766858e+02,
       -1.8444919970863580e+01, 2.7389794792570541e+01,
       4.8750028777098657e+02, 6.5127460926033125e+00,
       -9.8832358365153880e+01, 1.7259155519722631e+02,
       7.7953888136322442e+00, -1.0151367460814559e+01,
       6.5127460926033169e+00, 1.5886167833714117e+02,
       3.9133769894105653e+03, -3.6287997227327691e+02,
       3.0036830461163863e+03, -7.0199022804538146e+01,
       -1.0703127264870221e+02, -1.1708450614291136e+01,
       -3.6287997227327691e+02, 2.3828886759984230e+03,
       -1.6503248058978036e+02, 9.3394009860759616e+02,
       5.5606079204195062e+01, 2.2749993423263565e+01,
       3.0036830461163863e+03, -1.6503248058978036e+02,
       2.4913668567235864e+03, -2.9787378926883623e+01,
       -8.0461677206148721e+01, 6.4029555553853115e+01,
       -7.0199022804538174e+01, 9.3394009860759616e+02,
       -2.9787378926883619e+01, 4.3770052486927750e+02,
       -1.7381353118401552e+01, -1.6793657548065905e+01,
       -1.0703127264870221e+02, 5.5606079204195062e+01,
       -8.0461677206148721e+01, -1.7381353118401549e+01,
       3.2859592383035235e+01, 5.7967491402109494e-01,
       -1.1708450614291138e+01, 2.2749993423263565e+01,
       6.4029555553853100e+01, -1.6793657548065905e+01,
       5.7967491402109428e-01, 7.2649205243088872e+01,
       4.7564206930899627e+03, 2.8749790168316895e+02,
       2.7430177205098917e+03, 3.3299092983898197e+02,
       8.7627248880427686e+01, 1.6927890050682348e+02,
       2.8749790168316883e+02, 5.6726052235371135e+03,
       -1.9074851583395528e+02, 2.4363571297263438e+03,
       2.1759600054268283e+01, -6.3869205803077032e+00,
       2.7430177205098917e+03, -1.9074851583395520e+02,
       2.5477512619669014e+03, 6.6457776531038837e+00,
       -1.4316658562388551e+02, -1.2664376666373482e+01,
       3.3299092983898191e+02, 2.4363571297263438e+03,
       6.6457776531038837e+00, 1.2059069661274818e+03,
       -1.8728257902002451e+01, -1.8958280405683528e+01,
       8.7627248880427686e+01, 2.1759600054268272e+01,
       -1.4316658562388551e+02, -1.8728257902002454e+01,
       8.1770297310718874e+01, 7.0825673454694353e+01,
       1.6927890050682345e+02, -6.3869205803076969e+00,
       -1.2664376666373487e+01, -1.8958280405683521e+01,
       7.0825673454694325e+01, 1.2236357517881140e+02,
       4.9971626118835438e+03, 1.0258111625009432e+01,
       2.6172292519259718e+03, 4.9310248298742738e+02,
       2.9836448020541678e+02, 3.2281392485255202e+02,
       1.0258111625009448e+01, 5.6994013440337731e+03,
       -9.5326892268313401e+01, 2.0155570092805906e+03,
       -1.8028468188276256e+02, -1.0126064948756630e+02,
       2.6172292519259713e+03, -9.5326892268313358e+01,
       2.6478754897498980e+03, -1.7208762467470149e+02,
       -2.9101394460723878e+02, -1.1449851906065271e+02,
       4.9310248298742738e+02, 2.0155570092805904e+03,
       -1.7208762467470152e+02, 1.3500402558583639e+03,
       1.5944446381409131e+02, 4.0232772982472426e+01,
       2.9836448020541673e+02, -1.8028468188276256e+02,
       -2.9101394460723884e+02, 1.5944446381409131e+02,
       2.5795705869829339e+02, 1.2324910541681420e+02,
       3.2281392485255202e+02, -1.0126064948756630e+02,
       -1.1449851906065268e+02, 4.0232772982472426e+01,
       1.2324910541681420e+02, 1.7120135181197782e+02,
       5.3892058875181956e+03, 2.1286422537895169e+02,
       3.0443173862309195e+03, 1.4485832277953097e+02,
       -1.1448882468103767e+02, -2.3383414189036188e+02,
       2.1286422537895186e+02, 6.9907631723034447e+03,
       -4.4733803345914938e+00, 1.9279854475861277e+03,
