%YAML:1.0
means: !!opencv-matrix
   rows: 45
   cols: 3
   dt: d
   data: [ 9.7443803327700692e+01, 5.9380170296146730e+01,
       7.9817292134448991e+01, -1.1081163942942351e+02,
       -4.0505917727863881e+01, -6.3468662650702591e+01,
       -1.4418328807698886e+00, 5.6580946059134860e+01,
       9.5250172651199652e+00, 5.0352032089380728e+01,
       -7.9852052381922249e+01, 4.4950766105804099e+01,
       -2.0638520039089087e+02, 9.3696052470473148e+01,
       4.1424487080492653e+01, 5.8503456697223641e+01,
       -5.0559613596184922e+00, -3.6659614643708025e+01,
       -1.5121218661950374e+02, 1.0377642846763969e+02,
       2.8896665203256457e+01, 1.9970489104595481e+02,
       -7.0647474993324010e+01, 1.7981072312124414e+01,
       -1.2614563903004364e+02, -1.4085534140611773e+02,
       3.9521359890086089e+01, 1.9940485452906933e+02,
       -2.3330711527087079e+01, 4.9864192718882641e+01,
       4.0150141368896733e+01, 1.0782187469364706e+02,
       -8.4825208947187065e+01, -2.5501303895894807e+02,
       9.3352418178210925e+00, -3.1536606572658730e+01,
       4.3491678809639209e+00, -1.0389323478261397e+02,
       -1.0178793454757617e+01, -3.2871762618766247e+01,
       -1.7158490058138433e+01, 1.0434763171606917e+02,
       -1.0645927912342675e+01, 1.9860380236723014e+02,
       -4.3152484964792492e+01, 2.6290055559397310e+01,
       1.2062281498772882e+02, 2.4225941338692710e+01,
       9.2538556317301002e-01, -2.6074265457066549e+01,
       -8.3655540919276888e+01, 1.8142455958098640e+02,
       8.9324637538718449e+01, 4.3573386332075515e+01,
       1.4640161078326616e+02, -8.0741145934389436e+01,
       -2.5423812687775737e+01, -1.9309159571313810e+02,
       -5.7226238902797295e+00, 7.9576969451501007e+00,
       -5.7779092222271181e+01, 1.2283834162553954e+02,
       -4.0185763388197159e+01, 6.9506602428802140e+01,
       -1.6154347283920811e+02, 3.4210884668671341e+01,
       9.7205239112324634e+01, 5.1790629971887114e+01,
       -3.7496109524007437e+01, -2.1220559791981975e+02,
       -9.5152444762693960e+01, -1.0048620715967234e+01,
       8.0587706489816158e-01, -2.0430257667592937e+01,
       1.2328392410041552e+01, -2.8124164429086181e+02,
       7.0716251767125186e+01, -1.1554344171808166e+01,
       1.4183879293301015e+02, 5.3136078611317153e+01,
       2.7622903412084689e+01, -1.0873544288126128e+02,
       1.2940479657922043e+02, 9.8012137116705503e+01,
       -7.7553299256134423e+01, 2.0512393725688504e+01,
       -4.1315879142863807e+01, -1.2645629505652785e+02,
       -4.4157100903894289e+01, 4.9946000551762950e+01,
       -5.9515343261923000e+01, -7.7479492677808338e+01,
       7.8514902975414628e+01, -2.9392608371872875e+01,
       -1.8408142214350718e+02, -2.7112830908058044e+01,
       -1.3375218047249319e+02, 1.6060525466225624e+01,
       8.5903549103189377e+01, -1.1911670780099243e+01,
       3.7321090599983400e+01, 7.6096466212221074e+01,
       1.3173807962513885e+02, -2.1202309642258808e+01,
       4.4428042112169717e+00, 1.8580070752022934e+01,
       4.7270275492882817e+01, -9.5968451930496471e+01,
       -3.9234427939264629e+00, -8.6462073188598168e+01,
       -9.5124939004903297e+01, 1.6173015085635566e+02,
       -5.4356398299769658e+01, 4.2404045518772548e+01,
       1.1615197689754521e+02, 1.1356960649888538e+02,
       -2.0327262632165663e+01, -7.9448876471031951e+01,
       -8.9055438192618155e+01, -3.0890733780978092e+01,
       8.8243857990187578e+01, -2.5731455635104336e+01,
       -8.4611178689491055e+01, 8.3189352887130170e+01,
       1.8064808860363559e+02, 2.3897769808585902e+01,
       -2.1996796491768399e+02, -1.6009848299442780e+02,
       -3.2904226810580838e+01, 2.0264896431149990e+02,
       6.5992412517262579e+01, -4.4171305817495554e+00,
       7.4820370849276486e+01, 4.4272837158761122e+00,
       5.9452011651110979e+01 ]
covs: !!opencv-matrix
   rows: 135
   cols: 3
   dt: d
   data: [ 6.5126258121148885e+02, -7.1875447794442721e+01,
       4.3864845327169149e+01, -7.1875447794442749e+01,
       7.0444840351488765e+03, -1.4261591470212995e+01,
       4.3864845327169149e+01, -1.4261591470212995e+01,
       1.2530034579803223e+02, 2.3340841724366373e+03,
       9.0005756814945198e+02, -3.2885370137884036e+02,
       9.0005756814945175e+02, 5.6406663309136620e+03,
       1.5754598015457051e+02, -3.2885370137884036e+02,
       1.5754598015457054e+02, 3.2561621006356489e+02,
       2.6070584024962941e+03, -8.2946288940190152e+02,
       6.9671962625521974e+02, -8.2946288940190152e+02,
       1.8697097981988265e+03, 3.5935388617996909e+02,
       6.9671962625521974e+02, 3.5935388617996909e+02,
       1.1645817676605345e+03, 1.4635788896490951e+03,
       4.5274757307230004e+01, -2.6482371924876065e+02,
       4.5274757307230011e+01, 2.1395495259463769e+03,
       -3.4854180044199512e+02, -2.6482371924876065e+02,
       -3.4854180044199512e+02, 9.6046963585571768e+02,
       2.1537941278713706e+03, 4.5165772321923515e+02,
       1.0798415391678093e+03, 4.5165772321923515e+02,
       5.7533514401159682e+03, -2.8229530661588075e+02,
       1.0798415391678093e+03, -2.8229530661588075e+02,
       1.1020466330355450e+03, 1.7174380305458874e+03,
       -1.0829245271806965e+03, 1.2101163384498886e+03,
       -1.0829245271806965e+03, 5.6665642813329705e+03,
       -8.0417413781221092e+02, 1.2101163384498886e+03,
       -8.0417413781221092e+02, 1.1053942576268789e+03,
       3.0780182694499340e+03, -1.7559390360293225e+01,
       9.8295440944004361e+02, -1.7559390360293246e+01,
       2.0928892691463911e+03, 4.8155163556863734e+01,
       9.8295440944004338e+02, 4.8155163556863748e+01,
       1.1198750258015982e+03, 2.3259733361729886e+03,
       1.2017374468964279e+02, -1.9604118374199341e+01,
       1.2017374468964279e+02, 3.2183731547782231e+03,
       -1.8239830524142326e+02, -1.9604118374199338e+01,
       -1.8239830524142332e+02, 2.0361732062295741e+02,
       2.2021141004723754e+03, 3.9113806074747987e+02,
       1.2270081579409350e+03, 3.9113806074747970e+02,
       3.8481693116105239e+03, -2.5958379298073896e+02,
       1.2270081579409350e+03, -2.5958379298073896e+02,
       1.0825719196765467e+03, 2.8203696376043276e+03,
       1.3859396762660231e+03, -6.4703384117026530e+02,
       1.3859396762660231e+03, 7.9783561967456271e+03,
       -2.6561848540540433e+02, -6.4703384117026542e+02,
       -2.6561848540540421e+02, 2.2673571981412678e+02,
       2.2443995272458228e+03, -1.0835805131731129e+02,
       -2.5197572895907496e+02, -1.0835805131731126e+02,
       1.1072869178392555e+03, -5.7177438370573846e+01,
       -2.5197572895907496e+02, -5.7177438370573839e+01,
       5.9786857743350242e+02, 3.0334621085173899e+03,
       1.4413922192748007e+03, 7.7012427843070199e+01,
       1.4413922192748009e+03, 7.2363187799467069e+03,
       7.1921317010253830e+01, 7.7012427843070171e+01,
       7.1921317010253830e+01, 1.6133245727254305e+02,
       2.6576559515622080e+03, 5.5029701998212226e+02,
       -1.1025263421360692e+03, 5.5029701998212238e+02,
       2.2227773056643077e+03, -3.1636923688050138e+02,
       -1.1025263421360692e+03, -3.1636923688050138e+02,
       1.6049338241152179e+03, 3.3921476032386199e+03,
       -9.6940040484415317e+02, -4.6607474290609218e+02,
       -9.6940040484415317e+02, 8.9280964443631619e+03,
       3.0509346619724255e+02, -4.6607474290609224e+02,
       3.0509346619724255e+02, 1.8167973716994189e+02,
       3.2943253835457808e+03, -1.0569270760363388e+03,
       3.6375395438015602e+02, -1.0569270760363388e+03,
       3.0653354940762715e+03, -2.7048333979642882e+02,
       3.6375395438015596e+02, -2.7048333979642882e+02,
       7.4456311347019778e+02, 2.2299573212520213e+03,
       -3.7162644600017074e+02, 1.1732913959769426e+03,
       -3.7162644600017063e+02, 2.2647619952142345e+03,
       -1.4003056181890400e+02, 1.1732913959769426e+03,
       -1.4003056181890400e+02, 9.2112302973136207e+02,
       8.4969227949249228e+02, -3.5759649000359548e+02,
