%YAML:1.0
means: !!opencv-matrix
   rows: 44
   cols: 2
   dt: d
   data: [ -1.3671983617035272e+02, 6.6245178145553666e+01,
       8.8938371859624979e+01, 7.6588185670307070e+01,
       -5.1439785807446249e+01, -1.1860967838837594e+02,
       1.5995269511784238e+02, -1.0781804479361488e+01,
       2.6566051037060230e+01, -8.6292772427548684e+01,
       -1.4753708780101081e+02, -1.9576223786048661e+01,
       -2.4900193593469528e+01, 2.1587029122237070e+02,
       -6.8521267326482516e+01, 5.9368283431948022e+01,
       -2.7278092680156300e+02, -7.1602463362305535e+00,
       2.1772747082524000e+02, -6.3356427332712720e+01,
       -2.0198611101654819e+01, -5.3792886629883995e+01,
       4.1911623044663493e+01, -3.2263214466638587e+01,
       1.0653221666039623e+02, -1.3869660690827186e+02,
       -2.1319240558211379e+02, -1.6754813169000238e+02,
       2.2178967799212273e+02, 9.4846801495582142e+01,
       -1.2659260846580705e+02, -1.7356076292506074e+02,
       1.1504906362376150e+01, 5.0930015922019237e+01,
       -2.6609910797660956e+02, 1.5159536654727060e+02,
       -7.7123560219781826e+00, 1.0108293720026525e+02,
       8.4358141910985310e+01, -7.9872829527629293e+01,
       -2.0935543559542754e+02, -2.8302300388646014e+01,
       6.9717506968261816e+01, 2.0462507991713809e+02,
       -1.7868312016573182e+02, 1.4756892976655928e+02,
       1.6460526017303135e+02, 7.3138978500769142e+01,
       -8.6924021353608936e+01, -5.8826913261046656e+01,
       -2.0862011431028444e+02, 5.7254285552103951e+01,
       -1.4740380487519533e+02, -1.0099074989839372e+02,
       -8.2352272852635380e+01, 1.3421113132291143e+02,
       9.9832667884239640e+01, -2.4612034532432137e+01,
       2.1691381085529349e+02, 2.2504497611549880e+01,
       -1.6335632556908340e+01, 3.4952209534564340e+00,
       2.9046800049789287e+01, -1.4295753714253399e+02,
       1.1698724049981482e+02, 2.8832498440346523e+01,
       1.2427774795320499e+02, 1.2434225428662329e+02,
       1.4650886297911910e+02, -7.3939698864652215e+01,
       -8.6589157322066683e+01, -7.0340753136909251e-01,
       6.0134610386791181e+01, 2.2674381651155137e+01,
       5.4825525080439668e+01, 1.1173048899984217e+02,
       -4.8760490928362749e+01, -1.8045983577530953e+02,
       1.7276067651189936e+02, -1.2979212515531509e+02,
       -2.8194701851194401e+02, 6.9607562343322002e+01,
       -8.4523617987834907e+00, 1.4822183934355019e+02,
       -2.4102722805644183e+02, -9.9779814785983689e+01,
       5.0941839845692719e+01, -2.0738842614729634e+02 ]
covs: !!opencv-matrix
   rows: 88
   cols: 2
   dt: d
   data: [ 1.1526605267337982e+03, -1.0042342481006891e+02,
       -1.0042342481006888e+02, 1.6154302925010109e+03,
       1.0209303543444438e+03, 2.2172955613924739e+02,
       2.2172955613924739e+02, 7.0153120288702405e+02,
       1.8767400137605314e+03, 3.9135095610960587e+02,
       3.9135095610960587e+02, 1.0838367748081450e+03,
       8.7247683059486872e+02, 1.7711052555515431e+02,
       1.7711052555515434e+02, 1.2013150111216676e+03,
       7.9816372549683751e+02, 1.3592690893059418e+02,
       1.3592690893059421e+02, 9.1464393099948870e+02,
       6.6260018154381135e+02, -2.6091455577144222e+02,
       -2.6091455577144222e+02, 1.8457185774266691e+03,
       7.4946754565869069e+03, -2.2149057291636886e+03,
       -2.2149057291636886e+03, 2.6903959794350894e+03,
       1.1885408686885553e+03, -2.2038257858456859e+02,
       -2.2038257858456859e+02, 1.0766806680504221e+03,
       1.4416750459192226e+03, 2.1933793053404190e+02,
       2.1933793053404190e+02, 1.7598922861522185e+03,
       1.3555164094442382e+03, -6.7061129906937629e+02,
       -6.7061129906937617e+02, 2.2568487336906855e+03,
       6.7433925723112418e+02, 8.3382944399369194e+01,
       8.3382944399369194e+01, 8.6658865217414234e+02,
       8.5622440895248110e+02, -3.4334295434192207e+01,
       -3.4334295434192207e+01, 8.4458872264642571e+02,
       1.2943567087739700e+03, 1.8913122412547051e+02,
       1.8913122412547057e+02, 1.3518363859884375e+03,
       1.6628248576719914e+03, 5.3219399921846286e+02,
       5.3219399921846286e+02, 2.3546185748001608e+03,
       1.7694756520516403e+03, 6.5254850982689959e+01,
       6.5254850982689931e+01, 1.4006327782603439e+03,
       1.3746069292634577e+03, 3.6681788668436405e+02,
       3.6681788668436400e+02, 2.1490032636034739e+03,
       1.0143901876969494e+03, 6.7687488354714045e+00,
       6.7687488354713956e+00, 8.3038005740386029e+02,
       2.1534909967552130e+03, 1.0565430522000722e+02,
       1.0565430522000730e+02, 2.5185170128669724e+03,
       9.0246363455351502e+02, 9.6454484784678442e+01,
       9.6454484784678456e+01, 9.3999311292891662e+02,
       7.2490405718954662e+02, 3.8375654781629329e+01,
       3.8375654781629336e+01, 9.5313129064058012e+02,
       8.3627434282614831e+02, 5.9523811924381043e+01,
       5.9523811924381043e+01, 1.3684562459835142e+03,
       4.8002832553651042e+03, -7.5180387222769207e+02,
       -7.5180387222769207e+02, 2.6562813059703080e+03,
       1.8179249277955053e+03, -9.3034576145007293e+01,
       -9.3034576145007264e+01, 1.6189429093306130e+03,
       8.2287398419918361e+02, 1.4716618943711289e+01,
       1.4716618943711294e+01, 1.4579014766436719e+03,
       8.8617705859250384e+02, -1.2737104922082006e+01,
       -1.2737104922081990e+01, 9.9948727651356603e+02,
       1.1857503209088827e+03, -3.3439159569242986e+02,
       -3.3439159569242992e+02, 1.8076656797997330e+03,
       2.0236379943729503e+03, -1.9817791033393684e+02,
       -1.9817791033393695e+02, 1.4898970266211470e+03,
       1.4772815720048325e+03, -1.4720480896654595e+02,
       -1.4720480896654595e+02, 1.6495503147592094e+03,
       9.2306704926030591e+02, -3.5804355670103078e+01,
       -3.5804355670103092e+01, 7.3698243133715118e+02,
       1.7140081446283627e+03, -3.4033357563746353e+02,
       -3.4033357563746353e+02, 1.8080760915199523e+03,
       9.8415509660709085e+02, 2.8861435501563677e+00,
       2.8861435501563699e+00, 7.0885015857927328e+02,
       1.6459668688239706e+03, 4.4415582017269293e+02,
       4.4415582017269298e+02, 1.0959028239227412e+03,
       7.8720374129574395e+02, 8.6911686422036453e+01,
       8.6911686422036439e+01, 6.2332140659782158e+02,
       1.8291848922935328e+03, -1.2983686545663781e+02,
       -1.2983686545663781e+02, 1.0220384391533172e+03,
       1.1317578277299622e+03, -3.0444032509709469e+01,
       -3.0444032509709469e+01, 1.0425922158974308e+03,
       9.9392838838474711e+02, -2.6746847873242177e+02,
       -2.6746847873242177e+02, 1.0474697135091826e+03,
       8.6287011798683318e+02, 8.0303118408453287e+01,
       8.0303118408453287e+01, 7.0899971716706034e+02,
       1.0936092218755398e+03, 3.1021814544123259e+02,
       3.1021814544123254e+02, 1.1430438798702498e+03,
       1.5595374632921710e+03, 6.0147489721167710e+02,
       6.0147489721167710e+02, 2.0549912528455716e+03,
       1.0736616490353861e+03, -1.6250904529374594e+02,
       -1.6250904529374597e+02, 1.9612939717321326e+03,
       1.9019765177215124e+03, 5.3239841677960146e+02,
       5.3239841677960158e+02, 1.9331167176035876e+03,
       1.8185017665027613e+03, -5.2197397620209671e+01,
       -5.2197397620209671e+01, 9.7643227489449123e+02,
       3.3387498347446785e+03, 5.8328866888188507e+01,
       5.8328866888188507e+01, 1.6730091777434966e+03,
       3.6550311508164950e+03, 2.1328518206160518e+02,
       2.1328518206160510e+02, 1.5204348628122536e+03 ]
