%YAML:1.0
means: !!opencv-matrix
   rows: 8
   cols: 12
   dt: d
   data: [ 8.1872876391252248e+01, 1.5226100136210073e+01,
       -2.4131822110965533e+01, -3.2249691358847258e+01,
       -2.6475305801767430e+01, -1.9588783150963319e+01,
       8.7079413140382578e-01, -2.3222681844554804e+00,
       2.0355390666606260e-01, -4.1781249556078606e-02,
       1.0555106198439887e-01, -4.5101389363575292e-03,
       -1.6070170343925213e+02, -5.6841495977597333e+01,
       3.4763312547224267e+01, 3.8900951606087268e+01,
       -9.9916571674743970e+00, 4.6216634583732192e+00,
       2.7585763076555964e-01, -3.8046860783857844e-01,
       2.4510515756148829e-01, -8.6224780323179082e-02,
       -3.6391689443182808e-02, -1.7373222913418127e-02,
       1.1403144650704481e+02, 1.1174923563807893e+01,
       -2.8495717174609599e+01, -1.7617431093915684e+01,
       -7.6889543429022638e+00, 7.4428432004799916e+00,
       -4.2498918823926504e+00, -4.0164009102556246e+00,
       -3.7237817676677634e+00, 2.5310666466538029e-01,
       -2.1957070223664238e-01, -5.3276446430660269e-02,
       -4.9132025344502026e+01, 6.8725339207748377e+01,
       1.9078646052230635e+01, -3.6418062128802930e+01,
       1.4479525910639037e+01, 2.0535517259061309e+00,
       -4.9841507116813517e+00, -3.0695570201168123e+00,
       -2.4202702905428253e+00, 4.9974107698962447e-02,
       -5.6042085920560640e-02, 6.4204776387145291e-03,
       1.3619746644943859e+02, -1.5933214769999447e+01,
       -3.6261469460042683e+01, 1.2546907252892503e+01,
       -4.6173318391504594e+00, 1.2197396780952298e+01,
       -8.6365382461455031e-01, 1.2877976811637899e+00,
       2.5445975523751679e-01, -4.3377435223791512e-02,
       7.9056615684599693e-02, -1.8956496610805385e-02,
       3.9219348406324535e+01, -1.9134072091329614e+01,
       -3.1372025028002972e+00, 1.4305657502306259e+01,
       1.4795855647803229e+01, 1.8801379265505387e+00,
       9.0238273784792677e-01, 3.3458188582700465e-01,
       2.4456763556063402e-01, -7.3525856609421222e-02,
       2.4127495279320732e-02, 1.3302570707661164e-02,
       -1.4688898535973749e+01, 4.8899126174777061e+00,
       1.3866962719064488e+00, -1.0451669714234595e+00,
       6.7291058787734546e+00, -9.8987384332675461e+00,
       2.0351570305361504e+00, 9.7758805768843438e-01,
       4.7092397883640325e-01, 1.5124639337385887e-01,
       -6.6301603380691326e-02, 1.2301599260801696e-02,
       -1.8958714119587265e+02, 7.0400895789146489e+01,
       4.1812971047869610e+01, -3.9706219380681986e+01,
       -1.8495729399397291e+01, 8.3982553925969992e+00,
       -1.7243519692757572e+00, 1.7542852084796710e+00,
       6.6823093105270726e-01, -3.9455482409827783e-02,
       2.2481000726738521e-02, 6.4992983880569032e-03 ]
covs: !!opencv-matrix
   rows: 96
   cols: 12
   dt: d
   data: [ 4.0788735554187760e+03, 9.1649425710745888e+01,
       3.0714283913876670e+03, 1.4970027671010854e+02,
       -1.0424558510137115e+02, -1.8749597132749845e+01,
       -5.2964830544844439e+01, -5.1646448614586209e+00,
       1.9892507126433841e+01, -7.8914132403722148e-01,
       -2.9686679700241025e-01, -3.6496605083274514e-01,
       9.1649425710745902e+01, 5.6079476123433706e+03,
       -4.5686445026618195e+01, 2.4736324802623722e+03,
       -4.2563452038390750e+01, -1.3274545120215413e+02,
       4.1101881068842644e+01, -2.6056735773644782e+01,
       -1.5092038465289839e+00, -8.1323467066822062e+00,
       5.2791117208293614e-01, 7.1582524928174213e-02,
       3.0714283913876670e+03, -4.5686445026618159e+01,
       2.5771677025495974e+03, 2.9290919892748164e+01,
       -8.3205645637101796e+01, 5.0493173722238630e+01,
       1.7221400124129094e+01, -5.4653794991915543e+00,
       3.8696209423938943e+00, 3.4474806040249206e-01,
       1.0514348333535323e-01, -2.4407646035948954e-01,
       1.4970027671010854e+02, 2.4736324802623722e+03,
       2.9290919892748203e+01, 1.1765418582325590e+03,
       -6.0857937602288295e+01, -8.5716121765984866e+01,
       4.3769662477709543e+00, 1.7255757467810874e+01,
       -4.2788322112229018e+00, -2.9393423127342970e+00,
       1.6586585720623481e-01, 1.6632129543058714e-03,
       -1.0424558510137113e+02, -4.2563452038390750e+01,
       -8.3205645637101796e+01, -6.0857937602288274e+01,
       3.5005213430082904e+01, 9.2175439898454137e+00,
       4.1198941543019298e+00, -1.6004080963887258e+01,
       2.8044100018036580e+00, -7.2690060482321672e-01,
       -2.4738426732248960e-02, 1.8526953457298618e-02,
       -1.8749597132749845e+01, -1.3274545120215410e+02,
       5.0493173722238630e+01, -8.5716121765984838e+01,
       9.2175439898454119e+00, 8.3933718788745196e+01,
       2.5984165238031171e+01, -7.6610497227189276e+00,
       -3.4782358321859839e+00, 1.8349739380702684e-01,
       3.6703881936313526e-01, 3.8805226785684169e-02,
       -5.2964830544844439e+01, 4.1101881068842651e+01,
       1.7221400124129087e+01, 4.3769662477709561e+00,
       4.1198941543019298e+00, 2.5984165238031174e+01,
       2.0087525749561614e+01, -2.6402707651857704e+00,
       -2.3880979736904071e+00, 1.9151982139423926e-01,
       1.0896826033751768e-01, 2.5083868120989672e-02,
       -5.1646448614586200e+00, -2.6056735773644785e+01,
       -5.4653794991915552e+00, 1.7255757467810874e+01,
       -1.6004080963887258e+01, -7.6610497227189276e+00,
       -2.6402707651857704e+00, 1.3955314690984096e+01,
       -2.8262874732776031e+00, 4.7552487681937494e-01,
       3.0834365411385893e-02, -4.2490385875823891e-03,
       1.9892507126433841e+01, -1.5092038465289825e+00,
       3.8696209423938934e+00, -4.2788322112229000e+00,
       2.8044100018036580e+00, -3.4782358321859839e+00,
       -2.3880979736904071e+00, -2.8262874732776031e+00,
       1.5794145980469414e+00, -4.3988243949309863e-02,
       -4.4879496589437136e-02, 7.2012223193292514e-04,
       -7.8914132403722170e-01, -8.1323467066822044e+00,
       3.4474806040249212e-01, -2.9393423127342970e+00,
       -7.2690060482321683e-01, 1.8349739380702684e-01,
       1.9151982139423931e-01, 4.7552487681937494e-01,
       -4.3988243949309884e-02, 3.6989122768600302e-01,
       1.4373558810034763e-03, 5.5543744591266091e-03,
       -2.9686679700241014e-01, 5.2791117208293603e-01,
       1.0514348333535330e-01, 1.6586585720623478e-01,
       -2.4738426732248960e-02, 3.6703881936313532e-01,
       1.0896826033751768e-01, 3.0834365411385886e-02,
       -4.4879496589437136e-02, 1.4373558810034759e-03,
       4.2934936702899301e-03, 7.9065366519705553e-04,
       -3.6496605083274503e-01, 7.1582524928174213e-02,
       -2.4407646035948954e-01, 1.6632129543058772e-03,
       1.8526953457298625e-02, 3.8805226785684169e-02,
       2.5083868120989672e-02, -4.2490385875823891e-03,
       7.2012223193292481e-04, 5.5543744591266082e-03,
       7.9065366519705553e-04, 1.0294594048067753e-03,
       6.4305083865190727e+03, -7.1369437945687196e+02,
       2.8122086857668187e+03, 7.1443339514437525e+02,
       -1.1229978018984960e+01, -1.6894476671109726e+02,
       8.2747695251002085e+01, -4.2730011883413816e+01,
       3.9569571762442326e+00, 2.9653029547313805e+00,
       -9.5965085097165648e-01, 6.0102451546492053e-01,
       -7.1369437945687196e+02, 8.2045785582556055e+03,
       2.3005707037810657e+02, 1.1306706180091796e+03,
       7.4650586583033814e+01, 2.9526449565867262e+02,
       4.0869059516535337e+01, 1.1297978244341181e+01,
       -1.9931321640746905e+01, 1.0869338287705988e+01,
       -2.1208287888456092e+00, -3.0818029610507575e-01,
       2.8122086857668191e+03, 2.3005707037810666e+02,
       2.4579182078251320e+03, -1.8570080728468156e+02,
       -4.8995640625692033e+01, 2.0674273850168557e+01,
       -2.3810352363975106e+01, 1.4734490845141755e+01,
       -1.6595834019920837e+00, -9.6218388784923881e-01,
       4.4067109384830172e-01, -1.2981219559971660e-01,
       7.1443339514437525e+02, 1.1306706180091799e+03,
       -1.8570080728468164e+02, 1.6701063104876403e+03,
