%YAML:1.0
means: !!opencv-matrix
   rows: 47
   cols: 4
   dt: d
   data: [ 8.3862255401602766e+01, -7.4280241912948398e+01,
       -1.0085480069347804e+02, -6.7142030662803021e-01,
       -1.7560576297396906e+02, -6.6931709366985741e+00,
       7.2819295518083877e+01, 4.7957789691466537e+01,
       1.4266409020649485e+02, 1.0713847553778658e+02,
       1.3979791969821143e+01, 8.7222838238006695e+00,
       1.0720594614530359e+02, 9.4413646119993302e+01,
       5.0241028446889565e+01, -2.8489122826724579e+01,
       -2.1686584628693972e+00, -1.2920920721706733e+02,
       -1.7662392317630442e+01, -4.5625465840288498e+01,
       5.7938815136986925e+01, -8.6249929424286655e+00,
       -4.6007422009279054e+01, 6.7837479795516742e+01,
       -2.1514247105752457e+02, -9.9858744457361981e-01,
       -2.2233108598702181e+01, -5.2911607543607523e+01,
       -1.3678539901977475e+01, 1.8911864345845376e+02,
       -4.8342279878456523e+01, 2.4396236232619970e+01,
       1.1427808984348614e+02, 2.4668015486098700e+01,
       2.5986754021353505e+01, 8.1970704853342895e+01,
       9.5261600507671332e+01, -1.4114185239982113e+01,
       -2.1767714262924551e+00, -7.8081421461643217e+01,
       2.0289609512078681e+02, -8.7706295146901354e+01,
       2.2401239216274647e+01, -2.6132510841058174e+01,
       2.6622384226621989e+01, -2.4175382633049583e+02,
       1.1892907041679509e+01, 7.6837923286283171e+01,
       -2.1686235455284370e+02, 1.0392056341884594e+02,
       -1.2278076383646479e+01, 1.4053260185815850e-01,
       -1.0071337556141400e+02, -5.7018903277083680e+01,
       4.1554257586856359e+01, 1.0672238802940321e+01,
       1.3481518951574614e+02, -1.3448803867744505e+02,
       -3.7933361996703312e+01, -2.8404857947905541e+01,
       -6.6091676602413884e+01, 6.0606955242523803e+01,
       -8.1164296338997801e+01, -5.0407651257459101e+01,
       -1.7326181124745098e+01, -1.0454213367880280e+02,
       -4.4586321306216725e+01, 4.7065382382676368e+01,
       -1.0638466497247501e+01, 7.4479985132152265e+01,
       4.1266048454154237e+01, 4.6483048362729413e+01,
       -1.0216071568362392e+02, 9.5831200149815086e+00,
       4.4068537634957096e+01, -7.9544674144853445e+01,
       -7.8745889291246783e+01, -2.0625641319166101e+02,
       -4.9144922678651398e+01, 4.1606647290247686e+01,
       -2.9430327026550498e+02, 4.9058570209501049e+01,
       -3.7392037740803538e+01, -1.6557098228157066e+01,
       -1.0887903533687678e+02, 4.4639962185336387e+01,
       -3.2181182216184844e+01, 7.2824348331985831e+01,
       -6.1494847406752974e+01, 1.8214064802725579e+02,
       8.3904880584140543e+01, -2.4996179010238212e+01,
       1.9843000932943028e+01, -1.5747499103492133e+01,
       2.4076027906414311e+01, 1.3378463509216772e+01,
       -5.6149918824638183e+00, -6.1770630266035536e+00,
       -6.8284506774304432e+01, -7.3816889407129921e+01,
       1.5766591665506436e+02, -7.8152536956168817e+00,
       4.1043768239427052e+01, -6.3833073803959110e+01,
       -7.6032959384812926e+01, -4.4131289937377673e+01,
       -4.9331380889528731e+01, -2.7490062739378742e+00,
       -4.6900816149216077e+01, -5.3177445753428891e+01,
       -1.1006086353605580e+01, 6.7722115555008202e+01,
       1.0021589618422890e+02, -3.3867855923804065e+01,
       7.8323108458898659e+01, 6.0665503013965250e+00,
       1.2197768232848192e+02, 2.0183497030512090e+01,
       -6.5803593221924203e+01, 2.4592204554604674e+01,
       1.3504105136282843e+02, 1.2058995668216137e+02,
       -4.2626175579158129e+01, 6.0786126977403981e+01,
       -5.0909095951774603e+01, -9.1816085214765959e+00,
       1.0511369880649481e+02, -1.4088523898619320e+01,
       -2.6105768479896636e+02, -1.5662769906061126e+02,
       -1.7084544242740247e+01, -9.2920000705890047e+00,
       3.7926055270980093e+01, 1.2677480908372419e+02,
       -2.4362418718527127e+01, -2.5363702018059033e+01,
       -1.6644741577336538e+02, 1.8522217930838801e+02,
       1.9478037910843494e+01, 1.3782537317845890e+01,
       1.6566398385037888e+02, -4.0412944958502891e+01,
       3.3958420994525497e+01, 2.9254292250497581e+01,
       4.0713669702127817e+01, 1.9404808420795158e+02,
       2.7515426110432202e+01, 9.2200792872571671e-02,
       1.1924468657689230e+01, 8.3221732794956395e+01,
       -7.4775851529829174e+00, -6.8128510293865190e+01,
       3.0484789704291583e+01, -1.3820674845564642e+02,
       2.1327211854289551e+01, -1.1773486123996966e+01,
       -1.5120793442448814e+02, -1.2394907727022193e+02,
       6.6580259247075588e+01, -1.3957388300793301e+01,
       2.5331069383640340e+02, 3.4631560814854076e+01,
       2.5277360574657873e+01, 3.0198387845197519e+01,
       -1.3608332005173250e+02, -1.2555969453840386e+02,
       2.5042771578112131e+01, -5.4611244020583776e+01,
       -6.7961273074064579e+01, 1.3272507532815098e+02,
       -6.4362542113338023e+01, 1.2165296269504442e+01,
       -1.2461362434038571e+02, 9.4731074101699946e+01,
       4.4828149525371273e+01, -1.8856520978547135e+01,
       5.0255493676223395e+01, -1.1526197377776450e+02,
       -7.3457444435233683e+01, 9.0071707231162499e+00,
       -2.7619232369432808e+02, -4.1345595880851093e+01,
       -4.3671574795224046e+00, 4.5503986248652090e+01,
       1.5718954931459174e+02, -7.6298533457512505e+01,
       -1.5091327760481080e+01, 6.9897380940793292e+00 ]
