%YAML:1.0
means: !!opencv-matrix
   rows: 32
   cols: 9
   dt: d
   data: [ -1.2627934387199356e+02, 9.3254085318308086e+01,
       3.9227126976081436e+01, -4.8163077178801984e+01,
       -1.3468053272577052e+01, 7.6899852252430403e+00,
       -8.1360409504938183e+00, -2.8809206433195578e+00,
       -2.2820101711074865e+00, 6.8427284143431947e+01,
       4.5434983719531061e+01, -1.1167236297050131e+01,
       1.0233455984635681e+01, 1.5641180906738931e+01,
       4.2965826390748179e+00, 9.6315446395796123e-01,
       1.5785693612941158e+00, 3.1751024879836398e-01,
       -1.6679948267918917e+01, -1.2708124300580222e+01,
       2.7110258344205874e+01, 2.7961464964020305e+01,
       2.6723497028026998e+01, -3.5387433420971974e+00,
       -1.0081467480007055e+01, -6.5042164098585324e+00,
       -5.5878323042621352e+00, 8.1605266672671235e+01,
       -5.5925143612768579e+01, -2.6274627832173785e+01,
       3.9646784609935771e+01, 1.7586645720113698e+00,
       1.2315033666529082e+01, -3.6425227286768602e-01,
       6.8703956743418182e-01, 6.9858957999947990e-01,
       -1.6987861098539145e+01, -1.1246648913881825e+02,
       -1.5920500979167301e-01, 6.8916769702065167e+01,
       -3.4732486002213410e+00, -3.4253544225109631e+00,
       2.0256676959860318e+00, -1.4263492406508074e-01,
       -8.6092765459740747e-02, -1.9159405806811290e+02,
       1.7250253394308633e+01, 3.5442577070617688e+01,
       -8.6578271729501211e+00, -3.7744720848730289e+00,
       4.3657751980646911e+00, -2.9986401355334249e+00,
       -6.6720652023756442e+00, -2.6036375382534342e+00,
       8.1568886911006445e+01, 2.0289395295837597e+01,
       -2.2522253386306392e+01, -3.1835144745168094e+01,
       -2.5107692051763927e+01, -2.0712457695927078e+01,
       1.3064721259954093e+00, -2.9338356995340744e+00,
       3.1606829673708403e-01, -8.1270159400815718e+00,
       9.4210281433386154e+00, 3.6020796476240382e+00,
       -1.9884433931015688e+00, -1.0082482234470040e+00,
       6.8392753996279279e+00, 1.0486825351694937e+00,
       1.7748314369211089e+00, 8.3196285211554566e-01,
       -1.4563867744477167e+02, -3.7499101698113382e+00,
       3.5611314151029781e+01, 1.2826522419108164e+01,
       -2.9409557698727857e+00, 1.6914770542844810e+01,
       -1.2578651808986555e-01, 2.1831108362703895e+00,
       7.7560441313236361e-01, -3.8662877534353375e+00,
       -8.0374079619169251e+01, 5.9649777871415566e+01,
       4.7621782128854811e+01, 7.5069102840163522e+00,
       -4.1112252150152804e+00, 1.8660803499997702e+00,
       4.1283995815250843e-02, 2.6904870490631599e-01,
       1.6203675986214100e+02, 2.7481783315393642e+01,
       -4.3003473200927623e+01, -3.4653491066953229e+01,
       -9.6817510351029892e+00, 1.2906608728744862e+01,
       6.4976615700618001e-01, -3.7226762651576135e+00,
       -1.7538669689439577e+00, -1.4869027393697323e+02,
       -1.0338513348510996e+02, 2.7521419897416944e+01,
       6.6431116897189995e+01, -1.9653380166371036e+01,
       6.2241968562232342e-01, -2.1030849972825597e-01,
       -1.4267863408203718e+00, 1.0182428442076963e+00,
       8.6376362419937536e+01, 7.9410417233897013e+00,
       -2.6726882816760558e+01, -3.1130465286907356e+01,
       -2.9094815495868140e+01, -1.6325485891177873e+01,
       -3.5163575784871531e-02, -1.1425395457320093e+00,
       5.9510161742686418e-02, 1.3076218781521220e+02,
       4.6843855158737329e+00, -4.3516295350365375e+01,
       -3.8182722807261822e+00, -9.6729815642005921e+00,
       1.5069672471186613e+00, -1.0704976931064344e-01,
       1.2091295940615039e+00, 8.9503381317481079e-01,
       4.5822551000890527e+01, -9.2452824043225249e+01,
       -1.2181414223439486e+01, 6.8837798411843238e+01,
       -4.8851741465168663e+00, -7.7980296073648270e-01,
       2.1304957340836359e+00, -4.2695825257906000e-01,
       -6.5483226071328199e-02, -1.9197518954181012e+02,
       -1.9813514127030913e+01, 4.3264368984816670e+01,
       1.4738046158785243e+01, -8.9322834227860550e+00,
       2.7896816500576302e+00, 5.8240007915051371e-02,
       4.6926121900907147e-01, 3.5812916546694362e-01,
       -2.6808364379399279e+01, 5.6104172052454908e+00,
       6.6007568308954196e+00, 6.5673351849172610e+00,
       3.9080243771147060e+01, 2.4267989377714172e+00,
       4.9165777133661119e-03, 8.3134406107544845e-01,
       5.6511223445967251e-01, 5.4089449344963668e+01,
       -7.9128793556343439e+01, -1.7209818005112588e+01,
       -4.2311597123143514e+01, 1.8391845926034122e+01,
       6.4960431875798852e+00, -1.3299492351342565e-01,
       1.5625647914589313e+00, 3.7409682933743049e-01,
       5.0914887421058452e+00, 1.3781214206018047e+01,
       1.5203501146418676e+01, -2.2381154233372658e+00,
       2.7338535326472975e+01, -6.6096108855663287e+00,
       1.5927767151743009e+00, 1.2303779095574645e-01,
       2.4721757165424987e-01, 6.0288913279248419e+01,
       -1.9462312207969461e+01, -8.2319389772553837e+00,
       1.3060505504349116e+01, -9.9990504526346911e+00,
       2.2458138576901163e+00, -5.5054779187874692e+00,
       -3.0338536898360005e+00, -3.3517717725383438e+00,
       7.1335044942551249e+01, -6.3600284505037443e+01,
       -2.2573343604840012e+01, 3.9080445241177451e+01,
       -1.1335324703033800e+01, 6.1809493999643372e+00,
       -1.5310407193601119e-01, 1.2352731006167202e-01,
       4.2220088506811360e-01, 8.3538544773646024e+01,
       4.6338111579082714e+01, -1.9216730935366083e+01,
       -3.5968694763412543e+01, -4.2992703592340593e+00,
       -1.3290306353862695e+01, 1.3039553889741868e+00,
       7.8079715171850139e-01, -8.1003964704511964e-03,
       1.5119197188994903e+02, -5.5542135296501725e+00,
       -4.0471821577434710e+01, 8.4995864952533822e+00,
       -6.1968949669069069e+00, 1.2468589090496506e+01,
       -3.9449952790929821e-01, 1.4783487153928212e+00,
       5.2711704517013715e-02, 1.4797680431261682e+02,
       8.3309216777425572e+00, -2.9657578892563105e+01,
       -1.0651666593467379e+00, -1.0284561267326518e+01,
       2.3194210515599003e+01, -1.4982097949255776e+01,
       -7.0836649862863039e+00, -6.5062306038857756e+00,
       2.2261948441749702e+01, 5.5588909437831049e+01,
       -3.9413087711063213e+00, -4.1582566931120397e+01,
       -4.4330068969672851e+00, -2.3081641528466470e+01,
       3.5400433546392653e+00, 1.3685320653507347e+00,
       -4.2141050357881087e-03, -5.0233910789576811e+01,
       3.2484104096785209e+01, 2.1183775766106770e+01,
       -2.5689750433814929e+01, 2.5480783497824746e+01,
       -1.6572268409124597e+01, 2.4843746917984180e+00,
       2.2580489984785876e-01, 1.6702672308810415e-01,
       -1.1618094417211877e+02, -7.4874657551640595e+01,
       -2.6722287412452832e+01, 4.8444264574450067e+01,
       1.0671531445805826e+01, -4.1192026101498262e+00,
       1.9500001628526460e+00, -3.7800804616447553e-01,
       2.4041751102734188e-01, 1.9813674843439301e+01,
       1.5695555591186070e+02, -8.5175892519391105e-01,
       -8.6051447780507644e+01, 1.6678754489335137e+01,
       1.5672492480306378e+01, -3.1331057134031209e-01,
       2.4886622028279319e+00, 1.9392128273660492e+00,
       -2.0332875615410293e+02, 8.7345353839540621e+01,
       4.2916282052716284e+01, -4.8015855690369222e+01,
       -2.3036850529846106e+01, 1.5367368874485535e+01,
       -3.4658003744119736e+00, 1.5839574540428687e+00,
       9.4450353130802622e-01, 3.8989544811173715e+00,
       5.4298997918409505e+01, 8.4667177893703034e+00,
       -4.2686377241608426e+01, 1.5096794369687110e+01,
       -1.1476811542073845e+01, -3.5080480901548721e+00,
       -1.0204344728266459e+00, -5.3713775802166817e+00,
       1.3567557967038539e+02, 4.0074015551436212e+01,
       -3.7798013412993626e+01, -1.1336638060593408e+01,
       -2.2228540207464174e+00, 1.6770518750039002e+01,
       -3.3518998446332460e+00, 1.9182370375171189e+00,
       4.0127955803355880e-01, -1.4100425721131668e+02,
       4.2623567273901358e+01, 3.6392266025912967e+01,
