%YAML:1.0
means: !!opencv-matrix
   rows: 17
   cols: 10
   dt: d
   data: [ 8.1146534545507748e+01, 5.5872179470260257e+01,
       -1.5980365600810297e+01, -3.6837083720070886e+01,
       4.8792456181447204e+00, -9.3340754329365048e+00,
       1.5023699651736857e+00, 1.5499104142189981e+00,
       1.4789948514973333e-01, 3.6223009907918005e-02,
       -1.8488829179840246e+02, 7.0431314905907882e+01,
       3.2813190329529611e+01, -4.5845487542842349e+01,
       -1.9880013130156435e+01, 2.6232759865604771e-01,
       -2.7386294005280325e+00, -1.9108565780517195e+00,
       -7.7010615268063087e-01, 4.8024720696038486e-01,
       -1.9906182653044976e+02, 5.2927781835539371e+01,
       4.8231809197398690e+01, -2.7311694967903154e+01,
       -1.3601087661881392e+01, 9.8692258499065293e+00,
       -1.0065909315573620e+00, 2.0550251507557391e+00,
       9.0924874842353742e-01, -1.1114144148399405e-01,
       1.0251811391950160e+02, -8.8010759787928095e+00,
       -2.0708133479255224e+01, 9.5960196718735205e+00,
       -8.8678341536820167e+00, 1.3752576414279041e+01,
       -1.0723787686338561e+01, -5.5008242347465304e+00,
       -5.1328732442042986e+00, 1.6875817968745848e+00,
       -5.1153366142909810e+01, -8.3234400158851045e+01,
       1.4164978951975463e+01, 5.1310207775005424e+01,
       6.2238619642740440e+00, -3.6273294712793782e+00,
       2.0310030028497104e+00, -4.6469827105702355e-02,
       2.4056025765186828e-01, 1.0845046125205655e-01,
       1.9097241112527122e+01, -8.4419213434538456e+00,
       -1.2898566610210430e+01, 1.6006421429755513e+00,
       -9.1245005972275504e+00, -3.0906401954403018e+00,
       1.3908966718564248e+00, 1.7289724642268636e+00,
       7.8681938900458037e-01, 6.3399897639002792e-02,
       8.3548176217597685e+01, 2.0562145469916338e+01,
       -2.1600389610185005e+01, -3.1717297505034242e+01,
       -2.5327061475988724e+01, -2.0089158244583590e+01,
       1.2051465905616183e+00, -2.9684108492199366e+00,
       3.9514956792212685e-01, 1.1694765010881765e-01,
       3.8750435475293266e+01, -9.5823729654398747e+01,
       -1.1128552045099187e+01, 6.8017447965346108e+01,
       -4.4495934163379172e+00, -8.9003605990215673e-01,
       2.0974433922131959e+00, -4.1977425923869127e-01,
       -2.2255214161062079e-02, -1.2510260853779245e-01,
       -1.7120754127362221e+02, -6.4782928523547696e+01,
       3.4740156472407399e+01, 4.3874169767467812e+01,
       -1.2331049710138451e+01, 3.7126015183712187e+00,
       -2.0248783755044042e-01, -1.2771353968621382e+00,
       2.6288584181813041e-01, -1.5794890420595828e-01,
       8.5504398285498198e+01, 3.9683172778041708e+01,
       -1.9717914822946277e+01, -3.9243569117584109e+01,
       1.7624311502794245e+00, -1.7294865880209243e-01,
       -1.4926564597707404e+00, -2.2062299034603647e+00,
       -3.8763791598700275e+00, -2.0122276457446904e+00,
       1.4274140537583818e+02, -4.8276850098996080e+00,
       -3.7389604599184040e+01, 8.1029577446811096e+00,
       -4.8381948469255018e+00, 1.3051104780769270e+01,
       -8.0983612503593960e-01, 1.4912647016520171e+00,
       2.4182616326516893e-01, -2.5802884932967746e-02,
       -1.5631109177489901e+02, 3.6597328793490860e+01,
       3.7736940433666959e+01, -6.2604945902253766e+00,
       -1.3495477841170285e+01, 2.8720255661313729e+01,
       -3.7491861082518847e+00, 2.7649461075485626e+00,
       4.2960828763998238e-01, -2.2445922893260012e-01,
       -3.3673771550030345e+01, -3.6241571187293928e+00,
       2.7039649351488453e+01, 1.4324754489873088e+01,
       2.4774822623713668e+01, -5.4402471312326215e+00,
       -7.6526023056857211e+00, -6.4937366694042602e+00,
       -4.7544874649620299e+00, 1.0130067325828327e+00,
       3.6720650765847921e+01, -1.0489795742475790e+01,
       -5.4092133050013684e+00, 1.2959245405590607e+01,
       1.9339481527403585e+01, 4.3070854651981323e+00,
       2.9060219714056834e-01, 5.4838595507155885e-01,
       3.9955361544286572e-01, -3.2272148608986348e-02,
       2.0453589818315766e+01, 1.5422978367088209e+02,
       -1.0139154964410551e+00, -8.5577763676782126e+01,
       1.5902094051540452e+01, 1.4757698526454130e+01,
       -2.5731120688736109e-01, 2.4157996574060978e+00,
       1.8615464307992360e+00, 4.5073488898729319e-01,
       8.1966196916662668e+01, 8.1184141464320856e+00,
       -2.7535610836833207e+01, -3.2080504886240377e+01,
       -2.8044135064870176e+01, -1.8294196914372005e+01,
       3.2500431592916851e-01, -1.3520553247612801e+00,
       -5.8528731584829276e-02, -2.8868165166754262e-01,
       -6.0108897721254088e+01, 2.1383455550017555e+01,
       2.3672779596806066e+01, -1.9953263488073041e+01,
       2.2075317490126771e+01, -1.6107151858512971e+01,
       2.4239280559286986e+00, 1.6640376077042338e-01,
       1.9002309990642441e-01, 8.4653010421289296e-02 ]
