%YAML:1.0
means: !!opencv-matrix
   rows: 9
   cols: 7
   dt: d
   data: [ 1.2831985163519233e+01, -6.0556719355190026e+01,
       -1.5399318690766000e-03, 1.3773539373983633e+01,
       -8.7771835997838625e+00, -1.4033410895841730e+01,
       -1.2446492177758699e+00, -5.1205776059425183e+01,
       -5.0785134455124251e+01, 2.7042394988415722e+01,
       2.2120038862991631e+01, 2.3754716550622831e+01,
       1.1641509316331076e+01, 1.5509266440288700e+00,
       6.5904777441549456e+01, -1.0896830179461931e+02,
       -2.1286534290847051e+01, -1.8439174519195081e+01,
       5.1512151634647809e+00, 1.0786207032762944e+01,
       1.2000200087921873e+00, -8.8200602025286905e+00,
       6.7092640361801756e+01, -2.0247282583831496e+00,
       -2.8992491243941569e+01, 2.0456682701250891e+01,
       -3.7190367126873327e+00, -3.7086483986318797e-01,
       1.4046534461817643e+02, 2.7812712469012872e+01,
       -3.9198869749290019e+01, 2.0870316219537539e+00,
       -7.3800527964479148e+00, -1.0454918025838239e+01,
       -1.9088384217435177e+00, -1.8038176654107590e+02,
       -8.6191881822335660e+01, 4.8141218010454189e+01,
       2.6235489990539651e+01, -2.3792929354616774e+01,
       -5.8155033226605679e-01, -2.4147195783611402e+00,
       6.8514890006159050e+01, -4.9588636736384521e-02,
       -1.0242121277555081e+00, 4.9542316660689167e+01,
       -5.9216554560273582e-01, 1.0026962626045338e+01,
       1.2725601794026982e+00, 3.0975755140461615e+01,
       1.2123527483641129e+02, -2.6394982271159467e+01,
       -5.1263958204858483e+01, -8.0318087584680171e+00,
       6.0440686921682940e-01, 2.2471604013992028e+00,
       -1.6090330320309633e+02, 6.3756998144820130e+01,
       2.7484547324674732e+01, -3.7633834621620075e+01,
       -8.0550616152872401e+00, -3.6304753548214821e+00,
       1.5618175478387364e-01 ]
covs: !!opencv-matrix
   rows: 63
   cols: 7
   dt: d
   data: [ 1.1254668103961047e+04, -4.0755110119229067e+02,
       1.7155477271999277e+03, -3.9804584122022038e+02,
       -1.6999188528401871e+02, 4.8626587742778781e+02,
       -1.7170720078685857e+01, -4.0755110119229062e+02,
       1.9166667315219762e+04, -1.2396778124768342e+02,
       -2.0702147260891043e+03, -3.5781371198979019e+02,
       1.2307195123102526e+03, 1.3777912923738606e+02,
       1.7155477271999277e+03, -1.2396778124768322e+02,
       2.7429973887166484e+03, 1.7056991218274197e+02,
       2.5607607286373096e+01, -2.1230362422982290e+02,
       -2.2434611980362767e+01, -3.9804584122022044e+02,
       -2.0702147260891043e+03, 1.7056991218274197e+02,
       3.2831017567242761e+03, 1.2577483781025012e+02,
       -3.9252968502330981e+02, -3.8985068848710810e+01,
       -1.6999188528401868e+02, -3.5781371198979008e+02,
       2.5607607286373096e+01, 1.2577483781025015e+02,
       6.2744832562713128e+01, -5.6203354354194254e+01,
       -1.6380621042694543e+01, 4.8626587742778781e+02,
       1.2307195123102524e+03, -2.1230362422982290e+02,
       -3.9252968502330970e+02, -5.6203354354194254e+01,
       2.5473815051803456e+02, -2.4958620446066901e+00,
       -1.7170720078685857e+01, 1.3777912923738606e+02,
       -2.2434611980362764e+01, -3.8985068848710817e+01,
       -1.6380621042694539e+01, -2.4958620446066906e+00,
       2.8587819597481495e+01, 7.2908298199657966e+03,
       -2.0679630459879254e+03, 2.8086637191728032e+03,
       -8.4787418403565894e+01, 5.7304556847832498e+02,
       -1.7795787514476078e+02, -1.6430740288817226e+01,
       -2.0679630459879254e+03, 7.7848484439189406e+03,
       1.0171544179370660e+03, 1.7184906172465855e+03,
       -3.0529083036460247e+02, 2.8157626881022753e+02,
       1.2227634929987449e+01, 2.8086637191728032e+03,
       1.0171544179370660e+03, 2.4675532520315833e+03,
       -2.3404796866945631e+02, -1.2667795387145098e+02,
       1.2082255076207257e+01, -2.5134873074772472e+00,
       -8.4787418403565880e+01, 1.7184906172465853e+03,
       -2.3404796866945625e+02, 2.0829939685651402e+03,
       1.5641116251080797e+02, -7.3294851870723690e+01,
       6.6493561043427114e+00, 5.7304556847832498e+02,
       -3.0529083036460236e+02, -1.2667795387145097e+02,
       1.5641116251080797e+02, 2.5920308544330794e+02,
       -5.1581914405951103e+01, -2.8722151007383410e+01,
       -1.7795787514476075e+02, 2.8157626881022753e+02,
       1.2082255076207263e+01, -7.3294851870723690e+01,
       -5.1581914405951103e+01, 1.7136375706766452e+02,
       -2.0299456517527499e+01, -1.6430740288817226e+01,
       1.2227634929987454e+01, -2.5134873074772486e+00,
       6.6493561043427087e+00, -2.8722151007383410e+01,
       -2.0299456517527499e+01, 2.2153154774595734e+01,
       7.0484167603736887e+03, -5.9645440359854842e+02,
       2.2286559275081149e+03, -3.2318023553949570e+02,
       -9.4912759694544911e+02, 1.4545722913597149e+02,
       -5.4730369441361020e+01, -5.9645440359854842e+02,
       2.8425837502284085e+03, -4.0361902969077562e+01,
       -3.6695328577241412e+02, 2.0053901983422026e+01,
       -2.1922413644288963e+02, -1.3609716675911552e+00,
       2.2286559275081154e+03, -4.0361902969077569e+01,
       2.5973300307281625e+03, -5.2541344236197642e+02,
       2.3942977386795408e+02, -6.8151772859616756e+01,
       2.2639397401347821e+01, -3.2318023553949570e+02,
       -3.6695328577241412e+02, -5.2541344236197642e+02,
       9.4932896608664873e+02, -1.5324548191404335e+02,
       1.4262800334568462e+02, 2.0632268982073839e+01,
       -9.4912759694544911e+02, 2.0053901983422026e+01,
       2.3942977386795408e+02, -1.5324548191404335e+02,
       5.8898378986659850e+02, -1.8808164019955484e+02,
       -1.5114410881060705e+01, 1.4545722913597149e+02,
       -2.1922413644288963e+02, -6.8151772859616756e+01,
       1.4262800334568462e+02, -1.8808164019955484e+02,
       2.4239067826571821e+02, -1.4372656859185604e+01,
       -5.4730369441361027e+01, -1.3609716675911532e+00,
       2.2639397401347821e+01, 2.0632268982073839e+01,
       -1.5114410881060705e+01, -1.4372656859185611e+01,
       2.1791955831400205e+01, 5.9914724745527928e+03,
       -5.0789898990485682e+02, 2.7694054861545706e+03,
       -7.5591765963594003e+02, -7.1661239256243292e+01,
       -2.6019160619585836e+02, -3.2060880185072449e+01,
       -5.0789898990485682e+02, 7.4824637242857998e+03,
       6.0026691725478690e+02, 1.8931895123438417e+03,
       -3.4902744884270828e+02, 7.2429372526606443e+01,
       -8.3057607974420208e+01, 2.7694054861545701e+03,
       6.0026691725478690e+02, 2.5946372224553238e+03,
       -7.5826296807137368e+01, -6.5633387862469931e+01,
       3.8153353111600059e+00, 1.2611763710310477e+00,
       -7.5591765963594003e+02, 1.8931895123438417e+03,
       -7.5826296807137311e+01, 1.9027500398592201e+03,
       2.2265539562945014e+02, -1.8453511240611579e+02,
       1.5258037725498967e+01, -7.1661239256243292e+01,
       -3.4902744884270834e+02, -6.5633387862469917e+01,
       2.2265539562945014e+02, 1.9958729813575218e+02,
       -2.7546450105291214e+01, -2.4606696959290616e+01,
       -2.6019160619585836e+02, 7.2429372526606414e+01,
       3.8153353111600126e+00, -1.8453511240611579e+02,
       -2.7546450105291211e+01, 9.9995125359479459e+01,
       -1.2591715898520597e+01, -3.2060880185072470e+01,
       -8.3057607974420208e+01, 1.2611763710310453e+00,
       1.5258037725498967e+01, -2.4606696959290616e+01,
       -1.2591715898520599e+01, 3.7305400410543044e+01,
       7.3866312438706127e+03, -1.0603505808455207e+03,
       2.4496677537479904e+03, -1.2616864795826778e+02,
       -2.9168459417240337e+02, 2.0029498697472425e+02,
       -5.8391705200985102e+00, -1.0603505808455211e+03,
       7.7465714147785020e+03, 8.9353625113473663e+02,
       1.9245518545873369e+03, 4.3441361576650522e+01,
       8.7107578709189823e+01, -4.3111231158533201e+01,
       2.4496677537479904e+03, 8.9353625113473640e+02,
       2.5983452561064723e+03, -3.1242957827957116e+02,
       -5.2921836162017158e+01, -1.1752035956347284e+02,
