%YAML:1.0
means: !!opencv-matrix
   rows: 32
   cols: 3
   dt: d
   data: [ -6.2558628195949744e+01, -1.4785235717245639e+01,
       9.9572958950911058e+01, 2.3030217364777221e+02,
       -3.0945921335350775e+01, -1.7644238695946690e+01,
       -6.3540904566953046e+01, 1.3406827162402843e+02,
       -6.7868574206266217e+01, 1.2787932510840827e+02,
       -6.8128893645782014e+01, -6.6946977299972644e+01,
       -2.6793402952815177e+02, -6.1579734311606920e+01,
       -4.2361686116556365e+00, 2.0591513471554919e+01,
       1.8989349006956675e+02, -8.4120685450922590e+00,
       9.3947318122341898e+01, 3.0043515975888294e+01,
       -1.4177274363469120e+01, -1.8609153717068131e+02,
       8.6729382440121356e+01, -7.2809947189208311e+00,
       7.4421975681173052e+01, -2.0094541859052933e+02,
       5.7928637961902211e+01, 1.7987108751026665e+02,
       3.3103533003628435e+01, 2.8328512198527015e+01,
       -6.6130154725887763e+01, -8.6213915342583149e+01,
       -4.8040912709817000e+01, 1.3351547306125286e+02,
       -8.2266539433270225e+01, -2.1821571545736917e+00,
       9.5748841917163460e+01, 1.1335322754593632e+02,
       3.8663158456723643e+01, 9.3281195107115195e+01,
       1.0944533781353653e+02, -4.6422456587742552e+01,
       -8.3595965256545981e+01, 2.1761160228535445e+01,
       -3.6099245110071756e+01, 1.4701129206064348e+01,
       -3.2989145257908859e+01, 8.3755184470957325e+00,
       -1.2715750298126675e+02, -9.3585584125442253e+01,
       2.8139695405309354e+01, 4.4370393954384838e+01,
       -1.1719606741696705e+02, 2.4172883166376458e+01,
       1.4125616995938790e+02, 1.7480471474889103e+02,
       4.8728323201051268e+01, -7.2728039061113165e+01,
       3.9674988629272356e+01, 5.7765309326615807e+01,
       -2.1541892963808831e+02, -2.8068786510066822e+01,
       -2.7704081290641188e+01, -1.3201150322852067e+02,
       -8.1723649359760515e+01, 8.6145247655547948e+01,
       -4.0968554890197794e+01, -1.9737322459007328e+02,
       -2.1441160831717706e+01, 5.0768190994047302e+01,
       3.7866296538392533e+01, 5.8394509325893701e+01,
       2.2961679966141940e+01, 1.4576862057199001e+01,
       -8.0450095575532572e+01, -1.8757686649648284e+02,
       3.2936515577986087e+00, 5.0177888246743947e+01,
       -1.5573345859511167e+02, 1.8843411368382777e+02,
       -1.4384049797607924e+01, -6.8403670156721518e+01,
       1.5403112802797833e+02, 6.7812732101089750e+01,
       1.4775253633654739e+02, -4.8865889654735270e+01,
       5.5910061397561869e+01, 3.6836269977800427e+01,
       -9.6173146306158742e+01, -7.5791532983707199e+01,
       -2.3488609912723604e+01, 8.5036220495223461e+01,
       -4.1597343145045249e+00, -2.1007122424827284e+02,
       -1.5671063827951048e+02, 1.9425634882447650e+01 ]
covs: !!opencv-matrix
   rows: 96
   cols: 3
   dt: d
   data: [ 2.1177800785185254e+03, -9.6415424255425557e+02,
       -4.4036355594141031e+02, -9.6415424255425557e+02,
       7.2139171171564440e+03, 7.6847469394986217e+02,
       -4.4036355594141031e+02, 7.6847469394986206e+02,
       5.7681936993040699e+02, 2.2033249139656828e+03,
       -5.0819574623401259e+01, 5.3422531430768981e+02,
       -5.0819574623401245e+01, 4.9239627301504479e+03,
       2.6719149626040655e+02, 5.3422531430768993e+02,
       2.6719149626040661e+02, 7.2308765784585216e+02,
       3.9817960267377707e+03, -2.3855125719921308e+00,
       -5.0126334016961351e+02, -2.3855125719921442e+00,
       4.5601395961514590e+03, -9.3853435771439422e+01,
       -5.0126334016961351e+02, -9.3853435771439464e+01,
       6.7885692378947624e+02, 2.5791850521142746e+03,
       7.5714750329404708e+01, 7.4793767042988532e+02,
       7.5714750329404723e+01, 3.0957917582832933e+03,
       2.1725398915070511e+02, 7.4793767042988532e+02,
       2.1725398915070508e+02, 1.7287969242363431e+03,
       2.1170168142888224e+03, -6.9701931256197361e+02,
       4.5975652594531545e+02, -6.9701931256197361e+02,
       7.2553940832646094e+03, 1.0204547139331620e+03,
       4.5975652594531545e+02, 1.0204547139331620e+03,
       6.1026729532736329e+02, 3.2258561655571211e+03,
       5.7584527867742645e+02, 5.2843037875173445e+02,
       5.7584527867742645e+02, 3.0292887572743839e+03,
       4.4897551590551114e+02, 5.2843037875173445e+02,
       4.4897551590551114e+02, 1.3496258123109112e+03,
       3.4428588424824211e+03, 2.3492010288494444e+02,
       2.4544163158176482e+02, 2.3492010288494444e+02,
       1.7991971717664671e+03, 9.1242710125939098e+01,
       2.4544163158176471e+02, 9.1242710125939098e+01,
       1.4326851939464404e+03, 2.8731405345929566e+03,
       2.6443217883795889e+01, 5.2221001571462727e+02,
       2.6443217883795882e+01, 3.3001759102424685e+03,
       4.9659064834988959e+02, 5.2221001571462727e+02,
       4.9659064834988976e+02, 1.7554224487267641e+03,
       2.2115592718798757e+03, -1.0636966430120642e+03,
       4.9870914850593857e+02, -1.0636966430120642e+03,
       6.7198985898320634e+03, 9.5243359908387788e+02,
       4.9870914850593869e+02, 9.5243359908387788e+02,
       6.7191087731395248e+02, 4.5628883062645073e+03,
       1.7725829159346192e+03, -1.1533980928725033e+02,
       1.7725829159346195e+03, 3.8505234175245432e+03,
       6.7005381835672992e+01, -1.1533980928725033e+02,
       6.7005381835673006e+01, 4.4064053744450348e+02,
       1.7296491384999260e+03, -6.4149279129414072e+02,
       3.1732821315784872e+02, -6.4149279129414072e+02,
       4.0605709285633257e+03, -1.8508292232447718e+00,
       3.1732821315784872e+02, -1.8508292232447765e+00,
       6.5804957589248158e+02, 1.8880672496954028e+03,
       -4.0243599102456909e+02, 8.3839226383860569e+02,
       -4.0243599102456909e+02, 3.6534169853469584e+03,
       2.4722460631007894e+02, 8.3839226383860569e+02,
       2.4722460631007894e+02, 7.8353516367789325e+02,
       2.5789451525425548e+03, -6.5811395868445538e+02,
       -3.5536845603587221e+02, -6.5811395868445550e+02,
       2.8748699186247081e+03, 2.3358963239436133e+02,
       -3.5536845603587221e+02, 2.3358963239436125e+02,
       8.7698851301911759e+02, 4.3796614602400732e+03,
       7.5493104251587431e+02, 9.8907812642285944e+02,
       7.5493104251587408e+02, 2.8457703138824263e+03,
       5.8629470053973773e+02, 9.8907812642285933e+02,
       5.8629470053973773e+02, 1.6696181482960944e+03,
       3.1657092405530502e+03, -2.0042211596987713e+02,
       -3.6390515873918605e+02, -2.0042211596987707e+02,
       2.4167304769714960e+03, -3.8516493054556321e+02,
       -3.6390515873918616e+02, -3.8516493054556321e+02,
       1.6681825929914964e+03, 2.7796770878709076e+03,
       4.9908254577836708e+01, 4.5088052404144645e+02,
       4.9908254577836693e+01, 2.1539406939464229e+03,
       -2.8235439653985668e+02, 4.5088052404144645e+02,
       -2.8235439653985662e+02, 1.3401389191488104e+03,
       4.2007307393077572e+03, -5.5141694804915994e+02,
       6.9780988455589466e+02, -5.5141694804915983e+02,
       2.6291349792358196e+03, -1.3761173158860254e+02,
       6.9780988455589466e+02, -1.3761173158860254e+02,
       1.0634416079088548e+03, 2.4208124750657967e+03,
       -3.1180726302187622e+02, 1.0329146844061565e+03,
       -3.1180726302187622e+02, 3.2431152989566658e+03,
       2.6602846020540187e+02, 1.0329146844061565e+03,
       2.6602846020540198e+02, 1.1728241209083119e+03,
       5.0381128225077364e+03, -1.0842090635962727e+03,
       -9.5060750711852302e+02, -1.0842090635962727e+03,
       3.2839620374942465e+03, 3.9294435265512044e+02,
       -9.5060750711852302e+02, 3.9294435265512027e+02,
       5.7209757101044772e+02, 2.7828319222257651e+03,
       -3.3115220016435522e+01, 1.1445785558720947e+03,
       -3.3115220016435515e+01, 2.5791947293112912e+03,
       2.6247689113484830e+02, 1.1445785558720947e+03,
       2.6247689113484830e+02, 9.8230335977317213e+02,
       4.3907925768553141e+03, -2.8615621658686041e+03,
       -2.7635967873657773e+02, -2.8615621658686036e+03,
       6.6831259719795489e+03, 7.7595964154669082e+02,
