%YAML:1.0
means: !!opencv-matrix
   rows: 43
   cols: 2
   dt: d
   data: [ 6.4860084514594050e+01, 7.7108044763721367e+01,
       -1.4666344205104579e+02, -3.4991999933719043e+01,
       1.7044607065390602e+02, 1.7211386153476436e+01,
       4.0231105909100279e+01, -8.7897515150659700e+01,
       -1.0879730034289396e+02, 8.5252185791381336e+01,
       -2.8191087336720022e+02, 6.7869828586155364e+01,
       -2.8578198814954879e+02, -2.2876016677355505e+01,
       -7.6970677236083503e+01, -1.3605445677763342e+02,
       2.2117749922948656e+02, 7.7158312673206368e+01,
       1.9618319285319831e+02, -1.1613401472131993e+02,
       -1.1505523126119309e+01, 8.0926349041163590e+00,
       2.1863294367340195e+01, 1.2229509478786586e+02,
       9.8036115574340741e+01, 1.1556595107225827e+02,
       -1.4932742874401669e+02, 1.6466319554177610e+02,
       6.6055665560325867e+00, -1.3513476358292777e+02,
       -1.8757266935385601e+01, -6.8566749312733194e+01,
       8.7623795776635205e+01, -6.1101976287034375e+01,
       1.6245026941804792e+02, 1.0342366607007440e+02,
       -1.4691836983027841e+02, -1.1087913571808062e+02,
       -5.1827733400755335e+01, -2.5476562129018436e+01,
       -2.5238308139224122e+02, 1.5840611596959272e+02,
       5.5523166025558901e+01, 2.0860431694473817e+01,
       -8.7428633561864032e+01, -6.8599672537789274e+01,
       1.0774505583631198e+02, -1.1839202248025614e+02,
       -1.9903777060909164e+02, 9.2464104520492384e+01,
       -2.2019776203290468e+02, -7.6749265859242811e+01,
       2.1828150487233341e+02, -2.8151599303169458e+01,
       1.3851426214406327e+01, 5.6973906312620286e+01,
       1.4790709601177210e+02, -5.8918097507163807e+01,
       -1.1196842892153684e+02, -2.0561041242417863e+02,
       -3.2291941487255336e+01, 7.8094582009515889e+01,
       -3.2593547475746396e+00, 2.2376045051595000e+02,
       -2.1871324524881726e+02, -1.6664707768285271e+02,
       -6.0677747783121092e+01, 1.4606066188644087e+02,
       -8.5619071912517256e+01, 2.0130423462656069e+01,
       -2.1779397414633340e+02, 7.2595977562360037e-01,
       -3.2568434989717787e+01, -1.8386695458557173e+02,
       1.1646664564782702e+02, 4.7749625417885653e+01,
       -1.5480176228548464e+02, 3.1367556443305293e+01,
       8.2874218754543264e+01, -1.7614544363652848e+02,
       4.1892731884658339e+01, -3.2181545279268121e+01,
       8.2287679220254674e+01, 1.6658752676580630e+02,
       1.0919267944307855e+02, -7.2714551442433502e+00 ]
covs: !!opencv-matrix
   rows: 86
   cols: 2
   dt: d
   data: [ 6.5744307394471514e+02, -1.6629921077991582e+02,
       -1.6629921077991582e+02, 8.1887480506418251e+02,
       1.2484579754565164e+03, -2.2306514287980171e+01,
       -2.2306514287980171e+01, 1.1221083436112738e+03,
       8.2109536526621639e+02, 2.7512613891240143e+01,
       2.7512613891240129e+01, 1.3560229891712472e+03,
       8.4279919788748384e+02, -1.3951743200644967e+02,
       -1.3951743200644970e+02, 8.2847121072259097e+02,
       1.2537895025529701e+03, -9.1285590381831682e+01,
       -9.1285590381831639e+01, 1.0343566077903540e+03,
       1.8801546561864925e+03, 3.5035035263282913e+02,
       3.5035035263282919e+02, 2.5609401112490204e+03,
       1.6003866297383011e+03, 8.6831539816906638e+02,
       8.6831539816906638e+02, 4.0457098141143565e+03,
       1.5830761400649596e+03, -1.0750824014371398e+02,
       -1.0750824014371400e+02, 1.2639344306663879e+03,
       1.6275220589988178e+03, 2.7821113897839609e+02,
       2.7821113897839615e+02, 1.8365311479600314e+03,
       2.3719974206957540e+03, 6.8154347826492290e+02,
       6.8154347826492290e+02, 2.4840857675715779e+03,
       8.0409228786399410e+02, -9.9201857754950240e+01,
       -9.9201857754950240e+01, 7.4579305422292123e+02,
       1.2535988084372875e+03, 1.2966180051175493e+02,
       1.2966180051175493e+02, 9.7667109103655150e+02,
       8.1912941493850371e+02, -1.4749608608757489e+02,
       -1.4749608608757492e+02, 1.1946911641818058e+03,
       3.0657424777626125e+03, -5.2865480142938154e+01,
       -5.2865480142938146e+01, 1.0419011111817138e+03,
       1.4423378703558267e+03, -3.9562206904206960e+02,
       -3.9562206904206960e+02, 9.7683578111576628e+02,
       8.0361539869564695e+02, 3.1634579486154582e+01,
       3.1634579486154582e+01, 9.1834075268131130e+02,
       7.2051517308906898e+02, -1.1178775919925565e+02,
       -1.1178775919925565e+02, 8.6783455429590072e+02,
       9.8762027238565111e+02, -7.8238723777236700e+01,
       -7.8238723777236672e+01, 1.2753226833568003e+03,
       1.3650333997518701e+03, -3.6832034930448003e+01,
       -3.6832034930448017e+01, 1.4820474694262934e+03,
       1.3087620436813052e+03, -1.1243321767046135e+02,
       -1.1243321767046132e+02, 5.8968706536205900e+02,
       2.4750463961965906e+03, -1.2961578378560910e+02,
       -1.2961578378560910e+02, 2.0352685260100168e+03,
       7.5277314684897658e+02, 3.3860915274004899e+00,
       3.3860915274004921e+00, 7.5043038813649639e+02,
       1.0065170546088596e+03, -1.2308469863760460e+02,
       -1.2308469863760460e+02, 1.0053890255806264e+03,
       1.5306914712841815e+03, -1.2003780350492807e+01,
       -1.2003780350492804e+01, 9.9022056442804274e+02,
       1.6343408684954704e+03, 2.2214627815832270e+02,
       2.2214627815832270e+02, 1.1104981212537102e+03,
       1.3728332534950162e+03, 2.2262039042770590e+02,
       2.2262039042770596e+02, 2.1181144486946359e+03,
       1.4760773568061779e+03, 4.8795811734832444e+02,
       4.8795811734832444e+02, 2.2032498004696649e+03,
       6.1160336004249177e+02, -1.4263341004595912e+02,
       -1.4263341004595910e+02, 9.7240756243661394e+02,
       9.4383158096700947e+02, -1.0656142366915311e+02,
       -1.0656142366915311e+02, 1.0723761481693216e+03,
       2.2086497567191223e+03, -3.8786171981143804e+02,
       -3.8786171981143798e+02, 1.6236858280651786e+03,
       1.0039825965155289e+03, 3.5083982625187943e+01,
       3.5083982625187929e+01, 1.2054057549499091e+03,
       9.0228571890939438e+03, -1.8029434079195696e+03,
       -1.8029434079195696e+03, 2.2866840245024100e+03,
       1.8779639018954297e+03, 1.0118795330717921e+02,
       1.0118795330717919e+02, 2.5208417848540785e+03,
       1.7787393423077226e+03, 2.6928652247374578e+02,
       2.6928652247374578e+02, 1.1970223280875750e+03,
       1.0921000035627726e+03, 1.1136286387070864e+02,
       1.1136286387070861e+02, 1.0263882152996948e+03,
       1.2846895950109526e+03, 1.3361545338483134e+02,
       1.3361545338483134e+02, 1.6745934728709879e+03,
       1.6701857056179408e+03, -7.3557496319330176e+02,
       -7.3557496319330176e+02, 1.6594892369466152e+03,
       9.3104149693332477e+02, 2.5569517718569397e+01,
       2.5569517718569408e+01, 1.0196476401924152e+03,
       1.0771518347995145e+03, -4.7784001877498632e+01,
       -4.7784001877498632e+01, 8.8914339435145905e+02,
       2.1518004467711844e+03, 1.4560140715039438e+02,
       1.4560140715039435e+02, 2.1291548247191727e+03,
       9.8068542050037047e+02, 7.4772352653995128e+01,
       7.4772352653995100e+01, 6.9745893156010834e+02,
       3.5546083658510111e+03, -2.1945976871115229e+02,
       -2.1945976871115218e+02, 3.8279982687893125e+03,
       8.1615300079971576e+02, -1.9550796741492920e+01,
       -1.9550796741492928e+01, 9.0481837288257896e+02 ]
