%YAML:1.0
means: !!opencv-matrix
   rows: 47
   cols: 5
   dt: d
   data: [ 1.2157760042129452e+01, 2.3797140028660635e+01,
       -8.4445734539999023e+01, -2.6228449767400168e+01,
       -2.3134132162021327e+01, 1.9218395625817443e+01,
       -2.1332621139333448e+01, 2.3742112368100912e+01,
       -1.7241504044700296e+01, 6.3509143566284116e+00,
       -1.6728284794303028e+02, -8.3678565263705913e+00,
       3.8863254863750583e+00, 7.0863613175582600e+01,
       -6.5686448625351117e+00, 8.8089717081821817e+01,
       7.1607915777552762e+01, -2.0804519388308641e+01,
       -6.7805556073603492e+00, -2.7322072469940075e+01,
       -1.2412112342398336e+02, 3.2421866892430742e+01,
       2.9737370853954829e+01, -3.7433871685715275e+01,
       -1.8679641216698804e+00, 7.1129403069433863e+01,
       1.6947730732517854e+01, -2.4463600531811977e+01,
       -4.9252434533607371e+01, -3.0752756736945369e-01,
       -2.4634889822289534e+01, 1.0841697191344717e+02,
       7.9689711320680175e+01, 2.1310907320425823e+01,
       9.6535285914487190e+00, -5.7315284587953585e+01,
       -3.0637277673354088e+01, 1.0353292539796848e+02,
       -1.2262895311909794e+01, -1.3266584667214953e+00,
       1.0117594631876774e+01, -1.1646870374880154e+02,
       4.5118200959608181e+01, 1.4937957216141795e+01,
       1.6767670796683824e+01, 1.8286769868073179e+02,
       1.0351487842897141e+02, -2.7978820025251608e+01,
       3.5509658544070327e+01, -8.8229459840327191e+00,
       1.4268973566285243e+02, -8.8139652900303901e+01,
       -4.0722285713777282e+01, -4.3677320941381566e+01,
       -4.4018453219789224e+00, 1.3971075771071284e+02,
       1.1421656901497661e+01, -5.6352704109320129e+01,
       -1.3147832936286651e+01, -6.1179041654684898e+00,
       -1.8334395027296270e+02, -5.1376812727451238e+01,
       3.5750865715525840e+01, -2.3050142441031731e+01,
       -4.0215378129795241e+00, 1.0423787243203516e+02,
       -1.0541633096239269e+00, -3.2313095921772344e+01,
       3.8595929719885760e+01, -1.5522873997642299e+00,
       -9.9529414734488569e+01, 1.0270514217340011e+01,
       -4.8481697396024387e+01, -2.3629974874436346e+01,
       1.3750926706309789e+01, 1.1166809179638214e+02,
       -1.4352690148624703e+02, 7.6296350402636461e+00,
       1.3755493575552856e+01, -4.9213804700888470e+00,
       -3.9241442045981039e+01, 2.1917444533179221e+01,
       -2.7501307760628633e+00, -2.8345873911316435e+01,
       3.7126795052266125e+01, -1.3268280436582675e+01,
       1.1083600267312515e+02, 4.9587110239412652e-01,
       3.0679155337954736e+01, 1.9355680359386092e+01,
       3.6186828841300134e+01, 6.6576038380539817e+00,
       -1.0892402393999507e+01, -2.3941244695163771e+01,
       2.3573206715417260e+01, -1.2533911597270205e+02,
       -1.7174925506500469e+02, 2.9478392060608062e+01,
       7.8862600157092038e+00, -1.6067553143340030e+00,
       1.8227599100833450e+02, -6.0362113281621099e+01,
       4.6192480187944817e+01, 3.4962830638819540e+01,
       -9.5230687289819986e+00, 1.0973930441541414e+02,
       1.2629039359081408e+02, -2.0543043193740452e+01,
       8.9860100337268598e+00, -6.8982256466733807e+00,
       2.2379074659936688e+02, 3.1484869358645136e+00,
       1.9850819602947524e+01, -2.4841651402802135e+01,
       -7.6796564982514912e+00, -1.5136590566110780e+02,
       5.0406185101792850e+01, 8.2735680535853319e+01,
       -5.0735671305959684e+01, -2.4211679148304889e+01,
       7.8482904538869164e+01, 3.1918377232268369e+01,
       6.7088869002187366e+01, -2.6463167219390034e+01,
       3.6010328183924237e+01, -3.1370707088382346e+01,
       -5.1125512467727718e+00, 7.6932377947709526e+01,
       6.3465128244250927e+01, 3.1070050325947300e+00,
       -6.1315578907722255e+01, -1.3307829544176963e+00,
       -1.0112889809721469e+01, 7.2342393984835596e+01,
       1.6404382057753843e+01, 4.7086369763173934e+01,
       -1.1530652380880643e+02, -5.1427788410515831e+01,
       -1.2002079795278604e+01, 5.8333965181462011e+00,
       -2.0774688036950837e+02, -1.1179385504135300e+02,
       -1.9728504048625680e+01, 6.3614511082008804e+01,
       -1.7239210712154314e+01, 1.2566257424731482e+02,
       9.6511792448080644e+00, 9.8886365452446334e+00,
       -2.7380369965886622e+01, -2.8858130248305201e+01,
       -1.8490574478950376e+02, 1.8162310042621669e+02,
       4.3042763827951788e+01, -9.8740123253059355e+00,
       -2.2615682282338625e+01, 7.8428999553497306e+01,
       1.1291004703381036e+02, 9.1872696694250855e-01,
       4.3082037967761529e+01, 1.4990799208513929e+01,
       -4.1917754504397955e+01, 1.8291644196489639e+02,
       6.8205222724416208e+00, -1.0790094298347660e+02,
       -6.2804246169271831e+00, -1.0684329048583297e+02,
       -1.0994940938528148e+02, -3.4923718671976879e+01,
       1.5243633826600854e+01, 2.0028568671619428e+01,
       7.9463056432143597e+00, -4.5409795810914041e+01,
       -8.6951247052727609e+01, 3.5909885464383969e+01,
       -3.6906938779567047e+00, 1.3798408362072180e+02,
       3.1048707133660116e+01, 2.4158705056901891e+01,
       8.2970206413404156e+01, -8.7894751787135661e+00,
       7.5576021007308768e+01, 9.8467594874070102e+01,
       -1.0437338150365805e+02, 2.6388742010762765e+01,
       -5.6127187705738999e+00, -2.7205033823261520e+01,
       7.5828027614579312e+01, -6.9836127334574513e+01,
       1.3454564569252634e+01, 2.0888834261059820e+01,
       7.8843580207797785e+01, -5.2486119271530534e+01,
       -2.3968853123258857e+01, -6.4364853853017962e+01,
       -2.4601307825811162e+01, 1.2783890745910412e+02,
       -1.9045595710736990e+01, 6.0926663178367590e+01,
       -3.4329024614750168e+00, 1.3515814991343223e+01,
       3.3752952833798737e+01, -5.4594213617220078e+01,
       -1.4707013473745887e+01, 7.9227472265979941e+01,
       -7.1452162334189664e+00, -2.8908649575486749e+02,
       2.1651907972344830e+01, -1.8602701854100832e+01,
       -7.7722791821871349e+00, -8.6545341844531727e+00,
       2.8984018079549706e+01, 1.5443686746374533e+02,
       -2.7199792601922472e+00, -8.2489506726991138e+01,
       2.0176980046260454e+01, -4.3047391982042704e+01,
       -1.6761730653206064e+02, -5.2792004581229136e+01,
       3.4330290676297487e+01, -4.0816167730266928e+00,
       -2.5438035892616207e+02, 6.6194937708922708e+01,
       -5.0355224014260704e+00, -5.9055267919195465e+01,
       -2.3668106430106469e+01, -8.7416460838923129e+01,
       -1.0450848140562547e+02, 6.8395007672823510e+01,
       6.6668339535620220e+01, -1.9250541366974922e+01,
       -1.8121722871596495e+02, 9.1228283614416014e+01,
       3.7493259778181077e+01, 2.3124311437793498e+01,
       -6.9300318294571381e+00 ]
