%YAML:1.0
means: !!opencv-matrix
   rows: 43
   cols: 2
   dt: d
   data: [ 3.9313371132249713e+01, -4.2027465547497776e+01,
       -2.4216804752769679e+02, 9.8074733737643854e+01,
       3.9895838814743676e+01, 6.9070844211263960e+01,
       9.2465606888409937e+01, -7.8727123826877090e+01,
       -9.6319491447662884e+01, -1.4970786751501348e+02,
       -1.5555016795576958e+02, 1.0550343030478486e+02,
       -2.5449065291115784e+02, -8.8891362360790012e+01,
       1.7847365076122884e+02, 7.2694175780013225e+01,
       -4.7300602207060400e+01, 2.0449022236328261e+02,
       2.5474401291984054e+02, -5.8585506833159783e+01,
       -1.5919032237594704e+01, -1.4312853147107839e+02,
       1.2377999728809830e+02, -3.2518260862176568e+01,
       -1.6835174656486996e+02, 3.9251610466459184e+01,
       4.6509152303445148e+01, 2.0624361557339543e+02,
       -9.1417451335994500e+01, 5.2830796332785283e+01,
       -1.1946435743140080e+02, -2.0467665173654169e+01,
       9.7290669703295862e+01, 7.0131481308371164e+01,
       5.9090286973849963e+01, -1.9594337760878517e+02,
       7.3033731022996008e+01, 1.3467509683719956e+02,
       1.0895683219721010e+02, -1.3215055792044529e+02,
       -1.6960136216533604e+02, 1.8346808437741512e+02,
       -6.6099599589846761e+01, -2.2058843135534451e+02,
       1.5239877593716821e+02, 1.4702850076465614e+02,
       1.7156265102886880e+02, -9.0384562369116054e+01,
       -2.4807165740484601e+02, -1.7916675339231693e+02,
       -1.8173632841810240e+02, -1.5249719521817283e+02,
       -5.2075425060473066e+01, -4.2798323450105764e+00,
       -1.0219881483777060e+01, 1.3152702835578305e+02,
       -2.4438470017032731e+01, 6.1881541950349423e+01,
       7.2781650063212268e+01, 4.4221613543935474e+00,
       1.8710363048398546e+02, -1.5355060771817927e+01,
       -2.7746911512397298e+02, 1.0217399699241559e+01,
       1.7676809713405837e+02, -1.5075198665357175e+02,
       -2.0288246888757845e+02, -2.8105433586803318e+01,
       2.5551680636844267e+02, 6.0646332908513543e+01,
       1.3029676799327888e+02, 2.9671940178090324e+01,
       -1.4077143344072721e+02, -9.6446365856217227e+01,
       -8.4232042000555083e+01, 1.3840310647172129e+02,
       -5.6508053927296960e+00, -6.5176043308671936e+01,
       -7.1985193175720070e+01, -7.9696806562165861e+01,
       1.1238399857375967e+01, 6.9942981411685032e+00,
       2.6920354136072334e+01, -3.1839558105215883e+02,
       4.1661508609659549e+01, -1.1491714701328974e+02 ]
covs: !!opencv-matrix
   rows: 86
   cols: 2
   dt: d
   data: [ 7.9006996617449579e+02, -1.3579297332645888e+02,
       -1.3579297332645891e+02, 7.8359514288206310e+02,
       2.9053279948159757e+03, -3.8041978904451679e+02,
       -3.8041978904451679e+02, 2.4057762733805489e+03,
       9.0697674151235799e+02, 2.1689293738583380e+01,
       2.1689293738583377e+01, 1.1426006773645784e+03,
       1.0301680396609372e+03, -7.1766937302527126e+01,
       -7.1766937302527126e+01, 7.5687037668879202e+02,
       1.0993090218020120e+03, -2.8841766503796197e+02,
       -2.8841766503796191e+02, 1.5130477696702196e+03,
       2.0997418169759358e+03, -2.4636607255172370e+02,
       -2.4636607255172370e+02, 1.3684954008865136e+03,
       2.3200796452413224e+03, -1.9398582935113939e+02,
       -1.9398582935113939e+02, 2.2966000916817106e+03,
       1.3803679899778313e+03, -3.7216251696808587e+02,
       -3.7216251696808587e+02, 1.5499020567624043e+03,
       2.4026288913163476e+03, -6.7393245996851692e+02,
       -6.7393245996851692e+02, 2.6123949119488898e+03,
       1.9302293175923614e+03, -2.9246553584085370e+02,
       -2.9246553584085370e+02, 2.5952173495913898e+03,
       1.2606839085401489e+03, -3.3021242649149019e+02,
       -3.3021242649149019e+02, 1.4210031670984436e+03,
       1.3932023254479711e+03, 1.8341554403967535e+02,
       1.8341554403967541e+02, 6.8946695123422523e+02,
       2.0888239489538028e+03, -1.1369684882488708e+02,
       -1.1369684882488707e+02, 8.7262128154643608e+02,
       2.3941227280188400e+03, 1.1202355053940988e+02,
       1.1202355053940988e+02, 2.5916979934898472e+03,
       8.5900062804159779e+02, 6.2851459209314747e+01,
       6.2851459209314747e+01, 1.5162045522648095e+03,
       1.3376131392131451e+03, -1.2224821153076231e+01,
       -1.2224821153076235e+01, 1.1044765464074887e+03,
       7.3885991488370041e+02, 1.4483268509763437e+02,
       1.4483268509763437e+02, 1.3617943611238534e+03,
       2.3946225179885500e+03, -4.6682807544930932e+02,
       -4.6682807544930932e+02, 1.9155554862378626e+03,
       1.7119770700868517e+03, 1.2680347326142699e+02,
       1.2680347326142696e+02, 1.5344399827090597e+03,
       1.3545864410970241e+03, 1.1321044289986814e+02,
       1.1321044289986817e+02, 1.2195504775768432e+03,
       3.0620540440798795e+03, -3.0392010121598702e+02,
       -3.0392010121598702e+02, 2.5841705368894509e+03,
       2.2320793634007709e+03, -1.5699177265924953e+02,
       -1.5699177265924948e+02, 2.3923871865042320e+03,
       2.2163951275101949e+03, 1.1963725801074736e+02,
       1.1963725801074733e+02, 3.0141640216894330e+03,
       1.4292091301212486e+03, 3.6986160629840093e+01,
       3.6986160629840079e+01, 1.2518380898460669e+03,
       2.2996768238337149e+03, -7.2759968202888058e+02,
       -7.2759968202888069e+02, 3.4757998331253434e+03,
       1.7382534583331505e+03, -5.3963544644292529e+02,
       -5.3963544644292529e+02, 2.6312487730616735e+03,
       8.0773320217114576e+02, -2.2134014478177018e+00,
       -2.2134014478176995e+00, 1.3423993519685805e+03,
       1.4159306862890237e+03, 1.8026685516747881e+02,
       1.8026685516747875e+02, 1.8454240151623387e+03,
       7.5698593693138014e+02, -1.2220664792362878e+02,
       -1.2220664792362882e+02, 1.5240519285879607e+03,
       8.9948073464492597e+02, -2.3741254634081020e+02,
       -2.3741254634081017e+02, 8.6943315070529900e+02,
       1.1530809144204502e+03, 1.9684225009024175e+02,
       1.9684225009024175e+02, 1.5370870198338623e+03,
       1.9372981667594702e+03, -2.3446858230810483e+02,
       -2.3446858230810483e+02, 2.0367804661004557e+03,
       2.4501418869088329e+03, 2.0357200763839961e+02,
       2.0357200763839955e+02, 1.5538586911568989e+03,
       1.3795542629642350e+03, -1.4647148052718769e+01,
       -1.4647148052718762e+01, 1.7979125751225201e+03,
       1.6405767334917166e+03, 1.3211966268249256e+02,
       1.3211966268249250e+02, 4.1266410729916834e+03,
       8.4450324364044127e+02, -1.6943470210993464e+01,
       -1.6943470210993461e+01, 7.5887719095702550e+02,
       1.1922788079061384e+03, 8.9148729673739368e+01,
       8.9148729673739396e+01, 1.1047397561469950e+03,
       1.4551798978297722e+03, -2.5057309004702211e+02,
       -2.5057309004702213e+02, 2.0170429130638554e+03,
       7.1943843024281875e+02, -2.0863484953627773e+02,
       -2.0863484953627773e+02, 1.3397448488578336e+03,
       9.2977399660631920e+02, -2.8417548698030134e+02,
       -2.8417548698030134e+02, 1.3188803728533464e+03,
       8.5496611588706253e+02, -3.6322429614150501e+01,
       -3.6322429614150508e+01, 1.1183152065256809e+03,
       5.7870417582491182e+03, -8.7380602641897468e+01,
       -8.7380602641897440e+01, 1.6883508248518369e+03,
       1.0891903608919606e+03, -2.4892138661407233e+02,
       -2.4892138661407228e+02, 1.1531376348826541e+03 ]
