%YAML:1.0
means: !!opencv-matrix
   rows: 19
   cols: 6
   dt: d
   data: [ 9.9109374401235598e+01, -4.4847007393108868e+01,
       -2.2407898228875574e+01, 3.7442241380784999e+01,
       -2.7161988889558341e+01, 2.3054200299002712e+01,
       3.8699695155267069e+00, -6.9635468659686230e+00,
       -4.0296239741373432e+00, -1.0625793080510677e+01,
       3.2209628955930782e+01, -1.4770613220857525e+01,
       -1.6467068625497117e+02, -1.0132835853321902e+02,
       4.7342285158808338e+01, 3.6197128662223967e+01,
       -2.9481228904206638e+01, 6.8836624760424303e-01,
       -1.8821157872334211e+01, -4.9917058719766967e+00,
       7.2324933543008939e+01, -1.1701640491436583e+01,
       1.6159757379986505e+01, 1.0696171332599489e+01,
       1.6472817421165820e+02, 1.4119416096829603e+01,
       -4.7420466624942513e+01, 1.2007243015683416e+01,
       -1.0809197406247730e+01, -8.6652534238231560e+00,
       1.0323035603905208e+02, 1.0973228427844006e+02,
       1.6674769175734021e+01, -5.6674666882806399e+01,
       -9.2114167159357567e+00, -2.2223407650523406e+00,
       -1.0036441707411347e+01, 5.5793236159480628e+01,
       -2.8840939760642254e+01, 5.1695841035837617e+01,
       2.1058804895804940e+01, -3.1478587727976768e+00,
       -1.2454452351084358e+02, 1.1551978111128879e+02,
       9.7623888684601710e+00, -5.4951672530352809e+01,
       -1.4972524504409286e+01, -9.6755131452155552e-01,
       -5.8469749404876843e+01, -1.5176852217121473e+02,
       -2.7433567425918856e+01, 6.8525963872578615e+01,
       2.1618732032306895e+01, -8.5298019253315189e+00,
       9.5609456403966409e+00, -7.4712270516583160e+01,
       -3.9914442809026106e+01, -1.7174999260110205e+01,
       1.8521209434787778e+01, 1.2617290934055794e+00,
       -1.8520614685153070e+01, 9.1665063140205817e+01,
       -4.0936283303342185e+00, -3.9758545299846162e+01,
       1.2659614586813182e+01, -1.4042551016209457e+00,
       2.4074254121393547e+01, -7.0794687244543113e+01,
       2.3840126990495696e+00, 4.3317060068244736e+01,
       1.9517645435669726e+00, 2.6149782303869074e+01,
       5.9532179052231001e+01, -1.5835435726398413e+02,
       5.1497219647315390e+01, 4.5413736998168147e+01,
       2.1407604558027895e+01, -8.9185541938529607e+00,
       1.6832712102512360e+01, -3.9596311744765682e+00,
       -1.2213764056956384e+01, 7.2652757740410367e-01,
       -1.1723852338095815e+01, -7.4306710975837484e+00,
       -1.5612864648613905e+02, 3.7376423020667708e+00,
       -3.3135995370893463e+00, 2.8895449877795580e+00,
       1.0988229197921905e+01, 1.0324094077751671e+01,
       1.3920681334073544e+02, -6.9196611982278512e+01,
       3.6383987396786438e+01, -4.2071549534840543e+01,
       8.8289233394777078e+00, 1.7739457490887514e+00,
       1.2390649484425872e+02, 5.8257885324744848e+01,
       4.8779194678550184e+01, 3.1516272277737265e+01,
       1.1159405300204524e+01, -3.5268746970862481e+00,
       -2.0160769966419187e+02, -2.1660309824261141e+01,
       4.6645185859678939e+01, -8.4970677347413339e+00,
       -1.0577150468119429e+01, -6.7803241362677475e+00,
       -1.2274154952752440e+01, 1.1335523829692380e+02,
       -6.3958214507741864e+01, -3.6785220626963394e+01,
       -5.3887220294401743e+00, -1.7324563096849033e+00 ]
covs: !!opencv-matrix
   rows: 114
   cols: 6
   dt: d
   data: [ 4.1806036008368201e+03, -1.1294594640897158e+02,
       2.9137475351729722e+03, -8.1862878663721983e+02,
       -8.0415220635175046e+01, -2.6245869214825088e+01,
       -1.1294594640897159e+02, 5.1097771644959985e+03,
       9.0532439794368440e+02, 2.6884207071327969e+03,
       -4.2717730471605137e+01, -7.9151820956120162e+01,
       2.9137475351729722e+03, 9.0532439794368440e+02,
       2.5316361371376015e+03, -1.1348775607607716e+02,
       -9.4318981427975444e+01, -7.6298640328933601e+01,
       -8.1862878663721960e+02, 2.6884207071327969e+03,
       -1.1348775607607712e+02, 1.7545344560196381e+03,
       6.7896432848253369e+01, -1.3039583881495523e+02,
       -8.0415220635175061e+01, -4.2717730471605137e+01,
       -9.4318981427975430e+01, 6.7896432848253369e+01,
       3.6735696656295865e+01, -3.4808172030387546e+01,
       -2.6245869214825071e+01, -7.9151820956120176e+01,
       -7.6298640328933587e+01, -1.3039583881495523e+02,
       -3.4808172030387546e+01, 1.4283722131475895e+02,
       4.4416127064496768e+03, -1.6610106742159249e+02,
       2.4293959852209678e+03, -9.1538662989920817e+02,
       -4.7172991279937389e+02, -3.5544721460987751e+02,
       -1.6610106742159249e+02, 5.3087608450759235e+03,
       6.8031063588427378e+02, 2.1302880570214011e+03,
       8.2577967743599800e+01, -5.9839007631658966e+01,
       2.4293959852209682e+03, 6.8031063588427389e+02,
       2.2728599085752967e+03, -5.9838808039473818e+01,
       -3.4589675679462019e+01, 2.9088869591151560e+01,
       -9.1538662989920829e+02, 2.1302880570214006e+03,
       -5.9838808039473804e+01, 1.6179712705327779e+03,
       1.0768792316385027e+02, -8.0415449075061545e+01,
       -4.7172991279937389e+02, 8.2577967743599814e+01,
       -3.4589675679462019e+01, 1.0768792316385029e+02,
       2.1732396365343695e+02, 1.5438951846662886e+02,
       -3.5544721460987739e+02, -5.9839007631658966e+01,
       2.9088869591151553e+01, -8.0415449075061545e+01,
       1.5438951846662886e+02, 1.9302873153305012e+02,
       5.5829845015497867e+03, -4.7328419295120433e+01,
       3.1581925020927683e+03, -9.5098006834692285e+02,
       9.3778811597112949e+01, 8.0083979809453311e+01,
       -4.7328419295120433e+01, 7.7169064108071389e+03,
       8.1024959048110441e+02, 2.1533930759168361e+03,
       4.7440703725806253e+02, 7.8566061012205648e+02,
       3.1581925020927683e+03, 8.1024959048110429e+02,
       2.4694855038400524e+03, -5.6683325544447911e+01,
       -4.1306708733475446e+01, -6.5012075467212938e+01,
       -9.5098006834692285e+02, 2.1533930759168356e+03,
       -5.6683325544447925e+01, 1.8826736899150860e+03,
       -1.5070452540065764e+02, -2.1824075178952830e+02,
       9.3778811597112949e+01, 4.7440703725806253e+02,
       -4.1306708733475453e+01, -1.5070452540065764e+02,
       1.6379779241069457e+02, 1.6292930118806376e+02,
       8.0083979809453311e+01, 7.8566061012205660e+02,
       -6.5012075467212981e+01, -2.1824075178952836e+02,
       1.6292930118806376e+02, 3.4239380533425441e+02,
       3.9520127619042123e+03, -2.0730619166494939e+03,
       2.9548891196336001e+02, 7.2923879047656612e+02,
       7.0402535708454570e+02, 7.8340229494528266e+00,
       -2.0730619166494944e+03, 8.4943916759999793e+03,
       1.0453447008605040e+03, 1.4372444136657048e+03,
       -4.1176856248893824e+02, -1.7833156374155230e+01,
       2.9548891196335995e+02, 1.0453447008605037e+03,
       8.1019639661961287e+02, 2.7890707210876377e+02,
       -1.1408238705652975e+02, 4.4986394612301375e+01,
       7.2923879047656612e+02, 1.4372444136657048e+03,
       2.7890707210876383e+02, 1.9975321183991182e+03,
       2.5726352157767406e+02, 2.4509257014420690e+01,
       7.0402535708454570e+02, -4.1176856248893824e+02,
       -1.1408238705652978e+02, 2.5726352157767411e+02,
       2.4022732775583572e+02, 1.7397837441569109e+01,
       7.8340229494528240e+00, -1.7833156374155237e+01,
       4.4986394612301368e+01, 2.4509257014420683e+01,
       1.7397837441569106e+01, 1.2228683062539515e+02,
       6.0948765118968668e+03, -4.8099391556665734e+02,
       2.7022328771386301e+03, -5.7388957513268042e+02,
       -5.0208721245903462e+01, 8.1797121298575149e+01,
       -4.8099391556665717e+02, 7.3620890033766409e+03,
       7.5424866026372001e+02, 2.1163638248769093e+03,
       -1.4097630660408550e+01, 7.6046995169864701e+01,
       2.7022328771386301e+03, 7.5424866026371990e+02,
       2.4175358114556670e+03, -1.6617006316283485e+02,
       -8.7647364842197874e+01, -8.2351175679535302e+01,
       -5.7388957513268042e+02, 2.1163638248769089e+03,
       -1.6617006316283485e+02, 1.8695384920137276e+03,
