%YAML:1.0
means: !!opencv-matrix
   rows: 18
   cols: 8
   dt: d
   data: [ 3.1143674884802397e+01, 1.2417054376422291e+02,
       -2.7420752781109886e+01, -5.2448468703334278e+01,
       -8.4370375002002795e+00, 1.1696032851087925e+00,
       2.2614036392999282e+00, -1.7732053118940697e-01,
       3.1228074575923417e+00, 3.2734746240450782e+01,
       6.6401654597690873e-01, -1.7285724191007422e+01,
       2.4300669490529156e+01, -1.3425925412312694e+01,
       -5.3559428495478638e+00, 1.7714900462947927e+00,
       4.2485677741729234e+01, -1.7211620615348714e+01,
       -1.1859683429391584e+01, -6.1946739191784790e+00,
       -7.3275567441979668e+00, -9.3420665298901167e+00,
       -1.6867247183861007e+00, -2.1373837007371399e-01,
       8.8034670088639331e+01, 4.0838192630318325e+01,
       -3.2026749246204417e+01, -2.3427358979522179e+01,
       -1.7121765261680533e+01, -4.7860999543527498e+00,
       -2.4962566218991746e+00, 4.9395964648752927e-01,
       -1.7423058275413200e+02, 3.2706274116913015e+01,
       3.5570283262482697e+01, -2.8757702577941853e+01,
       -3.9072146248310053e+00, -4.6084787524005160e+00,
       1.0963503990419998e-01, 7.5013874551807480e-01,
       1.8782801387939529e+02, 1.7751927568324685e+01,
       -4.9347658768681548e+01, 1.1760966402897152e+01,
       -9.5637233073238512e+00, -6.4782601714278565e+00,
       1.3740647921173283e+00, -3.4580123074199809e-01,
       -4.1872987584808161e+00, 8.5269794823009818e+01,
       -8.9955189642316142e+00, -4.3558303809704810e+01,
       1.1813695921429639e+01, -2.3005527793694296e+00,
       1.6716159049444843e+00, -2.9077282037833629e-01,
       -5.0612845824625857e+01, -3.1149366775241702e+01,
       2.4624600374602462e+01, 7.6437487511571476e+00,
       2.6931577607473574e+01, 1.0622845358662467e+01,
       1.8324469453410226e+00, 1.5490607837103793e-01,
       1.0465532638545747e+02, 1.0065158790946214e+02,
       -2.1493123948532542e+01, 3.3227129997947458e+01,
       -2.3985549674885940e+00, -1.1793187664974390e+01,
       -2.7139251884988473e+00, -2.5462039199245323e-01,
       1.0011710203934874e+02, 3.8017001083726170e+00,
       -2.9820173966656192e+01, 1.8503576192905917e+00,
       1.1304522035405911e+01, -1.0841015928543632e+01,
       3.9328635269473028e-01, -1.1871671444866370e+00,
       -1.5945069173202063e+02, -5.5416695945267840e+01,
       4.1493756813804850e+01, 1.6745942356547708e+01,
       -9.3413675023528420e+00, 9.0197999679213616e+00,
       -6.6097601744244372e-01, 9.2781834363739379e-01,
       1.1948539612169365e+02, -5.3481915574248212e+01,
       -2.5471591389134449e+01, 3.9523135241703770e+01,
       -2.4474476253088163e+01, 1.0610571829365856e+01,
       5.7773688809101731e-01, -1.5942919939737601e-01,
       4.0862505611246938e+01, -3.8986950101347681e+01,
       3.2808556315191444e+00, 1.7471411195925857e+01,
       1.8713039227576374e+01, 7.2931870909755405e+00,
       1.1070981200758099e+00, -3.9534129773176785e-01,
       -1.7455025862184843e+02, -1.1528322976415635e+02,
       4.8653789501392659e+01, 3.8880110519124351e+01,
       -3.4682117144833299e+01, -4.2538644656724331e+00,
       -2.1796702246963222e+00, -1.0029552789735927e+00,
       -1.5188650746183791e+02, -1.2094328314281833e+02,
       4.8851234556285320e+01, 3.0718834328294207e+01,
       -2.2442697931891427e+01, -3.0200397483500893e+01,
       -6.0276233925429459e+00, -9.8304523527924226e-01,
       -1.2165719304164529e+02, 1.2016498411776534e+02,
       1.0450590102278973e+01, -5.3731745348068458e+01,
       -1.3260435050945764e+01, 7.8212985679705721e-02,
       5.8909575873646436e-01, -1.1283136809634312e-01,
       9.8450563384532870e+01, -4.6276736320543350e+01,
       -2.2096659319987104e+01, 3.6718492552514419e+01,
       -2.7609625425061349e+01, 2.3834673328838281e+01,
       1.2142154796278302e+00, 1.3303222907687118e+00,
       8.1489117210723325e+00, -1.7855208319887089e+02,
       1.5989617813983067e+01, 6.1912677627603891e+01,
       1.6563360668975381e+01, -1.3055351802956865e+01,
       -1.2965144746155968e+00, -1.3123048441899687e+00 ]
