%YAML:1.0
means: !!opencv-matrix
   rows: 27
   cols: 5
   dt: d
   data: [ 1.5263868608740469e+02, 1.0770777697030161e+01,
       -5.3333667189180105e+01, -1.7974158002510737e+01,
       -6.4608192789590326e+00, -1.4217636294508389e+02,
       5.1888589814056886e+01, 9.4472854100721420e+01,
       -3.4672551195536933e+01, -2.2772395403703214e+01,
       -5.3000742756796280e+00, -1.4684524906785936e+02,
       -5.4311784358499537e+01, -3.2806316277243508e+00,
       7.5759768765462923e+00, 7.8502793443282471e+01,
       1.3104332284755728e+01, -2.5730693736269895e+01,
       -2.6655554104027292e+01, -2.8234364387214551e+01,
       -1.1708747615189381e+02, 1.2830155469937819e+02,
       3.6393141629847428e+01, 1.3950778509610743e+01,
       4.1670242444842858e+00, 1.0586255741624092e+02,
       -5.7803353178375382e+01, -4.2265957085889163e+01,
       4.9058281017444877e-01, -1.9063223755750391e+00,
       2.1944239096151895e+02, -1.6226370871430223e+01,
       2.9020709878104128e+01, 7.0831081447178457e-01,
       -7.9969764406919692e+00, -8.0108608409281494e+00,
       3.5350133305840473e+01, 1.1202326311530388e+01,
       -2.7516730906516315e+01, 3.7809569574894738e+01,
       -1.2098056358872803e+02, 3.2220133574194485e+01,
       3.3861859817725524e+01, -3.9706917317553433e+01,
       -3.5191585120418845e+00, 3.4414747810635895e+01,
       3.4316046762335354e+01, -1.5267461398000908e+01,
       -2.7268469137345367e+01, 2.0816304492053742e+01,
       1.3744863317840625e+02, 7.4593042111334327e+01,
       -3.4035242817130715e+01, 4.6250942963779011e+01,
       -6.4842855660675101e+00, -1.2800396873185224e+02,
       -1.0975180577679933e+02, -9.9722775187975916e+00,
       3.0924920298442135e+01, 5.6256660878527667e+00,
       -1.1572594018443736e+02, 9.4477261053997736e+00,
       7.1125888215299780e+00, 8.4002141200440036e+01,
       -1.2091549090788108e-01, -8.1931389888020281e+00,
       -4.2500686180685747e+01, 8.5200075086637142e+01,
       4.6905454085856597e+01, 4.6418188295032934e+00,
       -8.4657332115722966e+01, 7.5945082942523188e+00,
       -4.6974482477568756e+01, -1.3891711148566268e+01,
       1.9200949934848186e+01, 1.9838231505470315e+01,
       1.1482718829496086e+02, -1.0450028404519335e+01,
       3.9027774925703937e+01, 1.3451609641726632e+01,
       1.6094479010185694e+00, 1.7940719280546244e+02,
       1.2265773292701914e+00, -9.9262740463930669e+01,
       1.6453398462721698e+00, 4.4917392849416835e+01,
       -8.3870476177356764e+01, -1.9825032062684076e+00,
       6.8072737994789662e+01, -8.2745334477442345e+00,
       8.3723845662681498e+01, 1.6368954236645067e+01,
       -2.2583045369546184e+01, -3.2418329713451961e+01,
       -2.6105798513972566e+01, 1.2528793379689995e+02,
       8.4498952263463522e+01, 5.3354303001283306e+01,
       2.6251917300581137e+01, 1.3459099823271778e+01,
       1.1142982239810854e+01, -1.9358176632587249e+01,
       -8.8280288568873743e+01, 4.3105299629735192e+01,
       -3.7920896181253285e+00, 8.2727717793151584e+01,
       2.8862929925581696e+01, -2.6810988956591171e+01,
       -4.1605991146701825e+01, -2.8978147956201030e+00,
       4.4483258345311398e+01, -2.0902745426751270e+01,
       4.7665336705798182e+01, -2.5342695768628111e+01,
       1.2897339222656061e+01, -2.5453276074430696e+02,
       8.1839985727934405e+01, -4.8555293907583046e+00,
       -5.2556685546042750e+01, -2.4540211625903027e+01,
       9.7903905832259255e+01, -1.3844300853582888e+02,
       3.9974410897395543e+01, 8.6016265071522291e+00,
       4.0394091371308809e+00, -1.0587858967311705e+02,
       -1.4585784625789185e+02, 5.9333178291416047e+01,
       3.6049286861866790e+01, -1.3983392616165435e+01,
       -1.9806938644429565e+02, 5.0244065440420078e+00,
       3.5351459616690683e+01, -8.7217571545771424e+00,
       -6.9708753013893761e+00 ]
covs: !!opencv-matrix
   rows: 135
   cols: 5
   dt: d
   data: [ 3.6546294190339449e+03, -5.6852776559079552e+02,
       2.4113893276028407e+03, 4.8401402837496853e+01,
       -6.7129109242216813e+01, -5.6852776559079541e+02,
       5.1888173061944617e+03, -2.0950431249389575e+02,
       1.8326780813209136e+03, -5.4061540306697850e+01,
       2.4113893276028407e+03, -2.0950431249389570e+02,
       2.1016794823856490e+03, -1.2712206019532600e+02,
       -6.6065439242324672e+01, 4.8401402837496853e+01,
       1.8326780813209134e+03, -1.2712206019532597e+02,
       1.2086191233140419e+03, -2.5990087251899777e+01,
       -6.7129109242216799e+01, -5.4061540306697850e+01,
       -6.6065439242324672e+01, -2.5990087251899777e+01,
       1.2639265742102998e+01, 1.5473032943655180e+03,
       1.0748066537944010e+03, 5.3148042585237852e+02,
       -1.5023182781676755e+02, -8.0813168869182334e+01,
       1.0748066537944010e+03, 8.6999662758288196e+03,
       -4.1695777664610802e+02, 7.2947337314431104e+02,
       -4.4443926416877207e+02, 5.3148042585237852e+02,
       -4.1695777664610802e+02, 5.9810334219431888e+02,
       2.1306887737680873e+02, 4.4903546469975097e+01,
       -1.5023182781676755e+02, 7.2947337314431138e+02,
       2.1306887737680873e+02, 1.8183253665523368e+03,
       1.6001654363024593e+02, -8.0813168869182334e+01,
       -4.4443926416877207e+02, 4.4903546469975097e+01,
       1.6001654363024591e+02, 6.4043652454475080e+01,
       3.6673108663033454e+03, 1.0595677113381623e+03,
       3.5975983028546580e+02, -7.4036981496914939e+02,
       -2.5295428310774139e+02, 1.0595677113381621e+03,
       3.0323496043536788e+03, 1.3212054398775444e+02,
       -8.2976331957594846e+02, 2.1310882105568402e+02,
       3.5975983028546574e+02, 1.3212054398775447e+02,
       1.3431752105498842e+03, 8.9565458312403674e+00,
       4.3276183702860124e+01, -7.4036981496914939e+02,
       -8.2976331957594846e+02, 8.9565458312403745e+00,
       6.5123968017286984e+02, -7.4640507584751006e+01,
       -2.5295428310774133e+02, 2.1310882105568402e+02,
       4.3276183702860124e+01, -7.4640507584751006e+01,
       1.9120028165842677e+02, 6.1813485365664455e+03,
       -7.0715053565723792e+02, 2.5229290695029076e+03,
       9.1024776391887713e+02, 3.1585653907835217e+02,
       -7.0715053565723792e+02, 6.1397989998349594e+03,
       8.1622589226070517e+01, 2.0596193904338088e+03,
       -1.4623392178994146e+02, 2.5229290695029076e+03,
       8.1622589226070531e+01, 2.4780556237356777e+03,
       -1.4763275804112180e+02, -1.0181153526317365e+02,
       9.1024776391887713e+02, 2.0596193904338088e+03,
       -1.4763275804112180e+02, 1.3887953778032072e+03,
       7.7262563807651304e+01, 3.1585653907835217e+02,
       -1.4623392178994149e+02, -1.0181153526317365e+02,
       7.7262563807651304e+01, 1.1569300436672947e+02,
       8.2530142073968345e+03, -2.2501539205581471e+03,
       2.2258856607726821e+03, 7.8465951676849761e+02,
       8.9645743581708609e+02, -2.2501539205581471e+03,
       2.3167207427247440e+03, 3.8481757603552722e+02,
       -4.6846243053708753e+02, -5.5317924507531609e+02,
       2.2258856607726821e+03, 3.8481757603552728e+02,
       2.4012331065877911e+03, -1.7965895570264493e+02,
       -2.5938910418934205e+02, 7.8465951676849761e+02,
       -4.6846243053708753e+02, -1.7965895570264487e+02,
       4.6446630893511713e+02, 2.2173019493662017e+02,
       8.9645743581708632e+02, -5.5317924507531620e+02,
       -2.5938910418934205e+02, 2.2173019493662017e+02,
       3.0613588799807673e+02, 2.6918528429465196e+03,
       -1.9972203135961465e+02, 1.4455784452224912e+03,
       -1.0064581470311872e+02, -1.4726222867066807e+02,
       -1.9972203135961468e+02, 3.7247146685256989e+03,
       6.7387348641769202e+00, 5.2123899323285264e+02,
       2.4008076357053579e+01, 1.4455784452224909e+03,
       6.7387348641768989e+00, 1.8443417721439682e+03,
       5.3452545212640950e+02, -2.7354088596125834e+01,
       -1.0064581470311873e+02, 5.2123899323285275e+02,
       5.3452545212640950e+02, 1.2897300654986052e+03,
       4.6596830436973825e+01, -1.4726222867066807e+02,
