%YAML:1.0
means: !!opencv-matrix
   rows: 41
   cols: 7
   dt: d
   data: [ 5.6860938949767252e+00, 3.9491226972315587e+01,
       1.7343465619637140e+01, -3.1290216406654597e+01,
       3.7963656187123497e+01, -8.5671441328220812e+00,
       2.1517714289051559e+00, 1.3097993407189736e+02,
       2.7115047847454864e+01, -2.9418058244594931e+01,
       -1.3173055255672603e+01, -5.3579908335461033e+00,
       1.9917079668463096e+01, -9.0474695283917317e+00,
       -1.8718145355845053e+01, -1.5591777241384658e+01,
       2.4887839163109021e+01, 2.3589826795181207e+01,
       3.3536030308229151e+01, 9.3762385927508529e-01,
       -6.5055098289807365e+00, -1.9876787913008303e+02,
       7.9948807563337141e+01, 1.9450167290214893e+01,
       -5.1234080561676691e+01, -2.2149755996989846e+01,
       1.4846440142136091e-01, -1.8938293163420594e+00,
       -1.7860857232649657e+01, -2.5137243228824186e+01,
       1.9410946229903409e+01, 4.9636833888564285e+00,
       2.1801492443244552e+01, -8.1734040853492331e+00,
       2.1002746902733569e+00, -1.4940369326398329e+02,
       -1.0173825612751497e+02, 2.8186199166285643e+01,
       6.8220849279747171e+01, -1.8123712212758523e+01,
       2.7379768955931971e-01, 1.8276594834131885e-01,
       7.8386954309028454e+01, -1.7329047337753046e+01,
       1.6485139152703876e+01, -1.4274546077611596e+01,
       1.9800182827878402e+01, 6.0038534290515830e+00,
       1.0574639919361830e+00, -1.4532761243786052e+02,
       7.1277563168557620e+01, 2.9550881900858670e+01,
       -4.5384361119749759e+00, 8.7589825504733310e-01,
       -1.0265438255182055e+01, 6.6359587820912613e-01,
       2.2487342374498479e+02, 8.1563751886015048e+00,
       7.9411986186803283e+00, -1.3816477408857384e+00,
       -8.7234526963525010e+00, 1.2129640038687910e+01,
       -4.5257089516596127e-01, 4.5327709833702130e+01,
       1.5239291941160110e+02, -3.4127538510320874e+00,
       -8.2917480929809130e+01, 1.8432726675494397e+01,
       9.6596725842368993e+00, 1.4025462486486810e+00,
       1.3414865282547308e+02, 6.2109117639385376e+00,
       1.4033901466984554e+01, -2.9281759560733363e+01,
       -3.0946971013161342e+01, -1.7185742937685806e+01,
       -2.9606277909450524e-01, 2.3730260795612647e+01,
       3.1409829871456648e+01, 2.6292916907180125e+01,
       -3.3495577125524520e+01, 2.7891566987565735e+01,
       -5.0614813061074670e+00, -5.0024277085794777e+00,
       -2.1494461474000354e+02, 1.0352544093121560e+02,
       4.6931353184394389e+01, -5.0589918928042778e+01,
       -2.0640454257868512e+01, 2.9543184863727756e+01,
       -5.4307160511006201e+00, -1.9038523506735532e+02,
       -8.6487319709989787e+00, 4.4138458759318155e+01,
       7.6937050463194163e+00, -8.8648547999392484e+00,
       1.3295706045912798e+00, 1.5222190088605692e+00,
       8.5525012909741918e+01, 2.3883926872106851e+01,
       -1.3472813398934912e+01, -2.6763653220436723e+01,
       -6.1028244194861490e+00, -1.1060720171837056e+01,
       -5.6979018040455920e-01, -2.0124143509159074e+02,
       -2.6098547717641615e+01, 4.0822561783697445e+01,
       2.9088495694279342e+01, -8.0804688690458715e+00,
       1.1111992345318344e+01, -1.7385986409664065e+00,
       1.5118557748472406e+02, 3.2354201022608756e+01,
       -4.1877952266818909e+01, -1.4442714317307642e+01,
       -1.3234616085512748e+01, -6.7727702144445745e-01,
       2.8930468433270304e+00, -1.7614281676358964e+01,
       -1.4348949006766918e+00, 9.6093261835931596e+00,
       -1.0001215238528877e+01, -2.0363652970280239e+00,
       8.5695537772297659e+00, 6.2090093711771921e-01,
       8.2080570626044519e+01, -5.2191162257185432e+01,
       -2.7849670091060002e+01, 3.6643486254299845e+01,
       -1.0203332931160382e+01, 5.9415051919275310e+00,
       -4.4955882010550996e-01, -6.5015014824076154e+00,
       4.0403196333735018e+01, 7.5222960009193096e-01,
       -4.3848131749739018e+01, -1.0196616031800618e+01,
       -2.1919476423987991e+01, 1.8898573753158683e+00,
       6.9864426065515175e+01, -5.9501368705733448e+01,
       -1.3106436628058445e+01, 3.2873454109821012e+01,
       4.1289954130042608e+00, 1.3581625438735479e+01,
       -3.3944490519096924e+00, -1.9870899123074953e+01,
       7.9400835840314450e+00, -7.0460122801167529e+01,
       -7.2986405806897627e+00, 1.8919507561412342e+01,
       3.6213302444688340e+00, 6.7209351616360469e-01,
       8.3234150857246007e+01, 1.8012136700032805e+01,
       -2.1318008212461169e+01, -3.3166427637720027e+01,
       -2.4870713697216420e+01, -2.0414113235701109e+01,
       1.4146422368823368e+00, -1.2822342540695169e+02,
       -7.6761078551176823e+01, -2.9179253471129687e+01,
       4.9225609185708528e+01, 9.4688329132309761e+00,
       -4.0890724290469196e+00, 1.8763676234190219e+00,
       -1.5385735202106909e+02, 7.0589657243552208e+00,
       3.7235207631834164e+01, 1.3127948233529469e+01,
       -6.7296637164075062e+00, 2.5639027269991210e+01,
       -1.7016842308702109e+00, -1.5633327806747732e+02,
       -6.3784209198578395e+01, 2.8979856190018310e+01,
       -5.6582965876102257e+01, 2.4346246765238715e+00,
       -7.9176452603197518e+00, 8.7445650742281178e-01,
       2.2058637966741543e+01, 1.5895031982264523e+01,
       -7.6640992569062348e+01, -3.0818786771064968e+01,
       -2.7463002408327714e+01, -1.8094290462222151e+01,
       7.1446409285213883e-02, 7.0491773370414023e+01,
       1.0449929240951188e+02, -3.2458016184489016e+00,
       4.2939548096945821e+01, 1.5532955534585451e+01,
       1.0151927651343016e+00, 4.7783520878219043e-01,
       -2.1454809143593735e+01, 1.1260802240228807e+02,
       -3.8899748696794081e+00, 3.0367819652592619e+01,
       7.6849361840912618e+00, -4.4846864324299673e+00,
       1.7304932240460702e-01, -1.0941222769645896e+02,
       9.2600945388581408e+01, -3.7591884785201771e+01,
       1.2616823303503992e+01, 3.1161645130686399e+01,
       -1.4152691507650575e+01, 2.0647498495943202e+00,
       -8.3992578243720445e+01, -2.4922595088248251e+01,
       4.6859838497970429e+01, 9.8116921368233587e+00,
       1.3245798607037772e+01, -1.1400231997589001e+01,
       1.1881028291283040e+00, -1.7709651915573623e+01,
       -8.7249047068848654e+01, 5.6662086228475673e+01,
       4.8728757004305166e+01, 5.7718481677278106e+00,
       -3.5901156036087674e+00, 1.6927576155017610e+00,
       -8.7370761789113260e+01, 6.2486064120633017e+01,
       9.3656003948169811e+01, -3.9851382594957258e+01,
       -1.6640240012787068e+01, -5.9525103238486787e+00,
       -1.4923658578937289e+00, 1.3087588276117924e+02,
       2.0035743389839670e+01, -7.0788503774059805e+01,
       -8.6827316068510569e+00, -6.2017665638228205e+00,
       1.3012828341908833e+01, 3.1244551274424815e-02,
       6.3838931681718663e+01, 6.0235477853110467e+01,
       -1.1164215627280630e+01, -4.4793915909684927e+01,
       1.3936035814275039e+01, -1.5932944676853523e+01,
       2.9221759942843915e+00, 3.6938994129577011e+01,
       -9.8302773463593368e+01, -1.2650153900153537e+01,
       6.8236261299165832e+01, -5.0114601532043874e+00,
       -1.2220865500180742e+00, 2.1303747191261451e+00,
       1.2924101617577713e+02, -1.3427029569973884e+01,
       -5.2986915178626205e+01, -1.2119873693732522e+01,
       -3.8182317117832683e+00, 1.2096505364271573e+01,
       -1.0985880694295763e-01, -1.4320549452196633e+02,
       -1.0488500727192093e+02, 2.5604694411626440e+01,
       6.4934651691687208e+01, -2.7494776254288873e+01,
       4.0659365362457551e+00, -1.5609553891410224e+00,
       -1.9411779901147064e+01, -1.0593168257376652e+02,
       2.9607965658179638e+00, 6.9335605549744557e+01,
       -3.2514206356180377e+00, -2.9883015563675817e+00,
       1.9302448252952193e+00, 1.1459884843337720e+02,
       -4.6679573749931251e+01, -3.0872713667568966e+01,
       3.4852673127650291e+01, -2.9482646219343938e+00,
       1.3497633848528812e+01, -1.4728819120812123e-01,
       -2.3259684188953031e+01, 1.6620227756291234e+02,
