%YAML:1.0
means: !!opencv-matrix
   rows: 17
   cols: 4
   dt: d
   data: [ -9.4677967671046858e+01, -8.5619565918838845e+01,
       8.0669231625940654e+01, -3.5308638909102243e+01,
       1.8650636020138717e+02, -1.3784406667054082e+01,
       2.5332150277727497e+01, 2.9104322672526276e+01,
       -6.0865141109822702e+01, 4.5991169656073637e+01,
       -1.3744739499111351e+01, 5.3998296136458350e+01,
       2.0338946737783104e+01, -2.4552563540590938e+02,
       7.0232168785397482e+00, 7.4069345274450342e+01,
       6.0210047260905611e+01, 4.6336475409957565e+01,
       3.9649671693383466e+00, -7.9649589431461607e+01,
       -5.3221606025396241e+01, -8.5531184341366071e+01,
       -3.3362129122068687e+01, -5.1497208583687302e+00,
       -2.8594049256959465e+01, 3.5382838507117818e+01,
       -7.4480475528221987e+01, -5.3652360311848177e+01,
       1.1142523662737329e+02, -1.0465086102690472e+02,
       2.3013439751631555e+01, -5.1008334879996710e+01,
       -7.5851405426775827e+01, 4.8707133179359644e+01,
       9.4663220533625235e+01, 1.9413655945665163e+01,
       -2.0690135787070741e+02, -1.7281059246554495e+01,
       1.8033743982747829e+01, 3.7244773483165858e+01,
       -1.7711355589705181e+02, 9.4240317776453438e+01,
       8.6923977504929919e+00, -2.8084320148621774e+01,
       1.2788627647689017e+02, 1.1552928280108645e+02,
       4.7295675106129281e+01, -2.7149457747540549e+01,
       7.0234598440312539e+01, 3.0816328233438752e+00,
       -4.4256224675570309e+01, 7.1295201361255124e+01,
       9.0259946532496585e+01, -9.5634527061334154e+01,
       -6.4087924924534391e+01, 6.2559174257799932e-01,
       5.8469050213178193e+01, -2.2789259198000622e+01,
       5.5001843312678595e+01, 1.3437048216882847e+01,
       -1.9952877605114369e+02, -1.1924881042821380e+02,
       -3.8397528088858923e+00, -3.4349496832404952e+01,
       4.4687724045646021e+01, 1.3655183971577199e+02,
       -3.1678513701105150e+01, 1.2392109183018956e+01 ]
covs: !!opencv-matrix
   rows: 68
   cols: 4
   dt: d
   data: [ 2.9138215919107893e+03, 3.8745529934871809e+02,
       3.5022795319809074e+02, -8.6567321781220343e+01,
       3.8745529934871803e+02, 6.3858252679952211e+03,
       -1.0187431415530671e+02, -1.0753602001901113e+03,
       3.5022795319809074e+02, -1.0187431415530671e+02,
       5.4869533834916456e+02, 1.4415656612213675e+02,
       -8.6567321781220343e+01, -1.0753602001901113e+03,
       1.4415656612213675e+02, 1.4900825450008990e+03,
       3.8181211159996810e+03, 7.7172338740192129e+02,
       -4.0198623429319105e+02, -4.1211561627636570e+02,
       7.7172338740192129e+02, 4.9705366737717668e+03,
       8.7005140912411036e+01, 1.3770674022589003e+03,
       -4.0198623429319105e+02, 8.7005140912410994e+01,
       9.2657849833211480e+02, 4.5706048687367064e+02,
       -4.1211561627636559e+02, 1.3770674022589008e+03,
       4.5706048687367070e+02, 1.4131155737034251e+03,
       3.1710570686614997e+03, -6.9074067198725140e+02,
       8.0882805664287787e+02, -1.0506489578428535e+02,
       -6.9074067198725152e+02, 5.9977111474347375e+03,
       -2.4244522366773685e+02, -1.3682109064844615e+03,
       8.0882805664287787e+02, -2.4244522366773677e+02,
       1.0042164928791740e+03, 1.1222738936743364e+02,
       -1.0506489578428535e+02, -1.3682109064844615e+03,
       1.1222738936743366e+02, 1.3445814061683959e+03,
       5.4872553410408173e+03, -1.4406274790848610e+02,
       2.9991345775167724e+03, -9.4046895748313068e+02,
       -1.4406274790848605e+02, 5.8253997613090642e+03,
       1.1662681926496603e+03, 2.5534871956050179e+03,
       2.9991345775167738e+03, 1.1662681926496603e+03,
       2.4052031194384808e+03, -5.1944628483019386e+01,
       -9.4046895748313068e+02, 2.5534871956050179e+03,
       -5.1944628483019386e+01, 1.7249524463345301e+03,
       6.0770347249635715e+03, -3.9980847187798628e+02,
       -1.4167676846967447e+02, 4.3089166289353994e+02,
       -3.9980847187798628e+02, 2.7150911446436621e+03,
       2.2566336575965221e+02, 3.9539776246103048e+02,
       -1.4167676846967453e+02, 2.2566336575965221e+02,
       1.1621020738672455e+03, -2.4242027469389950e+02,
       4.3089166289353994e+02, 3.9539776246103048e+02,
       -2.4242027469389950e+02, 1.0296667248111669e+03,
       2.7141667384153629e+03, -3.0604734665017446e+02,
       8.4671316985188412e+02, -2.6858515108727164e+02,
       -3.0604734665017440e+02, 5.6685266868345370e+03,
       3.3002565257898951e+01, -5.3266145603891925e+02,
       8.4671316985188412e+02, 3.3002565257898951e+01,
       9.1388269995854250e+02, 1.4520012080103695e+02,
       -2.6858515108727164e+02, -5.3266145603891914e+02,
       1.4520012080103695e+02, 1.3394257795486674e+03,
       6.2390219307940206e+03, -1.6109388743468899e+03,
       -1.3789692555357033e+02, 6.9279858557360069e+02,
       -1.6109388743468903e+03, 4.2752468755961272e+03,
       1.2954918710637861e+02, 3.1469610893739645e+02,
       -1.3789692555357030e+02, 1.2954918710637861e+02,
       9.5724598713510397e+02, -4.1872038188450254e+01,
       6.9279858557360069e+02, 3.1469610893739650e+02,
       -4.1872038188450269e+01, 1.0276981127393608e+03,
       8.6053882399909453e+03, 2.7997656075546496e+02,
       -1.2824105203166419e+03, 2.9018679519284348e+02,
       2.7997656075546507e+02, 4.2290685079208442e+03,
       -5.1459069045145020e+02, -1.3831998185887121e+03,
       -1.2824105203166421e+03, -5.1459069045145020e+02,
       1.1761298498444564e+03, 3.0569620749317494e+01,
       2.9018679519284353e+02, -1.3831998185887117e+03,
       3.0569620749317512e+01, 9.9133992562309959e+02,
       3.9904900486804959e+03, 5.1560140493070912e+02,
       3.0742117400252504e+01, -3.8365430614543737e+02,
       5.1560140493070935e+02, 6.8706561906614061e+03,
       -3.1652622376408749e+02, -1.2329540558656054e+03,
       3.0742117400252486e+01, -3.1652622376408749e+02,
       7.0876280159268788e+02, 2.2506074291871309e+02,
       -3.8365430614543743e+02, -1.2329540558656051e+03,
       2.2506074291871309e+02, 1.3328652520800038e+03,
       4.5106612601484348e+03, -6.2164189189161824e+01,
       1.0407079547733283e+03, -5.2433214915101235e+02,
       -6.2164189189161888e+01, 6.1988185126567960e+03,
       1.7263827775243823e+02, 2.8493465720213158e+02,
       1.0407079547733283e+03, 1.7263827775243823e+02,
       1.0328991899234929e+03, 1.1397684649659816e+02,
       -5.2433214915101246e+02, 2.8493465720213158e+02,
       1.1397684649659809e+02, 1.4931451132632753e+03,
       5.7533652874411746e+03, 1.0176852053892650e+03,
       1.4594250300304375e+03, -1.0463386557390597e+03,
       1.0176852053892652e+03, 7.1652657008395881e+03,
       -2.1354274642686332e+02, 1.7740210515055760e+03,
       1.4594250300304375e+03, -2.1354274642686326e+02,
       1.8921824790500630e+03, 8.9855605937001940e+01,
       -1.0463386557390595e+03, 1.7740210515055760e+03,
       8.9855605937001926e+01, 1.4079173747966295e+03,
       6.9674569764567132e+03, -1.5895025814858770e+03,
       -1.1607593798799310e+03, 1.0657922200068831e+03,
       -1.5895025814858770e+03, 6.8038323566808758e+03,
       5.1650731337709010e+02, 6.1289903364456131e+02,
       -1.1607593798799310e+03, 5.1650731337709010e+02,
       5.7647705647897271e+02, -3.9560063247487001e+01,
       1.0657922200068831e+03, 6.1289903364456109e+02,
       -3.9560063247487015e+01, 1.1876674033349407e+03,
       3.6861630638878646e+03, 8.4107688574622682e+02,
       6.0987508361724713e+02, -3.6320026927121637e+02,
       8.4107688574622705e+02, 3.2269200941273025e+03,
       -1.7443785008434833e+02, 7.9031405289734857e+02,
       6.0987508361724713e+02, -1.7443785008434833e+02,
       1.6469636215260309e+03, 2.2012317038079640e+01,
       -3.6320026927121637e+02, 7.9031405289734857e+02,
       2.2012317038079644e+01, 7.8902739505586010e+02,
       4.5277810903881755e+03, 8.2059492962374316e+02,
       7.9034885174133183e+02, -5.2602212994242700e+02,
       8.2059492962374293e+02, 3.3375402438426390e+03,
