%YAML:1.0
means: !!opencv-matrix
   rows: 5
   cols: 21
   dt: d
   data: [ 4.3453913961525814e+02, 2.8600947465359974e+02,
       1.6306861015322094e+00, 4.1420303996816540e+02,
       2.8562993556026385e+02, 1.7646594299826075e+00,
       3.6534839502424808e+02, 2.3007644735238597e+02,
       1.8132813775228898e+00, 3.1893881542513134e+02,
       1.7115751461811232e+02, 1.8646053554149009e+00,
       3.1652722497115388e+02, 2.2879158067874869e+02,
       1.8250520449317129e+00, 1.6316583881809433e-04,
       3.5022881163967348e-03, -7.4447761998040957e-04,
       -7.9438486483089286e-04, -2.4256589634673908e-01,
       1.8702258305634172e+00, 3.7416925969047878e+02,
       9.5813309369221457e+01, 1.4800182450166584e+00,
       4.1102574842600683e+02, 1.7517085937437332e+02,
       1.5622521532890961e+00, 3.6753611431942846e+02,
       2.2505668675907853e+02, 1.7049768251304307e+00,
       3.1974073374603557e+02, 1.6309304838862562e+02,
       1.7595327622154995e+00, 3.1662665425478059e+02,
       2.2305428946262921e+02, 1.7160682966738081e+00,
       2.8570036067281421e-04, -2.0072094681010638e-03,
       1.9769085394961980e-03, 5.1003117269772232e-04,
       -2.5336041691804567e-01, 1.7468422017287299e+00,
       3.9153138401821781e+02, 2.5922479586634552e+02,
       1.5370418070244363e+00, 3.8516389854237167e+02,
       2.7071223047633032e+02, 1.6358946692386080e+00,
       3.6360014839640507e+02, 2.3061739851095078e+02,
       1.7176480303333099e+00, 3.1758222633561758e+02,
       1.6277087818478751e+02, 1.7450203268581499e+00,
       3.1552334797213427e+02, 2.3009238307772299e+02,
       1.7082526672576650e+00, 1.7522140826819920e-04,
       -4.0649262144413102e-04, 8.2774688171237406e-05,
       3.5571038884405751e-04, -2.4941204030456526e-01,
       1.7496807097529539e+00, 4.5693120955905812e+02,
       2.9067667352256478e+02, 1.3995757333100491e+00,
       4.3067431886442967e+02, 2.8756425220235491e+02,
       1.5252334689628670e+00, 3.7316668741834280e+02,
       2.2411331738718710e+02, 1.5671531622464001e+00,
       3.1953395001632282e+02, 1.5644010943264038e+02,
       1.6192551048351349e+00, 3.1669301869985327e+02,
       2.2260144103237366e+02, 1.5792221865856448e+00,
       5.2978479017763648e-04, -2.3128226413813534e-03,
       6.2574117937445550e-06, 8.7416208746898653e-04,
       -2.5567740283402690e-01, 1.6282995329017276e+00,
       4.4828645860336638e+02, 1.5442678185189800e+02,
       1.4025224203106128e+00, 4.2535571506142736e+02,
       2.0131241359653825e+02, 1.5439146643093584e+00,
       3.6939999353471057e+02, 2.2597169028155216e+02,
       1.7055295270161077e+00, 3.2106507670403550e+02,
       1.6530820085095496e+02, 1.7764800355282944e+00,
       3.1727594120047945e+02, 2.2361709556706242e+02,
       1.7151745236792466e+00, -1.0097889749051717e-03,
       -1.6561893810956459e-03, 5.9066473037590816e-04,
       -2.0418716349627150e-03, -2.5285332503798907e-01,
       1.7525228644189161e+00 ]
covs: !!opencv-matrix
   rows: 105
   cols: 21
   dt: d
   data: [ 6.2814570103968135e+03, -4.7136594803963607e+02,
       -4.7206730107826789e-01, 2.6242057817190339e+03,
       -5.2760186443115367e+02, 1.5596370046459673e-01,
       1.2782874910703404e+03, -1.3239178942142111e+01,
       -4.8972130151659954e-01, 1.2003834252207062e+03,
       -1.3947032574148736e+01, -4.7992310942793265e-01,
       1.2589927244867586e+03, 9.1261540961543606e+00,
       -3.8649516219145180e-01, -2.7029495787001284e-01,
       -6.4992144886213982e-03, -8.0814348107295292e-02,
       4.3253610905125823e+00, 6.7614018049161090e-02,
       -3.2667857832411695e-01, -4.7136594803963618e+02,
       6.9226546401432051e+03, 2.6841314913928360e-01,
       -6.1663582331835130e+02, 2.8257349494556984e+03,
       9.7895835735500425e-01, 1.3339920244195232e+01,
       1.2417209630079981e+03, -6.8123360802561195e-01,
       1.4923451069890017e+01, 1.1706790610697881e+03,
       -6.8247131906284131e-01, -2.0366143168318769e+00,
       1.2269809827709214e+03, -5.4054203391272670e-01,
       2.2678792197937078e-01, 8.6575853967070848e-02,
       -1.8693192928456219e-02, 2.0590622032406133e-02,
       4.1815350441244954e+00, -4.9017211076955514e-01,
       -4.7206730107826800e-01, 2.6841314913928360e-01,
       2.7645924593706676e-02, 4.3630444612627354e-03,
       -1.0053958867801847e+00, 1.5572039967357395e-02,
       -1.5889201247710225e-01, -2.9875014539281891e-01,
       5.9043011428574531e-03, -4.6233173033503175e-02,
       -1.3961066198999902e-01, 5.2177612958299383e-03,
       -4.4067411182625738e-03, -2.9859105167861483e-01,
       5.5453135535294233e-03, -7.7584515982193490e-05,
       5.9277666231528252e-04, -7.1520075338095109e-04,
       -3.0896393996760995e-05, -8.6677511480155072e-04,
       6.7283392545496989e-03, 2.6242057817190339e+03,
       -6.1663582331835130e+02, 4.3630444612627545e-03,
       1.8038341524371176e+03, -4.4404679941261810e+02,
       -3.2538752825712475e-01, 1.1538776955174212e+03,
       -5.8694439825160725e+00, -3.0889059622682585e-01,
       1.0962607444366477e+03, -1.4020762132017079e+00,
       -2.7867030343143057e-01, 1.1388009307306711e+03,
       8.7234457354550869e+00, -2.6443595748487631e-01,
       -2.7671680318686032e-01, -1.1941748056299386e-02,
       7.1375254813486775e-03, 3.9194414384693457e+00,
       4.4087530868322587e-02, -2.5104972394323105e-01,
       -5.2760186443115379e+02, 2.8257349494556984e+03,
       -1.0053958867801844e+00, -4.4404679941261810e+02,
       1.8923834376167229e+03, -3.6258115780384420e-01,
       1.8743185611575290e+00, 1.1332220768925040e+03,
       -4.8975415112857479e-01, 6.8967023287642784e+00,
       1.0746976603627136e+03, -4.8481019437793582e-01,
       -1.0786918832496657e+01, 1.1156285896185739e+03,
       -4.6146171436274114e-01, 2.1522182419238295e-01,
       -1.3200184396093607e-03, 2.4972579756191919e-03,
       -3.3092747062491185e-02, 3.8550237468446493e+00,
       -4.9597967940500698e-01, 1.5596370046459671e-01,
       9.7895835735500403e-01, 1.5572039967357395e-02,
       -3.2538752825712497e-01, -3.6258115780384420e-01,
       1.3242583635375631e-02, -1.7373707434824032e-01,
       -2.7702704013689067e-01, 6.0423008857398847e-03,
       -4.7167783131555535e-02, -1.2024182337900508e-01,
       5.4101288494140384e-03, -1.4435886361427718e-02,
       -2.7795287792474721e-01, 5.7363090204201649e-03,
       -4.3078774007457258e-05, 6.2300357679221134e-04,
       -6.6759349601482423e-04, -3.3146160819553777e-05,
       -9.3063424393998373e-04, 6.3999939888147632e-03,
       1.2782874910703404e+03, 1.3339920244195223e+01,
       -1.5889201247710230e-01, 1.1538776955174212e+03,
       1.8743185611575264e+00, -1.7373707434824032e-01,
       1.1166453901570135e+03, -5.6583009781815354e+00,
       -1.3607275589511877e-01, 1.0769543180617432e+03,
       -3.2405024126380724e+00, -1.1617084062329733e-01,
       1.1059450366315341e+03, 5.9837088572099206e-01,
       -1.1914703726785748e-01, -1.4191740681181197e-01,
       -1.2189800003055535e-03, 1.1054659591535865e-02,
       3.7923979702468023e+00, 3.2845044752501432e-03,
       -1.1398900771319159e-01, -1.3239178942142098e+01,
       1.2417209630079981e+03, -2.9875014539281869e-01,
       -5.8694439825160680e+00, 1.1332220768925040e+03,
       -2.7702704013689089e-01, -5.6583009781815319e+00,
       1.1028638867514944e+03, -1.8455502174532185e-01,
       -6.2339364264704011e-01, 1.0599837208052973e+03,
       -1.7769598204323808e-01, -1.0427023370435640e+01,
       1.0879562009975839e+03, -1.8243687331435540e-01,
       1.1099919102146413e-01, 1.2658322356775661e-02,
       -1.3421803515067821e-02, -2.2626794416845921e-02,
       3.7798846579387142e+00, -2.0141712789350680e-01,
       -4.8972130151659948e-01, -6.8123360802561195e-01,
       5.9043011428574531e-03, -3.0889059622682591e-01,
       -4.8975415112857479e-01, 6.0423008857398847e-03,
       -1.3607275589511877e-01, -1.8455502174532182e-01,
