%YAML:1.0
means: !!opencv-matrix
   rows: 30
   cols: 1
   dt: d
   data: [ -2.5396806143530957e+00, 1.4172400492826711e+02,
       -2.0710302833657028e+02, -1.2891702443975907e+02,
       5.0971321081173052e+01, -5.6551168998019598e+01,
       2.1016452319995884e+02, -2.9647024078385795e+02,
       1.2135262166132688e+02, 2.7022822563127670e+02,
       1.5024336436358618e+01, -1.6477599990538482e+02,
       -9.2450564884903855e+01, 8.3575213203651117e+01,
       3.0302764005388445e+02, -3.8347848134696292e+01,
       -2.3277753635376536e+02, 1.6385335880757975e+02,
       1.8665468979800954e+02, 3.3557380304787102e+01,
       -3.2813591993523340e+02, -1.4622859735662499e+02,
       -7.4267975002460460e+01, 1.0178939105492377e+02,
       2.3766972733580772e+02, -2.0360378689804818e+01,
       -1.1081062970969717e+02, 6.7326484492693012e+01,
       -2.6511912678587572e+02, -1.8591014914410422e+02 ]
covs: !!opencv-matrix
   rows: 30
   cols: 1
   dt: d
   data: [ 7.3344495127537982e+01, 1.0833052790905539e+02,
       1.2785001378369236e+02, 7.4042898437328887e+01,
       6.7341906664226769e+01, 8.5199892654959953e+01,
       1.7263051893232989e+02, 4.5523483395398216e+02,
       9.1619082741204309e+01, 3.6751589541106500e+02,
       6.9930306572528423e+01, 1.0273356086197363e+02,
       7.2844392104402147e+01, 7.5045985867734217e+01,
       8.3982447885861154e+02, 8.1791913738229141e+01,
       1.5611066346485057e+02, 1.1067053412392492e+02,
       1.3507014790896238e+02, 6.8882066417984774e+01,
       8.6221624300906797e+02, 9.3518490004952042e+01,
       8.0883326135223541e+01, 7.9081097143349652e+01,
       2.1163525669899386e+02, 7.7151005063457248e+01,
       6.9431208869305436e+01, 6.9015985723719737e+01,
       2.4333420138069255e+02, 1.1745227692183309e+02 ]
weights: !!opencv-matrix
   rows: 1
   cols: 30
   dt: d
   data: [ 4.8525700395246632e-02, 4.0179300292001188e-02,
       2.3121593380493535e-02, 2.9889859681104042e-02,
       4.8787329492733948e-02, 4.4264680156105289e-02,
       2.3167642233790281e-02, 1.2223338917489673e-02,
       4.6937324559416661e-02, 1.1776351074352129e-02,
       5.2372501626424393e-02, 2.5074006517499012e-02,
       4.2892105142237673e-02, 4.6811822929347095e-02,
       7.3228587002163266e-03, 4.6147868992108300e-02,
       2.4361187552209063e-02, 3.6034620129505784e-02,
       2.8367944100792245e-02, 5.1370267007176701e-02,
       7.0914658254310516e-03, 2.5505218105937866e-02,
       4.1750357083058895e-02, 5.0290034313853871e-02,
       1.6871674562114972e-02, 4.5775627926267486e-02,
       3.4443896390776961e-02, 4.5185211977396680e-02,
       1.9277490132311548e-02, 2.4180720802587641e-02 ]
pca_proj: !!opencv-matrix
   rows: 1
   cols: 21
   dt: f
   data: [ 1.02604255e-02, 8.46533298e-01, 5.67100069e-05,
       -5.08859605e-02, 4.68450844e-01, 1.89823491e-04, -5.55210514e-03,
       1.46431834e-01, -1.98076777e-05, -7.31809530e-03, 1.34976640e-01,
       -4.80776835e-05, -6.69380091e-03, 1.46460637e-01, -1.57161594e-05,
       2.11501210e-05, 1.32904761e-05, -3.16381829e-07, -1.62182951e-05,
       4.47223283e-04, 4.04881848e-06 ]
pca_mean: !!opencv-matrix
   rows: 1
   cols: 21
   dt: f
   data: [ 4.33646118e+02, 2.44701981e+02, 1.49672687e+00,
       4.18191803e+02, 2.60206879e+02, 1.62062907e+00, 3.68545319e+02,
       2.27059875e+02, 1.69770968e+00, 3.19420807e+02, 1.63929108e+02,
       1.75046074e+00, 3.16613464e+02, 2.25532654e+02, 1.70717156e+00,
       1.08872897e-04, -9.74175637e-05, 6.24380555e-05, -2.17504916e-04,
       -2.50119597e-01, 1.75055194e+00 ]
gamma: !!opencv-matrix
   rows: 30
   cols: 1
   dt: d
   data: [ 7.6392382095318589e-01, 8.3223657771593063e-01,
       8.6452987218277544e-01, 8.2353082352176532e-01,
       7.7762879180041466e-01, 7.8045562589638418e-01,
       8.6678812882647394e-01, 8.9782670242294449e-01,
       8.1995188688649057e-01, 8.9002927992572167e-01,
       7.6516957082102077e-01, 8.4414990218516617e-01,
       8.0104380608750647e-01, 7.9625134496651029e-01,
       9.0251171889633464e-01, 7.7200393981089699e-01,
       8.7511282922874145e-01, 8.4432548385702533e-01,
       8.5594486922222868e-01, 7.7017817370543007e-01,
       9.0816774054334959e-01, 8.3394061175641454e-01,
       7.9019324990577211e-01, 8.0763925483715493e-01,
       8.7785919550300839e-01, 7.6626584878089643e-01,
       8.1239556092561738e-01, 7.8643005514850017e-01,
       8.8706905994468199e-01, 8.5487219220660693e-01 ]
