%YAML:1.0
means: !!opencv-matrix
   rows: 17
   cols: 13
   dt: d
   data: [ -8.2848963602651708e+01, 1.1327306284529433e+02,
       8.4036712795661792e+00, -4.9832475955226450e+01,
       2.8590927305346754e+00, 4.8409727607556974e+00,
       -7.4520976249464210e-01, 4.1157011272332855e-01,
       6.8738497845159341e-01, -5.1862670475015464e-02,
       9.0580961424993528e-02, 4.5121991382507748e-02,
       -9.4479080706945679e-03, -2.0328220646557504e+01,
       -4.1633388591680351e+01, 2.0690854257467308e+01,
       1.9163918999629409e+01, 2.2291801749986050e+01,
       1.5562844019604109e+01, 1.6575344331027537e+00,
       -1.9136435343318980e-01, 3.9584389949834146e-02,
       -3.5178054609881500e-02, 1.5281240149101150e-02,
       -1.7272520322232164e-03, 1.9257341180623632e-03,
       -1.6680565624470194e+02, 2.4777468604242361e+00,
       4.1226644396575892e+01, -1.1647919814790759e+01,
       -3.5907306418147700e+00, 2.0269104461332335e+00,
       5.4806653214880452e-01, 1.2231105500963650e+00,
       -9.1218997043691596e-01, -1.8690861642563286e-03,
       -2.1323954236428484e-02, 6.6555976325703634e-03,
       2.5699482144296835e-03, 1.0929750957206443e+02,
       -1.5922338416026891e+01, -2.3392753199112146e+01,
       1.4485131433489530e+01, 4.9299376918026294e-01,
       -8.3289056720363658e-02, 4.1427015495873032e-01,
       -1.5377623046685412e-01, -3.9720963557190553e-01,
       1.2994686314813731e-02, -4.5018593463392084e-02,
       3.8484598515063424e-02, 2.5092377808704743e-03,
       7.2905692001185152e+00, 4.6039347693633346e+01,
       -4.7080729831003785e+00, -2.4180927397832122e+01,
       2.2874106113266475e+01, -5.6021389497084089e+00,
       8.3861533116906739e-01, -6.6076591205916158e-01,
       -5.6477514999193579e-01, 6.2555470086951739e-02,
       4.2120035187321304e-02, 1.3789822306949763e-02,
       2.1159746564535565e-03, 3.5097594655924844e+01,
       1.3243452448081533e+02, -2.6796087218373920e+01,
       -5.3728466074469395e+01, -9.6540082326855501e+00,
       2.5122222498026918e+00, 2.0928810401634004e+00,
       -1.4236548139027216e-01, -1.5251164927567229e-01,
       -2.3098008606410528e-01, -1.3489766354268923e-02,
       -2.0575260466858186e-02, 5.6146332663129968e-03,
       2.6278608276700400e+01, 1.1948423600640561e+01,
       -4.6420537365507517e+00, -1.4548615397919420e+01,
       3.3445945157448258e+00, -6.2224420815634849e+00,
       -6.9892661810293433e+00, 1.1987768544994613e+00,
       6.4349150298251301e+00, 3.9313717933041747e-01,
       -2.1338456221949673e-01, 1.7416014986213844e-02,
       -4.0145674609554746e-02, -9.6633409732372471e+00,
       9.3421598978060860e+00, -6.4827668861718390e-01,
       -1.1009623046453148e+01, -8.3713686291299290e+00,
       -1.2475176377077590e+01, 1.3632637675619383e-01,
       -1.4107719002096103e-01, -1.3724493198330212e+00,
       -6.8295877506620112e-02, -3.0308424498372899e-01,
       2.4367444035317636e-02, 5.8608870346805583e-03,
       1.6699055870229941e+01, -3.8439507904836678e+00,
       -9.5131057515362727e+00, -1.7192595741777023e+01,
       1.0947272771656820e-01, -1.9627069964737824e+01,
       -2.1733576135818184e+00, 2.3258575294383341e+00,
       4.7504404394620368e+00, 3.7390965610431015e-01,
       2.7240111625410468e-01, -2.2391852567253989e-01,
       8.6748156922448246e-03, 9.4362892245738934e+01,
       -4.5558936316885216e+01, -2.0696524960578628e+01,
       3.7659582977731695e+01, -2.8678579859214548e+01,
       2.3793428197250442e+01, 1.1482426233605869e+00,
       1.2940345012270393e+00, 4.8275715579676332e-01,
       2.7584505215974268e-02, 1.3388804177645891e-01,
       -4.9040113335130251e-03, -2.7149094077202778e-03,
       1.8048890367184885e+02, 7.6847217226399351e+00,
       -4.5971944805265423e+01, 1.5389468824101341e+01,
       -9.0599627831528462e+00, -7.5948633454923433e+00,
       -1.1915704492942980e-01, -7.0758482571139292e-01,
       -8.7220030709946483e-01, -5.8026592751608930e-02,
       1.1784703904800205e-01, -2.3964251176275844e-02,
       2.6223795538512225e-03, -1.4780126270372264e+02,
       1.1987939189105595e+02, 1.4708754447647220e+01,
       -5.1734439460941722e+01, -2.3714508994564234e+01,
       -4.3977980925802571e+00, -3.7913567670681275e-01,
       -4.5832440034518390e-01, -6.4896203617912207e-01,
       -3.7136850647192005e-01, 1.6069969225562875e-01,
       -3.9650578492265022e-04, 1.1993260939918374e-03,
       6.8109420447704437e+01, -8.7225929127289433e+01,
       -4.4806989330703386e+00, 4.6778470415504721e+01,
       1.4074921915154579e+01, 9.0318628283141322e+00,
       2.1835290518391313e+00, -1.1989150570817182e+00,
       -4.0972065352665954e-01, 4.3987712872085222e-01,
       -9.5467025014104423e-02, -1.1473522992771282e-02,
       3.0736861283855378e-03, -2.1098103596756008e+00,
       -1.8295535428967702e+02, 1.6674683482744292e+01,
       6.4004469533705134e+01, 9.7044901292283967e+00,
       -1.8551979562363154e+01, -2.1502504042292925e+00,
       -1.1428272472382126e+00, 2.9225910602357907e-01,
       -1.1185046672895331e+00, -4.2119040953161879e-03,
       -6.0433356250635409e-02, -9.1344520293873115e-05,
       -1.8859811286728228e+02, -2.4280718078238689e+01,
       3.4353888994734852e+01, -9.8084413132175676e+00,
       -4.5158261255273704e+00, -4.2039453203953387e+00,
       -2.7798528651575518e+00, -1.7019599401774996e-01,
       4.3574963704031795e+00, 7.6568199257987724e-01,
       -1.4669246927556207e-01, -8.8858214302856980e-02,
       -5.0542638109116068e-03, -1.7272686132136948e+02,
       -1.0297145158387802e+02, 4.8705186736582526e+01,
       3.6348935787495371e+01, -3.0833416765003584e+01,
       -1.1970242722242441e+00, -2.6328110143311285e+00,
       -1.5197416875081440e-01, -1.0782941736828198e+00,
       -1.7661492915007408e-02, 8.0033665742415994e-02,
       2.5531484002982531e-02, -2.0060542277142318e-03,
       7.9357039699917735e+01, 8.4778112270183016e+01,
       -3.5581384337463078e+01, -2.3105837812863470e+01,
       -6.2432086584106017e+00, -4.7502957563191899e+00,
       -1.1378228078222521e+00, 1.3011469259278788e-01,
       -6.6683303174885977e-01, 3.0851567038323269e-01,
       2.0392584116161369e-01, -2.2795470327363138e-02,
       -3.1839748037741766e-03 ]
