%YAML:1.0
means: !!opencv-matrix
   rows: 6
   cols: 20
   dt: d
   data: [ 1.3642776310295165e+01, -1.4396479450297355e+02,
       8.4040401289274751e+00, 5.2512579347157825e+01,
       -2.8762638349221081e+00, -1.5857552276009882e+01,
       -1.6789040828729525e+00, -1.3542332461990678e+00,
       -8.9542067494799801e-02, -3.8551958854445123e-01,
       -1.6200942346020136e-01, -3.4425405489985669e-02,
       1.1695399724713333e-03, 7.9163202606016576e-03,
       -3.3695732498358770e-02, 7.0897727052078871e-03,
       6.4656460826064994e-04, 1.6446668429415912e-03,
       -4.1113909337166243e-04, 1.9694239297929966e-03,
       -1.7805367395355580e+02, -3.1794598205105629e+01,
       4.2116666643283629e+01, 1.1817380813827268e-01,
       -1.3734857586239661e+01, -3.2626853521153829e+00,
       -1.0553683058143355e+00, 5.5461183800531832e-01,
       -3.7208242886812215e-01, 1.2345459664520160e-01,
       -3.4009999674453228e-02, -1.8882221366310586e-03,
       1.7329308984101307e-03, -9.8482574717629234e-04,
       7.3285321539052050e-03, -2.9669011927655003e-03,
       5.4838868529412561e-04, -2.9322651018863483e-04,
       1.2106206229580674e-03, 8.1687963195732128e-04,
       4.8407064432963196e+01, 1.8500606372109999e+01,
       -1.7637697874681955e+01, 3.2248253994266425e+00,
       7.2662313069986997e+00, 7.8393731918262954e+00,
       -2.9981824176007832e+00, -4.2365864346501125e-01,
       -9.4984892399605092e-01, -9.1678794775794006e-02,
       8.9956137117979621e-03, -9.7268364094912543e-03,
       1.8717312417126722e-03, -1.4592879120811050e-03,
       4.4734432839903882e-03, -8.1656074973055675e-04,
       9.5662175441525314e-05, -1.4523401385515902e-03,
       3.5071797548044160e-04, -1.0475428096973606e-03,
       4.6501021223934934e+01, -8.0354194586079064e+00,
       -2.7228516263880755e+00, 2.4320870275632926e+00,
       3.8966485512728370e+00, -9.3773518725766469e-01,
       4.5734800197088212e+00, 1.4926796321681793e-01,
       2.2754086288495462e-01, 1.2098467451135257e-01,
       3.2806707010861150e-02, 2.4981223971161530e-02,
       1.3891853650607794e-03, -2.4767758001717805e-03,
       3.4916717119148040e-03, 1.0751045778167722e-03,
       7.0810822839680257e-05, -1.3233394219999983e-03,
       1.0646081316995801e-04, -6.8510466646694345e-04,
       2.6839483234387103e+01, 3.0222699415185801e+01,
       -5.8053180253806298e+00, -2.1003766205514580e+01,
       2.7538496264422250e+00, -9.7583447074673924e+00,
       -5.6282310964129794e+00, 1.4248037674270488e+00,
       5.2736852763804194e+00, 4.3414579274302240e-01,
       -6.8048703556114511e-03, -1.9026001167553232e-02,
       -2.7435617023875040e-02, 6.9199362017222715e-03,
       8.2566981074575548e-03, -7.6071205709284202e-03,
       5.8081356510512683e-03, 1.1491324556081706e-02,
       -3.6704090314928074e-03, 1.9494293305292135e-03,
       -1.6777345634022719e+01, 1.2883813453242939e+02,
       -1.5456472179134868e+01, -5.1263514759530985e+01,
       -1.3816113056546037e+01, 9.0425179197865668e-01,
       1.4325102680289785e+00, -1.1740551682184659e-01,
       -3.1875934271281881e-01, -3.8961575037520468e-01,
       4.7062563726267659e-02, -1.6280934448790030e-02,
       3.3321142085509996e-03, 6.5044668210603200e-03,
       -2.6057571824497614e-02, 5.1837485231778042e-03,
       -7.1243570596501464e-03, 1.2625915968886628e-03,
       -1.4446112726635596e-03, 2.2320242673700159e-03 ]
covs: !!opencv-matrix
   rows: 120
   cols: 20
   dt: d
   data: [ 1.0612858987624817e+04, 5.8671790494742402e+02,
       1.7750986385097947e+03, -8.8622492943517011e+02,
       -2.2968117670055366e+02, 3.9629583941860318e+02,
       1.3249792425184049e+02, -2.7088349602719422e+01,
       8.0655617477074415e+00, 8.8313836925363862e+00,
       -6.3421461483485899e+00, -1.8974530023195886e+00,
       7.0716161488480822e-01, 3.1680813258267293e-01,
       -9.8921596916944798e-02, 2.9457110528525204e-01,
       1.5486401019893667e-01, 4.2694979015274059e-01,
       3.6956187697406002e-02, 5.9323005005005003e-01,
       5.8671790494742413e+02, 1.0726963730146943e+04,
       4.2685647652251822e+02, 1.5070866566268887e+03,
       -9.2354489428906362e+01, 7.7321338953643169e+02,
       1.6369418226809131e+02, -6.4696745677013103e+00,
       6.1183638060658685e-01, 6.2265267751916433e+01,
       -1.1922264505459017e+01, 1.4613916195295957e+00,
       3.9936001449848525e-02, 1.2785401722562384e-01,
       1.1520540672054256e+00, -2.7694216888361950e-01,
       -1.9383873107565331e-02, 7.6369823182132424e-01,
       1.4990090089685768e-01, -3.0470612383779805e-01,
       1.7750986385097947e+03, 4.2685647652251828e+02,
       2.7720949819240782e+03, -8.7417869203422267e+00,
       1.0870362854405906e+02, -1.0246166739526051e+02,
       -5.1202951101061835e+01, 1.5465887450147907e+01,
       1.0988947235392466e+01, -4.4132053789399901e+00,
       3.4656614618137649e+00, 8.1046202330817352e-01,
       -3.1829092330872411e-01, 3.3213377444302569e-02,
       -3.6940658353842842e-01, -1.1590988534692129e-01,
       3.2243437711609119e-02, -1.0464627035631925e-01,
       1.9574589095079645e-02, -6.3838139270320102e-02,
       -8.8622492943517011e+02, 1.5070866566268887e+03,
       -8.7417869203422338e+00, 1.9920525774267524e+03,
       1.0226423962813515e+01, -1.0573891069316751e+02,
       -2.4560190550829102e+01, -2.1276674257082995e+01,
       -1.1763293401327170e+01, 4.4970792062093086e+00,
       2.8576942678236152e+00, -7.4544387709634041e-01,
       1.4719937669061139e-01, 3.7104576799470618e-01,
       -3.4059493039627053e-01, 8.4632169306607233e-02,
       6.5850275624360369e-02, -7.8630779941804091e-02,
       -6.9012414799916377e-02, 7.8407878714409324e-02,
       -2.2968117670055369e+02, -9.2354489428906405e+01,
       1.0870362854405904e+02, 1.0226423962813497e+01,
       3.8712360020615574e+02, 4.0521246538599051e+01,
       1.5670430854406863e+01, 1.1395552363701986e+01,
       9.9520279832974428e+00, -9.3940181334858934e+00,
       1.7690654531565033e+00, -9.7399347299464878e-01,
       1.0869059973496392e-01, 7.0170587684536392e-02,
       -3.9070987081670305e-01, -2.3224448768720939e-02,
       -3.1032213370580240e-02, -3.2023583527796613e-02,
       -8.5312544984230410e-03, 1.0655626361303527e-01,
       3.9629583941860318e+02, 7.7321338953643169e+02,
       -1.0246166739526046e+02, -1.0573891069316751e+02,
       4.0521246538599037e+01, 2.8253309724281809e+02,
       2.0956477731861298e+01, 4.1092098510006156e+00,
       7.8964579694917525e+00, 5.3013532429323753e+00,
       -2.2446899848220645e+00, -1.3960244700445769e-02,
       5.4740271431460423e-02, -1.2440108539835416e-01,
       2.8889269443088583e-01, -6.5408481845732780e-02,
       -2.4167622817211465e-02, 1.8330726601234743e-01,
       5.5159860750761902e-02, -3.3732668775066137e-02,
       1.3249792425184052e+02, 1.6369418226809128e+02,
       -5.1202951101061849e+01, -2.4560190550829095e+01,
       1.5670430854406861e+01, 2.0956477731861295e+01,
       3.6603865662184646e+01, -8.9663575556986808e-01,
       2.1592392425279443e+00, 2.2917466438711740e+00,
       -3.1676056161890298e-01, -1.0326884037766189e-01,
       2.2848099879377772e-03, 3.0263247084979201e-02,
       5.8927715675174581e-03, -8.4853258506720868e-03,
       -8.8891027791050611e-03, 2.3741068430377144e-02,
       1.4383431647474864e-02, 1.8719222621147912e-02,
       -2.7088349602719422e+01, -6.4696745677013068e+00,
       1.5465887450147907e+01, -2.1276674257082995e+01,
       1.1395552363701986e+01, 4.1092098510006165e+00,
       -8.9663575556986808e-01, 1.9644109530134731e+01,
       5.0151252567204123e+00, -3.9766981370484697e+00,
       -5.3147184867354882e-02, 1.5119067132840589e-02,
       -5.8812103830418521e-03, -6.7771100268656931e-02,
       1.9836767306681609e-02, 4.9275428449390198e-03,
       -4.5145591316940780e-03, -3.2102095922315237e-03,
       -7.7876314241420641e-03, 6.0767332392752714e-03,
