%YAML:1.0
means: !!opencv-matrix
   rows: 49
   cols: 7
   dt: d
   data: [ -1.3615424253565851e+02, 3.7606603242183489e+01,
       4.7543603521411846e+01, 2.2193665106413597e+01,
       5.5259905777758895e+00, 3.3170907547248856e+00,
       7.4587090755984675e-01, 1.8136548146582001e+01,
       -7.6657489500642654e+01, 1.7944977089845136e+01,
       3.4617043173833608e+01, 2.0371279435387578e+01,
       2.2130962944399201e+01, 2.7144333315963047e+00,
       8.7153881447685436e+01, 1.4818833436625115e+02,
       -3.0949114943974998e+01, 3.5341727257920873e+01,
       -6.7192439415753933e+00, -5.8760701498010182e+00,
       2.7193258914500799e-02, 9.7674711512638353e+01,
       -6.1451539466158387e+01, -7.5181279585867049e+00,
       2.8369691749889235e+01, 1.2700262789508244e+01,
       -6.1397940236787836e+00, -2.4589380085368138e+00,
       1.1578906294475773e+02, -1.0437782281396609e+02,
       -3.9939441046721100e+01, 1.9316099774477145e+01,
       -2.4850468450101147e+01, 8.3202366213003582e+00,
       6.5998010555616593e-01, -1.3600692336937209e+02,
       1.2988240198700333e+02, 1.1606230497586479e+01,
       -5.4015414213556888e+01, -2.5245533158294066e+01,
       -4.5575121153020035e+00, -3.9649011846312726e-01,
       1.1923868210529807e+02, -3.1276575018686756e+01,
       -3.4796153798591099e+01, 2.2256806687246701e+01,
       -6.6456416438538737e+00, -1.1756605065871081e+01,
       -3.5933591260166411e+00, -2.6042489130695782e+02,
       -1.3565742279137629e+01, 1.4526763401306031e+01,
       5.5791086634307927e+00, -1.1225474404187185e+01,
       -5.3163124363037371e+00, -1.1741983193543172e-01,
       -7.1172918036635124e+01, -7.4393219901935225e+01,
       -6.3318116832789556e+01, -2.4887782748174303e+01,
       2.6355479863073924e+01, 6.0805423727307764e+00,
       1.0859758472711973e+00, -7.0575171731252340e+01,
       1.2352017382798932e+02, -3.0651914374893319e+00,
       -6.4078002030173991e+01, -6.0060861004330430e+00,
       3.4659450493648150e+00, 1.9711801763521972e+00,
       -1.2591537947559893e+02, -4.1889844010305779e+01,
       9.7412385992763930e+01, -7.3765827474822654e+00,
       -1.5756107790690741e+01, 1.6495402709191156e-01,
       -1.0428030310759455e+00, -1.4916331433679846e+02,
       -1.1504529556832395e+02, 1.7032548784793754e+01,
       -4.6289609712906660e+01, 4.6050921352957088e+00,
       5.4310931924008177e+00, -3.0085048226103106e-01,
       -7.2443818266302307e+00, 9.9394650414184653e+01,
       -6.4982970217282245e+00, -3.8960298437710129e+01,
       1.7942950946069242e+01, -2.8252684357494071e+00,
       2.1813250075419757e+00, -5.2429194705152511e+01,
       8.4796829953919143e+01, 5.5639692798425546e+00,
       -4.5491316542200764e+01, 1.0292597336922785e+01,
       4.5106621164788985e+00, 1.6719399103612220e+00,
       6.2185709127279637e+01, 2.2500410649788304e+01,
       -2.1250764249587128e+01, -1.6944662832252970e+01,
       4.8958082111977381e+00, -2.5068057544770046e+01,
       -5.8241359947454958e+00, 1.8595104929878602e+02,
       -1.2733382997997245e+01, 9.7434055749024946e+00,
       -2.3851772208673174e+00, 3.7294148590824712e+00,
       -9.0712485315320102e+00, -3.7845927184611505e-01,
       9.9440168402720417e+01, 4.5937595224570281e+01,
       -3.0030261278738337e+01, -1.8719224902084161e+01,
       -1.4660095386145054e+01, -1.1767361122271209e+01,
       -6.8127516681095814e+00, 6.3450937129130544e+01,
       -7.5200390432208639e+00, -6.8899937548928690e+01,
       1.7358656881973253e+01, 8.5200391371223834e+00,
       -8.3278946105117839e+00, 4.6330133614638741e-01,
       7.7922631086151569e+01, 6.9197027423300838e+01,
       5.4921528100009866e+01, 4.8247138908627527e+01,
       2.4285137347515260e+01, -3.7007943760676287e-01,
       -1.1446863005107095e-01, 8.5426690199688494e+01,
       -5.8748581490401371e+01, -1.3989583481979336e+01,
       4.8715092102929653e+01, -5.1775843187477077e+00,
       2.7730289404797304e+01, 2.5006768702617799e+00,
       1.3269103011061637e+02, 3.2765839329349369e+01,
       -1.1326383905220871e+01, 7.9562871579024062e+01,
       -2.3060150170250644e+01, 6.4266808021138742e+00,
       4.0872864046700069e-01, 6.9147721337435719e-01,
       5.3005190130618161e+01, -5.0959173324653335e+01,
       -3.2624368582089474e+01, -7.6396590331306831e+00,
       1.7117557375136434e+00, 5.9594906247164370e-01,
       4.4624084359327547e+01, 1.6019327353461995e+02,
       -1.3587702138648005e+01, -3.2218996806951612e+00,
       6.3838533362651075e+00, -9.9080829859920865e+00,
       5.6759720270326175e-01, 1.4503031865539285e+01,
       -2.3528041489626739e+02, 8.5337619388254549e+00,
       7.6068646119896385e+01, -1.3737919224687336e+00,
       -3.0487085391271389e+01, -3.1778567062897891e+00,
       4.1822701390234149e+00, -4.3474547950422405e+01,
       1.4223152606476310e+01, 1.0256134260253969e+01,
       3.9102629874333459e+01, -2.1439163160881081e+00,
       1.2986914044592466e+00, 1.3878095613236765e+00,
       7.5576704068978984e+01, 1.7138352770157891e+01,
       -2.2996540346928956e+01, 2.4130853145110951e+01,
       -6.9704878805437280e+00, -9.3354839589958587e+00,
       -7.2295825850539316e+01, -2.9193893481694250e+01,
       3.6003808169713899e+01, 1.5651122869199481e+01,
       1.8657908146865442e+01, 1.4840992491225897e+01,
       2.1791167602152068e+00, 1.0064638298274245e+02,
       -5.0492782936168410e+01, -2.1888537691992081e+01,
       3.5091384207226554e+01, -2.7344248868178354e+01,
       2.2859380835635772e+01, 1.2011340703429851e+00,
       1.8893194120203935e+02, 1.0344856357434230e+01,
       -5.0190436897315998e+01, 1.1534031369899628e+01,
       -9.8015786037874264e+00, -7.2536867793913853e+00,
       1.3986683458324387e+00, -1.3883803840876317e+02,
       -3.5889077947289245e+01, 3.9421178235671633e+01,
       -7.0100932600048873e+00, -5.1691722586274773e+00,
       -2.9718092324766953e+01, -1.5941200994885647e+00,
       -8.3248604154205275e+00, 8.3637728658576851e+00,
       5.1203188456143529e+00, -1.2750861323588163e+01,
       2.5002597591468497e+01, 1.3400513540244152e+00,
       2.3061084258771505e+00, -1.6280127184106297e+02,
       3.6212268816366347e+01, 2.5851042458905638e+01,
       -4.0506128601139487e+01, 1.9182148646484123e+00,
       -1.4739494759599642e+01, -6.8849709227636668e-01,
       3.4545361718087797e+01, -1.3781662647021517e+02,
       8.5174300083098391e+00, 3.5213987700990991e+01,
       1.8187380940208648e+01, 1.5267700948860742e+01,
       1.2788394408787680e+00, -5.5927694123748823e+00,
       -1.3937212743415634e+02, 3.0928593246536593e+01,
       6.0243799299137834e+01, 3.2491832344237018e+01,
       -1.4932408381264487e+01, 1.7478894997828895e-05,
       8.2997477047887472e+01, 1.0344138193417544e+02,
       -3.9438899637160262e+01, -4.2684543377595432e+01,
       -4.7676432095120260e+00, -9.7821534614485661e-01,
       2.9277977344885624e+00, 4.3174031244022238e+01,
       2.5679989849158495e+01, -3.5656620465371091e+01,
       -7.3361060274239108e+01, 4.3369903764684592e+00,
       -3.9611532099381490e+00, 5.7190956816355298e-01,
       -1.6805314452367836e+02, -1.5849671538330372e+02,
       5.3436342247842354e+01, 5.2732253857280938e+01,
       -4.1419943557637858e+01, -1.9573304763031267e+01,
       -5.6899023107739790e+00, -3.3229012672969258e+00,
       -1.3857857496308251e+01, -5.2562369783007261e+00,
       -1.0105364907638140e+01, -1.5213639593780940e+01,
       -1.4487510350749638e+01, 2.0735123691105570e-01,
       -1.6889999287735913e+02, -7.6746648370304968e+01,
       4.1972257365306014e+01, 3.2290211794306053e+01,
       -3.2119824852529050e+01, 1.1416333336693745e+01,
       -4.5379699389095723e-01, -1.1094986358563537e+02,
       -5.4614575194285777e+01, 3.7229462598305076e+01,
       2.8914171043507096e+01, -9.1552545432842223e+00,
       2.2924434251965788e+01, -1.1170061207948201e+00,
       5.8137991376648905e+01, -2.2958573420636487e+01,
