%YAML:1.0
means: !!opencv-matrix
   rows: 16
   cols: 3
   dt: d
   data: [ -2.2701376298767100e+00, -7.6226451541147497e+01,
       -8.4866140220346381e+01, 9.6256894095555111e+01,
       -3.9078177179262411e+01, -2.6372703690933534e+01,
       -2.1291915588531441e+02, -4.0530624938736608e+01,
       -2.9629548319273219e+01, -6.4494438818104001e+01,
       -1.2048420403856641e+01, 9.2246279946298145e+01,
       1.4283309627732430e+02, -1.6721727243939878e+01,
       5.6850919193266385e+01, -5.5485281439282348e+00,
       8.8746182956165583e+01, 9.3471359078771279e+00,
       -2.8009593975542055e+02, 5.3306071225716614e+01,
       -1.7155897194243742e+01, 1.3965416740516653e+02,
       7.1375837589725506e+01, -8.3067209492266381e-01,
       -9.3836006410000437e+01, 2.3094481025544535e+01,
       -4.6718435689194493e+01, 4.6240449586782496e+01,
       7.8668126649570397e+01, -7.4108605884443222e+01,
       2.0630226672866190e+01, 1.9482737181991638e+01,
       3.1154796328321744e+01, -1.2169523168642240e+02,
       -1.1976491115744361e+02, 2.8518728478580936e+01,
       7.9014284962562684e+01, -9.8565339545841951e+01,
       8.3966505163560221e+00, -1.8603969631875444e+02,
       7.8749615510036378e+01, 5.4268119468240918e+01,
       -1.5242018749688157e+02, 2.4201067995027756e+00,
       3.0750778457813468e+01, -1.4293729122057258e+01,
       -2.6355315809545846e+01, -4.8824676636459856e+01 ]
covs: !!opencv-matrix
   rows: 48
   cols: 3
   dt: d
   data: [ 3.5078759476217992e+03, 1.5204521889794387e+03,
       -5.6110897517993158e+02, 1.5204521889794391e+03,
       5.5579112222115737e+03, -4.1219982096381040e+02,
       -5.6110897517993169e+02, -4.1219982096381023e+02,
       7.2306685284320611e+02, 3.7420662607462173e+03,
       -6.6259090417909022e+02, 8.8150353518097961e+02,
       -6.6259090417909033e+02, 2.9881518513964324e+03,
       1.0803459542360640e+02, 8.8150353518097938e+02,
       1.0803459542360643e+02, 1.4995131936687987e+03,
       1.6851295267670107e+03, 1.4207502168200883e+03,
       2.7150149851224512e+02, 1.4207502168200886e+03,
       9.4546091712530106e+03, 3.3248252605884136e+02,
       2.7150149851224518e+02, 3.3248252605884136e+02,
       3.1880599446545699e+02, 2.8290588553970088e+03,
       -8.9516413245064666e+02, -3.1669415995642674e+02,
       -8.9516413245064666e+02, 1.0793802472483903e+04,
       4.7523869709094561e+02, -3.1669415995642669e+02,
       4.7523869709094561e+02, 4.3926611035227637e+02,
       5.3758420792769721e+03, 9.2400412573141614e+02,
       -1.3927611291614969e+03, 9.2400412573141614e+02,
       9.0115948420593922e+03, -1.7767972532693946e+01,
       -1.3927611291614969e+03, -1.7767972532693960e+01,
       6.0235539342708250e+02, 3.9229587844599164e+03,
       1.9165387197488435e+03, 9.2306789350931399e+02,
       1.9165387197488431e+03, 7.2216813639617303e+03,
       -1.1768547297639002e+03, 9.2306789350931410e+02,
       -1.1768547297639002e+03, 1.5365092849266869e+03,
       1.8912958075705897e+03, 7.5867744927338231e+02,
       2.9813231706201941e+02, 7.5867744927338231e+02,
       8.7574422391161625e+03, 5.0342880567930145e+01,
       2.9813231706201941e+02, 5.0342880567930131e+01,
       3.3155425437624291e+02, 3.2934322452736828e+03,
       -1.4802595143665980e+02, 3.3403692530762368e+02,
       -1.4802595143665980e+02, 2.6317935171551708e+03,
       3.5696895698665941e+01, 3.3403692530762368e+02,
       3.5696895698665969e+01, 9.6153951532517590e+02,
       1.9471739965769611e+03, 1.6123684898325043e+03,
       2.3340988087049664e+02, 1.6123684898325046e+03,
       1.1348245228520062e+04, 1.0324693067618733e+02,
       2.3340988087049652e+02, 1.0324693067618733e+02,
       4.3153049961733973e+02, 2.8472299821013548e+03,
       -7.0045946273349003e+01, 1.2909012566115987e+02,
       -7.0045946273348932e+01, 2.5711356608154279e+03,
       -1.4711176528786600e+01, 1.2909012566115987e+02,
       -1.4711176528786616e+01, 8.0121089477869702e+02,
       2.4772276290657283e+03, 1.1118004684419491e+03,
       1.2859310385134220e+03, 1.1118004684419491e+03,
       9.9285485081966217e+03, 3.7060095016703684e+02,
       1.2859310385134220e+03, 3.7060095016703684e+02,
       1.0286744221543979e+03, 3.3958425344255047e+03,
       8.3389565068127854e+02, 1.3930263689954550e+03,
       8.3389565068127854e+02, 4.1909746271184722e+03,
       -9.3356061038606711e+01, 1.3930263689954550e+03,
       -9.3356061038606640e+01, 1.4331142275158418e+03,
       5.9739502844266990e+03, 1.3855084787818244e+03,
       3.8920255084443204e+02, 1.3855084787818244e+03,
       4.6587630586982368e+03, 2.6593766646179489e+02,
       3.8920255084443204e+02, 2.6593766646179478e+02,
       8.5978071520435572e+02, 2.7843566637783124e+03,
       4.4273764827482125e+02, 1.3671471556982158e+03,
       4.4273764827482125e+02, 6.7046155330619404e+03,
       -3.8564574056240195e+02, 1.3671471556982160e+03,
       -3.8564574056240195e+02, 1.2299080192713398e+03,
       4.2327151291862092e+03, 1.3959441782396714e+03,
       9.9426438913049662e+02, 1.3959441782396721e+03,
       6.0309480261457275e+03, -1.1883647656499798e+02,
       9.9426438913049662e+02, -1.1883647656499805e+02,
       1.0283936139159744e+03, 3.0498986509273659e+03,
       -2.1447360019142567e+02, -9.9650220527182216e+02,
       -2.1447360019142562e+02, 3.1906015402297026e+03,
       -2.8144226354900155e+02, -9.9650220527182216e+02,
       -2.8144226354900144e+02, 1.5195021233297491e+03 ]
weights: !!opencv-matrix
   rows: 1
   cols: 16
   dt: d
   data: [ 6.0061271440153711e-02, 1.1262578570305286e-01,
       2.6934318364943394e-02, 6.0098842821120921e-02,
       1.0122888581125430e-01, 3.8953513320849058e-02,
       3.3230319920810561e-02, 9.5252627193640596e-02,
       6.3447908896844221e-02, 7.4138998823605404e-02,
       6.9573451068868211e-02, 3.2951409134628414e-02,
       7.2170479675753574e-02, 4.8907309139506173e-02,
       6.7020325139465653e-02, 4.3404553545479597e-02 ]
pca_proj: !!opencv-matrix
   rows: 3
   cols: 21
   dt: f
   data: [ 4.36961316e-02, 8.50134730e-01, 1.73015636e-04,
       6.54514134e-02, 4.60692108e-01, 2.29939164e-04, 7.67599978e-03,
       1.46649793e-01, -1.37564148e-05, 1.21663406e-03, 1.30500361e-01,
       -5.45994153e-05, 8.06188770e-03, 1.42052382e-01, -2.12945142e-05,
       -2.45414903e-05, 9.56867734e-06, -1.94090262e-06, 3.13729906e-05,
       4.34020360e-04, 2.32224409e-07, 7.68702388e-01, -5.10314330e-02,
       1.14127281e-04, 4.21110362e-01, -3.83849256e-02, 4.02935693e-05,
       2.81941950e-01, -1.35209868e-02, 1.95932400e-04, 2.66951323e-01,
       -4.70317341e-03, 2.29704310e-04, 2.76557714e-01, -1.55316098e-02,
       2.11025646e-04, -3.74769334e-05, 5.54774260e-06, -7.89335627e-06,
       8.86836962e-04, -5.85095040e-05, 1.91629806e-04, 1.28585771e-02,
       -3.46314937e-01, -1.22481215e-04, -4.01510373e-02, 1.58088982e-01,
       -1.45607672e-04, 1.89476740e-02, 5.27356327e-01, 2.33430081e-04,
       1.79703757e-02, 5.36674440e-01, 2.90960423e-04, 1.17339585e-02,
       5.35117626e-01, 2.47836346e-04, -7.02231409e-06, -3.17391914e-06,
       2.59759432e-08, 1.54912759e-05, 1.72088097e-03, 2.08691781e-04 ]
pca_mean: !!opencv-matrix
   rows: 1
   cols: 21
   dt: f
   data: [ 2.07625534e+02, 2.55653595e+02, 1.54502928e+00,
       2.18915131e+02, 2.60592743e+02, 1.67241716e+00, 2.65274475e+02,
       2.24016678e+02, 1.71669352e+00, 3.19420807e+02, 1.63929108e+02,
       1.75046074e+00, 3.16613464e+02, 2.25532654e+02, 1.70717156e+00,
       1.08872897e-04, -9.74175637e-05, 6.24380555e-05, -2.17504916e-04,
       -2.50119597e-01, 1.75055194e+00 ]
