%YAML:1.0
means: !!opencv-matrix
   rows: 30
   cols: 4
   dt: d
   data: [ -1.6004915467459801e+02, 9.6282811154121024e+00,
       7.1960997917954316e+01, -4.8149611813073740e+01,
       1.1459413558588203e+02, 7.1785149865172819e+00,
       3.9728462487608485e+00, -3.6170582701496414e+01,
       1.9849859557071941e+01, -1.0212895458095996e+01,
       -6.7814680835626987e+01, 6.0613003489000143e+01,
       -1.3968043983979476e+02, -1.4129448447824615e+02,
       -2.7497998467991387e+01, 3.0219220680797445e+01,
       1.5221038391467539e+02, 1.1222265874888372e+02,
       -4.3754682423948843e+00, 2.4564938557481245e+01,
       -2.3969928954782594e+02, 8.9526119313542711e+00,
       -1.2856025938170689e+01, -5.8327196033342190e+01,
       1.1965071193828581e+02, 8.0748890373850521e+00,
       2.7334345132199389e+00, 6.2171502836577133e+01,
       1.0471826731535835e+01, -1.1273556106408112e+02,
       -7.2834107470684671e+01, 4.2254952394646521e+00,
       6.1997719340023501e+01, 1.0683763578703081e+02,
       -8.5376825330501489e+01, 2.2895194009976770e+01,
       5.7407066317987486e+01, -6.8715345322627016e+01,
       -3.6024056362015116e+01, -6.2678862079171402e+01,
       1.7521780127336970e+02, -9.5900083573170633e+01,
       4.6036757510737417e+01, 1.5678744102459417e+01,
       -7.5132660626862258e+00, -1.1664887158794738e+01,
       4.0812570756600856e+01, -4.7333652532263180e+01,
       -1.2814067212441498e+02, 1.2451263144838971e+02,
       4.0520145524098758e+01, -9.8731524670918391e-01,
       -2.6260145847118190e+02, 1.3129975583891098e+02,
       -3.8714409136423380e+00, -3.0076629076451336e+00,
       -8.0431618292393324e+01, 1.0053636721875866e+02,
       -4.9470629735699937e+01, 2.7627134024430060e+01,
       1.7190116070585083e+02, 7.7944729941866244e+00,
       4.4779489873265959e+01, -3.7431518480688752e+01,
       4.0804375927291844e+01, -7.1839605768493897e+01,
       4.5159177706699836e+01, -7.3115123640723620e+00,
       -9.3969193371392635e+01, -1.3071953495443972e+02,
       6.5879095655212922e+01, 2.3721633862236505e+01,
       1.5217792099869337e+01, 1.6802669896677379e+01,
       -7.5614750993238516e+01, -3.5013999482444731e+01,
       -1.7527864258569284e+02, 4.5791289007565943e+01,
       3.0827365083434668e+01, 5.9462509292847649e+01,
       2.4379239528321065e+01, 1.3419300686890301e+02,
       3.3530120964298433e+00, -9.6284272195575312e+01,
       -2.3171182032255658e+01, 3.3870480443148367e+01,
       9.7884559438655771e+01, 2.6821325343727082e+01,
       1.8237549510124558e+02, 5.8814544495001677e+01,
       5.1420389831605021e+01, 4.6308761229709624e+01,
       -6.5684612325112525e+01, -1.2865462469514934e+01,
       -3.7559699938989496e+01, -2.8855202024414467e+01,
       -2.3779554632107931e+02, -7.6824558793443714e+01,
       -8.1969723583317275e+00, 1.2956666347313982e+01,
       -8.2566057162917787e+01, -2.1635533668047664e+01,
       3.6232020048637878e+01, 8.2538907430600347e+01,
       2.2110919343280774e+01, 9.7968276433584904e+01,
       2.3860420102250547e+01, 2.9584385352631603e+01,
       1.3372014729022351e+02, 1.3807450580143052e+00,
       -5.2946985433944477e+01, -2.4970782116023379e+01,
       1.1711382929926268e+02, -1.1009497548640883e+02,
       -2.0295313870410827e+00, 1.0377018468536624e+01,
       4.7879792070879844e+01, 8.5843415910795542e+01,
       3.1687751443509324e+01, -1.6123593044082689e+00 ]
covs: !!opencv-matrix
   rows: 120
   cols: 4
   dt: d
   data: [ 2.7309466816039221e+03, 2.5201836927904543e+02,
       1.1570432612226941e+03, -2.6324603583284306e+02,
       2.5201836927904543e+02, 5.5723534008437964e+03,
       -2.8243832812899552e+02, -5.3656742084146309e+01,
       1.1570432612226941e+03, -2.8243832812899541e+02,
       1.0358674445058703e+03, 5.8998656452222718e+01,
       -2.6324603583284306e+02, -5.3656742084146309e+01,
       5.8998656452222718e+01, 1.3354548504802272e+03,
       1.7221242164989969e+03, 6.7677213522916745e+01,
       1.1702244036149084e+03, 7.1561067979249273e+01,
       6.7677213522916745e+01, 5.0589515007143509e+03,
       5.8000740876031408e+01, 2.1662265443268884e+03,
       1.1702244036149084e+03, 5.8000740876031422e+01,
       9.8758164715857845e+02, 2.8046505307176329e+01,
       7.1561067979249302e+01, 2.1662265443268884e+03,
       2.8046505307176304e+01, 1.0143356260103150e+03,
       3.6572691163008276e+03, 1.4270253888829977e+03,
       4.6603526431997999e+01, -9.4989677685163792e+02,
       1.4270253888829977e+03, 3.5250477022912596e+03,
       -3.3777797550521120e+02, 9.7694345324409824e+01,
       4.6603526431998013e+01, -3.3777797550521120e+02,
       9.2544713580072607e+02, 1.2337567568246122e+02,
       -9.4989677685163792e+02, 9.7694345324409838e+01,
       1.2337567568246124e+02, 1.1669535608980837e+03,
       4.7630991320448366e+03, 1.7737979794234097e+03,
       4.2373240662374485e+02, -2.8299109198164054e+01,
       1.7737979794234100e+03, 3.3417191407317719e+03,
       -4.7914430687829217e+01, 4.6673347485805067e+02,
       4.2373240662374474e+02, -4.7914430687829231e+01,
       8.7188746570265255e+02, -1.3819586328979980e+02,
       -2.8299109198164039e+01, 4.6673347485805067e+02,
       -1.3819586328979980e+02, 5.0640846347173965e+02,
       3.6198703280930040e+03, -4.8347562372425523e+02,
       5.8254223707811275e+02, 3.5188476430633239e+02,
       -4.8347562372425523e+02, 1.3370678022810582e+03,
       -3.3151156527318633e+01, -3.0213654991056620e+02,
       5.8254223707811263e+02, -3.3151156527318633e+01,
       9.8303873058820488e+02, -6.8285784090185984e+01,
       3.5188476430633244e+02, -3.0213654991056615e+02,
       -6.8285784090185970e+01, 5.9164079097253523e+02,
       3.3803724429175227e+03, -6.6718597009103382e+02,
       5.2329986785634230e+02, 4.0656272260337647e+02,
       -6.6718597009103360e+02, 3.6156115326130844e+03,
       -7.2653281953744141e+01, 3.6534059485063034e+02,
       5.2329986785634230e+02, -7.2653281953744141e+01,
       5.1872303107056268e+02, -1.7338483187815889e+01,
       4.0656272260337647e+02, 3.6534059485063034e+02,
       -1.7338483187815896e+01, 8.6667724002786247e+02,
       3.6114472109250050e+03, 1.0449449073190060e+03,
       1.4143370101749659e+02, -8.6690294398717867e+02,
       1.0449449073190060e+03, 2.7930659482685187e+03,
       -5.8698128420641649e+02, -3.2194731521008276e+02,
       1.4143370101749662e+02, -5.8698128420641660e+02,
       1.0590767486257735e+03, 2.7702801239005419e+02,
       -8.6690294398717867e+02, -3.2194731521008282e+02,
       2.7702801239005424e+02, 1.1492677017917606e+03,
       3.7130338108356791e+03, 2.1797103859701501e+03,
       -2.2371789339633398e+02, -8.7025339146185900e+02,
       2.1797103859701506e+03, 4.7167098679885048e+03,
       -3.8884213596255864e+02, -5.7781769804225837e+02,
       -2.2371789339633398e+02, -3.8884213596255853e+02,
       9.6651529869949286e+02, 1.7180349011567466e+02,
       -8.7025339146185900e+02, -5.7781769804225848e+02,
       1.7180349011567472e+02, 7.7362315402194440e+02,
       1.8970007695935751e+03, 1.1035776524583781e+02,
       7.3876188730418917e+01, 2.3772992689695394e+02,
       1.1035776524583781e+02, 1.2654090093351965e+03,
       4.8897066377276261e+01, -3.3666215717758675e+01,
       7.3876188730418903e+01, 4.8897066377276275e+01,
       7.3946398193753521e+02, -1.1600238790723900e+02,
       2.3772992689695394e+02, -3.3666215717758661e+01,
       -1.1600238790723901e+02, 6.3093678428510952e+02,
       3.4939182073074899e+03, -9.3911121148499046e+02,
       5.0779755790537678e+02, 5.5692821153854823e+02,
       -9.3911121148499024e+02, 1.6645076997550668e+03,
       3.8063568648300458e+02, -5.5139593160717891e+02,
       5.0779755790537678e+02, 3.8063568648300452e+02,
       2.4218174184460854e+03, -1.1115003104037618e+02,
       5.5692821153854845e+02, -5.5139593160717902e+02,
       -1.1115003104037616e+02, 5.8113061387196001e+02,
       3.9237192056121239e+03, 1.7988174300452424e+03,
