%YAML:1.0
means: !!opencv-matrix
   rows: 12
   cols: 11
   dt: d
   data: [ -1.8781306981875832e+02, 8.3327148392915973e+01,
       4.1256538263411379e+01, -4.7374035380950772e+01,
       -2.0818551206614231e+01, 1.0601727402312299e+01,
       -2.2951030959308807e+00, 1.8952715996743823e+00,
       6.6653901423025885e-01, -5.5959167759188716e-02,
       3.1699658683786588e-02, 5.2020575318683655e+01,
       9.6115709415805828e-01, -9.0057475544571943e+00,
       6.3086631251510079e+00, 1.6423502450340958e+01,
       3.9737822279194810e+00, 3.9723684484795246e-01,
       8.1186080446113429e-01, 4.0577345194880754e-01,
       -3.4776525420050157e-02, 2.3008798206376069e-02,
       -3.4634404375686536e+01, -2.4336594395120439e+01,
       2.5605106033768021e+01, 3.5555618060486644e+01,
       1.9873907855755643e+01, -4.8605230801490356e+00,
       -8.9218272637153735e+00, -5.8252740460645560e+00,
       -4.9717481522774563e+00, 1.8087628301688310e+00,
       6.6287659071462751e-02, 5.4174385595817496e+00,
       1.0320011930054805e+02, 5.9978413122377443e+00,
       -6.2340065035925718e+01, 1.6483055598697550e+01,
       4.6141714880825635e+00, -2.3605212942820408e+00,
       2.9036617506763041e-01, -1.3251744500787159e+00,
       -9.7312519944654607e-01, -1.3916759330131609e-01,
       8.2035673114727643e+01, 1.5677978389821758e+01,
       -2.4004430355094787e+01, -3.2089917913651028e+01,
       -2.6443986229189310e+01, -1.9507519120343535e+01,
       8.9521456168506763e-01, -2.3337879398959336e+00,
       2.0391362500248320e-01, -3.3472554451665110e-02,
       1.0586965101825310e-01, -6.0609145053947579e+01,
       -1.0441569289857617e+02, 9.2412216515008456e+00,
       6.7790324851539594e+01, -1.0055180847372570e+01,
       -2.0337643841765995e+00, 1.1976168163898346e+00,
       -7.8179277625428201e-01, 3.3853489124029651e-01,
       -2.0142784937449348e-01, 3.8835232677744323e-02,
       1.6179279766821736e+02, 2.7637244869788702e+01,
       -4.3316681048650587e+01, -3.4967973273652703e+01,
       -9.6164060955983164e+00, 1.3077759839205640e+01,
       6.9364574724568862e-01, -3.8811543999189069e+00,
       -1.8176606643188671e+00, -3.8521908931276239e-01,
       -2.4000873677674248e-01, -6.1659674580063658e+01,
       -6.3106918852439060e+00, 2.4095521678256322e+01,
       -9.1406917279889666e-01, 1.8867852947537123e+01,
       -1.3040919293899162e+01, 2.4252412085230830e+00,
       4.4947895085619145e-02, 1.9431920896778096e-01,
       8.6718537004712326e-02, 3.4735059181949607e-02,
       9.0565951084125459e+01, -3.5724242044297796e+01,
       -3.2349675532157406e+01, 1.9997319583496104e+01,
       -9.5343895268413306e+00, 6.9205185187222922e+00,
       -5.4206764267452030e+00, -2.8141640146771967e+00,
       -2.1416880540639722e+00, 9.8949547711327301e-01,
       -4.3460214310593825e-02, 2.0676044911770127e+01,
       -4.3809824444058547e+00, -6.1936593967441862e+00,
       -5.7750663081457064e-02, -5.7196519141595896e+00,
       -7.5340261160014483e+00, 2.1156441311479073e+00,
       1.2919160394021021e+00, 4.5067910509408865e-01,
       4.9127001440131532e-02, -1.8184445548769956e-01,
       1.3915034188143022e+02, -1.3014480041178569e+01,
       -3.6972231938832749e+01, 1.1861108218687606e+01,
       -4.3606673134568945e+00, 1.2851388473653278e+01,
       -7.9583297803872588e-01, 1.4338702843091726e+00,
       2.3146813487073933e-01, -3.9808975732036740e-02,
       7.3874391784249344e-02, -1.9141731581829453e+02,
       -1.3121612412881545e+00, 4.0164825188106242e+01,
       5.8445499645080234e+00, -8.6582305037786664e+00,
       7.0281060586156405e+00, -1.1431430641188773e+00,
       -9.8027515078224725e-01, -3.7657303033585998e-01,
       1.8814108754530429e-01, -7.3519847540824829e-02 ]
covs: !!opencv-matrix
   rows: 132
   cols: 11
   dt: d
   data: [ 5.7357749899880309e+03, 1.2931699068698131e+02,
       3.1511253398851240e+03, 1.9322290262084252e+02,
       -2.0256649139038167e+01, -2.5477149855601948e+02,
       8.9114400480472156e+01, -2.4578529089626883e+01,
       -2.3499107673504657e+01, 9.6234923891619211e+00,
       -5.3434748688698153e-01, 1.2931699068698143e+02,
       7.1432259384070167e+03, -2.1364546465193275e+01,
       1.9661527201083693e+03, -2.3784691734641927e+02,
       4.8695100994974081e+02, -1.2163470072541804e+02,
       -5.9699164049570888e+00, 7.1242436978720738e+00,
       1.3557501554083689e+01, 9.3637976908684806e-01,
       3.1511253398851240e+03, -2.1364546465193293e+01,
       2.4577919129513152e+03, 9.4783915009392771e+01,
       3.3522068190885026e+00, 7.5374430417069505e+01,
       -2.8318313650188667e+01, 5.9119372101864354e+00,
       2.5924685953711135e+00, 1.3935231684667442e+00,
       6.1750620654872482e-02, 1.9322290262084249e+02,
       1.9661527201083695e+03, 9.4783915009392757e+01,
       1.2554798175344479e+03, 1.0045685721724384e+02,
       -1.4072521732271775e+02, 3.7125454047232097e+01,
       -1.6388772604042810e+01, 6.0914113222870983e+00,
       1.9939747427921932e+00, -8.8365656479476429e-01,
       -2.0256649139038153e+01, -2.3784691734641927e+02,
       3.3522068190885026e+00, 1.0045685721724386e+02,
       1.1645876257098573e+02, -2.6952020410745835e+01,
       2.3454200946686875e+01, -8.8170147966969936e-01,
       3.2911450160697830e+00, -6.4723370090416371e-02,
       -7.4263064248671695e-01, -2.5477149855601940e+02,
       4.8695100994974075e+02, 7.5374430417069519e+01,
       -1.4072521732271775e+02, -2.6952020410745835e+01,
       3.5337308691320106e+02, -3.4834338151266401e+01,
       3.6912497450878128e+00, 3.4440660706710235e+00,
       -1.2471992236564078e+00, 6.5620229485740300e-01,
       8.9114400480472156e+01, -1.2163470072541806e+02,
       -2.8318313650188674e+01, 3.7125454047232097e+01,
       2.3454200946686875e+01, -3.4834338151266408e+01,
       3.5944934381685620e+01, -3.1090761305182717e+00,
       -2.7332298231648449e+00, 4.4417525545210323e-01,
       -1.3986429011437349e-01, -2.4578529089626876e+01,
       -5.9699164049570888e+00, 5.9119372101864336e+00,
       -1.6388772604042806e+01, -8.8170147966970025e-01,
       3.6912497450878128e+00, -3.1090761305182708e+00,
       1.3908700606151280e+01, -1.6093978313279176e+00,
       6.8893129133939879e-01, -8.1283111311572204e-02,
       -2.3499107673504657e+01, 7.1242436978720738e+00,
       2.5924685953711131e+00, 6.0914113222870991e+00,
       3.2911450160697822e+00, 3.4440660706710244e+00,
       -2.7332298231648453e+00, -1.6093978313279174e+00,
       2.1197818909447719e+00, -1.1594449865341908e-01,
       -4.3672265531889333e-02, 9.6234923891619211e+00,
       1.3557501554083689e+01, 1.3935231684667437e+00,
       1.9939747427921932e+00, -6.4723370090416399e-02,
       -1.2471992236564076e+00, 4.4417525545210323e-01,
       6.8893129133939879e-01, -1.1594449865341909e-01,
       6.8820901235097576e-01, -3.4530069610599248e-02,
       -5.3434748688698153e-01, 9.3637976908684872e-01,
       6.1750620654872586e-02, -8.8365656479476429e-01,
       -7.4263064248671695e-01, 6.5620229485740289e-01,
       -1.3986429011437349e-01, -8.1283111311572231e-02,
       -4.3672265531889340e-02, -3.4530069610599248e-02,
       1.4232441626462125e-02, 6.8719255901842544e+03,
       7.9706202978297574e+02, 2.2632409491937533e+03,
       -1.8226966438474210e+02, -8.3353653921005343e+02,
       1.0502836725248561e+02, -5.5714057675411674e+01,
       2.5306916515113258e+01, 6.7672370923067753e+00,
       7.6045342482811340e-01, -4.0697558691536182e+00,
       7.9706202978297551e+02, 8.4140457189408680e+03,
       -1.5285564103488349e+02, 8.5672196437205196e+02,
       6.2431549968923621e+00, -2.4448999808007360e+02,
       4.5562461468840148e+01, 3.0732466082007659e+00,
       -5.6076602699118494e-01, -2.6138391144618573e+00,
       -5.4132132935730226e-01, 2.2632409491937533e+03,
       -1.5285564103488340e+02, 2.7278741082710553e+03,
       4.0470359093703308e+01, 1.0907905852063772e+02,
