%YAML:1.0
means: !!opencv-matrix
   rows: 3
   cols: 10
   dt: d
   data: [ -5.3809598377095938e+01, 7.2967188133440928e+01,
       -2.0337201208427835e+00, -4.0089151412353580e+01,
       -7.3622277097589803e+00, -7.7486184903762148e+00,
       -3.4475962142329406e+00, 3.4884105018889500e-01,
       2.8984633824047994e+00, 1.4721606065020099e-01,
       5.4132981409333254e+01, 1.0254294684428940e+01,
       -1.1305677245353028e+01, 1.0861565685315981e+00,
       4.2494361569552987e+00, 2.8562756640075886e+00,
       9.7222564232004960e-01, -1.7655670709506710e-01,
       -3.4969808245225859e-01, 2.7214328290777301e-02,
       -1.3840465782463201e+02, -6.2566437759175059e+01,
       3.4699612386703748e+01, 1.4272181806651595e+01,
       -9.4943329677668640e+00, -5.1678880788375379e+00,
       -1.4023295208229898e+00, 3.7598346888217704e-01,
       -2.1636964832952374e-01, -1.3734570414686725e-01 ]
covs: !!opencv-matrix
   rows: 30
   cols: 10
   dt: d
   data: [ 1.4502113033476355e+04, -3.4704322638633180e+03,
       1.5284224289553747e+03, 4.3597747332859990e+02,
       2.5279676144176682e+02, -4.6763910648116604e+02,
       -3.8913801632161818e+02, 1.2914484445804231e+02,
       2.8808680827729540e+02, 1.2405293425009797e+01,
       -3.4704322638633180e+03, 8.9604970503529366e+03,
       1.1840351883497005e+03, 1.6175426642484081e+03,
       -1.8982601105916237e+02, 4.3050071130974862e+02,
       9.9588943035230262e+00, -5.9470556098137259e+01,
       -1.3404681534639548e+02, -1.9547409767510175e+01,
       1.5284224289553747e+03, 1.1840351883497010e+03,
       2.9100826788771647e+03, -1.7669800571577531e+02,
       -6.6894942952822177e+01, -1.5163938852052064e+01,
       4.8721590422042595e+01, -2.5080318969619679e+01,
       -2.4824596832763945e+01, -1.2338077519419684e+01,
       4.3597747332859990e+02, 1.6175426642484081e+03,
       -1.7669800571577531e+02, 2.0136462368850750e+03,
       1.3690803725038080e+02, -2.4689713788709400e+02,
       -4.2546866190819692e+01, 4.6286175183098926e+01,
       7.2215298216736556e+01, 5.7782244412980051e+00,
       2.5279676144176682e+02, -1.8982601105916237e+02,
       -6.6894942952822120e+01, 1.3690803725038074e+02,
       2.4992949329274958e+02, -2.1078335894313835e+01,
       -4.3673452972665260e+01, 2.6532149694720843e+01,
       2.6819964331407537e+01, -7.3102105475478896e-01,
       -4.6763910648116604e+02, 4.3050071130974851e+02,
       -1.5163938852052064e+01, -2.4689713788709400e+02,
       -2.1078335894313835e+01, 1.6836807889104614e+02,
       -6.4149506205530669e+00, -2.5702298148280796e+01,
       -2.3903376930883624e+01, 4.9261362267940898e+00,
       -3.8913801632161818e+02, 9.9588943035230244e+00,
       4.8721590422042595e+01, -4.2546866190819692e+01,
       -4.3673452972665260e+01, -6.4149506205530669e+00,
       5.4344723311678493e+01, -6.1640444614782099e+00,
       -1.4035672696741461e+01, -2.0656934585410029e+00,
       1.2914484445804234e+02, -5.9470556098137244e+01,
       -2.5080318969619682e+01, 4.6286175183098919e+01,
       2.6532149694720843e+01, -2.5702298148280796e+01,
       -6.1640444614782082e+00, 2.3140149164646090e+01,
       3.8266722689825432e+00, -2.4185144638785530e+00,
       2.8808680827729540e+02, -1.3404681534639548e+02,
       -2.4824596832763945e+01, 7.2215298216736556e+01,
       2.6819964331407530e+01, -2.3903376930883624e+01,
       -1.4035672696741461e+01, 3.8266722689825432e+00,
       1.4161315335725522e+01, 1.6925994185596536e+00,
       1.2405293425009795e+01, -1.9547409767510175e+01,
       -1.2338077519419688e+01, 5.7782244412980051e+00,
       -7.3102105475478918e-01, 4.9261362267940916e+00,
       -2.0656934585410029e+00, -2.4185144638785530e+00,
       1.6925994185596536e+00, 2.9762307867256172e+00,
       1.0483761623690527e+04, -1.0988920471405279e+03,
       1.3342115285556060e+03, 3.8788989358035472e+01,
       -9.4438592663920610e+02, -2.5986405777236246e+02,
       -9.7841145257084463e+01, 1.1891866911113674e+01,
       -2.8197246485732649e+01, 2.6463523679192158e+00,
       -1.0988920471405281e+03, 1.0794920270093415e+04,
       2.8502026085078904e+02, 4.2476129214028606e+02,
       -2.4504793155267359e+02, -3.4443561216045737e+02,
       -3.7778866768855927e+01, -8.4095378640042941e+00,
       -9.5046325531586273e+00, -1.3012860388276849e+01,
       1.3342115285556065e+03, 2.8502026085078893e+02,
       3.0323511075086021e+03, -5.7618249097142197e+01,
       2.3995989574308658e+02, 7.3867400359847110e+01,
       2.7735352864776058e+01, -3.3156958518123694e+00,
       4.9404621753682907e+00, 1.4115766364715046e+00,
       3.8788989358035437e+01, 4.2476129214028606e+02,
       -5.7618249097142211e+01, 2.7452092501071620e+03,
       1.8370864132530372e+01, 6.7153268447405694e+01,
       5.0387283724380183e-01, 6.2093701200856959e+00,
       5.2278335420921618e+00, 2.0910499494141122e+00,
       -9.4438592663920610e+02, -2.4504793155267359e+02,
       2.3995989574308663e+02, 1.8370864132530368e+01,
       4.6721102343521028e+02, -4.7936891789570623e+01,
       -1.0403347410310262e+01, -6.0726282008431376e+00,
       -4.5679344039878176e+00, 6.3210276037707125e-01,
       -2.5986405777236246e+02, -3.4443561216045737e+02,
       7.3867400359847096e+01, 6.7153268447405694e+01,
       -4.7936891789570623e+01, 2.1782591694613819e+02,
       -8.5198309733115707e+00, 6.8524796236064567e-01,
       4.0923605636070883e+00, -1.9142189005543235e+00,
       -9.7841145257084463e+01, -3.7778866768855913e+01,
       2.7735352864776058e+01, 5.0387283724380227e-01,
       -1.0403347410310264e+01, -8.5198309733115707e+00,
       2.3661476019914062e+01, 2.6534102232483137e-01,
       3.5010813147532849e+00, 1.5229322772433410e-01,
       1.1891866911113670e+01, -8.4095378640042977e+00,
       -3.3156958518123689e+00, 6.2093701200856923e+00,
       -6.0726282008431394e+00, 6.8524796236064578e-01,
       2.6534102232483137e-01, 1.4742449860945282e+01,
       -8.6463450629878502e-01, 5.4052591361664226e-01,
       -2.8197246485732641e+01, -9.5046325531586273e+00,
       4.9404621753682925e+00, 5.2278335420921627e+00,
       -4.5679344039878185e+00, 4.0923605636070883e+00,
       3.5010813147532849e+00, -8.6463450629878480e-01,
       1.3061223764213243e+00, 1.6090407004847890e-02,
       2.6463523679192176e+00, -1.3012860388276849e+01,
       1.4115766364715041e+00, 2.0910499494141113e+00,
       6.3210276037707147e-01, -1.9142189005543240e+00,
       1.5229322772433418e-01, 5.4052591361664237e-01,
       1.6090407004847894e-02, 3.5710850706444058e-01,
       1.1212848143448677e+04, -3.8005838758793607e+03,
       1.9267021575052174e+03, 5.5024379499756856e+02,
       5.3902009362092042e+02, -3.7831425636738396e+02,
       3.0123347306028993e+01, -3.1771155764339341e+00,
       5.3277231829246851e+01, -3.3293198318417161e+01,
       -3.8005838758793607e+03, 1.2466842109398131e+04,
       1.2127044169895162e+03, 1.6060195481843232e+02,
       3.2630061390195442e+02, 6.7824766075964146e+02,
       1.0102056771636542e+02, 6.8959658662604227e+01,
       -8.2251450351940356e+00, 3.3339749968530214e+01,
       1.9267021575052174e+03, 1.2127044169895164e+03,
       2.6472343267107108e+03, -2.4458120038625535e+02,
       -2.2189539018658178e+02, 5.4710072765014800e+01,
       -2.5777234456241985e+01, 2.1703493467827912e+00,
       -5.6700789627125703e+00, 6.9843307828869108e+00,
       5.5024379499756856e+02, 1.6060195481843232e+02,
       -2.4458120038625535e+02, 2.6810986509531067e+03,
       -1.2205589773368061e+02, -1.6423627470144055e+02,
       -2.6456487472527130e+01, -3.7481341893468354e+01,
       7.8088555417397796e+00, -4.3283607832567856e+00,
       5.3902009362092031e+02, 3.2630061390195448e+02,
       -2.2189539018658178e+02, -1.2205589773368062e+02,
       3.1817145024014519e+02, 4.2294196520175063e+01,
       1.3438964299185862e+01, 1.3505328265229096e+01,
       1.3658313170740492e+01, -2.7471630960528448e+00,
