%YAML:1.0
means: !!opencv-matrix
   rows: 47
   cols: 7
   dt: d
   data: [ -9.0880460843184281e+01, 2.8395897265105852e+01,
       1.0507475563537420e+02, -1.2780359508538860e+01,
       -8.6904456085163506e+00, -3.1949644157515724e+00,
       7.5967116580794358e-01, 1.6188183682091670e+02,
       1.1355845976188435e+01, -4.9442385874974711e+01,
       -1.2202229995247935e+01, -6.8494646314350565e+00,
       1.3219074079628850e+01, 1.8524180795471884e-02,
       -2.8775134704540552e+01, -1.0681764126946018e+02,
       5.1628958282744195e+00, 6.9629118407270056e+01,
       -3.7113114877736835e+00, -3.4719940611780604e+00,
       1.8810739385375974e+00, 7.9161906075720992e+01,
       -4.3877025832914576e+01, -2.7587935032821727e+00,
       -6.4160768109610729e+01, -2.8966158952111982e+00,
       -1.3703594820729299e+01, 1.3396345060007295e-01,
       -2.0446151845955885e+02, 6.6837123258834779e+01,
       2.9618099783101560e+01, -2.2949667721617484e+01,
       -9.4055015420856432e+00, -1.3089833205815129e+00,
       -7.6349502415863790e-01, -1.8650941604427544e+02,
       -3.1258653098189036e+01, 3.5036490502362668e+01,
       3.0301719882026504e+01, 7.2022040582478089e-02,
       1.1370837382198605e+01, -8.4167458674974938e-01,
       -1.2473864334421660e+02, -2.6500427834193673e+01,
       3.4725154740225115e+01, 1.6118210503724868e+01,
       6.2926796653160251e+00, -9.9031463834691209e+00,
       2.3241448575975787e+00, 5.2919702721259149e+01,
       1.4874936653029386e+02, -7.6208468633798176e+00,
       -8.1679873636650456e+01, 1.7108498574198759e+01,
       6.3568042289023516e+00, 1.7575662906537581e+00,
       -1.6405984820622206e+02, -2.6256592561859965e-01,
       3.5464054624561591e+01, 1.1994272836336975e+01,
       -6.9154714355107263e+00, 2.5315414361089655e+01,
       -8.0435191195280931e-01, -2.0328053601892474e+01,
       -3.6520096868416495e+01, 6.2302898985963040e+00,
       -3.2735999255398852e+01, 1.9854508700222347e+01,
       -9.1171810357651282e+00, -1.1545916672457384e+00,
       4.6347705869992197e+01, 1.1099943683449800e+02,
       -1.5017863066202976e+01, 3.9926506732486622e+01,
       1.7713120346462706e+01, -2.9146541115793512e-01,
       7.1857288336070158e-01, 1.2199012818881272e+02,
       -1.1672850249354457e+01, 6.2890722352356121e+01,
       1.0272661223820736e+00, 1.5706239109251531e+01,
       1.3552983263045222e+00, 4.8976726588972441e-01,
       -2.0534683075723459e+02, -6.8533256241222858e+01,
       3.2778136783116999e+01, -5.5351714881260619e+01,
       -1.0353685773699834e+01, -1.6607215913184670e+00,
       4.7078828468325079e-01, 1.9480064754492122e+02,
       -6.1121826985088077e+01, -6.0627070068318947e+00,
       -2.7659029928459685e+01, -6.3873186727745805e+00,
       1.3052251696435100e+01, -4.5234127227429016e-01,
       4.6351335406775384e+01, -5.8320617663970239e+01,
       -1.4658943138429553e+01, 4.0831773303088021e+01,
       4.5320365904958351e+00, 1.1898003474740062e+01,
       -5.8162944390597493e-01, 1.4708210478783403e+02,
       3.2757638283961946e+01, -4.3741933065310903e+01,
       -1.6614021253906834e+01, -1.2669692193755445e+01,
       -4.9717532917270224e-01, 2.7747116256920723e+00,
       -2.0557080561429466e+01, -1.2689892296305073e+01,
       2.0923768962805955e+01, 2.6920366408256331e+01,
       3.3287184348198970e+01, 1.7167354359648130e+00,
       -6.6411705718427880e+00, 3.0271160407525979e+01,
       6.0235551287889928e+00, -2.7933534314753539e+00,
       -2.3297402998950267e-01, -4.1512349787707699e+00,
       4.8372657405116941e+00, -6.0101858477864079e-01,
       -1.7332204874135094e+01, 9.1584745639085938e+01,
       7.7600675162847921e+00, 2.2013191737638781e+01,
       1.9215636028898004e+01, -1.0104825745329471e+01,
       -5.6814741736964947e-01, -1.4841130541429638e+02,
       -1.0209135486574775e+02, 2.7063044576442486e+01,
       6.7575771437713968e+01, -2.0424247635228383e+01,
       1.0618380877753950e+00, -2.9248660714720665e-01,
       -2.2094294512324092e+02, -4.3748275835092407e+00,
       4.4376595540642114e+01, 1.6734019828716065e+01,
       -1.5099357928130283e+01, 9.8783718408739425e+00,
       -1.3343754509971046e+00, 5.5653323182924559e+01,
       1.8165231413670799e+01, -4.3161915524035862e+01,
       -3.3854447437032192e+01, -2.3738564191071326e+01,
       -2.0731838727813049e+01, 1.5450340029054528e+00,
       1.6921238111800676e+01, 5.0861331424125083e+01,
       -9.7081452416788725e+00, -4.7564203892542729e+01,
       -3.6854902557326859e+01, -1.8847109380821600e+01,
       2.6929796742935457e+00, 1.9610136135926209e+02,
       7.0922886534184457e+01, -7.9811240034440765e+00,
       3.0359810745295093e+01, -8.2648695435930382e+00,
       9.7827682827784379e+00, -3.0411125552934837e-01,
       -4.8981489228387387e+00, -7.2790589396771750e+01,
       2.3369056318283359e+01, 4.7788891846005662e+01,
       1.5987670032434584e+01, -5.7028651778994144e-01,
       1.6543970838537048e+00, -6.2071398056032976e+00,
       4.3503207659627257e+01, 1.0971437569831263e+01,
       -2.9590962963881307e+01, 3.7613512144662138e+01,
       -1.0031637013909867e+01, 2.2583851944567424e+00,
       -1.3924127517170962e+02, -7.4797838333503421e+01,
       -4.7269083401675609e+01, 5.0471911866157498e+01,
       1.1804089945159836e+01, -5.0632096994942239e+00,
       1.7990792007369443e+00, 1.1436872885578860e+02,
       -4.7736147946319349e+01, -3.0253747132985829e+01,
       3.5068102391626994e+01, -3.2156723854467502e+00,
       1.3465127767870769e+01, -2.2653218987004836e-01,
       8.3374080433657795e+01, 5.7288923590838490e+00,
       -9.2933134702542901e+01, -1.8970175574034349e+00,
       -3.5742894296029561e+00, 1.1853875339321375e+01,
       -3.4166237537824878e-01, 2.3462864409016948e+01,
       -1.6145314940609104e+01, -2.0420734819887940e+01,
       -9.8066579990796132e+00, 2.2347954121018027e+01,
       5.7120652608890001e+00, 1.3317478078112115e+00,
       1.5271093706181861e+02, 1.6077596541915174e+01,
       3.3314171384682133e+01, -3.1281587999036493e+01,
       -2.8066482927838972e+01, -1.9734781655337279e+01,
       8.2687543587492651e-01, -9.7496854803001511e+01,
       -2.5729576275391430e+01, 3.7017211507866605e+01,
       7.3013465016708267e+01, -2.0853804036645691e+00,
       -5.2542383061954219e+00, 1.3386123274685027e+00,
       1.2926517886870843e+02, 3.0809631533409512e+01,
       -3.0646941982690858e+01, -1.2603514533689639e+01,
       -5.2447995870763844e+00, 1.9687045473596232e+01,
       -8.7025559143785305e+00, -8.2755018120340495e+01,
       2.0007026480702777e+01, 2.6754847103037051e+01,
       -1.6207186478883028e+01, 1.7442139045578568e+01,
       -1.7338954290301505e+01, 1.8531935566472759e+00,
       -1.2980905537770996e+01, 1.5867868001863664e+02,
       1.0725360849368592e+01, -9.1535969924445681e+01,
       1.8652421838512684e+01, 2.8980896455965933e+01,
       -2.5368829003761988e+00, 3.7334563048248405e+01,
       -9.7901094118975024e+01, -1.2428140635480553e+01,
       6.8243633963334020e+01, -4.9175815636609403e+00,
       -1.1678380485139237e+00, 2.1370969125191572e+00,
       -1.0091029845611970e+02, -1.6144274339849323e+02,
       3.3703552476352414e+01, 1.7729375093837472e+01,
       -3.4612312873649015e-01, -2.5374937161196862e+00,
       1.4929491227777547e+00, 6.1455519292582572e+01,
       6.1902310790565110e+01, -9.1502547654286719e+00,
       -4.6226442257779262e+01, 1.6763707453391170e+01,
       -1.7902437467494973e+01, 2.9663474541525177e+00,
       -1.8145492989860264e+02, 1.1460538914847604e+02,
       2.7102040647679107e+01, -6.8909925584836358e+01,
       -3.4181159518047970e+01, 1.5373164604684710e+01,
       -4.7645967678343375e+00, 1.0597101895005596e+02,
       9.3698206003062253e+01, 1.9407713863607605e+00,
       -1.2870110307388401e+01, -5.1464379266024656e+00,
       -1.4427154322769219e+01, 1.2951771788490848e-01,
       8.1402345461789892e+01, 1.2036944324793797e+01,
