%YAML:1.0
means: !!opencv-matrix
   rows: 16
   cols: 6
   dt: d
   data: [ 1.1874895908946364e+01, -3.0107679040281475e+01,
       -3.8556245328821149e+01, 2.2292609379495026e+01,
       1.2890185763607716e+01, 2.2468634177063125e+00,
       2.6829518033708655e-01, -3.7908500063922759e+01,
       7.5529210296562665e-01, 6.3162493778113946e+00,
       -1.1641587413052752e+01, -1.2991753837615514e+01,
       -1.7043375013472777e+02, -9.6916859009859763e+01,
       4.8876189121907537e+01, 3.3772011933678421e+01,
       -2.8615289884982516e+01, 3.1284285600660783e-01,
       1.3614800866861091e+02, -3.1225181871327575e+01,
       -5.3788210556216931e+01, 3.0201780296782580e+01,
       -1.1832430355059746e+01, -4.5092051351308999e+00,
       1.0194375594909768e+02, -4.8843713427259011e+01,
       -2.1354885136164249e+01, 3.5875208480250294e+01,
       -2.7155526643701222e+01, 2.2584666150188678e+01,
       -3.3160757436462474e+00, -4.0324202227422695e+01,
       1.0152875286053860e+01, 1.2383107854562839e+01,
       3.7792230124700410e+01, 7.6215914215459202e-01,
       9.2195447174474367e+01, 1.7932582294522742e+01,
       -4.8446623799059978e+01, -5.5159869401785876e+01,
       -1.1082898160878878e+01, -1.4745257179179008e+00,
       8.9152114842248210e+01, 1.4903664210829518e+02,
       -2.7491537582275768e+01, 1.3376299962434677e+01,
       -9.5750048777295795e+00, -4.7944811941037608e+00,
       1.2182897956166528e+02, -2.5650170151595045e+01,
       4.3568053325272523e+01, -2.8796405237699050e+00,
       9.6119711783481492e+00, 1.7827141461829059e+00,
       -1.0652543378830170e+02, 1.0799339401265743e+02,
       8.5742080286112969e+00, -5.2129686787204299e+01,
       -7.5613080536362016e+00, 1.1894744896239602e+00,
       2.0521251523779956e+01, 9.2853809405117005e+01,
       -1.5378407506514264e+01, -3.7359256168622416e+01,
       8.9623577940976809e+00, -5.6648078394409556e+00,
       -2.1511054618006366e+02, 2.5934655875863353e+00,
       -5.0754664904151947e-01, -4.0007810174405245e+00,
       -5.2949929196510859e-01, -1.5622230666656181e+00,
       6.1428408437387624e+01, -4.1991772971865913e+01,
       -1.7493595791332513e+01, 4.6341706968113975e+01,
       -2.7126295517612554e+01, 2.8889653357272437e+01,
       2.4545808641129079e+02, 7.2905488362210553e+00,
       1.8217905586095505e+01, 5.6333744235451624e+00,
       -1.3049838382204316e+01, -8.8302867725557288e+00,
       -3.2565149318368491e+01, -1.2291011644667709e+02,
       1.8841407934804746e+01, 4.8014449444172399e+01,
       1.1360768828412214e+01, -1.8340275130907229e+00,
       -9.3995102121555718e+01, 2.0401621902553879e+00,
       7.6826178977359419e+01, -2.3506977404875396e+01,
       -1.6167655423881944e+00, -1.1109624926325374e+00 ]
covs: !!opencv-matrix
   rows: 96
   cols: 6
   dt: d
   data: [ 5.3588000076247463e+03, -8.5681013500896120e+02,
       5.0884342447442492e+02, 4.6968274337498173e+01,
       -4.4060132942029310e+02, -2.4846722860732288e+02,
       -8.5681013500896120e+02, 7.8666686458426984e+03,
       4.7259229569900793e+02, 1.4404480177951089e+03,
       2.8330666002222795e+01, -4.3655967049728656e+02,
       5.0884342447442515e+02, 4.7259229569900793e+02,
       1.3531583774583207e+03, 3.4863670675915739e+02,
       4.5048370354403978e+01, 1.0230989280369648e+02,
       4.6968274337498165e+01, 1.4404480177951086e+03,
       3.4863670675915733e+02, 2.1966232928711347e+03,
       5.4500311968467614e+01, 1.6655827401813985e+02,
       -4.4060132942029310e+02, 2.8330666002222795e+01,
       4.5048370354403964e+01, 5.4500311968467628e+01,
       1.8683245869591337e+02, 1.2944837839997154e+01,
       -2.4846722860732288e+02, -4.3655967049728656e+02,
       1.0230989280369648e+02, 1.6655827401813985e+02,
       1.2944837839997149e+01, 3.1861074375532894e+02,
       5.8459479997761127e+03, -2.1104714132625700e+03,
       2.9309313955156454e+03, -1.9976843561609229e+02,
       -3.4279028324468257e+01, -7.4094968041362719e+01,
       -2.1104714132625709e+03, 1.7926988435060950e+04,
       1.0842789745474147e+02, -1.3925544419825171e+03,
       -3.5990640447943986e+02, 1.0453130080996020e+03,
       2.9309313955156454e+03, 1.0842789745474157e+02,
       2.1804308805727642e+03, 1.8460192766075699e+02,
       -4.3891732482011427e+01, -6.3773447573038183e+01,
       -1.9976843561609238e+02, -1.3925544419825173e+03,
       1.8460192766075699e+02, 2.6418834003575630e+03,
       1.7112141651131452e+02, -3.6292087712116398e+02,
       -3.4279028324468257e+01, -3.5990640447943974e+02,
       -4.3891732482011406e+01, 1.7112141651131455e+02,
       3.6104738347719099e+01, -3.1620456455218918e+01,
       -7.4094968041362733e+01, 1.0453130080996020e+03,
       -6.3773447573038197e+01, -3.6292087712116398e+02,
       -3.1620456455218925e+01, 1.7476179593326552e+02,
       5.6837425721500758e+03, -2.3529643610058943e+02,
       3.0744275892893029e+03, -8.6745508344595339e+02,
       4.3201513162371981e+01, 8.6262404335557733e+01,
       -2.3529643610058943e+02, 7.6320205712814914e+03,
       8.9014047736904888e+02, 2.1351934639929250e+03,
       4.4105056969599826e+02, 6.8023592231903592e+02,
       3.0744275892893029e+03, 8.9014047736904899e+02,
       2.4453303108098871e+03, -7.2792596513757900e+01,
       -2.9258104068835546e+01, -5.3927735754292769e+01,
       -8.6745508344595316e+02, 2.1351934639929259e+03,
       -7.2792596513757900e+01, 1.8902898099178044e+03,
       -1.4661310848243974e+02, -1.9349842899171600e+02,
       4.3201513162371981e+01, 4.4105056969599832e+02,
       -2.9258104068835539e+01, -1.4661310848243974e+02,
       1.5082369793419642e+02, 1.3857469267141119e+02,
       8.6262404335557733e+01, 6.8023592231903581e+02,
       -5.3927735754292783e+01, -1.9349842899171597e+02,
       1.3857469267141119e+02, 3.0781213909869513e+02,
       4.7304121645378946e+03, -3.0310134823921021e+02,
       1.9513937214362834e+03, -6.4623806475962135e+02,
       -6.8668515403189332e+01, 5.3476784730574863e+01,
       -3.0310134823920998e+02, 6.6810163865282111e+03,
       2.0439615056789142e+02, 2.1580027865544698e+03,
       1.9650565644752302e+02, -6.4298732687351674e+01,
       1.9513937214362834e+03, 2.0439615056789151e+02,
       2.0795962505659140e+03, 8.7177388619099823e+00,
       -1.7791223759058053e+02, 5.6456150107431302e+00,
       -6.4623806475962147e+02, 2.1580027865544698e+03,
       8.7177388619099911e+00, 1.7880713808243856e+03,
       -4.7769891041758470e+00, -9.3630057802938239e+01,
       -6.8668515403189318e+01, 1.9650565644752302e+02,
       -1.7791223759058050e+02, -4.7769891041758461e+00,
       7.7879923546491227e+01, -4.9424672196404003e+01,
       5.3476784730574849e+01, -6.4298732687351688e+01,
       5.6456150107431364e+00, -9.3630057802938239e+01,
       -4.9424672196404003e+01, 1.0836666516216094e+02,
       4.0495807608320492e+03, -6.0983038998682723e+01,
       2.8745600595768296e+03, -7.9757360597098659e+02,
       -9.1028711772650112e+01, -1.0823286657606124e+01,
       -6.0983038998682680e+01, 4.9986068906043056e+03,
       9.3481145865350163e+02, 2.6586360183357892e+03,
       -3.6188078384011114e+01, -9.3429804221850731e+01,
       2.8745600595768296e+03, 9.3481145865350175e+02,
       2.5255002771625050e+03, -1.0224909394731645e+02,
       -9.9213962541851842e+01, -7.9353876803509536e+01,
       -7.9757360597098659e+02, 2.6586360183357892e+03,
       -1.0224909394731642e+02, 1.7584984215196607e+03,
       7.5101870351909596e+01, -1.3991231773103223e+02,
       -9.1028711772650112e+01, -3.6188078384011121e+01,
       -9.9213962541851856e+01, 7.5101870351909582e+01,
       3.5646959718039739e+01, -3.6361393711465375e+01,
       -1.0823286657606124e+01, -9.3429804221850759e+01,
       -7.9353876803509536e+01, -1.3991231773103223e+02,
       -3.6361393711465382e+01, 1.3530693563577606e+02,
       4.9480180613410239e+03, -7.0522959015402353e+02,
       2.9444681210093677e+03, -6.5503956157524897e+02,
