%YAML:1.0
means: !!opencv-matrix
   rows: 14
   cols: 6
   dt: d
   data: [ 1.3887315329090706e+01, 1.1304997484271496e+02,
       1.8943004325194774e+00, -6.5285350465712781e+01,
       1.2769537710709402e+01, 2.5159239776107484e-01,
       3.6960927958712134e+01, -7.3245867987375647e+01,
       -8.9595983242568149e+00, -3.7592832074401443e+01,
       2.3515028902447458e+01, 8.0149710720040073e+00,
       8.9801286129255999e+01, 2.7256973684197043e+00,
       4.0266692704584187e+01, 2.1633109243145601e+01,
       1.1881026992409687e+01, 3.2030008646246784e+00,
       1.0682274716540593e+02, 5.0292804186587247e+01,
       -2.2984662061709788e+01, -2.8784353780013856e+01,
       -3.9407519613734729e+00, -5.0924032698962636e+00,
       5.1723160420176903e+01, -8.5546459086863734e+01,
       -1.6254339695523772e+01, 5.6771065629224509e+01,
       -3.5258252627295192e+00, 3.8628507373889684e+00,
       -9.5106268801562194e+01, -1.4624902863557335e+02,
       2.2307790448127381e+01, 2.5911485798742817e+01,
       1.7793841036849547e+00, -2.2708624793359711e+00,
       8.2685016829616288e+01, 1.7657258834809880e+01,
       -2.3032658764580262e+01, -3.2398257360838606e+01,
       -2.5670871652591764e+01, -2.0106801065342044e+01,
       -1.9953615457529671e+02, -2.8018625808669824e+00,
       4.2555961894264399e+01, 9.8538326155645439e+00,
       -1.0365968776978896e+01, 1.2488928325826278e+01,
       8.2361504439169039e+01, 1.0929322233953009e+01,
       -2.7833943272554322e+01, -2.8080767630417721e+01,
       -2.8529010232802218e+01, -1.4826971860840187e+01,
       1.4619295374398749e+02, 1.1216187010243548e+00,
       -3.9911631466396322e+01, 4.0229482312881268e+00,
       -6.0257710144846008e+00, 1.2457400449137257e+01,
       -9.1227239451400479e+01, -1.7304428271363445e+01,
       2.4734190894033826e+01, 8.0366402479977324e+01,
       -1.4271685513923040e+00, -5.2710228791492906e+00,
       -1.8540509897483727e+02, 7.7919746082732175e+01,
       3.9397235113783239e+01, -4.5735000976419663e+01,
       -1.8327287577364803e+01, 7.6056230198475578e+00,
       -2.5767261280457557e+01, 1.0411674706247831e+01,
       -4.6303887175171702e+01, 2.2103870576748918e+01,
       1.4441631917456316e+01, 2.6268643968836356e+00,
       -6.5060685974767807e+01, 2.3678365659195492e+01,
       2.3753485344990210e+01, -1.6560873586142975e+01,
       2.1702179194127243e+01, -1.4600769626300540e+01 ]
covs: !!opencv-matrix
   rows: 84
   cols: 6
   dt: d
   data: [ 6.4100641894744858e+03, 4.9748604179112215e+02,
       2.7986544515970922e+03, 1.7176169755414858e+02,
       2.4854859144143316e+02, -2.5216868877837632e+02,
       4.9748604179112215e+02, 8.8244290593254354e+03,
       -4.1899320348509156e+02, 1.0989414498931972e+03,
       1.8194607531159198e+02, 1.1025420600872892e+03,
       2.7986544515970922e+03, -4.1899320348509184e+02,
       2.5059656247025105e+03, 8.8246928778611476e+01,
       -2.1260772304714230e+01, 3.0047404944629285e+01,
       1.7176169755414858e+02, 1.0989414498931972e+03,
       8.8246928778611505e+01, 1.6186398811838005e+03,
       -1.6691625860773122e+01, -4.3818390278957054e+02,
       2.4854859144143322e+02, 1.8194607531159198e+02,
       -2.1260772304714223e+01, -1.6691625860773122e+01,
       1.9791223341495817e+02, 1.2589254602275306e+01,
       -2.5216868877837624e+02, 1.1025420600872890e+03,
       3.0047404944629285e+01, -4.3818390278957054e+02,
       1.2589254602275307e+01, 5.1040026032829030e+02,
       5.9250184234861063e+03, -6.1044282516300356e+01,
       2.2368275581635608e+03, -1.8737342788745476e+01,
       -7.3225045645039904e+02, 2.0940514948119275e+02,
       -6.1044282516300385e+01, 3.2993196068930274e+03,
       1.9254061995987612e+02, -7.6231480662830018e+02,
       1.0129905279790742e+02, -1.4750485160978198e+02,
       2.2368275581635608e+03, 1.9254061995987610e+02,
       2.5985375376095608e+03, -1.4008300293432271e+02,
       1.0631151493771426e+02, -5.9040006139518987e+01,
       -1.8737342788745536e+01, -7.6231480662830029e+02,
       -1.4008300293432282e+02, 8.0451625921220273e+02,
       -5.9411599988918361e+01, 1.7555762534897391e+02,
       -7.3225045645039893e+02, 1.0129905279790742e+02,
       1.0631151493771429e+02, -5.9411599988918333e+01,
       2.5509501462079220e+02, -5.2234045752881094e+01,
       2.0940514948119275e+02, -1.4750485160978198e+02,
       -5.9040006139518987e+01, 1.7555762534897391e+02,
       -5.2234045752881094e+01, 1.3729042992101745e+02,
       3.2016226960574695e+03, 1.8890198305582820e+02,
       1.8125689473155072e+02, 1.7796965928012767e+02,
       -3.4520562921961078e+02, 1.2501704171010508e+02,
       1.8890198305582825e+02, 7.7384550950401381e+03,
       -3.2535420831340154e+01, 5.9190287860416379e+02,
       4.5602275152219607e+02, -7.2690975344901915e+01,
       1.8125689473155074e+02, -3.2535420831340154e+01,
       8.7828102782668623e+02, -1.1887882968888680e+02,
       1.3871605844892514e+02, -5.5056862966300116e+01,
       1.7796965928012767e+02, 5.9190287860416356e+02,
       -1.1887882968888680e+02, 1.3783415328974788e+03,
       -1.5512405369054187e+02, -2.1147757758097821e+01,
       -3.4520562921961078e+02, 4.5602275152219602e+02,
       1.3871605844892511e+02, -1.5512405369054187e+02,
       2.9802398671446900e+02, -2.6101352087383614e+00,
       1.2501704171010510e+02, -7.2690975344901915e+01,
       -5.5056862966300116e+01, -2.1147757758097832e+01,
       -2.6101352087383609e+00, 1.1612077104302386e+02,
       6.3015629633176786e+03, -1.4014354118300403e+00,
       2.5148924521436793e+03, 3.3574884826193653e+02,
       -2.2794368386513293e+02, 3.9766279915146811e+02,
       -1.4014354118300598e+00, 6.4839641905042654e+03,
       -1.5789746763544025e+01, 2.1084955649035564e+03,
       1.1568173275972254e+02, -1.0767064289876150e+02,
       2.5148924521436788e+03, -1.5789746763544077e+01,
       2.5386365457171146e+03, -4.6341343848040900e+01,
       4.1683777036575096e+00, -6.9406410555799511e+01,
       3.3574884826193653e+02, 2.1084955649035564e+03,
       -4.6341343848040914e+01, 1.1847871737948888e+03,
       -8.3033385508178199e+01, 6.9709097477640327e+01,
       -2.2794368386513293e+02, 1.1568173275972261e+02,
       4.1683777036575052e+00, -8.3033385508178171e+01,
       8.9726627738736084e+01, -1.6456539445384326e+01,
       3.9766279915146811e+02, -1.0767064289876150e+02,
       -6.9406410555799496e+01, 6.9709097477640356e+01,
       -1.6456539445384326e+01, 2.3873429841736396e+02,
       6.1973598302388882e+03, 8.9086274596761177e+02,
       2.6627049473290217e+03, -4.5545870095328485e+02,
       -6.0500229187059233e+01, 2.9325833508744489e+02,
       8.9086274596761177e+02, 6.6692626613235107e+03,
       -3.2834441548957693e+02, 1.8105025952718995e+03,
       -3.3228085928263440e+01, 1.3680215485497496e+02,
       2.6627049473290217e+03, -3.2834441548957705e+02,
       2.5813576395687264e+03, 8.0055834536583490e+01,
       -1.3382953846810372e+02, -2.2634617771148498e+01,
       -4.5545870095328485e+02, 1.8105025952718993e+03,
       8.0055834536583504e+01, 1.4021059485950209e+03,
       -6.7772185300650747e+01, -2.6505212730065517e+02,
       -6.0500229187059219e+01, -3.3228085928263425e+01,
       -1.3382953846810372e+02, -6.7772185300650762e+01,
       4.3962364988153894e+01, 2.0674721639398591e+01,
       2.9325833508744489e+02, 1.3680215485497496e+02,
       -2.2634617771148502e+01, -2.6505212730065517e+02,
       2.0674721639398587e+01, 1.0589228213523513e+02,
       7.4008551104694370e+03, 5.1720702227682227e+02,
       2.8085744395981260e+03, -1.9296738153800834e+02,
       6.1476128739236071e+02, 2.3777537824597427e+01,
       5.1720702227682227e+02, 3.0644317278883277e+03,
       -6.7268229680428590e+01, 2.5466751393027249e+02,
       2.3103304136174236e+02, 4.8479846598011299e+01,
       2.8085744395981255e+03, -6.7268229680428561e+01,
       2.5901760688082404e+03, -8.1262228544834173e+01,
