%YAML:1.0
means: !!opencv-matrix
   rows: 28
   cols: 9
   dt: d
   data: [ -1.4939627293243595e+02, 4.1917015443710923e+01,
       3.6814130633086947e+01, -2.9199831412888297e+01,
       -7.3013076045129797e+00, -1.1424749784420781e+01,
       1.9525814753366613e+00, 1.2525467570479798e+00,
       2.9816396387152866e-01, 1.4051992460627889e+02,
       1.0223675536196339e+01, -3.2909455443081406e+01,
       -8.6629917607753928e+00, -9.2270198428587946e+00,
       1.6832097551760608e+01, -5.8248740618687496e+00,
       -5.7442568885428837e+00, -4.5292292463150945e+00,
       -3.6065681802130580e+00, 2.6002569011400485e+01,
       1.0463941126225677e+01, -1.0356689934619160e+01,
       3.9659975419196449e+01, -1.2492685085044744e+00,
       8.2017795072202337e-01, 7.0670689125483410e-01,
       5.1208327649046737e-01, 2.2010889772256704e+01,
       4.4164846841449474e+01, 4.7454666735149109e+00,
       -3.5003270543161818e+01, 9.0977406278237680e+00,
       -9.8648651275223891e+00, -3.8548820802961385e+00,
       -1.4776094116659342e+00, -5.0386354347607245e+00,
       -1.5539985190931862e+01, -1.2145661274048372e+01,
       2.6407901092368309e+01, 2.7630972177963550e+01,
       2.6564621208959373e+01, -3.2012125144626284e+00,
       -1.0051505283906019e+01, -6.4558805443290606e+00,
       -5.6135721865830472e+00, -1.7831822638526569e+02,
       8.8287444558149076e+01, 3.3512598304400711e+01,
       -5.8111861016818736e+01, -3.0053044453166457e+01,
       3.4646281386515865e+00, -2.6925176472704511e+00,
       6.2998633989477482e-01, 5.5661474486399221e-01,
       8.1475873572865311e+01, 2.0033108298282958e+01,
       -2.2546745948673745e+01, -3.1949198222595012e+01,
       -2.5072420859713411e+01, -2.0748326222770316e+01,
       1.3073128654014363e+00, -2.9247865659296099e+00,
       3.1033800664515210e-01, -1.3725091897048969e+02,
       -9.7618424930426045e+01, 2.9072300538080036e+01,
       6.7628814869796258e+01, -1.6114800652596315e+01,
       -9.4244275660403865e-01, 6.9876502421437692e-01,
       -1.0051356142970513e+00, 6.0361855907720530e-01,
       -1.8956778585252945e+02, 1.3061095174272547e+01,
       3.5451055755657983e+01, -6.3722890972197188e+00,
       -3.7330389753302686e+00, 4.3966575049392640e+00,
       -3.0191818954827214e+00, -6.6329716159064738e+00,
       -2.5581213931936500e+00, 6.3879324165063309e+01,
       4.9285331943433690e+01, -1.4970948315276605e+01,
       -4.1100541882660067e+01, 3.8182294502571117e+00,
       -1.7414667505042452e+01, 2.5654527383654147e+00,
       1.5376953733605638e+00, 4.3815166514584985e-03,
       2.9636716480402612e+01, -9.8038186290692224e+01,
       -8.9102931832490899e+00, 7.0322340360532067e+01,
       -4.2547437364374847e+00, -1.8348444873777856e+00,
       2.1438023981612480e+00, -3.9098790743970263e-01,
       -1.2284444100348973e-01, 7.7291839936038457e+01,
       2.4768032691831788e+01, -1.7028409366856099e+01,
       -6.5303884911522401e+00, 1.3350581838961908e+01,
       5.5344402061909150e+00, 4.2745074923093079e-01,
       1.8556236468226819e+00, 2.5352055141866475e-01,
       -4.0299249392237996e+01, 4.0553278138610047e+01,
       1.9134122522956538e+01, -3.1179505287610116e+01,
       2.7524924135146225e+01, -1.6544141638669654e+01,
       2.7338920427624527e+00, 1.8826733653634317e-01,
       2.5384389026871335e-01, 1.8648668946873947e+01,
       1.5492471011289922e+02, -6.4802219723560994e-01,
       -8.6405404892162863e+01, 1.5973382212918629e+01,
       1.5466002306705892e+01, -3.4519919025394413e-01,
       2.4106610572066609e+00, 1.9051701633610412e+00,
       -1.2908518796218138e+02, -2.8085176696190270e+01,
       3.4674569787666265e+01, 1.7905949811217312e+01,
       5.8923587498300618e+00, -1.0498432034784528e+01,
       2.5035935291255758e+00, 2.4599505745965658e-01,
       1.5038857548081291e-01, -5.1404616811702324e+00,
       -2.0714539643846479e+01, 1.0776706547905675e+01,
       1.9045307832676368e+01, 2.1093434619119421e+01,
       -5.0209831933094540e+00, 1.6489831627374612e+00,
       -7.0377295279847291e-02, 2.3915840061398888e-01,
       -2.1691000685930291e+02, -6.5609004787797964e+00,
       4.7555540231033518e+01, 1.0223017584078667e+01,
       -1.4617453723636565e+01, 8.8762374736610727e+00,
       -1.0612810918133373e+00, 1.2779694752909248e+00,
       5.5056151866420011e-01, 1.4973901372387482e+02,
       2.5627461506844817e+01, -4.0654341343212529e+01,
       -1.1860890798652282e+01, -4.4701539547040356e+00,
       1.3048458048939207e+01, -1.7735279430186865e+00,
       1.1835589703649092e+00, 6.4968450196392191e-01,
       1.5345733443010624e+02, -2.8599088682240952e+00,
       -4.1350509847812319e+01, 5.1232255942408758e+00,
       -6.6824751410169032e+00, 1.2704743022980269e+01,
       -6.3609510631288868e-01, 1.2533066016293417e+00,
       -2.1977573267801996e-02, 1.0320920779571250e+02,
       -5.0793473221784033e+01, -2.9196997618938664e+01,
       3.4611283227896806e+01, -2.5278537689107754e+00,
       1.1859154190525722e+01, 2.1701772996147337e-01,
       7.6043340353031530e-01, 4.4662293711442436e-01,
       -8.9201975521832928e+00, 2.1542396624161267e+01,
       3.1636624263568507e+00, -1.7593083399887092e+01,
       -8.4362686784359475e+00, -6.8242055322625008e+00,
       2.1940311499341134e+00, 1.5374150303715790e+00,
       4.5040684769504874e-01, 8.6372135587560464e+01,
       8.2920413923279632e+00, -2.6645327406756053e+01,
       -3.0963106369398471e+01, -2.9058399684815402e+01,
       -1.6366115716578143e+01, -1.2284671700840756e-02,
       -1.1468746917857393e+00, 6.3049212731579513e-02,
       -1.5212955304875709e+02, -8.0791039760893568e+00,
       3.6783350998945579e+01, 1.5735146846071869e+01,
       -4.6996194033308916e+00, 2.0871108778625054e+01,
       -5.2993613825678532e-01, 1.7343740827741285e+00,
       4.4327861473485236e-01, -1.2876222957066523e+02,
       1.0005738658226375e+02, 4.2205172311883501e+01,
       -4.9991268867019841e+01, -1.2697261386451522e+01,
       1.2257947217673616e+01, -8.4466364147647468e+00,
       -2.1464940059231132e+00, -1.7058085930663864e+00,
       -2.1978686472645782e+02, 8.4580156409023232e+01,
       4.9655383823579307e+01, -4.2537573626897000e+01,
       -1.8632856936650779e+01, 2.4281848199826381e+01,
       -3.9346272689986921e+00, 2.2345430217137112e+00,
       1.1928860919454436e+00, -8.0050063712797510e+01,
       -8.7619901960382307e+01, 1.6915864184614374e+01,
       5.1896523958614033e+01, 2.4675974733451835e+00,
       -3.4441857694811966e+00, 1.3927988168827137e+00,
       -2.4766612022040757e-01, 3.6752173305790692e-01,
       1.0792371753498907e+02, -2.1919958039698546e+01,
       -3.8521336430537943e+01, 5.1476100065461150e+00,
       -1.1326359989793460e+01, 1.4737842260225659e-01,
       -2.6660820361194626e-01, 5.8284613511029371e-01,
       7.4593175334689876e-01, 1.7973033088037734e+01,
       -8.1044479145028475e+01, -4.1204055488178470e+00,
       4.3646295207573367e+01, 3.8447701219436725e+00,
       6.1610301684876116e+00, -3.6079686842309228e-01,
       7.0078886008073590e-02, 7.6539250444753015e-01 ]
