%YAML:1.0
means: !!opencv-matrix
   rows: 11
   cols: 6
   dt: d
   data: [ 1.7292265705915923e+01, -1.9105734927624962e+01,
       -2.9988322715449002e+01, 3.9103235063834362e+01,
       1.6958627095492460e+00, 7.8412276457033925e-01,
       -4.8989437004916695e+01, -7.9655873709040348e+00,
       1.9325425562417390e+01, 8.4174505401628981e+00,
       2.6472461341748339e+01, 7.3712210332621000e+00,
       -1.6882825313454580e+02, -9.7382620785919414e+01,
       4.7637647949262032e+01, 3.4785595567719717e+01,
       -2.8673582278564012e+01, 7.3945758685795826e-01,
       6.6113396408228311e+01, -1.1116808328252476e+02,
       -2.6755360358198992e+01, -2.9622506427423986e+01,
       1.3380237534015807e+01, 3.5858726015661166e+00,
       1.0668508577743724e+02, 5.6266556796729930e+01,
       -3.7202483272740182e+01, -1.2473167034580420e+01,
       -1.0372136387449261e+01, -4.4587792747735726e+00,
       9.9395004103880169e+01, -4.5617332272549532e+01,
       -2.2089862353231464e+01, 3.7128754513707108e+01,
       -2.7263210968786606e+01, 2.3112879143774393e+01,
       -1.8081908417820401e+02, -4.4718110705048941e+00,
       4.0750908651530615e+01, -1.4899580230564013e+01,
       -6.8853239956937990e+00, -7.4662584166785102e+00,
       1.8621595337357881e+01, 9.5144565048016858e+01,
       -1.5696827872295074e+01, -3.7013179882491741e+01,
       8.0955648558361624e+00, -5.2393069405241830e+00,
       -1.1206012946573873e+02, 1.0796100754632802e+02,
       9.8331923050963219e+00, -5.1671292712962966e+01,
       -7.9678776237662383e+00, 1.5685660868619187e+00,
       1.3320922190263161e+02, -1.5005375720974541e+01,
       4.7551858876905023e+01, 8.2924429611649835e+00,
       3.0656135351739700e+00, -2.0677907882648419e-01,
       9.0463088343473039e+00, -1.4893998722807370e+02,
       1.7284826875233197e+01, 5.9177314982750048e+01,
       2.0712644332858282e+01, -6.8529174025190942e+00 ]
covs: !!opencv-matrix
   rows: 66
   cols: 6
   dt: d
   data: [ 6.1725169689993481e+03, 1.7196970717771148e+02,
       6.9212472964567291e+02, 3.6708770350491471e+02,
       -3.4188607432857748e+02, -1.4216825334788970e+02,
       1.7196970717771146e+02, 7.1153483025100722e+03,
       2.9177246590062276e+02, 1.2980110703455916e+03,
       3.2542254321856586e+02, -1.5447662577640344e+02,
       6.9212472964567291e+02, 2.9177246590062276e+02,
       1.6157731029438423e+03, 3.9225127942915769e+01,
       -2.4614422494094637e+00, 4.4991787641012685e+01,
       3.6708770350491466e+02, 1.2980110703455914e+03,
       3.9225127942915762e+01, 1.6413514811065945e+03,
       -8.9974098110338740e+00, 1.7848509567572350e+02,
       -3.4188607432857748e+02, 3.2542254321856598e+02,
       -2.4614422494094623e+00, -8.9974098110338723e+00,
       3.5392188424351309e+02, -5.8198084521619819e+01,
       -1.4216825334788962e+02, -1.5447662577640344e+02,
       4.4991787641012678e+01, 1.7848509567572347e+02,
       -5.8198084521619833e+01, 3.9194702759021084e+02,
       6.2370531239915244e+03, -5.6299027337760299e+02,
       2.5112109057072630e+03, -5.1745325132553432e+02,
       3.6656648106990576e+02, -3.8785284909305278e+02,
       -5.6299027337760288e+02, 6.9108637532234698e+03,
       7.6341405473245959e+02, 1.7982507878635690e+03,
       -3.0763975183080898e+01, -5.0226038236536475e+01,
       2.5112109057072630e+03, 7.6341405473245959e+02,
       2.4805602109962165e+03, -1.2942954539978882e+02,
       -1.9612196667079905e+02, 1.0531327648488275e+02,
       -5.1745325132553444e+02, 1.7982507878635690e+03,
       -1.2942954539978885e+02, 1.8705198455624052e+03,
       9.9406972131750067e+01, -4.1422228407906339e+01,
       3.6656648106990576e+02, -3.0763975183080909e+01,
       -1.9612196667079911e+02, 9.9406972131750067e+01,
       2.1465883570516337e+02, -9.9037304737146755e+01,
       -3.8785284909305278e+02, -5.0226038236536475e+01,
       1.0531327648488279e+02, -4.1422228407906353e+01,
       -9.9037304737146755e+01, 1.6998381878669824e+02,
       5.7584391662376784e+03, -1.5744262226148791e+02,
       3.1285544778740386e+03, -8.8600383884582163e+02,
       5.9890773849973435e+01, 8.8704966429660047e+01,
       -1.5744262226148794e+02, 7.6892360914123619e+03,
       8.2389589037537235e+02, 2.1617401798465116e+03,
       4.6741626229392455e+02, 7.2534373679878422e+02,
       3.1285544778740386e+03, 8.2389589037537235e+02,
       2.4780795463498675e+03, -6.7358264978010098e+01,
       -4.6168762789206156e+01, -6.5907870808163139e+01,
       -8.8600383884582152e+02, 2.1617401798465116e+03,
       -6.7358264978010098e+01, 1.8833561298164186e+03,
       -1.4141384778034512e+02, -1.9555130912264454e+02,
       5.9890773849973435e+01, 4.6741626229392455e+02,
       -4.6168762789206156e+01, -1.4141384778034512e+02,
       1.5870644540438869e+02, 1.4998623355240576e+02,
       8.8704966429660033e+01, 7.2534373679878422e+02,
       -6.5907870808163125e+01, -1.9555130912264454e+02,
       1.4998623355240576e+02, 3.1841418267011250e+02,
       7.9270812075275489e+03, -9.4997016246695807e+01,
       1.8064331203357840e+03, -3.1487565826845059e+02,
       -1.1054351835736381e+03, -8.0142063193371115e+01,
       -9.4997016246695807e+01, 3.2565130380973837e+03,
       -3.9603878798575187e+02, -9.0649237659692153e+02,
       -1.4572528000520887e+02, -3.1835805310467373e+02,
       1.8064331203357838e+03, -3.9603878798575175e+02,
       2.4742475750567205e+03, -3.9201332697326080e+02,
       2.1943616342445483e+02, 6.6833779606000348e+01,
       -3.1487565826845059e+02, -9.0649237659692153e+02,
       -3.9201332697326086e+02, 1.0447546886436232e+03,
       -5.6129461943488678e+01, 1.4986532576455070e+02,
       -1.1054351835736379e+03, -1.4572528000520887e+02,
       2.1943616342445486e+02, -5.6129461943488657e+01,
       4.1096846429377200e+02, 3.0285057134997223e-01,
       -8.0142063193371129e+01, -3.1835805310467373e+02,
       6.6833779606000348e+01, 1.4986532576455070e+02,
       3.0285057134996901e-01, 1.9609784219112217e+02,
       1.0644228369206208e+04, -3.1142600180053960e+03,
       1.9813532800269877e+03, 1.0896420037300304e+03,
       -3.5397096502317488e+01, -1.8981279505352410e+02,
       -3.1142600180053960e+03, 9.3234041529899096e+03,
       1.1288658522022156e+03, 1.0126022467895001e+03,
       3.4776636434089767e+01, 2.6500418364307501e+02,
       1.9813532800269872e+03, 1.1288658522022156e+03,
       2.5987363934787099e+03, -4.4882016573708052e+02,
       -9.2410171809617296e+01, -3.7554761942490735e+01,
       1.0896420037300304e+03, 1.0126022467895001e+03,
       -4.4882016573708063e+02, 2.6080678096072847e+03,
       6.0625338397648093e+01, -2.2344410944696043e+02,
       -3.5397096502317488e+01, 3.4776636434089774e+01,
       -9.2410171809617296e+01, 6.0625338397648093e+01,
       4.1321135563124237e+01, -3.5341387604751335e+00,
       -1.8981279505352410e+02, 2.6500418364307501e+02,
       -3.7554761942490735e+01, -2.2344410944696043e+02,
       -3.5341387604751335e+00, 8.2804325864207129e+01,
       4.1421567520103554e+03, -1.0411965692136548e+02,
       2.9002203299883640e+03, -8.1030152804063914e+02,
       -7.8570485328709523e+01, -2.7335911466500114e+01,
       -1.0411965692136548e+02, 5.0876714919723890e+03,
       9.1931833546106714e+02, 2.6824844781459306e+03,
       -4.3461640144436402e+01, -7.5211337013096355e+01,
       2.9002203299883645e+03, 9.1931833546106714e+02,
       2.5256867144194184e+03, -1.0563822114180991e+02,
       -9.3163976676038715e+01, -7.7785298463775078e+01,
       -8.1030152804063914e+02, 2.6824844781459306e+03,
       -1.0563822114180991e+02, 1.7528336335595857e+03,
       6.7928584471107868e+01, -1.3071363858302180e+02,
       -7.8570485328709509e+01, -4.3461640144436387e+01,
       -9.3163976676038715e+01, 6.7928584471107868e+01,
       3.6374017935162811e+01, -3.6183364528997750e+01,
       -2.7335911466500136e+01, -7.5211337013096355e+01,
       -7.7785298463775078e+01, -1.3071363858302180e+02,
