%YAML:1.0
means: !!opencv-matrix
   rows: 32
   cols: 6
   dt: d
   data: [ 1.3935326817008740e+02, 1.4752523313265701e+01,
       2.3175256384152267e+01, -3.2799691127339933e+01,
       -2.6888528039553282e+01, -1.9963508579548954e+01,
       -1.6526194178242932e+02, -9.1648391848484660e+00,
       3.9840338339326820e+01, 1.6195486764941801e+01,
       -4.3363178627175598e+00, 2.1175255776528282e+01,
       1.1572284411855409e+00, 6.0240022229597201e+01,
       1.5108067664064860e+01, -4.4601189758000316e+01,
       3.5444044176904654e+01, -1.3225773429102377e+01,
       -1.8704688672237745e+02, 7.7608907764042698e+01,
       2.6837839715823279e+01, 1.7151196198682413e+01,
       -5.0582267751351599e+00, -4.7277330231845767e+00,
       1.3777822214961216e+01, 4.7334284589959509e+01,
       -5.6935095653284473e-01, -4.1656373690961495e+01,
       -1.1109217257722830e+00, -2.2878636497641629e+01,
       2.9128819213192259e+01, -5.1367146665572825e+01,
       -2.2617102915680420e+01, -2.5721311950140603e+01,
       2.0868708033450957e+01, 7.8079589724087253e+00,
       -3.2670653364794745e+01, -5.0331597256641851e+00,
       6.0309790598612913e+00, -9.1743689449318433e-01,
       2.1579812314652940e+00, -3.1894643515803098e+00,
       1.5247003628397847e+01, 1.5338753930028307e+02,
       -5.0388101001719254e-01, -8.8611405846347168e+01,
       1.6918992503309454e+01, 1.7706113828484725e+01,
       -6.2777525573250699e+01, 1.1632283809306102e+01,
       1.0280777697346329e+02, -1.1156772085102350e+01,
       -2.1202566162558267e+00, -7.0704379459764830e+00,
       -1.0947734845769341e+02, 2.3336973786015083e+01,
       3.4535711938798187e+01, 7.9608562972509716e+01,
       -2.4803208315887151e+00, -3.8209768959893524e+00,
       -2.1998603155963292e+02, 5.1765456868531800e+01,
       5.2071989533750532e+01, -2.0323456704164215e+01,
       -1.4674645417125452e+01, 2.3290843798171284e+01,
       1.9872366895167434e+02, 5.1977600247174713e+00,
       -6.9996575952371902e+00, -1.9048646404552900e+00,
       -7.9914018852708351e+00, 1.2419821567717271e+01,
       -1.8982546528941697e+01, -8.5721717593710054e+01,
       4.2995538522416616e+01, 4.1984947330895039e+01,
       1.0424846993092485e+01, -3.0769993482156544e+00,
       -2.3848375031723907e+02, -6.4229288059320325e+01,
       -2.0444960091276489e+01, 2.2804043462332572e+01,
       -3.2985498865529856e+00, 2.6436441953005345e+00,
       1.0664755432354653e+02, 2.8376298240800718e+01,
       -2.5622857058265982e+01, -2.9800740454720707e+01,
       -7.4928852900788465e+00, -6.1291880069713143e+00,
       1.2375973454591531e+02, -2.3951517637347500e+01,
       5.9974739165413858e+01, -1.2565942877899355e+01,
       1.5119386619256424e+01, 3.1380561513438421e+00,
       3.2775392435736720e+01, 2.2100543471472101e+01,
       -6.2048745244739600e+01, -3.2565548996886804e+01,
       -2.3467556956640589e+01, -2.0662916679205196e+01,
       -4.3060129161624978e+01, 4.5980135190623237e+00,
       7.0001906303158021e+00, -4.6168852529556910e+00,
       3.3794977022237717e+01, -4.3943213993576480e+00,
       2.1219985225786491e+01, -1.0275578167699086e+02,
       -1.0056186107143736e+01, 7.0023565401969847e+01,
       -5.4900891921754873e+00, -2.3425239286273398e+00,
       7.8716110698284780e+01, 5.1181294524152825e+01,
       -1.6121472836780271e+01, -2.0080902930871204e+01,
       -1.9794882556938258e+00, 1.6773648743755711e+00,
       -1.3143996225890984e+02, 5.1805423286598732e+01,
       3.2470566469629418e+01, -3.4148489435325160e+01,
       -5.2644738953888073e+00, -1.1867654402201325e+01,
       8.7293194862514937e+01, 6.5863296465138559e+00,
       -2.5075216098486685e+01, 6.0527551589783961e+01,
       -9.8539991099700366e+00, 5.4022569320896432e+00,
       -2.0122712131373632e+02, 8.6258412222398221e+01,
       3.4977131384946382e+01, -5.4867257965801073e+01,
       -2.6150988614563765e+01, 1.4435765574900181e+01,
       -1.1720054240584317e+02, -7.4728874752087322e+01,
       -4.4268465456896664e+01, 4.7092999032731370e+01,
       1.5416424934589061e+01, -3.1554087180255594e+00,
       -1.4256028535824595e+02, -1.0567824907576059e+02,
       2.9826593174252480e+01, 6.5372967921024326e+01,
       -1.8812766275279781e+01, 1.5099530355455321e-01,
       8.3788567165131880e+01, 8.3698835683257435e+00,
       -2.6744493719921454e+01, -3.0995961842425849e+01,
       -2.9675330825932637e+01, -1.7433610282109779e+01,
       8.4955673557118644e+01, -1.3033474289680788e+02,
       -2.4253307667629546e+01, 8.2160558393376668e+00,
       -7.4877958865613223e+00, 1.0115801145054341e+01,
       8.0218255025201003e+01, 8.7585657263651612e+01,
       1.1935384445587623e+01, 3.2486325137841447e+01,
       1.6493973889016296e+01, 2.1645422052310876e+00,
       8.3502195607604648e+01, -6.0185625778180167e+01,
       -2.3023128541806347e+01, 4.2938168028907818e+01,
       1.2609978090108995e+00, 1.1641201058299046e+01,
       9.0610896074924355e+01, 1.0817283876629014e+01,
       -9.0733548073600559e+01, -3.1402217648129143e+00,
       -4.5554298897982601e+00, 1.2482461355236611e+01,
       -2.0385763418177344e+01, 7.6633699369688159e+01,
       -6.9929786271753386e+01, 1.7385849827188661e+01,
       1.8107601607967911e+01, 2.9075854320889971e-01,
       -1.8187083666450684e+02, -7.4710484241920980e+01,
       3.3984265675346400e+01, -2.7668417273613340e+01,
       -3.4142358045492300e+00, -2.7001580809180297e+00 ]
