%YAML:1.0
means: !!opencv-matrix
   rows: 11
   cols: 3
   dt: d
   data: [ 1.3184172093193453e+02, -1.3965326938682452e+01,
       5.7104582887705348e+01, -2.0285783314428255e+02,
       5.5163875087620092e+01, 4.2402193959117575e+01,
       -7.5882243960294005e+01, -2.1384855330981960e+01,
       -5.3651109153368601e+01, -7.0783265699910087e+00,
       4.3417398673085110e+01, 1.2258513465609189e+01,
       6.7865190064984944e+01, -8.3155686440434124e+01,
       9.0347123403099854e+00, -1.4241158088059876e+02,
       -3.8163284026686455e+01, 2.4281848741449689e+01,
       1.2262030665698776e+02, 8.6659797800904840e+01,
       -1.7442648960398522e+01, 2.8833973355229148e+01,
       3.0545106441660710e+01, -9.0551761194338553e+01,
       -2.6112908078821704e+02, 6.5011742501437677e+00,
       -2.5499804515929647e+01, -7.4045926930163446e+01,
       -1.5109193920779473e+01, 8.7564795428510095e+01,
       9.2600679222370829e+01, -3.3029657564340894e+01,
       -3.0037963570103003e+01 ]
covs: !!opencv-matrix
   rows: 33
   cols: 3
   dt: d
   data: [ 5.8014219074319353e+03, 8.5781951853222984e+02,
       -1.4450528457280438e+03, 8.5781951853222984e+02,
       9.2497154578298487e+03, -3.5574407134073695e+01,
       -1.4450528457280438e+03, -3.5574407134073709e+01,
       6.5344111924446986e+02, 3.2087900723905268e+03,
       8.7805559477478891e+02, 1.6478081438643651e+03,
       8.7805559477478914e+02, 8.0799164435199991e+03,
       -1.1100208036076731e+02, 1.6478081438643653e+03,
       -1.1100208036076735e+02, 1.4090422230548527e+03,
       5.2662746674874843e+03, 1.1345690926693187e+02,
       -7.7494671507137002e+02, 1.1345690926693179e+02,
       1.0543214669521780e+04, 4.7471816354045188e+02,
       -7.7494671507137002e+02, 4.7471816354045188e+02,
       7.3491559896681235e+02, 3.5609182973106972e+03,
       7.0700959142876286e+02, 1.7646232020452819e+03,
       7.0700959142876286e+02, 9.3518000059032547e+03,
       -4.2604133499543030e+02, 1.7646232020452819e+03,
       -4.2604133499543030e+02, 1.5177344690498585e+03,
       7.4189752781916013e+03, 1.3458358301777280e+03,
       5.4030285739870055e+02, 1.3458358301777280e+03,
       5.3986621857025075e+03, 2.7704705200579667e+02,
       5.4030285739870067e+02, 2.7704705200579656e+02,
       7.0899076097633963e+02, 2.7187660571226729e+03,
       8.6821176780590065e+02, 9.8969644257516052e+02,
       8.6821176780590076e+02, 8.8221373419134325e+03,
       8.1386221983738125e+01, 9.8969644257516052e+02,
       8.1386221983738096e+01, 9.1559631628164129e+02,
       3.8501452978438674e+03, -2.7587536580636112e+02,
       8.9612647288733717e+02, -2.7587536580636123e+02,
       2.2096291947145719e+03, 1.0689239063237703e+02,
       8.9612647288733717e+02, 1.0689239063237703e+02,
       1.5011665059387935e+03, 2.2724081396611978e+03,
       -7.5394762044696222e+01, -2.3434930566385648e+02,
       -7.5394762044696265e+01, 6.9587686757135525e+03,
       4.7642456916284061e+02, -2.3434930566385654e+02,
       4.7642456916284056e+02, 6.2330396941953313e+02,
       2.5112340304895733e+03, -7.6928760296041094e+02,
       4.5851990505669306e+01, -7.6928760296041116e+02,
       1.2000011323120949e+04, 5.2776186977883208e+02,
       4.5851990505669306e+01, 5.2776186977883197e+02,
       3.0065633813016780e+02, 2.5363345489930866e+03,
       -7.8625648510067333e+02, -1.9442584629047991e+02,
       -7.8625648510067333e+02, 1.1056155119931786e+04,
       5.0162909087019023e+02, -1.9442584629047991e+02,
       5.0162909087019023e+02, 5.4761891031720415e+02,
       4.2920939450405804e+03, 1.8389786958945979e+02,
       1.1300909279985415e+03, 1.8389786958945993e+02,
       3.9310726912521786e+03, 4.9210942099911671e+02,
       1.1300909279985415e+03, 4.9210942099911671e+02,
       1.4139144954247556e+03 ]
weights: !!opencv-matrix
   rows: 1
   cols: 11
   dt: d
   data: [ 1.2275196327261048e-01, 6.9088604509574617e-02,
       1.1078679174117390e-01, 1.1657116161167565e-01,
       8.8026605330254595e-02, 6.6955382710319769e-02,
       9.3917407948124768e-02, 7.8429737568270888e-02,
       4.1953990575367917e-02, 7.0720224095795842e-02,
       1.4079813063681315e-01 ]
pca_proj: !!opencv-matrix
   rows: 3
   cols: 21
   dt: f
   data: [ 4.36961316e-02, 8.50134730e-01, 1.73015636e-04,
       6.54514134e-02, 4.60692108e-01, 2.29939164e-04, 7.67599978e-03,
       1.46649793e-01, -1.37564148e-05, 1.21663406e-03, 1.30500361e-01,
       -5.45994153e-05, 8.06188770e-03, 1.42052382e-01, -2.12945142e-05,
       -2.45414903e-05, 9.56867734e-06, -1.94090262e-06, 3.13729906e-05,
       4.34020360e-04, 2.32224409e-07, 7.68702388e-01, -5.10314330e-02,
       1.14127281e-04, 4.21110362e-01, -3.83849256e-02, 4.02935693e-05,
       2.81941950e-01, -1.35209868e-02, 1.95932400e-04, 2.66951323e-01,
       -4.70317341e-03, 2.29704310e-04, 2.76557714e-01, -1.55316098e-02,
       2.11025646e-04, -3.74769334e-05, 5.54774260e-06, -7.89335627e-06,
       8.86836962e-04, -5.85095040e-05, 1.91629806e-04, 1.28585771e-02,
       -3.46314937e-01, -1.22481215e-04, -4.01510373e-02, 1.58088982e-01,
       -1.45607672e-04, 1.89476740e-02, 5.27356327e-01, 2.33430081e-04,
       1.79703757e-02, 5.36674440e-01, 2.90960423e-04, 1.17339585e-02,
       5.35117626e-01, 2.47836346e-04, -7.02231409e-06, -3.17391914e-06,
       2.59759432e-08, 1.54912759e-05, 1.72088097e-03, 2.08691781e-04 ]
pca_mean: !!opencv-matrix
   rows: 1
   cols: 21
   dt: f
   data: [ 2.07625534e+02, 2.55653595e+02, 1.54502928e+00,
       2.18915131e+02, 2.60592743e+02, 1.67241716e+00, 2.65274475e+02,
       2.24016678e+02, 1.71669352e+00, 3.19420807e+02, 1.63929108e+02,
       1.75046074e+00, 3.16613464e+02, 2.25532654e+02, 1.70717156e+00,
       1.08872897e-04, -9.74175637e-05, 6.24380555e-05, -2.17504916e-04,
       -2.50119597e-01, 1.75055194e+00 ]
gamma: !!opencv-matrix
   rows: 11
   cols: 1
   dt: d
   data: [ 8.1306676423531665e-01, 9.2573983012083172e-01,
       8.3806376575417241e-01, 8.9821555433537936e-01,
       8.6143248163617758e-01, 8.9921464780985216e-01,
       8.6640831662579043e-01, 8.4048968718455674e-01,
       8.4680900561977057e-01, 8.4706690106636939e-01,
       8.8158198639180763e-01 ]
