%YAML:1.0
means: !!opencv-matrix
   rows: 17
   cols: 8
   dt: d
   data: [ 1.6646968146149274e+02, 1.5947798431173437e+01,
       -4.5031345858404201e+01, -1.5077649692879401e+01,
       -7.5729197887515136e+00, 1.1673687116118259e+01,
       -1.5190400593514705e-01, -6.2769216897115498e-01,
       -2.1118118123236638e+02, -1.1041102207556083e+01,
       4.4597667725713258e+01, 1.2254155808629264e+01,
       -1.0762086366891081e+01, 1.0020423733901367e+01,
       -1.1409412683894649e+00, -5.7830878793914742e-01,
       1.3485351904498862e+02, 2.5609934746108507e+01,
       -3.7037664951134133e+01, -4.6185619826785036e+00,
       -4.7615431077159815e+00, 1.6599374534829167e+01,
       -5.3430289256256378e+00, -2.7974988917417516e-02,
       8.0503001022580122e+01, 1.2105070409285950e+01,
       -2.7615403636900780e+01, -3.0803969686809005e+01,
       -2.9139839580411330e+01, -1.5101122090060981e+01,
       1.8938375690229600e-01, -1.3422183534049799e+00,
       -1.2806044668466447e+01, 2.8117271397467672e+01,
       1.0922532140542575e+01, -1.5660872409240437e+01,
       3.5431607990754749e+01, -7.2344130363313965e+00,
       1.5735660662398951e+00, 4.7459428209526716e-01,
       -1.2089531537401682e+02, 4.7820519289647400e+01,
       2.9783550637644012e+01, -2.0448946044581383e+01,
       -6.6412713125109182e+00, 2.5750752286247341e+01,
       -2.3484846663426362e+00, 2.0195208529563411e+00,
       -5.4048300317105337e+01, -8.0316517446483417e+01,
       1.4585455363525172e+01, 5.0278469234512286e+01,
       8.2186229180207420e+00, -3.2918311261185638e+00,
       2.1682596280318975e+00, -2.4433118380134677e-01,
       -9.5855074304624665e+01, -1.8428871914870069e+01,
       3.2654130991689044e+01, 1.4532972008252946e+01,
       1.3302957025487684e+01, -1.0421315482977104e+01,
       -9.4253597990389704e-01, -1.6812567404862870e+00,
       -1.9966144358649422e+02, 9.6103020255725497e+01,
       4.1973760402030592e+01, -5.3210439651314793e+01,
       -2.4424161680997106e+01, 1.8139461038991993e+01,
       -3.8971645261316818e+00, 2.0505529124847541e+00,
       2.7557437879519309e+01, 1.4184147624501952e+02,
       -2.2904685073678274e-01, -7.5865252891359106e+01,
       2.1053775622720813e+01, 7.3214339425650676e+00,
       1.5453673859056105e-01, 2.0030423979953045e+00,
       1.0328226936919306e+02, -4.6622795156175243e+01,
       -2.9245712696822196e+01, 3.3808908114045622e+01,
       -5.5284558605166874e+00, 1.0919807841532094e+01,
       -3.4947206930649476e-02, 1.3641657453473190e+00,
       3.9737647662759848e+01, 6.3591720213207816e+00,
       -2.3810269860547035e+00, -1.0341252818001625e+01,
       3.1000204683324255e+00, -5.6212958459200211e+00,
       -1.1192918967981775e+00, 1.0450294469854118e-01,
       -1.4833680162436801e+02, -1.0398678784037402e+02,
       2.7537601644419723e+01, 6.6270466760721035e+01,
       -1.9783657641943662e+01, 7.5467964864777248e-01,
       -2.3553340278042062e-01, -1.4687187242194175e+00,
       8.1740088914462646e+01, 1.7967202792242400e+01,
       -2.2762152269997266e+01, -3.2097318604381677e+01,
       -2.5608639614184305e+01, -2.0373388956570622e+01,
       1.1995890421343902e+00, -2.5947399512179961e+00,
       3.4080369785171079e+01, -9.8007184361491028e+01,
       -1.1163159444622904e+01, 6.7571617452439625e+01,
       -4.0174317186099735e+00, -9.7603280784821356e-01,
       2.0547283671917480e+00, -3.4735742446933066e-01,
       7.1175098591176507e+01, 1.5292035429416119e+01,
       -1.7442253607902000e+01, -2.1405226437536067e+00,
       1.2728104843840569e+01, 4.6888045308279009e+00,
       9.2889978454271216e-01, 1.5522511912876997e+00,
       -1.5240912906285200e+02, 4.0898974406108991e+01,
       3.6724801765167001e+01, -2.8529236948437998e+01,
       -6.1756747051250001e+00, -1.0626210296415531e+01,
       2.0777954247731673e-01, -1.2411467659971904e+00 ]
covs: !!opencv-matrix
   rows: 136
   cols: 8
   dt: d
   data: [ 4.4401451010146293e+03, -6.1132903963264278e+00,
       3.0068152915786568e+03, 2.1443829839607503e+02,
       -9.5538807273005744e+01, -9.2657780947532586e+01,
       -7.6087510537128608e+01, 1.3640779997750471e+01,
       -6.1132903963264464e+00, 5.9750253331215990e+03,
       4.0693278659990980e+01, 2.1954723333158281e+03,
       -8.1989744546458624e+01, -6.1713553114510766e+01,
       3.6835362315410535e+01, -6.6941771878308671e+01,
       3.0068152915786568e+03, 4.0693278659990959e+01,
       2.5304892217461761e+03, 2.0623124087847383e+01,
       -8.3856348039672582e+01, 4.3931913265332973e+01,
       3.1568227667775286e+01, -7.3825638146785897e+00,
       2.1443829839607494e+02, 2.1954723333158281e+03,
       2.0623124087847390e+01, 1.3056366570007908e+03,
       -3.1765862747070322e+01, -9.4804654931815591e+01,
       -3.1948209307901028e+00, 4.9156782700187087e+01,
       -9.5538807273005787e+01, -8.1989744546458596e+01,
       -8.3856348039672582e+01, -3.1765862747070326e+01,
       1.5209470663784108e+01, 9.4378730404941269e+00,
       -4.5626835426518992e+00, -2.6792832995174982e+00,
       -9.2657780947532572e+01, -6.1713553114510773e+01,
       4.3931913265332966e+01, -9.4804654931815591e+01,
       9.4378730404941269e+00, 4.8954025109522810e+01,
       1.4220618967560435e+01, -1.2262839561855429e+01,
       -7.6087510537128608e+01, 3.6835362315410535e+01,
       3.1568227667775286e+01, -3.1948209307901054e+00,
       -4.5626835426518992e+00, 1.4220618967560435e+01,
       2.2111986626955954e+01, -3.8255760019624709e+00,
       1.3640779997750476e+01, -6.6941771878308657e+01,
       -7.3825638146785924e+00, 4.9156782700187087e+01,
       -2.6792832995174991e+00, -1.2262839561855429e+01,
       -3.8255760019624701e+00, 1.6975220889722515e+01,
       5.0888290999134933e+03, -1.3869840862749683e+02,
       3.0493429044043851e+03, 3.2043047392906419e+02,
       3.0068591711809358e+01, 1.3784147866027670e+01,
       7.9242137572669748e+01, -7.5875695345939974e+01,
       -1.3869840862749680e+02, 6.4738717766663221e+03,
       -7.7502876459455550e+01, 1.7484019163910918e+03,
       -1.3641081292939353e+02, -1.3299499837751036e+01,
       3.9237130817664870e+01, 3.6118195008451146e+01,
       3.0493429044043851e+03, -7.7502876459455621e+01,
       2.3932846897890713e+03, -4.7056182806355366e+01,
       -7.7005509661809768e+01, -1.6215454207419825e+01,
       -1.8810174782390085e+01, 2.3878822667789404e+01,
       3.2043047392906419e+02, 1.7484019163910918e+03,
       -4.7056182806355395e+01, 1.3670976246021230e+03,
       5.1565851945891037e+00, -5.3944719351789040e+01,
       -2.3563845421079026e+01, -2.4287855144277291e+01,
       3.0068591711809347e+01, -1.3641081292939353e+02,
       -7.7005509661809768e+01, 5.1565851945891028e+00,
       6.6000890961861373e+01, -6.1786779685898274e+00,
       7.4793288777223532e-01, -2.5045818631385234e+01,
       1.3784147866027688e+01, -1.3299499837751036e+01,
       -1.6215454207419832e+01, -5.3944719351789040e+01,
       -6.1786779685898274e+00, 6.0811478662531094e+01,
       1.4522155801368960e+01, -5.3532902874956241e+00,
       7.9242137572669748e+01, 3.9237130817664884e+01,
       -1.8810174782390085e+01, -2.3563845421079026e+01,
       7.4793288777223488e-01, 1.4522155801368960e+01,
       2.3376585531327255e+01, -3.5154498284351865e+00,
       -7.5875695345939974e+01, 3.6118195008451131e+01,
       2.3878822667789404e+01, -2.4287855144277295e+01,
       -2.5045818631385234e+01, -5.3532902874956241e+00,
       -3.5154498284351869e+00, 2.1559440364150159e+01,
       4.2201704175901214e+03, -1.3016378785101017e+02,
       2.9452638642860038e+03, 3.3140768864076131e+02,
       -1.4380353047095176e+02, -5.1682272995072445e+01,
       -8.3031393284812808e+01, 6.4430102873402770e+00,
       -1.3016378785101023e+02, 5.4472505227759111e+03,
       -2.2084143554692236e+02, 2.2118516845015974e+03,
       -4.4580275753589802e+01, -9.3581900703916347e+01,
       5.2240383263525032e+01, 2.9276776980011682e+01,
