%YAML:1.0
means: !!opencv-matrix
   rows: 19
   cols: 4
   dt: d
   data: [ -5.9978881459536701e+01, 7.4842162114439162e+01,
       -6.4491758024075480e+01, 3.3412175334242356e+01,
       5.7314870857521228e+01, -2.5682888663516408e+01,
       5.4253722506379674e+01, -2.0431429470755223e+01,
       -2.7457536649139075e+02, 2.7049784700591751e+01,
       -1.8093988294989590e+01, -3.2414264045036148e+01,
       1.3052613624131800e+01, -8.7848938951746135e+01,
       -8.0239028590455888e+01, 1.6028371298284497e+01,
       1.0175774961193781e+02, 2.2127686609244567e+01,
       -6.5511191677682746e+01, -2.2283008542433247e+01,
       1.9413910926877236e+02, 7.4123916292580759e+01,
       1.7241345856799072e+01, 1.1701786916759138e+01,
       -1.6538175500505929e+02, -3.1924828078698603e+01,
       6.5045067053867456e+01, -3.8951339356660263e+01,
       -2.0656160321608152e+02, -9.1968366934013403e+01,
       -1.9124061459816808e+01, 4.1890600659389257e+01,
       -1.8421401060364485e+02, 1.2649901552027525e+02,
       4.8960080435786161e+01, 4.5103026975157663e+00,
       -9.2614507511155324e+01, 2.5277840455964495e-01,
       2.6467666910325164e+01, 7.0560264839179425e+01,
       -9.4741798428108581e+01, -1.1179341071417915e+02,
       6.1024537674580785e+01, 4.7912459143940886e+01,
       1.8100329586241506e+02, -4.5245559288469330e+01,
       3.8167200124317489e+01, -5.6002885395111953e+01,
       7.2124037869028655e+01, 1.1909080139228646e+01,
       -2.9050827107021433e+01, -3.5255444183233088e+01,
       1.0523214283569520e+02, 2.2397626950139699e+01,
       -2.4298004365825442e+01, 5.8284330708199519e+01,
       1.2718888376224730e+02, -1.0892020128720984e+02,
       9.3097240232174994e-01, 3.8234502783948874e+00,
       8.2591196856766373e+01, 8.0281529468487435e+01,
       7.1501749913800623e+01, 4.4436211936755171e+01,
       -1.1501522876071841e+02, 4.0710584710892299e+01,
       4.0572421200811526e+01, -3.1240704045712189e+01,
       5.6274471647940274e+00, 1.1753149694755000e+02,
       6.9285594879088197e-01, 2.2959416648973498e+01,
       -4.8157953196758406e+01, -2.7158840859029514e+01,
       -2.5899986469713575e+01, -2.6258192113838636e+01 ]
covs: !!opencv-matrix
   rows: 76
   cols: 4
   dt: d
   data: [ 6.1769804790290773e+03, 7.7423500537686562e+02,
       -1.6490578094340874e+03, -1.4184773006408614e+02,
       7.7423500537686562e+02, 4.0653157165977477e+03,
       5.7318475335441441e+01, -1.6401800224109707e+03,
       -1.6490578094340874e+03, 5.7318475335441441e+01,
       8.6567194404672000e+02, -1.4700414900898807e+02,
       -1.4184773006408616e+02, -1.6401800224109704e+03,
       -1.4700414900898801e+02, 1.9492771877335153e+03,
       2.7429183462959850e+03, 1.4713732940748828e+03,
       1.9020974304421864e+02, -3.0637505535148102e+02,
       1.4713732940748828e+03, 8.7903864279669524e+03,
       -3.3689996223105049e+02, -1.5265074997190452e+03,
       1.9020974304421861e+02, -3.3689996223105044e+02,
       7.1140140163983585e+02, 2.0095398243377011e+02,
       -3.0637505535148097e+02, -1.5265074997190452e+03,
       2.0095398243377014e+02, 2.1601333815537623e+03,
       2.1712776411119453e+03, 1.0413978453729850e+02,
       2.2893536358265672e+02, -8.2233384328939621e+01,
       1.0413978453729845e+02, 7.7836922100615548e+03,
       9.8233006102492091e+00, 5.2796321980930520e+02,
       2.2893536358265672e+02, 9.8233006102492162e+00,
       3.0933638431465380e+02, 5.4984391287100664e+01,
       -8.2233384328939621e+01, 5.2796321980930543e+02,
       5.4984391287100664e+01, 1.7264735447595913e+03,
       3.6330440939957061e+03, 1.7269059264972077e+03,
       -2.6879641129385112e+02, -1.1497162102454399e+03,
       1.7269059264972077e+03, 4.8508707313231180e+03,
       -1.3178418457360340e+02, 1.8852807094875502e+02,
       -2.6879641129385124e+02, -1.3178418457360340e+02,
       7.3975448385872880e+02, 3.1342787885396734e+02,
       -1.1497162102454402e+03, 1.8852807094875507e+02,
       3.1342787885396734e+02, 1.4151429086754072e+03,
       3.1264714589612026e+03, -2.9471012548092307e+02,
       1.3108574938087202e+03, 2.2554155813791147e+02,
       -2.9471012548092307e+02, 5.3089205085426502e+03,
       8.7757813512390570e+01, 1.9475732903815440e+03,
       1.3108574938087202e+03, 8.7757813512390555e+01,
       1.4219869197845524e+03, -9.3120419434746296e+01,
       2.2554155813791138e+02, 1.9475732903815440e+03,
       -9.3120419434746339e+01, 1.3007377141183842e+03,
       2.4967366706345415e+03, -5.8420617675389030e+02,
       1.6133152840880143e+02, 2.4830361367601668e+02,
       -5.8420617675389030e+02, 2.5127140702972024e+03,
       -1.4904180301461548e+02, 2.0406564401549923e+02,
       1.6133152840880143e+02, -1.4904180301461548e+02,
       5.2728897267968080e+02, -1.0985905124166209e+02,
       2.4830361367601668e+02, 2.0406564401549929e+02,
       -1.0985905124166207e+02, 7.0720551767503468e+02,
       3.9411252245821947e+03, -6.3666510898299755e+01,
       1.7258213885663502e+03, 1.1904412677042778e+02,
       -6.3666510898299734e+01, 5.2961179733850513e+03,
       -3.4467934105361913e+01, -8.8674837324397197e+02,
       1.7258213885663502e+03, -3.4467934105361913e+01,
       1.4107531563397963e+03, 5.4546054805277869e+01,
       1.1904412677042785e+02, -8.8674837324397197e+02,
       5.4546054805277855e+01, 1.4447630808650447e+03,
       2.3288092334945932e+03, 2.6958290365031831e+02,
       5.9849699236072001e+02, -1.3768194189786689e+02,
       2.6958290365031831e+02, 5.9765381826803932e+03,
       3.9904043856067403e+02, 1.3014376274677934e+03,
       5.9849699236072001e+02, 3.9904043856067403e+02,
       6.5889033599392224e+02, -2.5424658160542538e+02,
       -1.3768194189786695e+02, 1.3014376274677934e+03,
       -2.5424658160542535e+02, 1.2472987334485831e+03,
       4.2828626934119920e+03, 5.3133233995794271e+01,
       2.3798933511316150e+03, -4.0517396633840576e+02,
       5.3133233995794242e+01, 4.0578373805963965e+03,
       -2.2694863145477510e+02, -9.3750900947099672e+02,
       2.3798933511316150e+03, -2.2694863145477504e+02,
       1.9564028445220029e+03, -1.5952872747970883e+02,
       -4.0517396633840593e+02, -9.3750900947099672e+02,
       -1.5952872747970881e+02, 1.0057793956503519e+03,
       6.2439301238748258e+03, -1.6776351373524724e+03,
       7.5675942855189601e+02, 8.9751214685027506e+01,
       -1.6776351373524724e+03, 2.3789371557887866e+03,
       3.1732422872539064e+02, 7.9340673068713713e+01,
       7.5675942855189612e+02, 3.1732422872539064e+02,
       2.1479221166638340e+03, -5.1997606841924983e+02,
       8.9751214685027549e+01, 7.9340673068713741e+01,
       -5.1997606841924983e+02, 7.9175442198393239e+02,
       2.5571624500032790e+03, 4.1418214810914856e+02,
       1.2837349624295673e+03, -1.2870479785226496e+02,
       4.1418214810914856e+02, 5.1917853969087246e+03,
       2.7967050835549845e+01, 1.6571174364964618e+03,
       1.2837349624295673e+03, 2.7967050835549848e+01,
       1.0295472919938675e+03, -1.0960243473836894e+02,
       -1.2870479785226499e+02, 1.6571174364964618e+03,
       -1.0960243473836894e+02, 1.3422223066674219e+03,
       3.0837289921946526e+03, -4.2498036491479303e+02,
       -7.3085007898826245e+02, 4.3600504563343776e+02,
       -4.2498036491479297e+02, 2.3387477969085980e+03,
       1.9267464903311520e+02, 4.8019872312220110e+02,
       -7.3085007898826245e+02, 1.9267464903311520e+02,
       5.2461986821144671e+02, -1.0874456650702551e+02,
       4.3600504563343787e+02, 4.8019872312220110e+02,
       -1.0874456650702551e+02, 5.7352625781151130e+02,
       3.5137852248273093e+03, 1.9496159254062923e+02,
       2.6438924366770048e+03, 1.6423138231280825e+02,
       1.9496159254062925e+02, 5.2099425562955639e+03,
       1.0006958685376689e+02, 2.2519194539179330e+03,
       2.6438924366770048e+03, 1.0006958685376689e+02,
       2.2006397912845937e+03, 6.9999190438217425e+01,
       1.6423138231280817e+02, 2.2519194539179325e+03,
