%YAML:1.0
means: !!opencv-matrix
   rows: 27
   cols: 6
   dt: d
   data: [ 8.2661268384730903e+01, 1.7996188169852395e+01,
       -2.3045936433102192e+01, -3.2256294852428653e+01,
       -2.5660650283026026e+01, -2.0181848821483417e+01,
       1.0132989082463250e+02, -4.8059898750029859e+01,
       -3.0216148234844468e+01, 3.5068990011675027e+01,
       -8.1722946590258216e-01, 1.4545226158052452e+01,
       5.4615349195728911e+01, 1.1572395589099737e+02,
       -1.6531760288431130e+01, -1.2776694677385905e+01,
       1.6605396228817773e+00, -1.6732763611947746e+01,
       1.4937659288675229e+02, 9.2500695297183313e+01,
       -4.5716922126370100e+01, 3.9379363332470270e+01,
       -7.4798070747155618e+00, 9.4749681378031063e+00,
       -2.5010374112025497e+02, 1.0256508312360454e+01,
       -1.5246132191842378e+01, 4.3626456535497160e-01,
       -4.0698312124224776e+00, -2.2362080559098532e+00,
       6.7864110805575237e+01, -7.2419272592944793e+01,
       -2.4631890600556492e+01, 4.1456258475127903e+01,
       -1.0881674884748964e+01, 5.8531133255795078e+00,
       -1.2815060846180461e+02, 3.6202858551741168e+00,
       6.7445409691747429e+01, -5.7078699360384446e+00,
       -4.8065105330635873e+00, -6.2371170065924932e+00,
       2.4484079672771244e+01, -1.0139477650760222e+02,
       -9.8536190992964698e+00, 6.8688824983126466e+01,
       -4.3570702634670164e+00, -1.7611782592842355e+00,
       -5.2509221609211849e+01, 2.4770929622467236e+01,
       -4.0262887062514352e+00, 9.8492047725998795e+00,
       1.1275546581142088e+01, -3.2694263012091778e+00,
       4.9200547869350672e+01, -2.2271631051127908e+01,
       -1.4457989949061053e+01, -6.7649509706874312e+01,
       3.1131877834299710e+00, -1.4679660166256923e+01,
       -1.2657856574331075e+02, 5.0616612618718356e+01,
       3.4415367409511269e+01, -3.3403943957904460e+01,
       -4.2706374418072146e+00, -1.0836482300326553e+01,
       2.1284534804386098e+02, -1.8463805890670958e+01,
       1.0418544855364617e+01, -1.1218339469632127e+01,
       -7.8789888641702381e+00, 1.0451723525537856e+01,
       1.0309283536262586e+02, -5.6623903914553352e+01,
       5.7138016482553098e+01, -2.0796660581595741e+01,
       1.4684486070412456e+01, 2.1304243672214729e+00,
       -2.0601808851618679e+02, 1.0113236370477134e+02,
       4.2812486926826999e+01, -5.0731349992709575e+01,
       -2.2701567252798664e+01, 2.3627893350887035e+01,
       7.7727635466066634e+00, -8.2321470769628277e+01,
       7.8138273918598301e+01, 4.7932803924163537e+01,
       5.4224822751718929e+00, -5.0799680719554772e+00,
       -5.2698990293444838e+00, 4.1170036224599819e+01,
       1.0514039186820167e+01, -2.0401535924149751e+01,
       3.7955736475103926e+01, -5.8228709714365445e+00,
       -1.9456819877581603e+02, -9.4471831249372627e+01,
       4.4136188448701283e+01, -1.5456012170795603e+01,
       -8.1626956029464335e+00, 1.4310274603990809e+01,
       1.4456405075768282e+02, -1.1854559495840848e+01,
       -5.1521891936505455e+01, -1.6252362805581463e+01,
       -6.0048266304405553e+00, 1.4116006824335530e+01,
       -1.4931330260476662e+02, -1.0226260125488088e+02,
       2.7034534271149237e+01, 6.6685981816833689e+01,
       -1.9486206723633536e+01, 6.9911120241281610e-01,
       -8.5264743938218757e+01, -7.1942034634984736e+01,
       -4.2630669521702762e+00, 4.8715813958183055e+01,
       1.0327581246779220e+01, -3.3570253530816849e+00,
       -4.2102182599823024e+01, -9.3715429063192417e+01,
       -2.0681265144183129e+01, -3.1439038782459480e+01,
       2.8108904363554412e+01, 2.1523162454923508e+00,
       1.1728372881292869e+02, 8.4599024823056808e+01,
       4.9101940743050292e+01, 3.3921364865468199e+01,
       1.1430930322058723e+01, -8.8929551598858214e-01,
       7.6089368295193282e+01, 1.3048497410331692e+01,
       -2.4515855629008435e+01, -3.1291522807804117e+01,
       -2.9855321551833480e+01, -1.5969255066929952e+01,
       -1.7873027990731634e+02, 4.7930771432637016e+01,
       4.9157008289755353e+01, 3.3265371072177494e+01,
       -8.6964308135611006e+00, 1.4600947581250820e+01,
       2.0971604921737317e+01, 1.5258640854510952e+02,
       -1.8431600352426281e+00, -8.5675903338280733e+01,
       1.6329558774521363e+01, 1.4653245008723257e+01,
       4.2596303374514207e+01, 2.2593332340151200e+01,
       -2.6555111968450881e+01, 6.3451250843836631e+00,
       1.6579662397794511e+01, 7.3676587209287288e+00,
       5.6807599979273483e+01, -1.1634973323896304e+01,
       -7.6457923444625294e+01, -3.6625372405932510e+00,
       -2.9292663214573555e+00, 6.3386480013214150e+00 ]
