%YAML:1.0
means: !!opencv-matrix
   rows: 9
   cols: 10
   dt: d
   data: [ 2.6851203949558373e+00, -9.1582786834777735e+01,
       -1.1694925127695048e+00, 5.8703268670890814e+01,
       4.2992055189481237e-01, -1.1532485464734301e+00,
       1.9081661581715763e+00, -3.0270184159605235e-01,
       1.7076830744165186e-01, -1.7190243546760173e-02,
       -7.1329978040492094e+01, 1.2348940858165117e+01,
       2.5977631317158433e+01, -1.3736536522346093e+01,
       1.8674658891745342e+01, -1.5196721803730197e+01,
       2.5664596149628576e+00, 2.3361403238305170e-01,
       1.6752300030116268e-01, 5.1816169854177044e-02,
       1.4108000840024565e+02, -7.8196961952407147e+00,
       -3.7897065657717270e+01, 8.4145265741491642e+00,
       -5.1028119395908655e+00, 1.2613883677276709e+01,
       -6.5647498539997795e-01, 1.4947072145277096e+00,
       2.9943681571254960e-01, -5.4935102263274568e-03,
       -3.2651081625901803e+01, 4.8921894346636506e+01,
       4.5257928905430154e+00, -2.6747723460794980e+01,
       4.8407843047492977e-01, 5.0392749170049100e+00,
       8.3294978046828838e-01, 2.1145258554937492e+00,
       1.0364413280069289e+00, 1.3465299802421071e-01,
       4.9917770433002275e+01, 8.6381892853852715e+00,
       -7.5477674153684218e+00, -1.4500191901539400e-01,
       1.5895278404761106e+01, 9.1569711325121694e-01,
       4.7628554907509635e-01, 8.1903252582096342e-01,
       3.8307685516808709e-01, -1.1224556758437355e-02,
       -1.9366045510023795e+02, 7.1972969548673589e+01,
       4.0393974936087076e+01, -4.1149543960949082e+01,
       -1.8258629649055276e+01, 7.9661968199230584e+00,
       -2.5828455164553668e+00, 3.8114596958482444e-01,
       1.0730905843998140e-01, 1.7863579047894101e-01,
       -1.7156199654390699e+02, -5.9724016510512598e+01,
       3.6145907649802311e+01, 4.0963790006800963e+01,
       -1.2044519886395253e+01, 3.5404659458048191e+00,
       -1.4890728401011205e-01, -1.0338992661499666e+00,
       2.8243055870615924e-01, -1.3286900972400417e-01,
       4.5054399350383058e+01, 1.4049765280850194e+01,
       -4.4789011992162218e+00, -1.0534259079067571e+01,
       7.0298891380359585e+00, 4.5132240009040059e-01,
       -5.6143996819066002e+00, -4.2786558520520961e+00,
       -4.4698827506082743e+00, -2.0405744584413024e-01,
       8.1972180946984523e+01, 1.5842276201235205e+01,
       -2.3856585625079660e+01, -3.2136637643883411e+01,
       -2.6478681938615043e+01, -1.9646840748402006e+01,
       9.0851644841095880e-01, -2.3239962847836861e+00,
       2.0728557991630628e-01, -2.4250888469287562e-02 ]
covs: !!opencv-matrix
   rows: 90
   cols: 10
   dt: d
   data: [ 7.1951188509534022e+03, 1.1276643891709142e+02,
       2.3966492114517109e+03, 2.1063423239415962e+02,
       -3.0442344726767772e+02, 1.5934547555302794e+02,
       -1.3885179228013456e+01, 1.7703437328958746e+01,
       9.4916978123989786e+00, -1.2495258821280695e+00,
       1.1276643891709146e+02, 6.5054637624826119e+03,
       -8.3351307036503556e+01, 2.0311097515610591e+03,
       1.5786609781955615e+01, -1.2996675167434008e+01,
       7.4232385573760794e+01, -1.8709445204347094e+01,
       -6.5499775870457881e+00, -2.8225234227823552e+00,
       2.3966492114517105e+03, -8.3351307036503599e+01,
       2.6977440361664885e+03, -1.0151960442252181e+02,
       -2.2064361868966134e+01, 3.8084209805291275e-01,
       1.1138945800164889e+01, 4.4112142496103433e+00,
       -3.2956878675595802e-01, 4.8315549856841447e+00,
       2.1063423239415962e+02, 2.0311097515610593e+03,
       -1.0151960442252185e+02, 1.2379414588837608e+03,
       -9.5818280630953353e+01, -1.3887703715914051e+02,
       -3.6883482862131366e+01, 1.4785714551206343e+01,
       3.9620970842463104e+00, -1.8028731331890659e+00,
       -3.0442344726767772e+02, 1.5786609781955608e+01,
       -2.2064361868966145e+01, -9.5818280630953353e+01,
       1.2465650617696294e+02, -1.2472810268700485e+01,
       -4.8497889455324277e+00, -5.6801975675363163e+00,
       2.2982199704348703e+00, -4.7573435659370295e-01,
       1.5934547555302791e+02, -1.2996675167433997e+01,
       3.8084209805291447e-01, -1.3887703715914051e+02,
       -1.2472810268700485e+01, 5.8740589819049518e+01,
       2.1679187834051039e+01, -6.4512199352090684e+00,
       -2.2522779015894674e+00, -3.3097679597253550e-02,
       -1.3885179228013456e+01, 7.4232385573760780e+01,
       1.1138945800164885e+01, -3.6883482862131373e+01,
       -4.8497889455324277e+00, 2.1679187834051042e+01,
       1.9468359098848136e+01, -1.3403101091968739e+00,
       -2.6613143294118387e+00, 2.0892193790738153e-01,
       1.7703437328958735e+01, -1.8709445204347102e+01,
       4.4112142496103450e+00, 1.4785714551206343e+01,
       -5.6801975675363172e+00, -6.4512199352090693e+00,
       -1.3403101091968741e+00, 1.3873524545363290e+01,
       -2.5080390538204558e+00, 2.4995353999389483e-01,
       9.4916978123989786e+00, -6.5499775870457881e+00,
       -3.2956878675595813e-01, 3.9620970842463104e+00,
       2.2982199704348707e+00, -2.2522779015894674e+00,
       -2.6613143294118387e+00, -2.5080390538204558e+00,
       1.5892331940992226e+00, -3.9998346519456310e-03,
       -1.2495258821280695e+00, -2.8225234227823548e+00,
       4.8315549856841447e+00, -1.8028731331890653e+00,
       -4.7573435659370283e-01, -3.3097679597253557e-02,
       2.0892193790738145e-01, 2.4995353999389491e-01,
       -3.9998346519456241e-03, 3.8021509034146894e-01,
       6.8023655899310852e+03, 1.3318207975597318e+03,
       2.6416267230876638e+03, -6.8356690922136045e+02,
       5.5734982967942767e+02, 2.9890556714772043e+01,
       -1.8733548012888577e+00, 1.8497114791794736e-01,
       1.1706411395070997e+01, 7.1379881488455243e+00,
       1.3318207975597322e+03, 7.5558782313789070e+03,
       -4.9149949879796407e+02, 1.3608047515287840e+03,
       2.0656493709538859e+02, -4.3627025301251329e+01,
       2.4576780203667841e+01, -1.9965717540155484e+01,
       4.9062511370076791e+00, 6.7790980599910302e+00,
       2.6416267230876638e+03, -4.9149949879796407e+02,
       2.5373601048904652e+03, 1.2165701349502024e+02,
       -1.9477734177155429e+02, 8.2379924255322603e+00,
       -8.5688992730536935e+00, 5.0146762680535018e+00,
       1.0603120721956365e+00, -8.5651894133237705e-01,
       -6.8356690922136033e+02, 1.3608047515287840e+03,
       1.2165701349502024e+02, 1.7147222402005561e+03,
       -1.9088703678328213e+02, 2.3680183912093046e+01,
       -6.6876063033694315e+00, -4.8448201371979520e+00,
       -1.5699216075290552e+00, -3.1582036579808266e+00,
       5.5734982967942767e+02, 2.0656493709538861e+02,
       -1.9477734177155432e+02, -1.9088703678328210e+02,
       2.2248185679188165e+02, -3.5422222354777544e-01,
       -1.9117847965226865e+01, -3.9704397259595345e+00,
       6.0597762280515237e+00, 1.2069359920061979e+00,
       2.9890556714772043e+01, -4.3627025301251336e+01,
       8.2379924255322443e+00, 2.3680183912093053e+01,
       -3.5422222354777538e-01, 9.2579374538926828e+01,
       2.4484306671493776e+01, -1.2939447703137191e+01,
       -2.3528793523252540e+00, -5.3324145957172675e-01,
       -1.8733548012888577e+00, 2.4576780203667845e+01,
       -8.5688992730536917e+00, -6.6876063033694324e+00,
       -1.9117847965226865e+01, 2.4484306671493776e+01,
       1.9719805356674367e+01, -1.4792137058731578e+00,
       -2.5789474258385594e+00, 1.2645776068604042e-01,
       1.8497114791794744e-01, -1.9965717540155484e+01,
       5.0146762680535062e+00, -4.8448201371979529e+00,
       -3.9704397259595363e+00, -1.2939447703137189e+01,
       -1.4792137058731576e+00, 1.1873751696068410e+01,
       -1.9430845718258898e+00, 6.1972580724541437e-01,
       1.1706411395070994e+01, 4.9062511370076791e+00,
       1.0603120721956372e+00, -1.5699216075290559e+00,
       6.0597762280515219e+00, -2.3528793523252540e+00,
       -2.5789474258385594e+00, -1.9430845718258902e+00,
       1.3911421234391039e+00, -1.0696308092457918e-01,
