%YAML:1.0
means: !!opencv-matrix
   rows: 16
   cols: 2
   dt: d
   data: [ -4.8737276168681390e+01, 5.8683128985902115e+01,
       1.2136317379017567e+02, -1.0740020767745013e+02,
       1.6218511807558377e+02, 7.2517915080921881e+01,
       -1.5961461280483775e+02, -1.4016713134097608e+02,
       4.7337550660785723e+01, 4.3782317950511590e+01,
       -2.2969680856108135e+02, 1.1294781951174006e+02,
       -1.4121211193767630e+02, 5.1515285678732532e+01,
       -2.3842580678005726e+02, -1.7036660021056313e+01,
       5.8568969707785101e+01, -5.9190322488134733e+01,
       1.9493970136113111e+02, -5.0791230626940880e+01,
       -1.0331471897790071e+02, -3.9652340879353446e+01,
       -5.7286807766384371e+01, 1.4024789754268025e+02,
       8.3474250057211648e+01, 1.1229633826180131e+02,
       -8.6845288927555675e+00, -2.4975381464231614e+01,
       -2.5683010811369670e+01, -1.3066385089166812e+02,
       1.1780357778919830e+02, -1.5785429627588302e+01 ]
covs: !!opencv-matrix
   rows: 32
   cols: 2
   dt: d
   data: [ 2.3991790761830098e+03, 9.2675667670872588e+02,
       9.2675667670872588e+02, 3.6019476325840324e+03,
       2.5238273080212039e+03, 1.1162485596691640e+03,
       1.1162485596691640e+03, 4.2902996592912805e+03,
       3.3404339285646652e+03, 2.6329519660783558e+02,
       2.6329519660783558e+02, 2.0464835276659096e+03,
       5.6684661998031906e+03, -3.6628285184158227e+02,
       -3.6628285184158227e+02, 3.5330197475689911e+03,
       2.0403356229963867e+03, -4.7076614225155345e+02,
       -4.7076614225155356e+02, 2.6567336922501154e+03,
       3.2444401400700481e+03, -3.9132139786110024e+01,
       -3.9132139786110024e+01, 4.2803547596404633e+03,
       2.4637047997762043e+03, 1.6496430142299698e+03,
       1.6496430142299698e+03, 5.4142312413581967e+03,
       3.1046018672059540e+03, -1.7167467897771658e+02,
       -1.7167467897771652e+02, 4.0928559481504867e+03,
       1.6125779095238345e+03, 3.0032263291478483e+02,
       3.0032263291478478e+02, 2.4982789442169974e+03,
       2.2769102331331223e+03, 2.0500470087630637e+02,
       2.0500470087630637e+02, 4.6077155323351917e+03,
       2.2766012740822061e+03, 2.1053606101484840e+02,
       2.1053606101484840e+02, 3.1197798314190463e+03,
       9.3459763015420049e+03, 2.3198234150858657e+03,
       2.3198234150858657e+03, 4.9180430473629694e+03,
       2.7769221328719073e+03, 1.7693457666916123e+02,
       1.7693457666916115e+02, 1.5878866536877676e+03,
       1.5555939395887133e+03, 2.3342687907735151e+02,
       2.3342687907735151e+02, 2.3512475453322772e+03,
       3.5750080744672359e+03, 1.7289361180143780e+02,
       1.7289361180143780e+02, 3.3351128962246453e+03,
       1.8518445867549788e+03, -1.7174372302994975e+01,
       -1.7174372302994971e+01, 3.1134133950136738e+03 ]
weights: !!opencv-matrix
   rows: 1
   cols: 16
   dt: d
   data: [ 6.4230442467899967e-02, 5.2622347971740563e-02,
       7.4072507006977831e-02, 4.1506589803746989e-02,
       8.6942817567402603e-02, 4.0364653290380248e-02,
       5.3321293278295878e-02, 4.6652981664936276e-02,
       7.8592692389423513e-02, 4.8692090107176823e-02,
       7.1018228582976101e-02, 5.4652994923438003e-02,
       5.9156342117721514e-02, 8.1293313654212856e-02,
       6.9682187581554172e-02, 7.7198517592101848e-02 ]
pca_proj: !!opencv-matrix
   rows: 2
   cols: 21
   dt: f
   data: [ 4.36961316e-02, 8.50134730e-01, 1.73015636e-04,
       6.54514134e-02, 4.60692108e-01, 2.29939164e-04, 7.67599978e-03,
       1.46649793e-01, -1.37564148e-05, 1.21663406e-03, 1.30500361e-01,
       -5.45994153e-05, 8.06188770e-03, 1.42052382e-01, -2.12945142e-05,
       -2.45414903e-05, 9.56867734e-06, -1.94090262e-06, 3.13729906e-05,
       4.34020360e-04, 2.32224409e-07, 7.68702388e-01, -5.10314330e-02,
       1.14127281e-04, 4.21110362e-01, -3.83849256e-02, 4.02935693e-05,
       2.81941950e-01, -1.35209868e-02, 1.95932400e-04, 2.66951323e-01,
       -4.70317341e-03, 2.29704310e-04, 2.76557714e-01, -1.55316098e-02,
       2.11025646e-04, -3.74769334e-05, 5.54774260e-06, -7.89335627e-06,
       8.86836962e-04, -5.85095040e-05, 1.91629806e-04 ]
pca_mean: !!opencv-matrix
   rows: 1
   cols: 21
   dt: f
   data: [ 2.07625534e+02, 2.55653595e+02, 1.54502928e+00,
       2.18915131e+02, 2.60592743e+02, 1.67241716e+00, 2.65274475e+02,
       2.24016678e+02, 1.71669352e+00, 3.19420807e+02, 1.63929108e+02,
       1.75046074e+00, 3.16613464e+02, 2.25532654e+02, 1.70717156e+00,
       1.08872897e-04, -9.74175637e-05, 6.24380555e-05, -2.17504916e-04,
       -2.50119597e-01, 1.75055194e+00 ]
gamma: !!opencv-matrix
   rows: 16
   cols: 1
   dt: d
   data: [ 8.4529242848583330e-01, 8.7523256342809264e-01,
       8.5036493155628079e-01, 8.9058731287919801e-01,
       8.2265059479580549e-01, 8.9626312819056264e-01,
       8.7548807458283451e-01, 8.9228723508803764e-01,
       8.2660572341663363e-01, 8.8562552105322234e-01,
       8.4785902754296594e-01, 9.0503757967783172e-01,
       8.3341444049641034e-01, 8.1015487592274138e-01,
       8.6567937980260357e-01, 8.4739051939084653e-01 ]
