%YAML:1.0
means: !!opencv-matrix
   rows: 11
   cols: 6
   dt: d
   data: [ 8.2817593893234658e+01, 1.7193524082017639e+01,
       -2.2935449864608504e+01, -3.2230404389624780e+01,
       -2.5922805019621748e+01, -2.0104058719494482e+01,
       -9.0076748389677908e-01, 6.0750774085774985e+01,
       -1.7801003352294263e+01, 2.6669435505302598e+01,
       1.8416883304097983e+01, -9.7236917210817531e-01,
       1.2175544703794749e+02, 9.0240489122260961e+00,
       5.5527652688538346e+01, -2.7562530904874123e+00,
       1.4959051692963502e+01, 4.0904820242029466e-01,
       -3.5540154995724489e+00, -7.1166318710379144e+01,
       -1.6157964908021707e+01, -2.8566166547192896e+01,
       2.0280506726389667e+01, 2.5647833904630590e+00,
       -9.2821328802571784e+01, -8.6049944377906101e+01,
       2.2676630575094176e+01, 5.5787075296019502e+01,
       -1.3448954401633260e+00, -3.0854291574224328e+00,
       8.7476332776242145e+01, 3.2208707081386237e+01,
       -3.2709165160777040e+01, -2.9797010483123547e+01,
       -1.6022893041537436e+01, -1.1308087843504971e+01,
       7.1093044757094070e-01, 1.0477285585500725e+02,
       1.2289240670769201e+00, -6.3107456759717806e+01,
       1.5888313335361090e+01, -2.2115360181576857e+00,
       1.4520638796860470e+02, 1.0100225976911954e+00,
       -4.0605936551909132e+01, 2.8307238769258967e+00,
       -6.0728469947438777e+00, 1.2399905339226615e+01,
       -1.5675593197126298e+02, -2.2981299403534222e-01,
       3.9048148027425086e+01, 2.8379690275605185e+00,
       -1.8007465291736677e+00, -9.8003888749477130e-01,
       5.1535381226181727e+01, -8.5796319568167803e+01,
       -1.6478524559186184e+01, 5.6467098647137661e+01,
       -3.6306826898151812e+00, 3.9067941729596196e+00,
       -1.8962413417185456e+02, 8.0927777616442839e+01,
       3.9053799804340841e+01, -4.8371289986138294e+01,
       -2.0365041456402324e+01, 9.5390750660318311e+00 ]
covs: !!opencv-matrix
   rows: 66
   cols: 6
   dt: d
   data: [ 4.0572114984420759e+03, 7.0688660788607081e+01,
       3.1064310027439692e+03, 1.3429720200057318e+02,
       -1.1159673509309474e+02, -2.8597930377453540e+01,
       7.0688660788607123e+01, 5.5695776477428099e+03,
       -4.5817011743637714e+01, 2.4649276657945911e+03,
       -4.6799910802399715e+01, -1.4674734045016567e+02,
       3.1064310027439692e+03, -4.5817011743637728e+01,
       2.5848943045329497e+03, 2.6452933019144812e+01,
       -7.9696558143832391e+01, 5.8781231814882631e+01,
       1.3429720200057318e+02, 2.4649276657945911e+03,
       2.6452933019144798e+01, 1.1684037848241355e+03,
       -6.3890282811980853e+01, -9.3791715314624838e+01,
       -1.1159673509309475e+02, -4.6799910802399708e+01,
       -7.9696558143832405e+01, -6.3890282811980853e+01,
       3.2638552179509517e+01, 5.3906234837985103e+00,
       -2.8597930377453526e+01, -1.4674734045016567e+02,
       5.8781231814882645e+01, -9.3791715314624838e+01,
       5.3906234837985139e+00, 8.0163724387870516e+01,
       4.8920101950460548e+03, -9.2315459029472606e+01,
       1.3608430186679127e+03, 2.7229136447086148e+02,
       -4.9247966142014394e+02, 2.8136036696034631e+02,
       -9.2315459029472649e+01, 4.4806381555957487e+03,
       1.0387252604194953e+02, -5.3746533028281556e+02,
       3.5229511350242569e+02, -1.7743169703719678e+02,
       1.3608430186679127e+03, 1.0387252604194948e+02,
       1.9688826418481899e+03, -7.6742655424258103e+01,
       4.6632939211304212e+01, -2.9401435148610094e+01,
       2.7229136447086148e+02, -5.3746533028281556e+02,
       -7.6742655424258118e+01, 1.2590379661920331e+03,
       -2.1448860968295494e+02, 7.3806546584517108e+01,
       -4.9247966142014394e+02, 3.5229511350242569e+02,
       4.6632939211304212e+01, -2.1448860968295497e+02,
       3.2451899633144291e+02, -4.2747368778500814e+01,
       2.8136036696034637e+02, -1.7743169703719676e+02,
       -2.9401435148610091e+01, 7.3806546584517122e+01,
       -4.2747368778500821e+01, 1.4416100393917156e+02,
       3.1024512070687997e+03, 3.4802015625815420e+02,
       -5.9404261915813208e+02, 7.8359790928473913e+01,
       -6.5280408105020217e+02, 2.1096987389911305e+02,
       3.4802015625815432e+02, 7.9082476733513222e+03,
       -9.1474186439456560e+00, 6.4545126564910197e+02,
       1.5747770167896945e+02, -3.1044655575216086e+02,
       -5.9404261915813208e+02, -9.1474186439456702e+00,
       5.8837825013176541e+02, -3.0855869051410934e+01,
       2.5436724322397262e+02, -1.1854520224761467e+02,
       7.8359790928473927e+01, 6.4545126564910197e+02,
       -3.0855869051410934e+01, 1.9685012437965149e+03,
       -1.8946024054897708e+02, 1.0294148747272278e+02,
       -6.5280408105020217e+02, 1.5747770167896945e+02,
       2.5436724322397262e+02, -1.8946024054897711e+02,
       3.2382667752964397e+02, -5.8257776936524827e+01,
       2.1096987389911305e+02, -3.1044655575216092e+02,
       -1.1854520224761467e+02, 1.0294148747272277e+02,
       -5.8257776936524827e+01, 1.8428388139804659e+02,
       5.2258965591059159e+03, -1.9490584727088816e+02,
       1.4872606532753653e+03, 1.4195610565474257e+02,
       -5.0355267662063903e+02, 3.1490200766615038e+02,
       -1.9490584727088822e+02, 3.9421833341336624e+03,
       1.3364554125048375e+02, -8.2951636355033395e+02,
       3.1826580863990046e+02, -1.0804588892862900e+02,
       1.4872606532753653e+03, 1.3364554125048375e+02,
       2.1754972241363243e+03, -1.3055726833315322e+02,
       7.4020432104400939e+01, -7.5786681039902462e+01,
       1.4195610565474257e+02, -8.2951636355033395e+02,
       -1.3055726833315322e+02, 1.0698512210723845e+03,
       -1.9457730024426201e+02, 1.5426745031689629e+02,
       -5.0355267662063915e+02, 3.1826580863990034e+02,
       7.4020432104400967e+01, -1.9457730024426203e+02,
       3.2923527218387596e+02, -3.6695071932172667e+01,
       3.1490200766615038e+02, -1.0804588892862900e+02,
       -7.5786681039902433e+01, 1.5426745031689629e+02,
       -3.6695071932172667e+01, 1.6417028041926702e+02,
       7.3205896371846975e+03, 7.0582755379998764e+02,
       2.8359932065296148e+03, -1.7755323935469983e+02,
       6.2323697739089425e+02, -3.4986583680782722e+01,
       7.0582755379998741e+02, 6.6998470179310925e+03,
       -5.3140004345647029e+01, 1.9874525486201526e+03,
       1.5341293835730494e+02, -6.8023836873659647e+01,
       2.8359932065296148e+03, -5.3140004345647029e+01,
       2.5782166990805640e+03, -1.7213384002393191e+01,
       -1.4820953132439399e+02, 1.4550156445136363e+01,
       -1.7755323935469977e+02, 1.9874525486201526e+03,
       -1.7213384002393187e+01, 1.2058742431341186e+03,
       -1.6047692312700548e+02, -8.4231724819501153e+01,
       6.2323697739089425e+02, 1.5341293835730494e+02,
       -1.4820953132439399e+02, -1.6047692312700548e+02,
       2.6977757878900809e+02, -4.8382845177016726e+01,
       -3.4986583680782736e+01, -6.8023836873659647e+01,
       1.4550156445136363e+01, -8.4231724819501153e+01,
       -4.8382845177016719e+01, 6.6225474181626467e+01,
       5.5783664098653644e+03, -8.8542968201366008e+01,
       2.3334518424379216e+03, 4.7872256052117950e+02,
       1.3032075160992835e+02, 2.5436242185501436e+02,
       -8.8542968201366065e+01, 6.6730801538616543e+03,
       -5.9428879541042072e+01, 2.2184343199517671e+03,
       1.8611491368409037e+02, 2.8887962158851646e+01,
       2.3334518424379216e+03, -5.9428879541042029e+01,
       2.4585706707271697e+03, -9.2576181169093331e+01,
       -1.4087258340066072e+02, -8.6496222014396594e+01,
       4.7872256052117950e+02, 2.2184343199517666e+03,
       -9.2576181169093374e+01, 1.2693216029273085e+03,
       -2.2387350857097861e+01, 4.2575871042307817e+01,
       1.3032075160992835e+02, 1.8611491368409037e+02,
       -1.4087258340066069e+02, -2.2387350857097850e+01,
       2.1763516087293499e+02, 6.9320536887092743e+01,
       2.5436242185501436e+02, 2.8887962158851664e+01,
       -8.6496222014396594e+01, 4.2575871042307824e+01,
