%YAML:1.0
means: !!opencv-matrix
   rows: 5
   cols: 6
   dt: d
   data: [ 9.9058004655734251e+01, -4.3800132657329698e+01,
       -2.1517189186942790e+01, 3.8377591070913283e+01,
       -2.7102272937390204e+01, 2.2407793600932497e+01,
       -1.5797881674508059e+02, -3.2301826952405676e+01,
       4.0938736257938892e+01, 3.9550785978488752e+00,
       -8.8433175812331939e+00, 4.9975311211863438e-01,
       3.0102545317944195e+01, -5.1720872728438081e+01,
       1.8890609177504538e+00, 1.9601202518530719e+01,
       1.6799375084907116e+01, -6.5898537055314910e-01,
       -5.5475800580966705e+01, 9.6483614991835751e+01,
       2.0389029893852060e+00, -4.3992359364616981e+01,
       2.9280671935299982e+00, -1.4203569295309530e+00,
       1.0123895369915004e+02, 5.7328682672479644e+01,
       -3.3721221308341079e+01, -1.6277178536975217e+01,
       -9.2575347251532758e+00, -4.7972535204120037e+00 ]
covs: !!opencv-matrix
   rows: 30
   cols: 6
   dt: d
   data: [ 4.5374651134173309e+03, -4.2329738446601930e+01,
       2.8125228639883444e+03, -8.3852486054290830e+02,
       -2.3893759854724738e+01, -7.7735978493475088e+01,
       -4.2329738446601944e+01, 5.1684874828068396e+03,
       8.9166901864828446e+02, 2.6854433626377745e+03,
       -3.6470244432153756e+01, -8.6371973102632083e+01,
       2.8125228639883444e+03, 8.9166901864828424e+02,
       2.5633373880173567e+03, -8.8770701003616267e+01,
       -1.1299810786286838e+02, -5.8637253558859442e+01,
       -8.3852486054290830e+02, 2.6854433626377745e+03,
       -8.8770701003616225e+01, 1.7647607583961289e+03,
       5.9057390590317489e+01, -1.2800403705772084e+02,
       -2.3893759854724731e+01, -3.6470244432153748e+01,
       -1.1299810786286838e+02, 5.9057390590317475e+01,
       4.8604546451195652e+01, -4.1704130584696550e+01,
       -7.7735978493475102e+01, -8.6371973102632083e+01,
       -5.8637253558859420e+01, -1.2800403705772084e+02,
       -4.1704130584696550e+01, 1.5448711618991564e+02,
       7.4955593642607337e+03, 7.4606667887604559e+01,
       2.8664353018761094e+03, -7.4612300407094574e+02,
       4.3804730713755521e+02, 3.7014849686908707e+02,
       7.4606667887604530e+01, 9.6375747199783182e+03,
       5.2823352171843192e+02, 1.1275826825440533e+03,
       7.5921963852139470e+02, 2.7468460877064871e+02,
       2.8664353018761099e+03, 5.2823352171843203e+02,
       2.4444395684840024e+03, 4.0084072171713544e+01,
       -1.4517178470957376e+02, -3.2707385205626153e+01,
       -7.4612300407094585e+02, 1.1275826825440536e+03,
       4.0084072171713544e+01, 2.3418565646416464e+03,
       -2.6383966674367906e+02, 1.3569600021726814e+01,
       4.3804730713755521e+02, 7.5921963852139470e+02,
       -1.4517178470957376e+02, -2.6383966674367906e+02,
       3.1778652174296690e+02, 1.2026269717529742e+02,
       3.7014849686908707e+02, 2.7468460877064871e+02,
       -3.2707385205626153e+01, 1.3569600021726808e+01,
       1.2026269717529740e+02, 3.0360198315730707e+02,
       7.6854754929260898e+03, -3.5569602361719456e+02,
       2.3242961591074354e+03, -6.3652589211661314e+02,
       -6.2439592519924099e+02, -4.5349577707204098e+01,
       -3.5569602361719433e+02, 1.0432920903843511e+04,
       4.3334280902137755e+02, 8.5741183715044474e+02,
       2.9355443194110131e+02, 1.0202049118110209e+02,
       2.3242961591074354e+03, 4.3334280902137749e+02,
       2.6341561886961681e+03, -1.0093790517323731e+01,
       1.1012413280114666e+02, 3.5073505706596130e+01,
       -6.3652589211661314e+02, 8.5741183715044451e+02,
       -1.0093790517323729e+01, 2.3742665356884463e+03,
       -9.6319144097404774e+01, -4.8007201620684778e+00,
       -6.2439592519924088e+02, 2.9355443194110131e+02,
       1.1012413280114666e+02, -9.6319144097404774e+01,
       4.2651594233892848e+02, 3.6232472818942078e+01,
       -4.5349577707204091e+01, 1.0202049118110209e+02,
       3.5073505706596137e+01, -4.8007201620684770e+00,
       3.6232472818942071e+01, 3.1306010661599328e+02,
       9.5738240738145378e+03, -9.6266033849849748e+02,
       2.1113735330466579e+03, -5.0052489957576813e+02,
       7.4140152760476235e+02, -1.9328418713241766e+02,
       -9.6266033849849816e+02, 6.7233918625568349e+03,
       8.1944262729068498e+02, 2.3522083591267988e+03,
       -2.3441646740711755e+02, -1.0995386868476761e+01,
       2.1113735330466575e+03, 8.1944262729068464e+02,
       2.7397246757431362e+03, -1.0115632680502868e+02,
       -1.8474938698473761e+02, -1.7269974506339534e+00,
       -5.0052489957576813e+02, 2.3522083591267988e+03,
       -1.0115632680502871e+02, 1.7771841885872022e+03,
       1.5457450430914722e+02, -1.3936252357648237e+02,
       7.4140152760476235e+02, -2.3441646740711749e+02,
       -1.8474938698473764e+02, 1.5457450430914722e+02,
       2.8790953412114271e+02, 1.2220924060717614e+01,
       -1.9328418713241766e+02, -1.0995386868476773e+01,
       -1.7269974506339512e+00, -1.3936252357648237e+02,
       1.2220924060717611e+01, 7.2677993100414724e+01,
       1.0220697739971240e+04, -3.1422456443929318e+03,
       2.0816117095221271e+03, 1.0598966639324351e+03,
       -9.6969046978520055e+01, -1.9363242352483127e+02,
       -3.1422456443929323e+03, 9.4020033425994789e+03,
       1.1302054703519386e+03, 1.0292641116027819e+03,
       5.7866675966479470e+01, 2.3210787942522956e+02,
       2.0816117095221271e+03, 1.1302054703519386e+03,
       2.6823598026859668e+03, -4.1280337513922439e+02,
       -8.8605361438780022e+01, -4.9091284998809705e+01,
       1.0598966639324351e+03, 1.0292641116027819e+03,
       -4.1280337513922444e+02, 2.6226156230322772e+03,
       4.5612063165863866e+01, -2.2234345923108492e+02,
       -9.6969046978520055e+01, 5.7866675966479470e+01,
       -8.8605361438780022e+01, 4.5612063165863866e+01,
       5.6538429497086831e+01, -1.0010293988615222e+01,
       -1.9363242352483127e+02, 2.3210787942522956e+02,
       -4.9091284998809698e+01, -2.2234345923108489e+02,
       -1.0010293988615226e+01, 8.7919140835155176e+01 ]
weights: !!opencv-matrix
   rows: 1
   cols: 5
   dt: d
   data: [ 6.6457432063698543e-02, 2.1677986740701344e-01,
       3.3431221693634006e-01, 1.3476732525045768e-01,
       2.4768315834247323e-01 ]
