%YAML:1.0
means: !!opencv-matrix
   rows: 16
   cols: 6
   dt: d
   data: [ 1.4677886682135247e+02, 1.3051333565730807e+00,
       -4.0464180024506028e+01, 2.4720506805204301e+00,
       -6.0498666508709489e+00, 1.2652671779705280e+01,
       -1.9510900234832332e+02, 8.3945069748991585e+01,
       3.8711985789828475e+01, -4.9792850031106603e+01,
       -2.2123426211057062e+01, 1.1976057936226328e+01,
       3.1333584697959843e+01, 4.5361256585585984e+01,
       -6.5968698194332580e+00, -4.4097612197320302e+01,
       6.0144794980305971e-01, -2.0346290288992861e+01,
       -9.3872755053499915e+01, 2.1956188399089893e+01,
       2.8097987099230156e+01, -1.9187162436726226e+01,
       1.2119646229686152e+01, -1.7038508744493591e+01,
       -9.0832645189947925e+01, -1.4676019050921815e+02,
       1.7911954265358688e+01, 2.8666262647338566e+01,
       1.7969890996562017e+00, -1.1246418915519267e+00,
       6.4789426010839009e+01, 9.8000530543753328e+01,
       -1.6636036181350807e+01, 4.0741739537833730e+01,
       1.0231988799108349e+01, 3.9229054503554217e-01,
       -9.5341919564979136e+01, -7.9753809988583670e+00,
       9.3535230935334582e+01, 7.0133175094213378e+00,
       -5.2835014959502837e+00, 3.0835295483774772e+00,
       1.0995520962851853e+02, 1.1643225431276596e+01,
       -3.5749770273547668e+01, -2.6954132350305741e+01,
       -2.0977425920729086e+01, -7.7727751776708596e+00,
       5.2375720454591290e-01, -3.1195299080715770e+01,
       -4.0130095980640291e+01, 8.1410104820299090e-01,
       8.6868691017311495e+00, 4.5829561568453689e+00,
       -9.0454909191853559e+01, -1.8372314880606236e+01,
       2.2324316147377832e+01, 8.2920121141945870e+01,
       -1.9980272777518968e+00, -4.8023802651926655e+00,
       -4.8081319141110042e+00, 2.9723818027681510e+01,
       1.0190610934613353e+01, -2.3292096442425546e+01,
       3.7709842273905693e+01, -4.7216927101257893e+00,
       8.2336941276260376e+01, 1.7814869398981482e+01,
       -2.2891246895374490e+01, -3.2294442622791031e+01,
       -2.5641870425010634e+01, -2.0119395127475830e+01,
       1.5769291694710860e+01, 1.5152420933497578e+02,
       -1.4907619024940433e+00, -8.5845595546432193e+01,
       1.5584192026749131e+01, 1.5201534302320356e+01,
       5.1717385878124972e+01, -8.4888858138971187e+01,
       -1.6567065770386268e+01, 5.6269824447379641e+01,
       -3.5324404926005166e+00, 4.1070421590278769e+00,
       1.1856038823034449e+02, -2.8281497278890527e+01,
       4.5033896498638804e+01, 1.1818091547645833e+00,
       7.0160056097033641e+00, 4.1116383354212598e+00,
       -2.1697118689091533e+02, -5.0919576485079752e+00,
       1.2954969531502115e+01, 9.9245073498027754e+00,
       -5.3078901297851040e+00, 5.0716178948021398e+00 ]
covs: !!opencv-matrix
   rows: 96
   cols: 6
   dt: d
   data: [ 4.6788510015825905e+03, 1.3717293459515108e+02,
       2.8164834779402122e+03, -3.2954864650118331e+01,
       -1.4165578983970883e+02, -1.0412652106734198e+02,
       1.3717293459515102e+02, 6.3234655767336844e+03,
       -1.8076540234671515e+02, 1.7504852966264079e+03,
       -6.2198152561203834e+01, -4.2519296964231238e+01,
       2.8164834779402122e+03, -1.8076540234671523e+02,
       2.5180722395176003e+03, 1.1806406348704799e+02,
       -8.5224932730835079e+01, 5.1863571314880083e+01,
       -3.2954864650118324e+01, 1.7504852966264082e+03,
       1.1806406348704803e+02, 1.5505501693757819e+03,
       -3.0688655801175553e+01, -1.0884210520611060e+02,
       -1.4165578983970883e+02, -6.2198152561203820e+01,
       -8.5224932730835079e+01, -3.0688655801175553e+01,
       2.2211581535365447e+01, 1.4332680613808884e+01,
       -1.0412652106734198e+02, -4.2519296964231231e+01,
       5.1863571314880069e+01, -1.0884210520611060e+02,
       1.4332680613808884e+01, 5.3199608193605457e+01,
       5.1843716194157405e+03, 3.9620995567675777e+02,
       3.0242027793307075e+03, 8.0863158198087348e+01,
       -1.4138680952319953e+02, -1.1268283795425700e+02,
       3.9620995567675777e+02, 7.1784754373895075e+03,
       1.3330189852444136e+01, 1.9423377853036729e+03,
       -2.6634523188884526e+02, 4.5158279255684226e+02,
       3.0242027793307075e+03, 1.3330189852444096e+01,
       2.3905613284573919e+03, 7.3321143887167963e+01,
       -1.4452991113189203e+01, 9.6218210486101185e+01,
       8.0863158198087376e+01, 1.9423377853036729e+03,
       7.3321143887167935e+01, 1.2471912157180084e+03,
       8.2420188754983499e+01, -1.3765145397369636e+02,
       -1.4138680952319950e+02, -2.6634523188884532e+02,
       -1.4452991113189192e+01, 8.2420188754983499e+01,
       1.0376760827250139e+02, -1.0378504833896613e+01,
       -1.1268283795425700e+02, 4.5158279255684226e+02,
       9.6218210486101185e+01, -1.3765145397369636e+02,
       -1.0378504833896613e+01, 3.2565197437004639e+02,
       6.4740615793900088e+03, 1.7598613757221815e+02,
       2.6912874703763596e+03, -2.6868317556324826e+01,
       -2.5175677040669846e+01, 4.8268011040814145e+01,
       1.7598613757221827e+02, 6.3123544345968548e+03,
       -2.7188881985388451e+02, 2.2023195325558058e+03,
       6.9362987135828817e+01, 6.3925503930207846e+01,
       2.6912874703763596e+03, -2.7188881985388446e+02,
       2.5461550434531073e+03, 2.9558651427852737e+01,
       -4.3112416662633484e+00, -3.3021547968511847e+01,
       -2.6868317556324815e+01, 2.2023195325558058e+03,
       2.9558651427852713e+01, 9.8723222367691369e+02,
       -2.2958243284572475e+01, -4.1874619311816744e+01,
       -2.5175677040669832e+01, 6.9362987135828774e+01,
       -4.3112416662633519e+00, -2.2958243284572475e+01,
       4.2278601465374044e+02, 9.9214714798449477e-01,
       4.8268011040814130e+01, 6.3925503930207846e+01,
       -3.3021547968511847e+01, -4.1874619311816730e+01,
       9.9214714798449477e-01, 1.3751795607808742e+02,
       5.3701584989950661e+03, -1.6847433807402822e+02,
       2.8780657636642977e+03, 5.1139571142362655e+02,
       3.6281991570063877e+02, 7.1305616157724856e+01,
       -1.6847433807402817e+02, 6.4646002835223981e+03,
       -1.0436379023399257e+02, 2.0962165022569297e+03,
       -2.7995182582321900e+02, 2.7297925944421198e+01,
       2.8780657636642977e+03, -1.0436379023399253e+02,
       2.4433514254515048e+03, -7.6794495583089926e+01,
       -1.3398924222422278e+02, 2.2797403394285864e+00,
       5.1139571142362661e+02, 2.0962165022569297e+03,
       -7.6794495583089883e+01, 1.3459181421531578e+03,
       1.9957391266304768e+02, -2.0240294559223241e+01,
       3.6281991570063889e+02, -2.7995182582321900e+02,
       -1.3398924222422278e+02, 1.9957391266304768e+02,
       2.5289066589923280e+02, 1.2116124578428874e+01,
       7.1305616157724856e+01, 2.7297925944421198e+01,
       2.2797403394285891e+00, -2.0240294559223248e+01,
       1.2116124578428877e+01, 1.0453679527022136e+02,
       7.4340288112996550e+03, 7.3296889779299249e+02,
       2.7071124827944845e+03, -3.1052714792201169e+02,
       7.1011086670921679e+02, 2.3345773286753360e+01,
       7.3296889779299283e+02, 3.0824484772813053e+03,
       -2.0211270677781255e+02, 3.4608149802577191e+02,
       2.6568916863721142e+02, 6.9382309319947169e+01,
       2.7071124827944845e+03, -2.0211270677781255e+02,
       2.5222209941341553e+03, -4.4257066768517220e+01,
       -1.8083838617191546e+02, 2.5994991783542002e+01,
       -3.1052714792201169e+02, 3.4608149802577191e+02,
       -4.4257066768517198e+01, 5.2601980242996433e+02,
       -1.5308570178714950e+02, -3.4658125366417764e+01,
       7.1011086670921668e+02, 2.6568916863721142e+02,
       -1.8083838617191546e+02, -1.5308570178714950e+02,
       3.0569059333676125e+02, -3.8147637977540342e+01,
       2.3345773286753346e+01, 6.9382309319947169e+01,
       2.5994991783542012e+01, -3.4658125366417764e+01,
       -3.8147637977540342e+01, 5.5096606819837234e+01,
       6.8142737574208704e+03, 2.6692214179835037e+02,
       2.0237652889460830e+03, -2.8973243799625550e+02,
       -7.9015709938400016e+02, 1.8010395879799083e+02,
