%YAML:1.0
means: !!opencv-matrix
   rows: 3
   cols: 14
   dt: d
   data: [ 6.4240521385452553e+01, -6.0775799091166807e+00,
       -1.4089999221962966e+01, 2.3655414585392607e+00,
       3.4047196180927526e+00, -1.5988528766592847e+00,
       6.8637989020467127e-01, 2.4186419516378324e-01,
       3.0071813753765253e-01, -8.3453952491534412e-03,
       4.2497805887505978e-02, 2.7615000593239417e-03,
       3.6405774250420240e-03, 1.1515929864654465e-03,
       -1.3903579531105751e+02, -1.0047201758647990e+01,
       3.1531184280867723e+01, 9.0338273434423186e+00,
       -9.1331252851514257e+00, 9.8000971251563229e-01,
       5.7676948838009467e-01, 8.3561920395700262e-01,
       5.1562116443868955e-01, -1.0550866946595830e-01,
       -3.2105088138166524e-02, 8.8920174178957895e-03,
       2.9147600373804028e-03, -1.0571769133656968e-03,
       -1.6435743186866240e+01, 4.1739336300611122e+01,
       1.8017076742111366e+00, -2.5112572342298652e+01,
       2.1905993841307034e+00, 4.6943911816943436e+00,
       -3.7437053806249407e+00, -2.4240837087836140e+00,
       -2.0912314795495872e+00, 2.1912324903530694e-01,
       -1.1463117538909316e-01, -2.6423537680490220e-02,
       -1.9576239603215632e-02, -2.7056104589480452e-03 ]
covs: !!opencv-matrix
   rows: 42
   cols: 14
   dt: d
   data: [ 8.1793867627430336e+03, 6.2229419715617962e+02,
       1.8667203741177193e+03, -1.4952693781713762e+02,
       -9.0811386607347492e+02, 3.0296214274992695e+02,
       -9.0320196253648021e+01, 2.6323312677003624e+01,
       1.5368632686284158e+01, -1.1218374738389707e+00,
       -1.8321045815255836e+00, -4.7750723021970393e-02,
       -4.0061323275084167e-02, -8.4993669288600485e-02,
       6.2229419715617962e+02, 8.3316825547154040e+03,
       -1.5630791243022915e+02, 6.9852342708368076e+02,
       4.7595974650051353e+01, -2.6364352824463560e+02,
       3.8904038181530780e+01, -1.4988650905436078e+01,
       2.1293091041107686e+00, -2.1833202722135430e+00,
       1.1075126021868995e+00, 5.2374421236968238e-01,
       5.1176803556506618e-02, 1.1294342331935371e-01,
       1.8667203741177193e+03, -1.5630791243022907e+02,
       2.8889542772423774e+03, 2.1053829821569810e+01,
       1.8667155822685385e+02, -6.5141962558159278e+01,
       3.1390972199247702e+01, -1.1369489090967611e+00,
       1.3915894556439528e+00, 3.3803054058197732e+00,
       1.2188187448284989e-02, -1.7394737266303792e-01,
       1.0083299674184162e-01, 4.3362222270384769e-02,
       -1.4952693781713756e+02, 6.9852342708368076e+02,
       2.1053829821569799e+01, 2.2901446993150230e+03,
       7.5740274208817633e+00, 1.3493923502437505e+02,
       -1.6732660908087936e+01, 1.8733893090182605e+01,
       -1.3785123927224123e+00, -3.4383631823045127e+00,
       -4.3459362397884876e-01, -2.1421190883457078e-01,
       -2.2602867376165171e-02, -1.0202011645390585e-01,
       -9.0811386607347492e+02, 4.7595974650051339e+01,
       1.8667155822685385e+02, 7.5740274208817588e+00,
       4.5160870657657978e+02, 5.6030058750336096e+01,
       -3.6136414957531118e+00, 8.5237612659448683e+00,
       4.4934900260638306e+00, 1.8717323640247119e-01,
       4.8926865663657435e-02, -2.5457425107035567e-02,
       2.4124053551601143e-02, 2.4101984567847713e-02,
       3.0296214274992695e+02, -2.6364352824463555e+02,
       -6.5141962558159307e+01, 1.3493923502437505e+02,
       5.6030058750336110e+01, 2.2132203229475547e+02,
       6.8022736444050009e+00, 1.2418737552277026e+00,
       -1.0948184273614545e+00, -5.6708875788383850e-01,
       1.5732663004489827e-01, 3.6397843222308650e-02,
       1.1656840853813051e-03, -2.4801332438629670e-03,
       -9.0320196253648021e+01, 3.8904038181530773e+01,
       3.1390972199247702e+01, -1.6732660908087936e+01,
       -3.6136414957531131e+00, 6.8022736444050027e+00,
       2.3125302470562978e+01, -2.9388993083695460e+00,
       -2.7975721496164980e+00, 2.6939093347174697e-01,
       2.6850124179576426e-02, 4.6719467108605882e-02,
       -2.8300752701825433e-02, 8.9140838304235057e-03,
       2.6323312677003628e+01, -1.4988650905436071e+01,
       -1.1369489090967626e+00, 1.8733893090182605e+01,
       8.5237612659448718e+00, 1.2418737552277033e+00,
       -2.9388993083695452e+00, 1.5116555984077529e+01,
       -2.1764653129373768e+00, 6.2954567483268442e-01,
       -4.0066554632035734e-02, -1.8948720544983661e-02,
       -1.3701548335740063e-02, 1.0381679122403692e-03,
       1.5368632686284162e+01, 2.1293091041107690e+00,
       1.3915894556439528e+00, -1.3785123927224128e+00,
       4.4934900260638306e+00, -1.0948184273614547e+00,
       -2.7975721496164980e+00, -2.1764653129373763e+00,
       1.5454525155708370e+00, -1.1711348788136050e-01,
       -3.4763810814409137e-02, 5.0851198789090277e-04,
       -1.6413608727552043e-02, -4.2303198322710626e-03,
       -1.1218374738389714e+00, -2.1833202722135434e+00,
       3.3803054058197719e+00, -3.4383631823045122e+00,
       1.8717323640247113e-01, -5.6708875788383850e-01,
       2.6939093347174697e-01, 6.2954567483268442e-01,
       -1.1711348788136050e-01, 3.1177508266779264e-01,
       1.1576371953422508e-02, 1.2702248294626795e-03,
       1.0189577562862652e-03, -1.1674028225107999e-02,
       -1.8321045815255836e+00, 1.1075126021868995e+00,
       1.2188187448284947e-02, -4.3459362397884876e-01,
       4.8926865663657428e-02, 1.5732663004489830e-01,
       2.6850124179576433e-02, -4.0066554632035734e-02,
       -3.4763810814409137e-02, 1.1576371953422508e-02,
       1.9842127628257478e-02, -2.9558614778291419e-03,
       1.9233093033289150e-04, -5.9225047537186102e-04,
       -4.7750723021970379e-02, 5.2374421236968238e-01,
       -1.7394737266303792e-01, -2.1421190883457081e-01,
       -2.5457425107035563e-02, 3.6397843222308650e-02,
       4.6719467108605868e-02, -1.8948720544983661e-02,
       5.0851198789090299e-04, 1.2702248294626797e-03,
       -2.9558614778291419e-03, 2.2478084958983814e-03,
       1.7710705035280639e-04, -2.8864250859813293e-04,
       -4.0061323275084132e-02, 5.1176803556506632e-02,
       1.0083299674184158e-01, -2.2602867376165171e-02,
       2.4124053551601143e-02, 1.1656840853813022e-03,
       -2.8300752701825433e-02, -1.3701548335740056e-02,
       -1.6413608727552036e-02, 1.0189577562862645e-03,
       1.9233093033289156e-04, 1.7710705035280645e-04,
       2.3561211850891025e-03, 7.0546551902029735e-06,
       -8.4993669288600471e-02, 1.1294342331935368e-01,
       4.3362222270384755e-02, -1.0202011645390584e-01,
       2.4101984567847727e-02, -2.4801332438629678e-03,
       8.9140838304235057e-03, 1.0381679122403698e-03,
       -4.2303198322710617e-03, -1.1674028225107999e-02,
       -5.9225047537186102e-04, -2.8864250859813299e-04,
       7.0546551902029693e-06, 1.9796480206939128e-03,
       9.0114100413165124e+03, -1.2978771176295390e+03,
       2.2059617233324775e+03, 1.0786139578004929e+03,
       3.4686774190108247e+02, -2.9674536655480824e+02,
       1.2478806793808030e+02, -3.3319078150453471e+01,
       -1.1330188798308949e+01, 8.9336840506695019e+00,
       -5.8199803613211065e+00, 1.0492602346409330e+00,
       -6.5603933582739068e-02, 2.2999725350883071e-01,
       -1.2978771176295395e+03, 1.0933697069914786e+04,
       4.0233215115182639e+02, -6.0319655313273597e+02,
       -2.0452536197053959e+02, 2.9010650362693480e+02,
       -3.1307646617642135e+01, 2.8927237112212218e+01,
       8.1641037687305307e-01, 1.0992948882168440e+01,
       6.3738018655246698e-01, 1.0495220881548886e-01,
       2.1896852447929727e-01, 4.0212763002112717e-01,
       2.2059617233324775e+03, 4.0233215115182639e+02,
       2.6253112669321040e+03, -2.9610749298612228e+02,
       -9.9135472512042767e+01, 6.1575090337609183e+01,
       -3.5512424289823919e+01, 1.0004673873931706e+01,
       -5.6196335487751790e-02, 5.3406182596917906e-01,
       1.2941618033897728e+00, -1.8219955389602638e-01,
       -8.6064814549804150e-02, 1.2455133062880449e-02,
