%YAML:1.0
means: !!opencv-matrix
   rows: 40
   cols: 1
   dt: d
   data: [ 3.7270999886072076e+01, -1.8425493542595103e+02,
       1.5081578782817371e+02, -7.0882792599520613e+01,
       -2.7121028909321342e+02, 2.8588679368442251e+02,
       -1.1575019433444632e+02, 7.7009778349757553e+01,
       2.3465350139231475e+02, -4.1790105608829604e+00,
       -2.2617227137165443e+02, 1.0157149745855368e+02,
       -4.2540400266569790e+01, 1.9385792602433094e+02,
       -3.4846726786870812e+02, -1.6585010125903946e+02,
       -8.6427714244820336e+01, 1.1358014243417118e+02,
       2.2757851626233869e+01, -2.9508867636539338e+02,
       1.2593958270696547e+02, -2.0374464199214816e+02,
       5.1927472555390970e+01, 2.5982414360207787e+02,
       8.9277995282195974e+01, -2.9639146718453222e+01,
       1.7861875532647596e+02, -5.6261622276613906e+01,
       -1.4911423214559534e+02, 3.1053782192836627e+02,
       -2.4694561419787917e+02, 1.6460831627841375e+02,
       -1.0054728406424138e+02, -3.2094917388789338e+02,
       -1.7097309902871956e+01, -1.3228433327114246e+02,
       1.3842686160730432e+02, 9.3123091980188697e+00,
       2.1212059281711555e+02, 6.5010952094803542e+01 ]
covs: !!opencv-matrix
   rows: 40
   cols: 1
   dt: d
   data: [ 4.5045468427423167e+01, 7.1411481711749772e+01,
       4.1981339615241467e+01, 5.2355356032118941e+01,
       1.3373109694730613e+02, 4.1004726801263951e+02,
       5.5682488655451536e+01, 3.8817500041860193e+01,
       1.5001856581680443e+02, 3.8794080216228323e+01,
       9.9155995957392037e+01, 3.4461847185616733e+01,
       4.9091757478358474e+01, 8.0612697251090481e+01,
       5.5220307254490115e+02, 7.0303936912900426e+01,
       5.1032066084787921e+01, 3.6488207683029003e+01,
       4.5472239159831979e+01, 1.7966057362353112e+02,
       3.8306544187814431e+01, 8.1774058853604487e+01,
       4.3231681843666536e+01, 2.4655225303761586e+02,
       3.5672844394587322e+01, 4.4684228008937843e+01,
       6.3238335489457505e+01, 5.3407767401661410e+01,
       6.6856324493732686e+01, 8.2493367463114987e+02,
       1.2108227470051735e+02, 4.6095289813072533e+01,
       5.3692595341961102e+01, 2.3826165599931286e+02,
       4.0380111365296955e+01, 5.7220051278803240e+01,
       4.2983266664044898e+01, 4.1205768856098736e+01,
       1.0978333982954719e+02, 4.2378755362164661e+01 ]
weights: !!opencv-matrix
   rows: 1
   cols: 40
   dt: d
   data: [ 4.2955759698082761e-02, 2.0870959371400363e-02,
       2.1929099942229021e-02, 3.6081108684811861e-02,
       1.4170288977627380e-02, 7.0825944412937865e-03,
       2.9631949778128126e-02, 3.4032206041843066e-02,
       1.5009690959206658e-02, 3.5715193428170054e-02,
       2.0260285788496469e-02, 3.2814705749513805e-02,
       3.3330414950174123e-02, 1.9192394589545341e-02,
       3.1740504760453363e-03, 2.2166814424290832e-02,
       3.4938690866835140e-02, 2.9174115969324160e-02,
       3.9112525134156140e-02, 8.7767074668834329e-03,
       2.8758545373664103e-02, 2.2294085785286501e-02,
       4.0787553034251953e-02, 1.0342675183752998e-02,
       3.2281648343363549e-02, 3.2323258595381259e-02,
       1.9135290257075856e-02, 3.4817810066389204e-02,
       2.3290394125647942e-02, 4.6148698679556359e-03,
       1.5098660435566425e-02, 2.2856507070880331e-02,
       3.0842438966871527e-02, 5.5783205948104191e-03,
       3.2265220555266164e-02, 2.7955206408392108e-02,
       2.3904633998906737e-02, 3.9349167098609250e-02,
       1.7919398576107203e-02, 3.5164758923752516e-02 ]
pca_proj: !!opencv-matrix
   rows: 1
   cols: 21
   dt: f
   data: [ 1.02604255e-02, 8.46533298e-01, 5.67100069e-05,
       -5.08859605e-02, 4.68450844e-01, 1.89823491e-04, -5.55210514e-03,
       1.46431834e-01, -1.98076777e-05, -7.31809530e-03, 1.34976640e-01,
       -4.80776835e-05, -6.69380091e-03, 1.46460637e-01, -1.57161594e-05,
       2.11501210e-05, 1.32904761e-05, -3.16381829e-07, -1.62182951e-05,
       4.47223283e-04, 4.04881848e-06 ]
pca_mean: !!opencv-matrix
   rows: 1
   cols: 21
   dt: f
   data: [ 4.33646118e+02, 2.44701981e+02, 1.49672687e+00,
       4.18191803e+02, 2.60206879e+02, 1.62062907e+00, 3.68545319e+02,
       2.27059875e+02, 1.69770968e+00, 3.19420807e+02, 1.63929108e+02,
       1.75046074e+00, 3.16613464e+02, 2.25532654e+02, 1.70717156e+00,
       1.08872897e-04, -9.74175637e-05, 6.24380555e-05, -2.17504916e-04,
       -2.50119597e-01, 1.75055194e+00 ]
gamma: !!opencv-matrix
   rows: 40
   cols: 1
   dt: d
   data: [ 7.7083705503523503e-01, 8.5343804298925341e-01,
       8.3617406251539839e-01, 7.8743540463822470e-01,
       8.8802095019512839e-01, 8.9489609935900927e-01,
       8.1515224672478304e-01, 7.9131404934718685e-01,
       8.7612431277907521e-01, 7.6283867892436996e-01,
       8.7197506751090137e-01, 8.0647086169222493e-01,
       7.7271469226467049e-01, 8.5853560608907464e-01,
       9.1060814352077701e-01, 8.4419745855080819e-01,
       7.9676838698414099e-01, 8.1402643904094918e-01,
       7.6606440571002921e-01, 8.9538502187039737e-01,
       8.2164240529237187e-01, 8.6250868412023618e-01,
       7.7738805896179808e-01, 8.8573646748033497e-01,
       7.9878620012483903e-01, 7.6773411505605704e-01,
       8.5107738813186307e-01, 7.7937771426802704e-01,
       8.3508891102092553e-01, 9.0419375785559397e-01,
       8.7988866710636637e-01, 8.4369807538255381e-01,
       8.0563753994458187e-01, 9.0249362623090024e-01,
       7.6439782589287120e-01, 8.2520519191573316e-01,
       8.2914214004017106e-01, 7.6339928445684246e-01,
       8.6685126850478211e-01, 7.8437046506862396e-01 ]
