%YAML:1.0
means: !!opencv-matrix
   rows: 42
   cols: 7
   dt: d
   data: [ 9.1420631925148186e+01, 7.4819754208501010e+01,
       -1.7375964410002830e+01, -5.9893466082239586e+00,
       -2.6844669713525139e+01, -2.2318551350422638e+01,
       1.2545525289766573e+00, -7.6690345489402665e+00,
       -8.7644276841917616e+01, 5.3411555217992579e+01,
       5.1475730240075919e+01, 6.0342414313290194e+00,
       -3.7374555031939756e+00, 1.6049204693464905e+00,
       -5.4573847241534308e+00, 1.5344739189270479e+02,
       8.2968697446231108e+00, -8.9065998751068591e+01,
       1.7866376359782699e+01, 2.2161856464333113e+01,
       -1.8304234810669875e+00, -1.9669983371435748e+02,
       5.1314735262628524e+01, 4.2319685352219231e+01,
       -2.3015433442762010e+01, -1.0269786234477960e+01,
       1.3329072622305489e+00, -6.0275935157310168e-01,
       -7.5495544179602504e+01, 2.9576743384376780e+01,
       2.4452495613417906e+01, -2.0740506170144364e+01,
       2.0874721181547852e+01, -1.5185011455132800e+01,
       2.0036265451028266e+00, 1.3509259127860287e+02,
       -3.9819344915285053e+00, 5.9172597377464690e+01,
       4.7323044541854120e+00, 1.1786373949691201e+01,
       1.3993489592727093e+00, -8.3330667587826590e-01,
       8.4133287763150349e+01, 4.3276655990299403e+01,
       -1.9577491976879053e+01, -3.5170443858055542e+01,
       -3.1389567510008320e+00, -1.2957844070204692e+01,
       1.1122354413485272e-01, -1.3497437369652087e+02,
       -5.4156037988684211e+01, 3.8350025050344854e+01,
       3.1981317351891210e+01, 7.2778206908255494e-01,
       -8.5363800288624745e+00, 3.3783761139778021e+00,
       1.2919874909861375e+02, 3.1342174565359283e+01,
       -3.2082853199252249e+01, -1.3465884963567669e+01,
       -5.2826993391276069e+00, 1.9968901367444261e+01,
       -8.3771311325806366e+00, 1.6165512960620993e+02,
       1.5375489919042828e+01, -4.9201754543028059e+01,
       -1.2960240911273795e+01, -7.2617601096037969e+00,
       1.2983386825955240e+01, -1.3156256957764392e-01,
       -1.5073454980788674e+02, 3.5787582790929143e+01,
       4.0410788292666709e+01, -4.7299536460162406e+00,
       -4.3798626249912651e+00, 2.7433069814381835e+01,
       -2.1836930878785101e+00, 2.8649008545171803e+01,
       -1.0017998928043221e+02, -1.0460522907042312e+01,
       6.8755433600501789e+01, -4.3025388865840242e+00,
       -1.5890827800396989e+00, 2.0925486540000588e+00,
       -1.3874673757590475e+02, -1.1214334303027705e+01,
       3.3071576032585398e+01, -1.0213892787575611e+01,
       2.2804032523473352e+00, -1.2410088612809451e+01,
       -5.4233075886502158e-01, 6.0330065496159996e+01,
       -6.9962895664422845e+01, -2.4409536287255118e+01,
       4.5416211181238012e+01, -1.1525839804207683e+01,
       5.0858513043194868e+00, -3.4567902401846978e-01,
       -1.1826698780022356e+02, -7.9716907966939274e+01,
       -3.1791027144095676e+01, 5.1538750830062746e+01,
       9.3770342449271169e+00, -3.7620232879617714e+00,
       1.8167385818904054e+00, 1.5553870201064723e+02,
       3.5046332203065504e+01, -4.2497295854185467e+01,
       -2.3604965625530848e+01, -1.1630060277971184e+01,
       2.3706025617588642e+00, 1.6671404496361715e+00,
       3.1095281752980462e+01, 2.1275024167624132e+01,
       4.2802307678864025e+01, -1.5752889069288438e+01,
       2.8928400111133541e+01, -1.0202385680220432e+01,
       2.3605323344985916e+00, -8.7988933651869786e+01,
       2.6207228884389721e+01, -4.2844967121018243e+01,
       -4.0825042927101682e+00, 3.2191006455786955e+01,
       -7.8073092229502974e+00, 2.1335992822487921e+00,
       2.0078735947723374e+01, 4.5389885745975079e+01,
       2.3434703653368638e+00, -4.0508172416596274e+01,
       1.0234870916186692e+01, -2.2797220391994166e+01,
       2.6806237963663464e+00, -4.3761293006860704e+01,
       -3.3577910100364633e+01, 3.4137350902403170e+01,
       5.1774963360021140e+01, 1.9354292880472954e+01,
       -9.6075506803035413e+00, -1.2460517401485932e+01,
       4.7924234384607950e-01, 7.4861820097505543e+01,
       2.0784356328307512e+00, -5.2423198634630225e+01,
       7.2688815367264192e+00, -1.6401332255639183e+01,
       -1.2071569212858286e+00, 1.1259447296358302e+02,
       -4.6467627749944441e+01, -3.0563791002168273e+01,
       3.7062618658102110e+01, -2.5254797163719322e+00,
       1.3286445366601155e+01, -9.4179729612429264e-02,
       -1.4855279359993543e+02, -1.0388012699430509e+02,
       2.7498474532586826e+01, 6.6358037756201881e+01,
       -1.9812444991389121e+01, 7.6269365541587619e-01,
       -2.2262579261112844e-01, -1.3838319248621372e+02,
       5.6129321367557239e+01, 3.2006868294814076e+01,
       -4.3541523230372931e+01, -1.2776511538802403e+01,
       -1.5384285411958333e+01, -4.2315195900719310e-01,
       1.5076785267052142e+02, -4.4892231501944044e+00,
       -3.9159516954995588e+01, 7.7168482019356910e+00,
       -5.8126840763734231e+00, 1.1330018585486044e+01,
       -2.2712800290171781e-01, -2.0693427948179831e+01,
       1.7000841156261817e+01, 8.2220748559957979e+00,
       -1.9037925514669730e+01, 8.7087502701507500e+00,
       -2.7773181245247408e-01, -2.5155945302637543e+00,
       1.1895460115887660e+02, 1.7929044791160749e+01,
       -3.7225332946018547e+01, 1.6924706605016798e+01,
       2.6218906885635362e-01, 1.1014794119015779e+01,
       -1.0059553995632726e+00, -1.6741174982172435e+01,
       3.1091908919517980e-01, 9.8517208164338417e+00,
       5.8979816905322240e+00, 4.1603964733903297e+01,
       5.2073293073685472e+00, -1.1082737182410951e+00,
       9.9456411247909273e+01, 1.4288038644409429e+01,
       -5.0816278999665343e+00, -2.9626600235444418e+01,
       -3.1238937182549950e+01, -1.4928995653932915e+01,
       3.3610404602098815e-01, -1.6284005942186010e+02,
       -6.0230065223506706e+01, 3.0547261376941083e+01,
       4.3566217281847742e+01, -3.9993628193403885e+00,
       1.3855190183264572e+01, -1.8638079443108962e-01,
       3.2139838946163366e+01, 2.6119118933196788e+01,
       -1.1687689028632137e+01, 1.7165932641171380e+00,
       2.3144150739573018e+01, 3.6993269090864969e+00,
       1.0128425982391080e+00, -2.2365930276158105e+02,
       -1.4398667492125492e+01, 4.7489437561927190e+01,
       2.1392653053837417e+01, -1.6880368987343644e+01,
       1.4297683526035039e+01, -2.3732176307270572e+00,
       -2.0714768455311989e+02, -5.3219563885086556e+00,
       4.9373610905470287e+01, 6.6196065820121577e+00,
       -9.9685129813483595e+00, 8.1581845024680835e+00,
       -1.2634989172332727e+00, 4.8024672147075250e+01,
       8.5714806406901829e+01, -7.6722007451398850e+00,
       -4.1824007421969867e+01, 6.2063955849421069e+00,
       6.6628907544785374e+00, 1.5335793700589599e+00,
       5.7473836365342457e+01, -1.2565712760516828e+02,
       -2.6062511974275608e+01, -2.1369695049385459e+01,
       8.6136220109686903e+00, 9.7411709234535895e+00,
       -5.1196277453597339e-01, 6.5517743107689654e+01,
       -3.4768199345961023e+01, -1.9760930180327797e+01,
       3.4465956285241695e+01, 8.0100261486198541e+00,
       1.7170982309078084e+01, -3.9899974283360575e+00,
       8.1779694328393802e+01, -4.8018959506277362e+01,
       -2.0607343829286375e+01, -6.3096507141871143e+01,
       -2.3987533125749923e+01, -1.7792366818496731e+01,
       1.1669157546021844e+00, -5.9086840913933166e+01,
       1.0535866417232388e+02, -5.2858218853497021e+01,
       2.6544827910699141e+01, 5.8496447421727646e+00,
       -3.5272693424140988e+00, 1.4852518159663397e-01,
       2.3590632541104508e+01, 1.9278378850161154e+01,
       -7.7424618122804191e+01, -2.9843771340746475e+01,
       -2.6939297706814443e+01, -1.8328131281342646e+01,
       2.4383377876008572e-01, -1.6935625660853674e+02,
       1.8380783112743273e+02, 3.8617972521350765e+01,
       -8.7017098109667245e+01, -3.8036585338676630e+01,
       4.5965770075807441e+01, -1.2847640772438202e+01,
       -2.1666268654405883e+02, 9.1678007949488546e+01,
