%YAML:1.0
means: !!opencv-matrix
   rows: 8
   cols: 13
   dt: d
   data: [ -1.7317131717872795e+02, 1.6029521713117518e+01,
       3.7013599206037483e+01, -1.4651292771521280e+01,
       -1.5866544385800797e+01, 1.1185568760544300e+00,
       -4.2204751039131586e-02, 6.6752106898612207e-01,
       -9.4048749856822489e-01, -6.4583022143706967e-02,
       4.8425606925759875e-02, 8.1227401908673235e-03,
       3.6165700817957975e-03, 1.8850007039752112e+00,
       -1.5165057943111842e+02, 1.0515696202430911e+01,
       5.1089230932873328e+01, 1.0923388280711714e+01,
       -1.6235228149188547e+01, -1.3043934090069957e+00,
       -2.4509918080379520e-01, 1.1919840663806063e+00,
       -1.2001255625726022e+00, -7.5856143264141168e-02,
       -8.7752493108103194e-02, 2.4438443275425522e-03,
       4.4917744146002299e+01, 3.8413553691533764e+01,
       -1.0618188362519424e+01, -2.4088695566414327e+01,
       -5.0668345719607721e-01, -1.3416272449673011e+01,
       -8.2087051196643017e+00, 1.8745510007709609e+00,
       6.6016848177399421e+00, 6.6212365357406655e-01,
       7.8675314046556047e-02, -1.0203539590718928e-02,
       -3.9552743481879787e-02, 1.4082793565388010e+02,
       -8.3140788117809752e+00, -3.5826542852494725e+01,
       2.1753541426168951e+01, -1.7408913349492028e+01,
       6.0301121384352427e+00, -9.1490620107466600e-02,
       5.4908705288478421e-01, -2.9632482957892164e-01,
       -4.2126798230966087e-03, 1.1538806802001655e-01,
       -1.1066101041259324e-02, -1.1688303931839774e-03,
       -2.8334323751558422e+01, -1.4285213784003016e+01,
       8.5571107530291126e+00, 5.1291264467399964e+00,
       -1.1621602582857238e+00, 3.6428170649921494e+00,
       1.2952034028350832e+00, 2.4968543841242771e-01,
       -7.1873543880679702e-01, -2.0740565891011902e-02,
       -1.6885208088780293e-01, 1.6709977018765183e-03,
       2.2268609182124928e-03, -1.6521179535545986e+02,
       -7.3190574076554867e+01, 4.0999329246239121e+01,
       1.4375141809102040e+01, -1.5038737997234081e+01,
       -7.6305084421705658e+00, -4.1528282533726362e+00,
       -9.5962334823973205e-01, 2.0773785797230357e+00,
       4.4177108947574334e-01, -5.6420473098735435e-02,
       -1.4921132217999679e-02, -9.6394778698286627e-03,
       4.8099296303525598e+01, -1.7073428032943802e+01,
       -3.5383072523374999e+00, 8.9280894332001512e+00,
       1.9594259707954937e+01, -2.5023226061041459e-01,
       7.3351473422881119e-01, -7.4517235190172737e-01,
       -3.9335038759053698e-01, 7.9230909707349972e-02,
       1.3877692666873255e-02, 2.4785156000857057e-02,
       2.3110584019923369e-03, 1.1996750721067107e+01,
       1.1476597933695939e+02, -1.9193418383656088e+01,
       -4.9289443158075777e+01, -1.4046507725325699e+00,
       8.0324276591893029e-01, 1.6798186996351483e+00,
       -1.2963957291451245e-01, -2.8222426669464301e-01,
       -5.5375921279360259e-02, 3.1041790243921705e-02,
       -1.2931311133567915e-02, 5.4441685221746170e-03 ]
covs: !!opencv-matrix
   rows: 104
   cols: 13
   dt: d
   data: [ 6.4366329028146620e+03, 1.0610133853752200e+03,
       2.6483128762136503e+03, -1.3176714606712244e+03,
       3.9734616615170125e+01, 1.7821794892979506e+02,
       9.2961185758481605e+01, 1.7221685396002346e+01,
       2.5569845873539979e+01, -1.8739166217496270e-01,
       2.0177276463043434e-01, -1.1881352303080916e-01,
       -4.4790745333577887e-02, 1.0610133853752197e+03,
       1.1256951646413749e+04, -1.7068826997505752e+02,
       4.0429042955295603e+02, 2.4713021679735013e+02,
       -1.2023676223131056e+02, -2.0721530188786282e+01,
       -6.4850083433635163e+01, 1.1161578141233813e+01,
       -4.8833777761374755e+00, 1.2192354657783913e+00,
       -9.0032017034556189e-01, 1.7435386435897118e-02,
       2.6483128762136503e+03, -1.7068826997505747e+02,
       2.6699945157788329e+03, 3.0185779843463843e+02,
       -6.0143584657115902e+01, -1.8981034678040945e+01,
       -3.4902834323907939e+01, 7.1818783922217957e+00,
       -2.2463761160973319e+00, 5.4011926546867883e+00,
       -4.8133276644059841e-01, 1.7894193549144896e-01,
       -8.7878548929816058e-02, -1.3176714606712244e+03,
       4.0429042955295603e+02, 3.0185779843463848e+02,
       2.5663543077664681e+03, -9.9893511070570867e+01,
       4.3946455120265682e+01, 7.4828623962747969e+00,
       7.0998487969386739e+00, 1.2937697862701734e+00,
       8.1196066134888465e+00, -9.6725962129746168e-01,
       8.9524400753395156e-02, 2.9286638521815789e-02,
       3.9734616615170140e+01, 2.4713021679735013e+02,
       -6.0143584657115916e+01, -9.9893511070570867e+01,
       1.2118886509067536e+02, 3.1225433485439353e+01,
       7.9457784588712297e+00, 1.0754338895701103e+01,
       -1.0017103561228886e+00, 9.5688939440067833e-01,
       -6.8997746571512519e-01, -1.0210076625460124e-01,
       5.5261265382067860e-02, 1.7821794892979509e+02,
       -1.2023676223131056e+02, -1.8981034678040963e+01,
       4.3946455120265668e+01, 3.1225433485439353e+01,
       1.3823338501091899e+02, -8.9442068348577290e+00,
       4.4300670428329170e+00, -9.0488579053047813e-01,
       -6.9645782212755569e-01, -2.8308145217292285e-01,
       -1.8211877335402629e-01, 3.3757207079316849e-02,
       9.2961185758481605e+01, -2.0721530188786272e+01,
       -3.4902834323907946e+01, 7.4828623962747995e+00,
       7.9457784588712306e+00, -8.9442068348577290e+00,
       2.5348053008004804e+01, 2.1032756610312275e+00,
       2.9936883561513294e+00, 2.9222217270566619e-01,
       -2.1050927618504186e-02, 2.1285811891803827e-02,
       -3.2599402446672178e-02, 1.7221685396002343e+01,
       -6.4850083433635163e+01, 7.1818783922217966e+00,
       7.0998487969386757e+00, 1.0754338895701103e+01,
       4.4300670428329152e+00, 2.1032756610312275e+00,
       1.5559049949861548e+01, -1.2656569512379143e+00,
       7.0877193402252558e-01, -1.1492707092053971e-01,
       -2.7471205959060788e-02, 1.5066282881623334e-02,
       2.5569845873539979e+01, 1.1161578141233816e+01,
       -2.2463761160973323e+00, 1.2937697862701738e+00,
       -1.0017103561228886e+00, -9.0488579053047835e-01,
       2.9936883561513294e+00, -1.2656569512379143e+00,
       1.5255738639656966e+00, 5.7719894402075075e-02,
       4.5789721910157379e-02, 3.1436403968099602e-02,
       1.7118675044217168e-02, -1.8739166217496339e-01,
       -4.8833777761374737e+00, 5.4011926546867883e+00,
       8.1196066134888465e+00, 9.5688939440067800e-01,
       -6.9645782212755536e-01, 2.9222217270566619e-01,
       7.0877193402252558e-01, 5.7719894402075089e-02,
       5.4342596931028564e-01, -2.5338689236781075e-02,
       -3.4186273182175604e-03, 2.7038825849838182e-03,
       2.0177276463043420e-01, 1.2192354657783915e+00,
       -4.8133276644059869e-01, -9.6725962129746135e-01,
       -6.8997746571512519e-01, -2.8308145217292285e-01,
       -2.1050927618504186e-02, -1.1492707092053971e-01,
       4.5789721910157379e-02, -2.5338689236781082e-02,
       1.3981885041121873e-02, 1.5473369512818218e-03,
       -1.2601442408321502e-03, -1.1881352303080907e-01,
       -9.0032017034556211e-01, 1.7894193549144888e-01,
       8.9524400753395184e-02, -1.0210076625460124e-01,
       -1.8211877335402629e-01, 2.1285811891803817e-02,
       -2.7471205959060788e-02, 3.1436403968099602e-02,
       -3.4186273182175600e-03, 1.5473369512818216e-03,
       2.1732896696860641e-03, 6.1737216413369940e-04,
       -4.4790745333577874e-02, 1.7435386435897191e-02,
       -8.7878548929816003e-02, 2.9286638521815775e-02,
       5.5261265382067874e-02, 3.3757207079316863e-02,
       -3.2599402446672178e-02, 1.5066282881623342e-02,
       1.7118675044217168e-02, 2.7038825849838191e-03,
       -1.2601442408321502e-03, 6.1737216413369940e-04,
       2.1468480800334020e-03, 6.4084098736516944e+03,
       -1.3235954430023664e+03, 3.0954377676555046e+03,
       -5.4146728560904046e+02, -2.3978841499801268e+02,
       -2.6090877016800709e+02, -8.2861256461513548e+01,
