%YAML:1.0
means: !!opencv-matrix
   rows: 39
   cols: 7
   dt: d
   data: [ 2.1657292851319088e+01, -6.7124602208988705e+01,
       2.6923811963856044e+00, 4.4899019855110730e+01,
       -3.7472953174523276e+01, 2.9055195171356555e+01,
       2.6335498245484468e+00, -8.6348827730160650e+01,
       1.0505870869442028e+02, 5.0832508349634020e+00,
       -5.3610924154343373e+01, 1.5806559834397613e+00,
       5.3476901501143610e+00, 1.7497692012466664e+00,
       1.7144914614477065e+00, 8.0102442781740038e+01,
       1.0556197586938042e+01, 2.7142570425969527e+01,
       2.3034263911278043e+01, 3.2737861580984717e-01,
       6.3340794645414256e-01, 1.0151637151971687e+02,
       4.9503127492219242e+01, -3.2546799097333867e+01,
       -1.3177508128420078e+01, -1.4688455813484863e+01,
       -1.2147980809922638e+01, -5.6966972525552455e+00,
       -1.8380907638694657e+02, -1.3386568956007306e+02,
       5.3457592099088188e+01, 4.3670416298609126e+01,
       -3.5631615745410180e+01, -1.4162121201388652e+01,
       -3.9479739449371043e+00, 1.5756640785359270e+01,
       -2.3445050253933545e+02, 8.4214915046515806e+00,
       7.5809918626085548e+01, -1.2184499424259070e+00,
       -3.0155890197612671e+01, -3.2303060251297819e+00,
       8.4369511606568423e+01, -2.1138531733684399e+01,
       5.4857502514046402e+01, 1.2557475313346721e+01,
       1.3646511244801074e+01, 1.6692313550511386e+01,
       1.4931967573324147e+00, 8.6693709686209939e+00,
       6.2869707137741806e+01, 1.7420454763286127e+01,
       -1.9711941593392638e+01, 2.5542841566545224e+01,
       -9.4629632806941419e+00, -8.4078385820728787e+00,
       -1.5655622439239454e+02, -1.2527844824661500e+02,
       2.0385031094149284e+01, -4.7857569766770176e+01,
       8.2262323121012282e-01, 7.0683019196390218e+00,
       -3.0495705430243564e-01, 9.0488437256163309e+01,
       -3.5307675224632014e+01, -1.5284214853836760e+01,
       2.2824056787409095e+01, 1.4460584819724582e+01,
       -6.7040762403576153e+00, -6.6995249848150129e-01,
       1.4842938735086622e+02, 3.6668654255969910e+00,
       -3.9261257147242105e+01, 1.9744316772799873e+01,
       -1.7040416924089200e+01, 2.5058314420949386e+00,
       -9.7171698951890406e-01, 1.1846421988983874e+02,
       -3.0612972640856224e+01, -3.5196127858514238e+01,
       2.3910247753742244e+01, -6.5481804010123152e+00,
       -1.2058035687305038e+01, -3.6681646776187424e+00,
       -1.9843647948585044e+02, -3.7661562308468689e+01,
       5.2026170444102270e+01, 1.3398775504141353e+01,
       -1.4096494251321355e+01, -8.2134710002610378e-01,
       -1.0601239929071966e+00, 7.2029189887775376e+00,
       1.6547347629197523e+02, -3.0992027450678106e+00,
       -7.3948804113720499e+00, 1.2272655305853961e+01,
       -8.6300382956026933e+00, 1.2905070226085711e+00,
       1.2275131177499871e+02, -8.9597408689448386e+01,
       -2.5455707605540539e+01, 4.7175399638654390e+01,
       -2.1348226640063086e+01, -3.7977143166480545e+00,
       1.6470354623046495e+00, -6.4967785859026122e+01,
       -3.7683135658428078e+01, 2.8048942173113861e+01,
       2.3817178913514521e+01, 1.8850644991949618e+01,
       1.7215436412080209e+01, 2.1682450271900273e+00,
       1.4285775217469035e+02, 1.0783434653903186e+02,
       3.3086242686430133e+01, -1.8655780173186425e+01,
       -8.9664509395959957e+00, -7.8732722607620864e-01,
       1.0678156616048258e-01, -1.4506668571814373e+02,
       6.9184793628925334e+01, 1.8487524597623430e+01,
       -4.7934053552587223e+01, -3.2375075901293240e+00,
       -1.9509349676230372e+01, 2.8588616736805755e-01,
       1.8845000469746378e+02, 1.1142140238917866e+01,
       -4.9939619954233514e+01, 1.5638519480391334e+01,
       -9.6502773890950291e+00, -7.6477494606266987e+00,
       1.2914640972429368e+00, -9.1091660994346135e+00,
       7.3683631160003017e+01, -1.0097177376419822e+01,
       -4.7724129425963788e+01, 1.5404234780764968e+01,
       -8.1447535130351756e-01, 1.8074747566773692e+00,
       7.8050751213312832e+00, -5.1271732712181795e+01,
       -1.5907868686028955e+01, -3.9400770543697277e+01,
       2.2299526406569953e+01, 3.2577964572149782e+00,
       8.8549851859745110e-01, 5.7549157493109879e+00,
       -5.6208813898711938e+01, 1.0280800212617418e+00,
       2.0377085248904265e+01, -1.0232319944903486e+01,
       -1.4064603542611382e+01, -9.3436857882865543e-01,
       -1.5134972483417204e+02, -1.2318686675230721e+02,
       4.7469119200451189e+01, 4.5327860630821483e+01,
       -3.2586351622448731e+01, -3.5726380031581479e+00,
       -7.6523554644233487e+00, 1.1421114798755713e+02,
       -8.4184090911697368e+01, -1.0341816425181463e+01,
       5.4037459895434999e+01, 3.7903626650398445e+00,
       1.9133228646629391e+01, 2.1749958447327300e+00,
       2.5538636720118124e+01, 1.2603353786574115e+02,
       -2.7169644574103724e+01, -5.6262437858364827e+01,
       -1.0917848686283380e+01, 2.3321289594155177e+00,
       2.5086363290516154e+00, -8.7369113656244693e+01,
       -8.0902439859053686e+01, 3.1119710130207331e+01,
       2.7442275814771563e+01, -9.5759520339481288e+00,
       3.2996030784116233e+00, -4.1215959154874016e+00,
       -1.5000000129803979e+02, 1.1805385500653989e+02,
       1.5819140676954598e+01, -5.1548133325448596e+01,
       -2.3970816781547686e+01, -4.8512300258026197e+00,
       -5.1862568836635503e-01, 2.2141200912846596e+01,
       5.9900034217529893e+01, -6.5058340532100019e+01,
       -1.0440644805180321e+01, -5.2043092203279722e+00,
       1.1383542460086875e+00, 6.9907938574575682e-02,
       1.6641584257240726e+02, -5.0910399963078753e+01,
       6.7457550238796484e+00, -7.3862943278647933e+01,
       -7.8468255480615330e+00, -9.8529931382892078e-01,
       -1.0306469488223369e+00, 2.5873063286334293e+01,
       -9.1245439759122846e+01, -6.0627456502991306e+00,
       4.9349994073649135e+01, 8.6512851551319390e+00,
       2.1658458176266016e+01, 2.3813945092536239e+00,
       -1.6046933619872971e+02, -7.1522302073677338e+01,
       4.3464810704128389e+01, 3.0937833897623126e+01,
       -2.7630385608924076e+01, 1.2380994059096301e+01,
       1.5544465635849389e-01, -1.1797371264283196e+02,
       -3.0536602174030982e+01, 4.2017607798611373e+01,
       -6.2856720800539962e+00, 2.5144202221446963e+00,
       -1.5779879236082483e+01, -7.7249472411454767e-01,
       -2.2992826959016500e+02, 4.0712842986710932e+01,
       1.4607007379162251e-01, -1.5393585894342202e+01,
       -2.9186680045912929e+00, -2.2546649730991186e+00,
       7.2026744102588247e-01, 7.1947847447930485e+01,
       8.5344028138089456e+01, -3.1418619890191682e+01,
       -2.6894648269488634e+01, 4.6293964737164641e+00,
       -1.0700840037416942e+01, 3.2056505890816528e-01,
       -4.6240749701468022e+00, -3.6215657811010338e+01,
       8.7351279111189051e+00, 1.1889638646992632e+01,
       3.9765013638502630e+01, -2.4175509745366233e+00,
       1.1522684515611581e+00, -5.0307773269104201e+00,
       -1.2835436168546499e+02, 2.2961765082999648e+01,
       5.1239547407011152e+01, 3.5016729419716469e+01,
       -2.3298746209850520e+00, 8.5623878146783750e-01,
       -1.1099719632726480e+02, 4.0902236009637136e+01,
       8.0877700638610321e+01, -3.7547698215953005e+01,
       -4.3558661448558160e+00, -2.0092934051175504e-01,
       9.1181382083443147e-02, 9.9837661134638083e+01,
       -4.5513524661821208e+01, -2.1428221295144365e+01,
       3.6595084668572980e+01, -2.7536543760340383e+01,
       2.3524604371544267e+01, 1.1432549772272542e+00,
       1.8920051627074962e+01, 2.2402720141871106e+00,
       -1.4443091505033715e+01, -2.8865770365925076e+01,
       -4.7995531282577577e+00, -2.1230651403505657e+01,
       -3.4950640421690897e+00 ]
