%YAML:1.0
means: !!opencv-matrix
   rows: 12
   cols: 6
   dt: d
   data: [ -1.9780073052962180e+02, -7.6230221820852577e+01,
       3.4726468011994425e+00, 3.5312394381833883e+01,
       -1.2803602291965959e+01, 5.2202771414462665e+00,
       9.9695238172927816e+01, -4.5868065103843449e+01,
       -2.2017994031638924e+01, 3.6734685047733144e+01,
       -2.7362783703818408e+01, 2.3290812856718929e+01,
       8.9234550251792015e+01, -1.1307622490506766e+01,
       4.3882629925648857e+01, -2.8378850547685097e+01,
       1.9705128229527904e+01, -2.0525487222028422e+00,
       -8.0441037547746703e+01, -7.2887181880373419e+01,
       8.4308810818865837e+01, 1.3296520378078558e+01,
       -1.3071067890360451e+01, 6.0262038525998962e+00,
       -3.3680518979253335e+01, -1.1773935675472936e+01,
       -3.8490537925483544e+01, -9.0316898884035179e+00,
       2.5565027603626618e+01, -2.4911840848050031e+00,
       -1.7430147735747676e+02, 1.3224654323130514e+01,
       3.7755543358074341e+01, -2.0292347908489866e+01,
       -4.5341635567793004e+00, -3.8310870684852478e+00,
       7.0555118724898103e+00, -1.5297045338444019e+02,
       1.6895000971114730e+01, 5.5288110756118833e+01,
       1.9934731856456143e+01, -6.9186061919389381e+00,
       -8.6520633168169383e+01, 1.0485483349778031e+02,
       5.7371826188409933e+00, -5.3355083495278848e+01,
       -4.9418051438323722e+00, 5.5244646642940576e-01,
       1.1074463935937374e+02, -2.4030296105719998e+01,
       -2.8252952516237215e+01, 1.6528860950926997e+01,
       -8.6174846631640456e+00, -9.8508164121010573e+00,
       6.3266987238594034e+01, -7.8683074327298272e+01,
       -3.9867936205738950e+00, 4.3061918083260700e+01,
       1.4470538600909453e+00, 2.0606289191571253e+01,
       1.1246478142518900e+01, 1.1149626078785570e+02,
       1.1452654577902271e+01, 3.8960599021431250e+01,
       1.7810720188913461e+01, -2.0716209332544402e+00,
       8.6016720985768245e+01, 7.6682623184161727e+01,
       -3.4082111082384721e+01, -2.8686033921451301e+01,
       -1.0883382482534644e+01, -3.1584162866896559e+00 ]
covs: !!opencv-matrix
   rows: 72
   cols: 6
   dt: d
   data: [ 4.0997388513802007e+03, 7.7688883010210816e+02,
       6.2902504393205584e+02, -6.4625487085907207e+02,
       7.4826493701839149e+02, 3.1660160309659381e+02,
       7.7688883010210839e+02, 8.0425825624483468e+03,
       5.6455035947887393e+02, 2.0538579143897391e+03,
       8.7326663935661361e+02, 8.0747848397292955e+02,
       6.2902504393205584e+02, 5.6455035947887393e+02,
       9.4820407682787345e+02, 3.7142911991610134e+02,
       -1.6554269050191834e+02, -1.3925968284057359e+02,
       -6.4625487085907207e+02, 2.0538579143897391e+03,
       3.7142911991610134e+02, 1.8543351067864928e+03,
       -3.1825195416056062e+02, -1.5652744984733124e+02,
       7.4826493701839149e+02, 8.7326663935661338e+02,
       -1.6554269050191834e+02, -3.1825195416056062e+02,
       4.9783247039063428e+02, 2.3596951895751013e+02,
       3.1660160309659381e+02, 8.0747848397292955e+02,
       -1.3925968284057362e+02, -1.5652744984733121e+02,
       2.3596951895751016e+02, 3.4196350809351026e+02,
       4.1635787018802066e+03, -1.0646432313333536e+02,
       2.9202000735003908e+03, -8.1969711681479180e+02,
       -8.0761325932995447e+01, -2.6155196582409623e+01,
       -1.0646432313333536e+02, 5.0968902641869254e+03,
       9.2511294776500540e+02, 2.6895233830639090e+03,
       -4.2646110990136116e+01, -7.6181372083658886e+01,
       2.9202000735003908e+03, 9.2511294776500540e+02,
       2.5430188812939391e+03, -1.0618342479844186e+02,
       -9.4029869496244459e+01, -8.0027485863246525e+01,
       -8.1969711681479180e+02, 2.6895233830639090e+03,
       -1.0618342479844186e+02, 1.7549475952119781e+03,
       6.6954724923133270e+01, -1.2704042608005211e+02,
       -8.0761325932995447e+01, -4.2646110990136108e+01,
       -9.4029869496244459e+01, 6.6954724923133270e+01,
       3.5462629713408255e+01, -3.4727461596975367e+01,
       -2.6155196582409602e+01, -7.6181372083658886e+01,
       -8.0027485863246525e+01, -1.2704042608005216e+02,
       -3.4727461596975367e+01, 1.3950151427604013e+02,
       2.9565646303351887e+03, 1.0734735761147120e+02,
       -1.7404780612331830e+01, -1.8769273681785066e+02,
       -3.1685744397956176e+02, -1.4727803029291479e+02,
       1.0734735761147122e+02, 7.6035497712526976e+03,
       2.5770074236805254e+02, 7.3098201467980107e+02,
       -3.5936465836342728e+02, -2.5443550284803405e+02,
       -1.7404780612331830e+01, 2.5770074236805260e+02,
       8.6387563949433695e+02, 4.7660423377596857e+02,
       1.6647935107142882e+02, 5.2542765765770184e+01,
       -1.8769273681785072e+02, 7.3098201467980095e+02,
       4.7660423377596857e+02, 1.7169585439878601e+03,
       1.7847805661745932e+02, -3.9841013738180038e+01,
       -3.1685744397956176e+02, -3.5936465836342728e+02,
       1.6647935107142888e+02, 1.7847805661745937e+02,
       2.5782550395832550e+02, 6.5677967220079339e+00,
       -1.4727803029291479e+02, -2.5443550284803405e+02,
       5.2542765765770170e+01, -3.9841013738180045e+01,
       6.5677967220079339e+00, 1.3108539422206289e+02,
       3.4019417408211834e+03, 8.7223682418691260e+02,
       4.4131439260032448e+02, -6.7289446396512528e+02,
       7.8866209250491420e+02, 3.5362727796392983e+02,
       8.7223682418691260e+02, 7.9002420095086945e+03,
       7.0056173497691316e+02, 1.9512902673816361e+03,
       8.4893725508689738e+02, 7.2602661118714798e+02,
       4.4131439260032442e+02, 7.0056173497691304e+02,
       8.7730997964583958e+02, 4.1086210414959749e+02,
       -1.3975300533714741e+02, -8.9695328386534285e+01,
       -6.7289446396512551e+02, 1.9512902673816359e+03,
       4.1086210414959749e+02, 1.7926300251098794e+03,
       -3.2029221385734155e+02, -1.8657929846361048e+02,
       7.8866209250491420e+02, 8.4893725508689738e+02,
       -1.3975300533714741e+02, -3.2029221385734155e+02,
       4.8504250724650109e+02, 2.2449879807504558e+02,
       3.5362727796392983e+02, 7.2602661118714798e+02,
       -8.9695328386534300e+01, -1.8657929846361048e+02,
       2.2449879807504558e+02, 3.3012890989078534e+02,
       3.4454056182527761e+03, -1.4736480921171227e+02,
       5.8749310053386444e+02, -3.7323542992512597e+02,
       -2.9387833465279834e+02, -2.4713958529416558e+02,
       -1.4736480921171230e+02, 7.4297705643393101e+03,
       -7.1144342786938523e+01, 7.7980435889318869e+02,
       -2.8757664365082638e+02, -2.6209364512251119e+02,
       5.8749310053386432e+02, -7.1144342786938566e+01,
       1.2454784749496878e+03, 2.9314174931525503e+02,
       9.3777515966044930e+01, 4.2872577607545637e+00,
       -3.7323542992512603e+02, 7.7980435889318858e+02,
       2.9314174931525503e+02, 1.6699533722984586e+03,
       1.6784438014118570e+02, -5.6117946175367578e+01,
       -2.9387833465279834e+02, -2.8757664365082627e+02,
       9.3777515966044930e+01, 1.6784438014118570e+02,
       2.0670225195913017e+02, 5.8690199759435426e+00,
       -2.4713958529416558e+02, -2.6209364512251119e+02,
       4.2872577607545637e+00, -5.6117946175367599e+01,
       5.8690199759435400e+00, 1.2802777263582874e+02,
       6.9827448441383576e+03, 6.8360229151637861e+02,
       2.6927772580715564e+03, -1.1679473929422420e+03,
       2.7745375667238670e+02, 2.1092045951273499e+02,
       6.8360229151637861e+02, 8.0224216888003493e+03,
       5.4816411084170284e+02, 1.7918508125620642e+03,
       2.1891961894054293e+02, 1.4525979141981549e+02,
       2.6927772580715564e+03, 5.4816411084170284e+02,
       2.3557111242272999e+03, 3.8155023463499035e+01,
       -1.2508637363475917e+02, 1.9017820897271263e+00,
       -1.1679473929422420e+03, 1.7918508125620642e+03,
       3.8155023463499020e+01, 1.9043603633891662e+03,
       -5.4048297345464235e+01, -4.3939907764785097e+01,
       2.7745375667238665e+02, 2.1891961894054293e+02,
       -1.2508637363475920e+02, -5.4048297345464235e+01,
       1.1694334203763647e+02, 5.1419637198153758e+01,
