%YAML:1.0
means: !!opencv-matrix
   rows: 38
   cols: 7
   dt: d
   data: [ -4.2370593962668588e+00, -3.5354842899182493e+01,
       1.0961733667438823e+01, 1.1457257149805981e+01,
       4.0049978854084877e+01, -1.7294569604818688e+00,
       1.1223650887236296e+00, -1.4929656480417043e+02,
       1.1812484317093221e+02, 1.5714067886925076e+01,
       -5.1744118814614588e+01, -2.3829242144177968e+01,
       -4.6991256400406911e+00, -5.0912161723261629e-01,
       1.8815672064787441e+02, 3.7142815926084559e+01,
       3.3281047256049973e+01, -2.6360343529207857e+01,
       -1.0297326416177736e+01, -4.0456175510005874e+00,
       -1.5980396498693765e+00, 3.2791384054379328e+01,
       -1.2942333847643066e+01, -4.8973077217066702e-01,
       -8.1881596568452952e+00, 2.4878161882358206e+01,
       -2.6840175040557824e+01, -3.5885527083560738e+00,
       -2.5120798566043863e+01, 3.1872101460177127e+01,
       -2.0448752548035145e+01, -2.8369481373443815e+01,
       -9.2489042585351218e+00, -6.1869630384476695e+00,
       -3.7216092299538256e-01, -1.9388749943359906e+02,
       -5.9833749385656944e+01, 3.6901769515638222e+01,
       -5.7951966642505305e+01, -1.0628415550101677e+01,
       -4.4924571989745834e+00, -5.6142635539612784e-01,
       8.4856538718662293e+01, -3.6740903570758462e+01,
       -2.0163236410874134e+01, 3.5207668845851217e+01,
       -3.0472387289436401e+01, 2.1653975606525918e+01,
       9.7506366428994906e-01, 1.0030925943244465e+02,
       -4.8416776859966760e+01, -2.1772730300104325e+01,
       3.5865077515112205e+01, -2.7456584908404022e+01,
       2.3011499710078457e+01, 1.1535127274565709e+00,
       -9.0483423058513083e+01, -1.7145945447937283e+00,
       4.1007158974555900e+01, -4.3958327153039791e+00,
       1.2760769734552783e+01, 1.3129021143174707e+01,
       2.3742373595384509e+00, 1.9687465726110915e+02,
       -8.9457688176983812e+00, -5.0560164425364228e+01,
       2.0678269205606497e+01, -1.1450076013375813e+01,
       -8.5835109674157604e+00, 6.0100998198630240e-01,
       -1.3209628352681941e+02, -6.9487251296900169e+01,
       4.3254976470192766e+01, 8.2832064039930007e+00,
       -5.4091676748740039e+00, -2.7725241166640917e+01,
       -2.9026462764348082e+00, 8.8988569661355328e+01,
       5.0519123903367742e+01, -4.9311165292670182e+01,
       9.3914978569034524e-01, -9.5102070635738301e+00,
       1.1180456888377901e+00, -3.0987798619471808e-02,
       9.4797178706042459e+01, 5.2512105217648077e+01,
       -3.3437603352577106e+01, -1.2397633538582047e+01,
       -9.4037810477291348e+00, -1.3544245861138858e+01,
       -5.0462388141721615e+00, 1.7379377687086051e+02,
       5.6299022579817155e+01, -4.6441398383608153e+01,
       -3.6319658157922191e-01, -7.5887065963393212e+00,
       -5.0844204987616006e+00, 2.3875081378545491e+00,
       -4.1244307462997305e+01, 1.6963617709728450e+02,
       9.2008635365912106e+00, 1.9606895230203349e+00,
       1.2448028833222796e+01, -1.0790053729076554e+00,
       1.7860838649781996e+00, -1.7564645178679353e+02,
       -1.2010293484464117e+02, 5.0214097337139933e+01,
       4.1227503010362923e+01, -3.5056552170560728e+01,
       -6.6860020267190992e+00, -2.7691010555020337e+00,
       -4.5746943462726781e+00, -1.3950420899050414e+02,
       3.1165340609307243e+01, 6.0155283339909559e+01,
       3.2786861443873811e+01, -1.5260843953110413e+01,
       4.5145956852459333e-02, -1.4532879093269131e+02,
       -5.8908062349824242e+01, 5.1952275093976048e+01,
       1.9482283664984934e+01, -1.3212545858932769e+01,
       1.0601924871594091e+01, -4.1956361535620440e-01,
       1.6051847551262419e+01, -1.0779925410836439e+02,
       5.5069131707613721e+00, 3.5130421704422332e+01,
       -8.7389484563809710e+00, -1.5241823364556609e+01,
       -1.8425152646808918e+00, 1.1533821121437924e+01,
       -2.4039165268751620e+02, 7.7178997745712259e+00,
       7.7181189720547849e+01, -1.1343732586781448e+00,
       -3.3665052665866384e+01, -2.8067960251772472e+00,
       -2.5269235641925277e+02, -3.9667576437650773e+01,
       -1.1374117962284506e+01, 1.9290869733530720e+01,
       -2.5704596971377360e+00, 3.3085381800591098e+00,
       -3.4046591686391753e-01, 7.9107695196130351e+01,
       -1.0976915791610000e+02, -3.2615286418373451e+01,
       -3.4465185467644254e+01, 1.3250580330651475e+01,
       -2.2650962044822132e-01, -2.6310977061554430e-01,
       -9.3846921048150804e+00, -2.2214618002064263e+01,
       -3.8019323117570814e+01, 2.9636770855948381e+01,
       6.9832220415259592e+00, 1.4279884721173367e+01,
       1.9103488913381743e+00, -1.4968715565632556e+02,
       5.7368498658948312e+01, 2.7259382022631403e+01,
       -3.8127205207358983e+01, 2.0710788932549140e-01,
       -7.7760587268493566e+00, -1.6137149382756069e-01,
       1.4549732408754009e+01, 7.6277275903732729e+01,
       -2.7219273889470063e+01, -4.0396629848149551e+01,
       1.2248941534799823e+01, -6.4149594798039011e+00,
       1.1587524747693967e+00, -8.2371439447711722e+01,
       8.6757441035165385e+01, 2.6757856109508888e+00,
       -5.7886675932767162e+01, 3.6369394274664750e+00,
       5.5128202017114845e+00, 1.9187440185489038e+00,
       7.7864268549327363e+01, 1.0931501172881688e+01,
       -1.3799854250290261e+01, 3.2562438556811479e+01,
       1.5230534198111565e+01, -8.5602948986394907e+00,
       1.8454708679039419e-01, 1.3252054793191303e+02,
       -8.9651897048432104e+01, -2.7996185185125750e+01,
       4.9186891021326254e+01, -2.3734685586263858e+01,
       -3.0801099939227612e+00, 1.5864389194765125e+00,
       -1.6233780296971608e+02, -1.4168554107653168e+02,
       4.3985948318614234e+01, 4.9140024500850259e+01,
       -3.7717133127500482e+01, -9.5140395303626359e+00,
       -9.2379707363654422e+00, -2.2298482803835760e+00,
       -9.1564288034675712e+01, 1.9462821833871089e+01,
       3.9597660921173357e+01, 3.1616737214185314e+01,
       1.4109550897235229e+01, 2.0406030568082483e+00,
       1.1283181297315056e+02, -1.5060532068431819e+01,
       4.9428247132797686e+01, -1.5434877761737009e-01,
       7.6558999346592875e+00, 1.1647551080917118e+01,
       1.1773521816583574e+00, 2.4067578506081666e+01,
       1.2669209329581452e+02, -3.3489544023019256e+01,
       -5.2096007748982970e+01, -8.8035733391181452e+00,
       1.7033501334058732e+00, 2.5842258653859944e+00,
       -1.0491839976369103e+01, 1.1672019637601790e+02,
       1.8119213863312382e+01, -3.0296550459465990e+01,
       1.8429508409788792e+01, -1.1227430961544975e+00,
       -1.2373535730663807e+01, 1.2958315057692883e+02,
       -2.6282218879922105e+01, -3.5748365686069050e+01,
       1.6476560190872458e+01, -1.1786416611341167e+01,
       -1.3817994800756441e+01, -6.3504362454961187e+00,
       -2.4992500490298866e+01, 8.0137664304392100e+00,
       7.6810629263931443e+00, -4.4529861678238589e+00,
       2.8390535883251040e+01, 3.3289591524237179e+00,
       -1.2741709802804166e-01, 1.0080643936772293e+02,
       1.1573388893556118e+02, 3.5868302678973187e+01,
       -6.3069596034834085e+01, -5.1498667898564552e+00,
       -2.3594376195063478e+00, 8.0234450278603997e-01,
       -1.9708884446044908e+02, 5.8150341785582604e+01,
       6.1659553673620728e+01, 8.3400058796584347e+00,
       -1.1459515599020463e+01, -6.3621258430968606e+00,
       -1.2625583805388699e-01, 8.5287090818864868e+01,
       -6.7521188231352681e+01, -1.2598416175992167e+01,
       5.0005198737559610e+01, -9.8957944875570170e-01,
       2.7792789613010282e+01, 3.0504487175066464e+00 ]
