%YAML:1.0
means: !!opencv-matrix
   rows: 47
   cols: 4
   dt: d
   data: [ 8.0609056996775294e+01, 5.7561475123968748e+01,
       2.8340247790674233e+01, -4.5872634336254578e+01,
       -1.0976782642528323e+02, -1.4052923672956527e+02,
       5.3889386299448226e+01, 4.1772956093426693e+01,
       -7.0362920182136875e+01, 1.2166920434110831e+02,
       9.4102465848846890e+01, -5.4146940201022211e+00,
       2.6691613517214844e+01, 1.8452857953340967e+01,
       -6.6096235755211694e+01, -3.3479994874463749e+01,
       1.4392719457032933e+02, -3.7106548360129295e+01,
       1.5909509358247748e+01, 3.3218840363664562e+01,
       2.9659602500714264e+01, 6.5650352450771152e+01,
       -1.0084358830389294e+02, 3.8655422748988322e+01,
       -1.1132619832126042e+02, 1.9614616037639056e+01,
       3.3522491737066105e+01, -3.5234027517963554e+01,
       1.3049809186543794e+01, -1.0948866564537928e+01,
       9.5188563501480985e+01, 2.1098311425279995e+01,
       2.8659017201277031e+01, -1.6570970664446699e+02,
       6.8343200584603977e+01, 2.1991039657992012e+01,
       8.1860348515241739e+01, -1.1079143863898473e+01,
       -5.5269951163314602e+01, 2.6971722187274729e+01,
       -9.5350977638055383e+01, 1.6209687530510639e+01,
       7.7367190590982062e+01, 7.3403220171824444e+01,
       -1.9831926856873218e+02, -7.6136973739855421e+01,
       3.1748570136253353e+01, -4.6682049151068810e+01,
       -1.8206869854446140e+02, 6.5330354495120062e+01,
       6.0992310730385249e+01, -2.9751317012563987e+01,
       8.0118913214411080e+01, 1.1845428783533060e+02,
       5.2659738072869700e+01, 3.7730378152295977e+01,
       1.9087218751085359e+02, 5.8098940702337067e+01,
       -1.8885299300596031e+01, 6.6068648258741796e+00,
       4.2838993930784554e+01, 2.7236581375616392e+01,
       4.8328102335382495e+00, -7.1395720502889237e-01,
       -1.0073962927660270e+02, -1.6161870120592678e+02,
       3.3113376123337013e-01, 1.5865754375696332e+01,
       5.2370737802010552e+01, -1.4503098628371083e+02,
       -3.0526984842927916e+01, -1.3941491435072328e+01,
       -4.8250479524792738e+01, 1.6953160657526243e+02,
       -5.0537725335134134e+01, -8.1881669616639442e+01,
       5.6410423252162953e+00, -7.3602440431839639e+01,
       1.3911330447195313e+01, 6.4974041439723990e+01,
       1.3301517672783331e+02, 1.1397464341535645e+01,
       1.8474982578046319e+01, -3.3744318059011931e+01,
       9.0681181266622261e+01, 2.5752026312479611e+01,
       7.1806807593641182e+01, -2.5005705850482467e+01,
       -1.8020936266298975e+02, 1.7234687895563877e+02,
       3.3093222249148511e+01, -4.1651686352088024e+00,
       5.9806561336718616e+01, 1.4143725395352814e+02,
       1.9856765218951384e+01, -8.7900182176617861e+01,
       -4.9099999363997739e+01, 1.0260108878034918e+01,
       -4.7440376953131725e+01, 8.5639187286203011e+01,
       1.1752406202077857e+02, -1.2458482824495842e+01,
       -6.8055758517186121e+01, -3.4152996440095144e+01,
       -1.0103116858517794e+02, -5.2980635751592352e+01,
       1.0076511455728716e+02, -4.0062721368665748e+01,
       -2.7970608830542722e+02, 1.2577099725832925e+02,
       -1.6323998544871824e+01, -1.7288812680061201e+00,
       2.0151278722826731e+02, -2.0432221323548859e+01,
       4.3827845421819426e+01, 8.2927885783897626e+00,
       9.8078996251575347e+01, 1.1650721096524035e+02,
       -4.8818118954643488e+01, 1.7913279466439231e+01,
       -2.8337394513273898e+02, 1.5263229835055890e+01,
       -1.9020240049048976e+01, -5.6309199634881871e+01,
       1.0997884697764224e+01, -7.8197095113211716e+01,
       -9.2225229680755973e+01, 1.4259433453339739e+01,
       -2.3771330451231233e+02, -1.1346575062536215e+02,
       -2.4806535242592528e+01, 2.5810360383399836e+01,
       -1.2364524709461770e+02, -2.2018963547357277e+01,
       1.0379130579025235e+01, 8.3123822269343989e+01,
       7.0390347669703445e+01, -5.7753848786218050e+01,
       -2.9835361917092065e+01, -7.3540705536018123e+01,
       -6.0493024559017385e+00, 1.5390037777959660e+02,
       -3.2349215399972633e+00, -2.4930705992283433e+00,
       1.9214257966060231e+02, 9.4711772171108606e+01,
       3.1749572453912961e+01, 2.3849039445753931e+01,
       -1.9915652920733276e+01, 3.2129001829112156e+01,
       -8.9277375811173254e-01, -1.1610797281441242e+01,
       2.5572155605475624e+00, -7.3757943390431066e+01,
       1.8471046300687341e+01, -4.3864223172015073e+01,
       2.2741604321879478e+02, -4.6419931981906082e+01,
       1.4426532862376568e+01, -4.0292284508494674e+01,
       -8.7493265914815993e+01, -3.6116164764530652e+01,
       -5.1883691625369181e+01, -3.9284456071971775e+01,
       -2.4737345460215980e+01, 1.0658288555057270e+02,
       5.2767870960594818e+00, 4.1716520707259299e+01,
       -1.8293290305396673e+02, 1.3732529147405920e+01,
       2.0481926656682322e+01, 4.1818444269839766e+01,
       -8.8939528973018326e+01, 8.6279661835716809e+01,
       -5.2236270222125341e+01, 7.1912899114014044e+00,
       -9.1890992498441804e+01, -1.0592674156080110e+02,
       -5.2898825100607276e+01, 3.7369500303154098e+01,
       1.2389157138813037e+02, -1.2821884727526589e+02,
       -9.5938161488598812e+00, 1.8166657794184449e+00,
       1.0648826439449850e+02, 6.3209196410073851e+01,
       -2.2141507668001491e+01, 7.9276032728304742e+01 ]
