%YAML:1.0
means: !!opencv-matrix
   rows: 41
   cols: 3
   dt: d
   data: [ 6.7593538415432150e+01, -5.8692861037404988e+01,
       -9.0122493237579590e+01, -1.9329160315051109e+02,
       3.5641807912087494e+01, -2.1162876380987242e+01,
       1.4027743302682447e+02, -1.9953491117165634e+00,
       -3.6425058051959297e+01, 4.0379882997307739e+01,
       -6.9569777012643129e+01, 4.3613399576113252e+01,
       -7.4501229990877022e+01, -1.9634940362930870e+01,
       8.2531674385769051e+01, -1.0894135418712777e+02,
       1.3055259930565472e+02, 5.6476298003997492e+01,
       3.6279650035373310e+00, 8.1214901280537248e+01,
       8.7673223580280357e+00, -9.8723268470626039e+01,
       -3.7510720043673629e+01, -6.6488207047960415e+01,
       -2.2281167107478163e+02, 1.2967430853010626e+02,
       1.9031485640158699e+01, -2.1357802781726366e+02,
       -1.0312038723335749e+02, -2.4999801206496130e+01,
       2.1448863975181132e+02, 7.0640163343092411e+01,
       2.4642608359418747e+00, 1.1668413631348965e+02,
       -9.0635902401708634e+01, -2.3771870004531888e+01,
       -6.1496186513002627e+01, 1.2799450338553706e+02,
       -4.2832117859433005e+01, -2.9808773794702894e+00,
       8.5395781832107588e+01, -9.2316332977380682e+01,
       1.4012357609305656e+02, -6.4113956579763709e+01,
       4.2929313557887177e+01, -1.7160036084726619e+02,
       -1.6654254841740445e+02, 3.2983705717773262e+00,
       5.8845959093862511e+01, 1.3238768494454279e+01,
       6.3391886795406251e+01, -1.2433140557120463e+02,
       -9.7911493692492769e+01, 4.4798562697528553e+01,
       5.8399159909822224e+01, 1.0462496366095587e+02,
       -8.5507065350623208e+01, -2.7026887593165901e+02,
       -2.9314928868312404e+00, -5.8228996066773755e+00,
       1.5139132556772512e+02, -1.3900219966977136e+02,
       4.3283781992217804e+01, -1.7229770182229549e+02,
       4.7305406994722112e+01, 6.9728714094761884e+01,
       7.7463045692845810e+01, 8.6044814106596604e+01,
       6.1387247270040582e+01, -9.7605856045992610e+01,
       -1.4731912638054553e+02, 6.0023589824157533e+01,
       -4.9474223161441921e+00, -4.1071563481680677e+01,
       -8.9514370586980704e+01, 1.6541462983335117e+02,
       -5.5712736823995650e+00, 5.9623831232437006e+01,
       -1.0273940102233100e+01, -1.3610621067395419e+02,
       -1.6207360996542516e+01, -2.9208192099817012e+02,
       6.3437310629892174e+01, -2.6642047111871694e+01,
       1.5173494841627590e+02, 1.0587809917284946e+02,
       2.9322939709950894e+01, -1.4987882960195535e+01,
       -3.1340781483990430e+01, -1.2559907272154129e+00,
       -5.0135248186316922e+01, 7.9336953380999331e+00,
       1.0645609662064467e+02, -1.4766632088302060e+02,
       -9.0582168248983379e+00, 3.3825488335639797e+01,
       -7.1677232172562711e+01, 2.9885488903863870e+01,
       -4.3340515010504014e+01, 1.4407774226740409e+02,
       1.8485382375318569e+01, 3.0933751818342913e+01,
       7.1387965622784037e+01, 5.1556185320143406e+00,
       -2.6519151875033732e+01, 5.5576669239524854e+01,
       2.6921557930562567e+01, -8.5721010748746394e+01,
       1.2384688095837471e+02, 9.4312296404419342e+01,
       -2.6312865006547867e+01, -8.8955618237654647e+01,
       -1.1453900685540205e+02, -4.8618185153684855e+01,
       6.3746214884083656e+01, -1.6375299763320498e+02,
       3.3941293699715359e+01, 2.2738354481598947e+02,
       -3.0362714589390155e+01, 2.1742928071228842e+01,
       3.0804015495169853e+01, 2.1622816095551792e+02,
       -7.9877198956539868e+00 ]
covs: !!opencv-matrix
   rows: 123
   cols: 3
   dt: d
   data: [ 1.2821843382501474e+03, 1.2347685504129988e+02,
       1.6349843597800094e+02, 1.2347685504129988e+02,
       2.5661345776509497e+03, 1.7998468772194033e+02,
       1.6349843597800091e+02, 1.7998468772194033e+02,
       7.5007322589211685e+02, 2.1174593057740535e+03,
       5.5167336766941662e+02, -4.6698691026363093e+01,
       5.5167336766941628e+02, 4.9206815602290244e+03,
       1.1147744247478612e+02, -4.6698691026363072e+01,
       1.1147744247478614e+02, 5.5495547501755948e+02,
       1.6569994148845260e+03, -3.7133515847272719e+02,
       6.6108012569316554e+02, -3.7133515847272713e+02,
       2.5706936611604688e+03, -2.9838940064417147e+02,
       6.6108012569316543e+02, -2.9838940064417142e+02,
       1.0358647274233176e+03, 1.5002354362691410e+03,
       4.9455151986539434e+01, -9.7510696595288564e+01,
       4.9455151986539434e+01, 2.5142442979568768e+03,
       -4.6709279797773627e+02, -9.7510696595288593e+01,
       -4.6709279797773627e+02, 9.5294178780227378e+02,
       2.0718329151587282e+03, -2.6022774590184781e+02,
       -3.8287387138192372e+02, -2.6022774590184781e+02,
       5.9934530235356715e+03, -1.3013405105605656e+02,
       -3.8287387138192372e+02, -1.3013405105605656e+02,
       4.5543023971077611e+02, 2.5590268879008813e+03,
       -4.7979127778792792e+02, 4.7270515033788223e+02,
       -4.7979127778792781e+02, 1.8193736170132220e+03,
       6.1195823577139788e+02, 4.7270515033788206e+02,
       6.1195823577139788e+02, 1.1300276812493987e+03,
       1.6207972587657948e+03, 3.1826745976178177e+01,
       4.2507281757863734e+02, 3.1826745976178199e+01,
       3.6058473784802613e+03, -6.2084674512369673e+01,
       4.2507281757863723e+02, -6.2084674512369673e+01,
       6.7251330747235977e+02, 3.0976081001829748e+03,
       5.4786175392635073e+02, -4.9037863640158270e+02,
       5.4786175392635073e+02, 4.0323148431772306e+03,
       1.5825614382650053e+02, -4.9037863640158270e+02,
       1.5825614382650053e+02, 3.5115617759477402e+02,
       2.1830536636620682e+03, 4.8627041725801824e+01,
       8.8256076776062559e+02, 4.8627041725801782e+01,
       3.3406651219461251e+03, -1.5561069162556461e+02,
       8.8256076776062537e+02, -1.5561069162556461e+02,
       8.9060264950779924e+02, 1.4147138228287902e+03,
       1.0348876853608217e+03, 4.7871894330112826e+02,
       1.0348876853608215e+03, 5.5429672685774067e+03,
       4.6275724391429424e+02, 4.7871894330112826e+02,
       4.6275724391429424e+02, 4.5266837438489063e+02,
       1.7287777479396013e+03, 2.3368291917544403e+02,
       4.9281599375574422e+02, 2.3368291917544394e+02,
       2.2667893274868452e+03, 5.2996462616054579e+01,
       4.9281599375574422e+02, 5.2996462616054579e+01,
       5.2103957371970762e+02, 2.8225938167722770e+03,
       -3.8391964911036399e+02, 5.4851598828174963e+02,
       -3.8391964911036399e+02, 2.2424566819399229e+03,
       -1.2061439579768064e+02, 5.4851598828174951e+02,
       -1.2061439579768059e+02, 1.0690902195585475e+03,
       1.6180462274947008e+03, 2.4125057693134888e+00,
       2.1134364398181552e+02, 2.4125057693134697e+00,
       2.7346000046492704e+03, -2.3439015472709306e+02,
       2.1134364398181546e+02, -2.3439015472709301e+02,
       4.6931205929425414e+02, 3.4520648011682846e+02,
       8.3372266176743210e+01, 1.3408336111390003e+02,
       8.3372266176743210e+01, 2.6991928444719729e+03,
       2.6068060246011862e+02, 1.3408336111390003e+02,
       2.6068060246011862e+02, 3.2000987017123180e+02,
       2.4869101360699237e+03, -4.2738284223740351e+01,
       -1.1087897761153233e+03, -4.2738284223740330e+01,
       1.9857358090379328e+03, 2.6662432794331913e+01,
       -1.1087897761153233e+03, 2.6662432794331920e+01,
       9.1496105873375336e+02, 2.3229850748071131e+03,
       -8.9421296993933254e+02, -2.8762487712170798e+02,
       -8.9421296993933254e+02, 2.3585103750715539e+03,
       5.3844994346902560e+01, -2.8762487712170793e+02,
       5.3844994346902560e+01, 5.6153011447425376e+02,
       1.4835137955103928e+03, -4.0509706093392055e+02,
       -2.0239918099210800e+02, -4.0509706093392055e+02,
       3.1111843156639529e+03, 2.8807616963008633e+02,
       -2.0239918099210800e+02, 2.8807616963008633e+02,
       6.1152725247844171e+02, 1.2471489446484388e+03,
       6.9033254158045722e+01, -1.2195947511805726e+02,
       6.9033254158045722e+01, 2.5734591410243361e+03,
