%YAML:1.0
means: !!opencv-matrix
   rows: 6
   cols: 2
   dt: d
   data: [ -2.5480879059825519e+01, 5.9241668406230779e+01,
       1.1256305426331808e+02, -4.5797578502152241e+01,
       -1.4655598706616030e+02, -7.9964416332150179e+01,
       1.1985427413640592e+02, 7.7029456799037675e+01,
       1.0194513876777201e+01, -5.9914149847992270e+01,
       -1.9817008025946515e+02, 6.9785734790523946e+01 ]
covs: !!opencv-matrix
   rows: 12
   cols: 2
   dt: d
   data: [ 6.9085599448902667e+03, 7.0154597899364865e+02,
       7.0154597899364842e+02, 7.5175132836956436e+03,
       4.9994042697502464e+03, -5.5194144959896630e+02,
       -5.5194144959896630e+02, 4.0732310938970268e+03,
       7.4643324963680334e+03, -8.4525949449528514e+02,
       -8.4525949449528525e+02, 6.3448017517659164e+03,
       5.4575266603454784e+03, -2.9522712156823798e+02,
       -2.9522712156823798e+02, 2.6719331932592727e+03,
       5.8389725242696695e+03, -1.3281607441112024e+02,
       -1.3281607441112030e+02, 6.6893292856524886e+03,
       5.1694209958781112e+03, -1.8625638109143765e+02,
       -1.8625638109143767e+02, 6.3979615357336534e+03 ]
weights: !!opencv-matrix
   rows: 1
   cols: 6
   dt: d
   data: [ 2.1060572918780310e-01, 1.9685021469835304e-01,
       1.2763440503830231e-01, 1.6004737475915207e-01,
       2.0706657977900841e-01, 9.7795696537376728e-02 ]
pca_proj: !!opencv-matrix
   rows: 2
   cols: 21
   dt: f
   data: [ 4.36961316e-02, 8.50134730e-01, 1.73015636e-04,
       6.54514134e-02, 4.60692108e-01, 2.29939164e-04, 7.67599978e-03,
       1.46649793e-01, -1.37564148e-05, 1.21663406e-03, 1.30500361e-01,
       -5.45994153e-05, 8.06188770e-03, 1.42052382e-01, -2.12945142e-05,
       -2.45414903e-05, 9.56867734e-06, -1.94090262e-06, 3.13729906e-05,
       4.34020360e-04, 2.32224409e-07, 7.68702388e-01, -5.10314330e-02,
       1.14127281e-04, 4.21110362e-01, -3.83849256e-02, 4.02935693e-05,
       2.81941950e-01, -1.35209868e-02, 1.95932400e-04, 2.66951323e-01,
       -4.70317341e-03, 2.29704310e-04, 2.76557714e-01, -1.55316098e-02,
       2.11025646e-04, -3.74769334e-05, 5.54774260e-06, -7.89335627e-06,
       8.86836962e-04, -5.85095040e-05, 1.91629806e-04 ]
pca_mean: !!opencv-matrix
   rows: 1
   cols: 21
   dt: f
   data: [ 2.07625534e+02, 2.55653595e+02, 1.54502928e+00,
       2.18915131e+02, 2.60592743e+02, 1.67241716e+00, 2.65274475e+02,
       2.24016678e+02, 1.71669352e+00, 3.19420807e+02, 1.63929108e+02,
       1.75046074e+00, 3.16613464e+02, 2.25532654e+02, 1.70717156e+00,
       1.08872897e-04, -9.74175637e-05, 6.24380555e-05, -2.17504916e-04,
       -2.50119597e-01, 1.75055194e+00 ]
gamma: !!opencv-matrix
   rows: 6
   cols: 1
   dt: d
   data: [ 9.1355694481946936e-01, 8.7598896505874746e-01,
       9.1232062905739386e-01, 8.6200984154688909e-01,
       9.0196352900203058e-01, 9.0940502543233348e-01 ]
