%YAML:1.0
means: !!opencv-matrix
   rows: 14
   cols: 3
   dt: d
   data: [ -9.0132339713749403e+01, -2.0612919115908081e+01,
       8.8794793082501741e+01, 1.7367561569000921e+02,
       -8.5388940917163708e+01, 1.0867992156595538e+01,
       -6.8523900082770112e+01, 6.8380619037939127e+01,
       -4.6700262360065850e+01, 7.1977112975700933e+01,
       -8.3466122583015149e+01, -6.8367340359742784e+01,
       -2.2077587887540901e+02, -6.1902478852267755e+01,
       2.7989364736732174e+01, -2.1361480749438723e+01,
       1.6212454954377799e+02, -1.7442542392918650e+01,
       6.0444904103360379e+01, 2.4595556837469470e+01,
       2.9940660043874360e+01, -1.8633959861870420e+02,
       2.1852534354240760e+01, -6.0207813509687931e+00,
       -5.7595377178187100e+01, -1.0609641826705416e+02,
       1.3585613593282606e+01, 1.8079178785766058e+02,
       3.7099596492908574e+01, 1.8712928232261778e+01,
       -4.0141142552192576e+01, -7.2656537421592489e+01,
       -2.3046182675290531e+01, 7.3408345622558443e+01,
       -8.9917592218487357e+01, 6.1267179235778393e+01,
       8.4328478665459372e+01, 1.4382932295786179e+02,
       4.8050711066078826e+01, 4.5012724762619378e+01,
       3.4486454280068237e+01, -6.0072423657885388e+01 ]
covs: !!opencv-matrix
   rows: 42
   cols: 3
   dt: d
   data: [ 2.5726095429220222e+03, -1.5823203364304135e+02,
       1.8523453118443163e+02, -1.5823203364304126e+02,
       1.0770962231062713e+04, 3.1719020479130245e+02,
       1.8523453118443160e+02, 3.1719020479130245e+02,
       7.4509227322357196e+02, 4.6539338197441257e+03,
       6.0869051118144534e+02, -4.3729524838847340e+02,
       6.0869051118144534e+02, 3.6827525116045622e+03,
       -2.3474962516925876e+02, -4.3729524838847340e+02,
       -2.3474962516925882e+02, 9.9780986953482784e+02,
       3.2945369501716068e+03, 9.5802953405478070e+02,
       7.2214092075433015e+01, 9.5802953405478070e+02,
       6.1797076933784119e+03, -7.0713698094202960e+02,
       7.2214092075433015e+01, -7.0713698094202960e+02,
       1.1054600464126793e+03, 4.4718853765028707e+03,
       5.1657549232590463e+02, 3.3471047414028772e+02,
       5.1657549232590463e+02, 3.6469850644960361e+03,
       -2.0086528623285292e+02, 3.3471047414028772e+02,
       -2.0086528623285292e+02, 1.4198672111820438e+03,
       4.3760428267234329e+03, -1.2857691215381878e+03,
       2.0134234803814181e+03, -1.2857691215381878e+03,
       9.6678536781771145e+03, 7.8007767953065490e+02,
       2.0134234803814181e+03, 7.8007767953065490e+02,
       1.5960904796645143e+03, 9.7368188126611258e+03,
       -8.2711545259405625e+02, 7.3921869053680746e+02,
       -8.2711545259405602e+02, 3.7987271579111125e+03,
       -4.0705769841612761e+02, 7.3921869053680734e+02,
       -4.0705769841612766e+02, 1.5204363040883461e+03,
       5.7164665792664491e+03, -6.3419272264741062e+02,
       -1.8850944887040797e+02, -6.3419272264741062e+02,
       3.7840061588049821e+03, 3.6959842893552768e+01,
       -1.8850944887040791e+02, 3.6959842893552768e+01,
       1.3657526464013877e+03, 3.7172089868125672e+03,
       1.0336558053135282e+02, 7.7433296330964697e+02,
       1.0336558053135279e+02, 1.0290828010587784e+04,
       1.2420881397168782e+02, 7.7433296330964697e+02,
       1.2420881397168782e+02, 1.1218276194358796e+03,
       3.9930249035172201e+03, -3.0372286654798927e+03,
       1.1399377447177153e+03, -3.0372286654798918e+03,
       1.5997960066728401e+04, 3.3962064970069300e+03,
       1.1399377447177153e+03, 3.3962064970069300e+03,
       2.1289780313725532e+03, 4.4319939807520022e+03,
       6.2491107435802098e+02, -2.7668355474570316e+00,
       6.2491107435802087e+02, 3.6750096276116856e+03,
       -4.7850302004973429e+01, -2.7668355474570210e+00,
       -4.7850302004973429e+01, 7.7125546313718314e+02,
       2.6010471655948186e+03, -6.0856111083184999e+02,
       1.1938574770969481e+03, -6.0856111083184999e+02,
       6.7719739051298830e+03, 3.7347986387697523e+02,
       1.1938574770969481e+03, 3.7347986387697523e+02,
       1.0714313082715601e+03, 1.6834709047051442e+03,
       -8.0272393651445043e+02, 4.0365800144375174e+02,
       -8.0272393651445054e+02, 1.0887091413775506e+04,
       9.1545884550681581e+02, 4.0365800144375174e+02,
       9.1545884550681603e+02, 6.7748931856042316e+02,
       7.8567609256834385e+03, -9.3106064790322398e+02,
       -7.9472979819529803e+02, -9.3106064790322398e+02,
       4.7992753193299959e+03, 5.1135538933133169e+01,
       -7.9472979819529780e+02, 5.1135538933133127e+01,
       8.1792711395992865e+02, 5.0550734447113937e+03,
       9.7182034310175140e+02, 5.6776344644943936e+02,
       9.7182034310175140e+02, 4.1904922439735765e+03,
       -1.4848854824293943e+02, 5.6776344644943936e+02,
       -1.4848854824293943e+02, 1.2498209918887289e+03 ]
weights: !!opencv-matrix
   rows: 1
   cols: 14
   dt: d
   data: [ 6.9561072938441021e-02, 6.7663863638660837e-02,
       7.1075385307195704e-02, 9.0390123855926277e-02,
       7.2202846249914257e-02, 5.9648170998500387e-02,
       1.0733069758945307e-01, 7.9974890405507079e-02,
       3.6022305065946954e-02, 5.4040530137616956e-02,
       7.0353358017229015e-02, 5.2065090026741465e-02,
       5.5461736563776010e-02, 1.1420992920507789e-01 ]
pca_proj: !!opencv-matrix
   rows: 3
   cols: 21
   dt: f
   data: [ 1.02604255e-02, 8.46533298e-01, 5.67100069e-05,
       -5.08859605e-02, 4.68450844e-01, 1.89823491e-04, -5.55210514e-03,
       1.46431834e-01, -1.98076777e-05, -7.31809530e-03, 1.34976640e-01,
       -4.80776835e-05, -6.69380091e-03, 1.46460637e-01, -1.57161594e-05,
       2.11501210e-05, 1.32904761e-05, -3.16381829e-07, -1.62182951e-05,
       4.47223283e-04, 4.04881848e-06, 8.19958210e-01, 1.87153444e-02,
       -7.93817599e-05, 4.28530097e-01, 8.29724409e-03, 8.75842488e-06,
       2.28233948e-01, -2.37727305e-03, -1.84168690e-04, 2.08515689e-01,
       -1.20344283e-02, -2.14158339e-04, 2.18838796e-01, -7.27251405e-04,
       -1.84816250e-04, -3.05604735e-05, -5.04301033e-06,
       -1.27042276e-05, 6.79167337e-04, 1.30049409e-06, -1.63660501e-04,
       -1.48704097e-01, -3.29387456e-01, -1.82470303e-05, 1.08596861e-01,
       1.49965823e-01, -1.77574475e-04, 1.29315495e-01, 5.12750924e-01,
       2.36419466e-04, 1.37444586e-01, 5.11233926e-01, 2.85520800e-04,
       1.36541247e-01, 5.06532609e-01, 2.30281497e-04, -1.19767010e-05,
       -4.37137305e-06, 1.85016711e-06, 4.23374237e-04, 1.63331581e-03,
       1.86568883e-04 ]
pca_mean: !!opencv-matrix
   rows: 1
   cols: 21
   dt: f
   data: [ 4.33646118e+02, 2.44701981e+02, 1.49672687e+00,
       4.18191803e+02, 2.60206879e+02, 1.62062907e+00, 3.68545319e+02,
       2.27059875e+02, 1.69770968e+00, 3.19420807e+02, 1.63929108e+02,
       1.75046074e+00, 3.16613464e+02, 2.25532654e+02, 1.70717156e+00,
       1.08872897e-04, -9.74175637e-05, 6.24380555e-05, -2.17504916e-04,
       -2.50119597e-01, 1.75055194e+00 ]
gamma: !!opencv-matrix
   rows: 14
   cols: 1
   dt: d
   data: [ 8.7778197145968129e-01, 8.5467069171839993e-01,
       8.5682885997625879e-01, 8.7426918017426014e-01,
       9.2435352610388433e-01, 8.8784293231546518e-01,
       8.6340878663711162e-01, 8.9879502691893132e-01,
       9.0033055779377846e-01, 8.5087189558611143e-01,
       8.7129377643213601e-01, 8.6269571228278097e-01,
       8.5755311038901660e-01, 8.7012066143283340e-01 ]
