%YAML:1.0
means: !!opencv-matrix
   rows: 46
   cols: 2
   dt: d
   data: [ -8.5672150809136539e+01, -1.8644087532930990e+02,
       9.1882553605153930e+01, 1.3195565737342039e+02,
       1.6822601607798664e+01, -3.7764185206286577e+01,
       -1.7111507281977299e+02, 5.4279401630098981e+01,
       1.3281130647541636e+02, 2.7511576846901836e+01,
       1.4532342586902274e+02, -1.2421743862640018e+02,
       -6.3875677588917569e+01, -7.8372375820840915e+01,
       -2.6721687267762405e+02, -1.2326423074041179e+02,
       4.0584656374274218e+01, 7.8310020517952850e+01,
       -2.5313772431082270e+02, 1.0470806265152969e+02,
       -7.3839847733025664e+01, 1.6154834920597133e+02,
       2.0516229315749246e+02, -1.0907378186082883e+02,
       -3.7914063363814074e+00, 3.1719574468423904e+01,
       1.2907345013878061e+01, -1.7719481939167028e+02,
       1.9449865082794486e+02, 1.9029837479647405e+01,
       5.4394744621120935e+01, 2.1354559418859390e+02,
       7.8784211476677640e+01, -1.4247538800863933e+02,
       -2.1574297918729593e+02, -6.9415866750491631e+01,
       -1.6651235898021136e+02, 1.3507233772583282e+02,
       8.6132319713930627e+01, -7.9425546529991664e+01,
       -6.4901485488061766e+01, -1.9197931432779889e+01,
       8.1484255487442354e+01, -2.2329235395338208e+02,
       -5.3122795014024554e+01, 3.9208833401378378e+01,
       -1.3890430471291904e+02, -3.1320321312822418e+01,
       9.5797978238369311e+01, -2.1627879145214980e+01,
       9.5974564939045393e+01, 5.8113048615999290e+01,
       -2.1424326314039732e+02, 1.0808264578886595e+01,
       2.5807839739324953e+02, 6.0786981439583158e+01,
       -3.8960093834156289e+01, 2.1509438045150429e+02,
       1.9629741934465784e+01, -1.0535159688725705e+02,
       2.5496213842164371e+02, -4.0219529297131302e+01,
       -1.0654239484457868e+02, 2.9050108086918502e+01,
       -2.9825762865734742e+01, -2.9484673000058098e+02,
       2.0480602181773384e+02, 1.3741910961313249e+02,
       -1.3331831092452990e+02, -1.1106416313205047e+02,
       -2.7100928061846510e+01, 1.0007566758662114e+02,
       1.6246159297987120e+02, -4.0097609083588772e+01,
       -4.7904698130172811e+01, -1.3606227069746305e+02,
       -1.5684671591441764e+02, 2.0646724813422881e+02,
       1.5909713854269416e+01, 1.5192072686675178e+02,
       -1.9842712841770594e+02, -1.7251754949602628e+02,
       -9.5058484626174646e+01, 9.2977090033710823e+01,
       1.4162100221596324e+02, 1.7251895904455921e+02,
       5.0227265874831012e+01, 1.7239074324312018e+01,
       1.6233314420773218e+02, 8.6801206584570139e+01,
       -2.8624711970951751e+02, -5.1157023356125446e+00 ]
covs: !!opencv-matrix
   rows: 92
   cols: 2
   dt: d
   data: [ 1.6472483771576185e+03, -4.9121683849593410e+02,
       -4.9121683849593410e+02, 1.8088276201938265e+03,
       1.3394887586965413e+03, -1.1900574939873084e+02,
       -1.1900574939873084e+02, 1.6249972701279285e+03,
       1.2231211035406609e+03, -5.2810479715791514e+00,
       -5.2810479715791514e+00, 8.1820740462752258e+02,
       1.2827213655430637e+03, -1.9857045087301051e+02,
       -1.9857045087301051e+02, 1.3960469163211876e+03,
       8.1458269609379624e+02, 4.8838454081609699e+00,
       4.8838454081609797e+00, 1.0327166551255712e+03,
       1.1277202216415676e+03, -6.5121919503679422e+01,
       -6.5121919503679408e+01, 1.9808563684091600e+03,
       1.5498022788236960e+03, -1.5272943541099394e+02,
       -1.5272943541099400e+02, 7.8064594628535224e+02,
       2.0247646049662328e+03, -5.7013272443969049e+02,
       -5.7013272443969038e+02, 2.3098981360515736e+03,
       7.9353325573895597e+02, 4.2640731478636503e+01,
       4.2640731478636525e+01, 9.9562837877912159e+02,
       2.5115378340377911e+03, 1.1790631941776282e+02,
       1.1790631941776282e+02, 2.9889459555260128e+03,
       1.4596430827595718e+03, -1.1828805768874159e+02,
       -1.1828805768874165e+02, 1.4605095383514040e+03,
       1.3925848771651267e+03, -2.3972779190436461e+02,
       -2.3972779190436455e+02, 2.4017387435222872e+03,
       6.2066728309578366e+02, 6.9164235265556428e+01,
       6.9164235265556400e+01, 1.0406898064707555e+03,
       1.2727600875067624e+03, -3.2496102165289096e+02,
       -3.2496102165289085e+02, 1.5616264172007398e+03,
       1.1036533904930861e+03, 1.1198985263502125e+02,
       1.1198985263502125e+02, 1.8687580329840007e+03,
       1.8855113318161305e+03, -5.8250006485004704e+01,
       -5.8250006485004675e+01, 2.4392877701963012e+03,
       1.0042747364906908e+03, -2.3695675366769302e+02,
       -2.3695675366769308e+02, 1.6547317035539040e+03,
       1.4277701021709097e+03, -3.4825042814315719e+02,
       -3.4825042814315719e+02, 1.4269694668640468e+03,
       2.0271480623985706e+03, 1.4092406049965913e+02,
       1.4092406049965913e+02, 1.4304236141262045e+03,
       1.1976846119887700e+03, -2.5710825239198152e+02,
       -2.5710825239198158e+02, 1.0618220803311503e+03,
       1.2633046329060221e+03, 8.2275116948471378e+01,
       8.2275116948471378e+01, 7.1221489349648516e+02,
       2.0326864119616748e+03, -1.2011753306205414e+03,
       -1.2011753306205414e+03, 4.8609626022252160e+03,
       7.8164940314330897e+02, -1.3347565387010687e+02,
       -1.3347565387010684e+02, 8.5565745198049831e+02,
       1.5238981333621625e+03, -2.9984323462630346e+02,
       -2.9984323462630357e+02, 1.0914661545366580e+03,
       8.2729121739200536e+02, -1.1603066707939873e+02,
       -1.1603066707939873e+02, 9.0288479777188843e+02,
       5.8863517352048279e+02, -3.7422569594748005e+01,
       -3.7422569594747991e+01, 1.2865916682367408e+03,
       1.3531325338950128e+03, -1.4252038065907797e+02,
       -1.4252038065907800e+02, 1.5020184406383812e+03,
       1.6726722390237578e+03, 2.5074787825044751e+02,
       2.5074787825044751e+02, 2.0946060722443726e+03,
       2.3485038771499931e+03, -7.5417417388205615e+02,
       -7.5417417388205615e+02, 2.4423216575971878e+03,
       9.7792468198420090e+02, -1.6244757590673834e+02,
       -1.6244757590673834e+02, 1.0891584274025226e+03,
       1.8967148311991766e+03, -6.2970659843093961e+02,
       -6.2970659843093972e+02, 2.8655469404913524e+03,
       9.1528498544247054e+02, -4.9642817797173755e+01,
       -4.9642817797173755e+01, 7.8313464057879435e+02,
       4.1766731535257722e+03, -8.9441811049235707e+02,
       -8.9441811049235730e+02, 2.4989325202177247e+03,
       2.6075249401682295e+03, 6.2238952588518498e+02,
       6.2238952588518509e+02, 1.8571881732166048e+03,
       1.5751366118662147e+03, -1.6341425313787252e+02,
       -1.6341425313787255e+02, 1.0977515247896936e+03,
       7.7011960525424399e+02, -4.9042860414368619e+01,
       -4.9042860414368597e+01, 1.0150450570515654e+03,
       1.2625401012508069e+03, -7.9939993277581522e+01,
       -7.9939993277581578e+01, 1.5625819009655515e+03,
       1.6676379526518522e+03, -1.8301873157095679e+02,
       -1.8301873157095679e+02, 1.0254471255756171e+03,
       3.5514717254867860e+03, -2.0336948909013304e+02,
       -2.0336948909013299e+02, 2.0417802248151916e+03,
       1.2609224891414110e+03, -2.4985190423641725e+02,
       -2.4985190423641731e+02, 1.5017351156218449e+03,
       3.3616029152934084e+03, 3.3570506342761593e+02,
       3.3570506342761576e+02, 3.2798847891133969e+03,
       1.0537397446727257e+03, -1.1960280809090334e+02,
       -1.1960280809090331e+02, 1.0265835982837093e+03,
       1.8535077635978521e+03, 4.0495263459656360e+02,
       4.0495263459656360e+02, 2.5441199553770384e+03,
       6.6441663759862377e+02, 5.7395442369899236e+01,
       5.7395442369899243e+01, 7.6353189523293838e+02,
       1.4953382208028072e+03, -2.0444172551214004e+02,
       -2.0444172551213998e+02, 1.6104623439822128e+03,
       1.6283320006818649e+03, -3.3163174053309058e+02,
       -3.3163174053309052e+02, 3.2047192595940191e+03 ]
