%YAML:1.0
means: !!opencv-matrix
   rows: 5
   cols: 16
   dt: d
   data: [ 7.5505032927320840e+01, -9.8508678410809267e+00,
       -1.7584618191066703e+01, 4.3220189538169702e+00,
       1.7498836015750166e-01, -6.8234963086959965e-01,
       5.3547474982362964e-01, 3.2197230846938311e-02,
       2.8497492178103045e-01, -5.9014826415275327e-02,
       4.2219268619784207e-02, 5.6833140303554621e-03,
       4.8344398685541499e-03, 2.0726451758468580e-03,
       1.2833789248526985e-02, 9.8427148779216354e-04,
       -2.0048807190554081e+02, 5.8035837185503922e+01,
       4.0820581799167719e+01, -3.0115304093271977e+01,
       -1.7001133330799195e+01, 1.1365939551496508e+01,
       -3.1717862230545428e+00, -6.0986669560652940e-01,
       -1.0204571684309684e-01, 2.2414614400325564e-01,
       1.5457594366256419e-02, -2.1739345207562717e-02,
       1.5724075279375876e-03, 4.5111294641468165e-03,
       2.5096091899590341e-02, -3.8459471903944079e-03,
       -6.4315212636175190e+00, 6.7937594695900628e+01,
       2.9839165484071950e+00, -4.4518782548337867e+01,
       5.9077399036859246e+00, -9.2918484189442291e-02,
       -1.3640171054630617e+00, -1.4366448142221011e-01,
       -7.6513153413865809e-01, -5.7840989044205526e-01,
       -1.6608350535659752e-01, 5.5016057790391348e-04,
       -1.2348304007814042e-02, -1.2608125102322922e-02,
       -3.5160427119220253e-02, 1.3214144957537994e-02,
       8.6458412703597944e+01, 1.3653705005656895e+00,
       -2.1420565252530430e+01, -1.2668136104147560e+00,
       4.0720430904492186e+00, 8.0464473257947553e+00,
       -4.4534745439527841e+00, -1.9034586582130164e+00,
       -2.2828685694623525e+00, 6.9204741379216894e-01,
       3.1522531318592228e-02, -3.3444357468852333e-02,
       -2.3815176196958710e-02, 6.9955293610634444e-04,
       -1.4699755521466575e-02, -8.1718255014790152e-03,
       -8.5074823090734498e+01, -2.0142391224448854e+01,
       2.1801597981889618e+01, 1.4278931451578321e+01,
       2.7698785933668857e+00, -5.0379128788153213e+00,
       1.8171898687995738e+00, 7.4529069162987160e-01,
       4.1740405249338652e-01, -3.3885973871069633e-02,
       -4.5203210819170087e-02, 7.4197427868746019e-03,
       1.3704416963329286e-03, -2.0827392591816949e-03,
       -1.7210138316084252e-02, -1.2069874283278592e-03 ]
covs: !!opencv-matrix
   rows: 80
   cols: 16
   dt: d
   data: [ 7.3065933100156544e+03, 8.7005850588269516e+02,
       2.0858681023996428e+03, -2.8846095210034429e+02,
       -7.1871092753638743e+02, 1.7592724818092233e+02,
       -7.7874512099468063e+01, 2.7344117322903006e+01,
       1.9032173272048148e+01, -2.3311167955974943e-01,
       -2.0099771136407099e+00, -1.2211234432748139e-01,
       -1.3121514639798987e-01, -1.3175777381544962e-01,
       -4.5974247701545501e-01, -1.5486415952979779e-01,
       8.7005850588269516e+02, 7.9793412988908995e+03,
       -2.2927249466246320e+02, 8.8316575442097928e+02,
       -1.1528071064103314e+02, -2.5054267268753486e+02,
       3.3827034913156062e+01, -2.2393918311882796e+01,
       1.6282844247016088e+00, -4.3756204406639005e+00,
       7.2949490579309229e-01, 8.5234201253801212e-01,
       1.0001872327154739e-01, 1.6093841167934544e-01,
       4.4522781420629615e-01, -6.3833019339724406e-02,
       2.0858681023996428e+03, -2.2927249466246315e+02,
       2.7985176623775956e+03, 1.1686385047229639e+02,
       1.3135734317461836e+02, -1.1124207184530770e+01,
       2.7353288833226827e+01, -6.8990308961906321e-01,
       6.6641599537136775e-01, 3.6634046001900828e+00,
       1.7330213003401768e-01, -1.8913318750477834e-01,
       1.1251876363544983e-01, 4.5231488561158772e-02,
       2.4056269727065532e-01, -4.5488298533170504e-02,
       -2.8846095210034423e+02, 8.8316575442097962e+02,
       1.1686385047229635e+02, 2.1794073283129133e+03,
       1.3203743555091540e+02, 1.2669249611395260e+02,
       -1.0002705484709294e+01, 2.4714646777774636e+01,
       -4.5032135303987614e-01, -2.7945217073056816e+00,
       -1.9832884806822251e-01, -3.3712879615966124e-01,
       -3.5349785361328052e-02, -1.5596446580693504e-01,
       -2.7679918299196504e-01, 3.6362618767955784e-03,
       -7.1871092753638743e+02, -1.1528071064103318e+02,
       1.3135734317461836e+02, 1.3203743555091540e+02,
       4.1683490236447159e+02, 1.2032133335702274e+02,
       -7.2370567275277491e+00, 9.1508517608637785e+00,
       3.8956124450239367e+00, -3.8545657878428341e-01,
       -9.7725258927303313e-02, 5.5457648242901857e-02,
       6.3680706216229233e-02, 4.5868138765155143e-02,
       1.3955145066520958e-01, -3.8881036465031230e-02,
       1.7592724818092231e+02, -2.5054267268753486e+02,
       -1.1124207184530782e+01, 1.2669249611395264e+02,
       1.2032133335702274e+02, 2.1382594066973130e+02,
       9.7938822489550326e+00, 3.6282655482187445e+00,
       -3.8626308316482860e-01, -4.9044108879923154e-01,
       2.0517852428826786e-02, 4.7913284682211829e-02,
       1.2556054748357718e-02, 4.9060818723085401e-03,
       -3.9763795784622899e-02, -3.1161747172389752e-02,
       -7.7874512099468063e+01, 3.3827034913156062e+01,
       2.7353288833226827e+01, -1.0002705484709292e+01,
       -7.2370567275277491e+00, 9.7938822489550326e+00,
       2.2092969762580111e+01, -2.9382839512124628e+00,
       -2.8956478934626131e+00, 2.7572515075296916e-01,
       8.5003380527864991e-02, 3.6571579003512864e-02,
       -3.1649248380019514e-02, 3.5369793908558815e-03,
       -4.2437278861032885e-04, 4.9254455541570554e-04,
       2.7344117322903006e+01, -2.2393918311882786e+01,
       -6.8990308961906255e-01, 2.4714646777774625e+01,
       9.1508517608637803e+00, 3.6282655482187449e+00,
       -2.9382839512124623e+00, 1.4896149475620801e+01,
       -2.1322557099356336e+00, 5.3152961515047970e-01,
       -5.6557146978506369e-02, -8.5414596034392911e-03,
       -1.0823867373294120e-02, 2.2198237005390006e-03,
       8.2919506498093827e-03, 6.9931137432337389e-03,
       1.9032173272048148e+01, 1.6282844247016088e+00,
       6.6641599537136764e-01, -4.5032135303987608e-01,
       3.8956124450239358e+00, -3.8626308316482888e-01,
       -2.8956478934626131e+00, -2.1322557099356336e+00,
       1.4964242772434444e+00, -1.1888388148406197e-01,
       -3.4758632128101034e-02, 1.2966201068970392e-03,
       -1.6704407716775786e-02, -4.1502116903482985e-03,
       -9.8887322926294015e-04, -1.3930851837991893e-03,
       -2.3311167955974924e-01, -4.3756204406639005e+00,
       3.6634046001900828e+00, -2.7945217073056825e+00,
       -3.8545657878428341e-01, -4.9044108879923154e-01,
       2.7572515075296922e-01, 5.3152961515047970e-01,
       -1.1888388148406197e-01, 2.9457670540810066e-01,
       9.6232363880479812e-03, 3.3409786891785377e-03,
       1.9349674031391567e-03, -1.1012222415833852e-02,
       2.3877441064083941e-03, 8.8293689635394242e-04,
       -2.0099771136407099e+00, 7.2949490579309240e-01,
       1.7330213003401770e-01, -1.9832884806822235e-01,
       -9.7725258927303299e-02, 2.0517852428826779e-02,
       8.5003380527864991e-02, -5.6557146978506369e-02,
       -3.4758632128101034e-02, 9.6232363880479795e-03,
       1.4629513502519018e-02, -1.6766382273292139e-03,
       5.6376970126482430e-04, -2.2165056538738244e-04,
       -3.8961674761181237e-04, 3.3068881905213112e-04,
       -1.2211234432748148e-01, 8.5234201253801201e-01,
       -1.8913318750477834e-01, -3.3712879615966124e-01,
       5.5457648242901843e-02, 4.7913284682211829e-02,
       3.6571579003512857e-02, -8.5414596034392911e-03,
       1.2966201068970399e-03, 3.3409786891785372e-03,
       -1.6766382273292139e-03, 1.9300560955127499e-03,
       6.6621116129484865e-05, -3.9065845713848429e-04,
       5.1538847446267139e-04, -1.3331186449488936e-04,
       -1.3121514639798987e-01, 1.0001872327154734e-01,
       1.1251876363544978e-01, -3.5349785361328025e-02,
       6.3680706216229219e-02, 1.2556054748357724e-02,
       -3.1649248380019521e-02, -1.0823867373294117e-02,
