%YAML:1.0
means: !!opencv-matrix
   rows: 14
   cols: 13
   dt: d
   data: [ 6.1093475540615785e+01, 7.9055670388261561e+00,
       -1.0818630486712767e+01, -3.8920580509512277e+00,
       1.3937074103889417e+01, 2.3105013251848479e+00,
       3.3640036403376017e-01, 8.4715883094081845e-01,
       3.3616505649035738e-01, -7.6092527983210631e-02,
       5.3372169234755882e-03, 2.5468571430954462e-02,
       9.6618394506477103e-03, 9.0712430451477513e+00,
       3.0446746196899728e+01, 3.8977510729395624e+00,
       -2.1642459943739265e+01, 9.9226039931573613e+00,
       -7.0165507792925617e+00, -3.3877556148563004e+00,
       -1.3581059115318141e+00, -4.5504336400219811e+00,
       -1.8616671302324668e+00, -2.6159945664361445e-01,
       2.7651518391461481e-02, -3.5004318711103710e-02,
       -1.1529006929519443e+02, 3.0564060587203326e+00,
       3.1237737787886207e+01, 4.1459801508942578e+00,
       3.3181498605211344e+00, 8.9068963969939769e+00,
       -1.9567104995489133e+00, -1.1339343009297898e+00,
       -6.4671614678211098e-01, 1.3825292623029750e-01,
       -2.3995437762808913e-01, 3.8800823540413198e-02,
       -1.3742325194616364e-03, 8.1823990867474137e+01,
       1.5376693313745225e+01, -2.4071612058557704e+01,
       -3.2253401211454715e+01, -2.6562993218207620e+01,
       -1.9678001729869457e+01, 8.6489870453211959e-01,
       -2.3344646679966137e+00, 2.0688418491548818e-01,
       -4.1925890068361990e-02, 1.0585049080035204e-01,
       -5.0666647387992703e-03, 6.7348039966823162e-04,
       -1.8773262249168400e+02, 1.5003664411722241e+01,
       3.5816221806469919e+01, -7.9183314247011776e+00,
       -3.8288724891262795e+00, 3.4137625198059176e+00,
       -3.0247090675455754e+00, -6.6182106852147609e+00,
       -2.5781037428466771e+00, 9.4475714802931277e-01,
       -1.4075481502311218e-01, -1.0497060540201052e-01,
       -4.1207989644867068e-03, 1.0743067075043355e+02,
       -1.1166190818689490e+01, -1.6007296247590066e+01,
       1.5027570622437791e+01, 6.0198654806703844e-01,
       2.1107610490969478e+01, -1.3605653968426333e+01,
       -7.3086384733912944e+00, -6.3235122831485429e+00,
       2.2823655819475448e+00, 2.4013421785913983e-02,
       3.5067664361883397e-02, -6.4827785912577832e-02,
       -1.6879237544310706e+02, -6.3112305007399563e+01,
       3.6672937515360104e+01, 4.2500700764110128e+01,
       -1.3778122953804230e+01, 1.5790977681435883e+00,
       3.1259060953562695e-01, -3.1633518536017639e-02,
       6.0541823627585634e-01, -2.5435023182699085e-01,
       4.4711356854185362e-02, -5.9742092972817681e-03,
       3.2683629145384934e-04, 1.5472474831951055e+02,
       8.6358710928103015e+00, -4.3613339584729786e+01,
       -1.8375666143531152e+01, -1.0788826925018281e+01,
       9.7940948285136162e+00, 7.9809550091471293e-01,
       -1.1705083570987296e+00, -1.0193460199660593e+00,
       6.7451938582163843e-03, -2.1144969913905168e-01,
       -1.1620755063376174e-01, 3.4804563175463705e-03,
       3.3861383346942944e+01, -9.8393307359535427e+01,
       -9.7610875167428883e+00, 6.8092606517318387e+01,
       -4.0536728768127652e+00, -1.2031484151374543e+00,
       2.0686032731008996e+00, -3.7114065162980842e-01,
       -5.8145222718833593e-02, -1.4004374319350335e-01,
       1.4660488958248114e-02, -1.6531041665717786e-02,
       2.8067674302325067e-03, -5.1477497537817911e+01,
       -1.6049443237390257e+01, 1.6482720230845707e+01,
       1.0911278067089940e+01, 1.6726745098904722e+01,
       -1.0679973952140156e+01, 2.1414387107978006e+00,
       2.2613060406979979e-01, 2.4755270666967838e-01,
       1.1084945269720917e-01, 3.3866620885566558e-02,
       -5.8630851990373808e-03, 5.7264468132921947e-04,
       2.5966219581198047e+01, 1.2554367294041541e+02,
       -3.5828527633143992e+00, -7.4198061068983336e+01,
       6.0294254787228185e+00, 3.7657383812379992e+00,
       8.5800593967115213e-01, 1.8819418900898801e+00,
       1.4656772445570281e+00, 3.5425984572136915e-01,
       -6.8741404255151850e-02, -2.1474279629872001e-02,
       9.4062769234468037e-04, -1.9116205344860748e+02,
       7.2206191494672254e+01, 4.1699757550262277e+01,
       -4.1026813196234322e+01, -1.9414614794274364e+01,
       8.6189472898037742e+00, -1.8636130743758852e+00,
       1.7928200491741830e+00, 6.7585007899682337e-01,
       -2.7539813334135223e-02, 2.8741906613282950e-02,
       5.2358296789173885e-03, 3.5020813903086996e-03,
       1.3692177886327002e+02, -1.3392519397600728e+01,
       -3.7470401589335431e+01, 1.2549365713337387e+01,
       -4.7985953893101101e+00, 1.2031514649793792e+01,
       -9.0279771701884604e-01, 1.2069670814760916e+00,
       3.6985591843787852e-01, -1.4528149364442560e-02,
       9.1057258175099062e-02, -2.1144783512829061e-02,
       -4.8230026016022505e-03, 1.2643650911621302e+01,
       -4.3485762509602928e+01, -8.7104242965719303e-01,
       3.5447492993793063e+01, -2.0286217518686884e+00,
       2.7914417803590013e+00, -8.1602010973435923e-01,
       3.4110677069520268e-01, -4.6025746991087124e-01,
       2.8748260719711838e-01, -1.9979251699574702e-01,
       9.2403151990295626e-02, -8.5585547360963552e-03 ]
