%YAML:1.0
means: !!opencv-matrix
   rows: 19
   cols: 9
   dt: d
   data: [ 4.4757561570668145e+01, 6.8395913862636377e+01,
       1.1298402147662619e+01, 3.0396099164286049e+01,
       1.5963185990998221e+01, -1.7303666633158918e+00,
       1.3888384882903386e+00, -5.1904613443300052e-01,
       -2.1883005348985435e-01, 5.8523488945458135e+00,
       -3.8490430210048757e+01, 1.3782281459088678e+01,
       1.5147948033185587e+01, 3.9053200468912713e+01,
       -9.1589616354420711e-01, 8.7413202851801897e-01,
       -9.6734398017452050e-01, -4.1417533919923760e-01,
       -1.4794014871956875e+02, -1.2126860451186123e+02,
       4.7635274589107055e+01, 3.7829923767636316e+01,
       -2.4257108571075694e+01, -8.6736051691609131e+00,
       -5.5461382950840674e+00, -1.3713439743867124e+00,
       8.0642575952363549e-01, -1.5536773901062173e+02,
       2.7771987488240764e+00, 4.1634653513313211e+01,
       -1.1147680443058809e+01, -5.2128943573753672e-01,
       3.2835830650815532e+00, 7.6822836563269825e-01,
       1.2053315744456230e+00, -8.3131015177360879e-01,
       9.8755343551119140e+01, -4.6605853324921007e+01,
       -2.1988634362060562e+01, 3.6531182492800376e+01,
       -2.7559404837669007e+01, 2.3883322819574055e+01,
       1.2183828635138048e+00, 1.3073477138404659e+00,
       5.3380793092590650e-01, 4.0764218953444455e+01,
       1.8501852327150569e+01, -1.0960138653494917e+01,
       -2.0466199474164640e+01, -1.6815426504692244e+00,
       -1.4628160663759457e+01, -6.7358261551229468e+00,
       1.9239300140246733e+00, 6.5321948651836417e+00,
       9.7579457786600821e-02, 1.0017238780262117e+02,
       -4.2692773962248927e+00, -3.9053130087633228e+01,
       1.3753589027518828e+01, -3.2707194623189317e+00,
       -1.0222927041510421e+00, 7.1656622213943522e-01,
       7.0792490893880655e-01, 4.5933373398506639e+01,
       -6.0491883506248101e+01, -9.2646218636634625e+00,
       -3.5662627686630998e+01, 1.5805873775047971e+01,
       2.5852082988992775e+00, 1.3328257701554691e+00,
       -7.8921747646187823e-01, -2.5146382595443317e-01,
       -1.9712777854943829e+02, -1.4314144447625399e+01,
       3.3106217387566886e+01, -1.7074283716925088e+01,
       -2.3865551940258767e+00, -8.6464020869171865e+00,
       -1.7717353730330452e+00, -4.0233866200798191e-01,
       3.9164611686448270e+00, -3.0247967655752891e+01,
       -1.7739608743156484e+01, 1.2763895125231301e+01,
       2.0680078990622399e+00, -8.4485741491180271e+00,
       -1.4799729417728031e+01, -6.0841967151133575e-02,
       4.1423390049329115e-02, -1.7314250270458846e+00,
       3.3991442730448789e+01, 1.2474939306409998e+02,
       -2.6633418638118453e+01, -5.1635303086680359e+01,
       -8.4382917522311569e+00, 1.1409016008925306e+00,
       2.2785337437702533e+00, -1.9253130507667893e-01,
       -1.8819203774697763e-01, 4.4458090435270435e+01,
       -9.5546672867135868e+01, 8.2743229567668610e+00,
       4.7356856068351881e+01, 1.2147730506752792e+01,
       1.7035651663085062e+01, 1.8137025074267206e+00,
       -7.1400225547526300e-02, -2.8058796257199942e-01,
       1.1546096615843349e+02, 3.7042436025182887e+01,
       -3.2548483010472296e+01, -4.8992003682146423e+00,
       -7.1932470070758399e+00, -5.2396378723432013e+00,
       -1.5083957510645660e+00, -6.0002022143799438e-01,
       -5.9276516906758925e-01, -4.7370229192299050e+01,
       2.2803487657926368e+01, -5.9872771367128280e+01,
       1.0303625765238533e+00, 1.2414379706451742e+01,
       -1.9021509659493860e+00, -1.5219643724955807e+00,
       -3.2995493522429259e-01, -8.9248122638048211e-01,
       -1.1731749376733706e+02, 1.1165116880156368e+02,
       1.2250575233025335e+01, -5.1649128935663647e+01,
       -9.6162598124026779e+00, 1.2475480105548333e+00,
       7.9383552367123178e-01, -4.2090426813165877e-01,
       -4.2236300454146108e-01, 1.2155706890779200e+02,
       -5.3175583327183126e+01, -2.8245601548892253e+01,
       4.1439095203221392e+01, -2.4299079635645779e+01,
       8.9646448887973911e+00, 5.9868332260297674e-01,
       -4.5311746934141667e-01, -4.2838562087309057e-01,
       -1.5988685354163906e+02, -6.0388944823006682e+01,
       4.3901951602414123e+01, 2.4506997587258997e+01,
       -1.8986752550167520e+01, 1.1706282941732853e+01,
       1.1927290875445400e-01, 1.1404273038380011e+00,
       -6.3169418631648011e-01, 6.5269615096004907e+00,
       -2.0607809495185631e+02, 1.1935219779714176e+01,
       6.8533541853748360e+01, 4.0485235143780098e+00,
       -2.2748074970129338e+01, -2.1646415882345891e+00,
       -4.7795270473475765e-01, 1.1551903955973364e+00,
       1.7761889177848764e+02, 2.2728777257821388e+01,
       -4.5989748295093513e+01, 8.5463782048882315e+00,
       -1.2502344355016245e+01, -7.8635397426828719e+00,
       3.0291199877207686e-01, 1.6458535502067898e-01,
       -8.9325923682487063e-01 ]
