%YAML:1.0
means: !!opencv-matrix
   rows: 43
   cols: 6
   dt: d
   data: [ -2.6987007599450148e+01, 9.3497362229973206e+01,
       -6.9841689966588817e+01, 2.7273737590181032e+01,
       1.8863832942066221e+01, -8.5274711473564813e-01,
       9.6887007369796649e+01, -7.0788520674662252e+01,
       5.7163838711937998e+01, -2.3066857206071251e+01,
       1.6690874380060475e+01, 3.1563797752383471e+00,
       -1.6698360893917769e+02, -2.7906146853962142e+00,
       4.0794448984295165e+01, 1.6612684947987425e+01,
       -3.7077503521857156e+00, 2.0091391135383361e+01,
       2.6611811360802422e+00, 4.3090546593110894e+01,
       1.3376389088466887e+01, -3.4205918669471167e+01,
       3.7217957053034596e+01, -7.7974691811904240e+00,
       -2.4925794291770220e+01, -4.3622100631227240e-01,
       5.4965858341285198e+01, 8.5921825741242955e+01,
       2.3986544497713043e+00, -6.4224815213319824e+00,
       -1.3419331921146176e+02, -4.0481154828339555e+01,
       6.4980699386072843e+01, -2.1530581646093012e+01,
       -4.6162190434408625e+00, -4.6597631841338343e+00,
       4.9202433314434257e+00, 2.3464549239636636e+01,
       -8.4851774683970845e+01, -3.2059766989816033e+01,
       -2.2908547684335272e+01, -2.0694849253751951e+01,
       8.1530427748234175e+01, -1.3578541948284348e+02,
       -2.5791612473086648e+01, 5.9155699687379668e+00,
       -8.8973056883647814e+00, 9.6553862231325258e+00,
       -1.4907150978327095e+02, -1.0382762318903511e+02,
       2.8307208527274781e+01, 6.5644559772938820e+01,
       -1.9394213281923644e+01, 1.0411689898524410e+00,
       8.9367282328917980e+01, 1.1889818949176094e+01,
       -2.2300108209025090e+01, -2.8913736732531969e+01,
       -3.0096563160418764e+01, -1.7592686206407169e+01,
       1.9115329778036966e+02, -4.2360892581952292e+01,
       -2.4057310908358707e+00, -1.9162750762017591e+01,
       -6.0258660498044367e+00, 1.3621580839449432e+01,
       -1.9900850584002558e+01, 9.8402742383654385e+01,
       -5.1395757350839020e+00, 1.1674488888049085e+01,
       1.0681791059027880e+01, -4.0616127315411887e+00,
       -2.0220125061339357e+02, 1.3149994743016984e+02,
       4.8302599200788684e+01, -6.1306987478218709e+01,
       -1.9557811327124856e+01, 4.0940242416879542e+01,
       -1.8590865818093528e+02, 7.2255678399436178e+01,
       2.9522471194235727e+01, -5.7975248713328469e+01,
       -2.8034398857805620e+01, 2.7962289197966368e+00,
       -1.3761356918572847e+02, 4.0190533824957214e+01,
       3.3486704043935788e+01, -4.8660448613027455e+01,
       -1.0081303381905713e+01, -1.3192448281858560e+01,
       1.7875636666942890e+02, 7.6473225575480285e+01,
       -1.4789269872424979e+01, 4.0344000514131160e+01,
       -7.9077488304569314e+00, 9.6696466248230770e+00,
       -1.2290437768385125e+02, -1.9310108084389576e+01,
       -2.0141454934281644e+01, 7.0367429608829056e+01,
       7.9063624391305272e+00, -6.6972872884929640e+00,
       1.0864899837528662e+02, 1.6720912885161137e+01,
       -1.2910857360947416e+00, -3.3029208855292026e+01,
       -2.5804198287514751e+01, -2.0182033923088447e+01,
       3.6439929858555963e+01, -7.0548447630750857e+01,
       -2.4626122462467013e+01, 4.8038235130867427e+01,
       6.7721721455380868e+00, 8.9212625324864234e+00,
       2.4233501243280394e+01, -1.0180063160964693e+02,
       -8.4471183573884758e+00, 7.0016705527986673e+01,
       -5.5271171005716182e+00, -2.1811563382795724e+00,
       -2.2256394833617668e+02, 6.3451871112289417e+01,
       4.6600184499446812e+01, -3.3231542466630017e+01,
       -1.9455729209774752e+01, 1.7382137040850044e+01,
       4.0970740056642200e+01, 2.9521785431502297e+00,
       -2.0862939746560464e+01, 4.2832569566394154e+00,
       1.8126855677315287e+01, 6.6590173527460159e+00,
       6.5772735382308824e+01, -4.7635109753123617e+00,
       -2.0896635601860982e+01, -5.9281363972491476e+01,
       3.2209329213689539e+00, -1.1514148509477204e+01,
       -3.7224331155588750e+01, -6.2546882743954889e+01,
       -1.7611159184433539e+01, -2.8020400216992940e+01,
       5.9941126415033983e+00, -3.0856220772519799e-01,
       -6.7904777378331318e+01, 6.3413472845233326e-02,
       1.9173597676428741e+01, -1.3963562473377578e+01,
       2.5644142182209606e+01, -1.2656701260178385e+01,
       5.1928500867382681e+00, -5.6145994564500775e+01,
       -5.3797098069403937e-01, 3.6089061850406047e+01,
       2.5439036231107199e+01, 8.8618547858019046e+00,
       -1.6705208444649483e+02, -1.2674586266359103e+02,
       3.7337825185771365e+01, -8.0855435244210394e+00,
       -1.4296533563045011e+00, -1.2879335022335406e-01,
       1.0724467891589755e+02, -4.8578350826774596e+01,
       -2.6765537694414430e+01, 3.7444375531730074e+01,
       -1.0692054742679000e+00, 1.4052299992298417e+01,
       1.5891096251475187e+02, 1.4002870200181661e+01,
       -4.9694805447731873e+01, -1.2869161249224266e+01,
       -6.6980201771579946e+00, 1.4240978487266480e+01,
       6.3523688911097850e+01, -2.2736599234687187e+01,
       -2.4957977001421931e+01, 6.1391357643841204e+01,
       -1.1760888203457490e+01, 3.3914673668408097e+00,
       -1.2933735099665375e+02, 1.3037608159911645e+02,
       4.3584256433202064e+01, 4.9672632859515975e+00,
       -2.6639256058604031e+00, -7.4399227391634222e+00,
       8.5055152275523810e+01, 1.0853576123784239e+02,
       -1.9894912570398017e+01, 1.1890201301741001e+00,
       -6.4206526222381290e+00, -1.3089784132596000e+01,
       -2.4657753596472804e+02, -6.8136559068214577e+00,
       -1.8850557051609464e+01, -1.6507737380349179e+00,
       -1.9240140198496520e+00, -2.6970608478574243e+00,
       1.7068724817031443e+02, 6.9064113322113954e+01,
       3.8823784923851420e+01, -4.3075704772175470e+01,
       2.4954318236296800e+00, -7.4496613325206584e-01,
       1.4421156092926901e+02, 1.9878947728665985e+01,
       -4.3472370064943078e+01, -1.9465544548307264e+01,
       -1.2908119263164304e+01, 5.4733971878792103e+00,
       -5.4755798141812289e+00, -1.0608139437264136e+02,
       7.3447218653167738e+01, 3.4919592083262039e+01,
       6.2544258763402052e+00, -4.5959708732238873e+00,
       -1.0083452639851457e+02, -1.4461116376113233e+02,
       -1.2744181008201647e+01, 1.9849109513917568e+01,
       1.1358971132925548e+01, -1.8819316437006663e+00,
       -1.5781691238307092e+00, 3.5332876863141649e+01,
       -3.2893547118939814e-01, -4.4424243565718101e+01,
       -1.4198142083955991e+01, -2.2808931692093893e+01,
       -2.2216899760432142e+02, -1.4383320468116940e+01,
       4.8382851023929533e+01, 2.1186306893240907e+01,
       -1.6466257595869106e+01, 1.3543739999806515e+01,
       3.1089855498190064e+00, 1.4757288309008021e+02,
       -5.7075134673763630e+00, -9.0125427369528339e+01,
       1.5325087468041522e+01, 1.7678653545807503e+01,
       -1.5447077790736739e+02, 7.4016219501212774e+01,
       5.0234269093712605e+01, 3.8149234901192159e+01,
       -6.9338686862980303e+00, -5.8920735906706945e+00,
       1.1085805779454077e+02, 6.8741531616409517e+01,
       6.2103085470436305e+01, 3.3093982581475977e+01,
       1.4716572953418572e+01, -2.8650917391009352e+00,
       8.0039766062247367e+01, 1.9346394958122344e+00,
       -9.3165883788901326e+01, -3.9014466225466928e+00,
       -3.7589763055640817e+00, 1.2184056868879622e+01 ]
