%YAML:1.0
means: !!opencv-matrix
   rows: 4
   cols: 7
   dt: d
   data: [ 5.7531686774685198e+01, 8.4367020364815453e+00,
       -1.0525318919286224e+01, -1.5986769539426755e+00,
       1.1431471453100135e+01, 2.4252745154239301e+00,
       -3.8394046242450108e-01, -4.9539087443300481e+01,
       -9.5260176897924254e+01, 9.1386455753381579e+00,
       6.0667284848220611e+01, -5.2027097763910630e+00,
       -1.1667442669869941e+00, 1.6762989350905673e+00,
       -1.6168085062519100e+02, 3.0011250163119925e+01,
       3.7059067539041010e+01, -1.6255399846007705e+01,
       -7.8343025498132093e+00, 2.8723518240832293e+00,
       -6.9738037750935622e-01, 1.0063640411114726e+02,
       1.6625860888803569e+01, -2.9899212261905387e+01,
       -2.7606328338911037e+01, -2.1459492192361751e+01,
       -1.1418825370330783e+01, 7.5880512978666914e-01 ]
covs: !!opencv-matrix
   rows: 28
   cols: 7
   dt: d
   data: [ 8.7090915051552602e+03, -2.2758445878789675e+02,
       1.7744505666287232e+03, 3.2600895153322841e+02,
       -9.8584601206970854e+02, 4.2577042972128839e+02,
       -7.4699798057534252e+01, -2.2758445878789666e+02,
       8.9286068219223162e+03, 7.8745502538742812e+01,
       5.7531982879846942e+02, 1.9658981753493291e+02,
       -2.3053101603329551e+02, 6.6138920591750775e+01,
       1.7744505666287232e+03, 7.8745502538742826e+01,
       2.9372505157269507e+03, -1.4360759966150857e+02,
       2.0117774728736671e+02, -1.2348811217996098e+02,
       1.6781687272073693e+01, 3.2600895153322847e+02,
       5.7531982879846942e+02, -1.4360759966150852e+02,
       2.1966422437495130e+03, -1.9362018580786932e+02,
       6.4724851462527042e+01, -3.7794293206189444e+01,
       -9.8584601206970854e+02, 1.9658981753493288e+02,
       2.0117774728736671e+02, -1.9362018580786935e+02,
       3.3641374652359576e+02, -6.8047617939298163e+01,
       -2.7183415924392347e+00, 4.2577042972128839e+02,
       -2.3053101603329551e+02, -1.2348811217996098e+02,
       6.4724851462527070e+01, -6.8047617939298149e+01,
       2.0088991099561392e+02, 3.1471381791516584e+00,
       -7.4699798057534238e+01, 6.6138920591750789e+01,
       1.6781687272073690e+01, -3.7794293206189451e+01,
       -2.7183415924392351e+00, 3.1471381791516597e+00,
       3.2785179666690766e+01, 1.0291546534005212e+04,
       3.6647805041878138e+02, 1.9166062250158495e+03,
       2.1010501249732715e+02, 2.4292879183026992e+02,
       4.3887249445344828e+01, 6.9419277735319326e+01,
       3.6647805041878127e+02, 6.4840082485263583e+03,
       -6.7592330749891900e+01, 2.0468899325744967e+03,
       1.9473715137019163e+01, -1.8660137007940481e+01,
       8.8923274829847799e+01, 1.9166062250158495e+03,
       -6.7592330749891900e+01, 2.7671109537598809e+03,
       -8.7897787701072986e+01, -1.2001515438103883e+02,
       2.3267831787605402e+01, -1.0674089494509372e+01,
       2.1010501249732715e+02, 2.0468899325744967e+03,
       -8.7897787701072986e+01, 1.2295280182976842e+03,
       -9.8551880611456625e+01, -1.2263731465413427e+02,
       -4.1642932517905528e+01, 2.4292879183027003e+02,
       1.9473715137019163e+01, -1.2001515438103883e+02,
       -9.8551880611456625e+01, 1.4653029749373792e+02,
       -1.8439296225109526e+01, 7.6122730325252252e+00,
       4.3887249445344850e+01, -1.8660137007940488e+01,
       2.3267831787605402e+01, -1.2263731465413430e+02,
       -1.8439296225109526e+01, 5.7514168378948796e+01,
       2.0962941617447772e+01, 6.9419277735319326e+01,
       8.8923274829847756e+01, -1.0674089494509369e+01,
       -4.1642932517905521e+01, 7.6122730325252270e+00,
       2.0962941617447768e+01, 2.0033498246669829e+01,
       7.6088215384299283e+03, 5.7228913831734509e+01,
       2.7523247779112453e+03, 7.8915666317525705e+01,
       4.0351576314587493e+02, -3.8115437002869299e+02,
       1.1081472224622638e+02, 5.7228913831734495e+01,
       9.4583224698575086e+03, -1.7451036929477141e+02,
       3.1236230426073843e+02, -4.5284905137570473e+02,
       5.2193140743371703e+02, -1.0883099552385531e+02,
       2.7523247779112448e+03, -1.7451036929477138e+02,
       2.4891292635245923e+03, 9.1552791625476701e+01,
       -9.0566624565422529e+01, 4.8830668469749710e+01,
       -2.4511829739480834e+01, 7.8915666317525705e+01,
       3.1236230426073837e+02, 9.1552791625476729e+01,
       2.2836600321991682e+03, 1.9500230770958549e+02,
       -1.9393594862617141e+02, 4.9296770838128033e+01,
       4.0351576314587487e+02, -4.5284905137570485e+02,
       -9.0566624565422515e+01, 1.9500230770958547e+02,
       2.0100570087746894e+02, -1.2004391261514385e+02,
       2.2440696554659088e+01, -3.8115437002869299e+02,
       5.2193140743371703e+02, 4.8830668469749739e+01,
       -1.9393594862617147e+02, -1.2004391261514385e+02,
       3.6160530993991699e+02, -2.0449729250883710e+01,
       1.1081472224622638e+02, -1.0883099552385531e+02,
       -2.4511829739480827e+01, 4.9296770838128033e+01,
       2.2440696554659088e+01, -2.0449729250883710e+01,
       3.3822626169816644e+01, 5.6051813076693725e+03,
       -6.7743193480684440e+01, 2.6322408029243516e+03,
       5.2565471071268291e+02, 2.3729329824938156e+02,
       4.4453599511007667e+02, -7.9492085314862777e+01,
       -6.7743193480684468e+01, 5.6740192172906218e+03,
       -5.9581434170958216e+00, 2.3943811481511275e+03,
       -6.7956559348678553e+01, -1.2057438533407318e+02,
       4.1536325778701212e+01, 2.6322408029243516e+03,
       -5.9581434170958234e+00, 2.6558318888578642e+03,
       -6.4986387162274127e+01, -1.7258693571154848e+02,
       -9.0082983888174311e+01, 2.5172521158792989e+01,
       5.2565471071268291e+02, 2.3943811481511275e+03,
       -6.4986387162274127e+01, 1.2743487133927988e+03,
       2.1505122813611965e+01, 3.1664926593109676e+01,
       -3.9067130214085832e+00, 2.3729329824938156e+02,
       -6.7956559348678553e+01, -1.7258693571154848e+02,
       2.1505122813611965e+01, 1.1158256653354609e+02,
       1.1945914570896963e+02, -1.3616991539966021e+00,
       4.4453599511007673e+02, -1.2057438533407318e+02,
       -9.0082983888174311e+01, 3.1664926593109683e+01,
       1.1945914570896963e+02, 2.5268651675950341e+02,
       1.7371828940379064e+01, -7.9492085314862777e+01,
       4.1536325778701205e+01, 2.5172521158792982e+01,
       -3.9067130214085832e+00, -1.3616991539966026e+00,
       1.7371828940379064e+01, 2.0810337399722908e+01 ]
weights: !!opencv-matrix
   rows: 1
   cols: 4
   dt: d
   data: [ 4.9115804674658686e-01, 1.3932842269925272e-01,
       2.2317358018499492e-01, 1.4633995036915176e-01 ]
