%YAML:1.0
means: !!opencv-matrix
   rows: 35
   cols: 7
   dt: d
   data: [ -1.5101923636825737e+02, -1.4205332776115323e+01,
       1.7455766070824122e+01, -6.7375726637307949e+01,
       -8.4965368634711103e-01, -1.7886062446562132e+00,
       3.0713612741144519e-01, 1.1373146270349878e+02,
       4.9622321284794502e+01, -3.6963065709261912e+01,
       -1.0693225224493494e+01, -1.7338109117789418e+01,
       -1.0399956071531882e+01, -5.1799397181593347e+00,
       2.9337817333150222e+00, -6.5680712799273266e+01,
       -5.8996053393490875e+01, 2.1628067894419560e+00,
       1.9620081738473452e+01, -1.3255701749379794e+00,
       1.1788695339130069e+00, -2.0591308583629288e+02,
       7.0567304037409331e+00, 4.7836202548125712e+01,
       -2.1411191225183437e+01, -1.0225661396726016e+01,
       -8.5772800452887115e+00, -7.2915943879820400e-01,
       3.2564012606862929e+00, 1.3418637485779894e+02,
       -2.1476048591014084e+01, -6.1266241344017402e+01,
       -8.8429220198160507e+00, 3.1531434112135814e+00,
       2.4310675021567358e+00, -8.0350450304793114e+01,
       -3.5484433500222345e+01, 3.0443070109089007e+01,
       2.5911722857476196e+01, 3.5180873608768168e+00,
       2.7065960476514132e+01, 2.6792553022113226e+00,
       -1.1010367805695245e+00, -2.9494279346173673e+01,
       7.6413133738093570e+00, 4.3770568563973162e+00,
       3.9277092806121146e+01, -3.5172009219177109e+00,
       1.1815387774610564e+00, 1.0725095821857535e+02,
       -7.9533287699162528e+01, -1.3690789947684053e+01,
       5.3214517257494805e+01, 5.3650898841028494e-01,
       2.0867210311146916e+01, 2.1431384636539703e+00,
       6.7735761978473676e+01, 6.2208222445117109e+01,
       6.8463171799222220e+00, 4.8560854084372572e+01,
       1.8391268443486581e+01, -6.6024882071539999e+00,
       -1.5674912778813591e-01, -1.4628846785976023e+02,
       1.1646510864320263e+02, 4.0183556748011000e+01,
       -3.7599954903557675e+00, 6.6359245240197096e-01,
       -2.5169509986913154e+00, 1.0863209526259618e+00,
       -1.7661148762744972e+02, -7.0126485526153203e+01,
       4.8123436063883830e+01, 2.5021980641427447e+01,
       -2.4902978190873785e+01, 7.6565521157567575e+00,
       -4.3203076160416293e-01, 1.7310312734307786e+02,
       4.5402542821202346e+01, 3.2634957492089882e+01,
       -2.5034032363895573e+01, -1.0469984688357149e+01,
       -3.6897454313116507e+00, -1.6795827560321708e+00,
       -1.3528574911622925e+02, 1.3018351535246248e+02,
       1.2042006969904211e+01, -5.3695590325612073e+01,
       -2.5244310811466924e+01, -4.5873133521133029e+00,
       -3.7026232904399647e-01, 4.3586181777180848e+01,
       1.1793923747850047e+02, -2.9912568862287319e+01,
       -4.8718618848595561e+01, -1.1374050815402319e+01,
       5.9402957395414036e-01, 2.2017481405854440e+00,
       9.5444061702397249e+01, 3.9440263799063722e+01,
       -5.3738035435226976e+01, 2.0911664011374200e+00,
       -7.5064004395904984e+00, -1.6748109236399396e+00,
       -9.2307597673375083e-02, -7.2860071810749130e+00,
       1.1954943615950731e+02, 1.8583464405899978e+01,
       -3.0399118971947182e+01, 1.8231904626869923e+01,
       -1.4799496797562588e+00, -1.2689022073752975e+01,
       1.8960302111543857e+02, 1.3309477737550282e+01,
       -4.9813670916490537e+01, 1.4016211496682581e+01,
       -1.0191583762213659e+01, -7.3979304743138421e+00,
       1.2078675822191693e+00, -1.4188887729944221e+02,
       -3.6425660250918774e+01, 3.8373461090056459e+01,
       6.9909518113198539e+00, 3.5265537432854992e+00,
       7.2402855407210271e+00, 2.9501881736085073e-01,
       -8.4450262861516876e+01, 1.0373659143586150e+02,
       1.0116925424220421e+01, -5.4501880418515583e+01,
       1.7031023912695731e+00, 5.5827015922645575e+00,
       1.8868176720357335e+00, 9.9665000692180001e+01,
       -4.6104161069250722e+01, -2.1575862138392534e+01,
       3.6251738929070811e+01, -2.7562429796780830e+01,
       2.3544310853697297e+01, 1.1601958848363827e+00,
       -3.3002467747804293e-01, -1.1322355807727466e+02,
       2.1975807702433706e+01, 4.2951168297116247e+01,
       3.3385155575586403e+01, 7.2561672545384726e+00,
       1.3161732564450384e+00, -1.7462215362608711e+02,
       -1.5197541674556331e+02, 5.2413439399984910e+01,
       5.1175143251079803e+01, -3.7515148305098933e+01,
       -1.9237848177006374e+01, -5.3497475809420401e+00,
       2.1755539752105808e+01, -6.6886338388289914e+01,
       2.6287916893823904e+00, 4.4827148800846992e+01,
       -3.8539855619420557e+01, 2.8948741854624735e+01,
       2.5323447862463846e+00, 7.7949283971905405e+00,
       -2.0709864683878070e+01, 1.3523419094828446e+01,
       1.4434615955337520e+01, 1.4735253400192743e+01,
       1.6203459999379248e+01, 2.1028763692364647e+00,
       -3.3368303814372261e+01, -8.0862248555762690e+01,
       1.6015158957307332e+01, 2.0833856536116041e+01,
       -8.0822584438882057e+00, -1.9860942152683347e+01,
       -1.8060878155268334e+00, -1.0086054717929984e+02,
       7.8210671434471877e+01, -4.9703889328491009e+01,
       -1.6564391327651869e+01, 1.1373410454089852e+01,
       1.3833406524081205e-02, -3.5131274080188846e-01,
       1.0602335792337031e+02, -2.3983457895329867e+01,
       -4.0361983220895688e+01, 2.3339747988356677e+01,
       -1.1802387130761442e+01, -9.9642119932409701e-01,
       -2.3615698415563093e+00, -1.7158992472003856e+01,
       -1.9009711761715991e+00, 1.7379240309603933e+01,
       -2.0917342139569688e+00, 3.3003227936652941e+01,
       -2.6751313025135022e+00, -1.5520690623816815e+00,
       1.3347614235387505e+02, -9.1951465849591997e+01,
       -2.7626649740622089e+01, 4.8538271341002122e+01,
       -2.3787976342330261e+01, -3.2944966699556999e+00,
       1.6435948210799778e+00, 1.6120423335912911e+01,
       -2.2974066140972985e+02, 9.4674189057945437e+00,
       7.5576624034504036e+01, -1.9817112489755997e+00,
       -2.8925205091878539e+01, -3.1546851991540952e+00,
       9.5505124118114981e+00, 1.0491676948532234e+01,
       -1.8126719118919159e+01, -2.1195148089500250e+01,
       -3.8921077238958808e+00, -1.7532652903194972e+01,
       -3.3337730615897239e+00, 1.2205550385715253e+02,
       -7.1454583491746902e+01, 2.1159738707768103e+01,
       -2.9853983955381967e+01, 1.4095458623827591e+01,
       -1.7501322252003848e+00, 1.4776124145713967e-01,
       -3.2002365960612353e+00, 8.7394888468221652e+01,
       -5.4778732215141748e+00, -4.3846384937423394e+01,
       1.4332459822905800e+01, -2.0253944123890286e+00,
       2.0398451075139166e+00, 5.5193544787274313e+01,
       9.0175768280848501e+01, -2.9830326124675246e+01,
       -3.4037225966767600e+01, 6.8702882696963199e+00,
       -8.0204804738177717e+00, 7.6629721021329933e-01,
       -1.4738480910292867e+02, -1.0158085150684479e+02,
       4.7576393207582171e+01, 3.6405023681942637e+01,
       -2.8489433287108081e+01, 6.0738595493210736e+00,
       -6.1017330452212848e+00 ]
