%YAML:1.0
means: !!opencv-matrix
   rows: 2
   cols: 7
   dt: d
   data: [ -8.5701503504643384e+01, 1.1430424402702076e+01,
       2.2893105682506750e+01, -3.9909309513316895e+00,
       7.3851575425600604e+00, -5.7007251318088403e-01,
       -9.9457379253456185e-02, 9.2398874966352352e+01,
       -1.2319652891470925e+01, -2.4685027460091906e+01,
       4.3024548556660136e+00, -7.9603932907396837e+00,
       6.1179730574746860e-01, 1.0803652624484271e-01 ]
covs: !!opencv-matrix
   rows: 14
   cols: 7
   dt: d
   data: [ 1.2290899173497424e+04, 9.2543512959608245e+02,
       1.8494863099920210e+03, -2.8556923838818057e+02,
       1.4497565376296375e+03, -3.3397177856550832e+02,
       7.5628647115319382e+01, 9.2543512959608267e+02,
       1.0923437344450265e+04, -2.3819228374218133e+02,
       -5.3943273959122007e+02, 2.3312604262021711e+01,
       2.4007266373836998e+02, -2.4059464283855348e+01,
       1.8494863099920210e+03, -2.3819228374218133e+02,
       2.7022342166397302e+03, 3.8372274014490515e+01,
       -2.9847628658268133e+02, 5.1614750742367541e+01,
       -2.2085097861786078e+01, -2.8556923838818045e+02,
       -5.3943273959122018e+02, 3.8372274014490529e+01,
       2.8105157395019760e+03, -8.1887859214725083e+01,
       -1.2678099490728448e+02, 8.2880945937776254e+00,
       1.4497565376296382e+03, 2.3312604262021711e+01,
       -2.9847628658268133e+02, -8.1887859214725097e+01,
       4.7922749034552288e+02, -1.0409462804561390e+02,
       7.4495850173479745e+00, -3.3397177856550826e+02,
       2.4007266373836998e+02, 5.1614750742367541e+01,
       -1.2678099490728452e+02, -1.0409462804561392e+02,
       2.5107085203534996e+02, -1.5750677683272323e+00,
       7.5628647115319382e+01, -2.4059464283855341e+01,
       -2.2085097861786075e+01, 8.2880945937776236e+00,
       7.4495850173479736e+00, -1.5750677683272318e+00,
       3.1530304870210834e+01, 6.6877178823827344e+03,
       1.1967256551595499e+03, 2.4021517002195524e+03,
       -4.5841542364922731e+02, -1.4515858643649293e+02,
       2.5087375264352983e+02, -1.0071267400784981e+02,
       1.1967256551595499e+03, 8.2352161859896678e+03,
       -3.2943249032281210e+02, 6.8378428863251895e+02,
       -2.1421897170866055e+02, -2.4427468947885691e+02,
       2.8497248975234601e+01, 2.4021517002195524e+03,
       -3.2943249032281199e+02, 2.7196313727561114e+03,
       1.6334105162902208e+02, -5.6979883277589202e+01,
       -2.6476299237966316e+01, 2.8933065837501417e+01,
       -4.5841542364922742e+02, 6.8378428863251895e+02,
       1.6334105162902205e+02, 2.4015639568037254e+03,
       1.5431531410653642e+02, 1.3160606617498505e+02,
       -9.8284519711092795e+00, -1.4515858643649295e+02,
       -2.1421897170866058e+02, -5.6979883277589217e+01,
       1.5431531410653642e+02, 1.8384580515894953e+02,
       1.2164081203034571e+02, -6.3801305810766067e+00,
       2.5087375264352988e+02, -2.4427468947885691e+02,
       -2.6476299237966288e+01, 1.3160606617498505e+02,
       1.2164081203034571e+02, 2.4471682919984750e+02,
       1.5708596621025257e+00, -1.0071267400784980e+02,
       2.8497248975234609e+01, 2.8933065837501417e+01,
       -9.8284519711092706e+00, -6.3801305810766067e+00,
       1.5708596621025270e+00, 2.8627723410985574e+01 ]
weights: !!opencv-matrix
   rows: 1
   cols: 2
   dt: d
   data: [ 5.1880684179998904e-01, 4.8119315820000974e-01 ]
pca_proj: !!opencv-matrix
   rows: 7
   cols: 21
   dt: f
   data: [ 4.36961316e-02, 8.50134730e-01, 1.73015636e-04,
       6.54514134e-02, 4.60692108e-01, 2.29939164e-04, 7.67599978e-03,
       1.46649793e-01, -1.37564148e-05, 1.21663406e-03, 1.30500361e-01,
       -5.45994153e-05, 8.06188770e-03, 1.42052382e-01, -2.12945142e-05,
       -2.45414903e-05, 9.56867734e-06, -1.94090262e-06, 3.13729906e-05,
       4.34020360e-04, 2.32224409e-07, 7.68702388e-01, -5.10314330e-02,
       1.14127281e-04, 4.21110362e-01, -3.83849256e-02, 4.02935693e-05,
       2.81941950e-01, -1.35209868e-02, 1.95932400e-04, 2.66951323e-01,
       -4.70317341e-03, 2.29704310e-04, 2.76557714e-01, -1.55316098e-02,
       2.11025646e-04, -3.74769334e-05, 5.54774260e-06, -7.89335627e-06,
       8.86836962e-04, -5.85095040e-05, 1.91629806e-04, 1.28585771e-02,
       -3.46314937e-01, -1.22481215e-04, -4.01510373e-02, 1.58088982e-01,
       -1.45607672e-04, 1.89476740e-02, 5.27356327e-01, 2.33430081e-04,
       1.79703757e-02, 5.36674440e-01, 2.90960423e-04, 1.17339585e-02,
       5.35117626e-01, 2.47836346e-04, -7.02231409e-06, -3.17391914e-06,
       2.59759432e-08, 1.54912759e-05, 1.72088097e-03, 2.08691781e-04,
       -5.93480825e-01, -8.48098937e-03, -8.88030772e-05, 2.05370650e-01,
       3.40346433e-02, 1.63823628e-04, 4.45453286e-01, -5.44621795e-03,
       -1.30590008e-04, 4.45820451e-01, -1.72652975e-02, -2.10900864e-04,
       4.54801619e-01, -3.90723068e-03, -1.75610170e-04, -1.74471352e-05,
       -6.38676829e-06, 1.65030560e-05, 1.38473080e-03, -5.51051289e-06,
       -1.34489819e-04, -4.15651649e-02, -3.88010889e-01,
       -1.59748225e-03, 2.57949054e-01, 8.27547431e-01, -5.50693134e-04,
       -8.53880048e-02, -1.33590102e-01, -3.55328375e-04,
       -8.88043940e-02, -1.88108414e-01, -3.67236295e-04,
       -7.92043582e-02, -1.47186622e-01, -3.09964700e-04,
       -2.68626522e-04, -4.51062988e-05, -9.29085581e-06,
       -3.75579461e-04, -5.09061909e-04, -3.50576767e-04,
       -2.29677543e-01, 6.27092123e-02, 2.84698303e-03, 8.33015800e-01,
       -2.64675170e-01, 3.15759354e-03, -1.39708534e-01, 2.80198567e-02,
       3.38124041e-03, -2.62821585e-01, 1.58270776e-01, 3.37547949e-03,
       -2.53903240e-01, 1.97897218e-02, 3.25371907e-03, -1.88428123e-04,
       9.26321736e-05, 1.05069688e-04, -8.69478390e-04, 5.32297554e-06,
       3.23282625e-03, 1.65469572e-02, -1.22944964e-02, 1.79094095e-02,
       -1.09140642e-01, 7.21300468e-02, 1.91718508e-02, 3.82933050e-01,
       -4.23867494e-01, 2.11461242e-02, -7.92417750e-02, 7.01953173e-01,
       2.17523333e-02, -2.13373944e-01, -3.30373585e-01, 2.08413042e-02,
       1.44753244e-03, -7.25856051e-04, -2.26010093e-06, -4.08638298e-04,
       -1.03708194e-03, 2.05057804e-02 ]
pca_mean: !!opencv-matrix
   rows: 1
   cols: 21
   dt: f
   data: [ 2.07625534e+02, 2.55653595e+02, 1.54502928e+00,
       2.18915131e+02, 2.60592743e+02, 1.67241716e+00, 2.65274475e+02,
       2.24016678e+02, 1.71669352e+00, 3.19420807e+02, 1.63929108e+02,
       1.75046074e+00, 3.16613464e+02, 2.25532654e+02, 1.70717156e+00,
       1.08872897e-04, -9.74175637e-05, 6.24380555e-05, -2.17504916e-04,
       -2.50119597e-01, 1.75055194e+00 ]
gamma: !!opencv-matrix
   rows: 2
   cols: 1
   dt: d
   data: [ 9.3584391972255720e-01, 9.2135061165070742e-01 ]
