%YAML:1.0
means: !!opencv-matrix
   rows: 21
   cols: 9
   dt: d
   data: [ -1.4205646211040403e+02, -4.8370402630829474e+01,
       4.2385703809057112e+01, 1.6008469207212855e+01,
       -5.7499876486448436e+00, 1.0391747699419428e+01,
       6.2820508426485977e-01, 1.3096522197801630e+00,
       -6.1163034688379214e-01, 1.6478866901033760e+02,
       6.8787676818808769e+00, -4.3836431121559222e+01,
       1.4869288665930499e+01, -1.0685307973181644e+01,
       -9.5456647552455856e+00, -1.1642667944846650e+00,
       -1.4725435739693182e-01, -9.2094730909337985e-01,
       8.3731680512102912e+01, -1.5198409289870797e+01,
       4.0243896079829113e+01, -1.1934343144257305e+01,
       1.6419424136121041e+01, 4.3632123218069196e+00,
       1.3299354271393660e+00, -7.2509745084523081e-01,
       -1.6998363860347951e-01, -1.2369398994085762e+01,
       1.2321081095512038e+02, 1.9063665078957783e+01,
       -2.9648750814263206e+01, 1.8550195135065344e+01,
       -2.2985578108660329e-01, -1.2849008011448394e+01,
       2.6081721659023462e+00, 5.9578464961497186e+00,
       -1.0109619682529257e+01, -1.7440131316007612e+01,
       8.4269136988111057e+00, -4.4151167351814857e+00,
       7.2092783874281876e+00, -2.9227939680428419e+00,
       -2.7390198525970724e+00, 5.6240230679819669e-01,
       5.9034802429110060e+00, -1.9724867477127029e+02,
       -1.4465359000582607e+01, 3.3122263723278444e+01,
       -1.6969335550216453e+01, -2.3836327664613481e+00,
       -8.5801627212429459e+00, -1.8004792643443597e+00,
       -3.8770032762875456e-01, 3.9218572797079747e+00,
       -1.2974934028312137e+02, -2.0705754235990529e+01,
       3.4205340630112097e+01, -1.4748036426816395e+01,
       4.8813734986256457e-01, -1.9432899088534185e+01,
       -1.4393623292318221e+00, -1.5678219801260460e-01,
       -1.0112688244283243e+00, 8.0675960715823521e+01,
       -7.3287456468924461e+01, -5.9529938561717728e+00,
       4.8064897444944179e+01, -2.1948901076205316e+00,
       2.4953800282331766e+01, 2.2984359903910954e+00,
       6.5087289530738579e-01, 7.9854877663801629e-02,
       1.3607665241972080e+02, -4.7267185498792436e+01,
       -3.1879316673843729e+01, 3.4586431369735017e+01,
       -2.1512185315383519e+01, 5.2675704095431266e+00,
       5.2872534558762130e-01, 1.5491787661893167e-01,
       -5.0639365923830415e-01, -4.6197936586231840e+01,
       -1.4170627563320938e+01, -4.4542829809525067e+01,
       1.1968089879937532e+01, 2.4029232784860262e+01,
       3.0663613290206579e+00, 1.5862226719393400e+00,
       -5.6902289340967294e-01, -1.4247824258679648e-01,
       1.7445472200491462e+01, 1.0183939563756232e+02,
       -1.8494852232710009e+01, -4.7218798584890827e+01,
       1.9411128217588012e+00, -3.0446592377607375e+00,
       1.4574777664849530e+00, -8.6658227259871079e-01,
       -3.5777222549443705e-01, -1.4901961303547316e+02,
       1.1837638213782409e+02, 1.5408796480448013e+01,
       -5.1511940124638677e+01, -2.3773118946171188e+01,
       -4.5447816445721898e+00, -3.9705248574802454e-01,
       -3.6052265092142260e-01, -6.5038067023117729e-01,
       9.8870153912301404e+01, -4.6256767592657440e+01,
       -2.1950870967008878e+01, 3.6644340173380925e+01,
       -2.7572800221908132e+01, 2.3951142813181324e+01,
       1.1945020376134365e+00, 1.3003175995244689e+00,
       5.2896982130781611e-01, 4.8296350114973841e+01,
       -2.3143094553059235e+01, -8.9933395208139189e-01,
       1.8326786538707839e+01, 2.7188870157098375e+01,
       -4.9000746935508328e+00, -3.9566251641306627e-01,
       -1.0384271880825906e+00, -6.9033749301664671e-01,
       7.8425361660699906e+01, 1.1284175762129182e+02,
       -3.4399535945967209e+01, -3.7147597353328834e+01,
       -9.8858728608888686e+00, 2.5237446747368035e+00,
       2.0231050888144231e+00, 4.3006294165329068e-01,
       -1.9299562146676641e-01, 4.9664359688825227e-01,
       -4.1098287077057577e+01, 2.1413049316207764e+00,
       1.5854819223771321e+01, 8.3394030665649144e-01,
       -8.4737523113555806e+00, 2.3048787842395196e-01,
       -5.1531192738451070e-01, -1.3110243806113400e+00,
       -1.8053331422351556e+02, 2.7085531573059484e+01,
       4.0967249586519578e+01, -2.1528762628011094e+01,
       -6.2388516229471405e+00, 4.5918551526360418e-01,
       5.7526257747465981e-01, 1.1544911062853980e+00,
       -1.0197165414554332e+00, -8.4400093397553235e+01,
       9.8125579592411427e+01, 8.9490861820003875e+00,
       -4.7130774343432698e+01, 4.9504185510035832e+00,
       5.4960262058875156e+00, 1.7960005407156099e+00,
       -9.2226137597617761e-02, -2.4314209504989942e-01,
       8.7683625048008054e+01, 1.9313771155765522e+01,
       -2.3800998074068467e+01, -1.9856716027983644e+01,
       -4.4585660889077046e+00, -2.0257076475568979e+01,
       -9.3451261230669012e+00, 3.7423455055486410e+00,
       7.0391919025026928e+00, -1.6797562225261913e+02,
       -1.2230972733650617e+02, 4.7861433220400066e+01,
       4.4485877343204372e+01, -3.4373209684303070e+01,
       -5.5047643540971425e+00, -4.8525437327412515e+00,
       -1.1882252519364360e+00, -1.4621651124096055e-01,
       1.1404614223064724e+01, -2.3645898056135016e+02,
       8.2987765461907372e+00, 7.5140607911734165e+01,
       -1.4312797381775846e+00, -3.0936024674014028e+01,
       -3.2680572895039668e+00, -1.1864012582105936e+00,
       3.7362740364632391e-01 ]
