%YAML:1.0
means: !!opencv-matrix
   rows: 31
   cols: 9
   dt: d
   data: [ 1.5865751027234498e+02, 2.6645056294828741e+01,
       -4.4075310871211308e+01, -1.2258751650132620e+01,
       -9.8592317244299075e+00, 4.0160341750869657e+00,
       9.1340608028645265e-01, 1.9757736438120119e+00,
       6.8558057515131354e-01, -2.1251027198664747e+02,
       9.9255699761905859e+01, 4.5693474950686849e+01,
       -5.1310147090182163e+01, -2.2227218462042071e+01,
       2.5844826628784375e+01, -5.1574553401001397e+00,
       2.5350431193752443e+00, 9.6636256161405065e-01,
       -1.4357321179267640e+02, -1.0445929452008905e+02,
       2.5138488056836618e+01, 6.5033107480298895e+01,
       -2.7552111932424722e+01, 4.0908745717657338e+00,
       -1.5150689957569889e+00, -3.7645280519316224e+00,
       1.9637019695355873e+00, 1.6293003899544669e+02,
       2.5833549039546046e+01, -4.2455381479589690e+01,
       -3.4480997838106916e+01, -9.5110634152567801e+00,
       1.2961122987801540e+01, 5.9132351411819617e-01,
       -3.5834626311062308e+00, -1.6407710871918089e+00,
       -7.0792553264160274e+00, 1.4139918332062024e-01,
       1.3522482552926117e+01, 1.0588727344764514e+01,
       3.0613889715827980e+01, 1.8908249563272311e-01,
       6.0156423324802299e-01, -4.4694888022860188e-02,
       3.7485164366766410e-01, -1.8849755016703284e+02,
       4.6224530793275918e+01, 3.5342595434099813e+01,
       -2.9504939794607818e+01, -5.5684021604065590e+00,
       -2.6561306793183626e+00, -4.0356471737983028e+00,
       -7.0578225238695360e+00, -2.9447876753530751e+00,
       5.4868985671937107e+00, -2.3981721973298633e+01,
       -7.5818499457276844e-01, 1.6676240714518553e+01,
       -7.4904911957755944e+00, 8.7251456872524411e+00,
       1.2539200959643342e+00, 2.0551765270362043e+00,
       5.7037574349608156e-01, -1.4258819994797739e+02,
       7.7617098311609845e-02, 3.6568312063512522e+01,
       1.2220938206126212e+01, -2.1611130556426366e+00,
       1.7736420189743527e+01, -1.1217303901394009e+00,
       7.3950047007102326e-01, 1.8613926651489909e-01,
       9.3545180801099249e+01, 4.3355618226924442e+01,
       -2.1999794201605297e+01, -2.7672471799906408e+01,
       -7.6842155153370095e+00, -1.1042964796510722e+01,
       8.7016248206450530e-01, 4.0328386617337764e-01,
       2.1685222628461337e-01, 8.1674154344955724e+01,
       1.5653123533326168e+01, -2.3777438956809615e+01,
       -3.2465419475734244e+01, -2.6520215500468499e+01,
       -1.9811240412228546e+01, 9.1020070402915043e-01,
       -2.3667023064249246e+00, 1.9562670636767579e-01,
       1.2443450072013055e+01, -1.0370679393795811e+02,
       -8.9961923971335445e+00, 7.3675204794117107e+01,
       -5.6543376596619090e+00, -3.7243604136936597e+00,
       1.9300506266313533e+00, -1.6133064025721227e+00,
       1.4345108685167476e-01, 5.7817674091139224e+01,
       -8.8514822582512778e+01, -1.4103384627240411e+01,
       6.2907770026903606e+01, -2.3873636523902344e+00,
       1.7131804005233129e+00, 2.2193669286600253e+00,
       5.9300707812471065e-01, -3.8448714852244124e-02,
       -2.0598244836488735e+02, -2.6598614297359752e+01,
       4.3397811124555041e+01, 2.5168387563791494e+01,
       -9.4935379758469534e+00, 1.3503356145955241e+01,
       -1.8548098258658994e+00, -1.9425024516809783e+00,
       -8.0756715615181696e-01, 1.8281048460419001e+01,
       1.5552289556375371e+02, -5.0895074734759438e-01,
       -8.5995994640251595e+01, 1.5791083846782200e+01,
       1.5498035622730153e+01, -3.5791548450830163e-01,
       2.3912764565050528e+00, 1.8919858938044034e+00,
       -1.5083330660845306e+02, -1.0164269399356202e+02,
       2.8549841222131935e+01, 6.6779595032260545e+01,
       -1.7561116953584531e+01, -7.5466343987345863e-02,
       2.4322228935692419e-01, -7.0849635109532128e-01,
       7.3070335526798169e-01, -1.0131112817529056e+01,
       4.7954109575513790e+01, 1.2728315713388428e+01,
       -3.7715839754869627e+01, 1.5319833702777320e+01,
       -1.2492241556938566e+01, -2.5564199124700204e+00,
       -4.1187794307225811e-01, -4.0464927127845760e+00,
       1.5373489411044824e+02, 1.8544200741839532e+01,
       -4.2987438236264630e+01, -5.5760007157705225e+00,
       -4.9805235568495174e+00, 1.3638111820108044e+01,
       -1.4407633368192281e+00, 1.0491612707994735e+00,
       4.7955789256692222e-01, 1.0509948730883647e+02,
       -4.0779722296167677e+01, -3.0834099493425494e+01,
       2.6245445641516469e+01, -4.1635022042653489e+00,
       9.9935604488859315e+00, -9.1578678236308930e-01,
       8.2917311298276319e-01, 6.0984345306768362e-01,
       -2.3020083182450989e+01, 2.3494657149086869e+01,
       -6.1896685278821451e+01, 4.6825871268752408e+00,
       2.2857105557543992e+01, 3.2920508013895788e+00,
       8.6533024484229815e-01, 1.1227152789800954e+00,
       3.2475590334355814e-01, -1.5543834924830776e+02,
       6.3908700005154088e+01, 3.5908350705581547e+01,
       -4.2313804018705596e+01, -1.5853895384835925e+01,
       -6.1365620131965404e+00, 4.5359036722437468e-01,
       1.1729981927144226e+00, 3.5373638886141123e-01,
       -4.6349818400158583e+01, 3.1678226721333960e+01,
       2.2081493914261870e+01, -2.5028661226473528e+01,
       2.6072456596365718e+01, -1.6100439924389470e+01,
       2.5083681888947531e+00, 1.5122462549137669e-01,
       1.9788573566582421e-01, 1.0988279691908785e+02,
       -1.7656035092663661e+01, -1.9598093440235353e+01,
       1.6526000876144831e+01, -4.9646168956148600e+00,
       2.1422629759131318e+01, -1.3050831131692224e+01,
       -6.4805213983539449e+00, -5.9528565970244056e+00,
       2.7000150016890959e+01, 5.9894132462532610e+01,
       -3.2587004304130147e+00, -4.1421502096280356e+01,
       -7.6199658892273208e+00, -2.2822638214184938e+01,
       3.4939363255153846e+00, 1.0853143331260164e+00,
       5.9067892408820821e-02, -3.0312090805097164e+01,
       -8.4088037200956336e+00, 3.0003946637909131e+01,
       2.2621064979421828e+01, 2.5470227878399378e+01,
       -8.7262697908699334e+00, -9.0316611400827504e+00,
       -6.6185453073813321e+00, -5.2967942186111570e+00,
       8.6571429036828050e+01, 1.6101413576785532e+01,
       2.4928684235152396e+01, 8.8680962688678342e+00,
       1.9216023638238060e+01, 4.1408143287871582e+00,
       1.1526148374003826e+00, 1.3079339649216410e+00,
       3.7116666689693512e-01, -6.0408290431832725e+01,
       -5.1406230109982289e+01, 1.1912261320153702e+01,
       2.8085061251545838e+01, 1.0219571321197558e-01,
       -6.4569461008133180e+00, 1.3739561816049801e+00,
       1.4237102532561117e+00, 6.2704775491415154e-01,
       5.2814071785320287e+01, 2.8339947824767254e+01,
       -9.0311445309944371e+00, -2.1759880764850539e+01,
       -5.1642170513711756e+00, -1.1232550300144622e+01,
       -3.3609295610986401e+00, -2.2511540002013026e+00,
       -4.8413778166390022e+00, -6.6032918789603926e+01,
       -7.9533580540764405e+01, 1.9155372905208040e+01,
       5.0943681233982709e+01, 7.0711770706368791e+00,
       -5.0026481223286270e+00, 2.1778264853338274e+00,
       -4.4976552140425757e-01, 1.6888965648001561e-01,
       4.6496821173622202e+01, -7.5749883193009296e+01,
       -7.4305827699288862e+00, -4.8004932541912027e+01,
       2.0753851080964846e+01, 9.7859212271717455e-01,
       -1.6338145528391810e+00, 1.8661108224277736e+00,
       5.2864751462735404e-01, 1.2588889834409638e+02,
       -3.2213078585281117e+01, -3.0164262728387385e+01,
       3.2850363161622120e+01, -4.1652225066969333e+00,
       1.4076396922101404e+01, -2.1011590254136026e-01,
       2.0274803512873327e+00, -5.7012009603627400e-01,
       -1.9035947421984315e+02, -5.4315388161893239e+00,
       4.3491552204505290e+01, 3.6855240364804471e+00,
       -9.0348935910899595e+00, -7.4970331884655073e-01,
       1.0289480495600909e+00, 9.7225924386436147e-01,
       6.0875589365417004e-01 ]
