%YAML:1.0
means: !!opencv-matrix
   rows: 16
   cols: 5
   dt: d
   data: [ 1.4590234834336852e+02, 5.9235522471170299e+01,
       4.4376908280358549e+01, 1.7003923392363092e+01,
       -5.7621702796706513e+00, -5.2912840110848265e+01,
       3.3172837263811218e+01, -8.3184443528562468e+00,
       -8.3296149448212802e+01, 6.1969760239317839e-01,
       -1.8383486935583332e+02, -1.5649377754701914e+02,
       3.1346859714884488e+01, -2.6015806723043593e+01,
       -2.0077675290954243e+01, -1.0534516028627747e+01,
       -1.2620331823859217e+02, 8.7340731074707598e+00,
       5.0476874927259594e+01, 2.6070081216882429e+01,
       -2.3294026465893512e+02, 7.6874382012395571e+01,
       -3.2268073429223939e+01, -2.7202404598650439e+01,
       -6.0375908729203616e+00, 1.4354758499895490e+02,
       -7.5120539241357505e+01, 2.3333802475180974e+01,
       -4.8705515316208597e+01, -3.9482459758317052e+00,
       1.6059233037903806e+02, 7.6972454210248467e+00,
       -5.1383457324520712e+01, 1.6612715856976482e+01,
       -1.1131864094943502e+01, -3.6128033853921142e+00,
       2.9789012581241074e+01, -3.6162383657446888e+01,
       3.9820324909974559e+01, 7.0962397797071022e+00,
       9.9753277336980588e+01, -4.4660426697268051e+01,
       -2.1865903502463045e+01, 3.8006563198659308e+01,
       -2.7166837631571816e+01, -1.1900518398772904e+02,
       1.4396165540197106e+01, 4.2349404510475289e+01,
       -1.2776123962000671e+01, 4.8319276766854351e+00,
       3.6973769633808153e+01, 1.1719229103589647e+02,
       -2.9876690102979172e+01, -4.3135797626274268e+01,
       -9.3547087465337420e+00, 7.9258019914226665e+01,
       -1.2276172527301251e+01, 4.0012604940075903e+01,
       -3.6207155810204088e+00, 2.4703965472594902e+01,
       3.7772180205168469e+00, -9.7070059840977038e+01,
       -5.6724102621450179e+01, -2.3713261407928282e+01,
       8.8240604416306141e+00, -5.9853277687584473e+01,
       1.5831544332198146e+02, 2.1970367659836587e+01,
       -1.7157320635328446e+01, 1.6567770099048416e+00,
       -8.4243383442766827e+01, -2.8718960604573439e+01,
       2.7092009893660517e+01, 1.7029464053459304e+01,
       1.1228125432803033e+01, -1.9224855714925053e+02,
       -3.3653989125984900e+01, 5.4006693678924833e+01,
       4.0600484239328900e+01, -2.2582665520928753e+01 ]
covs: !!opencv-matrix
   rows: 80
   cols: 5
   dt: d
   data: [ 5.6276799110245829e+03, 3.7209779732760501e+02,
       -6.8811617185365560e+02, 8.0465695404098767e+02,
       -1.7783873593296988e+02, 3.7209779732760489e+02,
       7.7779398727194148e+03, -1.9839155902449519e+02,
       -1.1865146242376545e+03, 1.0807256678469052e+02,
       -6.8811617185365560e+02, -1.9839155902449519e+02,
       6.2220531644885125e+02, 1.6969579331979322e+01,
       4.8422880245857812e+01, 8.0465695404098744e+02,
       -1.1865146242376545e+03, 1.6969579331979325e+01,
       1.6689356624462505e+03, -1.0789963476462158e+02,
       -1.7783873593296988e+02, 1.0807256678469052e+02,
       4.8422880245857812e+01, -1.0789963476462158e+02,
       1.6351933245263140e+02, 5.3186365632427742e+03,
       -2.2011345469195464e+02, 1.1221739649791018e+03,
       -2.0875481603677295e+02, 3.4104811468919422e+02,
       -2.2011345469195470e+02, 2.1202879075890241e+03,
       -3.0603943283463998e+01, 2.3495882880366861e+02,
       -1.8011534265165523e+02, 1.1221739649791018e+03,
       -3.0603943283463991e+01, 2.7700110588795837e+03,
       -3.9756800780659984e+02, -2.1759858915440432e+02,
       -2.0875481603677289e+02, 2.3495882880366861e+02,
       -3.9756800780659972e+02, 7.1461538360887971e+02,
       1.8776289667847934e+02, 3.4104811468919422e+02,
       -1.8011534265165528e+02, -2.1759858915440432e+02,
       1.8776289667847934e+02, 2.4691547304574229e+02,
       5.8721239042330199e+03, -5.5273177903540852e+02,
       3.0705523513351864e+03, -4.6505281234043775e+02,
       -1.0387773731328072e+02, -5.5273177903540864e+02,
       3.8407706146269102e+03, 2.0711717665620235e+01,
       -1.1126160651084263e+03, 6.1712768393793510e+02,
       3.0705523513351868e+03, 2.0711717665620256e+01,
       2.1860513012031506e+03, -4.6866328569703728e+02,
       -7.0236890811115202e+01, -4.6505281234043775e+02,
       -1.1126160651084263e+03, -4.6866328569703734e+02,
       1.0965740091273960e+03, -3.3164329034594306e+02,
       -1.0387773731328078e+02, 6.1712768393793510e+02,
       -7.0236890811115188e+01, -3.3164329034594306e+02,
       2.4595132091944674e+02, 4.8159910533955290e+03,
       -1.6846838855469259e+03, 2.6513495406441480e+03,
       -6.7352591975341591e+02, -2.1181881458630107e+02,
       -1.6846838855469259e+03, 1.1134359291873967e+04,
       7.7980082514351034e+02, 1.3331003205003242e+03,
       1.2921823090835919e+03, 2.6513495406441480e+03,
       7.7980082514351022e+02, 2.1487213153115708e+03,
       -9.6665661674680010e+01, -5.0512055156944825e+01,
       -6.7352591975341591e+02, 1.3331003205003246e+03,
       -9.6665661674680010e+01, 2.0416142808416116e+03,
       -3.2572283335254320e+02, -2.1181881458630107e+02,
       1.2921823090835919e+03, -5.0512055156944825e+01,
       -3.2572283335254320e+02, 4.1771643618633584e+02,
       3.1541274453802243e+03, 1.1717160046010704e+03,
       -2.9884097363922331e+02, -6.3658718481161316e+02,
       1.0750486988743522e+02, 1.1717160046010704e+03,
       7.8153785266818913e+03, -1.0450017471900355e+02,
       1.8666265859207774e+03, -1.1101138972724002e+02,
       -2.9884097363922325e+02, -1.0450017471900357e+02,
       7.9510953252734225e+02, 6.2557501700554747e+02,
       -2.5415599110355465e+01, -6.3658718481161293e+02,
       1.8666265859207774e+03, 6.2557501700554758e+02,
       1.6125847685886972e+03, 4.2595726848590843e+01,
       1.0750486988743518e+02, -1.1101138972723997e+02,
       -2.5415599110355458e+01, 4.2595726848590857e+01,
       1.6105867546690922e+02, 5.5431093189585363e+03,
       -5.3976885043206003e+01, -7.8161549788408445e+02,
       4.0254285655760475e+02, -2.8508393125534542e+02,
       -5.3976885043206025e+01, 6.1895428928653937e+03,
       -3.3099879862553996e+02, -1.8861562000547422e+03,
       4.5555481832600542e+01, -7.8161549788408445e+02,
       -3.3099879862553996e+02, 7.4920513586752156e+02,
       1.0090225028001457e+02, 1.2965858398235221e+02,
       4.0254285655760475e+02, -1.8861562000547422e+03,
       1.0090225028001457e+02, 1.5409486199825287e+03,
       -8.8444944698132673e+01, -2.8508393125534542e+02,
       4.5555481832600535e+01, 1.2965858398235221e+02,
       -8.8444944698132659e+01, 1.9390771857679934e+02,
       5.5303263519570719e+03, -5.7425877628272826e+02,
       2.4982563121879480e+03, -7.1276105338234538e+02,
       -6.4758060077891741e+01, -5.7425877628272826e+02,
       7.0247507921316037e+03, 5.4443136810290378e+02,
       2.1109465833617792e+03, -1.6250857795628626e+00,
       2.4982563121879471e+03, 5.4443136810290378e+02,
       2.2127453471142021e+03, -1.7904049553906668e+02,
       -9.7538072996622290e+01, -7.1276105338234515e+02,
       2.1109465833617792e+03, -1.7904049553906668e+02,
       1.7965798795838202e+03, 7.7202422223266964e+01,
       -6.4758060077891756e+01, -1.6250857795628617e+00,
       -9.7538072996622290e+01, 7.7202422223266964e+01,
       4.4851347848825242e+01, 5.2653879287005493e+03,
       -7.5729974040791296e+02, 4.4250653128769699e+02,
       4.0361900988778956e+02, -4.8754199894675708e+02,
       -7.5729974040791296e+02, 7.0891627443513416e+03,
       -2.3744811763475752e+02, -4.5779183367087910e+02,
       3.4032667246266260e+02, 4.4250653128769716e+02,
       -2.3744811763475752e+02, 1.2075304945229709e+03,
       1.6433016846252576e+02, -2.2605021846094409e+01,
       4.0361900988778979e+02, -4.5779183367087893e+02,
       1.6433016846252576e+02, 1.5369469467746885e+03,
       -7.8516972852425212e+01, -4.8754199894675708e+02,
       3.4032667246266266e+02, -2.2605021846094413e+01,
       -7.8516972852425184e+01, 3.9999049963001551e+02,
