%YAML:1.0
means: !!opencv-matrix
   rows: 31
   cols: 1
   dt: d
   data: [ 6.2258317056294807e+01, -2.4751367839496672e+02,
       -1.0383746840105090e+02, 2.1788213850910603e+02,
       -2.3948114207611166e+01, 1.0934468540071533e+02,
       -2.0069070418879514e+02, -3.3977803187151164e+02,
       1.7762559100150415e+02, 2.8493155255311180e+01,
       -1.2259315280886605e+02, 1.4303838434637063e+02,
       -3.0659755233866861e+02, -4.3307177678517291e+01,
       2.7552703449550506e+02, -6.4036714707272708e+01,
       9.3784619819427832e+01, -1.4133920744456765e+02,
       4.5609224740261418e+01, -2.2255258697648932e+02,
       -6.0124875252799894e+00, -1.5991442347554158e+02,
       2.4359904855065901e+02, -1.8026559638954600e+02,
       1.2549440367749891e+02, 1.9563265569988491e+02,
       -8.4625723425792259e+01, 7.7896521515824418e+01,
       -2.7538454224209420e+02, 1.6005082866835446e+02,
       1.1668172630067044e+01 ]
covs: !!opencv-matrix
   rows: 31
   cols: 1
   dt: d
   data: [ 6.3676038421810816e+01, 1.7514226706457035e+02,
       9.8941868665237820e+01, 1.1261891222764253e+02,
       9.0879028664444377e+01, 6.7143455084691936e+01,
       1.0751920674221054e+02, 6.8511914262075607e+02,
       7.9811090773839183e+01, 6.2876059242915680e+01,
       9.4447295520627492e+01, 7.4699099573015573e+01,
       3.0503683404211802e+02, 9.5038841630151680e+01,
       5.5348626549800406e+02, 9.7093696845331749e+01,
       6.2341983610159240e+01, 8.6926298295536242e+01,
       6.1911450645594897e+01, 1.2685938532933582e+02,
       8.0598759649108104e+01, 8.3426011526705437e+01,
       2.0836169383530205e+02, 9.0194136660995312e+01,
       7.0062155804531173e+01, 7.8800160313687627e+01,
       1.0126342953719818e+02, 6.5192811634772397e+01,
       2.1532890867151542e+02, 7.6923117484882411e+01,
       6.7059505597204861e+01 ]
weights: !!opencv-matrix
   rows: 1
   cols: 31
   dt: d
   data: [ 4.8684706974311508e-02, 2.0752573886966205e-02,
       3.6175201230308103e-02, 1.7687217533601710e-02,
       4.8722375258315388e-02, 4.3150081372102009e-02,
       2.2993037385029464e-02, 5.5511000510862010e-03,
       2.7288391653741279e-02, 4.6836583837866888e-02,
       3.1355052359473376e-02, 3.6957671441116197e-02,
       1.0378676904062399e-02, 4.3781184196878695e-02,
       8.3284313192946609e-03, 4.4860329558735486e-02,
       4.5093490768365933e-02, 2.8862729933399212e-02,
       5.1783192072481353e-02, 2.2465279207897284e-02,
       4.8108419596452533e-02, 2.5657545716068261e-02,
       1.3950669741241737e-02, 2.4126683067256634e-02,
       3.9383217683726025e-02, 2.2427066521800730e-02,
       3.9899707447310070e-02, 4.7466672962626376e-02,
       1.6650561778346881e-02, 3.2441328426959203e-02,
       4.8180820113166115e-02 ]
pca_proj: !!opencv-matrix
   rows: 1
   cols: 21
   dt: f
   data: [ 4.36961316e-02, 8.50134730e-01, 1.73015636e-04,
       6.54514134e-02, 4.60692108e-01, 2.29939164e-04, 7.67599978e-03,
       1.46649793e-01, -1.37564148e-05, 1.21663406e-03, 1.30500361e-01,
       -5.45994153e-05, 8.06188770e-03, 1.42052382e-01, -2.12945142e-05,
       -2.45414903e-05, 9.56867734e-06, -1.94090262e-06, 3.13729906e-05,
       4.34020360e-04, 2.32224409e-07 ]
pca_mean: !!opencv-matrix
   rows: 1
   cols: 21
   dt: f
   data: [ 2.07625534e+02, 2.55653595e+02, 1.54502928e+00,
       2.18915131e+02, 2.60592743e+02, 1.67241716e+00, 2.65274475e+02,
       2.24016678e+02, 1.71669352e+00, 3.19420807e+02, 1.63929108e+02,
       1.75046074e+00, 3.16613464e+02, 2.25532654e+02, 1.70717156e+00,
       1.08872897e-04, -9.74175637e-05, 6.24380555e-05, -2.17504916e-04,
       -2.50119597e-01, 1.75055194e+00 ]
gamma: !!opencv-matrix
   rows: 31
   cols: 1
   dt: d
   data: [ 7.9177549743762798e-01, 8.8574322697374241e-01,
       8.1613591407392938e-01, 8.7499272508790693e-01,
       7.7604307908338921e-01, 8.1971379520888854e-01,
       8.6726880731981504e-01, 9.1373248670522245e-01,
       8.5724087689623507e-01, 7.7685824310514373e-01,
       8.2721753429106037e-01, 8.3941102184086935e-01,
       9.0382581242152693e-01, 7.8273995349182435e-01,
       8.9811361017407321e-01, 7.9282263691901811e-01,
       8.1015876682349786e-01, 8.3778927670957104e-01,
       7.8341276617657074e-01, 8.7632038836756498e-01,
       7.7288728441296140e-01, 8.4769757611796237e-01,
       8.8531333145675195e-01, 8.5786553213425865e-01,
       8.2936855075731752e-01, 8.6542027231756369e-01,
       8.0466001116442598e-01, 8.0069363926825310e-01,
       8.9478145869240988e-01, 8.4850749054366426e-01,
       7.7315366133847829e-01 ]
