%YAML:1.0
means: !!opencv-matrix
   rows: 4
   cols: 11
   dt: d
   data: [ -1.6617767657024081e+02, 8.5031706104967653e-01,
       3.6699838194589304e+01, 2.0680723659398983e+00,
       -1.1178412841413461e+01, 3.0792808502209850e+00,
       -4.5840703817401840e-01, 6.4828447172257803e-03,
       2.0574086129135355e-01, -9.7464928165956900e-04,
       -1.4043601914223641e-02, 8.1871069197397745e+01,
       1.5685141186660660e+01, -2.3989324844475263e+01,
       -3.2097906273575774e+01, -2.6459632416937943e+01,
       -1.9597364453071801e+01, 9.0704043006856849e-01,
       -2.3136644885553466e+00, 2.0608546208051212e-01,
       -2.9666630350908586e-02, 1.0510374885889573e-01,
       5.5974335898735667e+01, -1.2002472555395608e+01,
       -1.1010425831046367e+01, 1.0399601888182442e+01,
       8.7345566413391502e+00, 1.4863497346368024e+00,
       7.7643688229387153e-01, 7.2287523409730103e-01,
       3.1168255529918742e-01, 2.9174791600577645e-03,
       1.9185005854171301e-02, 2.5120441502765768e+01,
       3.9027348655480061e+01, -6.8815267526429293e+00,
       -2.4912792674482201e+01, 4.9026866953849684e+00,
       2.6052414463435354e+00, -3.2158239638595019e+00,
       -1.3990191121133551e+00, -1.9521185346866208e+00,
       1.6157672934292561e-02, -1.3929389497535144e-01 ]
covs: !!opencv-matrix
   rows: 44
   cols: 11
   dt: d
   data: [ 6.5669285069427433e+03, -1.0560393259286243e+03,
       2.8864147114300717e+03, 8.4840334205008412e+02,
       1.4936358261796062e+02, -3.2335100287064404e+02,
       1.1245637736089920e+02, -4.2238969108247950e+01,
       -7.0777864046191201e+00, 1.9220654026612012e+00,
       -7.7581843397183381e-01, -1.0560393259286243e+03,
       1.1282158134596806e+04, 2.4559827368287213e+02,
       -7.9019099910116506e+02, -3.1073928851029444e+02,
       3.9944725786701048e+02, -8.3396889534332715e+01,
       3.6085785798946745e+01, -9.0088620601736320e+00,
       1.4254962980965741e+01, 6.2725251888406741e-01,
       2.8864147114300722e+03, 2.4559827368287213e+02,
       2.4604668376194436e+03, -1.7323386480826886e+02,
       -5.8249253567084374e+01, 5.7874887595127184e+01,
       -2.6309482791915105e+01, 1.6114624651409212e+01,
       2.1315125226740155e+00, 4.3385237081336930e-01,
       1.9906332471457633e-01, 8.4840334205008412e+02,
       -7.9019099910116506e+02, -1.7323386480826886e+02,
       2.9399273894222756e+03, 1.1016641298766859e+02,
       -1.8811706745406727e+02, 4.2085376326280716e+01,
       -3.1641002629746705e+01, 9.9465961778012026e+00,
       -4.2110499480213042e+00, -5.8763214807434883e-01,
       1.4936358261796059e+02, -3.1073928851029433e+02,
       -5.8249253567084374e+01, 1.1016641298766861e+02,
       1.4480585241932332e+02, -7.5276529959381691e+01,
       1.9062992963044099e+01, -1.1847972033293589e+01,
       -3.0817727055980111e+00, 1.2906975060014050e+00,
       -8.2243105477115541e-01, -3.2335100287064404e+02,
       3.9944725786701048e+02, 5.7874887595127184e+01,
       -1.8811706745406727e+02, -7.5276529959381691e+01,
       2.6611167097451192e+02, -1.0301967438179181e+01,
       6.6850513266589076e+00, 2.0877728083065450e+00,
       -1.4719993252822872e+00, -1.2711981399382863e-02,
       1.1245637736089920e+02, -8.3396889534332701e+01,
       -2.6309482791915105e+01, 4.2085376326280716e+01,
       1.9062992963044103e+01, -1.0301967438179181e+01,
       3.0071631204087108e+01, -1.2984372957080532e+00,
       -1.7074930388167131e+00, 6.5293280278782964e-02,
       4.5084454758693239e-04, -4.2238969108247950e+01,
       3.6085785798946752e+01, 1.6114624651409212e+01,
       -3.1641002629746705e+01, -1.1847972033293589e+01,
       6.6850513266589076e+00, -1.2984372957080539e+00,
       2.0102960764231483e+01, 5.1434921815953971e-01,
       -1.4819801505014971e-01, 3.6275286164089343e-02,
       -7.0777864046191201e+00, -9.0088620601736338e+00,
       2.1315125226740141e+00, 9.9465961778011991e+00,
       -3.0817727055980111e+00, 2.0877728083065450e+00,
       -1.7074930388167138e+00, 5.1434921815953971e-01,
       2.8153064296988135e+00, -5.2717163102765108e-01,
       4.4472435804426185e-04, 1.9220654026612012e+00,
       1.4254962980965743e+01, 4.3385237081336914e-01,
       -4.2110499480213042e+00, 1.2906975060014048e+00,
       -1.4719993252822872e+00, 6.5293280278782964e-02,
       -1.4819801505014973e-01, -5.2717163102765086e-01,
       6.7561724031277182e-01, -3.3868638906953845e-02,
       -7.7581843397183337e-01, 6.2725251888406730e-01,
       1.9906332471457641e-01, -5.8763214807434894e-01,
       -8.2243105477115541e-01, -1.2711981399382875e-02,
       4.5084454758692822e-04, 3.6275286164089343e-02,
       4.4472435804426179e-04, -3.3868638906953845e-02,
       2.2552749740044627e-02, 4.0838632390603079e+03,
       9.2501057504926791e+01, 3.0700048700425600e+03,
       1.5094506982210646e+02, -1.0385019240174915e+02,
       -2.0359266483015446e+01, -5.3666679539892122e+01,
       -5.1171302581117342e+00, 1.9962619006246797e+01,
       -1.0450888393384685e+00, -2.9774972061735355e-01,
       9.2501057504926706e+01, 5.5884151870707601e+03,
       -4.2952118058267622e+01, 2.4647365525814048e+03,
       -4.0898511885030160e+01, -1.3513473710846512e+02,
       4.0388560127699982e+01, -2.5648755231426559e+01,
       -2.3443655196000925e+00, -8.7867782860906800e+00,
       4.8376467736692358e-01, 3.0700048700425600e+03,
       -4.2952118058267622e+01, 2.5721663114064104e+03,
       3.1510222099103270e+01, -8.2500532070267894e+01,
       5.0418139723607020e+01, 1.6856322166898593e+01,
       -5.1738859322679644e+00, 3.8809902925273190e+00,
       1.5464128341888173e-01, 1.0475574150813680e-01,
       1.5094506982210638e+02, 2.4647365525814043e+03,
       3.1510222099103256e+01, 1.1722123382998457e+03,
       -6.0242288032353841e+01, -8.7136240595431943e+01,
       4.1151547631719136e+00, 1.7247197338542826e+01,
       -4.5998195908073169e+00, -3.2091312944476775e+00,
       1.4552327646922777e-01, -1.0385019240174913e+02,
       -4.0898511885030153e+01, -8.2500532070267894e+01,
       -6.0242288032353841e+01, 3.5217527479486002e+01,
       9.3380864813573972e+00, 4.2518765229829683e+00,
       -1.5935213134026419e+01, 2.8190313177253783e+00,
       -6.6046674966998287e-01, -2.5208805266133345e-02,
       -2.0359266483015446e+01, -1.3513473710846512e+02,
       5.0418139723607005e+01, -8.7136240595431929e+01,
       9.3380864813573972e+00, 8.3070637302870082e+01,
       2.6167663713207283e+01, -7.7529513628841285e+00,
       -3.5172828569371237e+00, 1.1955936646707196e-01,
       3.6329353927343500e-01, -5.3666679539892122e+01,
       4.0388560127699989e+01, 1.6856322166898590e+01,
       4.1151547631719172e+00, 4.2518765229829683e+00,
       2.6167663713207283e+01, 2.0141793975355650e+01,
       -2.6128413224244462e+00, -2.4192211647921198e+00,
       1.8199052700364113e-01, 1.0795592050073530e-01,
       -5.1171302581117306e+00, -2.5648755231426573e+01,
       -5.1738859322679565e+00, 1.7247197338542826e+01,
       -1.5935213134026419e+01, -7.7529513628841302e+00,
       -2.6128413224244462e+00, 1.3937317053231737e+01,
       -2.8216899988605020e+00, 4.8396293947251251e-01,
       2.9313924283873645e-02, 1.9962619006246797e+01,
       -2.3443655196000912e+00, 3.8809902925273181e+00,
       -4.5998195908073187e+00, 2.8190313177253783e+00,
       -3.5172828569371237e+00, -2.4192211647921198e+00,
       -2.8216899988605020e+00, 1.5668913283406285e+00,
       -5.8419942765201661e-02, -4.5247944229045697e-02,
       -1.0450888393384690e+00, -8.7867782860906800e+00,
       1.5464128341888189e-01, -3.2091312944476775e+00,
       -6.6046674966998287e-01, 1.1955936646707191e-01,
       1.8199052700364104e-01, 4.8396293947251240e-01,
       -5.8419942765201648e-02, 3.4038142071499333e-01,
       5.9602100954593074e-04, -2.9774972061735350e-01,
       4.8376467736692358e-01, 1.0475574150813685e-01,
       1.4552327646922777e-01, -2.5208805266133342e-02,
