%YAML:1.0
means: !!opencv-matrix
   rows: 17
   cols: 5
   dt: d
   data: [ -8.7226264387194988e+01, -2.9701906168526477e+01,
       2.8987384164354612e+01, 1.7506177700716570e+01,
       9.5701101069724999e+00, 2.2944169185843879e+01,
       9.9376707879830576e+01, -2.8701828373968873e+01,
       -5.8967023062931531e+01, -1.1494001892510378e+01,
       -2.1945074263665225e+02, 1.0884368895590077e+01,
       3.5525434742797417e+00, -1.5405304715568675e+00,
       -1.9568272068038617e+00, -7.3569136814039837e+01,
       1.5656691199417517e+02, 1.7231837449845663e+01,
       -1.6855990177500590e+01, 6.3529931813545881e-01,
       -1.8642415197670803e+02, -8.2784163072728816e+01,
       4.9768845959125784e+01, 2.5399494851875421e+01,
       -2.6002645697876943e+01, -3.3542367572184077e+01,
       5.6016737137115999e+00, -4.9692799904120221e+01,
       2.6430752056465458e+01, 1.0186806985948980e+01,
       9.3052086164021233e+01, 1.5090202064835134e+02,
       -2.6133350288933126e+01, 3.0987851482198565e+01,
       -7.2539376552481594e+00, -3.2325393775923523e+01,
       -4.8973068896651597e+01, -6.2560046486106465e+01,
       -3.7525647143767515e+01, 2.1696387535476745e+01,
       1.0084450419657750e+02, -4.7843428101042548e+01,
       -2.1550641740302396e+01, 3.5672541569903700e+01,
       -2.7358782302554243e+01, 9.2554415329846989e+01,
       -4.1937441603818819e+01, -2.6317887044664126e+01,
       5.9451404039250257e+01, -2.4041847788504406e+01,
       7.5952595290856479e+01, 2.3972592258168863e+01,
       2.9485908907734945e+01, 2.7376590062152566e+00,
       1.8648069186842534e+01, 1.6109582209428874e+02,
       -1.5986652710285286e+01, -5.4226933861574324e+01,
       4.4717741163884908e+00, -1.1848162090853130e+01,
       -1.1731582588564332e+02, 1.4782676040245663e+01,
       5.4887337975064030e+00, -8.1903922500981807e+01,
       -3.6178500555656554e+00, 9.4134484906394519e+01,
       -1.0001169474527747e+02, 5.1508065033326762e+00,
       -5.1483535135744319e+01, 1.0949894156289687e+01,
       1.4076767873548656e+02, -3.4247826714871445e+00,
       3.1336389272159355e+01, -1.0375087433116176e-01,
       -8.8833441747813229e+00, -2.5042426810892340e+00,
       -1.2616010694560684e+02, 1.4635931946356145e+01,
       4.8087370931127630e+01, 2.5949273198093600e+01,
       -7.5621381493754171e+01, 1.3417980304543223e+01,
       8.6488858869789439e+01, -2.0294545469612057e+01,
       6.4065748896097979e-02 ]
covs: !!opencv-matrix
   rows: 85
   cols: 5
   dt: d
   data: [ 6.4389646050152824e+03, 9.3679079761515027e+02,
       1.8463102606433665e+03, -1.3338725954196016e+03,
       9.5542293053467972e+02, 9.3679079761515038e+02,
       5.8133748726545828e+03, 3.2152394143995065e+02,
       2.1953479948580880e+03, 6.5717559938680643e+02,
       1.8463102606433665e+03, 3.2152394143995053e+02,
       2.4590506536270509e+03, 7.9557659732642023e+01,
       -4.0220819792791764e+02, -1.3338725954196016e+03,
       2.1953479948580880e+03, 7.9557659732642009e+01,
       1.6883359376879077e+03, -2.6802570262919113e+02,
       9.5542293053467961e+02, 6.5717559938680665e+02,
       -4.0220819792791764e+02, -2.6802570262919113e+02,
       5.5093728369330779e+02, 7.5845248218803763e+03,
       -8.7675344517893598e+02, 2.0939159622478551e+03,
       -3.0539619587968753e+02, 1.3438153572368793e+02,
       -8.7675344517893598e+02, 5.4940151005860080e+03,
       6.4783174923162119e+02, 1.7856299816400658e+03,
       2.2839357291219461e+01, 2.0939159622478555e+03,
       6.4783174923162107e+02, 2.5859435630303828e+03,
       -3.3280218981251790e+02, -1.3023092614551166e+02,
       -3.0539619587968753e+02, 1.7856299816400660e+03,
       -3.3280218981251784e+02, 1.4742206505320396e+03,
       6.1074744787238288e+01, 1.3438153572368793e+02,
       2.2839357291219468e+01, -1.3023092614551166e+02,
       6.1074744787238288e+01, 4.3006477340759105e+01,
       4.4947928665886429e+03, 1.4553089630197539e+02,
       8.5094431035649473e+02, -3.9167461219404390e+02,
       3.9460485146138461e+02, 1.4553089630197533e+02,
       9.9339001578264688e+03, 5.6629836947939782e+02,
       1.6510490451987296e+03, 1.7051586456908692e+02,
       8.5094431035649473e+02, 5.6629836947939782e+02,
       9.6260425247890203e+02, 2.6092310993835440e+02,
       -8.6902015000301006e+01, -3.9167461219404396e+02,
       1.6510490451987296e+03, 2.6092310993835446e+02,
       1.4022807047402027e+03, 6.2343923694268675e+00,
       3.9460485146138461e+02, 1.7051586456908692e+02,
       -8.6902015000301006e+01, 6.2343923694268630e+00,
       1.2568530891472705e+02, 8.3468880598904907e+03,
       -2.1219472931810438e+02, 2.1996994331806100e+03,
       -4.6691498053781021e+02, 7.7083405777378073e+02,
       -2.1219472931810438e+02, 3.6898462271228200e+03,
       1.5823893528605763e+02, 7.6095092716960130e+02,
       -1.6752331320417767e+02, 2.1996994331806100e+03,
       1.5823893528605771e+02, 2.3571046741158084e+03,
       -3.2268179076886025e+02, -1.2253764933951722e+02,
       -4.6691498053781032e+02, 7.6095092716960130e+02,
       -3.2268179076886031e+02, 7.5232444901089889e+02,
       1.3121521424283071e+02, 7.7083405777378073e+02,
       -1.6752331320417767e+02, -1.2253764933951717e+02,
       1.3121521424283071e+02, 3.0896386920271078e+02,
       5.3053262152903553e+03, -1.0935767648268109e+03,
       2.9183477799443131e+03, -5.7709762618305183e+02,
       -1.6766626371981295e+02, -1.0935767648268111e+03,
       9.1623718902038490e+03, 9.1395805488688882e+02,
       1.3994269813148653e+03, 7.3149319417225001e+02,
       2.9183477799443131e+03, 9.1395805488688882e+02,
       2.3289832109121976e+03, -7.9264420373456758e+01,
       -1.5097750286333566e+01, -5.7709762618305183e+02,
       1.3994269813148653e+03, -7.9264420373456758e+01,
       2.1527090558722662e+03, -2.6991598415292049e+02,
       -1.6766626371981295e+02, 7.3149319417225001e+02,
       -1.5097750286333566e+01, -2.6991598415292049e+02,
       1.9975059011483313e+02, 4.5404768946885470e+03,
       -1.1697069484463486e+03, -2.9967717629755498e+02,
       2.5278511065453517e+02, -3.5208635712254426e+02,
       -1.1697069484463486e+03, 9.9518079524962122e+03,
       9.1945960767140051e+01, 1.6532041411938701e+02,
       4.3523360895234930e+02, -2.9967717629755498e+02,
       9.1945960767140051e+01, 9.8271205430381769e+02,
       4.8487659163037722e+02, 8.9434446606511429e+01,
       2.5278511065453523e+02, 1.6532041411938707e+02,
       4.8487659163037722e+02, 1.9890030104140230e+03,
       1.6597074385243644e+02, -3.5208635712254426e+02,
       4.3523360895234930e+02, 8.9434446606511401e+01,
       1.6597074385243644e+02, 3.0927072585788738e+02,
       8.5220733992304886e+03, -2.3292121740883490e+03,
       1.8009501573731450e+03, 9.2051370250348646e+02,
       -1.5883279406374839e+02, -2.3292121740883490e+03,
       4.7731701587907146e+03, 5.2430988179587507e+02,
       -1.3488993357193676e+03, 6.1729634928043957e+00,
       1.8009501573731450e+03, 5.2430988179587496e+02,
       2.4396699769686716e+03, -9.2220837057125345e+02,
       -7.9376224480874015e+01, 9.2051370250348646e+02,
       -1.3488993357193676e+03, -9.2220837057125368e+02,
       1.2648955312011385e+03, 1.1146556931943142e+01,
       -1.5883279406374839e+02, 6.1729634928043895e+00,
       -7.9376224480874029e+01, 1.1146556931943149e+01,
       5.9484585046915548e+01, 3.0508566797131875e+03,
       1.4361952604663543e+02, 1.0116120796085387e+02,
       -1.1797859187773381e+02, -4.5729600432139449e+02,
       1.4361952604663543e+02, 5.6228255820897020e+03,
       -4.2661744742421126e+02, -1.2065778081135027e+03,
       -6.1274183858468371e+02, 1.0116120796085383e+02,
       -4.2661744742421126e+02, 1.0297984731429876e+03,
       2.7254657652937561e+02, 1.7135466939059808e+02,
       -1.1797859187773378e+02, -1.2065778081135027e+03,
       2.7254657652937561e+02, 1.0773513560874958e+03,
       2.4646924192703557e+02, -4.5729600432139449e+02,
