%YAML:1.0
means: !!opencv-matrix
   rows: 48
   cols: 3
   dt: d
   data: [ -9.5001861332845053e+01, -1.3509479600235753e+02,
       1.0131706809325448e+02, -2.2599320783001698e+01,
       5.2454309224573336e+01, 7.5881010597827823e+00,
       1.7532056240791195e+02, -2.6609324551796455e+01,
       4.4699564297071582e+01, -2.8618585906230956e+00,
       3.3729421510120169e+01, -7.4325685297632177e+01,
       -1.0805290835347942e+02, 3.8304654290274357e+01,
       5.3286340388325051e+01, 2.0004556289363686e+02,
       -5.5975116796678961e+01, -3.4283191496364509e+01,
       -2.9957922850126181e+01, -1.1820293576145062e+02,
       -1.6175398763740070e+01, 1.5062966920427465e+02,
       7.4147954694893443e+01, -2.4512512122528722e+01,
       -1.9629608796411566e+02, -1.7612952950163589e+01,
       5.0605826662337066e+01, 9.1870151734408534e+00,
       2.0629209567562810e+02, -1.7068914822078099e+01,
       -1.8141747232521669e+02, 1.2149715086453828e+02,
       1.6174929798286477e+01, 1.8995939240554581e+01,
       -4.9391909208922883e+01, 1.8101869508324068e+01,
       3.5057850578909992e+01, -1.5442732917686808e+02,
       2.0498834118741957e+01, 9.2759746905069903e+01,
       1.7137068024570095e+02, 4.6814469453905375e+01,
       1.4241841128740310e+02, 3.9829570852022719e+01,
       2.8775380959770107e+01, -1.3839333373813233e+02,
       -1.0011719199591124e+02, 6.5695332300503622e+01,
       7.0085520050942222e+01, 2.8588544279525667e+01,
       -2.4200232032022235e+01, 1.8344476275347265e+02,
       1.4476880172716179e+02, 4.9343331868499789e+01,
       -3.5137513054992397e+01, 1.3068093825378216e+02,
       -5.4069027586273137e+01, -7.2620768991535357e+01,
       -1.7570179729731160e+02, -4.1332523252122165e+01,
       -2.7217155728216528e+02, -1.0222567472522280e+02,
       -2.0509344043941390e+01, -1.8847768771499119e+02,
       3.7078511204653907e+01, -2.3237075844017177e+01,
       2.5077104600031731e+01, -1.1088452850267477e+02,
       -9.1830667403116792e+01, 9.1098351741901610e+01,
       -7.0275899798278928e+01, 5.8135490335642160e+01,
       -6.7261145881478086e+01, -1.8243302864001727e+01,
       -3.7442201063645818e+01, 2.1180839160432921e+01,
       1.2856187951366135e+02, 1.5127103873887888e+01,
       -9.1624674880246559e+01, -1.0030052334055246e+02,
       -5.6735503469180188e+01, -1.9707339405749261e+02,
       -1.6995728058528567e+02, 3.0088209319411050e+01,
       -8.9832658893992573e+01, 7.3712621983506708e+01,
       -5.1367607011568992e+01, 9.1642697418921955e+01,
       9.8127307114713616e+01, 4.5012707980372539e+01,
       -2.6851857462637702e+02, 7.3663249754868643e+00,
       1.8489422130100661e+00, 1.0798274370823135e+02,
       -3.2196092540825774e+01, -9.7446233308129266e+01,
       1.1853143986120085e+02, -3.1391417125660020e+01,
       -5.3861272197488654e+00, 6.1644650375143001e+01,
       2.0843346794459155e+01, 5.3457152813860212e+01,
       1.7747165112232128e+02, -1.1398040863559198e+02,
       2.5463361343722621e+01, 2.6989691105475441e+02,
       -5.8828772716693891e+01, 9.0137769581229339e+00,
       -1.3018211496728054e+02, -5.2221387365361572e+01,
       9.3900671918369696e+00, 1.0909547825170337e+02,
       -1.4337747240310404e+02, 7.2648431970483827e+01,
       -5.9794931841115321e+01, -4.8526094220527270e+01,
       9.2360399411712351e+01, -2.3820396746220550e+02,
       1.5526325216944076e+02, -3.4467529436884355e+01,
       -1.0583172008231949e+02, 1.8735018559427704e+02,
       -5.4870174028848929e+01, -8.0685876809900662e+01,
       1.6009714182603784e+02, 5.0401298775532887e+01,
       3.3769841572835610e+01, -3.5616995188074270e+01,
       -7.1581462137249517e+01, 1.0626120272036890e+02,
       -1.2124705899390223e+02, -3.3863873178838922e+01,
       7.0654496108864791e+01, 9.7427987947404844e+01,
       -6.6274317614073851e+01, 2.3380306656202700e+02,
       3.8508601496924257e+01, 1.1442021954875040e+01,
       1.8814436357766699e+01, -2.9337389578354674e+02,
       1.7369345259611766e+00, -2.0188493422704418e+01,
       4.4581436044578375e+01, 9.3139656079039739e+01 ]
