%YAML:1.0
means: !!opencv-matrix
   rows: 41
   cols: 6
   dt: d
   data: [ -1.8599782118796526e+02, -8.2293967982335232e+00,
       6.3707072569007273e+01, -2.1981491042835530e-01,
       -1.0937331725667431e+01, -6.5180904529235466e+00,
       1.6403450242092029e+02, 1.3192472085759162e+00,
       -4.0377391853400738e+01, 3.3880092962654260e+01,
       -5.3774026518325115e+00, -1.3137959873298918e+01,
       -3.5539794419917207e+01, -3.1884246679301210e+01,
       -4.6531937724241729e+01, 2.1237732960756400e+01,
       -8.8038506097247904e+00, -1.0529443587026913e+01,
       9.7406426310894815e+01, 7.7698431050346564e+00,
       3.1434514048021914e+01, -1.2493058825684955e+01,
       -1.1696755192048082e+01, -7.2412393676996558e+00,
       -7.1591207908390295e+00, 8.0517914365706744e+01,
       -5.1819287779811944e+01, -3.6738098436877102e+01,
       -1.1214353012788749e+01, 4.3764345343668215e-01,
       -1.5000177525187789e+02, 4.5158062902762603e+00,
       2.9398339081329858e+01, -2.3037927848565538e+01,
       -3.8521887334715728e+00, -2.4765255457120062e+01,
       -1.1901658436907896e+02, -3.6060281943765659e+01,
       4.0015480924627155e+01, 3.8269857892622753e+01,
       -1.0842340849608222e+01, 2.1406666351968422e+01,
       2.0336923600115082e+01, -3.1595689523536379e+00,
       -7.9267923049189859e+00, -7.6987676829719405e+00,
       2.3367812600254140e+01, -2.4380816276560708e+01,
       1.5150184943245247e+01, -2.3273140460828404e+02,
       9.3664288602212515e+00, 7.6269698683285284e+01,
       -1.5409651009661014e+00, -3.0282955879045701e+01,
       2.1476123061609223e+02, 6.6045513324444570e+01,
       -4.6883535038987674e+00, 1.7363291662531346e+01,
       -1.4863285349610425e+01, -9.1703845628181000e+00,
       1.2265226089626296e+02, -3.0742415614024296e+01,
       4.3871310126489853e+01, -3.0366071990158577e+01,
       1.2640978937322412e+01, 7.2661912629937697e-01,
       -2.8109191218014621e+02, -1.4766386713892045e+01,
       -1.4848659106932070e+01, 7.6215918255421027e+00,
       -7.2333376439571193e+00, -5.5264187059698395e+00,
       -1.3287553749623979e+02, 1.2988545409877099e+02,
       1.1479138907894923e+01, -5.3887127857954646e+01,
       -2.5119924092811253e+01, -4.4995629321599449e+00,
       4.8367304362472723e+00, -4.3211193422561237e+01,
       1.6766959158281132e+01, 1.6658647957785021e+01,
       3.8894714842648433e+01, -9.5995636010328442e-02,
       8.5677310549352612e+01, 1.1273203519079695e+02,
       -3.2095040982703637e+01, -4.4767962223739339e+01,
       -9.6840222091749233e+00, 1.3399762104465416e+00,
       3.3096469436232169e+01, 3.6160921470363562e+01,
       -3.6154261655102090e+01, -8.3592436626155575e+01,
       -4.2102543691255736e+00, -9.7499513225095868e-01,
       1.3777427097693712e+02, -4.6831327246897018e+01,
       -3.2765519389147947e+01, 3.0383654699580585e+01,
       -2.0723234194422762e+01, 3.3405843325575240e+00,
       -6.6706662042234285e+01, 1.2481423688448939e+02,
       -5.5269885969732073e+01, 9.1013013115771404e+00,
       1.2428508255757293e+01, -8.2726797917648280e+00,
       -1.6937610049860766e+02, -1.5777122230816167e+02,
       3.0276241295647708e+01, -1.5881820052360379e+01,
       -2.2346614246541030e+01, 9.8507589457010969e+00,
       3.6595534693459930e+00, 4.3822049619221879e+01,
       7.5300637610508190e+00, -2.8315143617555076e+01,
       3.0097057801990779e+01, -6.8414790320010512e+00,
       2.4556607365690358e+01, -5.2866284601332026e+01,
       -4.6713329599101414e+01, 6.6811767398195784e+01,
       8.4745784575398575e-01, 2.5087754861020123e+01,
       1.4599538432998525e+01, -6.0829889805965173e+01,
       1.3384118317920397e+00, 4.1462664880065390e+01,
       -3.0152298450159790e+01, 2.8492798340528655e+01,
       -1.5293681240669150e+02, 7.0346903742685129e+01,
       3.5780655403920747e+01, -3.3584266397130712e+01,
       -5.1939035538518885e+00, 3.8484698473666099e+00,
       1.3498765964789089e+02, -3.4507169735917536e+01,
       3.8220413488028782e+01, 5.9481104542322207e+01,
       1.9916198974511293e-01, 2.0776061970792593e+01,
       7.0028306687371355e+01, -1.7192911972936344e+02,
       -4.9211757370736908e+00, 4.5231959015304977e+00,
       7.3765294049370302e+00, 2.1342864668819644e+01,
       4.0127203225989149e+01, 9.0565657945925352e+01,
       2.0519655996631780e+01, 4.4473545493868023e+01,
       1.5849953396137916e+01, 6.5436404275270171e-02,
       -1.6048043333445699e+02, -7.5116545816571772e+01,
       4.9012092530479187e+01, 4.1467244135228469e+01,
       -3.1096480435688509e+01, 3.5109815328030969e+00,
       -4.0711116072807926e+01, -5.3314215159012676e+01,
       -4.0785321941010224e+01, -3.2981688891670764e+01,
       2.2092052089886575e+01, 3.8605125814363599e+00,
       5.9872160306488578e+00, -1.1541478630767234e+02,
       2.3883888298027763e+01, 4.7370434923459392e+01,
       3.4773059179208062e+01, 3.8810021043959888e+00,
       1.0079282307710763e+02, -4.7499075989218667e+01,
       -2.0967827130612989e+01, 3.6076278910991014e+01,
       -2.7377438593454073e+01, 2.3044837837244227e+01,
       -1.2073709508640046e+02, -1.0466793780588542e+02,
       1.9248246516534444e+01, -5.1111327608778538e+01,
       7.8608497809057507e+00, 6.7581310833036685e+00,
       -1.9307684974997011e+02, 9.1162384905781892e+01,
       -4.9280867218881788e+01, -3.7910293681216572e+01,
       1.0868485576688638e+00, 5.1160107216845958e+00,
       -2.2816073114287136e+01, 1.3955450231620354e+01,
       9.2530944695538665e+01, -3.3917141407125193e+00,
       1.0940412439669592e+01, 1.0026279572547146e+01,
       4.4793573876970321e+01, 1.6378667264579784e+02,
       -1.0878820936169292e+01, -1.5303855866964861e+01,
       -2.5498938844617371e+00, -5.8004672077165012e+00,
       1.7462222991324913e+02, -7.7122784854985028e+01,
       -5.2311083955816216e+01, -3.6234755986553481e+01,
       -1.2708151446767545e+01, -5.8596696721262926e+00,
       9.9036314649887942e+01, 3.4281803848103827e+01,
       -9.3750771682581728e+01, 2.9247791795272949e+01,
       -1.1749521906822041e+01, -8.5938760867996038e+00,
       5.1462162827542187e+01, -2.7460225662122134e+01,
       -3.7934168874160719e+01, 1.3957846324388591e+01,
       1.5135022722117329e+01, -4.6446738034428074e+00,
       -3.5100572237692700e+00, 9.2374827170389281e+01,
       -2.6483329085015055e+00, -4.1429521106031061e+01,
       1.4154496234418099e+01, -2.6036097254164159e+00,
       -1.8300807874003297e+02, -1.2737107731807457e+02,
       5.5974473492802943e+01, 4.2209891724841455e+01,
       -3.4122091032002942e+01, -1.5082981202343277e+01,
       -6.3560283320938325e+01, 1.0653575824389920e+02,
       1.9304610521132822e+01, -5.9170316431010200e+01,
       5.4033592518231066e-01, 4.7488537640626678e+00,
       -1.1575305279268807e+02, 1.2690757601887970e+01,
       8.7694115389282494e+00, 3.0815561956785505e+01,
       1.9161180638068394e+01, 1.1265417469710007e+01 ]
