%YAML:1.0
means: !!opencv-matrix
   rows: 20
   cols: 10
   dt: d
   data: [ 8.0237978646834662e+01, 1.7130799280750008e+01,
       -2.3091695561842549e+01, -3.4216271281851292e+01,
       -2.3973535706675573e+01, -2.1984093064621963e+01,
       1.2505328450737994e+00, -3.2687588391416345e+00,
       3.9237979941194245e-01, 4.1162333028132574e-04,
       2.7847302846325678e-01, -4.1097430908711679e+01,
       -5.0401342424093292e+00, 2.6296108931165325e+01,
       -7.7872196391990043e+00, 4.9964640918831025e+00,
       1.6423393477624082e+00, 1.9016972571316408e+00,
       6.2335582557093738e-01, -1.1702862965294925e-02,
       -5.8209702087348447e+01, 2.9778522658788646e+01,
       2.1829121882297940e+01, -2.4451839707137193e+01,
       2.2840314276513425e+01, -1.6630119504800152e+01,
       2.4526737812562782e+00, 2.2206009550544278e-01,
       1.9716478019352432e-01, 9.1997476653378762e-02,
       1.5128565219224120e+02, 4.7734578205842402e+00,
       -3.8969094054425703e+01, 2.6818383712983351e+00,
       -5.5950795123545829e+00, 1.2951116658848461e+01,
       -1.0444192213525567e+00, 1.5806669180991437e+00,
       1.6697786009202148e-01, 1.7478113823948788e-02,
       -5.8622306707537341e+01, -8.0066937211179479e+01,
       1.6972186423316817e+01, 4.9653333436335991e+01,
       7.9488752048645814e+00, -4.2056499272687429e+00,
       1.9606397615453333e+00, -2.4365163400226597e-01,
       2.2805605504284771e-01, 1.0629114070415428e-01,
       -1.8877699962637379e+02, 8.4613023559341869e+01,
       4.1146499304815109e+01, -4.8189807045446678e+01,
       -2.1444860187017095e+01, 1.0814302276256736e+01,
       -2.4822508520856545e+00, 1.9205424365073800e+00,
       6.6592494745105169e-01, -4.0359541141581634e-02,
       -1.4619063256857626e+02, -4.3402922269661914e+00,
       3.5188685807833394e+01, 1.3789651452989959e+01,
       -3.8599911564952776e+00, 1.8404915521000152e+01,
       -3.1776910148188331e-01, 2.2369676293355343e+00,
       8.1709856923633173e-01, -3.4272716188889762e-01,
       9.2300200030734672e+01, -5.3649005927926950e+01,
       -2.9985146451868211e+01, 3.5603864246157215e+01,
       -1.8299281410354107e+00, 1.1204321200404262e+01,
       -4.5624207051902388e-01, 4.6614284048432869e-01,
       5.7012533098526341e-01, -6.9026111138393340e-02,
       1.4189005088066443e+02, 7.0011263141584381e+00,
       -3.8304197987468527e+01, -1.5885834839699159e+01,
       -9.3723921108901518e+00, 1.4994151839140459e+01,
       -4.4067108935515931e+00, -4.8940106389782194e+00,
       -3.2587020862818399e+00, 4.2794804387404289e-01,
       1.5857796383215275e+01, 4.2559179883293865e+01,
       5.0238714541267671e+00, -3.2188765598442451e+01,
       9.8795652151669593e+00, -9.4531660035271052e+00,
       -3.5918751429904581e+00, -1.4455114445966317e+00,
       -4.8225800880129208e+00, -2.1738441360104326e+00,
       1.6129461546131754e+01, 1.5236846311176311e+02,
       1.9303091268206532e-01, -8.5390772635691249e+01,
       1.5472017847937298e+01, 1.5250066855277996e+01,
       -6.3325780734938220e-01, 2.2872062796650967e+00,
       1.7763705546429096e+00, 4.0462184895419473e-01,
       -3.7798114499066912e+01, -1.4779441964587710e+01,
       2.8863704142756507e+01, 2.2579768456572744e+01,
       2.1704378401950425e+01, -5.6291020260307381e+00,
       -8.3476768823727596e+00, -6.7833777061772853e+00,
       -4.8268388811161111e+00, 1.4881415790267101e+00,
       2.9193039554565235e+01, 4.9518535051676622e+01,
       -8.2292090451693269e+00, -4.3920435328907217e+01,
       -4.1199925232520629e+00, -2.3095599642351750e+01,
       3.0681148158536242e+00, 1.5243657276852614e+00,
       3.0913057661729072e-02, 6.5706810164473842e-02,
       8.4643571472482890e+01, 1.4003086466708368e+01,
       -2.5082166741477277e+01, -2.9650817011538273e+01,
       -2.9278559305285977e+01, -1.6737862700206112e+01,
       4.7875921645248404e-01, -1.2484067098574501e+00,
       6.7295220040487153e-03, -8.1859929232190681e-02,
       -1.8825704076300300e+02, 1.3799052598913253e+01,
       3.5539261806297269e+01, -7.1197043086511291e+00,
       -3.8182474296258140e+00, 3.8000345924425800e+00,
       -3.0178212754168392e+00, -6.6165904171273917e+00,
       -2.5743421376890856e+00, 9.3433996849264067e-01,
       -1.9625850682225973e+02, -1.1503518966582940e+01,
       4.4292369844309306e+01, 9.4512739973651438e+00,
       -1.0331756308374457e+01, 2.5143520704311650e+00,
       2.6360020531459755e-01, 1.0017346752290304e+00,
       4.9568590648488436e-01, -1.2429849181174324e-01,
       5.6053558996025714e+01, 1.4983526679801548e+01,
       -2.3528366615791665e+01, -4.3245368376579130e+00,
       1.5677208905813199e+01, 3.0861353763374733e+00,
       1.0608545178063762e+00, 1.6446372152704725e+00,
       4.7460214137891099e-01, -2.7341267108925614e-02,
       4.8783282280102924e+01, 1.1328338864093970e+01,
       5.2502199574838571e+00, -1.9672227372287068e+00,
       1.6046559741982620e+01, -1.0952799186349613e+00,
       2.9364748962442483e-01, 4.3701828818452254e-01,
       3.3328222417999875e-01, 3.0037024350247601e-02,
       3.2713566881874648e+01, -9.7507296902995080e+01,
       -9.3783957899216865e+00, 6.9533583406578515e+01,
       -4.1893825331105861e+00, -1.5203198004191261e+00,
       2.1036037035277122e+00, -3.8785123117879283e-01,
       -9.1577860797888738e-02, -1.4726698339830033e-01,
       -1.4898222530111130e+02, -1.0299696951279130e+02,
       2.7419144572382230e+01, 6.6441785480286399e+01,
       -1.9688773847848381e+01, 6.7432438902582870e-01,
       -1.9835676441661290e-01, -1.4255655364222053e+00,
       1.0142437678752780e+00, -4.3884346831977100e-01 ]
