%YAML:1.0
means: !!opencv-matrix
   rows: 12
   cols: 11
   dt: d
   data: [ -1.5630592409270085e+02, 8.6547432797734885e+01,
       1.8674868734136911e+01, -4.6626615848833517e+01,
       -1.3571166919457065e+01, -6.1856758910483682e+00,
       -3.9083985982071140e-01, -4.8077093501494139e-01,
       6.4493791548807633e-01, -6.9881650051991082e-02,
       4.2683142341512659e-02, 4.5095191152213289e+01,
       4.6173701396718116e+01, -9.3282883500454794e+00,
       -2.3774660547459490e+01, -7.8594517128846031e-01,
       -8.8503641729724123e+00, -9.4343330857266725e+00,
       4.4203495902499551e-01, 6.8535613135529880e+00,
       1.5584601784789065e+00, 5.2858027154859627e-02,
       1.7170042774578218e+02, 1.0825349798255955e+01,
       -4.4536715228936139e+01, 1.2469549639984603e+01,
       -1.0516217919439487e+01, -8.7807874055232880e+00,
       -6.1737108958628428e-01, -2.1112619268704846e-01,
       -9.1745755136137563e-01, -3.3138220473143729e-02,
       6.3957915012974736e-02, 1.9847383135602986e+01,
       -1.0962440572708763e+02, 5.5628826728395380e+00,
       4.4197520202270120e+01, -2.0712747745044768e+00,
       -1.3414840203140393e+01, -3.9130890586751299e-01,
       -1.6664920861982375e+00, -1.6301719106753700e+00,
       7.1158802204636507e-01, -2.1088889668792107e-01,
       -1.7664803338628380e+02, -9.4778048329660152e+01,
       4.7265385914801321e+01, 3.1727322263864906e+01,
       -2.6292756551631438e+01, 2.6675484820721923e-01,
       -2.9166901588609053e+00, -7.8476104325183565e-02,
       6.5512584522768702e-02, 2.0243251034392579e-01,
       3.6998221190175908e-02, 6.4041636255255430e+00,
       -8.5204360910440840e+01, 2.1143732674463345e+00,
       1.5788742204712523e+01, 6.6060916034742281e+00,
       -1.5789578744477373e+01, -2.9366051765749202e+00,
       2.3868272533401900e+00, 4.6479632780221456e+00,
       -2.2120719430045637e+00, -1.0426779327911785e-01,
       3.6446539570010348e+00, -1.4180861801016452e+01,
       4.8266487526021091e+00, 1.2368607048847547e+01,
       9.9825054229392283e+00, 1.2902692974097546e+01,
       1.8280137851216078e+00, -3.2736857092449462e-01,
       -8.5409219345276330e-02, -1.4404462123463674e-01,
       -7.9158126970488685e-02, -1.5803463203313220e+02,
       7.4446352231366548e+00, 3.9253079774931521e+01,
       -1.3153297091294036e+01, -1.5093127287731785e+00,
       7.0295964903497365e-01, 6.6917788985933202e-01,
       1.2348378712687815e+00, -1.0049458059734830e+00,
       -3.8947760646597385e-02, -4.1278925779949495e-02,
       5.0017557182067250e+01, 1.2486662754994612e+02,
       -3.0483421058817765e+01, -4.5358406173141923e+01,
       -8.5868834463530650e+00, 2.4230433227717896e+00,
       1.6902275429182971e+00, 5.5891339825916896e-02,
       -2.6755589530865165e-01, -1.1914886313359649e-01,
       6.4305590158193787e-02, 9.9379544750339008e+01,
       -4.3990868533007692e+01, -2.2011775999708547e+01,
       3.6908457834648260e+01, -2.7544935632608006e+01,
       2.3397317665276404e+01, 1.0854082104329799e+00,
       1.2857701380259752e+00, 4.8992038437702623e-01,
       3.0106644378048386e-02, 1.4501004002549886e-01,
       6.4330251904906547e+01, -1.4010130819136169e+01,
       -9.2914968008795675e+00, 5.9115656480210435e+00,
       1.6866950672168148e+01, -3.8848219020916690e+00,
       2.0623832046793017e-01, -4.7432613329842560e-01,
       -5.5605393136441350e-01, 1.1825387328149373e-01,
       2.7556596164238667e-02, -2.9407388993618174e+01,
       9.8871193194273062e+01, -5.8553528182849401e+00,
       -4.9627635309795984e+01, 6.9766167967894086e+00,
       8.1854137217832357e-01, 1.6985012689961811e+00,
       -3.5659021412977615e-01, -2.5235110508596392e-01,
       -2.7182690918453878e-03, 2.6449131559850757e-02 ]
covs: !!opencv-matrix
   rows: 132
   cols: 11
   dt: d
   data: [ 6.0558844994881465e+03, 1.1629342883752952e+03,
       2.5782382475036288e+03, -1.2614593253075811e+03,
       -2.3308822035280218e+02, 1.1764971085162891e+02,
       8.5205512773970270e+01, 9.3755334774612606e+00,
       -3.9330550927026607e+01, -8.5221432283142491e+00,
       1.7279487926441948e+00, 1.1629342883752950e+03,
       8.3931684369003742e+03, 2.6697535940260229e+02,
       1.9929436052617077e+03, -4.2309405745681693e+02,
       1.8139923478077864e+02, -5.3045431187538114e+01,
       -7.5566114903598631e+00, -8.7102659540329583e+01,
       -3.0898779497842330e+01, 5.2274650434942043e+00,
       2.5782382475036288e+03, 2.6697535940260218e+02,
       2.6310900050344180e+03, 5.5425945476174668e+01,
       2.2631081034677880e+00, -6.7875338271124377e+01,
       -1.3455526356761990e+01, -3.5732073402190561e+00,
       7.3401011947790202e+00, 4.2084853981602244e+00,
       -2.7414595388964152e-01, -1.2614593253075811e+03,
       1.9929436052617082e+03, 5.5425945476174689e+01,
       1.8193091041145008e+03, 1.0647469446487158e+02,
       -1.1428308943428655e+02, 1.8714031245675223e+01,
       6.8842988141828663e+00, 2.4959902486833137e+01,
       3.1353819508882430e+00, -7.1462603813419801e-01,
       -2.3308822035280218e+02, -4.2309405745681693e+02,
       2.2631081034677880e+00, 1.0647469446487155e+02,
       1.5172675569460441e+02, -2.0863405234911443e+01,
       -6.0880140897424635e+00, 6.9286733451848024e+00,
       1.7951801427241875e+01, 4.3947111954502045e+00,
       -1.7595922722800350e+00, 1.1764971085162891e+02,
       1.8139923478077864e+02, -6.7875338271124377e+01,
       -1.1428308943428655e+02, -2.0863405234911436e+01,
       7.0857534280013894e+01, -1.4300351323849089e+01,
       -2.1039194220889939e+00, -1.1106650528651304e+01,
       -2.4009809695381077e+00, 3.1526137451900138e-01,
       8.5205512773970270e+01, -5.3045431187538114e+01,
       -1.3455526356761990e+01, 1.8714031245675223e+01,
       -6.0880140897424617e+00, -1.4300351323849089e+01,
       2.4120387673054680e+01, 1.0394479522382407e+00,
       1.5682666326993855e+00, -1.3229908952521702e-01,
       1.0402379538573031e-01, 9.3755334774612589e+00,
       -7.5566114903598622e+00, -3.5732073402190574e+00,
       6.8842988141828663e+00, 6.9286733451848024e+00,
       -2.1039194220889939e+00, 1.0394479522382403e+00,
       1.6140641256825148e+01, -9.5145467163322994e-01,
       4.9901427772327805e-01, -3.1730078915062727e-03,
       -3.9330550927026614e+01, -8.7102659540329583e+01,
       7.3401011947790202e+00, 2.4959902486833137e+01,
       1.7951801427241875e+01, -1.1106650528651302e+01,
       1.5682666326993855e+00, -9.5145467163322994e-01,
       4.3434383932619705e+00, 8.3000193906813902e-01,
       -2.4241489637530539e-01, -8.5221432283142526e+00,
       -3.0898779497842330e+01, 4.2084853981602262e+00,
       3.1353819508882430e+00, 4.3947111954502045e+00,
       -2.4009809695381077e+00, -1.3229908952521702e-01,
       4.9901427772327805e-01, 8.3000193906813902e-01,
       6.4665336337861135e-01, -4.8960606783608897e-02,
       1.7279487926441948e+00, 5.2274650434942043e+00,
       -2.7414595388964158e-01, -7.1462603813419823e-01,
       -1.7595922722800350e+00, 3.1526137451900138e-01,
       1.0402379538573032e-01, -3.1730078915062736e-03,
       -2.4241489637530539e-01, -4.8960606783608897e-02,
       2.5304368804195586e-02, 9.4482115382560951e+03,
       -1.7610128804495687e+03, 1.8724808789610474e+03,
       -3.6201483073921985e+01, -6.8056023799613706e+02,
       -3.0084507240672406e+02, -2.3539227587346602e+02,
       2.5081168573819422e+01, 6.8470703187313404e+01,
       -1.5359337800312156e+01, -6.8306681543115220e+00,
       -1.7610128804495689e+03, 8.6179990945514492e+03,
       1.4763645782200542e+03, 1.8695874467445431e+03,
       4.8474821421852914e+02, 2.2539096844517007e+02,
       -1.6876123330883917e+02, 6.7674155164690617e+01,
       -2.6693720263198259e+01, -5.6852113943271014e+01,
       1.3659609271590147e+00, 1.8724808789610474e+03,
       1.4763645782200542e+03, 2.9953919294118996e+03,
       -2.4289749491192660e+02, 1.8940814437930044e+02,
