%YAML:1.0
means: !!opencv-matrix
   rows: 32
   cols: 1
   dt: d
   data: [ 1.0676259415662912e+02, -1.2984512413901942e+02,
       6.0132020716768764e-01, -2.7806953414531898e+02,
       2.4363551474623225e+02, -5.3366251055937219e+01,
       1.7694368959432344e+02, -2.2921152266920549e+02,
       4.7058876480775837e+01, -7.2190035979625705e+01,
       -1.6751497838020572e+02, 7.7033164775004792e+01,
       1.9563890711410883e+02, 1.5813973499310998e+02,
       -3.3896917132168838e+01, -3.3936934270516542e+02,
       1.4031298675785914e+02, 2.7526723005417119e+02,
       -9.1980281912881765e+01, -1.4859979659872349e+02,
       -1.8786891647684692e+02, -1.5902131009933543e+01,
       1.2264624193645628e+02, -1.1089387519257781e+02,
       3.1345729296251754e+01, -2.5273396482412326e+02,
       6.2487033987202750e+01, -3.0737466685437062e+02,
       9.2008922204754469e+01, -2.0877881962917417e+02,
       1.5783776824212167e+01, 2.1799951419985655e+02 ]
covs: !!opencv-matrix
   rows: 32
   cols: 1
   dt: d
   data: [ 5.8217349644086219e+01, 8.7660585167539253e+01,
       6.8844563302895452e+01, 1.8370841037118473e+02,
       2.0556342504567695e+02, 8.9900439904369776e+01,
       8.6646427934949841e+01, 1.2713450554643218e+02,
       5.4117198599771200e+01, 8.7864120025989450e+01,
       1.0878870864257017e+02, 5.6420860781155774e+01,
       8.0527140981026051e+01, 8.3633855872743737e+01,
       8.3197524112427217e+01, 6.8653334819051463e+02,
       7.5538791422581568e+01, 5.5712017548914798e+02,
       8.2492458760482720e+01, 9.5252294108675514e+01,
       1.0814649912124662e+02, 7.2053292223824357e+01,
       6.4803545893689176e+01, 8.0753135248666922e+01,
       6.0066052903456736e+01, 1.4987479655407975e+02,
       5.4477408029208007e+01, 2.8149728519672016e+02,
       5.4486691751731144e+01, 1.1219998923204541e+02,
       6.3449338449184893e+01, 1.1192586517449129e+02 ]
weights: !!opencv-matrix
   rows: 1
   cols: 32
   dt: d
   data: [ 4.1727052392445806e-02, 3.0583719142376901e-02,
       4.2387068848979671e-02, 1.4535931837744152e-02,
       1.3792929529513153e-02, 4.1183699337578122e-02,
       2.9333187453593933e-02, 2.0111344919621021e-02,
       4.7470557270108231e-02, 4.0561909283863974e-02,
       2.4812196702889502e-02, 4.4613598418689594e-02,
       2.2570595083344348e-02, 3.5871618595015753e-02,
       4.5301757733039988e-02, 5.6906986794740570e-03,
       3.8044286727133413e-02, 8.4220099929853496e-03,
       3.8185286552271575e-02, 2.8146809592921155e-02,
       2.4350658345110049e-02, 4.5773731707614430e-02,
       4.0600269932508967e-02, 3.3826208319807843e-02,
       4.4247867261599891e-02, 1.7749349868738277e-02,
       4.4904110940467513e-02, 9.8509464201919396e-03,
       4.2769063252884494e-02, 2.1297365025118441e-02,
       4.3685206356790400e-02, 1.7598964475565738e-02 ]
pca_proj: !!opencv-matrix
   rows: 1
   cols: 21
   dt: f
   data: [ 4.36961316e-02, 8.50134730e-01, 1.73015636e-04,
       6.54514134e-02, 4.60692108e-01, 2.29939164e-04, 7.67599978e-03,
       1.46649793e-01, -1.37564148e-05, 1.21663406e-03, 1.30500361e-01,
       -5.45994153e-05, 8.06188770e-03, 1.42052382e-01, -2.12945142e-05,
       -2.45414903e-05, 9.56867734e-06, -1.94090262e-06, 3.13729906e-05,
       4.34020360e-04, 2.32224409e-07 ]
pca_mean: !!opencv-matrix
   rows: 1
   cols: 21
   dt: f
   data: [ 2.07625534e+02, 2.55653595e+02, 1.54502928e+00,
       2.18915131e+02, 2.60592743e+02, 1.67241716e+00, 2.65274475e+02,
       2.24016678e+02, 1.71669352e+00, 3.19420807e+02, 1.63929108e+02,
       1.75046074e+00, 3.16613464e+02, 2.25532654e+02, 1.70717156e+00,
       1.08872897e-04, -9.74175637e-05, 6.24380555e-05, -2.17504916e-04,
       -2.50119597e-01, 1.75055194e+00 ]
gamma: !!opencv-matrix
   rows: 32
   cols: 1
   dt: d
   data: [ 8.1794923528972729e-01, 8.3129513786357501e-01,
       7.7234531335927037e-01, 8.9528864125391994e-01,
       8.8529760374031474e-01, 7.8713941947592292e-01,
       8.5701845173445379e-01, 8.7881943900546233e-01,
       7.8382988697881972e-01, 7.9706588609788065e-01,
       8.5196912753700560e-01, 7.9994771886691829e-01,
       8.6544595929488566e-01, 8.4763354642650546e-01,
       7.7875871422446930e-01, 9.1365858067517824e-01,
       8.3791931112095641e-01, 8.9807280577824355e-01,
       8.0857562745975919e-01, 8.4191991878073769e-01,
       8.6163992341691431e-01, 7.7372203841238862e-01,
       8.2759237611131553e-01, 8.1996468002963152e-01,
       7.7769401561722806e-01, 8.8722085875544821e-01,
       7.9163086361826163e-01, 9.0384780497497053e-01,
       8.0888366205855533e-01, 8.7070576448334225e-01,
       7.7370070649447609e-01, 8.7503017567527452e-01 ]
