%YAML:1.0
means: !!opencv-matrix
   rows: 27
   cols: 9
   dt: d
   data: [ -1.1569387469510874e+01, 1.0121189524329052e+01,
       -6.8820493654701920e+01, -5.6253832047288643e+00,
       1.3594862218693576e+01, -3.1539546239544483e+00,
       -8.7445395763533149e-02, 1.4842722176874226e+00,
       5.3068182558156896e-01, -2.1275530070035444e+02,
       1.0015718329324147e+02, 4.9398264948837976e+01,
       -4.9778216329622900e+01, -2.0566513152994077e+01,
       2.9252004140406896e+01, -5.2645807363036479e+00,
       2.7123805057639028e+00, 1.0655293338180534e+00,
       1.6312443295414730e+02, 2.2214422110053068e+01,
       -4.2401574990616858e+01, -2.6012068305744656e+01,
       -1.1840551693562656e+01, 9.6814103639136597e+00,
       1.5607130435838830e+00, -2.3201559165459495e+00,
       -9.4957791369895161e-01, -1.7314943209278024e+02,
       7.1383278201273853e+01, 3.7157654817960307e+01,
       -4.5218953484655309e+01, -2.0914641366285995e+01,
       -7.7887944639771234e-01, -5.7605969787615097e-01,
       1.4011111145129032e+00, 4.0360657772831005e-01,
       -1.4864419881718297e+02, -1.0331598476555912e+02,
       2.7521106130896055e+01, 6.6462689931487503e+01,
       -1.9663456421815102e+01, 6.2921202238862350e-01,
       -2.0895120623357086e-01, -1.4372489419638126e+00,
       1.0212752961925262e+00, 8.4146729724415550e+01,
       2.2237547058305790e+01, -2.1855598479948213e+01,
       -3.3831675212325116e+01, -1.6068328173557319e+01,
       -1.7621886024570525e+01, 1.3500231969318282e+00,
       -4.5206712764238499e-01, 2.8258218771683413e-01,
       -1.0033227611161108e+01, -3.6949517989613496e+00,
       1.4147242932356193e+01, 7.9354735667437888e+00,
       3.2281023384717713e+01, -5.3562948404729960e-01,
       5.6109434095486710e-01, 1.4132949951407078e-01,
       4.7706733686950731e-01, 5.3658444051058218e+01,
       5.1875746872255789e+01, 4.9861079635391992e+00,
       -2.8972483653679806e+01, 2.4567962945121824e+01,
       -2.7074196102075430e+00, 9.1528351917076534e-01,
       1.6135442860587605e+00, 3.6038083814498367e-01,
       8.2342861063229265e+01, 1.7202311535439417e+01,
       -2.2854041695295660e+01, -3.2096146657986807e+01,
       -2.6022921527337100e+01, -1.9952175238638286e+01,
       1.0892668094805509e+00, -2.4950231346923410e+00,
       2.0644257826570936e-01, -1.4133576495641088e+02,
       -1.9492085305676646e+01, 3.7186261895095541e+01,
       1.9930199216108633e+01, -1.8712851441990355e+00,
       9.5750562792540883e+00, 8.3001146564338568e-01,
       2.0621116712464569e+00, 6.3477339092775709e-01,
       -3.3687713955932601e+01, 4.5089829552353002e+01,
       1.7360385223133122e+01, -2.2427495528076545e+01,
       2.2708566509874739e+01, -1.1124578571663141e+01,
       -3.9246954390575075e+00, -4.5643333740912428e+00,
       -4.8434955654423542e+00, 9.6831392328780822e+01,
       3.1845674988161449e-01, -1.1003637332116243e+01,
       1.0982336727534378e+01, 8.9011407618581355e+00,
       7.4120769967567579e+00, 8.1874878849476562e-01,
       1.5878068458168537e+00, 2.3203964260242521e-01,
       -6.2713054863198387e+01, 3.1622547740942657e+01,
       2.2753611291730071e+01, -2.6105412544328260e+01,
       2.1344400584402070e+01, -1.7380458780096031e+01,
       2.5114941463967835e+00, 6.4483727600835511e-02,
       1.8159077990124978e-01, 5.4662155376937342e+01,
       1.6247013482513140e+00, 1.8160818547745996e+00,
       -1.0537348985505712e+01, 3.3246708193922676e+00,
       -1.2387977382003694e+00, -6.3876807414668280e+00,
       -3.2826664106822436e+00, -5.1468376824644384e+00,
       8.6062566289940378e+01, -5.9511179047830929e+01,
       -2.5217199491490657e+01, 3.8872544648680794e+01,
       1.2961088775646874e+00, 1.2320256380154024e+01,
       -2.9035780742303918e-01, 7.0795028459481657e-01,
       5.7718656371408739e-01, 2.9773881642428385e+01,
       -9.8477792276788932e+01, -9.3514207805546707e+00,
       6.9977532153617460e+01, -4.3519030822592164e+00,
       -1.7627844884990502e+00, 2.1405272113051446e+00,
       -3.8903738910541119e-01, -9.4844849681888055e-02,
       8.5522388650543974e+01, -5.7097813836650928e+01,
       -2.3691170048772676e+01, 3.2394327513203194e+01,
       -1.0296693125276821e+01, 6.5252190846320133e+00,
       -6.0867105980125946e-01, 2.9932203689622700e-01,
       4.9815234596497521e-01, -6.6434429740100967e+01,
       1.7698985641868031e+01, 1.8691218958060421e+01,
       -1.4135149699240758e+01, 3.4883646791824687e+00,
       8.3286032876896350e+00, -4.3787029476718979e+00,
       -2.2386975509343570e+00, -3.8488831033030740e-01,
       -1.8878294014292970e+02, 1.4351359469447017e+01,
       3.5508287055469886e+01, -7.2953338356938806e+00,
       -3.8660468275914259e+00, 3.9300978061499405e+00,
       -3.0154811391596446e+00, -6.6103221819950111e+00,
       -2.5838935980384310e+00, 3.6442986252448470e+00,
       1.5583545442971429e+01, 9.5454363858715006e+00,
       -1.1370235063294052e+01, -8.0447357696451665e+00,
       -9.0692618820010757e+00, 2.6863348242630227e+00,
       1.8578802581339644e+00, 1.1390373743142360e-01,
       1.3482852179276441e+02, 4.0115052156166023e+01,
       -3.7984173735784957e+01, -1.1550758693920242e+01,
       -2.1991311246511791e+00, 1.6877325710705563e+01,
       -3.3712272005113579e+00, 1.9161253140987071e+00,
       3.9744098172043862e-01, -4.9512024462726728e+01,
       -3.0086481453954381e+01, 3.5603715504425168e+01,
       5.0650255830055151e+01, 1.8519090183655894e+01,
       -1.2423139050217054e+01, -1.2095200817911961e+01,
       -4.8522911797777386e+00, -4.9998864440952788e+00,
       1.4283132859982487e+02, 6.4949392164899784e+00,
       -2.8639875948784656e+01, 1.7799047326782896e-01,
       -8.9806510535074064e+00, 2.2788353619379585e+01,
       -1.4774785405264513e+01, -7.2163034323781234e+00,
       -6.5042703396707102e+00, -1.9983828649171690e+02,
       -1.1515925446906124e+01, 4.4502745571374106e+01,
       1.0364567578391203e+01, -1.1086153497670242e+01,
       3.2297759230594938e+00, 1.7126457023804700e-01,
       1.0163238895796629e+00, 5.1092130886494735e-01,
       2.4348179469986530e+01, 1.5544259353065797e+02,
       6.5212355108607470e-02, -8.5491367649596242e+01,
       1.7302512154685374e+01, 1.5158442835343948e+01,
       -8.9602744584644206e-02, 2.5415694679839373e+00,
       1.9273866160308841e+00, 1.5176608735328202e+02,
       -4.7537449132928007e+00, -4.1184219797382070e+01,
       8.1893406327739910e+00, -6.4067311951484909e+00,
       1.2254950228555412e+01, -3.9315398312454958e-01,
       1.4547445364625604e+00, 7.2324361724591960e-02,
       -6.1684785242470134e+01, -8.1560308941561743e+01,
       1.6991036931101664e+01, 4.9944366655026485e+01,
       7.2360020502538998e+00, -4.4806487761378202e+00,
       2.0172167422462923e+00, -2.8875937939057783e-01,
       2.0962243016896118e-01 ]
