%YAML:1.0
means: !!opencv-matrix
   rows: 28
   cols: 10
   dt: d
   data: [ 9.7280127817658439e+01, 4.0867182726788798e+01,
       -2.5380561146625375e+01, -3.9246322228860762e+01,
       -7.2369126063813152e+00, -1.4454942426269787e+01,
       2.2314713642003081e+00, 3.6660532069073937e-01,
       5.5045430562737330e-01, -4.7993767875638658e-02,
       -1.6871703403355849e+02, 3.8409229846549245e+01,
       3.9016077746229399e+01, -2.6233251445224944e+01,
       -9.5482687121033560e+00, -6.1927739766771666e+00,
       1.3470180675270109e+00, 1.4870165626126797e+00,
       5.0630553523925226e-01, -1.8319034162923699e-03,
       8.4237425977547147e+01, -5.6026549190049877e+01,
       -3.1462945476717515e+01, 3.0252694143381582e+01,
       -9.5160571959465337e+00, 7.0124474348111656e+00,
       -4.8326821432144790e-01, 5.7004196170769184e-01,
       4.5569753954046011e-01, -6.1462719428611534e-02,
       -1.7491550568800653e+02, 9.9508902839291679e+01,
       4.6860738611730262e+01, -4.0932899050780726e+01,
       -1.3726612655975870e+01, 3.5570942071241134e+01,
       -5.3121714192055700e+00, 3.2541124291750365e+00,
       8.9628816180475712e-01, -3.4006796066009759e-02,
       7.4287938829771406e+01, 4.1862702563866861e+01,
       -1.5438057111951862e+01, -3.5066440675965026e+01,
       2.2370689643896612e-02, -1.3609627483211058e+01,
       1.1196751473838811e+00, 1.2912636352133242e+00,
       -4.7648914040334084e-02, -2.4672308276985907e-02,
       1.6190603509019371e+02, 2.9663043991510392e+01,
       -3.9364670809653632e+01, -1.2072821639627968e+01,
       -1.0555600244159379e+01, 2.6683836753485375e+00,
       1.1236142349911200e+00, 2.2194997909436367e+00,
       7.4378032636560065e-01, 1.8468515607279026e-01,
       -4.3576822305851508e+01, 2.9337178263373985e+01,
       2.2197685611399063e+01, -2.4023344495112429e+01,
       2.6511427049591337e+01, -1.5628262251023321e+01,
       2.4433577185213791e+00, 2.0069215628298764e-01,
       1.8505658831469410e-01, 1.1673576362633015e-01,
       -1.8866755037628445e+02, 1.3257159554126980e+01,
       3.5368100935322190e+01, -6.6868250072643081e+00,
       -3.7936134821083161e+00, 4.0426515100758316e+00,
       -3.0121376656502421e+00, -6.6260059178088504e+00,
       -2.5706693875913955e+00, 9.2614601711226341e-01,
       -3.1381095652123498e+01, 8.5066836722709394e-01,
       -5.8489511683174321e+01, 5.5942376133213859e-02,
       2.0581600499707815e+01, -2.6159960393605877e+00,
       -4.6106596834080460e-01, 9.2137164336740518e-01,
       5.0376530965806654e-01, -1.4628137433446603e-01,
       1.4365572665242399e+02, 3.1050420453291643e+01,
       -3.9034212861651874e+01, -7.5075134990712868e+00,
       -3.0996099264950820e+00, 1.4747160413061666e+01,
       -2.3013017415433090e+00, 1.8288164095872876e+00,
       4.4913859375315995e-01, 2.9317553528500157e-01,
       1.0323574650398940e+02, 6.7984018222969231e+00,
       4.3393496587540234e+01, 1.6632924936763676e+01,
       1.2480963053341863e+01, 1.8824458078766877e+00,
       8.0223382997321110e-03, 7.7861601826520288e-01,
       3.8971434156059936e-01, 7.8023106058731709e-02,
       -1.4869106420384037e+02, -1.0323586029688569e+02,
       2.7361873095038124e+01, 6.6591041558735995e+01,
       -1.9800390102311344e+01, 7.2887120279858264e-01,
       -2.2330676044468395e-01, -1.4516093096697966e+00,
       1.0252687993512406e+00, -4.4799116540084666e-01,
       1.4792889915427540e+02, -7.6694456247982208e+00,
       -4.1118305769486341e+01, 7.7957076270397589e+00,
       -6.2170149261152989e+00, 1.3171759424472141e+01,
       -5.7095451777887585e-01, 1.3790278631639892e+00,
       -3.9588014972837406e-02, -1.3080645876821501e-01,
       -1.9863333453000322e+02, 9.0253190192458447e+01,
       3.8620586741270735e+01, -5.1392916509133038e+01,
       -2.5957458457493455e+01, 1.1552711367235995e+01,
       -3.3734390078326060e+00, 1.1567637804393704e+00,
       7.8356123338860395e-01, -4.1125808316883346e-02,
       1.1926206904470490e+02, -5.3679324740162855e+00,
       -2.0532284656017037e+01, 1.0051678603202845e+01,
       -2.1479838357197476e+00, 2.2766910276367621e+01,
       -1.4428724607594443e+01, -7.3647806176919746e+00,
       -6.3364384618960141e+00, 2.5174453031679560e+00,
       -2.8507141949204286e+01, -1.2814593409571831e+01,
       3.0115815933143232e+01, 3.0032748541741380e+01,
       2.6944700934707363e+01, -7.5453819511379470e+00,
       -1.0136366004415702e+01, -6.3353100956385893e+00,
       -5.4820561169404778e+00, 1.3951386293791619e+00,
       -5.6557709342451119e+01, -8.3478099403732529e+01,
       1.6639786498791985e+01, 5.1061070641532041e+01,
       7.5412020351005475e+00, -3.8805070981693235e+00,
       1.8491190953238410e+00, -4.9583926713820980e-01,
       2.3720622777293510e-01, 1.5987842467196554e-02,
       -6.9658062495416118e+01, 9.9810450195813573e+01,
       2.1335577366704989e+01, -6.2254069010747827e+01,
       9.4712429092049077e-01, 1.1325926449249184e+01,
       -4.7762100803503813e+00, -2.3164537251485711e+00,
       -4.8259855478531710e-01, 7.0553014716025708e-02,
       8.1572993413891211e+01, 1.5734395085109746e+01,
       -2.3828365708604927e+01, -3.2630690499720089e+01,
       -2.6438436514357896e+01, -1.9849208292800874e+01,
       9.4444305128962669e-01, -2.4117082164387798e+00,
       2.0864641616339524e-01, -3.1341911409345571e-02,
       3.3928933082044523e+01, -9.7313645899128915e+01,
       -9.8242274210655651e+00, 6.9201336648332884e+01,
       -4.2091503250046216e+00, -1.3934885013930021e+00,
       2.0913132508096846e+00, -3.8943985810952408e-01,
       -8.2416555841493405e-02, -1.5042494370787329e-01,
       3.4904476691418942e+01, 8.8583163557157647e+00,
       5.3865877360219985e-02, 3.0915448243093130e-01,
       2.5644724741850428e+01, 4.5529213178317320e+00,
       1.3444923296061317e+00, 9.6004843987925581e-01,
       3.4101192563087984e-01, 1.0145623053747868e-02,
       3.4364811534936578e+01, 1.4780260701333128e+02,
       -2.0451237704946692e+00, -8.0609417215438540e+01,
       2.0715145582359451e+01, 9.7428523111018475e+00,
       9.1201745929219824e-01, 2.4839597636132984e+00,
       1.9034951661960164e+00, 6.7432738000150694e-01,
       -1.8627617736911074e+02, -3.0851804392676250e+01,
       4.3895283730036986e+01, 2.1105895382795385e+01,
       -8.5831398206763616e+00, 1.5038730011598260e+00,
       6.1164909159897662e-01, 9.4489701951143945e-01,
       3.5533785018144409e-01, -1.4721306922912827e-01,
       1.6184358144950389e+02, 2.6951969732376153e+01,
       -4.3915058672944802e+01, -3.4832884015109514e+01,
       -9.6388519043976615e+00, 1.2606204914193972e+01,
       6.4933283259451191e-01, -3.8036503071174956e+00,
       -1.7156257778568669e+00, -3.0123851156812548e-01,
       9.2364354340707550e+01, -5.3071665601938797e+01,
       -2.9630517490682731e+01, 3.5188930598211620e+01,
       1.1967917444795833e+00, 1.3037915022934003e+01,
       -3.0788521962690879e-01, 1.1219491479940831e+00,
       6.2186106012987619e-01, 9.1211119666418011e-02,
       2.6405019323911940e+01, 3.0986817478928078e+01,
       3.6130902991827254e+00, -2.5311049441775069e+01,
       8.0185788842303793e+00, -6.4994826795610336e+00,
       -4.3651440531603134e+00, -1.7875932296790062e+00,
       -5.0097466194757887e+00, -2.1119152290839041e+00,
       -8.7048797750792346e+00, 1.7323838558364059e+01,
       3.9755082320546582e+00, -1.4153733241473489e+01,
       -1.0171975579240208e+01, -6.8684798463936749e+00,
       2.3366077759338242e+00, 1.5354271829459525e+00,
       3.4092000663705641e-01, -4.4050517713345366e-02,
       -1.2504636146144784e+02, -4.9204629947076747e+01,
       2.1793694501094009e+01, 3.0959626710908672e+01,
       5.5976358962577566e-01, 4.5300067968813051e+00,
       1.2449081760118352e+00, 9.3551652129710761e-01,
       2.6676500956476445e-01, 4.0114440597942488e-02 ]
