%YAML:1.0
means: !!opencv-matrix
   rows: 35
   cols: 7
   dt: d
   data: [ 6.5693513711444524e+01, 1.1020288379687848e+02,
       -1.2038614031180723e+01, 2.3821681210327050e+01,
       -2.3390296084784614e+00, -1.0431207602096482e+01,
       7.1749947151832283e-01, -1.8594424302066258e+02,
       -3.8378270830114239e+01, 4.1638970855312266e+01,
       2.6171040255231585e+01, -8.8048279616731850e+00,
       1.8296162173089463e+00, 7.6718816892606279e-01,
       -2.2248920391910705e+01, -1.4612913877575265e+01,
       2.3543219202983188e+01, 2.3811043143441065e+01,
       3.3248955192757748e+01, 4.3856249665304964e-01,
       -6.4414669257848489e+00, 1.0430428045990253e+01,
       1.5882349600294441e+02, -1.1171120317163019e+00,
       -8.6716821900009819e+01, 1.5902496362651640e+01,
       1.7266234781891484e+01, -6.1441368478729241e-01,
       -2.3184629383003461e+01, -7.0170617338219543e+01,
       1.0436719355748698e+01, -2.9269499518931443e+01,
       2.2225569436138649e+01, -8.7417716630425382e+00,
       2.5621330252276717e+00, 2.7953236534295304e+01,
       2.1495419700544009e+01, -6.7232415305397936e+01,
       -3.2615889605290086e+01, -2.3657004128459821e+01,
       -2.0340654481189091e+01, 1.2922431665302654e+00,
       -1.2138539960867745e+02, -8.1342110159534585e+01,
       -3.3741866724268561e+01, 4.9167606559667171e+01,
       1.0080085162306306e+01, -4.0985835189392708e+00,
       1.9834732218146114e+00, 1.6648028189445960e+00,
       3.3281738205543633e+01, 1.2464609258587986e+01,
       -2.0374044233231473e+01, 3.8676795759484513e+01,
       -4.6458167154156307e+00, 1.7146382696122884e+00,
       -1.4137601909287133e+02, 6.1994919015502106e+01,
       3.4154805224496563e+01, -3.9639275134635973e+01,
       -9.9956235722512652e+00, -1.2113199882216446e+01,
       6.9329911541059419e-01, 1.1583121937860031e+02,
       -4.3460408883151402e+01, -3.4232068689928575e+01,
       3.3411673850397712e+01, -3.4228936837398076e+00,
       1.3292619545229520e+01, -7.8210798406645965e-02,
       -1.9403017632018212e+01, 6.5199977823321476e+01,
       3.2104123204386883e+00, 3.7865407681861114e+01,
       2.3172531083728387e+01, -7.7933556834755207e+00,
       1.6810399639061142e+00, 7.7538722191247160e+01,
       -5.5076329781891324e+01, -3.5497458370894741e+01,
       3.1941767761786025e+01, -8.9370707498211583e+00,
       6.1158736779342906e+00, -5.8891962548706456e-01,
       -1.7949689638046695e+02, 1.4577507453921633e+01,
       2.6421093496993741e+01, -8.9498318245971156e+00,
       4.9705498592481315e-02, -4.2041073600569341e+00,
       -9.4609918554341998e-01, -8.3887975680479734e+00,
       -9.1371946900920690e+01, 5.3137903056569002e+01,
       4.7706609442723945e+01, 6.9181958138985848e+00,
       -3.6298964845921620e+00, 1.7832078737322878e+00,
       2.1729356140628289e+02, -1.1151709666778784e+00,
       8.2449931828382326e+00, 3.9189985256931215e-01,
       -7.3939316622599671e+00, 1.1014275192551624e+01,
       -1.2000880233924143e+00, 1.2917287614124365e+02,
       2.7466450450126491e+01, -2.9107170525412410e+01,
       -1.3628530747990920e+01, -5.2739328001108863e+00,
       1.9775448072699128e+01, -9.1164920286301481e+00,
       3.1992199696220982e+01, 9.1613360245834610e+00,
       -3.3165403352448152e+01, -2.2246616124573713e+00,
       1.8520595223582692e+01, 5.4305564563696302e+00,
       4.0648478666823584e-01, 1.3135096682105987e+02,
       8.9709880806465154e+00, 5.4731979754533327e+01,
       -5.5428811570806449e+00, 1.6255973299329110e+01,
       2.6168830211723280e+00, -2.7621806859245729e-02,
       -2.2087975026780913e+02, 8.8412800673885855e+01,
       4.7131738586489313e+01, -4.3318691044050951e+01,
       -1.8615722894874121e+01, 2.4700980867094394e+01,
       -3.7211655610158894e+00, -1.8460234471269385e+02,
       7.9618075502811919e+01, 3.2098195431873002e+01,
       -5.4589276334874704e+01, -2.7970147064800162e+01,
       3.1294955334909536e+00, -2.0052887352917321e+00,
       5.4346053921734686e+01, -6.2885553865598347e+01,
       -1.5791566755234197e+01, 4.1144945140547719e+01,
       9.0034092724529788e+00, 1.2515153343607711e+01,
       -7.8493405979354280e-01, -1.4799458898515621e+02,
       1.9009102291839145e+01, 8.4632304130414184e+01,
       -1.1293781363942230e+01, -1.2699554619146168e+01,
       3.2289046973097575e+00, 3.0795124209095671e-02,
       -1.4877273155164860e+02, -1.0407191166572174e+02,
       2.7287410127943012e+01, 6.6606161491957764e+01,
       -1.9881184118942539e+01, 7.2164382649856029e-01,
       -2.5506796762688322e-01, 5.1067379256272517e+01,
       1.1348972806880152e+01, -1.2795829859822234e+01,
       -2.6090449169122543e+01, -1.9229654582924278e+00,
       -2.5148822244819478e+00, 1.8231377794723458e-01,
       1.3077975859746340e+02, 1.4411645633922980e+01,
       1.6348050189770007e+01, -3.2624250766870404e+01,
       -2.7068255816711314e+01, -1.9852994466179105e+01,
       1.0458144578311626e+00, -1.6854485164513744e+02,
       -1.9483222458000892e+01, 3.6629147081468943e+01,
       1.1323085537783813e+01, -4.7359940595994283e+00,
       2.2494088965511448e+01, -1.2950670700184339e+00,
       -1.6574589779766819e+02, 1.2265932881156898e+02,
       3.3685417772957251e+01, -7.1508390879923425e+01,
       -2.7048459440984114e+01, 1.7222479522749992e+01,
       -1.1323155519926978e+01, 3.6813905771489380e-01,
       5.3406556180584325e+01, 4.5395788669173642e+00,
       -4.3617990614524494e+01, 1.1079829597587301e+01,
       -1.5555264381920209e+01, -6.7288052748454685e-01,
       1.4614111784884767e+02, 1.4879441194274081e+01,
       -5.6404006472850114e+01, -8.4574659821894205e+00,
       -6.4910214566768154e+00, 1.2922771214350835e+01,
       8.0198774724167671e-02, -7.3944884131811875e+01,
       2.8100725522379676e+01, 2.3155761548099953e+01,
       -2.0122601290522191e+01, 2.0818397018755917e+01,
       -1.6502219988959268e+01, 2.3870969662987789e+00,
       -1.3499118690317798e+02, -1.8595351237502143e+01,
       2.7948234286618305e+01, 6.3909155875216868e+01,
       -1.8102374516871438e+00, 3.4230587709777356e+00,
       1.0757246738495183e+00, 1.4398389457964672e+02,
       3.2931809814781133e+01, -4.9853405034242662e+01,
       -2.3605551941762197e+01, -1.1947721279483606e+01,
       2.2078199599958745e+00, 2.2414503340023626e+00,
       7.8836076277176318e+01, 1.1075788451297353e+01,
       -2.4402155759962287e+01, -3.2108276657431389e+01,
       -2.9343856578610627e+01, -1.5507249216505189e+01,
       4.0224313588805871e-01, 3.0452293836503195e+01,
       -9.9926290798371454e+01, -1.1258474782702031e+01,
       6.8408305295907013e+01, -4.6511679106434700e+00,
       -1.4667532071252796e+00, 2.1362953913351763e+00,
       9.1182984037581917e+01, -3.4685911310464988e+01,
       -1.0119218662738019e+01, 2.6390108888661082e+01,
       3.1104794232392741e+00, 2.2164839871919842e+01,
       -1.1322849136006557e+01 ]
