%YAML:1.0
means: !!opencv-matrix
   rows: 37
   cols: 5
   dt: d
   data: [ 2.2182036028658499e+02, 2.5655475374423190e+01,
       2.8076321369724376e+01, -1.8650228600546974e+01,
       -7.8962683784862717e+00, 3.4652620296402880e+01,
       1.0567225524515887e+02, -1.3757495366174302e+01,
       -5.4187143031023567e+01, 9.0894733557934391e+00,
       1.3336544960174078e+02, -1.4962036577859982e+02,
       3.0408600253169883e+01, 1.4449079788417027e+01,
       -4.9627705101021000e+00, 2.6114020910275137e+01,
       -6.4723868374676172e+01, -3.9993744237909965e+01,
       5.9161052978653139e+01, -6.2290404041226290e+00,
       -2.7262463023159160e+02, 1.2790319343270884e+01,
       -7.5983300941600280e+00, -6.5297986841409369e+01,
       -1.0118155460146552e+01, -1.1182934753149016e+02,
       -1.1679503767872664e+02, -4.8220929505850599e+01,
       3.4161594622256970e+01, 1.2604250454237199e+01,
       -1.7069433694965116e+02, -6.3571046262959911e+01,
       5.0281779861240118e+01, -3.0322717486847424e+01,
       -5.5931658456246849e+00, 8.4353844408242153e+01,
       1.8055109189662595e+01, -2.1826169342371383e+01,
       -3.1577318374952043e+01, -2.6213538516190720e+01,
       -8.7664391400295116e+01, 5.5513034685685916e+01,
       9.4300483219292744e+01, 2.2935026972442632e+01,
       -5.0892364066904916e+00, 1.4915618625844587e+01,
       3.9383296056491687e+01, -7.9179399525948909e+01,
       -2.6363858890241534e+01, -1.7957705271827120e+01,
       1.8308024603354366e+02, -5.1140124309334531e+01,
       -1.6883339537827049e+00, -1.2667076337088835e+01,
       -6.7149284069936419e+00, -1.1278603331832316e+02,
       4.7172395667796408e+01, 3.6585339877748105e+01,
       -3.1093439682027057e+01, -1.8737351472115216e+00,
       -1.1753541668602246e+02, 2.2329770213557005e+01,
       -3.6173568797101964e+01, -1.2575194704142719e+01,
       3.2312289390664716e+01, -2.2207888636406440e+02,
       -1.1334728712594044e+02, -1.6304110244447450e+01,
       1.8544973046997701e+01, -3.6325740364490899e+00,
       1.5574919126752167e+02, -1.6680990748223188e+01,
       3.7776605532056870e+01, 6.5341161513038870e+01,
       -8.3864940715589515e+00, 4.0189129974211262e+01,
       -1.5771880652381811e+00, -8.8759843700081291e+01,
       1.8963823423826952e+01, 7.6350366044893703e-01,
       1.6390283231348855e+02, 8.1141377351614651e+01,
       -2.3740649843412097e+01, 3.7774864201140829e+01,
       -7.6486342165699854e+00, 1.0318672887106979e+02,
       -8.5111979246447987e+01, -5.6152786193873965e+01,
       -2.6233248192309805e+01, -1.6845574612742709e+00,
       -3.3073147110799333e+01, -3.6274741344779621e+01,
       -9.0133647481863621e-01, -2.7384094098187145e+01,
       1.4139605807138000e+01, -1.3868450809585974e+02,
       -1.0063059433816831e+02, 3.1874137116143366e+01,
       6.8694120100647581e+01, -1.9274911743259771e+01,
       2.3598440462281619e+01, -1.4572536032850041e+02,
       -2.4100624755322418e+01, -1.0936278575240650e+01,
       1.0340534755084592e+01, 1.3698075531360532e+01,
       9.5934610008849234e+01, 2.4189605803317182e+01,
       2.8371301162278847e+01, 1.5534972166495569e+01,
       -1.4436359086520483e+02, 7.7304489746806425e+01,
       8.5683632727526046e+01, -4.8528438284047112e+01,
       -2.1453102586314781e+01, 8.8644741611106653e+01,
       1.6671269806986171e+01, 1.0431022049182863e+01,
       -3.4838976120846443e-01, 1.5159029853346235e+01,
       -2.1655152491326379e+02, 8.0981051890372783e+01,
       1.7405271068772681e+01, 2.4001518161126512e+01,
       -7.9387467660340825e+00, -5.5834865356104011e+01,
       -1.5981473126374860e+02, 6.6334805043943433e+01,
       1.2342933752273451e+01, 6.3179368385462309e-01,
       -2.5438020796320092e+02, 8.5756203206415805e+01,
       -1.3221492096525225e+00, -4.7276177082428326e+01,
       -2.4477991926297506e+01, 6.6031323082028223e+01,
       -3.7814163496511881e+01, -2.2380227881083037e+01,
       -7.2208420704531562e+01, 1.0530658733036975e+00,
       -2.9249115969668786e+01, -4.6543487145161727e+01,
       4.4316355129100479e+01, 5.5548669272622938e+01,
       8.3677416325049876e+00, 7.2756896672183728e+00,
       4.2486468698220293e+01, 1.9131189060925255e+01,
       -3.2946807252695223e+01, 3.6783000109948055e+01,
       6.2830454263880100e+01, 1.1358645815259499e+02,
       -1.1359585907550834e+01, 4.5567703705305838e+01,
       1.2360895249347129e+01, 1.2968835812582429e+02,
       1.3468159311899859e+01, 2.7689912890872797e+00,
       -2.1369264974725709e+01, -2.6478041519451342e+01,
       9.4800780594069479e+01, -2.8108052785918666e+01,
       7.1143448759688980e+01, -5.7781422471702246e+00,
       1.4793949251283552e+01, -4.2622730829142775e+01,
       1.8238929256563327e+02, 6.5089532614495917e+00,
       -1.0758189186848657e+02, -6.3214856055443809e+00,
       -2.9934777864871652e+01, 4.8072576399627536e+01,
       -5.7808465627628294e+01, -1.6283355637428635e+01,
       2.5503033120315475e+01, -1.2753150715686181e+02,
       2.3728686735312273e+01, -2.3887805431579675e+01,
       7.8221351493920295e+01, 8.0722542844596212e+00,
       1.3662908806686326e+02, 2.2283139605707024e+01,
       -6.4991898237164420e+01, -1.5125581657336552e+01,
       -6.6060325233459718e+00 ]
