%YAML:1.0
means: !!opencv-matrix
   rows: 16
   cols: 1
   dt: d
   data: [ -5.7756535862557939e+01, 1.3706162382830502e+02,
       -1.7012074325264160e+02, 7.2829323200178507e+01,
       4.2285838389506722e+01, 1.7460884835381782e+02,
       -2.6203018019857012e+02, -1.2913467821241844e+02,
       9.5476440163660570e+00, -9.2359334513785399e+01,
       2.6991163688375275e+02, -3.0701766162197964e+02,
       2.1810448348797499e+02, -2.3985398931698587e+01,
       -2.1428331304341336e+02, 1.0455084365217884e+02 ]
covs: !!opencv-matrix
   rows: 16
   cols: 1
   dt: d
   data: [ 2.8830428836718329e+02, 3.6570374019482085e+02,
       4.4372081056128417e+02, 2.4176457967146735e+02,
       2.3989906638846608e+02, 4.7869048821242268e+02,
       6.7370292123018999e+02, 3.4219749910577247e+02,
       2.4534120010663722e+02, 2.8878219307531521e+02,
       1.3828718243699200e+03, 1.1738034085418788e+03,
       7.2040312208009709e+02, 2.7633544324132333e+02,
       5.1317786298029000e+02, 2.7280050518994113e+02 ]
weights: !!opencv-matrix
   rows: 1
   cols: 16
   dt: d
   data: [ 8.3202711694007059e-02, 6.8986363113256732e-02,
       5.2545581409409001e-02, 8.5458002863731564e-02,
       9.0689096414095532e-02, 5.8966475032176002e-02,
       2.8885793011889035e-02, 6.4122052316785610e-02,
       9.4354430020168370e-02, 8.0043559436014530e-02,
       2.2919659557076973e-02, 1.5988538776733362e-02,
       3.7170536702797845e-02, 8.7248938819089461e-02,
       4.5628673338381089e-02, 8.3789587494362022e-02 ]
pca_proj: !!opencv-matrix
   rows: 1
   cols: 21
   dt: f
   data: [ 1.02604255e-02, 8.46533298e-01, 5.67100069e-05,
       -5.08859605e-02, 4.68450844e-01, 1.89823491e-04, -5.55210514e-03,
       1.46431834e-01, -1.98076777e-05, -7.31809530e-03, 1.34976640e-01,
       -4.80776835e-05, -6.69380091e-03, 1.46460637e-01, -1.57161594e-05,
       2.11501210e-05, 1.32904761e-05, -3.16381829e-07, -1.62182951e-05,
       4.47223283e-04, 4.04881848e-06 ]
pca_mean: !!opencv-matrix
   rows: 1
   cols: 21
   dt: f
   data: [ 4.33646118e+02, 2.44701981e+02, 1.49672687e+00,
       4.18191803e+02, 2.60206879e+02, 1.62062907e+00, 3.68545319e+02,
       2.27059875e+02, 1.69770968e+00, 3.19420807e+02, 1.63929108e+02,
       1.75046074e+00, 3.16613464e+02, 2.25532654e+02, 1.70717156e+00,
       1.08872897e-04, -9.74175637e-05, 6.24380555e-05, -2.17504916e-04,
       -2.50119597e-01, 1.75055194e+00 ]
gamma: !!opencv-matrix
   rows: 16
   cols: 1
   dt: d
   data: [ 7.8694589850794017e-01, 8.3433675450649136e-01,
       8.5208269544292736e-01, 7.9426827227291485e-01,
       7.7887155380261164e-01, 8.5519043653951010e-01,
       8.8990235907918891e-01, 8.2891705679828287e-01,
       7.7010884893066878e-01, 8.0624719439536785e-01,
       8.9830846848469414e-01, 9.0550666096133536e-01,
       8.7617324716173783e-01, 7.7353160825463008e-01,
       8.7202400292315130e-01, 8.1373648720641167e-01 ]
