%YAML:1.0
means: !!opencv-matrix
   rows: 5
   cols: 18
   dt: d
   data: [ 1.4138247723157565e+02, -9.9701033698557193e+00,
       -3.5646703899069351e+01, 2.2242397853097600e+01,
       -1.7208707386991389e+01, 5.8602739399714778e+00,
       -1.0505169614083361e-01, 5.3555540075773733e-01,
       -2.7537034023285967e-01, 2.2384152211388994e-03,
       1.1387560376010035e-01, -8.1445103343399938e-03,
       -8.1412150626754146e-04, 3.2420937057859624e-03,
       -4.7086173489579979e-03, -5.5812920130860868e-03,
       -1.9490009902529437e-03, -3.1003296564229440e-03,
       -1.5911188608868602e+02, -3.3421688540298845e+01,
       4.0447028794353081e+01, 3.8080544784365351e+00,
       -9.3526387862689404e+00, -4.4190419658239477e-01,
       -4.2337727894540933e-01, 6.2269146897544680e-01,
       -5.4856341749505888e-01, 2.3686443359763939e-02,
       -2.4487370771617258e-02, -4.4984943942498988e-03,
       2.1255111270354755e-03, 1.7959886278095362e-03,
       -4.5271012072238105e-03, -5.2971049378259362e-03,
       -3.8414636407338958e-04, -4.1269022447702161e-04,
       1.7417092870224284e+01, -6.1305622665535459e+01,
       1.7287404162315436e+00, 1.9364331858167837e+01,
       3.6305903302752802e-02, -8.6029536078877520e+00,
       -3.8461204523207515e+00, 2.6409960068354926e-01,
       3.2272701603425911e+00, 2.6888941556904276e-02,
       -6.5741481484055328e-02, -3.4672645003781671e-02,
       -1.5332580854073722e-02, 9.3604590870169889e-03,
       -1.5349436124126979e-02, 3.0798943520909022e-04,
       3.2250506502284749e-03, 7.8753094584027017e-03,
       3.6808235370944345e+01, -8.1352053662016797e+00,
       -2.4518602273405739e+00, 5.3184007712995163e+00,
       1.8684321292594088e+01, 1.4807780844140652e+00,
       9.7715662082841703e-01, -4.9088636298527444e-01,
       -3.6279780430871184e-01, 5.5545858714790709e-02,
       1.0807478944280885e-02, 1.9919255332367866e-02,
       2.5316017176969883e-03, -8.2150789987979270e-03,
       1.7747522341785137e-02, 1.8392193681265789e-03,
       5.5788046999815234e-04, -1.5051231322583880e-03,
       -1.4239276929548117e+01, 9.1310315648964149e+01,
       -1.1714559436167976e+01, -4.0788006234902284e+01,
       -8.6363310870943000e+00, -1.3449349300918754e+00,
       1.1497093554135873e+00, -3.7748776328769484e-01,
       -5.2284112420587814e-01, -1.2463982268972899e-01,
       -4.0228347501205478e-02, -2.5342809485037515e-03,
       3.2539557889255709e-03, 4.0749823610231805e-03,
       -1.2250162308999174e-02, 6.2866689569547191e-03,
       -1.0415021943602867e-03, 5.1118364396571410e-04 ]
covs: !!opencv-matrix
   rows: 90
   cols: 18
   dt: d
   data: [ 6.5514371400321170e+03, 4.2629916319791130e+02,
       2.4481060067892827e+03, -1.0400963343909089e+03,
       2.0055369476678345e+02, -4.9780321750974184e+02,
       -9.0843692043739338e+01, -1.4760220005393332e+01,
       -5.1092551818108269e+01, -6.9654314844326592e-01,
       -4.5734279384268213e+00, -6.4094486432824205e-01,
       2.1597532315899448e-01, 2.8440204106927164e-01,
       -4.9044388428972424e-01, -1.4646694182081565e-01,
       -1.2365014940613572e-01, 1.2498976156241716e-01,
       4.2629916319791124e+02, 7.3527516130062459e+03,
       5.4817892065471870e+02, 2.0041097842662291e+03,
       2.0234943281705515e+02, -3.5251038522494019e+02,
       -6.3912221157667531e+01, -2.9180676081221854e+01,
       -1.5049549556130462e+01, -1.2144764261235231e+01,
       -1.1566895962642527e+00, -6.4861617644073983e-03,
       -2.8553421751979524e-03, 1.2783994109578775e-01,
       -8.6069153923064501e-01, -2.8363027758591064e-01,
       -1.1027019069641648e-01, -1.7164407292370043e-01,
       2.4481060067892827e+03, 5.4817892065471858e+02,
       2.6645585680749864e+03, -3.1425464886297082e+01,
       -1.7761067074366525e+02, 8.0431207190177147e+01,
       2.0726440464051603e+01, 8.8478104383105389e+00,
       5.9570938288470892e+00, 4.4499302016538138e+00,
       9.6902651915103466e-01, -6.2701882462167124e-02,
       8.7634817802417039e-02, -8.6278983803848214e-02,
       3.5131047954007372e-01, 9.8748867808700104e-03,
       2.9950003426630824e-02, -3.9492038026610228e-02,
       -1.0400963343909089e+03, 2.0041097842662293e+03,
       -3.1425464886297089e+01, 2.0942541745175304e+03,
       -2.5867429972886008e+01, 2.8466145624765787e+01,
       -2.8463369660694839e+00, 8.8130435034565462e+00,
       2.7047918887937019e+00, -1.9890454395034123e+00,
       7.4232686357240574e-01, 2.6794858358105728e-01,
       -2.9123675450534497e-02, -2.3261127718628041e-01,
       3.2073279021824125e-01, 1.1577120343856120e-01,
       5.3595946122705927e-02, 1.4181972966824044e-01,
       2.0055369476678339e+02, 2.0234943281705517e+02,
       -1.7761067074366528e+02, -2.5867429972886008e+01,
       1.0206411092298815e+02, -1.3822575408212612e+02,
       -1.1469952003073942e+01, 6.3645661392215147e-01,
       -7.0715581945515256e+00, 8.0387365216136331e-01,
       3.0489844729694748e-01, -9.6752641754721563e-02,
       1.4128631570141532e-02, 6.8164575383592482e-02,
       -1.8281962668940308e-01, -3.1580858663712887e-02,
       -3.7575484357232576e-02, 1.6158566646445171e-02,
       -4.9780321750974178e+02, -3.5251038522494014e+02,
       8.0431207190177162e+01, 2.8466145624765797e+01,
       -1.3822575408212612e+02, 3.0151935201999106e+02,
       -3.6846793481004489e+00, 4.1404189681689765e+00,
       8.4487297855226196e+00, -1.9907203825848794e+00,
       -2.9820530594269512e-01, 1.3548096989327473e-02,
       -2.5731090334832622e-02, -8.8500968618630438e-02,
       2.7302531344541370e-01, 9.2404669049692828e-02,
       7.0884981518077483e-02, 2.9959820371452158e-04,
       -9.0843692043739310e+01, -6.3912221157667553e+01,
       2.0726440464051603e+01, -2.8463369660694839e+00,
       -1.1469952003073946e+01, -3.6846793481004481e+00,
       2.5751602493206818e+01, -4.8092332962811801e-01,
       3.7995453595960136e+00, -1.1382743144215514e-01,
       -6.0692649289541829e-02, 4.4121063651777058e-02,
       -2.5447386144008370e-02, 8.8806003011005353e-04,
       1.5740710548295039e-02, 1.3724244883616182e-02,
       3.9689438869304526e-03, 6.2827285584777810e-03,
       -1.4760220005393332e+01, -2.9180676081221854e+01,
       8.8478104383105425e+00, 8.8130435034565426e+00,
       6.3645661392215203e-01, 4.1404189681689765e+00,
       -4.8092332962811812e-01, 1.6356112385336772e+01,
       -6.4748784962586037e-01, 7.5603624485626753e-01,
       -7.1078744246194661e-02, 6.5353259745079958e-03,
       -2.1645777203440179e-03, 5.6551647961797123e-03,
       8.3651040051030724e-03, -8.6725518838506425e-03,
       -4.5604025398733789e-04, -1.5877743837444433e-02,
       -5.1092551818108269e+01, -1.5049549556130462e+01,
       5.9570938288470892e+00, 2.7047918887937019e+00,
       -7.0715581945515256e+00, 8.4487297855226196e+00,
       3.7995453595960136e+00, -6.4748784962586037e-01,
       1.4665662634380845e+00, 3.7624659762830519e-02,
       4.4584547147775488e-02, 1.6605291481812643e-02,
       1.5059900630529100e-02, -2.2940946537376382e-03,
       9.8961928287676602e-03, 2.0824308509751499e-03,
       1.5186453590904307e-03, -3.1673977822572505e-03,
       -6.9654314844326570e-01, -1.2144764261235231e+01,
       4.4499302016538138e+00, -1.9890454395034107e+00,
       8.0387365216136308e-01, -1.9907203825848796e+00,
       -1.1382743144215515e-01, 7.5603624485626786e-01,
       3.7624659762830519e-02, 3.6808340499265518e-01,
       4.4415166100408306e-02, -2.4213892264946689e-03,
       3.9329360930520224e-03, -8.9190742339555970e-03,
       -1.3375892730906162e-03, -1.8506422129974771e-03,
       -1.8346347037862779e-04, -1.6417558554403374e-03,
       -4.5734279384268213e+00, -1.1566895962642536e+00,
       9.6902651915103466e-01, 7.4232686357240574e-01,
       3.0489844729694759e-01, -2.9820530594269512e-01,
       -6.0692649289541829e-02, -7.1078744246194689e-02,
       4.4584547147775488e-02, 4.4415166100408292e-02,
