%YAML:1.0
means: !!opencv-matrix
   rows: 10
   cols: 5
   dt: d
   data: [ 4.9119157239953537e+01, 9.5398213127697346e+01,
       -6.9866034518090192e+00, 1.7691340052942479e+01,
       1.8042136117248695e+01, 8.2325222931575325e+01,
       1.6096617269974125e+01, -2.3860003951180854e+01,
       -3.2116937760582289e+01, -2.6168805327817363e+01,
       -6.6240398754152750e+01, 1.6640156719366697e+01,
       2.3673627134558334e+01, -1.6508605800590018e+01,
       2.1366804025099423e+01, -2.1509079017925608e+01,
       -4.8404410973128634e+01, 8.5388280778852756e+00,
       6.6780309104825136e+01, 5.6941619894194453e+00,
       -1.5002994378288699e+02, -7.2161028783151295e+01,
       3.2278629773269572e+01, 4.5318723094065312e+01,
       -8.7380429463973215e+00, 1.4052324243774021e+02,
       -2.5116105365080113e+01, -3.7805029068794255e+01,
       -2.0892675312356555e+01, -5.3274776353259385e+00,
       2.1315514593629491e+01, 2.3867901214843545e+01,
       2.2691709443007015e+00, -3.8461428709772129e+01,
       9.8392896663173559e+00, 3.5083452384456784e+01,
       -1.2770195978790007e+02, -1.1391589333324594e+01,
       7.8807910607991021e+00, 8.2365697787295939e+00,
       1.1668704461512863e+02, 3.2073774484475521e+01,
       -2.9752132654250882e+01, 5.1699595128731680e+01,
       -7.4350461441803688e+00, -1.9790760559463280e+02,
       6.3304874915378292e+01, 3.9802389789742790e+01,
       -3.6987009668192705e+01, -1.7558686723222060e+01 ]
covs: !!opencv-matrix
   rows: 50
   cols: 5
   dt: d
   data: [ 5.9859917514772415e+03, -9.8896961892745253e+01,
       2.4569741172011204e+03, -8.7865837523811024e+01,
       -6.1468398119087169e+02, -9.8896961892745253e+01,
       5.4503164411407442e+03, 1.3936093795495731e+02,
       -1.5879338856961997e+03, 1.4277775478195306e+02,
       2.4569741172011204e+03, 1.3936093795495742e+02,
       2.6857339949852881e+03, -1.3585719293244290e+02,
       9.4040301816850956e+01, -8.7865837523811052e+01,
       -1.5879338856961997e+03, -1.3585719293244287e+02,
       1.6830486631623439e+03, -6.0324642198919086e+01,
       -6.1468398119087180e+02, 1.4277775478195306e+02,
       9.4040301816850942e+01, -6.0324642198919079e+01,
       2.1798516096407724e+02, 4.0799131228950150e+03,
       8.4982278061323328e+01, 3.0654810553868706e+03,
       1.4937271703206355e+02, -1.0315788554777517e+02,
       8.4982278061323328e+01, 5.6002896689399886e+03,
       -4.6926924167839886e+01, 2.4631525832218149e+03,
       -3.7545546821107045e+01, 3.0654810553868706e+03,
       -4.6926924167839850e+01, 2.5702727541334625e+03,
       2.8625791802518286e+01, -8.1597710707051363e+01,
       1.4937271703206358e+02, 2.4631525832218149e+03,
       2.8625791802518297e+01, 1.1732033816327967e+03,
       -6.1355404216741960e+01, -1.0315788554777517e+02,
       -3.7545546821107031e+01, -8.1597710707051377e+01,
       -6.1355404216741960e+01, 3.7157134044335493e+01,
       7.2336318174737544e+03, -1.4869619266016323e+02,
       2.3786269739511090e+03, -2.3496004232538263e+02,
       7.9222518050627400e+02, -1.4869619266016321e+02,
       6.2439081042192747e+03, -8.5707772890512572e+01,
       1.8277726864548310e+03, -2.1752284710647862e+02,
       2.3786269739511090e+03, -8.5707772890512601e+01,
       2.6467840559530505e+03, 4.7341478963795424e+01,
       -3.3388749687697526e+02, -2.3496004232538263e+02,
       1.8277726864548315e+03, 4.7341478963795446e+01,
       1.3941312183004004e+03, -7.7346391868902074e+01,
       7.9222518050627389e+02, -2.1752284710647862e+02,
       -3.3388749687697526e+02, -7.7346391868902060e+01,
       3.4759381956698121e+02, 5.8202863647353188e+03,
       -3.5282988940659368e+02, 2.7549744704028117e+03,
       3.4997381587277278e+02, -2.7288771566248352e+02,
       -3.5282988940659368e+02, 4.7695738068379669e+03,
       2.3619507431220796e+02, 1.1886587356029772e+03,
       2.0896274550160877e+02, 2.7549744704028121e+03,
       2.3619507431220796e+02, 2.7069726066586804e+03,
       -2.1483904434846127e+02, 5.7323856801675667e+01,
       3.4997381587277278e+02, 1.1886587356029775e+03,
       -2.1483904434846124e+02, 9.6263111630029562e+02,
       -1.0132357676425963e+02, -2.7288771566248357e+02,
       2.0896274550160877e+02, 5.7323856801675653e+01,
       -1.0132357676425966e+02, 1.5449031941861486e+02,
       6.3392394644643373e+03, -6.1752420684439232e+02,
       2.9073537505763102e+03, 5.0413213695184510e+02,
       4.4861928822438792e+01, -6.1752420684439232e+02,
       7.4810083527693050e+03, 2.2736464306539537e+02,
       1.5815354427002858e+03, 2.8645025294624762e+01,
       2.9073537505763102e+03, 2.2736464306539528e+02,
       2.5161264571105999e+03, -1.3031983521886676e+02,
       -5.2823797768743475e+01, 5.0413213695184493e+02,
       1.5815354427002858e+03, -1.3031983521886676e+02,
       1.5046649943665204e+03, -1.4601024068572121e+02,
       4.4861928822438770e+01, 2.8645025294624752e+01,
       -5.2823797768743468e+01, -1.4601024068572121e+02,
       1.1257086174395613e+02, 4.8941186939330673e+03,
       -1.8005269998497025e+02, 2.8524727335833213e+03,
       3.7329181999135739e+00, -1.5459536313883945e+02,
       -1.8005269998497022e+02, 5.2017391364432160e+03,
       -7.4217485816349196e+01, 8.5587084659838297e+02,
       -3.0320375784931105e+01, 2.8524727335833213e+03,
       -7.4217485816349125e+01, 2.6119727335919856e+03,
       7.0802705542842531e+01, -7.2856898689613814e+01,
       3.7329181999135712e+00, 8.5587084659838331e+02,
       7.0802705542842489e+01, 1.0560133333578603e+03,
       -7.1301909896706182e+00, -1.5459536313883947e+02,
       -3.0320375784931105e+01, -7.2856898689613786e+01,
       -7.1301909896706164e+00, 3.3892846799400310e+01,
       6.0811330576675364e+03, -1.0759043806595475e+03,
       2.6781518611260572e+03, -3.0725847055797413e+01,
       -1.7619389012878866e+01, -1.0759043806595475e+03,
       7.7440598883604034e+03, -2.2558226151539913e+02,
       -1.7515359725104884e+02, -1.0729687847227144e+02,
       2.6781518611260572e+03, -2.2558226151539932e+02,
       2.4798772301972435e+03, 1.1486353981877173e+02,
       9.9434572882777118e+01, -3.0725847055797345e+01,
       -1.7515359725104881e+02, 1.1486353981877173e+02,
       2.2915698178840476e+03, -1.1503665636494922e+02,
       -1.7619389012878873e+01, -1.0729687847227144e+02,
       9.9434572882777090e+01, -1.1503665636494922e+02,
       3.9452879074068971e+02, 7.2556968576683139e+03,
       4.3783085289632851e+02, 2.3336761734942638e+03,
       -1.1125146762502482e+02, -5.1047155500539964e+02,
       4.3783085289632857e+02, 3.7350161821358070e+03,
       -2.0987285225870377e+02, -3.6739725122445179e+02,
       2.7655551486311094e+02, 2.3336761734942643e+03,
       -2.0987285225870383e+02, 2.8761330411026347e+03,
       4.6087114499046798e+01, 1.1212803636458611e+01,
       -1.1125146762502483e+02, -3.6739725122445179e+02,
       4.6087114499046812e+01, 6.7686491193296104e+02,
       -1.4186236285227039e+02, -5.1047155500539964e+02,
       2.7655551486311094e+02, 1.1212803636458624e+01,
       -1.4186236285227042e+02, 2.2202773180919274e+02,
       6.5173485827923623e+03, 2.1024446090853771e+03,
       2.5414201295730913e+03, -8.8516531198484199e+02,
       -1.3387212296857217e+02, 2.1024446090853771e+03,
       4.7798849790339646e+03, -6.8833725411837588e+02,
       -6.5667130693668901e+02, -4.1671584342017731e+01,
       2.5414201295730913e+03, -6.8833725411837577e+02,
       2.7054181971994831e+03, 1.9249812176073385e+02,
       -9.6965515487392992e+01, -8.8516531198484176e+02,
       -6.5667130693668901e+02, 1.9249812176073385e+02,
       1.0524164615179770e+03, 1.6184246744864019e+01,
       -1.3387212296857220e+02, -4.1671584342017731e+01,
       -9.6965515487393020e+01, 1.6184246744864019e+01,
       3.5886546273135302e+01, 5.5556176243159152e+03,
       4.8438079990980634e+02, 3.0804065972449985e+03,
       -8.8005278294725343e+01, -1.0473454427946086e+02,
