%YAML:1.0
means: !!opencv-matrix
   rows: 40
   cols: 2
   dt: d
   data: [ 5.3477759646814121e+01, -2.4568861259782928e+01,
       -2.7644828169360744e+02, 3.0017248250042923e+00,
       -8.1319448883099895e+01, 1.2778068186056814e+02,
       -5.5656630588947841e+01, -2.5911486918267082e+02,
       1.7794805001227417e+02, -1.2286681359693910e+02,
       -1.2264104144013353e+02, -8.0574281603020637e+01,
       1.0198702920997826e+02, 7.0820494457682472e+01,
       4.0116675286560955e+01, -9.6807223972969297e+01,
       1.7034361479569810e+02, -5.0826759970723352e+01,
       -1.3531834254889293e+02, -1.8274384434035835e+00,
       5.4745519756246566e+00, -1.4846471776200755e+02,
       9.3383278008876999e+01, 1.5115266507262953e+02,
       -2.3754746252481780e+01, 6.5990576873469919e+01,
       -1.6267226397623648e+02, -1.3002630014384445e+02,
       -2.0867678004335608e+02, -4.9210806387727587e+01,
       -1.9265647380815938e+02, 4.0400526067655377e+01,
       1.6997136502760819e+02, 3.1206317072205973e+01,
       1.7749165864686705e+02, 1.8083853225128263e+02,
       4.2337223925653667e+01, 2.2144055402775723e+02,
       4.0089929225931321e+01, 9.1820189633373204e+01,
       2.5067832783374968e+02, 5.3855699527748229e+01,
       -2.5715654841874914e+02, 1.0310417806120580e+02,
       -6.1502577466911575e+01, -3.0083331950264585e+00,
       -2.2712277845879822e+02, -1.9486102509998739e+02,
       7.8668838778642680e-01, -3.0420595184068418e+01,
       -6.8104584752272345e+01, 2.0243289190883607e+02,
       1.6976066864920654e+02, 9.8825852769849462e+01,
       -1.6921973844264841e+02, 1.1422074594485210e+02,
       -1.7394648510623315e+02, 1.9088218966972906e+02,
       1.0119914337074513e+02, -6.3308010055434089e+01,
       1.1204952734612490e+02, 4.1524779971482513e+00,
       2.4517563249603350e+02, -4.5977171404982002e+01,
       7.0897650425245246e+01, -2.2875206940624699e+02,
       3.7646695793156127e+01, 3.2690634733036099e+01,
       5.0709596693806341e-02, 1.5355167670808035e+02,
       -2.6364486900895849e+02, -1.1725298803219955e+02,
       -9.4398195069309779e+01, 5.7054143650269815e+01,
       -8.2250250880580865e+01, -1.4972849133282031e+02,
       1.0101634445527216e+02, -1.4128597633529921e+02,
       -5.5252191449556186e+01, -8.0049883344397259e+01 ]
covs: !!opencv-matrix
   rows: 80
   cols: 2
   dt: d
   data: [ 7.7198934982716196e+02, 5.3650026018120371e+01,
       5.3650026018120364e+01, 1.1425077429912903e+03,
       1.8336743331776404e+03, -3.8361226255193708e+02,
       -3.8361226255193708e+02, 2.5066631800557075e+03,
       1.5545030938974310e+03, -2.3150636984192224e+02,
       -2.3150636984192229e+02, 1.7578848640783519e+03,
       3.3643345400879980e+03, -1.5215870623762048e+03,
       -1.5215870623762048e+03, 4.0689618309917146e+03,
       2.1440610077514893e+03, -1.2978466704563454e+02,
       -1.2978466704563454e+02, 2.0615944250113416e+03,
       1.3189019452955752e+03, 3.1486270961707265e+02,
       3.1486270961707265e+02, 1.6252865762150136e+03,
       9.5899795640887419e+02, -1.8002485122560168e+02,
       -1.8002485122560168e+02, 1.3843020559177344e+03,
       1.3941920915482592e+03, -1.6715970612069165e+02,
       -1.6715970612069160e+02, 1.1545617092531736e+03,
       1.0280481104247087e+03, 2.6366567327631010e+01,
       2.6366567327630996e+01, 1.9429672991526784e+03,
       1.2391158632075974e+03, 1.0758609846941204e+02,
       1.0758609846941206e+02, 1.3071008689716930e+03,
       1.4438465158875015e+03, -2.0655406032401305e+02,
       -2.0655406032401305e+02, 1.8252446027413378e+03,
       2.1195232555558810e+03, -1.3037752354302179e+02,
       -1.3037752354302179e+02, 1.3714162957843037e+03,
       8.3978850220837535e+02, -8.7808628317699032e+01,
       -8.7808628317699061e+01, 1.9133886403601985e+03,
       1.7231606180519441e+03, -3.8958071571839554e+02,
       -3.8958071571839571e+02, 2.2959974101558796e+03,
       1.4316821108478528e+03, 5.1601862585323715e+01,
       5.1601862585323744e+01, 1.7775931606883737e+03,
       1.5145085031487683e+03, 2.9165453768410327e+02,
       2.9165453768410327e+02, 1.2848185407071144e+03,
       1.4523104124488607e+03, -2.1728719496089042e+02,
       -2.1728719496089042e+02, 1.6823149132614667e+03,
       3.7815657943674987e+03, -1.0694909798463964e+03,
       -1.0694909798463966e+03, 2.6939000609172244e+03,
       2.5858008731597115e+03, 5.2575317978006161e+01,
       5.2575317978006147e+01, 2.1510408738633992e+03,
       1.1034602223068941e+03, 4.3413128273234044e+01,
       4.3413128273234044e+01, 1.0035527120282825e+03,
       1.7826360018012049e+03, 3.4907959870148238e+02,
       3.4907959870148238e+02, 2.7872522838903983e+03,
       2.3827179257220091e+03, -9.2061035092680200e+01,
       -9.2061035092680243e+01, 2.6490355811469985e+03,
       1.1499549857643999e+03, 2.2248697781176818e+02,
       2.2248697781176818e+02, 1.3352928170001380e+03,
       3.0720713937995529e+03, -5.4110740355078951e+02,
       -5.4110740355078940e+02, 3.1493464701129119e+03,
       7.5145289359302137e+02, -7.5310990794030928e+01,
       -7.5310990794030914e+01, 1.2473636473557033e+03,
       2.1373603754637743e+03, -2.1739601308770085e+02,
       -2.1739601308770079e+02, 2.6719285613509510e+03,
       1.6772987140665416e+03, -3.4593685741480795e+02,
       -3.4593685741480795e+02, 1.7220140892753584e+03,
       2.0674421460405861e+03, -2.8119619128733493e+01,
       -2.8119619128733511e+01, 1.6134855827500480e+03,
       2.8035289680245928e+03, -3.5079548236487818e+02,
       -3.5079548236487813e+02, 2.4485588513878033e+03,
       8.1065656802500791e+02, -9.8960415815240836e+01,
       -9.8960415815240793e+01, 1.3207656761052135e+03,
       1.1093105462559754e+03, -1.3032723680785034e+02,
       -1.3032723680785034e+02, 1.2446443226259657e+03,
       2.1922876380037424e+03, -5.3874423734525567e+02,
       -5.3874423734525556e+02, 2.7789431804962883e+03,
       2.4851805241700117e+03, -1.1461928910826173e+03,
       -1.1461928910826173e+03, 4.8948732400658455e+03,
       1.2307848928241372e+03, -5.9853090421894546e+00,
       -5.9853090421894564e+00, 8.9344926107106301e+02,
       1.6349575932800597e+03, 3.4744188464951954e+01,
       3.4744188464951954e+01, 1.7984404927532378e+03,
       2.1920919415650114e+03, -8.8265621503064222e+02,
       -8.8265621503064187e+02, 2.9190895624867258e+03,
       1.0548337145054652e+03, 4.5420102708413175e+01,
       4.5420102708413161e+01, 1.2813100828528220e+03,
       1.2053709617550260e+03, -2.0720519423473257e+02,
       -2.0720519423473255e+02, 2.1148556419422821e+03,
       1.7772783156541136e+03, 2.1520000459901240e+02,
       2.1520000459901240e+02, 1.9497183645341686e+03,
       1.3030629452806897e+03, -3.5134088017456281e+02,
       -3.5134088017456281e+02, 1.4995255865397387e+03 ]
weights: !!opencv-matrix
   rows: 1
   cols: 40
   dt: d
   data: [ 3.4243881829225588e-02, 1.5361212127979054e-02,
       2.7087559638628411e-02, 1.0905105874340171e-02,
       2.3114234945283148e-02, 2.4696768839522844e-02,
       3.4853825504709848e-02, 3.6741901331261026e-02,
       2.8797629089371193e-02, 2.7810212598748572e-02,
       2.8220398434538059e-02, 2.5533690790678087e-02,
       4.0288283784241576e-02, 1.5006602132001987e-02,
       2.2866442263601326e-02, 2.3577592309764833e-02,
       2.7132524702592635e-02, 1.1092674967438010e-02,
       1.3653871360201655e-02, 2.8339094457513477e-02,
       1.5422516677639263e-02, 1.1976660562215507e-02,
       4.0741157743924998e-02, 8.9150027019316170e-03,
       3.7100924555535923e-02, 2.0564811462902240e-02,
       1.8936094198365373e-02, 1.9384515207995778e-02,
       1.1166223827676543e-02, 3.2557059183877309e-02,
       3.9722813058772885e-02, 1.9757184086837954e-02,
       1.0794481137739412e-02, 4.4604861097299969e-02,
       2.6646797439658827e-02, 1.5938235349565125e-02,
       3.5913815339462113e-02, 2.4708410289791993e-02,
       3.3256637149388674e-02, 3.2568291947745041e-02 ]
