%YAML:1.0
means: !!opencv-matrix
   rows: 13
   cols: 9
   dt: d
   data: [ -1.3635991119055180e+02, 1.1787618086462534e+02,
       1.2754436387335627e+01, -5.1876630971868735e+01,
       -1.7018629640937949e+01, -1.6099087097657589e+00,
       4.5539662746043397e-01, -3.4326816727834115e-02,
       -6.3865373129789693e-01, 6.8937436438801045e+00,
       -1.5192305039323248e+01, -6.7759908473209638e+00,
       5.1382619165920920e+00, -1.0704465952200982e+01,
       -9.1563458366911252e+00, -2.6606207670987475e-01,
       -3.3188750943499401e-01, -1.3128134816075094e+00,
       -1.5920451395613708e+02, 4.1950833558783550e+01,
       2.7729200867078312e+01, -3.5586980898807127e+01,
       7.9978832067684069e-01, -2.1545363100515176e+00,
       4.4955120005033794e-02, -1.4593694283542905e-01,
       1.7187146955158854e+00, 1.2971708183011830e+02,
       -2.3307065421110991e+01, 4.0472703624695939e+01,
       -6.0158438327641706e-01, 1.4378172353730099e+01,
       -2.2038122442059954e-01, 7.8467837892047490e-02,
       -7.6226978900051867e-01, -5.6444697314189995e-01,
       -3.0006404278732770e+01, -1.8623339921227924e+01,
       1.3931752323506492e+01, 9.0139679802344297e+00,
       2.0140992087643113e+01, 1.4135528195484241e+01,
       1.9099432202227065e+00, -2.8364070710983441e-01,
       1.2938982857104470e-01, 1.6211764390291741e+01,
       1.0680669254405984e+02, -1.9061690102132626e+01,
       -4.7680714135636258e+01, 2.5494783556139355e-01,
       -8.0909830994049781e-01, 1.6881161730327021e+00,
       -4.4776146892853202e-01, -2.5512367484727955e-01,
       3.6474311529282254e+01, 3.1661214731011984e+01,
       -7.3610540904960748e+00, -2.1487757442404131e+01,
       8.0058029462209934e-01, -1.3030549504818612e+01,
       -7.5255480398509373e+00, 2.0125839382123556e+00,
       6.4730624843955313e+00, 9.4759050509486784e+01,
       -4.5303551309486828e+01, -2.1530741194428803e+01,
       3.7647526207457382e+01, -2.8168669436168837e+01,
       2.3483717876178289e+01, 1.2100609318913558e+00,
       1.2460547644876638e+00, 4.8093511391394844e-01,
       -1.7261146228020746e+02, -1.0225825093997882e+02,
       4.6803106810385763e+01, 3.6223062170760677e+01,
       -2.8766612061414410e+01, -2.4064084324234958e-01,
       -3.2752066472535386e+00, -3.2850759819701286e-01,
       8.1430636204656362e-02, 1.6195867198399989e+02,
       1.9994303609773574e+01, -4.5950904835194379e+01,
       9.9089944816820967e+00, -1.0154262755979969e+01,
       -7.8445279322293597e+00, -1.9826492444029015e-01,
       -8.1670288672213709e-02, -8.2729232125045871e-01,
       -1.6694297808131051e+02, -1.0632402128811334e+01,
       4.4143804284630725e+01, -6.2537222745439838e+00,
       -4.7106132427660858e+00, 2.6577794720324599e+00,
       5.8748400718905147e-01, 1.3143737154826975e+00,
       -9.0921863289373239e-01, -1.4235584405299235e+01,
       -1.6122332941042225e+02, 1.7766733809913056e+01,
       5.2650372499217951e+01, 1.3049203026661504e+01,
       -1.3349056205274902e+01, -2.0049461397197117e+00,
       -7.4815267062409252e-01, 1.4223296738632503e+00,
       1.1808413559069178e+01, -2.6094049053005158e+01,
       -3.8051526619333259e+01, 2.1674002693546900e+01,
       2.1768581736398541e+01, -1.6848237366722680e+00,
       6.7260039710473574e-01, -4.4207237980414565e-01,
       -5.2603318593906245e-01 ]
covs: !!opencv-matrix
   rows: 117
   cols: 9
   dt: d
   data: [ 6.1836961413942654e+03, 4.1902560052188454e+02,
       2.6396851838100729e+03, -1.1925881404119045e+03,
       4.9047176297839641e+01, 1.0280940945297058e+02,
       6.9078301520953403e+01, 2.1387262637874681e+01,
       8.7831827764584229e+00, 4.1902560052188454e+02,
       6.1647408755751549e+03, 6.5297447742939698e+02,
       2.3767392426365950e+03, -2.2050165723145829e+00,
       4.6907730588324519e+01, -8.8887065136214872e+01,
       -4.7403104022734098e+01, -1.0404112201464349e+01,
       2.6396851838100729e+03, 6.5297447742939698e+02,
       2.6594452535965520e+03, 1.2052393197421448e+01,
       -8.0646766392544222e+01, -7.4030337560925247e+01,
       -3.1591517386814544e+01, 5.4696233465645134e+00,
       1.2284249258445175e+00, -1.1925881404119045e+03,
       2.3767392426365950e+03, 1.2052393197421448e+01,
       1.7658085266914100e+03, 2.7438755344749691e+01,
       -1.0708355022057337e+02, 2.2243228962170761e+01,
       -5.0766592423870023e+00, 6.2201250529364058e+00,
       4.9047176297839648e+01, -2.2050165723145891e+00,
       -8.0646766392544222e+01, 2.7438755344749712e+01,
       1.0135502525175103e+02, 4.5184883966771210e+01,
       9.2630899656169223e+00, 1.3595777712334000e+01,
       -1.3038149802755312e+00, 1.0280940945297061e+02,
       4.6907730588324519e+01, -7.4030337560925247e+01,
       -1.0708355022057336e+02, 4.5184883966771217e+01,
       5.5544283082023711e+01, -1.2004730003324758e+01,
       1.9654640083204700e+00, -4.1273778922823814e+00,
       6.9078301520953389e+01, -8.8887065136214858e+01,
       -3.1591517386814537e+01, 2.2243228962170768e+01,
       9.2630899656169206e+00, -1.2004730003324759e+01,
       2.4896715262318708e+01, 8.8204202765457851e-01,
       2.7721150215979105e+00, 2.1387262637874681e+01,
       -4.7403104022734084e+01, 5.4696233465645134e+00,
       -5.0766592423870023e+00, 1.3595777712334000e+01,
       1.9654640083204704e+00, 8.8204202765457840e-01,
       1.7891939814131799e+01, -1.3546955958588467e+00,
       8.7831827764584229e+00, -1.0404112201464349e+01,
       1.2284249258445175e+00, 6.2201250529364041e+00,
       -1.3038149802755317e+00, -4.1273778922823814e+00,
       2.7721150215979096e+00, -1.3546955958588467e+00,
       1.2598756295431570e+00, 1.4804044346605744e+04,
       -1.4893845716566727e+03, 6.2141545664390912e+02,
       5.6114118709098807e+02, -6.0009607170226377e+02,
       8.9470788022072873e+02, 6.3601673336748581e+00,
       -9.5723356890020170e+00, 6.1205503923173076e+01,
       -1.4893845716566736e+03, 1.4908754895538586e+04,
       8.0139775879209871e+00, -3.0371062124657868e+02,
       1.0276982625994569e+02, 5.6143020974735043e+02,
       9.9882473112474006e+00, 5.1656561227757045e+01,
       2.4749730936399388e+01, 6.2141545664390912e+02,
       8.0139775879209925e+00, 2.9618875304558351e+03,
       -1.0968855593370822e+02, 6.7726320689288812e+01,
       -3.2064864798627855e+02, -3.2200059032379151e+00,
       -1.1583931573923207e+00, -1.4166452007223505e+01,
       5.6114118709098830e+02, -3.0371062124657874e+02,
       -1.0968855593370819e+02, 2.7012172113119650e+03,
       -8.9535125260017608e+01, -8.8069593297327586e+01,
       6.5674836857171215e+00, -3.6238801790219711e+01,
       3.4367163799030562e+00, -6.0009607170226366e+02,
       1.0276982625994569e+02, 6.7726320689288812e+01,
       -8.9535125260017608e+01, 5.6763672678772537e+01,
       -4.1075504921082576e+01, -9.5416746022509393e+00,
       7.7428096902297838e+00, -3.7149412018763561e+00,
       8.9470788022072873e+02, 5.6143020974735043e+02,
       -3.2064864798627860e+02, -8.8069593297327572e+01,
       -4.1075504921082576e+01, 2.1194194149128734e+02,
       -9.6198872550927987e+00, -3.9054047489688530e+00,
       8.7816381523292311e+00, 6.3601673336748545e+00,
       9.9882473112474059e+00, -3.2200059032379160e+00,
       6.5674836857171242e+00, -9.5416746022509393e+00,
       -9.6198872550927987e+00, 2.2662062781478429e+01,
       8.5656051852077725e-02, 3.4121972761989072e+00,
       -9.5723356890020099e+00, 5.1656561227757031e+01,
       -1.1583931573923212e+00, -3.6238801790219711e+01,
       7.7428096902297838e+00, -3.9054047489688539e+00,
       8.5656051852077614e-02, 1.5693969281164181e+01,
       -1.2378207287797880e+00, 6.1205503923173076e+01,
       2.4749730936399388e+01, -1.4166452007223501e+01,
       3.4367163799030562e+00, -3.7149412018763561e+00,
       8.7816381523292311e+00, 3.4121972761989063e+00,
       -1.2378207287797882e+00, 2.1653682506888376e+00,
       6.3288371390325292e+03, 1.3245677567237751e+03,
