%YAML:1.0
means: !!opencv-matrix
   rows: 41
   cols: 8
   dt: d
   data: [ 3.1307047510757361e+01, 1.4113553978261399e+01,
       -1.4964603160490089e+01, -1.7039462686146333e+01,
       2.8433024912945832e+01, -1.0446620912283706e+01,
       1.1612276493931211e+00, -1.5896553887629199e+00,
       -1.3445271446188900e+02, -5.8682297650667287e+01,
       3.7068246011397214e+01, 3.0642617170956132e+01,
       -1.8135043861679588e+01, 1.8342280683768362e+01,
       8.5076110777618075e-01, 1.1352643004547180e+00,
       4.4683245224374225e+01, 1.3207657540499960e+02,
       -2.9379974958483700e+01, -5.0195635905908787e+01,
       -9.7825924404715607e+00, 2.4130208543109157e+00,
       2.8004614441601370e+00, 1.1645689642245509e+00,
       1.9141130112117712e+00, 9.2010573261732375e+01,
       -1.1376555756930788e+01, -4.1741548495934069e+01,
       1.3954142175659948e+01, -3.4173438997726380e+00,
       1.6206753758527783e+00, 3.2072734221357441e-01,
       8.6978754095696019e+01, 1.1014503823536045e+02,
       2.0617141865847369e+01, -6.3451931835919858e+01,
       -7.3304298234628735e+00, -1.8160118454258443e+00,
       1.8384367540209390e+00, -2.3061746927571010e+00,
       1.9104381399471936e+02, 1.1158485881144168e+01,
       -4.9638917255881090e+01, 1.4948002832342320e+01,
       -9.7060333482846524e+00, -7.0947653580238326e+00,
       1.1218135510671450e+00, -4.3889612506062392e-01,
       -6.1780819863415699e+00, -1.3931983652455281e+02,
       3.0757988816086797e+01, 6.0452663465944603e+01,
       3.2420584276856665e+01, -1.5604787452640148e+01,
       -2.0803255196659577e-02, -2.7367959586671153e+00,
       7.3490048634351467e+01, 4.8028131377689958e+00,
       -2.3189081108885247e+01, 1.1046998384357575e+01,
       -9.2696733012172814e+00, -9.1323112171260430e+00,
       -1.7403156776202304e+00, -8.0795852069619412e-01,
       -1.9580662426197983e+02, -8.0600029220381884e+01,
       4.2298406960575846e+01, -1.5819129441466346e+01,
       -1.2976530841144434e+01, -2.5050382672191535e-01,
       -9.7422122987290583e-01, 7.6408783838301331e-01,
       -1.9640174008273638e+02, 4.6803446438559739e+01,
       6.3307211875242444e+01, 4.3547875675881556e+01,
       -1.1338120718940626e+01, -1.0631013312697324e+00,
       -8.5365617072728317e-01, 9.8790932579332380e-01,
       1.7849901970923025e+01, 2.3203019525085580e+00,
       -1.5278489772704166e+01, -2.8040025760867437e+01,
       -4.8654949012866595e+00, -2.1599301468205891e+01,
       -3.3738029754031555e+00, 2.2079734294123443e+00,
       -3.8580660370818549e+01, 9.4141958791437318e+01,
       6.2011172746017333e+00, -3.4659559016738591e+01,
       1.4909074369126555e+01, 1.3898565519764425e+00,
       -3.9283248388611156e+00, 5.6065295398929271e-01,
       1.0390595441350089e+02, -5.2816780174368141e+01,
       -2.3549291675475402e+01, 3.7497774955956274e+01,
       -2.5857371295965461e+01, 1.9322333223564861e+01,
       6.6214617763277195e-01, 1.3769902612606506e+00,
       1.1266321630585284e+02, 4.9929319517197698e+01,
       -3.5832586318700848e+01, -1.1181864343160521e+01,
       -1.8044582721220667e+01, -1.0209930578054159e+01,
       -3.8535463770255127e+00, 2.0882387092116566e+00,
       1.3467695084151413e+02, -4.4072173120413737e+01,
       -3.3119772016914304e+01, 3.7942486833006875e+01,
       -2.0986107589103518e+01, 3.4021675096185668e+00,
       6.6391157082286456e-01, -5.8752522405054097e-01,
       -1.0350568192371207e+02, -1.4059983142887118e+01,
       3.2941045096258271e+01, 4.6356333548195154e+00,
       1.4082282427762941e+01, 1.5908884280107028e+01,
       2.1069453857026370e+00, 1.3930571722331135e+00,
       8.7997519146498945e+01, -3.2152716822241317e+01,
       -1.8652001891866718e+01, 3.4552060315581215e+01,
       -3.0458221530221611e+01, 3.2676779740153265e+01,
       2.0562559647686420e+00, 1.4418816698682602e+00,
       -9.3898837317855836e+01, 1.2218912939220193e+02,
       3.2697106288814566e+00, -5.7348655449990915e+01,
       -2.9838272094945468e+00, 4.8780897383326733e+00,
       2.0659408232268346e+00, 1.0743132783674134e+00,
       1.4633596507867574e+02, 2.1917766963294888e+01,
       4.8783653234955800e+01, -2.5883108183465207e+01,
       2.9234581778245854e+00, -1.7118526792084285e+00,
       -9.3636287165988286e-01, -5.5632599292116058e-01,
       1.0668853636804569e+01, 5.4174108519361781e+01,
       2.9399084197108316e+01, 5.4232032272661669e+01,
       3.7058923120557772e+01, -1.5661182908430555e+00,
       7.2231965508038276e-01, -5.7593074377847664e-01,
       -3.4962313183663412e+01, -8.8582398131711386e+00,
       3.3552357467376659e+01, 8.3990494975637445e-02,
       2.7245630544686680e+01, 1.1224306392349654e+01,
       -4.4596275430619764e-01, -3.5384538420932571e-01,
       -2.0352642439437111e+02, 4.5591020130139263e+01,
       3.2503415419835406e+01, -3.7025999040175293e+01,
       -1.1827041007579810e+01, -1.3657668949225441e+01,
       -1.5852988715182430e+00, 1.0962301498562488e+00,
       2.1755854720615446e+01, -6.8542839451340939e+01,
       1.8596106017565501e+00, 4.4825444654444816e+01,
       -3.8525604370623668e+01, 2.8819079024974293e+01,
       2.5678328404519952e+00, 1.6697599613319862e+00,
       1.4021676531162827e+01, -2.3384286239221748e+02,
       9.3379989908020669e+00, 7.5770565950775577e+01,
       -1.2063167820820366e+00, -3.0602374684422045e+01,
       -3.1159707452593768e+00, -1.2267302543440410e+00,
       1.0736989467270689e+02, -7.9310191139583011e+01,
       -1.1547599248956761e+01, 5.4286387358363484e+01,
       1.5146435026365359e+00, 2.0070587874194221e+01,
       2.1403812004649283e+00, 1.7575339800822559e-01,
       5.0432653650963752e+00, -9.6629969683914908e+01,
       2.0367966700132659e+01, 3.9660660951775156e+01,
       2.8923254695634011e+01, 1.5206740938058092e+01,
       2.0373645709490074e+00, -1.4017976396072523e-01,
       2.4034365084710135e+01, -8.2521893227414637e+01,
       2.3182867978931476e+01, -7.2417214069764819e+00,
       3.8325581457608720e+01, 6.3402380863514041e-01,
       1.0900632480008470e+00, -1.0886302009699116e+00,
       -1.3478220941802763e+02, -1.4461845535434971e+01,
       3.4861968420534346e+01, -1.8975576964668203e+01,
       2.8188157772840317e+00, -1.5067943251999901e+01,
       -5.2193711435034784e-01, 6.3125813091052155e-02,
       1.2432051961937427e+02, 1.4743857785300682e+01,
       -2.7910584376776615e+01, -6.2939546388693852e+00,
       -3.5857000956289324e+00, -1.7925377419776677e+01,
       -9.6226296158848950e+00, -8.1715543267050117e-01,
       1.0077639106167359e+02, -5.0149128397672257e+01,
       -5.2021325368601254e+01, -5.0750790087885065e+01,
       -4.8112222579085531e+00, -1.4556831703370969e+00,
       -1.0379262740093831e+00, 6.5892677761592869e-02,
       8.3418816274473031e+01, -3.4066798448383700e+01,
       -2.5867822644381427e+01, 2.2061403003070609e+01,
       1.3271246895049527e+01, -6.6998147994865036e+00,
       -8.0326940361239024e-02, -6.5854062114201573e-01,
       1.1835266473228022e+02, 1.0927788216931251e+02,
       -3.2970418898190779e+01, 2.3557629877391673e+01,
       -3.3688401659099543e+00, -1.0149441793663836e+01,
       -1.1181426273015187e+00, 4.9771190050560432e-01,
       4.9588976765321515e+00, -1.9560547430039497e+00,
       3.8209281495194451e+00, -1.1904210821844282e+01,
       3.6322622060407589e+01, -1.4814089252326813e+01,
       -1.5160376159379148e+00, -8.0703086401926882e-01,
       -2.4515122776184586e+00, -4.4379595513857765e+01,
       -6.6252611746968804e-01, 1.9329540389200201e+01,
       -7.4347143535821889e+00, -9.3548398886931050e+00,
       -1.2580082681272562e+00, -4.6762144174582032e-01,
       -1.4110680142302431e+02, 6.5592453672352121e+01,
       2.7641344362943126e+01, -3.5183844848809464e+01,
       -6.0479709211430055e-01, 6.8163163469424290e+00,
       1.5769420346283576e+00, 8.0652304727663660e-01,
       -1.3478505048514515e+02, 1.3026820928634564e+02,
