%YAML:1.0
means: !!opencv-matrix
   rows: 13
   cols: 13
   dt: d
   data: [ -4.0066229149710004e+01, -6.2482873085916673e+00,
       8.5269543485513974e+00, 6.2261000831931259e+00,
       1.0710728625198874e+01, -1.0323343584373541e+01,
       2.0302123489352231e+00, 6.9806683912448197e-01,
       4.3342515888103594e-01, 1.7333975428333132e-01,
       -1.5831103199948848e-02, -1.8111901420235022e-03,
       -1.0415612200558356e-03, 8.1805593387256963e+01,
       1.5369323217703384e+01, -2.4104480838071435e+01,
       -3.2244000735154906e+01, -2.6557132473432794e+01,
       -1.9675045403310154e+01, 8.6333757617817852e-01,
       -2.3319082102462105e+00, 2.0701461501401849e-01,
       -4.1933514740636141e-02, 1.0576649493805561e-01,
       -5.0400757653665572e-03, 6.7371464563979408e-04,
       -1.9288071806252910e+02, -6.2267045349069940e+00,
       4.2835775086661386e+01, 6.2715364427722511e+00,
       -9.9201373766229430e+00, 1.5315764515396493e+00,
       1.6724145049811562e-01, 2.1528375459340104e-01,
       1.0294173826806709e-01, -3.1580887516759132e-03,
       5.5204810736237207e-03, -1.9107417993307174e-02,
       3.6843595044386457e-03, 1.4382339581723838e+02,
       -7.0256698520531700e+00, -3.8411332916562216e+01,
       7.8066645210685559e+00, -4.7358875337664941e+00,
       1.2880504239330383e+01, -7.4474198020387450e-01,
       1.1347772348283565e+00, 4.3788823123569431e-01,
       -5.0971181940296074e-02, 7.1165714673780758e-02,
       -1.6692937936381446e-02, -3.5809153594086774e-03,
       5.4751894722942232e+01, 8.0500144238831126e+00,
       -6.3886498628293023e+00, -4.5724030308790722e+00,
       1.5839254075987299e+01, 1.3706059037780651e+00,
       4.9559196604175432e-01, 7.3509728995613532e-01,
       3.0732806356133074e-01, -6.2655786569288788e-02,
       1.2744488578796507e-02, 2.4805691765233309e-02,
       1.0295245330391958e-02, 7.0233985591689096e+00,
       1.3505187881177872e+02, 1.8829423619807235e+00,
       -7.1301464306653500e+01, 1.3084665743475309e+01,
       1.4351456583745376e+01, -5.7422168710006249e-01,
       2.2039167748855317e+00, 1.5763319365034831e+00,
       3.2249257782436724e-01, -1.2566573075128723e-01,
       3.4729929347304830e-03, -8.5799776322090162e-04,
       -1.6978322038176742e+02, -1.7665024762341947e+01,
       3.5955046569709275e+01, 1.8033946496528049e+01,
       -1.9695276093738685e+00, 1.4854221197983886e+01,
       -6.0465225748396456e-01, -1.7702654898575159e+00,
       -6.3057146647865292e-01, 1.7667091899659049e-01,
       -2.3780302581065033e-01, -4.7259943238517850e-02,
       8.0195094761137311e-03, -1.8698182487838574e+02,
       8.3250725361978070e+01, 4.0619528203853370e+01,
       -4.7965999529034917e+01, -2.0819176771262718e+01,
       9.1722537104111890e+00, -2.7739303613120434e+00,
       1.2651927219056929e+00, 3.5043846998254080e-01,
       9.4568688055026273e-02, 3.2336246287414529e-02,
       1.0611540995665981e-02, 3.4980721079551510e-04,
       1.4052864029920644e+02, -4.6428256108763453e+00,
       -3.6918572792688416e+01, -1.9861243107572624e+00,
       -7.7545869317920264e+00, 1.6962116332252936e+01,
       -4.4780369242832041e+00, -1.0260040475514214e+00,
       -3.7316655034327240e+00, -3.0162519433592239e-01,
       -1.2209296340422147e-02, -8.5964592889298905e-02,
       -2.0607249549634197e-02, -1.3010732875578816e+02,
       -9.5722703313065452e+01, 2.7179907397209821e+01,
       6.5027060123996094e+01, -1.4089744383465085e+01,
       -1.8694492860386835e+00, -8.7963631490740424e-01,
       -1.6252421379820674e+00, 3.2878117364408616e-01,
       -2.2745377936535979e-01, 9.5739026669053359e-02,
       1.6909333761883496e-02, -8.9477619501141300e-03,
       2.5287836434449890e+01, -9.5544014613998741e+01,
       -6.1143117872452404e+00, 6.1126381957281133e+01,
       -2.4450982594687356e+00, -1.1957964294565702e-01,
       1.9645366433129765e+00, -2.7784477494571574e-01,
       2.6322474986985775e-03, -1.7212148249157014e-01,
       -3.8362512473682199e-02, 9.3816789771317816e-04,
       4.4292938117629884e-03, 1.3671199012537755e+02,
       -7.7694884631270833e+00, -3.8808126482410366e+01,
       -1.0790432049311984e+00, -1.2842525623878689e+01,
       2.4229796413020401e+00, 1.0848334728275981e+00,
       -1.7024729114057975e+00, 6.6210531072287471e-01,
       1.1553355574452162e+00, -1.2696342326383719e-01,
       -8.2370554845113270e-02, -1.2191481496102786e-03,
       6.8463814802022425e+00, 1.2612433859459195e+01,
       8.0845125000828659e+00, -6.6620894681307199e+00,
       1.3834746629447400e+01, -3.8667557364554175e+00,
       -5.8078796262832499e+00, -3.6286937484659973e+00,
       -4.8320959826913636e+00, -4.7850804971535355e-01,
       -1.5709605146099728e-01, 3.7960383224996591e-02,
       -3.9777172486957266e-02 ]
