%YAML:1.0
means: !!opencv-matrix
   rows: 16
   cols: 9
   dt: d
   data: [ 2.4732621094638169e+01, -2.5608248851925190e+01,
       4.2086210055909250e+00, 1.6215978200469223e+01,
       1.3225798964356690e+01, 1.5212729040155738e+01,
       1.8827100751651928e+00, -5.5412236178645202e-01,
       1.7755283986365236e-01, -6.7553060159487339e+00,
       8.7020173867609302e+01, -6.8102366615203049e+00,
       -4.2490028363800384e+01, 1.2906411479569460e+01,
       -1.6504703399928402e+00, 1.5304067819407230e+00,
       -9.6640397406675876e-02, -2.9768363835599787e-01,
       -6.2110296094637668e+01, -3.6375721710827278e+01,
       2.8570142144694184e+01, 1.5840164144466396e+01,
       2.0178483612614173e+01, 1.5073872180985537e+01,
       2.0975272638935047e+00, 3.2074464173399231e-01,
       -1.2846422124032112e-02, -3.1665414768213886e+01,
       1.9998488801039080e+01, 2.0986468806565153e+01,
       -8.9314465886253220e+00, 2.1052438861586076e+01,
       1.8824788093238078e+00, -5.8004267693445870e+00,
       1.7221683255334721e+00, 5.8675893387699825e+00,
       1.3654912742219346e+02, -4.7642023542930822e+01,
       -3.1411271674789127e+01, 3.4006846700169682e+01,
       -2.1740636233942972e+01, 6.0175518219223827e+00,
       5.9335978793006794e-01, 1.5909746362217747e-01,
       -4.6981354189581886e-01, 6.5082676680063445e+00,
       -2.0817600269778251e+02, 1.4102590164896936e+01,
       7.0631132442446898e+01, 8.9509306652704907e+00,
       -2.5866985429216946e+01, -2.3753425826281753e+00,
       -1.4447731402587956e+00, -8.5789804572056871e-02,
       -2.0507650313145447e+02, 1.0891248596604086e+01,
       4.0486037266057700e+01, -2.3016717591580750e+01,
       -8.1668768831475589e+00, -8.5097947006364425e+00,
       -9.4003023892446969e-01, 4.4053213540352393e-01,
       2.3797172436437017e-01, 5.7255144313667216e+01,
       1.0216339682578308e+01, -1.7070609523250535e+01,
       -1.8708787666999889e+01, -7.4901812941090444e+00,
       -1.7002330323491339e+01, -6.6244611235145676e+00,
       2.0520890823182274e+00, 6.4993929312785488e+00,
       -9.6334963966079616e+00, -5.1808446618312631e+00,
       -1.7708181058217549e+00, -2.5629482486170034e+00,
       -7.9980427102942979e+00, -9.7573682424578898e+00,
       -5.5796203381720832e-01, -1.8112611694081560e-01,
       -1.2662587808807315e+00, 9.8399815863947367e+01,
       -4.5967883460594784e+01, -2.2173061071632610e+01,
       3.6815582560665007e+01, -2.7581754563909918e+01,
       2.4037254102310676e+01, 1.1974950923180778e+00,
       1.2974454769335326e+00, 5.3153270321360613e-01,
       -1.8067081248429758e+02, -6.5962015574548133e+01,
       4.9347550073452339e+01, 2.0708033225549539e+01,
       -2.1898403738181617e+01, 4.6973357249873748e+00,
       -5.5785129208298945e-01, 1.1169524476505659e+00,
       -1.0257564233741094e+00, 1.6443027766055474e+02,
       1.7908174802714001e+01, -4.4184020790163437e+01,
       1.1330387761184541e+01, -1.0786874976793367e+01,
       -8.2742883707819761e+00, -5.9330699754638327e-01,
       -1.5589298959672587e-01, -8.3473775399595918e-01,
       -1.7167382355343912e+02, -1.2694154030767641e+02,
       4.7660115738326617e+01, 4.0830521534200173e+01,
       -2.9668828820476339e+01, -8.6128542288300380e+00,
       -5.7329855418409164e+00, -1.2408309093259304e+00,
       9.7786536184506645e-01, -1.3079556851656349e+02,
       1.0310606542818724e+02, 1.7160427036246137e+01,
       -4.7451398825464494e+01, -9.4768700146691565e+00,
       2.0635335385774178e+00, 8.7508980006744885e-01,
       2.6583976480909149e-01, -5.5964011127472169e-01,
       3.9514772418808093e+01, 1.1948425551687606e+02,
       -2.7032848376598096e+01, -4.9835042417385630e+01,
       -8.3793156563649625e+00, 6.2833224851601688e-01,
       2.0367656733439325e+00, -4.0249565848236502e-01,
       -2.2391700693912489e-01, 5.4961475984457309e+01,
       -1.6906449085681952e+01, -8.0170882156191716e+00,
       6.3885988683818447e+00, 2.2759904746327152e+01,
       -6.9548777467744181e+00, 1.1726637964574393e-01,
       -7.4688978674192474e-01, -7.2939289069931401e-01 ]
