%YAML:1.0
means: !!opencv-matrix
   rows: 7
   cols: 20
   dt: d
   data: [ -2.1236947708700765e+01, -3.0171643444309783e+01,
       -2.6455185652835631e+00, 1.0806881214763155e+01,
       1.0726277740110707e+01, -8.3750747489141038e+00,
       -2.7546802262497869e+00, 1.9850225005558129e+00,
       8.8810126319667460e-01, -5.9425894134019955e-02,
       -2.5365986000962893e-02, -3.4396371570413471e-03,
       5.1670109737307433e-03, 2.7600648699118166e-03,
       2.9130251540757266e-03, -1.2511742954985419e-03,
       -6.5307935213703978e-04, 9.0428510707077283e-04,
       4.9360705009644052e-04, -5.3839009423881882e-04,
       -9.1616791563109672e+01, 8.4265400578834448e-01,
       2.4880657458449615e+01, 1.0697064076995636e+01,
       -5.9278997108415794e+00, 1.6566127480850148e+00,
       4.2047047574054703e+00, 3.6020038409997845e-01,
       2.7167256299615583e-01, -4.4272466068106331e-03,
       -6.8489820650762492e-02, 1.7185248321149597e-02,
       9.4316104116910977e-04, -2.6441249938848280e-03,
       -2.3762383425442433e-02, -2.2471120491133617e-03,
       2.0699183525128961e-04, -2.3491676404450941e-04,
       -1.1658975903720153e-03, 1.7748736118435311e-03,
       1.2980972068779826e+02, 2.4449641932231870e+01,
       -3.4748936065944505e+01, -1.8366897331020599e+01,
       -1.0315517550191103e+01, 5.9347469761692206e+00,
       -4.9468960895796060e-01, -1.0001692052425699e+00,
       -7.8904450534994675e-01, -7.9920918266502081e-03,
       2.3262301636145764e-02, -9.5133989509268060e-02,
       -6.1148975578418641e-03, -2.1369057763338518e-02,
       -5.7322006575734746e-03, -7.8533338944598765e-03,
       -2.4770018614730430e-03, -7.4878949602216771e-04,
       -1.2478177628197373e-03, -5.4462775493940982e-03,
       -2.0159499372248683e+02, 5.6994328630292607e+01,
       4.0616424678237138e+01, -2.9132634481437410e+01,
       -1.7038976007659230e+01, 1.1984995774770692e+01,
       -3.4920619484908260e+00, -7.2812255749928900e-01,
       -1.6272394807731053e-01, 2.2194906938761239e-01,
       2.1083959904028365e-02, -2.4124421348990410e-02,
       7.4311711685719358e-04, 4.0029994152902329e-03,
       2.5353988709508737e-02, -3.3565168579836688e-03,
       2.3652661290366334e-03, -5.2064178734381511e-04,
       3.9270589774839096e-03, -1.9900230866573638e-04,
       1.0233561628499039e+02, -2.8665913402223730e+01,
       -3.4547464727900206e+01, 3.6454880777454224e+00,
       -1.3615372009917412e+01, -6.4143193365848878e+00,
       -2.2062844632675258e+00, 1.3248704376168396e-01,
       4.8090159166644447e-01, -1.2327778585709206e-01,
       3.7089387008529193e-02, -1.8743363567343845e-02,
       2.5331387782444744e-03, -1.7781713150963757e-03,
       1.8202564571919583e-04, 2.5109925337335856e-03,
       4.9524389758930296e-03, 9.5390052995030145e-04,
       -6.7284414169833701e-04, -1.6388715410372974e-05,
       3.9287582430392201e+00, 3.9210619491483158e+01,
       8.0957180940363198e+00, -1.9841173883804672e+01,
       1.0623624806617155e+01, 3.5961709797528947e+00,
       -4.9412521786933157e+00, -2.5050315808743280e+00,
       -2.5555998200651722e+00, 1.2242412226306530e-01,
       -1.0722970254089639e-01, 2.9391739183495264e-02,
       -2.7293680852124188e-02, 1.0904409381947511e-03,
       -2.5049139304136436e-02, 1.0243734015199875e-02,
       -7.0690963437840485e-03, -5.0253146454339098e-03,
       -4.3149588704238656e-03, 5.7326802547599731e-03,
       5.5842389580355729e+01, 4.1201662943814998e+00,
       -2.5861274775079153e+00, 2.8580341067053237e+00,
       5.6241700484813801e+00, 3.4262526034319252e+00,
       4.2352783981292905e+00, -7.0441290345275365e-01,
       -1.1453033774870927e-01, 7.2641884993955453e-03,
       6.2966471815859099e-02, 1.9434004304194116e-02,
       3.6952504536182959e-03, 2.1928062697483511e-03,
       1.1088765944477330e-02, 8.6467748764654321e-05,
       -2.8701636039549011e-04, 7.9425204539734415e-04,
       8.9972932060901020e-04, -1.3151497453036539e-03 ]
covs: !!opencv-matrix
   rows: 140
   cols: 20
   dt: d
   data: [ 1.4613946520539641e+04, 2.3118556862827918e+03,
       1.2500733403301861e+03, -7.0860827028448750e+02,
       2.2608976624690141e+02, 3.4217785267891998e+02,
       -6.6557618954111021e+01, 5.1991632551125534e+01,
       8.5464359096015983e+00, 1.0383463029380438e+01,
       -2.7851663510096838e+00, 1.3813393548662407e+00,
       1.8431458628824385e-01, 6.5542581880460526e-01,
       1.1209356412287113e+00, -2.1581290238858086e-01,
       9.0603284102478338e-02, -1.1072076290226245e-01,
       -3.8700750358279429e-01, -2.0896396572348566e-01,
       2.3118556862827918e+03, 1.1183702665466295e+04,
       -5.4797196076135378e+02, 2.1940414410747496e+02,
       4.8224786992989556e+02, -3.6165670586865690e+02,
       3.4222406129724874e+00, 2.0536961027000050e+01,
       3.7401491817275705e+00, 7.6137837873800738e+00,
       7.4916400899997557e-02, 9.1512747083397739e-02,
       2.1828509143658917e-01, 2.9025121803606924e-01,
       3.7084989373052379e-01, -4.3916726300634962e-01,
       4.2870057620024593e-01, -6.4858257517396778e-01,
       9.0372648690583174e-02, 4.9768017714248531e-03,
       1.2500733403301861e+03, -5.4797196076135356e+02,
       3.5391411956179800e+03, 6.2634087381563226e+01,
       -7.1607483423939655e+01, -1.5155890480292828e+02,
       -1.9215149766981440e+01, 1.7812431439484395e+00,
       2.8675422620272722e-01, 6.0601176406070467e-01,
       6.0290852638650494e-01, -4.0836036503749168e-01,
       -3.1809316345589096e-02, -1.2046885720655684e-01,
       -3.4968931854641039e-01, -1.8723590803455196e-02,
       6.6874269836401323e-02, 6.9539279979126151e-02,
       -4.4990205659154248e-01, -1.7419067338422142e-01,
       -7.0860827028448750e+02, 2.1940414410747491e+02,
       6.2634087381563212e+01, 2.8438533303609120e+03,
       -2.9292519845163974e+02, 1.4064558212546785e+02,
       -3.1022269304972856e+01, -2.3874136236888486e+01,
       5.9976906966221648e+00, -1.4668427409864808e+00,
       -6.9909556444489431e-03, -1.0898507561692171e-01,
       -8.2476237056483950e-02, -5.3833012844171746e-02,
       -4.0337727791535924e-02, 1.6970534176393398e-01,
       4.2654774591320617e-02, -2.5072550182304426e-01,
       -1.7085353573427547e-03, 5.9312399573173212e-02,
       2.2608976624690141e+02, 4.8224786992989556e+02,
       -7.1607483423939655e+01, -2.9292519845163974e+02,
       4.5561413190456625e+02, -4.4672362427116159e+00,
       -1.2257230443211808e+00, -5.6452907926578675e+00,
       1.9516386712871492e+00, 1.2256086273286073e+00,
       1.1020775328801198e+00, -1.4705887089398373e-01,
       -9.0912329300819154e-03, -9.6930434431656588e-03,
       1.6978026765975660e-01, 3.4269583850616105e-02,
       1.3407110045204229e-02, 2.4664726708648239e-02,
       1.5110402764632514e-02, -1.1927868963304351e-02,
       3.4217785267891998e+02, -3.6165670586865690e+02,
       -1.5155890480292828e+02, 1.4064558212546780e+02,
       -4.4672362427116177e+00, 1.8310088744785912e+02,
       -1.3656653050239290e+01, -2.6013551329520062e+00,
       2.3829578425053932e+00, -1.3632854506453871e+00,
       -8.2328875202109311e-03, 7.0511551656393931e-02,
       1.0862774734668507e-02, 2.8981922093860541e-02,
       1.1718656742049223e-01, 4.2106484273414617e-02,
       -3.5891532986774062e-02, -5.6256493158211981e-03,
       3.7375852244410672e-03, -4.3117992379419290e-03,
       -6.6557618954111021e+01, 3.4222406129724852e+00,
       -1.9215149766981437e+01, -3.1022269304972856e+01,
       -1.2257230443211815e+00, -1.3656653050239294e+01,
       1.2195009553896750e+01, 2.1084024796194898e+00,
       -1.6201034063780173e+00, 3.2431937548766798e-01,
       -1.0502368420546228e-01, -6.1931813757345945e-02,
       -2.5907367057802496e-02, 2.5456237338249131e-03,
       -1.0146429982537231e-02, -1.2085235879252906e-02,
       6.7157791611221753e-03, 1.9974198180654130e-03,
       -5.1133858658280020e-03, 3.0490069775126818e-03,
