%YAML:1.0
means: !!opencv-matrix
   rows: 11
   cols: 2
   dt: d
   data: [ 6.2383409141230231e+01, 1.5906559273253912e+01,
       -2.2908136844699374e+02, 9.3967086540536737e+00,
       1.0007575545259451e+02, -1.0368622420893138e+02,
       -1.0570924124178836e+01, -1.9099702539884660e+02,
       1.9613795796984840e+02, 1.5294873096513403e+01,
       -1.2461168983593709e+02, 1.3529892953773370e+02,
       -2.5593482248655544e+01, -8.6210630215745809e+01,
       -1.7656877382159923e+01, 1.3446688943989273e+02,
       -1.7485528962665842e+02, -1.0301306447454263e+02,
       -7.9788287461828730e+01, 2.2854439115210567e+01,
       9.6413223073136621e+01, 1.1502620857079387e+02 ]
covs: !!opencv-matrix
   rows: 22
   cols: 2
   dt: d
   data: [ 4.2560412106806525e+03, -8.0126258101117131e+01,
       -8.0126258101117216e+01, 3.1049833196392419e+03,
       3.5185496807397171e+03, 3.3818577901884316e+02,
       3.3818577901884316e+02, 6.8729568314255912e+03,
       5.2081815405955067e+03, 4.5039244505492144e+02,
       4.5039244505492144e+02, 3.1857415113528546e+03,
       6.9802984655867604e+03, -1.3747736507240322e+03,
       -1.3747736507240324e+03, 7.6111253803971786e+03,
       3.8692204186162062e+03, -1.6296949292301946e+02,
       -1.6296949292301952e+02, 7.5431650048131160e+03,
       6.5241740124174339e+03, 3.7067584184315609e+02,
       3.7067584184315615e+02, 5.0305661102992199e+03,
       5.7270593315419965e+03, 9.3955486557206484e+02,
       9.3955486557206461e+02, 3.6702021895737225e+03,
       4.4775399318110567e+03, -1.5260657995419663e+02,
       -1.5260657995419663e+02, 4.8877961621260902e+03,
       5.4596390380917910e+03, 8.0578205004101187e+02,
       8.0578205004101176e+02, 5.8178529770360938e+03,
       3.7162403298853114e+03, 3.7505735130127653e+02,
       3.7505735130127658e+02, 3.7212341501085752e+03,
       3.3362297008213563e+03, -2.7317317338322727e+02,
       -2.7317317338322721e+02, 5.2666556649125969e+03 ]
weights: !!opencv-matrix
   rows: 1
   cols: 11
   dt: d
   data: [ 1.7730231670588245e-01, 6.6260939374855096e-02,
       1.2032514748248480e-01, 3.9897724361159820e-02,
       8.8258038129647165e-02, 5.5630356929870263e-02,
       1.0558867374876868e-01, 8.6542741348401772e-02,
       5.8120629684351312e-02, 1.3036428071021519e-01,
       7.1709151524361039e-02 ]
pca_proj: !!opencv-matrix
   rows: 2
   cols: 21
   dt: f
   data: [ 1.02604255e-02, 8.46533298e-01, 5.67100069e-05,
       -5.08859605e-02, 4.68450844e-01, 1.89823491e-04, -5.55210514e-03,
       1.46431834e-01, -1.98076777e-05, -7.31809530e-03, 1.34976640e-01,
       -4.80776835e-05, -6.69380091e-03, 1.46460637e-01, -1.57161594e-05,
       2.11501210e-05, 1.32904761e-05, -3.16381829e-07, -1.62182951e-05,
       4.47223283e-04, 4.04881848e-06, 8.19958210e-01, 1.87153444e-02,
       -7.93817599e-05, 4.28530097e-01, 8.29724409e-03, 8.75842488e-06,
       2.28233948e-01, -2.37727305e-03, -1.84168690e-04, 2.08515689e-01,
       -1.20344283e-02, -2.14158339e-04, 2.18838796e-01, -7.27251405e-04,
       -1.84816250e-04, -3.05604735e-05, -5.04301033e-06,
       -1.27042276e-05, 6.79167337e-04, 1.30049409e-06, -1.63660501e-04 ]
pca_mean: !!opencv-matrix
   rows: 1
   cols: 21
   dt: f
   data: [ 4.33646118e+02, 2.44701981e+02, 1.49672687e+00,
       4.18191803e+02, 2.60206879e+02, 1.62062907e+00, 3.68545319e+02,
       2.27059875e+02, 1.69770968e+00, 3.19420807e+02, 1.63929108e+02,
       1.75046074e+00, 3.16613464e+02, 2.25532654e+02, 1.70717156e+00,
       1.08872897e-04, -9.74175637e-05, 6.24380555e-05, -2.17504916e-04,
       -2.50119597e-01, 1.75055194e+00 ]
gamma: !!opencv-matrix
   rows: 11
   cols: 1
   dt: d
   data: [ 8.5040710472784997e-01, 9.0233734032161417e-01,
       8.6949838765694121e-01, 9.1680084351001823e-01,
       9.0307388819252621e-01, 8.9986051371129805e-01,
       8.6461215800247848e-01, 8.8267620863013396e-01,
       8.9870872182865713e-01, 8.5583444797349928e-01,
       8.7897916747988214e-01 ]
