%YAML:1.0
means: !!opencv-matrix
   rows: 16
   cols: 12
   dt: d
   data: [ 1.6229017023056258e+02, 2.4970398829831133e+01,
       -4.1797587603079528e+01, -3.0998567882017564e+01,
       -1.0038335276827574e+01, 1.4503564738853509e+01,
       -1.6087972060251043e+00, -4.4693476389861706e+00,
       -2.4061438411314406e+00, 7.3568372772803398e-02,
       -2.0444885695106921e-01, -1.5557695611279546e-01,
       -5.3573479666376784e+01, -2.7007875076496379e+01,
       2.4517768184921319e+01, 4.3676313704447381e+01,
       1.5791197487438735e+01, -9.5821709793677190e+00,
       -7.0751901856145842e+00, -2.8029860065606407e+00,
       -3.5223307598612128e+00, 1.2733699686417199e+00,
       1.0308934073161043e-01, 1.5068091282445492e-01,
       8.1865939401475387e+01, 1.5209758348357633e+01,
       -2.4099789261851534e+01, -3.2290874210731424e+01,
       -2.6484971867152456e+01, -1.9633340167152671e+01,
       8.7026608061173716e-01, -2.3287159736963416e+00,
       2.0569857400721162e-01, -4.0882370474756673e-02,
       1.0548262415393007e-01, -4.7306752669962586e-03,
       -1.9044784516953223e+02, 8.5889743907597193e+01,
       4.1356208939129559e+01, -4.8959256585275384e+01,
       -2.2088753054173992e+01, 1.1685714399153131e+01,
       -2.6230097131608736e+00, 1.9470915282207721e+00,
       6.8411400067583805e-01, -4.3740133120832345e-02,
       3.8127348779220104e-02, 7.5764713044050519e-03,
       -1.3646533105162027e+02, -1.0365303656812532e+02,
       2.5340955144591490e+01, 6.5641724780068543e+01,
       -1.6519996669966162e+01, -1.2046469458379170e+00,
       1.4303871440264573e-01, -1.3338402988975755e+00,
       7.8413859757226601e-01, -3.3572900635553404e-01,
       7.1087157120028971e-02, -3.1816874483390567e-03,
       -2.1158269671775983e+01, -2.3502459289697065e+01,
       1.2574349644818918e+01, 1.4956644765990442e+01,
       2.6178886288953304e+01, -3.4782436407609918e+00,
       1.2532976804360862e+00, -7.6129992792287091e-02,
       4.2029718147641598e-01, 6.8935584654317766e-03,
       5.9453472262224555e-02, -5.1356365301832400e-03,
       1.3814229548337474e+02, -1.4502383347532422e+01,
       -3.7733623811173366e+01, 1.1828227104917465e+01,
       -5.1934606852605407e+00, 1.1946739279768572e+01,
       -1.0109142358383749e+00, 1.3344941096703713e+00,
       2.6309123578369975e-01, -7.1827512812525536e-03,
       9.4452494467130527e-02, -2.5026206482520016e-02,
       2.8921151452619821e+01, 1.6207250758532652e+02,
       -5.9484335494843679e+00, -8.9202483115894893e+01,
       9.5998806569000354e+00, 1.5932713930138219e+01,
       -3.0570360232664701e-01, 3.3110362170149297e+00,
       1.5742457765208466e+00, -3.9674561192802847e-02,
       -1.2192741675958878e-01, -1.6460367050981628e-03,
       -3.1420688488340858e+01, -2.5402815020592818e+01,
       4.2636408659201868e+00, 2.4240776930429075e+01,
       -6.1065494708379315e+00, 6.8220257102335298e+00,
       1.2756690320587665e+00, 1.5561000194232104e+00,
       6.8069949129719520e-01, -2.2282947126862171e-02,
       -2.7331462193310507e-01, 5.3971399182072333e-02,
       -1.8389746972619906e+02, 1.2976617644405247e+01,
       3.5584096202347602e+01, -6.8307682297069743e+00,
       -3.4711002832306712e+00, 2.5332954217798762e+00,
       -2.9118043813132073e+00, -6.6116156383648246e+00,
       -2.5613421685535429e+00, 9.8651903347402647e-01,
       -1.3979214614651175e-01, -9.9693395420047529e-02,
       8.7815259942159898e+01, 6.9678914414416626e+00,
       -2.0555674677309266e+01, -2.3507705053034009e-01,
       6.3752203158467040e+00, 5.9684410440391726e+00,
       5.4500004016698730e-02, 1.2299856407883820e+00,
       3.1958185596257083e-01, -5.6893440957287364e-02,
       -2.1104996432755933e-02, 3.6192074755795778e-02,
       3.3380780886201329e+01, -9.8627134675948710e+01,
       -1.1091935555364739e+01, 6.7432645347951052e+01,
       -4.2902897154121238e+00, -1.0483429014807384e+00,
       2.0552186329748414e+00, -2.8125875499640379e-01,
       4.7407402224618498e-04, -1.0568250984876278e-01,
       1.8801178077484097e-02, -1.8161488376493225e-02,
       4.8041942844409036e+00, 1.3968947212349218e+02,
       7.4748196956367918e+00, -7.4357134947069611e+01,
       2.5110440658806223e+01, 1.1200280051782558e+01,
       -4.8721120566011333e-01, 7.6176154560551446e-01,
       1.6402691605097524e+00, 6.7686470139266808e-01,
       1.4797126689769473e-02, -6.5518677735210598e-02,
       -1.1422068368550734e+01, 5.1567029069411760e+01,
       7.2590374363608952e+00, -3.6221300240546995e+01,
       1.1410795212514323e+01, -1.9357632245545542e+01,
       2.6000662414973679e+00, 1.0557284328921765e+00,
       1.5774994113524612e-01, 1.5034353607552950e-01,
       5.6222626061833841e-03, 2.8452284687910628e-03,
       2.4223344266454895e+01, 1.1873705207341500e+01,
       5.0273514131492147e+00, -1.1600380111534244e+01,
       1.1084574545922495e+01, -1.2348772009274267e+00,
       -6.1219347379154350e+00, -4.1831152058790693e+00,
       -5.0201069672616709e+00, -4.5845875609635767e-01,
       -1.7553791636329227e-01, 2.0233603265006249e-02,
       -1.8101073002887892e+02, -1.6023212744201661e+01,
       4.3260796251638453e+01, 1.1223969200280063e+01,
       -7.7067201933230605e+00, -1.0476120939608857e+00,
       9.2408822142758462e-01, 8.4886645793242255e-01,
       3.8926219877849083e-01, -9.8845448522995372e-02,
       2.9305287691775404e-02, -9.8311698360792361e-03 ]
