%YAML:1.0
means: !!opencv-matrix
   rows: 4
   cols: 12
   dt: d
   data: [ -1.6985333536537416e+02, 1.0172410183252003e+00,
       3.7037656136448817e+01, 2.3878038035143869e+00,
       -1.2023772291956938e+01, 4.2143857423660771e+00,
       -5.3269875423335511e-01, 2.2284823091400149e-01,
       2.9344121673607027e-01, -3.0843674762586221e-02,
       -1.8019369379206705e-02, -1.0037692275900217e-02,
       8.2408041147353615e+01, 1.5542000078489208e+01,
       -2.4097701633512450e+01, -3.1888767804378659e+01,
       -2.6390724197284143e+01, -1.9387952813005320e+01,
       8.8197564460105848e-01, -2.3147432865030164e+00,
       2.1768811376389802e-01, -3.7867677755383113e-02,
       1.0496241868033174e-01, -3.5136689453941928e-03,
       5.0478730738419983e+01, -1.2245076695208155e+01,
       -9.8702924614597620e+00, 1.0254562432773893e+01,
       8.5817525318151624e+00, 9.8582961822598458e-01,
       8.5432281258969267e-01, 7.2618739391601106e-01,
       3.1023417232673750e-01, 2.9303957007059730e-03,
       1.6127363099601753e-02, 5.7043945387031669e-03,
       2.7932812669939398e+01, 4.3845901985189748e+01,
       -6.4427048858797615e+00, -2.7397467042803072e+01,
       4.8608261463954880e+00, 3.0398558773489328e+00,
       -3.7760075734209555e+00, -2.0118350841613717e+00,
       -2.2529097334728490e+00, 8.3123045505692314e-02,
       -1.2940396260050557e-01, -4.3834420294158486e-03 ]
covs: !!opencv-matrix
   rows: 48
   cols: 12
   dt: d
   data: [ 6.4350994309736443e+03, -1.0338966970172189e+03,
       2.8992571006275671e+03, 8.7543836018649540e+02,
       1.0369482020715766e+02, -2.7551291281407197e+02,
       1.0413161013719721e+02, -3.8940446618351693e+01,
       -6.5371762910511935e+00, 2.1477497882754735e+00,
       -1.1438499760625942e+00, 4.6865289511291303e-01,
       -1.0338966970172189e+03, 1.1408517899649763e+04,
       2.6315714502455540e+02, -8.3792054942521497e+02,
       -3.2161018825511201e+02, 4.4162919329899484e+02,
       -8.0722289563845223e+01, 4.4592104801478058e+01,
       -4.5708031097482538e+00, 1.3664664975428893e+01,
       7.0062503620742733e-01, 3.3434254186811951e-01,
       2.8992571006275671e+03, 2.6315714502455540e+02,
       2.4691956277418190e+03, -1.8384119727389509e+02,
       -5.6405669995808204e+01, 5.6961505015926740e+01,
       -2.8285458256540036e+01, 1.3367725077834525e+01,
       7.7861460395679183e-01, 5.2628017733281129e-01,
       2.8534187602082434e-01, -8.3962378605397531e-03,
       8.7543836018649540e+02, -8.3792054942521463e+02,
       -1.8384119727389518e+02, 2.9800135210613134e+03,
       1.1971054665482374e+02, -2.1199468271628524e+02,
       4.0263919651673142e+01, -3.8532180121239350e+01,
       6.9684444681835265e+00, -2.0162178461209406e+00,
       -7.3395258384027406e-01, -4.0244362796022398e-01,
       1.0369482020715766e+02, -3.2161018825511201e+02,
       -5.6405669995808182e+01, 1.1971054665482373e+02,
       1.3560380944766496e+02, -6.3316619596502306e+01,
       1.7828750028606144e+01, -1.0657957988197463e+01,
       -2.9726376417539542e+00, 1.2849975084611209e+00,
       -9.2527368332632276e-01, -1.5404046897409904e-01,
       -2.7551291281407197e+02, 4.4162919329899489e+02,
       5.6961505015926733e+01, -2.1199468271628524e+02,
       -6.3316619596502292e+01, 2.5498466921331962e+02,
       -1.1142325441329211e+01, 3.3763280222371566e+00,
       4.7981702639781165e-01, -6.8861704528137568e-01,
       3.5570386199095430e-02, 2.2717098469021638e-01,
       1.0413161013719720e+02, -8.0722289563845223e+01,
       -2.8285458256540039e+01, 4.0263919651673142e+01,
       1.7828750028606148e+01, -1.1142325441329213e+01,
       2.9271760953270761e+01, -1.8760398318516180e+00,
       -2.0904725609784442e+00, 2.7408284438212821e-01,
       -2.6062543223118111e-02, 2.7442848354467166e-02,
       -3.8940446618351679e+01, 4.4592104801478037e+01,
       1.3367725077834528e+01, -3.8532180121239342e+01,
       -1.0657957988197463e+01, 3.3763280222371566e+00,
       -1.8760398318516185e+00, 1.9438398991499803e+01,
       7.4058109097971687e-03, 1.4195795547732418e-01,
       3.5436225844032325e-02, 3.7668744595058708e-02,
       -6.5371762910511935e+00, -4.5708031097482538e+00,
       7.7861460395679283e-01, 6.9684444681835265e+00,
       -2.9726376417539542e+00, 4.7981702639781165e-01,
       -2.0904725609784442e+00, 7.4058109097972016e-03,
       2.5633718305046553e+00, -4.1092049600837627e-01,
       2.5151815785652214e-03, 2.8186798132437896e-02,
       2.1477497882754739e+00, 1.3664664975428899e+01,
       5.2628017733281107e-01, -2.0162178461209419e+00,
       1.2849975084611212e+00, -6.8861704528137579e-01,
       2.7408284438212821e-01, 1.4195795547732426e-01,
       -4.1092049600837627e-01, 6.5261695958697630e-01,
       -3.8260910350898514e-02, -7.5633642983990446e-03,
       -1.1438499760625942e+00, 7.0062503620742778e-01,
       2.8534187602082417e-01, -7.3395258384027384e-01,
       -9.2527368332632265e-01, 3.5570386199095423e-02,
       -2.6062543223118104e-02, 3.5436225844032325e-02,
       2.5151815785652209e-03, -3.8260910350898514e-02,
       2.3579636127727770e-02, 1.0905252850087863e-03,
       4.6865289511291297e-01, 3.3434254186811951e-01,
       -8.3962378605397705e-03, -4.0244362796022398e-01,
       -1.5404046897409907e-01, 2.2717098469021643e-01,
       2.7442848354467163e-02, 3.7668744595058701e-02,
       2.8186798132437896e-02, -7.5633642983990454e-03,
       1.0905252850087869e-03, 3.9984462875088788e-03,
       4.0993311759998778e+03, 9.2822279655999083e+01,
       3.0676935806990482e+03, 1.5744867285084911e+02,
       -1.0126483556929625e+02, -1.3349679840199233e+01,
       -5.3915491459888052e+01, -5.4014304930199195e+00,
       2.0265889107564700e+01, -1.0632293394295955e+00,
       -3.2113492888874823e-01, -3.4477861868343446e-01,
       9.2822279655998983e+01, 5.5942383297430979e+03,
       -5.0456231350652409e+01, 2.4685139119479077e+03,
       -4.1114913669301529e+01, -1.3319220110767333e+02,
       4.0002454789796403e+01, -2.6217912675383353e+01,
       -1.7811978258266279e+00, -8.6048340995979338e+00,
       4.8865454008875614e-01, 4.0742181849672619e-02,
       3.0676935806990482e+03, -5.0456231350652423e+01,
       2.5733081426143681e+03, 2.7119026905462686e+01,
       -8.3118940794333838e+01, 5.0280490916402385e+01,
       1.7115489224791041e+01, -5.5578762753074322e+00,
       3.8037198838190629e+00, 2.3293620418119290e-01,
       1.0717079181248139e-01, -2.3786491697279727e-01,
       1.5744867285084914e+02, 2.4685139119479077e+03,
       2.7119026905462690e+01, 1.1775112993576925e+03,
       -5.8953116872525584e+01, -8.3523146690445770e+01,
       3.7949113619045107e+00, 1.7093696890343143e+01,
       -4.2392487801052061e+00, -3.1772857158672752e+00,
       1.3961288695094071e-01, -5.1174584485523256e-03,
       -1.0126483556929627e+02, -4.1114913669301544e+01,
       -8.3118940794333838e+01, -5.8953116872525584e+01,
       3.5597287675880381e+01, 1.0340274518687380e+01,
       4.1429149310994209e+00, -1.5977134399602312e+01,
       2.8819121956236384e+00, -6.9935435394991385e-01,
       -2.7970617510447972e-02, 2.4591792484770496e-02,
       -1.3349679840199228e+01, -1.3319220110767330e+02,
       5.0280490916402378e+01, -8.3523146690445770e+01,
       1.0340274518687384e+01, 8.5848456837718913e+01,
       2.5898949762985275e+01, -7.7017193606843080e+00,
       -3.4208653319498814e+00, 1.0706643000213116e-01,
       3.6179768437907867e-01, 4.4077820939472996e-02,
       -5.3915491459888052e+01, 4.0002454789796403e+01,
       1.7115489224791034e+01, 3.7949113619045107e+00,
       4.1429149310994218e+00, 2.5898949762985275e+01,
       2.0131002579489628e+01, -2.6333164232631132e+00,
       -2.4346228818087723e+00, 1.9216184142119594e-01,
       1.0939834247481925e-01, 2.5673640317593394e-02,
       -5.4014304930199177e+00, -2.6217912675383353e+01,
       -5.5578762753074349e+00, 1.7093696890343139e+01,
