%YAML:1.0
means: !!opencv-matrix
   rows: 18
   cols: 3
   dt: d
   data: [ -2.3541692066011669e+02, -7.1770352929126375e+01,
       1.6271882609430097e+01, 4.9453337966057191e+01,
       2.7752772364523068e+01, -6.2881656839212525e+01,
       -6.1361177438905287e+01, -7.8329962280492211e+01,
       -3.4532624841632504e+01, 4.4991207067391123e+01,
       -6.2211292747101623e+01, 4.1306197075472653e+01,
       -3.9839729884019519e+01, 1.5043360321236466e+02,
       -4.7827599037735659e+01, 7.1905429678146433e+01,
       -8.8763501249231552e+01, -6.7848329493774685e+01,
       -1.2719816054810298e+02, -6.7701131254108216e+00,
       4.3849353145467290e+01, 8.3859309682427210e+01,
       1.5533310656404063e+02, 2.7022407163556650e+01,
       -7.0746682179055639e+01, 3.8460809592375213e+01,
       -3.5565718430770701e+01, 7.0857218090975138e+01,
       -9.8464025908384059e+01, 5.5953746196259651e+01,
       1.1349478128380120e+02, 3.9519197905161192e+01,
       2.7307141672104457e+01, 1.6943484767321132e+02,
       -8.0256564822421822e+01, 8.7396917522705966e+00,
       2.1586651012646797e+02, 3.4312588266921658e+01,
       3.4498943547576751e+01, -1.4622274898092064e+02,
       1.2953481059470874e+02, 1.5743373453893865e+01,
       -2.1879130859689926e+01, -1.8575277283952653e+02,
       -1.5840348692334244e+01, -5.0524804476854399e+00,
       4.3843496492086715e+01, 3.4549602799158208e+01,
       -1.2534905918760822e+02, -7.3309022568405780e+01,
       9.1441482581445612e+01, -2.2184790287343745e+02,
       -2.6553536486991920e+00, -2.3750382180083989e+01 ]
covs: !!opencv-matrix
   rows: 54
   cols: 3
   dt: d
   data: [ 3.1183781212914582e+03, -9.2606890245798309e+02,
       1.1975207574262531e+03, -9.2606890245798309e+02,
       9.2528355458285332e+03, 9.1666614180767783e+02,
       1.1975207574262531e+03, 9.1666614180767783e+02,
       1.0526007138067723e+03, 4.1154919197897889e+03,
       1.0923521814507399e+03, 4.7440235400675954e+02,
       1.0923521814507399e+03, 4.1667560411590903e+03,
       -1.9884407918511556e+02, 4.7440235400675954e+02,
       -1.9884407918511553e+02, 1.2599764359029862e+03,
       1.9400413634261856e+03, 1.4494268227446631e+02,
       6.7580191475206777e+02, 1.4494268227446639e+02,
       4.5347583874241536e+03, 2.4335968946882249e+02,
       6.7580191475206777e+02, 2.4335968946882249e+02,
       8.2473210718765847e+02, 5.3948974666904151e+03,
       1.9954558628865798e+03, -7.1887978286046098e+02,
       1.9954558628865802e+03, 4.2968701101190791e+03,
       -2.1922115728822658e+02, -7.1887978286046098e+02,
       -2.1922115728822658e+02, 1.3712465798858102e+03,
       4.7458795746014330e+03, -3.9825854948818528e+02,
       5.6039222679769118e+01, -3.9825854948818511e+02,
       4.2317787412909602e+03, 5.7137681142840471e+01,
       5.6039222679769132e+01, 5.7137681142840471e+01,
       1.1660797778647745e+03, 4.0551089318706677e+03,
       5.0762562944509727e+02, 2.7683887965821413e+02,
       5.0762562944509727e+02, 3.4322556449758799e+03,
       -2.6319263080572870e+02, 2.7683887965821401e+02,
       -2.6319263080572870e+02, 1.5006161034814352e+03,
       4.5489004236532101e+03, -9.1214834090617376e+02,
       1.2266898060414615e+03, -9.1214834090617410e+02,
       7.0631973660117555e+03, 9.6402038884530725e+02,
       1.2266898060414615e+03, 9.6402038884530702e+02,
       1.4698761914922604e+03, 5.6332318928810037e+03,
       -1.3524218984322420e+03, -9.0407097129366957e+02,
       -1.3524218984322420e+03, 4.0205188280393349e+03,
       4.5822935425832526e+02, -9.0407097129366957e+02,
       4.5822935425832526e+02, 1.4067652307391877e+03,
       3.7905074165260726e+03, -9.1552152916377167e+01,
       1.0898592870573474e+02, -9.1552152916377167e+01,
       3.3064216933682064e+03, -2.2105725265446040e+02,
       1.0898592870573471e+02, -2.2105725265446046e+02,
       1.3902026670561668e+03, 1.6432396990824482e+03,
       -7.1153406648666373e+02, 5.7909000998296119e+02,
       -7.1153406648666373e+02, 1.1825920841062782e+04,
       9.2138891168778946e+02, 5.7909000998296119e+02,
       9.2138891168778957e+02, 7.9884777220049398e+02,
       3.8984676391226744e+03, -4.3879316897946961e+02,
       -1.0031630364158476e+03, -4.3879316897946961e+02,
       2.7709172735311240e+03, 1.9831576630434589e+02,
       -1.0031630364158476e+03, 1.9831576630434594e+02,
       1.6517039583774697e+03, 3.0797650112906890e+03,
       4.0129632371109250e+02, -5.6567705128809462e+02,
       4.0129632371109250e+02, 4.1356427164360630e+03,
       -3.9846222214643620e+02, -5.6567705128809462e+02,
       -3.9846222214643626e+02, 1.2159091757502399e+03,
       3.8858342631350756e+03, -1.0141631090114935e+03,
       -8.4092557389542264e+02, -1.0141631090114935e+03,
       8.7402054296475835e+03, 5.6283396434304700e+02,
       -8.4092557389542287e+02, 5.6283396434304700e+02,
       5.5008113540858983e+02, 3.7359761422314327e+03,
       -2.9143528186503210e+02, 2.0964268928772976e+03,
       -2.9143528186503210e+02, 5.1602660518593611e+03,
       -2.8711018400399138e+02, 2.0964268928772976e+03,
       -2.8711018400399132e+02, 2.2846145133171376e+03,
       2.2862884168899532e+03, 2.3668234135606826e+02,
       1.0764932630094538e+03, 2.3668234135606818e+02,
       8.6701221644070974e+03, 1.4213418973188748e+03,
       1.0764932630094538e+03, 1.4213418973188748e+03,
       1.1989771167347028e+03, 3.1709351633384294e+03,
       -8.6875323054926150e+02, -1.4242307698416721e+03,
       -8.6875323054926139e+02, 5.3145076284121833e+03,
       4.0361963278099876e+02, -1.4242307698416723e+03,
       4.0361963278099870e+02, 2.2827899628921614e+03,
       1.9876885992519587e+03, -1.1255064162872995e+03,
       5.6628685100682628e+02, -1.1255064162872995e+03,
       8.6954895884015841e+03, 7.8103107771518694e+02,
       5.6628685100682628e+02, 7.8103107771518694e+02,
       6.8718728519238277e+02, 3.8442964012496714e+03,
       -1.2558059337540049e+03, -1.4178935978618449e+02,
       -1.2558059337540049e+03, 9.2460115254603988e+03,
       4.0432395043135170e+02, -1.4178935978618455e+02,
       4.0432395043135170e+02, 5.4865151140617024e+02 ]
weights: !!opencv-matrix
   rows: 1
   cols: 18
   dt: d
   data: [ 5.2802514096370656e-02, 8.9918495294360565e-02,
       4.9946727104785427e-02, 4.3241704057577275e-02,
       6.0947364998743890e-02, 8.3605718598338527e-02,
       5.4490051503291649e-02, 5.6241706122934096e-02,
       7.7514752640079163e-02, 4.8402586403459187e-02,
       7.8782230539566664e-02, 6.1124442742192545e-02,
       4.4232188701724823e-02, 2.9804591838971144e-02,
       2.0995271174471319e-02, 6.7610122285415256e-02,
       4.0657961053571438e-02, 3.9681570844135629e-02 ]
pca_proj: !!opencv-matrix
   rows: 3
   cols: 21
   dt: f
   data: [ 1.02604255e-02, 8.46533298e-01, 5.67100069e-05,
       -5.08859605e-02, 4.68450844e-01, 1.89823491e-04, -5.55210514e-03,
       1.46431834e-01, -1.98076777e-05, -7.31809530e-03, 1.34976640e-01,
       -4.80776835e-05, -6.69380091e-03, 1.46460637e-01, -1.57161594e-05,
       2.11501210e-05, 1.32904761e-05, -3.16381829e-07, -1.62182951e-05,
       4.47223283e-04, 4.04881848e-06, 8.19958210e-01, 1.87153444e-02,
       -7.93817599e-05, 4.28530097e-01, 8.29724409e-03, 8.75842488e-06,
       2.28233948e-01, -2.37727305e-03, -1.84168690e-04, 2.08515689e-01,
       -1.20344283e-02, -2.14158339e-04, 2.18838796e-01, -7.27251405e-04,
       -1.84816250e-04, -3.05604735e-05, -5.04301033e-06,
       -1.27042276e-05, 6.79167337e-04, 1.30049409e-06, -1.63660501e-04,
       -1.48704097e-01, -3.29387456e-01, -1.82470303e-05, 1.08596861e-01,
       1.49965823e-01, -1.77574475e-04, 1.29315495e-01, 5.12750924e-01,
       2.36419466e-04, 1.37444586e-01, 5.11233926e-01, 2.85520800e-04,
       1.36541247e-01, 5.06532609e-01, 2.30281497e-04, -1.19767010e-05,
       -4.37137305e-06, 1.85016711e-06, 4.23374237e-04, 1.63331581e-03,
       1.86568883e-04 ]
