%YAML:1.0
means: !!opencv-matrix
   rows: 30
   cols: 10
   dt: d
   data: [ -1.4763823587104227e+02, 5.1372928642547784e+01,
       3.5922545702206854e+01, -3.8009369655281759e+01,
       -1.0913082879727739e+01, -1.0110509608951231e+01,
       1.6209720327263177e+00, 1.5351127082724456e+00,
       1.8878222897779792e-01, 9.8808604433012814e-02,
       1.3047088546726494e+02, -6.6173628322615174e+00,
       -2.6421242250969744e+01, 9.1873527577601219e+00,
       -9.7291146680120431e+00, 2.0805422183050325e+01,
       -1.3970126043454888e+01, -6.8758141120558065e+00,
       -6.0528110611703507e+00, 2.1307592545701435e+00,
       2.2958767692858068e+01, 4.8679818781450550e+01,
       8.2143747257208091e+00, -3.7711501819055222e+01,
       1.1557597474647652e+01, -1.0895755650897710e+01,
       -4.1255407202656693e+00, -1.0434013600364755e+00,
       -5.4772628465988431e+00, -2.8394005128065531e+00,
       -4.3528440080770991e+01, 3.4819159372208937e+01,
       2.3503305623642458e+01, -2.6770534500985377e+01,
       2.5489706096839846e+01, -1.6500426818010123e+01,
       2.6361970621736930e+00, 2.3360249267559530e-01,
       2.0871163701909523e-01, 1.3412586503942378e-01,
       6.1922671113143952e+00, -4.4018315376318981e+01,
       -3.2802492168592678e+00, 4.0897657198265534e+01,
       1.1604317359117019e+01, 1.6608748256641896e+01,
       -7.2501978846765587e+00, -3.8602579873153688e+00,
       -4.7720891437335933e+00, 1.2198818225641457e+00,
       -2.0309500152008289e+02, 1.0106345088593805e+02,
       4.2872057731213900e+01, -5.2892131219464062e+01,
       -2.4448255636658075e+01, 2.0704656994564459e+01,
       -4.7441227950760565e+00, 1.7877797297483169e+00,
       9.3834223392028904e-01, -1.5598637638304430e-01,
       8.8710328228587201e+01, 1.2396752782732149e+01,
       -2.5779866029929853e+01, -2.8896545035507334e+01,
       -2.8597890537419005e+01, -1.6030963624161494e+01,
       6.8719108207053181e-02, -1.2776712081489712e+00,
       1.1829376203579463e-01, -1.1668809695139379e-01,
       -3.2821710439824336e+01, -1.2979504421133621e+01,
       3.1594398885088594e+01, 3.0753781619139968e+01,
       2.6025504134452948e+01, -9.5684586866962249e+00,
       -1.0197019662469266e+01, -6.1735325086841497e+00,
       -5.2956612360626432e+00, 1.3741808279809833e+00,
       -1.9039540206668934e+02, 1.3818814473377470e+01,
       3.5070136627284683e+01, -7.1684092839837730e+00,
       -3.7578777187591927e+00, 4.2667270464132496e+00,
       -3.0253386256645833e+00, -6.6283478083024470e+00,
       -2.5833449003984819e+00, 9.1649511568970765e-01,
       -1.2647942375160615e+02, -1.9645006350126305e+01,
       2.3840577465181692e+01, 9.2131173374522959e+00,
       1.0903056673258451e+01, -8.5135364734527705e+00,
       5.5194042896955864e-01, -9.7152032941242628e-01,
       -2.9696817281971527e-01, -1.9704561934315734e-01,
       -1.2843505236426805e+02, 4.9353672864464260e+00,
       3.1741078637848236e+01, 3.1986579968457423e+00,
       -6.8567453362182009e+00, 2.0394833992906737e+01,
       -1.2507449546730287e+00, 1.6456606314582201e+00,
       9.0645371830261201e-01, -3.0661951376368529e-01,
       1.5741576638548239e+02, 2.3304601744738129e+01,
       -4.5794757988569842e+01, -1.1872670062022864e+01,
       -9.7759190384501728e+00, 4.3640308771692053e+00,
       8.9794052632024168e-01, 1.9484653953764097e+00,
       6.8263247326269683e-01, 5.9949469774761066e-02,
       1.3184558209155639e+02, -2.6357993702302625e+01,
       -3.2047895626281012e+01, 2.4223119273059229e+01,
       -4.8461179763385216e+00, 1.4535861860530241e+01,
       -2.0215965809641678e-01, 2.0697951915867154e+00,
       -4.2566186567092051e-01, -1.5928398689562751e-01,
       -1.4871752066047856e+02, -1.0348934839014521e+02,
       2.7244580654753218e+01, 6.6623723874557243e+01,
       -1.9934461964485628e+01, 8.2692267668478225e-01,
       -2.4520070221526744e-01, -1.4750769916099145e+00,
       1.0389314347061935e+00, -4.6031716536341655e-01,
       -1.9551159814778799e+02, 2.0841200261825691e+01,
       4.3000189911608501e+01, -1.2404165938194245e+01,
       -1.0886794143574711e+01, -9.2292934224403433e-01,
       -5.7065269510729033e-01, -8.3462408516643771e-02,
       4.0738992463734958e-01, 3.0639676686197931e-01,
       3.6258144939207739e+01, -9.6511744515325290e+01,
       -9.9514305689284246e+00, 6.8913628079982132e+01,
       -4.1106562454303015e+00, -1.2077985389273487e+00,
       2.0718774957085837e+00, -3.8288273416676782e-01,
       -7.5229676203615356e-02, -1.4936957832120121e-01,
       9.1332413076703560e+01, -5.8015149217489970e+01,
       -2.8339932590214218e+01, 3.4526336281816363e+01,
       -4.9681845266467066e+00, 8.4803894989147839e+00,
       -4.8480706816582769e-01, 8.1526650632725406e-01,
       6.7876819866531235e-01, 5.9478498292283528e-02,
       7.1741297037681129e+00, 1.6038984295450973e+02,
       -6.4870351489366507e-01, -8.7252599620150804e+01,
       1.6614266530654000e+01, 1.8036218749748116e+01,
       -7.4192366916807595e-01, 2.2269946056321976e+00,
       2.0877171329661346e+00, 4.8321173277918805e-01,
       -5.9050087402038891e+01, -8.4905312739825760e+01,
       1.8362759148045818e+01, 5.2265772509022092e+01,
       7.0068520141062010e+00, -4.6537449843894043e+00,
       1.9343592468871265e+00, -4.6682785190890802e-01,
       1.8584689105332247e-01, -2.5114076203726108e-02,
       1.5548084353498865e+02, 2.0114545583329157e+01,
       -4.1699835693621388e+01, -6.2452640470868914e+00,
       -4.7894709678603649e+00, 1.3664152865932017e+01,
       -1.6280029834217384e+00, 1.0994553187463496e+00,
       4.8627729943319015e-01, 1.0777572043228337e-01,
       8.0910015789313775e+01, 1.7831833348810665e+01,
       -2.2945185678620795e+01, -3.2892382540306158e+01,
       -2.5039198101062063e+01, -2.0738890841295259e+01,
       1.2835139070594983e+00, -2.9055394838499455e+00,
       2.9564924553480521e-01, -9.8921220330907829e-04,
       1.6094218288126032e+02, 2.3435375861313606e+01,
       -4.1040266532412495e+01, -3.0944954594784257e+01,
       -8.4009938594150135e+00, 1.5607639072301682e+01,
       2.1505614953259158e-01, -2.5565093404271866e+00,
       -2.5490859259586656e+00, -1.9507247013682656e+00,
       -1.4997122829460203e+01, -2.7563821958233444e+01,
       1.1716724440242128e+01, 1.1552522483284406e+01,
       4.6396049329798270e+00, -1.1295261374303813e+01,
       2.3635504828646829e+00, 5.0673700518075360e-01,
       1.0207288580734669e-01, 2.6761564852390113e-01,
       -1.1732224064090113e+01, 1.2238056149106283e+01,
       -6.7043684451111716e+01, -4.5062936080359739e+00,
       1.7681491159339419e+01, 7.0305457967393192e-01,
       2.0676874365757375e-01, 1.2310092091121405e+00,
       4.5240682985132263e-01, -1.1925546647189375e-01,
       8.4882830533113946e+01, 8.9804093065117314e+00,
       1.1878583523358744e+01, 3.4636889044295858e+00,
       1.5447537757379344e+01, 5.0643950829333981e+00,
       6.2555266635764939e-01, 1.1943867817665543e+00,
       3.2918951418564035e-01, 5.8887062679042215e-02,
       2.8506839178452410e+01, 2.6362872213078528e+01,
       -3.1009152071392108e+00, -8.8486304060815577e+00,
       6.0700959216814854e-01, 6.1932763999063383e+00,
       2.1563021702926384e+00, 3.4238397747832803e+00,
       6.9774948239936918e-01, 8.0162537663097472e-02,
       -1.8622162647318248e+02, -2.9576670337448277e+01,
       4.6661256868352744e+01, 2.3088638569637876e+01,
       -9.8743021266876081e+00, 3.4424045232894205e+00,
       6.2016736101512393e-01, 9.0334484148181193e-01,
       2.5244732463598701e-01, -1.6873453330821933e-01,
       6.0758491677773591e+01, 4.0418092335072863e+01,
       -1.1700659058022396e+01, -4.2512371974783974e+01,
       -9.5621246873417629e+00, -2.0730100134000882e+01,
       2.5062105376543142e+00, 8.2566791777150916e-01,
       4.7706175789196899e-02, -2.9393226883367953e-02,
       1.4476464356957081e+02, 1.8668440651206513e+01,
