%YAML:1.0
means: !!opencv-matrix
   rows: 5
   cols: 10
   dt: d
   data: [ 7.3688146332081274e+01, -1.5917802661601677e+01,
       -1.2042979004998228e+01, 1.3832868865324857e+01,
       5.8612636410798080e+00, 3.2950910396116431e+00,
       6.2740040065091651e-01, -2.0336529624551661e-01,
       -3.3433714533014791e-01, 3.4288793952040639e-02,
       -1.6526003894277500e+02, -3.1955764233630628e+01,
       4.0722391152677481e+01, 2.5511925294481230e+00,
       -1.0125554982469255e+01, -5.0274027229788543e-01,
       -8.5854825265120371e-01, 5.4342376251294011e-01,
       -2.3040489689807081e-01, 8.6800206389802403e-02,
       1.0966451337660059e+01, -1.1692381288719271e+02,
       -3.2355935128815227e+00, 4.2733927266845427e+01,
       1.7179044966014489e-01, -1.3388751370370365e+01,
       -9.4739100727532899e-01, -5.0762854405982305e-01,
       -8.6376137372803058e-02, -5.9302608563628600e-01,
       4.0301638859159709e+01, 3.5899387953538117e+01,
       -9.6702350799013921e+00, -2.2552605786815754e+01,
       7.1762182728445789e-01, -1.2962879988792031e+01,
       -8.1008638918965623e+00, 1.9136892695928831e+00,
       6.6778045449208294e+00, 6.9733460595617669e-01,
       -2.2266748026073653e+01, 1.1105085305085323e+02,
       -1.0082739794930829e+01, -4.9093720026785277e+01,
       -4.2417369228268091e+00, -2.6170005848448707e-02,
       1.5028764002002173e+00, -3.1267020884681462e-01,
       -3.5937537800346314e-01, -1.0958666563615806e-01 ]
covs: !!opencv-matrix
   rows: 50
   cols: 10
   dt: d
   data: [ 9.9017490193289632e+03, 3.7791846871841813e+02,
       1.2899003618586505e+03, -5.5202071186910666e+02,
       -1.2467075701097817e+03, -2.7597251119974595e+02,
       -9.2084989701386704e+01, 2.3023937960757980e+01,
       -3.1548309567171319e+01, 3.7932168553486545e-01,
       3.7791846871841813e+02, 8.3715565297034609e+03,
       2.2443181268636781e+02, 1.5860576750713315e+03,
       -1.4392335826134678e+02, -4.1665428696050992e+02,
       -6.3009798242138430e+01, -2.0176389553453177e+01,
       -1.2777100145666786e+01, -8.8855576247238179e+00,
       1.2899003618586505e+03, 2.2443181268636775e+02,
       3.0431526379439706e+03, -7.2542499681327996e+01,
       3.0190008790436349e+02, 8.2477024101493527e+01,
       3.0802173573585588e+01, -6.5209625190513334e+00,
       5.4301220678722393e+00, 2.1528504395752499e+00,
       -5.5202071186910689e+02, 1.5860576750713315e+03,
       -7.2542499681327996e+01, 2.2067782320139454e+03,
       -7.7155227991934581e+01, 1.0088381453551234e+02,
       1.0931629293305688e+01, 1.0030304275778679e+01,
       7.2738541156136467e+00, -6.9477629401652174e-01,
       -1.2467075701097815e+03, -1.4392335826134678e+02,
       3.0190008790436355e+02, -7.7155227991934609e+01,
       5.6271771719235403e+02, -7.3120083311573367e+01,
       -8.5176506015328144e+00, -1.0972627446499127e+01,
       -5.5203308004486766e+00, 7.9081750106766568e-01,
       -2.7597251119974590e+02, -4.1665428696050992e+02,
       8.2477024101493527e+01, 1.0088381453551231e+02,
       -7.3120083311573367e+01, 2.5758472270802486e+02,
       -5.8066737411194431e+00, 1.4757829545854939e+00,
       5.7082403719969790e+00, -2.0620033067644132e+00,
       -9.2084989701386704e+01, -6.3009798242138430e+01,
       3.0802173573585595e+01, 1.0931629293305694e+01,
       -8.5176506015328144e+00, -5.8066737411194422e+00,
       2.4209437888410839e+01, 4.7959735371048993e-02,
       3.6397523772312699e+00, 1.2582890403037511e-01,
       2.3023937960757987e+01, -2.0176389553453177e+01,
       -6.5209625190513325e+00, 1.0030304275778679e+01,
       -1.0972627446499127e+01, 1.4757829545854932e+00,
       4.7959735371049139e-02, 1.4443877266768991e+01,
       -7.3281217431174561e-01, 6.1306836252805375e-01,
       -3.1548309567171330e+01, -1.2777100145666783e+01,
       5.4301220678722402e+00, 7.2738541156136467e+00,
       -5.5203308004486766e+00, 5.7082403719969799e+00,
       3.6397523772312699e+00, -7.3281217431174561e-01,
       1.3237427291685537e+00, 2.9310061918316851e-02,
       3.7932168553486573e-01, -8.8855576247238179e+00,
       2.1528504395752499e+00, -6.9477629401652174e-01,
       7.9081750106766568e-01, -2.0620033067644132e+00,
       1.2582890403037517e-01, 6.1306836252805375e-01,
       2.9310061918316848e-02, 3.0478955213518938e-01,
       6.9004190220753608e+03, -1.4888169196805907e+02,
       2.8759152641694850e+03, -7.8195530383339246e+02,
       3.0664925228853667e+02, 2.6412411590762662e+02,
       9.3705246188183906e+01, 2.5705592727323932e+01,
       2.2156851930740729e+01, 2.2738989362636852e+00,
       -1.4888169196805907e+02, 9.9657947596732156e+03,
       5.1032324805609829e+02, 1.0010408196240186e+03,
       7.3512356175544983e+02, 2.6462332414835095e+02,
       8.8507797378387338e+01, 3.9990564862622897e+01,
       1.2173127493811474e+01, -1.0627590856889217e+00,
       2.8759152641694850e+03, 5.1032324805609807e+02,
       2.4564426104079762e+03, 5.7597722065557278e+01,
       -1.5709578603467691e+02, -3.3925456026920280e+01,
       -2.8750404363066757e+01, -6.6840861009844597e+00,
       -8.0079394943232103e+00, 3.6758836230725167e-01,
       -7.8195530383339235e+02, 1.0010408196240186e+03,
       5.7597722065557257e+01, 2.3866984256781052e+03,
       -2.8693729236975207e+02, -2.6703154855721967e+00,
       -2.1335384382703936e+01, -2.1555359439865335e+01,
       1.8995878666861141e+00, 2.2900345706711418e+00,
       3.0664925228853673e+02, 7.3512356175544983e+02,
       -1.5709578603467691e+02, -2.8693729236975207e+02,
       2.9840138910804041e+02, 1.0039176659376794e+02,
       2.1639752396671749e+01, 1.4633334906840323e+01,
       1.0535412637062517e+01, 2.3623017594602486e-01,
       2.6412411590762667e+02, 2.6462332414835100e+02,
       -3.3925456026920287e+01, -2.6703154855721940e+00,
       1.0039176659376794e+02, 2.8440247150901109e+02,
       2.7723072875647401e+00, 9.2787930500641220e+00,
       7.5157398120132015e+00, -7.2325628181528478e-01,
       9.3705246188183906e+01, 8.8507797378387338e+01,
       -2.8750404363066767e+01, -2.1335384382703943e+01,
       2.1639752396671749e+01, 2.7723072875647410e+00,
       3.1467399264000079e+01, 3.8915461615053832e+00,
       9.9244747237161390e-01, -7.1188413044459761e-02,
       2.5705592727323932e+01, 3.9990564862622897e+01,
       -6.6840861009844570e+00, -2.1555359439865335e+01,
       1.4633334906840325e+01, 9.2787930500641238e+00,
       3.8915461615053841e+00, 1.4107043252834410e+01,
       -1.3475136694394851e+00, 2.9383908997076436e-01,
       2.2156851930740729e+01, 1.2173127493811476e+01,
       -8.0079394943232085e+00, 1.8995878666861148e+00,
       1.0535412637062517e+01, 7.5157398120132015e+00,
       9.9244747237161390e-01, -1.3475136694394851e+00,
       6.1069123077228156e+00, 6.0591261456260648e-01,
       2.2738989362636861e+00, -1.0627590856889213e+00,
       3.6758836230725167e-01, 2.2900345706711418e+00,
       2.3623017594602486e-01, -7.2325628181528501e-01,
       -7.1188413044459761e-02, 2.9383908997076436e-01,
       6.0591261456260648e-01, 6.7676545224582718e-01,
       7.6644398313449728e+03, -1.0197459105834831e+03,
       2.3402872341675165e+03, -5.5816823161367063e+02,
       -4.9537684212477791e+02, -9.1071757202141924e+01,
       -4.8803653631176324e+01, -2.6303707399423779e+01,
       1.6184900064779132e+01, 2.7941602718867751e+00,
       -1.0197459105834830e+03, 1.3793813363861946e+04,
       -2.9374147421122939e+02, 3.6620286917185899e+02,
       -6.9651245616253362e+01, 8.8033677010280360e+02,
       1.3236558626760549e+02, 6.0015550310721260e+01,
       -8.5402023463902808e+00, 6.1246498676042840e+01,
       2.3402872341675165e+03, -2.9374147421122950e+02,
       2.7775955092815111e+03, 2.4878881124386726e+02,
       1.6727993501746360e+02, -1.3684753937492695e+02,
       -2.0600643788844774e+01, 1.4236333080591820e+01,
       1.9351146153499993e+01, -1.1120986298450005e+01,
