%YAML:1.0
means: !!opencv-matrix
   rows: 8
   cols: 19
   dt: d
   data: [ -1.6718162867560201e+02, 1.1924266933732413e+01,
       3.6759231455600613e+01, -1.4990863111807524e+01,
       -1.3521739363424123e+01, -6.2763373040996495e-01,
       1.3885968217589487e-01, 7.2740251902557362e-01,
       -1.0410896150920514e+00, -6.8814823877863099e-02,
       1.5203343508903287e-02, 8.1021198647666902e-03,
       3.7973197967133151e-03, -3.2241365775037890e-03,
       1.4738079582915533e-03, -4.9176284911323287e-03,
       2.2749890143992731e-05, -4.9264722780439235e-04,
       -1.8176739577127220e-03, 2.5039531146865215e+01,
       -1.2746150852255543e+02, 3.2762261813477718e+00,
       4.4054338690004741e+01, -1.1595787185064761e+00,
       -1.3875546295158182e+01, -4.2583480193612122e-01,
       -1.0249596607119884e+00, 7.8552931037203899e-02,
       -5.8228528619716491e-01, -2.0133090867398476e-01,
       -4.5635247623305349e-02, 4.6433977554714533e-03,
       4.6428297601843358e-03, -2.9837680473222262e-02,
       7.2054661930791956e-03, 1.1060471854621578e-03,
       2.0341983870731041e-03, 6.9405819850884305e-04,
       3.6105391126514334e+01, 3.3087116957098665e+01,
       -6.9998975710971552e+00, -1.9720032856764107e+01,
       3.0752678708583714e+00, -1.1143801788403090e+01,
       -6.9761172783909986e+00, 1.7213592877909680e+00,
       5.9221356691162557e+00, 7.7976226605069521e-01,
       4.7297749328502461e-02, -1.6194987607756541e-02,
       -3.3843224220800099e-02, 1.1874617237262269e-02,
       7.9516336318648170e-03, -1.3958154581911273e-02,
       6.4082534416390518e-03, 1.5395669115858884e-02,
       -3.9099537835231438e-03, 8.7198098587148792e+01,
       1.1408739624103825e+01, -2.1512313040367559e+01,
       5.1784987615852218e+00, 1.5497412022936445e+00,
       6.4082261930548361e+00, -2.9898846928213985e+00,
       -7.1342438943610509e-01, -7.5353827766185255e-01,
       -4.6030310955523492e-02, 2.8604600571624623e-02,
       2.4742177706283332e-03, 3.7534462883654319e-03,
       -9.6215389809739330e-03, 2.8408902778369906e-02,
       5.7904445792695443e-03, 1.7839807999659256e-03,
       -2.1624947452166519e-03, -8.6892357511659689e-04,
       -3.0138486510458481e+01, 1.6890280210146738e+01,
       -1.4721840941909276e-01, 1.7309744148266486e+00,
       1.9435115253593342e+01, 1.1794894972418184e+01,
       -1.3192500655593384e+00, 4.1743789270446002e-02,
       -9.0326079219371369e-01, -1.5909022171329543e-01,
       -3.5458651799308800e-02, -1.8840498658832996e-02,
       1.1876368503952008e-03, 1.8737722121060110e-03,
       -1.0071862401966333e-02, -6.1625223699025801e-03,
       -1.3320433989987015e-03, 7.4992113468260303e-04,
       5.9424434682817693e-05, -1.6400653260599921e+02,
       -7.3227917759822361e+01, 4.1645813601964733e+01,
       1.4120314733883044e+01, -1.5212258498919232e+01,
       -1.0126427174491045e+01, -3.8230678773929556e+00,
       -9.3856189232653708e-01, 1.5610199548769104e+00,
       4.1432490814511708e-01, -8.0347144758842262e-02,
       -1.2850191923479843e-02, -6.3668422940891941e-03,
       7.8452998726013749e-03, 8.8386038400523129e-03,
       1.2646989653912716e-02, -4.7012041509026034e-03,
       8.3957002644190031e-04, 6.8443223256506010e-03,
       3.8794213454137584e+01, -1.0499536373513317e+01,
       6.4461985709127062e-02, 2.6405735495557470e+00,
       5.7546331603540910e+00, -4.8387534289964695e-01,
       5.1730960442500029e+00, 2.3273814298068363e-01,
       3.6103853920395884e-01, 1.4029341932134687e-01,
       3.5097574874064362e-02, 3.3892637709567387e-02,
       1.1418968677540785e-03, -5.2622547711180081e-03,
       7.5955966367833409e-03, 1.3753750888975676e-03,
       5.7725320237440772e-04, -1.2847762885228988e-03,
       1.6367712793229525e-04, 1.0731618822644467e+02,
       6.5968951197617841e+01, -3.7948241546763811e+01,
       -1.8787249896478190e+01, -1.0665316839322406e+01,
       -2.8154546604732564e+00, 2.1638574627240156e-01,
       -1.2951989166837510e-01, -5.3278024372741395e-01,
       -1.2030871866571395e-01, 4.5025038304096453e-02,
       -2.1648536659692547e-02, 6.3566104019313553e-04,
       1.4791655544788163e-02, -3.5508499464546692e-02,
       -2.1420163417957090e-03, -3.2231964016103598e-03,
       -2.7376922130391921e-03, 9.7366940847274915e-04 ]
