%YAML:1.0
means: !!opencv-matrix
   rows: 8
   cols: 6
   dt: d
   data: [ 8.1521736244770594e+01, 1.5909042388984401e+01,
       -2.3610391078128469e+01, -3.2500786221057879e+01,
       -2.6135549280057504e+01, -1.9833203171683994e+01,
       -1.3487773693250722e+02, -6.0636855158920746e+01,
       3.1774181004284777e+01, 4.1523384326484830e+01,
       -4.6552488551567848e+00, 9.6212130119526007e-01,
       -1.1395026953865214e+01, 7.5517570726048833e+00,
       9.9563631995474946e+00, -1.9208821724672549e+00,
       2.7008498249613677e+01, -3.4422642832797590e+00,
       5.1187657426158616e+01, -8.3858736726551157e+01,
       -1.6448212970396604e+01, 5.5444667414484762e+01,
       -3.4751110735423500e+00, 4.4912915598430114e+00,
       -1.6750873193628127e+02, 5.6428867749191895e+01,
       3.9069388687358924e+01, -3.4178753984163521e+01,
       -1.0794741449752205e+01, 1.1595926519577837e+00,
       1.4881745302990973e+02, 3.2057332390114266e+00,
       -3.9916183516761350e+01, 1.7027971699685045e+00,
       -6.1588180943034310e+00, 1.2599650160416175e+01,
       8.6353088773871477e+01, 1.3720822650839932e+00,
       -2.1279054388449396e+01, 6.3563505645595830e-01,
       1.4306031829125083e+00, 3.4646796100041346e+00,
       2.1457494120294491e+01, 9.8108901909178499e+01,
       -9.4123550417098245e-01, -6.2134091268324504e+01,
       7.1463869092101833e+00, -4.9051813584911805e+00 ]
covs: !!opencv-matrix
   rows: 48
   cols: 6
   dt: d
   data: [ 4.0828699794969948e+03, 8.1180740174707410e+01,
       3.0855067161124734e+03, 1.4207352715546773e+02,
       -1.0667801483354289e+02, -2.5867917487311747e+01,
       8.1180740174707466e+01, 5.5828103526941841e+03,
       -4.0747855430822291e+01, 2.4577283399564326e+03,
       -4.2137746942314450e+01, -1.3640030522130428e+02,
       3.0855067161124734e+03, -4.0747855430822298e+01,
       2.5750272268879435e+03, 3.1588602788694942e+01,
       -8.1969071040283822e+01, 5.1920169471815555e+01,
       1.4207352715546773e+02, 2.4577283399564326e+03,
       3.1588602788694942e+01, 1.1704321172113835e+03,
       -6.5009346711400497e+01, -8.7931016368905702e+01,
       -1.0667801483354286e+02, -4.2137746942314443e+01,
       -8.1969071040283822e+01, -6.5009346711400525e+01,
       3.7927445322188362e+01, 7.3597055279214576e+00,
       -2.5867917487311733e+01, -1.3640030522130425e+02,
       5.1920169471815555e+01, -8.7931016368905702e+01,
       7.3597055279214576e+00, 8.0883302091187304e+01,
       8.3659300191770872e+03, -8.9194056954993539e+02,
       2.7069572086897460e+03, 8.2007555479771554e+02,
       4.0404113679311649e+02, -3.3755280364493109e+02,
       -8.9194056954993562e+02, 7.9717774749809478e+03,
       2.3528835926999710e+02, 1.3299489832356035e+03,
       -5.1474818409298360e+00, 2.0262033999371664e+02,
       2.7069572086897460e+03, 2.3528835926999704e+02,
       2.5321605678008450e+03, -1.8787142923714839e+02,
       -9.4156954659705136e+01, 4.0267047581749075e+01,
       8.2007555479771531e+02, 1.3299489832356035e+03,
       -1.8787142923714839e+02, 1.5746508423570313e+03,
       -6.5229911841949246e+01, -1.7710830388826597e+02,
       4.0404113679311649e+02, -5.1474818409298333e+00,
       -9.4156954659705164e+01, -6.5229911841949274e+01,
       1.6977787768757946e+02, -6.7852958751870645e+01,
       -3.3755280364493109e+02, 2.0262033999371664e+02,
       4.0267047581749075e+01, -1.7710830388826597e+02,
       -6.7852958751870631e+01, 1.5327912406551329e+02,
       5.4403601915358240e+03, 4.0167094762571156e+02,
       2.9841954803411732e+03, -3.6482367473599657e+00,
       -3.5557001711283952e+01, 1.7197372542363431e+02,
       4.0167094762571156e+02, 8.0465793675603873e+03,
       -1.2816278944024472e+02, 1.0462139857363468e+03,
       1.3596150907816880e+02, -2.2506110894476217e+02,
       2.9841954803411722e+03, -1.2816278944024467e+02,
       2.4630116832297640e+03, -7.4008361206454623e+01,
       -7.7098299817948998e+01, -2.9153684549311922e+01,
       -3.6482367473599746e+00, 1.0462139857363468e+03,
       -7.4008361206454623e+01, 1.8451627350316860e+03,
       -1.7107723946638208e+02, 7.2892971696370552e+01,
       -3.5557001711283945e+01, 1.3596150907816877e+02,
       -7.7098299817948970e+01, -1.7107723946638205e+02,
       2.0054404122323146e+02, -1.4963553037024543e+01,
       1.7197372542363425e+02, -2.2506110894476217e+02,
       -2.9153684549311915e+01, 7.2892971696370566e+01,
       -1.4963553037024550e+01, 1.5444821969328814e+02,
       6.2811094704599309e+03, 8.4405050744857283e+02,
       2.7300327193272087e+03, -4.0850252764673934e+02,
       -6.3585655950748780e+01, 2.7194948393424431e+02,
       8.4405050744857317e+02, 6.6820817930125604e+03,
       -3.2296138904423998e+02, 1.8168086140887283e+03,
       -3.3542222041360141e+01, 1.3255529414722093e+02,
       2.7300327193272087e+03, -3.2296138904424015e+02,
       2.6163869435190054e+03, 8.0270513329986116e+01,
       -1.3372792244192161e+02, -2.1845443204075458e+01,
       -4.0850252764673934e+02, 1.8168086140887285e+03,
       8.0270513329986144e+01, 1.4064402071955760e+03,
       -7.3868057484084289e+01, -2.6664953477838452e+02,
       -6.3585655950748752e+01, -3.3542222041360141e+01,
       -1.3372792244192161e+02, -7.3868057484084289e+01,
       5.5581494508200642e+01, 2.3308904270880475e+01,
       2.7194948393424431e+02, 1.3255529414722093e+02,
       -2.1845443204075472e+01, -2.6664953477838452e+02,
       2.3308904270880479e+01, 1.0658380423442867e+02,
       6.9871022979047430e+03, -5.6616118025859942e+02,
       3.0289788278011829e+03, 4.4705678745092075e+02,
       4.0818499372894746e+02, -5.4926076694064363e+02,
       -5.6616118025859919e+02, 7.7072041166958688e+03,
       -6.5606616126089293e+01, 1.6246399108492380e+03,
       -4.8679971542598759e+02, 6.0853362412602019e+02,
       3.0289788278011829e+03, -6.5606616126089321e+01,
       2.4619297600953560e+03, 3.1866411753080595e+01,
       -5.7876014243969443e+01, 9.7695568360203751e+01,
       4.4705678745092075e+02, 1.6246399108492380e+03,
       3.1866411753080612e+01, 1.4441777206823708e+03,
       2.0873715015556184e+02, -2.1676015354252246e+02,
       4.0818499372894740e+02, -4.8679971542598770e+02,
       -5.7876014243969422e+01, 2.0873715015556184e+02,
       2.3539268835376561e+02, -1.5711199479913029e+02,
       -5.4926076694064363e+02, 6.0853362412602019e+02,
       9.7695568360203751e+01, -2.1676015354252246e+02,
       -1.5711199479913029e+02, 4.0367496886609484e+02,
       4.7115741938050551e+03, 1.0388434748651265e+02,
       2.8774264848334724e+03, -3.1051257590321679e+01,
       -1.4126929136417121e+02, -1.0520734033454013e+02,
       1.0388434748651272e+02, 6.4130056613662673e+03,
       -1.7657986090425084e+02, 1.8304770375223243e+03,
       -7.0540275727020841e+01, -5.3140460246325013e+01,
       2.8774264848334724e+03, -1.7657986090425084e+02,
       2.5692300858509980e+03, 1.1318896566269665e+02,
       -8.6895705887146889e+01, 5.1579059162940993e+01,
       -3.1051257590321686e+01, 1.8304770375223245e+03,
       1.1318896566269660e+02, 1.5856722651478244e+03,
       -3.1022329867027594e+01, -1.0892140866717821e+02,
       -1.4126929136417121e+02, -7.0540275727020841e+01,
       -8.6895705887146889e+01, -3.1022329867027594e+01,
       2.2877044102546861e+01, 1.4407865214199578e+01,
       -1.0520734033454015e+02, -5.3140460246325027e+01,
       5.1579059162940979e+01, -1.0892140866717821e+02,
       1.4407865214199575e+01, 5.4303459144311091e+01,
       5.8167504045551377e+03, 8.1449310414716047e+02,
       2.6417521085286039e+03, -2.7739239876347500e+02,
       -3.8148227151088003e+02, 9.3796107281357095e+00,
       8.1449310414716035e+02, 8.6187792930734486e+03,
       -3.7541934936820503e+01, 8.6115853022876138e+02,
       4.7593969248450044e+01, -2.5412918667952070e+02,
       2.6417521085286035e+03, -3.7541934936820496e+01,
       2.6700218666362857e+03, 4.5424237452924160e+01,
