%YAML:1.0
means: !!opencv-matrix
   rows: 45
   cols: 6
   dt: d
   data: [ -4.6802004852875301e-01, 4.0055969670394468e+01,
       -5.7375324772023632e+01, -7.1107834281047445e+01,
       -1.6961757717640495e+00, -2.2305256409103937e+00,
       1.4794875049636892e+02, -1.0064161369113435e+01,
       4.8980959828848171e+01, -2.0284026344778159e+01,
       7.5281859563724973e+00, -9.6972092962885592e-01,
       -4.0102491169516988e+01, -4.2085686377537144e+01,
       9.4059171629743517e+01, 5.1143143023882178e+00,
       -2.8119887266942585e+00, 1.7646338035603033e+01,
       2.6792351311236406e+01, 1.3229299874560462e+02,
       -2.8499347431816336e+01, -5.5383007537601479e+01,
       -9.9200589324436024e+00, 2.2261540368861588e+00,
       1.2776744000060070e+01, -9.6263507407178309e+01,
       -2.7648843795978819e+00, -3.3652830060251809e+01,
       2.4398503332129138e+01, 7.7605260173970159e+00,
       -2.9282752242963574e+02, -3.5424982208862154e+01,
       -1.1820625844562848e+01, 1.1322375567536366e+01,
       -1.1140362474711193e+01, -4.1917681828271407e+00,
       -4.7272511634950966e+01, 1.6455435081125790e+02,
       1.8824056574138492e+01, 1.2432731743914404e+01,
       1.9210666109415449e+01, -1.6007619490547655e+00,
       4.2166556350215224e+01, -4.4218512559505179e+01,
       -1.0384783782435376e+02, -3.4374485165031686e+01,
       -7.0531325599344976e+00, 3.9091689553319731e-01,
       -8.2194223365809279e+01, -5.5047008939090006e+01,
       6.9610602134238448e+01, -8.7393564030032763e+01,
       -2.6148441025919578e+00, -2.1142964259280355e+00,
       -3.3618063515158823e+00, -1.3799981895607638e+02,
       3.1259989547388788e+01, 6.0703673492242032e+01,
       3.3273028034906936e+01, -1.5681067955661762e+01,
       -1.8122055602817761e+02, -1.2352372573593344e+02,
       5.6597136417444119e+01, 4.1756488479824903e+01,
       -3.3759069005851622e+01, -1.4777784874143281e+01,
       -1.3382696157728523e+02, 1.3060068096222844e+02,
       1.0271542773763011e+01, -5.3643498386785708e+01,
       -2.5055209006830985e+01, -4.4207030125646112e+00,
       -1.9397081168401451e+02, -3.5635836192840308e+01,
       2.9998396234411473e+01, -4.1014989626528539e+01,
       -7.5491888855034546e+00, -8.2080747541899957e+00,
       1.0302943350333049e+01, -2.3548398303539375e+02,
       7.6227971047606964e+00, 7.6387266315271731e+01,
       -1.5607819245513483e+00, -3.1488289807301246e+01,
       1.7576824096347235e+02, -2.7967682545398723e+01,
       -4.5540466832338254e+01, 2.5449163715475482e+01,
       -8.3106678024928780e+00, -9.3221069207051706e+00,
       3.0675251921484399e+01, -6.1174787480450441e+01,
       -3.1924753546775033e+01, 6.8507868987723086e+01,
       5.3267927233717964e+00, 2.2437061103020799e+01,
       -1.2875290606452438e+02, -8.6355421078435953e+01,
       3.9027722237158457e+01, 1.3280427159001935e+01,
       -6.6776102723525037e+00, -3.0234436965814051e+01,
       6.4844130720313032e+01, -4.1207393276312466e+01,
       5.8981269897528868e+01, 1.7601704157055515e+01,
       3.7245100599503502e+01, 2.5913130030805620e+00,
       1.1859563040519988e+02, 1.5301665703956957e+02,
       4.6156836483052459e+01, -3.8329364005951192e+01,
       -7.4542685432978120e+00, -4.5741172580275773e+00,
       1.1018028949666640e+02, 1.4256300717700030e+01,
       1.1321162321094468e+01, -9.4432615055219955e+01,
       -4.9819744141802200e+00, -2.8741543987186957e+00,
       -7.9253313342783215e+01, 4.8112460650238674e+01,
       1.0417765152257194e+02, -1.6250732978322130e+01,
       -4.2976618872719285e+00, -2.7746805755978756e+00,
       -1.3652099946909610e+02, -1.4792778073216454e+02,
       2.2555457239630126e+01, -3.1062503973450763e+01,
       -2.8650446629120823e+00, 1.0496165905139764e+01,
       -1.9661014689240594e+02, 7.5454624904440237e+01,
       4.8323527267774864e+01, 2.3903015993133298e+01,
       -7.0136270235101517e+00, -8.0007249421815985e+00,
       -1.4774089998448201e+02, -4.4334691705862426e+01,
       2.4031738653394513e+01, 4.1266896819958106e+01,
       -1.2447125821955016e+01, 1.8789949826968343e+01,
       -5.4229220945357241e+01, -7.3375342147430104e+01,
       -1.4820465558222024e+01, 4.8501196760062626e+01,
       3.7840915076963128e+01, 8.7202557318120544e+00,
       1.3272843799371054e+02, -5.9853658307750486e+01,
       5.3723986323833287e+01, 4.4773468064359122e+01,
       3.8827950391117327e+00, 2.1770238103267747e+01,
       5.3520933801718037e+01, -1.8150603434276084e+02,
       -4.8027272373694201e+00, -2.2543259347202151e+00,
       9.5078701001286898e+00, 2.0652467640867272e+01,
       1.7411809132588596e+02, -2.7460966111495328e+01,
       -4.9690872763132127e+01, -3.0475334642576581e+01,
       -1.2483411339888759e+01, -7.9236974830209785e+00,
       -1.6870170331756717e+02, -8.0535850018332980e+01,
       4.4368874524431121e+01, 4.4800960283846102e+01,
       -3.2791462001139863e+01, 2.4559452309582062e+00,
       2.1793686088517688e+02, 9.9545233947056616e+01,
       7.2914720456922772e+00, 2.3947210935487092e+01,
       -1.2919864950953826e+01, -9.9617969170444134e+00,
       1.3378278342760936e+02, -8.6710031710052860e+01,
       -2.6415673135913028e+01, 4.9608884100602062e+01,
       -2.3404495224168308e+01, -3.0667829322915328e+00,
       -1.1319992257974707e+02, 8.8520451403875427e+01,
       1.0880464397633403e+01, -5.3743941933968500e+01,
       -1.5411957258971360e+00, 4.6395283761672497e+00,
       3.8635973932677842e+01, 1.5343701647211563e+02,
       -3.0097556147293659e+01, -1.8460480908197858e+00,
       7.7891657219443566e-01, -8.9597209158933087e+00,
       1.0665099078417842e+02, 7.6673977369980790e+01,
       -7.6330983739390717e+01, 4.2179475566389939e+01,
       -9.7105283913626437e+00, -1.0732309171007124e+01,
       -8.0845206957776114e+01, 7.2581110625436196e+01,
       -6.6863173668820608e+01, -1.6237399796898661e+01,
       1.3414773511938991e+01, -4.5215778649003857e+00,
       7.0909010558480858e+01, -4.9976448425040090e+01,
       -3.3319138955122654e+01, 1.8939004462123279e-01,
       1.1588811170688142e+01, -5.0502248872956486e+00,
       -1.0662368177246961e+02, 1.1150248218994227e+01,
       2.8080075242796106e+01, 2.3452188883943581e+00,
       1.3169305942268972e+01, 1.3080221074939091e+01,
       2.1688534001799944e+01, -4.8992008918428613e+00,
       -4.6058692869179856e+00, -1.5889297438163624e+01,
       2.5035945190321684e+01, -2.2350179430359436e+01,
       7.8285676456558946e+01, -3.1968747737311521e+01,
       -2.3675562791192231e+01, 3.9556560667587974e+01,
       -2.9040217857938728e+01, 2.3139833629445164e+01,
       1.0186759118279826e+02, -4.9875622343514991e+01,
       -2.1534623790090158e+01, 3.5605319041977936e+01,
       -2.7142162852535797e+01, 2.2722124598224738e+01,
       -1.7739523700557993e+00, 8.8776272665690939e+01,
       1.9205116391823487e+00, -4.2053697036057180e+01,
       1.4965660051457553e+01, -2.0350485102498368e+00,
       -5.6086671976787862e+01, -5.4349960015011511e-01,
       -1.4823538924848508e+01, 1.7613071604026491e+00,
       3.1321073817236091e+01, 2.6421746525408714e+00,
       6.3415472893700972e+01, 8.7413288147342215e+01,
       -2.4275991951873323e+01, -1.9325071664684994e+01,
       -1.1576072749776927e+01, 1.3837360623679427e+00,
       4.4069157703417652e+01, 7.2385954642965999e+01,
       -5.9298502816760417e+00, 5.1410298996402148e+01,
       1.2771589540757704e+01, -2.7301474899239184e+00,
       5.1269076740726565e+00, -6.6251540323047649e+01,
       2.3122518971606340e-01, 1.5190293563254052e+01,
       -1.1278637064334267e+01, -1.4203759625932493e+01 ]
