%YAML:1.0
means: !!opencv-matrix
   rows: 45
   cols: 8
   dt: d
   data: [ 1.1917640613071669e+02, 4.2667580581270286e+01,
       -3.5322630036678397e+01, -1.1496262981892739e+01,
       -1.8593337844527920e+01, -1.1379014405927842e+01,
       -5.3011353328938071e+00, 1.6880406465431714e+00,
       -7.9498597433464013e+00, -4.7707361615217657e+01,
       1.2107573193618736e+01, 1.2559729446833661e+01,
       4.0323067999886490e+01, 6.0187269889079999e-02,
       1.5727325212086301e+00, -1.2429012097029630e+00,
       1.0496477281900184e+02, -1.5086487096010517e+01,
       6.6390639612574716e+01, -1.2468108765727957e+01,
       1.9072661566347044e+01, 5.9268681860305819e+00,
       3.7180140562872588e-01, -8.7475812043940249e-01,
       4.0602799603186170e+00, 9.4468841401193004e+01,
       -1.3531715120140596e+01, -4.0195810344791767e+01,
       1.5841786615459361e+01, -4.6151893425410391e+00,
       1.5045193771116978e+00, 1.1183741102324838e+00,
       -1.1562848445744063e+01, 1.2012840114032200e+02,
       1.8478058247280988e+01, -3.0113037950862324e+01,
       1.8737004540595404e+01, -5.7078066151988238e-01,
       -1.2805579223021658e+01, 2.5466276013580322e+00,
       -1.5277022035946325e+02, -1.8277045982761734e+02,
       5.0610690659366121e+01, 5.9986085839225304e+01,
       -4.0395601894005559e+01, -2.6028163413094791e+01,
       -6.9814962418560977e+00, -2.3692752370760526e+00,
       1.2537253979006073e+02, -8.0129668348044678e+00,
       -3.5243148013629003e+01, 1.4092886625159270e+01,
       -1.2540346350946320e+01, -3.1190053065991643e+00,
       -1.6617679374966297e+00, 2.7020326683529888e-01,
       -1.3505703569209155e+02, 1.3018807459745483e+02,
       1.1802668625797448e+01, -5.3872779964677534e+01,
       -2.5273609723622421e+01, -4.4938178006964318e+00,
       -3.5960526107902857e-01, -1.2409679929435908e+00,
       4.1208584825824509e+01, -4.4508928988755081e+01,
       2.8381247294196208e+00, 3.2208007021944347e+01,
       2.7147719934039536e+01, -2.6083149319258836e+00,
       -6.3705855219216279e-01, -5.7594430167607805e-02,
       1.0024285419008352e+02, -4.6521945318681304e+01,
       -2.1326563677537798e+01, 3.6356499811279484e+01,
       -2.7590150091320059e+01, 2.3237189291480846e+01,
       1.1269528811862877e+00, 1.3529739315338811e+00,
       7.8306281896306649e+00, 1.3640233572393441e+02,
       -2.4254292872512167e+01, -5.7737520944111928e+01,
       -7.7362740837234734e+00, 2.8411948548609463e+00,
       2.3678033532388727e+00, -3.1186072465505543e-01,
       -1.9576503670709505e+02, -9.1461006791218395e+01,
       4.1380466861537542e+01, -2.2148043610031209e+01,
       -1.3153682826073457e+01, -3.4396920533864517e-01,
       -1.1786279493019620e+00, 6.1721922028880971e-01,
       1.8966054550439904e+02, 1.4201480877956984e+01,
       -4.9830785150662521e+01, 1.3014653080136707e+01,
       -9.6160364139002592e+00, -6.6941279499092072e+00,
       1.1369238674673474e+00, -3.9662368873199988e-01,
       1.3325369618613064e+02, -8.9672814688577475e+01,
       -2.7709304319281671e+01, 4.8941199020246806e+01,
       -2.3759175811802059e+01, -2.9671800713039875e+00,
       1.6454739496900681e+00, -2.9552368580238193e+00,
       -2.0976291733983268e+02, 4.1981752082731980e+01,
       4.4869191114839410e+01, -3.4347939160940079e+01,
       -1.6320833853770420e+01, -1.1806182881827414e+01,
       -1.9510178722782747e+00, 1.4357739469208071e+00,
       6.6602194848486320e+00, -1.5525969834576154e+01,
       9.2777366856775352e+00, -2.1689580507012639e+01,
       2.2059269042621029e+01, 5.5152993987707220e+00,
       7.0495023490647957e-01, -9.3219281767200091e-01,
       5.9610174853295383e-01, -3.2507948323806031e+00,
       2.5165420486410892e+00, -6.4059079840283735e+00,
       3.7805403936732205e+01, -1.5283439909248438e+01,
       -1.3998155807407129e+00, -1.0456011077723180e+00,
       1.9272386302173953e+01, -7.3965027668402868e+01,
       9.3399558534005163e+00, 4.1549738958408057e+01,
       2.3449365954937411e+00, 2.4154472366598597e+01,
       2.5944636297791619e+00, 2.0869577725890204e-01,
       -1.9173737047934810e+02, 3.3504860447824321e+01,
       6.2521673093673485e+01, 3.5568594197530373e+01,
       -1.0457526384930894e+01, -2.0122295832218615e+00,
       -6.3275015677590030e-01, 8.6975230086189770e-01,
       8.6379656278147991e+01, -6.0949512024587484e+01,
       -1.2819117976969366e+01, 4.9583050430807290e+01,
       -3.4708239188595549e+00, 2.5072198216475144e+01,
       2.2182456944907933e+00, 2.7613163865924700e-01,
       4.6503236088728030e+01, -3.5662216965967941e+00,
       -1.6476433278953024e+01, -2.2612511645894521e+01,
       6.5085922902928601e+00, -3.1408316881054517e+01,
       -6.5775199540157141e+00, 6.4191470067001228e+00,
       -1.5192554957492806e+02, -1.0974608388411217e+02,
       4.7471836305285940e+01, 3.8446423022315088e+01,
       -3.1587363372675632e+01, 2.8350197697909438e+00,
       -6.5712601420483372e+00, -5.8452133998315359e-01,
       -4.1902222826488412e+01, 7.1533092931178587e+01,
       -3.6035675742179003e+00, -4.2208598302989103e+01,
       1.5420634987546389e+01, 4.1664297179638714e+00,
       2.2473527456388189e+00, -4.5932085347541102e-01,
       -9.1045797326966422e+01, -1.2239779393988132e+02,
       1.3707471422769324e+01, -3.7241512751758982e+01,
       1.6786608067388823e+01, 1.0281225581589814e+01,
       7.3380520576981034e-01, 2.4105560376105892e-01,
       7.4985844404428397e+00, 1.1089891393164375e+02,
       5.7722332018969063e+00, 4.0535324634364429e+01,
       1.7362590794530906e+01, 2.2236008102349807e+00,
       -9.1686664521034758e-02, -5.3441454498570462e-01,
       -1.1197195158463730e+02, -4.6562349586519758e+01,
       3.5701907128665638e+01, 2.9778528754874202e+01,
       -9.1363523107083697e+00, 2.2480629980988276e+01,
       1.8157004912392107e+00, 1.8402630125158028e+00,
       -2.5180445164802794e+02, 3.4853148980290783e+01,
       -9.3520222876368457e+00, -2.1092959459916500e+01,
       -4.6895738240579004e+00, -1.1644312562153283e+01,
       6.1590101290826330e-02, 8.3603734996163570e-01,
       -7.6728943314016817e+01, 8.7655650230993729e+01,
       9.5934626001203469e+00, -5.5140261392972079e+01,
       4.1373570914139126e+00, 4.9299525802204824e+00,
       1.5961548962783421e+00, -7.6279943402937278e-01,
       8.5625914369687550e+01, 8.1822359654298097e+01,
       2.7339050751365050e+01, -5.4189559726563054e+01,
       2.3519347331684495e+00, -4.4134864234415110e+00,
       7.7682085657237565e-01, -1.0210958695629773e+00,
       -1.8568531595858002e+02, -9.4818174326675560e+01,
       4.9743174728345004e+01, 3.4195368692880997e+01,
       -3.2210195794536432e+01, -6.7199669489493274e-01,
       -2.3052209099198446e+00, -3.6803209215395905e-01,
       -1.3321218915484803e+02, 5.1871521302136941e+01,
       3.5257000822696455e+01, -4.1191839229219475e+01,
       1.8695607872643241e+00, -8.1000265226048374e+00,
       -9.5676918521587195e-01, -5.1189460660874497e-01,
       -6.1694739449953090e+01, -1.1195265165334265e+00,
       -6.1779904029367323e+01, 7.5337083920660830e-01,
       1.8613263587535890e+01, 3.3772754857776546e+00,
       3.5815922385324489e-01, -3.9681299995421615e-01,
       1.5405672893109676e+01, -1.7311052257272803e+00,
       -1.8456370496027052e+00, -1.3438629359998269e+00,
       -7.6656658295642757e+00, -9.3692382516638748e+00,
       -2.6588561290399175e+00, 2.6964960163555401e-01,
       2.0605562484082449e+02, -2.7463476902409831e+00,
       2.8127148120450070e+01, 3.1271952627527595e+00,
       1.8902557978522143e+00, -3.4937281238051869e+00,
       -5.2005219882838682e-01, -6.8054981802679959e-01,
       1.0514357179272656e+02, 9.3285517116436694e+00,
       -3.6195797220333567e+01, 2.7083033313811953e+01,
       7.1928204076235920e+00, -1.0539400025151609e+01,
       3.5388331180059029e-01, -9.2097619663335673e-01,
       -9.3433041928655783e+01, 1.2706604215781898e+01,
