%YAML:1.0
means: !!opencv-matrix
   rows: 42
   cols: 4
   dt: d
   data: [ -1.9733246844038379e+02, 4.6042120679107050e+01,
       -9.6406804817376148e+00, -3.3114635322891907e+01,
       1.3824080501380530e+02, 2.6795053263468160e+00,
       3.4213399094222567e+01, -8.7478219481888559e+01,
       2.0999869005585040e+01, -1.6954594956723312e+02,
       9.5117380416677868e+00, -1.1687866436531539e+01,
       3.2497939646695166e+01, -2.0939794229556622e+01,
       -9.0477518764770323e+01, 4.5651621912106947e+01,
       -1.3519899374766956e+02, -9.0121241905828825e+01,
       -3.3224841590716068e+01, -1.3151837622784660e+01,
       -9.1413819168026237e+01, 1.1469820601119643e+02,
       7.5799364935896349e+01, -2.3065903726185738e+01,
       1.6976221160473506e+02, -3.8488708935410017e+01,
       3.6393877051708444e+01, 2.8675301966629188e+01,
       -1.3001904971694609e+02, 1.3845953086058376e+01,
       3.1770146112556120e+01, 4.8391133696923596e+01,
       1.6925411649720101e+02, -1.2623655152763708e+02,
       -9.9729062543868565e+00, -3.7097115461250688e+01,
       3.1595540303531524e+00, 9.1676947577719034e+01,
       -3.3988599740771448e+01, -3.8269391118251178e+01,
       -2.8093267671584539e+02, -5.7141064183061744e+01,
       -1.1994147243777086e+01, 3.6443505534884181e+01,
       -6.7803339793736384e+01, -1.1048329105653018e+02,
       5.3291634981014042e+01, -2.2925858643536891e+01,
       1.1873891949643811e+02, 1.2279545868135183e+02,
       5.6358809540609791e+01, -2.6307701521310442e+01,
       -1.8795892006032580e+02, 1.5634837152731816e+02,
       2.5967248575419095e+01, 1.8949916483456452e+01,
       1.5274510901523058e+02, 3.6050422833839932e+01,
       -2.6111029504684463e+01, 4.9376844140455816e+01,
       -3.6747300671012496e+01, 2.5320649330299535e+01,
       1.0663869235855549e+02, 2.4549438899770433e+01,
       -1.5073097706028545e+02, -5.7246412684211208e+01,
       1.4779234310583679e+01, -7.9479995043039054e+01,
       -2.5084115192185271e+02, 1.0563642657234057e+02,
       -2.0653742043714537e+01, 1.2751464515043224e+01,
       -7.3622897715500017e+01, -1.3852669370166771e+02,
       -4.8872316197417206e+01, 1.5686789347568439e+01,
       5.2826349295406807e+01, -1.3961781675237972e+02,
       -7.4025730128045339e+01, 1.6484338960254663e-01,
       2.2637636002583978e+01, -4.0215225236720464e+01,
       2.6475517570698269e+01, 1.8479210316916692e+01,
       2.3936673466030811e+01, -8.2119529927945578e+00,
       -4.3548027637159166e+01, -8.4305628312078809e+01,
       -1.0272384143671881e+02, -1.3448203270169498e+02,
       9.5506766533333632e+01, -3.4319373122165793e+01,
       1.1581566858260139e+01, 2.0458472181535657e+02,
       5.5541876820364697e+00, -2.3705284336217693e+00,
       1.2963251242742032e+02, 1.3060729416415899e+02,
       -2.8825629245153426e+01, 4.5085418036280679e+01,
       2.3047140183337618e+02, -2.9567025008286890e+01,
       -1.2052457901928626e+01, -1.8329152931841683e+01,
       2.5043034891659826e+02, -2.0183793752014414e+00,
       2.8532336155099713e+01, 2.0541146263412404e+01,
       9.5607002582255646e+01, 6.9315771935666774e+01,
       1.2491820366579152e+01, -6.0027972575035939e+01,
       -7.1824759180590632e+01, 4.9427584369267478e+01,
       -8.9926912807256187e+01, -5.5030565981485111e+01,
       -5.0718194724454726e+01, 1.5033725593333631e+02,
       -6.9211511655444227e+01, 1.2027161525195135e+01,
       2.0187133909146731e+01, -2.5061998118575141e+02,
       6.4652633464377782e+00, 7.2513932279956705e+01,
       5.5078283378807484e+01, 6.5824455696278861e+01,
       5.0012393123825596e+01, 4.4787002144619223e+01,
       8.8058754569327135e+01, -5.4037992732504108e+01,
       5.1987261184610084e+01, -4.6313663125605352e+01,
       1.1325349016059454e+02, -6.7570892780858458e+01,
       -4.9897128482598681e+01, 5.4856861692729009e-01,
       -8.4288929533586014e+01, 2.7714173958247482e+01,
       5.3087380117867987e+01, -7.6720569406833334e+01,
       -1.7616914883039351e+02, -5.2153301386813993e+01,
       6.4528119120111313e+01, 2.8188691336687331e+01,
       -5.5830415418421666e+01, 7.7169574341980436e+01,
       -1.7317343605024092e+01, 6.9614991774631477e+01,
       -6.7038268463194498e+01, -1.1189715480318810e+01,
       -3.4068591314334192e+01, 4.4528302321265095e+01,
       1.0447801719176620e+02, -5.1853037478513549e+01,
       7.9562120842298341e+01, 1.0555025475590318e+01,
       -2.1593674391727325e+02, -1.7868498616298231e+02,
       1.0609019856026478e+01, -2.1121304383942725e+01,
       6.9357878670883679e+01, -1.5610663226663856e+01,
       -3.3977134186559738e+01, 6.6906115675565928e+01,
       2.3136517528572229e-01, -8.5944308940449730e+01,
       -1.8955609868247087e+01, -4.8922999123547676e+01 ]
