%YAML:1.0
means: !!opencv-matrix
   rows: 24
   cols: 5
   dt: d
   data: [ -1.4610586087263053e+02, 8.0513850398617976e+01,
       7.6224480381282490e+01, -5.0468966465160094e+01,
       -2.2580071896832099e+01, 2.1518545706460591e+02,
       -2.3552647902902969e+01, 1.9758515635633444e+01,
       -3.0666840139395374e-01, -8.2619347476053573e+00,
       1.8850937441657774e+01, 2.2990297194383469e+01,
       2.6480480481791723e+01, -3.6930360552122501e+01,
       3.6467462131418301e+01, 1.4691411105694741e+01,
       5.1596317731600010e+01, -3.7924345898863606e+01,
       -1.5814453121323366e+01, 1.7457164068666611e+01,
       -1.4834923466801516e+02, -7.3953787239684772e+00,
       2.7978741228175199e+01, 8.4939000958611615e+01,
       -1.2723267700553960e+01, 1.3420745202804827e+02,
       9.1226522628052138e+01, -4.6675194241095774e+01,
       4.4520867097250751e+01, -7.1029283587205896e+00,
       -1.7048713369386471e+02, 9.3558603698069788e+01,
       3.7627534681937348e+01, 2.5112928003789730e+01,
       -5.8253098030588459e+00, -2.8531068335454375e+01,
       1.6365816501302721e+01, 7.1997369962505260e+01,
       -2.2433249968708797e+01, 1.2991287343629930e+01,
       5.1396258149542419e+01, -6.1251795205636611e+01,
       -4.6690675371851285e+01, 3.9865081501071799e+01,
       -4.6978555082977236e+00, -2.2560446320657576e+01,
       3.1450734975307203e+01, -1.1638546512995014e+00,
       -2.1166473226270426e+01, -2.4333324931069282e+00,
       -2.5826012199471120e+02, 8.0883829290368141e+01,
       -7.9576753458926479e+00, -4.8819691132238745e+01,
       -1.9538968204249933e+01, 8.3013498623515190e+01,
       1.3408366675049145e+01, -3.1414768658268112e+01,
       -2.4055673703230941e+01, -2.2732657790006691e+01,
       -1.3899674665885786e+02, -1.0366470503509500e+02,
       -1.4237278719569764e+01, 3.6741997922775127e+01,
       3.8125818682830932e+00, 4.3825075023309893e+01,
       1.9060671293537379e+01, -5.4573167385646997e+01,
       -3.2561628514477547e+01, -2.4776968565953148e+01,
       1.4748136808085033e+02, 1.2486309319540428e+01,
       2.8637114676324074e+01, -3.2091160373374194e+01,
       -2.8097077366651984e+01, -1.4156188079622204e+01,
       7.9247975146620291e+01, 7.6102552136533115e+00,
       4.9895457884357448e+01, 2.4572108206225266e+01,
       -1.8307825193545469e+02, -4.6722795371742968e+01,
       3.7228300202787679e+01, -2.4751289640634305e+01,
       -5.1461766529784958e+00, 1.1845456206905197e+02,
       2.5815130652338624e+01, 5.5751683968417964e+01,
       -1.8458706962979516e+01, 1.5843800288659413e+01,
       1.2787078358895563e+02, 1.3794625024782688e+01,
       3.1498055173278466e+01, 7.7065750676101317e+01,
       -4.7742023083751475e+00, 9.9396130417762947e+01,
       -1.2883180633727443e+02, 3.7534124837868355e+01,
       2.0713773320275198e+01, 3.0372963867014637e+00,
       -3.2770949655486291e+01, -9.2253302340047640e+01,
       7.4799712356309982e+01, 4.1412246131448363e+01,
       -1.4283908554787644e-01, 1.2183403465132015e+02,
       1.0392091048170155e+01, -5.3004493852501355e+01,
       -2.7557958585635664e+01, -4.9110311240831175e+00,
       -6.0138801803696913e-02, -1.3463856030931291e+02,
       -3.7770349384282738e+01, -9.8055890790222691e+00,
       1.0628762646305773e+01, -1.0312324335842700e+02,
       1.9434159955659982e+01, -3.1660907360241399e+01,
       -1.9151881747718051e+01, 3.3255703489984626e+01 ]
covs: !!opencv-matrix
   rows: 120
   cols: 5
   dt: d
   data: [ 2.2252710984284977e+03, 5.3031694516754703e+02,
       9.6084756561668962e+02, 3.1482556887096905e+01,
       -1.0164411482051645e+02, 5.3031694516754703e+02,
       6.7794686736300282e+03, 9.7467951758940544e+01,
       1.8672088734680613e+03, -2.4344243201633392e+02,
       9.6084756561668996e+02, 9.7467951758940472e+01,
       9.2442801893463866e+02, 5.2037758811546709e+01,
       1.5832167341403785e+01, 3.1482556887096898e+01,
       1.8672088734680613e+03, 5.2037758811546723e+01,
       1.1768077618261648e+03, 7.8511952612666320e+01,
       -1.0164411482051645e+02, -2.4344243201633401e+02,
       1.5832167341403780e+01, 7.8511952612666306e+01,
       1.0467824095611665e+02, 1.9138029911983251e+03,
       8.3263130748951517e+02, 1.4423749953467743e+02,
       -2.8992940339178449e+02, -3.9459986415610466e+01,
       8.3263130748951517e+02, 6.2319935469389175e+03,
       1.0152704680367552e+02, 1.2382164956732663e+03,
       -8.1846650549764249e+01, 1.4423749953467743e+02,
       1.0152704680367552e+02, 3.6620442479950111e+02,
       1.0372499503856940e+02, -4.5333386442270776e+00,
       -2.8992940339178449e+02, 1.2382164956732663e+03,
       1.0372499503856940e+02, 1.4747947950024566e+03,
       -9.7458401071031560e+00, -3.9459986415610459e+01,
       -8.1846650549764263e+01, -4.5333386442270793e+00,
       -9.7458401071031595e+00, 1.9275420588766725e+01,
       3.2825155250554080e+03, 2.1098554324816817e+02,
       2.1732121466410995e+03, 7.0272952384031569e+01,
       9.5224927989351933e+00, 2.1098554324816820e+02,
       7.0510664290868017e+03, -3.4539182115199459e+01,
       7.4891739641491495e+02, -1.8792054194532952e+02,
       2.1732121466410990e+03, -3.4539182115199466e+01,
       1.6850020246318475e+03, -2.0921462728236477e+01,
       -2.3475862066873482e+01, 7.0272952384031569e+01,
       7.4891739641491495e+02, -2.0921462728236484e+01,
       1.4557628055293781e+03, 4.7553965931327731e+01,
       9.5224927989351915e+00, -1.8792054194532955e+02,
       -2.3475862066873489e+01, 4.7553965931327731e+01,
       6.1251003931813052e+01, 3.2963179515432548e+03,
       3.0772510027430608e+00, 1.1114151188004348e+03,
       2.0442659376985958e+02, -2.4828601417097130e+02,
       3.0772510027430755e+00, 8.8960306243632840e+03,
       2.3153364288505179e+02, -5.1622133518606574e+02,
       3.7171936382438034e+01, 1.1114151188004346e+03,
       2.3153364288505165e+02, 1.3886170795114040e+03,
       -2.2469619787703914e+02, 4.1800175385191899e+01,
       2.0442659376985964e+02, -5.1622133518606563e+02,
       -2.2469619787703914e+02, 2.6733882535593925e+03,
       -7.5089795823786631e+01, -2.4828601417097130e+02,
       3.7171936382438027e+01, 4.1800175385191899e+01,
       -7.5089795823786631e+01, 9.6653698900182647e+01,
       4.6838679024240764e+03, -1.7114089063072427e+02,
       2.6234524670819883e+03, 2.3053338813054131e+02,
       -6.3733380527374635e+01, -1.7114089063072430e+02,
       1.9929448772516023e+03, 7.0629109959945836e+01,
       -1.5214729720103964e+01, 1.6178919926146460e+02,
       2.6234524670819883e+03, 7.0629109959945836e+01,
       2.2746557371826675e+03, -1.2587853038169952e+02,
       -5.2434818884266072e+01, 2.3053338813054131e+02,
       -1.5214729720103970e+01, -1.2587853038169952e+02,
       6.9898753934597266e+02, -1.1538698406156841e+02,
       -6.3733380527374635e+01, 1.6178919926146460e+02,
       -5.2434818884266065e+01, -1.1538698406156844e+02,
       1.0132907103682355e+02, 4.4643135310148500e+03,
       2.7272265334830990e+02, 2.3883124826397857e+03,
       -3.1901228202914405e+02, -1.6378581958241034e+02,
       2.7272265334830985e+02, 1.7059997990513732e+03,
       -1.4544410660113556e+02, -5.6035007127788833e+02,
       1.8100083234167688e+00, 2.3883124826397857e+03,
       -1.4544410660113556e+02, 2.1802157916540950e+03,
       -6.1223719681731446e+00, -8.3945299158954413e+01,
       -3.1901228202914405e+02, -5.6035007127788833e+02,
       -6.1223719681731366e+00, 7.4158082987343528e+02,
       2.2511128410722037e+01, -1.6378581958241031e+02,
       1.8100083234167685e+00, -8.3945299158954413e+01,
       2.2511128410722037e+01, 3.1226062894477579e+01,
       6.0178910808402297e+03, -1.4510168218891539e+02,
       2.4323326670394408e+03, -1.3051434783375126e+02,
       3.0174296567270142e+02, -1.4510168218891539e+02,
       2.7398073746506338e+03, -1.0031039949032395e+02,
       -5.2695685342194997e+02, -7.5012271710036231e+01,
