%YAML:1.0
means: !!opencv-matrix
   rows: 32
   cols: 8
   dt: d
   data: [ 4.6584959085179825e+01, 1.0347868378899816e+00,
       -1.0910004341808243e+01, -4.2537975648950024e+00,
       -6.7167635814307927e+00, 3.6228456575638490e-01,
       -2.2013963141737045e-01, 7.8169268037394812e-01,
       -1.4901336804117696e+02, -1.0417904514860739e+02,
       2.7201652676875248e+01, 6.6219574700101774e+01,
       -2.0041703920323485e+01, 9.8597318113709798e-01,
       -2.7202743122879136e-01, -1.4775996858394009e+00,
       6.7076442245237246e+01, 3.6597342116162210e+01,
       -2.4975735154386516e+01, -1.0303051173476074e+01,
       1.3855855024588005e+01, 5.2681669854706730e+00,
       6.0306904654475713e-01, 1.7942457871487774e+00,
       -1.5778533636628228e+02, 5.5982944091474529e+00,
       3.8081518088941955e+01, 1.1123318945702749e+01,
       -6.9012867282472481e+00, 2.5548766662688344e+01,
       -1.3744946749509155e+00, 2.7191775558729998e+00,
       4.5517127333129906e+01, 4.7575278002839390e+01,
       -7.4454325041237999e+00, -4.1503314553728671e+01,
       2.7695643592376578e+00, -2.1247480200755565e+01,
       2.4456801592141688e+00, 1.2393079169766332e+00,
       1.3910749189581049e+00, 2.3538040734460068e+01,
       8.5101390879196988e+00, -8.8373573498242912e+00,
       3.5399043892131772e+01, -3.5641682345216554e+00,
       1.7512453083603889e+00, 4.5354354299794625e-01,
       1.2020978192865506e+02, 4.4667549125649835e+01,
       -3.6156733493392622e+01, -1.8028464587176000e+01,
       -2.1329428863485593e+00, 1.9813713252040952e+01,
       -4.4681825085794067e+00, 2.3975948625440746e+00,
       3.2995829140389972e+01, -9.8340780020256503e+01,
       -1.1149145604160296e+01, 6.8015284743175542e+01,
       -4.2223186652663012e+00, -1.1085832532501481e+00,
       2.0936031318137043e+00, -4.1222910010686181e-01,
       6.9316776972418367e+01, -6.9429267657585100e+01,
       -2.6717643071237461e+01, 4.2884313188149349e+01,
       -1.1257919518212919e+01, 5.5365500752988055e+00,
       -1.7308355077204451e-01, -8.2429090451032541e-02,
       -1.9016188301035766e+02, 4.9175658418862206e+01,
       3.5432339927033198e+01, -3.2671708973285675e+01,
       -6.5755106783108550e+00, -2.0707070358066182e+00,
       -4.4328853922818405e+00, -7.2495815505552370e+00,
       -3.1541606465379566e+01, 6.5621069624274739e+01,
       7.5379160415916537e+00, -4.1570722275946622e+01,
       1.7197505248849339e+01, -6.0791469192377408e+00,
       -3.6467224547022075e+00, -6.8616453818909051e-01,
       -2.1220265175705826e+01, 6.4793750595831714e+00,
       7.3515937180592710e+00, 1.8993583784891581e+00,
       3.8520652739461646e+01, 1.2277425022041266e+00,
       -1.3853092254886981e+00, -4.4556240450702805e-01,
       1.2081758149204859e+02, 2.4486634816877419e+00,
       -6.2864292594544423e+01, 2.5285088647178573e+00,
       -5.8252821423097050e+00, 1.0306165596513290e+01,
       5.1242723444512095e-01, 1.1678847790502309e+00,
       -8.6074820036494074e+01, -1.0451497531627885e+02,
       1.4904790276096049e+01, 5.9505277439201592e+01,
       -4.5121331673809753e+00, -4.3233287393493312e+00,
       1.4504417010278872e+00, 1.7380950547790303e-01,
       -3.4609870629222087e+01, -7.0228366474938085e+01,
       9.1720597845647021e+00, 4.7412780773269688e+01,
       1.5319983051273178e+01, -2.1041397060409528e+00,
       2.1673952628846731e+00, -5.2759704532179774e-01,
       -2.1291374214844984e+02, 1.0672970041023565e+02,
       4.8212869358498104e+01, -5.3097272251070898e+01,
       -2.0920497966348503e+01, 3.0701590504701844e+01,
       -5.8361686746517831e+00, 2.8296377933382497e+00,
       7.5893127183069453e+01, 1.5184446984641738e+01,
       -2.6463591213186664e+01, -2.7970886365385269e+01,
       -2.8313972449129164e+01, -1.2143515704406429e+01,
       1.4909458464364089e-01, -1.1630731665079306e+00,
       1.1485381292509736e+02, -4.4975394717865079e+01,
       -3.0292776751367342e+01, 3.6174500182786879e+01,
       -2.8224330820549417e+00, 1.3405803169202816e+01,
       -1.8877390932756263e-01, 2.1849653512483780e+00,
       -1.0654743565729675e+02, -4.9029874061577594e+01,
       3.6185485200606422e+01, 3.5049172559884823e+01,
       7.4110003527766155e+00, -9.0572607971117982e+00,
       -1.0036379848613941e+00, -1.4443806965672679e+00,
       -1.7993930243836624e+02, 2.3846051921894436e+01,
       4.4621151472341495e+01, -1.2056658852782961e+01,
       -8.2644099969863500e+00, -2.0034799531672971e+00,
       1.2292494515116836e+00, 1.1804561106710201e+00,
       2.2837160950873061e+02, 9.5062526169256034e-01,
       1.5204288422778070e+01, -1.4561841509034958e+00,
       -8.2614143226170569e+00, 1.0506354238141299e+01,
       -8.1307208936128228e-01, 5.1245667857648525e-01,
       1.7229094773328093e+01, 1.5660900736731688e+02,
       -4.0570496390877503e-01, -8.6674152279447256e+01,
       1.6090371866298355e+01, 1.6167787244702396e+01,
       -4.0973379859628850e-01, 2.3914931021423294e+00,
       8.8479758889207460e+01, -3.0840674635854903e+01,
       -2.2424288324634723e+01, 1.9406222670319476e+01,
       2.8470260278418480e+00, 1.9253411787288115e+01,
       -7.1218314027557881e+00, -2.1543399250074327e+00,
       8.1099444877597705e+01, 1.4023351658629061e+01,
       -2.7304491764959671e+01, -3.0182192811401446e+01,
       -2.9824977516358775e+01, -1.7523345539122744e+01,
       6.5318988672169664e-01, -9.5056603037670184e-01,
       -1.8942079437031644e+01, 5.2414096543677246e+01,
       1.4384778706835768e+01, -4.3238899396782159e+01,
       3.2881379431975724e+01, -1.5320740417631118e+01,
       3.0231315712832694e+00, -4.6369507003297707e-02,
       -2.0792962586473055e+02, -2.5480019201932016e+01,
       4.2968952121659967e+01, 2.2531605617211135e+01,
       -9.7217447342443002e+00, 1.0798734751011327e+01,
       -1.5434241087519993e+00, -1.1795913565452163e+00,
       -1.7882091697487598e+02, 7.8528964776389799e+01,
       3.5272419955560188e+01, -5.0763597816476434e+01,
       -2.5988837798735172e+01, 1.1569664130921773e+00,
       -1.3955462071367912e+00, 1.1996711391189667e+00,
       8.2405460539621913e+01, 1.8389904052770465e+01,
       -2.1494868920996840e+01, -3.3608125436700782e+01,
       -2.4141892614504584e+01, -2.1432383381085909e+01,
       1.2460094148887351e+00, -3.3007119928596493e+00,
       1.1915515676840991e+02, -1.3983476342067679e+01,
       5.8691951287330035e+01, 6.2350993564707453e+00,
       1.2655294294126181e+01, 5.8422154521380321e-01,
       -5.2309252144585039e-02, 1.2584940909393714e+00,
       -8.9911211108767318e+01, 2.4227183574123448e+01,
       3.0326771190207765e+01, -1.8512435932968977e+01,
       1.2849276265684285e+01, -1.8708663300217548e+01,
       1.1997948792402748e+00, -1.1483845534235473e+00,
       -8.7219768069049941e+00, -1.8897106350710342e+01,
       -2.5584929375156026e+01, 1.7026364385476398e+01,
       1.4401705767793494e+01, -2.2435216487479734e+00,
       1.4120043747012205e+00, 2.0514346923770557e-01,
       1.6286391568832789e+02, 1.6065025424923252e+01,
       -4.8282353304701772e+01, -1.3930105527474394e+01,
       -7.1001246123121593e+00, 1.3151602931450544e+01,
       -2.2764357470809907e-01, -4.8480724057384306e-01 ]
