%YAML:1.0
means: !!opencv-matrix
   rows: 25
   cols: 2
   dt: d
   data: [ 2.0707944152038294e+02, -2.0335083981923461e+01,
       -4.4014764527664497e+01, -4.3179282900093050e+01,
       4.9280278232436835e+01, 9.9854887696696309e+01,
       -1.6841278934247430e+02, 1.5049253549425094e+02,
       4.5438613152397016e+00, -1.2201576145613282e+02,
       -9.9056241299002963e+01, -3.2660214245188417e+00,
       -5.2753701040551725e+01, 1.4143488128506584e+02,
       1.2445972418852249e+02, 1.4101338989584340e+02,
       -1.6163627520707180e+01, 4.0983881562821708e+01,
       -2.4007125393355918e+02, -6.4197578188255818e+01,
       3.3672569588463737e+01, -4.4443072780198214e+01,
       -7.8009189235101687e+01, -1.7187237866534690e+02,
       -2.2057058753435140e+02, -1.6497387052920726e+02,
       8.7169999402155810e+01, -1.2784773716183514e+02,
       -1.0159079497132983e+02, 7.0139494463949532e+01,
       2.3287391308595186e+01, 1.9234754032482439e+02,
       1.3319331426884554e+02, 5.0880418952435235e+01,
       -1.8630138296227008e+02, 1.9373622718780073e+01,
       2.3013680077398149e+02, 6.1882934222089432e+01,
       1.6896570044025276e+02, -1.1647265724593869e+02,
       7.0515113950455643e+01, 2.1382270969619110e+01,
       -1.1480804849742374e+02, -1.0797326623620312e+02,
       -2.7031556834963715e+02, 3.7256229192782484e+01,
       4.2768588065186293e+01, -2.5214493053641198e+02,
       1.2166038529111870e+02, -4.5313707094660941e+01 ]
covs: !!opencv-matrix
   rows: 50
   cols: 2
   dt: d
   data: [ 3.5892570377752672e+03, -1.4024208258155022e+03,
       -1.4024208258155022e+03, 3.1488332476911464e+03,
       1.6536770653041287e+03, 4.2946120613301667e+02,
       4.2946120613301650e+02, 2.0340421620788725e+03,
       2.5618823991963850e+03, -3.5955876631527155e+02,
       -3.5955876631527155e+02, 2.1802558518422265e+03,
       3.9014639541108222e+03, 4.7845806520544647e+02,
       4.7845806520544647e+02, 4.1826950131053873e+03,
       1.5942138678456879e+03, -1.4640963773580469e+02,
       -1.4640963773580469e+02, 2.3005472947411940e+03,
       1.3412625627838056e+03, 1.3653363301882774e+02,
       1.3653363301882766e+02, 2.0074515854140900e+03,
       2.2245720756064393e+03, -6.3377904207408926e+02,
       -6.3377904207408938e+02, 3.6276827683221113e+03,
       3.3937304469560454e+03, 2.1209368549121433e+02,
       2.1209368549121433e+02, 3.2912298466595093e+03,
       1.6414303457665460e+03, -2.1819023042429936e+02,
       -2.1819023042429944e+02, 2.1308604665791268e+03,
       2.5579291575968382e+03, 4.3863824182350733e+01,
       4.3863824182350683e+01, 3.6950522598953394e+03,
       1.5587601319305516e+03, -3.2626925092726970e+02,
       -3.2626925092726952e+02, 1.9106973995525489e+03,
       1.4429431265036810e+03, -3.9882505432900655e+02,
       -3.9882505432900643e+02, 5.3868530555598527e+03,
       3.2429128890878501e+03, -5.4129678294005305e+02,
       -5.4129678294005305e+02, 3.8716263744278563e+03,
       1.7991648046869229e+03, 4.5590027636537194e+01,
       4.5590027636537179e+01, 2.7435465170882717e+03,
       1.7512970167983221e+03, -3.4135801623195590e+01,
       -3.4135801623195583e+01, 2.4198688699957315e+03,
       4.1946155722369031e+03, -1.9409249014378850e+02,
       -1.9409249014378835e+02, 3.0205189879673480e+03,
       2.1291190786864931e+03, -3.8060815293552497e+02,
       -3.8060815293552497e+02, 2.5809506493290742e+03,
       1.3568475989260867e+03, -9.5690078656615327e+01,
       -9.5690078656615327e+01, 3.4477712233641942e+03,
       2.5218888204496839e+03, 1.3505878198020653e+02,
       1.3505878198020662e+02, 3.6819529087074925e+03,
       2.6857862290662329e+03, -9.1392003983567989e+01,
       -9.1392003983568031e+01, 1.9879255805175894e+03,
       1.6875003944041066e+03, -1.8037153536889934e+02,
       -1.8037153536889937e+02, 1.4905543129144637e+03,
       2.7680859640999993e+03, -3.8104266956511191e+02,
       -3.8104266956511202e+02, 2.4690146333098382e+03,
       2.2287238020831815e+03, -5.3165600261258334e+01,
       -5.3165600261258390e+01, 4.9248685250740964e+03,
       4.9490019793315687e+03, 1.6483256750985760e+02,
       1.6483256750985751e+02, 4.7510536602058828e+03,
       2.2479826196958925e+03, 8.6715923843989174e+01,
       8.6715923843989160e+01, 1.9349263270401952e+03 ]
weights: !!opencv-matrix
   rows: 1
   cols: 25
   dt: d
   data: [ 3.3773364333881777e-02, 3.9252911509537677e-02,
       5.3672351453406507e-02, 3.2504495070783290e-02,
       4.8389189825101868e-02, 4.7066609879646996e-02,
       4.2928212886193355e-02, 3.4048346550970367e-02,
       6.5427921998971503e-02, 2.8155865307800520e-02,
       5.6696617166059483e-02, 1.9705894998488085e-02,
       1.9629760963736965e-02, 4.6212331412721602e-02,
       4.5288421373301302e-02, 3.5641929423773061e-02,
       4.9277072927276080e-02, 3.8780559520301010e-02,
       2.7173049023151853e-02, 3.4554113301172307e-02,
       5.9638421456754583e-02, 4.9235198301164913e-02,
       2.1923530866853610e-02, 1.4563505822365441e-02,
       5.6460324626566367e-02 ]
pca_proj: !!opencv-matrix
   rows: 2
   cols: 21
   dt: f
   data: [ 1.02604255e-02, 8.46533298e-01, 5.67100069e-05,
       -5.08859605e-02, 4.68450844e-01, 1.89823491e-04, -5.55210514e-03,
       1.46431834e-01, -1.98076777e-05, -7.31809530e-03, 1.34976640e-01,
       -4.80776835e-05, -6.69380091e-03, 1.46460637e-01, -1.57161594e-05,
       2.11501210e-05, 1.32904761e-05, -3.16381829e-07, -1.62182951e-05,
       4.47223283e-04, 4.04881848e-06, 8.19958210e-01, 1.87153444e-02,
       -7.93817599e-05, 4.28530097e-01, 8.29724409e-03, 8.75842488e-06,
       2.28233948e-01, -2.37727305e-03, -1.84168690e-04, 2.08515689e-01,
       -1.20344283e-02, -2.14158339e-04, 2.18838796e-01, -7.27251405e-04,
       -1.84816250e-04, -3.05604735e-05, -5.04301033e-06,
       -1.27042276e-05, 6.79167337e-04, 1.30049409e-06, -1.63660501e-04 ]
pca_mean: !!opencv-matrix
   rows: 1
   cols: 21
   dt: f
   data: [ 4.33646118e+02, 2.44701981e+02, 1.49672687e+00,
       4.18191803e+02, 2.60206879e+02, 1.62062907e+00, 3.68545319e+02,
       2.27059875e+02, 1.69770968e+00, 3.19420807e+02, 1.63929108e+02,
       1.75046074e+00, 3.16613464e+02, 2.25532654e+02, 1.70717156e+00,
       1.08872897e-04, -9.74175637e-05, 6.24380555e-05, -2.17504916e-04,
       -2.50119597e-01, 1.75055194e+00 ]
gamma: !!opencv-matrix
   rows: 25
   cols: 1
   dt: d
   data: [ 8.6948220950262012e-01, 8.0010312928923133e-01,
       8.3696623180248764e-01, 8.8912713433088564e-01,
       8.2636545583280230e-01, 8.1644230310483856e-01,
       8.5009656461285110e-01, 8.6959425820843872e-01,
       8.0752935614009780e-01, 8.8585648360205282e-01,
       8.0494031889939321e-01, 8.5388951932767954e-01,
       8.9725671447394773e-01, 8.4418534792809308e-01,
       8.3350787357328571e-01, 8.7814419238873720e-01,
       8.4886970783141558e-01, 8.6436706523157558e-01,
       8.8287587282004321e-01, 8.5654260991924014e-01,
       8.0383917604610977e-01, 8.5573713835372167e-01,
       8.9756607019769652e-01, 9.0186969684095197e-01,
       8.3124832194735621e-01 ]
