%YAML:1.0
means: !!opencv-matrix
   rows: 35
   cols: 2
   dt: d
   data: [ -9.8140814633095232e+01, 3.2237358512706585e+01,
       1.4944584558182038e+01, -3.7076430699496740e+01,
       1.8288561474205690e+02, 1.5316766940851576e+01,
       5.7869260005102163e+01, 1.0260171260117671e+02,
       1.7806743808422432e+01, -1.1000705344622033e+02,
       -7.3542727442960071e+01, -1.5451916494620593e+02,
       -7.4851385208478447e+01, 2.0387162697157257e+02,
       -1.8247342535532590e+02, 4.5985597770517217e+01,
       -2.4027635669399425e+02, -8.1708417379703874e+01,
       7.1433602768966225e+01, 1.1599444988099240e+01,
       1.6234261505987919e+02, -6.7843492532171396e+01,
       -3.1317475961417536e+01, 8.6209808566733585e+01,
       4.8153229824508124e+01, 2.0424690679732976e+02,
       7.9359824584806944e+01, -2.5725705099723831e+02,
       2.0850094148525332e+02, 9.1323468659900186e+01,
       -1.3990085244267659e+01, 1.5800328858563853e+02,
       -5.1276795091343729e+01, -2.6516726894863780e+02,
       -1.3867052648860079e+02, -1.0532298781505173e+02,
       -1.7433362317296715e+02, 1.3673165531077532e+02,
       -3.3911044586090952e+01, 1.0907702694174183e+01,
       -2.5691624505464819e+02, 3.6541609344241897e+00,
       1.1463475373277925e+02, 6.1628179401510259e+01,
       -2.6170067149184689e+02, 1.1873897492808763e+02,
       2.2805947671747649e+02, -1.0489868165719484e+02,
       -2.1974808731339616e+02, -1.6839848345136187e+02,
       -1.5260225392806475e+02, -2.6008745576512482e+01,
       8.3180952900536326e+01, -7.4093902642639122e+01,
       2.4939016951253498e+02, -4.3748576856565019e-01,
       -7.3941843688549767e+01, -6.1404735826368238e+01,
       1.2262052171199204e+02, -1.3581326780018313e+02,
       -9.6220039481435535e+01, 1.1432854598209664e+02,
       4.0821396838998126e+01, -1.7472690641475705e+02,
       1.2220261013208903e+02, -9.3861323719847007e+00,
       1.2320612231216113e+02, 1.4398866465596444e+02,
       2.1770645648691080e+01, 4.0161305103115303e+01 ]
covs: !!opencv-matrix
   rows: 70
   cols: 2
   dt: d
   data: [ 1.1232554872296821e+03, 3.0075133724369397e+01,
       3.0075133724369405e+01, 1.4883126185376498e+03,
       1.0408109002097631e+03, 1.0971906273810799e+02,
       1.0971906273810797e+02, 1.1819892833118986e+03,
       9.9250722918882684e+02, 2.5758035757578432e+02,
       2.5758035757578432e+02, 2.6675493727130620e+03,
       1.4089380955329486e+03, 1.9205307485526589e+02,
       1.9205307485526592e+02, 1.9820156719587819e+03,
       1.3577580122654704e+03, -5.8816782033368447e+01,
       -5.8816782033368447e+01, 1.2333213529523998e+03,
       2.2212707501790073e+03, 1.2958338766537997e+02,
       1.2958338766537997e+02, 1.9907357267336001e+03,
       2.7196018141791033e+03, -1.8013320425857501e+01,
       -1.8013320425857511e+01, 2.6801803561448914e+03,
       1.5735187659288915e+03, -4.5787979644614637e+01,
       -4.5787979644614637e+01, 1.8784540443807505e+03,
       2.7115929195999538e+03, 2.3796407018204778e+02,
       2.3796407018204778e+02, 2.4791955425158194e+03,
       8.6756423658659685e+02, 2.1214354155240943e+02,
       2.1214354155240946e+02, 1.4440558299553095e+03,
       1.3948453171341707e+03, 3.2460914903237455e+02,
       3.2460914903237466e+02, 1.9108121924298548e+03,
       1.2055025067314500e+03, 2.5299623987494118e+02,
       2.5299623987494112e+02, 1.3779319480515219e+03,
       2.2670808274194160e+03, 1.1703810356540212e+02,
       1.1703810356540212e+02, 2.6651311294965685e+03,
       2.3537165848019836e+03, -8.5156711478404907e+02,
       -8.5156711478404929e+02, 3.8034373535897676e+03,
       2.8492804160005635e+03, 3.1189722033290883e+02,
       3.1189722033290883e+02, 3.3887778139230340e+03,
       1.9875522077267672e+03, -1.8639947623873422e+01,
       -1.8639947623873415e+01, 1.7768335154789668e+03,
       3.2739226655226503e+03, -1.2925018113611695e+03,
       -1.2925018113611695e+03, 3.7620152487805217e+03,
       1.7515434027719446e+03, -1.3459843996795209e+02,
       -1.3459843996795209e+02, 1.2451150618991298e+03,
       1.5245300924265650e+03, 1.9729181922181598e+02,
       1.9729181922181596e+02, 3.0174214542447962e+03,
       9.1431502224331064e+02, 1.7084703321287586e+02,
       1.7084703321287589e+02, 1.2124641124540908e+03,
       2.2970416842999662e+03, -2.4879985081149724e+02,
       -2.4879985081149718e+02, 2.6134646842677935e+03,
       1.3917601275048787e+03, 1.4248796578250170e+02,
       1.4248796578250170e+02, 1.8232000722974844e+03,
       2.6385062203923426e+03, 1.5211749546142503e+03,
       1.5211749546142503e+03, 5.5869963242393424e+03,
       3.1907695245774244e+03, 9.4982062217604960e+02,
       9.4982062217604948e+02, 2.8951689792683128e+03,
       2.8802619590231125e+03, -2.0388138358524745e+02,
       -2.0388138358524748e+02, 3.4501597311142914e+03,
       2.7016982037195903e+03, -1.1118774135997245e+02,
       -1.1118774135997252e+02, 1.2832801775405319e+03,
       1.0259869741404739e+03, -3.7032636522337725e+01,
       -3.7032636522337725e+01, 1.6568569144013663e+03,
       1.5408485492797156e+03, 7.9210328771848549e+02,
       7.9210328771848549e+02, 3.6248652800556501e+03,
       1.4003945168586438e+03, -3.2040717793065772e+02,
       -3.2040717793065772e+02, 1.7199176367512725e+03,
       2.4605584180317287e+03, 5.7709603026003755e+01,
       5.7709603026003769e+01, 1.5116036450925974e+03,
       1.2286137457415441e+03, 9.9240616240891413e+01,
       9.9240616240891370e+01, 1.9617271024744366e+03,
       2.7997839673217145e+03, -2.6614539495622643e+02,
       -2.6614539495622643e+02, 1.5781750461043287e+03,
       8.3891588974461501e+02, 2.2506249318609511e+02,
       2.2506249318609511e+02, 1.6301375860875535e+03,
       2.3246223617563269e+03, 6.7311449291565555e+02,
       6.7311449291565577e+02, 2.9172925902702314e+03,
       9.1628112618955288e+02, 1.0278781466941891e+02,
       1.0278781466941894e+02, 1.2571056753231207e+03 ]
weights: !!opencv-matrix
   rows: 1
   cols: 35
   dt: d
   data: [ 4.1840730747179589e-02, 4.7929389007824862e-02,
       2.9307973091297325e-02, 3.7380919515083107e-02,
       3.6035862834593660e-02, 3.0891531388450685e-02,
       2.2369917914557582e-02, 2.9453554020946314e-02,
       2.3665928121368612e-02, 3.9411166418727481e-02,
       3.0642957457517647e-02, 3.8984645982339625e-02,
       1.9311257446399832e-02, 6.8378133630639555e-03,
       2.1026005560723721e-02, 2.6182861286546975e-02,
       1.0177592772029120e-02, 2.3739261716573725e-02,
       1.8405749163536211e-02, 3.6785815930269597e-02,
       1.9024109731799885e-02, 4.0141702045069942e-02,
       1.4987133087858116e-02, 1.9152094093331139e-02,
       1.8566624392948646e-02, 2.7517586834067735e-02,
       4.4446961341575074e-02, 1.7059684465572249e-02,
       4.5158170086460815e-02, 2.8629614863433347e-02,
       3.0725032445212935e-02, 2.3069067480802549e-02,
       3.4488187554249872e-02, 2.7479565241531639e-02,
       3.9173532597022914e-02 ]
pca_proj: !!opencv-matrix
   rows: 2
   cols: 21
   dt: f
   data: [ 1.02604255e-02, 8.46533298e-01, 5.67100069e-05,
       -5.08859605e-02, 4.68450844e-01, 1.89823491e-04, -5.55210514e-03,
       1.46431834e-01, -1.98076777e-05, -7.31809530e-03, 1.34976640e-01,
       -4.80776835e-05, -6.69380091e-03, 1.46460637e-01, -1.57161594e-05,
       2.11501210e-05, 1.32904761e-05, -3.16381829e-07, -1.62182951e-05,
       4.47223283e-04, 4.04881848e-06, 8.19958210e-01, 1.87153444e-02,
       -7.93817599e-05, 4.28530097e-01, 8.29724409e-03, 8.75842488e-06,
       2.28233948e-01, -2.37727305e-03, -1.84168690e-04, 2.08515689e-01,
       -1.20344283e-02, -2.14158339e-04, 2.18838796e-01, -7.27251405e-04,
       -1.84816250e-04, -3.05604735e-05, -5.04301033e-06,
       -1.27042276e-05, 6.79167337e-04, 1.30049409e-06, -1.63660501e-04 ]
