%YAML:1.0
means: !!opencv-matrix
   rows: 17
   cols: 1
   dt: d
   data: [ -1.1175635511805299e+02, 1.6842698403404501e+02,
       3.8354672212792423e+01, -1.8440599485226588e+02,
       -2.6609131650204318e+02, -5.0382752031382772e+01,
       9.8490642205959688e+01, 2.4931740883446008e+02,
       2.0698521829068935e+02, 1.3211342779866479e+02,
       6.7125077829407743e+01, 9.2327008045890562e+00,
       -1.4638884325979740e+02, -8.0536546007320609e+01,
       -2.2275054915945972e+02, -3.0975247248782506e+02,
       -1.9949207316920436e+01 ]
covs: !!opencv-matrix
   rows: 17
   cols: 1
   dt: d
   data: [ 2.6945405260044231e+02, 4.2828673956910069e+02,
       2.1194443698054462e+02, 3.5470631283592979e+02,
       6.3624493693083264e+02, 2.3436934049598821e+02,
       2.6549086661597613e+02, 1.0287449646723555e+03,
       6.5737727214074346e+02, 3.4366587396430242e+02,
       2.3082296284544404e+02, 1.9378560677043495e+02,
       2.9586808243190620e+02, 2.5707502115784860e+02,
       4.3015596032535569e+02, 1.1739769448145889e+03,
       1.9999004270964949e+02 ]
weights: !!opencv-matrix
   rows: 1
   cols: 17
   dt: d
   data: [ 5.8911824683151377e-02, 6.6346276793940867e-02,
       8.4305070609860852e-02, 4.4537205753469380e-02,
       2.9063679030663255e-02, 6.5657674562173252e-02,
       9.3656989939191748e-02, 2.0254003164463522e-02,
       3.8645525412251150e-02, 7.9488901708714713e-02,
       9.0704392997122532e-02, 7.9626453111593845e-02,
       5.4190149944296925e-02, 6.2800808370137212e-02,
       3.8644358666897888e-02, 1.6257881018156860e-02,
       7.6908804233894415e-02 ]
pca_proj: !!opencv-matrix
   rows: 1
   cols: 21
   dt: f
   data: [ 4.36961316e-02, 8.50134730e-01, 1.73015636e-04,
       6.54514134e-02, 4.60692108e-01, 2.29939164e-04, 7.67599978e-03,
       1.46649793e-01, -1.37564148e-05, 1.21663406e-03, 1.30500361e-01,
       -5.45994153e-05, 8.06188770e-03, 1.42052382e-01, -2.12945142e-05,
       -2.45414903e-05, 9.56867734e-06, -1.94090262e-06, 3.13729906e-05,
       4.34020360e-04, 2.32224409e-07 ]
pca_mean: !!opencv-matrix
   rows: 1
   cols: 21
   dt: f
   data: [ 2.07625534e+02, 2.55653595e+02, 1.54502928e+00,
       2.18915131e+02, 2.60592743e+02, 1.67241716e+00, 2.65274475e+02,
       2.24016678e+02, 1.71669352e+00, 3.19420807e+02, 1.63929108e+02,
       1.75046074e+00, 3.16613464e+02, 2.25532654e+02, 1.70717156e+00,
       1.08872897e-04, -9.74175637e-05, 6.24380555e-05, -2.17504916e-04,
       -2.50119597e-01, 1.75055194e+00 ]
gamma: !!opencv-matrix
   rows: 17
   cols: 1
   dt: d
   data: [ 8.2470707350553107e-01, 8.5818906354080182e-01,
       7.8512453408574867e-01, 8.6356683238671539e-01,
       8.9573712028926822e-01, 7.9016028970477470e-01,
       8.1789532456757941e-01, 8.9494770368311394e-01,
       8.7728777976140659e-01, 8.3853134178705946e-01,
       7.9920412548272945e-01, 7.7713962594962294e-01,
       8.4434323583881510e-01, 8.0641597116084296e-01,
       8.7982391850873709e-01, 9.1061067127041095e-01,
       7.7877547664092650e-01 ]
