%YAML:1.0
means: !!opencv-matrix
   rows: 34
   cols: 3
   dt: d
   data: [ 1.7373696030848976e+02, -7.4820349659403718e+01,
       3.2628794872291024e+01, -1.2909101000367770e+02,
       8.0815102095473335e+01, 5.6601174475794124e+01,
       5.9636645892612300e+01, -2.3386071746323157e+01,
       -6.2792918072360017e+01, -2.1293940744886865e+02,
       -1.0580249310339887e+02, -1.7377805583838349e+01,
       -1.0398822419575022e+02, -4.1947607731427247e+01,
       5.5124422061894528e+01, 1.8136463923559120e+02,
       5.5650424101823276e+01, 3.0738595281875419e+01,
       7.3893453632588741e+00, 8.9518676901189082e+01,
       2.1293556188728381e+01, -7.5572618147145093e+01,
       2.5313914082160991e+01, -5.0600563975462897e+01,
       -2.0136706755987770e+01, -2.8046730671767218e+01,
       1.7815553066115439e+00, -8.7704012091924817e+00,
       1.2570881820818100e+01, -9.5128648667754462e+01,
       7.6114445867253735e+01, 9.0167898458269434e+01,
       -7.5534728534752787e+01, 8.7128887679586825e+01,
       1.5705395632359438e+02, 3.6114206736228809e+01,
       -2.0956197174614934e+02, 6.3789165045179274e+01,
       4.2626783616743325e+01, -2.4391550295735723e+02,
       1.0342922953985980e+02, -1.1478469575952538e+01,
       1.1122932095447923e+02, -5.3754730288505371e+01,
       1.4121491636137920e+01, -5.5385392673409825e+01,
       1.0772692861476256e+02, -3.8613767941969066e+01,
       9.0086267087707711e+01, 2.1502319885193355e+01,
       7.5263454476372360e+01, 1.4718141235806092e+02,
       9.5358372088739117e+01, -3.2285393144492422e+00,
       -3.8896788546939696e+01, -2.2072499193896235e+01,
       1.0054406949224118e+02, -3.5706707842560959e+01,
       -1.5946286754912245e+02, -2.6756486671463012e+01,
       2.3564859269284845e+01, -8.6754721558730679e+01,
       -7.6299510958598077e+01, -8.8260693910559894e+01,
       1.2669969025768208e+02, 1.0496875722954542e+02,
       -7.6004892596818365e+01, -1.3999869493920781e+02,
       7.2787913859786002e+01, 3.0590703101812924e+01,
       -5.7679498810220586e+01, 5.8608185609275090e+01,
       4.9157158426615702e+01, -1.5196775177831324e+02,
       2.1595074054378664e+01, 1.6321185289560201e+01,
       1.6870816007939987e+02, -1.6203488098531153e+01,
       1.9553416784122052e+02, -1.0800933018998629e+00,
       5.0042258552753644e+01, 1.2308988383749472e+02,
       1.6422509476373619e+01, -1.3210474585162167e+01,
       3.4421316379067520e+01, 3.9020170280871156e+01,
       -5.3883643576386589e+01, -1.6674266987538152e+02,
       -1.6472206555408087e+02, 1.0867657178926647e+01,
       -2.7393973073942618e+02, 1.8898972288287545e+00,
       -2.8836083115125987e+01, -1.0531926617772663e+02,
       -7.0402167488162306e+01, -6.0492046398298420e+01,
       1.3679077506948340e+02, -8.5782085927183644e+01,
       -2.6964221591830004e+01, -1.7670897226889483e+02,
       -1.3310245081532935e+01, 4.1707870124776933e+00 ]
covs: !!opencv-matrix
   rows: 102
   cols: 3
   dt: d
   data: [ 2.2134165620367994e+03, 1.0569067670057250e+03,
       -7.2171397914380691e+02, 1.0569067670057250e+03,
       4.4109078325747914e+03, -5.9403622859329573e+02,
       -7.2171397914380691e+02, -5.9403622859329573e+02,
       5.4155422420602417e+02, 2.0288435195137010e+03,
       7.5437041632394450e+00, 3.5549214820492358e+02,
       7.5437041632394237e+00, 3.4233649007757226e+03,
       -2.3360891604349851e+02, 3.5549214820492352e+02,
       -2.3360891604349860e+02, 1.0055645924626405e+03,
       1.3431943988442899e+03, -1.8625669645464919e+02,
       -1.3916663671839297e+02, -1.8625669645464922e+02,
       2.7542907579303032e+03, -3.2416257937401923e+02,
       -1.3916663671839297e+02, -3.2416257937401923e+02,
       1.3760813854195976e+03, 2.9014054255512369e+03,
       4.9062890316067757e+02, 2.2187990351291037e+02,
       4.9062890316067745e+02, 3.1495683244942293e+03,
       5.7448747243274329e+02, 2.2187990351291037e+02,
       5.7448747243274329e+02, 6.1651207558140902e+02,
       2.7107811120013594e+03, 1.3888169675195400e+03,
       2.0109891028129789e+02, 1.3888169675195400e+03,
       3.7882621252518252e+03, 2.6454018424544142e+02,
       2.0109891028129789e+02, 2.6454018424544142e+02,
       9.1462941472206967e+02, 3.2003679889518789e+03,
       8.8933098737552746e+02, -3.2070908353845437e+02,
       8.8933098737552746e+02, 2.2911988094154931e+03,
       2.6451185010942408e+00, -3.2070908353845425e+02,
       2.6451185010942369e+00, 2.8346008863292803e+02,
       1.9911425162972132e+03, 2.3159288002582674e+01,
       7.8770084831275153e+02, 2.3159288002582674e+01,
       2.7550196068601040e+03, -3.3664161897714769e+02,
       7.8770084831275153e+02, -3.3664161897714769e+02,
       1.1485134195248022e+03, 2.8365740211883476e+03,
       -1.5438598880538029e+03, -1.9169544107451088e+02,
       -1.5438598880538027e+03, 3.6731490561059304e+03,
       1.1383801562649725e+02, -1.9169544107451082e+02,
       1.1383801562649724e+02, 5.0287423870515568e+02,
       2.9838617234629296e+03, 1.0556859350010966e+03,
       1.1042016175857768e+03, 1.0556859350010966e+03,
       3.2784893991660651e+03, 3.0401754685908321e+02,
       1.1042016175857768e+03, 3.0401754685908304e+02,
       9.4660428762845572e+02, 6.7513705715261210e+02,
       2.2033581080837195e+02, -3.3414521920837679e+01,
       2.2033581080837203e+02, 7.7286441065608215e+03,
       4.7921205902910117e+02, -3.3414521920837664e+01,
       4.7921205902910117e+02, 3.1458922546231196e+02,
       1.5541338252543983e+03, 1.0671856986618441e+02,
       2.4080954173968200e+02, 1.0671856986618441e+02,
       1.7683921126275275e+03, 8.6352252981663309e+00,
       2.4080954173968195e+02, 8.6352252981663327e+00,
       1.0202756696337666e+03, 3.1432024487546801e+03,
       -4.3147641913947706e+02, 2.1947282097483676e+02,
       -4.3147641913947695e+02, 4.7126922533580710e+03,
       -8.4907709734160235e+01, 2.1947282097483685e+02,
       -8.4907709734160235e+01, 4.8233623324426713e+02,
       2.9346535595121909e+03, 7.0749230725298889e+02,
       1.5884431122284102e+03, 7.0749230725298901e+02,
       7.9114282017856076e+03, -2.3284371533552974e+02,
       1.5884431122284100e+03, -2.3284371533552974e+02,
       1.3641055276955949e+03, 2.8960452378106406e+03,
       -7.6493139172066481e+02, 4.0622311253832737e+02,
       -7.6493139172066492e+02, 4.4892234838694494e+03,
       -2.0064112740448894e+02, 4.0622311253832737e+02,
       -2.0064112740448897e+02, 3.8570032023518877e+02,
       1.4324853703860401e+03, 1.0588152127091291e+02,
       1.5944545910199534e+02, 1.0588152127091290e+02,
       1.7803753763045088e+03, 8.6080301245490986e+01,
       1.5944545910199534e+02, 8.6080301245491015e+01,
       6.7433090923674490e+02, 1.5579574003397295e+03,
       -5.9077125534184859e+02, 2.8404047606312110e+02,
       -5.9077125534184859e+02, 3.4921888448529294e+03,
       -4.3069405546433177e+02, 2.8404047606312110e+02,
       -4.3069405546433177e+02, 5.0898095012337842e+02,
       6.4754712536053569e+02, 2.2777281723662051e+02,
       1.2543673784826974e+02, 2.2777281723662057e+02,
       9.4655587581767104e+03, 1.5330932978341284e+02,
       1.2543673784826974e+02, 1.5330932978341278e+02,
       1.7920744441200074e+02, 2.1709396218605675e+03,
       -6.8351233517260980e+01, -3.1193270907193334e+01,
       -6.8351233517260937e+01, 1.5041368218304149e+03,
       1.0510895808868459e+02, -3.1193270907193313e+01,
       1.0510895808868459e+02, 1.0216221717928242e+03,
       3.9287831956039918e+03, 4.8299819198199253e+02,
       -3.9661709991894367e+02, 4.8299819198199253e+02,
       6.7613158549869786e+03, -2.9732590332437006e+01,
       -3.9661709991894367e+02, -2.9732590332437006e+01,
       2.3091172036576694e+02, 4.3201915039040559e+03,
       4.5390956470452727e+02, 2.2342987456122529e+02,
       4.5390956470452716e+02, 2.7090652736832371e+03,
       4.9458457742415004e+02, 2.2342987456122529e+02,
       4.9458457742415004e+02, 1.2996281742401093e+03,
