%YAML:1.0
means: !!opencv-matrix
   rows: 19
   cols: 7
   dt: d
   data: [ 2.7825074928135248e+01, -1.0130634058158219e+02,
       -9.5420366995342984e+00, 6.8448236543938677e+01,
       -4.3360831432017513e+00, -1.6112287450167653e+00,
       2.1275564463542227e+00, -1.9797127834016115e+02,
       9.5943120070775080e+01, 3.9299806709239149e+01,
       -5.4035654036772790e+01, -2.6138504563622458e+01,
       1.5805747274144935e+01, -3.7037156885920202e+00,
       -5.7413725939723759e-01, 1.2732334957383102e+02,
       5.2565336462521008e+00, -7.1165486238090438e+01,
       1.7733087556315812e+01, 8.9425021305221435e+00,
       -1.6090386009350786e+00, 8.2817129027512081e+01,
       1.8417735288057248e+01, -2.2025079188694651e+01,
       -3.2776480928779286e+01, -2.5112839571973876e+01,
       -2.0236860606520050e+01, 1.3204240326155221e+00,
       -1.5835172315942717e+01, 1.9320355617464156e+01,
       -7.2369510103216754e+01, -1.5662026670992857e+00,
       1.7660148919690151e+01, 3.1105894280651425e+00,
       9.0984017674429418e-01, -9.4139106507962353e+01,
       -9.3547960242070189e+01, 2.0169732441921763e+01,
       5.8299455277035186e+01, -3.3515088020150903e+00,
       -2.4433801485937003e+00, 1.0346241485968652e+00,
       -1.5641142329963287e+02, 2.9738796538460202e+00,
       3.6908817806999288e+01, 2.9097700855223714e+00,
       -3.1096621397547147e-01, 8.1022718470549187e+00,
       8.9100744798129364e-02, 6.4688493228753302e+01,
       -1.6379886371679028e+01, -1.3453285657041453e+01,
       5.0776610043283910e+00, -8.4810475845152720e+00,
       1.5617010105283489e+00, 1.1687673873149269e-02,
       9.3914031613986424e+01, 1.4565097116133629e+01,
       1.1245424728119309e+01, -1.2501098641906365e+00,
       1.5102060346347223e+01, 4.7040503986440605e+00,
       8.4866156255958325e-01, 1.1363472454855747e+02,
       -4.9870186024359420e+01, -2.9153451931637989e+01,
       3.5262410152025737e+01, -3.2336933228912912e+00,
       1.2960083685452856e+01, -2.2866007649376029e-02,
       -1.7490250875032382e+02, -4.2962369114506167e+01,
       4.1515288162273983e+01, 3.1748043145230426e+01,
       -6.0709589802736259e+00, 5.9733854741800663e+00,
       -6.1414318395805974e-02, -6.7551197463816193e+00,
       1.2128752123744013e+01, 1.5237839274574423e+01,
       -6.6844379909933904e+00, 2.8719562182203479e+01,
       -8.2707045444595213e+00, 1.9351408844337390e+00,
       -3.5931576470269405e+01, -8.5220938210178354e-01,
       2.2924498246152115e+01, 4.1601755478483380e+00,
       2.9830606756811648e+01, -6.2565654740580321e+00,
       -3.5557263216340944e+00, -1.9190506142455880e+02,
       1.6857415062536592e+01, 4.5998614024805818e+01,
       -1.1189763728900148e+01, -1.0975613899458772e+01,
       8.1792401267729953e-01, 7.9904942389732336e-01,
       2.8182347549471558e+01, 4.9015306479295681e+01,
       -3.2678178750237503e+00, -4.1936009309326529e+01,
       -7.9613015923593466e-01, -2.2336774544515013e+01,
       1.9503787632628382e+00, -1.3033995251623170e+02,
       4.5961622487464183e+01, 3.2525885698595154e+01,
       -3.0037302798848927e+01, -8.1576658406124058e-01,
       -1.3042334497355968e+01, 1.0362880602615020e-01,
       8.2057164855312351e+01, 9.8486368020513844e+00,
       -2.9095434284423035e+01, -2.9775015523932478e+01,
       -2.8122254209241500e+01, -1.7237378728802756e+01,
       5.7833554636931031e-02, 1.5612498678915674e+02,
       1.1438538916346790e+01, -4.3204807775468510e+01,
       -5.3053743106493449e+00, -6.4360633463631309e+00,
       1.2378822667879394e+01, -3.4449019313883422e-01,
       8.5292750830369641e+01, -3.5321488307066126e+01,
       -1.8435221324855089e+01, 2.5721314144399877e+01,
       -8.9144749224711617e-01, 1.2691228431592315e+01,
       -4.6884767563854277e+00 ]
covs: !!opencv-matrix
   rows: 133
   cols: 7
   dt: d
   data: [ 5.6181199591908608e+03, 4.6441827655060519e+02,
       2.9802111173743106e+03, 2.3943174013927045e+01,
       -8.9863238990948844e+01, 9.7474686051677253e+01,
       -3.0753037799099960e+01, 4.6441827655060530e+02,
       6.1517530237958517e+03, -1.4955930242956319e+02,
       2.1670343407632358e+03, -7.5582484534893723e+01,
       -3.7229310867370430e+01, 7.3519728126426230e+01,
       2.9802111173743110e+03, -1.4955930242956325e+02,
       2.5374339772793842e+03, -3.4320687421196979e+01,
       -1.1478204488809180e+02, 3.2943053780618087e+01,
       1.4788168109976866e+01, 2.3943174013927027e+01,
       2.1670343407632358e+03, -3.4320687421196979e+01,
       1.1885439803457764e+03, -4.7609301647907813e+01,
       -1.5508203778993894e+02, -4.0931839867847621e+01,
       -8.9863238990948844e+01, -7.5582484534893723e+01,
       -1.1478204488809182e+02, -4.7609301647907813e+01,
       2.6767357509071939e+01, 6.4473776488703827e+00,
       -3.7951837795539127e+00, 9.7474686051677253e+01,
       -3.7229310867370430e+01, 3.2943053780618101e+01,
       -1.5508203778993888e+02, 6.4473776488703809e+00,
       4.9096010229960235e+01, 2.2041955558232146e+01,
       -3.0753037799099953e+01, 7.3519728126426230e+01,
       1.4788168109976862e+01, -4.0931839867847636e+01,
       -3.7951837795539114e+00, 2.2041955558232146e+01,
       1.8371070442136933e+01, 5.3009394615239080e+03,
       5.1375566541825845e+02, 3.1155729277855144e+03,
       -3.3323665003020231e+01, -1.8302208210211660e+02,
       -3.2568437873440317e+01, 3.3754304974288985e+01,
       5.1375566541825856e+02, 6.8502214820431709e+03,
       -1.4186132669187048e+01, 2.0306926221636068e+03,
       -1.9809031030757839e+02, 3.4206493400817322e+02,
       -1.1636886104276815e+02, 3.1155729277855144e+03,
       -1.4186132669187062e+01, 2.4685610564716371e+03,
       7.1962257023570373e+01, -1.6854816492678861e+01,
       8.0688969249855290e+01, -3.4684407693035503e+01,
       -3.3323665003020189e+01, 2.0306926221636065e+03,
       7.1962257023570373e+01, 1.2403615190693670e+03,
       5.5261731012793412e+01, -1.1523680342660832e+02,
       3.0153168914539652e+01, -1.8302208210211660e+02,
       -1.9809031030757839e+02, -1.6854816492678864e+01,
       5.5261731012793419e+01, 7.0304221573104513e+01,
       7.7342794721283337e+00, 1.8018863192560776e+01,
       -3.2568437873440310e+01, 3.4206493400817322e+02,
       8.0688969249855290e+01, -1.1523680342660829e+02,
       7.7342794721283337e+00, 2.6890777720567291e+02,
       -2.4036907017310302e+01, 3.3754304974288985e+01,
       -1.1636886104276815e+02, -3.4684407693035489e+01,
       3.0153168914539645e+01, 1.8018863192560772e+01,
       -2.4036907017310302e+01, 3.5353428077327230e+01,
       6.6541842961092470e+03, 7.4115900510623328e+02,
       2.8301743004713535e+03, -1.3124800629659623e+02,
       2.0658378683544885e+02, -2.2124191129673716e+02,
       5.7705052984112008e+01, 7.4115900510623339e+02,
       8.2037852995988778e+03, -5.0697786393570652e+02,
       1.3996139604211660e+03, -1.8052995365184043e+02,
       6.6326657888223224e+02, -1.4764748789983583e+01,
       2.8301743004713535e+03, -5.0697786393570652e+02,
       2.5696392468422550e+03, 1.8973794321536772e+02,
       -5.0442455252778373e+00, 1.2289300104965344e+01,
       -5.4216178852877050e+01, -1.3124800629659620e+02,
       1.3996139604211662e+03, 1.8973794321536766e+02,
       1.6112137799404022e+03, 1.2283734542888078e+02,
       -2.5723514537498369e+02, -5.8602210843134577e+00,
       2.0658378683544879e+02, -1.8052995365184040e+02,
       -5.0442455252778391e+00, 1.2283734542888078e+02,
       1.9224832820037483e+02, -1.2897421313926219e+02,
       3.4068062044846923e+00, -2.2124191129673716e+02,
       6.6326657888223201e+02, 1.2289300104965344e+01,
       -2.5723514537498369e+02, -1.2897421313926219e+02,
       3.4438396209309411e+02, -1.3605079401765685e+00,
       5.7705052984112015e+01, -1.4764748789983587e+01,
       -5.4216178852877043e+01, -5.8602210843134550e+00,
       3.4068062044846914e+00, -1.3605079401765676e+00,
       3.6621076756897601e+01, 3.9900586432484083e+03,
