%YAML:1.0
means: !!opencv-matrix
   rows: 20
   cols: 1
   dt: d
   data: [ 1.0499079542330476e+02, -9.0023219729372013e+00,
       -1.8750766306182723e+02, 2.2028163351779000e+02,
       -1.1871093655745717e+02, -3.0956134555647736e+02,
       3.8914810471526700e+01, -6.1186375775723100e+01,
       1.5586697409247117e+02, -3.3210629227265102e+01,
       -2.2475492833546770e+02, -1.5081377129144508e+02,
       6.0446741105352345e+01, 8.2259187816816720e+01,
       1.2927204391279935e+02, 2.5812332066827526e+02,
       1.5222513251505623e+01, -8.9725436457044182e+01,
       1.8527904884439801e+02, -2.6682212289073891e+02 ]
covs: !!opencv-matrix
   rows: 20
   cols: 1
   dt: d
   data: [ 1.4831128222858308e+02, 1.4175996769466136e+02,
       3.3472680017039676e+02, 4.3413765607624185e+02,
       2.4874257768692328e+02, 1.1744981059582760e+03,
       1.2436089833131773e+02, 1.7933065391268858e+02,
       1.8796358512054397e+02, 1.6104636865037966e+02,
       4.0374049717785653e+02, 2.7529039655554993e+02,
       1.2853961545182293e+02, 1.3850715059323886e+02,
       1.7077908253503355e+02, 8.5885527029243940e+02,
       1.2839821787934395e+02, 2.0957094799485111e+02,
       2.3300506302599013e+02, 6.1242671281226910e+02 ]
weights: !!opencv-matrix
   rows: 1
   cols: 20
   dt: d
   data: [ 6.5776705591804624e-02, 6.4676676627289889e-02,
       4.3175703418451734e-02, 2.8892848737489360e-02,
       5.3377578307929739e-02, 1.6425118251055446e-02,
       6.5113035178587381e-02, 6.0044627913722358e-02,
       5.4302280880257028e-02, 6.1872968893601707e-02,
       3.6499125677280891e-02, 4.9426703446775293e-02,
       6.5429739044422425e-02, 6.6151631884560219e-02,
       5.7836369838840579e-02, 1.5427723799848523e-02,
       6.7832517097901848e-02, 5.6856861374027373e-02,
       4.2783766824149631e-02, 2.8098017211984364e-02 ]
pca_proj: !!opencv-matrix
   rows: 1
   cols: 21
   dt: f
   data: [ 4.36961316e-02, 8.50134730e-01, 1.73015636e-04,
       6.54514134e-02, 4.60692108e-01, 2.29939164e-04, 7.67599978e-03,
       1.46649793e-01, -1.37564148e-05, 1.21663406e-03, 1.30500361e-01,
       -5.45994153e-05, 8.06188770e-03, 1.42052382e-01, -2.12945142e-05,
       -2.45414903e-05, 9.56867734e-06, -1.94090262e-06, 3.13729906e-05,
       4.34020360e-04, 2.32224409e-07 ]
pca_mean: !!opencv-matrix
   rows: 1
   cols: 21
   dt: f
   data: [ 2.07625534e+02, 2.55653595e+02, 1.54502928e+00,
       2.18915131e+02, 2.60592743e+02, 1.67241716e+00, 2.65274475e+02,
       2.24016678e+02, 1.71669352e+00, 3.19420807e+02, 1.63929108e+02,
       1.75046074e+00, 3.16613464e+02, 2.25532654e+02, 1.70717156e+00,
       1.08872897e-04, -9.74175637e-05, 6.24380555e-05, -2.17504916e-04,
       -2.50119597e-01, 1.75055194e+00 ]
gamma: !!opencv-matrix
   rows: 20
   cols: 1
   dt: d
   data: [ 8.1896336957920257e-01, 7.7519050762467900e-01,
       8.6464330006073820e-01, 8.7957039447605823e-01,
       8.2824309124767315e-01, 9.1057330914034540e-01,
       7.8255312528602550e-01, 7.9373102394286144e-01,
       8.4821624516716332e-01, 7.8106115610502547e-01,
       8.8025141286302100e-01, 8.4627483614933818e-01,
       7.9270939844121324e-01, 8.0521387157986068e-01,
       8.3357119017669701e-01, 8.9590605234042731e-01,
       7.7578880546625140e-01, 8.1045693749309189e-01,
       8.6296759638024290e-01, 8.9573730460321299e-01 ]
