%YAML:1.0
means: !!opencv-matrix
   rows: 4
   cols: 9
   dt: d
   data: [ -1.8150252863724671e+02, 3.8856547426469156e+01,
       3.8452003768573547e+01, -2.0964683960491644e+01,
       -1.2636318926567114e+01, 8.0246692892202525e+00,
       -1.6380168143180909e+00, 2.1302209557895774e-01,
       7.8195834908734066e-02, 1.1603658632372040e+02,
       3.9016671710177859e+00, -3.2342458086704916e+01,
       -9.1382215494147783e+00, -1.4374190953585721e+01,
       -1.6070703990636108e+00, 2.0179983635598350e-01,
       -2.1639448180402454e-01, 2.4949143816340180e-01,
       -1.3544730080147154e+01, -3.3664341318236595e+01,
       6.7356850189597166e+00, 2.3764984865228055e+01,
       1.1203408478961146e+01, -1.8698769030363276e+00,
       1.4016090631727036e+00, 2.7353609548757857e-01,
       3.6574052015879704e-01, 5.4203157734580081e+01,
       4.7569419534994111e+01, -9.2033357604259862e+00,
       -2.9962807536100264e+01, 7.4872614115821472e+00,
       -1.2766171167504707e+00, -2.6116737968566310e+00,
       -7.1140837812554103e-01, -1.6542912458628414e+00 ]
covs: !!opencv-matrix
   rows: 36
   cols: 9
   dt: d
   data: [ 6.6521570977922174e+03, 7.5900172621949912e+02,
       2.8815145098525709e+03, -2.8475043763774539e+02,
       1.1535453934581666e+02, -7.0293178105740125e+01,
       6.0776357959100018e+01, -3.8197680446294854e+01,
       -1.0735591892891069e+01, 7.5900172621949901e+02,
       9.6338433719485784e+03, -1.3515127392575212e+02,
       2.4728809682931595e+02, -3.7017723696699898e+02,
       4.1374192541266376e+02, -1.0314558197038458e+02,
       3.7686253243290437e+01, 2.0123872924318629e+01,
       2.8815145098525709e+03, -1.3515127392575212e+02,
       2.4594951856285138e+03, 9.0827453297446539e+01,
       -6.3824681493703338e+01, 3.5858070995680059e+01,
       -2.1416988928995625e+01, 1.2250963051632137e+01,
       3.8503616925590154e+00, -2.8475043763774539e+02,
       2.4728809682931589e+02, 9.0827453297446510e+01,
       2.3406257213213203e+03, 1.5444839540855202e+02,
       -1.2871957214632329e+02, 4.6371829389736455e+01,
       -2.6814844236384960e+01, -5.2374565950622856e+00,
       1.1535453934581669e+02, -3.7017723696699898e+02,
       -6.3824681493703338e+01, 1.5444839540855202e+02,
       1.3727295758841962e+02, -4.6436651663350503e+01,
       1.3216134798237334e+01, -1.9796911891024550e+01,
       -3.4248061066189970e+00, -7.0293178105740111e+01,
       4.1374192541266376e+02, 3.5858070995680059e+01,
       -1.2871957214632329e+02, -4.6436651663350517e+01,
       3.0792805405109345e+02, -1.0926686455223953e+01,
       1.5180443608914091e+01, 6.6210814842733754e+00,
       6.0776357959100025e+01, -1.0314558197038455e+02,
       -2.1416988928995622e+01, 4.6371829389736462e+01,
       1.3216134798237334e+01, -1.0926686455223955e+01,
       3.2614395652872780e+01, -8.5808464101436299e-01,
       -1.3104212122647616e+00, -3.8197680446294854e+01,
       3.7686253243290437e+01, 1.2250963051632141e+01,
       -2.6814844236384953e+01, -1.9796911891024550e+01,
       1.5180443608914091e+01, -8.5808464101436277e-01,
       2.3208025104764559e+01, 2.3452744974854007e+00,
       -1.0735591892891065e+01, 2.0123872924318629e+01,
       3.8503616925590154e+00, -5.2374565950622873e+00,
       -3.4248061066189961e+00, 6.6210814842733736e+00,
       -1.3104212122647616e+00, 2.3452744974854007e+00,
       3.4060670154505810e+00, 5.5179530772747048e+03,
       -7.2046018881147759e+01, 2.6994159402461682e+03,
       5.3598288884247768e+02, 1.6662434868641037e+02,
       3.9216293969282538e+02, -7.9843358268360276e+01,
       5.0541328083927745e+01, 2.5280060214317906e+01,
       -7.2046018881147759e+01, 6.3928970778011108e+03,
       -5.4758753020327781e+01, 1.8653673876744922e+03,
       -1.5862013730743368e+02, -2.5339690308585750e+02,
       4.4278128668259399e+01, -4.9103737085492909e+01,
       4.4678684430873039e+00, 2.6994159402461682e+03,
       -5.4758753020327816e+01, 2.6076029581151397e+03,
       -8.3924568801124920e+01, -1.5988149970256970e+02,
       -5.9201708208481257e+01, 2.7873193991007849e+01,
       -1.2168635438149758e+01, -4.9271412551148558e-01,
       5.3598288884247768e+02, 1.8653673876744922e+03,
       -8.3924568801124934e+01, 1.7667001914848981e+03,
       1.5195237601651110e+02, 2.0336040990158614e+02,
       -1.8791375951826957e+01, 5.9916672897990040e+01,
       -4.9590507028950679e+00, 1.6662434868641037e+02,
       -1.5862013730743365e+02, -1.5988149970256970e+02,
       1.5195237601651112e+02, 1.3549924315172211e+02,
       1.6452491510013871e+02, -7.8398811973314375e+00,
       7.8089552234697788e+00, 1.7775763365251733e+00,
       3.9216293969282538e+02, -2.5339690308585750e+02,
       -5.9201708208481257e+01, 2.0336040990158614e+02,
       1.6452491510013871e+02, 2.9221585619459859e+02,
       8.4415381511133862e+00, 1.6244707516127203e+01,
       -2.2399909977832295e+00, -7.9843358268360276e+01,
       4.4278128668259399e+01, 2.7873193991007849e+01,
       -1.8791375951826950e+01, -7.8398811973314375e+00,
       8.4415381511133845e+00, 2.2251862774749075e+01,
       -3.8900902151482826e+00, -2.4070364145823024e+00,
       5.0541328083927745e+01, -4.9103737085492909e+01,
       -1.2168635438149758e+01, 5.9916672897990040e+01,
       7.8089552234697814e+00, 1.6244707516127207e+01,
       -3.8900902151482826e+00, 1.7307858280202261e+01,
       -2.6070226343366825e+00, 2.5280060214317906e+01,
       4.4678684430873021e+00, -4.9271412551148580e-01,
       -4.9590507028950670e+00, 1.7775763365251733e+00,
       -2.2399909977832300e+00, -2.4070364145823024e+00,
       -2.6070226343366825e+00, 1.7303275473817985e+00,
       9.3130136168031022e+03, 1.0121504347731341e+03,
       1.9243408904158571e+03, -2.6178503342338030e+02,
       1.6434353154600740e+02, 3.3875024101891012e+02,
       -3.2983416200841738e+01, 3.2462126817776365e+01,
       3.5836297433240358e+00, 1.0121504347731341e+03,
       9.5151729437643316e+03, -2.7425536672322686e+01,
       2.1647326209797072e+02, 6.7381473948858888e+02,
       -1.9380468022725836e+02, 6.8248214294843407e+01,
       6.5965845830882133e+00, -5.6833570467884700e+00,
       1.9243408904158571e+03, -2.7425536672322675e+01,
       2.7983262677875655e+03, -1.3343444659539708e+02,
       -7.4697555630841194e+01, -8.9997157345482762e+01,
       1.1802686421283935e+01, -2.6453597143198824e+00,
       2.4795199318749300e-01, -2.6178503342338047e+02,
       2.1647326209797080e+02, -1.3343444659539702e+02,
       2.3120055541225470e+03, -4.9323656942471462e+02,
       2.2637171772879380e+01, -3.4235438622171635e+01,
       -9.7860975259097245e+00, 4.3932229545884303e+00,
       1.6434353154600737e+02, 6.7381473948858888e+02,
       -7.4697555630841165e+01, -4.9323656942471462e+02,
       3.5365603263862874e+02, -2.7623208242909747e+01,
       -1.0226191162977949e+01, 4.1447693015968161e+00,
       2.6101162212092555e+00, 3.3875024101891006e+02,
       -1.9380468022725836e+02, -8.9997157345482734e+01,
       2.2637171772879377e+01, -2.7623208242909747e+01,
       1.4067303689151154e+02, 9.9852497476927464e+00,
       -7.6690336549977358e+00, -6.7815004205557261e-01,
       -3.2983416200841724e+01, 6.8248214294843407e+01,
       1.1802686421283937e+01, -3.4235438622171635e+01,
       -1.0226191162977955e+01, 9.9852497476927464e+00,
       2.1756544793984428e+01, -1.8242550691299655e+00,
       -2.9923541452075844e+00, 3.2462126817776337e+01,
       6.5965845830882186e+00, -2.6453597143198833e+00,
       -9.7860975259097209e+00, 4.1447693015968170e+00,
       -7.6690336549977358e+00, -1.8242550691299653e+00,
       1.3856320107668603e+01, -2.1758031512558871e+00,
       3.5836297433240345e+00, -5.6833570467884718e+00,
       2.4795199318749317e-01, 4.3932229545884320e+00,
       2.6101162212092555e+00, -6.7815004205557294e-01,
       -2.9923541452075844e+00, -2.1758031512558871e+00,
       1.5562975561230787e+00, 9.1569778668596391e+03,
