%YAML:1.0
means: !!opencv-matrix
   rows: 14
   cols: 1
   dt: d
   data: [ 1.6013479769647964e+02, 1.4449127258052266e+01,
       -1.8687547064620441e+02, -9.9129104571079552e+01,
       -2.8746714332562709e+02, 8.7141568105890599e+01,
       5.1217726191253981e+01, 1.9844040181175643e+02,
       -6.0701252850543121e+01, 1.2173199899362072e+02,
       -1.4032136072875721e+02, -2.1731642429046897e+01,
       -2.3483266029549378e+02, 2.4334587716846318e+02 ]
covs: !!opencv-matrix
   rows: 14
   cols: 1
   dt: d
   data: [ 4.4821106943788618e+02, 3.0605813204106619e+02,
       6.4278308933858523e+02, 3.6670143727518763e+02,
       1.6199066504605457e+03, 3.3710873224267579e+02,
       3.0992492366509805e+02, 6.6566977463394392e+02,
       3.3339636333384692e+02, 3.7414621201116267e+02,
       4.4652279943301721e+02, 3.0979638038939919e+02,
       9.9940434403184508e+02, 1.1076131480767499e+03 ]
weights: !!opencv-matrix
   rows: 1
   cols: 14
   dt: d
   data: [ 7.3586942763223570e-02, 1.0163147336576252e-01,
       5.4650471771560294e-02, 7.5305376377681463e-02,
       3.1358932246055772e-02, 1.0636143138987010e-01,
       1.0977567347094928e-01, 4.5140717419348504e-02,
       8.1091203139393317e-02, 8.6900047691603213e-02,
       6.6420378746674058e-02, 9.5663849085714903e-02,
       4.6457465073565241e-02, 2.5656037458573939e-02 ]
pca_proj: !!opencv-matrix
   rows: 1
   cols: 21
   dt: f
   data: [ 4.36961316e-02, 8.50134730e-01, 1.73015636e-04,
       6.54514134e-02, 4.60692108e-01, 2.29939164e-04, 7.67599978e-03,
       1.46649793e-01, -1.37564148e-05, 1.21663406e-03, 1.30500361e-01,
       -5.45994153e-05, 8.06188770e-03, 1.42052382e-01, -2.12945142e-05,
       -2.45414903e-05, 9.56867734e-06, -1.94090262e-06, 3.13729906e-05,
       4.34020360e-04, 2.32224409e-07 ]
pca_mean: !!opencv-matrix
   rows: 1
   cols: 21
   dt: f
   data: [ 2.07625534e+02, 2.55653595e+02, 1.54502928e+00,
       2.18915131e+02, 2.60592743e+02, 1.67241716e+00, 2.65274475e+02,
       2.24016678e+02, 1.71669352e+00, 3.19420807e+02, 1.63929108e+02,
       1.75046074e+00, 3.16613464e+02, 2.25532654e+02, 1.70717156e+00,
       1.08872897e-04, -9.74175637e-05, 6.24380555e-05, -2.17504916e-04,
       -2.50119597e-01, 1.75055194e+00 ]
gamma: !!opencv-matrix
   rows: 14
   cols: 1
   dt: d
   data: [ 8.5461384885138836e-01, 7.8161605480788166e-01,
       8.6861276868834059e-01, 8.1973097457221622e-01,
       9.0890723151675235e-01, 8.1315102638324199e-01,
       7.9358097135972927e-01, 8.7416351749487786e-01,
       7.9799713406205441e-01, 8.3348743609916043e-01,
       8.4393374727387760e-01, 7.8279944259059808e-01,
       8.8989387958477462e-01, 8.9397167236405817e-01 ]
