%YAML:1.0
means: !!opencv-matrix
   rows: 9
   cols: 10
   dt: d
   data: [ 9.9483781349735168e+01, -4.4724394071873469e+01,
       -2.1800122057835793e+01, 3.6816204437588830e+01,
       -2.7533959869183889e+01, 2.3461925186244436e+01,
       1.1285817437999821e+00, 1.2896923967654756e+00,
       5.0131631272746713e-01, 3.2011474448883429e-02,
       9.4154232390650727e-01, 1.0847745363749119e+02,
       -1.4931507039709166e+01, -5.0156799913705704e+01,
       1.8176852972096282e+00, -2.1437527334189355e-02,
       1.8159687890944340e+00, -3.0246363700647055e-01,
       -2.4752422247547781e-01, 2.7214319090702347e-03,
       3.4685941935085623e+01, 2.5612449451371269e+01,
       -7.3275634553998694e+00, -1.9955306795023883e+01,
       1.1372010718923309e+00, -1.2189948593297176e+01,
       -7.2554482027442573e+00, 2.0042199120285389e+00,
       6.4573476602066178e+00, 3.2526639223322434e-01,
       1.4291846611046719e+02, 3.7404071688460640e+01,
       -3.9090717818168038e+01, -2.0826711278886236e+00,
       -9.4369415673911075e+00, -6.0283492046027813e+00,
       -1.4377358445515531e-01, -8.7561961636516542e-02,
       -7.0511470393460784e-01, -5.3273390153662746e-02,
       -1.5414990297595534e+02, -6.6989615485246617e+01,
       4.2617741659032426e+01, 2.1199594512654649e+01,
       -1.2223578613904557e+01, 4.5771843283981131e+00,
       -1.2556300236066555e+00, 3.5871640573031538e-01,
       3.7818484239306414e-02, 6.3119178696617387e-02,
       -1.5693925888014846e+02, 6.8668572040854926e+01,
       2.7106658751319173e+01, -3.6874788336953038e+01,
       -7.7483343282160710e+00, -9.7858134853817513e-01,
       4.5964894428572944e-01, 4.3042197531156051e-01,
       -3.0741979186107571e-01, -6.6118438999386187e-02,
       1.2487835415402848e+00, -1.8878323028688445e+02,
       1.4867476772668429e+01, 6.5720167442398818e+01,
       1.1149117675473708e+01, -1.8768960232813303e+01,
       -1.5723821058835641e+00, -9.2697366020535932e-01,
       3.7259689721367040e-01, -1.2749924229056597e+00,
       3.2839252564888348e+01, -2.7433938604101581e+01,
       1.9592584172098269e+00, 1.1937445641318593e+01,
       2.2023046094802417e+01, 3.2361598703082728e+00,
       1.0516389228029415e+00, -5.9544266221364772e-01,
       -2.7690099511877864e-01, 7.9746134195538443e-02,
       1.5157866697441500e+00, -2.3868367156982721e+01,
       -5.5427480642068137e+00, 1.0239632420728389e+01,
       -1.1409664208796483e+01, -6.2889398262319265e+00,
       -4.4226773657596800e-02, -3.3681428533986452e-01,
       -1.2996301046202685e+00, 1.1197357766985747e-01 ]
covs: !!opencv-matrix
   rows: 90
   cols: 10
   dt: d
   data: [ 4.1693311256644783e+03, -8.5976450791513926e+01,
       2.9164900358332293e+03, -8.1580223050145401e+02,
       -8.2014811439589366e+01, -3.2337322345445713e+01,
       -7.0291496191500784e+01, 8.7767188489122772e-01,
       -1.7911381958774541e+01, 3.0860261697629929e+00,
       -8.5976450791513855e+01, 5.1050019478100066e+03,
       9.3925763992658960e+02, 2.6929776983521965e+03,
       -3.8762544839092364e+01, -7.0745386749718563e+01,
       -2.7844021112118885e+01, -4.0167588210670779e+01,
       2.8986747363172567e+00, -7.9508287364920029e+00,
       2.9164900358332293e+03, 9.3925763992658926e+02,
       2.5390483934320168e+03, -9.7832145093900593e+01,
       -9.3659034017593356e+01, -8.2954349405774977e+01,
       7.9796358723466314e+00, -2.1178247672986918e+00,
       -1.0013607616025406e+00, 1.2915762806544175e+00,
       -8.1580223050145401e+02, 2.6929776983521965e+03,
       -9.7832145093900593e+01, 1.7505863709904193e+03,
       6.6089545959456757e+01, -1.1538357955966207e+02,
       -1.1449395700549527e+01, 7.9024080671856050e+00,
       -1.3147375405743049e+00, -4.1794955589695593e-01,
       -8.2014811439589366e+01, -3.8762544839092371e+01,
       -9.3659034017593356e+01, 6.6089545959456757e+01,
       3.4545984597414687e+01, -3.2583292162059955e+01,
       -2.0134956383529965e+00, 1.2251845577859021e+01,
       -2.2495444124078636e+00, 1.7662991052993262e+00,
       -3.2337322345445720e+01, -7.0745386749718534e+01,
       -8.2954349405774977e+01, -1.1538357955966207e+02,
       -3.2583292162059955e+01, 1.3345612176422819e+02,
       -2.2584383874076188e+01, -2.3793446911566525e+00,
       -1.3101513745299063e+00, -3.4057092241406868e+00,
       -7.0291496191500769e+01, -2.7844021112118877e+01,
       7.9796358723466314e+00, -1.1449395700549520e+01,
       -2.0134956383529961e+00, -2.2584383874076188e+01,
       2.1582285537605117e+01, -2.7738549801232437e-01,
       2.9588563314360661e+00, 1.3175154248230928e-01,
       8.7767188489122738e-01, -4.0167588210670786e+01,
       -2.1178247672986932e+00, 7.9024080671856023e+00,
       1.2251845577859021e+01, -2.3793446911566534e+00,
       -2.7738549801232443e-01, 1.4336695122311552e+01,
       -1.2074670648733163e+00, 8.5399052561798039e-01,
       -1.7911381958774548e+01, 2.8986747363172558e+00,
       -1.0013607616025411e+00, -1.3147375405743047e+00,
       -2.2495444124078627e+00, -1.3101513745299063e+00,
       2.9588563314360661e+00, -1.2074670648733163e+00,
       9.0860734664731102e-01, -6.7177196095228278e-02,
       3.0860261697629925e+00, -7.9508287364920003e+00,
       1.2915762806544175e+00, -4.1794955589695565e-01,
       1.7662991052993267e+00, -3.4057092241406868e+00,
       1.3175154248230933e-01, 8.5399052561798039e-01,
       -6.7177196095228264e-02, 3.4181847268720877e-01,
       6.0718514344618789e+03, -2.1194797063139373e+02,
       2.5673527360894691e+03, -7.0086659785633992e+02,
       -1.3996443512574581e+02, -1.1852709249547986e+02,
       -1.4229452658995127e+01, 2.2698357512963497e+01,
       -1.6541398991487348e+01, 1.8547646758647943e-01,
       -2.1194797063139373e+02, 6.7791953575405178e+03,
       6.8185333070173499e+02, 2.3909845263670254e+03,
       -1.7954273915146658e+02, 1.8939972837820541e+01,
       -8.9004319480793384e+01, 1.8635758435015723e+00,
       -1.2464545278764637e+01, -1.4316858124666313e+01,
       2.5673527360894686e+03, 6.8185333070173499e+02,
       2.5859404872367568e+03, -9.6392109338815146e+01,
       -4.0330011374419620e+01, -3.4978198237677610e+01,
       1.8945332906107858e+01, -3.3787898145877731e+00,
       1.4088323805792922e+00, -4.1283232013124416e-01,
       -7.0086659785633992e+02, 2.3909845263670254e+03,
       -9.6392109338815146e+01, 1.7428383894336823e+03,
       1.3597452118599102e+02, -1.5259751974197576e+02,
       3.1124060829726947e+01, 2.0085413567669377e+01,
       3.3458751555540389e+00, 2.8079155528804267e-01,
       -1.3996443512574581e+02, -1.7954273915146658e+02,
       -4.0330011374419634e+01, 1.3597452118599105e+02,
       1.8065349997013573e+02, -1.9089019545314681e+01,
       -1.1097406417139137e+01, 8.7994086397559474e+00,
       -4.4830945097474526e+00, 5.8754869734020422e-02,
       -1.1852709249547985e+02, 1.8939972837820552e+01,
       -3.4978198237677610e+01, -1.5259751974197570e+02,
       -1.9089019545314677e+01, 5.5176210442326145e+01,
       -1.8605562212530696e+01, -5.7943955613649578e+00,
       -1.8845345710956318e+00, -1.2890527482396961e+00,
       -1.4229452658995122e+01, -8.9004319480793384e+01,
       1.8945332906107858e+01, 3.1124060829726947e+01,
       -1.1097406417139137e+01, -1.8605562212530696e+01,
       2.0539989762582042e+01, 7.9756928011959494e-01,
       2.9417810097534520e+00, 3.2041123851658104e-01,
       2.2698357512963504e+01, 1.8635758435015690e+00,
       -3.3787898145877699e+00, 2.0085413567669381e+01,
       8.7994086397559474e+00, -5.7943955613649569e+00,
       7.9756928011959505e-01, 1.6958330070312833e+01,
       -1.7646456254885878e+00, 3.6601056567445178e-01,
       -1.6541398991487345e+01, -1.2464545278764637e+01,
       1.4088323805792917e+00, 3.3458751555540398e+00,
       -4.4830945097474526e+00, -1.8845345710956318e+00,
       2.9417810097534520e+00, -1.7646456254885878e+00,
       1.1163880000506041e+00, 7.6890406581177281e-02,
