%YAML:1.0
means: !!opencv-matrix
   rows: 3
   cols: 9
   dt: d
   data: [ 5.9840579845818233e+01, -8.4526829343271022e+00,
       -1.3435857770194739e+01, 3.9362299079490657e+00,
       2.9873481461874740e+00, -1.9373689186295799e+00,
       8.5127527115704027e-01, 2.2233691028373023e-01,
       3.0148652491898648e-01, -1.6535423722004762e+02,
       -2.0681332689680456e+00, 3.6578273999536457e+01,
       3.5288785509434235e+00, -1.0978466267466148e+01,
       3.3855096909960452e+00, -2.6103407703713416e-01,
       1.6889237899587572e-01, 2.8813525891056879e-01,
       2.0191129467323432e+01, 4.7052690624101906e+01,
       -3.4684414533205175e+00, -2.6940055720862425e+01,
       6.3606753012382686e+00, 3.1965765406015527e+00,
       -3.8130303802747547e+00, -1.4726873040180166e+00,
       -2.0919099449889123e+00 ]
covs: !!opencv-matrix
   rows: 27
   cols: 9
   dt: d
   data: [ 8.5692117618067205e+03, 7.6235092603638645e+02,
       1.7736515358622830e+03, -2.9099506815970108e+02,
       -8.7727458943546549e+02, 3.2214082550645418e+02,
       -9.4335675930845923e+01, 1.8175577300329884e+01,
       1.5377209978856255e+01, 7.6235092603638645e+02,
       8.5086118024745774e+03, -1.9210039379235144e+02,
       6.3407067471800838e+02, 5.6049710821839064e+01,
       -2.6420171539364611e+02, 3.8455900454088017e+01,
       -1.8847732575915050e+01, 2.1217700100858123e+00,
       1.7736515358622830e+03, -1.9210039379235141e+02,
       2.9164907243868620e+03, 4.8508866139604741e+01,
       1.8150668807571697e+02, -6.6086286007273230e+01,
       3.1439196496890428e+01, 6.4678568938927516e-01,
       3.2085001300678118e-01, -2.9099506815970113e+02,
       6.3407067471800838e+02, 4.8508866139604756e+01,
       2.3312101343531212e+03, 5.3283208580010877e+00,
       1.3047858453519808e+02, -1.5860903480872267e+01,
       2.2017646533512561e+01, -1.0357262564599750e+00,
       -8.7727458943546537e+02, 5.6049710821839064e+01,
       1.8150668807571697e+02, 5.3283208580010877e+00,
       4.3560602921248244e+02, 5.1782815913933490e+01,
       -3.8838430450859143e+00, 7.7905010564610979e+00,
       4.2260954090438716e+00, 3.2214082550645406e+02,
       -2.6420171539364611e+02, -6.6086286007273259e+01,
       1.3047858453519805e+02, 5.1782815913933490e+01,
       2.1600778855271710e+02, 8.0136727065096025e+00,
       5.5337115171448070e-01, -1.2352024644969850e+00,
       -9.4335675930845923e+01, 3.8455900454088017e+01,
       3.1439196496890421e+01, -1.5860903480872270e+01,
       -3.8838430450859134e+00, 8.0136727065096025e+00,
       2.2518863896586495e+01, -2.7204590500882193e+00,
       -2.7336226743352365e+00, 1.8175577300329881e+01,
       -1.8847732575915042e+01, 6.4678568938927516e-01,
       2.2017646533512558e+01, 7.7905010564611006e+00,
       5.5337115171448059e-01, -2.7204590500882184e+00,
       1.5208700558273293e+01, -2.2196554938144404e+00,
       1.5377209978856261e+01, 2.1217700100858128e+00,
       3.2085001300678145e-01, -1.0357262564599750e+00,
       4.2260954090438716e+00, -1.2352024644969850e+00,
       -2.7336226743352365e+00, -2.2196554938144399e+00,
       1.5834168748867243e+00, 6.5581703331488588e+03,
       -1.1604604307153943e+03, 2.8506287223722952e+03,
       9.0515414868093455e+02, 1.7028779697640400e+02,
       -3.2186603736928430e+02, 1.1281500921823526e+02,
       -4.6360554048172752e+01, -8.2041345299101636e+00,
       -1.1604604307153943e+03, 1.1325989068823896e+04,
       2.9700449745288142e+02, -8.1283233759124232e+02,
       -3.3588740339833009e+02, 4.3798655250704905e+02,
       -7.6352072021082307e+01, 4.6014874097473722e+01,
       -3.5617975582893613e+00, 2.8506287223722952e+03,
       2.9700449745288142e+02, 2.4705233279549711e+03,
       -2.0417024451013637e+02, -6.1182379513628618e+01,
       5.5441509417115043e+01, -2.8514268495750560e+01,
       1.3038016711479415e+01, 8.4853374730812814e-01,
       9.0515414868093444e+02, -8.1283233759124232e+02,
       -2.0417024451013637e+02, 2.9503508320598244e+03,
       1.2079448729530793e+02, -2.1323247806240624e+02,
       3.9090607814093957e+01, -3.7369625493034967e+01,
       7.0963745437499695e+00, 1.7028779697640400e+02,
       -3.3588740339833009e+02, -6.1182379513628632e+01,
       1.2079448729530790e+02, 1.5230498550793084e+02,
       -7.7384177684812173e+01, 2.0830529144542261e+01,
       -1.1391078163813503e+01, -3.0487460833042999e+00,
       -3.2186603736928430e+02, 4.3798655250704911e+02,
       5.5441509417115014e+01, -2.1323247806240619e+02,
       -7.7384177684812173e+01, 2.5719303375782306e+02,
       -1.2503583017265546e+01, 4.2547589218987243e+00,
       5.1743293443050431e-01, 1.1281500921823526e+02,
       -7.6352072021082307e+01, -2.8514268495750560e+01,
       3.9090607814093957e+01, 2.0830529144542261e+01,
       -1.2503583017265552e+01, 2.8991257575435334e+01,
       -2.5759194215987988e+00, -2.3112590585853292e+00,
       -4.6360554048172737e+01, 4.6014874097473729e+01,
       1.3038016711479417e+01, -3.7369625493034974e+01,
       -1.1391078163813503e+01, 4.2547589218987252e+00,
       -2.5759194215987984e+00, 1.8914622059262122e+01,
       -1.3780264084003899e-01, -8.2041345299101618e+00,
       -3.5617975582893600e+00, 8.4853374730812747e-01,
       7.0963745437499695e+00, -3.0487460833042999e+00,
       5.1743293443050475e-01, -2.3112590585853292e+00,
       -1.3780264084003893e-01, 2.4389715961540901e+00,
       1.2221309320132543e+04, -6.4838203260710213e+02,
       1.4145020846977400e+03, 1.9475576262180124e+02,
       -4.7304525691843503e+02, 6.1701981369526288e+02,
       -8.4291869827643513e+00, 1.5441852416328357e+01,
       -1.8094875012303060e+01, -6.4838203260710247e+02,
       1.0550419816405292e+04, 1.2814875564070334e+02,
       -1.7793209984259661e+02, 1.5864359959828377e+02,
       2.6399559985085705e+02, 1.6922995995846196e+02,
       8.5077829953926340e+01, 1.0875068250840347e+02,
       1.4145020846977400e+03, 1.2814875564070331e+02,
       3.1269572393707754e+03, 7.6161389239499883e+01,
       2.1128883883394687e+02, -1.3702672025774518e+02,
       -4.0238182182149814e+01, -3.0911565846896000e+01,
       -1.0638745676058690e+01, 1.9475576262180124e+02,
       -1.7793209984259656e+02, 7.6161389239499883e+01,
       2.6988894730901925e+03, -7.6529946131381976e+01,
       -1.4356929304591043e+02, -1.1401057060868231e+02,
       -8.3915835737242929e+01, -7.3047080884370260e+01,
       -4.7304525691843503e+02, 1.5864359959828374e+02,
       2.1128883883394684e+02, -7.6529946131381976e+01,
       3.4950423674363407e+02, -2.9422055636767510e+01,
       -1.5427029855173055e+01, -7.6310346718901050e+00,
       -5.7174960337645975e-01, 6.1701981369526288e+02,
       2.6399559985085699e+02, -1.3702672025774515e+02,
       -1.4356929304591040e+02, -2.9422055636767489e+01,
       3.4374794973872417e+02, 6.0967077294032777e+00,
       -5.3862715127610592e+00, 1.3008837879908926e+01,
       -8.4291869827643549e+00, 1.6922995995846196e+02,
       -4.0238182182149828e+01, -1.1401057060868231e+02,
       -1.5427029855173055e+01, 6.0967077294032750e+00,
       5.2821605661214328e+01, 1.2396066823412109e+01,
       9.3005369779625138e+00, 1.5441852416328357e+01,
       8.5077829953926340e+01, -3.0911565846896007e+01,
       -8.3915835737242929e+01, -7.6310346718901050e+00,
       -5.3862715127610592e+00, 1.2396066823412109e+01,
       3.1886287058701615e+01, 8.0390097111922003e+00,
       -1.8094875012303060e+01, 1.0875068250840344e+02,
       -1.0638745676058686e+01, -7.3047080884370246e+01,
       -5.7174960337645941e-01, 1.3008837879908926e+01,
       9.3005369779625138e+00, 8.0390097111922003e+00,
       1.2514560035879530e+01 ]
weights: !!opencv-matrix
   rows: 1
   cols: 3
   dt: d
   data: [ 6.3187522708503086e-01, 2.4385117046244328e-01,
       1.2427360245250850e-01 ]
