%YAML:1.0
means: !!opencv-matrix
   rows: 46
   cols: 3
   dt: d
   data: [ -1.4712833452273355e+02, 3.8840321451994768e+01,
       7.1249113221180124e+01, 2.1802234530921072e+02,
       8.2747393003742417e+01, 3.3762442292771283e+01,
       1.6045444910532231e+02, -1.0818091604972542e+01,
       3.9610297316403930e+01, -7.5304198583390772e+01,
       1.2875759568845328e+02, 5.4339534486104370e+01,
       -1.2333394649763807e+02, -2.1005226333044501e+01,
       4.6088503203199672e+01, 1.1013198985570273e+02,
       -6.6926449533970526e+01, -3.3892912828411799e+00,
       2.6493708935637351e+01, 2.3978927318962220e+00,
       -7.8448156456856594e+01, 1.3987603994407641e+02,
       -2.7248178553184335e+01, -4.7282968442026188e+01,
       -9.3713603344547963e+01, -8.2630328376419371e+01,
       7.4622886683971473e+01, -2.8012366896964699e+02,
       3.3440299034631991e+01, -2.7436372607664882e+01,
       3.6959985448600108e+01, 9.2839182099013584e+01,
       3.4108129331294670e+01, -1.1235466139360361e+02,
       -5.2380765967429198e+01, -6.3992793491768424e+01,
       -2.1962629377337535e+02, -1.1452228411096760e+02,
       -2.7174734859984959e+01, 7.3452168783422049e+00,
       -1.3738859568261205e+02, -7.9955626077009168e+00,
       1.0157224685054450e+02, 3.2909223557813498e+01,
       4.3645779802943025e+01, -2.0953080800350313e+02,
       9.9629515978578866e+01, 1.7348048661252150e+01,
       -9.1033489906606437e+00, -5.5913349637457003e+01,
       -9.3086274780091827e+01, 7.0732237056437057e+01,
       1.5394854710126000e+02, 9.0506445255517658e+00,
       1.6743956186791547e+01, -7.6066734754630076e+01,
       4.9782574319349337e+01, 1.5904128259381838e+02,
       8.4849968414995203e+01, -3.4362655267200509e+01,
       -1.8448457217246508e+02, 1.0489715842708452e+02,
       6.3907245896935947e+01, -6.1397581194939704e+01,
       1.5429339716872354e+01, 1.0460902445087939e+02,
       -1.4540870030508938e+02, -1.4076674069514996e+02,
       2.5325891172387326e+01, -6.3096047795536222e+01,
       1.1403914034203839e+02, -4.3056426815433319e+01,
       -7.1755623066043599e+00, 1.6134922392898179e+02,
       -2.5478811409334732e+01, 4.6602159650846076e+01,
       -4.9832044991471250e+01, -4.4209603351165029e+01,
       1.3928593913647487e+02, 9.8665083155073319e+01,
       2.8081175453437861e+01, 1.6771238450894319e+02,
       -9.0777079488012660e+01, 1.1326020030165894e+01,
       8.8012626001186462e+01, 9.9535662252650994e+01,
       -1.9217031228512283e+01, -4.4968789379113602e+01,
       -5.2811144265191189e+01, -1.5193213980728652e+01,
       -7.3602444470608646e+01, 1.9830608528028051e+01,
       -4.9906335205300337e+01, 1.0667723377365145e+02,
       -2.8542493148257922e+01, 7.5277192425080543e+01,
       -2.2776921320389428e+02, -1.8542838759576480e+01,
       -3.0655429030795323e+00, -4.8925038522530464e+01,
       -1.4886749352238766e+02, 9.0358335768116419e+01,
       5.8851856749870038e+01, -2.1161481551744888e+01,
       4.8832509699175219e+01, -6.6358124285027628e+01,
       -1.3619205144574258e+02, -4.7531745150813755e+01,
       2.1906411361354270e+02, 9.9225836257079330e+00,
       4.4963181038455190e+01, 8.4718513606693179e+01,
       2.3017014574056770e+01, -2.2331080453439959e+01,
       6.1333469215286975e+01, -1.6919144583873603e+02,
       4.1393849314147992e+01, 7.2155794517766089e-02,
       7.8341200234242649e+01, -8.8022158127556438e+01,
       6.6761868998128861e+01, -6.7745299278805021e+01,
       -9.2009928684383354e+01, -1.5092176939306992e+02,
       3.4301931034130916e+01, -1.4332966045127259e+01,
       6.8869297063181278e+01, 8.5012449876179872e+01,
       -9.5797263683306227e+01, 2.2230628636915952e+02,
       -3.4103591792965560e+01, 2.0045256021690339e+01,
       -1.2655649949691593e+01, 1.9430110998277101e+01,
       -1.9397694788611703e+00, -2.7465804664275623e+02,
       1.0607228420095338e+02, -4.6768753027065086e+00 ]
covs: !!opencv-matrix
   rows: 138
   cols: 3
   dt: d
   data: [ 1.3934085458010559e+03, 1.0600392235990778e+03,
       3.9356020847414402e+02, 1.0600392235990778e+03,
       3.9335054541472919e+03, -2.0896222019762271e+02,
       3.9356020847414408e+02, -2.0896222019762268e+02,
       7.5954499820047931e+02, 1.5273302378034657e+03,
       2.4989758237835792e+02, -3.8140102430986832e+02,
       2.4989758237835787e+02, 1.5831736522018577e+03,
       1.7396215477666829e+01, -3.8140102430986832e+02,
       1.7396215477666829e+01, 2.9194153934587746e+02,
       6.3265244822393777e+02, -1.3573729283382747e+02,
       1.8174821522262542e+02, -1.3573729283382744e+02,
       6.4053027749970006e+03, -2.1270288325590023e+01,
       1.8174821522262536e+02, -2.1270288325590037e+01,
       1.9071256933108594e+02, 4.4132684121549264e+03,
       -1.7816301245034692e+03, 3.3551870068413962e+02,
       -1.7816301245034692e+03, 1.7438534802661866e+03,
       4.2906310867107652e+02, 3.3551870068413962e+02,
       4.2906310867107652e+02, 1.0492615601405332e+03,
       4.3133182783427847e+03, 2.5439836021251235e+03,
       8.6332296953805348e+02, 2.5439836021251235e+03,
       4.2780833014723203e+03, 3.0335203195108465e+02,
       8.6332296953805360e+02, 3.0335203195108454e+02,
       8.4785705356037863e+02, 7.6733396742575655e+02,
       3.6878811847449668e+01, 2.9358907963219610e+02,
       3.6878811847449676e+01, 2.8588906371580756e+03,
       4.6501089480792933e+02, 2.9358907963219599e+02,
       4.6501089480792928e+02, 7.3203750672989634e+02,
       1.6463619458423118e+03, 1.2729832805415612e+02,
       -2.1736870986583119e+02, 1.2729832805415616e+02,
       1.3554272558045166e+03, 7.4047444248413981e+01,
       -2.1736870986583116e+02, 7.4047444248413981e+01,
       7.5928847779108867e+02, 2.1000223707073196e+03,
       -4.8244947208357496e+02, 1.0680727417275302e+03,
       -4.8244947208357496e+02, 3.5755922383277161e+03,
       -2.2979978591274929e+01, 1.0680727417275302e+03,
       -2.2979978591274900e+01, 1.1409597320094597e+03,
       1.5338996311231499e+03, 4.8766442473175408e+02,
       -4.5858888956611793e+02, 4.8766442473175402e+02,
       3.2387018111339539e+03, 1.8539728861033041e+02,
       -4.5858888956611793e+02, 1.8539728861033041e+02,
       7.9629389577702386e+02, 1.9944811556162940e+03,
       1.2838302554521717e+03, 6.2619113177984651e+01,
       1.2838302554521717e+03, 6.7009965082994013e+03,
       4.5054348954123817e+00, 6.2619113177984644e+01,
       4.5054348954123817e+00, 2.0128567662303905e+02,
       2.1287480740886704e+03, 1.1205780675064381e+02,
       1.2016305630178933e+03, 1.1205780675064383e+02,
       3.9535569166554433e+03, 2.4567655259622228e+02,
       1.2016305630178933e+03, 2.4567655259622228e+02,
       9.6411606560151006e+02, 3.0883477493883734e+03,
       -5.1552929995742556e+02, -6.1698098344663958e+02,
       -5.1552929995742568e+02, 4.8516895023236657e+03,
       4.2574122495533692e+02, -6.1698098344663958e+02,
       4.2574122495533703e+02, 4.1906923169775200e+02,
       2.1522082957255689e+03, 7.0337966045262806e+02,
       2.5279196418203398e+02, 7.0337966045262783e+02,
       4.1772185221587479e+03, 5.2152041618316218e+02,
       2.5279196418203398e+02, 5.2152041618316218e+02,
       4.5737769223832726e+02, 3.2628083254547691e+03,
       6.8536805326966203e+02, -5.1789486796941833e+02,
       6.8536805326966180e+02, 3.1481201968774772e+03,
       2.2609022702254845e+02, -5.1789486796941856e+02,
       2.2609022702254845e+02, 1.2658582441682272e+03,
       3.3545917394534713e+03, -2.7403549244621007e+02,
       -1.1667744335740911e+03, -2.7403549244621007e+02,
       1.5498813261260530e+03, 4.0607072991371052e+02,
       -1.1667744335740911e+03, 4.0607072991371041e+02,
       8.8597421512474739e+02, 1.6005252544630100e+03,
       -1.5360668843696082e+01, 3.5541861765499073e+02,
       -1.5360668843696100e+01, 3.3931219941034824e+03,
       -2.2616159769465209e+01, 3.5541861765499073e+02,
       -2.2616159769465202e+01, 5.9495313652576476e+02,
