%YAML:1.0
means: !!opencv-matrix
   rows: 46
   cols: 7
   dt: d
   data: [ -7.7188171714487197e+01, 4.3143667406305433e+01,
       9.6252638008653264e+01, -2.2318211037740671e+01,
       -5.1483084608188276e+00, -8.6060709894398197e+00,
       1.6941068157119596e+00, 1.0978896812684314e+02,
       1.0662401897539302e+01, -7.3119500306853681e+01,
       -5.0095466888967559e+00, -3.9929122586560863e+00,
       1.1776258991831854e+01, -3.6239561999465242e-01,
       2.7677197761216018e+01, -1.0099087273291487e+02,
       -1.0477579978348674e+01, 6.8587283395171568e+01,
       -4.6377674301427119e+00, -1.6321316218947277e+00,
       2.1350417647594400e+00, 7.3263618124405880e+01,
       2.8909567959499892e+01, -2.7175310319486680e+01,
       -3.8387423061484988e+01, -3.6140510145938776e+00,
       -1.1892353264760398e+01, 4.3421135614631962e-01,
       -2.0584784250644478e+02, 5.8757436440333201e+01,
       3.0252310933463523e+01, -1.9901387173056019e+01,
       -8.1044374402579482e+00, 6.4391656521217100e-01,
       -1.6287541721555487e+00, -1.4584190536576628e+02,
       -5.6026778822789673e+01, 3.4845228010406437e+01,
       3.7656761390827853e+01, -1.2550054408404192e+00,
       -3.7517522365772332e-01, 1.3579947541851438e+00,
       -1.6198750718029316e+02, -1.2165863921733056e+00,
       -4.8930836782573950e+00, 1.8449261036268074e+00,
       1.3093694100848740e+01, -1.0028190478274359e+01,
       1.8661064029101198e+00, 5.1654076527788561e+01,
       1.5106142924444450e+02, -8.2589656794597257e+00,
       -8.1284425950872503e+01, 1.7128840475426305e+01,
       6.5646261459392923e+00, 1.7221819688102160e+00,
       -2.1129879010270486e+02, -3.1197270177900062e+01,
       3.8587143919778377e+01, 2.5928823292668906e+01,
       -1.0391374330985771e+01, 1.5046037309134073e+01,
       -2.3498031125942211e+00, -7.0773174115646222e+00,
       2.7088318458206054e+01, 7.3099058463964726e+00,
       -3.1537663430787166e+01, 1.5869960492940919e+01,
       -1.2089984621855665e+01, -2.0750499648709497e+00,
       9.7909173022893086e+01, 6.7920439667259558e+01,
       -2.5386759753231154e+01, 6.2803426642293559e+01,
       -7.1601022803112402e-01, 5.7334159387403281e+00,
       -4.7046050150706642e-01, 1.2138543653261705e+02,
       -1.3938417224881785e+01, 6.3521530597319021e+01,
       2.6589874585426583e+00, 1.6388537242633092e+01,
       1.2695236538897909e+00, 1.5878927092713202e-01,
       -1.9013670853413720e+02, -7.8886924764025323e+01,
       3.7355619116084100e+01, -5.1867049811325728e+01,
       -7.1359377521080551e+00, -3.6728841605189944e+00,
       8.0970144890097639e-01, 2.3520543173940490e+02,
       3.0388923331129492e-01, 1.9771402269928725e+01,
       -6.2485478651235207e+00, -7.8575643952693417e+00,
       1.0562394364939262e+01, -1.2214807706646900e+00,
       1.1216147059741200e+01, -6.1285623195831135e+01,
       -7.3194517918183351e+01, 3.8751964333032205e+01,
       -8.8114081628917234e+00, 6.4949103086431075e+00,
       4.5153871828819995e-03, 1.4634550105874342e+02,
       3.2100845002685531e+01, -4.4293176446929294e+01,
       -1.6305399338364854e+01, -1.2697846187274871e+01,
       -4.0064604138246518e-01, 2.8132452482288071e+00,
       -2.4833072162612702e+01, -1.9653845730621669e+01,
       6.9915954295321550e+00, 3.0861481507406112e+00,
       3.5256366112869372e+01, 1.4674774151579237e+00,
       -2.5409705355908752e-01, 1.0708188068520364e+02,
       -7.9447390520273999e+01, 6.1184385571646080e+00,
       3.4968895549264992e+01, -1.2385616435365760e+01,
       5.1021215074250410e+00, -1.1635709009771353e-01,
       -1.1772092027833986e+01, 9.7418638675082221e+01,
       1.3403387560862043e-01, 4.1533459693688464e+01,
       2.3613314987895428e+01, -8.6309038821000463e+00,
       1.1708665764973163e+00, -1.4946280444068714e+02,
       -1.0406273625975332e+02, 2.6814311651470486e+01,
       6.6446498538958224e+01, -1.9836564031454767e+01,
       7.3132497726870849e-01, -2.4215403862840340e-01,
       -2.1872913552443518e+02, 1.0559908298358765e+01,
       4.9144943898460895e+01, 6.5228406625530555e+00,
       -1.4840056763253191e+01, 9.6007451640353896e+00,
       -8.3646570255126751e-01, 6.2359004737512258e+01,
       -5.2923670572149383e+01, -3.5581510759129863e+01,
       -6.6040465370405514e+01, -2.2808552892832360e+01,
       -1.7839411964406573e+01, 1.3454597235313686e+00,
       1.7751906722383019e+01, 5.0514949352606571e+01,
       -9.7657616137814838e+00, -4.8044121580279523e+01,
       -3.6708148028713900e+01, -1.8833284541842573e+01,
       2.7404096286899478e+00, 1.7825886109830628e+02,
       -1.6412061384919269e+01, -1.5507736464169614e+01,
       1.0765817527810052e+01, -7.3363280491441021e+00,
       1.2349207122193695e+01, 2.8855041430756989e-01,
       -2.0391319159757515e+01, -8.9988885893449677e+01,
       3.7125009079933275e+00, 5.6716877231424661e+01,
       1.3647595596681521e+01, -2.9886844889893349e+00,
       2.2047543749831022e+00, 3.4944275534623276e-01,
       4.7959337528349344e+01, 1.3800376526628440e+01,
       -3.5294584695088218e+01, 3.7507489044223156e+01,
       -1.0909993867701836e+01, 2.4226222721852766e+00,
       -8.2054327166073008e+01, -7.8063285767826827e+01,
       2.1074266045439058e+00, 4.9468605833906146e+01,
       6.6965678958517989e+00, -3.3996126343397077e+00,
       1.4048657603506525e+00, 1.1245252071928567e+02,
       -5.0281170497066071e+01, -3.0017502113805122e+01,
       3.6275754046739294e+01, -2.3451431366854973e+00,
       1.3289669351415091e+01, -2.0166751119440843e-01,
       1.5682547362412856e+02, 1.5318652946999222e+01,
       -5.2100724414215101e+01, -1.2416936528511593e+01,
       -7.0428996977399381e+00, 1.3438593677581189e+01,
       9.3441347927614174e-02, 3.0876789336187883e+01,
       6.2361825381420823e+00, -2.2157406981620348e+01,
       -6.9574750243431449e+00, 2.0593233991827642e+01,
       4.8326876364089557e+00, 1.1500341202352156e+00,
       1.5803413349227452e+02, 2.0122350100426761e+01,
       3.7310824122727787e+01, -2.9145085505549513e+01,
       -2.8355352647984279e+01, -1.9934769161729903e+01,
       7.7831598401331159e-01, -4.3810308266406288e+01,
       -3.2475163653666982e+01, 3.5744412445782388e+01,
       4.9427456924379584e+01, 1.9322490605721978e+01,
       -1.0021504210450658e+01, -1.2063388947714452e+01,
       1.2741506715648708e+02, 2.9972540959262584e+01,
       -3.2377243004538435e+01, -1.2565820753334904e+01,
       -5.2861964651833784e+00, 1.9769340499618973e+01,
       -8.6609909351417347e+00, -7.4494248270340918e+01,
       1.9469676651629005e+01, 3.1659846852053185e+01,
       -1.7818063142722135e+01, 1.7037620918288656e+01,
       -1.7354887193731955e+01, 1.6550459115703380e+00,
       -1.3662621483598352e+01, 1.6061450050957097e+02,
       1.0466138757335354e+01, -9.2160822408394807e+01,
       1.7791281857209384e+01, 2.9158482914749399e+01,
       -2.7339717303599675e+00, 7.1022123743130521e+01,
       -6.2746964330617701e+01, -1.6931946323858835e+01,
       2.4727473373032861e+01, 6.2474229182159924e+00,
       1.6692632875932279e+01, -4.5297839314239923e+00,
       -1.9732647783923593e+01, -7.9396103121299873e+01,
       7.7752084001395204e+01, 4.3127435281838331e+01,
       4.7898890466083177e+00, -5.3385499753751100e+00,
       2.2460525576052630e+00, 6.0148877586617786e+01,
       6.0906766877287112e+01, -1.1323647290817082e+01,
       -4.6231422703818545e+01, 1.5938603386129007e+01,
       -1.7780514541359338e+01, 2.9845542983015854e+00,
       -1.8015508866131930e+02, 1.1503838170948775e+02,
       2.8186939158756601e+01, -6.7985109095773481e+01,
       -3.4171902703160420e+01, 1.4959628506065650e+01,
       -4.7285370703052738e+00, 1.4519867326531170e+02,
       1.1105174814757618e+02, 3.3157517959223263e+01,
       2.1876655593363625e-01, -7.4506489294293852e+00,
       -1.3282179051143739e+01, 2.6332520486959696e-02,
       6.1056429295575882e+01, 7.4026646770088661e+01,
