%YAML:1.0
means: !!opencv-matrix
   rows: 43
   cols: 1
   dt: d
   data: [ 2.8003715289940168e+01, -4.9368634162737884e+01,
       -2.0639226158555880e+02, 1.8899848107597080e+02,
       1.4180878534799635e+02, -2.6482520020086764e+02,
       -1.2452567022492551e+02, 2.9333630009863077e+02,
       9.8122796500493664e+01, 1.5651324611486665e+01,
       -3.4165946991431127e+02, -2.2634759503016326e+01,
       7.2711297290804197e+01, -1.6183967148140994e+02,
       2.4233520619555540e+02, -8.6985304204428843e+01,
       5.1394137180762833e+01, -3.1256403852588960e+02,
       1.5781304756956001e+02, -9.0274966299658921e+00,
       1.1118765821833223e+02, 2.2239978330286769e+02,
       -9.9533059667180936e+01, -7.4315934914694651e+01,
       -3.6121712595372216e+01, -2.8522769826143838e+02,
       1.7252585071522307e+02, -2.4277988590296883e+02,
       6.1692460203283709e+01, -2.2544113262961733e+02,
       -1.9047594843360864e+02, 1.2588875763409813e+02,
       3.9588831521598756e+01, 2.6722181688192006e+02,
       -1.1250315152274052e+02, -1.7623866289429580e+02,
       8.4937144894805741e+01, 3.6585926616717770e+00,
       3.1817086007269415e+02, -1.3570295124034106e+02,
       -1.4847372383467939e+02, -6.2390080795287190e+01,
       2.0510833542862781e+02 ]
covs: !!opencv-matrix
   rows: 43
   cols: 1
   dt: d
   data: [ 3.5550897184880988e+01, 3.8092732515968521e+01,
       6.3644739257518829e+01, 5.1521428544339393e+01,
       6.2511285543441389e+01, 1.3391691196971382e+02,
       2.8282543049125000e+01, 3.7454024957294820e+02,
       4.3534755153381099e+01, 3.7878041654699153e+01,
       6.4419504314466781e+02, 4.0054860955863262e+01,
       3.5099408474894666e+01, 5.4865125193897747e+01,
       9.8166592184452867e+01, 3.3093794255521296e+01,
       3.1367195116193187e+01, 2.8245113294235063e+02,
       6.6336176317969603e+01, 4.1006463091130968e+01,
       4.9179976287383255e+01, 6.8290285714421671e+01,
       3.1998073123339008e+01, 3.5797680424110965e+01,
       3.8073164208043430e+01, 1.7803073946217123e+02,
       5.9269196771895622e+01, 9.4210518322328895e+01,
       3.4750719608031062e+01, 7.2700203937746593e+01,
       6.7095844394036206e+01, 5.2656765305692709e+01,
       3.1599336092018468e+01, 1.7251080400007586e+02,
       2.7614874171656684e+01, 6.7417217485305585e+01,
       3.8985654006768925e+01, 4.0895485694004350e+01,
       7.6057946820049756e+02, 3.4207384321632624e+01,
       4.6072260255388947e+01, 3.8043099601953976e+01,
       5.3956583518279182e+01 ]
weights: !!opencv-matrix
   rows: 1
   cols: 43
   dt: d
   data: [ 3.3128430094186812e-02, 3.2626499657536487e-02,
       1.8027535135743390e-02, 1.9244202776372496e-02,
       3.0343805184774027e-02, 1.3392780074490110e-02,
       1.9055340223895292e-02, 6.5466261011711113e-03,
       3.5500809643555488e-02, 3.5738819973299196e-02,
       4.2782292068232527e-03, 3.5207089749514815e-02,
       3.3054425545591001e-02, 1.8256254389698429e-02,
       1.2286606763442584e-02, 3.0010058322713584e-02,
       3.1952976123681698e-02, 7.7163511535745417e-03,
       2.6289185357103291e-02, 3.5408648275061488e-02,
       3.4474195176020989e-02, 1.3516485405825712e-02,
       2.8139104683724853e-02, 2.8036350058499450e-02,
       3.3570013093000707e-02, 1.0056163401267255e-02,
       2.2801575500021955e-02, 1.3868732244578371e-02,
       2.9520427936806336e-02, 1.6747676692520547e-02,
       1.6587562435693301e-02, 3.4834063940975456e-02,
       3.3637142563269586e-02, 9.0491616206083009e-03,
       2.3821924278985655e-02, 1.7086073989125962e-02,
       3.4323355021732137e-02, 3.4871303495435199e-02,
       3.1154103597821215e-03, 1.9466663707959617e-02,
       1.8303494297246196e-02, 3.0281652748720786e-02,
       1.5826793595960922e-02 ]
pca_proj: !!opencv-matrix
   rows: 1
   cols: 21
   dt: f
   data: [ 1.02604255e-02, 8.46533298e-01, 5.67100069e-05,
       -5.08859605e-02, 4.68450844e-01, 1.89823491e-04, -5.55210514e-03,
       1.46431834e-01, -1.98076777e-05, -7.31809530e-03, 1.34976640e-01,
       -4.80776835e-05, -6.69380091e-03, 1.46460637e-01, -1.57161594e-05,
       2.11501210e-05, 1.32904761e-05, -3.16381829e-07, -1.62182951e-05,
       4.47223283e-04, 4.04881848e-06 ]
pca_mean: !!opencv-matrix
   rows: 1
   cols: 21
   dt: f
   data: [ 4.33646118e+02, 2.44701981e+02, 1.49672687e+00,
       4.18191803e+02, 2.60206879e+02, 1.62062907e+00, 3.68545319e+02,
       2.27059875e+02, 1.69770968e+00, 3.19420807e+02, 1.63929108e+02,
       1.75046074e+00, 3.16613464e+02, 2.25532654e+02, 1.70717156e+00,
       1.08872897e-04, -9.74175637e-05, 6.24380555e-05, -2.17504916e-04,
       -2.50119597e-01, 1.75055194e+00 ]
gamma: !!opencv-matrix
   rows: 43
   cols: 1
   dt: d
   data: [ 7.6724821096628759e-01, 7.7548255775176256e-01,
       8.6343336992552333e-01, 8.5589726300390323e-01,
       8.3145289156840529e-01, 8.8600625459012428e-01,
       8.1996382794273359e-01, 8.9665926598726309e-01,
       8.0451724829473592e-01, 7.6423625160039865e-01,
       9.0972771989916090e-01, 7.6559948683827117e-01,
       7.8863965182847517e-01, 8.4183598814782390e-01,
       8.7838846989921993e-01, 7.9665993284699910e-01,
       7.7676956097116479e-01, 9.0072532129976624e-01,
       8.4041266523201763e-01, 7.6325451348979068e-01,
       8.1281655115218621e-01, 8.7054795839721133e-01,
       8.0449117489957833e-01, 7.8900691717517391e-01,
       7.6978162182433219e-01, 8.9258945647382504e-01,
       8.4798111818975441e-01, 8.7814294593752529e-01,
       7.8229779658174547e-01, 8.7139654078869966e-01,
       8.5632417633557945e-01, 8.2189944041569030e-01,
       7.7135901960247577e-01, 8.8742911590783047e-01,
       8.1252956223637618e-01, 8.4945601550990113e-01,
       7.9617086324301645e-01, 7.6293069046980377e-01,
       9.0552965386169748e-01, 8.2678537524123386e-01,
       8.3436524740794993e-01, 7.8221453371279603e-01,
       8.6319835765070752e-01 ]
