%YAML:1.0
means: !!opencv-matrix
   rows: 9
   cols: 9
   dt: d
   data: [ -1.4006050445882934e+02, 8.3368204034047665e+01,
       3.3212236527225677e+01, -4.7759714659000494e+01,
       -8.1172615823311158e+00, 6.3994177476436302e+00,
       -1.2037862892407194e+00, 1.4128798449274149e+00,
       7.9983839362550879e-01, 8.1929842381452104e+01,
       1.5724549435411125e+01, -2.3947951739840192e+01,
       -3.2208519963681688e+01, -2.6455437968636314e+01,
       -1.9660670359675592e+01, 9.0516775292103979e-01,
       -2.3326936433609839e+00, 2.0407992186717377e-01,
       -2.0325295153352326e+02, 7.4964426399887554e+00,
       4.1075110094170711e+01, -3.3633449225399898e+00,
       -9.5285987910265622e+00, 4.8855330329866025e+00,
       -1.7523258148847007e+00, -2.1653252248685000e+00,
       -7.4581367023891620e-01, 1.0945320504064105e+02,
       -3.4648952173912214e+01, -3.0522499312424706e+01,
       2.5308351217117714e+01, -5.0984480219782027e+00,
       8.6782582811648457e+00, -8.8711704866040769e-02,
       7.5510039271948026e-01, 3.0176581864743185e-01,
       8.1451256589335060e+01, 2.5611388643400907e+01,
       -2.3876511538236500e+01, -1.6401446845868030e+01,
       -4.1976159432274001e+00, 1.0452825734899234e+01,
       -1.7614785463617522e+00, -2.5654038978820110e-01,
       -1.3376110884233483e+00, -1.0358786083146306e+02,
       -7.5304913285046666e+01, 2.4710370001082456e+01,
       4.8610990996811942e+01, -2.2957074273636868e+00,
       -7.0046768654648961e-01, 1.4472990519637334e+00,
       -4.4095023235862466e-02, 4.3417249220492804e-01,
       -9.0119040662140453e+00, 1.7714431029202498e+01,
       1.4492171977896893e+01, -1.0165939779816316e+01,
       1.0429803135767060e+01, -7.7966780566178091e+00,
       -5.2330088661867711e+00, -3.7394672113531162e+00,
       -4.2382218283626383e+00, -3.3628827757745201e+00,
       -5.0631126571487863e+00, 4.4128671041022711e+00,
       -2.9971525108738573e-01, 8.8437417842206099e+00,
       -1.2440867271823210e+01, 1.7448613958832477e+00,
       1.0982280402716386e-01, 2.7605669355804630e-01,
       4.0285446035292814e+01, 2.5338549886539802e+01,
       -3.3283396018077913e+00, -1.0993947259929884e+01,
       2.3665550514371468e+01, 5.5456927866629990e-01,
       8.7353312388036741e-01, 1.2234396944813060e+00,
       3.4929672791221522e-01 ]
covs: !!opencv-matrix
   rows: 81
   cols: 9
   dt: d
   data: [ 1.0346494580887453e+04, 1.2509395979728772e+03,
       2.1854318294811928e+03, -4.9620116523522216e+02,
       1.1278109389175434e+03, -2.6140338262239300e+02,
       1.2720253700196618e+02, -6.0086749696413229e+01,
       1.0589127965133967e+01, 1.2509395979728774e+03,
       8.2174568904372973e+03, -3.6559773080954642e+02,
       1.3728708505265508e+03, -1.1599983162768874e+02,
       7.6669189163312979e+02, -1.2802702549387746e+02,
       -6.8576827724676042e+00, 2.5976258883314564e+01,
       2.1854318294811928e+03, -3.6559773080954642e+02,
       2.6324700684713262e+03, 2.3260889486683686e+02,
       -1.9222326409161374e+02, 5.8724886767231268e+01,
       -3.2992719859203198e+01, 8.9635743585510781e+00,
       -5.2164730879894128e+00, -4.9620116523522216e+02,
       1.3728708505265508e+03, 2.3260889486683695e+02,
       1.6181902068685642e+03, 2.1387929258181103e+01,
       -3.0051607478584054e+02, 4.9185954960420595e+01,
       -1.8890230237880260e+01, -6.8301911829991679e+00,
       1.1278109389175434e+03, -1.1599983162768874e+02,
       -1.9222326409161366e+02, 2.1387929258181106e+01,
       3.9251481054848000e+02, -1.0789457301680741e+02,
       3.6439173809689905e+01, -1.3791909444911713e+01,
       7.5938431448858275e+00, -2.6140338262239300e+02,
       7.6669189163312979e+02, 5.8724886767231311e+01,
       -3.0051607478584054e+02, -1.0789457301680744e+02,
       4.4639171641882569e+02, -4.3885006172733270e+01,
       6.5970804983347113e+00, 6.6685515386380798e+00,
       1.2720253700196618e+02, -1.2802702549387746e+02,
       -3.2992719859203191e+01, 4.9185954960420602e+01,
       3.6439173809689905e+01, -4.3885006172733270e+01,
       3.5180654704640951e+01, -4.2313754484634076e+00,
       -3.1324485596157592e+00, -6.0086749696413214e+01,
       -6.8576827724676042e+00, 8.9635743585510781e+00,
       -1.8890230237880260e+01, -1.3791909444911715e+01,
       6.5970804983347113e+00, -4.2313754484634076e+00,
       1.3672909441795976e+01, -1.5489604635661629e+00,
       1.0589127965133967e+01, 2.5976258883314564e+01,
       -5.2164730879894119e+00, -6.8301911829991679e+00,
       7.5938431448858275e+00, 6.6685515386380798e+00,
       -3.1324485596157592e+00, -1.5489604635661631e+00,
       2.2480594727624883e+00, 4.0727402804930980e+03,
       9.1585006247336040e+01, 3.0675444856747349e+03,
       1.4957887709779823e+02, -1.0451672587704974e+02,
       -2.1103773810599218e+01, -5.3337502489298593e+01,
       -4.8050068539447501e+00, 1.9865943014454771e+01,
       9.1585006247335954e+01, 5.5916319157707203e+03,
       -4.4434864996871312e+01, 2.4666792553083342e+03,
       -4.0599877994425611e+01, -1.3427702330729650e+02,
       4.0457081342413154e+01, -2.5229279699276553e+01,
       -2.0818814344223298e+00, 3.0675444856747349e+03,
       -4.4434864996871276e+01, 2.5714427714767353e+03,
       3.0813251417763063e+01, -8.2755952775234562e+01,
       5.0140160712002285e+01, 1.6700710006843025e+01,
       -4.9962055229735114e+00, 3.8876466947314348e+00,
       1.4957887709779826e+02, 2.4666792553083342e+03,
       3.0813251417763045e+01, 1.1720756668150370e+03,
       -6.0365536394122486e+01, -8.7218294400377573e+01,
       4.1970230755412707e+00, 1.7327425766528943e+01,
       -4.5053682602608278e+00, -1.0451672587704972e+02,
       -4.0599877994425597e+01, -8.2755952775234533e+01,
       -6.0365536394122486e+01, 3.4939397643088157e+01,
       8.9892859929618627e+00, 4.2503872135346814e+00,
       -1.5977355991506164e+01, 2.8023312759319192e+00,
       -2.1103773810599215e+01, -1.3427702330729650e+02,
       5.0140160712002277e+01, -8.7218294400377573e+01,
       8.9892859929618663e+00, 8.2691345772866896e+01,
       2.6060262837682188e+01, -7.7328575126202628e+00,
       -3.4845163485362773e+00, -5.3337502489298593e+01,
       4.0457081342413154e+01, 1.6700710006843014e+01,
       4.1970230755412725e+00, 4.2503872135346832e+00,
       2.6060262837682192e+01, 2.0021031223089576e+01,
       -2.6157241828049020e+00, -2.4001706106023555e+00,
       -4.8050068539447519e+00, -2.5229279699276553e+01,
       -4.9962055229735087e+00, 1.7327425766528943e+01,
       -1.5977355991506164e+01, -7.7328575126202628e+00,
       -2.6157241828049020e+00, 1.3917051281899859e+01,
       -2.8264631916833700e+00, 1.9865943014454771e+01,
       -2.0818814344223302e+00, 3.8876466947314325e+00,
       -4.5053682602608278e+00, 2.8023312759319197e+00,
       -3.4845163485362773e+00, -2.4001706106023555e+00,
       -2.8264631916833700e+00, 1.5702318469108085e+00,
       5.4231592550291016e+03, 2.5410081035251150e+02,
       3.0441944949135295e+03, -7.3739059696482334e+00,
       3.4124735027192031e+01, -1.2538523817768527e+02,
       6.8214619097241638e+01, -9.0986456364151920e+01,
       -2.0889967390235341e+01, 2.5410081035251156e+02,
       7.2222454689237020e+03, -1.8599432165624580e+02,
       1.3536514745947657e+03, -1.4044489335302848e+02,
       -1.9036142367826574e+02, -7.3120361967084087e+00,
       -3.3316499861139171e+01, -3.1597668340517671e+01,
       3.0441944949135295e+03, -1.8599432165624580e+02,
       2.4107087772906257e+03, 1.5369547452651034e+01,
       -7.1076346084866884e+01, 1.8568110790096441e+01,
       -2.6445733143676526e+00, 2.9396162783351070e+01,
       1.5476484115473820e+01, -7.3739059696482308e+00,
       1.3536514745947657e+03, 1.5369547452651034e+01,
       1.6701714263339643e+03, 2.9497143571059457e+01,
       1.0277086938394395e+02, 8.9172222120077507e+00,
       2.8290111632897027e+01, 1.5659048675335775e+01,
       3.4124735027192038e+01, -1.4044489335302848e+02,
