%YAML:1.0
means: !!opencv-matrix
   rows: 5
   cols: 11
   dt: d
   data: [ 6.9984740857753465e+01, -1.3637624979308747e+01,
       -1.1445349990783102e+01, 1.2781373830276463e+01,
       6.2656606984239875e+00, 3.7153575603287683e+00,
       6.6836418463890956e-01, -1.5600347673010778e-01,
       -3.1588439773967458e-01, 2.8438296581434406e-02,
       3.5842573704165916e-02, -1.6670545027188143e+02,
       -2.9191984548362012e+01, 4.0384750904323575e+01,
       8.8150580720420246e-01, -1.0515846904418972e+01,
       -1.1974724112060093e+00, -9.2545537914518927e-01,
       4.9854109606228336e-01, -2.4193157941508731e-01,
       9.1801025838186126e-02, -3.2705200220615675e-02,
       2.0353189878097364e+01, -8.6930235396610342e+01,
       -3.8500579528287902e+00, 3.2626990769120461e+01,
       -1.7761846930389573e+00, -1.2115607376788908e+01,
       -3.8212066738615413e-01, -6.0575638039003010e-01,
       -2.3350982323463415e-01, -4.6304892717585355e-01,
       -2.1748841170029501e-01, 4.2547503449939704e+01,
       3.5383369614876841e+01, -9.6290748115847897e+00,
       -2.2355347676311375e+01, 8.7618371127636385e-01,
       -1.3044337613862149e+01, -8.3276287457739926e+00,
       1.9274079756001901e+00, 6.7492530020164754e+00,
       7.0626985214053051e-01, 5.9308779223771653e-02,
       -2.1263905460508834e+01, 1.1523836843345558e+02,
       -1.2001293958435125e+01, -5.1150680438319142e+01,
       -4.7375215498333354e+00, 2.7705479130112359e-01,
       1.4748681158094208e+00, -3.1750568751156910e-01,
       -3.2646558995805669e-01, -1.1552398795661188e-01,
       3.6104250703771684e-02 ]
covs: !!opencv-matrix
   rows: 55
   cols: 11
   dt: d
   data: [ 1.0182691431278994e+04, 3.1120239435549365e+02,
       1.2007460572049140e+03, -5.3386961921973125e+02,
       -1.2162358097400909e+03, -3.1214637283512792e+02,
       -9.7389514482686963e+01, 2.0282526625335052e+01,
       -3.2184789550838367e+01, 3.5731531163461361e-01,
       -1.1566825198238475e+00, 3.1120239435549360e+02,
       8.4351813242950011e+03, 2.7572097353442103e+02,
       1.5258195116070840e+03, -1.4096418490115710e+02,
       -4.1647935191044610e+02, -6.0524517074956890e+01,
       -2.1946002910454741e+01, -1.2439168864958814e+01,
       -8.3738491293151061e+00, -6.8950704655321271e-01,
       1.2007460572049140e+03, 2.7572097353442103e+02,
       3.0830821840254321e+03, -9.2387763560940044e+01,
       3.0610191674790656e+02, 9.0465327408682569e+01,
       3.1418807311075795e+01, -5.0006576893898451e+00,
       5.6744379567593635e+00, 1.6696072205438992e+00,
       -1.1428583905329097e-02, -5.3386961921973125e+02,
       1.5258195116070835e+03, -9.2387763560940087e+01,
       2.2496493219992271e+03, -7.7575010813567744e+01,
       1.0051207782302930e+02, 8.7237649671663817e+00,
       1.1477740010842444e+01, 7.0035346176933206e+00,
       -1.0891632882530946e+00, 5.4444020065773868e-01,
       -1.2162358097400909e+03, -1.4096418490115710e+02,
       3.0610191674790656e+02, -7.7575010813567786e+01,
       5.5138775246105774e+02, -7.7457178003884223e+01,
       -8.6001154901471644e+00, -1.1226950922251179e+01,
       -5.7685194596268294e+00, 8.2531709630280770e-01,
       -9.7951535819103142e-03, -3.1214637283512792e+02,
       -4.1647935191044610e+02, 9.0465327408682526e+01,
       1.0051207782302932e+02, -7.7457178003884238e+01,
       2.5945436680023198e+02, -5.3995099543891980e+00,
       1.9564094720658225e+00, 5.5564077661217830e+00,
       -2.1917104212567864e+00, -3.0474658522663323e-01,
       -9.7389514482686963e+01, -6.0524517074956890e+01,
       3.1418807311075785e+01, 8.7237649671663871e+00,
       -8.6001154901471644e+00, -5.3995099543892007e+00,
       2.4503572955959914e+01, 1.1592790052363661e-01,
       3.6664684307415278e+00, 9.1784403322267880e-02,
       -6.5071749197029599e-02, 2.0282526625335052e+01,
       -2.1946002910454741e+01, -5.0006576893898442e+00,
       1.1477740010842444e+01, -1.1226950922251179e+01,
       1.9564094720658221e+00, 1.1592790052363657e-01,
       1.4440352723575984e+01, -7.3307893419489190e-01,
       6.1999232022697026e-01, -1.1093221363997685e-02,
       -3.2184789550838367e+01, -1.2439168864958814e+01,
       5.6744379567593635e+00, 7.0035346176933206e+00,
       -5.7685194596268294e+00, 5.5564077661217812e+00,
       3.6664684307415278e+00, -7.3307893419489190e-01,
       1.3227650487468803e+00, 2.5336949035250741e-02,
       1.5305528128112030e-02, 3.5731531163461361e-01,
       -8.3738491293151061e+00, 1.6696072205439003e+00,
       -1.0891632882530951e+00, 8.2531709630280803e-01,
       -2.1917104212567864e+00, 9.1784403322267893e-02,
       6.1999232022697026e-01, 2.5336949035250727e-02,
       2.9806750106332197e-01, 2.2503900175637193e-02,
       -1.1566825198238473e+00, -6.8950704655321271e-01,
       -1.1428583905329116e-02, 5.4444020065773857e-01,
       -9.7951535819103281e-03, -3.0474658522663328e-01,
       -6.5071749197029571e-02, -1.1093221363997680e-02,
       1.5305528128112032e-02, 2.2503900175637193e-02,
       3.1332888072319549e-02, 6.7942358498223930e+03,
       -1.1417838359829977e+02, 2.8701953635568807e+03,
       -8.4680062343522115e+02, 2.6766974322394526e+02,
       2.0371763594841246e+02, 8.6543834126679229e+01,
       2.1424732278896119e+01, 2.2094610584993401e+01,
       2.6203163838971419e+00, -1.5543040308050879e+00,
       -1.1417838359829966e+02, 1.0414628321759106e+04,
       4.6526185888816133e+02, 8.4926932315838860e+02,
       7.3626024504492182e+02, 2.5154663347565130e+02,
       9.1518103575746139e+01, 3.9861184535548247e+01,
       8.3270183648291454e+00, -4.1364114860411272e-01,
       -2.4846009696782372e+00, 2.8701953635568807e+03,
       4.6526185888816133e+02, 2.4607328146743198e+03,
       7.6239054235888432e+01, -1.6461375108775988e+02,
       -3.4828250177495889e+01, -3.0276651224193845e+01,
       -6.5528695522453360e+00, -8.2382163065004779e+00,
       3.8433643557911368e-01, 6.3711230040085365e-01,
       -8.4680062343522115e+02, 8.4926932315838860e+02,
       7.6239054235888446e+01, 2.4253697841455541e+03,
       -3.0025746133356813e+02, -1.4746681141129821e+01,
       -2.4226782615203348e+01, -2.1472858271427054e+01,
       2.1505936530777072e+00, 2.4016072384120370e+00,
       1.1371537886733383e+00, 2.6766974322394526e+02,
       7.3626024504492182e+02, -1.6461375108775982e+02,
       -3.0025746133356813e+02, 2.8652185897660695e+02,
       8.6028229720195284e+01, 2.0632437946711743e+01,
       1.3134083291371969e+01, 1.0545887018434888e+01,
       3.3642119526581410e-01, -1.4381430003852014e+00,
       2.0371763594841246e+02, 2.5154663347565130e+02,
       -3.4828250177495889e+01, -1.4746681141129821e+01,
       8.6028229720195284e+01, 2.6887165073300656e+02,
       1.3486291573042459e+00, 8.1368124878019241e+00,
       6.9922476243534479e+00, -5.4393542643475179e-01,
       3.6480041513519784e-01, 8.6543834126679215e+01,
       9.1518103575746139e+01, -3.0276651224193845e+01,
       -2.4226782615203351e+01, 2.0632437946711743e+01,
       1.3486291573042475e+00, 3.1501072991410947e+01,
       3.7394728750096013e+00, 8.8713102387146014e-01,
       -1.2980641354852171e-02, -1.3573835019370220e-02,
       2.1424732278896119e+01, 3.9861184535548254e+01,
       -6.5528695522453377e+00, -2.1472858271427054e+01,
       1.3134083291371971e+01, 8.1368124878019241e+00,
       3.7394728750096018e+00, 1.4209184953576775e+01,
       -1.4028775072673831e+00, 2.8483876091296745e-01,
       -2.8029550000277629e-02, 2.2094610584993401e+01,
       8.3270183648291436e+00, -8.2382163065004743e+00,
       2.1505936530777081e+00, 1.0545887018434888e+01,
       6.9922476243534488e+00, 8.8713102387146014e-01,
       -1.4028775072673831e+00, 6.1511710826361048e+00,
       5.9315512492465161e-01, -7.3314865281161323e-02,
       2.6203163838971411e+00, -4.1364114860411277e-01,
       3.8433643557911373e-01, 2.4016072384120375e+00,
       3.3642119526581393e-01, -5.4393542643475146e-01,
