%YAML:1.0
means: !!opencv-matrix
   rows: 42
   cols: 4
   dt: d
   data: [ 1.7073598946321502e+02, 9.6191931522874910e+01,
       3.7614819078135810e+00, 4.2300115641311137e+01,
       -7.8115657895556808e+01, -6.4810813406647920e+00,
       -3.3905537070463765e+01, 8.4399726248411625e+01,
       1.3264346767331600e+02, -7.6191970626813372e+01,
       3.0595035136970132e+01, 2.5035477856139764e+01,
       4.9091903461175782e+01, -5.5324546305506557e+00,
       -1.0308688366794645e+02, -2.7724151445766516e+00,
       -1.0916482191177691e+02, -6.2956241503305954e+01,
       5.7440375099661736e+01, 5.7634644189518546e+01,
       -1.5155384571091741e+02, 2.9485569295323273e+01,
       1.1966441131327450e+01, -3.4860443099336791e+01,
       -6.3428837833110542e+01, 1.1191596154205116e+02,
       3.7999699824597691e+01, 2.0008318195161529e+01,
       -9.8889395575347422e+01, -1.4379894362205323e+02,
       -4.7532452229322388e+01, 3.1257643969956721e+01,
       2.2761417322380460e+01, -4.8662128707042207e+01,
       2.8879568003124248e+01, -5.4373076044975932e+01,
       -2.4862297776056104e+02, 2.6408096082801741e+01,
       1.2426236878543065e+01, -3.6568480005350537e+01,
       -2.8527995023228010e+02, 5.8999213297363305e+01,
       -2.2090070041095199e+01, -1.3396433759771497e+01,
       1.7603373936085533e+00, -1.0350452115061118e+02,
       3.7622830503167108e+01, 3.9410180225986203e+01,
       6.4218860158167814e+01, 3.0390616517156627e-01,
       8.3601251455685883e+00, 1.0513908157282845e+02,
       1.0457745601911832e+02, -2.3009763689313743e+01,
       7.2925180239484277e+01, 9.5994374307930608e-01,
       -9.3300365961888204e+01, -6.2054024180606248e+01,
       -5.7712661695652734e+01, -3.6219714998646175e+01,
       1.5016117576953189e+02, 1.0541037840402218e+01,
       3.1829964103251665e+01, -3.3447393901353131e+01,
       -4.8001466600775792e+01, 1.9678210897301806e+01,
       -2.9660299796935554e+01, -1.4831323264071502e+01,
       6.8646364836360547e+01, 9.1449249288949900e+01,
       -7.9949746129028540e+01, 5.3711535495637143e+01,
       1.2527145716945320e+02, -4.2032266628657933e+00,
       -3.2403606508001076e+01, 1.8126840095113295e+01,
       1.0779433295534334e+02, -4.0906451339153293e+01,
       -4.2606119323986924e+01, -5.9773833459460775e+01,
       -1.9610912464512518e+02, 1.6711659647301656e+02,
       4.1049364402660252e+01, 1.1544791667369804e+01,
       -1.4596982715988923e+02, 3.8228275398165813e+01,
       8.4573036055507387e+01, -2.9843687545222096e+01,
       -1.6455038963344865e+01, 1.6392927363248162e+01,
       7.0491334808013519e+01, 7.3486621321443195e+01,
       2.8651032475726080e+01, 1.4327992613012287e+02,
       -8.8928868723971561e+00, -8.9367289752661321e+01,
       8.2454397050640138e-01, -1.9696333292542755e+02,
       2.0468052757539343e+01, 1.4684913820954245e+01,
       1.6961795876743960e+01, 1.3933056427782438e+02,
       -5.4063575579466805e-01, 2.9671633358451530e+01,
       4.7570338896278585e+01, -1.1153111863604217e+02,
       -5.7299939428448603e+01, -1.4276408230104300e+01,
       1.1304308706421709e+02, 8.1791642015605277e+01,
       -3.3783769138402853e+01, -5.3832290663265141e+00,
       -1.8179266630761302e+02, -7.7190303470959066e+01,
       4.3789444399939789e+01, -5.0520795687532669e+01,
       1.4926134956704686e+02, -1.3085314573955091e+02,
       -3.0602201176286719e+00, -1.0787523527907265e+01,
       -1.1683399009145498e+02, -1.8171444875756299e+02,
       4.6438518942225059e+01, 2.6256674364145912e+01,
       4.5546974612780652e+01, -4.9634834221759348e+01,
       -4.7431824903409847e+01, -6.3861893233012232e+01,
       2.5523737002950774e+01, -5.9623038706700598e+01,
       -5.3712734060265255e+01, 5.0266954027887003e+01,
       4.3978481191107960e+01, 7.3218937546935820e+01,
       -5.3028124701540875e+01, -7.4502625331151471e+00,
       -2.1586586013668384e+02, -9.8911923181478485e+01,
       -1.9037900652630686e+01, 3.7177203772906815e+01,
       2.2851253011203707e+02, -1.0052146804948931e+01,
       1.1458327661623429e+01, -2.2351040702921793e+01,
       -8.3833157067669418e+01, 8.1730899637757787e+01,
       -5.7640158901643638e+01, 1.9374070605448530e+01,
       -2.0106982661811864e+02, 4.1718037824951040e+01,
       4.7718928153469733e+00, 6.5219452223756917e+01,
       3.2555016698510592e+01, 6.8834974663652659e+01,
       3.2586602914554824e+01, -3.2818667602603000e+00,
       4.0576045270614820e+01, 8.1457211885801684e+01,
       2.4988797024796433e+01, -5.1078301349857249e+01,
       -4.0949116736290364e+01, 1.2171800782845954e+01,
       8.3896148655895942e+01, -3.2588509325132222e+01,
       2.2248420304372866e+02, 4.9650001436740133e+01,
       3.7846344758475553e+01, 3.6016686793603206e+01 ]
