%YAML:1.0
means: !!opencv-matrix
   rows: 21
   cols: 7
   dt: d
   data: [ -1.2332895973587422e+02, 3.6080506536905730e+01,
       7.0081561189250138e+01, -2.5727339313349454e+01,
       -7.7543628696407172e+00, -5.8468581708622462e+00,
       5.4129003772764583e-02, 9.2863010376965931e+01,
       -3.9259477406014668e+01, -2.7617764219367437e+01,
       4.4615995562615915e+01, -9.0174557038815273e+00,
       7.6680274338090646e+00, -3.1906200355890707e-03,
       3.0637123655182844e+01, -1.0036815712566312e+02,
       -1.0977196567823890e+01, 6.8030261155822600e+01,
       -4.9300661592453885e+00, -1.4161255027289439e+00,
       2.1558848592955706e+00, 8.2754515055337507e+01,
       1.6867425536898676e+01, -2.3264656131809701e+01,
       -3.2640779246168727e+01, -2.5746221429952065e+01,
       -1.9868841925349997e+01, 1.0315051842240270e+00,
       -1.9555014645353771e+02, 9.7353290674028372e+01,
       3.9759247328905381e+01, -5.4156633821485755e+01,
       -2.4596958153963428e+01, 1.6601405285552676e+01,
       -3.4784240331348566e+00, -1.9338644865350224e+02,
       -3.0751695027278952e+01, 4.1686315513968353e+01,
       2.4881292099091851e+01, -8.9499367331877817e+00,
       9.9934936174447220e+00, -7.0231098370233991e-01,
       -1.0573225757381399e+01, 3.8236793213236115e+00,
       -4.2253562805215161e+01, -6.7006141709517282e+00,
       2.2954296826807847e+00, -6.1668815851141945e+00,
       -1.1308951292949379e+00, 2.8224791089050505e+01,
       2.9180772919887218e+01, -1.1865771942284079e+01,
       -9.7298569342664347e+00, 2.3408548736071747e+01,
       2.4405858621476997e-01, 1.6767769044144512e+00,
       -2.3218649655482685e+02, 3.8607572738575655e+01,
       -1.2812670094121817e+01, -2.0240030839371219e+01,
       -3.4939276846389227e+00, -6.4124752032317183e+00,
       2.4595193386897307e-02, -4.5021856099226774e+01,
       1.3545839234108486e+01, 1.2291211116441728e+01,
       -8.6857457981830066e+00, 3.1336689226069129e+01,
       -8.6922791982493930e+00, 5.4244038830918351e-01,
       1.5758461416613429e+02, 3.6522439795157005e+01,
       -4.1513396600346560e+01, -2.1918707987461929e+01,
       -1.1768320278602639e+01, 2.7127938314120015e+00,
       1.6389826986046965e+00, 1.0635972563558872e+02,
       5.4694670430341654e+00, 4.4638840214712573e+01,
       -1.3350520772251055e+01, 5.4508183482268704e+00,
       -5.5527866463641438e+00, -2.0796930879376747e+00,
       -1.3684734557971393e+02, -1.0317636541692573e+02,
       2.5556515171151371e+01, 6.6020941097095132e+01,
       -1.6754951821889875e+01, -1.0896831975921188e+00,
       1.9591284411112747e-01, 1.3304633354468376e+02,
       -9.7367612630193605e+01, -3.8422810616576271e+01,
       -2.0501511423708816e+01, -2.6114578901064895e+00,
       1.4981282588959980e+01, -3.9458473880744604e-01,
       6.7337030592212358e+01, -6.0429971886200306e+01,
       -2.1750242660293591e+01, 4.5880661583940238e+01,
       3.8173394877133613e+00, 1.1027498703685252e+01,
       -5.2779493097257735e-01, 9.4383694355802547e+01,
       2.0330326978439043e+01, -2.6644346280404648e+01,
       -2.2709111603018126e+01, -1.9201071663319805e+01,
       -2.9180664898356339e+00, -3.0226019182384967e+00,
       1.2575775063088957e+02, -1.2256482227542113e+01,
       5.9275811500716642e+01, 1.3798900633352236e+01,
       1.4016013079790582e+01, 4.0978712765060399e+00,
       1.1964757305705065e+00, 1.5591505666041635e+02,
       2.5176568211662509e+01, -4.5923184655938442e+01,
       -1.1670814122459425e+00, -6.4577486326353668e+00,
       1.2533098703601571e+01, -3.6585243636986048e-01,
       1.5096751825415863e+01, 1.5841061271737780e+02,
       -5.8214567258607526e-02, -8.6734459790155739e+01,
       1.5955893700676697e+01, 1.7165184041836987e+01,
       -4.5628861307135854e-01, -6.5256214822264766e+01,
       -6.8158533751250204e+01, 1.9468747322226271e+01,
       4.4890094636052339e+01, 1.1169921481957898e+01,
       -5.4782481668719756e+00, 7.3631046625310381e-01,
       -6.2939437075056816e+01, 6.3829012820985959e+01,
       1.5958107251978888e+01, -2.6450946802679113e+01,
       9.7980436491311984e+00, 6.0713265299960861e+00,
       -1.1085301381677788e+00 ]
