%YAML:1.0
means: !!opencv-matrix
   rows: 5
   cols: 6
   dt: d
   data: [ 8.1667988315807506e+01, 1.5943625876750691e+01,
       -2.3668033398136433e+01, -3.2459333580448366e+01,
       -2.6194423924855080e+01, -1.9934645546963086e+01,
       -1.6223609326099086e+02, 3.1521766016428447e+01,
       3.7988521296878794e+01, -1.6842849869332326e+01,
       -7.7802210575563944e+00, 2.7781489435621665e+00,
       1.3606326192990943e+02, -8.6308096753398118e+00,
       -3.6921570160510406e+01, 8.3664607363018124e+00,
       -5.4520408939609251e+00, 1.2412110807302886e+01,
       2.6915080959827399e+01, 2.2835638126119537e+01,
       -1.1931986668326375e+00, -1.2429406361630850e+01,
       1.6874698616511147e+01, -2.6413055128540197e+00,
       -4.6679952573053200e+01, -9.1330115942889748e+01,
       8.4274020716393121e+00, 5.9242150754301306e+01,
       -4.1504588813515788e+00, -4.9136708504097820e-01 ]
covs: !!opencv-matrix
   rows: 30
   cols: 6
   dt: d
   data: [ 4.0841550638440922e+03, 8.3103757592234061e+01,
       3.0880571157117524e+03, 1.4161276119895740e+02,
       -1.0448198479851322e+02, -2.4007313325163004e+01,
       8.3103757592234018e+01, 5.5969763986953794e+03,
       -4.2605518211671416e+01, 2.4647975009775623e+03,
       -4.0758870117130066e+01, -1.3604842255544918e+02,
       3.0880571157117520e+03, -4.2605518211671388e+01,
       2.5809211162627271e+03, 3.0660164167972024e+01,
       -8.1774175561701327e+01, 5.2303628368325960e+01,
       1.4161276119895734e+02, 2.4647975009775623e+03,
       3.0660164167972059e+01, 1.1725247831673150e+03,
       -6.4139414923703754e+01, -8.7916769233615199e+01,
       -1.0448198479851322e+02, -4.0758870117130073e+01,
       -8.1774175561701327e+01, -6.4139414923703754e+01,
       3.7977145485884918e+01, 7.5378845385027988e+00,
       -2.4007313325162997e+01, -1.3604842255544918e+02,
       5.2303628368326002e+01, -8.7916769233615213e+01,
       7.5378845385027988e+00, 8.1075811600575932e+01,
       7.6165503661472358e+03, -8.0912769575363086e+01,
       2.8407183302728363e+03, 2.1967331434617742e+02,
       4.3120347105960377e+02, -3.9707376569420171e+02,
       -8.0912769575363086e+01, 9.3920283214915653e+03,
       -1.7216800652877157e+02, 3.5424256750221991e+02,
       -5.0018763764029160e+02, 5.5898919965649691e+02,
       2.8407183302728372e+03, -1.7216800652877151e+02,
       2.4588243343276777e+03, 7.9354394775099678e+01,
       -7.7052454705761761e+01, 4.0088855211535169e+01,
       2.1967331434617742e+02, 3.5424256750222014e+02,
       7.9354394775099649e+01, 2.2648953246519400e+03,
       2.3298460857164764e+02, -2.2754847033909687e+02,
       4.3120347105960377e+02, -5.0018763764029160e+02,
       -7.7052454705761789e+01, 2.3298460857164756e+02,
       2.0903463620216655e+02, -1.2876681791957614e+02,
       -3.9707376569420165e+02, 5.5898919965649702e+02,
       4.0088855211535162e+01, -2.2754847033909687e+02,
       -1.2876681791957614e+02, 3.6569061922062389e+02,
       5.1468987628860641e+03, 5.8442539955308143e+02,
       2.7827072227852714e+03, -3.0716499204503572e+02,
       -1.8051220698350181e+02, -7.6718149252473893e+01,
       5.8442539955308143e+02, 6.8729207833153305e+03,
       -2.6791861619145271e+02, 1.5962291507385662e+03,
       -1.0641613206296799e+02, -6.6524143385323782e+01,
       2.7827072227852714e+03, -2.6791861619145277e+02,
       2.6026467584481343e+03, 1.4778401505687290e+02,
       -8.0930792999399259e+01, 5.8360757358181516e+01,
       -3.0716499204503577e+02, 1.5962291507385662e+03,
       1.4778401505687285e+02, 1.6689240842679314e+03,
       -1.7379219583101012e+01, -1.0922333666771453e+02,
       -1.8051220698350178e+02, -1.0641613206296799e+02,
       -8.0930792999399259e+01, -1.7379219583101015e+01,
       3.6964010524024154e+01, 2.0844701216950735e+01,
       -7.6718149252473907e+01, -6.6524143385323782e+01,
       5.8360757358181516e+01, -1.0922333666771453e+02,
       2.0844701216950735e+01, 6.3842612538450993e+01,
       7.1347921895142499e+03, 4.7491559806435089e+02,
       2.3430302891262900e+03, -7.8063885984638546e+01,
       -6.2035154708348205e+02, 1.6645275209027548e+02,
       4.7491559806435112e+02, 9.0276242176945871e+03,
       -1.5625001547573271e+02, 5.9590748696298783e+02,
       3.8965813579337130e+01, -1.3669482519687119e+02,
       2.3430302891262900e+03, -1.5625001547573271e+02,
       2.7057294714857294e+03, 3.7035291148298919e+00,
       1.1633389202709110e+02, -3.0574000762127945e+01,
       -7.8063885984638546e+01, 5.9590748696298783e+02,
       3.7035291148298883e+00, 2.1322956578511498e+03,
       -3.9158301943662380e+01, 6.1769708229592894e+01,
       -6.2035154708348227e+02, 3.8965813579337137e+01,
       1.1633389202709111e+02, -3.9158301943662394e+01,
       3.7493493193420903e+02, 2.3804507154740140e+01,
       1.6645275209027551e+02, -1.3669482519687116e+02,
       -3.0574000762127937e+01, 6.1769708229592894e+01,
       2.3804507154740133e+01, 2.0085973103161524e+02,
       1.1103806097223433e+04, 2.1127598959359577e+02,
       1.7555785541624819e+03, 2.2873397815942883e+02,
       2.9874210045947774e+02, 2.8763926583858886e+01,
       2.1127598959359577e+02, 6.6926258253613951e+03,
       -1.8231417221589595e+01, 2.0445822523628290e+03,
       4.5468643972830904e+01, -1.4612390121067691e+01,
       1.7555785541624821e+03, -1.8231417221589588e+01,
       2.8764423489165347e+03, -7.6798782163790094e+01,
       -1.3353192044923981e+02, 1.8137438356734766e+01,
       2.2873397815942894e+02, 2.0445822523628290e+03,
       -7.6798782163790122e+01, 1.2519222890420681e+03,
       -1.0023978956722810e+02, -1.3484853789534540e+02,
       2.9874210045947763e+02, 4.5468643972830932e+01,
       -1.3353192044923975e+02, -1.0023978956722813e+02,
       1.6205333758603899e+02, -1.7016391829708670e+01,
       2.8763926583858886e+01, -1.4612390121067694e+01,
       1.8137438356734759e+01, -1.3484853789534537e+02,
       -1.7016391829708670e+01, 6.5840727528772263e+01 ]
weights: !!opencv-matrix
   rows: 1
   cols: 5
   dt: d
   data: [ 9.5286580890380057e-02, 2.1443539154337837e-01,
       1.8483949838512720e-01, 3.4581760697395658e-01,
       1.5962092220713572e-01 ]
