%YAML:1.0
means: !!opencv-matrix
   rows: 29
   cols: 10
   dt: d
   data: [ -5.2722749189845722e+01, 3.2141884943544170e+01,
       2.1790966237555597e+01, -2.5554280914374267e+01,
       2.4916995101113343e+01, -1.6653685664031084e+01,
       2.3850393868829651e+00, 1.8055003926102689e-01,
       1.5849530456775343e-01, 1.2555941367845894e-01,
       1.1496854960702795e+02, -3.6980600424353973e+01,
       -3.0099145498739041e+01, 3.3580710514819351e+01,
       -3.6906703462707022e+00, 1.6420558228627009e+01,
       -1.9045051461432783e+00, 4.8115452411622526e+00,
       -1.8693545960337934e+00, 3.2350879650253689e-01,
       1.6736606471209150e+01, 3.7372469734084397e+01,
       4.5487925080159046e+00, -3.0598323659417495e+01,
       1.0187409826517445e+01, -7.9836896473650150e+00,
       -3.7139198594344194e+00, -1.4381754103105533e+00,
       -5.0152848007301802e+00, -2.3992315150484766e+00,
       -1.9072718110109020e+02, -1.7651107179030237e+01,
       4.4653323366615240e+01, 1.2957383091979800e+01,
       -8.6696844026538216e+00, 9.9679703431494115e-01,
       5.9986836498959872e-01, 9.7134032481330779e-01,
       4.8587609822926203e-01, -1.1826194719190768e-01,
       8.2815648404799433e+01, -6.1495195444497128e+01,
       -2.9343127207930628e+01, 3.8909929948647225e+01,
       -5.6008309770589397e+00, 8.7610617526785859e+00,
       1.5794047452863952e-01, 6.2680398051538233e-01,
       5.9859639947006216e-01, -6.2352787654064452e-03,
       3.5015104489686578e+01, -9.6717503635158707e+01,
       -9.8972095653663015e+00, 6.9117977072740018e+01,
       -4.1133781572811356e+00, -1.3051575446512238e+00,
       2.0813871036705955e+00, -3.7871958365917929e-01,
       -8.7337058312123669e-02, -1.5208015045683362e-01,
       7.0677873408011308e+01, 1.5358998842502789e+01,
       -8.7632332130434136e+00, 4.6410887417981881e+00,
       1.4594279151063738e+01, 5.7592942390941122e+00,
       1.3445091784389778e+00, 1.2303054640134266e+00,
       2.3973433635399505e-01, 5.6307878660981324e-02,
       -2.1967323059470081e+02, 8.4489610723873582e+01,
       4.9335351418396797e+01, -4.2360135843347152e+01,
       -1.8586105490979083e+01, 2.4225202523414016e+01,
       -3.8548877106969024e+00, 2.3334332414498204e+00,
       1.1905823746448885e+00, -2.1820751449885631e-01,
       3.3216041312016380e+01, 1.4845625445275257e+02,
       -1.9143327101740188e+00, -8.0915769650744863e+01,
       2.0850355112484088e+01, 1.0137111173206595e+01,
       8.7641635057391676e-01, 2.4766583250505914e+00,
       1.9235060318255910e+00, 6.7764608483745725e-01,
       1.5646590394585641e+02, 2.8903328074670270e+01,
       -4.4304851851416075e+01, -2.9499328771132564e+01,
       -8.0936382754286935e+00, 1.6396273010199145e+01,
       6.3319280929238941e-01, -3.2902981021582360e+00,
       -3.9635497719662611e+00, -2.8089781647641336e+00,
       1.3081693587502855e+02, -4.5874331979454386e+00,
       -2.4988705902205915e+01, 8.4052418208066921e+00,
       -1.0281793827159772e+01, 1.9043335667824923e+01,
       -1.3505672106815586e+01, -6.8048088050935478e+00,
       -5.8546283730575990e+00, 2.1508285908536049e+00,
       -1.4793953770210811e+02, -1.1319696030751448e+01,
       3.4044881963750832e+01, 1.7625633389567824e+01,
       -3.6420669123475369e+00, 1.6276921099692277e+01,
       5.4555799002234784e-01, 2.4390241649025350e+00,
       8.1746833773264471e-01, -3.0048877352263459e-01,
       -1.6341635024768624e+02, -8.7970512578042673e+01,
       2.8539361687468816e+01, 5.6785540074904013e+01,
       -2.5978797720314539e+01, 6.8917216765936224e+00,
       -1.6857601472213462e+00, -2.5805609682140216e+00,
       1.3642539160057372e+00, -8.6934493513865330e-01,
       8.1660062356342252e+01, 1.7055965830648354e+01,
       -2.3057546691911522e+01, -3.2310263932753344e+01,
       -2.5797635251894150e+01, -2.0243780733764066e+01,
       1.1236482605734170e+00, -2.5345154610651024e+00,
       2.1333601505798752e-01, -1.3332806638015001e-02,
       -1.8669646508758001e+02, 1.4159071570035728e+01,
       3.5477216383904604e+01, -7.2083406164764439e+00,
       -3.7124770511046679e+00, 3.1194233406356870e+00,
       -2.9914470525134544e+00, -6.6093633985198226e+00,
       -2.5732058165895815e+00, 9.6075941362321737e-01,
       -5.6305188989162829e+01, 2.4317175560934377e+01,
       4.3780731596766964e+00, -1.0921377897860998e+01,
       -2.5749513596481199e-01, 9.7287818772692702e+00,
       -7.5738035805084969e-01, 7.9813284044713229e-01,
       4.5320557415600743e-01, -2.9387594147578810e-02,
       -6.9503908170845796e-01, -2.8650056931556209e+00,
       1.9605696172050575e+01, 9.7580394561606418e+00,
       2.4698214779111662e+01, -2.5558908193917956e-01,
       -8.6590717249282125e+00, -7.8026583913763901e+00,
       -5.3354279851647766e+00, 2.2311144949463197e+00,
       1.6484906374935235e+02, 2.0064167987636722e+01,
       -4.2964429030601352e+01, -2.0934651615742144e+01,
       -1.4777739234200359e+01, 3.1018839366952191e+00,
       2.9685473209305164e+00, -1.7171087069246767e+00,
       7.9814989547981363e-01, 1.6144164751528016e+00,
       -9.6710631523891202e+00, 1.7044592641521220e+01,
       1.2284129700093393e+01, -4.5539903021829113e+00,
       3.7150002338924914e+01, -1.7646183723787059e+00,
       7.8662726708803077e-01, 3.1516035557940414e-01,
       4.8765166591086873e-01, -3.6004888982650342e-02,
       -6.3163812938339163e+01, -8.3641880485869223e+01,
       1.8243455050515013e+01, 5.0967210740916443e+01,
       6.6728071361693511e+00, -4.4991920540509778e+00,
       1.9110116214156174e+00, -4.3437447178515126e-01,
       2.1959542721160796e-01, 1.7271689926679254e-02,
       -1.5439975864974051e+02, 4.9690798396726066e+01,
       3.6760259081168492e+01, -3.4480960881092606e+01,
       -1.0494080605734130e+01, -9.5224467395109080e+00,
       1.2298818761445154e+00, 1.3586907540401947e+00,
       2.9611451730418586e-01, 5.6608606478236123e-02,
       -1.5133958090768459e+02, -1.0120052298424370e+02,
       2.7962113331931850e+01, 6.7097912537753530e+01,
       -1.7729613625329424e+01, 7.6794947161364951e-02,
       2.3697900743473049e-01, -7.3284354878004643e-01,
       7.4131365904069246e-01, -2.4799723488100067e-01,
       4.3190850463594197e+00, -1.7157505227811198e+00,
       -6.0110497172037874e+01, -9.1987703025277572e+00,
       1.0775777380297775e+01, -2.3540522926133591e+00,
       -5.8103631964094982e-01, 1.1087872956689684e+00,
       5.0751390780066297e-01, -1.0967509871559900e-01,
       -1.7575107705457381e+02, 1.1067033355774224e+02,
       3.3013409470699969e+01, -6.5256089299816281e+01,
       -3.3332122415047436e+01, 1.2384932027612015e+01,
       -4.7474445169298995e+00, 1.1173846859124856e+00,
       4.1222243156939214e-01, 6.3764812297391060e-02,
       3.1471321449269787e+01, 4.9960902139159089e+01,
       -6.3177551290583445e+00, -4.4508792408554072e+01,
       -4.0106581683071187e+00, -2.2557573792010331e+01,
       3.2676471985941120e+00, 1.2997105084989151e+00,
       -3.8756115834078626e-02, 4.8999877508006634e-02,
       1.5752674131245493e+02, 3.2292405243801010e+00,
       -4.2707367017962042e+01, 1.8913265336298313e+00,
       -6.3563785764433698e+00, 1.1723410355245495e+01,
       -2.2924091781709977e-01, 8.8111555787305651e-01,
       4.2759331277268453e-01, -1.4876615156196699e-01,
       -4.4917886793654162e+01, -2.9518026577974222e+01,
       3.5309612917450963e+01, 4.5528696202394443e+01,
       2.1736285474288938e+01, -1.0459050141497364e+01,
       -1.1351427641226707e+01, -5.6844096298492417e+00,
       -5.3408725739687739e+00, 1.2169024484340050e+00,
       1.1664356707591728e+02, -4.5001049402763611e+00,
       3.9492455321762897e+01, 2.3202496930400445e+00,
       4.3392433873243581e+00, -3.5582000939602892e-01,
       -4.6687002226487412e-01, 1.0239613178104123e+00,
       3.8587634456761727e-01, 8.1212457859246995e-02,
       9.7372171320107952e+01, 2.0207181051471661e+01,
