%YAML:1.0
means: !!opencv-matrix
   rows: 8
   cols: 16
   dt: d
   data: [ 1.6174614192664467e+02, 2.4403730036793178e+01,
       -4.4182415033877852e+01, -3.0891924525102091e+01,
       -8.5532294490465635e+00, 1.4160435421651005e+01,
       -1.1795366815410584e-01, -3.0005402912336612e+00,
       -1.1121025620421183e+00, -2.5393720004518772e-01,
       -1.5508955684848147e-01, -1.3755925260422924e-01,
       1.3012875474779475e-03, -2.6946418796945430e-02,
       9.4537311549857499e-03, 1.7042457954020637e-02,
       -1.5900037360749459e+02, -4.3038044009462183e+01,
       3.2050556140092624e+01, 3.0349533157977458e+01,
       -1.0306656373220960e+01, 4.3436076835571749e+00,
       -1.0391556380337696e+00, -2.3523706674132092e+00,
       -3.8860888991441395e-01, 2.3962581378514725e-01,
       -7.9418679552425736e-02, -2.5367204911411145e-02,
       4.2113292041142803e-05, 2.9797149912472971e-06,
       2.0156358818856700e-03, 8.5243095306627575e-03,
       8.1730795399937321e+01, 1.5291831511397071e+01,
       -2.4149213678913235e+01, -3.2235326072348549e+01,
       -2.6479404394459102e+01, -1.9643096938543778e+01,
       8.7089214954229643e-01, -2.3298594989055483e+00,
       2.0878563907164549e-01, -4.2537299173032214e-02,
       1.0542503525300907e-01, -4.6551229566475678e-03,
       7.0253555872745537e-04, 2.9262643460141076e-03,
       1.5173980639199123e-02, 7.1966232214882167e-03,
       7.3677810070580847e+00, 5.1487324016967733e+01,
       6.8601881406385816e+00, -2.7282910295861967e+01,
       1.2764272164778507e+01, 3.8239898637449685e+00,
       -5.0313579023127346e+00, -2.0855373781373068e+00,
       -2.4790055600296008e+00, -2.0262324409449073e-01,
       -1.0906121575729359e-01, 3.2893749372911361e-02,
       -2.8946671677067177e-02, -3.6824869784353154e-03,
       -2.7314714426752571e-02, 1.2481822587377147e-02,
       1.4319112007008482e+02, -6.1388665293378848e+00,
       -3.9382674156731042e+01, 6.5347899023984866e+00,
       -6.4128041457132747e+00, 1.1511204310876842e+01,
       -2.2554687580777633e+00, 1.0840673699727557e+00,
       -2.2090717445872815e-01, 1.9577445806639726e-01,
       1.3233525620225314e-01, -2.9439200484381665e-02,
       -1.4175378088214860e-02, -1.2350198739935070e-02,
       -3.7350581921884216e-02, -9.8672653020551986e-03,
       5.7206300755423314e+01, -2.3318661956029860e+01,
       -1.0316414950687159e+01, 1.7565281096974353e+01,
       1.0220655394669292e+01, 3.8860744398417131e+00,
       5.2124112836547754e-01, 4.8275132520845804e-01,
       2.8004764012447958e-01, -9.3131963058752751e-02,
       1.7706870648650307e-02, 1.2465845929369366e-02,
       8.3993351306983922e-03, 5.0937392633894291e-03,
       2.0090085061828800e-02, -1.6943596217673321e-04,
       -2.7087305781629059e+01, -5.3921886203715552e-01,
       7.4193889819655636e+00, 1.6484176493870972e+00,
       8.2491891095678245e+00, -9.3121694842779004e+00,
       2.4079245674951815e+00, 9.9796931689284507e-01,
       3.6834427989240270e-01, 1.3134175407800838e-01,
       -4.7767051789373981e-02, 7.4809022277022106e-03,
       6.2731994315658830e-04, -4.2579323279742575e-04,
       -1.7818272655476409e-02, -3.2826490080270893e-03,
       -1.9554540481143968e+02, 5.1609542525751912e+01,
       4.2768560651976706e+01, -2.8161179654829990e+01,
       -1.7498834206356793e+01, 8.1033955859316933e+00,
       -1.4620354256091901e+00, 1.6695946442324672e+00,
       6.1354226999833417e-01, -8.9037062157499403e-02,
       3.2729619452020013e-02, 1.1768765428523396e-03,
       2.8864059988902256e-03, 7.9986552346756538e-04,
       6.4893369803182164e-03, -1.0628097188836002e-02 ]
covs: !!opencv-matrix
   rows: 128
   cols: 16
   dt: d
   data: [ 4.3373927596575040e+03, 1.3382882215529256e+02,
       3.0503710093291434e+03, 1.4715974473603129e+02,
       -9.7198080998174248e+01, -6.7931002559513232e+01,
       -6.2168816759765399e+01, -5.2451971179345869e-01,
       2.2837177730772346e+01, 6.8528244130786291e+00,
       -1.3298983747693922e+00, -4.8092867435308662e-01,
       -3.1004924808222836e-02, 1.6559729951464175e-01,
       6.7164032733605619e-02, 1.5396848086581356e-02,
       1.3382882215529247e+02, 5.7515608177565791e+03,
       5.2090433015259350e+01, 2.3071488244176544e+03,
       -6.6281828725270216e+01, -8.7077862022464700e+01,
       3.5041520827819390e+01, -5.3303404681444086e+01,
       -6.2663272967474581e+00, -2.6578238123029396e+00,
       -8.5473469685527614e-01, -7.1171822547302543e-01,
       6.3599337041707352e-02, -1.9621538145058262e-01,
       4.1108851364293181e-02, -1.3892583708843642e-01,
       3.0503710093291434e+03, 5.2090433015259315e+01,
       2.5725631791394671e+03, 4.8175902855367674e+01,
       -7.8131122501007098e+01, 5.0766851534288854e+01,
       3.7671632148264152e+01, -8.2726042700332876e+00,
       1.4290226152274572e+00, -3.1808951848995498e-01,
       5.0052299609927353e-01, 3.2159147673442218e-02,
       6.3022470438527179e-03, 3.5013447773103584e-02,
       4.4511472252955903e-02, -3.7515857320737769e-02,
       1.4715974473603129e+02, 2.3071488244176544e+03,
       4.8175902855367710e+01, 1.1317377265363618e+03,
       -3.1857967701950912e+01, -4.4199510130254168e+01,
       -5.4054221480328808e+00, 2.6672347774526948e+01,
       -4.7055789315201419e+00, -1.0918999695988493e+01,
       1.2499951603455031e+00, 3.7670138708680762e-01,
       -8.0883907142547423e-02, -6.6903169640620305e-02,
       1.0335199950614374e-01, 6.4986826346507404e-02,
       -9.7198080998174220e+01, -6.6281828725270216e+01,
       -7.8131122501007098e+01, -3.1857967701950912e+01,
       1.4632185026368530e+01, 1.3365493184462917e+01,
       -4.6813027109042604e+00, -3.8653324056933376e+00,
       8.6599517673360160e-01, -3.3037913699075556e+00,
       2.9430315357675557e-01, 1.2266391102658729e-01,
       2.8329004907617177e-02, -2.6616548598491187e-02,
       1.2374042791510042e-02, -3.7189018699706630e-02,
       -6.7931002559513246e+01, -8.7077862022464700e+01,
       5.0766851534288854e+01, -4.4199510130254161e+01,
       1.3365493184462917e+01, 4.6419651441395331e+01,
       1.3325663332699985e+01, -4.7901376014123462e+00,
       -4.1853449101757096e+00, -6.5558890882128065e+00,
       7.3983492242276594e-01, 1.7202956444890521e-01,
       1.2475558819817566e-02, -6.0971216834317540e-02,
       2.9703429914629206e-02, -8.2812949527583779e-02,
       -6.2168816759765399e+01, 3.5041520827819390e+01,
       3.7671632148264152e+01, -5.4054221480328808e+00,
       -4.6813027109042604e+00, 1.3325663332699985e+01,
       2.2409313386709801e+01, -4.8890724157599115e+00,
       -4.7323265627527205e+00, 9.9086176607030352e-01,
       -1.3596762372379462e-01, -1.0554588608837245e-01,
       -3.0483482476895238e-02, -8.1131456317665111e-03,
       1.0518246682790899e-02, -1.8340711126791163e-02,
       -5.2451971179346024e-01, -5.3303404681444093e+01,
       -8.2726042700332894e+00, 2.6672347774526944e+01,
       -3.8653324056933385e+00, -4.7901376014123462e+00,
       -4.8890724157599115e+00, 1.5298090076272779e+01,
       7.7727497364913423e-01, -7.7099605676604777e-01,
       4.5633477650414589e-01, 2.3641669504001045e-01,
       -2.4875498682461441e-02, 2.3882462437183644e-02,
       -3.1015447531378129e-03, 4.6488744801464858e-02,
       2.2837177730772353e+01, -6.2663272967474573e+00,
       1.4290226152274565e+00, -4.7055789315201428e+00,
       8.6599517673360149e-01, -4.1853449101757096e+00,
       -4.7323265627527205e+00, 7.7727497364913400e-01,
       7.5899301232067184e+00, 3.7139569431198329e+00,
       2.0762935727192530e-01, 2.5790989068723180e-01,
       -1.9113784032502971e-02, 9.0739338784320708e-02,
       -5.2825677958802775e-02, 4.1220362019537084e-02,
       6.8528244130786282e+00, -2.6578238123029378e+00,
       -3.1808951848995271e-01, -1.0918999695988489e+01,
       -3.3037913699075556e+00, -6.5558890882128082e+00,
       9.9086176607030352e-01, -7.7099605676604777e-01,
