%YAML:1.0
means: !!opencv-matrix
   rows: 11
   cols: 7
   dt: d
   data: [ 2.1391925675891940e+01, 1.2083416508905775e-01,
       -7.9339965870395064e+00, -4.4617608841292267e+00,
       -1.0564374923785095e+01, -8.4034324890786092e+00,
       -8.1116080611844044e-01, -1.7083561003517627e+02,
       -9.9176948276105634e+01, 4.8069785124911874e+01,
       3.5031954276217697e+01, -2.8760274555766646e+01,
       4.0880695068769468e-01, -2.9440920558516521e+00,
       9.9122537328550862e+01, -4.4858816701021965e+01,
       -2.2055708591027038e+01, 3.7231151190743418e+01,
       -2.7221522560709165e+01, 2.3317341150241269e+01,
       1.1846463356868839e+00, 1.4526051410672176e+02,
       2.4220839627750745e+01, -4.0579728127227710e+01,
       3.0399216591711875e+00, -7.8678700729835596e+00,
       -1.1426685005175866e+01, -1.9608997483244837e+00,
       3.4331776787970796e+01, 1.2268289331563433e+02,
       -2.7335866480779941e+01, -5.0875482851148710e+01,
       -8.4089549285610037e+00, 8.2488221647046078e-01,
       2.2642828663196033e+00, -1.7663732103371771e+02,
       -5.3927047275024143e-01, 4.1185625372217146e+01,
       -1.4331109096467319e+01, -4.5331898056160389e+00,
       -1.7918024273878090e+00, 3.9924039289328722e-02,
       -1.2629642379058242e+02, 1.1129294431110435e+02,
       1.2743988389457140e+01, -5.2041334670670800e+01,
       -1.1791860900870970e+01, 4.6124385554472508e-01,
       6.8022840595096068e-01, 4.9974360610687988e+01,
       -2.0403367550681750e+01, -5.7129860578526852e+00,
       1.0463886365687227e+01, 1.6771270228597007e+01,
       1.1931110902510518e+00, 8.7328631372774079e-01,
       -4.0394448252645798e+00, 7.2780590241623869e+01,
       -3.5809025315224874e+00, -3.3339993270087014e+01,
       1.8351683715332630e+01, -4.6639731698174893e+00,
       -6.8902638323859733e-01, 2.7463356100736210e+01,
       -1.4574797782873799e+02, 1.0133591188119375e+01,
       5.7504424802430265e+01, 4.5469614765598667e+00,
       -7.1319562550830520e-03, -1.3815083066438999e-02,
       -4.3787402426653671e+01, -5.1233928244093882e+01,
       2.5739921468800727e+01, 2.0652150160427492e+01,
       2.5194078610729246e+01, 1.4855550832561912e+01,
       1.8065062445219413e+00 ]
covs: !!opencv-matrix
   rows: 77
   cols: 7
   dt: d
   data: [ 1.5032265333958039e+04, -1.0713717528869070e+03,
       1.0726739785698157e+03, 6.1301421938718170e+02,
       -4.4477274054306946e+02, 7.7629059102407075e+02,
       -4.3911356118026241e+01, -1.0713717528869070e+03,
       1.2542846561219378e+04, 2.6668514069814194e+02,
       2.6141877708307061e+02, 1.1557660603748182e+02,
       4.5898292635946029e+02, 7.5942747454341033e+00,
       1.0726739785698157e+03, 2.6668514069814194e+02,
       2.8618680730464698e+03, -1.2210708906400063e+02,
       8.8869867104156377e+00, -2.7227951179009779e+02,
       -3.1721570319181032e+00, 6.1301421938718170e+02,
       2.6141877708307061e+02, -1.2210708906400069e+02,
       2.6400517712427913e+03, -4.4653912477728845e+01,
       -1.3623985699202888e+02, -7.6146954264484901e-01,
       -4.4477274054306946e+02, 1.1557660603748185e+02,
       8.8869867104156377e+00, -4.4653912477728845e+01,
       5.5584717262406564e+01, -3.0641358581795501e+01,
       -1.2151224668113397e+01, 7.7629059102407052e+02,
       4.5898292635946029e+02, -2.7227951179009779e+02,
       -1.3623985699202888e+02, -3.0641358581795501e+01,
       1.9074080002395763e+02, -1.1228900409378697e+01,
       -4.3911356118026248e+01, 7.5942747454341051e+00,
       -3.1721570319181023e+00, -7.6146954264484812e-01,
       -1.2151224668113397e+01, -1.1228900409378697e+01,
       2.8365515606286536e+01, 5.8406214085859638e+03,
       -1.9698427805255321e+02, 3.1531587318467932e+03,
       -8.8540141611555180e+02, 2.9883262139921062e+01,
       8.8689117800703244e+01, 5.4023712835839241e+01,
       -1.9698427805255321e+02, 7.5872265708869054e+03,
       8.6167425622735573e+02, 2.2233413516643400e+03,
       4.2199672271702207e+02, 6.8945188110267691e+02,
       9.3306575229884004e+01, 3.1531587318467932e+03,
       8.6167425622735573e+02, 2.4968581190754599e+03,
       -7.1045663771216567e+01, -4.3494298573898355e+01,
       -6.2379130401988064e+01, -2.7408950476892809e+01,
       -8.8540141611555180e+02, 2.2233413516643400e+03,
       -7.1045663771216624e+01, 1.8677773132021252e+03,
       -1.3504238440450374e+02, -1.9211940797007153e+02,
       -3.3608305162775075e+01, 2.9883262139921062e+01,
       4.2199672271702207e+02, -4.3494298573898355e+01,
       -1.3504238440450374e+02, 1.5347933249596281e+02,
       1.4384771790566057e+02, 1.6570546994949552e+01,
       8.8689117800703244e+01, 6.8945188110267691e+02,
       -6.2379130401988057e+01, -1.9211940797007148e+02,
       1.4384771790566057e+02, 3.1750315995061771e+02,
       1.0980824603672625e+01, 5.4023712835839241e+01,
       9.3306575229884004e+01, -2.7408950476892805e+01,
       -3.3608305162775075e+01, 1.6570546994949552e+01,
       1.0980824603672627e+01, 3.6704113441691661e+01,
       4.1902423426066762e+03, -9.0601937040844760e+01,
       2.9247502451935698e+03, -8.2344634389154680e+02,
       -8.3294882520161664e+01, -2.6069583992923587e+01,
       -7.0573690757598442e+01, -9.0601937040844760e+01,
       5.1287241991373785e+03, 9.2551713200010181e+02,
       2.6939848054410190e+03, -4.3097900345253080e+01,
       -7.6949466570460800e+01, -2.9023374892394283e+01,
       2.9247502451935698e+03, 9.2551713200010181e+02,
       2.5395414610088460e+03, -1.0696998479401300e+02,
       -9.3482852157446075e+01, -7.9093258409672742e+01,
       8.0325557223226856e+00, -8.2344634389154680e+02,
       2.6939848054410190e+03, -1.0696998479401302e+02,
       1.7523492691938188e+03, 6.6270200629345027e+01,
       -1.2229101685226711e+02, -1.0405947623961540e+01,
       -8.3294882520161693e+01, -4.3097900345253102e+01,
       -9.3482852157446089e+01, 6.6270200629345027e+01,
       3.6340958934277836e+01, -3.2222980628634261e+01,
       -1.3140024344316008e+00, -2.6069583992923587e+01,
       -7.6949466570460800e+01, -7.9093258409672742e+01,
       -1.2229101685226706e+02, -3.2222980628634254e+01,
       1.3929534997674784e+02, -2.3304223460484280e+01,
       -7.0573690757598413e+01, -2.9023374892394301e+01,
       8.0325557223226856e+00, -1.0405947623961538e+01,
       -1.3140024344316015e+00, -2.3304223460484280e+01,
       2.1772214159734411e+01, 7.1887169737678460e+03,
       -7.9214403667284137e+02, 2.4493145430651771e+03,
       -1.7530277504933869e+02, -2.6815718109864605e+02,
       2.5308568605520907e+02, -1.4438471178505317e+00,
       -7.9214403667284137e+02, 7.7253643738348183e+03,
       9.0077022366835479e+02, 2.0150965068597322e+03,
       2.9020901821899248e+01, 7.9011327585348170e+01,
       -4.6069646386620533e+01, 2.4493145430651775e+03,
       9.0077022366835467e+02, 2.5890748736363739e+03,
       -3.2095006637753261e+02, -5.4575890208702987e+01,
       -1.2822433590255531e+02, 1.0628263303913688e+01,
       -1.7530277504933869e+02, 2.0150965068597322e+03,
       -3.2095006637753244e+02, 2.0498383863568829e+03,
       3.0858407403003568e+01, -7.0397087746374496e+01,
       2.4080208648964955e+01, -2.6815718109864605e+02,
       2.9020901821899241e+01, -5.4575890208702987e+01,
       3.0858407403003572e+01, 8.3005609018357944e+01,
       -3.5249659346899314e+01, -4.5072296132157650e+00,
       2.5308568605520907e+02, 7.9011327585348170e+01,
       -1.2822433590255528e+02, -7.0397087746374496e+01,
       -3.5249659346899314e+01, 1.0441259387193870e+02,
       -5.7193368705387915e+00, -1.4438471178505292e+00,
       -4.6069646386620526e+01, 1.0628263303913693e+01,
       2.4080208648964955e+01, -4.5072296132157650e+00,
       -5.7193368705387897e+00, 3.9942164452754454e+01,
       7.2300091432065256e+03, -8.6143670543329802e+02,
       2.5967424022066430e+03, -5.1188514930977396e+02,
       6.8187480720698161e+01, -6.5137046489776324e+01,
