%YAML:1.0
means: !!opencv-matrix
   rows: 32
   cols: 8
   dt: d
   data: [ 3.7118323643234071e+01, 1.0021114822747649e+02,
       -2.9759222873196080e+01, -4.5519094661766893e+01,
       -1.2803210856511841e+01, 3.0662043990987198e+00,
       6.8717789686306197e-01, -1.7927218492969208e+00,
       6.6710993244921212e+01, -6.7606619849575026e+01,
       -1.8573593457535360e+00, 4.4932599174521414e+01,
       4.4678911164219298e-01, 2.4535431226266283e+01,
       2.4435288751916380e+00, 3.2282953989402796e-01,
       1.2247912585624861e+00, -4.4227309907642962e+01,
       1.1681559628181862e+01, 1.3892986299577998e+01,
       3.8985984836572577e+01, -6.2138488716951823e-01,
       1.2339911999061655e+00, -8.4221629966299516e-01,
       -1.4211975120916323e+00, 3.2941068399332849e+01,
       1.8277558844648669e+00, -2.3306916317449204e+01,
       3.1397107759340734e+01, -8.5879827453310718e+00,
       -9.8936496378293570e-01, -5.0560586501627958e-01,
       1.7635134338645571e+01, -1.2912920277033149e+02,
       1.9228384353614583e+01, 5.6963469666209058e+01,
       2.6011513167213693e+01, 2.5871755135270047e+00,
       1.6694762723013734e+00, -1.5974807812753367e+00,
       -1.4418529456345340e+02, -7.0454224779646033e+00,
       3.2466383235568074e+01, -2.0175924352688551e+01,
       -4.2748698823385700e+00, -2.5524116092167709e+01,
       -1.4310394135969762e+00, -1.5468144134499051e-01,
       1.3615913281987048e+02, 5.7134142598634462e+01,
       4.2313175841536150e+01, 3.2140320874780976e+01,
       9.7123974153978203e+00, -5.1971553111086060e+00,
       1.1399117108981638e-01, -5.8186003210060511e-01,
       -1.6479272628408029e+02, 4.2467187408512700e+01,
       5.4135810932303485e+01, 3.5328857255566923e+01,
       -1.9820523891596546e+00, 3.5855786106652552e+00,
       5.9090963886970171e-01, 9.2153622112288403e-01,
       -5.8933295365555942e+00, 9.7761212560151606e+01,
       -2.9823176716086501e+00, -3.7732587822944645e+01,
       1.4493705130129628e+01, -2.9189867132793386e+00,
       -1.6839181054569716e+00, 6.9902003596085915e-01,
       1.1743412553303553e+02, -5.0464418898500334e+01,
       -2.7932046314330815e+01, 4.2074246334637856e+01,
       -2.4886950065517965e+01, 8.5038279723167935e+00,
       7.2601577390247962e-01, -3.5358683225988935e-01,
       -1.0060579229972051e+02, 3.7731307803322387e+01,
       7.7355728812881750e+01, -4.2119562007348826e+01,
       -1.8234324616988331e+00, -7.9672214660540752e-01,
       -2.3217595836710486e-01, 7.1120431375377946e-01,
       -7.7177295698318289e+01, 1.0168634367773039e+02,
       4.3942936215709576e+00, -5.3897506595461230e+01,
       2.3996367999337496e+00, 4.6191800031492640e+00,
       1.8836859906604222e+00, -3.7051662762131382e-01,
       8.9295844546483522e+01, -2.7006703800046477e+01,
       -2.8679520136572478e+01, 9.8620210718696182e+00,
       -9.5215513984144025e+00, -1.2293054052886010e+01,
       -2.3792240377571097e+00, -2.1802025607910824e+00,
       1.5779089014306911e+02, -6.3939047628407941e+01,
       1.7168404951796351e+01, -3.9563164103447448e+01,
       2.3389142635924123e+00, -9.9275797753220052e-01,
       -3.7850422373653653e-01, -2.3226702980056585e-01,
       -1.7361416300528393e+02, -6.8167995274054135e+01,
       4.7672404753593042e+01, 2.6144232598924088e+01,
       -2.5032747605088705e+01, 8.4834384241120659e+00,
       -1.8122931751140139e-01, 1.3758423537604048e+00,
       -1.4917702609856266e+02, -1.1550675252338671e+02,
       4.7448420291776571e+01, 4.3367821600879743e+01,
       -3.0706032127398480e+01, -1.1723801485444423e+00,
       -7.2437734893075287e+00, -6.5699700305671394e-01,
       9.8826555443051575e+01, -4.6513076774729164e+01,
       -2.1953359686350673e+01, 3.6621915225394012e+01,
       -2.7557211686249829e+01, 2.3896871190876777e+01,
       1.1881627604318521e+00, 1.3250312422241179e+00,
       -3.6607309100368703e+01, -7.6653974255841106e+01,
       1.9826061935728990e+01, 3.3262708308697306e+01,
       2.2950042240880258e+01, 1.7855014524188963e+01,
       2.3422652431943742e+00, 2.6600225325274540e-01,
       1.7081191066290737e+02, 5.9452770929792273e+01,
       -4.6663753063947176e+01, -5.4180949044293047e+00,
       -7.8455761118173957e+00, -4.0155294901160250e+00,
       2.5200667496394944e+00, 1.0233637242918776e+00,
       3.5999118910303509e+00, -2.5932955586588776e+01,
       -1.3010443110509433e+00, 9.0861657159427800e+00,
       -8.4695731055724970e+00, -9.8302888308687919e+00,
       -7.2985061497855386e-01, 2.4199367176946145e-02,
       1.7273136855284825e+01, 1.3332435305238110e+02,
       -2.5233286892360347e+01, -5.6353967270851520e+01,
       -9.2830549527879871e+00, 2.5001497934173669e+00,
       2.4442596753548345e+00, 1.2368342647921551e-01,
       1.9824798970249415e+02, -1.3357745629199480e+01,
       -5.0188175347080488e+01, 1.9658600513968178e+01,
       -1.1124018265528090e+01, -8.4769411631866713e+00,
       5.5899679310011474e-01, -1.3217794546270014e+00,
       1.4932005109136297e+01, -2.3434247383734697e+02,
       9.4819491721255158e+00, 7.5824904154658569e+01,
       -1.0816733663209963e+00, -3.0574706068045980e+01,
       -3.2031021663295323e+00, -1.3316466158605871e+00,
       -3.3619778195756169e+01, -3.1681353862776436e+00,
       1.2494472888777480e+01, -2.6827310454708901e+00,
       2.5007672700365326e+01, 9.1451270717807382e+00,
       7.7092569739968686e-01, -7.6730664868013643e-01,
       -1.6109675940231020e+02, -9.1943079914694181e+01,
       3.0426973469583864e+01, -2.8447859031059906e+01,
       -1.6279324237302877e+00, 5.1536552715692423e+00,
       -2.4555285774669997e-01, 6.8794782976452329e-01,
       1.1654529832230914e+02, 1.2308878998919967e+02,
       -2.7792830906320120e+01, 2.9927167683436835e+01,
       -8.7429700873580138e+00, -1.1321750565062651e+01,
       -1.3950690358590025e+00, 9.6066487260750222e-01,
       5.0111627073533278e+01, 8.9433757359068935e+01,
       -2.8496911686912178e+01, -3.4939053557472107e+01,
       5.7733763040344490e+00, -7.5917987421562687e+00,
       6.1425301076241046e-01, -5.9459270348195448e-01,
       -2.2585666851624910e+02, 3.9536821929030545e+01,
       -2.0697204626547565e+00, -1.9307387390134529e+01,
       -1.6214340654944239e+00, -2.7920884613775887e+00,
       4.2963163053020403e-01, 1.0748998057411889e+00,
       -1.5207644538925578e+02, 1.1627376239303278e+02,
       1.6673755376571538e+01, -5.0885462283470872e+01,
       -2.3885010219048795e+01, -4.9461035109169700e+00,
       -5.1759301974169747e-01, -3.5694587104847775e-01,
       9.1884034208352077e+01, 1.4902409707721709e+01,
       -3.0888763468932698e+01, -2.1692156670131954e+01,
       -7.6949234188019151e+00, -1.7060527058270452e+01,
       -7.3088215292605927e+00, 2.6558111560072040e+00,
       3.8277546249834103e+01, -1.8429298480576122e+01,
       -5.7885906928740908e+01, 1.4142291376313359e+01,
       9.4678506045265607e+00, -3.3925603187964786e+00,
       2.9348068780334691e-01, -2.1106865028807548e-01,
       -1.8102214753998857e+02, -1.3823123687413081e+02,
       5.3504458492271802e+01, 4.5115694156161140e+01,
       -3.6258418105421633e+01, -1.4941825250885357e+01,
       -4.0951269866000528e+00, -1.6904865028752589e+00 ]
