%YAML:1.0
means: !!opencv-matrix
   rows: 10
   cols: 11
   dt: d
   data: [ -1.8332131137017154e+02, -9.2848823466025365e+01,
       4.6962542897774803e+01, 2.9616392179289445e+01,
       -2.5569646667984308e+01, -2.2039181502676541e+00,
       -3.3278161835707190e+00, -4.4695101712858332e-01,
       3.0949866850425556e-01, 2.4735793266830780e-01,
       3.3487457900290937e-02, 8.3996343196272548e+01,
       -2.6386469711856805e+01, -1.1681217829995319e+01,
       1.9139685633950631e+01, 1.0740003908298561e+01,
       1.5595288675710108e+00, 3.0042459472149385e-01,
       -3.2553062838143892e-01, -4.4628906375659882e-01,
       4.8649245748618924e-02, -2.0490778084703943e-02,
       -1.2083161895953565e+02, 1.1669164650327806e+02,
       1.0184610544204034e+01, -5.3176121179314514e+01,
       -1.1780303167977237e+01, 8.3011024235739750e-01,
       7.1880472272804763e-01, -3.6995334385628209e-01,
       -4.4491824719002127e-01, -2.6067980785793188e-01,
       1.1148384466349896e-01, 1.3347919387485246e+02,
       -3.2295547491441880e+01, -3.0479549297139151e+01,
       3.2147650266301653e+01, -1.9685070165983017e+01,
       1.0082381172915195e+01, 1.4419022204289328e-01,
       4.0593900444855763e-01, -8.4499783405051154e-02,
       5.6694493831780296e-02, 1.6924614278197789e-01,
       2.7002693777966588e+01, 2.0460449504639747e+01,
       -6.2564237309447819e+00, -1.8432673276592173e+01,
       2.0431718445085223e+00, -1.1084814941807117e+01,
       -6.7694477416774568e+00, 1.7435579096441172e+00,
       6.3058537972966899e+00, 3.0687047209519874e-01,
       -2.4352555714438881e-02, -4.1873773649957364e+00,
       3.2842830209636325e+01, -1.6676247322060616e+00,
       -2.0886439804498721e+01, 2.3246563196780109e+01,
       -1.5106821071785317e+00, 1.3250976758652722e+00,
       -6.5809841163579197e-01, -3.2884410676872899e-01,
       7.3923407222512713e-02, 3.5256020394546568e-02,
       -1.0914868327590229e+01, -1.9393790502245938e+01,
       3.0984785981894669e+00, 4.4291964607304273e+00,
       -1.1653650727703107e+01, -5.2618590816183897e+00,
       5.2598754062334563e-01, 6.0396088704053920e-02,
       -1.2027822410297708e+00, 5.6839040475988908e-02,
       -2.7532843821679248e-01, 6.2947266069464206e+01,
       1.1343644253152391e+02, -3.1477839294972242e+01,
       -4.1582716679942934e+01, -8.8182971814411051e+00,
       1.1347532939410736e+00, 1.6987812230661454e+00,
       -2.2726292608070120e-01, -3.0474543805584947e-01,
       -1.1132712039208126e-01, 4.5559198505374099e-02,
       -1.4940248471513775e+02, 4.3793034800554116e+00,
       3.7649064634106381e+01, -1.0184332192579866e+01,
       2.5507405595491756e-01, 4.6496457116797574e+00,
       8.4003890174616480e-01, 1.0719247618892833e+00,
       -2.5575792302223582e-01, -1.3825887922436659e-02,
       -9.3833339477945744e-03, 1.7087030508828003e+00,
       -1.7575253160265780e+02, 1.3059127187910882e+01,
       6.3362129765398862e+01, 1.2182616486322644e+01,
       -1.6052629262778872e+01, -1.4408640652532267e+00,
       -6.6159342621599859e-01, 3.9163053176950163e-01,
       -1.0297444956373429e+00, -7.2000315100857496e-03 ]
covs: !!opencv-matrix
   rows: 110
   cols: 11
   dt: d
   data: [ 5.9454931077833844e+03, -6.6743828711403933e+02,
       3.1755415322521667e+03, -6.3132933998385442e+02,
       -1.5456035849647418e+02, 2.9997642617584699e+01,
       3.3527362869864220e+01, 5.1645848867419968e+00,
       1.3648813949317853e+01, 4.8509769229307382e+00,
       1.3951668854883770e+00, -6.6743828711403933e+02,
       7.6998157271513337e+03, 8.1045699166615577e+02,
       1.9967420038802609e+03, 5.4026360457082058e+02,
       5.2476476312440616e+02, 7.6917783013188114e+01,
       4.2074679731041158e+01, 6.2939302272916201e+01,
       3.6584884818407892e+00, -3.0349229201168697e+00,
       3.1755415322521667e+03, 8.1045699166615600e+02,
       2.4624831815573275e+03, -2.4157282984921213e+01,
       -7.5643889906020803e+01, -5.6084868423564508e+01,
       -2.1276251111813277e+01, -6.2658323613556508e+00,
       -1.3358013959745010e+01, -1.7165682447048107e+00,
       3.3180388707583919e-01, -6.3132933998385431e+02,
       1.9967420038802609e+03, -2.4157282984921228e+01,
       2.0099957169329707e+03, -2.2789213518435034e+02,
       -1.4044440426679651e+02, -3.0188055230035832e+01,
       -1.8026294182900216e+01, -2.2155092950495014e+01,
       -4.4608511909452924e+00, 1.3610275910812863e+00,
       -1.5456035849647427e+02, 5.4026360457082058e+02,
       -7.5643889906020803e+01, -2.2789213518435034e+02,
       2.1854522254684866e+02, 1.0110237771502410e+02,
       9.6134573412341506e+00, 1.5002212519551772e+01,
       2.8033129253085246e+01, 5.0843520804976929e+00,
       -1.4435395333104730e+00, 2.9997642617584717e+01,
       5.2476476312440604e+02, -5.6084868423564501e+01,
       -1.4044440426679654e+02, 1.0110237771502410e+02,
       2.7084091658696849e+02, 1.6009665549271603e+00,
       1.1752004318328179e+01, 1.5390721742035922e+01,
       1.2585840564974979e+00, -4.1556512756442004e-01,
       3.3527362869864213e+01, 7.6917783013188114e+01,
       -2.1276251111813284e+01, -3.0188055230035825e+01,
       9.6134573412341542e+00, 1.6009665549271612e+00,
       3.5545165530011054e+01, 2.5281103342021387e+00,
       -2.3563476722255428e-01, -3.4871460476419820e-02,
       5.3762717202679756e-02, 5.1645848867420012e+00,
       4.2074679731041151e+01, -6.2658323613556544e+00,
       -1.8026294182900212e+01, 1.5002212519551772e+01,
       1.1752004318328177e+01, 2.5281103342021378e+00,
       1.3711436181629038e+01, 2.4602624589781050e-01,
       5.3756821214273687e-01, -4.3319505939006242e-02,
       1.3648813949317853e+01, 6.2939302272916194e+01,
       -1.3358013959745010e+01, -2.2155092950495010e+01,
       2.8033129253085246e+01, 1.5390721742035918e+01,
       -2.3563476722255436e-01, 2.4602624589781039e-01,
       9.1831768047651856e+00, 9.7621772006366192e-01,
       -2.2527393783964431e-01, 4.8509769229307365e+00,
       3.6584884818407888e+00, -1.7165682447048107e+00,
       -4.4608511909452924e+00, 5.0843520804976929e+00,
       1.2585840564974975e+00, -3.4871460476419792e-02,
       5.3756821214273687e-01, 9.7621772006366214e-01,
       9.0256580910465534e-01, -7.5767097098826244e-02,
       1.3951668854883770e+00, -3.0349229201168697e+00,
       3.3180388707583919e-01, 1.3610275910812863e+00,
       -1.4435395333104730e+00, -4.1556512756442004e-01,
       5.3762717202679777e-02, -4.3319505939006207e-02,
       -2.2527393783964431e-01, -7.5767097098826244e-02,
       2.0281990597700861e-02, 8.1655896544323305e+03,
       1.1276119709030486e+03, 1.5473900922315574e+03,
       -1.1198260337613563e+03, -1.0697373529307827e+03,
       -2.9685044714122262e+02, -9.5985247396594502e+01,
       3.2818829136810855e+01, -3.0552594854247079e+01,
       6.8736633506536915e-01, -2.5850094629218261e+00,
       1.1276119709030486e+03, 8.9224945089683933e+03,
       -5.0615960150475559e+01, 1.5936854015331089e+03,
       -4.6268476087429048e+02, -5.4836361206586275e+02,
       -9.3814893361054658e+01, -9.2540070307874718e+00,
       -1.7300078479685542e+01, -6.2643412957653277e+00,
       -1.0804593405979586e+00, 1.5473900922315577e+03,
       -5.0615960150475559e+01, 3.0519255345930801e+03,
       6.2520824490486277e+01, 3.5604733190980079e+02,
       1.3663667009300906e+02, 3.1721756060811636e+01,
       -1.3360634383079189e+01, 7.0508642665073342e+00,
       2.6082879708035831e+00, 9.8258636387548093e-01,
       -1.1198260337613563e+03, 1.5936854015331089e+03,
       6.2520824490486241e+01, 2.0958430542265760e+03,
       1.4939792481521067e+02, 1.1551617678136375e+02,
       1.9217987192527282e+01, 2.4425453074745529e+00,
       7.2810064561172476e+00, -1.2856271115725730e+00,
       4.1108214673346621e-01, -1.0697373529307827e+03,
       -4.6268476087429048e+02, 3.5604733190980079e+02,
       1.4939792481521067e+02, 4.2503766031799870e+02,
