%YAML:1.0
means: !!opencv-matrix
   rows: 12
   cols: 12
   dt: d
   data: [ -1.9130711665826414e+02, 7.1333703741344493e+01,
       4.1812775975057320e+01, -4.0655285805398073e+01,
       -1.9380264424767958e+01, 8.5752230149540960e+00,
       -1.8163235652385170e+00, 1.7921662313887705e+00,
       6.7359442036438988e-01, -2.7909667969260848e-02,
       2.9482568954252945e-02, 5.1656319657245996e-03,
       2.1882221371120604e+01, -3.0802576090376018e+01,
       4.7928912692104209e-01, 2.1576157622271950e+01,
       1.7347051432416052e+01, 1.3517134795160077e+00,
       1.0875265630639046e+00, 1.4019542035789895e-01,
       2.8879794342864457e-01, -5.8779122172079569e-02,
       3.1797244060125032e-02, 6.8719694703283712e-03,
       -3.9180708018973199e+01, -3.9881341143938513e+01,
       2.0452774476563540e+01, 4.7140766985010501e+01,
       1.1469201826714370e+01, -4.6877486707201488e+00,
       -7.5781389955954630e+00, -2.9796994324153152e+00,
       -3.7963073000812608e+00, 8.3626011993866600e-01,
       6.4633176584183688e-02, 1.3905657956756226e-01,
       1.7245850651619193e+01, 1.5640547981076409e+02,
       1.9835761373810706e-01, -8.6007733227572700e+01,
       1.5768050618881039e+01, 1.5980758142001948e+01,
       -4.3997921942585910e-01, 2.3172475133576671e+00,
       1.9003941026576483e+00, 4.2482285068336817e-01,
       -5.6953228205686393e-02, -3.2522776722922843e-02,
       8.1888443103560306e+01, 1.5235445154907948e+01,
       -2.4099254358228173e+01, -3.2276998438880810e+01,
       -2.6487108159836378e+01, -1.9593697571358788e+01,
       8.7332875950091049e-01, -2.3273634826517080e+00,
       2.0366256303508218e-01, -4.1672876186122434e-02,
       1.0573681657663341e-01, -4.6423239542494358e-03,
       -1.5987230283008998e+02, -6.7045611254483589e+01,
       3.5122462255821176e+01, 4.3875765252901402e+01,
       -1.2205464806523089e+01, 2.5833651967994065e-01,
       5.2707361444122691e-01, -1.6411781471861883e-01,
       5.2964077871454829e-01, -2.2802641152661474e-01,
       5.0110936619302777e-02, -7.2069396345607814e-03,
       8.9784995878116987e+01, -7.3248721415695073e+00,
       -1.0783358800500171e+01, 1.1502923601170247e+01,
       1.9229066500291148e+00, 1.3672455422086921e+01,
       -1.1576921035782627e+01, -7.1576886833958264e+00,
       -5.7978847925374124e+00, 2.3187817684110970e+00,
       -3.3696145881544695e-02, 4.7554740543112775e-02,
       4.0015455132925744e+01, 3.9821870461366068e+01,
       -3.1007976020093375e+00, -3.5394594471928514e+01,
       1.0458661283383602e+01, -4.5292392866988429e+00,
       -2.8232405593523464e+00, -2.7383998917363188e+00,
       -3.6164124018297961e+00, -1.1525479112426835e+00,
       -2.6559959167758673e-01, -2.9647740825967425e-02,
       1.3555332556961991e+02, -1.4918324025832099e+01,
       -3.5708202441862539e+01, 1.3401511830679301e+01,
       -4.6251991686864518e+00, 1.1651855949260449e+01,
       -7.5759976752941083e-01, 9.5354391687810369e-01,
       4.7987777549183852e-01, -5.7366726518547809e-02,
       7.6281357433848188e-02, -1.4301595935764440e-02,
       -6.6112502334496943e+00, 1.1581470060153483e+01,
       6.5019263099233926e-01, -6.1357754643285078e+00,
       5.9286667294212529e+00, -1.0460206941497502e+01,
       2.0236879341414289e+00, 1.0354503196070424e+00,
       4.1720305297127952e-01, 1.0967406338044844e-01,
       -7.3557957749507782e-02, 1.7129426780611190e-02,
       1.2981649359226969e+02, 6.0961339420089482e+00,
       -3.4473816706873578e+01, -8.4106796912082160e+00,
       -2.9608455984701907e+00, 1.2165618400950839e+01,
       -9.2261361427090416e-01, 1.6351235288114807e+00,
       -1.3088754438128114e+00, -5.1112240086272542e-01,
       -2.8044407227872537e-02, -3.2981050673839496e-02,
       -1.6722330449670798e+02, 6.1853722610907829e+00,
       3.6273547429211014e+01, 7.3281537148920262e-01,
       -3.1949212472782409e+00, 8.1786173902189123e+00,
       -2.0553076244872019e+00, -3.5671303333590729e+00,
       -1.4278900869386786e+00, 5.8017823446552663e-01,
       -1.9736404412625622e-01, -4.0036223117857712e-02 ]
