%YAML:1.0
means: !!opencv-matrix
   rows: 3
   cols: 19
   dt: d
   data: [ 6.5106459311532461e+01, -6.0363395931013866e+00,
       -1.4755729735456512e+01, 2.2008996749749379e+00,
       3.5018963087194130e+00, -1.5581386459342788e+00,
       6.3872756618057425e-01, 2.1878703640628580e-01,
       3.0736473613653037e-01, -1.2816698848946451e-02,
       4.6936137677220713e-02, 1.5786687836769216e-03,
       3.3225476405019296e-03, 8.8760608188078187e-04,
       8.3502553728070274e-03, 3.1986731917987778e-04,
       6.3772779803081519e-04, 4.9979005354293653e-04,
       4.1219207335094628e-04, -1.3323743836088974e+02,
       -4.9650515541546660e+00, 2.9935497243381398e+01,
       5.5134619677207741e+00, -9.5998230962853146e+00,
       1.1253518037848784e+00, 4.6499545773188100e-01,
       9.0497098567181289e-01, 4.9470020444849361e-01,
       -9.8142049744228202e-02, -3.1082640248353572e-02,
       9.6115007187999573e-03, 2.3088878045378815e-03,
       -6.2237094616139274e-04, -9.4243577995145201e-03,
       -4.0125744367504193e-03, 3.4948620644162459e-05,
       5.6854330642355463e-04, -1.2196453731724260e-03,
       -2.7676435697118484e+00, 3.3845100677353685e+01,
       1.1247163289244770e+00, -1.9515815728197850e+01,
       4.5758243781078702e+00, 4.0567630353696256e+00,
       -3.4600284981702649e+00, -2.6411124999653328e+00,
       -2.1860553532649036e+00, 2.4479148272378401e-01,
       -1.2804706387617323e-01, -2.4936143755528835e-02,
       -1.7753697792991019e-02, -2.2763422494099322e-03,
       -1.5126062953716820e-02, 6.5964715159065983e-03,
       -2.6620544606962494e-03, -3.1652033903507063e-03,
       6.9733029581723499e-04 ]
covs: !!opencv-matrix
   rows: 57
   cols: 19
   dt: d
   data: [ 8.0380040465959937e+03, 6.3209217486835701e+02,
       1.8994972145883671e+03, -1.8290026335408993e+02,
       -9.0967576955752622e+02, 2.8717025150145679e+02,
       -8.7969182876122289e+01, 2.3342000273036337e+01,
       1.5257275220865246e+01, -1.6031150713040061e+00,
       -1.8618413731405230e+00, -1.4422779725579780e-02,
       -2.5326331275956186e-02, -7.0960167558371437e-02,
       -3.0899893231202719e-01, -1.9354050862443448e-01,
       8.7100558865427488e-02, 4.4117995400826462e-03,
       5.8453360690403570e-02, 6.3209217486835746e+02,
       8.2768411230970123e+03, -1.6760796346791304e+02,
       7.4131017812384937e+02, 3.5673716169344466e+01,
       -2.6508137929245470e+02, 3.9812061644063078e+01,
       -1.5835836313828748e+01, 2.5601286448071736e+00,
       -2.3360055657657743e+00, 9.7384292942867179e-01,
       5.5531621584406998e-01, 4.9566557555216210e-02,
       1.1943737262583196e-01, 2.0401287657083123e-01,
       -7.2728400177288904e-02, -8.5750757321911661e-02,
       1.1037519453680969e-02, 4.1137646830105651e-02,
       1.8994972145883671e+03, -1.6760796346791304e+02,
       2.8724682987280125e+03, 4.0268665521475640e+01,
       1.8941741568096140e+02, -5.8673880082519169e+01,
       2.9940517162873970e+01, 1.3335062395658023e-01,
       1.1834669346954929e+00, 3.4597015480556186e+00,
       8.1149834057545500e-02, -1.9311135844643160e-01,
       9.4388688881848329e-02, 4.2555428596013523e-02,
       1.5618148174310836e-01, -1.9333660967710987e-02,
       -2.8044782359671179e-02, 3.4074362845162229e-03,
       -1.7972370048071000e-02, -1.8290026335408993e+02,
       7.4131017812384937e+02, 4.0268665521475640e+01,
       2.2711948987504265e+03, 1.6307828111985849e+01,
       1.3145518639154375e+02, -1.4094605783912131e+01,
       1.7332529092666533e+01, -9.9681564347636964e-01,
       -3.2297435126941303e+00, -3.9917401982852380e-01,
       -2.1106850904161351e-01, -2.1615028153443582e-02,
       -1.1200507395542887e-01, -1.3461195748726199e-01,
       6.7392822674964973e-03, 3.8333473448258035e-02,
       -6.1392134185382675e-03, 3.7022730246743634e-04,
       -9.0967576955752622e+02, 3.5673716169344480e+01,
       1.8941741568096140e+02, 1.6307828111985842e+01,
       4.5817707843062533e+02, 6.0692338092310742e+01,
       -3.6974290204695412e+00, 9.3448176315083025e+00,
       4.4785524089949948e+00, 2.0301906407998649e-01,
       1.0597081656646610e-02, -2.3344945506051297e-02,
       2.6504962002410207e-02, 2.5987128699803217e-02,
       6.6805953500752593e-02, -2.9147818504495146e-02,
       -2.2312727831528600e-02, 2.5552017784120839e-03,
       6.6827757634750941e-03, 2.8717025150145673e+02,
       -2.6508137929245470e+02, -5.8673880082519133e+01,
       1.3145518639154375e+02, 6.0692338092310735e+01,
       2.2211055884633149e+02, 6.6715302084479839e+00,
       1.1167602246662878e+00, -1.0003435970652192e+00,
       -5.8163931831967453e-01, 1.6651785619555903e-01,
       3.3395197952024933e-02, 5.9479201782537700e-03,
       -1.2025399998221551e-03, -3.6556184223555603e-02,
       -3.7070136141689657e-02, -7.6306358057837012e-03,
       -1.8232599343401816e-03, 1.6018889090076024e-02,
       -8.7969182876122261e+01, 3.9812061644063071e+01,
       2.9940517162873970e+01, -1.4094605783912137e+01,
       -3.6974290204695412e+00, 6.6715302084479848e+00,
       2.2915707816000992e+01, -2.8002159615365105e+00,
       -2.8145414206939501e+00, 2.7667072662700676e-01,
       3.3169944415586822e-02, 4.4615543723286702e-02,
       -3.0080245210391023e-02, 7.9313127093072703e-03,
       1.4593439784467096e-03, 2.4479738531796376e-03,
       2.0818618369306441e-03, -2.6080847855671288e-03,
       -3.7220363923085348e-03, 2.3342000273036334e+01,
       -1.5835836313828745e+01, 1.3335062395658059e-01,
       1.7332529092666537e+01, 9.3448176315083025e+00,
       1.1167602246662880e+00, -2.8002159615365096e+00,
       1.5001605001578062e+01, -2.1291460697452345e+00,
       6.2960524121958050e-01, -4.0652217291022190e-02,
       -1.7416738409841124e-02, -1.2820402172453381e-02,
       1.2399316014852643e-03, 2.8164684649823442e-03,
       4.2759527373469851e-03, -4.7816890217428274e-05,
       -8.3061177887592142e-04, 3.0627810652718640e-03,
       1.5257275220865242e+01, 2.5601286448071732e+00,
       1.1834669346954929e+00, -9.9681564347637019e-01,
       4.4785524089949940e+00, -1.0003435970652192e+00,
       -2.8145414206939501e+00, -2.1291460697452345e+00,
       1.5273832305345343e+00, -1.1318760551336671e-01,
       -3.3769529850294772e-02, 6.2713494942897934e-04,
       -1.6912558079411857e-02, -4.3535455861341823e-03,
       -1.8479554066189636e-03, -1.0811058047450973e-03,
       -1.4981736929908151e-03, -3.0703246504407996e-04,
       2.1720180858200068e-04, -1.6031150713040074e+00,
       -2.3360055657657748e+00, 3.4597015480556172e+00,
       -3.2297435126941290e+00, 2.0301906407998641e-01,
       -5.8163931831967430e-01, 2.7667072662700681e-01,
       6.2960524121958050e-01, -1.1318760551336672e-01,
       3.1888388721096983e-01, 1.1645016626460921e-02,
       1.5591747879988085e-03, 9.5621777368193870e-04,
       -1.1660807706556532e-02, 5.1335474489775106e-04,
       2.5234125985062577e-04, -1.8538763450897085e-03,
       -2.8260308631073982e-05, -4.3378389947650278e-05,
       -1.8618413731405237e+00, 9.7384292942867201e-01,
       8.1149834057545500e-02, -3.9917401982852380e-01,
       1.0597081656646594e-02, 1.6651785619555901e-01,
       3.3169944415586808e-02, -4.0652217291022190e-02,
       -3.3769529850294779e-02, 1.1645016626460919e-02,
       1.8979095577313320e-02, -2.7825578107454410e-03,
       2.6863377015951846e-04, -5.4634980041212017e-04,
       -8.2211834173176272e-04, 1.3820758312881241e-04,
       -5.7936862376837660e-04, -3.7230181878496206e-05,
       6.0294770187046669e-06, -1.4422779725579780e-02,
       5.5531621584406998e-01, -1.9311135844643162e-01,
       -2.1106850904161351e-01, -2.3344945506051304e-02,
       3.3395197952024926e-02, 4.4615543723286702e-02,
       -1.7416738409841124e-02, 6.2713494942897988e-04,
       1.5591747879988085e-03, -2.7825578107454414e-03,
       2.2245771685410350e-03, 1.6495913552011697e-04,
       -2.9909622502745207e-04, 5.8650807145689966e-04,
