%YAML:1.0
means: !!opencv-matrix
   rows: 3
   cols: 8
   dt: d
   data: [ 4.3657122110848135e+01, 6.5720098029845644e+01,
       -1.9970680226956123e+01, -2.4610544521564236e+01,
       -5.4170055488330995e+00, -5.4050435196192481e+00,
       -3.9969438655790868e-01, -1.7422382282180598e-02,
       4.8658900344798745e+01, -3.3336810109850774e+01,
       -4.7229455252878285e+00, 1.8393760370312737e+01,
       1.0112220891412329e+01, 7.2320259492135337e+00,
       9.6774031261398663e-01, -2.6718890878759899e-01,
       -1.2812500244568659e+02, -5.5879839459363488e+01,
       3.6064904341645438e+01, 1.3328415282947324e+01,
       -4.8614237605731487e+00, -1.1854953255899208e+00,
       -6.4425882257145028e-01, 3.6987981172205936e-01 ]
covs: !!opencv-matrix
   rows: 24
   cols: 8
   dt: d
   data: [ 1.5504709337154836e+04, -3.4642577699621907e+03,
       9.1553235579781904e+02, 1.3719515450690938e+03,
       -1.6606678583883959e+02, -2.1189537509814332e+02,
       -8.9341711023492394e+01, 2.4592711147366263e+01,
       -3.4642577699621907e+03, 9.4147966291149114e+03,
       1.1744825498876696e+03, 1.0853586422326139e+03,
       6.9996596147394314e+01, 3.0213315859190220e+02,
       -1.5223444930575262e+01, -1.4155026183347395e+01,
       9.1553235579781904e+02, 1.1744825498876698e+03,
       2.9534251914555157e+03, -4.6106178313913978e+02,
       -4.4150507525825518e+01, -4.5353988505276540e+01,
       1.5123453883114198e+01, -3.5656988825024816e+00,
       1.3719515450690938e+03, 1.0853586422326143e+03,
       -4.6106178313913983e+02, 2.5187802889985860e+03,
       1.6990683086006694e+01, -2.3175878223489011e+02,
       -9.6343744263536184e+00, 1.3994377989552921e+01,
       -1.6606678583883959e+02, 6.9996596147394285e+01,
       -4.4150507525825510e+01, 1.6990683086006701e+01,
       1.4057476688586161e+02, -1.9481508997924255e+00,
       -1.0359880600923535e+01, 7.7585807102119935e+00,
       -2.1189537509814338e+02, 3.0213315859190220e+02,
       -4.5353988505276533e+01, -2.3175878223489011e+02,
       -1.9481508997924242e+00, 1.1455744660131519e+02,
       -5.4198178092701683e+00, -1.0896584646956374e+01,
       -8.9341711023492394e+01, -1.5223444930575255e+01,
       1.5123453883114200e+01, -9.6343744263536184e+00,
       -1.0359880600923537e+01, -5.4198178092701683e+00,
       3.5077129558076791e+01, -1.8794442413391848e+00,
       2.4592711147366263e+01, -1.4155026183347401e+01,
       -3.5656988825024816e+00, 1.3994377989552921e+01,
       7.7585807102119935e+00, -1.0896584646956374e+01,
       -1.8794442413391843e+00, 1.7574395504921863e+01,
       7.9243443261156144e+03, -8.7422686250387471e+02,
       2.0786327480202117e+03, -2.0156676309204261e+02,
       -1.1716334299670323e+03, 1.0675824300034154e+02,
       -4.5315563804248654e+01, 2.8399315420059036e+01,
       -8.7422686250387471e+02, 7.7122350997688382e+03,
       6.3462383109360599e+02, 1.6085353616352645e+03,
       1.5826858624122869e+02, -3.5200005188723458e+02,
       -3.8507419327104472e+01, -2.7560160779271072e+01,
       2.0786327480202121e+03, 6.3462383109360576e+02,
       2.7634337164568424e+03, -1.5399864960173170e+02,
       2.6372119638854258e+02, -3.3871667146062400e+01,
       1.4767891252290843e+01, -8.8665526229036153e+00,
       -2.0156676309204261e+02, 1.6085353616352645e+03,
       -1.5399864960173164e+02, 2.2722473485968499e+03,
       -2.2243269318504775e+02, 1.3231968104413696e+02,
       9.6157967922753613e+00, 1.1944736710690149e+01,
       -1.1716334299670320e+03, 1.5826858624122877e+02,
       2.6372119638854264e+02, -2.2243269318504781e+02,
       6.9839223012570778e+02, -1.8443257894810068e+02,
       -2.1271801472759599e+01, -1.3635724566789037e+01,
       1.0675824300034154e+02, -3.5200005188723452e+02,
       -3.3871667146062393e+01, 1.3231968104413696e+02,
       -1.8443257894810068e+02, 2.5897909456200790e+02,
       -1.0181140764181626e+01, 3.9670222007226799e+00,
       -4.5315563804248654e+01, -3.8507419327104458e+01,
       1.4767891252290839e+01, 9.6157967922753631e+00,
       -2.1271801472759602e+01, -1.0181140764181622e+01,
       2.3083725394210894e+01, -4.0577404400623570e-03,
       2.8399315420059036e+01, -2.7560160779271072e+01,
       -8.8665526229036118e+00, 1.1944736710690146e+01,
       -1.3635724566789039e+01, 3.9670222007226794e+00,
       -4.0577404400623804e-03, 1.4222003382813842e+01,
       1.0998397846812590e+04, -3.0570538925090218e+03,
       2.1788989567337921e+03, 3.6946788371672733e+02,
       8.5531346287744145e+02, -6.8662409836005423e+01,
       7.5588363115701483e+01, -8.1996241388736948e+00,
       -3.0570538925090218e+03, 1.2143076183159572e+04,
       1.2045212484541260e+03, 2.6466708416893721e+02,
       3.8783782164228057e+02, 7.7582268102066666e+02,
       1.1728517299629787e+02, 6.7628167140574789e+01,
       2.1788989567337921e+03, 1.2045212484541260e+03,
       2.5514288090973337e+03, -2.1679752685316964e+02,
       -1.9843527811086824e+02, 3.6176279551408271e+01,
       -2.4580321648515969e+01, 1.2679986589139569e+00,
       3.6946788371672733e+02, 2.6466708416893727e+02,
       -2.1679752685316978e+02, 2.6206012923418066e+03,
       -1.1416082196585150e+02, -1.7693331481373926e+02,
       -2.6955477241224706e+01, -3.5631937797175965e+01,
       8.5531346287744145e+02, 3.8783782164228057e+02,
       -1.9843527811086815e+02, -1.1416082196585147e+02,
       3.9644398911380949e+02, 9.6238800049262380e+01,
       2.3940587376725883e+01, 1.1001000981896329e+01,
       -6.8662409836005423e+01, 7.7582268102066678e+02,
       3.6176279551408264e+01, -1.7693331481373926e+02,
       9.6238800049262395e+01, 3.3641370433978148e+02,
       8.2227019138576445e+00, 1.4050008429518293e+01,
       7.5588363115701483e+01, 1.1728517299629790e+02,
       -2.4580321648515962e+01, -2.6955477241224706e+01,
       2.3940587376725880e+01, 8.2227019138576445e+00,
       3.1714933871595779e+01, 3.3886252470570910e+00,
       -8.1996241388736983e+00, 6.7628167140574789e+01,
       1.2679986589139562e+00, -3.5631937797175979e+01,
       1.1001000981896331e+01, 1.4050008429518291e+01,
       3.3886252470570901e+00, 1.5516564888037761e+01 ]
weights: !!opencv-matrix
   rows: 1
   cols: 3
   dt: d
   data: [ 3.9660907179725402e-01, 3.3936163527543362e-01,
       2.6402929292729077e-01 ]
