%YAML:1.0
means: !!opencv-matrix
   rows: 33
   cols: 4
   dt: d
   data: [ -2.3211031029049153e+02, 1.4581859877098435e+02,
       1.1552479306961645e+01, 1.7101952502252352e+01,
       -1.2928217884365731e-01, -1.4479941184528883e+02,
       6.0584021034349668e+01, 2.5200242005926484e+01,
       7.1539950881975386e+01, -5.0303360171957578e+00,
       8.1370376300675005e+01, -3.4691833633515463e+00,
       6.0569412887482734e+01, -5.2718306991092504e+01,
       -3.3469280139482251e+01, -7.3989886020074294e+01,
       2.3720167214427356e+01, -8.2109060511060818e+01,
       -8.0279861219433201e+01, 6.7563368374223991e+00,
       7.6452439162272455e+01, 1.2853062430228524e+01,
       -2.6081040274286256e+01, -3.4212500887621871e+01,
       -1.1856600564354299e+02, 1.0910746340678679e+02,
       5.4375653828709126e+01, -1.0488864255958946e+01,
       1.9330942141126833e+01, 7.9398582344680889e+01,
       -8.8641146826838991e+01, -8.5538461036407902e+00,
       -7.8843607905636247e+01, -5.5822536975247530e+01,
       -3.8802986263530450e+01, -3.4909553893085679e+01,
       -1.3314294853721094e+02, 8.6171884739854576e+00,
       5.8749025548126333e+01, 4.0163503029421548e+01,
       3.7332096629914467e+01, 2.4771608145891921e+01,
       -7.0233010383784674e+01, 6.6577047775994899e+01,
       1.1829503431062251e+02, -1.2568150958579867e+01,
       1.3630838140233121e+00, 5.1766677975412200e+01,
       1.3517987048791741e+02, 1.0956560093068184e+02,
       -2.8068048963635778e+01, 2.3379948293307169e+01,
       1.7234296044020334e+02, -8.4458232554980370e+01,
       4.4532174396483526e+01, 2.3547258689149132e+01,
       -1.0213706687603242e+02, 6.4990866675080895e+01,
       -4.7196316429332967e+01, 7.4384294105829705e+00,
       -1.2940848474329647e+02, -2.6287457046925518e+01,
       -3.6393151528084786e+01, 7.2179836433714755e+01,
       1.1956441644238187e+02, -1.1610233120360418e+02,
       -8.2599466762843772e+00, -4.7075122910875837e+00,
       2.1980554823716585e+02, 7.8825571457999715e+01,
       4.1295953220030810e+01, 2.1566008725202174e+01,
       -1.4674402580444414e+00, 4.2311921617780925e+01,
       1.3449857544618768e+01, 8.3619508572223111e+00,
       -1.4386516973382038e+02, -2.0578868551631658e+01,
       3.7528236330241469e+01, -6.2795445544011720e+01,
       1.7595098228397765e+02, 2.5636701381495337e+00,
       3.2268899087883334e+01, -3.6801086298215466e+01,
       -2.7422601098324765e+01, 1.7508995270369911e+02,
       -3.8254245614375748e+01, -2.3255980570118822e+01,
       -1.0897770899727773e+02, 4.1714581418582831e+01,
       1.0412545362887832e+02, -3.0631414773200508e+01,
       3.0152638044475504e+00, 9.3176277542370471e+01,
       -2.1548686495347282e+00, 5.8574490032050953e+01,
       2.8080616467456675e+01, -5.6303789400908173e+01,
       3.3324501522603427e+01, -3.9599673945111064e+01,
       -7.7629489864548304e+01, -1.6981888899365632e+02,
       -2.3593372694805964e+01, 2.0546874325553784e+01,
       -2.4414213643546935e+02, -7.7961130164956117e+01,
       -2.6601512262132264e+01, 2.8212184348204332e+01,
       -1.3312649311606580e+02, -9.0737012099674814e+01,
       3.1275452874037359e+01, 7.0251382859429569e+01,
       -2.6861747018764777e+02, 4.6923630815929826e+01,
       -5.0139434286965434e+00, -4.3166408527335967e+01,
       3.4700055606076262e+01, 8.5741261222202823e+01,
       -9.3918588100976894e+00, -8.1427204087545348e+01,
       7.9454866973468356e+01, 1.2445937870395147e+02,
       5.0275975516129847e+01, 1.6559033147963412e+01,
       -1.7884186461871900e+02, -1.1349243526291376e+02,
       4.3287932507339612e+01, -1.5471642066284826e+01,
       1.3781754505670162e+02, 6.2924196260470211e+00,
       -5.2984390911242244e+01, -1.7871083416263023e+01 ]
covs: !!opencv-matrix
   rows: 132
   cols: 4
   dt: d
   data: [ 3.2670702527201938e+03, -7.0139382617642767e+01,
       1.4138664802461858e+03, -1.4002128394776344e+02,
       -7.0139382617642738e+01, 3.4712360161465908e+03,
       -1.7498889256278440e+02, -1.4866163824915313e+03,
       1.4138664802461858e+03, -1.7498889256278440e+02,
       1.1696706582705729e+03, 9.8707960805286987e+01,
       -1.4002128394776346e+02, -1.4866163824915311e+03,
       9.8707960805286945e+01, 1.0748900700277261e+03,
       4.8753422156938896e+03, -1.2612814503556194e+03,
       -6.6160621712810541e+02, 1.9337632032669080e+02,
       -1.2612814503556194e+03, 3.7299365152128198e+03,
       1.1779096309219700e+02, 2.2796148601195165e+02,
       -6.6160621712810541e+02, 1.1779096309219698e+02,
       8.1629816042832317e+02, -1.3448879846738112e+02,
       1.9337632032669086e+02, 2.2796148601195159e+02,
       -1.3448879846738112e+02, 4.3762816647774184e+02,
       3.4968899128894018e+03, 1.0898471725893260e+03,
       -6.2245603036296620e+02, -1.0611680907570319e+03,
       1.0898471725893260e+03, 6.3821407000830932e+03,
       -1.5281632971952766e+02, -2.7431641416046267e+02,
       -6.2245603036296620e+02, -1.5281632971952763e+02,
       2.8417098736999714e+02, 2.2292512583889729e+02,
       -1.0611680907570319e+03, -2.7431641416046267e+02,
       2.2292512583889726e+02, 2.5968507107346381e+03,
       4.5064875803823707e+03, -6.0165288741281415e+02,
       1.3598561824097924e+03, 1.4595806858525856e+02,
       -6.0165288741281404e+02, 1.1366186079351473e+03,
       1.8734905429509834e+02, 1.1045821747659222e+02,
       1.3598561824097924e+03, 1.8734905429509840e+02,
       2.4595450744468508e+03, -1.3560002834386867e+02,
       1.4595806858525856e+02, 1.1045821747659220e+02,
       -1.3560002834386867e+02, 1.8800900721484203e+02,
       2.8859532298680292e+03, 1.0945042493730830e+03,
       -1.6236009223608076e+02, -9.2466482113686413e+02,
       1.0945042493730830e+03, 3.6150783588555350e+03,
       4.6881751321558994e+01, 9.4282159413738199e+01,
       -1.6236009223608076e+02, 4.6881751321558966e+01,
       8.0348978454797702e+02, 2.8970805579180484e+02,
       -9.2466482113686413e+02, 9.4282159413738171e+01,
       2.8970805579180484e+02, 1.3115728978258232e+03,
       3.3991745378842370e+03, 2.5606402929622880e+02,
       2.5799659732420714e+03, 1.7623425183501203e+02,
       2.5606402929622874e+02, 4.9614169376744121e+03,
       1.8924297617268414e+02, 2.1086919391027036e+03,
       2.5799659732420714e+03, 1.8924297617268414e+02,
       2.1588190163291479e+03, 1.0502329296796468e+02,
       1.7623425183501209e+02, 2.1086919391027036e+03,
       1.0502329296796468e+02, 9.7655564765467716e+02,
       4.8076704340660517e+03, -9.3318469775402014e+02,
       1.1983922508705605e+03, 7.7556133709025016e+02,
       -9.3318469775402014e+02, 2.7861811441107325e+03,
       5.7098906058361024e+02, 1.3514064065950797e+02,
       1.1983922508705605e+03, 5.7098906058361024e+02,
       1.3129022338294849e+03, 8.6989936409497275e+01,
       7.7556133709025016e+02, 1.3514064065950799e+02,
       8.6989936409497275e+01, 5.8369671744821960e+02,
       2.3752422575428150e+03, 2.5774777487326503e+02,
       -5.6775933170023995e+02, 7.4691395321085781e+02,
       2.5774777487326497e+02, 2.4273800554488994e+03,
       3.5089247560413909e+01, 9.1935934161768500e+02,
       -5.6775933170023995e+02, 3.5089247560413867e+01,
       6.3323536078057225e+02, -3.2810970061230239e+02,
       7.4691395321085793e+02, 9.1935934161768500e+02,
       -3.2810970061230239e+02, 9.2024312654634696e+02,
       2.5342225813144405e+03, 5.5861672967349432e+02,
       4.1846624822127251e+02, 7.0079106280417776e+01,
       5.5861672967349432e+02, 3.5374502863463345e+03,
       6.9747991522499404e+01, -7.1899709588036274e+02,
       4.1846624822127262e+02, 6.9747991522499376e+01,
       6.3994700835142362e+02, 3.2668181459816601e+01,
       7.0079106280417776e+01, -7.1899709588036274e+02,
       3.2668181459816601e+01, 1.1968419511724783e+03,
       4.3377557470657257e+03, -5.5272720340534102e+02,
       9.3935376139513767e+02, 1.2332230715488017e+03,
       -5.5272720340534102e+02, 2.9142095150135692e+03,
