%YAML:1.0
means: !!opencv-matrix
   rows: 44
   cols: 6
   dt: d
   data: [ 1.3288537338034322e+01, -7.7587064113266180e+01,
       2.0559314107491360e+01, 2.7713636498360135e+01,
       1.6832240702637076e+01, 2.3256312492700136e+01,
       -9.3770308721335752e+01, 1.0096349742861915e+02,
       5.6325504140553821e+00, -5.5274395443933791e+01,
       -4.8084848522572038e-01, 4.3133225969742712e+00,
       1.5181205251246499e+02, 6.8789467769069446e+01,
       -4.0566647989220009e+01, 5.1126410917959888e+01,
       -1.2407831018993384e+01, -1.0747884587923833e+01,
       2.6677333557165248e+01, 1.2640099857798981e+02,
       -2.8564408268365732e+01, -5.6959818723625347e+01,
       -1.0140569574345879e+01, 2.1057050948182545e+00,
       -1.7579616512845098e+02, -1.5790079770996084e+02,
       3.0147736151822265e+01, -2.0907407169009222e+01,
       -2.1098936401844693e+01, 7.6291580420498910e+00,
       7.3336628368204970e+01, -9.4964235613813102e+01,
       3.3673159564703170e-01, 5.0992620022168872e+01,
       1.0705398100749061e+01, 2.1944256264992330e+01,
       1.5257262325207711e+02, -1.8643416047173719e+01,
       -2.0623243209867654e+00, -7.1555870954285453e+01,
       -1.1211615048041780e+01, -7.8877460287202661e-01,
       -1.7291011593032079e+02, 6.2496872601913111e+01,
       4.0423177028609373e+01, -1.8091417287982260e+01,
       -7.9669076576201681e+00, -2.1221943247609119e+01,
       1.0386496153348601e+02, -5.1409829348650639e+01,
       -2.1242700068488094e+01, 3.4952810728669448e+01,
       -2.6879601081689568e+01, 2.1623647673522694e+01,
       -1.9139762566097798e+02, -2.7084804304005701e+01,
       4.9063579768334371e+01, 3.4858703530289823e+01,
       -1.3084631846776247e+01, 3.6164227277691063e+00,
       1.3074108103936265e+02, -6.7297409827514642e+01,
       -3.3614515850713033e+01, 3.4703244722758022e+01,
       -2.1715422221192245e+01, 2.5845298337459632e+00,
       4.9075676158885642e+01, 7.6534225126103522e+01,
       6.6265930398608974e+00, 3.9291287526265229e+01,
       1.6374208026687608e+01, -3.9103277886005374e+00,
       -5.1834202721666403e+00, 1.5336203733552836e+02,
       -4.7627358508437055e+01, 7.9860445544471348e-01,
       3.2305373546962364e+00, -8.6471886207681639e+00,
       -1.8601146588127314e+01, 3.9661563157826456e+00,
       -1.0963225772038312e+01, -3.2246172234483076e+01,
       -1.9315332281059145e+01, -1.0786584019956553e+01,
       -1.3466448623329197e+02, 1.2969599341737785e+02,
       1.1202967558155647e+01, -5.3529933958227346e+01,
       -2.5189567474643312e+01, -4.6266024918639905e+00,
       -1.2690881908277896e+02, -4.0715222015923906e+01,
       3.7708849988972510e+01, 3.9295225332094823e+01,
       -1.4652500529192366e+01, 1.9984218362159545e+01,
       -2.1539566786582279e+02, -1.8727900613632797e+00,
       3.7275980293617394e+01, -1.8072834619040894e+01,
       -1.2278534212303876e+01, -1.1427907697003223e+01,
       1.1470544738980014e+02, 1.4925492057031627e+02,
       3.9428684859368786e+01, -2.8610144797289056e+01,
       -2.9933808288666541e+00, -7.5920332147704253e+00,
       6.2027090553898375e+01, -4.5047560571053204e+01,
       4.9869129907949457e+01, 1.2648575567720957e+01,
       3.5880576526885456e+01, -7.7874046108882988e-02,
       6.2357437485004048e+01, -4.4384358985183169e+01,
       -1.9876254478405105e+01, 4.0193529182534093e+01,
       -3.0840267796118372e+01, 3.1191758391176311e+01,
       1.7489784994996290e+02, -5.4331825397040454e+01,
       -5.6632061450761903e+01, -8.1582847374623437e+00,
       -1.3544126468534262e+01, -9.5252208240722567e+00,
       -1.4707965978831485e+01, 8.5530077954048892e+01,
       1.2291437072871415e-01, -3.4019936301102639e+01,
       1.8992497319922951e+01, -2.7171594692881844e+00,
       -1.7036006234005606e+02, 6.4448928227167514e+01,
       2.9773775446460874e+01, -2.5496589442290116e+01,
       -4.4415383562401480e+00, 4.6130341210864492e+00,
       3.1671183452415249e+01, -5.7753865827124313e+00,
       -8.5477625147801675e+01, -4.1609613259080461e+01,
       -8.4277947713472710e+00, 2.0861975022304727e-01,
       1.0474420239492147e+02, 3.9420485689584673e+01,
       -1.2372961637229876e+01, 8.0535795914756960e+01,
       -1.3719764078826801e+01, 1.1923060651738128e+01,
       -1.6023224884498418e+02, -1.3570601681180432e+02,
       5.0579674672770693e+01, 4.4982800255628412e+01,
       -4.1847467696974675e+01, -5.7375084157316447e+00,
       1.5982173047350848e+01, -2.3224458383510446e+02,
       1.0539760661140342e+01, 7.6519825775107520e+01,
       -9.5275669711011413e-01, -3.0680646984775752e+01,
       2.9329353416591456e+01, 3.2760251454033678e+01,
       -3.6271398672079876e+01, -7.6381534314522114e+01,
       9.1868915186879962e-01, -3.0093095624311959e+00,
       -8.2917838931399316e+01, -1.9397441680154230e+01,
       2.4444099857704334e+01, 1.7519208424647090e+01,
       2.1939201277406596e+01, 1.1811434620870585e+01,
       7.5532257880145096e+01, 1.3389349613593086e+02,
       -2.5462709987603553e+01, 1.2237510743664945e+01,
       -7.9498703750311375e+00, -3.4867882845557574e+00,
       7.0474475764272938e+01, -5.9813762892216523e+01,
       -4.0802770559357576e+01, -9.3502509852438909e+00,
       1.1363665639242981e+01, -4.9255378107269321e+00,
       -1.8605444235806215e+02, -1.2296133300039672e+02,
       5.4176282528873728e+01, 4.2932979861333322e+01,
       -3.3661299026911188e+01, -1.4735441925002650e+01,
       5.0180136308716939e+01, -2.4818355199355526e+01,
       -1.6966557080816649e+01, -1.9019124527037064e+01,
       5.8899960212618954e+00, -3.6202711338047685e+01,
       2.2719855581589439e+02, 5.9976318806061313e+00,
       2.9936710108076507e+01, 2.4015640118742403e+00,
       -1.2766191465163004e+01, -8.3138607031888210e+00,
       -6.1847180735634176e+01, -8.2232609292820484e+01,
       -4.6501295779623618e+01, -1.2909014127571316e+01,
       2.6845518169408461e+01, 6.0928436572003513e+00,
       3.7624531721068881e+00, -6.3582000296873915e+01,
       3.3055998108064377e-01, 2.2208744466189646e+01,
       -9.6506925294581798e+00, -1.3091076510796391e+01,
       4.2371083093714486e+00, -1.1923732848150466e+02,
       2.6161413585108530e+01, 4.9944819781636376e+01,
       3.4701227898355810e+01, 1.3426475099121060e-01,
       -1.4692266578997763e+02, -1.0127149311988461e+02,
       1.3584855794494187e+01, -5.2892674154744221e+01,
       4.9348444043499446e+00, 6.0086366660937589e+00,
       1.1408713694428361e+02, -3.3496206495793849e+01,
       4.0909161239252533e+01, -3.2820242517156956e+01,
       9.9701165701646541e+00, 3.8097174381863481e+00,
       -6.7827197911647188e+00, -6.6361233848160701e+00,
       2.2992709971147920e+00, -8.3226374874711215e+00,
       3.7355348610164157e+01, -1.1721736509422286e+01,
       -1.5084570726346357e+02, -2.0459957800346661e+01,
       3.4849562576900517e+01, 3.2979076362769927e-01,
       6.4708856213311006e-01, -1.7845410015474439e+01,
       -4.4456269532635254e+01, 5.0806529588689306e+00,
       1.0202570629597042e+02, -1.6120251859016339e+01,
       3.7483885989089347e+00, 7.8540075192324474e+00,
       -7.8230166301890989e+01, 3.5331307660186766e+01,
       -2.9942643924416586e+01, 6.0603015426475501e+01,
       3.3111771327784687e+01, 1.2117367028657171e+00,
       1.6493550618359200e+02, 6.0694128101452904e+01,
       -4.4798855570799205e+01, -1.3871346074861866e+00,
       -8.6618147054508547e+00, -5.7659526842955682e+00 ]
