%YAML:1.0
means: !!opencv-matrix
   rows: 30
   cols: 3
   dt: d
   data: [ -6.1101452867689133e+01, -2.7718572944824778e+00,
       9.7852412999695517e+01, 2.2761054248672772e+02,
       -3.5965338331051193e+01, -1.9883357688098513e+01,
       -6.2121398664515802e+01, 1.1304048702241609e+02,
       -5.3753627568702960e+01, 1.2253839231378133e+02,
       -6.9210333394029661e+01, -6.9939832578298876e+01,
       -2.6047133656887553e+02, -6.2102553340902261e+01,
       1.4710172371368389e+00, 2.3071685340641114e+01,
       1.8083460602468816e+02, -4.4182502409740820e+00,
       1.0341409505656495e+02, 3.1264420959768739e+01,
       -9.1317716461413667e+00, -1.8675292471845958e+02,
       9.7379319934372560e+01, -5.8608192832022707e+00,
       6.6140402000039415e+01, -2.1389344721644480e+02,
       4.8965184504362284e+01, 2.0230966686904179e+02,
       4.3966466364573925e+01, 2.7834971905170207e+01,
       -7.3570043377142454e+01, -8.8212885933535333e+01,
       -5.1182715607401406e+01, 1.3135574486531161e+02,
       -7.9163470769626471e+01, -2.6878012178423600e+00,
       9.4524485916662101e+01, 1.2290810382007412e+02,
       5.0579387378793164e+01, 6.7695358715772187e+01,
       1.0480390313535264e+02, -5.2324417326461194e+01,
       -8.4289144701641604e+01, 1.7205971074654936e+01,
       -3.8598182731709429e+01, 2.0005913872698155e+01,
       -3.8149918102102099e+01, 1.3443558140402688e+01,
       -2.1069352171793375e+02, -1.5931180878292187e+02,
       1.4016559220797175e+01, 4.8874514634178375e+01,
       -1.1863808355025036e+02, 2.7543669291153037e+01,
       1.4927774616911708e+02, 1.4000871811901527e+02,
       1.2582890110953199e+01, -7.0050173123926157e+01,
       4.4021472797510917e+01, 4.7736646345619455e+01,
       -2.3212572834284845e+02, -1.8315547510883206e+01,
       -2.4165655110231484e+01, -1.4797878430539157e+02,
       -6.6477153506802338e+01, 7.7976338682927334e+01,
       -4.0380054999051900e+01, -1.3870130817809067e+02,
       -2.4786212903371382e+01, 2.2511854939422854e+01,
       6.2181733138600457e+01, 3.0621218949321275e+01,
       1.9277382258654892e+01, 1.7533910920455259e+01,
       -7.4197541523427461e+01, -1.3361033492432088e+02,
       -4.3801517163948120e+01, 3.2467565552911303e+01,
       -1.2307064711360728e+02, 1.9066058671287075e+02,
       -5.3967947940206649e+01, -7.4913307699430888e+01,
       1.5617730188719457e+02, 5.4864142459721634e+01,
       1.3425266572501766e+02, -4.0249059309727876e+01,
       6.1217966236880599e+01, 3.5021848108146237e+01,
       -9.5540685734836188e+01, -7.8619540949572979e+01 ]
covs: !!opencv-matrix
   rows: 90
   cols: 3
   dt: d
   data: [ 2.1073818160077390e+03, -4.2745598092513490e+02,
       -4.3981570643738411e+02, -4.2745598092513490e+02,
       9.6009148591339363e+03, 4.9587755052217869e+02,
       -4.3981570643738411e+02, 4.9587755052217881e+02,
       5.4323664907980321e+02, 2.2954696073461955e+03,
       -1.0143050695495475e+02, 5.4499765589021888e+02,
       -1.0143050695495475e+02, 4.6932339791890072e+03,
       2.1258569094238075e+02, 5.4499765589021888e+02,
       2.1258569094238069e+02, 7.1616611754892119e+02,
       2.4157692465170535e+03, 4.5416105351214588e+02,
       -2.7409781967954740e+02, 4.5416105351214588e+02,
       3.2032812482625304e+03, -7.7474590641905394e+01,
       -2.7409781967954740e+02, -7.7474590641905408e+01,
       1.1118278567542609e+03, 2.6003680222006242e+03,
       8.4433880161789645e+00, 6.9822066569636695e+02,
       8.4433880161789769e+00, 3.0283660990096505e+03,
       1.4568269435675711e+02, 6.9822066569636695e+02,
       1.4568269435675711e+02, 1.6743312318932985e+03,
       2.2474641343110484e+03, -5.2662974145926955e+02,
       6.1903485953480856e+02, -5.2662974145926955e+02,
       6.6026299362078034e+03, 1.0132395769370567e+03,
       6.1903485953480845e+02, 1.0132395769370567e+03,
       7.0895288531600102e+02, 2.8007944624358101e+03,
       5.5008940268328409e+01, 3.2673875682784649e+02,
       5.5008940268328395e+01, 3.4101963567883245e+03,
       1.8107276216366637e+02, 3.2673875682784643e+02,
       1.8107276216366631e+02, 1.2997208945085899e+03,
       3.1685560225539839e+03, 2.4254426787333460e+02,
       2.1924934640686718e+02, 2.4254426787333463e+02,
       1.9038516390510765e+03, -6.4883169943440620e+01,
       2.1924934640686718e+02, -6.4883169943440606e+01,
       1.6103555507316412e+03, 2.7382006443503060e+03,
       1.9546774917119961e+02, 6.2747314380505679e+02,
       1.9546774917119961e+02, 3.9461208360276878e+03,
       5.2137032957611439e+02, 6.2747314380505679e+02,
       5.2137032957611450e+02, 1.6386409089474969e+03,
       2.5103341327417220e+03, -7.9131409160040425e+02,
       7.9618080572537417e+02, -7.9131409160040425e+02,
       6.3365291645073494e+03, 1.0336043506609415e+03,
       7.9618080572537406e+02, 1.0336043506609415e+03,
       8.9859292791674488e+02, 3.8661878017629647e+03,
       8.6110135956042677e+02, -1.9950065490021052e+02,
       8.6110135956042677e+02, 5.6544748777955510e+03,
       3.9787842129792949e+02, -1.9950065490021052e+02,
       3.9787842129792949e+02, 3.9360673234222241e+02,
       2.2055953598136302e+03, -3.8958599875484379e+02,
       1.4862486756778652e+00, -3.8958599875484379e+02,
       3.4101445168275172e+03, -4.2354706805378726e+01,
       1.4862486756778641e+00, -4.2354706805378726e+01,
       6.8697655864622959e+02, 1.9778999344683691e+03,
       -4.1234051463193930e+02, 8.9856638355041980e+02,
       -4.1234051463193930e+02, 3.8553660343733404e+03,
       2.9494778622105105e+02, 8.9856638355041980e+02,
       2.9494778622105110e+02, 8.2432231896972678e+02,
       2.5148394713456232e+03, -6.5965740782506521e+02,
       -3.8493690642467737e+02, -6.5965740782506521e+02,
       4.8576385767793881e+03, 5.3788484665340377e+02,
       -3.8493690642467737e+02, 5.3788484665340377e+02,
       6.0990082681894739e+02, 3.6437273352464299e+03,
       6.6717961954336590e+02, 3.6568254076523516e+02,
       6.6717961954336556e+02, 2.5176196012226987e+03,
       2.2461594671564299e+02, 3.6568254076523522e+02,
       2.2461594671564293e+02, 1.5050214274869372e+03,
       3.5678860346127799e+03, -7.4126927607521304e+02,
       9.0201629753884248e+01, -7.4126927607521304e+02,
       2.2688322797423734e+03, -2.0771588818405681e+02,
       9.0201629753884248e+01, -2.0771588818405681e+02,
       1.2261249629178478e+03, 2.9466163590113620e+03,
       1.7631856650814646e+02, 5.6341246368381962e+02,
       1.7631856650814646e+02, 2.1367424793158229e+03,
       -2.2968283318786919e+02, 5.6341246368381962e+02,
       -2.2968283318786922e+02, 1.2644588442257852e+03,
       3.3721881994451960e+03, 4.5750116471034687e+01,
       1.2302503712433602e+03, 4.5750116471034701e+01,
       3.8574564092635283e+03, 3.9396218361147191e+02,
       1.2302503712433602e+03, 3.9396218361147191e+02,
       9.1727931278425365e+02, 2.3835741789584722e+03,
       -2.7780774320508624e+02, 9.7555114612181262e+02,
       -2.7780774320508630e+02, 3.1384083835601450e+03,
       2.2703524483581148e+02, 9.7555114612181262e+02,
       2.2703524483581151e+02, 1.1356050496275502e+03,
       3.0929414228156834e+03, -4.3855702892643194e+02,
       -4.3812806536267709e+02, -4.3855702892643183e+02,
       4.2004983265496794e+03, 9.0081309306748517e+02,
       -4.3812806536267709e+02, 9.0081309306748517e+02,
       1.0263331268208569e+03, 3.0033554313478498e+03,
       -2.5661252631699074e+02, 5.4947787905822577e+02,
       -2.5661252631699074e+02, 1.9530384934751889e+03,
       1.5965992752090668e+02, 5.4947787905822565e+02,
       1.5965992752090668e+02, 1.1203872021675654e+03,
       3.7540493614293027e+03, -2.1475197152569690e+03,
       -1.9001490245810038e+02, -2.1475197152569690e+03,
       6.6967532192952858e+03, 7.3943470411550732e+02,
       -1.9001490245810035e+02, 7.3943470411550720e+02,
       4.8810016126300553e+02, 2.5679168592450528e+03,
       -1.7222825287928245e+03, 9.2237343087657882e+02,
