%YAML:1.0
means: !!opencv-matrix
   rows: 35
   cols: 5
   dt: d
   data: [ 2.1874515173971322e+01, 4.2774210935008252e+00,
       2.2313038268964483e+01, 3.2630636056910099e+01,
       3.7902630579979966e+00, 1.6028878519021245e+02,
       -4.7806115499472590e+01, 3.4392802784185619e+01,
       5.2234606571599500e+01, -1.3362319046491922e+00,
       -1.7505870207337213e+02, -4.0343414824879986e+01,
       2.7320103660436935e+01, -5.3704963999474373e+01,
       -5.5830671038082507e+00, 2.5697887200915325e+01,
       7.2770887819743365e+01, -2.1928211037758764e+01,
       2.2907807129909234e+01, 1.8190830124914616e+01,
       1.1085458666296280e+02, -4.6519030952654546e+01,
       -8.6980927018060825e+01, 5.3400657000130041e+00,
       -1.2566111127029263e+01, 1.1381912620014572e+02,
       1.2189006000823238e+02, 2.2505591053130097e+01,
       -1.7453502013838424e+01, -4.0198553635482321e+00,
       -4.1673354612604314e+01, 1.0673919683068024e+02,
       6.7209064554683451e+01, -2.4321350674365156e+01,
       5.7760945074348147e+00, 1.2255544681474701e+02,
       -8.9745683831936049e+01, 1.0801393189703306e+01,
       -6.2205079870518027e+01, -4.6175096137775334e-01,
       -1.8470444537263279e+02, -1.8155247574131135e+02,
       2.7478034252135323e+01, -2.5460778562568475e+01,
       -2.1555382214960400e+01, 1.0333984420944726e+02,
       -2.0406216358980931e+01, 7.3015217192551447e+01,
       -3.0370173563104870e+00, 2.9026196123233881e+01,
       -1.8894998633339335e+02, 7.0150878898879867e+01,
       4.5105804940567509e+01, 1.8141694737439963e+01,
       -5.8212935544387356e+00, 2.1795106637576049e+02,
       -4.9554926603247608e+01, -1.7605111808084988e+01,
       -2.1192550703937719e+01, -1.3618236901524771e+01,
       1.6121170351623459e+02, 2.6310198254870645e+01,
       4.1900471631846067e+01, -3.2282331390343558e+01,
       -9.7594168233408460e+00, -1.4619263711008731e+01,
       -7.8781714281442120e+01, 1.7091942132437726e+01,
       4.0891641905181189e+01, 3.6697314937001352e+01,
       -1.7422994043874212e+02, 5.1882019623163210e+01,
       -3.9370557491990361e+01, -3.7816389820616628e+01,
       6.9930051412673544e+00, -2.5316499667704781e+02,
       -6.9534308842520645e+01, 3.3524689474326261e+00,
       4.3634372688854370e+01, -2.3430928736871934e+01,
       -1.0343180919721931e+02, 3.3028814520318235e+01,
       5.1721075820026876e+01, 5.7551870728723507e+01,
       1.7007972067161825e+00, -1.3651378920129818e+02,
       -7.7797618063309599e+01, 8.9769975851490145e+01,
       2.1242566484555024e+01, -2.9084092524513359e+01,
       9.7619591313116487e+01, 8.0481525739888440e+01,
       -6.9176549755361137e+01, 5.3322526111426541e+01,
       -8.1644450131344435e+00, -4.8365343324817779e+01,
       1.2479637731968123e+02, -6.2921485828428088e+00,
       -5.8089880517982131e+01, -1.8253030739335259e+01,
       -1.2126020874932436e+02, 1.7754492152574235e+02,
       -1.0059313983581728e+01, 1.5410212852089387e+01,
       1.1344593285126567e+01, 1.0043511717316620e+02,
       -4.5999073965605085e+01, -2.0981339649771833e+01,
       3.6347181771112552e+01, -2.7534883592561439e+01,
       -1.2278695653468189e+02, -5.2244985943466496e+01,
       -1.3997797425333498e+01, 4.0545815999167392e+00,
       1.8461069844895643e+01, 4.1795684110901803e+01,
       -1.6580320715607829e+02, -1.2698581024664241e+01,
       5.5962660362894621e+00, -1.3556277290851844e+00,
       -3.6520013223384588e+01, -7.7938531833417954e+01,
       6.8552248186809138e+01, -1.5516101985450447e+01,
       5.5265533570755254e+00, 4.0614962487366661e+01,
       -3.4354591204385876e+01, -4.3014553923019854e+01,
       7.8024873985645698e+01, 3.6797027996409409e-01,
       6.7819699607357919e+01, -2.0599025010201235e+01,
       -4.0873918126869576e+01, -4.3582819537930334e+01,
       2.9281813048603929e+00, 6.0478844698346244e+00,
       -1.0889016498667179e+02, -9.2543788533231996e+00,
       -2.5362135926565479e+01, 3.3761617461960576e+01,
       -8.0260813655822616e+01, 2.1094718307661370e+01,
       -4.4911227404092287e+01, 4.7930334900221013e+01,
       1.7955147884152421e+01, 2.1718245541123628e+02,
       7.6795377817603423e+01, 4.5558055755831681e+00,
       4.1686316037623484e+01, -1.3177866560263992e+01,
       1.6164344743400076e+01, 1.9994834747506010e+02,
       -1.3038806280935150e+01, 9.1233903996565235e+00,
       1.4538290061764989e+00, 1.3899523236941919e+01,
       -2.3226381799745621e+02, 8.4539035271362870e+00,
       7.4013323348846583e+01, -2.4759967815964079e+00,
       -6.3990630099109673e+01, -7.1360514434061500e+01,
       -6.3616293191985747e+01, -3.9889227831844856e+01,
       1.2615422476453046e+01, -3.8222937789340406e+01,
       9.1043159338591579e+01, -6.5255154909020263e+01,
       -4.3168047364966881e+01, -3.4614575804342369e+00,
       -1.1564934101652497e+01, 7.3537165598631189e+00,
       3.6065555494141051e+01, -9.0106086266535343e+01,
       4.9304280969949046e+00 ]
