%YAML:1.0
means: !!opencv-matrix
   rows: 11
   cols: 16
   dt: d
   data: [ 1.2260697820964261e+02, -4.1618279666015411e+01,
       -2.7505320121250840e+01, 3.4686389386361171e+01,
       -1.9723408713320911e+01, 9.4773365425173424e+00,
       -3.7799185627712095e-01, 3.3801690102259918e-01,
       -4.6112840370159641e-02, 2.8230481761671528e-01,
       2.5223435328364419e-01, -1.2793344311461716e-02,
       -2.3218314667957153e-03, -4.4894808517204773e-05,
       8.9659000075149320e-03, -3.0644524640195694e-03,
       -1.5288421725031310e+02, -1.4069202362219912e+01,
       4.1085769785657192e+01, -1.8987513443768682e+00,
       -3.5925641447832444e+00, 5.6582690903376234e+00,
       7.3609699892775537e-01, 1.2827815818200368e+00,
       -8.0868551610613193e-01, -4.8011651465217381e-02,
       -8.3665708336720969e-03, 2.6952153892626013e-03,
       2.9426184265737452e-03, 1.5713634204221085e-03,
       -1.1148597604147084e-02, -1.1101383050013290e-02,
       1.3119128417337330e+02, -2.9604037804334151e+01,
       -3.1244704663419974e+01, 2.7170809249365377e+01,
       -9.8994765924626282e+00, 8.3025940939326581e+00,
       9.1735104128625333e-01, 1.5624791632064747e-01,
       -2.2372523039414038e-01, -1.4874123582763948e-01,
       -3.7227639808845324e-02, 1.7929101916854252e-02,
       -1.3613589485382151e-04, -8.6596355204370118e-03,
       2.0108352357401365e-02, 2.4172402568601492e-03,
       1.2912606632212829e+00, -1.1153431515018404e+02,
       8.7018497835012525e+00, 3.3604189860583638e+01,
       1.0794652958482921e+01, -1.5580602537454205e+01,
       -2.3858543036150124e+00, 7.9446015505249779e-01,
       2.4020238472523361e+00, -1.1047567704428121e+00,
       -3.8918179877309077e-02, -7.6516677583425494e-02,
       -2.5978798282737924e-03, -7.5774168623465553e-03,
       -1.1912570674822048e-02, -3.2464017359704949e-03,
       8.7259754535135471e+01, 9.3370438926725726e+01,
       -3.5241883365467693e+01, -3.0115326054756679e+01,
       -9.9671798932160165e+00, -1.3454837660229833e+00,
       9.7794429717934050e-01, 1.9478538237970375e-01,
       -4.9295916704309645e-01, -1.1134981206417126e-01,
       1.2173307758829596e-02, -1.9301611079144410e-02,
       2.6085490782923517e-03, 1.1465576408894011e-02,
       -3.0536639274058114e-02, -3.0485891454094987e-03,
       -1.8126499569691907e+02, -1.8746701391283171e+01,
       3.3213636927695603e+01, -1.1767702662305673e+01,
       -2.9046902010690783e+00, -3.9990001313206531e+00,
       -2.5683002613923693e+00, -1.7058565030932965e-01,
       4.2732388094541465e+00, 7.3475155114675483e-01,
       -1.6080521753583266e-01, -8.4997783891698347e-02,
       -4.7366275102238304e-03, 1.2609989838556582e-02,
       2.6290569171693468e-02, 1.5667729371032762e-02,
       4.2962231689347419e+01, 5.0835928476099745e+01,
       -8.9461045813601707e+00, -2.5525327052925068e+01,
       -2.1071036322631684e+00, -8.5117473416216907e+00,
       -8.8993932516594150e+00, 3.1343502433014420e-01,
       6.5582256026448755e+00, 1.5134819560945740e+00,
       4.3221297670753417e-02, 2.2317911301389246e-02,
       -4.9961207329770614e-02, 3.4041308578556938e-02,
       -2.2705167420427507e-02, -2.7645122733876157e-03,
       -1.1955308576229903e+02, 1.1397437850071240e+02,
       9.9961668430153239e+00, -5.3072632055693276e+01,
       -1.0847439456847756e+01, 1.1077971107321114e+00,
       6.3199250507170746e-01, -5.4143343403626387e-01,
       -3.9779604943406449e-01, -2.2188920274927826e-01,
       1.1196272292796887e-01, -3.1395383933759194e-03,
       2.6167541722319416e-03, -2.9656698406909320e-04,
       -4.0207545638673032e-03, 1.0900318802306384e-02,
       -1.7222605671956455e+02, -1.2019748444058214e+02,
       4.8878810276498278e+01, 4.2521062257336190e+01,
       -3.6139241753447799e+01, -6.0556356976125079e+00,
       -3.8933963032853334e+00, -1.1105233890760959e+00,
       -9.4991738229497247e-01, -5.9985735087079918e-02,
       1.3609574648777392e-01, 3.7351978170937154e-02,
       -5.3445819202296383e-03, -5.5343768637950196e-03,
       5.8403000716290357e-03, 1.0851375934476182e-02,
       -3.6486025337771011e+00, -2.7987318113459164e+01,
       1.2695784218099933e+00, 9.2223070547580051e+00,
       -1.1866411892343294e+01, -7.7046211812984779e+00,
       5.8761493757970729e-01, -4.1844212469750180e-01,
       -1.3163357513242608e+00, 1.7325699737570460e-01,
       -3.0233291043147503e-01, 1.1258790375677801e-02,
       5.5184707214670139e-03, 6.0318125462285989e-03,
       -1.4949935900453059e-02, -1.9601366627650520e-03,
       2.2373605738627578e+01, 1.9149548472321660e+00,
       2.4740387802565655e-01, -2.0046629297236276e+00,
       2.1748292067217992e+01, 9.6605921520968099e-02,
       8.6666625416570731e-01, -6.6172611789196767e-01,
       -3.8956473586587431e-01, 7.8444771542062905e-02,
       1.9974479304097372e-02, 1.8092684676049752e-02,
       3.0860345612474297e-03, -6.9017384790301629e-03,
       1.6670926122549889e-02, 2.8595969712811326e-03 ]
