%YAML:1.0
means: !!opencv-matrix
   rows: 11
   cols: 7
   dt: d
   data: [ 3.9876702774757234e+01, 2.9551360556135396e+01,
       -6.3184184018675049e+00, -1.0728486179199567e+01,
       2.2898630554724139e+01, 6.4202902342126922e-01,
       1.2714709270291729e+00, -9.1902491393440286e+01,
       -1.0499572523849781e+02, 1.4751944076520596e+01,
       6.8015802825411541e+01, -1.3694047457305400e+01,
       -1.4251768584496609e+00, 1.0385269562292934e+00,
       -1.4473587137088887e+02, -3.9636628164769760e+01,
       3.5698262158276222e+01, 2.5795502018746806e+01,
       -1.9738581446480656e+00, 1.0443114927404300e+00,
       1.7651116195475831e+00, -4.1702832047363543e+01,
       -2.9379183311409204e+01, 1.7651600213897442e+01,
       1.8385597926936168e+01, 2.0147257879212276e+01,
       -7.5728671947989765e+00, 1.2944849125312163e-01,
       8.1634945431284549e+01, 1.5855207292917230e+01,
       -2.3667795192835030e+01, -3.2581440097986182e+01,
       -2.6153844781405251e+01, -1.9855617716062675e+01,
       9.7798432558812032e-01, 7.6802684890516097e+00,
       9.8980086875840584e+01, 3.6318203024595617e+00,
       -6.1841188163522581e+01, 9.7258246832721866e+00,
       -3.4214514136046024e+00, -2.4464332388392385e-01,
       -2.1166422852572788e+02, -1.2064227306900606e+00,
       4.7544660592124728e+01, 8.1175021174174873e+00,
       -1.0967651802843474e+01, 1.0259340249431792e+01,
       -1.1533452113078948e+00, -1.7667364332238520e+02,
       7.0269346113855818e+01, 3.9080479088900823e+01,
       -4.2316820814269136e+01, -1.5449777324941406e+01,
       3.5527962724488700e+00, -1.9338111082876923e+00,
       1.5252693466939061e+02, 7.6615657114203684e+00,
       -4.2671116255961060e+01, -2.4974391566891301e+00,
       -6.5566305067695323e+00, 1.2059500880190464e+01,
       -1.0887830422086443e-01, 8.0610904016294143e+01,
       -1.2647311503126326e+00, -1.4844924710124484e+01,
       -2.0546494808051610e+00, -5.3619193342193165e+00,
       2.7088547773313505e+00, -2.8414670111541733e+00,
       7.4695926190408045e+01, -7.0443433880203031e+01,
       -2.1906417571655183e+01, 4.7441310181620594e+01,
       -2.6708933432112612e+00, 7.5185106380668749e+00,
       4.9587320740823315e-01 ]
covs: !!opencv-matrix
   rows: 77
   cols: 7
   dt: d
   data: [ 6.0241896129502629e+03, 3.8648789619074961e+02,
       2.3512976243963421e+03, 3.7055318458792343e+01,
       -7.0902207566890343e+02, 1.0517284291733976e+02,
       -2.9354349589146970e+01, 3.8648789619074955e+02,
       7.2844362679379810e+03, -6.4682374639712776e+01,
       1.3194961305615982e+03, -8.6701023128332579e+01,
       -3.4519228356823226e+02, 3.8467997938820162e+01,
       2.3512976243963421e+03, -6.4682374639712776e+01,
       2.6723744784282003e+03, -8.2143289970433415e+01,
       1.2535195646284652e+02, -3.9535272458905695e+01,
       1.9090210768052966e+01, 3.7055318458792328e+01,
       1.3194961305615984e+03, -8.2143289970433472e+01,
       1.6721065990220088e+03, -5.7744304529228238e+01,
       1.1079726856397807e+02, -2.4164441016871642e+01,
       -7.0902207566890343e+02, -8.6701023128332537e+01,
       1.2535195646284652e+02, -5.7744304529228238e+01,
       2.6650549066030561e+02, -2.4707301483837693e+01,
       -1.9934492920671079e+01, 1.0517284291733975e+02,
       -3.4519228356823226e+02, -3.9535272458905695e+01,
       1.1079726856397804e+02, -2.4707301483837686e+01,
       1.4865143316582368e+02, 6.3400323954799882e+00,
       -2.9354349589146963e+01, 3.8467997938820147e+01,
       1.9090210768052959e+01, -2.4164441016871642e+01,
       -1.9934492920671076e+01, 6.3400323954799900e+00,
       2.0865349235767049e+01, 8.9376468072252883e+03,
       1.2614575863345421e+02, 2.1522745112937914e+03,
       2.5355828029034092e+02, 2.6739261019853973e+02,
       -6.1544360690955266e+01, 9.0040164714877235e+01,
       1.2614575863345418e+02, 6.2654809668072949e+03,
       6.5431869011818984e+00, 2.1963057238831202e+03,
       -9.3421585754413684e+01, -2.6428744085430004e+01,
       8.3552622426577202e+01, 2.1522745112937914e+03,
       6.5431869011818860e+00, 2.7375335940643499e+03,
       -2.1739939545744296e+01, -1.6453555237517776e+02,
       3.6262197413742257e+01, -2.5049543265970165e+01,
       2.5355828029034092e+02, 2.1963057238831207e+03,
       -2.1739939545744278e+01, 1.1750614677574883e+03,
       -3.1382716057726057e+01, -1.2896532351994330e+02,
       -3.9158549515243017e+01, 2.6739261019853973e+02,
       -9.3421585754413726e+01, -1.6453555237517776e+02,
       -3.1382716057726057e+01, 6.5661143385302822e+01,
       -1.8962428136374768e+01, 1.0992971042078654e+01,
       -6.1544360690955287e+01, -2.6428744085430004e+01,
       3.6262197413742236e+01, -1.2896532351994330e+02,
       -1.8962428136374765e+01, 4.9679664656788155e+01,
       2.0146126758522435e+01, 9.0040164714877235e+01,
       8.3552622426577202e+01, -2.5049543265970168e+01,
       -3.9158549515243010e+01, 1.0992971042078654e+01,
       2.0146126758522431e+01, 2.1018602902933150e+01,
       6.1084254762651635e+03, 3.3319981841375926e+02,
       3.1575979865740264e+03, 1.3714465823589174e+02,
       1.5902927181787510e+02, -1.6067536442622523e+02,
       6.6855828589010414e+01, 3.3319981841375943e+02,
       8.0232814647172881e+03, -3.4384312442250554e+01,
       1.3227040948217682e+03, 1.0971029164134288e+01,
       2.5577198202986591e+02, 3.5740109178634476e+01,
       3.1575979865740264e+03, -3.4384312442250575e+01,
       2.2036722588428111e+03, -4.9534596810454389e+01,
       -2.0362737889628100e+01, -4.3063601676018010e+01,
       -1.0519280869746405e+01, 1.3714465823589177e+02,
       1.3227040948217682e+03, -4.9534596810454424e+01,
       1.3799457149225536e+03, -6.8084081017841200e+01,
       -7.7862083289766517e+01, -2.1912376104773259e+01,
       1.5902927181787510e+02, 1.0971029164134290e+01,
       -2.0362737889628097e+01, -6.8084081017841200e+01,
       7.8413739127938882e+01, -7.5144873400533925e+01,
       3.7664727134431359e+00, -1.6067536442622523e+02,
       2.5577198202986591e+02, -4.3063601676018017e+01,
       -7.7862083289766531e+01, -7.5144873400533925e+01,
       2.4687187531234042e+02, 1.2242407725754889e-01,
       6.6855828589010414e+01, 3.5740109178634469e+01,
       -1.0519280869746405e+01, -2.1912376104773262e+01,
       3.7664727134431346e+00, 1.2242407725754850e-01,
       2.1727324183107051e+01, 6.1692144061471099e+03,
       9.9495865678434527e+01, 3.0112317914586342e+03,
       2.1325083599577829e+02, 9.5061011104684084e+01,
       2.3585054089377221e+02, -2.7371549801001539e+01,
       9.9495865678434512e+01, 8.3386611110605118e+03,
       4.0289282366822494e+00, 9.3454384484113245e+02,
       1.8827150751464649e+02, -2.2152297604526785e+02,
       4.0472067137236635e+01, 3.0112317914586351e+03,
       4.0289282366822494e+00, 2.5734732105708194e+03,
       -9.9645558253166428e+01, -1.0301598119302967e+02,
       -2.7465381771549580e+01, -1.2665597198596542e+01,
       2.1325083599577835e+02, 9.3454384484113245e+02,
       -9.9645558253166385e+01, 2.0224290734538952e+03,
       -2.1042438452840904e+02, 3.2784654622421108e+01,
       -3.7303845601854846e+01, 9.5061011104684084e+01,
       1.8827150751464649e+02, -1.0301598119302972e+02,
       -2.1042438452840904e+02, 1.5423390823746823e+02,
       -1.7100909856852047e+00, -2.5768135805996994e+01,
       2.3585054089377229e+02, -2.2152297604526785e+02,
       -2.7465381771549580e+01, 3.2784654622421108e+01,
       -1.7100909856852053e+00, 1.1590021048684959e+02,
       1.8008332970721245e+01, -2.7371549801001528e+01,
       4.0472067137236650e+01, -1.2665597198596542e+01,
       -3.7303845601854846e+01, -2.5768135805996987e+01,
       1.8008332970721249e+01, 3.6889570513398084e+01,
       4.0973165875578052e+03, 8.5364606336278854e+01,
       3.0862278740345914e+03, 1.4542533656545683e+02,
       -1.0353836265625127e+02, -2.3521550081891053e+01,
       -5.3333693003963511e+01, 8.5364606336278811e+01,
