%YAML:1.0
means: !!opencv-matrix
   rows: 8
   cols: 1
   dt: d
   data: [ -2.5850600263885173e+02, 8.2470485486742021e+01,
       -1.0252473587883205e+02, 2.4891121916849407e+01,
       2.0449935402040117e+02, -3.3016078465889827e+01,
       1.4321272580099733e+02, -1.7939000227149668e+02 ]
covs: !!opencv-matrix
   rows: 8
   cols: 1
   dt: d
   data: [ 2.3496127615034375e+03, 9.1713468072753915e+02,
       1.3125781643568046e+03, 9.8168324896420233e+02,
       2.0039293350507510e+03, 1.1229463844475358e+03,
       1.2122830083237495e+03, 1.8018172695946480e+03 ]
weights: !!opencv-matrix
   rows: 1
   cols: 8
   dt: d
   data: [ 6.3479687877358804e-02, 1.7353207509812024e-01,
       1.3793733011799800e-01, 1.6600929733231568e-01,
       7.4044391753394972e-02, 1.5006283281537794e-01,
       1.3659200203344357e-01, 9.8342382971969247e-02 ]
pca_proj: !!opencv-matrix
   rows: 1
   cols: 21
   dt: f
   data: [ 4.36961316e-02, 8.50134730e-01, 1.73015636e-04,
       6.54514134e-02, 4.60692108e-01, 2.29939164e-04, 7.67599978e-03,
       1.46649793e-01, -1.37564148e-05, 1.21663406e-03, 1.30500361e-01,
       -5.45994153e-05, 8.06188770e-03, 1.42052382e-01, -2.12945142e-05,
       -2.45414903e-05, 9.56867734e-06, -1.94090262e-06, 3.13729906e-05,
       4.34020360e-04, 2.32224409e-07 ]
pca_mean: !!opencv-matrix
   rows: 1
   cols: 21
   dt: f
   data: [ 2.07625534e+02, 2.55653595e+02, 1.54502928e+00,
       2.18915131e+02, 2.60592743e+02, 1.67241716e+00, 2.65274475e+02,
       2.24016678e+02, 1.71669352e+00, 3.19420807e+02, 1.63929108e+02,
       1.75046074e+00, 3.16613464e+02, 2.25532654e+02, 1.70717156e+00,
       1.08872897e-04, -9.74175637e-05, 6.24380555e-05, -2.17504916e-04,
       -2.50119597e-01, 1.75055194e+00 ]
gamma: !!opencv-matrix
   rows: 8
   cols: 1
   dt: d
   data: [ 9.0813202216826894e-01, 8.2525985012214298e-01,
       8.4290017377781734e-01, 8.0542488177432214e-01,
       8.9185450778641218e-01, 8.1124816907350394e-01,
       8.5956449590725326e-01, 8.8124719373179428e-01 ]
