%YAML:1.0
means: !!opencv-matrix
   rows: 39
   cols: 7
   dt: d
   data: [ 4.7827738703039174e+01, 5.9202455906963770e+01,
       -1.0026289007579342e+01, -4.4214657589761252e+01,
       1.6118055204599454e+01, -1.7828581420556798e+01,
       3.2037033465693399e+00, -1.7875853027941841e+02,
       1.1314873463540785e+02, 2.9410088768458934e+01,
       -6.7083749919956134e+01, -3.3883599900078949e+01,
       1.4017204754486498e+01, -4.5364304109690536e+00,
       6.4376712015801417e+01, -1.0245529344180360e+01,
       -2.7315853873322052e+01, 4.0195396379137822e+00,
       1.3166552958016233e+01, 8.8993743287857914e+00,
       7.3459302427691253e-01, -1.9269450013799101e+02,
       3.6373070736986890e+01, 4.7404688375952603e+01,
       -1.9985867882600566e+01, -1.1406187816272388e+01,
       1.8170252362620682e+00, -3.3376144923165468e-01,
       -1.6292441164456193e+01, 4.4591580250012825e+01,
       1.1699764807255676e+01, 1.9326998793296370e+00,
       1.7691685187619900e+01, -1.0863928951877044e+01,
       -1.7849448632463831e+00, 7.0637466475734868e+01,
       -5.9332838336083121e+01, -3.1394818333733497e+01,
       3.6619272098126508e+01, -1.0028048484280079e+01,
       5.6560128117010846e+00, -1.9450576266904659e-02,
       -5.4401930954803461e+01, 1.4266385580612527e+01,
       -3.2571725051728244e+01, 1.6279541828017157e+00,
       3.4121467481883052e+01, 1.0472418433944676e-01,
       9.9297116903085780e-01, 5.2998026399878285e+01,
       -6.3274371940656309e+01, -1.6147599365175473e+01,
       4.1042167622947943e+01, 9.4049491508630663e+00,
       1.2416688381093078e+01, -8.1827679631163130e-01,
       8.2601413915196275e+01, -3.5292021281634710e+01,
       -7.7257928650439354e+00, 2.7490515942652934e+01,
       5.0689463649816693e+00, 2.1514108916057783e+01,
       -1.0555977086581626e+01, -1.3114252441673244e+02,
       -1.4278883190919166e+02, 4.4904392574007517e+01,
       5.7133714442502157e+00, -4.9920299967078324e-01,
       -3.3644238524249270e+00, 2.1515760383810449e+00,
       -6.5274393139127280e+00, -9.1038792032371035e+01,
       1.8456715361284091e+00, -4.4422148720164955e+01,
       2.1201630962592088e+01, -5.8833545805100940e+00,
       -1.1753594111817511e+00, 1.2962838143564133e+02,
       2.8020887347408728e+01, -2.9379642312182376e+01,
       -1.3260237625134250e+01, -5.3916338886402189e+00,
       1.9907299830669398e+01, -9.2326672576607471e+00,
       -2.3913236625794985e+02, -1.7723848486389429e+01,
       -1.5934363987285781e+01, 2.0268170731311997e+01,
       7.9444625731260221e-01, -1.3674626422922540e+00,
       1.4300707738832084e+00, 1.1444926548934599e+02,
       -4.5782737140781727e+01, -3.3049311500539801e+01,
       3.4698856101147534e+01, -3.3862159362193234e+00,
       1.3141072864295214e+01, -1.2187663858930416e-01,
       1.4090637417253063e+02, 3.8244180181317972e+01,
       1.5521749001054374e+01, -3.2787710237743227e+01,
       -5.8189304558912429e+00, -9.5609149331165675e+00,
       -4.2542031480830428e-01, 8.2612132068711588e+01,
       1.7837006153426433e+01, -2.1901772514743506e+01,
       -3.3087847213413468e+01, -2.4983108988184494e+01,
       -2.0388963520889991e+01, 1.3766850321090203e+00,
       -1.4863615006479986e+02, 1.5891443371075441e+01,
       3.9910311409691523e+01, 1.0708175613681023e+01,
       -6.2878623027034086e+00, 2.6022632789095091e+01,
       -1.6705604554020812e+00, -1.9796001548028914e+02,
       -1.9709014993305360e+01, 4.9664474897085640e+01,
       2.5531725750522316e+01, -1.0108376077680692e+01,
       1.0963095918264703e+01, -1.6730552985867220e+00,
       -1.5002543753754151e+02, 6.1524000379729017e+01,
       3.4996636127554368e+01, -4.4574483066756798e+01,
       -1.5339109690195821e+01, -1.0129108716346929e+01,
       -1.1077007784835353e+00, -1.4931402524284973e+01,
       1.1736820622800425e+02, 3.2368054238948236e+00,
       -6.4173355366528554e+01, 1.1040094705088277e+01,
       7.0179263005353620e+00, -6.8088370755447644e-02,
       1.0753077079456260e+02, -8.3191197959036085e+00,
       6.7381666688880955e+01, 6.0946318494009855e-01,
       1.5858830036991678e+01, -1.3989816081745088e+00,
       4.8473734196093921e-01, -1.4847895787974329e+02,
       -1.0293015763708806e+02, 2.7424115518234494e+01,
       6.6876260557703091e+01, -1.9908496981164667e+01,
       7.7011786193325138e-01, -2.4538312891831887e-01,
       2.2958354346869311e+02, -1.0479310142769933e+00,
       1.3275298337415803e+01, -2.5080743991035872e+00,
       -8.2152880575827965e+00, 1.0630248670537192e+01,
       -1.2625920463518978e+00, 5.6347349520250198e+01,
       1.4311508812853893e+01, 4.6984646048756588e+01,
       -7.7863682558596423e+00, 3.5992835272526385e+01,
       2.5318546787346015e+00, 8.1551780272925412e-01,
       -1.4701443853499219e+01, -8.4891938619973985e+01,
       4.9083213834742764e+01, 5.2427089273891262e+01,
       5.8331251029476423e+00, -3.7523314487385293e+00,
       1.9650543830354104e+00, -2.1748759169217126e+02,
       9.2546999312488381e+01, 4.9822024975640417e+01,
       -4.4989824201010585e+01, -1.8689739179529873e+01,
       2.6142381698730141e+01, -4.0422119041794309e+00,
       -1.3167621765100378e+01, 1.5993134571879131e+02,
       1.0467645311599838e+01, -9.2009506347430559e+01,
       1.7606785464191326e+01, 2.8376648820064243e+01,
       -2.6137241835159783e+00, -7.5241492131296312e+01,
       -2.7043854816294797e+01, 4.5962272296096693e+01,
       4.5413526465734833e+01, 1.0021259889796788e+01,
       -1.0369328881255957e+01, -3.2201613493170997e+00,
       1.4652309353994536e+02, 3.4386031192908924e+01,
       -4.4403993015133459e+01, -1.7482393732946871e+01,
       -1.2240530722136439e+01, -2.6319104649764363e-01,
       2.4611815643380890e+00, 5.7547593154742573e+00,
       4.3407187092836935e+01, 3.8524149022359649e-01,
       -4.1556970478765095e+01, -2.0763966230051921e+01,
       -2.1724422033060293e+01, 2.6720716553913642e+00,
       2.8617320161940079e+01, -1.9664674644351212e+01,
       -7.3895039395633981e+00, 1.1336391780582209e+01,
       -5.6196437235834260e+00, 5.5530585529792935e+00,
       -4.9411965049443640e-01, -8.6835817048198081e+01,
       1.8918052221252559e+01, 2.8645474075938345e+01,
       -1.4263941165856817e+01, 1.6593650051374844e+01,
       -1.6845860451784244e+01, 1.8783970556029754e+00,
       3.0184028901408301e+01, -9.9947124968825733e+01,
       -1.1181355429373458e+01, 6.8512406175897326e+01,
       -4.6710386930950829e+00, -1.4983104313425184e+00,
       2.1522171813232145e+00, -1.2280611547362273e+02,
       -8.1256354155202445e+01, -3.5735329550696328e+01,
       5.1829905042462578e+01, 9.2341063585614922e+00,
       -3.9405888526352895e+00, 1.9386733433841303e+00,
       5.2307469220640463e+01, 1.1435324900261152e+02,
       -1.2274637031034484e+01, 3.4739931769073472e+01,
       1.6279405228892298e+01, -2.1185061808316470e+00,
       4.3540811125214351e-01, 8.1851883012056845e+01,
       1.0393387214139628e+01, -2.8133738579926142e+01,
       -3.0285238115533922e+01, -2.9799744637689948e+01,
       -1.7608857265358033e+01, -2.4824181165613249e-01,
       1.3654183481765369e+02, 1.4732297446441214e+01,
       -6.1357413805441745e+01, -8.4221275053227735e+00,
       -6.4472852782226679e+00, 1.2661189480738374e+01,
       1.4940328643476380e-01, 2.4350279437418660e+01,
       4.1169827356730217e+01, -6.9325572487849385e+01,
       -3.4131064316480987e+01, -1.9300636826808855e+00,
       -8.6685992812062693e+00, 9.2914278133011896e-01,
       -7.2910555362536416e+00, 5.4931392927563955e+01,
       1.3239709489832743e+01, -3.8252423362761178e+01,
       3.6735635368032192e+01, -1.3686899681273729e+01,
       2.7938386309022798e+00 ]
