%YAML:1.0
means: !!opencv-matrix
   rows: 21
   cols: 10
   dt: d
   data: [ -1.6065148971219986e+02, 2.7764792820682976e-01,
       4.1507406282929544e+01, -1.0540791041681455e+01,
       -2.4672411330138044e+00, 3.0825974781567398e+00,
       8.2715894716726857e-01, 1.2931808332440919e+00,
       -8.5883858780710431e-01, -2.5620047154922183e-02,
       1.7357777227147932e+02, 2.1772470885099793e+01,
       -4.7819058007841399e+01, 9.1003648102781280e+00,
       -1.2461829480042415e+01, -8.1099179820400060e+00,
       1.7111067153591294e-01, 1.1296586264857250e-01,
       -9.5826608982065908e-01, -2.1973613883872287e-01,
       1.2212536228352793e+01, -2.5561502489769627e+01,
       -4.6067104138254056e+00, -3.0554965028333201e+00,
       1.3687713373376077e+01, -1.7714207598078001e+01,
       -3.0116438138028556e+00, 4.8927172826879533e+00,
       5.0370178297077217e+00, -1.9225436808665382e+00,
       -9.0912464072961932e+00, 1.0880297432796910e+02,
       5.5279598593171597e-01, -3.6017470419875117e+01,
       1.8660344140223682e+01, -1.7942321545654174e+00,
       -3.2010274746558083e+00, 1.8643727317201790e+00,
       1.5432252321144759e+00, 5.4591478347334445e-02,
       -3.9539465535399316e+01, 3.1786073575577167e+00,
       2.1043637247266819e+01, 4.7831127481447835e+00,
       6.2103124224429367e+00, 1.6269345651134572e+01,
       1.4453667881618530e+00, 3.5147782263991362e-01,
       1.0916815008998035e-01, -3.2741831319747605e-01,
       -1.8695345687491366e+02, -9.7454618054872917e+00,
       3.2003885007448005e+01, -1.8262790176865334e+01,
       -6.3484359236350429e-01, -7.7351915732163592e+00,
       -1.6823189483628771e+00, -4.1224906313958248e-01,
       3.8787556399041598e+00, 5.8297904748484208e-01,
       -1.7517192056316412e+02, -1.0341119329035322e+02,
       4.8943152726380276e+01, 3.6305238413668043e+01,
       -3.1113158652375056e+01, -2.0370380249236550e+00,
       -2.5883551095646760e+00, -1.2191033276154324e-01,
       -1.1620623000148065e+00, -7.4716473662265245e-03,
       9.5369512005359454e+01, -8.2709480834593890e+01,
       -1.8808103243570464e+01, 4.7796248471891964e+01,
       -2.8308985010357709e+01, 8.9364778476834648e+00,
       2.1229262183336139e+00, -1.4677852492154693e+00,
       -5.5148109217569807e-01, 8.0538473568874713e-01,
       9.9323916584047211e+01, -4.4707219810487672e+01,
       -2.1862435312490359e+01, 3.6800760028990609e+01,
       -2.7567928794738446e+01, 2.3458672175360324e+01,
       1.1177234230775623e+00, 1.2923494033044474e+00,
       4.9595433813768036e-01, 3.2916506125114244e-02,
       4.6829860278910537e+01, -3.1714830511008238e+01,
       -3.1014507654852874e+01, 2.7871178114107327e+01,
       1.0504377095498601e+01, 8.0176664816714265e+00,
       3.6768599718329864e-01, -2.9829963650406588e-01,
       -4.9115659572841441e-01, 3.2366081958939794e-02,
       -2.3417642439907478e+01, 2.4760570883191111e+01,
       -1.2160843669479020e+01, -4.1595920841489026e+01,
       -1.9702905923656239e+01, -7.8256747329805982e+00,
       8.9694978262577740e-01, -3.4629010332701275e+00,
       3.9992156588612859e+00, 2.3348248286589524e+00,
       -1.4787308877359041e+02, 1.1954492569087348e+02,
       1.4672156588015573e+01, -5.1703835984049306e+01,
       -2.3662841036422670e+01, -4.3732217669245257e+00,
       -3.8717838460710302e-01, -3.9681649339519504e-01,
       -6.5271014328450938e-01, -3.6563056178063913e-01,
       1.2629899458978932e+02, 4.1889144233482902e+01,
       -3.2405046651592386e+01, -4.0691431772515614e+00,
       -8.0734779187966943e+00, -3.6795814269051701e+00,
       -4.9468510264097698e-01, -4.8240349957730250e-01,
       -4.4743058002014408e-01, 1.4436752658657909e-01,
       -1.0230506984172253e+01, -2.7486215355777851e+01,
       6.7909313233237976e+00, 1.9122631801497230e+00,
       3.0546238585062127e+01, 3.2444246841286701e+00,
       1.6529365998697574e+00, -7.9808910452423265e-01,
       -1.3597475696309763e-01, 3.9618336378689709e-02,
       3.1694569861334450e+01, 1.1863122976041656e+02,
       -2.6571284417739715e+01, -4.8795771338022625e+01,
       -3.8770103531414879e+00, -7.8097949403956179e-01,
       1.7526960756003085e+00, -1.0562649638413472e-01,
       -3.3162234638807780e-01, -6.6989955837547424e-02,
       -3.7692543154933752e+01, -1.6313289653306452e+01,
       5.4588012683639473e+00, 2.2130735802359411e-01,
       -7.6416891881914069e+00, -1.4055383301297908e+01,
       -3.5423876519602809e-01, -2.7881008548525682e-01,
       -1.5999363479903883e+00, 7.0564374594611718e-03,
       -1.0496626834227874e+02, -5.2480327708891977e+01,
       4.0340791539716001e+01, 1.6261324482926693e+01,
       2.5005096271421028e+00, 1.3787437232686237e+01,
       -6.4974333297036440e+00, 3.6131808664867227e-01,
       6.0240160196605750e+00, 1.1620113988942300e+00,
       1.0438596360374970e+02, -2.5912651076120198e+01,
       1.6076461644498906e+01, 9.8075177137682328e+00,
       1.7927191167783739e+01, -5.4027151143276644e+00,
       5.6820011658724384e-02, -9.0457722521857631e-01,
       -5.2875429185319844e-01, 1.5692997830704150e-01,
       -7.7528718243144283e+01, 9.9845948272552562e+01,
       6.1376120392003868e+00, -5.0416795822909599e+01,
       4.4080462392422541e+00, 5.1429037144374599e+00,
       1.7487208399677192e+00, -3.9988675692942249e-01,
       -1.6381818095364431e-01, -3.5495142293526322e-02,
       2.6730240240402057e+00, -1.9430073026124123e+02,
       1.5238787438846154e+01, 6.6648683924565518e+01,
       1.1351462524520620e+01, -2.0688890681586923e+01,
       -1.8443316328775936e+00, -1.0929354212167079e+00,
       2.9506874594945720e-01, -1.3113864967737832e+00,
       7.9722763991583179e+01, 2.9489333192581164e+01,
       -1.7991700821300121e+01, -1.7451739960164456e+01,
       -4.7312762027739161e+00, -1.0564404890073639e+01,
       -1.0120486417454250e+01, 1.3618409822461892e+00,
       7.4563130112968610e+00, 1.2166169609833060e+00 ]
