%YAML:1.0
means: !!opencv-matrix
   rows: 31
   cols: 6
   dt: d
   data: [ -2.6233435148920043e+00, 3.2545076340567462e+01,
       1.0361275335152024e+01, -2.8422230767887964e+01,
       3.8326179386973678e+01, -5.2770459692701062e+00,
       -2.1018289340776693e+02, 9.5420870623135727e+01,
       5.3052811538051024e+01, -4.5269143679751394e+01,
       -1.9169642922742369e+01, 2.7481105283115035e+01,
       -1.9184820999510015e+02, -7.7735698258258651e+01,
       3.5849096926060476e+01, -5.3621268084586404e+01,
       -5.4327652846495402e+00, -2.8481063208562540e+00,
       -5.3562083370829372e+00, 3.4728843823778028e+01,
       -1.7286869165274674e+00, -4.3854980689097829e+01,
       -1.4335008926791788e+01, -2.3286785864484944e+01,
       1.5994138429025955e+02, 1.9507315806253089e+01,
       -4.9790391966227247e+01, -1.1320611814956468e+01,
       -6.7845759714533305e+00, 1.4089165851529289e+01,
       -6.0763525538186308e+01, -4.4573084128325775e+01,
       -1.2744230659962611e+01, -1.2093449505795276e+01,
       2.1313818319826769e+01, -1.3422094400883686e+00,
       7.7639693029550472e+01, -6.2749724870237564e+01,
       -2.3897918732111933e+01, 4.2475602774057911e+01,
       -1.0235037793014694e+01, 6.0922015065582888e+00,
       -1.2241165874928204e+02, 5.8303954851153918e+01,
       3.9018451940518801e+01, -3.1564366893021646e+01,
       -5.3951909451649298e+00, -9.5854195452286941e+00,
       8.4681349440382036e+01, -9.0707217095428661e+01,
       -2.2466386000842746e+01, -2.8500328026225091e+01,
       9.1396949983609019e+00, 1.4198019746645699e+01,
       6.6938385780665399e+01, 5.2164943121327013e+01,
       -1.1981779858400348e+01, -4.0676222434278976e+01,
       5.5825246005468809e+00, -1.6490864701107050e+01,
       -1.7004120114995621e+02, -5.3723567314437801e+00,
       3.4306224066851755e+01, 1.9396339359147056e+01,
       -4.3614568338298252e+00, 2.1310987069724661e+01,
       1.4550804649139462e+02, 1.4305726413580963e+01,
       2.7882969672928411e+01, -3.2536495417568403e+01,
       -2.7319205135541495e+01, -1.9850991899192046e+01,
       -2.8411016180049780e+00, 2.7500060787411314e+01,
       -6.7170866737808211e+01, 6.8520175090568225e+00,
       1.5582930733980390e+01, 4.5865297763935251e+00,
       4.1700101140780589e+01, -9.4438883097665553e+01,
       -1.4691440676380125e+01, 6.3921330062805858e+01,
       -4.2706845937418336e+00, 5.1920947578661669e-01,
       1.1287646599517453e+01, 1.5307945687313551e+02,
       -6.7510185247605270e-01, -8.6927986451391916e+01,
       1.5762639554614470e+01, 1.6681464341246290e+01,
       -2.0857361643831709e+02, 4.0855254741363787e+01,
       2.1974109187035435e+01, 8.3114453016350875e+00,
       -7.4665379654825310e+00, -1.7630458928216364e+00,
       1.1168828381321732e+02, 4.3655503666090624e+01,
       -2.2992869087208263e+01, -2.6211641119693752e+01,
       -5.6921200600872615e+00, -3.9001787248980908e+00,
       -7.7727860043075992e+01, 1.2702938381850538e+01,
       1.0340462891511159e+02, -1.4207233308403051e+00,
       -4.6866959425409007e+00, -4.3864278441015569e+00,
       4.8912144043184128e+01, -7.1812604796966852e+01,
       -1.1074959359084811e+01, 4.6337806305295921e+01,
       8.1192925039348562e+00, 1.0001729923326549e+01,
       8.8832971153594912e+01, 3.3300556095515419e+00,
       -8.2559921015890922e+01, 3.4774807750113088e+00,
       -4.0368528234617340e+00, 1.2284231248891006e+01,
       -9.6909749137760727e+01, -9.0376513664864206e+01,
       2.0201058273024053e+01, 6.0626624881043405e+01,
       -5.2230049530317597e+00, -1.3294372237038703e+00,
       -2.5142216266582648e+02, 9.1030024199102243e+01,
       -1.2419130910120886e+01, -5.1323800152013028e+01,
       -2.4167902372939825e+01, 8.6351828606427308e+00,
       -1.2669717913753058e+02, 4.6940897844629932e+00,
       3.4487066738304250e+01, 6.2244661097435660e+01,
       -1.9918185138158772e-04, -4.5950241916451269e+00,
       4.0074648691882551e+01, 2.1636943917838661e+01,
       -5.6358530697992485e+01, -3.2490761005099991e+01,
       -2.3832182691503274e+01, -2.0502696241201495e+01,
       2.0148787937791550e+02, -8.3003628263261504e+00,
       4.4727338474313614e+00, 3.2836419639732886e+00,
       -7.7731903519200634e+00, 1.2065344959707376e+01,
       6.9688841225350586e+01, -4.5112763980608825e+01,
       6.2883620170824180e+01, -1.3544033357349447e+01,
       2.0057443546278936e+01, -5.9837798323691083e-01,
       8.5990219709519494e+01, 8.6084641029676447e+00,
       -2.7292615824457421e+01, -2.9532645285314747e+01,
       -2.9009873262219557e+01, -1.6773749422708040e+01,
       1.2277694034722735e+02, 4.7631124980680205e+01,
       7.6704770124802630e+00, 2.6292741642189050e+01,
       6.3795394617533310e+00, 7.8742981091185937e+00,
       4.9255118005404348e+01, 9.2969652952006115e+01,
       4.8292450131042905e+01, 3.7674052562577877e+01,
       1.8828500343574788e+01, -5.1549904874307639e+00,
       -7.6270876132974337e+01, 1.0418465283184094e+02,
       -3.6295039821739302e+01, 3.2700707176188104e+01,
       2.2657296764055573e+01, -6.5184552199355341e+00,
       -1.4072120039275597e+02, -1.3933056476725005e+02,
       2.9374541845511157e+01, 1.1406760894924087e+01,
       -1.5986614985949268e+00, -2.1128230771025618e+00 ]
