%YAML:1.0
means: !!opencv-matrix
   rows: 2
   cols: 13
   dt: d
   data: [ 1.3540557850024532e+01, 1.0700970986335575e+01,
       -2.6470304229004968e+00, -2.4102349828086846e+00,
       1.1949685423944216e+00, 2.0868485189162982e+00,
       8.4501326946474042e-01, -6.9633650979763746e-04,
       -4.7261059920651760e-01, -1.8238434143445991e-03,
       9.1143357140209841e-03, 6.2849774056062731e-03,
       2.9480425452647861e-03, -6.9794393630762897e+01,
       -5.5165140594389122e+01, 1.3635793377481024e+01,
       1.2425262385379497e+01, -6.1606942355995180e+00,
       -1.0770577512970442e+01, -4.3565218846979361e+00,
       4.0539660678895273e-03, 2.4418028219814425e+00,
       2.1056438304160485e-02, -4.7971030197824727e-02,
       -3.3023421681865686e-02, -1.5182344062478202e-02 ]
covs: !!opencv-matrix
   rows: 26
   cols: 13
   dt: d
   data: [ 1.6254161289033604e+04, -1.0540389583735964e+03,
       1.5116680597740282e+02, 3.6863127192267319e+02,
       -2.2339871998116729e+02, -9.4082097517746533e+01,
       -4.5835691488499059e+01, -2.0438518972663065e+01,
       -2.0456727826063275e+00, 5.1647236052788328e+00,
       -8.4091319434362022e-01, -4.3355878341596144e-01,
       -6.6379415245685719e-02, -1.0540389583735964e+03,
       1.1095659037183770e+04, 1.7794035669132177e+02,
       3.2908739693392050e+02, -2.0101415562018573e+02,
       -2.6167327002248635e+02, -3.8663527191510603e+01,
       -1.9510240670749081e+01, -5.2720188432923916e+00,
       -1.2715782423529225e+01, -1.4038568048791969e-01,
       -7.1428159701142169e-01, 4.2447359177200494e-02,
       1.5116680597740276e+02, 1.7794035669132185e+02,
       3.2701935909968302e+03, -8.3367932722369190e+01,
       5.6393784822596928e+01, 2.5394158544411081e+01,
       1.0950781610693884e+01, 6.2483399585940722e+00,
       -1.3671134943760410e+00, 1.8499595779990525e+00,
       -2.6655608251576552e-02, -1.8518713630705556e-02,
       1.8120975966143323e-02, 3.6863127192267319e+02,
       3.2908739693392050e+02, -8.3367932722369176e+01,
       2.7562537390704792e+03, 5.4690259540540310e+01,
       6.4461363654500602e+01, 7.7373666383613902e+00,
       6.5435881200204200e+00, 6.3428978771216018e+00,
       2.7635016285916718e+00, 1.3922880438041385e-01,
       1.5341971764585036e-01, -2.5090137306441829e-02,
       -2.2339871998116737e+02, -2.0101415562018570e+02,
       5.6393784822596913e+01, 5.4690259540540332e+01,
       4.4615737472451758e+02, -2.4485705216971382e+01,
       -6.3307988496715470e+00, -5.4655439990108823e+00,
       -2.6697949875447637e+00, 8.5223284616293682e-01,
       1.2449770542720126e-01, 1.4878674968067406e-03,
       -6.4074672884667271e-03, -9.4082097517746618e+01,
       -2.6167327002248635e+02, 2.5394158544411070e+01,
       6.4461363654500602e+01, -2.4485705216971382e+01,
       2.1765388018481735e+02, -8.6882534154251641e+00,
       8.7822944127753166e-01, 4.2711469470152617e+00,
       -1.8039167662163107e+00, 1.1944896858425355e-01,
       -1.9397975488470623e-01, -1.0188892513304407e-02,
       -4.5835691488499073e+01, -3.8663527191510610e+01,
       1.0950781610693875e+01, 7.7373666383613955e+00,
       -6.3307988496715462e+00, -8.6882534154251605e+00,
       2.3450817655711337e+01, 4.2950206917242095e-01,
       3.4351383040446075e+00, 2.0053343051241387e-01,
       -1.6624713159645359e-02, 4.9109101515694663e-02,
       -3.4342782450315051e-02, -2.0438518972663065e+01,
       -1.9510240670749084e+01, 6.2483399585940749e+00,
       6.5435881200204182e+00, -5.4655439990108823e+00,
       8.7822944127753189e-01, 4.2950206917242112e-01,
       1.4843576836115176e+01, -1.0717168769696401e+00,
       5.6268537833851306e-01, -1.5088467117469157e-02,
       -6.1888658142014909e-03, 4.3965167755796227e-03,
       -2.0456727826063283e+00, -5.2720188432923907e+00,
       -1.3671134943760412e+00, 6.3428978771216018e+00,
       -2.6697949875447637e+00, 4.2711469470152617e+00,
       3.4351383040446075e+00, -1.0717168769696401e+00,
       1.4239571950878172e+00, 3.2269475970270425e-02,
       4.2709180351710459e-02, 1.7926504236382198e-02,
       1.5664228574459958e-02, 5.1647236052788328e+00,
       -1.2715782423529223e+01, 1.8499595779990532e+00,
       2.7635016285916709e+00, 8.5223284616293682e-01,
       -1.8039167662163107e+00, 2.0053343051241396e-01,
       5.6268537833851306e-01, 3.2269475970270425e-02,
       3.6369186203269188e-01, 1.0321055665845631e-02,
       -7.1539813672793834e-04, 3.5123423766526200e-03,
       -8.4091319434362022e-01, -1.4038568048791961e-01,
       -2.6655608251576573e-02, 1.3922880438041388e-01,
       1.2449770542720130e-01, 1.1944896858425354e-01,
       -1.6624713159645383e-02, -1.5088467117469157e-02,
       4.2709180351710459e-02, 1.0321055665845629e-02,
       3.1412292485191354e-02, -7.8251520775574079e-04,
       -1.6598659913423310e-04, -4.3355878341596155e-01,
       -7.1428159701142169e-01, -1.8518713630705549e-02,
       1.5341971764585030e-01, 1.4878674968067432e-03,
       -1.9397975488470623e-01, 4.9109101515694663e-02,
       -6.1888658142014892e-03, 1.7926504236382198e-02,
       -7.1539813672793834e-04, -7.8251520775574057e-04,
       2.0741448953758646e-03, 4.9380736321370485e-04,
       -6.6379415245685691e-02, 4.2447359177200494e-02,
       1.8120975966143295e-02, -2.5090137306441818e-02,
       -6.4074672884667323e-03, -1.0188892513304402e-02,
       -3.4342782450315058e-02, 4.3965167755796210e-03,
       1.5664228574459958e-02, 3.5123423766526191e-03,
       -1.6598659913423310e-04, 4.9380736321370485e-04,
       2.2524419705567031e-03, 1.8942739413204647e+04,
       8.3552154264018372e+02, 3.5732043438275139e+02,
       -8.6451676523381343e+02, 6.3803182424854583e+02,
       -4.1246319126247818e+02, -1.2679741017967389e+02,
       1.0567260233608418e+02, 2.1394988749802377e+02,
       -2.5026036038539697e+01, 3.5002728023281104e-01,
       -5.0858972819256631e-01, -9.2328754495278076e-01,
       8.3552154264018338e+02, 1.5932055383626250e+04,
       -1.8896253837605656e+01, -8.7774845163474185e+02,
       6.3026990524676478e+02, 6.3943224675678948e+02,
       -8.7660558721621740e+01, 1.0082090039290051e+02,
       1.8794246949951244e+02, 6.6796084416298626e+01,
       -2.4255467779897151e+00, 1.5130460590953845e+00,
       -1.2189001930503611e+00, 3.5732043438275139e+02,
       -1.8896253837605691e+01, 3.1821961992586434e+03,
       2.2737049731165678e+02, -1.9034510394097424e+02,
       4.4454304389232497e+01, 1.4491161631232105e+01,
       -3.2269243376695385e+01, -3.2697105865629361e+01,
       -9.8498451443729547e+00, 9.1590265328434406e-01,
       6.3166167106409077e-01, 1.5383126960817417e-01,
       -8.6451676523381343e+02, -8.7774845163474208e+02,
       2.2737049731165678e+02, 3.2346186511523201e+03,
       -1.9048279545730279e+02, -1.7248576012322457e+02,
       2.4749456210355916e+01, -3.3785607932433400e+01,
       -6.8900273416324012e+01, -1.4527029111442461e+01,
       -8.5151291888705995e-03, -3.0246254704232822e-01,
       3.5458764217932509e-01, 6.3803182424854583e+02,
       6.3026990524676478e+02, -1.9034510394097424e+02,
       -1.9048279545730276e+02, 4.2457537302325693e+02,
       4.6993238164685721e+01, 5.8563741708977002e-01,
       2.8198963577447625e+01, 3.1714098427983505e+01,
       -4.2510390780994740e+00, -9.9335231854634498e-01,
       -2.4984129840898289e-01, -7.8665040366532907e-02,
       -4.1246319126247818e+02, 6.3943224675678948e+02,
       4.4454304389232497e+01, -1.7248576012322457e+02,
       4.6993238164685721e+01, 2.8966115590076595e+02,
       -1.1231640487547999e+01, -4.4752379420737585e+00,
       9.3691414385700433e+00, 9.5439669752539533e+00,
       -1.2303386602464461e+00, 5.7650820589396190e-01,
       -1.4271848693708869e-01, -1.2679741017967389e+02,
       -8.7660558721621740e+01, 1.4491161631232105e+01,
       2.4749456210355909e+01, 5.8563741708977024e-01,
       -1.1231640487547999e+01, 4.4849596723446318e+01,
