%YAML:1.0
means: !!opencv-matrix
   rows: 12
   cols: 6
   dt: d
   data: [ -8.5127630193257673e+01, -7.5054590957785521e+01,
       2.2992492018792372e+01, 4.8757570741427052e+01,
       3.2258628419665625e+00, -3.9846395868367033e+00,
       -9.0770810100690085e+01, 4.4908985756219323e+01,
       7.6138955925660085e+01, -3.2088461194133920e+01,
       -7.0816594067785568e+00, -5.2462932938723252e+00,
       1.3416357234085950e+01, 1.3452768834025093e+02,
       7.9957740384661324e-01, -7.3161630193029580e+01,
       2.0383630305420134e+01, 7.1662330315223306e+00,
       8.1322487207899769e+01, 1.5756761013318984e+01,
       -2.3744484456693701e+01, -3.2510336162935658e+01,
       -2.6152329739980896e+01, -1.9853831022261481e+01,
       1.0608170373810880e+02, 8.3676691580459384e+00,
       -7.5331302960948960e+01, -1.7270187554913252e-01,
       -4.6669680145790329e+00, 1.3000551386474404e+01,
       -2.0693410489803892e+02, 5.4700550958372773e+01,
       -7.2697682539643402e+00, -3.1973398500491740e+01,
       -6.6588165239555055e+00, -4.4175119308083808e+00,
       2.0838394968823283e+02, -2.1083138920021853e+00,
       8.7944427609082787e+00, 7.1324503214293777e-01,
       -7.6134018229511904e+00, 1.2956108899415014e+01,
       -2.0397018740054270e+02, 1.0442468125563892e+01,
       4.3285509457547178e+01, 3.0060187920566364e+00,
       -1.1043796278065129e+01, 1.6055298046832533e+01,
       4.5564660083929937e+01, -8.8741756495398363e+01,
       -1.5321253546785966e+01, 5.9240233232441994e+01,
       -2.4494314082914252e+00, 2.8744626960616091e+00,
       -8.5490826461087828e+00, 2.5264375376411337e+01,
       8.0149634894367043e+00, -1.9622448861914211e+01,
       2.0503299458804594e+01, -8.8154638934664096e+00,
       6.5464806664745197e+01, 1.2638274813329524e+01,
       -1.4525243582895396e+01, -4.4064454512927416e+00,
       1.1223781681728108e+01, 2.7193194052426621e+00,
       7.1573837677706521e+01, -6.4092768867476309e+01,
       -2.4177865659492323e+01, 4.4490554539071752e+01,
       -1.0786837375320014e+01, 5.7907818306812997e+00 ]
covs: !!opencv-matrix
   rows: 72
   cols: 6
   dt: d
   data: [ 7.7177484852224507e+03, 7.0002811799388485e+02,
       2.6910024694687008e+03, -5.2006308659758091e+01,
       6.2601597937341069e+02, 5.1845181347106490e+01,
       7.0002811799388530e+02, 7.0361060502946057e+03,
       -3.6851387769976469e+01, 1.8118951945145136e+03,
       2.2411715493460670e+02, -8.4786149757450403e+01,
       2.6910024694687008e+03, -3.6851387769976512e+01,
       2.6209408310637191e+03, -6.3919183756661766e+01,
       -1.5833907592420141e+02, -1.2272949441698007e+01,
       -5.2006308659758112e+01, 1.8118951945145136e+03,
       -6.3919183756661802e+01, 1.3630074059938686e+03,
       -2.0016796140773025e+02, -5.6189847493260395e+01,
       6.2601597937341069e+02, 2.2411715493460670e+02,
       -1.5833907592420141e+02, -2.0016796140773025e+02,
       2.8186893176154103e+02, -3.8172593751214940e+01,
       5.1845181347106490e+01, -8.4786149757450417e+01,
       -1.2272949441698014e+01, -5.6189847493260388e+01,
       -3.8172593751214933e+01, 7.4474774856545295e+01,
       3.9305766656298047e+03, -6.1047582069016858e+02,
       7.4836232773987115e+02, 7.3298701601285995e+02,
       7.1454564988842571e+02, -4.3678950432826781e+02,
       -6.1047582069016858e+02, 7.6529989137171151e+03,
       3.6423511141631238e+01, 1.5831783410295154e+03,
       -6.2689649168534902e+02, 5.3393001303800031e+02,
       7.4836232773987092e+02, 3.6423511141631245e+01,
       8.0333568352858333e+02, 2.3904800838612395e+01,
       -4.6583299176034245e+01, 5.1300627930049039e+01,
       7.3298701601286007e+02, 1.5831783410295154e+03,
       2.3904800838612395e+01, 1.4977818692545602e+03,
       3.0199162618813534e+02, -2.3834647601620114e+02,
       7.1454564988842571e+02, -6.2689649168534902e+02,
       -4.6583299176034238e+01, 3.0199162618813534e+02,
       3.4573384996129886e+02, -1.8926887879507527e+02,
       -4.3678950432826781e+02, 5.3393001303800008e+02,
       5.1300627930049046e+01, -2.3834647601620114e+02,
       -1.8926887879507527e+02, 3.0709132274436274e+02,
       6.0516954675177749e+03, 1.8549048646323999e+02,
       2.8394017174035885e+03, 1.5108052528815358e+02,
       9.3442155913394089e+01, -2.8706638303092268e+02,
       1.8549048646324005e+02, 7.4376046446551745e+03,
       -2.8607760371368130e+02, 1.5405141406269281e+03,
       -3.5143201330164618e+02, 7.1377063967736285e+02,
       2.8394017174035885e+03, -2.8607760371368136e+02,
       2.4500394036659900e+03, 4.1225862852756919e+01,
       3.2260406179384127e+01, 5.0494897174200567e+01,
       1.5108052528815358e+02, 1.5405141406269286e+03,
       4.1225862852756933e+01, 1.5407111948072272e+03,
       1.9864579170111949e+02, -3.2695574115623498e+02,
       9.3442155913394075e+01, -3.5143201330164618e+02,
       3.2260406179384134e+01, 1.9864579170111949e+02,
       1.8230103157208541e+02, -1.6122321839102395e+02,
       -2.8706638303092257e+02, 7.1377063967736285e+02,
       5.0494897174200545e+01, -3.2695574115623492e+02,
       -1.6122321839102395e+02, 3.8579414863223536e+02,
       4.0940213772619268e+03, 8.5164205338404116e+01,
       3.0884488530629960e+03, 1.4396970925782600e+02,
       -1.0483914175262763e+02, -2.3681527398453245e+01,
       8.5164205338404102e+01, 5.5951679685690106e+03,
       -4.0178752835184540e+01, 2.4609530620614760e+03,
       -3.9336403662816160e+01, -1.3366976189369871e+02,
       3.0884488530629965e+03, -4.0178752835184525e+01,
       2.5745324552667666e+03, 3.2122173955933057e+01,
       -8.1191650065685820e+01, 5.1833352753777909e+01,
       1.4396970925782605e+02, 2.4609530620614755e+03,
       3.2122173955933057e+01, 1.1727197656098458e+03,
       -6.4602936858864126e+01, -8.6655162220307730e+01,
       -1.0483914175262763e+02, -3.9336403662816160e+01,
       -8.1191650065685849e+01, -6.4602936858864126e+01,
       3.9112742617725729e+01, 7.9655611889954763e+00,
       -2.3681527398453245e+01, -1.3366976189369871e+02,
       5.1833352753777874e+01, -8.6655162220307759e+01,
       7.9655611889954780e+00, 8.1990799639499883e+01,
       2.2655817310969865e+03, 3.7764168510605259e+02,
       1.1027963534125604e+03, -3.4982501386772292e+01,
       -8.0615018609889304e+01, -7.7401151970003028e+01,
       3.7764168510605271e+02, 6.2834531493068380e+03,
       7.7065317757426925e+01, 1.8882680383692450e+03,
       -9.1891208329242161e+01, -6.2740737160707312e+01,
       1.1027963534125604e+03, 7.7065317757426925e+01,
       1.1921406757041163e+03, 6.3416267626940659e+01,
       -3.6044893302735595e+01, 7.2418713114263298e+01,
       -3.4982501386772292e+01, 1.8882680383692452e+03,
       6.3416267626940652e+01, 1.5432342660454967e+03,
       -2.0164189770949680e+01, -1.0470860143815267e+02,
       -8.0615018609889304e+01, -9.1891208329242161e+01,
       -3.6044893302735595e+01, -2.0164189770949680e+01,
       2.2129155836267522e+01, 1.3697808787424187e+01,
       -7.7401151970003028e+01, -6.2740737160707333e+01,
       7.2418713114263312e+01, -1.0470860143815267e+02,
       1.3697808787424188e+01, 5.0801303133466341e+01,
       4.0376278376900818e+03, -4.2246970250400102e+02,
       6.9448178991466148e+02, 6.9828445395213953e+02,
       6.6294262826951308e+02, -3.8541388290194436e+02,
       -4.2246970250400113e+02, 7.7378965146129349e+03,
       8.5920194724786242e+01, 1.5300999220734373e+03,
       -6.2517496256389882e+02, 5.6959565728192342e+02,
       6.9448178991466125e+02, 8.5920194724786256e+01,
       7.3049196355423578e+02, 2.9496387033714051e+01,
       -5.4755615641917814e+01, 8.6443157521486697e+01,
       6.9828445395213953e+02, 1.5300999220734373e+03,
       2.9496387033714090e+01, 1.5770483486988867e+03,
       3.2428553763992545e+02, -2.6311901021123685e+02,
       6.6294262826951308e+02, -6.2517496256389870e+02,
       -5.4755615641917814e+01, 3.2428553763992551e+02,
       3.4041974330131006e+02, -1.9996271904130930e+02,
