%YAML:1.0
means: !!opencv-matrix
   rows: 27
   cols: 10
   dt: d
   data: [ -1.4160120326686987e+02, -2.5009072507252043e+01,
       3.9113408826117777e+01, -1.1872053069247778e+01,
       -9.3247937214081289e-01, -1.8544768462129976e+01,
       -8.3922032244715306e-01, 1.0812617356111807e-01,
       -1.9375446214013416e+00, 5.5169885247380160e-02,
       1.8144747280563365e+01, 1.0651309178938475e+02,
       4.8569966679522665e+00, -3.1731144897490491e+01,
       7.6711973730222747e+00, -2.4630555241451946e+00,
       -1.0895562159051263e+01, 2.3411260704463710e+00,
       6.3569450018488283e+00, 5.1454672330262874e-01,
       3.6354585810123169e+01, 9.7853473185211044e+01,
       -3.0216774547521606e+01, -4.1393287575550396e+01,
       -2.9618229104755476e+00, -5.1252526613321594e+00,
       4.1425651706754574e-01, -1.2957474999079608e+00,
       -7.8599420168709122e-01, 1.0144073474702898e-01,
       -1.6844764144244019e+02, -1.3291597991930652e+02,
       4.8952187312327851e+01, 4.6542267902247580e+01,
       -3.5181549061995973e+01, -9.6443422138391615e+00,
       -5.5667701411419017e+00, -1.2991162208690481e+00,
       -1.8464042188206928e-01, 2.3753053514966882e-01,
       1.1945187341551080e+02, 1.7711580997467976e+01,
       -4.2086482009724442e+01, 8.3124933258321523e+00,
       -9.8194873113587526e+00, -4.2095351572899293e+00,
       -2.0938243748668341e+00, 4.8398103087714317e-01,
       -5.5381715543802379e-01, 1.8653098587251057e-01,
       1.8310669920940990e+02, 1.3582429293951847e+01,
       -4.9455561952016538e+01, 1.1709077708768268e+01,
       -1.1144384552911330e+01, -7.8973865645454691e+00,
       8.4133454125267548e-01, -4.7068204880304065e-01,
       -9.8375848263676913e-01, -2.6647994492329530e-01,
       4.5369239223714155e+00, 3.9478323737966981e+01,
       -1.2513301063537204e+01, -3.6469140424255663e+01,
       -1.2247936267154023e+01, -9.3875247010579344e+00,
       -3.5991728729160490e+00, -2.1040423296179505e+00,
       4.7703010516204243e+00, 2.2994779372715848e+00,
       -6.8374087332840947e+00, 4.8008778048136458e+00,
       9.1884987311679600e-01, 1.6152724494416217e+00,
       -1.0354363714351924e+01, -8.4958056917149190e+00,
       2.2868994643022408e-01, 2.9024532956735627e-01,
       -1.4486962631850517e+00, 1.2394528020986620e-01,
       1.2030028543005353e+02, -4.3547101552774530e+00,
       4.5090213830122018e+01, -1.1844783881341458e+01,
       1.1615355520351848e+01, 5.8716273876688574e-01,
       8.1080579134411257e-01, -8.3087629581623823e-01,
       -2.7710149069105094e-01, 6.8794360625927531e-02,
       -1.4853574722398582e+02, 6.9540942947159124e+01,
       2.8242229173627926e+01, -3.6347325516272811e+01,
       -2.6538085283888146e+00, 4.8765410034276222e+00,
       1.2890974964057516e+00, 1.3001355734956215e+00,
       -6.4555100611341809e-01, 3.8002578613725293e-03,
       -2.5031885381307216e+01, -4.8924990030561695e+01,
       7.6458449187173221e+00, 3.0379411492950549e+01,
       1.4123612895442653e+01, 2.0207647662283954e+01,
       1.7037268636121081e+00, -2.0827059581718599e-02,
       7.4463907342633293e-02, -5.0975938600555833e-02,
       1.7389957063608701e+01, -1.5702054513493354e+02,
       1.5673200112983904e+01, 5.1924463202908228e+01,
       6.5651091472216869e+00, -5.0576792662393357e+00,
       -2.0388518016022750e+00, 3.5661011784134291e+00,
       5.0348298936940843e+00, -4.2607782912462158e+00,
       -1.2879438825025639e+02, -4.9668388232249882e+01,
       4.1325083553267724e+01, 2.2092141136859382e+01,
       -6.6745320162977846e+00, 1.4070458172249140e+01,
       8.9625798171383819e-01, 1.0196601567911641e+00,
       -3.1579704170277734e-01, -1.4202872235874328e-01,
       9.0612443619885653e+01, -6.4330654531380432e+01,
       -1.6157171250096777e+01, 5.1972550344049999e+01,
       -2.3394501919562423e+00, 2.4109988612065607e+01,
       1.9999978616477794e+00, 5.7429835314522104e-01,
       1.9738008638121116e-01, -7.7915382165871711e-02,
       4.1613324549064117e+01, 1.3219162868215042e+02,
       -2.6226022284869007e+01, -5.1944540189690166e+01,
       -9.6128753034876997e+00, 2.3571378788220585e+00,
       2.5234130070377017e+00, 3.2167189312205391e-01,
       -1.1852033003167556e-01, -2.6139103020930077e-01,
       1.5202773188195039e+02, -2.2182755708790292e+00,
       -3.0369495375782691e+01, -1.8196101292190816e+00,
       -1.1430893609993754e+01, -1.4917309099592075e+01,
       -1.3530839049960269e+01, 9.7381066055759202e-01,
       8.9735333992792512e+00, 1.7125067806303318e+00,
       1.4633413888055573e+01, -1.3366277083042247e+01,
       -3.0966929828900543e+01, 8.2961552277912904e+00,
       2.1811176986279460e+01, -3.1803139756720826e+00,
       9.5421048065254288e-01, -6.5749750787857930e-01,
       -5.1333165049162266e-01, 6.5522419712601185e-02,
       -1.1677922287326959e+02, 1.2891920597771119e+02,
       7.7952927267861334e+00, -5.6226846461961593e+01,
       -1.7687944290630348e+01, -1.3738659017403818e+00,
       4.6773499236760940e-01, -5.7816477735042671e-01,
       -4.8116009998723414e-01, -4.1022634503198374e-01,
       1.0083307107036386e+02, -4.5867006019275607e+01,
       -2.1114322613314208e+01, 3.6320608425478753e+01,
       -2.7614333944875789e+01, 2.3196762568092332e+01,
       1.1078727727973321e+00, 1.3244106820000767e+00,
       4.8148586218307982e-01, 5.0112942793048815e-02,
       -2.0512676862764295e+02, -5.3443554839602662e+01,
       4.0586189778559977e+01, 1.4047398711343915e+00,
       -3.6234172441678512e+00, -2.4339703376745017e+00,
       -2.7512669141388599e+00, -5.0382857753791344e-01,
       4.4718676541285793e+00, 7.5627585695155264e-01,
       -3.8854938124269922e+00, -2.1994333745030644e+01,
       1.9108665132239562e+00, -1.1589858050834792e+01,
       1.2291385875413786e+01, -1.3033585342688703e+01,
       -3.7933407538041983e+00, 3.5974338565715471e+00,
       5.9309205010580843e+00, -1.2984424525086073e+00,
       5.5484642564863975e+00, -2.0631752462001339e+02,
       1.5085068294940379e+01, 7.1671030976661299e+01,
       1.1137216931974107e+01, -2.7736877012631627e+01,
       -1.7535175337260638e+00, -2.9268568899181036e+00,
       -1.1638833157257660e+00, -2.2658272352155623e-01,
       -1.9369568306527898e+02, -2.4084782307334859e+01,
       4.4981109087094907e+01, 8.4364209091616271e-01,
       -1.3228124747404367e+01, 4.1802406736911832e+00,
       2.5455719782018371e-01, 1.2189311192354060e+00,
       -1.1077360258330657e+00, 2.1631087437329669e-02,
       6.1034321548230274e+01, -6.7812402686317242e+01,
       -2.0833032506393373e+01, 2.8409619279343449e+01,
       -1.2117786578227157e+01, -5.5208509256864353e+00,
       4.8051376838859106e-01, -2.5951492614291438e+00,
       -5.4878413439330886e-01, 3.7060278467047297e-01,
       -1.4431284542298615e+01, 8.8576600131617170e+01,
       -8.6114821223687894e+00, -4.2489767862651334e+01,
       1.3229485991789629e+01, -1.1674334427689299e+00,
       1.6566972267633513e+00, 4.0914251511868616e-02,
       -2.8981309700635133e-01, 6.7233336591479287e-02,
       -1.9207188839068718e+02, 2.9479545043304455e+01,
       3.3667466281346051e+01, -3.5856744675820821e+01,
       -4.1818355936327842e+00, -1.6058006777249272e+01,
       -1.5269750665419510e+00, 1.8036582959499375e-01,
       1.1110526117238329e+00, 1.1547542212470388e-01,
       2.1856503130643619e+00, -3.9535104740369484e+01,
       1.1039616945051806e+01, 1.4528596989322915e+01,
       3.9845534044098088e+01, -2.4033939003120741e+00,
       7.7711079811332084e-01, -9.1504027052368564e-01,
       -4.2801670769344041e-01, 2.1230349610215682e-01 ]
