%YAML:1.0
means: !!opencv-matrix
   rows: 8
   cols: 7
   dt: d
   data: [ 7.3398912612541679e+01, -2.8465238319671620e+01,
       3.8983877523061814e+01, 3.3205038150791899e+00,
       2.0350073187504620e+01, 5.1760975832924689e+00,
       8.0769705679083637e-01, 1.1222690939290921e+02,
       1.0723235116716895e+01, -3.0348975282970009e+01,
       3.5190966269895814e+00, -9.3302561312327725e+00,
       -8.8450671394809923e+00, -1.3578882829960510e+00,
       -3.9603158771237446e+01, -2.3389973447594382e+01,
       -4.1079267139429327e+01, 2.0472893492035777e+01,
       2.5685420950775011e+01, 2.6224622570334231e+00,
       1.2436381927426365e+00, -1.5477260142960307e+02,
       -6.7881899558441162e+01, 4.3122027741199346e+01,
       2.0818453658093208e+01, -1.2687716201702258e+01,
       3.7271643040123337e+00, -1.1123875281971665e+00,
       8.2160262105992885e+00, -1.6746253252443586e+02,
       1.7254826453102034e+01, 5.6810450215725083e+01,
       1.8387041547470851e+01, -9.9557375205433711e+00,
       -7.9104651671439208e-01, 1.3490868584063003e+01,
       1.0810518801013011e+02, -1.6495504348678640e+01,
       -4.6869416284237353e+01, 1.0355747812914522e+00,
       -1.0060719736887720e+00, 8.7350180452217019e-01,
       -1.5400782964584616e+02, 6.4079619831725651e+01,
       2.7645143827830449e+01, -3.6659249619876405e+01,
       -6.3060546609827801e+00, -2.6323005794583674e+00,
       4.2821031503356483e-01, 9.5094463870671362e+01,
       -4.5590332674148030e+01, -2.1370924481023867e+01,
       3.7975140299074759e+01, -2.7820771044783008e+01,
       2.3251647008333162e+01, 1.2515726415856467e+00 ]
covs: !!opencv-matrix
   rows: 56
   cols: 7
   dt: d
   data: [ 4.5108068095345570e+03, -9.2859851093270129e+02,
       4.0544093992394914e+02, 9.0632618163857003e+01,
       -3.9643987002185736e+02, -6.5756785236984911e+01,
       -3.9855966322848346e+01, -9.2859851093270129e+02,
       7.8259449309654819e+03, 8.3292715982849870e+02,
       1.5381732053814371e+03, 8.0825622525427633e+01,
       -3.4314511728463134e+02, -5.1139259620129984e+01,
       4.0544093992394914e+02, 8.3292715982849870e+02,
       1.2309815816542766e+03, 1.8138700785829889e+02,
       1.4971414641372400e+02, 3.4346017585651940e+00,
       2.9633408794419078e+00, 9.0632618163857060e+01,
       1.5381732053814371e+03, 1.8138700785829889e+02,
       2.1713995687104584e+03, -6.6728797592739539e+01,
       1.2843147055461731e+02, 2.3245791709202202e+01,
       -3.9643987002185730e+02, 8.0825622525427633e+01,
       1.4971414641372400e+02, -6.6728797592739525e+01,
       2.9923129315498375e+02, -7.4857092542731039e+01,
       -2.7956767241311447e+01, -6.5756785236984925e+01,
       -3.4314511728463134e+02, 3.4346017585651922e+00,
       1.2843147055461725e+02, -7.4857092542731024e+01,
       2.2839999903262768e+02, -6.5751881469182543e+00,
       -3.9855966322848353e+01, -5.1139259620129984e+01,
       2.9633408794419083e+00, 2.3245791709202202e+01,
       -2.7956767241311447e+01, -6.5751881469182543e+00,
       2.5192084787004127e+01, 1.0201261120357845e+04,
       -1.1297189525478663e+02, 1.6312830460257569e+03,
       -9.9482534827732891e+01, -1.9193204936176008e+02,
       2.3863938120835087e+02, -3.8330067768868510e+01,
       -1.1297189525478663e+02, 9.3817623309072005e+03,
       4.3048087092216895e+02, 1.4439456263689929e+03,
       7.7524376680451937e+01, 1.5099992347448500e+02,
       -4.2896901952223196e+01, 1.6312830460257569e+03,
       4.3048087092216895e+02, 2.7988333311187898e+03,
       -1.8681827380009136e+02, -6.5956869737694660e+01,
       -1.3922032071628794e+02, 1.3316307491507446e+01,
       -9.9482534827732906e+01, 1.4439456263689929e+03,
       -1.8681827380009153e+02, 2.2257202754193140e+03,
       1.1700495012157416e+01, -9.8095748500838340e+01,
       1.6041169423184041e+01, -1.9193204936176008e+02,
       7.7524376680451923e+01, -6.5956869737694660e+01,
       1.1700495012157413e+01, 7.6092472647688624e+01,
       -3.3787735334447355e+01, -1.0502083175964938e+01,
       2.3863938120835087e+02, 1.5099992347448503e+02,
       -1.3922032071628794e+02, -9.8095748500838354e+01,
       -3.3787735334447355e+01, 1.3547911157311910e+02,
       -5.0044202519880221e+00, -3.8330067768868510e+01,
       -4.2896901952223224e+01, 1.3316307491507446e+01,
       1.6041169423184041e+01, -1.0502083175964938e+01,
       -5.0044202519880212e+00, 3.6474589803400036e+01,
       3.7871061698591357e+03, -8.5175480118180860e+02,
       5.8606228325009205e+01, 9.1789378154430764e+01,
       -4.4213489356426805e+02, -1.6907828619545006e+02,
       1.4358240651299015e+01, -8.5175480118180860e+02,
       7.9514053453739280e+03, 5.5134353794281458e+02,
       1.4809268848695187e+03, 5.5127369382765096e+01,
       -3.3360964678380117e+02, -5.1056605479095168e+01,
       5.8606228325009248e+01, 5.5134353794281458e+02,
       9.9393689932051893e+02, 3.5120621952474374e+02,
       1.0402977563750432e+02, -6.2353672793917907e+00,
       3.8799951307126015e+01, 9.1789378154430835e+01,
       1.4809268848695187e+03, 3.5120621952474374e+02,
       2.1789590074092821e+03, -2.9526930153293002e+01,
       1.0464300471476740e+02, 1.1333551616599504e+01,
       -4.4213489356426805e+02, 5.5127369382765053e+01,
       1.0402977563750432e+02, -2.9526930153292994e+01,
       2.4989078205585747e+02, -4.9501859835372265e+01,
       -2.9428465331987674e+01, -1.6907828619545009e+02,
       -3.3360964678380122e+02, -6.2353672793917907e+00,
       1.0464300471476743e+02, -4.9501859835372265e+01,
       1.9922968218728514e+02, -7.7997032057934614e+00,
       1.4358240651299015e+01, -5.1056605479095182e+01,
       3.8799951307126015e+01, 1.1333551616599506e+01,
       -2.9428465331987674e+01, -7.7997032057934614e+00,
       2.3259064773976480e+01, 7.1721281015744089e+03,
       4.6756806716217159e+02, 2.8234219095286890e+03,
       -9.2464213566180865e+02, 5.1464954294206393e+02,
       3.8273532932716097e+02, 1.1391125708984661e+02,
       4.6756806716217147e+02, 7.9180985062243235e+03,
       7.4142527874123630e+02, 2.0288858055387655e+03,
       7.0531241048046979e+02, 6.0913514162691229e+02,
       1.0947745949667615e+02, 2.8234219095286890e+03,
       7.4142527874123653e+02, 2.4591357829709509e+03,
       -4.9051388739867136e+01, -1.4929883117722116e+02,
       -7.6160705805856750e+01, -2.9727071745759392e+01,
       -9.2464213566180865e+02, 2.0288858055387657e+03,
       -4.9051388739867114e+01, 1.9370264382436560e+03,
       -2.4043621240764043e+02, -1.0784482511314070e+02,
       -2.4523326051817449e+01, 5.1464954294206404e+02,
       7.0531241048046979e+02, -1.4929883117722116e+02,
       -2.4043621240764034e+02, 3.8838865466468860e+02,
       1.7571950260259612e+02, 3.2364682719723724e+01,
       3.8273532932716097e+02, 6.0913514162691229e+02,
       -7.6160705805856779e+01, -1.0784482511314070e+02,
       1.7571950260259612e+02, 3.1781897405114069e+02,
       1.0736605127158283e+01, 1.1391125708984661e+02,
       1.0947745949667615e+02, -2.9727071745759389e+01,
       -2.4523326051817463e+01, 3.2364682719723724e+01,
       1.0736605127158285e+01, 3.4128604020256560e+01,
       5.3695543539662513e+03, -7.3782962768107609e+02,
       2.9171886084048870e+03, -8.6443507692306957e+02,
       3.6911843730307609e+01, -8.1205133396704142e+01,
       -5.8803386919405199e+01, -7.3782962768107586e+02,
       9.1063572449083804e+03, 1.3191137373297827e+03,
       1.6945144543404558e+03, 9.8661410913529551e+02,
       1.1943805178263290e+03, 1.6964840523433247e+02,
       2.9171886084048874e+03, 1.3191137373297827e+03,
       2.4025302569028418e+03, -1.9573889955989483e+02,
       1.3022767567439220e+02, 1.2131483453103418e+02,
       8.3686537857270995e+00, -8.6443507692306957e+02,
       1.6945144543404558e+03, -1.9573889955989480e+02,
       2.0521920832412397e+03, -3.2542510629453648e+02,
       -2.8969388817764917e+02, -3.9843004549534832e+01,
       3.6911843730307645e+01, 9.8661410913529528e+02,
