%YAML:1.0
means: !!opencv-matrix
   rows: 28
   cols: 5
   dt: d
   data: [ 1.0599965933828457e+02, -6.2699324873233113e+00,
       -8.5681598213275478e+01, 2.4288463050901623e+01,
       -1.0082255012999243e+01, -4.8964196954662526e+01,
       1.5343875739567435e+01, 4.4557185519736919e+01,
       -7.6234155922451180e+01, 3.0726566410942859e+00,
       -1.5582755226139304e+02, -3.3539761787273207e+01,
       5.0762560117906432e+01, 5.0116879956834772e+01,
       -1.6211222673343144e+01, 6.7961527801832872e+01,
       1.4277859823128938e+02, -2.1899229516681551e+01,
       2.9778363085476514e+01, -8.4669188857352271e+00,
       -4.8869293759568366e+00, -9.8346759491103498e+01,
       -6.7122125206836918e+00, -2.0716430321729682e+01,
       3.6546339274061232e+01, -1.9994002396192934e+02,
       1.2548698010240315e+01, 3.8726270483649415e+01,
       -1.6956596762627949e+01, -1.0108096476512056e+01,
       -1.7821808243932119e+02, -1.6741984357151304e+02,
       3.1651554034593055e+01, -2.3738219821677866e+01,
       -1.9992401580013592e+01, -2.4129719799916789e+01,
       2.4161340673818302e+01, -6.9994303435791977e+01,
       1.8304402890650351e+01, 1.8586076786285563e+01,
       1.6109832365955850e+02, 4.4159083145610204e+01,
       4.3604623664601228e+01, -1.9853227430839890e+01,
       -1.1362274390208084e+01, -4.7124341777371470e+01,
       -4.0958797062749369e+01, 8.3856147700824991e+01,
       6.7575731848138885e+00, -8.9574809206798223e-02,
       2.0943534658686694e+01, 8.5035830698743794e+01,
       -4.6268895193259560e+01, -5.7689976463095256e+01,
       -9.0460536564569676e+00, -6.7462996559083379e+01,
       1.2222826065437673e+02, 8.3183050219545180e+01,
       -1.2376910800452192e+01, 8.1383565449554807e-01,
       -4.7108679366429335e+01, 2.2237771997238539e+01,
       -1.4624103796085159e+01, 4.0126376097629041e+01,
       1.8518541991199125e+01, 1.4557237974368908e+01,
       -2.3050910504217265e+02, 8.5774560494098218e+00,
       7.4074249215234474e+01, -2.5544693777568912e+00,
       -9.0330996987733329e+01, -4.1161112209475263e+01,
       4.9635597759435077e+00, 2.3382713085947788e+01,
       2.2703578347503402e+01, -8.2463041155693219e+01,
       1.2963657420332112e+02, 5.9585143633986819e+00,
       -5.8622444945952331e+01, -2.1934418530861535e+01,
       2.2289161905656491e+02, -3.4498698781394261e+00,
       -1.2665358133059700e+01, 3.0495820250668957e+00,
       -1.4602336214824478e+01, 8.2396968003825890e+01,
       3.8283823778744384e+01, 1.0014876572200967e+01,
       2.6635309828482487e+01, 1.6916087174225186e+01,
       -1.5157253031168821e+02, 1.7504439346839723e+02,
       -4.1835351126261822e+00, 1.6027642783526030e+01,
       6.3596877522337438e+00, 8.8478299380449371e+01,
       -2.4015745689952329e+01, 7.0569135089481591e+01,
       -6.4140529641503330e-01, 2.7350683081967535e+01,
       -2.5370651981050719e+02, -6.3237192228591937e+01,
       4.4124423874121383e+00, 4.8091731077365743e+01,
       -2.2324617197069312e+01, 5.6792550995045850e+01,
       1.4067242838014764e+02, 1.7143931014209709e+01,
       -1.8541928155631350e+01, 6.1074991250511799e+00,
       1.7414950357800642e+01, -5.3761095307225581e+01,
       -5.5720247386984383e+01, -5.1459769521203143e+01,
       3.3536408640247273e+00, 1.4540126430736117e+02,
       -4.1479398234343272e+01, 1.0889897531503740e+01,
       -5.6884430307141962e+01, -1.1947832876341129e+00,
       9.9873423181889791e+01, -4.4806997672154132e+01,
       -2.1835507539141386e+01, 3.7237584877799677e+01,
       -2.7380257838694050e+01, -1.4486454291184498e+02,
       6.6116326085695448e+01, -4.4805357487437355e+01,
       -4.4642966267082357e+01, 6.2053257651476192e+00,
       5.1693755700520200e+01, -1.7212636251167353e+02,
       -1.1190196929414586e+01, 3.2931632883992240e-01,
       3.5220824377672710e-01, 6.5265403504306974e+01,
       -4.5643501916930163e+01, -2.8484758574662243e+00,
       6.5476339508851282e+01, -6.2984948708996891e+00 ]
covs: !!opencv-matrix
   rows: 140
   cols: 5
   dt: d
   data: [ 2.7212499087364044e+03, -4.2743768780272677e+02,
       4.5858055498121121e+02, -2.9250766461483573e+02,
       6.5946683785944742e+01, -4.2743768780272683e+02,
       6.1613787145330607e+03, 4.0392884171750416e+02,
       1.9626525499214645e+03, -2.9446162580073199e+00,
       4.5858055498121121e+02, 4.0392884171750416e+02,
       9.6826637228555387e+02, 1.2942656169641896e+02,
       -3.9427473597216377e+01, -2.9250766461483568e+02,
       1.9626525499214645e+03, 1.2942656169641901e+02,
       1.6742481631551484e+03, 5.0416214080696193e+01,
       6.5946683785944742e+01, -2.9446162580073185e+00,
       -3.9427473597216377e+01, 5.0416214080696193e+01,
       4.5818616928330002e+01, 5.3651475598243951e+03,
       1.0068854570973979e+03, 8.2079339089363685e+01,
       -1.6124412324949262e+02, 5.5229394384523766e+02,
       1.0068854570973980e+03, 3.8896637133044173e+03,
       -4.8907085920908020e+02, 3.1765077615650392e+02,
       6.6002829939005494e+00, 8.2079339089363700e+01,
       -4.8907085920908020e+02, 1.2786953851609935e+03,
       3.3309305699002010e+01, -1.0605110436224503e+02,
       -1.6124412324949265e+02, 3.1765077615650398e+02,
       3.3309305699002032e+01, 7.3636531820582650e+02,
       8.9141286215984977e+01, 5.5229394384523766e+02,
       6.6002829939005521e+00, -1.0605110436224501e+02,
       8.9141286215984977e+01, 1.6219317677121327e+02,
       2.5016299432891701e+03, -1.3889744360958753e+03,
       1.4673601286845433e+03, -2.6724660883580551e+01,
       -3.3381356735328569e+02, -1.3889744360958753e+03,
       5.6031205066250723e+03, -1.3214331445007724e+03,
       8.3043450232084160e+02, 9.0096321273326339e+02,
       1.4673601286845428e+03, -1.3214331445007726e+03,
       2.2228526008781432e+03, 6.2711557918718633e+01,
       -6.1723099655785916e+02, -2.6724660883580562e+01,
       8.3043450232084160e+02, 6.2711557918718633e+01,
       9.7552729363357776e+02, -1.2676758641617648e+02,
       -3.3381356735328558e+02, 9.0096321273326362e+02,
       -6.1723099655785916e+02, -1.2676758641617648e+02,
       3.7738316111923984e+02, 1.0117552359276566e+04,
       -2.6429803686873101e+03, 1.6115600094333902e+03,
       1.2498969637550651e+03, -8.3700244392183308e+01,
       -2.6429803686873101e+03, 5.7829392888707780e+03,
       -4.6100165254063302e+02, -1.3267826288234003e+03,
       5.5807348109404408e+01, 1.6115600094333900e+03,
       -4.6100165254063302e+02, 1.8899859855115028e+03,
       -3.7508279547063472e+02, -6.8278042170939358e+01,
       1.2498969637550651e+03, -1.3267826288234003e+03,
       -3.7508279547063472e+02, 1.1178444273561324e+03,
       1.2651554506346327e+01, -8.3700244392183336e+01,
       5.5807348109404408e+01, -6.8278042170939358e+01,
       1.2651554506346329e+01, 4.4304919866574302e+01,
       3.8065657010604314e+03, -7.2947905672836237e+02,
       2.2735038163401910e+03, -3.5061604155893190e+02,
       -1.5267788955731311e+02, -7.2947905672836214e+02,
       4.1456114346439717e+03, -3.5587787044779463e+02,
       -2.3776069781382628e+02, -5.2628527100791793e+01,
       2.2735038163401910e+03, -3.5587787044779463e+02,
       1.8697588698700463e+03, -4.0871448966429291e+01,
       -6.1659953171720034e+01, -3.5061604155893190e+02,
       -2.3776069781382623e+02, -4.0871448966429263e+01,
       1.0181175154429568e+03, 2.5868083619915161e+01,
       -1.5267788955731311e+02, -5.2628527100791779e+01,
       -6.1659953171720048e+01, 2.5868083619915161e+01,
       9.1998452015497321e+01, 5.1524348794834978e+03,
       -5.3769090027982895e+02, 2.4830413207846623e+03,
       -6.8281461285538910e+02, 5.0445012645061304e+01,
       -5.3769090027982884e+02, 5.5609393702143216e+03,
       -5.8128607205926947e+01, 1.7639310690389220e+03,
       2.0104652184135534e+02, 2.4830413207846623e+03,
       -5.8128607205926947e+01, 2.2968113062678285e+03,
       3.6985754631408338e+02, -1.7083005562197943e+02,
