%YAML:1.0
means: !!opencv-matrix
   rows: 49
   cols: 7
   dt: d
   data: [ -1.5165757262633621e+01, 2.1276206114175973e+00,
       9.9250398431299214e+00, 6.4080666610719561e+00,
       4.1991937849241388e+01, 5.8908732724162061e+00,
       -1.1378323334241929e+00, -1.9967858332278183e+02,
       -2.6880391884477731e+01, 4.2857038764164571e+01,
       2.9502375863993905e+01, -8.1928145994706316e+00,
       1.2443492172518104e+01, -1.9252772465575427e+00,
       4.1352893855262977e+01, -8.9824326777905355e+01,
       -1.2451827247435439e+01, 5.5856205440030919e+01,
       -1.6068736157676955e+01, 1.6498084074118835e+00,
       1.6527731183143721e+00, 8.5349433381515226e+01,
       4.7120255741085451e+01, -2.0172182087149167e+01,
       -1.9709411234861250e+01, -2.5609287728732795e+01,
       -2.1471670235471350e+01, 1.5891460663373733e+00,
       -1.6589243660097688e+02, 1.2278420378694079e+02,
       7.5152171837222241e+01, -5.7617334300924284e+01,
       -2.4552002517761899e+01, 3.2912538418401311e+01,
       -7.4143894242360346e+00, 1.4421168701446678e+02,
       8.7701151326327835e+00, -2.8899228285281243e+01,
       -6.3500117855905114e-01, -1.1783131072353767e+01,
       2.0365578905737134e+01, -1.4996852875615231e+01,
       4.4845057992675450e+01, 2.3540304748387879e+01,
       -1.6543403390576959e+01, 5.8382105484045361e+00,
       2.0052668935555023e+01, 4.9499016801999067e+00,
       5.2051226538137030e-01, -7.9733289168923605e+01,
       1.0637195799301713e+01, 3.5661739915657641e+01,
       8.3745529464385271e+01, 1.9560801002559089e+00,
       -6.8528442047898253e+00, 1.8851349840382920e+00,
       1.3698822201944165e+02, -1.3088635877413413e+01,
       5.6529705745192771e+01, -4.9145901745659746e+00,
       1.5796863754199121e+01, 4.4837286258134110e+00,
       2.6537350061216738e-02, 1.3161664199016471e+02,
       -2.0620015617340485e+01, -3.8222111280798423e+01,
       2.0046113119157720e+01, -3.9842023605461470e+00,
       1.3168729920682724e+01, 5.3051078242882432e-01,
       1.4820711983484813e+02, 3.3323439211325272e+01,
       -4.2521367853026412e+01, -1.8037046158461163e+01,
       -1.2059208320318946e+01, -1.0887813627494677e-02,
       2.4112512151921375e+00, -4.4908374421659161e+01,
       -3.1652221207456652e+01, 3.5271910813461560e+01,
       4.9479092723401251e+01, 1.9471615523636675e+01,
       -1.0508674438986654e+01, -1.2172305907500093e+01,
       9.1159286601008546e+01, 4.6219501589892488e+01,
       -1.8253076942090086e+01, -3.3016380383951308e+01,
       -3.3864285710855380e+00, -1.1049606422547729e+01,
       4.7622763282965802e-01, -1.1187736092711434e+01,
       9.4979114691237754e+01, -7.5175778834852196e+01,
       2.1240234706883783e+01, 1.5770748354723349e+01,
       7.8206211955807903e-01, 9.1562648308024264e-01,
       -1.5314678768380719e+02, 1.1359038828414793e+01,
       3.8535925038651335e+01, 1.1102639119857015e+01,
       -6.4444505994794490e+00, 2.5956654805357697e+01,
       -1.6390923650896330e+00, 6.3841867369117855e+00,
       1.1251422847515007e+01, 2.2885237473715851e+01,
       -1.0975874201428633e+01, 2.5799976505520458e+01,
       -9.8981606150202524e+00, 2.4230556013725630e+00,
       7.9403583611456000e+01, -7.0230823924523122e+01,
       -2.2728789877193474e+01, -7.3495753699899723e+01,
       -2.2753274761191211e+01, -1.7364807589425567e+01,
       7.8928949226771838e-01, -2.6239345937099631e+02,
       9.0599134613618787e+01, 1.2166114177486408e+01,
       -4.5569622739668375e+01, -1.7635858932603579e+01,
       2.3212794298820395e+01, -2.5004424200597675e+00,
       -1.8808335300727734e+02, 5.3077594615768511e+01,
       4.5862034289043855e+01, -2.3145589339924932e+01,
       -1.0421052480891237e+01, 1.2140309930678679e+00,
       -1.6334898225610279e+00, 1.6344045367507551e+01,
       5.0600783720970327e+01, -1.0138324275171678e+01,
       -4.7871017267344413e+01, -3.7833245402803776e+01,
       -1.8075201138142116e+01, 2.5257503905476493e+00,
       -7.3210783244970983e+01, 3.2832140825321709e+01,
       2.6674194183398377e+01, -1.8331851965055364e+01,
       1.9949311094335009e+01, -1.5843315400135999e+01,
       1.7225832597260031e+00, 5.4553136394394116e+01,
       1.5235855808088678e+02, -7.7821864519214685e+00,
       -8.1711909962668159e+01, 1.6975025389292419e+01,
       7.0435327710551565e+00, 1.7563346324162403e+00,
       1.2340655112724438e+02, 1.3447287206736599e+01,
       -7.5729088720887546e+01, -1.7609471443291334e+01,
       -6.7316928502369926e+00, 1.2708531776337539e+01,
       -3.9162691572239207e-02, 3.0464641775605417e+00,
       5.4975286850073815e+01, 7.6895173234892900e+00,
       -3.8774706275912088e+01, 1.0742025663434552e+01,
       -1.6280615956696057e+01, -7.1317307747102954e-01,
       2.8353054118633590e+01, -1.0051803283050619e+02,
       -1.0549814744553492e+01, 6.8945806228067397e+01,
       -4.4733110432940766e+00, -1.6903997098882142e+00,
       2.1317278190304805e+00, 2.1140816728187986e+01,
       -9.0500279721844720e+01, -1.1842860629413892e+01,
       -4.2705571800393130e+01, 2.1641588451235133e+01,
       3.2624879548544952e+00, 1.2835208732980191e-01,
       -1.3887987780849474e+02, 5.7460441026680407e+01,
       3.2032619620879522e+01, -4.3857195956826594e+01,
       -1.3655119270295058e+01, -1.5376943351801300e+01,
       -4.6525683722630229e-01, -8.1950490885820855e+01,
       -7.2480292225533276e+01, 6.9505203891793883e+01,
       2.7770318407503968e+01, 1.8586421990765052e+00,
       -7.3519450753527860e+00, 2.5383832523434724e+00,
       -2.2017564364033731e+02, 1.0103984707561068e+01,
       4.9039029792199280e+01, 2.5811209737709060e+00,
       -1.5158053666152858e+01, 1.0617855491255987e+01,
       -6.6443734355560946e-01, -1.4849174705139913e+02,
       -1.0557916297578537e+02, 2.7264076694221945e+01,
       6.5992383477574691e+01, -1.9953639783807922e+01,
       8.6356184006750192e-01, -2.8357091343331026e-01,
       -9.6711846986514573e+01, 2.2256252711148161e+01,
       -3.7701991817358632e+01, -7.1393141191020435e+00,
       3.4615959915542987e+01, -8.9214441576130703e+00,
       2.1155635121076659e+00, 3.3242400686622858e+01,
       1.4156103932600126e+00, -5.5626197912916515e+00,
       3.7602783911660924e+00, -5.6853200949674587e+00,
       3.3285367834288331e+00, -1.4959395415896001e-01,
       -1.3530688896012794e+02, -8.3217894054062683e+01,
       -4.4540716763419795e+01, 4.6209384138911368e+01,
       1.1930532788923282e+01, -4.5607003246896181e+00,
       1.5836165607464732e+00, -1.4956235040489926e+02,
       -9.0496444316545123e+01, 3.6853979905337006e+01,
       -4.6941089781134011e+01, 1.8653091179602248e+00,
       -1.0304209976416557e+01, 1.3064938940084632e+00,
       -4.6645560294971474e+01, -1.0763963680431424e+02,
       2.8104333685396441e+01, 5.2214765417143759e+01,
       2.6083878839567656e+00, -3.3407765046233537e+00,
       1.5110392184966783e+00, 1.0941048217738514e+01,
       -6.7226254627352077e+01, 1.0795348872423464e+01,
       4.1773325114149451e+01, 2.2205187744444267e+01,
       2.2608453893580318e+00, 2.2633097414764038e+00,
       6.8609073980066057e+01, -5.5349172240379922e+01,
       -1.9127010717839966e+01, 3.6309608458735724e+01,
       7.5179873171732901e+00, 1.5689092791950165e+01,
       -1.1001395535491179e+00, 9.2725075984372836e+01,
       -5.0487797013896085e+01, -3.4423054872757994e+01,
       2.8417026544996627e+01, -8.5752159736981071e+00,
       6.7835669576766220e+00, -1.1413029464817828e+00,
       8.5407304735296307e+01, 9.0128855232083112e+01,
       7.2553679773643239e+01, 2.7315069723226461e+01,
       2.2592670121287959e+01, -8.7651913201735248e+00,
       9.7200119762343662e-01, 1.1822728932770135e+01,
       2.1328662293554466e+01, -8.5219178751031592e+01,
       -2.8737054459316347e+01, -2.7298412675877895e+01,
       -1.8192982699059023e+01, 1.5528362645974420e-01,
       -2.7889141383099265e+01, 1.3214174594419254e+02,
