%YAML:1.0
means: !!opencv-matrix
   rows: 9
   cols: 16
   dt: d
   data: [ 9.8845303508172336e+01, -4.3889362306045797e+01,
       -2.2111544770977641e+01, 3.7047625911275908e+01,
       -2.7654058042759498e+01, 2.3453913510558429e+01,
       1.0704884657133558e+00, 1.2815975560245330e+00,
       4.9066080988852645e-01, 2.7360529397908322e-02,
       1.4712757863207787e-01, -3.1707192715861457e-03,
       -2.6050665504863037e-03, -7.5777434088222934e-03,
       1.9880168062900348e-02, 1.4894335163568418e-04,
       -1.1790663404026329e+00, 1.1411400749420199e+02,
       -1.6161935356720587e+01, -5.0602433483643587e+01,
       -6.3808273824945794e-01, 6.5463840027610110e-01,
       1.6387453090037658e+00, -1.3725732626850429e-01,
       -2.8634115387954534e-01, -3.6391203930986819e-02,
       2.4698568619931180e-02, -8.1055734333617922e-03,
       5.5009574747925611e-03, 2.1189124775421275e-03,
       -3.0785449326378258e-03, 4.6308432450915321e-03,
       1.6535173814687834e+01, 2.4198023218939753e+01,
       -6.3493199325976271e+00, -1.9305181039306085e+01,
       3.9319991251110862e+00, -9.3069536169015272e+00,
       -5.5411714300481565e+00, 1.3615621951128183e+00,
       5.3023029063193388e+00, 3.6156881176449962e-01,
       -3.5413812785512713e-02, -2.5786703732566946e-02,
       -2.7560387095429354e-02, 6.0323303325179548e-03,
       9.8657824054278823e-03, -6.5285219249858785e-03,
       1.4642180587888470e+02, 3.8045767338064891e+01,
       -4.3449164951522540e+01, 1.4867294341148404e-01,
       -1.1148906760652755e+01, -5.3387464728402811e+00,
       -2.9351012307244834e-01, 6.9733834510801026e-03,
       -7.3162615146794940e-01, -6.3754659881741269e-02,
       8.9072962716428380e-02, -2.2736667831999156e-02,
       -1.0498073349462973e-03, 1.5248073033757893e-02,
       -4.1146506430770911e-02, -8.0203977085804568e-03,
       -1.8418972743553684e+02, -8.9011719186609895e+01,
       4.7847033550629938e+01, 2.8257722030653088e+01,
       -2.5740852939664116e+01, -1.9980036045261784e+00,
       -3.3259692857703600e+00, -4.8320444723650841e-01,
       1.1500523873970910e-01, 2.6621888988382258e-01,
       4.9056447441021438e-02, 2.1762903496046693e-02,
       -7.2971246519762016e-03, -1.9250288733093179e-03,
       1.4242134164983778e-02, 6.2586405952607706e-03,
       -1.7855780009098692e+02, 6.4679851201407146e+01,
       2.7442736802215929e+01, -3.8920409443567387e+01,
       -1.4154169800129523e+01, -6.6806701237488442e+00,
       -8.3802892943194018e-01, -3.0133962004717052e-01,
       1.0100627895825401e-01, -7.6309946342280235e-02,
       6.0016531899174268e-02, -2.2389337809680752e-02,
       3.1055278228249066e-03, 6.6911589303819512e-04,
       4.2255397023092146e-03, 9.1485962287577924e-03,
       3.3311035933353303e+01, -1.5422557212847107e+02,
       6.2244587636555018e+00, 5.7223083852870715e+01,
       7.0984306966949073e-01, -1.4225915140109565e+01,
       -1.1236773089143408e+00, -1.7313759735576750e+00,
       1.7099955663779876e-01, -6.0870475165163740e-01,
       -1.2897792993238033e-01, -5.6152071859118746e-02,
       3.9361871155333831e-03, 8.7935684807741391e-03,
       -4.2433949510796209e-02, 1.2824940059906450e-02,
       6.4713157064150536e+01, -1.2308727864422927e+01,
       -8.8689079742462820e+00, 8.4195207688185061e+00,
       1.4802255106871405e+01, -6.3440355329225251e-01,
       4.4173073185625533e-01, -6.8249557651420967e-01,
       -4.2566573844152278e-01, 5.8726028746041901e-02,
       8.5883466407165616e-03, 2.4294391077460689e-02,
       3.3338500344178533e-03, -9.6292947924633519e-03,
       2.3840867144558572e-02, 3.9355699341024168e-03,
       -7.3091085943409723e+01, -1.6676600246146187e+01,
       2.2259798866365838e+01, 3.6737527803895107e+00,
       3.7962222017841873e+00, 5.5820880779529531e+00,
       1.6069073208412932e+00, 9.6976677760241303e-01,
       -7.8249673946819787e-01, -6.3353493046983567e-02,
       -9.9637269087388722e-02, 1.8342420128483017e-03,
       2.1631811199224076e-03, 4.4234935224480611e-03,
       -1.8373107856502854e-02, -1.1295731803498155e-02 ]
