%YAML:1.0
means: !!opencv-matrix
   rows: 45
   cols: 4
   dt: d
   data: [ 1.2999954508619138e+02, -7.8214317555075121e+00,
       4.7138328204361217e+00, 5.0257234632020712e+01,
       -6.9287096486592745e+01, 1.3907236851406927e+02,
       -4.3828761332702811e+01, 2.4685273064854499e+01,
       4.3197365879543376e+01, -1.6408628001835172e+02,
       -4.4694335084469250e+00, -4.2184836191445623e+00,
       -7.1117119515872147e+01, -6.0979522233338706e+01,
       -3.4518530377266835e+01, -4.1123303921746697e+01,
       1.4786181229685695e+02, -8.8136926349973397e+00,
       -3.5656019034502435e+01, -3.6627134016629412e+01,
       -2.0269334443179520e+02, 3.7974275698698442e+01,
       4.6544363758069132e+01, -4.1814743614567291e+01,
       -1.8302417923044814e+02, 8.5648039574679142e+00,
       3.3490049613806211e-01, 7.7822162850828249e+01,
       3.9917183068154372e+00, 1.4217163521248952e+02,
       -1.5892866792899234e+01, -9.4256956399512319e+01,
       2.2540961210608776e+02, -5.8246310889529113e+01,
       1.3588247850431292e+01, -3.0971153351604450e+01,
       -2.1544049519012452e+02, -1.1241780315640636e+02,
       -2.1835455372866761e+01, 3.6860187096698461e+01,
       1.4414354837636333e+02, 9.7832954949737044e+01,
       -3.1596613008842940e+01, 1.5399459401813228e+01,
       1.5281695720104835e+00, -7.4511859742946640e+01,
       2.9027982956042909e+01, 5.7324793224539079e+01,
       1.1512683201875963e+02, -1.0186082393426736e+02,
       -1.2008914940819999e+01, 6.3783520167566887e-01,
       -3.0329610124123835e+01, 4.9432545814684239e+01,
       -1.4497019884342656e+01, -5.9537587319740224e+00,
       1.7649109315426387e+02, 2.7923236802263762e+01,
       4.4577055754227601e+01, -2.8376301220046344e+01,
       -4.4393622752487083e+01, 2.3316353621198019e+01,
       8.2700271051615587e+01, -2.8962338502700529e+01,
       2.7259736602862265e+01, -6.2953561696881778e+01,
       3.5094663280027845e+01, -5.4342842338220244e+01,
       -9.0072278112444451e+01, -1.6254903919200578e+02,
       6.3354393641926208e+01, 2.5793500847189794e+01,
       -2.0441652314466572e+02, 1.6923169824939851e+02,
       4.0139962223764066e+01, 1.5296619127282591e+01,
       9.5982344562307787e+01, 9.5113833944184577e+01,
       7.7497446353251192e+01, 2.1262880234110305e+01,
       -1.0289085937325842e+02, -6.3095061250785932e+01,
       -5.3510016112239946e+01, 6.3557465593337412e+01,
       1.2041434518731346e+02, -1.0558547181953985e+02,
       5.9914801576682493e+01, 1.1144886021244989e+01,
       -1.8320554715113420e+02, -7.7642377904596245e+01,
       3.7008122420544062e+01, -5.4586481484478846e+01,
       5.7845105141816433e+01, 3.1780722130797415e+01,
       5.1248314058750090e+01, -1.8351887515756683e+01,
       1.2786877248389240e+01, -8.7462274761135788e+01,
       -8.3287731026599317e+01, 8.5255580805776283e+00,
       -1.4958968976755762e+02, -5.5804963353858092e+01,
       5.1259777280160534e+01, 1.1391654332472537e+01,
       -8.6414990466022275e+01, 3.4798258563866774e+01,
       -6.2490631783562442e+01, 3.8498519041976818e+00,
       9.7519622754348418e+01, 6.2872627509099335e+00,
       -7.9710708806402195e+01, 2.3682467068548423e+00,
       -1.0349426480696820e+02, -1.8304463010865817e+02,
       -2.7383830429695315e+01, 1.9083311462524389e+01,
       -9.2351995457539260e+01, -4.7208349315111015e+01,
       5.9834504711629592e+01, 8.7894836170714044e+01,
       -1.3912542225746435e+02, 2.8489135255161475e+01,
       8.2180503651616341e+00, -2.8723812203020639e+01,
       2.7019255496826549e+01, 9.8657159042065885e+01,
       -8.5436011710223184e+01, 1.9923341842220443e+00,
       1.5683404323969674e+01, -4.0013469609903794e+01,
       -8.4560748314621151e+01, -6.6929907591091549e+01,
       -2.8569878825609175e+02, 4.0083825278275526e+01,
       -2.0641592822066599e+01, -2.3767265595238467e+01,
       -1.7134005056126642e+02, 8.9486071158725437e+01,
       3.9203361299907307e+01, 3.1610343081310528e+01,
       1.8035683484058140e+02, 9.5334760264665164e+01,
       1.2418897140292868e+01, 4.7834760161143741e+01,
       1.0374322691016468e+02, -6.9352264073173103e+01,
       -1.9068196851949981e+00, -7.2106544984467220e+01,
       9.7102144287311205e+01, 4.4492884638392518e+01,
       2.1578004916682939e+01, -3.5255484907852647e+01,
       7.3089008819636078e+01, 3.4670713955148152e+01,
       -2.8905969539574958e+01, -2.4282759831358717e+01,
       -8.7650765477661025e+01, 1.3659713408999346e+01,
       1.0942257999738142e+02, -4.0452999800931426e+00,
       -1.7595142370856300e+02, 1.5923515227373065e+02,
       4.7675278150642832e+01, -1.9425249870482546e+01,
       7.9095035001601516e+01, 1.5518935639561604e+02,
       2.4273818676196349e+01, -6.7560801573885358e+00,
       3.0132489864079020e+01, 1.3737725321038315e+01,
       -6.7205376680406786e+01, 6.5785231837932130e+01,
       2.0905538936486590e+01, 9.4009462995655127e+01,
       5.1427129372676026e+00, 5.3608610240674416e+01,
       2.0931910546875315e+02, 1.7387959459242747e+01,
       4.4010243806522887e+01, 4.3710804807689335e+01 ]
