%YAML:1.0
means: !!opencv-matrix
   rows: 29
   cols: 6
   dt: d
   data: [ -1.5477184702625030e+02, -9.6246311044925477e+01,
       2.9706956780095304e+01, 6.5524936077659717e+01,
       -1.8593531933813924e+01, 1.6400235586402403e+00,
       4.9603377965203826e+01, 5.9738515811872787e+01,
       -8.0372535427272034e+00, -3.7464340274034470e+01,
       4.1445318250717893e+00, -1.8779459626639124e+01,
       -1.4244368707092849e+02, -7.5590371925374015e+01,
       -7.2978580646963183e+00, 5.3665089648042724e+01,
       -1.0386439560381566e+00, -4.7421779508778128e+00,
       -1.6086288409610965e+01, -8.3968710690968521e+01,
       7.6447618614783394e+01, 4.8894247766659021e+01,
       6.2890122053670783e-01, -4.6173777549687189e+00,
       7.2444866413438518e+01, -5.2658075664615367e+01,
       -3.2921974736480045e+01, 3.5540700839952088e+01,
       -8.9587399962084540e+00, 7.3354025393101310e+00,
       -2.2161996479550147e+01, 1.3623812999772383e+02,
       9.8374043561404818e+00, -8.8273747090974112e+01,
       9.4502150064197252e+00, 1.5888622533061147e+01,
       -1.8549173841178165e+02, -4.9543848884711814e+01,
       4.1685847852314140e+01, -1.8483014459384982e+01,
       -6.0362137072961275e+00, -1.4948555207742892e-01,
       2.1859460399715974e+02, -9.7978614154480503e+00,
       1.9840694990386144e+01, 2.6904641075546016e+00,
       -7.2593454958021502e+00, 1.2382762394952044e+01,
       7.1539027002172105e+01, 5.3080208812214188e+01,
       -1.6988352209121871e+01, 2.4243975671054169e+01,
       1.0798597782305247e+01, 5.6137259860775677e+00,
       1.5050364937323113e+02, 2.6490561880728055e+01,
       -4.6377143923893961e+01, -2.5016233142649202e+01,
       -1.1966047603249960e+01, 4.8644132144742995e+00,
       -1.7552306811288645e+02, 4.9061541733663852e+01,
       -4.6461586681859233e+00, -3.3358038076118675e+01,
       -2.8346759066644767e+00, -1.1848956802753017e+01,
       -1.7528331067680779e+02, 8.3715776260489278e+01,
       4.0890769837476739e+01, 3.4065363389554946e+01,
       -6.5035805164885030e+00, -2.0913894605373238e+00,
       1.9578518536723863e+01, 2.9839570876978375e+01,
       3.3803077371099192e+01, 8.8059641044670034e+00,
       1.0968417858529664e+01, -3.6666890148088624e+00,
       7.9228644173985174e+01, 8.3252173600079296e+00,
       -2.0850935743053778e+01, -2.9125567519099107e+01,
       -3.1746860778907280e+01, -1.8690122400388958e+01,
       3.2760880228873525e+01, -7.8583891339950114e+01,
       -2.6955204151448893e+01, -3.6978586585283225e+01,
       1.4374863848482088e+01, 6.1771229951846163e+00,
       1.9870478108417451e+01, -1.0158255443973934e+02,
       -9.9517656384159743e+00, 7.0816511218353625e+01,
       -5.6101712281461378e+00, -2.4474124375588255e+00,
       1.2749083926846932e+02, -4.1536913469568262e+01,
       5.8959671455292295e+01, -2.7752999729753711e+01,
       1.4952143632834268e+01, 2.0437531911443685e+00,
       -1.6745312911043413e+02, -1.5390828322504568e+01,
       3.5874570298705869e+01, 1.6999651638486615e+01,
       -4.1692391922855219e+00, 2.0577241177103360e+01,
       -6.0823986210131991e+01, 4.1583872606914760e+01,
       8.1107925055741418e+01, -3.2226539799551240e+01,
       -3.2407515339709505e+00, -1.1643185351236889e+01,
       -2.6458433967199767e+01, -7.5430871256698353e+01,
       4.8088028488757878e-01, 4.4579371340167981e+01,
       1.8793304859284628e+01, 7.6339497341526974e-01,
       -8.2287210929061388e+01, 4.0464436582979836e+01,
       -5.2636388987988923e+01, 7.4628293585585292e-01,
       1.6815374200376084e+01, -4.7386193240978791e+00,
       3.5786602740458051e+01, 1.5025242046691346e+02,
       -2.0732620035994236e+00, -8.0801505807264334e+01,
       2.0303653095598577e+01, 1.1031054037258393e+01,
       7.2874287941062121e+01, 2.0600671327696904e+01,
       -2.9640317632294618e+01, -2.8235293583912203e+01,
       -2.5357528456252332e+01, -1.3776005588860039e+01,
       -1.2771001293798831e+01, 3.2755168028128850e+01,
       8.8375508861445571e+00, -1.7129675322276277e+01,
       3.7460688349680190e+01, -5.1245032147812566e+00,
       -2.0675675057869631e+02, 8.9095752443155817e+01,
       4.1039688318317594e+01, -4.8628340495180723e+01,
       -2.0532885415826772e+01, 1.9813731465322967e+01,
       6.9877564240675312e+01, -8.4405004988661915e+01,
       -1.5484066802741518e+01, 4.2156744599518298e+01,
       2.2445727430477187e+00, 9.3865686387420606e+00,
       1.0891646643478113e+02, -2.0244834543195545e+01,
       -3.8669032933910955e+01, 3.9012766088102509e+01,
       -2.8185045409453373e+00, 1.4696719663352916e+01,
       1.4053417341066688e+02, 1.2812841859249973e+01,
       -5.6197447872570663e+01, -4.7162951618354478e+00,
       -6.0645005722221734e+00, 1.2880895188353009e+01,
       8.3287530202359690e+01, 1.8777505049686742e+01,
       -2.3495261502105915e+01, -3.3075695454254820e+01,
       -2.4880942179633220e+01, -2.0476319718546101e+01 ]
