%YAML:1.0
means: !!opencv-matrix
   rows: 36
   cols: 9
   dt: d
   data: [ -1.9558402134352363e+02, 1.0150046550250048e+01,
       3.6309184844436125e+01, -2.4760691164278370e+00,
       -2.7155774480463233e+00, 7.1977308956217536e+00,
       -2.3857695890161104e+00, -6.3809524762547438e+00,
       -2.3082063320653976e+00, 5.6394418688649985e+01,
       -6.3590658542409180e+01, -1.4008493048928976e+01,
       3.9283977502701298e+01, 8.8643824231017305e+00,
       1.2812899568236073e+01, -1.2921488602555948e+00,
       -2.8849332731178906e-01, 7.7152318229400096e-01,
       1.0001801342849967e+02, -4.4446868228599691e+01,
       -2.8360037516721249e+01, 3.1731280726806624e+01,
       -9.9648177626944054e+00, 9.0845293900353088e+00,
       2.7464975842793993e-01, 5.7131336141273514e-01,
       3.3544643622621934e-01, -2.1944286213254387e+02,
       8.4176214100124881e+01, 4.9449360442868780e+01,
       -4.2348466079970130e+01, -1.8620073301971566e+01,
       2.3991574517503725e+01, -3.8707126588036935e+00,
       2.2898943262657077e+00, 1.1765711627894524e+00,
       1.5739488042412287e+02, 2.4165646362532456e+01,
       -4.5005818241092136e+01, -1.2859672176518172e+01,
       -9.8317978432663189e+00, 4.2816587679271541e+00,
       9.4686110949796465e-01, 1.9481032741088677e+00,
       6.6996593622924094e-01, -3.0333599498910367e+01,
       -3.1342467138921570e+01, 1.0502936988888459e+01,
       1.1456569342267356e+01, 8.2870862306745217e+00,
       -1.1239172808956011e+01, 1.9871832129922335e+00,
       2.2637908859171132e-01, 1.0339312711645347e-01,
       -2.0257132322575359e+02, -1.5401450310882568e+01,
       4.4618182109803676e+01, 1.2618248011691975e+01,
       -1.1208672673485069e+01, 4.1814755988962142e+00,
       -4.3258774556689840e-02, 1.0806938698136179e+00,
       4.8701038865081292e-01, 5.2736308245858993e+01,
       9.8843910247584148e+01, -1.5926848533988537e+01,
       4.4039453016098136e+01, 1.5949867007426995e+01,
       1.1369699829630771e+00, 6.7896619627400723e-01,
       1.4582952250059238e+00, 3.0493086338122755e-01,
       2.9729784169773996e+01, 5.5531496838279928e+01,
       -6.6253147222932895e+00, -4.5043012115558859e+01,
       -9.1930837052186760e+00, -2.2677004613124428e+01,
       3.4024471938230545e+00, 1.1211733388197336e+00,
       6.6085959329207106e-02, 8.1839711435246812e+01,
       1.9228570479638808e+01, -2.1913907323862464e+01,
       -3.3061453321296767e+01, -2.4352783813864558e+01,
       -2.1462159539955987e+01, 1.3229084190615787e+00,
       -3.2297154577472966e+00, 3.8542372546784098e-01,
       2.9431730017138566e+01, -9.9130140088155599e+01,
       -9.3641102127253788e+00, 6.9703877248677415e+01,
       -4.4058629943736101e+00, -1.7484434967546458e+00,
       2.1312480585593869e+00, -3.5675649207240823e-01,
       -7.2913388296571527e-02, 9.1565112070998012e+01,
       3.6392186660639666e+01, -2.3060239684413055e+01,
       -3.2704131102662437e+01, -5.9647658513761153e+00,
       -1.1141344141955843e+01, 9.0720274703482617e-01,
       6.1729701081881838e-01, 2.4830661797370357e-01,
       1.7763772550411559e+01, 4.6519634281411435e+01,
       9.6330770579587242e+00, -3.5885046895304079e+01,
       1.5535615886316080e+01, -9.8877084068191401e+00,
       -3.9023114539767447e+00, -2.3782118293282721e+00,
       -5.5111364296109659e+00, -1.7779755242782898e+02,
       8.8365667998238777e+01, 3.3809180111118401e+01,
       -5.7914137273010283e+01, -2.9953516419039943e+01,
       3.3485054566695394e+00, -2.7228620370264749e+00,
       5.9544302911863145e-01, 5.5270146813815024e-01,
       -1.5587492190661331e+01, -1.9447766436930639e+01,
       2.5083490290313733e+01, 2.2374973208341352e+01,
       2.4117081252698252e+01, -1.4661287106501140e+00,
       -9.3233377618591273e+00, -7.9336122340797610e+00,
       -5.6891752116965639e+00, 1.6288172535721975e+02,
       2.6098506319531605e+01, -4.2228806804937705e+01,
       -3.4728660109442778e+01, -9.5762604646248395e+00,
       1.3104333375615694e+01, 6.0985075290421153e-01,
       -3.6282806311053384e+00, -1.7070704465510516e+00,
       -4.7420337850037448e+01, -3.2365508580061864e+01,
       3.6790460993099657e+01, 5.3233723052070438e+01,
       1.7399421344297689e+01, -1.1082983579056341e+01,
       -1.2103860764432596e+01, -4.7356018892282670e+00,
       -5.0797794825880818e+00, 1.5305195867344710e+02,
       2.1031227499056278e+01, -4.3996541292573873e+01,
       -6.8157151882243401e+00, -4.8809063136770776e+00,
       1.3800640273994551e+01, -1.6089923565601045e+00,
       1.0729626811209427e+00, 5.1021847527787767e-01,
       -1.5661403072381617e+02, 1.1088301026010495e+02,
       3.4656745441544217e+01, -6.2123401881528665e+01,
       -2.2195518879803675e+01, 8.2594639033280313e+00,
       -9.2611692691462562e+00, -3.1360970790070151e+00,
       -2.7023233129372071e+00, -1.9443333658574520e+01,
       4.0626550564362161e+00, 4.8716667363069481e+00,
       6.9169792819508480e+00, -1.3714502695762794e+00,
       8.4894796065216553e+00, 1.8425581769555499e+00,
       2.7397948095633131e+00, 5.4316095439511225e-01,
       -6.2644808950465432e+01, -7.8119729367360947e+01,
       1.7395556109820795e+01, 4.7999526041996006e+01,
       9.2995715473289398e+00, -4.3609048180808623e+00,
       2.1811450342043335e+00, -5.7219479133267116e-02,
       1.5098398867035839e-01, 1.2361114486295391e+02,
       1.4503731971463121e+00, -2.4987648367298199e+01,
       5.1967004456073229e-01, -9.6935501978002527e+00,
       1.5252808982597442e+01, -1.2341922395393187e+01,
       -6.2084057688391550e+00, -5.5018389404735242e+00,
       -7.3833097770212362e+01, 2.4863582678848225e+01,
       1.3662110531650326e+01, -1.5622402138738217e+01,
       7.7605641856203773e+00, -2.5882495008544720e-01,
       -2.7533187958526613e+00, -2.1132506664417612e+00,
       -7.4913396657361953e-01, 1.2108859532418231e+02,
       -3.8765985682333856e+01, -3.0318540937782544e+01,
       3.4194739394151121e+01, -3.1853462396933936e+00,
       1.3925625755696267e+01, -1.9359329831677807e-01,
       2.0498996277259871e+00, -4.7723094860212434e-01,
       -1.4905786625394035e+02, -1.0432065828058411e+02,
       2.7075126367931791e+01, 6.6382452260614201e+01,
       -2.0245322884301988e+01, 1.0682773226168019e+00,
       -2.8196192655412661e-01, -1.4983377206415303e+00,
       1.0714969506249428e+00, 6.7063779648519670e+01,
       -5.4123441506229831e+01, -1.7847977604667310e+01,
       3.0891064977425138e+01, -7.6087990137785519e+00,
       6.3292219404707790e+00, -5.2804763967132065e+00,
       -1.2115979518538622e+00, -2.0448814117321086e+00,
       -1.0838968043511940e+02, -8.4760333949831420e+01,
       2.9853270745566014e+01, 5.7112074676783536e+01,
       -3.8533045859012192e+00, -8.9973731139314079e+00,
       2.1888383098103223e+00, -7.9687925055692899e-01,
       2.2131199896737028e-01, 1.0023763265622172e+02,
       -5.2419963176139667e+01, -4.6658712451713228e+01,
       1.4845980158601256e+01, -3.5901104710874159e+00,
       7.3156519380241560e+00, -5.5870242725813180e-01,
       1.2561965989514816e+00, 7.7463118311134038e-01,
       -1.5333006383310081e+02, -2.6631650355325571e+00,
       3.7397500761588709e+01, 1.5628543161358072e+01,
       -6.0250512081479508e+00, 2.2349762755512991e+01,
       -3.8027764320728419e-01, 2.7179219965080215e+00,
       9.1071080789449055e-01, 1.2587862315129016e+02,
       -2.1595360056180127e+01, 5.2328516864258042e+01,
       1.1525106178505752e+01, 1.3856957923898914e+01,
       5.6566921092028286e+00, 3.5787563402098876e-01,
       1.6702403732019406e+00, 3.2907655299900285e-01,
       2.6336650217041207e+01, -1.1824518276858404e+01,
       -2.1958392987775369e+01, -1.5474117838431340e+01,
       2.0862311696356041e+01, 3.7853160689858489e+00,
       1.1824519593326637e+00, 1.2491718816401054e+00,
       3.3543089421490241e-01, 2.0162985949137116e+01,
       1.5710571901033785e+02, -8.5189104279335626e-02,
