%YAML:1.0
means: !!opencv-matrix
   rows: 2
   cols: 12
   dt: d
   data: [ -1.0193665120444611e+02, 1.5255579158664478e+01,
       2.0682745448370600e+01, -6.8903249050737196e+00,
       -6.2341944469667334e+00, 4.5142489744151133e+00,
       -1.7161481771159381e+00, -4.6438198073946413e-01,
       -5.4049121008209089e-01, 6.4911477341287240e-03,
       -6.5671214888954402e-02, -7.0850141751532579e-03,
       5.3310313481943808e+01, -7.9753507200936848e+00,
       -1.0818587319151327e+01, 3.6032311199252809e+00,
       3.2619016170057726e+00, -2.3629729981693539e+00,
       8.9811330797050271e-01, 2.4082141747580887e-01,
       2.8388044888052227e-01, -2.7088949854258892e-03,
       3.4323688661584799e-02, 3.7115125991180843e-03 ]
covs: !!opencv-matrix
   rows: 24
   cols: 12
   dt: d
   data: [ 1.7388405571022420e+04, 7.7054524614715103e+02,
       3.5362088781031667e+02, -5.0502355802855789e+02,
       6.5364186335375086e+02, -3.3819383808762950e+01,
       -5.6476673242776997e+01, -1.3072794707240644e+02,
       -1.1866402421034714e+02, 3.5594397975724004e+00,
       -7.5511741292259922e+00, -1.0028170535237340e+00,
       7.7054524614715126e+02, 1.1990748112824198e+04,
       -5.0366607627627708e+01, -9.9504762602911364e+02,
       2.6708849741006404e+01, 3.6624675204742999e+02,
       -2.4580825852065779e+01, 3.9350733601947027e+01,
       8.9763288854120429e+00, 4.1978004384108063e+00,
       -9.5025327155338768e-01, -6.1398310312902815e-01,
       3.5362088781031667e+02, -5.0366607627627694e+01,
       3.1700557434809134e+03, 9.8385092548714425e+01,
       -1.3497559390653404e+02, 2.9377300740674404e+01,
       -1.4990133682622357e+01, 1.9880004733474802e+01,
       1.5824609424030816e+01, -6.5420399385704808e+00,
       2.3304370581864524e+00, 5.4196694238483534e-01,
       -5.0502355802855789e+02, -9.9504762602911364e+02,
       9.8385092548714482e+01, 3.1108391307464926e+03,
       -5.2832574040297303e+01, -1.9366844963275580e+02,
       8.9889234296421563e+00, -3.5334734149224317e+01,
       -2.4069712076303840e+00, 5.9205676904763340e+00,
       3.0334102879095726e-01, 2.7466843209691710e-01,
       6.5364186335375086e+02, 2.6708849741006404e+01,
       -1.3497559390653404e+02, -5.2832574040297303e+01,
       2.7746017333056045e+02, -5.0913870843702142e+01,
       -8.3365246280593652e+00, -1.8059439137525626e+01,
       -1.3440532820413518e+01, -1.9717406179573285e-01,
       -7.8716691626460078e-01, -6.8476908002050446e-03,
       -3.3819383808762950e+01, 3.6624675204742999e+02,
       2.9377300740674404e+01, -1.9366844963275580e+02,
       -5.0913870843702142e+01, 2.7086214320776304e+02,
       -2.4375881160421539e-01, 2.0542398893083695e+00,
       5.5549023208555779e+00, 1.0457120828843736e+00,
       1.3890961483077632e-01, -5.6667719490799441e-02,
       -5.6476673242776997e+01, -2.4580825852065779e+01,
       -1.4990133682622353e+01, 8.9889234296421492e+00,
       -8.3365246280593652e+00, -2.4375881160421539e-01,
       3.8762391820037003e+01, 4.3651588199671059e+00,
       3.9137000880250792e+00, -5.0343416527258045e-01,
       -1.8988447326698138e-01, -1.1201926555565787e-01,
       -1.3072794707240644e+02, 3.9350733601947027e+01,
       1.9880004733474799e+01, -3.5334734149224325e+01,
       -1.8059439137525622e+01, 2.0542398893083695e+00,
       4.3651588199671059e+00, 2.4948582682223332e+01,
       3.7439300588477908e+00, -1.2131477094705951e+00,
       4.7490009003818473e-02, 3.1789966431816967e-02,
       -1.1866402421034714e+02, 8.9763288854120376e+00,
       1.5824609424030816e+01, -2.4069712076303840e+00,
       -1.3440532820413518e+01, 5.5549023208555779e+00,
       3.9137000880250792e+00, 3.7439300588477908e+00,
       7.5807165273755786e+00, 2.2292635373274375e-01,
       1.3874918197026007e-02, -5.9496386892318913e-03,
       3.5594397975724013e+00, 4.1978004384108063e+00,
       -6.5420399385704826e+00, 5.9205676904763340e+00,
       -1.9717406179573277e-01, 1.0457120828843736e+00,
       -5.0343416527258045e-01, -1.2131477094705951e+00,
       2.2292635373274372e-01, 2.5923491390657598e+00,
       -1.6815663992327340e-02, -3.0963100320165211e-03,
       -7.5511741292259922e+00, -9.5025327155338724e-01,
       2.3304370581864524e+00, 3.0334102879095742e-01,
       -7.8716691626460078e-01, 1.3890961483077627e-01,
       -1.8988447326698138e-01, 4.7490009003818473e-02,
       1.3874918197026007e-02, -1.6815663992327340e-02,
       3.7877208660702752e-02, 5.2463176324867291e-03,
       -1.0028170535237337e+00, -6.1398310312902804e-01,
       5.4196694238483534e-01, 2.7466843209691710e-01,
       -6.8476908002050490e-03, -5.6667719490799427e-02,
       -1.1201926555565787e-01, 3.1789966431816967e-02,
       -5.9496386892318931e-03, -3.0963100320165219e-03,
       5.2463176324867274e-03, 9.0018552109654044e-03,
       9.3023844562213581e+03, 8.3548182014805263e+02,
       1.4944346223144589e+03, -2.9530294709506933e+02,
       -8.4809569629496457e+02, 3.8432006664368032e+02,
       -1.0983262856646024e+02, 3.0774210669693456e+01,
       1.8111130171226442e+01, -1.3703336915270434e+00,
       -1.3817132792707811e+00, -5.1122427088214559e-02,
       8.3548182014805298e+02, 8.4243219999208559e+03,
       -2.2495770739482629e+02, 6.0410610018581303e+02,
       6.1785213915129333e+01, -2.4640382107418350e+02,
       3.3710788164313804e+01, -1.4953922109646600e+01,
       1.8805736615574482e+00, -2.2686732894874706e+00,
       1.2946990879698583e+00, 4.0724840292852454e-01,
       1.4944346223144589e+03, -2.2495770739482626e+02,
       2.9902249452954816e+03, 6.2059076072544812e+01,
       1.7331385978081940e+02, -8.9757800827080857e+01,
       3.6119126255359035e+01, -2.7682314243428858e+00,
       6.4110791558396962e-01, 3.3224808025150838e+00,
       -1.3711605241804370e-01, -1.6665838948273282e-01,
       -2.9530294709506956e+02, 6.0410610018581303e+02,
       6.2059076072544819e+01, 2.3420876193352078e+03,
       -6.5880779588743961e+00, 1.2606786052883281e+02,
       -1.4121225499386687e+01, 1.5938535597821463e+01,
       -1.7124061909637929e+00, -3.0631964708553041e+00,
       -5.1896237291775615e-01, -1.8255032751036582e-01,
       -8.4809569629496457e+02, 6.1785213915129333e+01,
       1.7331385978081940e+02, -6.5880779588743978e+00,
       4.2684611495062313e+02, 4.9053398320855472e+01,
       -4.1651195651760320e+00, 7.1452477222844006e+00,
       4.3410423432267544e+00, 1.3316768354271888e-01,
       8.5607400105379580e-02, -3.1621245143074794e-02,
       3.8432006664368032e+02, -2.4640382107418355e+02,
       -8.9757800827080857e+01, 1.2606786052883278e+02,
       4.9053398320855479e+01, 2.2035348570546199e+02,
       6.3012707934163608e+00, 5.9113785719337975e-01,
       -9.5810446605597899e-01, -5.6857725912052437e-01,
       1.6350621820803254e-01, 5.5139064649420845e-02,
       -1.0983262856646024e+02, 3.3710788164313804e+01,
       3.6119126255359035e+01, -1.4121225499386687e+01,
       -4.1651195651760338e+00, 6.3012707934163608e+00,
       2.3290335081071532e+01, -2.9159051635552400e+00,
       -2.7868773725764298e+00, 2.7152990573782221e-01,
       9.5426652921257581e-03, 4.8894983667664517e-02,
       3.0774210669693456e+01, -1.4953922109646607e+01,
       -2.7682314243428854e+00, 1.5938535597821463e+01,
       7.1452477222844006e+00, 5.9113785719337975e-01,
       -2.9159051635552391e+00, 1.4945570821898171e+01,
       -2.1577140697828194e+00, 6.3676790709335940e-01,
       -4.9064401143520738e-02, -1.9248976342545358e-02,
       1.8111130171226442e+01, 1.8805736615574498e+00,
       6.4110791558396896e-01, -1.7124061909637931e+00,
       4.3410423432267544e+00, -9.5810446605597832e-01,
       -2.7868773725764298e+00, -2.1577140697828194e+00,
       1.5467339578790766e+00, -1.1393603401682144e-01,
       -3.5568122616277557e-02, 5.2330020137810746e-05,
       -1.3703336915270432e+00, -2.2686732894874702e+00,
       3.3224808025150838e+00, -3.0631964708553037e+00,
