%YAML:1.0
means: !!opencv-matrix
   rows: 15
   cols: 6
   dt: d
   data: [ -8.5081331485009599e+01, -8.8550461092430801e+00,
       2.3606968013011976e+01, 8.6921612820507733e+01,
       -1.8256681410097899e+00, -5.0856021704751466e+00,
       1.4967446060186779e+02, 5.7483106009663283e+00,
       -4.1502876006530329e+01, -8.2562003357074309e-01,
       -6.3068379914106023e+00, 1.2711868861438319e+01,
       5.4902188518672062e+01, -3.9080227418469946e+01,
       2.7048617922218504e+01, -2.8193144845912911e+01,
       2.0756462719348480e+01, 7.6132266927166758e-01,
       5.6688264134636803e+01, 9.3998860249645261e+01,
       1.2504185121993002e+01, 2.6566209646272604e+01,
       1.7020004675950865e+01, -2.6925940768011349e+00,
       4.8148571057792054e+01, -8.7679901424127522e+01,
       -1.5889204052360753e+01, 5.8314111679405187e+01,
       -2.2527491431813749e+00, 3.3976502766462313e+00,
       -1.7397677956641360e+02, -1.3606624134293586e+01,
       4.1552033997613385e+01, 1.1059624924930702e+01,
       -5.3058544942005224e+00, 3.7513077634880054e+00,
       8.3571583933953775e+01, -5.9842807084797570e+01,
       -2.6862597671437911e+01, 3.7562095325976351e+01,
       -8.3765139292666628e+00, 7.6841088864008089e+00,
       -1.0898155166183827e+02, 4.5970193127308754e+01,
       5.1718144793228134e+01, -3.2262327972750789e+01,
       -3.8564465639901844e+00, -8.8514690532225533e+00,
       1.7324867405144889e+02, 1.5751318953974373e+01,
       -5.9650843050077311e+00, -2.0008604079340436e+01,
       -1.9426223775977366e+01, -2.5616859702823742e+00,
       -8.4463594993082012e+01, -1.3606394126985589e+02,
       2.0569800668377969e+01, 3.4247155052680434e+01,
       1.1967192286221466e+00, -1.2272366597448787e+00,
       -2.2544955528091410e+02, 8.9536001180942549e+01,
       1.8941728573247453e+01, -4.9198661950689434e+01,
       -1.9994511725601182e+01, 1.5120604101291798e+01,
       -6.0583722209113752e+01, 3.3935369171239302e+00,
       -5.2472828162056757e+01, -8.4511092619750183e+00,
       2.0666852035914026e+01, -1.9064727428351669e+00,
       8.2538854236005989e+01, 1.7343380554621572e+01,
       -2.3040879936190656e+01, -3.2269114317982428e+01,
       -2.5842869467420734e+01, -2.0138876324652937e+01,
       1.3433200727339328e+01, 1.3097474360334485e+02,
       1.5419028650511666e+00, -7.5077299302116373e+01,
       1.9747749779231889e+01, 7.4163414287083622e+00,
       6.4797883318960970e+01, 2.6603314596554647e+01,
       -3.9414433171096967e+01, -3.4996711516404680e+01,
       -1.6000886922039392e+01, -1.3449298318761278e+01 ]
covs: !!opencv-matrix
   rows: 90
   cols: 6
   dt: d
   data: [ 7.3253854111313785e+03, 4.2989646649266774e+02,
       2.6456771414711134e+03, -2.8005619219816697e+02,
       6.2624466652866329e+02, -3.7700119365743539e+01,
       4.2989646649266786e+02, 2.0051098326713618e+03,
       -2.2016976691301036e+02, 1.0186270487953657e+02,
       2.8289203631834687e+02, 2.8220441619202501e+00,
       2.6456771414711138e+03, -2.2016976691301031e+02,
       2.5693927810610849e+03, -5.5754460603371619e+01,
       -1.7925228444100631e+02, 1.2280296751636351e+01,
       -2.8005619219816697e+02, 1.0186270487953657e+02,
       -5.5754460603371641e+01, 4.9642651578937898e+02,
       -1.4219196487887982e+02, -4.8631412488482255e+01,
       6.2624466652866340e+02, 2.8289203631834687e+02,
       -1.7925228444100631e+02, -1.4219196487887982e+02,
       2.7734943434032806e+02, -5.2639428012808928e+01,
       -3.7700119365743525e+01, 2.8220441619202457e+00,
       1.2280296751636355e+01, -4.8631412488482255e+01,
       -5.2639428012808928e+01, 6.7679168666564166e+01,
       4.5354728809078115e+03, -2.5019472711044077e+00,
       2.8553349156343065e+03, 7.9484960517900944e+01,
       -1.2634161301904734e+02, -1.0231498339379171e+02,
       -2.5019472711044295e+00, 6.2458409381735155e+03,
       -1.7691902542462478e+02, 1.8740777763076649e+03,
       -5.7901343975380613e+01, -5.1059414980248555e+01,
       2.8553349156343065e+03, -1.7691902542462472e+02,
       2.5649820231873296e+03, 1.2604821263246774e+02,
       -7.8980850526039873e+01, 5.7222582608176658e+01,
       7.9484960517900902e+01, 1.8740777763076649e+03,
       1.2604821263246770e+02, 1.5371292458237292e+03,
       -3.7108441294996538e+01, -1.0585926273658448e+02,
       -1.2634161301904736e+02, -5.7901343975380620e+01,
       -7.8980850526039873e+01, -3.7108441294996538e+01,
       2.0213702344297420e+01, 1.3549075066535686e+01,
       -1.0231498339379171e+02, -5.1059414980248548e+01,
       5.7222582608176658e+01, -1.0585926273658448e+02,
       1.3549075066535686e+01, 5.2082386763402710e+01,
       4.5327615224603605e+03, 6.0084245201377826e+01,
       1.1119198373131865e+03, 1.0499755204222279e+02,
       -4.8457988546999110e+02, 2.3045057798500889e+02,
       6.0084245201377804e+01, 4.3047720245409564e+03,
       8.3897282369986371e+01, -1.3553390710180395e+02,
       1.0946149925977237e+02, -1.7259082442209342e+02,
       1.1119198373131862e+03, 8.3897282369986343e+01,
       1.5428754620388429e+03, -7.8669032836744668e+00,
       5.9129148384458233e+01, -1.0943097458073554e+02,
       1.0499755204222279e+02, -1.3553390710180403e+02,
       -7.8669032836744668e+00, 1.1660423770195257e+03,
       -8.0909050952487746e+01, 1.9481168976988411e+02,
       -4.8457988546999115e+02, 1.0946149925977237e+02,
       5.9129148384458254e+01, -8.0909050952487746e+01,
       2.7235005019977189e+02, -1.6510534336645573e+01,
       2.3045057798500883e+02, -1.7259082442209342e+02,
       -1.0943097458073554e+02, 1.9481168976988411e+02,
       -1.6510534336645573e+01, 2.0367444197592155e+02,
       5.5137277731544546e+03, -2.0139014042879700e+02,
       1.5943644437927037e+03, -4.3148338095187277e+01,
       -6.0711275973599152e+02, 2.0110911668504997e+02,
       -2.0139014042879703e+02, 3.2086132473151279e+03,
       -3.4780072048268443e+02, -8.2461930844563847e+02,
       1.4667131400111739e+02, -2.0601380735997543e+02,
       1.5943644437927037e+03, -3.4780072048268443e+02,
       2.2698907650703682e+03, -4.8475723890381886e+01,
       9.1008700856336034e+01, -7.8860963270570821e+01,
       -4.3148338095187249e+01, -8.2461930844563847e+02,
       -4.8475723890381886e+01, 1.0454406998551035e+03,
       -5.3778136086001609e+01, 1.4100979100316479e+02,
       -6.0711275973599152e+02, 1.4667131400111739e+02,
       9.1008700856336034e+01, -5.3778136086001602e+01,
       2.8256874886789808e+02, -3.0946769353041876e+01,
       2.0110911668504997e+02, -2.0601380735997546e+02,
       -7.8860963270570807e+01, 1.4100979100316476e+02,
       -3.0946769353041876e+01, 1.6967455583318076e+02,
       6.2099153431778632e+03, 9.1821366543300962e+02,
       2.7023081310006214e+03, -4.1362431170513031e+02,
       -3.2087806974962312e+01, 2.9491160651868825e+02,
       9.1821366543300962e+02, 6.5167529697184073e+03,
       -3.3828851517026527e+02, 1.8227872203781899e+03,
       -2.6265446663057254e+01, 1.2206553849932780e+02,
       2.7023081310006214e+03, -3.3828851517026510e+02,
       2.6399784540093415e+03, 9.8573934457091724e+01,
       -1.4440156100007920e+02, -3.2413851824402272e+01,
       -4.1362431170513020e+02, 1.8227872203781899e+03,
       9.8573934457091724e+01, 1.4048676898810427e+03,
       -9.1396853767974918e+01, -2.7013409912588287e+02,
       -3.2087806974962312e+01, -2.6265446663057251e+01,
       -1.4440156100007923e+02, -9.1396853767974918e+01,
       3.6560903554376672e+01, 2.8489101610612089e+01,
       2.9491160651868825e+02, 1.2206553849932780e+02,
       -3.2413851824402279e+01, -2.7013409912588287e+02,
       2.8489101610612089e+01, 1.0812805946513478e+02,
       6.8372584605280144e+03, -5.3088686238007381e+02,
       2.9096799662298422e+03, 4.0063166556016057e+02,
       3.0528123694153328e+02, -3.2678486509488710e+02,
       -5.3088686238007381e+02, 7.8119219586719664e+03,
       2.6417426041486753e+00, 1.3136846716807636e+03,
