%YAML:1.0
means: !!opencv-matrix
   rows: 9
   cols: 2
   dt: d
   data: [ 5.4795309161029536e+01, 9.7749004919978528e+00,
       -1.8637646998879703e+02, -9.7577753865919149e+01,
       -2.1560153367296846e+02, 3.8200295655066327e+01,
       7.9704658917349605e+01, 1.2483294668641598e+02,
       8.5936940884289172e+01, -1.0736044849834266e+02,
       -8.1771881670339653e+01, 1.6683442078219897e+00,
       1.7674193839594960e+02, 1.3133784445593209e+01,
       -1.3801009231963333e+01, -1.0947973730943502e+02,
       -4.8673397649114058e+01, 1.2601143166367886e+02 ]
covs: !!opencv-matrix
   rows: 18
   cols: 2
   dt: d
   data: [ 4.1106926394850125e+03, 6.6120587955877008e+00,
       6.6120587955876768e+00, 3.5756751703271234e+03,
       4.9917161363705281e+03, 2.6314706668085159e+02,
       2.6314706668085159e+02, 6.3443179267576179e+03,
       4.0065518031732031e+03, 8.8120825076165625e+02,
       8.8120825076165590e+02, 8.6419348535989193e+03,
       4.6532639079109294e+03, -3.3134092200761586e+02,
       -3.3134092200761580e+02, 5.1190783651433858e+03,
       8.3180908267950763e+03, 5.8480429564548922e+02,
       5.8480429564548922e+02, 2.6980547097994267e+03,
       2.9423850982000513e+03, 1.0377282343477320e+02,
       1.0377282343477316e+02, 6.7521641080625304e+03,
       4.4675462572943843e+03, 5.6207174980361754e+02,
       5.6207174980361754e+02, 6.2512444844226002e+03,
       7.4780049069818242e+03, -1.5432623357735713e+03,
       -1.5432623357735713e+03, 1.1688984527441851e+04,
       4.9834712026076131e+03, -3.5843411413542498e+02,
       -3.5843411413542509e+02, 5.6489327731838266e+03 ]
weights: !!opencv-matrix
   rows: 1
   cols: 9
   dt: d
   data: [ 1.9138217383276873e-01, 6.0592516569247516e-02,
       8.5262532613801081e-02, 9.0373749486616528e-02,
       1.2612027598448863e-01, 1.3331823311277530e-01,
       1.0473452800856893e-01, 1.0528693893306569e-01,
       1.0292905145866456e-01 ]
pca_proj: !!opencv-matrix
   rows: 2
   cols: 21
   dt: f
   data: [ 1.02604255e-02, 8.46533298e-01, 5.67100069e-05,
       -5.08859605e-02, 4.68450844e-01, 1.89823491e-04, -5.55210514e-03,
       1.46431834e-01, -1.98076777e-05, -7.31809530e-03, 1.34976640e-01,
       -4.80776835e-05, -6.69380091e-03, 1.46460637e-01, -1.57161594e-05,
       2.11501210e-05, 1.32904761e-05, -3.16381829e-07, -1.62182951e-05,
       4.47223283e-04, 4.04881848e-06, 8.19958210e-01, 1.87153444e-02,
       -7.93817599e-05, 4.28530097e-01, 8.29724409e-03, 8.75842488e-06,
       2.28233948e-01, -2.37727305e-03, -1.84168690e-04, 2.08515689e-01,
       -1.20344283e-02, -2.14158339e-04, 2.18838796e-01, -7.27251405e-04,
       -1.84816250e-04, -3.05604735e-05, -5.04301033e-06,
       -1.27042276e-05, 6.79167337e-04, 1.30049409e-06, -1.63660501e-04 ]
pca_mean: !!opencv-matrix
   rows: 1
   cols: 21
   dt: f
   data: [ 4.33646118e+02, 2.44701981e+02, 1.49672687e+00,
       4.18191803e+02, 2.60206879e+02, 1.62062907e+00, 3.68545319e+02,
       2.27059875e+02, 1.69770968e+00, 3.19420807e+02, 1.63929108e+02,
       1.75046074e+00, 3.16613464e+02, 2.25532654e+02, 1.70717156e+00,
       1.08872897e-04, -9.74175637e-05, 6.24380555e-05, -2.17504916e-04,
       -2.50119597e-01, 1.75055194e+00 ]
gamma: !!opencv-matrix
   rows: 9
   cols: 1
   dt: d
   data: [ 8.5559163878974875e-01, 9.0370249051851426e-01,
       9.0756450643572317e-01, 8.8843634726597309e-01,
       8.6837914074317557e-01, 8.7129725926713308e-01,
       8.9608576008751306e-01, 9.2748744647455450e-01,
       8.9135358369231721e-01 ]
