%YAML:1.0
means: !!opencv-matrix
   rows: 18
   cols: 9
   dt: d
   data: [ -2.0281453362313511e+02, 5.8973856441322621e+00,
       4.2541345887065937e+01, 4.4374782903636123e-01,
       -1.0214427023178018e+01, 5.6240466353187237e+00,
       -1.9664981741876439e+00, -2.1601816367726348e+00,
       -7.4417079622513027e-01, 6.9957410139242683e+01,
       -8.0998560027019195e+00, 2.7801228154811714e+01,
       1.0413924487146330e+01, 2.0085053173690461e+01,
       4.0143631939276343e+00, 3.0273634648595199e-01,
       8.6374407194583314e-01, 4.3979667508974973e-01,
       6.8624335526788585e+01, -3.4651562402530374e+01,
       -2.0265054334756361e+01, 2.1607794455733295e+01,
       -6.8868037712049262e+00, 7.7851283170667784e+00,
       -7.7976895222625553e-01, 1.2592257140544276e+00,
       5.9553350509408187e-01, 8.1784709189676903e+01,
       1.5675299211474821e+01, -2.3777730477623706e+01,
       -3.2391849609500355e+01, -2.6499821901013210e+01,
       -1.9771175186857597e+01, 9.1869605204858740e-01,
       -2.3555126834125231e+00, 2.0138545710039418e-01,
       -1.4673482991554164e+02, -1.8936658378676288e+01,
       3.8569701649567214e+01, 1.7349830835398322e+01,
       -1.5355280327628889e+00, 3.0683959415524300e+00,
       1.4451768310194144e+00, 1.6645035444299339e+00,
       5.5944191806587962e-01, -5.8371040029811596e+01,
       -8.0468181505447149e+01, 1.7368047938746347e+01,
       5.0077467488062524e+01, 7.7416355151807643e+00,
       -4.1038736455212650e+00, 2.0299173173230560e+00,
       -3.1424284083752463e-01, 1.9861177709265912e-01,
       -2.6769092184401973e+01, 9.9644927789719389e+01,
       5.6214924076391366e+00, -6.6679311884667982e+01,
       -1.8297344747632135e+01, 9.2833825677501274e+00,
       -2.6377236378503355e+00, 1.6332278536341557e-01,
       7.7778180633884275e-01, 3.4434138315747724e+01,
       1.4760968192520204e+02, -2.3691124887336330e+00,
       -8.0633458834751721e+01, 2.0654882611660444e+01,
       9.7830337693202605e+00, 9.2586179792753187e-01,
       2.5030801982605793e+00, 1.8951272517320490e+00,
       -2.5883760982775538e+01, 2.5698814448292118e+00,
       -5.6858753355142248e+01, 4.7036276409606943e+00,
       2.2831673184146322e+01, 3.3204995859581357e+00,
       6.5117320108698140e-01, 6.9950229625866389e-01,
       3.7312722089182887e-01, 8.8475059059213777e+01,
       4.9724444042861982e+01, -1.5818962936448735e+01,
       -3.4526764864578489e+01, -5.2136500008470366e-01,
       -1.0988608886010017e+01, 1.3664338803083025e+00,
       1.2516466207028947e+00, 2.4217361202780402e-01,
       1.5535314242307348e+02, 1.0089959926824767e+01,
       -3.9578898294196883e+01, -4.2813441227243390e+00,
       -1.5349876470264372e+01, 7.5803993927791042e+00,
       -3.2007244567222117e+00, -1.8627515359662208e+00,
       -1.5036439831034718e+00, -6.1504969968387755e+01,
       2.9581106525123911e+01, 2.1885907083104900e+01,
       -2.5860300324184802e+01, 2.1548374314072444e+01,
       -1.6986205124525615e+01, 2.5291783251550419e+00,
       1.8678048952279871e-01, 1.8276627514754379e-01,
       3.1385570342418885e+00, 7.8928299217633819e+00,
       1.2231907885800425e+01, -3.0320379478150734e+00,
       1.1908805579687563e+01, -5.0281847619092979e+00,
       -6.1063629567797806e+00, -3.8562316414252558e+00,
       -4.7049402354068208e+00, 1.4550804520158744e+02,
       -7.8495409956276117e+00, -3.9770096835823153e+01,
       1.1123033822682403e+01, -5.0995002807963061e+00,
       1.2611235009519392e+01, -3.0756214042525559e-01,
       1.5337567929345013e+00, 1.4948529085858378e-01,
       -1.4851826929536682e+02, -1.0318651412458647e+02,
       2.7631293664118825e+01, 6.6449845884162414e+01,
       -1.9675262265303594e+01, 6.4705257543139916e-01,
       -2.1684290272406528e-01, -1.4489921970815507e+00,
       1.0186396229518691e+00, 1.6126772680074384e+02,
       2.6989729215822891e+01, -4.3154451322713840e+01,
       -3.5543170009259335e+01, -9.7716762841139300e+00,
       1.3144850206608295e+01, 7.1306659790573657e-01,
       -3.8516714228899809e+00, -1.8600554674777792e+00,
       -1.9136901280095034e+02, 8.4005513519832078e+01,
       4.0770652022883866e+01, -4.8128152565679933e+01,
       -2.1715576371464341e+01, 1.1258587122211067e+01,
       -2.4827270835047512e+00, 1.9661308108922326e+00,
       6.8846776820034217e-01, 3.8343473279415200e+01,
       -9.5784437309723401e+01, -1.1654408186052295e+01,
       6.7359467830114596e+01, -4.0088851884355474e+00,
       -6.4831639113783646e-01, 2.0548663305623984e+00,
       -3.2808427937182505e-01, 2.9039331270165197e-02 ]
