%YAML:1.0
means: !!opencv-matrix
   rows: 7
   cols: 8
   dt: d
   data: [ -2.0573663781556416e+01, 1.1329303288205215e+02,
       -1.0424462462896198e+01, -4.9769738068790019e+01,
       -2.6194471278942975e+00, -7.5556887742352852e-01,
       7.1626154498582284e-01, -4.4542517092201883e-01,
       8.3575695047304421e+00, -1.6775641422561441e+02,
       1.7232568219558974e+01, 5.7445613153067853e+01,
       1.7981378493654002e+01, -1.0219591940183040e+01,
       -8.0958657888585839e-01, -1.0523995044761747e+00,
       9.5146285115284627e+01, -4.4918273827365127e+01,
       -2.1383840703146561e+01, 3.7709938169849138e+01,
       -2.8213077786759165e+01, 2.3327472907651082e+01,
       1.1837514959932138e+00, 1.2547867571809521e+00,
       -1.5145377733451298e+02, -7.4527750081203564e+01,
       4.3358188981203668e+01, 2.4102309511978046e+01,
       -1.3762502257481424e+01, 4.4257820410686399e+00,
       -1.3873624084990808e+00, 3.3374709516022283e-01,
       2.8502153368645082e+01, -2.5174427826400880e+01,
       1.0686599406251711e+00, 1.0949027809891902e+01,
       2.1588851654661703e+01, 3.4323894901758205e+00,
       9.5568385278178725e-01, -5.4459654594968598e-01,
       -1.6296489930013567e+02, 3.4116220001109298e+01,
       3.4624623196271457e+01, -2.6223277016511950e+01,
       -2.1740276115907102e+00, -1.8562690263691946e+00,
       6.2851438589690223e-01, 9.2873955237805905e-01,
       1.0934952708744494e+02, 1.5858284073384580e+01,
       -2.9813161666760195e+01, 1.1416343933695683e+00,
       -9.2967420716581035e+00, -8.5948039923306361e+00,
       -1.2471976226209054e+00, 1.4082173688103042e-01 ]
covs: !!opencv-matrix
   rows: 56
   cols: 8
   dt: d
   data: [ 9.2047508968473830e+03, -6.6478503985504699e+02,
       2.1673738227025356e+03, -6.7087714846503570e+02,
       3.1011951541937191e+02, -4.3775445534180498e+01,
       2.5593720458340901e+01, 3.8151788947474323e+01,
       -6.6478503985504722e+02, 6.6050204320205467e+03,
       7.7814372536331109e+02, 2.4486784817482608e+03,
       -1.2901249787420142e+02, 2.2384380366730490e+01,
       -9.3054222522709807e+01, 2.4261113048430180e-01,
       2.1673738227025351e+03, 7.7814372536331109e+02,
       2.7474332915796685e+03, -8.5187218860167420e+01,
       -1.0477334115300292e+02, -5.8336179385092130e+01,
       -1.5269540904003602e+01, -3.1569388279493196e+00,
       -6.7087714846503582e+02, 2.4486784817482608e+03,
       -8.5187218860167420e+01, 1.7825141791214064e+03,
       1.3410548843200661e+02, -1.4371843376102649e+02,
       1.6771856197706551e+01, 1.5586147252190088e+01,
       3.1011951541937202e+02, -1.2901249787420142e+02,
       -1.0477334115300295e+02, 1.3410548843200661e+02,
       2.2235149569194479e+02, -1.6950353436597582e-02,
       -1.8377732444425398e+01, 1.2134160488158589e+01,
       -4.3775445534180498e+01, 2.2384380366730483e+01,
       -5.8336179385092137e+01, -1.4371843376102649e+02,
       -1.6950353436597187e-02, 5.5746288623019808e+01,
       -1.6973775232800893e+01, -4.1341259605315992e+00,
       2.5593720458340915e+01, -9.3054222522709807e+01,
       -1.5269540904003605e+01, 1.6771856197706548e+01,
       -1.8377732444425401e+01, -1.6973775232800893e+01,
       2.9993496826306334e+01, -7.5182527412267042e-01,
       3.8151788947474330e+01, 2.4261113048430011e-01,
       -3.1569388279493187e+00, 1.5586147252190084e+01,
       1.2134160488158590e+01, -4.1341259605316010e+00,
       -7.5182527412267042e-01, 1.7122456669927033e+01,
       5.5592775177680896e+03, -7.2941578568399655e+02,
       3.0260368317914126e+03, -9.1406987473511492e+02,
       4.6436037481992514e+01, -7.3191986066193166e+01,
       -6.2315011724862138e+01, -7.2614189011773469e+00,
       -7.2941578568399655e+02, 9.1519021520337301e+03,
       1.3396784052871672e+03, 1.7092656112253276e+03,
       9.7713767668233527e+02, 1.1983088680898422e+03,
       1.7197677084926099e+02, 1.3792567672473792e+01,
       3.0260368317914126e+03, 1.3396784052871667e+03,
       2.4673266792923214e+03, -2.1884552512421308e+02,
       1.3786613147229826e+02, 1.2668558582042034e+02,
       6.7695886232824201e+00, 6.8538618482482105e+00,
       -9.1406987473511492e+02, 1.7092656112253276e+03,
       -2.1884552512421308e+02, 2.0393032167340334e+03,
       -3.1759022767606598e+02, -2.8035266804949543e+02,
       -3.8725974655692674e+01, -3.3992701074868400e+01,
       4.6436037481992493e+01, 9.7713767668233504e+02,
       1.3786613147229824e+02, -3.1759022767606598e+02,
       4.1722652735207691e+02, 2.8416973552040969e+02,
       1.9033015487231619e+01, 6.1124429524509640e+00,
       -7.3191986066193166e+01, 1.1983088680898425e+03,
       1.2668558582042031e+02, -2.8035266804949543e+02,
       2.8416973552040969e+02, 4.7430694389958165e+02,
       1.9167634165849506e+01, 1.1744942662498122e+01,
       -6.2315011724862089e+01, 1.7197677084926096e+02,
       6.7695886232824209e+00, -3.8725974655692688e+01,
       1.9033015487231619e+01, 1.9167634165849506e+01,
       2.7371062505132631e+01, -2.6489959689265280e-01,
       -7.2614189011773460e+00, 1.3792567672473794e+01,
       6.8538618482482141e+00, -3.3992701074868407e+01,
       6.1124429524509640e+00, 1.1744942662498124e+01,
       -2.6489959689265280e-01, 2.0019484381613889e+01,
       4.6012783520987987e+03, 4.9654441753995734e+01,
       2.7991480035855784e+03, -8.7732695441086946e+02,
       2.2218701882381731e+00, -4.6398708171435864e+01,
       -7.5009327456663584e+01, 1.8423890817097206e+00,
       4.9654441753995691e+01, 5.2106639198132370e+03,
       9.0793099573751670e+02, 2.6853458573445173e+03,
       -1.5337724142736457e+01, -7.3978011136730231e+01,
       -2.8326729005967536e+01, -4.1748474011615862e+01,
       2.7991480035855784e+03, 9.0793099573751635e+02,
       2.5536517993095390e+03, -8.2169423877040018e+01,
       -1.1189151059927936e+02, -5.9898131559942513e+01,
       9.5723054462599872e+00, -5.8367820101108303e-02,
       -8.7732695441086923e+02, 2.6853458573445164e+03,
       -8.2169423877040003e+01, 1.7521372463542828e+03,
       4.9407411756577822e+01, -1.0637638808175562e+02,
       -8.6412786080216577e+00, 4.9141213041991421e+00,
       2.2218701882381744e+00, -1.5337724142736468e+01,
       -1.1189151059927937e+02, 4.9407411756577822e+01,
       5.0816092377704564e+01, -3.6901983330032401e+01,
       -2.4733345102015707e+00, 1.1675813658401738e+01,
       -4.6398708171435857e+01, -7.3978011136730231e+01,
       -5.9898131559942513e+01, -1.0637638808175562e+02,
       -3.6901983330032401e+01, 1.3456092449066736e+02,
       -2.3197908115329493e+01, -1.5659152825959393e+00,
       -7.5009327456663598e+01, -2.8326729005967543e+01,
       9.5723054462599872e+00, -8.6412786080216595e+00,
       -2.4733345102015698e+00, -2.3197908115329493e+01,
       2.1596357494977166e+01, -3.7688051231347203e-01,
       1.8423890817097190e+00, -4.1748474011615862e+01,
       -5.8367820101108130e-02, 4.9141213041991412e+00,
       1.1675813658401738e+01, -1.5659152825959386e+00,
       -3.7688051231347219e-01, 1.4236603984166990e+01,
       7.2257666132517352e+03, 6.0393145352938984e+02,
       2.8381522318644861e+03, -1.0163476897769543e+03,
       5.7883926964530917e+02, 3.9097200911849836e+02,
       1.1982866866201506e+02, 3.4039782025860724e+01,
       6.0393145352938984e+02, 7.7719452725732817e+03,
       7.2985992472210921e+02, 2.1405027408456094e+03,
       7.1584743221691326e+02, 6.7592219658515762e+02,
       1.0671164187429150e+02, 3.8348956239588816e+01,
       2.8381522318644861e+03, 7.2985992472210910e+02,
       2.4805886134832081e+03, -6.0880798498615562e+01,
       -1.4754609083170564e+02, -8.3971374289111012e+01,
       -3.0498224183661229e+01, -6.5940778594013745e+00,
       -1.0163476897769543e+03, 2.1405027408456094e+03,
       -6.0880798498615562e+01, 1.9087116444431374e+03,
       -2.4346765871424813e+02, -1.2442231089232536e+02,
       -2.2760311121939296e+01, -2.0801847458404129e+01,
