%YAML:1.0
means: !!opencv-matrix
   rows: 10
   cols: 16
   dt: d
   data: [ -1.7276885868051883e+02, -9.6965225456568248e+01,
       4.7717514729186071e+01, 3.3018727816751912e+01,
       -2.7791316588670369e+01, 4.2818996357151284e-01,
       -2.8197154713306745e+00, 7.8045064514426499e-02,
       -4.3906844660897071e-01, 1.4145887077547903e-01,
       5.5441434685271296e-02, 2.9086031992674437e-02,
       -5.4706792559979988e-03, -2.1779240650627507e-03,
       7.5729590933154706e-03, 9.1019377702596376e-04,
       3.8472453250109361e+01, -1.4926273687086189e+01,
       -2.5133037535154958e+00, 8.3898872837687986e+00,
       1.5949190513238170e+01, 3.0665130289264773e+00,
       9.4784269966325918e-01, -4.2773400232746167e-01,
       -3.3253715647041465e-01, 3.4467608596289570e-02,
       3.8504755934697672e-03, 1.8084758071243663e-02,
       1.9965122401721254e-03, -5.6660116525061102e-03,
       1.3102859597464288e-02, 1.9492291331404908e-03,
       -7.9927250273313817e+01, 1.0918302677632704e+02,
       1.9412884208643615e+00, -5.0226811176881981e+01,
       -2.7456449838885737e+00, 8.0886296548411438e-02,
       9.7564321189387226e-01, -3.5984260887422154e-01,
       -3.8143771289895861e-01, -1.2460026024520805e-01,
       7.4984342811640556e-02, -6.0436008865841066e-04,
       3.1236649984465676e-03, -2.3421754638795929e-03,
       2.4208934733589336e-03, 6.5855758516838395e-03,
       1.3993242201370521e+02, -2.8412773525109174e+01,
       -3.3559940195535717e+01, 3.0186247577078522e+01,
       -1.8485812215342662e+01, 7.7507280594512729e+00,
       1.1835233171806930e-01, 2.6608617757273922e-01,
       -2.1887314183807050e-01, 2.8931839284912223e-02,
       1.3972299399658672e-01, -8.9833411880092858e-03,
       -3.3443073073879270e-04, 2.7605885783670491e-04,
       1.1176179995943658e-03, -1.8946781279098005e-03,
       7.3502345963984837e+01, 5.8469856500644546e+01,
       -1.1617276776738697e+01, -1.9807727524429669e+01,
       1.0343046192709406e+00, -8.1351471257405006e+00,
       -1.1095237400089921e+01, 2.1040996880891520e+00,
       6.1185522290586976e+00, 1.0893040803983243e+00,
       -2.0660913013783987e-02, 1.2708478454665054e-01,
       -6.4205354580211690e-02, 2.6805399344392345e-02,
       -4.2389689537295779e-02, -2.0516465769616792e-02,
       -1.1500788426891024e+01, 2.5776283503886116e+01,
       -5.8976027513229452e+00, -2.5953629330039046e+01,
       -1.1309341488952813e+00, -5.3810191614627740e+00,
       9.0736380024447838e-01, -1.8335604170765982e+00,
       2.0569043876546678e+00, 1.2965741333547505e+00,
       4.7437786837125205e-02, -1.6784649626773182e-01,
       9.8322560218078326e-03, 1.9985043375569958e-02,
       3.7554210761561735e-02, 1.4300925328319235e-02,
       2.3944667008208267e+01, -1.4610380911709692e+01,
       -7.4743587348616485e+00, 4.9015918370216029e+00,
       -1.2261692147871011e+01, -1.2208548723336508e+01,
       1.2382378537496296e-01, -3.5130995026252398e-01,
       -1.5015897389110910e+00, 2.0720621109536241e-01,
       -3.2561102029225358e-01, 1.4814756064851442e-02,
       5.6408749534465012e-03, 6.2560581310978731e-03,
       -1.8031193401719485e-02, -4.0119296014864345e-03,
       6.3216716454476597e+01, 1.1590151338192781e+02,
       -3.2983338173033317e+01, -4.1534139875250872e+01,
       -8.5129793929596342e+00, 1.7497616497485944e+00,
       1.7444676180492222e+00, -4.2311733430033423e-02,
       -3.2233519673887812e-01, -1.6454419983042695e-01,
       5.4238607757263364e-02, -2.6456849420860379e-02,
       3.6783607349834000e-03, 1.1301105775542785e-02,
       -2.7329614532087741e-02, 2.0383735650141050e-03,
       -1.6619487464173983e+02, 5.3343707202308943e+00,
       3.9020657095120832e+01, -1.4896119122404704e+01,
       -1.9379160394081369e+00, 4.5589014615535534e-01,
       2.7876739341986678e-01, 9.2810626821318298e-01,
       -4.8590212611623147e-03, 5.5371041744322530e-02,
       -5.1443685384368630e-02, -1.8759205399059644e-02,
       3.5379699125364103e-03, 2.0927306835135284e-03,
       -1.2220956511880354e-03, -5.7246633225319305e-03,
       3.8648939920806473e+00, -1.1362945650689467e+02,
       8.1856143459563846e+00, 3.4221494488853267e+01,
       8.0764503565662515e+00, -1.7269913960775263e+01,
       -2.7213088216380723e+00, 7.0608723189271227e-01,
       2.4750741589245084e+00, -1.2898797250296929e+00,
       -4.1710589998598883e-02, -7.4174280282493454e-02,
       -2.9766123187229591e-03, -8.0976688027374275e-03,
       -1.9207358710992474e-02, -2.7067049439877684e-04 ]
