%YAML:1.0
means: !!opencv-matrix
   rows: 39
   cols: 6
   dt: d
   data: [ 1.1503371516211274e+02, -5.8190041901458223e+01,
       -3.8239579118048887e+01, 3.9045294641966159e+01,
       -1.1946051688684376e+01, 1.1688846669870420e-01,
       -1.1431337737412977e+02, 9.4603207155198092e+01,
       -4.6589113289139561e+01, -2.7976490442449553e+01,
       1.1779196966815114e+01, 1.6778629998354908e+00,
       6.2061904134111089e+01, 4.8793602732462176e+01,
       2.1878615755060082e+01, 2.2215468989121980e+01,
       1.7032505694291171e+01, -3.0774511359790835e+00,
       8.9571302068632576e+01, 1.7496129452625995e+00,
       -8.5735110105604690e+01, 1.5278909822172110e+01,
       -5.7632235984973867e+00, -6.1987250632991842e+00,
       -1.9685978338585653e+02, -9.0678377813168296e+01,
       5.6527511350962087e+01, 2.7116295279223518e+01,
       -2.8544620322988898e+01, -9.3796001950982770e+00,
       -1.9844656852788336e+02, -3.2950927282737922e+01,
       1.0047336542059350e+01, -4.7341419235660140e+01,
       -3.2963918793002227e+00, -4.3109056257936960e+00,
       8.1795595942187855e+00, -6.1241560675029696e+01,
       1.9499139220946464e+01, 2.4759177465166708e+01,
       4.0711230787060096e+01, 4.1075136580633220e+00,
       3.8855732521951261e+01, -1.7184354700846271e+02,
       -6.6286894695880365e+00, -2.5746020889951451e+00,
       8.3019404429412820e+00, 1.7008029660240211e+01,
       1.9866179307275743e+02, -4.7568288011641094e+01,
       -4.9197257200265465e+00, -3.1131690236414045e+01,
       -1.1964656757749413e+01, -2.5395359894746483e+00,
       1.6350851279839557e+02, 4.7840645016245354e+01,
       3.4202464882506526e+01, 4.0261345316047134e+01,
       -1.3160478297832505e+01, -5.0224102442942611e+00,
       1.7623143718625489e+01, 7.6746454107285995e+00,
       -1.0292869401905170e+01, -9.0315866820800572e+00,
       -1.1267761995164667e+01, -8.4524773828175892e+00,
       2.2605965803560544e+01, -1.4038725148512576e+01,
       -1.2226993127612817e+01, -2.8406813786103552e+01,
       -5.4338378306280264e+00, -2.5284275898542298e+01,
       4.1257621565650169e+01, -2.2419614178761538e+01,
       5.2807777580041941e+00, 6.4824484239116515e+01,
       2.2164504991233382e+00, 2.3655135278041755e+01,
       4.6022081028746165e+00, 8.5476030579263593e+01,
       -4.8461435212505560e-01, -3.7736296340002660e+01,
       1.8829240984722372e+01, -4.7907645345660690e+00,
       1.5061858997928365e+01, -2.2473168398212016e+02,
       8.9731933973976261e+00, 7.2409291068314033e+01,
       -2.7333868214651433e+00, -2.7345147089133000e+01,
       5.4768621176282473e+01, -9.0093998294565196e+01,
       1.0946192171069507e+01, 5.9077268411808554e+01,
       1.2570139246206706e+01, 1.7472835271680129e+01,
       1.2782709706337629e+02, 9.6692288837710734e+01,
       3.0851437213497899e+01, -6.4763978791655532e+01,
       -8.3642626707263137e+00, -2.5812969131719576e+00,
       -1.8918815968078815e+02, 9.2961137996069866e+01,
       3.8265521819101849e+01, 1.7045150055574464e+01,
       -3.4520026614015213e+00, -5.3971241940602601e+00,
       -7.2611311512272906e+01, 5.0931660308882655e+01,
       -4.3831587543060571e+01, 5.1851455120562520e+01,
       1.9919633324576427e+01, -6.5618069014812608e-01,
       -1.7789557950929879e+01, 1.0421938243899481e+02,
       5.4752089920000124e+01, -3.3683858576486784e+01,
       1.1782985019945830e+01, 5.8369312378889475e+00,
       -2.0725343183536128e+02, -5.4124060339654818e+01,
       -9.7330329016254584e+00, 4.7650683866747983e+01,
       -1.2740485726696884e+01, 1.5752365558854338e+01,
       1.3021770724591656e+01, -1.1506577776467876e+02,
       1.7530186226720144e+01, 5.3843744621768998e+01,
       4.6748506762611495e+00, 1.4933908558814188e+00,
       -1.6045015663828303e+02, -1.6675346743054013e+02,
       4.7004250375374554e+01, 5.9164829677787552e+01,
       -4.7130289625429249e+01, -2.2472796913586691e+01,
       1.0367511514548346e+02, -5.6000407368052691e+01,
       -2.2721824815261570e+01, 3.8779283568123908e+01,
       -2.4821720930882229e+01, 1.8103733521610703e+01,
       -1.2326037162813232e+02, -1.4104020937121604e+02,
       2.5920412463367839e+01, -3.0479083426284333e+01,
       -3.4268834142778783e+00, 1.3855249498129018e+01,
       -1.1137526230414208e+02, -1.6923574342906630e+01,
       5.1532596076452471e+01, 3.2230954099648287e+01,
       -3.9834432975182974e+00, 1.6291338883998066e+01,
       9.3739026194857274e+01, -3.4151986453375017e+01,
       -2.1518081630807220e+01, 3.4253457180954904e+01,
       -2.9863262077741453e+01, 2.9556033629175346e+01,
       3.3251832585156258e+01, 1.7958688434840192e+02,
       -1.9339984366081506e+01, 3.1425730042582423e+00,
       9.3505664355060858e-01, -8.5542417002431854e+00,
       -7.8327978230661230e+01, 1.3397838033045940e+02,
       -2.1391454968457277e+00, -5.7321363172325988e+01,
       -1.9898584499579510e+01, -1.2894898498405907e+00,
       -4.3368365626240873e+01, 3.6302834224863133e+01,
       9.0595824464265675e+01, 1.4424799600889578e+01,
       9.7286136001823085e+00, 7.1900556743353325e+00,
       9.6690124600326001e+01, -7.4671095063451020e+01,
       3.0857238498963149e+01, -4.8483210691040753e+01,
       1.4955662540073671e+01, 2.8178379712837534e+00,
       -1.1475916758465139e+02, 7.9054959485762780e+01,
       2.0042834218910393e+01, -5.9290463410437859e+01,
       -5.2508384408637907e+00, 3.0877023751224990e+00,
       -7.2976662512674309e+01, -3.3906677672096343e+01,
       9.0647015390578929e+01, -5.7217652071424340e+01,
       -4.4699200814191311e+00, 2.0422452877702288e-01,
       -3.4719533517216064e+01, -7.1256002946523154e+01,
       -5.5798549908264206e+01, -2.1855548701018876e+01,
       1.7688070418229049e+01, 3.3922422339654652e+00,
       1.0240485102382689e+02, 1.4800300543178884e+02,
       -2.7403721313028790e+01, 2.2753925108537981e+01,
       -8.1678574370307011e+00, -4.4215447914982846e+00,
       -1.6574018308375932e+02, -7.0513079186137617e+01,
       4.6113786187276986e+01, 1.4680016424520971e+01,
       -7.2620620309595925e+00, -1.4799290865729311e+01,
       2.0273361807648108e+01, 5.9322291763836930e+01,
       -5.3529289248377935e+01, -6.1867912038692687e+01,
       -3.2243670293195290e+00, -2.0045033488613790e+00,
       -1.2011997451759401e+01, -3.8109975359099959e+00,
       3.3766426271127967e+00, -6.8008037106616506e+00,
       3.6887256159808338e+01, -8.4505992708417175e+00,
       1.7577573899910459e+02, 2.6077563338696841e+00,
       -4.4899997416739794e+01, 6.4043847541422689e+00,
       -1.3627664980455052e+01, -9.6944760881728076e+00 ]
