%YAML:1.0
means: !!opencv-matrix
   rows: 22
   cols: 1
   dt: d
   data: [ 2.2580500010485048e+02, -3.7434601243859689e+01,
       -1.4550818812723932e+02, 9.6010427409016700e+01,
       -2.4551104614147900e+02, 7.2293223027315491e+01,
       1.4463628809999295e+02, 2.7612806363588096e+01,
       -8.9201600167329318e+01, -2.1116270744259089e+02,
       -2.8199441038065885e+02, 1.6852757759246876e+02,
       2.6497419588845963e+02, -1.1573556278551591e+02,
       -1.4955228751346114e+01, -6.2924696386918313e+01,
       1.1945534574532297e+02, 4.9366603928684782e+01,
       6.9903908314443788e+00, -3.2118724959989811e+02,
       -1.7787578492025801e+02, 1.9306975231221710e+02 ]
covs: !!opencv-matrix
   rows: 22
   cols: 1
   dt: d
   data: [ 3.9769979207134082e+02, 1.3084159839400812e+02,
       2.1676917359610076e+02, 1.2757266819173043e+02,
       3.8859555212946287e+02, 1.2382412485887431e+02,
       1.5213456119543645e+02, 1.1504214105576597e+02,
       1.6832952336082676e+02, 2.9983224487271730e+02,
       5.5838347454201767e+02, 1.7444972843228388e+02,
       7.3963122144300814e+02, 1.9249201215914289e+02,
       1.1309476154940978e+02, 1.4586529801730794e+02,
       1.3488713678486164e+02, 1.1702639669157628e+02,
       1.1029236349959045e+02, 1.0019834479814732e+03,
       2.5419964111256206e+02, 2.0708181951834413e+02 ]
weights: !!opencv-matrix
   rows: 1
   cols: 22
   dt: d
   data: [ 2.6800295274984020e-02, 5.4988378412246644e-02,
       4.7406190114545492e-02, 6.8696782245002044e-02,
       2.7265553670897277e-02, 7.1136999624659275e-02,
       5.2205702661492930e-02, 5.8993914928432339e-02,
       5.2327214308398137e-02, 3.5775515301692158e-02,
       2.0470115234656014e-02, 4.0870025838899211e-02,
       1.2091725040935593e-02, 4.9388780449282160e-02,
       5.8364260178653919e-02, 5.5239304767785991e-02,
       5.9626510977813720e-02, 6.8121867078683063e-02,
       5.8622236192133165e-02, 1.0696514486221205e-02,
       3.9098303492828813e-02, 3.1813809719740016e-02 ]
pca_proj: !!opencv-matrix
   rows: 1
   cols: 21
   dt: f
   data: [ 4.36961316e-02, 8.50134730e-01, 1.73015636e-04,
       6.54514134e-02, 4.60692108e-01, 2.29939164e-04, 7.67599978e-03,
       1.46649793e-01, -1.37564148e-05, 1.21663406e-03, 1.30500361e-01,
       -5.45994153e-05, 8.06188770e-03, 1.42052382e-01, -2.12945142e-05,
       -2.45414903e-05, 9.56867734e-06, -1.94090262e-06, 3.13729906e-05,
       4.34020360e-04, 2.32224409e-07 ]
pca_mean: !!opencv-matrix
   rows: 1
   cols: 21
   dt: f
   data: [ 2.07625534e+02, 2.55653595e+02, 1.54502928e+00,
       2.18915131e+02, 2.60592743e+02, 1.67241716e+00, 2.65274475e+02,
       2.24016678e+02, 1.71669352e+00, 3.19420807e+02, 1.63929108e+02,
       1.75046074e+00, 3.16613464e+02, 2.25532654e+02, 1.70717156e+00,
       1.08872897e-04, -9.74175637e-05, 6.24380555e-05, -2.17504916e-04,
       -2.50119597e-01, 1.75055194e+00 ]
gamma: !!opencv-matrix
   rows: 22
   cols: 1
   dt: d
   data: [ 8.8114681256853877e-01, 7.8156561794423718e-01,
       8.4245247808125623e-01, 8.1310644904230811e-01,
       8.8719240607801741e-01, 7.9906005526588020e-01,
       8.4169445791245256e-01, 7.7830656890107175e-01,
       8.0910010658409848e-01, 8.7395468775827556e-01,
       8.9945187398044379e-01, 8.5431041689044240e-01,
       8.9677924952538723e-01, 8.2531286811745930e-01,
       7.7495529100164717e-01, 7.9365445117553823e-01,
       8.2719871405864653e-01, 7.8684767008175949e-01,
       7.7408937206817563e-01, 9.1189327369244388e-01,
       8.5917156656820270e-01, 8.6602235947023309e-01 ]
