%YAML:1.0
means: !!opencv-matrix
   rows: 40
   cols: 5
   dt: d
   data: [ 1.3161320114857023e+02, -1.1118151993001208e+01,
       6.1941905861103209e+01, -5.6787360240533298e+00,
       1.3437195338399436e+01, 2.9434994061279887e+01,
       5.1334595126614360e+01, 2.6539592024588998e+01,
       1.2854707913212314e+01, 7.8737705729619911e+00,
       -1.6195144659794668e+01, -4.4175200507665821e+01,
       9.2031701082342021e+00, -5.5809856341132736e+01,
       3.8294886104167681e+01, 1.1158739466238649e+02,
       -5.4772101713054717e+01, 1.1247213813336661e+01,
       5.2898408319519433e+01, -7.5651151581383189e+00,
       -3.4123293425436643e+01, 1.7465806564977689e+02,
       9.7294170125945953e+00, -1.0832345492396749e+02,
       -2.0440400814429864e+00, -1.7370902993098318e+00,
       -4.6763422518602447e+01, -6.6725078877344600e+01,
       5.9650367102300422e+01, -4.8723541737352800e+00,
       1.5034148884347562e+02, 7.3960336200348678e+01,
       -4.9706190513675054e+01, 1.8242149370486011e+01,
       -7.4271980260775710e+00, 7.2659727485054432e+01,
       1.0810125344595964e+02, -1.3439207702062699e+01,
       4.5911374399904787e+01, 1.0865764849559140e+01,
       7.8912481708470310e+01, -4.4906146404210915e+01,
       -8.3674396789830325e+01, -1.2426978595013580e+01,
       -2.4943611381739488e+00, 4.1611998773643649e+01,
       1.2569886701545585e+00, -2.3194982732395300e+01,
       -6.0092711542563730e+00, 1.8184952774011322e+01,
       -1.1993519397243095e+02, -1.5882090295469456e+02,
       4.8072358180755238e+01, 1.8710598512743520e+01,
       -9.0408665295148030e+00, -1.8264048059010491e+02,
       7.7981954320574033e+01, 4.0596799597180116e+01,
       -5.1966077665743008e+01, -2.2192010150307553e+01,
       3.1230102489286335e+00, 8.7803415410514305e+01,
       1.4183284419850336e+01, -4.2508194394600203e+00,
       3.6745671580726103e+01, -2.0887849274361318e+02,
       8.4967291379299141e+01, 5.3942650805866627e+01,
       1.7071070872208384e+01, -1.7344478650490132e+01,
       4.9890461844759180e+01, 6.0587321549281810e+01,
       -5.0809559376124980e+01, -1.3193698486993590e+01,
       -2.5858615131110469e+01, -2.4274559254582339e+01,
       -1.5404042184080575e+02, -6.9708515776617674e+01,
       2.0245472986406572e+00, 7.0850117591688377e+00,
       -1.8069388652513493e+02, 1.2077675510638844e+02,
       2.6987130085810392e+01, -7.1272084939104076e+01,
       -3.4732671581733953e+01, -2.8549135715098004e+02,
       2.1923007756316476e+01, -1.5120729936632479e+01,
       -1.6802289428476520e+01, -9.3629916632318384e+00,
       2.9818636498351452e+01, 5.0048068583623689e+01,
       -8.7054181699405390e+01, -2.3114831370619637e+01,
       -3.5205330000062380e+00, 6.9623256638976102e+01,
       -6.5900752468184336e+01, -3.2126021240300751e+01,
       -7.0456578219145172e+01, -2.3989895925238784e+01,
       2.5668655217759127e+01, -1.5954023703917878e+02,
       2.7575042777257053e+01, 6.3300618201179519e+00,
       1.0239889104703174e+01, 1.4169907034996581e+02,
       -1.2218592205165152e+02, -9.9489601786676207e+00,
       -1.2183137994567147e+01, -2.2905482073351755e+00,
       1.5772344364391714e+02, -3.7952084923236534e+01,
       -3.1706140163868984e+01, -4.7079771364516645e+01,
       -4.9010651605865503e+00, 2.3062807184213975e+02,
       1.0761912214905838e+00, 2.8159799827684335e+01,
       5.9325242231999447e+00, -8.5812206790655896e+00,
       -1.8686092215831337e+02, 2.0933187821016382e+01,
       -3.6043996077314286e+00, 8.4987832079679649e+01,
       -8.5700754637937475e+00, 3.7632253549592967e+01,
       -4.4879386676544634e+01, 3.3315644064084009e+00,
       -6.0567963346279214e+01, 2.8007475910773696e+00,
       -5.0843371460367557e+01, -5.5579186438391702e+01,
       1.0146459936061067e+01, 4.7450584242106373e+01,
       1.6009093998461257e+01, -2.5811026817008880e+01,
       7.3530161115302857e+00, 7.9637515346395091e+01,
       -2.2722998710686138e+01, 1.1803538542858126e+01,
       -1.7832540508838395e+02, -2.4161401155357389e+01,
       5.6896194311780597e+01, -2.2969558585548839e+01,
       -8.8478110865816539e+00, 1.5407698530247100e+02,
       3.5183942777127925e+01, 3.3334754317352960e+01,
       -2.1669730714403638e+01, -2.8672226704401659e+01,
       -9.0193952199488720e+01, 4.2464145074536439e+01,
       -3.9510854656689048e+01, 7.6503261564625902e+01,
       1.7537634908807682e+01, 7.6123708990544415e+01,
       1.2242549163170450e+01, -2.2184694242289947e+01,
       -3.1010551485751602e+01, -2.8513824592268346e+01,
       -2.0789975320665098e+02, -1.1555538955633554e+02,
       -2.6992663148353277e+01, 3.9715910925784350e+01,
       -7.3849454560321668e+00, 1.3458309122571120e+02,
       1.0238858374120950e+02, 3.1373527077265848e+00,
       -2.5404519127402287e+00, -6.0023171655548779e+00,
       3.0511928077768264e+01, 1.5622006777583167e+02,
       -5.9052657565008779e+00, -8.2018916728008591e+01,
       1.9638866366279185e+01, -5.5174584278987613e+00,
       -7.1190464903479153e+01, 9.1006476291176298e+01,
       4.0298491905187227e+01, 2.9997965594007590e+00,
       -1.1054821357040930e+02, -2.6152599689266449e+01,
       5.8140534836191271e+01, 7.2199691760972840e+01,
       -1.1894775645118640e+01, -1.3399521178778809e+02,
       1.4349083669666582e+01, -4.5591852305520364e+00,
       -2.2392116085200684e+01, 1.4725017572147012e+01,
       -1.3341034528487748e+02, 1.3341527988438898e+02,
       4.5014740205046948e+01, 1.3653196581715207e+01,
       -2.9328951690929457e+00, -8.7649221597838476e+01,
       3.6932656657129343e+01, -5.1485374089151939e+01,
       -1.1373265252380534e+01, 2.0674399625202657e+01 ]
