%YAML:1.0
means: !!opencv-matrix
   rows: 29
   cols: 3
   dt: d
   data: [ 5.4320946960370655e+01, -5.3785135587217418e+01,
       4.9831680516994815e+01, -9.2899340554009456e+01,
       9.7955312592594254e+01, -5.5147050101934710e+01,
       1.0516218051321111e+02, 6.7561438448973323e+00,
       -2.2427462299029898e+01, -1.2266068916194340e+02,
       -1.2293319033944718e+02, 3.9709606089150498e+01,
       -1.6279077386936572e+02, 1.3065823622960036e+01,
       2.8177181253549442e+01, 8.6804323919832143e+01,
       5.2924569140579472e+01, 7.4974316225251243e+01,
       -7.0573977691365855e+01, 1.7837124730803328e+01,
       -5.0013110130277099e+01, -4.9418954683313871e+01,
       -1.5534515879992136e+02, -3.1893607803740661e+01,
       2.0919559640746897e+02, -1.1104041952831190e+01,
       4.6541753563871225e+01, 8.6856234848565080e+01,
       1.0179883563373156e+02, -4.3723983036111363e+01,
       -2.2141352558703687e+02, -1.4311749562260059e+02,
       -2.1911086509359180e+01, -1.6482831408629603e-01,
       1.0182584441934036e+02, 8.6101020670180226e+00,
       -4.3467820904366491e+01, -4.6595369063465100e+01,
       -3.4827862655831609e+01, 1.6110147002555814e+02,
       7.9814074205676945e+01, 1.8101898642716382e+01,
       8.3971176627229795e+01, -7.8910270737995788e+01,
       -5.2271476229916175e+01, -1.7268968857499371e+02,
       9.9837392027826084e+01, 6.2343679339720559e+01,
       -1.8231149247245432e-01, -5.2538694243306816e+00,
       2.1630049788389712e+01, -7.7057984667353182e+01,
       -1.4814883179913911e+01, 7.2686621508897247e+01,
       -2.5584237363367131e+02, 1.5006892576632815e+01,
       -2.9807947383651591e+01, 1.5155352739049212e+02,
       -5.9092003115840392e+01, 1.1154170732817713e+01,
       -6.1362944343104189e+01, 1.8769068749295861e-01,
       1.0562011328827454e+02, -3.3487170031768865e+00,
       1.8985408228544735e+01, -8.8974866515491058e+01,
       -2.6202121199629642e+02, 7.5331782475152863e+01,
       -1.8309196494413593e+00, -9.3900620442743197e+00,
       -1.0671875151356554e+02, 1.8362003178720705e+01,
       1.3917966199489828e+02, -3.3579307167156571e+01,
       5.4727282207746725e+01, 4.8925978182439053e+01,
       1.8993843898069775e+02, -8.5718218042794891e-01,
       -1.4121828902994702e+02, -7.4544782884365603e+01,
       -4.2253028000169373e+01, 5.2231031763782205e+01,
       1.4686768778010823e+01, -7.5225945687371990e+01,
       9.5523767381009449e+01, -1.5445695441840098e+02,
       1.7730540575211666e+01 ]
covs: !!opencv-matrix
   rows: 87
   cols: 3
   dt: d
   data: [ 1.8314732909709833e+03, 9.7286968271003877e+02,
       -4.4677610652339393e+02, 9.7286968271003877e+02,
       3.9141867850474987e+03, -4.0458519788591587e+02,
       -4.4677610652339393e+02, -4.0458519788591599e+02,
       7.3652055368296192e+02, 2.5660004819579422e+03,
       1.9015891773768201e+03, -6.4124651813310081e+01,
       1.9015891773768196e+03, 6.4082071602582500e+03,
       -2.6346294275735724e+00, -6.4124651813310081e+01,
       -2.6346294275735742e+00, 3.3526386082217721e+02,
       2.4444760007674299e+03, 2.5038821674110989e+02,
       8.3281797808487710e+01, 2.5038821674110989e+02,
       2.4400870214934357e+03, -1.1283304141916825e+02,
       8.3281797808487724e+01, -1.1283304141916827e+02,
       1.1133164685249308e+03, 2.3219617412579914e+03,
       1.4379239486343346e+02, 1.3076031072039541e+03,
       1.4379239486343351e+02, 4.6513377111726859e+03,
       -4.6818382032221422e+02, 1.3076031072039541e+03,
       -4.6818382032221433e+02, 1.1104748160544307e+03,
       3.3166526425548059e+03, 2.1817865386365497e+03,
       7.2943594516956057e+02, 2.1817865386365497e+03,
       5.6064117688141132e+03, -1.8111452498248443e+01,
       7.2943594516956057e+02, -1.8111452498248415e+01,
       1.2550309345255928e+03, 6.9998091724286985e+02,
       1.6039652877989150e+02, 1.9349176633334594e+02,
       1.6039652877989144e+02, 8.3844694399334567e+03,
       6.6206489452509388e+01, 1.9349176633334594e+02,
       6.6206489452509359e+01, 1.9042385065314593e+02,
       1.5359347881593696e+03, 3.8100048174411705e+02,
       -1.4582143888540671e+02, 3.8100048174411711e+02,
       3.7342768713499722e+03, 5.6909552689031580e+02,
       -1.4582143888540668e+02, 5.6909552689031591e+02,
       7.1236937137994255e+02, 4.1700318790766587e+03,
       2.4025663625744482e+02, -1.9774433962553431e+02,
       2.4025663625744494e+02, 2.8494670734740425e+03,
       4.1004043439374482e+02, -1.9774433962553437e+02,
       4.1004043439374493e+02, 1.2885444613388008e+03,
       2.5207504159357718e+03, 5.8944693741444644e+02,
       -5.8513402102044995e+02, 5.8944693741444621e+02,
       8.5443398471156215e+03, -1.4938856132632761e+01,
       -5.8513402102044995e+02, -1.4938856132632726e+01,
       2.2800817756129555e+02, 3.3778137097291683e+03,
       4.3037692573898887e+01, 5.4246948499392795e+02,
       4.3037692573898916e+01, 1.3112111797481882e+03,
       -2.8293691412614596e+01, 5.4246948499392806e+02,
       -2.8293691412614614e+01, 1.3597743621063360e+03,
       1.5409315978651655e+03, 3.8404942776341522e+02,
       4.4469730361122294e+02, 3.8404942776341522e+02,
       3.3086999734624160e+03, 4.8777661735865217e+02,
       4.4469730361122294e+02, 4.8777661735865217e+02,
       6.3005082054691695e+02, 2.4788428083381023e+03,
       2.8559939956668391e+01, 1.3772735930586975e+03,
       2.8559939956668391e+01, 3.0480371638393763e+03,
       -4.8563201622524259e+00, 1.3772735930586975e+03,
       -4.8563201622524108e+00, 1.1159304643911025e+03,
       2.8446131647075549e+03, 9.4873983515011773e+01,
       -1.4544221323345259e+03, 9.4873983515011830e+01,
       3.5237067086893421e+03, 1.0839585648911254e+03,
       -1.4544221323345259e+03, 1.0839585648911252e+03,
       2.0320615215296825e+03, 2.8912735190236663e+03,
       -2.3495927348533988e+02, -1.7903952838083890e+02,
       -2.3495927348533988e+02, 2.1580486082253910e+03,
       1.4068957519682635e+02, -1.7903952838083890e+02,
       1.4068957519682633e+02, 6.4215973206760293e+02,
       2.3741181904173741e+03, 2.3698218204026108e+02,
       5.0901208946686660e+02, 2.3698218204026105e+02,
       2.0814834693396519e+03, 6.2677495826317013e+01,
       5.0901208946686660e+02, 6.2677495826317049e+01,
       1.5935405012035126e+03, 2.5106910052594362e+03,
       5.2793486179015133e+02, 1.1212340376370503e+03,
       5.2793486179015133e+02, 5.0019255950149500e+03,
       -1.5941778512377104e+02, 1.1212340376370503e+03,
       -1.5941778512377104e+02, 1.0346840611343871e+03,
       1.8656150070062290e+03, 5.8840377449112782e+02,
       7.6481287160638522e+02, 5.8840377449112782e+02,
       3.4891200795661716e+03, 5.3637558190435789e+02,
       7.6481287160638522e+02, 5.3637558190435789e+02,
       1.0337587804165510e+03, 3.7597315050755806e+03,
       1.7895975016382770e+03, 8.8481043513098058e+01,
       1.7895975016382772e+03, 6.1762824053026443e+03,
       -2.9721418945099131e+01, 8.8481043513098072e+01,
       -2.9721418945099121e+01, 4.3888386027065519e+02,
       2.9221195371364083e+03, 1.1087194774791953e+03,
       4.8727445992863544e+01, 1.1087194774791953e+03,
       7.3633009706738931e+03, 1.3904985517172190e+02,
       4.8727445992863544e+01, 1.3904985517172196e+02,
       1.9767609423588857e+02, 2.9376886736724678e+03,
       -1.2936481757807113e+02, -8.3225360831778985e+01,
       -1.2936481757807110e+02, 2.7097714430711462e+03,
       1.6830120915006754e+02, -8.3225360831778985e+01,
       1.6830120915006754e+02, 5.2094488281945758e+02,
       2.7766974681459187e+03, -5.6705853685135446e+02,
       -3.4032567575571761e+02, -5.6705853685135457e+02,
       1.0520883843782540e+04, 2.3110635311685510e+02,
       -3.4032567575571744e+02, 2.3110635311685510e+02,
       1.9833054279146887e+02, 4.1131559962602262e+02,
       2.3183859639691261e+02, 1.7714186648460063e+02,
       2.3183859639691261e+02, 6.5049789929759354e+03,
