%YAML:1.0
means: !!opencv-matrix
   rows: 16
   cols: 13
   dt: d
   data: [ 1.6101731828903925e+02, 2.6340946691946812e+01,
       -4.3831503899469048e+01, -3.5400949296659149e+01,
       -9.5494325306417664e+00, 1.3310999284652874e+01,
       6.6980976790840940e-01, -3.8685041607569794e+00,
       -1.8631297012697836e+00, -4.3683481633505872e-01,
       -2.3823298408051469e-01, -1.8866906820154916e-01,
       2.0405942551468890e-03, -5.2132203053525771e+01,
       -2.9226795254328664e+01, 2.7621036817392028e+01,
       4.8867590014372666e+01, 1.5371760293831327e+01,
       -9.0297500028831763e+00, -8.2765582386134042e+00,
       -3.3641809925586750e+00, -4.0102432071840237e+00,
       1.4108281625414854e+00, 1.3424685868564262e-01,
       1.6043945918516589e-01, -5.7237991304852361e-02,
       8.1770030830027679e+01, 1.5408787815155151e+01,
       -2.4042084325788810e+01, -3.2347884529747198e+01,
       -2.6580318211464974e+01, -1.9726587013963211e+01,
       8.7068760163887204e-01, -2.3582343130929755e+00,
       2.1125226309086084e-01, -4.1287316240880667e-02,
       1.0605472606559337e-01, -5.3532825238343839e-03,
       6.0934773935856492e-04, -1.9015048386097811e+02,
       8.5723385899694080e+01, 4.1345602073730234e+01,
       -4.8815154628368020e+01, -2.2057341730705840e+01,
       1.1521828884374184e+01, -2.6041415669974222e+00,
       1.9405236545394875e+00, 6.8131860190155424e-01,
       -4.2137305101687283e-02, 3.7945929979787477e-02,
       7.5016764271632940e-03, 2.6285388613993864e-03,
       -1.3637226062865554e+02, -1.0340150073838798e+02,
       2.5572341321500168e+01, 6.5677646780564615e+01,
       -1.6536166669024702e+01, -1.1861491157550355e+00,
       1.4377090634404596e-01, -1.3632503136821306e+00,
       7.8874254742374073e-01, -3.3824013233561145e-01,
       7.1444495383181580e-02, -3.1656682582266189e-03,
       -2.6049010989305605e-03, -5.9872648680498912e+00,
       -1.8682483343131558e+01, 9.0806483242417020e+00,
       1.4265394756999219e+01, 2.6012881694845614e+01,
       -1.2445464037325267e+00, 1.2465712732544398e+00,
       1.5191888271463838e-01, 4.1630210663622741e-01,
       2.9339082512021310e-02, 5.3163671095607865e-02,
       2.0712539964219223e-03, 6.3917762447201053e-03,
       1.3762216321295108e+02, -1.4611997758219253e+01,
       -3.7820781304735291e+01, 1.2201113559974416e+01,
       -5.1470808031719431e+00, 1.1888131054675766e+01,
       -9.7337638112251967e-01, 1.3330026620442339e+00,
       2.6884124821455818e-01, 4.2129078765960649e-03,
       9.4848131516453965e-02, -2.5112723197583543e-02,
       -5.1400756916536571e-03, 6.8047945751049586e+00,
       1.5464794558736088e+02, -8.5834994649131177e-02,
       -9.2759159195083797e+01, 4.6717681835447129e+00,
       2.0791822812937738e+01, -1.9333915971381388e+00,
       2.1956363860857171e+00, 1.4740817119202203e+00,
       -1.1553576142391320e-01, -1.3035187025376541e-01,
       1.4373900642350900e-02, 3.4186273710466149e-03,
       -5.4752394389749568e+01, -2.4670368149593305e+01,
       8.6313960254757998e+00, 2.4955260971197134e+01,
       -3.5353335526672924e+00, 5.3193103297879816e+00,
       1.5306428357869430e+00, 1.6980111324188223e+00,
       6.9787338504315088e-01, 6.2583327963726086e-03,
       -2.5829612073789010e-01, 4.7011044294125566e-02,
       5.9390951376666057e-03, -1.7714722298240684e+02,
       9.7519712383494337e+00, 3.5607160756791309e+01,
       -5.3826784468878754e+00, -2.2819080354791605e+00,
       1.4837582646403464e+00, -2.8731072240168753e+00,
       -6.6654502886232532e+00, -2.5324637701502621e+00,
       9.7511716447460695e-01, -1.4535351833226390e-01,
       -9.1455794815853655e-02, -3.7594084630705594e-03,
       1.0144116356653953e+02, 8.9280938670085082e+00,
       -2.6051801706574732e+01, -3.6238395448108789e+00,
       7.7520760589819893e-01, 5.1086217531844698e+00,
       -1.3256715016156936e-01, 1.2173974098471305e+00,
       3.1218773208476769e-01, -8.3704600108548174e-02,
       -3.1529885306331634e-02, 3.7564002066225545e-02,
       9.1154168800747035e-03, 3.9164963317280666e+01,
       -9.7779154531966824e+01, -1.0268487767592370e+01,
       6.3884166560134261e+01, -5.3579084803167785e+00,
       7.7400029680023061e-02, 1.8904882524376736e+00,
       -2.7402804346169002e-01, -3.8537228729980472e-02,
       -1.6506302654616209e-01, -1.9734655762487063e-02,
       -6.5307539418775510e-03, 3.6961420447309623e-03,
       2.8281169223537269e+01, 1.5164362660122021e+02,
       -1.3076876829577078e+00, -8.0832663475626717e+01,
       2.1789195152659019e+01, 1.0813727706220307e+01,
       7.7848773884400335e-01, 2.5481254840619272e+00,
       2.0673923539338643e+00, 7.6906535239704132e-01,
       -2.4670215901827587e-02, -5.6019906163569944e-02,
       4.9920331846496949e-04, -1.7153830728054444e+01,
       4.9361637924760728e+01, 8.9437209088325282e+00,
       -3.5394233607572644e+01, 1.3245885986766572e+01,
       -1.9179978965793502e+01, 2.4247215034189145e+00,
       9.5512097631248849e-01, 2.1037667863877199e-01,
       1.4302932054214826e-01, 2.0711559411767326e-02,
       -2.4709776985312442e-03, -1.2993021184459649e-03,
       4.0076478853488702e+01, 1.8550053942973729e+01,
       5.0923038977535162e-01, -1.3822401964284969e+01,
       9.7664656299527870e+00, 8.7272547677419043e-01,
       -6.6173644912274705e+00, -4.0277285911164897e+00,
       -4.9139910889651270e+00, -3.9932038413886878e-01,
       -1.5828130115305658e-01, 2.3679239372614271e-02,
       -4.0735079616917906e-02, -1.8009287074097674e+02,
       -1.5899224436917411e+01, 4.3326208409690253e+01,
       1.1167144639800849e+01, -7.6032535622060005e+00,
       -1.2496511153838676e+00, 9.3601458191680231e-01,
       8.2636533127981127e-01, 3.7998808465838235e-01,
       -9.1309869126662752e-02, 3.1737220036278130e-02,
       -9.9264857765233045e-03, 4.2299967969811978e-03 ]
