%YAML:1.0
means: !!opencv-matrix
   rows: 3
   cols: 12
   dt: d
   data: [ 5.8817817211813157e+01, -7.4546000897617812e+00,
       -1.2870999287897019e+01, 3.2700206542780923e+00,
       3.3864169897164915e+00, -2.0532208128599683e+00,
       7.8918744634950733e-01, 2.5565576378921984e-01,
       2.9452809080332526e-01, -6.3113217671735364e-03,
       3.6262167710198495e-02, 3.4021150164749822e-03,
       -1.5482408245633377e+02, -2.0224535920955278e+00,
       3.3350834546426533e+01, 4.7640636606286577e+00,
       -1.0533733406649702e+01, 3.7698071006359202e+00,
       -2.2515620774687442e-01, 3.4289530283952502e-01,
       3.2128723404369325e-01, -1.9131502517180619e-02,
       -4.4083747014779864e-02, -3.5061944204574499e-03,
       3.4248931043330430e+01, 4.8213332642487636e+01,
       -6.2229710784644778e+00, -3.0552727271768649e+01,
       5.9128966784099255e+00, 2.7595500063862213e+00,
       -4.0323912456514828e+00, -2.3291421796867402e+00,
       -2.4826758766877863e+00, 8.7241088455379853e-02,
       -1.0368969624467075e-01, -1.1207184823077795e-02 ]
covs: !!opencv-matrix
   rows: 36
   cols: 12
   dt: d
   data: [ 8.7086225082439960e+03, 7.0494676266111287e+02,
       1.7145802955318038e+03, -1.9664406895966974e+02,
       -8.9774314135106420e+02, 3.4733322805107792e+02,
       -9.5290175779380931e+01, 2.8896448382549011e+01,
       1.6178139246439795e+01, -1.1726302052845621e+00,
       -1.6644973113629429e+00, -4.8038463774863760e-02,
       7.0494676266111287e+02, 8.4237394632325140e+03,
       -1.5751950179731293e+02, 6.4525625285196372e+02,
       5.3488987646384061e+01, -2.5538312774183194e+02,
       3.7171927418145856e+01, -1.7066470442086949e+01,
       1.6837497110912216e+00, -2.4014236673227152e+00,
       1.3319974333214644e+00, 4.6933992339380004e-01,
       1.7145802955318040e+03, -1.5751950179731290e+02,
       2.9381876223133286e+03, 1.9654219080002065e+01,
       1.8696480769589559e+02, -7.8091584404138217e+01,
       3.2320890193227093e+01, -2.7422918399316329e+00,
       9.3482830308045139e-01, 3.3467949142465763e+00,
       2.5475564098038223e-02, -1.6572840220286478e-01,
       -1.9664406895966960e+02, 6.4525625285196395e+02,
       1.9654219080002090e+01, 2.3150199245409008e+03,
       -3.4076211329381745e-01, 1.3214503426863780e+02,
       -1.6769249336682847e+01, 1.8568000882774559e+01,
       -1.2499359787378128e+00, -2.9751103548380158e+00,
       -5.2218301343516338e-01, -2.0312917348401893e-01,
       -8.9774314135106420e+02, 5.3488987646384068e+01,
       1.8696480769589562e+02, -3.4076211329382339e-01,
       4.3783690268679993e+02, 5.0841408438486773e+01,
       -3.8152136326561736e+00, 7.3051840050561685e+00,
       4.3005511388585873e+00, 1.2739432150693900e-01,
       9.1453503657898796e-02, -2.8821755594219265e-02,
       3.4733322805107792e+02, -2.5538312774183194e+02,
       -7.8091584404138189e+01, 1.3214503426863780e+02,
       5.0841408438486759e+01, 2.2043898917878289e+02,
       6.8636808243945282e+00, 1.0485368747875006e+00,
       -1.1045736740778960e+00, -5.7154040628551750e-01,
       1.4848946914848807e-01, 4.6200872221937646e-02,
       -9.5290175779380931e+01, 3.7171927418145835e+01,
       3.2320890193227100e+01, -1.6769249336682847e+01,
       -3.8152136326561727e+00, 6.8636808243945273e+00,
       2.3075954365710789e+01, -2.9176763832224739e+00,
       -2.7462307405434090e+00, 2.8299353121103449e-01,
       2.0453211124304285e-02, 4.6683882276338552e-02,
       2.8896448382549011e+01, -1.7066470442086956e+01,
       -2.7422918399316338e+00, 1.8568000882774559e+01,
       7.3051840050561685e+00, 1.0485368747875004e+00,
       -2.9176763832224739e+00, 1.5108486369173628e+01,
       -2.1802247990578372e+00, 6.3270339173527856e-01,
       -4.8647043895015986e-02, -1.9336511931138785e-02,
       1.6178139246439795e+01, 1.6837497110912205e+00,
       9.3482830308045162e-01, -1.2499359787378126e+00,
       4.3005511388585873e+00, -1.1045736740778960e+00,
       -2.7462307405434090e+00, -2.1802247990578372e+00,
       1.5601329358904392e+00, -1.1133379763001942e-01,
       -3.7380022410697822e-02, 5.7695337002294659e-04,
       -1.1726302052845619e+00, -2.4014236673227156e+00,
       3.3467949142465763e+00, -2.9751103548380158e+00,
       1.2739432150693891e-01, -5.7154040628551794e-01,
       2.8299353121103443e-01, 6.3270339173527868e-01,
       -1.1133379763001938e-01, 3.1831094170833524e-01,
       9.2557558244921300e-03, 1.6880645402291112e-03,
       -1.6644973113629429e+00, 1.3319974333214646e+00,
       2.5475564098038205e-02, -5.2218301343516349e-01,
       9.1453503657898796e-02, 1.4848946914848804e-01,
       2.0453211124304274e-02, -4.8647043895015986e-02,
       -3.7380022410697822e-02, 9.2557558244921300e-03,
       2.0771006376053461e-02, -3.0203506543051914e-03,
       -4.8038463774863725e-02, 4.6933992339379993e-01,
       -1.6572840220286483e-01, -2.0312917348401893e-01,
       -2.8821755594219269e-02, 4.6200872221937646e-02,
       4.6683882276338552e-02, -1.9336511931138792e-02,
       5.7695337002294626e-04, 1.6880645402291112e-03,
       -3.0203506543051914e-03, 2.2379656647877042e-03,
       8.0806766020956347e+03, -1.1710585124865684e+03,
       2.4660069723043243e+03, 1.0217024845478614e+03,
       2.2014839724199578e+02, -2.5463703995979847e+02,
       1.2369219427545259e+02, -1.9054876331705653e+01,
       -2.3224692616799953e+00, 3.2815974462613977e+00,
       -4.5835662588620547e+00, 1.2809847911217642e+00,
       -1.1710585124865686e+03, 1.1401068140501784e+04,
       3.2668108471624964e+02, -7.9027511567515967e+02,
       -2.9364669211070458e+02, 4.2609036195033821e+02,
       -7.7714001334189732e+01, 3.8524630545437631e+01,
       -3.4743515943418366e+00, 1.1186202743302204e+01,
       7.5061996778685514e-01, 2.9644269413950519e-01,
       2.4660069723043234e+03, 3.2668108471624970e+02,
       2.5719872101963879e+03, -2.4701987279553740e+02,
       -8.3000999580382725e+01, 5.6089206239311622e+01,
       -3.2565739257163735e+01, 7.8770348802387469e+00,
       -1.9711210817162023e-01, -6.1299498581717526e-01,
       1.1068086867655624e+00, -1.9066639055557799e-01,
       1.0217024845478614e+03, -7.9027511567515955e+02,
       -2.4701987279553740e+02, 2.9209712978418247e+03,
       1.1567933847863499e+02, -2.1179846899767020e+02,
       3.8933766622395538e+01, -3.4154308764935060e+01,
       6.1827759853875870e+00, -4.5604962434238744e-01,
       -8.6529775087845662e-01, -3.7805377094635584e-01,
       2.2014839724199578e+02, -2.9364669211070452e+02,
       -8.3000999580382697e+01, 1.1567933847863499e+02,
       1.4759413666579209e+02, -6.6965223457105978e+01,
       1.8475841230072813e+01, -8.7477121180732968e+00,
       -2.3575168789986023e+00, 1.3286370902105380e+00,
       -1.0737252754328603e+00, -7.4452450631429204e-02,
       -2.5463703995979847e+02, 4.2609036195033815e+02,
       5.6089206239311629e+01, -2.1179846899767028e+02,
       -6.6965223457105978e+01, 2.4489296556841836e+02,
       -1.0223951019115018e+01, 2.0277333864348606e+00,
       3.9312370051645829e-01, -7.0578273394275504e-01,
       -1.4498950248601417e-02, 2.3630989721808829e-01,
       1.2369219427545256e+02, -7.7714001334189746e+01,
       -3.2565739257163735e+01, 3.8933766622395524e+01,
       1.8475841230072817e+01, -1.0223951019115018e+01,
       2.8910322787410927e+01, -1.6146804069853624e+00,
       -2.2098797294516066e+00, 3.5493969649192531e-01,
       -5.8228270622805493e-02, 3.9099265748090459e-02,
       -1.9054876331705650e+01, 3.8524630545437631e+01,
       7.8770348802387451e+00, -3.4154308764935060e+01,
       -8.7477121180732951e+00, 2.0277333864348588e+00,
       -1.6146804069853620e+00, 1.9017623481282662e+01,
       -3.0025353034320806e-01, 2.5354624941418114e-01,
       -1.2155305104703222e-02, 3.6398080038617942e-02,
       -2.3224692616799949e+00, -3.4743515943418406e+00,
       -1.9711210817162031e-01, 6.1827759853875879e+00,
