%YAML:1.0
means: !!opencv-matrix
   rows: 7
   cols: 6
   dt: d
   data: [ -2.7684846348686232e+01, 1.0708742491862793e+02,
       -8.9336933899518840e+00, -4.7543660414773335e+01,
       -6.8527802466957832e-01, -2.1013066205830184e+00,
       7.7760876410812658e+00, -1.4320652813044268e+02,
       1.8657537974362455e+01, 5.0332508999353578e+01,
       2.2136974022775313e+01, -6.0908262030780183e+00,
       1.0895773793742582e+02, 4.0424641182212014e+01,
       -3.3306425013585155e+01, -7.9051154332246538e+00,
       -1.0246512711494299e+01, -5.9175447740645390e+00,
       -1.4019377094711001e+02, -7.4113849271463835e+01,
       4.3369661421646647e+01, 2.5498988715998887e+01,
       -1.3370077201115167e+01, 5.3703417847226360e+00,
       4.0908789476285136e+01, -2.5392468769631137e+01,
       -3.2654960804822051e+00, 1.0774007170545742e+01,
       1.6542877323789085e+01, 8.1344528821106099e-01,
       -1.6302501757560040e+02, 1.9949601430094155e+01,
       3.5946409371918399e+01, -2.0602866596886898e+01,
       -2.6544029852713589e+00, -2.6562180885848243e+00,
       9.5778723535666117e+01, -4.4844742004574961e+01,
       -2.1545428343391713e+01, 3.8348635446861479e+01,
       -2.7677697147662638e+01, 2.2585452477301001e+01 ]
covs: !!opencv-matrix
   rows: 42
   cols: 6
   dt: d
   data: [ 9.7920664819563699e+03, -9.6184482600103615e+02,
       2.0814129677708038e+03, -4.9592515381394628e+02,
       5.1298289963199147e+02, -1.5505453478229634e+02,
       -9.6184482600103649e+02, 6.5615050830163236e+03,
       8.6532941062841292e+02, 2.4025771754275615e+03,
       -1.6696711013299267e+02, 2.4975746564569000e+01,
       2.0814129677708042e+03, 8.6532941062841292e+02,
       2.7740306230284550e+03, -1.1227149166250048e+02,
       -1.5066495143434676e+02, -3.7194340286491261e+01,
       -4.9592515381394611e+02, 2.4025771754275620e+03,
       -1.1227149166250045e+02, 1.8194752611785607e+03,
       1.5142864230154720e+02, -1.5971099302200346e+02,
       5.1298289963199147e+02, -1.6696711013299262e+02,
       -1.5066495143434676e+02, 1.5142864230154714e+02,
       2.4298169409081424e+02, -2.6159143899255710e+00,
       -1.5505453478229632e+02, 2.4975746564568993e+01,
       -3.7194340286491261e+01, -1.5971099302200346e+02,
       -2.6159143899255688e+00, 6.2673993934061933e+01,
       5.4859225207344252e+03, -7.5584284650168593e+02,
       3.0448130235678459e+03, -8.7976748292161028e+02,
       2.9418333918969619e+01, -5.5542905631370587e+01,
       -7.5584284650168593e+02, 1.0019431413727325e+04,
       1.3491752364825850e+03, 1.4777999453767316e+03,
       1.1049494918393550e+03, 1.2283762226512627e+03,
       3.0448130235678459e+03, 1.3491752364825845e+03,
       2.4545950286199668e+03, -2.1853003601112945e+02,
       1.2767536324212078e+02, 1.2990545461690635e+02,
       -8.7976748292161005e+02, 1.4777999453767313e+03,
       -2.1853003601112951e+02, 2.1245360304831770e+03,
       -3.2491901222705121e+02, -2.7555635034429832e+02,
       2.9418333918969630e+01, 1.1049494918393550e+03,
       1.2767536324212078e+02, -3.2491901222705121e+02,
       4.4625822258956595e+02, 2.7736796810358334e+02,
       -5.5542905631370566e+01, 1.2283762226512627e+03,
       1.2990545461690630e+02, -2.7555635034429832e+02,
       2.7736796810358334e+02, 4.2546725627633703e+02,
       1.0080167885343013e+04, -1.7979668082957303e+03,
       1.9002329715154201e+03, 4.5325771816173364e+02,
       -7.5259591824592846e+01, -3.9697086797057672e+01,
       -1.7979668082957303e+03, 9.8756385207601234e+03,
       8.0907419788062202e+02, 1.0419919339625812e+03,
       4.7870841317692232e+01, 3.1812895731275091e+02,
       1.9002329715154201e+03, 8.0907419788062180e+02,
       2.7185641528462479e+03, -3.1211436486815813e+02,
       -8.6666089048734435e+01, -8.5221123087575847e+01,
       4.5325771816173369e+02, 1.0419919339625812e+03,
       -3.1211436486815813e+02, 2.4771863017306932e+03,
       5.3290477610991907e+01, -2.2116967786646083e+02,
       -7.5259591824592860e+01, 4.7870841317692225e+01,
       -8.6666089048734435e+01, 5.3290477610991914e+01,
       4.3144737740709822e+01, -5.0739370721372179e+00,
       -3.9697086797057700e+01, 3.1812895731275091e+02,
       -8.5221123087575904e+01, -2.2116967786646083e+02,
       -5.0739370721372179e+00, 9.9268169715742943e+01,
       7.0586216183863971e+03, 9.0443659309200643e+02,
       2.8073315241755863e+03, -1.2329900987363767e+03,
       7.4539470743565403e+02, 3.3654817172965215e+02,
       9.0443659309200666e+02, 8.0939233979209212e+03,
       6.6990545269600580e+02, 2.0566151558674501e+03,
       8.8182184968974173e+02, 7.8212058427188163e+02,
       2.8073315241755863e+03, 6.6990545269600602e+02,
       2.5020387786967290e+03, -5.7680628523937877e+01,
       -1.5239696214208902e+02, -9.8859094062265697e+01,
       -1.2329900987363767e+03, 2.0566151558674501e+03,
       -5.7680628523937855e+01, 1.9280551016575153e+03,
       -2.8667829958631648e+02, -1.5882833946002989e+02,
       7.4539470743565403e+02, 8.8182184968974173e+02,
       -1.5239696214208900e+02, -2.8667829958631648e+02,
       4.7981189395575814e+02, 2.2419202986360114e+02,
       3.3654817172965221e+02, 7.8212058427188163e+02,
       -9.8859094062265712e+01, -1.5882833946002989e+02,
       2.2419202986360114e+02, 3.4471745158383959e+02,
       8.2338035800294438e+03, -8.1117294345952155e+02,
       2.1629356455996135e+03, -3.1652120803086262e+02,
       -8.9842442536229828e+02, -1.3224846704468570e+02,
       -8.1117294345952155e+02, 7.9877578228396769e+03,
       6.4640868267339590e+02, 1.5419758645265549e+03,
       1.6426548121687057e+02, -3.9676816736515741e+02,
       2.1629356455996135e+03, 6.4640868267339590e+02,
       2.6432139437992764e+03, -1.1150847942905366e+02,
       9.5350345971892253e+01, 5.9903396503853457e+01,
       -3.1652120803086262e+02, 1.5419758645265549e+03,
       -1.1150847942905374e+02, 2.2073847224443143e+03,
       -7.5667100107487698e+01, 1.2335467590833744e+02,
       -8.9842442536229839e+02, 1.6426548121687051e+02,
       9.5350345971892253e+01, -7.5667100107487713e+01,
       3.8335407504986432e+02, -2.6222737062613874e+01,
       -1.3224846704468570e+02, -3.9676816736515724e+02,
       5.9903396503853457e+01, 1.2335467590833746e+02,
       -2.6222737062613877e+01, 2.6525151323975479e+02,
       7.9928722284878177e+03, 1.1239135707187611e+03,
       2.6747312955305429e+03, -1.1677289544391967e+03,
       4.2873186667497879e+02, 2.9073539011355564e+02,
       1.1239135707187609e+03, 8.4453550327724824e+03,
       4.9712208780810323e+02, 1.7630734148924973e+03,
       2.8409815640349365e+02, 2.2763838077362135e+02,
       2.6747312955305438e+03, 4.9712208780810340e+02,
       2.4241554850732941e+03, 4.2763677999691204e+01,
       -1.4054364666098996e+02, -2.2968457948907677e+01,
       -1.1677289544391970e+03, 1.7630734148924969e+03,
       4.2763677999691218e+01, 1.9167683352397833e+03,
       -4.6000498072245179e+01, -5.7556150061282764e+01,
       4.2873186667497879e+02, 2.8409815640349365e+02,
       -1.4054364666098996e+02, -4.6000498072245165e+01,
       1.4546894760484204e+02, 7.3016064228279902e+01,
       2.9073539011355558e+02, 2.2763838077362135e+02,
       -2.2968457948907680e+01, -5.7556150061282779e+01,
       7.3016064228279902e+01, 2.0199062930771404e+02,
       4.6685668626306833e+03, 4.9238896576912829e+01,
       2.7950678417508720e+03, -8.7086537398881376e+02,
       2.1672410105506574e+00, -5.6901575223914072e+01,
       4.9238896576912765e+01, 5.1914617306150139e+03,
       8.9476279775667570e+02, 2.6592028271905406e+03,
       -2.2465243826523562e+01, -7.1710193834321259e+01,
       2.7950678417508720e+03, 8.9476279775667558e+02,
       2.5458405405886692e+03, -8.6060914754476855e+01,
       -1.1162638931394150e+02, -5.5703683565315288e+01,
       -8.7086537398881376e+02, 2.6592028271905406e+03,
       -8.6060914754476855e+01, 1.7484493531263950e+03,
       5.2367320326241476e+01, -1.2197314480780472e+02,
