%YAML:1.0
means: !!opencv-matrix
   rows: 12
   cols: 7
   dt: d
   data: [ -1.6750835503293854e+02, -1.0927716933658823e+02,
       4.7227811752456311e+01, 3.9811420541279332e+01,
       -3.2168884504649412e+01, -1.3160526768904504e+00,
       -3.4578074229174161e+00, 1.3654701079054306e+02,
       2.3565711994141523e+01, -3.8930211790719753e+01,
       6.9417951834891189e-01, -6.2437867903676390e+00,
       -9.4107988725012177e+00, -3.9707639162080266e-01,
       6.5580450670057067e+00, 2.3168808830142439e+01,
       -3.2638163471778170e+00, -1.6238112654428171e+01,
       2.4812864604175882e+01, -3.5712666469978682e+00,
       1.6041810946192692e+00, 4.4095210717173948e+01,
       -8.6824466365293720e+00, -8.0622555985402471e+00,
       3.0902470618216396e+00, -1.3198005322100506e+01,
       -1.0408806977028966e+01, -2.4087698663808239e+00,
       5.5386512265446228e+01, -2.2373485426713920e+01,
       1.0512529760086831e+00, 1.6162968757160805e+01,
       1.1912455834205462e+01, 5.9901592243067867e+00,
       -1.1161554384134087e+00, -1.5276545120288981e+02,
       -4.2775559622154738e+01, 5.0280244913803941e+01,
       7.8032073441279355e+00, -4.6892503426244643e+00,
       5.5623071481096513e+00, -2.6539811113495965e-01,
       2.9851403145577894e+01, 1.2594297337314447e+02,
       -2.6633829146976765e+01, -5.2365651646899416e+01,
       -9.2601555226625187e+00, 1.4946401756415402e+00,
       2.2454739066873581e+00, -6.8903248678208683e+01,
       -5.9214965238198062e+01, 1.8323281725386098e-01,
       3.1334878058704529e+01, 2.4337651787123981e+01,
       1.5568329690638311e+01, 2.5363312081168825e+00,
       -1.0779057385732072e+02, 1.1428368321602494e+02,
       8.4189431355063498e+00, -5.3976967355802110e+01,
       -9.4916719504334957e+00, 8.8639814016610574e-01,
       8.2082893061927609e-01, 9.6025898601299119e+01,
       -4.5440093880009357e+01, -2.1035541114476846e+01,
       3.7852948257674754e+01, -2.7902312566448568e+01,
       2.3075805474842401e+01, 1.2608469292999580e+00,
       1.9162216951894678e+01, -1.7839593636285014e+02,
       2.2846609858379171e+01, 5.8499109473022429e+01,
       1.7526520405682710e+01, -1.3346412864311633e+01,
       -1.2981939556685407e+00, -1.7086578877416807e+02,
       3.8381722733451689e+01, 3.4515441817262889e+01,
       -2.9967432223965144e+01, -2.9667371249007668e+00,
       -3.0532852759703584e+00, 3.6643751298140742e-01 ]
covs: !!opencv-matrix
   rows: 84
   cols: 7
   dt: d
   data: [ 5.4964761924781160e+03, -1.7852098007895324e+02,
       3.1451872824930961e+03, -9.2465778201271507e+02,
       4.1770439562381760e+01, 3.9460236501223136e+01,
       4.3419403703815746e+01, -1.7852098007895327e+02,
       7.6465350148311654e+03, 7.6779517628668100e+02,
       2.2536247522559288e+03, 4.0500184304980689e+02,
       8.0079209661208279e+02, 1.0371365203181129e+02,
       3.1451872824930961e+03, 7.6779517628668100e+02,
       2.5193188418826639e+03, -4.8708355477769508e+01,
       -5.3299419788098263e+01, -9.1423996087799807e+01,
       -3.2636856444984119e+01, -9.2465778201271507e+02,
       2.2536247522559288e+03, -4.8708355477769523e+01,
       1.8603406439043692e+03, -1.1532665302521865e+02,
       -2.0974582476663491e+02, -3.7840963400699131e+01,
       4.1770439562381775e+01, 4.0500184304980689e+02,
       -5.3299419788098263e+01, -1.1532665302521863e+02,
       1.3490059934106813e+02, 1.5094037977615233e+02,
       1.6147580509254492e+01, 3.9460236501223108e+01,
       8.0079209661208301e+02, -9.1423996087799807e+01,
       -2.0974582476663491e+02, 1.5094037977615233e+02,
       3.6277062685966047e+02, 1.5252226971284193e+01,
       4.3419403703815753e+01, 1.0371365203181132e+02,
       -3.2636856444984112e+01, -3.7840963400699131e+01,
       1.6147580509254500e+01, 1.5252226971284196e+01,
       3.8900220881834500e+01, 7.6778556020910410e+03,
       -1.1089533391177088e+03, 2.3082522785962842e+03,
       8.6138295251818604e+01, -2.6406568471593886e+02,
       1.3558397797078931e+02, -3.0918092441426577e+01,
       -1.1089533391177085e+03, 7.6749413867523908e+03,
       8.6576624955165812e+02, 1.8128210091322564e+03,
       8.2789738021243508e+01, 8.6777764926078447e+01,
       -2.7927612691842231e+01, 2.3082522785962833e+03,
       8.6576624955165801e+02, 2.5788742167947348e+03,
       -3.4443413568895312e+02, -4.9280718724614182e+01,
       -1.1695717564497969e+02, 1.7311718449742635e+01,
       8.6138295251818562e+01, 1.8128210091322564e+03,
       -3.4443413568895318e+02, 2.1951396058671421e+03,
       7.0043974357014935e+00, -1.1685817815153072e+02,
       4.8414367429604583e+00, -2.6406568471593886e+02,
       8.2789738021243508e+01, -4.9280718724614182e+01,
       7.0043974357014953e+00, 6.3789800818507686e+01,
       -3.2679871784157875e+01, -1.4210316901110851e+01,
       1.3558397797078928e+02, 8.6777764926078447e+01,
       -1.1695717564497970e+02, -1.1685817815153074e+02,
       -3.2679871784157875e+01, 1.1737831178813609e+02,
       -4.8087590174021537e+00, -3.0918092441426570e+01,
       -2.7927612691842214e+01, 1.7311718449742649e+01,
       4.8414367429604601e+00, -1.4210316901110847e+01,
       -4.8087590174021546e+00, 2.6209712385353981e+01,
       5.5221823317060334e+03, -1.9227397875494751e+02,
       2.6856679817723648e+03, -8.4624891601012723e+02,
       -2.7116086619480836e+02, -1.4345948142705447e+02,
       -6.5496932759164590e+00, -1.9227397875494751e+02,
       8.6691303906403718e+03, 1.5470013651917139e+02,
       1.4073828083795863e+03, -4.2560392569576635e+02,
       -1.2202406016304033e+02, -5.0158506564206846e+01,
       2.6856679817723652e+03, 1.5470013651917151e+02,
       2.5514699926297299e+03, 9.6767071935609565e+01,
       2.8077522071111222e+01, 2.0074491561729783e+01,
       2.4957300669131651e+01, -8.4624891601012700e+02,
       1.4073828083795863e+03, 9.6767071935609621e+01,
       2.0338927323693486e+03, 2.1678760786328098e+02,
       -8.9028208718160954e+01, 2.1622097050841234e+01,
       -2.7116086619480836e+02, -4.2560392569576641e+02,
       2.8077522071111236e+01, 2.1678760786328098e+02,
       2.0258983643775338e+02, 1.0941163376004587e+01,
       -2.5051219883366180e+01, -1.4345948142705450e+02,
       -1.2202406016304033e+02, 2.0074491561729783e+01,
       -8.9028208718160954e+01, 1.0941163376004587e+01,
       8.3069007517060115e+01, -1.3057915471544680e+01,
       -6.5496932759164563e+00, -5.0158506564206846e+01,
       2.4957300669131659e+01, 2.1622097050841234e+01,
       -2.5051219883366180e+01, -1.3057915471544682e+01,
       2.0085655279023126e+01, 1.5059015063303241e+04,
       8.1826970055607580e+02, 8.7507145343307150e+02,
       -1.0564451304009053e+02, -5.4341649482818707e+02,
       6.3372847304342963e+02, -1.9318481309210421e+02,
       8.1826970055607603e+02, 1.3194919501471930e+04,
       -2.0917166870564444e+01, 4.0571476754992221e+02,
       -4.7790164875579201e+01, 3.8916894891758596e+02,
       -5.3735522715578590e+01, 8.7507145343307150e+02,
       -2.0917166870564408e+01, 2.9622497491857766e+03,
       -1.0766102896111494e+01, 6.5191242622119375e+01,
       -2.0666357825966975e+02, 3.8868680983311577e+01,
       -1.0564451304009059e+02, 4.0571476754992210e+02,
       -1.0766102896111494e+01, 2.4512181265937957e+03,
       9.0817491399298245e+00, -9.4941533761923623e+01,
       1.4547767657845595e+01, -5.4341649482818696e+02,
       -4.7790164875579215e+01, 6.5191242622119375e+01,
       9.0817491399298262e+00, 5.3952573656876055e+01,
       -3.3417256241826280e+01, -3.3971901988050259e+00,
       6.3372847304342963e+02, 3.8916894891758591e+02,
       -2.0666357825966975e+02, -9.4941533761923623e+01,
       -3.3417256241826280e+01, 1.5976977486955138e+02,
       -9.1211174989203521e+00, -1.9318481309210421e+02,
       -5.3735522715578583e+01, 3.8868680983311584e+01,
       1.4547767657845595e+01, -3.3971901988050259e+00,
       -9.1211174989203521e+00, 4.2982739294337129e+01,
