%YAML:1.0
means: !!opencv-matrix
   rows: 19
   cols: 8
   dt: d
   data: [ 3.5679312311419473e+01, 4.1695630555681362e+01,
       3.6555752120523990e+00, 4.3418260257564256e+01,
       2.7770170587959569e+01, -8.3600476698150725e+00,
       3.8670492913910709e-01, -8.2812049708028879e-01,
       5.8819963987918719e+01, -4.2842822508165902e+01,
       5.1577971992244336e+01, -8.0484337388614460e+00,
       2.7809385779218193e+01, 5.3346794077450435e+00,
       1.0583804156835879e+00, -7.7188784892717532e-01,
       -1.6942420027769882e+02, -1.1351677714290962e+02,
       4.7993991834889222e+01, 4.0219139726908594e+01,
       -3.3101053265422721e+01, -2.8206535223408169e+00,
       -3.6842007486735815e+00, -6.2300047218534726e-01,
       -8.7844451841933122e+01, 4.2918800437621258e+01,
       7.8571773695022173e+01, -4.2478730656030770e+01,
       -1.5327345126175653e+00, -4.0317202603877511e-01,
       2.9869203036190956e-01, 7.1782062166059812e-01,
       9.9423769262274703e+01, -4.5051197157998807e+01,
       -2.1928757561409199e+01, 3.6814703445846575e+01,
       -2.7554571346038955e+01, 2.3353540664191343e+01,
       1.1167645096441692e+00, 1.2884204862797430e+00,
       3.3800994614481453e+01, 1.2530192350919781e+02,
       -2.7628941045525853e+01, -5.1788299546847149e+01,
       -8.2650633065566339e+00, 1.1864192168857561e+00,
       2.1975917116378767e+00, -1.4791062919323342e-01,
       4.7566762644408707e+00, 8.3866765393167981e+01,
       -5.7922492482838797e+00, -3.4444078672837925e+01,
       4.2867160510362492e+00, -4.3123240643188616e+00,
       -4.9256934676745940e+00, -2.1656842096459469e-01,
       1.3598268887083632e+01, -3.1421095878512801e+01,
       -1.1581627870485645e+00, 1.7770125300606869e+00,
       -7.9591642515701038e+00, -1.5167664312280534e+01,
       -1.3395182727658881e+00, 2.0115863598968455e+00,
       -2.1352201819343702e+02, 3.9812431184063783e+01,
       2.3221927749427778e+00, -2.1263309428474980e+01,
       -1.9451882329268093e+00, -3.2237159393747254e+00,
       8.3011369426963288e-01, 1.0554503515072913e+00,
       1.0781813728769862e+02, -1.1473689631378958e+01,
       -2.9588940663606078e+01, -6.7362852376655769e-01,
       -7.2786042079658864e-01, -1.6385874667396112e+00,
       -1.0461056595963029e-01, -1.2267885078902335e-01,
       1.5925390635333911e+00, 8.9721729962301239e+01,
       -1.0675238919712070e+01, -4.3167616070937896e+01,
       1.2340388577891659e+01, -3.1531376785216003e+00,
       1.7471712991621200e+00, 2.1930890959816207e-02,
       -7.4674378246992234e+01, -8.5175176541851329e+01,
       2.6923264513852960e+01, 1.5097969366342385e+01,
       -5.7810065951789866e+00, -2.3985723683610768e+01,
       -1.9775861106289099e+00, -1.5454324086360267e+00,
       1.6427031464038163e+02, -2.7889788981226573e+01,
       -4.2769607490511973e+01, 2.8272944687182601e+01,
       -8.8246152703216616e+00, -1.0504350283401068e+01,
       -4.4256645065148942e-01, -1.2417860674164203e+00,
       -6.3923024822844908e+01, -3.5462292680980809e+01,
       -3.0605657919702814e+01, 1.0084543794798716e+01,
       3.1229503787856522e+01, 4.3990164907143647e+00,
       1.5248271017080088e+00, -5.2164142105560174e-01,
       -1.2302822399306361e+02, 1.2127485888411543e+02,
       9.5007598394720691e+00, -5.4524998461712336e+01,
       -1.5332267293478845e+01, -8.7921637749643677e-01,
       6.6657061436296916e-01, -4.9835029571280706e-02,
       6.1492922351782397e+01, -7.3576335220041500e+01,
       -3.2097274857617903e+00, 4.6625496792681957e+01,
       -4.8360739798719328e+00, 2.6613311581943620e+01,
       2.5350275388453745e+00, 5.6212456057514804e-01,
       -1.4545784649805339e+02, -4.3284162215354193e+01,
       4.1387249695187862e+01, 1.0970840450113345e+01,
       -1.9823344860532697e+00, 8.6432362436315291e+00,
       2.0334409202051826e-01, 9.1557507010257733e-01,
       3.1726521444158160e+00, -1.7626277150273245e+02,
       1.2240220971072258e+01, 6.0763295912647145e+01,
       1.9537957717874921e+01, -1.2962267535093527e+01,
       -7.2762877734213893e-01, -2.2269527210115321e+00,
       1.4129769843262423e+02, 4.9314389476657666e+01,
       -4.1566421695417084e+01, -6.6129450392761520e+00,
       -1.3539729281240756e+01, -4.8489076056731903e+00,
       -1.4751368380912004e+00, 3.3126768491629960e-01 ]
