%YAML:1.0
means: !!opencv-matrix
   rows: 21
   cols: 3
   dt: d
   data: [ -2.0880923348548475e+02, 6.6624077948366264e+01,
       4.0493584119121735e+01, 1.6767820453765827e+02,
       -1.1065700542280437e+01, 2.0330635953967853e+01,
       -8.9990521702111934e+01, -5.9706537431931317e-01,
       -6.0098030187766291e+01, -4.1886268374749811e+01,
       -1.3239125231387840e+02, -4.5825240847858865e+01,
       7.4940202578581705e+01, -4.1662382419585995e+01,
       -4.7637588107913075e+01, 1.9629157821806067e+00,
       2.1289568177375511e+01, -8.4256584198478649e+01,
       3.0043627509443379e+01, 6.6983247005988645e+01,
       3.4008946050078769e+01, -1.7164467833843605e+02,
       -8.7990152734601168e+01, 1.0860850403718972e+01,
       6.0732022310821108e+01, 1.0788332763323957e+02,
       4.6712784142603120e+01, 1.4369177463876514e+02,
       -1.5183775445280322e+01, 6.2121675555286338e+01,
       -8.8995949075299507e+01, -1.3739011852833548e+02,
       6.5320603019503579e+01, -7.1871430645229026e+01,
       -7.9785742911796156e+00, 7.6390163791176619e+01,
       -3.7264733199565242e+01, 8.8587167712373386e+01,
       -2.2192749451584394e+01, 1.6355825273538707e+02,
       8.7321807412202048e+01, 2.6379531205140974e+00,
       7.7390209970765298e+01, 7.1912290558023386e+01,
       -5.8779047755826980e+01, -9.1559405741391998e+01,
       5.0313313225154104e+01, 1.0759903764804608e+02,
       8.2702162130508313e+01, -4.5834880349923544e+01,
       3.9935879115568305e+01, 7.7312935452180966e+01,
       -1.3263342147297772e+02, 7.1724558570467609e+00,
       -1.5049308544254976e+02, 4.0952287313404064e+01,
       2.0719135196459916e+01, -2.5976807974228166e+02,
       2.4741026645071194e+01, -2.4112981699910456e+01,
       -3.3443423581046019e+01, -3.6127748329796724e+01,
       -2.5998084661451659e+00 ]
covs: !!opencv-matrix
   rows: 63
   cols: 3
   dt: d
   data: [ 3.1148573967764978e+03, 8.9959573616663829e+02,
       1.6237963833103138e+03, 8.9959573616663863e+02,
       7.7537060409877486e+03, -1.2335106485755158e+02,
       1.6237963833103138e+03, -1.2335106485755158e+02,
       1.3884059810099914e+03, 2.5972335626586760e+03,
       -4.3974618852448668e+02, -8.0131030339347433e+01,
       -4.3974618852448657e+02, 5.2588684584497951e+03,
       3.3124395821542913e+02, -8.0131030339347433e+01,
       3.3124395821542919e+02, 4.3194645507946507e+02,
       2.7211992941509611e+03, 1.0031415416141189e+03,
       -3.6911818391747494e+02, 1.0031415416141189e+03,
       9.6372314348887958e+03, 3.2101253488148188e+02,
       -3.6911818391747494e+02, 3.2101253488148177e+02,
       4.3144009318288965e+02, 3.1297320387027939e+03,
       2.0812989291659053e+02, -4.1415975459020734e+02,
       2.0812989291659053e+02, 3.5577773578006227e+03,
       8.1056083245998053e+01, -4.1415975459020734e+02,
       8.1056083245997996e+01, 1.2342591739205136e+03,
       2.6457178224350787e+03, 2.3421743923904734e+02,
       6.2788844666748741e+02, 2.3421743923904734e+02,
       2.9138789367119207e+03, 4.4610687467599939e+02,
       6.2788844666748741e+02, 4.4610687467599939e+02,
       1.7474224946444285e+03, 5.0964659583134028e+02,
       2.6267482115739614e+02, 2.8020736616217221e+02,
       2.6267482115739602e+02, 6.8017524935708925e+03,
       2.8790937918245015e+02, 2.8020736616217221e+02,
       2.8790937918245015e+02, 4.2383842416616091e+02,
       2.2628269124106769e+03, -4.6120210776390093e+02,
       1.3940491905649437e+03, -4.6120210776390081e+02,
       8.4636971031505145e+03, -1.1562453375045192e+02,
       1.3940491905649435e+03, -1.1562453375045187e+02,
       1.0516011563582920e+03, 2.9773116492430572e+03,
       1.2478915549729077e+03, 9.8183939166205107e+02,
       1.2478915549729077e+03, 5.1378673952324825e+03,
       1.1670250019127216e+03, 9.8183939166205107e+02,
       1.1670250019127216e+03, 1.3544893945103834e+03,
       2.2277395343602952e+03, 1.8551878411921771e+03,
       2.2340797514859756e+02, 1.8551878411921775e+03,
       5.4548019140821916e+03, -7.7195342819538621e+02,
       2.2340797514859744e+02, -7.7195342819538621e+02,
       8.7576432177713968e+02, 5.7219915952915862e+03,
       7.3351310823601125e+02, -1.4900892271727182e+03,
       7.3351310823601125e+02, 8.9451474197120478e+03,
       1.2771388171648749e+01, -1.4900892271727182e+03,
       1.2771388171648773e+01, 5.3492782012082989e+02,
       2.1259041190999374e+03, 6.1403533275146390e+02,
       9.4981512876636543e+02, 6.1403533275146401e+02,
       3.9639926660393812e+03, -1.7632720967126112e+01,
       9.4981512876636543e+02, -1.7632720967126115e+01,
       7.5052648414588759e+02, 3.3620549276471147e+03,
       1.4124905169661265e+03, 2.8523478344697955e+00,
       1.4124905169661265e+03, 6.1369922788893628e+03,
       -5.0257514225929015e+02, 2.8523478344698034e+00,
       -5.0257514225929015e+02, 5.4751916690929431e+02,
       3.3177531596868107e+03, 4.2455511745458364e+02,
       6.8692319275352656e+02, 4.2455511745458364e+02,
       6.1667099411895369e+03, -6.7521262421713891e+02,
       6.8692319275352645e+02, -6.7521262421713902e+02,
       7.9358762845250703e+02, 2.5969673669044487e+03,
       -1.2817547733670261e+02, 1.2036701232410672e+02,
       -1.2817547733670258e+02, 1.8259912009798577e+03,
       1.7371830423443589e+02, 1.2036701232410672e+02,
       1.7371830423443595e+02, 9.1028065148290648e+02,
       1.9989615436507888e+03, 1.3943490322260450e+02,
       4.4001789036547115e+02, 1.3943490322260462e+02,
       2.5732018095071339e+03, -1.5791283420392229e+01,
       4.4001789036547109e+02, -1.5791283420392215e+01,
       1.5667942537977715e+03, 1.7121506622710165e+03,
       2.4573699391400012e+02, -9.3838441528047753e+01,
       2.4573699391400024e+02, 8.1662158231294470e+03,
       -5.5129280078008653e+00, -9.3838441528047781e+01,
       -5.5129280078008627e+00, 1.9476603622791694e+02,
       4.2020561885411998e+03, -7.1136537471572282e+01,
       -1.2146196332255861e+03, -7.1136537471572311e+01,
       4.5375575185979260e+03, -2.3400683042268199e+02,
       -1.2146196332255861e+03, -2.3400683042268213e+02,
       1.0625682715156836e+03, 4.7360891658048240e+03,
       1.3820986164827077e+03, -5.9564312593189709e+02,
       1.3820986164827079e+03, 3.6225396111143423e+03,
       -6.0564586204692830e+02, -5.9564312593189709e+02,
       -6.0564586204692830e+02, 1.3038494782143105e+03,
       2.8539640873558706e+03, 1.1820674073040204e+03,
       8.5947493100245435e+02, 1.1820674073040204e+03,
       5.2084626492767711e+03, 9.6789150675179189e+02,
       8.5947493100245435e+02, 9.6789150675179189e+02,
       1.3399930797125760e+03, 2.7159049427451314e+03,
       -1.6644127310816941e+02, 8.4695303767621709e+01,
       -1.6644127310816944e+02, 9.9673237766661441e+03,
       3.1420479196512616e+02, 8.4695303767621709e+01,
       3.1420479196512616e+02, 2.7329932517780884e+02,
       2.0133954000810202e+03, -1.0195213718997604e+02,
       5.7606949678718286e+02, -1.0195213718997603e+02,
       3.8331690748047999e+03, -5.5026287463333972e+02,
       5.7606949678718286e+02, -5.5026287463333961e+02,
       1.3545186338773865e+03 ]
weights: !!opencv-matrix
   rows: 1
   cols: 21
   dt: d
   data: [ 5.4289502653945304e-02, 5.6242080807437575e-02,
       5.5671088768433921e-02, 3.0641517919647979e-02,
       1.1447735492170173e-01, 3.5753421275354497e-02,
       3.4765116469475679e-02, 3.9684034894608762e-02,
       1.7815701889831521e-02, 7.2230631737786155e-02,
       1.8441437046421226e-02, 3.7349759296976814e-02,
       5.0211771745236666e-02, 4.5117835579720635e-02,
       8.1122119823713992e-02, 2.3421312894935632e-02,
       5.2108074746359194e-02, 4.1568406385393795e-02,
       4.2698415455082225e-02, 4.1245927927596897e-02,
       5.5144487760318578e-02 ]
