%YAML:1.0
means: !!opencv-matrix
   rows: 33
   cols: 5
   dt: d
   data: [ -1.1850397038085706e+01, -3.7625569132730064e+01,
       2.9254501994989623e+00, 1.9061890587708984e+01,
       3.7186157909923935e+01, 5.9603887813884448e+01,
       3.7106653727781321e+01, -1.4011395465792960e+01,
       -3.6150929978196000e+00, 9.6869039463833833e+00,
       1.0240592254943567e+02, -4.6624992747022446e+01,
       -2.0670985552117951e+01, 3.6586573941125195e+01,
       -2.7279103697266230e+01, 1.3302474779784401e+02,
       -9.8473562990236104e+01, -7.2073376016791130e+01,
       -1.7606458815785857e+01, -1.5133394857383792e+01,
       -2.8947720880431721e+01, -4.6728075922728060e+01,
       1.0076484704545204e+02, -1.9993154410374125e-01,
       -1.6268409186748880e+00, -2.2002774020336321e+02,
       3.5006431719330520e+00, 1.4199191577261918e+00,
       -1.8980046863045976e+00, -2.1216929128381552e+00,
       -1.0122015887936425e+02, -1.0291427038347935e+02,
       1.2451607320234563e+01, -1.8590418103144835e+01,
       8.6732554646010964e+00, -8.3388374687122052e+01,
       -1.2895175276004457e+02, -3.8127921597820581e+01,
       6.7934190251410215e+01, 2.3304951210837189e+01,
       -6.2135913492752202e+01, 1.1021839401562411e+02,
       -6.4988758142360638e+01, 1.5798058422843084e+01,
       1.2130024145925255e+01, -1.3004313904926573e+02,
       1.3077187374049299e+02, 1.1227849552078368e+01,
       -5.4449797192048258e+01, -2.5006515406452838e+01,
       1.0017429068400862e+02, -5.3281232207230495e+01,
       5.6467268862822735e+01, -4.4213194713589530e+01,
       2.0350162627017273e+01, 6.6418102528612053e+01,
       -2.4152292011273076e+01, -2.0551266155482786e+01,
       5.2693569761529595e+01, -2.4730377293393342e+01,
       -1.5953834800756351e+02, 1.4393794951604093e+02,
       3.3844967394488592e+01, -8.1324621338494629e-01,
       -2.9454797814479035e+00, 2.1098762701069523e+02,
       -3.9149416661437904e+01, -2.0902532447683605e+01,
       -1.5472260399244540e+01, -1.2998150192585523e+01,
       -8.6870689497654837e+01, 5.9998022230711925e+01,
       8.7993236658903967e+01, -7.7903061630002224e+00,
       -9.3638545466195866e-01, 6.9916506729631438e+00,
       -1.0156187648751823e+02, -3.6320260298248364e-01,
       -2.2485678688438646e-01, -1.1928740090575644e+01,
       -8.4369930293217408e+01, 3.7357431302048840e+00,
       4.3305321349507757e+01, -7.5453546636854711e+01,
       -9.5136142284804581e-01, 1.9754126737322633e+02,
       1.4112833104531273e+01, 3.4117377760715328e+01,
       -1.3836516870807881e+01, -7.4577537059222081e+00,
       -1.8702991377162957e+02, -1.7125142689592735e+02,
       2.9037460485257437e+01, -2.5915865451336387e+01,
       -2.2704174730259155e+01, 4.5917178251465813e+01,
       -8.5927724121009135e+01, -3.2589662990731618e+01,
       -5.1543129231890937e+01, 1.1428292954904537e+01,
       -7.3967589450211889e+01, -3.6123915418112034e+01,
       -4.3238916851539621e+01, 4.2497261595905670e+01,
       2.5813569814723629e+00, 1.8608499123340860e+02,
       8.0749990904145761e+01, -1.9899559107092003e+01,
       4.7418140514233393e+01, -1.3177446422511471e+01,
       -2.1817915392327993e+02, 6.2203200830285780e+01,
       -4.6034495950135231e+01, -3.9583788463899424e+01,
       -2.5194159148483192e-01, 4.8620364740219983e+01,
       7.0767275930276668e+01, 1.3714546116564927e+01,
       4.3039843616078251e+01, -1.0811710543531113e+01,
       -1.9001807835971658e+02, -6.5114111862958225e+01,
       5.3962112911215250e+01, 3.7720694963825551e+01,
       -2.8419508253351832e+01, 4.1271056550833798e+01,
       1.1302748616328113e+02, -2.4061115808497323e+01,
       -5.0607732403099966e+01, -1.0129227151517759e+01,
       8.8322076158077749e+01, 4.4661480845822986e+01,
       7.9200174936182123e+01, 3.1481762722511423e+01,
       2.6718986077826866e+01, 2.1052252274637610e+01,
       1.7530224620315713e+02, 1.7435676274588932e+01,
       3.7066786656055273e-01, 8.6724571931152639e+00,
       -6.2336533705462401e+01, 4.3863891850678741e+01,
       -7.0118956209361215e+01, -5.9618497361968949e+01,
       7.1452902712402944e+00, 2.9721133353154457e+01,
       -1.6299730191539643e+02, 3.6558858964080130e+01,
       4.6299974040455162e+01, 1.4470089891686932e+01,
       7.8978166166518861e+01, -8.0638212894961924e+01,
       -4.6430263372657556e+00, 5.3181102351599648e+01,
       1.1025379123349982e+01, -1.2174103402260468e+02,
       1.4868784306084448e+01, 3.6707728997908468e+01,
       5.3091664398470222e+01, 1.3930139051370214e+00,
       9.1678874831233145e+01, 1.4976986883346978e+01,
       -9.5187654581026507e+01, 3.1251427886361103e+01,
       -8.4287839230334143e+00 ]
