%YAML:1.0
means: !!opencv-matrix
   rows: 29
   cols: 2
   dt: d
   data: [ -7.3228182947794437e+01, -4.9597548324591550e+01,
       1.5007323548094604e+02, -1.1132246722934542e+02,
       2.7407573828000480e+01, 5.0775560888096983e+01,
       -2.6226657774994334e+02, 1.1018167376409837e+01,
       -8.4843692302355464e+01, 1.7487017509628132e+02,
       1.7527908464629539e+02, 8.5545234239558297e+01,
       -6.1993488456895378e+01, -2.3688322649620372e+02,
       -1.9049980861256290e+02, -1.5624601906985225e+02,
       -7.0675776919914410e+00, -1.2529876042450768e+02,
       -1.0151116797356960e+02, 2.5128851459536683e+01,
       -6.2120477161043453e+01, 9.2270555396456245e+01,
       8.9927655971945299e+01, 1.1907195045061341e+01,
       2.1919184852825037e+01, -3.6782404389039414e+01,
       1.8290985188106330e+01, 2.0731378135012767e+02,
       2.3649612204851405e+02, -7.8874086062562057e+01,
       6.5835892258700909e+01, -1.9052519627570118e+02,
       6.9986620824877505e+01, -1.2057857365282183e+02,
       2.4381686295474245e+02, 2.7648074948152015e+01,
       -2.0438489337217479e+02, 1.5018138140430796e+02,
       9.3944981213036751e+00, 1.3514774000136919e+02,
       9.2671756911124731e+01, 8.0827910744395965e+01,
       -2.6069394676646226e+02, -1.0074326920913964e+02,
       -9.5362792258796475e+01, -1.2872296211987953e+02,
       1.0525334883809482e+02, 1.5451079830687212e+02,
       -3.0120640648004837e+01, 1.7004938167128664e+01,
       -1.7303471777520403e+02, -4.8697992655877172e+01,
       -1.7878964106288225e+02, 5.2002970964126696e+01,
       1.6680643028603538e+02, -3.7432302020046264e+00,
       9.7004078768045076e+01, -5.4804078274370909e+01 ]
covs: !!opencv-matrix
   rows: 58
   cols: 2
   dt: d
   data: [ 1.4727192374147810e+03, -8.5315696650811006e+01,
       -8.5315696650811020e+01, 1.5789972881202266e+03,
       1.7117687701467084e+03, 7.4966656200162483e+00,
       7.4966656200162349e+00, 2.3423716264499130e+03,
       1.2571599606135894e+03, -1.8463714555185572e+02,
       -1.8463714555185572e+02, 1.4875974917122896e+03,
       2.3988666742351079e+03, -4.8992809626328420e+02,
       -4.8992809626328409e+02, 4.1309464509561394e+03,
       2.4479763950243278e+03, 6.1102371302612141e+02,
       6.1102371302612153e+02, 3.4861862972132676e+03,
       2.5406125696307968e+03, 9.2136004434102335e+02,
       9.2136004434102335e+02, 3.2587008980547203e+03,
       3.7801364129399776e+03, -1.8793972020155620e+03,
       -1.8793972020155618e+03, 5.1630596553352725e+03,
       2.9051207399073751e+03, 7.1689938365945659e+02,
       7.1689938365945659e+02, 4.2021700932186968e+03,
       1.5886716458822468e+03, -5.4491582934618066e+02,
       -5.4491582934618077e+02, 2.4276306397049984e+03,
       1.1628096043646558e+03, 1.0710003949983768e+02,
       1.0710003949983768e+02, 1.5567114581980520e+03,
       2.1400903788847845e+03, -1.7353531458908606e+02,
       -1.7353531458908603e+02, 1.5815298278960640e+03,
       1.4239053810446164e+03, 2.4307226299794320e+02,
       2.4307226299794320e+02, 1.1785609936072799e+03,
       1.0164463642787140e+03, 9.5731795335996296e+01,
       9.5731795335996296e+01, 1.8764476843065650e+03,
       3.1759093488833178e+03, 9.2641635416505221e+02,
       9.2641635416505221e+02, 2.3989917557941285e+03,
       2.5978062648625842e+03, 4.3755072922576642e+02,
       4.3755072922576653e+02, 3.3410812441911198e+03,
       2.3290022575473172e+03, -1.4858216892517462e+03,
       -1.4858216892517464e+03, 6.5594799900123153e+03,
       1.5930901052816980e+03, -3.3130796781454461e+02,
       -3.3130796781454450e+02, 2.0178333224784310e+03,
       1.8836235067849400e+03, 1.0121203700556038e+03,
       1.0121203700556038e+03, 3.6658656481889129e+03,
       3.8165813558416307e+03, 1.1901591153324730e+03,
       1.1901591153324730e+03, 4.3997110480932251e+03,
       2.4230335025237914e+03, 2.0351444912084500e+02,
       2.0351444912084500e+02, 1.8793269071014918e+03,
       1.4657806799710813e+03, 3.6911448503108353e+01,
       3.6911448503108346e+01, 1.6619754646832710e+03,
       2.1336309198102704e+03, -1.5950215600386420e+02,
       -1.5950215600386420e+02, 3.9439299983893657e+03,
       1.8086555105759214e+03, -6.0901956929542519e+02,
       -6.0901956929542519e+02, 2.5942442523491800e+03,
       2.8690557444014376e+03, 7.8398183063913370e+02,
       7.8398183063913370e+02, 2.3973307725489713e+03,
       9.8982852398356363e+02, -1.1162997476468485e+01,
       -1.1162997476468492e+01, 1.4232923246259877e+03,
       2.1258409786892903e+03, -2.2900939138447467e+02,
       -2.2900939138447470e+02, 3.3969878154227795e+03,
       1.6477048270796176e+03, 3.5203525026177164e+02,
       3.5203525026177164e+02, 3.0377917012603789e+03,
       1.3126378391745511e+03, 8.0922291939456116e+01,
       8.0922291939456102e+01, 2.9146566302880688e+03,
       1.0969807924323190e+03, 1.5877469829299372e+02,
       1.5877469829299372e+02, 1.3813090544018355e+03 ]
weights: !!opencv-matrix
   rows: 1
   cols: 29
   dt: d
   data: [ 4.3158590728514662e-02, 3.7862501413893419e-02,
       4.6383250705391281e-02, 2.4072508677020266e-02,
       3.4182882722855544e-02, 2.8962129430704527e-02,
       1.5344956688682791e-02, 1.7658836106262274e-02,
       4.0810093085116683e-02, 4.3358319438676754e-02,
       4.4405519256310075e-02, 4.7706204348272691e-02,
       5.7562171869823479e-02, 2.0355825072630406e-02,
       2.3025736659182613e-02, 1.7106020696507029e-02,
       4.1141669005954243e-02, 1.9676626513856460e-02,
       2.3874082388041822e-02, 3.7660048037537051e-02,
       4.6019394846018441e-02, 2.0476641410007112e-02,
       3.7493173538676774e-02, 2.9244554428811936e-02,
       4.3140948634063522e-02, 3.6454535784560600e-02,
       3.4888090025996847e-02, 4.7872923550088223e-02,
       4.0101764936516952e-02 ]
pca_proj: !!opencv-matrix
   rows: 2
   cols: 21
   dt: f
   data: [ 1.02604255e-02, 8.46533298e-01, 5.67100069e-05,
       -5.08859605e-02, 4.68450844e-01, 1.89823491e-04, -5.55210514e-03,
       1.46431834e-01, -1.98076777e-05, -7.31809530e-03, 1.34976640e-01,
       -4.80776835e-05, -6.69380091e-03, 1.46460637e-01, -1.57161594e-05,
       2.11501210e-05, 1.32904761e-05, -3.16381829e-07, -1.62182951e-05,
       4.47223283e-04, 4.04881848e-06, 8.19958210e-01, 1.87153444e-02,
       -7.93817599e-05, 4.28530097e-01, 8.29724409e-03, 8.75842488e-06,
       2.28233948e-01, -2.37727305e-03, -1.84168690e-04, 2.08515689e-01,
       -1.20344283e-02, -2.14158339e-04, 2.18838796e-01, -7.27251405e-04,
       -1.84816250e-04, -3.05604735e-05, -5.04301033e-06,
       -1.27042276e-05, 6.79167337e-04, 1.30049409e-06, -1.63660501e-04 ]
pca_mean: !!opencv-matrix
   rows: 1
   cols: 21
   dt: f
   data: [ 4.33646118e+02, 2.44701981e+02, 1.49672687e+00,
       4.18191803e+02, 2.60206879e+02, 1.62062907e+00, 3.68545319e+02,
       2.27059875e+02, 1.69770968e+00, 3.19420807e+02, 1.63929108e+02,
       1.75046074e+00, 3.16613464e+02, 2.25532654e+02, 1.70717156e+00,
       1.08872897e-04, -9.74175637e-05, 6.24380555e-05, -2.17504916e-04,
       -2.50119597e-01, 1.75055194e+00 ]
gamma: !!opencv-matrix
   rows: 29
   cols: 1
   dt: d
   data: [ 8.0842352371723714e-01, 8.5274750901466712e-01,
       7.9620981032446803e-01, 8.9286324715852450e-01,
       8.6467307164912077e-01, 8.5397056322716947e-01,
       8.9434936881869664e-01, 8.7837033352119909e-01,
       8.2873477038136611e-01, 8.1030864209981157e-01,
       8.1955143842494105e-01, 7.9202092711278904e-01,
       7.9186974386602205e-01, 8.5977157743599764e-01,
       8.8345271642545042e-01, 8.6272220891807583e-01,
       8.2784295002345532e-01, 8.7420603649193263e-01,
       8.9377809470496727e-01, 8.3483995288677304e-01,
       8.1939597741191872e-01, 8.9374111892739150e-01,
       8.5185489235879930e-01, 8.4419666425805884e-01,
       7.8510634113220035e-01, 8.6678680868926217e-01,
       8.6048786010414513e-01, 8.5317829487962649e-01,
       8.0932240294674695e-01 ]
