%YAML:1.0
means: !!opencv-matrix
   rows: 8
   cols: 19
   dt: d
   data: [ 8.1491115975607343e+01, 1.5323383912155469e+01,
       -2.4055776806124154e+01, -3.2422964779590075e+01,
       -2.6543812731483897e+01, -1.9786413397130076e+01,
       8.9197617273881769e-01, -2.3588002716958281e+00,
       2.0654048890093013e-01, -3.9700369158002596e-02,
       1.0566638208737324e-01, -5.2997467476327588e-03,
       6.7013571070263008e-04, 2.8011047803110809e-03,
       1.4833170718688301e-02, 7.3370712601426224e-03,
       1.1995205079014558e-03, 1.4111901734807186e-03,
       -2.5358284867351417e-03, -1.7273765631856239e+02,
       -6.6573479531202608e+01, 3.4697174120382414e+01,
       4.5493360546166251e+01, -1.4438569335618899e+01,
       5.2107025115068408e+00, -7.2002235594503505e-01,
       -1.7662401275524704e+00, 2.1679676808635912e-01,
       -1.4682605524815145e-01, 3.4321469082521275e-02,
       -3.3668762038835988e-02, 2.3646494838696608e-04,
       -9.7793423969574373e-03, 6.6545666519414433e-03,
       5.7117829299636646e-03, -5.5181421968803560e-03,
       -5.2479524655338226e-03, 3.8088224403656635e-03,
       5.7930643901950504e+01, -2.7481130854320838e+01,
       -1.9764912860740232e+01, 1.2606764361750516e+01,
       1.0696088749111199e+01, -3.1133499144920931e+00,
       -3.2302884638353619e+00, 1.8067008918155547e+00,
       7.8280120982711421e-01, -5.2999135218438541e-02,
       1.2500534278014949e-02, -8.7900384098525911e-03,
       3.8319023573108193e-03, 1.0469538603695423e-03,
       5.9012592603925130e-03, -2.9635266706793946e-04,
       1.0585385495347128e-03, 1.7185954623802956e-04,
       1.0845530571254440e-03, 6.5880696329282271e+00,
       3.6598577117915845e+01, 6.1323369281813402e+00,
       -2.1497739435964881e+01, 8.3162481820050136e+00,
       1.3581943596778725e+00, -3.8194016897228749e+00,
       -2.3273483303298099e+00, -2.0837058836936775e+00,
       -5.3713039891563112e-02, -1.5401769920546993e-01,
       1.7866805160562937e-02, -2.3919273712418577e-02,
       -3.1905663803840178e-03, -2.7245889995912688e-02,
       1.4115582054478680e-02, -1.6936229477484157e-02,
       -8.9656949220319401e-03, -4.2973439880764127e-03,
       1.0996271015535864e+02, -7.8734590657411427e+00,
       -2.5222216614886158e+01, 3.0460010451174702e+00,
       2.7146905644958763e+00, 1.6609911169965748e+01,
       -4.5806339592888845e+00, -1.8475839387383735e+00,
       -3.3983860285435212e+00, 1.0641207488653948e-01,
       -2.8542738741525685e-03, -5.4940309834110863e-02,
       -1.7713549389369639e-02, -6.6588890899801859e-03,
       1.5021277236252671e-02, -1.7245880432467973e-02,
       1.1597080829131405e-02, 1.4179666858320219e-02,
       -2.7677987463863097e-03, 5.5892794917383476e+01,
       -5.8389829920457159e-01, -4.6239304061259769e+00,
       8.3255104630337300e+00, 7.8138723636453742e+00,
       5.8195086588773508e+00, 4.1383756925400235e+00,
       -4.5657284895773165e-01, -8.9221832009699603e-02,
       7.1005675207235644e-03, 5.7097632963863505e-02,
       1.7263065461646673e-02, 3.5116269100127669e-03,
       9.8346380717026591e-04, 7.3985649229018798e-03,
       -4.7787751725858479e-04, 1.9089350784996884e-04,
       -7.4784975159796534e-05, 9.8200574966529923e-04,
       -7.7840118858435247e+01, 5.0076355711086666e+00,
       1.7999018104523053e+01, 6.4971248137499021e-02,
       -1.7654621922136220e+00, -3.9366458997692453e+00,
       2.3264370914451709e+00, 1.4434810746478675e+00,
       4.8870272907005147e-01, 2.5859398167503017e-02,
       -1.0249008650367135e-01, 6.5132890895645088e-03,
       2.9083081847225264e-03, -1.8189388666481584e-03,
       -2.8591898188892868e-02, -4.4504188253231981e-03,
       3.1571904125225351e-03, 1.5807399954259809e-03,
       -1.3403497929945429e-03, -1.9714838386808805e+02,
       7.7262996498190944e+01, 4.1435829906259194e+01,
       -4.2964662013238573e+01, -1.9454038598411401e+01,
       1.0989270441351819e+01, -3.6746988555689613e+00,
       -2.2650064521962834e-01, 6.7817095041923292e-02,
       2.4321926192790397e-01, 2.8183299021708300e-02,
       3.1598317376576403e-04, 1.2155583879637486e-03,
       9.2982730034561929e-03, 2.5083819305459717e-02,
       -4.0477167623123927e-03, 1.0238496461040180e-03,
       -1.0319738132235166e-03, 2.6582002855744507e-03 ]
