%YAML:1.0
means: !!opencv-matrix
   rows: 8
   cols: 3
   dt: d
   data: [ 6.7014322618275974e+00, 1.2164230536499861e+02,
       -3.4202857449121076e+01, -5.5328113683826974e+00,
       -7.4321511875967531e+01, 4.2838396910071035e+00,
       -1.7080106468937117e+02, 6.5198840736486599e+00,
       -3.1160730266363522e+01, 1.1150263965756756e+02,
       6.0129279196569918e+01, 5.1937463762135678e+01,
       -9.8356257575120765e+01, 1.7754958689180814e+01,
       4.6692020084453709e+01, 1.4002174477925797e+02,
       -4.8089955131308692e+01, 1.8336945005924470e+01,
       -1.9246203781276114e+02, -6.9249613807632599e+01,
       4.5184106585231781e+01, 5.3038826502219329e+01,
       -2.4091801056273393e+01, -5.6066422190761344e+01 ]
covs: !!opencv-matrix
   rows: 24
   cols: 3
   dt: d
   data: [ 7.9732903430488122e+03, -1.2010460530690766e+03,
       7.4188360707562447e+02, -1.2010460530690766e+03,
       5.5976109623969996e+03, 2.7191025380548587e+02,
       7.4188360707562435e+02, 2.7191025380548598e+02,
       1.8388235524203124e+03, 4.1366019537195953e+03,
       -1.2894791130085114e+03, 2.3527958163561657e+03,
       -1.2894791130085118e+03, 1.3564844981457054e+04,
       4.0819655211686910e+02, 2.3527958163561657e+03,
       4.0819655211686910e+02, 2.0131642556731292e+03,
       6.9053355315855479e+03, -7.9155264604604224e+02,
       -8.3946186770215024e+02, -7.9155264604604247e+02,
       1.1136094267360595e+04, -5.2526545879205759e+00,
       -8.3946186770215036e+02, -5.2526545879205884e+00,
       8.0812040274854871e+02, 9.6742374802876875e+03,
       -1.3122074213643391e+03, -1.8933587709063465e+03,
       -1.3122074213643389e+03, 8.4431204416205328e+03,
       7.6039058036043016e+01, -1.8933587709063468e+03,
       7.6039058036043002e+01, 1.0481855808764321e+03,
       3.4919847210036073e+03, -1.3263351270065384e+03,
       7.2789412055605601e+02, -1.3263351270065386e+03,
       9.5374958959074556e+03, -2.3487950067589873e+02,
       7.2789412055605578e+02, -2.3487950067589864e+02,
       1.7006962654625288e+03, 5.2100301176137609e+03,
       -1.3865640413898194e+02, -9.8438786822583313e+02,
       -1.3865640413898203e+02, 7.0073787021069829e+03,
       -7.1585600822811841e+02, -9.8438786822583302e+02,
       -7.1585600822811841e+02, 1.1871341933536009e+03,
       5.0602221943339646e+03, -1.2182659802185926e+03,
       2.7208394297027385e+03, -1.2182659802185926e+03,
       9.1153784011375774e+03, 6.6396838535356528e+02,
       2.7208394297027385e+03, 6.6396838535356551e+02,
       2.1599883321621351e+03, 5.5572387805801372e+03,
       -7.2570948031866203e+02, 3.4681327987855002e+02,
       -7.2570948031866226e+02, 6.8195131254218713e+03,
       2.3398151929968282e+02, 3.4681327987855008e+02,
       2.3398151929968282e+02, 1.6184536856772365e+03 ]
weights: !!opencv-matrix
   rows: 1
   cols: 8
   dt: d
   data: [ 1.1983294207197026e-01, 1.2382615715933105e-01,
       9.2004144115492029e-02, 1.4479249038665143e-01,
       1.0640118110159795e-01, 1.1028062214578306e-01,
       8.7939391416652191e-02, 2.1492307160250851e-01 ]
pca_proj: !!opencv-matrix
   rows: 3
   cols: 21
   dt: f
   data: [ 1.02604255e-02, 8.46533298e-01, 5.67100069e-05,
       -5.08859605e-02, 4.68450844e-01, 1.89823491e-04, -5.55210514e-03,
       1.46431834e-01, -1.98076777e-05, -7.31809530e-03, 1.34976640e-01,
       -4.80776835e-05, -6.69380091e-03, 1.46460637e-01, -1.57161594e-05,
       2.11501210e-05, 1.32904761e-05, -3.16381829e-07, -1.62182951e-05,
       4.47223283e-04, 4.04881848e-06, 8.19958210e-01, 1.87153444e-02,
       -7.93817599e-05, 4.28530097e-01, 8.29724409e-03, 8.75842488e-06,
       2.28233948e-01, -2.37727305e-03, -1.84168690e-04, 2.08515689e-01,
       -1.20344283e-02, -2.14158339e-04, 2.18838796e-01, -7.27251405e-04,
       -1.84816250e-04, -3.05604735e-05, -5.04301033e-06,
       -1.27042276e-05, 6.79167337e-04, 1.30049409e-06, -1.63660501e-04,
       -1.48704097e-01, -3.29387456e-01, -1.82470303e-05, 1.08596861e-01,
       1.49965823e-01, -1.77574475e-04, 1.29315495e-01, 5.12750924e-01,
       2.36419466e-04, 1.37444586e-01, 5.11233926e-01, 2.85520800e-04,
       1.36541247e-01, 5.06532609e-01, 2.30281497e-04, -1.19767010e-05,
       -4.37137305e-06, 1.85016711e-06, 4.23374237e-04, 1.63331581e-03,
       1.86568883e-04 ]
pca_mean: !!opencv-matrix
   rows: 1
   cols: 21
   dt: f
   data: [ 4.33646118e+02, 2.44701981e+02, 1.49672687e+00,
       4.18191803e+02, 2.60206879e+02, 1.62062907e+00, 3.68545319e+02,
       2.27059875e+02, 1.69770968e+00, 3.19420807e+02, 1.63929108e+02,
       1.75046074e+00, 3.16613464e+02, 2.25532654e+02, 1.70717156e+00,
       1.08872897e-04, -9.74175637e-05, 6.24380555e-05, -2.17504916e-04,
       -2.50119597e-01, 1.75055194e+00 ]
gamma: !!opencv-matrix
   rows: 8
   cols: 1
   dt: d
   data: [ 9.0618061834385866e-01, 8.9260944932906050e-01,
       8.5786995633353302e-01, 8.4758415377831586e-01,
       8.9977617122774189e-01, 8.4676303824376098e-01,
       9.2694730242304946e-01, 8.9761964757906798e-01 ]
