%YAML:1.0
means: !!opencv-matrix
   rows: 12
   cols: 1
   dt: d
   data: [ -2.7739019225779606e+02, 1.3626810742956576e+02,
       -2.2296461099172632e+01, -1.1130478852979519e+02,
       1.6883959335201187e+01, -2.1646274310203438e+02,
       2.2687360498922325e+02, 9.5933491837940608e+01,
       -6.6559340194002502e+01, 5.6470551559734602e+01,
       -1.5984702886805974e+02, 1.7716319885600834e+02 ]
covs: !!opencv-matrix
   rows: 12
   cols: 1
   dt: d
   data: [ 1.8065480754419391e+03, 5.0368744647522681e+02,
       4.0267233843327244e+02, 6.0056375559892956e+02,
       3.8012929074157569e+02, 1.0868378597239441e+03,
       1.3878916650348635e+03, 3.9163913508989214e+02,
       4.7832583577628264e+02, 3.6936955397048013e+02,
       7.9364935131113498e+02, 6.5671235932467835e+02 ]
weights: !!opencv-matrix
   rows: 1
   cols: 12
   dt: d
   data: [ 4.2188919290213504e-02, 9.0031896455998170e-02,
       1.0447310417480722e-01, 8.5226215929068469e-02,
       1.0978159796380146e-01, 6.0134117687185330e-02,
       4.4351069334888318e-02, 1.1430586697095851e-01,
       9.2248259505045185e-02, 1.2014736193157975e-01,
       6.9883842305502458e-02, 6.7227748450924163e-02 ]
pca_proj: !!opencv-matrix
   rows: 1
   cols: 21
   dt: f
   data: [ 4.36961316e-02, 8.50134730e-01, 1.73015636e-04,
       6.54514134e-02, 4.60692108e-01, 2.29939164e-04, 7.67599978e-03,
       1.46649793e-01, -1.37564148e-05, 1.21663406e-03, 1.30500361e-01,
       -5.45994153e-05, 8.06188770e-03, 1.42052382e-01, -2.12945142e-05,
       -2.45414903e-05, 9.56867734e-06, -1.94090262e-06, 3.13729906e-05,
       4.34020360e-04, 2.32224409e-07 ]
pca_mean: !!opencv-matrix
   rows: 1
   cols: 21
   dt: f
   data: [ 2.07625534e+02, 2.55653595e+02, 1.54502928e+00,
       2.18915131e+02, 2.60592743e+02, 1.67241716e+00, 2.65274475e+02,
       2.24016678e+02, 1.71669352e+00, 3.19420807e+02, 1.63929108e+02,
       1.75046074e+00, 3.16613464e+02, 2.25532654e+02, 1.70717156e+00,
       1.08872897e-04, -9.74175637e-05, 6.24380555e-05, -2.17504916e-04,
       -2.50119597e-01, 1.75055194e+00 ]
gamma: !!opencv-matrix
   rows: 12
   cols: 1
   dt: d
   data: [ 9.0807028889487429e-01, 8.4375380778086173e-01,
       7.8598341125150262e-01, 8.3174849372852588e-01,
       7.8449366502841189e-01, 8.8496687121908035e-01,
       8.9190457987083960e-01, 8.1945197183351148e-01,
       8.0504333586725940e-01, 7.9780015955304562e-01,
       8.5925497172759313e-01, 8.6544005108393662e-01 ]
