%YAML:1.0
means: !!opencv-matrix
   rows: 13
   cols: 5
   dt: d
   data: [ 4.0959508562581362e+01, 1.9419743510875264e+01,
       -5.6216141757416402e+01, -3.2255237780384547e+01,
       -2.4869200896102736e+01, -1.6258925060942499e+02,
       -7.1194143825665861e+01, 2.4916982138967633e+01,
       4.6628629426304734e+01, -9.8275383416407571e+00,
       6.8692574564075343e+01, 9.7525881927458578e+00,
       -7.6049637166667040e+01, 2.7750111125750334e+00,
       8.5138376711772323e-01, -6.5801189741330646e+01,
       2.1263741723440894e+01, 1.1806384828939935e+01,
       -1.6499887242197641e+01, 2.5880942519219214e+01,
       -2.0401019590683498e+02, 6.5426219091429459e+01,
       3.2573389498249156e+01, -3.7767001627067621e+01,
       -1.7710459554946283e+01, 1.2832710054943962e+02,
       -2.4944351661400393e+01, -2.0351194874375288e+01,
       2.4468867945789182e+01, -7.1587068937427283e+00,
       -1.7926336008637666e+01, -3.4015655420911955e+01,
       3.9864215765700277e+00, 7.3044516049352879e+01,
       5.3674783539921771e+00, 1.2832731126058988e+02,
       2.3676652499506641e+01, 4.4001098247032694e+01,
       -8.5569343944267722e+00, 1.3037857178869315e+01,
       1.0272669170114735e+02, 1.9515138785720143e+01,
       -3.4375325753511873e+01, -2.3842215216125219e+01,
       -1.7921766940036765e+01, -9.4343512951094954e+00,
       5.2663980014105640e+01, -1.6482923316445927e+01,
       -1.8980834060816221e+01, 1.6107834573130607e+01,
       -1.0726126683261565e+00, -1.4994504074510465e+02,
       -8.2710166713378843e+00, 7.8948894711247899e+00,
       1.0076146099981374e+01, 1.4586256192584943e+02,
       1.2601291476339632e+01, 2.7593310371503478e+01,
       -3.1966725589001726e+01, -2.8159494002411293e+01,
       -6.2387448840522758e+01, -5.2668773646013225e+00,
       9.5764776254867812e+01, 3.0437790996778973e+00,
       -1.1788001162075823e+00 ]
covs: !!opencv-matrix
   rows: 65
   cols: 5
   dt: d
   data: [ 1.7888475507999440e+03, 2.0481185926061394e+02,
       1.3462092203810848e+03, 1.1254766906975100e+02,
       -3.9211843804990473e+01, 2.0481185926061394e+02,
       5.4153434841902827e+03, 7.0225879373029272e+01,
       2.4053635785884521e+03, -5.6550503856858683e+01,
       1.3462092203810844e+03, 7.0225879373029272e+01,
       1.2255571217240465e+03, 1.4815938873619036e+01,
       -2.3331765152740505e+01, 1.1254766906975097e+02,
       2.4053635785884526e+03, 1.4815938873619025e+01,
       1.1418882415657263e+03, -6.4721251912231651e+01,
       -3.9211843804990473e+01, -5.6550503856858690e+01,
       -2.3331765152740516e+01, -6.4721251912231651e+01,
       3.0876368273187360e+01, 6.0880904261235519e+03,
       -8.3972677442061070e+02, 2.6490025385952849e+03,
       7.6978934392789188e+02, -6.1469936703928646e+01,
       -8.3972677442061070e+02, 7.5225686633355581e+03,
       4.6342794735404389e+01, 1.5134830814015897e+03,
       5.6712744456326405e+01, 2.6490025385952849e+03,
       4.6342794735404411e+01, 2.1746280794895533e+03,
       2.6167942738828302e+01, -9.7861082755108981e+01,
       7.6978934392789199e+02, 1.5134830814015897e+03,
       2.6167942738828305e+01, 1.5170534276336532e+03,
       -1.4456346549673449e+02, -6.1469936703928646e+01,
       5.6712744456326405e+01, -9.7861082755108953e+01,
       -1.4456346549673449e+02, 1.0534123662342600e+02,
       2.2041361011047634e+03, 5.1556522899480126e+02,
       5.3777757403620899e+02, -2.8308433622131810e+02,
       -1.9148465695793129e+02, 5.1556522899480126e+02,
       6.7362650702682222e+03, 2.3474191285044961e+02,
       1.4283530291536663e+03, -1.1370054154487202e+02,
       5.3777757403620899e+02, 2.3474191285044961e+02,
       1.2079606436564486e+03, 5.7678765763598406e+01,
       6.8879297901639859e+01, -2.8308433622131810e+02,
       1.4283530291536663e+03, 5.7678765763598420e+01,
       1.8925608273033654e+03, 4.4752575779178791e+01,
       -1.9148465695793129e+02, -1.1370054154487202e+02,
       6.8879297901639873e+01, 4.4752575779178777e+01,
       6.2229548983836004e+01, 6.7732487886816525e+03,
       1.9840948512742861e+02, 2.2864933936742300e+03,
       -1.0456921762723134e+02, 7.5490633103753441e+02,
       1.9840948512742858e+02, 6.4239957265256890e+03,
       -1.8933202259323670e+02, 1.9399975940358054e+03,
       -1.1484774359645826e+02, 2.2864933936742304e+03,
       -1.8933202259323664e+02, 2.1255257383826251e+03,
       9.2700093362653024e-01, -1.6946116442030367e+02,
       -1.0456921762723134e+02, 1.9399975940358058e+03,
       9.2700093362652169e-01, 1.4405514020250130e+03,
       -3.2185055383862483e+01, 7.5490633103753430e+02,
       -1.1484774359645829e+02, -1.6946116442030367e+02,
       -3.2185055383862490e+01, 2.8711657185615996e+02,
       5.3268303968984892e+03, 5.4706063866639658e+02,
       2.7720616932016528e+03, -1.6899053704029629e+02,
       -1.4626832012017138e+02, 5.4706063866639670e+02,
       7.6215149902086659e+03, 9.3430134282567572e+00,
       1.5432790334334359e+03, -3.3732936010279951e+02,
       2.7720616932016528e+03, 9.3430134282567536e+00,
       2.1043279133028518e+03, -4.4040063783339789e+01,
       -7.1590912352831523e+01, -1.6899053704029629e+02,
       1.5432790334334359e+03, -4.4040063783339818e+01,
       1.5189178839312892e+03, 1.4830031645391932e+02,
       -1.4626832012017135e+02, -3.3732936010279940e+02,
       -7.1590912352831523e+01, 1.4830031645391932e+02,
       1.2263909283421920e+02, 7.4332727831774873e+03,
       2.0653817363951393e+03, 2.3876592975443868e+03,
       -1.6140863631337336e+03, -9.2516375512459319e+01,
       2.0653817363951393e+03, 7.2233697501419992e+03,
       -1.1671123647674689e+02, 9.7469430832944647e+02,
       -9.1497298745332074e+01, 2.3876592975443868e+03,
       -1.1671123647674689e+02, 2.0109255297165516e+03,
       -3.0895893534086415e+01, -6.3036225039916012e+01,
       -1.6140863631337336e+03, 9.7469430832944647e+02,
       -3.0895893534086415e+01, 2.0979182290889753e+03,
       -1.6039009187716950e+01, -9.2516375512459362e+01,
       -9.1497298745332074e+01, -6.3036225039916012e+01,
       -1.6039009187716953e+01, 2.1634446921419443e+01,
       6.4398004669511374e+03, -5.2082318145082013e+02,
       2.6085387873522050e+03, 3.7585226765176930e+02,
       -3.7782349062123166e+02, -5.2082318145082002e+02,
       3.6021788697262637e+03, 4.6105653804883104e+01,
       7.3691367381341513e+02, 2.0741762432555234e+02,
       2.6085387873522050e+03, 4.6105653804883126e+01,
       2.4075679040975765e+03, -1.0584801204827707e+02,
       -4.4366200145631083e+01, 3.7585226765176918e+02,
       7.3691367381341513e+02, -1.0584801204827703e+02,
       7.3820911051504720e+02, -1.0358586598562634e+02,
       -3.7782349062123166e+02, 2.0741762432555234e+02,
       -4.4366200145631097e+01, -1.0358586598562637e+02,
       1.7775604196311164e+02, 3.1228781571270356e+03,
       -2.4871565348860312e+02, -4.2693082510286666e+02,
       3.5186100451979524e+02, -6.5230543137927634e+02,
       -2.4871565348860324e+02, 8.8338367855395845e+03,
       6.1850146804159166e+01, 2.5549461693640990e+02,
       1.9045972840571653e+02, -4.2693082510286666e+02,
       6.1850146804159166e+01, 7.7082343573173557e+02,
       -1.1548416930980436e+02, 2.5125779939706428e+02,
       3.5186100451979536e+02, 2.5549461693640990e+02,
       -1.1548416930980432e+02, 2.3524783099619358e+03,
       -1.8288419753629043e+02, -6.5230543137927634e+02,
       1.9045972840571650e+02, 2.5125779939706422e+02,
       -1.8288419753629049e+02, 2.6029570488457347e+02,
       5.9158498642993254e+03, -2.4955447660207585e+02,
       2.1458177752195588e+03, 7.2485320103812694e+02,
       3.7228198568167608e+02, -2.4955447660207585e+02,
       6.1605785516640790e+03, 9.9261116336868497e+01,
       2.2422268800616916e+03, -3.0827685115657193e+01,
       2.1458177752195584e+03, 9.9261116336868469e+01,
       2.3242943989208516e+03, -1.3131528616924942e+02,
       -1.2219913025529281e+02, 7.2485320103812694e+02,
