%YAML:1.0
means: !!opencv-matrix
   rows: 3
   cols: 1
   dt: d
   data: [ -1.7081415271413303e+02, 1.1429045076908184e+02,
       -1.3510865149976079e+01 ]
covs: !!opencv-matrix
   rows: 3
   cols: 1
   dt: d
   data: [ 6.5871033876385018e+03, 6.9586534181769357e+03,
       6.7063322912080839e+03 ]
weights: !!opencv-matrix
   rows: 1
   cols: 3
   dt: d
   data: [ 2.0779847451429251e-01, 3.6147725770323680e-01,
       4.3072426778246858e-01 ]
pca_proj: !!opencv-matrix
   rows: 1
   cols: 21
   dt: f
   data: [ 1.02604255e-02, 8.46533298e-01, 5.67100069e-05,
       -5.08859605e-02, 4.68450844e-01, 1.89823491e-04, -5.55210514e-03,
       1.46431834e-01, -1.98076777e-05, -7.31809530e-03, 1.34976640e-01,
       -4.80776835e-05, -6.69380091e-03, 1.46460637e-01, -1.57161594e-05,
       2.11501210e-05, 1.32904761e-05, -3.16381829e-07, -1.62182951e-05,
       4.47223283e-04, 4.04881848e-06 ]
pca_mean: !!opencv-matrix
   rows: 1
   cols: 21
   dt: f
   data: [ 4.33646118e+02, 2.44701981e+02, 1.49672687e+00,
       4.18191803e+02, 2.60206879e+02, 1.62062907e+00, 3.68545319e+02,
       2.27059875e+02, 1.69770968e+00, 3.19420807e+02, 1.63929108e+02,
       1.75046074e+00, 3.16613464e+02, 2.25532654e+02, 1.70717156e+00,
       1.08872897e-04, -9.74175637e-05, 6.24380555e-05, -2.17504916e-04,
       -2.50119597e-01, 1.75055194e+00 ]
gamma: !!opencv-matrix
   rows: 3
   cols: 1
   dt: d
   data: [ 9.2121110105707815e-01, 9.1847055917108411e-01,
       9.0998248458986986e-01 ]
