%YAML:1.0
means: !!opencv-matrix
   rows: 20
   cols: 8
   dt: d
   data: [ 8.2263986592243384e+01, 1.6521670761683072e+01,
       -2.3410404580164769e+01, -3.2179255566200190e+01,
       -2.6233368531831481e+01, -1.9731478547862373e+01,
       9.9642293261063419e-01, -2.3981045099330887e+00,
       -3.5301802208396760e+00, -2.5007201994877711e+01,
       8.7519272100737684e+00, 1.0716962008411686e+01,
       2.3224107013550448e+01, 1.5191040133869134e+00,
       -6.1204915510988622e-01, 2.2045214869078664e-01,
       -1.3141155026418087e+02, 2.9338648615692186e+01,
       3.6730471626244992e+01, -2.0459040756198167e+01,
       1.7846842645149263e+00, -1.1463110837463686e+01,
       1.2681434725942538e+00, -3.5855820102921004e-01,
       1.6636246465617890e+02, 1.9210668017588819e+01,
       -4.4538107904280160e+01, -1.8999796952660066e+01,
       -7.8654852079115321e+00, 1.2563457988819506e+01,
       -1.1348816724068261e-01, -1.3543515321437010e+00,
       -1.4187735476911553e+02, -4.7049259798594875e+01,
       3.8103792160535150e+01, 2.6614295956994415e+01,
       9.3628591703127151e-01, -7.8305068775802447e+00,
       2.6593744563423751e+00, 3.1502291216435874e-01,
       -9.2458551731655746e+01, 1.8131455257521020e+02,
       1.8104716843004091e+01, -9.9448585392700821e+01,
       -1.9113923799398847e+01, 4.0171849695072517e+01,
       -8.4503539015557934e+00, 2.3936535156195800e+00,
       -1.6533794462396992e+02, 3.0592107029228092e+01,
       4.2185590233581216e+01, -3.9500325830423075e+00,
       -7.8034623277792097e+00, 2.8245556908645590e+01,
       -2.2517846498192950e+00, 2.9582407047426873e+00,
       -5.3839706202713366e+01, -8.2850894655341136e+01,
       1.4292779157001165e+01, 5.1056694442577054e+01,
       8.1158190015198439e+00, -3.3279814893435598e+00,
       1.9219279985191859e+00, -2.7463460989213084e-01,
       1.4694249743819884e+02, 6.2707330647816386e+00,
       -3.9662903633222435e+01, 2.9937975472138945e+00,
       -5.0904400491583255e+00, 1.2262934412480448e+01,
       -1.0908027219837275e+00, 1.6816658999682770e+00,
       5.5804770378245287e+01, -2.9174622828007340e+01,
       -1.3921282521774339e+01, -2.1985492097536991e+01,
       1.7184430168857396e+01, 5.6795940965416127e+00,
       1.3560689927254970e+00, 1.3695288549771125e+00,
       2.5326592920139774e+01, 1.4227384756751303e+02,
       -1.0483203456645283e+00, -7.5579870410211257e+01,
       2.1270382084986711e+01, 7.7121565279184612e+00,
       2.7696951987062912e-01, 1.7813665008576265e+00,
       -2.3592515076859954e+01, 2.2724420866739163e+01,
       1.9773539567699583e+01, -1.5638999374113409e+01,
       3.0567865721049738e+01, -1.2784465741139570e+01,
       -7.2541793792590803e-01, -1.2758082125756476e+00,
       4.6083689950750738e+01, 3.2239330494991137e+01,
       -7.8503214014755223e+00, -3.0993322106852695e+01,
       -4.0119524314746409e+00, -1.2145620966739493e+01,
       1.8848717860372943e-01, 4.3232304958970558e-01,
       7.6327221702729858e+01, -5.7012503146302656e+01,
       -2.3247465515640485e+01, 3.3361135528825898e+01,
       -1.0467576670648000e+01, 8.0181751576990905e+00,
       -3.6707444139477188e+00, -1.6385635327375692e+00,
       -1.9127432888944426e+02, 8.0193422265335670e+01,
       3.8774900581679020e+01, -4.7878153346468700e+01,
       -2.1539334338410146e+01, 6.0488111256889745e+00,
       -2.9382529341802246e+00, -1.5669229290402337e-01,
       -2.1365430032725058e+02, -8.1642819129018882e+00,
       4.4488370712116584e+01, 1.1653788040531289e+01,
       -1.0545877526638272e+01, 1.0934149479450724e+01,
       -1.5123162818245270e+00, -1.0136070308123686e+00,
       3.0270174156076475e+01, -9.9554409551670361e+01,
       -1.0040806388992111e+01, 6.8423412287046588e+01,
       -4.2552117786269807e+00, -1.4116649593326476e+00,
       2.1056092168757461e+00, -4.2965176674395539e-01,
       5.9160984598423781e+01, 1.0025308341328315e+02,
       -1.3351653849193545e+01, 3.0631555997589942e+01,
       1.5669497695623063e+01, 8.8350954635771861e-02,
       8.0127805553760700e-01, 1.5662062916395028e+00,
       1.0783967039237244e+02, -4.8426444244494753e+01,
       -2.9632267158864426e+01, 3.4006851814302870e+01,
       -1.9631309140799471e+00, 1.3620680310671089e+01,
       -3.8685006039252895e-01, 1.8537918691572770e+00,
       -1.4818713973071704e+02, -1.0393418595992175e+02,
       2.7685043277489694e+01, 6.6325777354375489e+01,
       -1.9786347093088747e+01, 7.4262769325806466e-01,
       -2.3578135442313441e-01, -1.4623379994984058e+00 ]
