%YAML:1.0
means: !!opencv-matrix
   rows: 9
   cols: 1
   dt: d
   data: [ 4.6811711458340696e+01, -1.9822000477639867e+02,
       1.5521570383453431e+02, -6.8814693624750319e+01,
       2.1519832239330702e+02, -8.5996995007094714e+00,
       -2.6826460178831451e+02, 9.8039753750952343e+01,
       -1.2864043624389893e+02 ]
covs: !!opencv-matrix
   rows: 9
   cols: 1
   dt: d
   data: [ 7.1548791256519814e+02, 1.4000097022950893e+03,
       9.5814555623204171e+02, 8.9665120092282234e+02,
       1.6871405289960028e+03, 7.4932879565683595e+02,
       2.0547749051968794e+03, 7.3569024650899883e+02,
       1.0540226697803355e+03 ]
weights: !!opencv-matrix
   rows: 1
   cols: 9
   dt: d
   data: [ 1.5846261711727175e-01, 7.9012893691491795e-02,
       1.1683990174811718e-01, 1.2574465389754966e-01,
       5.8960904699007000e-02, 1.5343376044811682e-01,
       5.1886146498760513e-02, 1.5087077545968330e-01,
       1.0478834643997596e-01 ]
pca_proj: !!opencv-matrix
   rows: 1
   cols: 21
   dt: f
   data: [ 4.36961316e-02, 8.50134730e-01, 1.73015636e-04,
       6.54514134e-02, 4.60692108e-01, 2.29939164e-04, 7.67599978e-03,
       1.46649793e-01, -1.37564148e-05, 1.21663406e-03, 1.30500361e-01,
       -5.45994153e-05, 8.06188770e-03, 1.42052382e-01, -2.12945142e-05,
       -2.45414903e-05, 9.56867734e-06, -1.94090262e-06, 3.13729906e-05,
       4.34020360e-04, 2.32224409e-07 ]
pca_mean: !!opencv-matrix
   rows: 1
   cols: 21
   dt: f
   data: [ 2.07625534e+02, 2.55653595e+02, 1.54502928e+00,
       2.18915131e+02, 2.60592743e+02, 1.67241716e+00, 2.65274475e+02,
       2.24016678e+02, 1.71669352e+00, 3.19420807e+02, 1.63929108e+02,
       1.75046074e+00, 3.16613464e+02, 2.25532654e+02, 1.70717156e+00,
       1.08872897e-04, -9.74175637e-05, 6.24380555e-05, -2.17504916e-04,
       -2.50119597e-01, 1.75055194e+00 ]
gamma: !!opencv-matrix
   rows: 9
   cols: 1
   dt: d
   data: [ 8.0390690285956234e-01, 8.8251503559469813e-01,
       8.6056232891167661e-01, 8.1760990139406642e-01,
       8.9156224026675901e-01, 7.9538991185575347e-01,
       9.0795273872226057e-01, 8.2868520001331003e-01,
       8.4955418414932982e-01 ]
