%YAML:1.0
means: !!opencv-matrix
   rows: 46
   cols: 1
   dt: d
   data: [ -1.1298831578441558e+02, 8.9650603769724881e+01,
       -7.4384489025106451e+00, 2.0133266481114421e+02,
       -3.4963775839461135e+02, -2.1852612905309238e+02,
       1.4274541735311240e+02, -5.7621543738139763e+01,
       2.2703305600437883e+01, 3.1304380054020407e+02,
       -1.8481701055934525e+02, -2.6932510065627480e+02,
       5.4273338136937063e+01, 2.3877163656115670e+02,
       -8.5720289824994921e+01, 4.3080811164763880e+01,
       1.1592941222407673e+02, -1.2731808984706822e+02,
       1.6898998718847423e+02, -3.2351094917731650e+01,
       -1.5518722516492736e+02, -2.3377668879277388e+02,
       2.8296541475710995e+02, -3.0402671817115493e+02,
       1.0270000146532148e+02, 2.5926343331033900e+02,
       -2.0182126736468723e+02, 7.7287191017644645e+01,
       1.8501033315819879e+02, 2.1917997483709539e+02,
       -1.9714570849861520e+01, 1.2900954559549783e+01,
       -9.9060129434356938e+01, -4.4896820294344536e+01,
       -1.6923161115088766e+02, 1.2891621536730261e+02,
       3.2560705807858099e+00, -1.4082174935876839e+02,
       -7.1149746111855123e+01, 6.5825064316200212e+01,
       1.5567621221533946e+02, 3.2945034840919504e+01,
       -2.8542761139450266e+02, -2.5134206178713592e+02,
       3.4199337533443043e+02, -3.2489003632734244e+02 ]
covs: !!opencv-matrix
   rows: 46
   cols: 1
   dt: d
   data: [ 3.6224966876639186e+01, 3.7986093575690504e+01,
       2.9977916459041460e+01, 7.0241001335412165e+01,
       5.3468136280022418e+02, 6.8234671740354699e+01,
       4.4979857841266828e+01, 4.5552702029068087e+01,
       2.2892508865087827e+01, 1.5845826236945251e+02,
       4.8867344955438348e+01, 6.0914813546316552e+01,
       2.5466196573483476e+01, 9.8028211525195957e+01,
       4.0830723948109252e+01, 2.5560243795057065e+01,
       4.1691738544092274e+01, 4.2001157234883983e+01,
       5.1417969895035640e+01, 3.7977714395831327e+01,
       4.1320534770769363e+01, 6.4894990055991258e+01,
       1.6509837963814192e+02, 1.1542004849689960e+02,
       3.9755177060620248e+01, 1.3636453552791968e+02,
       5.7605786586223914e+01, 3.4900954174110545e+01,
       5.9493166629377569e+01, 8.1856840035020625e+01,
       3.4185277945734271e+01, 2.2701560638748127e+01,
       3.8490358369680173e+01, 4.1731168839916421e+01,
       4.3187146156699647e+01, 4.1742455769341234e+01,
       2.6150001642836205e+01, 4.3139440228469120e+01,
       4.4785315446377503e+01, 3.0363021481477606e+01,
       5.0543071237807425e+01, 2.3704272580741854e+01,
       7.3577399039372736e+01, 6.6635313925296501e+01,
       3.8844495271441099e+02, 1.9961992531244204e+02 ]
weights: !!opencv-matrix
   rows: 1
   cols: 46
   dt: d
   data: [ 2.6198570589242375e-02, 3.3866423826515564e-02,
       3.1385829235411888e-02, 1.7798429127295453e-02,
       3.0303413974331352e-03, 1.4463194260375924e-02,
       2.4527963899141685e-02, 3.1828338584401594e-02,
       2.7655962075904927e-02, 3.3164904394396432e-03,
       1.8504813306401961e-02, 9.8053288051530695e-03,
       3.3070278480831376e-02, 1.1898393091341910e-02,
       3.2838271442082984e-02, 3.0716049044864288e-02,
       3.1137434997853774e-02, 2.4803221082817496e-02,
       2.2954900228977095e-02, 3.2154756215331322e-02,
       1.8990801383821181e-02, 1.4479306562752002e-02,
       7.6232135705696065e-03, 5.8612772283288287e-03,
       3.6015066565269337e-02, 8.7080540478471895e-03,
       1.8940219095472294e-02, 3.3612994026914748e-02,
       2.0294230730674961e-02, 1.4538981449740486e-02,
       3.2537323572717020e-02, 2.8021312565892537e-02,
       2.9506346654868960e-02, 3.1304604380581066e-02,
       1.7573006025308906e-02, 2.9636891884443302e-02,
       2.7909181583615161e-02, 2.0939600560920913e-02,
       3.4050828777715460e-02, 3.2417143102310836e-02,
       2.1633976520321035e-02, 2.8849966977517728e-02,
       7.3619500686300573e-03, 1.1513617876032223e-02,
       1.2216886653048408e-03, 4.5034259916036908e-03 ]
pca_proj: !!opencv-matrix
   rows: 1
   cols: 21
   dt: f
   data: [ 1.02604255e-02, 8.46533298e-01, 5.67100069e-05,
       -5.08859605e-02, 4.68450844e-01, 1.89823491e-04, -5.55210514e-03,
       1.46431834e-01, -1.98076777e-05, -7.31809530e-03, 1.34976640e-01,
       -4.80776835e-05, -6.69380091e-03, 1.46460637e-01, -1.57161594e-05,
       2.11501210e-05, 1.32904761e-05, -3.16381829e-07, -1.62182951e-05,
       4.47223283e-04, 4.04881848e-06 ]
pca_mean: !!opencv-matrix
   rows: 1
   cols: 21
   dt: f
   data: [ 4.33646118e+02, 2.44701981e+02, 1.49672687e+00,
       4.18191803e+02, 2.60206879e+02, 1.62062907e+00, 3.68545319e+02,
       2.27059875e+02, 1.69770968e+00, 3.19420807e+02, 1.63929108e+02,
       1.75046074e+00, 3.16613464e+02, 2.25532654e+02, 1.70717156e+00,
       1.08872897e-04, -9.74175637e-05, 6.24380555e-05, -2.17504916e-04,
       -2.50119597e-01, 1.75055194e+00 ]
gamma: !!opencv-matrix
   rows: 46
   cols: 1
   dt: d
   data: [ 8.1301993804261519e-01, 7.9907614130188576e-01,
       7.6274894447898001e-01, 8.6175193729410116e-01,
       9.1074862038234317e-01, 8.6857999188716284e-01,
       8.3167140262685035e-01, 7.7985949119564824e-01,
       7.6532117592192672e-01, 9.0024409786727866e-01,
       8.5339052923912284e-01, 8.8679852557796335e-01,
       7.7805698061872963e-01, 8.7709911117302120e-01,
       7.9607229200766816e-01, 7.7267225762625136e-01,
       8.1559267885631059e-01, 8.2193389184171428e-01,
       8.4605814263821144e-01, 7.6841832064777316e-01,
       8.3801515359013423e-01, 8.7452356105246631e-01,
       8.9212516149309418e-01, 8.9733089110736974e-01,
       8.0730177962323235e-01, 8.8455523569441374e-01,
       8.6135766095377297e-01, 7.9137821310057210e-01,
       8.5412009160914515e-01, 8.6941332313952535e-01,
       7.6472856634653097e-01, 7.6327305362903997e-01,
       8.0434719378494934e-01, 7.7352148923690944e-01,
       8.4553053742537343e-01, 8.2350186946124493e-01,
       7.6242560907216184e-01, 8.2994374285575934e-01,
       7.8738381597564444e-01, 7.8449687376735699e-01,
       8.3899394460279542e-01, 7.6853408808774082e-01,
       8.9181232119565035e-01, 8.8089235562350687e-01,
       9.0849372540874851e-01, 9.0318861021997543e-01 ]
