%YAML:1.0
means: !!opencv-matrix
   rows: 5
   cols: 9
   dt: d
   data: [ 8.1819131384268729e+01, 1.5866097063730527e+01,
       -2.3956224715204801e+01, -3.2133014162243192e+01,
       -2.6437932330862346e+01, -1.9684794608646520e+01,
       9.2389199983880177e-01, -2.3205922878613086e+00,
       2.0482694465724474e-01, -1.6635640064823770e+02,
       3.0907906559375061e+01, 3.8040197593679743e+01,
       -1.7197901148521069e+01, -8.6285546019482329e+00,
       3.8141849758526352e+00, -7.7684903279706097e-01,
       1.5039108318533775e-01, 8.0552854821228009e-02,
       3.3728268809653528e+01, 3.9127154231207257e+01,
       -3.4261807092634982e+00, -2.4328050425752323e+01,
       5.6069824377482549e+00, -2.0557330298153992e-01,
       -2.8867352812603841e+00, -1.1972879228234306e+00,
       -2.0362131612248255e+00, 7.2582394707391799e+01,
       3.9261787213368224e+00, -1.5968538225450171e+01,
       1.0608379982707872e+00, 1.0384264185865421e+01,
       3.1749049483998042e+00, 4.3299784902883903e-01,
       9.4850346689720499e-01, 3.7523203924427417e-01,
       -4.5653449907992936e+01, -9.3647871924935018e+01,
       8.6278462089086272e+00, 5.9724277468478689e+01,
       -4.3737828376076973e+00, -1.5422285827749833e+00,
       1.5726104416291586e+00, -4.2639661771762505e-01,
       3.3369688065521752e-01 ]
covs: !!opencv-matrix
   rows: 45
   cols: 9
   dt: d
   data: [ 4.0783601576890169e+03, 8.9763120539548737e+01,
       3.0713187001925148e+03, 1.4765813985422483e+02,
       -1.0389219620881039e+02, -2.1201768510644602e+01,
       -5.3241387545754620e+01, -5.0961023001117773e+00,
       1.9783901963436332e+01, 8.9763120539548709e+01,
       5.5921715368200930e+03, -4.6760062396623553e+01,
       2.4663843054771082e+03, -3.9831708823244632e+01,
       -1.3443034942807753e+02, 4.0175799910254355e+01,
       -2.5203783832502946e+01, -2.1979880110546892e+00,
       3.0713187001925144e+03, -4.6760062396623589e+01,
       2.5741265689301376e+03, 2.9368961110900560e+01,
       -8.2361248013093089e+01, 5.0658635474186831e+01,
       1.6677563779782457e+01, -4.9711517775320209e+00,
       3.7783480433330876e+00, 1.4765813985422483e+02,
       2.4663843054771082e+03, 2.9368961110900560e+01,
       1.1716881971132682e+03, -5.9919130585900213e+01,
       -8.7356428024182691e+01, 4.2403242692841037e+00,
       1.7234904831325206e+01, -4.5329765864267513e+00,
       -1.0389219620881040e+02, -3.9831708823244618e+01,
       -8.2361248013093089e+01, -5.9919130585900199e+01,
       3.5178856982017237e+01, 8.9384719826023407e+00,
       4.2387074941739211e+00, -1.5892256193031608e+01,
       2.8070668188739205e+00, -2.1201768510644587e+01,
       -1.3443034942807756e+02, 5.0658635474186823e+01,
       -8.7356428024182691e+01, 8.9384719826023407e+00,
       8.2424287531038345e+01, 2.6163541664396597e+01,
       -7.7904970985205280e+00, -3.5005259083428313e+00,
       -5.3241387545754620e+01, 4.0175799910254334e+01,
       1.6677563779782457e+01, 4.2403242692841037e+00,
       4.2387074941739211e+00, 2.6163541664396593e+01,
       1.9991868055763376e+01, -2.5604579268404097e+00,
       -2.4120642940286334e+00, -5.0961023001117756e+00,
       -2.5203783832502946e+01, -4.9711517775320244e+00,
       1.7234904831325210e+01, -1.5892256193031608e+01,
       -7.7904970985205280e+00, -2.5604579268404097e+00,
       1.3911122418793228e+01, -2.8238723725486374e+00,
       1.9783901963436332e+01, -2.1979880110546888e+00,
       3.7783480433330876e+00, -4.5329765864267513e+00,
       2.8070668188739205e+00, -3.5005259083428313e+00,
       -2.4120642940286334e+00, -2.8238723725486383e+00,
       1.5667063353291408e+00, 7.2907479279515665e+03,
       1.4135781069950261e+02, 2.8347405906849676e+03,
       1.6954508978613084e+01, 3.5231949989620574e+02,
       -3.2837080774574417e+02, 1.0997110121800760e+02,
       -3.6253871125896282e+01, -9.3828230784434048e+00,
       1.4135781069950272e+02, 9.5102014810136116e+03,
       -1.5192253363272141e+02, 3.2093082288426137e+02,
       -4.6273219059176995e+02, 4.9963323984313416e+02,
       -1.1129212505868932e+02, 2.7441790958241615e+01,
       1.5192329159294646e+01, 2.8347405906849681e+03,
       -1.5192253363272150e+02, 2.4503430728909793e+03,
       7.6078211447443735e+01, -7.7545482194024729e+01,
       3.7978359732498639e+01, -2.2468293825528431e+01,
       1.2832178857886127e+01, 3.5168277834893833e+00,
       1.6954508978613102e+01, 3.2093082288426137e+02,
       7.6078211447443749e+01, 2.2512823332538837e+03,
       1.9084511000259596e+02, -1.8326171944137224e+02,
       5.0880261256628373e+01, -2.1638408944717536e+01,
       -2.7150035541204147e+00, 3.5231949989620585e+02,
       -4.6273219059176995e+02, -7.7545482194024729e+01,
       1.9084511000259596e+02, 1.9233358880682249e+02,
       -1.1312256831276606e+02, 2.3676050843875053e+01,
       -1.8377064211577270e+01, -2.5908836257143233e+00,
       -3.2837080774574417e+02, 4.9963323984313416e+02,
       3.7978359732498660e+01, -1.8326171944137226e+02,
       -1.1312256831276606e+02, 3.5081520528873762e+02,
       -2.1378980274422634e+01, 1.1713523592826268e+01,
       5.0827587901454434e+00, 1.0997110121800760e+02,
       -1.1129212505868932e+02, -2.2468293825528427e+01,
       5.0880261256628359e+01, 2.3676050843875053e+01,
       -2.1378980274422634e+01, 3.3481705330153211e+01,
       -1.0810697418852557e+00, -1.5083076599282375e+00,
       -3.6253871125896275e+01, 2.7441790958241622e+01,
       1.2832178857886127e+01, -2.1638408944717536e+01,
       -1.8377064211577274e+01, 1.1713523592826270e+01,
       -1.0810697418852557e+00, 2.1127656975927753e+01,
       1.6236325464332779e+00, -9.3828230784433995e+00,
       1.5192329159294646e+01, 3.5168277834893820e+00,
       -2.7150035541204138e+00, -2.5908836257143233e+00,
       5.0827587901454434e+00, -1.5083076599282375e+00,
       1.6236325464332773e+00, 3.0559729226607901e+00,
       9.6314056220665989e+03, 7.0530963669774863e+01,
       1.7877210251756044e+03, -1.8067390459943763e+02,
       -6.8267510134117140e+02, 6.2810671312296790e+02,
       -8.6355512803643194e+01, -6.8265696404111978e+01,
       -2.2930303326793538e+01, 7.0530963669774863e+01,
       9.7646105493994546e+03, -1.7728366339514943e+02,
       2.2720905044352847e+02, 2.9223580219433200e+02,
       1.3921394057175820e+02, 1.8863384498593553e+02,
       7.5521869291396072e+01, 8.8950787283669769e+01,
       1.7877210251756044e+03, -1.7728366339514938e+02,
       2.9884994459765135e+03, 2.2019266255841413e+02,
       2.1549631470615830e+02, -1.3677278876030178e+02,
       -2.1329743406980388e+01, -7.5911611183200129e+00,
       -4.4963533579286974e+00, -1.8067390459943766e+02,
       2.2720905044352847e+02, 2.2019266255841413e+02,
       2.4740174905611134e+03, -1.0737750962905825e+02,
       -4.2678676240902618e+01, -1.3178816541218495e+02,
       -8.1225497329848352e+01, -6.5996568913640274e+01,
       -6.8267510134117140e+02, 2.9223580219433188e+02,
       2.1549631470615830e+02, -1.0737750962905825e+02,
       3.8270656778439576e+02, 2.4380140631639350e+01,
       -2.9421888959325546e+01, -1.1372392064317379e+01,
       -3.5989886792134991e+00, 6.2810671312296779e+02,
       1.3921394057175820e+02, -1.3677278876030175e+02,
       -4.2678676240902632e+01, 2.4380140631639360e+01,
       3.3915627998265830e+02, -3.7974104654031380e+00,
       -2.3504931030336341e+01, 8.7115401172414630e-01,
       -8.6355512803643194e+01, 1.8863384498593553e+02,
       -2.1329743406980377e+01, -1.3178816541218495e+02,
       -2.9421888959325539e+01, -3.7974104654031353e+00,
       5.4139564598895440e+01, 1.2903851379810622e+01,
       1.0531573195467448e+01, -6.8265696404111978e+01,
       7.5521869291396058e+01, -7.5911611183200156e+00,
       -8.1225497329848366e+01, -1.1372392064317376e+01,
       -2.3504931030336344e+01, 1.2903851379810622e+01,
       2.8847509933381215e+01, 7.2076693419953815e+00,
       -2.2930303326793538e+01, 8.8950787283669783e+01,
