%YAML:1.0
means: !!opencv-matrix
   rows: 6
   cols: 2
   dt: d
   data: [ 8.4890987850368205e+01, 1.0088370409187644e+02,
       1.2085920033323882e+02, -4.9307699578922055e+01,
       -1.0328444333047255e+01, 1.0803978449215192e+01,
       -1.8475309617981586e+02, -5.1090402585788077e+01,
       -6.4230840581516508e+00, -8.8264600151457529e+01,
       -9.8719165412060860e+01, 1.1904659978962091e+02 ]
covs: !!opencv-matrix
   rows: 12
   cols: 2
   dt: d
   data: [ 8.7831921142620431e+03, -1.2972036689500767e+03,
       -1.2972036689500767e+03, 5.9227946191419078e+03,
       6.6817565757239381e+03, 6.8583520881254196e+02,
       6.8583520881254196e+02, 6.0805960678436386e+03,
       7.3694760255021474e+03, 5.8748322121782087e+02,
       5.8748322121782087e+02, 5.7319719031380373e+03,
       6.0179207798285261e+03, -4.6170407815685508e+02,
       -4.6170407815685536e+02, 8.8989220778970266e+03,
       6.8730914759556053e+03, -6.6804202245472356e+02,
       -6.6804202245472311e+02, 1.1077210989032114e+04,
       9.1426314915277690e+03, 1.2972330128817759e+03,
       1.2972330128817759e+03, 6.1882301826375615e+03 ]
weights: !!opencv-matrix
   rows: 1
   cols: 6
   dt: d
   data: [ 1.5155808634180029e-01, 2.2611774810587695e-01,
       2.1499906816006464e-01, 1.3741240908777799e-01,
       1.5231658853619590e-01, 1.1759609976828532e-01 ]
pca_proj: !!opencv-matrix
   rows: 2
   cols: 21
   dt: f
   data: [ 1.02604255e-02, 8.46533298e-01, 5.67100069e-05,
       -5.08859605e-02, 4.68450844e-01, 1.89823491e-04, -5.55210514e-03,
       1.46431834e-01, -1.98076777e-05, -7.31809530e-03, 1.34976640e-01,
       -4.80776835e-05, -6.69380091e-03, 1.46460637e-01, -1.57161594e-05,
       2.11501210e-05, 1.32904761e-05, -3.16381829e-07, -1.62182951e-05,
       4.47223283e-04, 4.04881848e-06, 8.19958210e-01, 1.87153444e-02,
       -7.93817599e-05, 4.28530097e-01, 8.29724409e-03, 8.75842488e-06,
       2.28233948e-01, -2.37727305e-03, -1.84168690e-04, 2.08515689e-01,
       -1.20344283e-02, -2.14158339e-04, 2.18838796e-01, -7.27251405e-04,
       -1.84816250e-04, -3.05604735e-05, -5.04301033e-06,
       -1.27042276e-05, 6.79167337e-04, 1.30049409e-06, -1.63660501e-04 ]
pca_mean: !!opencv-matrix
   rows: 1
   cols: 21
   dt: f
   data: [ 4.33646118e+02, 2.44701981e+02, 1.49672687e+00,
       4.18191803e+02, 2.60206879e+02, 1.62062907e+00, 3.68545319e+02,
       2.27059875e+02, 1.69770968e+00, 3.19420807e+02, 1.63929108e+02,
       1.75046074e+00, 3.16613464e+02, 2.25532654e+02, 1.70717156e+00,
       1.08872897e-04, -9.74175637e-05, 6.24380555e-05, -2.17504916e-04,
       -2.50119597e-01, 1.75055194e+00 ]
gamma: !!opencv-matrix
   rows: 6
   cols: 1
   dt: d
   data: [ 9.1018646706716477e-01, 9.0106935637501984e-01,
       8.9554828344539572e-01, 9.1888211223537097e-01,
       9.2270928778697237e-01, 9.1088676561973425e-01 ]
