%YAML:1.0
means: !!opencv-matrix
   rows: 28
   cols: 3
   dt: d
   data: [ 4.2759820411700623e+01, -9.3717184669391514e+01,
       -8.7661239683962151e+01, -1.5417268558436956e+02,
       1.5122833485265011e+02, 6.8135583607931896e+00,
       7.2531044001098195e+01, -4.4202637008503089e+01,
       5.7529791539155610e+01, -1.2624783400625473e+02,
       4.2523971358594530e+01, 5.4093068038881412e+01,
       5.2422985868945702e+01, 6.3453621151308631e+01,
       3.5418213954226616e+01, -7.7670502468665930e+01,
       -8.0213447358178541e+01, -4.6741284453915981e+01,
       1.0163394822436355e+02, 1.5755003167150849e+02,
       4.0426862064696031e+01, 1.6238366014919364e+02,
       -5.9899198185619973e-01, 2.4437915257849799e+01,
       1.6359040592994564e+01, 3.4155909947466903e+01,
       -8.4026578831079433e+01, -1.1106978187670192e+02,
       -6.7513463873119392e+01, 1.0132071181790197e+02,
       -1.9830897786438300e+02, 4.3048511944014422e+01,
       -2.6552362115473553e+01, 1.4342134386125846e+02,
       -1.0472612741031041e+02, -2.2573823183857474e+01,
       2.2532884317518332e+02, 6.4451557937096624e+01,
       3.6314427595570066e+01, 9.5016412544883551e+01,
       2.8944186524451893e-01, -2.9655745496703041e+01,
       -1.2491165481004569e+00, -1.1105713598310244e+02,
       1.8720949622770156e+01, 1.9226178747244839e+02,
       -1.0203621964906155e+02, 3.0986135439828171e+01,
       -7.3562631033427380e+01, 1.5477102210240875e+02,
       -6.5971146145188769e+01, -4.0245308694630388e+00,
       -1.5834749907661603e+02, -1.0359270101720857e+00,
       -7.6538373481536340e+01, 4.6552039351325952e+01,
       -2.5439000328840702e+01, 8.4272822828991934e+01,
       -1.4244674001860685e+02, 7.7794071468526909e+01,
       5.4477998431303938e+00, -2.0305592396756381e+01,
       -1.4682348534814054e+01, -1.7231606925589128e+02,
       -5.7178977244765981e+01, 5.0213980313458730e+00,
       1.1316467031018225e+02, 8.3722501001209267e+01,
       -2.4423006715653447e+01, -1.9340555614300129e+02,
       -8.9813349489038927e+01, 4.1627729234415064e+01,
       -2.7887623198603694e+02, -6.8591901930399104e+01,
       -1.5333849320706404e+01, -5.8707921447545147e+01,
       1.2496362089636249e+02, 8.4056710496482680e+01,
       -2.2605302990041345e+01, -7.0976098784192354e+00,
       7.9832313633271326e+01, 1.0179959779851031e+00,
       1.4365007243657564e+02, -1.6786707151700075e+01 ]
covs: !!opencv-matrix
   rows: 84
   cols: 3
   dt: d
   data: [ 3.1312478974848418e+03, 2.3609373904416191e+02,
       -3.8313549561748215e+02, 2.3609373904416191e+02,
       3.0992437274358845e+03, -2.5597127882038637e+02,
       -3.8313549561748215e+02, -2.5597127882038643e+02,
       9.3248772661676628e+02, 4.3781135279289219e+03,
       6.2231510514035278e+01, 8.7392368005352535e+02,
       6.2231510514035278e+01, 4.5347817536705870e+03,
       -8.1071188004182693e+02, 8.7392368005352535e+02,
       -8.1071188004182716e+02, 1.3780276115233783e+03,
       1.1566198303084414e+03, 1.8558795229797160e+00,
       4.8208993058438608e+02, 1.8558795229797200e+00,
       6.9377131880917741e+03, 1.0456569110258604e+03,
       4.8208993058438608e+02, 1.0456569110258608e+03,
       6.8067677741147293e+02, 3.7827913826400104e+03,
       -1.4017964491897251e+03, 4.6373720032769319e+02,
       -1.4017964491897246e+03, 4.5196813725634456e+03,
       7.4902683553502428e+01, 4.6373720032769313e+02,
       7.4902683553502399e+01, 9.3295509307795714e+02,
       2.8407092482152998e+03, 1.0369932290128558e+02,
       4.1347201727566704e+02, 1.0369932290128551e+02,
       2.5533494755934576e+03, 6.0906474704302823e+01,
       4.1347201727566704e+02, 6.0906474704302788e+01,
       1.0239021088505348e+03, 1.2796335674224208e+03,
       -1.2207828355765025e+02, 2.7661051028077543e+02,
       -1.2207828355765025e+02, 4.9567247652211827e+03,
       1.1806760889820852e+01, 2.7661051028077543e+02,
       1.1806760889820854e+01, 5.4972631714996135e+02,
       3.3605507063892655e+03, -7.3520422836750527e+02,
       -7.5834158820689368e+02, -7.3520422836750527e+02,
       3.7878668449073243e+03, 3.0368738944237731e+02,
       -7.5834158820689379e+02, 3.0368738944237731e+02,
       9.5797065684507083e+02, 2.9829441394324031e+03,
       7.0575490969667919e+02, -6.7874867450463535e+02,
       7.0575490969667919e+02, 3.1856638101076583e+03,
       -2.0611837542355889e+02, -6.7874867450463535e+02,
       -2.0611837542355889e+02, 1.1453698692602738e+03,
       3.6171988640179457e+03, 9.0122956402046054e+02,
       -9.1596312477366979e+01, 9.0122956402046032e+02,
       3.5745800472502283e+03, -1.5839194363172953e+02,
       -9.1596312477366965e+01, -1.5839194363172962e+02,
       7.1331789620577194e+02, 1.4087689912589069e+03,
       -1.1670600959960816e+03, 2.2594864622936038e+02,
       -1.1670600959960814e+03, 9.3469857705728864e+03,
       8.4823339353835900e+02, 2.2594864622936038e+02,
       8.4823339353835900e+02, 5.1701105598406889e+02,
       3.0720617047070614e+03, -1.0862633609072263e+03,
       -1.5152112972048511e+02, -1.0862633609072263e+03,
       4.7717432077960784e+03, -1.2208994997610213e+02,
       -1.5152112972048511e+02, -1.2208994997610210e+02,
       1.0648747782799865e+03, 3.9392139333248310e+03,
       7.4124433138731183e+02, -4.8248921565279694e+01,
       7.4124433138731195e+02, 2.7764092585405865e+03,
       -3.2511045819994888e+02, -4.8248921565279723e+01,
       -3.2511045819994888e+02, 1.1770680380126919e+03,
       3.7614994001071714e+03, -1.3113178223726786e+03,
       -7.3963410849496574e+02, -1.3113178223726786e+03,
       7.3673165685290869e+03, 4.9319934563874330e+02,
       -7.3963410849496586e+02, 4.9319934563874330e+02,
       4.5168522469345970e+02, 2.8312003984785601e+03,
       4.7697871422154371e+01, -2.0518092211589979e+02,
       4.7697871422154371e+01, 2.6796952995576871e+03,
       8.4142343091870000e+00, -2.0518092211589970e+02,
       8.4142343091870000e+00, 1.6623587441294030e+03,
       2.8134523772635030e+03, -2.9058892255119531e+02,
       -3.2216254312340089e+02, -2.9058892255119537e+02,
       2.2037178103445631e+03, -2.6510865863696159e+02,
       -3.2216254312340089e+02, -2.6510865863696171e+02,
       1.4589653739383130e+03, 3.8773949420034423e+03,
       7.8296087365583219e+02, -1.1295272671560292e+03,
       7.8296087365583219e+02, 3.3659158933372396e+03,
       -4.5760481922069130e+02, -1.1295272671560292e+03,
       -4.5760481922069130e+02, 6.8183496668431690e+02,
       3.1928600503069947e+03, -1.0221699492922788e+02,
       -4.6127682490726943e+02, -1.0221699492922785e+02,
       4.0954459185375049e+03, -1.0290282528461552e+02,
       -4.6127682490726932e+02, -1.0290282528461553e+02,
       6.4296684300977552e+02, 2.8936304839632576e+03,
       1.3064641134139870e+02, 1.5016073392101171e+03,
       1.3064641134139870e+02, 1.0254815974024283e+04,
       1.4799276591734174e+03, 1.5016073392101171e+03,
       1.4799276591734174e+03, 1.4888730372317345e+03,
       2.4217665485277016e+03, 1.4801757793604199e+02,
       1.1018122559675797e+02, 1.4801757793604202e+02,
       3.1612122875554719e+03, -3.7979248713031944e+02,
       1.1018122559675801e+02, -3.7979248713031944e+02,
       1.6779827581200500e+03, 1.6067209796098591e+03,
       -1.7758926913366522e+03, -8.1754240252651570e+01,
       -1.7758926913366522e+03, 1.0390922385519119e+04,
       1.4145601021079885e+03, -8.1754240252651570e+01,
       1.4145601021079885e+03, 4.3035135771375315e+02,
       2.5703170651402725e+03, -1.9967637629203952e+02,
       -1.3331614738621656e+02, -1.9967637629203952e+02,
       2.2126174919228201e+03, -1.8820514704900413e+02,
       -1.3331614738621656e+02, -1.8820514704900413e+02,
       1.4070332209616445e+03, 3.3758199027209625e+03,
       -1.6759178585549589e+03, 5.0104999521661614e+02,
       -1.6759178585549591e+03, 4.6536659923378757e+03,
       7.7022439042892881e+02, 5.0104999521661614e+02,
       7.7022439042892881e+02, 1.4496862238841320e+03,
