%YAML:1.0
means: !!opencv-matrix
   rows: 5
   cols: 18
   dt: d
   data: [ 7.4101211738920497e+01, 2.2370296307315116e+00,
       -1.5833608243101812e+01, 4.2151615644025864e-01,
       1.0016920612863689e+01, 3.3646039930280303e+00,
       1.2639907354458124e-01, 8.4044546603992221e-01,
       3.9098308516408281e-01, -9.4659868073653335e-03,
       5.4090678754842067e-02, 3.9209386368755268e-03,
       3.8832909864385712e-03, 1.5029203919953819e-03,
       1.1053014066054745e-02, -5.4863160556896092e-04,
       -1.1004873324314344e-03, 3.5624055045014973e-04,
       -1.9181248618163002e+02, 3.3591627312256954e+01,
       4.1158552639304389e+01, -1.5675300037532713e+01,
       -1.4487439809172564e+01, 9.0838355582016330e+00,
       -1.3060632329605353e+00, 6.7639962336359449e-01,
       2.2763271253634318e-01, 2.6252040692311511e-02,
       -2.1103504183223647e-02, -1.7875897315860922e-02,
       3.8394749495280584e-03, -1.2554180349636188e-04,
       7.4444534530993247e-03, -6.9276916452514180e-03,
       2.0536503009378664e-03, 2.6818373821779562e-03,
       1.3636142894424674e+01, 4.7366546965286553e+01,
       2.1570129850178876e+00, -2.7282041536978731e+01,
       5.9967655032301987e+00, 1.5830858717848908e+00,
       -4.1539893193966950e+00, -2.4274334552056622e+00,
       -2.1784106402822379e+00, 3.5060801053365442e-01,
       -1.1865354270450625e-01, 1.4034066881871445e-02,
       -2.4675254085973902e-02, 2.3745620836052054e-03,
       -2.8485390153431794e-02, 9.3872852889196785e-03,
       -8.6853455057816012e-03, -5.6023584135703299e-03,
       9.2202208233125788e+01, 1.2520958383057033e+01,
       -2.6512344918181292e+01, -2.7560492580123395e+01,
       -2.2877900701703386e+01, -1.3606940036049915e+01,
       6.8425169697366184e-01, -1.8694296055081545e+00,
       -3.0753216804822886e-01, -2.3183152451129338e-01,
       7.4910220283967890e-02, -2.5207580349650083e-02,
       6.4711564693281729e-04, -4.0810086809164280e-03,
       1.4506252119948658e-02, 1.3421943393423432e-03,
       5.6275717388373581e-03, 5.0113154960914437e-03,
       -4.2348773567449889e+01, -4.7918441017683811e+01,
       9.6379474498692197e+00, 3.1354805068798516e+01,
       5.1787373974521311e-01, -5.3185876859016208e+00,
       2.0325226008881110e+00, 1.4484182175563323e-01,
       3.3068269072762541e-01, -5.0456850338853769e-02,
       -4.9400238902769386e-02, 9.1527784875885081e-03,
       2.1014195942894390e-03, -1.4220867489723396e-03,
       -1.4768436969948824e-02, 4.1100279408550627e-04,
       1.7297433126821529e-03, -1.8498241500375394e-03 ]
covs: !!opencv-matrix
   rows: 90
   cols: 18
   dt: d
   data: [ 8.1866002588155170e+03, 4.2678378636895857e+01,
       1.7645499308620185e+03, 1.9825937336818998e+02,
       -1.0838703277198119e+03, 3.1827770650991164e+02,
       -8.8421623718730260e+01, 2.6863550808308624e+01,
       1.3022361719915217e+01, -3.3247743561475049e+00,
       -2.8879030086141744e+00, 5.4760675804765339e-02,
       -9.7973098622773397e-02, -1.3720303940679396e-01,
       -6.0348848927396315e-01, -2.0010792242280798e-01,
       1.9676452185952650e-01, -2.5203971781926817e-03,
       4.2678378636895829e+01, 7.7283930820355627e+03,
       -9.8721699384124673e+00, 1.2177284357655903e+03,
       7.5555329439471805e+01, -2.8368498044342795e+02,
       5.0203233572738810e+01, -1.9107933355882434e+01,
       1.2838334854348741e+00, -2.4360150009194022e+00,
       1.5846002884823582e-01, 6.0270579032041471e-01,
       8.5276278127324065e-02, 6.4262889939117773e-02,
       1.0283458986468959e-01, -1.5498799322001316e-01,
       -2.2656288348134990e-02, -6.7996488836244762e-02,
       1.7645499308620185e+03, -9.8721699384124797e+00,
       2.9532570668525555e+03, -7.6054757784406476e+01,
       2.3448093887491436e+02, -9.5617728124164586e+01,
       3.3739047313661693e+01, -3.4013291405893580e+00,
       6.8573402195889233e-01, 3.9720931386440839e+00,
       3.5769855893613378e-01, -1.9572231834290679e-01,
       1.1875942493963733e-01, 5.3712950461075035e-02,
       2.4950984572237594e-01, 5.1023964366963877e-03,
       -4.3567631103424959e-02, 5.2187457106970571e-03,
       1.9825937336818990e+02, 1.2177284357655903e+03,
       -7.6054757784406533e+01, 1.8118310694682805e+03,
       -1.0629380186249024e+02, 8.8308023063626592e+01,
       -1.7976110436977038e+01, 4.7847727078491378e+00,
       4.1660878649480720e-01, -2.4804255730678588e+00,
       1.9212245394461794e-01, -2.2587707134815604e-01,
       -3.4262421863832618e-02, -5.8647010664793248e-02,
       -2.8473213397816697e-02, 1.2973241305260680e-01,
       1.2866171276699071e-03, 5.4088156529349542e-02,
       -1.0838703277198117e+03, 7.5555329439471791e+01,
       2.3448093887491441e+02, -1.0629380186249023e+02,
       3.7469660796928412e+02, -4.5602639316108352e+01,
       -8.4330113634554549e-01, -2.3663324424908425e+00,
       3.8640336871299898e+00, 3.7920068379030319e-01,
       2.8487319329292793e-01, -9.3361350058714945e-02,
       3.6316978756672239e-02, 3.3251131622329969e-02,
       1.1414181137777096e-01, -5.2464004348346926e-03,
       -1.5886970202310495e-02, 7.0785165173368261e-03,
       3.1827770650991158e+02, -2.8368498044342783e+02,
       -9.5617728124164586e+01, 8.8308023063626592e+01,
       -4.5602639316108352e+01, 1.7369144848178036e+02,
       4.8880506782913029e+00, -7.9098606060500600e+00,
       -7.1050716405397674e-01, -8.0110658599314866e-01,
       3.0694229545579504e-01, -1.7825812018772518e-02,
       -1.2776792921005481e-02, -5.2727417684078834e-03,
       -3.6543537359438251e-02, -1.5119133908379094e-02,
       6.1325078780590011e-03, -3.6823452862427142e-04,
       -8.8421623718730260e+01, 5.0203233572738803e+01,
       3.3739047313661708e+01, -1.7976110436977041e+01,
       -8.4330113634554471e-01, 4.8880506782913029e+00,
       2.3641137458167403e+01, -2.6727459126209201e+00,
       -2.9570624652185984e+00, 2.9648217960374401e-01,
       2.0237046806896988e-02, 5.1168363704133885e-02,
       -2.6666848781652090e-02, 1.0681280222582466e-02,
       8.9823248672830387e-03, 3.7282900887134242e-03,
       1.5619082490632074e-03, -8.8854412613553540e-04,
       2.6863550808308631e+01, -1.9107933355882434e+01,
       -3.4013291405893575e+00, 4.7847727078491387e+00,
       -2.3663324424908425e+00, -7.9098606060500600e+00,
       -2.6727459126209197e+00, 1.3487443833432151e+01,
       -1.9785303318210219e+00, 6.8525764952752033e-01,
       -3.1832195576602954e-02, -2.4463157930406928e-02,
       -1.2746965248097097e-02, 2.6755813451721819e-03,
       2.8430483281344982e-03, 1.2758158775063788e-02,
       1.0126808488024003e-03, -4.5261034217305648e-04,
       1.3022361719915216e+01, 1.2838334854348739e+00,
       6.8573402195889244e-01, 4.1660878649480720e-01,
       3.8640336871299903e+00, -7.1050716405397674e-01,
       -2.9570624652185984e+00, -1.9785303318210214e+00,
       1.4707033980882060e+00, -1.4382293147459477e-01,
       -2.6729340735082804e-02, -3.2308056186083316e-05,
       -1.8204107399715046e-02, -5.5349432810003745e-03,
       -3.4835138557890119e-03, -3.7647119509396309e-03,
       -9.3269660678228382e-04, -7.6377894720179378e-04,
       -3.3247743561475049e+00, -2.4360150009194022e+00,
       3.9720931386440839e+00, -2.4804255730678593e+00,
       3.7920068379030319e-01, -8.0110658599314843e-01,
       2.9648217960374412e-01, 6.8525764952752033e-01,
       -1.4382293147459477e-01, 3.0425526687212340e-01,
       1.7855900415923776e-02, 3.8472437835437140e-04,
       6.6914700689480204e-04, -1.2696588114522279e-02,
       -3.5009282655434577e-05, -8.4964800365270872e-04,
       -1.7710620098817390e-03, -9.0204395803658785e-06,
       -2.8879030086141748e+00, 1.5846002884823587e-01,
       3.5769855893613345e-01, 1.9212245394461799e-01,
       2.8487319329292798e-01, 3.0694229545579504e-01,
       2.0237046806896988e-02, -3.1832195576602940e-02,
       -2.6729340735082811e-02, 1.7855900415923779e-02,
