%YAML:1.0
means: !!opencv-matrix
   rows: 9
   cols: 11
   dt: d
   data: [ 9.3897768631437884e+01, -4.5603054992616464e+01,
       -2.0708809684000151e+01, 3.7541105188962632e+01,
       -2.8604528633634271e+01, 2.3778887778201959e+01,
       1.1838054338889759e+00, 1.2841667708572502e+00,
       4.8210665758445498e-01, 2.0063210908105630e-02,
       1.2922777854791484e-01, 1.2022455782248253e+01,
       1.1451187277048507e+02, -1.9374766209518029e+01,
       -5.0213391786448128e+01, -1.2420154172245901e+00,
       3.6382596498530256e-01, 1.7618404320306740e+00,
       -2.0783016324496159e-01, -2.5573201115705912e-01,
       -3.7949851955281909e-02, 2.8013280198434479e-02,
       1.5847109153438891e+01, 4.9624868128244671e+01,
       -8.7865008950429182e+00, -2.1647285979561971e+01,
       7.6058712820286123e-01, -4.8506778191887099e+00,
       -5.3367156931927129e+00, 6.1121937469771881e-01,
       3.8978271881021218e+00, 4.6127974407386496e-01,
       -1.9402244908872796e-01, 1.6062780088974390e+02,
       2.4852097185662139e+01, -4.3286668391953611e+01,
       6.7064530045508182e+00, -1.0503465711261306e+01,
       -7.0655938002092764e+00, -4.1163313635270837e-01,
       -1.3562108897710198e-01, -8.1423071958854376e-01,
       -5.3634632638490061e-02, 7.4692670271876205e-02,
       -1.8100118875607259e+02, -6.0547666556660282e+01,
       4.1915946447526409e+01, 1.2112615403736889e+01,
       -1.7495258616309815e+01, -4.8510538829614527e+00,
       -2.0797782813120085e+00, 3.3600311276178706e-02,
       -1.0126210620323207e-01, 1.6800551152836812e-01,
       -3.7203451073237526e-02, -1.2619616103509308e+02,
       4.4941568339504080e+01, 2.9870263934727330e+01,
       -2.3412972690491788e+01, -1.7387130509353066e+00,
       5.0041046341227240e+00, 1.1311181975673115e+00,
       7.6913164783790500e-01, -5.2928514172377994e-01,
       -1.6293581384233216e-01, 2.7358625301060625e-02,
       4.2542965503433772e+00, -1.3842459724947753e+02,
       8.5616973128028739e+00, 4.9636079253101805e+01,
       5.5169574689318566e+00, -1.5797440818010799e+01,
       -1.1613094303379106e+00, -3.7716369073573947e-01,
       -2.3040813463065465e-02, -7.7867682706146868e-01,
       -1.2813433659065318e-01, 4.8041075626468391e+01,
       -2.0011164695711706e+01, -3.7504198768212507e+00,
       1.0133148309213846e+01, 1.7315265672403992e+01,
       2.2266784633088998e+00, 7.8657937709079329e-01,
       -5.5192134933099346e-01, -3.5376484546500753e-01,
       6.1480907128307262e-02, -2.0594787434234114e-03,
       6.8014454223859801e+01, -4.2297265180087756e+01,
       -1.8793015822524215e+01, 7.6692866592335118e+00,
       -1.2382532507314311e+01, -1.4591520277266550e+01,
       -9.2725885969824751e-01, 2.6528246419825846e-01,
       2.8618447534825791e+00, 4.8826239958034967e-01,
       1.8401220661119454e-02 ]
covs: !!opencv-matrix
   rows: 99
   cols: 11
   dt: d
   data: [ 4.5519648230194816e+03, 4.3113711884059754e+01,
       2.8254566609582366e+03, -8.5759409500616255e+02,
       -2.0847047218032464e+00, -4.8772802614414076e+01,
       -7.2553612824322542e+01, 1.8926181531654099e-01,
       -1.5420839154926364e+01, 3.2686880737287956e+00,
       1.5997362103740156e+00, 4.3113711884059740e+01,
       5.1690327591711684e+03, 9.2306280948250708e+02,
       2.6694595927246601e+03, -1.8665210517896000e+01,
       -6.1306171280621527e+01, -2.8676505046467714e+01,
       -3.8768846631863894e+01, 3.5660101654685818e+00,
       -7.2826016984857738e+00, -1.0029911163994704e-01,
       2.8254566609582366e+03, 9.2306280948250730e+02,
       2.5655158824510172e+03, -7.7943743709871129e+01,
       -1.0797159376602744e+02, -7.0139241515761171e+01,
       1.0995291232185910e+01, -1.0597342963323235e+00,
       -7.2279981869377941e-01, 1.1638186977555860e+00,
       4.7327252272327577e-02, -8.5759409500616255e+02,
       2.6694595927246601e+03, -7.7943743709871129e+01,
       1.7334248957688224e+03, 4.8847419294183354e+01,
       -9.8204684439363433e+01, -1.0231194665510968e+01,
       7.8611614014920237e+00, -1.2636086724374547e+00,
       -5.1847658870281177e-01, 1.6277469745492987e-01,
       -2.0847047218032482e+00, -1.8665210517896000e+01,
       -1.0797159376602744e+02, 4.8847419294183346e+01,
       4.9157288404752990e+01, -3.4725958253530756e+01,
       -2.5701918695839985e+00, 1.1963921849315513e+01,
       -1.7825598577127173e+00, 1.7307005300598253e+00,
       4.4027310534989283e-01, -4.8772802614414076e+01,
       -6.1306171280621548e+01, -7.0139241515761157e+01,
       -9.8204684439363433e+01, -3.4725958253530756e+01,
       1.3032275439349615e+02, -2.2921073798990115e+01,
       -2.2568402069720133e+00, -1.5770043976914745e+00,
       -3.2049141324977888e+00, -7.4326820719482345e-01,
       -7.2553612824322542e+01, -2.8676505046467714e+01,
       1.0995291232185908e+01, -1.0231194665510964e+01,
       -2.5701918695839985e+00, -2.2921073798990115e+01,
       2.1711228126012962e+01, -2.1479277820912174e-01,
       2.9396945950020097e+00, 1.4500448030062310e-01,
       1.5179049492087864e-02, 1.8926181531654257e-01,
       -3.8768846631863880e+01, -1.0597342963323229e+00,
       7.8611614014920237e+00, 1.1963921849315513e+01,
       -2.2568402069720142e+00, -2.1479277820912135e-01,
       1.4051537355955675e+01, -1.1540857930925248e+00,
       8.6895696609925277e-01, 2.2740077756555656e-02,
       -1.5420839154926364e+01, 3.5660101654685818e+00,
       -7.2279981869377918e-01, -1.2636086724374540e+00,
       -1.7825598577127166e+00, -1.5770043976914745e+00,
       2.9396945950020097e+00, -1.1540857930925248e+00,
       9.1221572964592534e-01, -5.3766596916975606e-02,
       4.1836663834764112e-03, 3.2686880737287956e+00,
       -7.2826016984857747e+00, 1.1638186977555851e+00,
       -5.1847658870281166e-01, 1.7307005300598253e+00,
       -3.2049141324977888e+00, 1.4500448030062313e-01,
       8.6895696609925277e-01, -5.3766596916975606e-02,
       3.4233225879189760e-01, 1.8351343928648817e-02,
       1.5997362103740156e+00, -1.0029911163994701e-01,
       4.7327252272327675e-02, 1.6277469745492984e-01,
       4.4027310534989283e-01, -7.4326820719482345e-01,
       1.5179049492087858e-02, 2.2740077756555656e-02,
       4.1836663834764129e-03, 1.8351343928648817e-02,
       9.9995065322045409e-03, 6.7571313841824749e+03,
       -9.8827454772620925e+01, 2.4660702156619641e+03,
       -6.1274469821381524e+02, -1.7046532269211122e+02,
       -8.0780905290646118e+01, -1.9307197800097708e+01,
       3.0715706268707429e+01, -2.0305446804354819e+01,
       9.9400413950763733e-01, -1.4232673171412094e+00,
       -9.8827454772620925e+01, 6.5917311825785164e+03,
       7.3420733182000060e+02, 2.4526702729411495e+03,
       -1.1347151120157039e+02, 2.3786395414960975e+01,
       -9.0712582898418631e+01, 8.3745686793555207e-01,
       -1.4652482072457083e+01, -1.4442364622682165e+01,
       -1.6090713512095485e+00, 2.4660702156619641e+03,
       7.3420733182000060e+02, 2.6309256742364182e+03,
       -1.4458873620850051e+02, -6.0422466813777774e+01,
       -4.8174627283476596e+01, 1.7517510752670034e+01,
       -5.6135954373857135e+00, 2.6649111828661516e+00,
       1.1229455751685584e+00, 4.2048801695886440e-01,
       -6.1274469821381513e+02, 2.4526702729411495e+03,
       -1.4458873620850048e+02, 1.7573990081968109e+03,
       1.0749436168638651e+02, -1.4748047857448191e+02,
       2.9668779461478277e+01, 1.8111837278953399e+01,
       2.3181858535468578e+00, 5.6356138925457364e-02,
       2.7228036235089509e-01, -1.7046532269211122e+02,
       -1.1347151120157044e+02, -6.0422466813777746e+01,
       1.0749436168638655e+02, 1.4495935389036725e+02,
       -2.3371176108836671e+01, -1.0162990165966992e+01,
       6.6792648157073824e+00, -3.9851540974695294e+00,
       3.1779247380605669e-01, 2.5759476391214776e-02,
       -8.0780905290646118e+01, 2.3786395414960975e+01,
       -4.8174627283476575e+01, -1.4748047857448194e+02,
