%YAML:1.0
means: !!opencv-matrix
   rows: 25
   cols: 10
   dt: d
   data: [ 5.2015517501927611e+01, 1.4912532514347427e+02,
       -7.7691501467177924e+00, -8.0339218993106158e+01,
       1.7420734832661228e+01, 5.5765791445045370e+00,
       1.7787441036879605e+00, 3.1183137510491110e+00,
       1.5876277460350670e+00, 3.2685129811571967e-01,
       -1.8638125992250247e+02, 1.5283433089051025e+01,
       3.5420691822261901e+01, -7.9143895348744753e+00,
       -3.6763405885990230e+00, 2.7205515462153698e+00,
       -2.9634623334666239e+00, -6.5911237965002298e+00,
       -2.5848844174750973e+00, 9.7766100447918580e-01,
       8.2898422949207543e+01, 2.0843072605713335e+01,
       -2.1933054189877101e+01, -3.1750945011027280e+01,
       -2.5146940344122633e+01, -2.0258145377399028e+01,
       1.2479109259431549e+00, -3.0230993559144816e+00,
       3.9597281878404900e-01, 1.0889490519768839e-01,
       2.6958556873780793e+01, 4.2318655244915000e+01,
       5.5191625852268063e+00, -3.3664488517045442e+01,
       8.7863787366130115e+00, -1.0030151997639653e+01,
       -4.1846346049350585e+00, -1.1223733914908660e+00,
       -5.1688124988855639e+00, -2.4094672947652214e+00,
       8.2535822096265960e+01, -6.3126661403317030e+01,
       -2.5601273901155999e+01, 3.7826186926575453e+01,
       -4.6119566884727936e+00, 8.3763365705877302e+00,
       -3.0109877440543814e-01, 7.3209595840056430e-01,
       6.5298088614715255e-01, 6.2621673507089776e-02,
       -1.5008889811384515e+02, -5.2037022795194456e+00,
       3.6818075870123494e+01, 1.5880200757988815e+01,
       -6.7144450496964563e+00, 2.3551424786544402e+01,
       -6.2055807739640700e-01, 2.6427098698859268e+00,
       9.4704046773840111e-01, -2.7627718717304667e-01,
       7.0219771917816715e+01, -5.9854426981859996e+00,
       -4.1976951291283582e+00, 9.2293957490363336e+00,
       7.0858504218462750e+00, 1.2676463844964328e+01,
       -1.1768271286792638e+01, -7.9286536967503745e+00,
       -6.1234022429232500e+00, 2.4137853030626748e+00,
       3.5819379765919635e+01, -9.6335238110750879e+01,
       -1.0029899071436191e+01, 6.9080719520551455e+01,
       -4.1113007002420945e+00, -1.2451126973817568e+00,
       2.0779991845919081e+00, -3.8387150468310899e-01,
       -8.5295650025291894e-02, -1.5291004857245882e-01,
       1.3788135562339852e+02, -1.5093202666290271e+00,
       -3.6454288343079071e+01, -1.5800554448639373e+01,
       -1.0917041715365405e+01, 9.6664792140798443e+00,
       -1.3527692667479672e+00, -5.0520424808959117e+00,
       -1.0931906027665381e+00, 1.6427100078507493e+00,
       -1.9597085918880165e+02, 9.4883545310013872e+01,
       3.9718606451974651e+01, -5.3158757330503938e+01,
       -2.4578598245042571e+01, 1.4967514434254118e+01,
       -3.7110931637103994e+00, 1.8586304519001331e+00,
       7.6343567594604433e-01, -5.4677716167757691e-02,
       1.3252931893492030e+02, -2.6014426507195431e+01,
       -3.3805078144823199e+01, 2.2114032601857517e+01,
       -4.7682334422538064e+00, 1.4242503059759635e+01,
       -2.2300219080012287e-01, 2.0596893557662184e+00,
       -2.8082319527279753e-01, -1.5751855060797754e-01,
       -1.6191204796588275e+02, -3.0524844434867578e+01,
       4.0968038176269374e+01, 2.1801987197765762e+01,
       -2.5937685185620118e+00, -2.5878623539652423e+00,
       9.0654985384240161e-01, 5.1523896571179051e-01,
       2.3024633544026579e-01, -1.2882025146745132e-01,
       -1.6823872632040411e+02, 2.7863328165165914e+01,
       4.1255892958738499e+01, -1.9537327577229412e+01,
       -7.1090883383088368e+00, -5.5435485215720792e+00,
       1.3362639378592254e+00, 1.1339176087448799e+00,
       4.2068716042049820e-01, -1.5111362154411582e-02,
       -1.4628310165721029e+01, 2.2182943792262698e+01,
       -6.1228707110008898e+01, -1.3099738537247649e+01,
       1.8554940976338461e+01, -2.5394396822484531e+00,
       5.4836417270922333e-01, 1.0648572557138749e+00,
       4.3157502102695122e-01, -1.2128922385592478e-01,
       7.7005206114599829e+01, 3.4364153156073797e+01,
       1.7168900340012460e+01, -1.5428224585401834e+01,
       2.0012660973621500e+01, -1.2588254610082805e+00,
       1.0878770934821258e+00, 1.2535768330990318e+00,
       2.8835307049389913e-01, 9.7835665350293088e-02,
       1.5547554210447842e+02, 2.1912115228945829e+01,
       -4.1085132192215092e+01, -5.7020190477001833e+00,
       -4.7234263155673943e+00, 1.3611509315745364e+01,
       -1.6892329210052435e+00, 1.1475049358475566e+00,
       5.0139966675501091e-01, 1.3467732785193956e-01,
       -3.2946900142391932e+01, 1.3998451165433772e+02,
       1.2508750579407900e+01, -8.2121875166196915e+01,
       1.3827944486422755e+01, 2.2845057612201270e+01,
       -3.2722492054440240e+00, 7.0800971203622365e-01,
       1.4372883457996719e+00, 2.1108860642059446e-01,
       1.3837548472758309e+02, 2.2517875257068290e+01,
       -3.6706132306740344e+01, -3.2442403278731767e+01,
       -1.1936981238526574e+01, 5.6762584487884133e+00,
       8.9163608882682077e-01, -2.7621114351757079e+00,
       -2.4256219251854101e+00, -2.0657351790686529e+00,
       -6.1394595575531348e+01, -8.6216692480569861e+01,
       1.4800722554423009e+01, 5.1790033367606867e+01,
       6.5962978271841575e+00, -4.0834614433836807e+00,
       1.9132668364737480e+00, -3.0231816901042152e-01,
       1.8815558010025832e-01, 9.4023684517222816e-02,
       -4.8199971862744242e+01, -1.2356407201691800e+01,
       2.8695388254189172e+01, 2.3809022083388456e+01,
       2.2468793743579294e+01, -6.8521997321237480e+00,
       -8.0194135043355566e+00, -6.0156157796283152e+00,
       -4.3474499783681599e+00, 9.1850187664153049e-01,
       -1.4758715340753909e+01, -1.1066278957870185e+01,
       1.6115992329718164e+01, 9.8767238546999980e+00,
       2.6273356503500413e+01, -4.2603831820506510e+00,
       1.3281386161354394e+00, -6.9481512481831556e-02,
       3.8538729577556158e-01, 5.7993532719466438e-02,
       -3.8580404693745275e-02, 1.6864266113757115e+01,
       6.1138915528305544e+00, -1.5705824062642927e+01,
       -6.2499806820535904e+00, -1.0086834230109430e+01,
       2.1340044355765553e+00, 1.5221315454628015e+00,
       3.5299864330649738e-01, -5.8782399959345845e-02,
       -1.4818129062706382e+02, -1.0358427746642880e+02,
       2.7351398662567934e+01, 6.6634504540886510e+01,
       -1.9907939462268597e+01, 8.1692114626723045e-01,
       -2.3938503244156453e-01, -1.5041678857979297e+00,
       1.0380093754031403e+00, -4.6100952974043113e-01,
       8.4951700530747743e+01, 7.5467803664645858e+00,
       -2.7168467763227167e+01, -3.1345019408473252e+01,
       -2.8630835774483433e+01, -1.7011215303535856e+01,
       7.0951918930166724e-02, -1.1857250216135595e+00,
       2.6483260737747833e-02, -1.5222754499681723e-01,
       1.5914361427296998e+02, 2.2671084171121525e+01,
       -4.4830705222505706e+01, -1.3703861661698340e+01,
       -9.3930047360592663e+00, 5.5701913952193092e+00,
       6.3710711584320567e-01, 1.6047058723651808e+00,
       5.8895938852711127e-01, 8.8758487986651310e-03 ]
