%YAML:1.0
means: !!opencv-matrix
   rows: 10
   cols: 13
   dt: d
   data: [ -1.2493501369786793e+02, -6.2186106404391374e+01,
       2.9228985324261259e+01, 3.8137512900794619e+01,
       -2.1338234687733486e+00, -6.4482768465571070e+00,
       1.3552731744694955e+00, -4.8567953180966456e-01,
       4.2474475635442982e-01, -1.3285914361428511e-01,
       4.9248163205504826e-02, -8.3153329087802680e-03,
       -1.2020486241565115e-03, 2.3788077319375578e+01,
       1.0565015251103499e+02, -1.9656120762783169e-01,
       -6.3483187633391580e+01, 1.0233638814860996e+01,
       -2.3192223745757294e+00, -3.9771931995567583e-01,
       1.4182634011573823e+00, -7.7300532806262412e-01,
       -8.7248542765844006e-01, -1.1158180952585478e-01,
       -9.1443363280870327e-03, -1.5189095886348963e-02,
       2.5218804642365399e+01, -6.9260838581055182e+01,
       -5.0187598284093493e+00, 4.0373644733335077e+01,
       1.0004811323066885e+01, 3.6305588893229883e+00,
       8.7727291753015901e-01, 2.4877614182899613e-01,
       3.1634440782062379e-01, -5.9740801306189861e-02,
       2.9825367212680951e-02, -9.8621140298735272e-03,
       4.4430366722215406e-03, -5.7267453770205599e+01,
       -1.1719024518358340e+01, 1.6807763327276913e+01,
       1.8091222594742302e+01, 6.3396986932295514e+00,
       5.5907396527970095e+00, -2.1548982102042125e+00,
       -8.0461546228293035e-01, -1.1796254341083754e+00,
       3.6188044504467404e-01, -2.1744816957133631e-01,
       5.8109216183643710e-02, -9.4270647125812082e-03,
       1.4253855536172838e+02, -9.6006828763032459e+00,
       -3.7231109745405185e+01, 8.9315481859184338e+00,
       -5.6950414776921114e+00, 1.2251822208762400e+01,
       -1.0969842826238705e+00, 1.3409804793307760e+00,
       2.2940588619503688e-01, -3.3482203137738045e-02,
       8.5877999442331918e-02, -2.0261031270106523e-02,
       -4.2828211565042722e-03, 1.2998496409866158e+02,
       9.0067775571426001e+00, -3.4799790687631514e+01,
       -1.3542161808300335e+01, -9.9651856389446465e+00,
       8.7627899612417899e+00, -3.1818406150812257e+00,
       -3.3782230093121952e+00, -2.6964829781944655e+00,
       4.2957978737629915e-01, -2.1300818220879109e-01,
       -4.5431026893351975e-02, -2.0062781755639386e-02,
       -1.6643367791328816e+02, 7.4286985840067317e+01,
       3.6704164473857851e+01, -4.3857053824215143e+01,
       -1.4598881018386338e+01, 5.3619886980596103e+00,
       -1.2529617398201849e+00, 1.6597838531602915e+00,
       6.1405273987533904e-01, -5.2170579546215116e-02,
       1.0739686207019912e-02, 2.7346607509035250e-03,
       1.9545672008562595e-03, 4.7466951872133443e+01,
       3.3662612026783975e+01, -6.4034152785130756e+00,
       -1.4122528446977082e+01, 1.5127142408827945e+01,
       -4.8226232259266233e+00, 1.3287592801814099e+00,
       8.9783341360045243e-01, 2.9463329088395784e-01,
       4.4750370326320864e-02, -1.4249641964929668e-02,
       3.1115341288445099e-02, 7.7409084701118777e-03,
       8.1910962571253378e+01, 1.5297494480040662e+01,
       -2.4118243531618930e+01, -3.2281200936615399e+01,
       -2.6559991867594508e+01, -1.9619269080515014e+01,
       8.5489200048992697e-01, -2.3473392929349624e+00,
       2.1093910201764418e-01, -4.3763367091290098e-02,
       1.0613627525153956e-01, -5.1676670701837381e-03,
       6.8378304509763893e-04, -1.9878034704958509e+02,
       6.2933670216372972e+00, 4.2062826382862355e+01,
       1.9332939924788453e-01, -8.9256736611826692e+00,
       4.9071798288016826e+00, -2.1214103776031981e+00,
       -2.7521510960924993e+00, -9.9073298033806811e-01,
       4.3213895952903819e-01, -3.0734224397210026e-02,
       -4.8516791962300687e-02, -2.8992494668196605e-04 ]
covs: !!opencv-matrix
   rows: 130
   cols: 13
   dt: d
   data: [ 5.5459379271844127e+03, 8.9408818945076575e+02,
       2.9509843284812250e+03, -2.3389413838045729e+02,
       2.8281581893985145e+02, -1.0580446602073384e+02,
       3.2572916703709730e+01, -2.9450189663746016e+01,
       -2.8349720612052804e+00, 4.4472977282550259e+00,
       1.1113578977289980e+00, -2.0376876440373973e-01,
       -6.1174010140607298e-03, 8.9408818945076553e+02,
       7.9486176848423411e+03, 2.1469495969474977e+01,
       9.9538461300244080e+02, 4.6766428344250249e+02,
       -2.0446670205087040e+02, 8.6345376410095355e+01,
       -1.3023938446737906e+01, -1.8568716365009315e+01,
       9.9444791930718228e+00, 1.7106069498610645e+00,
       -4.7128547535075305e-01, -6.7256352146807113e-02,
       2.9509843284812237e+03, 2.1469495969475002e+01,
       2.5220149381552401e+03, -7.4885437480244207e+01,
       -7.7348144227888810e+01, 4.6427184767520252e-01,
       -1.0405993260739276e+01, 1.3452368174104341e+01,
       -1.3273913672804898e+00, 9.1119201816385331e-01,
       -1.5763487557556846e-01, -5.6447580572763764e-02,
       -5.7599600330126413e-02, -2.3389413838045729e+02,
       9.9538461300244069e+02, -7.4885437480244207e+01,
       1.9776314159077042e+03, -4.0404156518351198e+02,
       5.5203303276783728e+01, -4.3528118873955378e+01,
       -7.9974775734928309e+00, 1.2248863413495981e+01,
       -1.6277016744496156e+00, -1.2782476224461967e+00,
       1.3092460476244602e-01, 7.3262676835590276e-02,
       2.8281581893985151e+02, 4.6766428344250249e+02,
       -7.7348144227888810e+01, -4.0404156518351198e+02,
       2.5249953908177682e+02, -9.6571345467109197e+01,
       6.7851029811152985e+00, 3.1537877615973193e+00,
       -2.9737056756644829e+00, 2.7958139580938286e+00,
       1.8668946236038941e-01, -1.0632892786738511e-01,
       -1.4720414859329607e-02, -1.0580446602073386e+02,
       -2.0446670205087040e+02, 4.6427184767520246e-01,
       5.5203303276783714e+01, -9.6571345467109197e+01,
       9.9227307379819266e+01, 1.6405154613681102e+01,
       -1.0078914469299283e+01, -1.1812958479119664e+00,
       -1.3517763476825402e+00, 9.2290380982496881e-02,
       1.6709702018027822e-01, -1.4477539486923811e-02,
       3.2572916703709723e+01, 8.6345376410095355e+01,
       -1.0405993260739278e+01, -4.3528118873955378e+01,
       6.7851029811152985e+00, 1.6405154613681106e+01,
       2.2260498716678502e+01, -1.2121987430027992e+00,
       -2.8542928414398867e+00, 6.2707653065150171e-01,
       -4.2617555983379398e-03, 2.2304827702744643e-02,
       -2.1788519709846445e-02, -2.9450189663746016e+01,
       -1.3023938446737912e+01, 1.3452368174104341e+01,
       -7.9974775734928345e+00, 3.1537877615973202e+00,
       -1.0078914469299283e+01, -1.2121987430027985e+00,
       1.3792207719581603e+01, -2.4689301596266620e+00,
       9.3918063841586541e-01, -6.6704580264155516e-02,
       -4.0792784188792078e-02, -8.3159650187464591e-03,
       -2.8349720612052809e+00, -1.8568716365009323e+01,
       -1.3273913672804905e+00, 1.2248863413495977e+01,
       -2.9737056756644824e+00, -1.1812958479119664e+00,
       -2.8542928414398867e+00, -2.4689301596266620e+00,
       1.6569567030589227e+00, -2.9152420301173915e-01,
       -2.0529665915853548e-02, -5.2673242592788669e-03,
       -1.8756260408113599e-02, 4.4472977282550259e+00,
       9.9444791930718228e+00, 9.1119201816385365e-01,
       -1.6277016744496156e+00, 2.7958139580938286e+00,
       -1.3517763476825400e+00, 6.2707653065150171e-01,
       9.3918063841586541e-01, -2.9152420301173915e-01,
       4.2657207321096274e-01, -1.0769243321322060e-02,
       3.4167955916267535e-03, -9.2638708486087514e-04,
       1.1113578977289977e+00, 1.7106069498610641e+00,
       -1.5763487557556846e-01, -1.2782476224461965e+00,
       1.8668946236038941e-01, 9.2290380982496908e-02,
       -4.2617555983379355e-03, -6.6704580264155516e-02,
       -2.0529665915853548e-02, -1.0769243321322060e-02,
       1.8018961891248946e-02, -1.9316646625209921e-03,
       -3.4842655225502826e-04, -2.0376876440373973e-01,
       -4.7128547535075299e-01, -5.6447580572763764e-02,
       1.3092460476244605e-01, -1.0632892786738514e-01,
       1.6709702018027819e-01, 2.2304827702744650e-02,
