%YAML:1.0
means: !!opencv-matrix
   rows: 25
   cols: 4
   dt: d
   data: [ -2.2075517872018708e+02, -1.5777776253529578e+02,
       4.0224892275860356e+00, -2.8387231117176775e+01,
       1.2274652098071196e+02, -1.2601090136647157e+01,
       6.0346176792329587e+01, -2.3840361226588829e+01,
       4.7132523371942348e+01, -7.7789922030750191e+01,
       4.5865410556016350e+01, 2.2729158508935249e+01,
       -2.0129612546893793e+02, 2.4987401507961756e+01,
       -2.3330271348684857e+01, -5.2944888925143509e+01,
       -1.0093158530102396e+02, 7.3257768224355715e+01,
       6.3935103515782394e+01, -4.0027679732508282e+01,
       6.8782841171541691e+01, -9.3721522001023686e+01,
       -7.7896097244879314e+01, 4.0001333360267814e+00,
       -2.3767279523953178e+02, -5.6030483807835346e+01,
       -2.2493674547673855e+01, 5.9866366576348398e+00,
       -4.8710770000649553e+01, -5.6286973528784678e+01,
       2.5311219427442815e+01, -1.0827638194984262e+01,
       -1.8660941670748917e+02, -4.8346895142087682e+01,
       5.7307853710309104e+01, 3.4493080212433320e+01,
       5.1973727507162522e+01, 4.8308527868072371e-01,
       -5.5383721324603741e+01, 7.4704551791422745e+01,
       9.6783946984680867e+01, 9.1142642143007293e+01,
       3.2544564308914012e+01, -6.0794697842757060e+01,
       1.6540638644694039e+02, -7.6724379407502013e+01,
       -1.6528373369090321e+00, -6.5598200620367910e+00,
       -5.7964933837284683e+01, 2.1912999621615388e+01,
       -2.2915572839810409e+01, 4.8877539728507593e+01,
       1.9157089232776283e+01, 1.8210228809358466e+02,
       8.9120946947727067e+00, -6.3958563812134530e+00,
       -1.7184122182376629e+02, 3.6514928681835698e+01,
       6.9828942632350390e+00, 6.4810620983730900e+01,
       6.0046769188566618e+00, 5.0473715674496411e+01,
       -4.6140482537292691e+01, -5.8678088390169670e+01,
       2.7360807887905889e+01, -2.4397583310879460e+02,
       1.0755158962088080e+01, 7.3307198604845453e+01,
       -2.0122307929557377e+02, 1.3858987837388065e+02,
       5.2200216457876323e+00, 1.1412807629459223e+01,
       -2.7712809252349139e+01, 1.1839984925085270e+02,
       -7.5680563445164864e+01, 1.2765848615061296e+01,
       9.6865055408940233e+00, 6.3423921521964004e+01,
       6.2615473444272830e+01, 3.7066953316165247e+01,
       1.4916528443834630e+02, 1.1702058039021557e+01,
       2.8184540270494768e+01, 6.3604887701861934e+01,
       -1.0933436756924272e+02, -1.3685973449220356e+02,
       8.2585244176636465e+01, -4.4224166638003275e+01,
       6.1356185272441422e+01, -9.4149078292895453e+01,
       -2.2023957927441002e+00, -5.9418617867845100e+01,
       1.5967486689513126e+02, 9.1990874079088499e+01,
       -2.1977702216016780e+01, 3.4963954968077687e+01,
       -7.0915468474225591e+01, -9.7272955853816313e+01,
       -5.2505598878148426e+01, -1.1656752284709491e+01 ]
covs: !!opencv-matrix
   rows: 100
   cols: 4
   dt: d
   data: [ 3.6953990823435024e+03, -4.0400991263938209e+02,
       1.3923771265694447e+03, -7.0170939334131489e+01,
       -4.0400991263938221e+02, 4.3442872154693951e+03,
       -1.9834857346272270e+00, -1.5788866496881317e+03,
       1.3923771265694447e+03, -1.9834857346272305e+00,
       9.7876599875820807e+02, -1.6871125797387344e+02,
       -7.0170939334131489e+01, -1.5788866496881317e+03,
       -1.6871125797387344e+02, 1.0492842357155675e+03,
       9.5818042108619920e+03, -4.3780751658981910e+02,
       -2.3416585139322292e+03, 8.2385380664035824e+02,
       -4.3780751658981904e+02, 6.8658015059424561e+03,
       2.3449412347304741e+02, 1.6582863728309547e+02,
       -2.3416585139322292e+03, 2.3449412347304741e+02,
       9.1616360453512948e+02, 4.1591650112722721e+02,
       8.2385380664035824e+02, 1.6582863728309545e+02,
       4.1591650112722732e+02, 2.2843460441542129e+03,
       2.1622607397621937e+03, 1.9725333196057048e+02,
       1.1307733930222505e+03, -2.8846964726349995e+02,
       1.9725333196057042e+02, 6.1680897751595376e+03,
       6.1512463631482558e+02, 1.3728299298300699e+03,
       1.1307733930222503e+03, 6.1512463631482558e+02,
       1.0952624128345999e+03, 3.7906923512468336e+02,
       -2.8846964726349995e+02, 1.3728299298300699e+03,
       3.7906923512468336e+02, 1.5920838506865960e+03,
       3.0785301141669570e+03, 5.8371256086640119e+02,
       3.2254574781269417e+02, -2.2057795125766725e+02,
       5.8371256086640119e+02, 4.3358120968306803e+03,
       -8.9889838547373995e+02, 3.6008143292093217e+02,
       3.2254574781269412e+02, -8.9889838547373995e+02,
       1.3338100263289896e+03, 4.2195323867193912e+02,
       -2.2057795125766719e+02, 3.6008143292093229e+02,
       4.2195323867193912e+02, 7.9677730854211961e+02,
       2.7376101675515370e+03, 9.0030931067214044e+02,
       2.9117833055886985e+02, -3.6971532438993279e+02,
       9.0030931067214067e+02, 6.3470793541894018e+03,
       5.2481603760783707e+02, 1.2025784283709550e+03,
       2.9117833055886985e+02, 5.2481603760783696e+02,
       1.2456669084121172e+03, 6.9948482491222080e+02,
       -3.6971532438993279e+02, 1.2025784283709550e+03,
       6.9948482491222080e+02, 1.4555164856132401e+03,
       3.6739623592022931e+03, 7.6166938125941908e+02,
       1.0649182554364819e+02, -3.5324685580955219e+02,
       7.6166938125941920e+02, 3.2116897500057930e+03,
       -1.3935847779971803e+02, -6.1959736564894591e+01,
       1.0649182554364825e+02, -1.3935847779971806e+02,
       1.1851235459007592e+03, 2.0154270903275733e+02,
       -3.5324685580955219e+02, -6.1959736564894591e+01,
       2.0154270903275730e+02, 7.2755110382162763e+02,
       3.9718853498724734e+03, -3.9147652998950866e+02,
       -1.6337743139793858e+02, -4.4530622872720375e+02,
       -3.9147652998950866e+02, 5.5710913652437066e+03,
       3.6959735581748640e+02, 1.1437375820391753e+02,
       -1.6337743139793858e+02, 3.6959735581748640e+02,
       3.6370471754196467e+02, 3.3235766413723115e+02,
       -4.4530622872720375e+02, 1.1437375820391759e+02,
       3.3235766413723115e+02, 1.2646034304275393e+03,
       6.7959866166342663e+03, 2.0626706985085611e+03,
       5.4897465718869728e+02, -1.1795151189332685e+03,
       2.0626706985085616e+03, 3.3077624836353634e+03,
       6.2399428117237568e+00, 4.5195406860612781e+02,
       5.4897465718869717e+02, 6.2399428117237568e+00,
       1.9478769191799536e+03, 2.0595637711300589e+02,
       -1.1795151189332682e+03, 4.5195406860612798e+02,
       2.0595637711300589e+02, 8.7994124395437780e+02,
       4.5442994695476682e+03, -9.7907331250967843e+02,
       2.5009155057980279e+03, -1.6278468222507320e+02,
       -9.7907331250967843e+02, 6.4977865766969517e+03,
       4.9339457835752000e+02, -1.4247534932929838e+02,
       2.5009155057980279e+03, 4.9339457835752000e+02,
       1.9088977414646968e+03, -1.2516490217259975e+02,
       -1.6278468222507314e+02, -1.4247534932929827e+02,
       -1.2516490217259972e+02, 1.8137013842618323e+03,
       2.9831369113254023e+03, 7.2700655525589696e+02,
       1.1219866149041886e+02, -2.4767292143582446e+02,
       7.2700655525589696e+02, 3.2721731824777580e+03,
       -2.0545377596521340e+02, 8.4353396123243192e+02,
       1.1219866149041891e+02, -2.0545377596521340e+02,
       1.1753189194980173e+03, 6.0419219924329106e+01,
       -2.4767292143582449e+02, 8.4353396123243181e+02,
       6.0419219924329106e+01, 7.7129904018426760e+02,
       4.6691118407782187e+03, 5.9314867456789511e+02,
       -4.9855240529233322e+02, 8.2563217783569246e+02,
       5.9314867456789500e+02, 5.1598283032851905e+03,
       8.9526974866322792e+02, 1.5630666286716817e+03,
       -4.9855240529233322e+02, 8.9526974866322814e+02,
       7.6829184364062542e+02, 2.6431610611183186e+02,
       8.2563217783569246e+02, 1.5630666286716817e+03,
       2.6431610611183186e+02, 1.5535006333731492e+03,
       4.3625729117874134e+03, 6.8957350243725853e+02,
       -1.9841981622432147e+02, -6.9446874134497250e+02,
       6.8957350243725864e+02, 3.8110025553787382e+03,
