%YAML:1.0
means: !!opencv-matrix
   rows: 41
   cols: 5
   dt: d
   data: [ 2.5254368676736288e+01, -5.6058527192895745e+01,
       1.6945105450905533e+01, -2.2367045425854442e+00,
       8.6783225783216196e+00, -8.7000766796626522e+01,
       1.0150495654194761e+02, -7.6692673213159978e+01,
       -2.3378540570433429e+01, 7.1528287082667967e+00,
       -2.6135664499046402e+02, -7.0875099458849846e+01,
       -9.3822370193535187e-01, 4.7151056374946670e+01,
       -2.2867608104086411e+01, 1.2376186785267004e+02,
       -6.2572666648514286e+01, 4.5745875054307277e+01,
       4.5816031125662036e+01, 4.3096361147724860e+00,
       -1.0700905347884930e+02, -3.0570993957401615e+00,
       4.4789823518101599e+01, 4.0687249846241997e+01,
       9.7380282660652506e-01, 6.3267039930217379e+01,
       -3.7168508884277003e+01, -2.6068300167355019e+01,
       3.9103954268602308e+01, -3.1066962546002266e+01,
       -1.5504073666792283e+02, -6.5144352651310442e+01,
       8.0447500172741968e+01, 2.7929079501271364e+01,
       -2.8349163081948980e+01, -1.3005149381408930e+02,
       -9.3424023580894897e+01, -8.5356061135699335e+00,
       -1.9757614691116522e+01, 1.3640462037604962e+01,
       1.5949310221973272e+02, 9.3579279951156650e+01,
       1.5741047492407823e+01, 2.9317672339178074e+01,
       -3.9054673776924127e+00, -3.4086225056878754e+00,
       9.0296723641032600e+01, -7.3981531371311284e+00,
       -3.8745214097487271e+01, 1.3000974114134960e+01,
       -9.2352538185597894e+01, 4.0255641366390122e+01,
       -2.9901314761415673e+01, 7.4019953109647574e+01,
       2.3816788977621883e+01, -6.7480590338474727e+01,
       1.9813948084251038e+02, -2.7921383604177091e+01,
       1.8170465704860145e+01, 1.0088807270905475e+01,
       1.1513241298718704e+02, -2.1103282872080161e+01,
       -8.0828081691523778e+01, 1.0186051028943355e+01,
       -1.0438076378525484e+01, -3.8738787093856210e+01,
       7.4492345182526165e+00, -6.5272686400227997e+01,
       -8.1018579094471903e+01, 4.3793350878359867e+00,
       -5.2312435330613116e+00, -9.2216979168819961e+01,
       1.9181642103172376e+01, 3.7164431371125779e+01,
       3.7164843472827023e+01, 3.0007220476302393e+01,
       -6.1195502415630330e+01, -4.2814027319421044e+01,
       7.0386909895624456e+01, 7.6112509352671482e+00,
       3.6719719066687425e+01, 1.1392756041813118e+02,
       -2.7434256333180763e+01, -4.9897351514002693e+01,
       -1.0623455075885703e+01, -9.8298167274148476e+00,
       6.1225679688916470e+00, -2.1801275295059646e+00,
       6.6522445623204005e+00, 3.5781615147588568e+01,
       5.2172622531982384e+01, -1.7901598041229713e+02,
       -6.1606510333315283e+00, -4.4197440336523535e+00,
       2.2753702535911411e+00, -7.7919194928073665e+01,
       -6.5090523832508666e+01, -5.6197416866723508e+01,
       5.1671041518250442e+00, 1.3268139317743831e+01,
       -1.6093406413449907e+02, 3.5426100755947999e+01,
       -8.4985564874853630e+00, -6.8577615384178443e+01,
       -8.6254610272275105e+00, 1.3237105388894093e+02,
       -6.0315817241591816e+01, -2.0054230101954083e+01,
       5.4809032378363433e+01, -2.3895290167012138e+01,
       3.0836435178607307e+01, 5.7033289935566231e+01,
       4.3204216472359199e+01, 5.3426091732328764e+01,
       1.9128035241721722e+01, 1.6218731492589777e+02,
       -3.6509135025200521e+01, 2.9528688522212039e+00,
       -3.7829249836500303e+01, -1.3857858029023731e+00,
       1.3282660811955667e+01, -2.3365922211276518e+02,
       7.9618133080502087e+00, 7.4237075909047562e+01,
       -2.3803930510730384e+00, 6.2100577582466990e+01,
       1.2074037453234578e+02, -6.4120376204041236e+01,
       5.3038088324825274e+01, -7.1572569976110234e+00,
       7.0191363524093802e+01, 1.7929138054387496e+02,
       4.5398171694500114e+01, -6.0364353520431786e+00,
       5.9177301688749839e+00, 1.5591255148221853e+02,
       2.2546688985206163e+01, 4.2140700146913787e+01,
       -2.1809611709200912e+01, -1.2723254231855108e+01,
       -1.0111237309030258e+01, 5.9358433803301963e+01,
       4.7993399409351454e+01, -9.1054691153017089e+01,
       -5.7710301178279213e+00, -2.1695832490205095e+02,
       2.6499335048895023e+01, 6.8942105837375278e+00,
       -4.4186479696789549e+00, -2.9475378144865285e+00,
       -1.8953347314276766e+02, -1.6787014259259593e+02,
       2.6576640289382233e+01, -3.0332088905497635e+01,
       -2.1858921788372790e+01, -2.0813810851342762e+02,
       1.6658312214516866e+02, -1.6806577910687654e+01,
       3.7442583671647207e+00, -9.5809176403445413e+00,
       -1.0209721496827727e+02, 1.6052952548473019e+02,
       5.8544500976080386e+01, -1.8306924728031230e+01,
       -8.5537167795268143e+00, 1.0661921724995068e+02,
       -1.1041844272963408e+01, 7.1972220132657029e+01,
       -1.4021455793733784e+01, 2.3341271010690139e+01,
       -7.5833059567042085e+01, 1.5634286325930708e+01,
       8.4775073332412219e+01, -2.8866745436204262e+01,
       -9.2463607836087269e-03, -3.0317060968960710e+01,
       -1.1130853225360808e+02, 7.0528932901662003e+01,
       -3.2948164858047996e+01, 4.2353621196491220e+00,
       7.6031832393183940e+00, -1.1828113742287378e+02,
       -1.6172153824569605e+01, -4.5639869999079622e+01,
       3.1255568195194101e+01, 2.3793888466214582e+02,
       -2.6291012197955244e+00, -5.1988609274505828e+00,
       1.5179933097158884e+00, -1.4989702001587986e+01,
       1.0335836666893815e+02, -5.0680151351621745e+01,
       -2.0810522508719547e+01, 3.4756526307606435e+01,
       -2.7083660231098015e+01, 4.1962219868427574e+01,
       1.5750371527954478e+01, -5.0876594351974958e+01,
       7.3210380265715749e+00, 1.1135704378413434e+01,
       4.8839319950653653e+01, -4.8158530554506719e+01,
       -2.6196394158475030e+01, -7.4139080600416406e+01,
       -4.5420860556945843e+00 ]
