%YAML:1.0
means: !!opencv-matrix
   rows: 2
   cols: 20
   dt: d
   data: [ 3.8788448025739606e+00, -6.3904988968697714e+00,
       -8.0964616643280718e-01, 3.3382244993758747e+00,
       -3.2032304487805424e-01, -1.1166105997989710e+00,
       7.3218006297454208e-01, 3.9888357546712366e-01,
       3.8165203173581341e-01, -4.2578121236190918e-02,
       1.8613784914859023e-02, 4.6910580698434103e-03,
       3.3996073805700349e-03, 5.3491538956060129e-04,
       1.8470497010801177e-03, -4.6035343453319820e-04,
       4.9372155177981609e-04, 5.4092422894244879e-04,
       -8.5806551379959185e-05, -1.5403617101628439e-05,
       -2.1813767360432557e+01, 3.5943384050769758e+01,
       4.5444132496800567e+00, -1.8770158703252640e+01,
       1.8074906585014294e+00, 6.2689700680582092e+00,
       -4.1140295553750494e+00, -2.2515645081360915e+00,
       -2.1405290902737857e+00, 2.4237281003883318e-01,
       -1.0474731694664774e-01, -2.6348206098472719e-02,
       -1.9070403171656536e-02, -2.9348070395879017e-03,
       -1.0302344950286457e-02, 2.6834983806080480e-03,
       -2.8112271962362346e-03, -3.0973779566321018e-03,
       4.6875534688477189e-04, 1.7741834533924192e-04 ]
covs: !!opencv-matrix
   rows: 40
   cols: 20
   dt: d
   data: [ 1.6636697838219636e+04, 4.0652526398457007e+02,
       3.1167563351836900e+01, -1.3234125848991590e+02,
       -1.0060199678473664e+01, 2.2179590296498947e+01,
       -2.2059787917253288e+01, -1.3555878645931976e+01,
       3.2391419801822376e+00, 5.9230717572591534e+00,
       -2.8048898635153385e-01, 2.4121107258372760e-02,
       -4.2724464604595780e-02, 1.3441984018132447e-01,
       1.5067028836622573e-01, 1.1711383432303009e-01,
       1.2204769223395602e-01, 5.8528576412178012e-04,
       1.5504275667228781e-01, -5.0733066540652988e-02,
       4.0652526398457007e+02, 9.1608373410456879e+03,
       -8.4242720703296342e+01, 2.1977121747345618e+02,
       2.9074185772996546e+00, -1.0907926344775198e+02,
       2.4011194347931859e+01, -1.7841997126208622e+00,
       2.0545001173557225e+00, 2.0601721272421960e+00,
       8.2168399816585713e-01, 3.6688238805717044e-01,
       1.0799928473705725e-01, 2.0770275098285679e-01,
       2.5309890981995975e-01, -6.0948006658526392e-02,
       1.2847252176789645e-02, 5.7018423057460674e-02,
       1.0839951643065429e-02, -1.5909286237389729e-03,
       3.1167563351836844e+01, -8.4242720703296300e+01,
       3.2401251496676446e+03, 9.9769754972861744e+00,
       -1.2108567140369555e+01, 3.3450807446208330e-01,
       9.7456366376060171e+00, 8.0083023961141393e+00,
       1.9597559405673988e+00, 1.2780986601605073e+00,
       -1.8335610259124518e-01, -1.2618400332164914e-01,
       3.4767239741792424e-02, 5.7991707977075044e-03,
       -1.2061576872804288e-02, -6.9505972339556119e-02,
       -2.6800183321115712e-02, 2.2150404764719373e-02,
       -1.0914847232477098e-02, 1.8328927461926606e-02,
       -1.3234125848991590e+02, 2.1977121747345609e+02,
       9.9769754972861726e+00, 2.5010984789637760e+03,
       4.7193374625254556e+00, 6.0706550835326681e+01,
       -9.5328197448398519e+00, 7.3055724004993017e-01,
       9.4429982100468068e-01, -2.5050661432728849e+00,
       -5.1444918316612087e-01, -2.0929820402191671e-01,
       -2.5392491665024462e-02, -8.9590697966587265e-02,
       -1.3426753250468212e-01, 9.1204442777966868e-02,
       -2.5747357007495895e-02, -4.8557749431033196e-03,
       4.7524454240190873e-03, 1.9276231174824535e-03,
       -1.0060199678473673e+01, 2.9074185772996537e+00,
       -1.2108567140369560e+01, 4.7193374625254538e+00,
       4.0951018885804797e+02, 1.2610597981558644e+01,
       2.4132603190970965e+00, 3.9298998043760762e+00,
       2.3991851954499652e+00, 7.5981690416322634e-01,
       6.1200237309171528e-03, -2.4244428514974443e-02,
       1.9355172173036020e-02, 1.6787013409971813e-02,
       2.9091474146690444e-02, -1.2888387707779753e-02,
       2.1296702355711040e-03, 8.2860102779283087e-03,
       7.2441670487365375e-03, -1.7723440291050253e-02,
       2.2179590296498958e+01, -1.0907926344775201e+02,
       3.3450807446208453e-01, 6.0706550835326659e+01,
       1.2610597981558646e+01, 2.2536777395983879e+02,
       4.7043287802677298e+00, 1.0765634176308589e+00,
       -1.0133419569113047e-01, -8.1493571282127053e-01,
       3.9869689132727960e-02, 1.2149710130877112e-01,
       7.5245753684730753e-03, 1.3601814453775535e-02,
       1.9425712427354021e-02, -1.0325033896826650e-02,
       -1.0438697866843448e-02, -5.0161066553901989e-03,
       7.5966057356572463e-03, 9.9408634928122852e-03,
       -2.2059787917253288e+01, 2.4011194347931863e+01,
       9.7456366376060100e+00, -9.5328197448398519e+00,
       2.4132603190970969e+00, 4.7043287802677272e+00,
       2.3512721627211612e+01, -2.5207096467365746e+00,
       -2.8114546153613533e+00, 3.8457785325129573e-01,
       -7.2763185800734471e-03, 4.1342650586027214e-02,
       -3.1915229503232723e-02, 8.4403914841170401e-03,
       -1.6294029785208396e-02, 1.1791433646633320e-03,
       3.3302809330751546e-03, -4.8243351065191430e-04,
       -2.9566077530593601e-03, 1.9627920241399015e-03,
       -1.3555878645931973e+01, -1.7841997126208586e+00,
       8.0083023961141357e+00, 7.3055724004992995e-01,
       3.9298998043760762e+00, 1.0765634176308594e+00,
       -2.5207096467365746e+00, 1.4792864005793399e+01,
       -1.9972425161953089e+00, 6.5914355235536437e-01,
       -8.7073032366596692e-02, -2.2728301393775515e-02,
       -8.6671147319176845e-03, 6.9350379920756081e-03,
       4.1691811838059870e-03, 6.2004023793280514e-03,
       2.5477917214816316e-03, 9.5714664811338130e-04,
       6.9936552351629495e-04, 2.1748478082060422e-03,
       3.2391419801822394e+00, 2.0545001173557238e+00,
       1.9597559405673979e+00, 9.4429982100468146e-01,
       2.3991851954499652e+00, -1.0133419569113035e-01,
       -2.8114546153613533e+00, -1.9972425161953089e+00,
       1.5597923863314838e+00, -1.2769045358318956e-01,
       -4.0762923272404529e-02, -1.6059200576304167e-04,
       -1.6904854972930226e-02, -4.5618840163343588e-03,
       -6.1065355083649660e-04, -2.3930842728830510e-03,
       -1.5295324354564260e-03, -6.5298200357359290e-04,
       -2.2705660914839351e-04, 1.2505871368702053e-03,
       5.9230717572591534e+00, 2.0601721272421951e+00,
       1.2780986601605073e+00, -2.5050661432728858e+00,
       7.5981690416322611e-01, -8.1493571282127053e-01,
       3.8457785325129568e-01, 6.5914355235536415e-01,
       -1.2769045358318956e-01, 3.6687701279360774e-01,
       2.0834094124001861e-03, 2.1473966777697442e-03,
       3.9202131583032499e-04, -1.2106129279145228e-02,
       1.3624407823499966e-03, 4.2137118533323343e-04,
       -1.3598415226593991e-03, 2.4471006449635415e-04,
       -1.1303966448669578e-04, 9.6855323278872876e-05,
       -2.8048898635153402e-01, 8.2168399816585747e-01,
       -1.8335610259124510e-01, -5.1444918316612087e-01,
       6.1200237309171606e-03, 3.9869689132727981e-02,
       -7.2763185800734410e-03, -8.7073032366596720e-02,
       -4.0762923272404529e-02, 2.0834094124001852e-03,
       2.3860037470420949e-02, -3.0331142411598273e-03,
       -6.5548967306643018e-05, -3.9393194200740923e-04,
       4.3151372182414019e-04, 1.5229752250418287e-04,
       -5.2385092657212780e-04, -1.5435509259244669e-04,
       6.1424475725646349e-05, 1.9130086293062178e-05,
       2.4121107258372788e-02, 3.6688238805717027e-01,
       -1.2618400332164914e-01, -2.0929820402191665e-01,
       -2.4244428514974440e-02, 1.2149710130877109e-01,
       4.1342650586027228e-02, -2.2728301393775525e-02,
       -1.6059200576304169e-04, 2.1473966777697450e-03,
       -3.0331142411598273e-03, 2.2703739051213295e-03,
       2.8428809334252240e-04, -3.1079932609064966e-04,
       3.3302140061872962e-04, -5.1056958903698775e-06,
       -1.6198448956691674e-05, 1.5113459218593200e-05,
       5.6289656069233577e-05, -3.5832250083090946e-05,
