%YAML:1.0
means: !!opencv-matrix
   rows: 33
   cols: 2
   dt: d
   data: [ -6.4120114569639455e+01, -4.1373512989852216e+01,
       1.5184436139814096e+02, -1.0375670514300516e+02,
       2.3750776487661863e+01, 4.7420027731618660e+01,
       -2.6108482420712147e+02, 3.4861436806250964e+01,
       -8.3768087359897464e+01, 1.7345483757192090e+02,
       1.4936308430902699e+02, 6.8271282285810699e+01,
       8.8460784029815720e+00, -3.0014254455584575e+02,
       -1.6605549205536846e+02, -1.0763668792008740e+02,
       -7.7416070593516428e+00, -1.2443540289476390e+02,
       -9.8702886843681526e+01, 2.6878193218094410e+01,
       -6.3392841738422540e+01, 9.1526075393581195e+01,
       9.0700418767501702e+01, 1.6196842637023330e+01,
       2.2395643439219217e+01, -3.7094654698325556e+01,
       2.0652435182431049e+01, 2.1114112170587953e+02,
       2.1544125061206631e+02, -1.3015701908539859e+02,
       7.8086154776773910e+01, -1.8117636018072957e+02,
       6.2817107631921054e+01, -1.1384185196626632e+02,
       2.3605613101368633e+02, -3.3501685511563579e+01,
       -1.9372752086723790e+02, 1.5517217113037597e+02,
       1.9794885978805095e+00, 1.3114232147112193e+02,
       7.6727354011363644e+01, 8.3493681716803209e+01,
       -2.2486532958754850e+02, -1.6337707377768493e+02,
       -9.3277753427972456e+01, -9.7789570271531304e+01,
       9.7137722759107945e+01, 1.4950417464897652e+02,
       -2.9242300710500281e+01, 1.8078289765893246e+01,
       -1.6725431003571845e+02, -1.7320127049168235e+01,
       -1.6960240375201369e+02, 6.2025974085443956e+01,
       1.5973462227533230e+02, -1.8511022442906491e+01,
       9.4318093812235219e+01, -5.3778151500203641e+01,
       1.7612399485031986e+02, 1.6421071491883953e+02,
       2.2630190837779068e+02, 4.8043416543656207e+01,
       -2.5610024755046823e+02, -6.6269972423520230e+01,
       -8.5092583996841640e+01, -1.8418311642817375e+02 ]
covs: !!opencv-matrix
   rows: 66
   cols: 2
   dt: d
   data: [ 1.4484192117464970e+03, -1.1805981289032309e+02,
       -1.1805981289032309e+02, 1.2082965465554316e+03,
       1.7907916841531892e+03, 1.7453208639461695e+02,
       1.7453208639461698e+02, 1.5320400004765816e+03,
       1.1535626834645848e+03, -4.3654101729287066e+02,
       -4.3654101729287072e+02, 1.4002166263696329e+03,
       2.5618556154336693e+03, -3.7250472098963610e+02,
       -3.7250472098963616e+02, 4.1097520331838223e+03,
       2.2547771324739260e+03, 4.0378486752971435e+02,
       4.0378486752971429e+02, 3.5593200912285620e+03,
       1.7394550633780625e+03, 4.1648713899753176e+01,
       4.1648713899753176e+01, 1.8384941906097251e+03,
       6.6738371548804680e+03, -5.8496078796731922e+02,
       -5.8496078796731922e+02, 2.2768782244279387e+03,
       2.0012289446098794e+03, -9.1565173307087707e+02,
       -9.1565173307087707e+02, 1.6066557715316965e+03,
       1.5186491294166265e+03, -5.3014318199989771e+02,
       -5.3014318199989771e+02, 2.1953011806068994e+03,
       1.0178471668549549e+03, -1.3054515845254070e+01,
       -1.3054515845254070e+01, 1.4602862774379239e+03,
       1.7791199230888571e+03, -3.0455207013876878e+02,
       -3.0455207013876878e+02, 1.5884175698445347e+03,
       1.3993075047813918e+03, 2.4709460779265731e+02,
       2.4709460779265731e+02, 1.0941932245980195e+03,
       9.8735522212658384e+02, 7.7057927263917776e+01,
       7.7057927263917790e+01, 1.6016239247003284e+03,
       3.3365688435707416e+03, 6.4567180310886818e+02,
       6.4567180310886829e+02, 2.2398721822366801e+03,
       3.4620893854264173e+03, 9.7101703788000293e+02,
       9.7101703788000304e+02, 2.3047256208619569e+03,
       2.4941673393458109e+03, 5.3116870844802577e+01,
       5.3116870844802563e+01, 2.0165567611501749e+03,
       1.6328636521962260e+03, -2.6796840673179634e+02,
       -2.6796840673179628e+02, 1.1970957852839322e+03,
       2.1464168927890523e+03, -1.7079455200832234e+02,
       -1.7079455200832234e+02, 1.8798827780699812e+03,
       3.3662230641263895e+03, 5.9211012395633986e+02,
       5.9211012395633975e+02, 3.9829849996260496e+03,
       1.7614959542905203e+03, -7.9965531046504680e+01,
       -7.9965531046504708e+01, 1.8205753434151825e+03,
       1.1410441674099975e+03, -1.2191271115417794e+02,
       -1.2191271115417794e+02, 1.0951312165378283e+03,
       2.8150014622218364e+03, -3.6004520839592806e+02,
       -3.6004520839592817e+02, 3.4635607388498320e+03,
       1.5183587240193228e+03, -5.8095650609851884e+02,
       -5.8095650609851884e+02, 1.9383278714071650e+03,
       2.2182411929083673e+03, -3.1808950447345239e+02,
       -3.1808950447345256e+02, 1.4521095517988947e+03,
       9.2433609503362254e+02, -1.2047482552224523e+02,
       -1.2047482552224521e+02, 1.2000854717739369e+03,
       2.2458188885376026e+03, -5.5832379713783962e+02,
       -5.5832379713783962e+02, 1.8593716935955144e+03,
       1.6991475344544572e+03, 1.4117197262474011e+02,
       1.4117197262474008e+02, 2.6278689285861697e+03,
       1.2936647483431357e+03, -9.0506450921414796e+01,
       -9.0506450921414839e+01, 1.4279962928100406e+03,
       9.6793253545196762e+02, 3.7791368005552933e+01,
       3.7791368005552933e+01, 1.0771254834965821e+03,
       4.2627356952636701e+03, -1.0725500022533122e+03,
       -1.0725500022533120e+03, 2.9830213560138850e+03,
       2.4453957185709110e+03, 4.6325758815718581e+02,
       4.6325758815718592e+02, 2.0240602328920497e+03,
       2.3100214782236367e+03, -1.0411607441975360e+02,
       -1.0411607441975359e+02, 3.3596897963020829e+03,
       2.1679902210614755e+03, -4.2099223937374637e+02,
       -4.2099223937374637e+02, 2.2476350472398135e+03 ]
weights: !!opencv-matrix
   rows: 1
   cols: 33
   dt: d
   data: [ 3.5601551421861895e-02, 3.6269586425027346e-02,
       4.4527584429207394e-02, 2.2425011451109568e-02,
       3.3140147025134237e-02, 3.3232256221407332e-02,
       9.0241352258823137e-03, 1.8859541078877967e-02,
       3.8671438073826940e-02, 4.0147502810615347e-02,
       4.0320503957705679e-02, 4.9644823194188205e-02,
       5.5135743420237429e-02, 1.9644697935114277e-02,
       1.3867722813143725e-02, 2.2282363171372707e-02,
       3.5924493994455943e-02, 1.7886207358653997e-02,
       2.1996059423032534e-02, 3.6396319271005839e-02,
       3.6683068812109407e-02, 1.9917947585602638e-02,
       3.3866000392743678e-02, 2.6860772334814056e-02,
       3.9933335189292929e-02, 3.0558708495708721e-02,
       3.1971798127726096e-02, 3.5096960698776429e-02,
       3.9145478521070164e-02, 1.6821580978435231e-02,
       2.2089390407105485e-02, 2.1474082035497635e-02,
       2.0583187719228555e-02 ]
pca_proj: !!opencv-matrix
   rows: 2
   cols: 21
   dt: f
   data: [ 1.02604255e-02, 8.46533298e-01, 5.67100069e-05,
       -5.08859605e-02, 4.68450844e-01, 1.89823491e-04, -5.55210514e-03,
       1.46431834e-01, -1.98076777e-05, -7.31809530e-03, 1.34976640e-01,
       -4.80776835e-05, -6.69380091e-03, 1.46460637e-01, -1.57161594e-05,
       2.11501210e-05, 1.32904761e-05, -3.16381829e-07, -1.62182951e-05,
       4.47223283e-04, 4.04881848e-06, 8.19958210e-01, 1.87153444e-02,
       -7.93817599e-05, 4.28530097e-01, 8.29724409e-03, 8.75842488e-06,
       2.28233948e-01, -2.37727305e-03, -1.84168690e-04, 2.08515689e-01,
       -1.20344283e-02, -2.14158339e-04, 2.18838796e-01, -7.27251405e-04,
       -1.84816250e-04, -3.05604735e-05, -5.04301033e-06,
       -1.27042276e-05, 6.79167337e-04, 1.30049409e-06, -1.63660501e-04 ]
pca_mean: !!opencv-matrix
   rows: 1
   cols: 21
   dt: f
   data: [ 4.33646118e+02, 2.44701981e+02, 1.49672687e+00,
       4.18191803e+02, 2.60206879e+02, 1.62062907e+00, 3.68545319e+02,
       2.27059875e+02, 1.69770968e+00, 3.19420807e+02, 1.63929108e+02,
       1.75046074e+00, 3.16613464e+02, 2.25532654e+02, 1.70717156e+00,
       1.08872897e-04, -9.74175637e-05, 6.24380555e-05, -2.17504916e-04,
       -2.50119597e-01, 1.75055194e+00 ]
