%YAML:1.0
means: !!opencv-matrix
   rows: 7
   cols: 16
   dt: d
   data: [ -1.9089466166924812e+01, -9.6460636990788018e+01,
       1.0046117229808835e-02, 6.2943653159088768e+01,
       -1.0017254716773307e+01, 6.6108965129525288e-01,
       1.2359938297771278e+00, -4.9482768735112381e-01,
       3.3436296115020647e-01, -2.0585448875732304e-01,
       -7.0097820382271515e-03, -1.1720698326738697e-03,
       1.6930421236813129e-03, -5.5137910791076385e-03,
       -8.9684842294813234e-03, 2.0409275706874479e-03,
       2.4131896064506925e+01, -5.9362356524686277e-01,
       -4.7276045446584036e-01, 3.3854231005727602e+00,
       1.3196249942187743e+01, -2.2712635459682433e+00,
       1.1693657043302206e+00, 6.3552071614068939e-01,
       3.4170542501866136e-01, 7.9436990049960108e-03,
       1.1756285478025574e-02, 1.3052738537965061e-02,
       5.2080507288503330e-03, 3.0275014559816636e-03,
       9.0720340484802178e-03, -6.2588189515820516e-04,
       1.4436231142806332e+02, 1.0870144253442866e+01,
       -3.9005988914736918e+01, -9.9860543660005909e+00,
       -6.0562344983368064e+00, 1.5323390260426512e+01,
       -1.4313727934557250e+00, 2.3418539144809958e-01,
       -7.2242867152506474e-01, 6.5787780091436529e-02,
       1.4945572825886367e-02, -8.2601184206988240e-02,
       -3.3265725558992727e-03, -1.8200454418912257e-02,
       -7.0508165274337474e-03, -8.8798943096822947e-03,
       -1.8526115569760486e+02, 2.6218285907517629e+01,
       4.0404990410266890e+01, -1.2311091478436134e+01,
       -1.2766158923312720e+01, 7.3152252094484664e+00,
       -9.0867592105677764e-01, 6.8102995924724785e-01,
       2.3576325143551696e-01, 3.3285218635897952e-03,
       -3.0644391365578671e-02, -1.2964753176089935e-02,
       3.5789729261635457e-03, -4.9572042287258727e-04,
       3.1815841310308900e-03, -5.9988248587414120e-03,
       9.6467358705921271e+01, -2.8886818901386423e+01,
       -3.0649930081160939e+01, 1.1523124423287589e+01,
       1.5064882900828708e-01, 7.0243779822294314e+00,
       -3.8399000245248058e+00, -1.2906098641089145e+00,
       -1.4763266844707814e+00, 6.4971675256733374e-01,
       9.1526127478775577e-03, -1.0543140739811803e-02,
       -1.6684834411573111e-02, 9.8936360131421704e-03,
       -1.6481836804687285e-02, -1.5964933009766679e-03,
       -2.4316730083358397e+01, 6.6543822032563753e+01,
       9.4426100791057497e+00, -3.4773472180587277e+01,
       1.0763562625005386e+01, 4.9841731082243906e-01,
       -2.7466890594984776e+00, -5.5594911064152575e-01,
       -1.4410234865525591e+00, -2.2430787796017326e-01,
       -1.3717171883274223e-01, 3.1660705570236036e-02,
       -2.0087415787513965e-02, -3.6283773789682100e-03,
       -3.4430021338072644e-02, 8.9997871507995764e-03,
       9.7921633004320398e+01, 1.3747755447522449e+01,
       -2.8512219484094366e+01, -2.6735561871295534e+01,
       -2.2935117509419189e+01, -1.4149853609564682e+01,
       7.4249297148612292e-01, -1.7753106780286270e+00,
       2.8894540299361249e-01, -6.8576014991711759e-02,
       9.0578443629180092e-02, -3.8056997281841892e-03,
       -4.5944542290390862e-04, 6.9508194047962512e-04,
       7.4694289758812432e-03, 7.7683822512973170e-03 ]
covs: !!opencv-matrix
   rows: 112
   cols: 16
   dt: d
   data: [ 1.3049846160342764e+04, 1.0920816740680600e+03,
       1.2960997309697004e+03, -3.2537002277766652e+02,
       3.9430280171784693e+02, 1.7069619954220335e+02,
       5.6948781335208174e+01, 5.8492397637557822e+01,
       -2.6984592633073827e+01, 1.2166805218721096e+01,
       -5.1362176649204487e+00, -2.1482642939806926e-01,
       2.6867570126913015e-01, 2.5701785909256786e-01,
       -4.0672052683188425e-01, -7.5190195199648813e-01,
       1.0920816740680596e+03, 6.5154450787199848e+03,
       -2.9534048025454894e+02, 2.0290053313053343e+03,
       -5.8418055200183730e+01, 3.7716466867509070e+01,
       8.1683642830081425e+01, -6.5682290882451593e+00,
       -1.1737514072249846e+01, -1.2841518762691719e+00,
       4.4199897375983477e-01, 3.5058846839003349e-01,
       4.4022313529728414e-02, 7.3994937711655842e-02,
       -1.2746420189988003e-01, -3.4355323073879000e-02,
       1.2960997309697004e+03, -2.9534048025454888e+02,
       2.8721403495355084e+03, 6.5498470016320454e+01,
       -2.0096585880821075e+02, -5.3217354401187995e+00,
       -6.9883465436225940e+00, -6.5841460102974763e+00,
       4.8405441092759247e+00, 2.5463870850402350e+00,
       1.3298362743954748e+00, -1.3667702146139143e-01,
       -4.8568180586846109e-02, -2.3295779558458587e-02,
       1.5521027559681130e-01, 5.4884031216062300e-02,
       -3.2537002277766652e+02, 2.0290053313053345e+03,
       6.5498470016320411e+01, 1.2514623346943990e+03,
       -4.3556791493006521e+01, -1.6851466729966816e+02,
       -3.8707936730014580e+01, 4.9425802337736782e+00,
       7.0092047274059883e+00, -4.1017575689168667e-02,
       6.5035743676914270e-01, -2.4541584797288360e-01,
       -2.5314985941064554e-02, -1.0428799834168219e-01,
       4.6809108721323003e-02, -5.4914868458741980e-04,
       3.9430280171784688e+02, -5.8418055200183730e+01,
       -2.0096585880821073e+02, -4.3556791493006514e+01,
       7.3810472441370322e+01, -4.3607545951120512e+00,
       6.3201193512894669e+00, 5.1925375671860097e-01,
       -2.5536760369970759e+00, 8.9549374691134109e-01,
       -1.5748737031899432e-01, -6.0283742631418162e-02,
       1.2837092530974183e-02, 3.6900673727498619e-02,
       1.7896271998653929e-02, -9.3940126674843388e-02,
       1.7069619954220337e+02, 3.7716466867509055e+01,
       -5.3217354401187968e+00, -1.6851466729966813e+02,
       -4.3607545951120530e+00, 6.0828674524500336e+01,
       2.0499670051293929e+01, -3.9758258810259095e+00,
       -2.5604282985107085e+00, -4.9495247519942703e-01,
       -8.6309765052053802e-02, 1.1827558986953583e-01,
       1.7322077217058211e-03, 2.2150638370750882e-02,
       -4.1401227131329883e-02, 1.3652670766267081e-02,
       5.6948781335208153e+01, 8.1683642830081425e+01,
       -6.9883465436225958e+00, -3.8707936730014595e+01,
       6.3201193512894696e+00, 2.0499670051293929e+01,
       2.0293557634633114e+01, -1.3530587767617130e+00,
       -2.9926664598765820e+00, 6.3316085261417687e-01,
       1.1722259756488809e-01, 2.8729024574932104e-02,
       -2.9830928136016312e-02, 1.1019650727442197e-02,
       1.1738562442854298e-02, -1.5831357205053381e-02,
       5.8492397637557836e+01, -6.5682290882451619e+00,
       -6.5841460102974763e+00, 4.9425802337736791e+00,
       5.1925375671860108e-01, -3.9758258810259095e+00,
       -1.3530587767617133e+00, 1.5446107581384057e+01,
       -3.0347703103491979e+00, 5.6417130592028841e-01,
       -5.5493139366481425e-02, -1.9274553205747572e-02,
       -1.1810849677493187e-02, 5.6194318260552991e-03,
       7.2966940162527876e-03, -1.0812782043012845e-02,
       -2.6984592633073827e+01, -1.1737514072249851e+01,
       4.8405441092759229e+00, 7.0092047274059901e+00,
       -2.5536760369970759e+00, -2.5604282985107085e+00,
       -2.9926664598765820e+00, -3.0347703103491979e+00,
       1.8961861414712287e+00, -1.8715403923670684e-01,
       -4.1780165871710781e-02, 2.2663895341104362e-03,
       -1.9068865480787570e-02, -5.8908127111828223e-03,
       3.2077283416430554e-04, 9.4340783303793543e-03,
       1.2166805218721096e+01, -1.2841518762691726e+00,
       2.5463870850402355e+00, -4.1017575689168570e-02,
       8.9549374691134076e-01, -4.9495247519942714e-01,
       6.3316085261417665e-01, 5.6417130592028852e-01,
       -1.8715403923670684e-01, 4.3087366377201963e-01,
       -1.7290401178895048e-02, 3.6631757732147625e-03,
       2.8351831818173015e-03, -9.8159750803412989e-03,
       5.4013987703185242e-03, -2.7413071604348539e-04,
       -5.1362176649204487e+00, 4.4199897375983488e-01,
       1.3298362743954748e+00, 6.5035743676914293e-01,
       -1.5748737031899432e-01, -8.6309765052053816e-02,
       1.1722259756488809e-01, -5.5493139366481405e-02,
