%YAML:1.0
means: !!opencv-matrix
   rows: 20
   cols: 3
   dt: d
   data: [ 6.4614660181077724e+01, -8.8358438694905246e+01,
       -7.4314769408609678e+01, -8.7179208973172081e+01,
       3.8735239093609827e+01, -3.7026713374098627e+01,
       -2.9168554769397435e+01, 1.4383047146552371e+02,
       -4.9899622802334683e+01, 2.2650190481922709e+02,
       4.0348680169456841e+01, 3.1701303139134506e+01,
       -7.1823624571469395e+01, -9.1039337742776709e+01,
       -4.1958484666785751e+01, -1.3243718399713305e+02,
       -7.0530159126329266e+01, 8.7728446236623469e+01,
       1.1109998363500682e+02, 2.8777331045358682e+01,
       5.3190410108001053e+01, -1.9271013558329659e+02,
       3.0130795762037980e+01, -2.8000327106209614e+01,
       2.8259381191953349e+01, -5.7350435088931178e+01,
       2.8379677649748427e+01, 9.0042232842522054e+01,
       1.4495785645090285e+02, 2.6492057580779075e+01,
       -1.1192351958808312e+02, -1.0455948827231383e+01,
       5.1581149031547952e+01, -9.8879157363853143e-01,
       1.5678108400606005e+01, -4.8739324982248895e+01,
       9.3164312956030884e+01, 3.8640084735527168e+01,
       -4.1844813816427219e+01, 1.4666061980262742e+02,
       -1.1751719588210422e+02, 4.4799650132644139e+01,
       -1.3216335958657103e+02, 1.5868149172875584e+02,
       3.0502570865182776e+01, -2.3095104260014202e+02,
       -1.0905918676514679e+02, 1.5360277356669739e+01,
       -2.6155671042419993e+02, -2.1331086974253353e+01,
       -4.7757597985502738e+00, -3.5755736324808667e+00,
       5.4588948106703619e+01, 4.3639366830794948e+01,
       1.5682203314917146e+02, -6.1363072879766719e+01,
       -1.2644096586049708e+01, 2.6445492159788099e+01,
       -1.6713129631534500e+02, 1.8011406106453904e+01 ]
covs: !!opencv-matrix
   rows: 60
   cols: 3
   dt: d
   data: [ 4.0896731169406562e+03, 6.5709570196426409e+02,
       1.3847841053743826e+01, 6.5709570196426409e+02,
       3.2603802294682546e+03, -1.2543356775493363e+02,
       1.3847841053743839e+01, -1.2543356775493359e+02,
       1.1842608473837299e+03, 1.9786887146204676e+03,
       1.2738751329727965e+02, -2.7516184943802972e+02,
       1.2738751329727961e+02, 4.7047919047182695e+03,
       -8.5807830095034419e+00, -2.7516184943802972e+02,
       -8.5807830095034596e+00, 1.5810782234357919e+03,
       4.4520296218803824e+03, -3.5869590423663459e+02,
       1.7682772723650729e+02, -3.5869590423663459e+02,
       4.6295093270270054e+03, 2.1769182287161473e+02,
       1.7682772723650731e+02, 2.1769182287161465e+02,
       1.2222429964806602e+03, 3.2010179904025963e+03,
       -8.0131776620316077e+02, -5.9287994597865907e+02,
       -8.0131776620316077e+02, 7.5813323006823994e+03,
       5.2541920377100189e+02, -5.9287994597865918e+02,
       5.2541920377100189e+02, 4.9573383506045093e+02,
       1.4876246158697311e+03, 7.1451802799210906e+00,
       3.7414531544655750e+02, 7.1451802799210977e+00,
       5.7533459681734048e+03, 1.8325160179573609e+02,
       3.7414531544655750e+02, 1.8325160179573604e+02,
       6.1987926818039182e+02, 2.3186461462329371e+03,
       -1.4810056913156868e+03, 7.3336321179046649e+02,
       -1.4810056913156868e+03, 8.8994984751919419e+03,
       5.8204658558578421e+02, 7.3336321179046638e+02,
       5.8204658558578410e+02, 7.5744147842570305e+02,
       3.2255299960952816e+03, -8.3227567917921237e+02,
       -8.0898084579920987e+02, -8.3227567917921237e+02,
       4.3300936964512421e+03, 1.7706619914165509e+02,
       -8.0898084579920999e+02, 1.7706619914165509e+02,
       1.0235106515552045e+03, 2.6192640328296075e+03,
       -1.1695303216085942e+03, 9.7512955095820274e+01,
       -1.1695303216085945e+03, 1.0266392602165968e+04,
       -2.3740399782515172e+02, 9.7512955095820331e+01,
       -2.3740399782515172e+02, 8.6627243569237942e+02,
       2.6059870742485350e+03, 2.9141826619530985e+02,
       7.9331736652244592e+02, 2.9141826619530974e+02,
       4.5563192433163240e+03, 1.0057124824337960e+02,
       7.9331736652244592e+02, 1.0057124824337959e+02,
       1.1567129689645421e+03, 5.0044840743586647e+03,
       -1.1075121546498790e+03, -7.8047396534041116e+02,
       -1.1075121546498788e+03, 4.7033154264268906e+03,
       6.3052797537079823e+02, -7.8047396534041081e+02,
       6.3052797537079823e+02, 1.3080602089545107e+03,
       4.3759351421775937e+03, -1.2050772314199180e+03,
       1.0753063989130612e+03, -1.2050772314199180e+03,
       7.1308243813922300e+03, 3.3774295422390156e+02,
       1.0753063989130612e+03, 3.3774295422390156e+02,
       1.2050347650025221e+03, 2.6288837450488732e+03,
       -2.4788806584740846e+02, -5.9406209651422046e+02,
       -2.4788806584740857e+02, 2.9965299096599820e+03,
       3.1937130003594336e+02, -5.9406209651422046e+02,
       3.1937130003594348e+02, 1.8502527330612982e+03,
       3.5711205268240319e+03, 3.5704221327893259e+02,
       7.4481562683860125e+02, 3.5704221327893259e+02,
       3.9027021383613387e+03, -5.3989150206484737e+02,
       7.4481562683860125e+02, -5.3989150206484737e+02,
       1.7784450952253683e+03, 5.1503754423078881e+03,
       4.8172996232157124e+02, -1.4011053844653727e+03,
       4.8172996232157124e+02, 3.1897324274545481e+03,
       -2.7360540237569541e+02, -1.4011053844653727e+03,
       -2.7360540237569529e+02, 7.8415141982920215e+02,
       3.7588019640606399e+03, 7.4197208313861074e+02,
       1.2827231395974788e+03, 7.4197208313861086e+02,
       3.7371031860858807e+03, -3.1547725644277494e+02,
       1.2827231395974788e+03, -3.1547725644277494e+02,
       1.9696713315318259e+03, 3.1169268152558648e+03,
       -5.9890052632630034e+02, 1.2044047918902029e+03,
       -5.9890052632630034e+02, 7.0767302052068908e+03,
       8.0663585858001125e+02, 1.2044047918902029e+03,
       8.0663585858001136e+02, 9.8615064917436212e+02,
       2.4673540944122169e+03, -1.0180059735737925e+03,
       4.2689046214836651e+02, -1.0180059735737923e+03,
       7.9924786919221497e+03, 8.7929374425632705e+02,
       4.2689046214836645e+02, 8.7929374425632727e+02,
       6.9291933066350930e+02, 3.4379292413428161e+03,
       -6.5193576920637054e+02, -1.5493430476630654e+03,
       -6.5193576920637065e+02, 5.0916325311187184e+03,
       8.5699291976735292e+00, -1.5493430476630654e+03,
       8.5699291976735523e+00, 2.0811380404238657e+03,
       3.8118523730881216e+03, 9.6690439275737356e+02,
       -2.9763644537232523e+02, 9.6690439275737367e+02,
       5.0227045417000436e+03, 1.0613521632677704e+02,
       -2.9763644537232528e+02, 1.0613521632677700e+02,
       7.0638175206522703e+02, 3.9091540423007650e+03,
       -2.1643333013040512e+02, 2.1599332849630382e+03,
       -2.1643333013040518e+02, 9.7041011229316118e+03,
       1.2522809671633543e+03, 2.1599332849630382e+03,
       1.2522809671633543e+03, 1.9068328692339001e+03 ]
weights: !!opencv-matrix
   rows: 1
   cols: 20
   dt: d
   data: [ 7.1308635310251695e-02, 5.5428372083692952e-02,
       6.3065602034922577e-02, 3.6365728860646200e-02,
       3.8834540208483842e-02, 4.3942113211367123e-02,
       6.7541026351981018e-02, 4.5519737037044719e-02,
       5.2549997331381604e-02, 5.6258735095873050e-02,
       5.8513680752502024e-02, 6.2382964051381766e-02,
       7.5324591073585620e-02, 3.1017617582710683e-02,
       2.0281962605977130e-02, 2.9825651784005619e-02,
       3.1381717031777556e-02, 6.1089629069742489e-02,
       5.8018876824825413e-02, 4.1348821697831654e-02 ]
