%YAML:1.0
means: !!opencv-matrix
   rows: 22
   cols: 9
   dt: d
   data: [ 1.7595196038039660e+02, 2.0147204409341391e+01,
       -4.7277107973961101e+01, 9.6959781004875367e+00,
       -1.2368565971505669e+01, -7.9693009947587887e+00,
       1.5765056380567452e-01, 1.6639968552326770e-01,
       -9.1349931069898893e-01, -9.8764658693688523e-01,
       1.0504507917441781e+01, 7.8997737632202387e+00,
       -1.2944644491846388e+01, 1.3415222240515115e+01,
       -9.1863672696299190e+00, -6.2648043797836959e+00,
       2.8870045666169428e+00, 6.2721393137286032e+00,
       -1.8746997623395441e+02, 1.7461833248628082e+01,
       4.2512396101124757e+01, -1.7936985265505978e+01,
       -7.7264252025752604e+00, -1.5012217761830343e-01,
       4.6310586981436630e-01, 1.2280939262526769e+00,
       -1.0881870897327206e+00, -1.4619642557463125e+01,
       -2.5014741686374123e+01, -4.8385673370396226e+01,
       1.4670900269652259e+01, 2.7312291501174524e+01,
       -5.3551510324162708e+00, 8.6399222223275585e-01,
       -6.1631284636082506e-01, -6.1959058114328547e-01,
       1.1772669931393368e+02, 2.4206575028039119e+01,
       -3.6982515146111211e+01, 3.0819182459706220e+00,
       -8.0801646344893996e+00, -3.7079476635665296e+00,
       -1.3449938918945785e+00, -2.7609208696588861e-01,
       -5.8477012644197113e-01, 1.3659816054973708e+01,
       -1.2218409363962040e+01, -4.5117220273465009e+00,
       4.3970284827654895e+00, -9.4127566095877935e+00,
       -9.2927758525727402e+00, 4.9423405887277706e-02,
       -4.4330975650396037e-01, -1.1676775300110431e+00,
       -1.3075219641079565e+02, 1.1806705829400636e+02,
       1.1248127987052470e+01, -5.3986882041032025e+01,
       -1.7433781553878948e+01, -1.8137888883951445e+00,
       6.0218747035746223e-01, -7.4954252558345716e-02,
       -5.7426232695269863e-01, -9.9147307016691215e+01,
       8.2138896163207235e+01, 2.1635450903297656e+01,
       -3.9514510583555442e+01, 6.8787773073562972e+00,
       6.4776609394349416e+00, 1.2665955035224772e+00,
       4.0554519004601786e-01, -3.9345308264847983e-01,
       -1.3830426174311773e+02, -2.5938031886065733e+01,
       3.4698045565542316e+01, -1.1859413726280717e+01,
       -3.0971996151607182e+00, -2.4744198327160593e+01,
       -1.4904334975627389e+00, -2.0106580587882025e-01,
       -2.1693203507075904e+00, 9.2842069763160993e+01,
       5.1659644972323655e+01, 3.2438612917474565e+01,
       3.0332632116101077e+01, 2.2153437172598661e+01,
       -1.0271101963991303e+01, -5.6551903899613953e-02,
       -9.4424667975634613e-01, -7.3210713364280078e-01,
       -1.9230722698870338e+01, 1.2589901204803580e+01,
       -1.0017175219009230e+01, -3.5074615970561609e+01,
       -1.9665618342396947e+01, -9.5054899930855914e+00,
       7.3926363339651613e-01, -3.3282977305585812e+00,
       4.5923520804825833e+00, 3.4104890781090108e-01,
       -1.9369040974806512e+02, 1.4910094552541851e+01,
       6.6611404469678902e+01, 1.1840216871952665e+01,
       -2.0760565163269977e+01, -1.7447364221880337e+00,
       -1.0420531590837006e+00, 2.0530754217584571e-01,
       -1.6544229770300188e+02, -1.3042157488422095e+02,
       4.9459807400908666e+01, 4.6030012540695196e+01,
       -3.4660880361601990e+01, -8.7438696241336640e+00,
       -5.7141175464699039e+00, -1.3576401954526818e+00,
       3.3055251142626106e-02, -1.9724172198177584e+02,
       -1.4022499073636235e+01, 3.3013387512405970e+01,
       -1.7271977613825076e+01, -2.3217556602425962e+00,
       -8.6910154725494273e+00, -1.7646866763645523e+00,
       -3.9943930869564526e-01, 3.9048442574485263e+00,
       9.9634600513001701e+01, -4.5505409067466537e+01,
       -2.1852429647909222e+01, 3.6503172585717586e+01,
       -2.7553084394405865e+01, 2.3469859456353024e+01,
       1.1402149026904373e+00, 1.3320342410401134e+00,
       4.9844819972844784e-01, 9.0995928903141888e+01,
       -7.5089265277604767e+01, -1.4605001131717723e+01,
       4.9011076696456414e+01, -1.1554632634597404e+01,
       1.7943570254676597e+01, 1.9801151558858121e+00,
       -4.2603654601265672e-01, -1.8228671698130386e-01,
       -1.2707733524256062e+00, 8.8391686658927938e+01,
       -9.9300255949311893e+00, -4.2458859591389817e+01,
       1.2026103337447671e+01, -2.6549447913902728e+00,
       1.4720712908731159e+00, -2.6671200073461571e-01,
       -3.0211191794653275e-01, 1.0975355526975812e+02,
       -8.0053652170645051e+01, 2.3405134276750310e+01,
       -3.6491644424273026e+01, 1.9858416428823677e+01,
       -3.1595569237210261e+00, 3.7519751543900753e-01,
       -8.4123102059816668e-01, -6.9246221290253773e-01,
       3.5086385618166055e+01, 1.2593404028250244e+02,
       -2.7329694590514475e+01, -5.1781382420893124e+01,
       -8.6896406687433316e+00, 1.4026658770987543e+00,
       2.2023115247610399e+00, -1.9884813874623969e-01,
       -2.2467092886592199e-01, -6.2510889244657131e+00,
       -3.3234349141221770e+01, 1.5736885576443385e+01,
       1.5978546382347636e+01, 2.6704233994294270e+01,
       1.2085045690415791e+01, 1.6380268141128260e+00,
       -8.3420511574776468e-01, 1.6613583450286173e-01,
       -1.4240609715765342e+02, -5.3021467012501290e+01,
       4.2988456541728929e+01, 1.8505028822016925e+01,
       -7.8328892337473670e+00, 1.0676451480630847e+01,
       4.4421157966083696e-01, 1.2148388748273591e+00,
       -5.9919937771707921e-01, 1.0252973830701146e+02,
       4.2875827557375459e+01, -2.7947844135980553e+01,
       -2.1321223784063417e+01, -1.3325955743384370e+01,
       -1.1212359306704167e+01, -1.0432971155788401e+01,
       1.3257419363814580e+00, 6.9276930147372502e+00 ]
