%YAML:1.0
means: !!opencv-matrix
   rows: 32
   cols: 7
   dt: d
   data: [ 8.2243676135798978e+01, 1.0264055957307452e+01,
       -2.7916324019030050e+01, -3.0257543798672422e+01,
       -2.9643051331397853e+01, -1.7644592439325201e+01,
       -2.1532442990070769e-01, -1.4919137786098463e+02,
       -1.0337487202188606e+02, 2.7550321225857530e+01,
       6.6387451860150122e+01, -1.9700845272539933e+01,
       6.4381666631926848e-01, -2.1901241692746493e-01,
       -1.0112989388320509e+01, 8.5727069700285440e+01,
       1.3438023191879891e+00, 3.0261789136958331e+01,
       1.1675234212025934e+01, -2.7922333321004182e+00,
       -1.3584795508659364e+00, -1.4776331086224198e+02,
       7.1701638645868009e+00, 3.7058680089646920e+01,
       1.5619660249094593e+01, -6.6263259252260127e+00,
       2.4881790580557297e+01, -1.4239791256355461e+00,
       1.9477372322276864e+01, 4.9058689526245907e+01,
       -1.9302336041963304e+00, -4.2903194738756532e+01,
       -2.5958221184795915e+00, -2.3158593753281231e+01,
       2.6165618900516159e+00, 3.4471072033574574e-01,
       5.6321552402534863e+01, 1.4155821891636542e+01,
       -3.7400466496177771e+01, 3.7076070210298191e+01,
       -1.2703500378377953e+01, 2.5825653893280749e+00,
       9.1341519518452316e+01, -5.5240339215555814e+01,
       -2.3191255288904181e+01, 4.2462521820787160e+01,
       -9.9883435913244707e+00, 9.7426154628987760e+00,
       5.0242828286251473e-01, 8.3684889728097971e+01,
       -5.5360354433374354e+01, -2.7496832843465388e+01,
       3.7753735549374255e+01, 3.4048913420676139e+00,
       1.4209979030405194e+01, -1.2724277495612357e+00,
       -2.0810561803078974e+02, -2.7387192530793683e+01,
       3.1604781151924008e+01, -7.1974990488126707e+01,
       -1.2551395825532113e+01, 6.2932483563599657e+00,
       -1.6416803172989469e+00, -6.1889695840914122e+01,
       -8.4220528314200806e+01, 1.3358952755698153e+01,
       5.0493965545484066e+01, 7.3189445351694742e+00,
       -3.5510576354606909e+00, 2.1307890064214332e+00,
       1.5171868841733388e+02, 6.4624825834442177e+01,
       -3.8459741767184013e+01, 3.5534459482755260e+01,
       -7.1096920858484234e+00, 8.7783029887672246e+00,
       -3.2153902476270806e-02, -8.9530737765792750e+01,
       2.1266091078947980e+01, 2.6444295903342447e+01,
       -1.7819738677288328e+01, 1.5374979842058973e+01,
       -1.7599073711062044e+01, 1.9072617999838410e+00,
       1.0034767130703432e+02, 2.8935237327513924e+01,
       -2.0478400088339825e+01, -2.9884062064875060e+01,
       -6.8673097912626808e+00, -9.6616337974176094e+00,
       -3.7270287510591155e-01, 1.1493391513932303e+02,
       -1.2142874985903084e+01, 6.6490057653951794e+01,
       1.2621207100990801e+00, 1.1688310631981077e+01,
       -2.2204611427180021e+00, -5.2337011827981883e-01,
       7.5302463954377373e+01, -2.8236867979178754e+01,
       1.7805232122381202e+01, -2.0463361648292235e+01,
       2.0498703677920865e+01, 6.0424103591443572e+00,
       1.5542405231174796e+00, -1.0326441945611860e+02,
       6.0113114046833111e+01, 9.5178781811005337e+01,
       -3.1051487420597873e+01, -1.5580536876864103e+01,
       -2.5234977917810637e+00, -1.0423265162937145e+00,
       -2.1724698608316098e+02, 8.6598528680949187e+01,
       1.9070380559737785e+01, -9.2372355105779835e+00,
       -1.1208756704486731e+01, -2.1063950217224253e-01,
       -1.4243613951177743e+00, -2.1100233434703449e+02,
       -9.1729487124065827e+01, 4.1982368790147518e+01,
       -1.2429930779239230e+01, -9.1384327959687042e+00,
       1.0135007650881850e+01, -9.3329694811876562e-01,
       1.4067182824119209e+02, -6.9829483801037583e+01,
       -3.9284958927365032e+01, -1.6850002712329580e+01,
       -4.5301246405969318e+00, 1.2633538459607220e+01,
       3.2403480752858933e-02, 8.3202895423895214e+01,
       1.0638967946238449e+02, 6.1864796567084861e+00,
       3.1127562318944008e+01, 1.5179006782811991e+01,
       4.5720246889459254e-01, 1.0686323698704865e+00,
       -1.9396994012296508e+02, 3.0283996808997024e+01,
       4.6401166754508225e+01, 4.3875785576351959e+01,
       -9.4606253919411536e+00, 8.1283627403168417e+00,
       -1.0282333560065997e+00, 1.1744302773872644e+01,
       1.5785152229930611e+02, -1.0710073195704497e+00,
       -8.7029208527863290e+01, 1.5828137204894462e+01,
       1.7227523442259020e+01, -5.3639621369426749e-01,
       -2.6410589164611100e+01, -4.6710733447617825e+00,
       7.2241812126017786e+00, 4.7841381576961055e+00,
       3.5887325072915715e+01, 3.9532380404953099e-01,
       2.9776038564705409e-01, 3.0423516039386627e+01,
       -9.9418739642918027e+01, -1.0440804559952227e+01,
       6.8412805951828815e+01, -4.3871342323329978e+00,
       -1.3996002813881643e+00, 2.1536217133577020e+00,
       -1.4785702467303080e+01, 1.7913983018403687e+01,
       -6.6930408075383042e+01, -6.4414485891476865e+00,
       1.9096680968910814e+01, 3.0463886163913436e+00,
       8.5812421592738652e-01, -2.0011269166081826e+02,
       1.1581696294148836e+02, 3.5190705850387808e+01,
       -5.1285711971973811e+01, -2.5923485541229741e+01,
       1.8197653693034340e+01, -3.8629254433308251e+00,
       1.3452276046431595e+02, 3.4206048370664931e+01,
       -4.2086947909766430e+01, -2.8920658412580035e+01,
       -5.8071358448280908e+00, 1.5995447226002277e+01,
       -2.3177423160510031e+00, 9.5981898272944989e+01,
       -4.2180912512559601e+01, -2.5800025668225320e+01,
       2.4197208338172281e+01, -9.0006260436618710e+00,
       9.0031184656661498e+00, -6.1019032595731968e+00,
       -1.9937003066059443e+01, -4.9939483403515993e+01,
       -2.7390619675989640e+00, -2.4501506575294886e+01,
       1.3975290145500837e+01, 1.7237721361456269e+00,
       -1.8448524714743810e+00, -1.0295708973668808e+02,
       -4.3577544080061728e+01, 3.7550553565637813e+01,
       3.0474936545716790e+01, 8.3469841102717499e+00,
       -1.0375788533602073e+01, -1.1177555925495577e+00,
       8.2392810962365772e+01, 1.8012376312621985e+01,
       -2.2072161980127085e+01, -3.3078438315893990e+01,
       -2.4926256423726205e+01, -2.0384816597536783e+01,
       1.3842669275471682e+00, 1.6463636336409607e+02,
       1.0327812959325728e+01, -4.7580684807058724e+01,
       -1.2916053521323546e+01, -6.8182001072967271e+00,
       1.3096372571183620e+01, -1.1350503964500115e-01 ]
