%YAML:1.0
means: !!opencv-matrix
   rows: 23
   cols: 9
   dt: d
   data: [ 1.6545352530551492e+02, 1.2690553545833811e+01,
       -4.8915443622049651e+01, -8.9405605074557233e+00,
       -7.1155156730646283e+00, 1.2016010132558053e+01,
       -6.2247944226846574e-01, 3.1826005727551249e-01,
       5.1641598861629723e-01, -4.1899245224178685e+01,
       3.2411973405572958e+01, 2.0527768923109853e+01,
       -2.5665145093465810e+01, 2.7142962675291376e+01,
       -1.5765651134664891e+01, 2.4891687605613195e+00,
       2.3466724911204276e-01, 2.3383716472928986e-01,
       -1.8687551677841461e+02, 1.4909249989863863e+01,
       3.5341803262859337e+01, -7.8530808993679901e+00,
       -3.6453783996842297e+00, 2.8302974063823716e+00,
       -2.9868003519278750e+00, -6.6244841513545305e+00,
       -2.5792355572003571e+00, -5.5322892567932334e+00,
       -2.2303671789509063e+00, 1.0565038054865131e+01,
       6.1700725814105200e+00, 3.0579912944039645e+01,
       -8.9043836442567459e-01, 4.0781644080286389e-01,
       1.8145134217907852e-01, 4.2318066379640018e-01,
       1.4622632718009706e+02, 1.1455539361215672e+01,
       -3.8355856960619199e+01, 1.3303553537498893e+00,
       -4.6464292380997225e+00, 1.3159407739795935e+01,
       -1.4088652464856020e+00, 1.5410561162688130e+00,
       4.4438124832822989e-01, 1.6135516036795343e+02,
       2.4140940829765984e+01, -4.1080604121483923e+01,
       -3.1604011600469395e+01, -1.0232347083176537e+01,
       1.5023097621199796e+01, -1.6270697490944632e+00,
       -4.4854606160641097e+00, -2.6379608141681876e+00,
       -5.7841474409510013e+01, -8.2369429109413673e+01,
       1.6266466735262753e+01, 5.0818167919199141e+01,
       7.7393360903451089e+00, -4.0821422726670846e+00,
       1.9274038803655864e+00, -3.3914109860604053e-01,
       2.1077773434087235e-01, 1.5084729199769255e+01,
       1.5209850366306912e+02, 1.7471955644609988e-01,
       -8.5224389981858394e+01, 1.5444758371800422e+01,
       1.5347659802105529e+01, -6.6711933814108881e-01,
       2.2508464620623947e+00, 1.7782774587804946e+00,
       6.0348349208687630e+01, 3.4993323899886200e+01,
       -1.6226726162802400e+01, -3.5719776188233439e+01,
       -1.0206150042159072e+01, -1.8123708999496628e+01,
       2.0891819248103274e+00, 6.6537140423787189e-01,
       1.2589341928709025e-01, 6.6643656566404786e+01,
       1.8525520492992495e+01, -1.4142619322989351e+01,
       -2.9071852322059786e+00, 1.5251154306011347e+01,
       4.2572270324758374e+00, 6.5751831973814689e-01,
       1.5683481272435500e+00, 3.3541613167681977e-01,
       1.2235471219890258e+02, -1.7334267040077044e+01,
       -3.5422354243651739e+01, 6.6022806757673047e+00,
       -1.1783805007910201e+01, 7.9967988184174175e+00,
       -3.8300818769138112e+00, -2.1373834806545755e+00,
       -1.6556214250095189e+00, -2.0074090980629271e+02,
       6.8317239119678376e+01, 4.8141981053652358e+01,
       -3.3779185898415051e+01, -1.1627620106269561e+01,
       1.8318556656729356e+01, -2.9839099554664879e+00,
       1.1236405290254436e+00, 1.0698504873422436e+00,
       -1.3717217642002834e+02, -8.0847190511057843e+00,
       3.5179605210554264e+01, 1.5745396153900078e+01,
       -8.3365207260685803e-01, 1.1972674295889149e+01,
       -3.4936434333317973e-02, 1.9815644128625747e+00,
       5.9733022441116534e-01, -1.3971635540268690e+02,
       4.3274262711793895e+01, 3.6706881638667141e+01,
       -2.9714387518965701e+01, -5.6037241990015625e+00,
       -1.2903926760143960e+01, 2.3773649799646885e+00,
       1.3638990763104817e+00, 2.3027951184289391e-01,
       -1.9308224917839087e+02, -2.0926296217558669e+01,
       4.4157015125207501e+01, 1.6291624408342699e+01,
       -9.7119134887998744e+00, 2.3606400940922150e+00,
       4.4095085671668044e-01, 9.8721143236473496e-01,
       4.2937262424867795e-01, 1.0425119257909115e+02,
       -4.5415523187404496e+01, -2.9997377293443080e+01,
       3.3312204239176538e+01, -1.4259435291392606e+00,
       1.3445081126130754e+01, -4.4940017704351359e-01,
       1.5281854003581221e+00, 1.3605407021918978e-01,
       -2.7015668326410413e+01, -1.6044548401092371e+01,
       2.7797937297690734e+01, 2.5586258448101638e+01,
       2.5248409625102756e+01, -3.6121602933357919e+00,
       -8.9054140704235163e+00, -6.4677768139074683e+00,
       -5.1130334220532125e+00, 3.5151673152510924e+01,
       -4.8428051852439310e+01, -1.1095663982588725e+01,
       2.7881036262497467e+01, -7.9340308575634033e+00,
       4.3446800580781417e+00, 3.5698086853974870e-01,
       1.0966222813929518e+00, 5.8528844135359726e-01,
       8.2464067893453958e+01, 1.6767561514595904e+01,
       -2.3487960768460734e+01, -3.2146394265666061e+01,
       -2.6203472877680436e+01, -1.9666323794965241e+01,
       9.8071376908817398e-01, -2.4314893263486854e+00,
       2.1311749126654828e-01, -1.4841134111934787e+02,
       -1.0353032850757639e+02, 2.7507647523700321e+01,
       6.6542383249922651e+01, -1.9747393519703071e+01,
       6.7542823156879173e-01, -2.2210429123037612e-01,
       -1.4496396958052740e+00, 1.0284707482526896e+00,
       2.1310603471928612e+01, 4.5257664235016868e+01,
       4.0387007587461525e+00, -3.5106754876549758e+01,
       8.8794265776145895e+00, -1.0087319536520209e+01,
       -3.8455489569896146e+00, -1.2904192212759127e+00,
       -5.0905870015460088e+00, 3.3334131518599996e+01,
       -9.7183627395573296e+01, -9.6937381524679402e+00,
       6.9484016791858366e+01, -4.2333393355864644e+00,
       -1.4648514774493162e+00, 2.0999739208385191e+00,
       -4.0858770666176902e-01, -6.0380086622128806e-02,
       -1.9192687622508501e+02, 9.4784942566694454e+01,
       3.7047748741347185e+01, -5.6471468881635083e+01,
       -2.8552391888594663e+01, 1.1364798581466349e+01,
       -4.2872314925829542e+00, 1.2137121997719593e+00,
       3.4323880878028873e-01 ]
