%YAML:1.0
means: !!opencv-matrix
   rows: 33
   cols: 6
   dt: d
   data: [ -1.6281435018416556e+02, -7.3582740335622702e+01,
       4.8821983206923647e+01, 1.1242329216698787e+01,
       -9.5387015942492379e+00, -1.4718169458314508e+01,
       1.6823425407046810e+02, 1.5162633253604387e+00,
       -4.7128972713516966e+01, 1.8627181484479323e+01,
       -1.2778129678158274e+01, -9.7174912817781447e+00,
       1.3127497878491323e+02, -8.8297838876028266e+01,
       -2.8323947292287759e+01, 4.9431467108096527e+01,
       -2.3801535987344845e+01, -3.1230509820215047e+00,
       -6.9417031150434696e+01, 4.9445185122509550e+01,
       -2.7179211754955940e+01, 5.9935581307378378e+01,
       2.8847938665119067e+01, 2.8586039174712594e+00,
       1.4729379266602351e+02, -3.2112506878189983e+01,
       4.8559819514608897e+01, -2.6971591054301555e+01,
       9.0752985219162348e+00, 6.3207123457143299e-01,
       2.4851039093448648e+01, 3.5326830869124123e+01,
       -1.4783967470935719e+01, -1.1795373344149651e+01,
       -1.3590326679797958e+01, -6.3738671420286064e+00,
       -1.2612212292311033e+02, 1.1536401148082494e+02,
       6.9776377072637228e+00, -5.6628969544787182e+01,
       -1.6009279853407744e+01, -1.4434642215195255e+00,
       -1.8153449421888956e+02, -1.2077149984698245e+02,
       5.4397688856587941e+01, 3.9849639017434832e+01,
       -3.4321364135585142e+01, -1.1927408071440354e+01,
       -8.0248731024225549e+01, 9.0167023070294121e+01,
       -4.6145530678683478e+01, -2.9075701593750040e+01,
       1.4324229334546661e+01, -1.5107100619192060e+00,
       -1.3208675979771465e+02, -2.8166027830414988e+00,
       4.7485299905191091e+01, 5.3319469741167993e+01,
       -1.1186090537722915e+01, 1.7443821207360699e+01,
       3.3129206007698713e+01, -3.9798585280005277e+01,
       1.6933494720734249e+01, 1.7721319778773104e+01,
       3.2022903654024560e+01, -5.7878416556761296e+00,
       -1.6168330410081669e+01, -6.8798625374527973e+01,
       -1.2905272560695543e+01, -1.5600768171029468e+01,
       2.4288648166783190e+01, 6.8643165023085588e+00,
       -1.2634635669081972e+02, -1.3030166105019180e+02,
       2.7320832777267583e+01, -1.9212799372110286e+01,
       -8.6085972704064631e+00, 1.6871044870203974e+01,
       2.1254557622833648e+01, -6.2171457928396293e+01,
       4.0470919908311203e+00, 4.6479881399153165e+01,
       -3.6840457223383119e+01, 2.9244300684872176e+01,
       9.2104052359047955e+01, 1.2178104303999771e+02,
       3.0992721906127144e+01, -7.0347470304799359e+01,
       -1.2527402496215535e+01, 7.9919343675839583e-01,
       7.1091918513858758e+01, -4.5703847002689507e+01,
       -1.9374327749478084e+01, 2.0164583547968068e+01,
       -1.2737590919789390e+01, -2.4033804091752882e+00,
       9.4151552897577844e+01, -3.4197221455808361e+01,
       -2.1811574951950206e+01, 3.4351744844789508e+01,
       -2.9685664048898076e+01, 2.8798317700134831e+01,
       -6.2726465173151524e+01, 6.0062824652453255e+00,
       9.6032231723819692e+01, -1.7678892938129501e+01,
       8.0271318820645043e-01, 3.9275317269193208e+00,
       3.7907823605094016e+01, -1.7936855481104695e+02,
       -3.5368669871639771e+00, -5.6344316111778472e+00,
       1.6284046141254461e+01, 1.8363493641271273e+01,
       -1.7400670649658673e+02, -3.4967131274645347e+01,
       2.7326407975741613e+01, -5.8346440602299857e+01,
       -4.9498418475762840e+00, -5.8145781926182378e+00,
       4.6416267450152269e+01, 1.5697772142531068e+02,
       -1.8428832370350122e+01, -3.0940932127967358e+00,
       -3.2162590039714463e+00, -8.9847365137523862e+00,
       8.1290501300832446e+01, -1.3362123692601058e+01,
       -4.3373324721411080e+01, 1.4974969361860103e+01,
       7.7585022458561488e+00, -6.7531357197165267e+00,
       8.3037695360280125e+01, -2.4527969368161777e+01,
       -4.9547929672578988e+01, -6.2386134514588839e+01,
       -7.4265905537280590e+00, -3.7982627364016563e+00,
       1.6031088576946932e+01, -2.3148146376944979e+02,
       9.3364391934972097e+00, 7.5747870616633378e+01,
       -1.8664713315281092e+00, -2.9424407307766057e+01,
       9.9481905579384446e+01, 8.3736342074549071e+01,
       4.6355001476358090e+01, 4.5200846341875931e+01,
       1.1409587096218521e+01, 6.6914866401812967e-01,
       3.8770383125618821e+01, -9.3574160231737167e+01,
       8.3261742311274354e+00, 6.0808285012121942e+01,
       1.7462003781587850e+01, 1.1877495597815562e+01,
       1.6224608198289519e+02, 6.9636132947741046e+01,
       -4.3526794703935387e+01, -5.4117277149614140e-01,
       -8.2551365258731142e+00, -5.3542756470410326e+00,
       -2.3472704471969553e+02, -1.5900544777493691e+01,
       -1.6796934233535623e+01, 5.9322800795946318e+00,
       3.9051179272272768e-01, 3.5717878920218160e+00,
       3.0714557831980908e+01, 8.9377856560431951e+01,
       3.3448768370775305e+01, -5.2097682773811435e+01,
       1.0003410637170811e+01, -6.4639399873817049e-01,
       -1.7921623247344294e+02, 9.8836170677818785e+01,
       4.4646161858574722e+01, 8.9572938044043617e+00,
       -3.8468437748781019e+00, -6.6140452100020326e+00,
       -4.8950170670278624e+01, 1.9430596008381442e+00,
       1.6474987282886190e+01, -3.0878918023235089e+00,
       2.9703668675437839e+01, 4.4327577502259423e+00,
       -1.9471366762014682e+01, 1.1447718047150124e+02,
       -5.4274275213847737e+01, -5.2315229092665696e+01,
       -7.9701514312488388e+00, 1.1518674442478136e+00,
       1.0358722809622894e+02, -5.5970129659473542e+01,
       -2.2746981508904277e+01, 3.9076103181464418e+01,
       -2.4733624181618733e+01, 1.8000214736507463e+01 ]
