%YAML:1.0
means: !!opencv-matrix
   rows: 23
   cols: 5
   dt: d
   data: [ 8.3783113446328656e+01, 1.6360335420784580e+01,
       -2.2594644523051237e+01, -3.2264079936925555e+01,
       -2.6184066022402739e+01, -1.2473797131156877e+02,
       -3.8169175353823377e+01, -5.9942187652211212e+00,
       6.3834891746908269e+01, 2.6926082966171934e+00,
       1.0147922718836841e+02, 2.0740206274145319e+01,
       2.2377691528246363e+01, -1.2757840155854847e+01,
       1.3783207108130142e+01, 1.0725083172605297e+02,
       5.5627546496586213e+01, -1.9660556907076117e+01,
       7.4526699006628078e+01, -5.8540743905476385e+00,
       -2.6944393783579642e+02, 3.5415586244133216e+01,
       -1.2922426387196005e+01, -6.2501433153152073e+00,
       -7.5115348244017826e+00, 2.8348632306382797e+01,
       -1.5125832192383891e+02, -2.0273917199499849e+01,
       4.7484295510475300e-01, 7.2147688873632658e+00,
       -5.4691732894941332e+00, 3.6572324513457481e+01,
       -6.4315564936954175e+01, -1.0518490947717536e+01,
       1.6479910929522003e+01, -5.5233250262777410e+01,
       -1.5677972288712559e+02, 6.9436092718946412e+01,
       9.9949225169189067e+00, -9.4402182456350139e-02,
       -1.9982030525951461e+02, -1.4887486074028891e+02,
       -1.0791736959273418e+01, 1.1380756984128716e+01,
       -3.8044005168732324e+00, 1.5462461526317318e+02,
       7.9811037770680031e+01, -4.3549871734443656e+01,
       1.8409496501556607e+01, -7.7276517751205560e+00,
       1.3442236171373611e+02, -8.0167908123364100e+01,
       1.7708809056688981e+01, 3.6200176041105308e+01,
       -7.2205208172445641e+00, 7.1859652283189064e+01,
       2.1662322686313001e+01, -3.3194043480757081e+01,
       -2.8720791601870257e+01, -1.9862205214791814e+01,
       -8.4314395238415059e+01, 2.4593796795614718e+01,
       2.6980893642932170e+01, -1.8599563493253878e+01,
       1.5247057756704594e+01, 1.4642234476441965e+02,
       -4.1982963856285544e+01, -4.8215176144043454e+01,
       -4.0351100540572645e+01, -5.6131581047575185e+00,
       -1.4129135770647148e+01, -3.7054376069834781e+01,
       7.6864995466395641e+01, 6.0670077661336755e+01,
       1.2093142900636538e+00, -4.0475926721703113e+00,
       1.0840190735969558e+02, 2.1549011368960742e+00,
       3.2506099053906183e+01, 2.0073810918132562e+01,
       -1.8718856571379976e+02, 8.2878253380792017e+01,
       3.7332693256232808e+01, -5.3273256158428403e+01,
       -2.5988695923937442e+01, 1.8051219554848398e+01,
       -6.0665174441022010e+01, -6.7702307361313970e+01,
       4.1295083479123953e+01, -3.9755236520548616e+00,
       3.5586637141707961e+01, 2.8892417334141182e+01,
       3.9651113227473459e+01, -3.3827177436051826e+01,
       3.5647791274167588e+01, -4.5284965455766883e+00,
       1.8317631318504169e+02, -3.6249975236137999e+00,
       -9.6942972487487765e+01, 2.4816631048236468e+00,
       -5.8046353378531819e+01, -2.7102135614134951e+01,
       -2.7958569057676979e+01, -3.2066941625784587e+01,
       2.0677696481504029e+01, 1.5668266278884320e+02,
       1.1217762683585789e+01, 4.2939250095325932e+01,
       -1.6641281345843023e+01, -5.3368428313878509e+00,
       -1.6249257280440511e+02, 2.9187893832702112e+01,
       6.7869320395575286e+01, -4.7855994767995602e+00,
       -9.5425003386897469e+00 ]
covs: !!opencv-matrix
   rows: 115
   cols: 5
   dt: d
   data: [ 4.0377406104654683e+03, 6.8021052332758117e+01,
       3.0785990486088367e+03, 1.3815428048541568e+02,
       -1.1080103439856597e+02, 6.8021052332758032e+01,
       5.5751692949092412e+03, -4.1083333971618053e+01,
       2.4665735688599757e+03, -4.8059060558673110e+01,
       3.0785990486088367e+03, -4.1083333971618067e+01,
       2.5759890928578543e+03, 3.3072991907275402e+01,
       -8.2288585892035783e+01, 1.3815428048541574e+02,
       2.4665735688599757e+03, 3.3072991907275387e+01,
       1.1709712982682934e+03, -6.3641856902418496e+01,
       -1.1080103439856600e+02, -4.8059060558673110e+01,
       -8.2288585892035812e+01, -6.3641856902418468e+01,
       3.2534886930634904e+01, 5.0160715855211456e+03,
       1.3168319366384591e+01, 8.9554090544451969e+02,
       -5.7353604735600425e+02, 7.0046022586075037e+02,
       1.3168319366384583e+01, 3.9792169675447917e+03,
       1.4890981051849101e+02, 8.6157147406846968e+02,
       1.0985611194690799e+02, 8.9554090544451947e+02,
       1.4890981051849110e+02, 1.3084794996337057e+03,
       -7.6803268955918895e+01, -1.2880952405129281e+02,
       -5.7353604735600425e+02, 8.6157147406846968e+02,
       -7.6803268955918881e+01, 9.6677567717344050e+02,
       -2.4383454544427232e+02, 7.0046022586075048e+02,
       1.0985611194690800e+02, -1.2880952405129281e+02,
       -2.4383454544427232e+02, 2.9445279506486531e+02,
       2.4352838783108814e+03, 2.0329612670600804e+02,
       6.3700361867265497e+02, 1.2401277643489382e+02,
       -1.8754017718851100e+02, 2.0329612670600804e+02,
       8.6395677944487070e+03, -1.4622115667472289e+02,
       -4.7761502154930133e+02, 6.0133160743793454e+01,
       6.3700361867265497e+02, -1.4622115667472292e+02,
       1.2642678162132368e+03, -1.2642163753409052e+02,
       1.4454162607894358e+02, 1.2401277643489382e+02,
       -4.7761502154930133e+02, -1.2642163753409056e+02,
       2.4799692525370451e+03, -1.2552147487707579e+02,
       -1.8754017718851100e+02, 6.0133160743793454e+01,
       1.4454162607894361e+02, -1.2552147487707578e+02,
       1.1140593076849288e+02, 5.7213603545581973e+03,
       1.2140702363827097e+03, 2.1021154573970334e+03,
       -8.0893102661076080e+02, -1.7938607326115545e+02,
       1.2140702363827097e+03, 2.4047405428257257e+03,
       -6.3644895279231707e+02, -1.0866112968154875e+03,
       3.3012670577916055e+01, 2.1021154573970339e+03,
       -6.3644895279231707e+02, 2.3206001507781839e+03,
       2.3242373302039951e+02, -8.3197150324463180e+01,
       -8.0893102661076091e+02, -1.0866112968154873e+03,
       2.3242373302039951e+02, 9.0179471721211371e+02,
       -3.2369742378440880e+00, -1.7938607326115547e+02,
       3.3012670577916055e+01, -8.3197150324463180e+01,
       -3.2369742378440871e+00, 6.4034257935581593e+01,
       2.5349564591725452e+03, 1.5309776076258473e+02,
       3.4799913549818569e+02, 4.5743955200151271e+02,
       2.1033605099655767e+02, 1.5309776076258470e+02,
       7.5796874936662825e+03, 2.2119162048550365e+02,
       8.9584133350840966e+02, -1.6228669316180702e+02,
       3.4799913549818569e+02, 2.2119162048550356e+02,
       3.4612165257153492e+02, -7.0044958531463735e+01,
       -3.6467152070926552e+01, 4.5743955200151260e+02,
       8.9584133350840966e+02, -7.0044958531463720e+01,
       1.9332782765738925e+03, 9.1375624615117658e+01,
       2.1033605099655767e+02, -1.6228669316180705e+02,
       -3.6467152070926559e+01, 9.1375624615117673e+01,
       8.0798445405962852e+01, 7.1090755725375257e+03,
       9.5469605036481164e+02, 1.7682002856625490e+03,
       -7.7134131571028092e+02, -4.0922973622990719e+02,
       9.5469605036481187e+02, 2.6907903714142776e+03,
       2.5766476686857908e+02, -6.0661297715096214e+02,
       2.0523011181050245e+02, 1.7682002856625490e+03,
       2.5766476686857919e+02, 2.4002155101452063e+03,
       2.2862329742116618e+01, 2.8788606536927183e+01,
       -7.7134131571028081e+02, -6.0661297715096214e+02,
       2.2862329742116611e+01, 5.6010929867949676e+02,
       -6.5320490970223233e+01, -4.0922973622990719e+02,
       2.0523011181050242e+02, 2.8788606536927183e+01,
       -6.5320490970223233e+01, 1.9404744555414860e+02,
       2.7737733083261501e+03, -6.8974760882571013e+02,
       -1.2594905113426947e+02, 2.1979517514178855e+02,
       -5.8120697348552108e+02, -6.8974760882571013e+02,
       8.1496186288180661e+03, 4.6578880551940847e+02,
       2.9183453611433308e+01, 2.4213771232604881e+02,
       -1.2594905113426948e+02, 4.6578880551940858e+02,
       7.0596727584072960e+02, -1.1957774058275304e+02,
       1.6408323378665227e+02, 2.1979517514178852e+02,
