%YAML:1.0
means: !!opencv-matrix
   rows: 7
   cols: 13
   dt: d
   data: [ -5.6827904458211563e+01, -1.0231281508575626e+02,
       1.0035438321248824e+01, 6.5456805549013254e+01,
       -7.0169520342086367e+00, -2.2760972950236122e+00,
       1.3322592942812395e+00, -7.5718264077164876e-01,
       3.1172938556200080e-01, -2.0271030893387881e-01,
       3.7326743527688354e-02, -8.3684348065560001e-03,
       1.0061962664823141e-03, -6.1617638568496758e+01,
       8.2864322233897223e+00, 1.4683411552912251e+01,
       -3.0581901080824934e+00, 1.4777620999231760e+00,
       -5.7941147866500682e+00, 2.3123359937629568e+00,
       1.3067266468054366e+00, 5.0170265570165107e-01,
       7.3064241729049809e-02, -1.1789268590967784e-01,
       1.2900254078042746e-02, 3.6293504172344752e-03,
       8.1804938104730184e+01, 1.5386729339704171e+01,
       -2.4082304906256027e+01, -3.2257455609125472e+01,
       -2.6556856506807279e+01, -1.9670090993732689e+01,
       8.7175088179201143e-01, -2.3356282008956821e+00,
       2.0821767144740932e-01, -4.1879710298426104e-02,
       1.0583546980368211e-01, -5.0475038274805989e-03,
       6.7827453773957355e-04, -2.0147158756732065e+02,
       4.8500778361395234e+01, 4.2071687488759103e+01,
       -2.3875982994929533e+01, -1.6753223098161133e+01,
       1.0871456492035620e+01, -2.8245631940095484e+00,
       -3.5722381220194477e-01, -1.7163636729788746e-02,
       1.6154301931159026e-01, 1.8310279079489348e-02,
       -1.9538965959962785e-02, 9.5244773896994202e-04,
       1.3478513145098947e+02, -1.7210376161866829e+01,
       -3.6661460703608938e+01, 1.3474039501635385e+01,
       -4.7563511499462860e+00, 1.1787378289625162e+01,
       -7.7790045471260649e-01, 1.2462108021463689e+00,
       2.5763685112269896e-01, -3.8071123884476296e-02,
       7.4806078162055659e-02, -2.0350339815281133e-02,
       -3.6147736695851746e-03, 3.1167086157994692e+01,
       3.4188164184397024e+01, -8.2357949811113651e-01,
       -2.0822215262766740e+01, 8.3948838835685322e+00,
       4.5231752716218647e+00, -5.0911588179318699e+00,
       -3.3376572367513844e+00, -3.2690489004518626e+00,
       -1.4724198455364646e-02, -1.2213235064218672e-01,
       -9.6009491929920556e-03, -3.0011292143717248e-02,
       4.0338511938360462e+01, 3.2093741869516235e+00,
       -4.1330585857956335e+00, -5.1812044346812591e-01,
       1.7102008444539837e+01, -1.9272256807310936e-01,
       7.0161076358046470e-01, 6.6380917385291904e-01,
       3.4601122715433552e-01, -7.1151859160432755e-03,
       2.6938885799066187e-02, 1.6709373697736295e-02,
       7.5146057809352459e-03 ]
covs: !!opencv-matrix
   rows: 91
   cols: 13
   dt: d
   data: [ 1.0154700633512262e+04, 4.3847757303920275e+02,
       1.9661928189723503e+03, 3.2331780514991408e+02,
       3.8897209693800107e+02, -2.8765903259919149e+01,
       6.7814531285750874e+01, 8.2737352157608495e+00,
       -2.1355014986101445e+01, 9.5038215571098252e+00,
       -2.0472023711976006e+00, -7.1877752779276671e-01,
       2.2349310540622080e-01, 4.3847757303920287e+02,
       6.2457183498825152e+03, -7.9520534763979072e+01,
       2.1693116648752680e+03, -5.6187316972166450e+01,
       -3.2435311510430985e+01, 8.5120460514558673e+01,
       -2.2524516126621936e+01, -1.0152269776707136e+01,
       -4.2387685799497549e-01, 1.2399126303276076e+00,
       1.1522772443598797e-01, 6.0390151364401283e-02,
       1.9661928189723503e+03, -7.9520534763979043e+01,
       2.7600568297561686e+03, -6.5995552666987990e+01,
       -1.7404540143962851e+02, 3.5482302007895655e+01,
       -1.0929943538085606e+01, 8.0543691213055997e+00,
       4.0223641389143410e+00, 2.8984272373022173e+00,
       4.8548952978653087e-01, -3.4266286046718683e-03,
       -6.7868275044102436e-02, 3.2331780514991414e+02,
       2.1693116648752675e+03, -6.5995552666988019e+01,
       1.2036473389104872e+03, -7.8027349226493911e+01,
       -1.2108855624717950e+02, -4.0696068677730189e+01,
       7.8558056254509934e+00, 7.7883950188291342e+00,
       -2.7866702032663176e-01, -3.3964075109524611e-01,
       -9.5581733400403171e-02, -1.6659283754490939e-02,
       3.8897209693800107e+02, -5.6187316972166435e+01,
       -1.7404540143962851e+02, -7.8027349226493911e+01,
       1.3573459225381177e+02, -1.8670076606750055e+01,
       9.1232311563484370e+00, 3.2201770953495337e+00,
       -3.6713800114944330e+00, 1.0145965502051795e+00,
       -3.3315764644627949e-01, -1.8137511908528890e-02,
       2.5191094541785305e-02, -2.8765903259919146e+01,
       -3.2435311510430985e+01, 3.5482302007895655e+01,
       -1.2108855624717947e+02, -1.8670076606750058e+01,
       4.8279925927198498e+01, 2.0667550222317786e+01,
       -8.2117764177825823e+00, -1.9819690002513697e+00,
       -4.9135895421582226e-01, 2.4106802502646871e-01,
       5.7852674129973559e-02, 5.7169664733794333e-03,
       6.7814531285750888e+01, 8.5120460514558673e+01,
       -1.0929943538085604e+01, -4.0696068677730175e+01,
       9.1232311563484370e+00, 2.0667550222317786e+01,
       2.0414140781978485e+01, -1.4558522309806077e+00,
       -3.0614087451853500e+00, 5.7518576600489602e-01,
       9.0487202330185923e-02, 3.0975614378267406e-02,
       -2.8452253886091135e-02, 8.2737352157608495e+00,
       -2.2524516126621947e+01, 8.0543691213055961e+00,
       7.8558056254509934e+00, 3.2201770953495341e+00,
       -8.2117764177825823e+00, -1.4558522309806077e+00,
       1.4359243611840421e+01, -2.8288240871663342e+00,
       6.4537034865466825e-01, -4.6933660720749570e-04,
       -2.9608504631192301e-02, -1.2695775731319211e-02,
       -2.1355014986101445e+01, -1.0152269776707133e+01,
       4.0223641389143427e+00, 7.7883950188291324e+00,
       -3.6713800114944330e+00, -1.9819690002513703e+00,
       -3.0614087451853500e+00, -2.8288240871663342e+00,
       1.8173548430243780e+00, -2.5373226373299557e-01,
       -3.5262921590490735e-02, 3.4456592482374685e-04,
       -1.9706542137129676e-02, 9.5038215571098252e+00,
       -4.2387685799497504e-01, 2.8984272373022173e+00,
       -2.7866702032663160e-01, 1.0145965502051797e+00,
       -4.9135895421582226e-01, 5.7518576600489613e-01,
       6.4537034865466825e-01, -2.5373226373299557e-01,
       3.8880459171170462e-01, -1.7711606474885573e-02,
       4.2907029618152520e-03, 2.3919395601952717e-03,
       -2.0472023711976006e+00, 1.2399126303276080e+00,
       4.8548952978653076e-01, -3.3964075109524611e-01,
       -3.3315764644627949e-01, 2.4106802502646874e-01,
       9.0487202330185951e-02, -4.6933660720749755e-04,
       -3.5262921590490728e-02, -1.7711606474885573e-02,
       7.1190078270381750e-03, -4.1871411900768298e-04,
       4.7272386625083211e-04, -7.1877752779276671e-01,
       1.1522772443598793e-01, -3.4266286046718696e-03,
       -9.5581733400403171e-02, -1.8137511908528890e-02,
       5.7852674129973559e-02, 3.0975614378267406e-02,
       -2.9608504631192301e-02, 3.4456592482374679e-04,
       4.2907029618152520e-03, -4.1871411900768293e-04,
       1.8109197284441841e-03, 1.8899134211962046e-04,
       2.2349310540622078e-01, 6.0390151364401366e-02,
       -6.7868275044102408e-02, -1.6659283754490949e-02,
       2.5191094541785305e-02, 5.7169664733794324e-03,
       -2.8452253886091138e-02, -1.2695775731319215e-02,
       -1.9706542137129673e-02, 2.3919395601952717e-03,
       4.7272386625083200e-04, 1.8899134211962043e-04,
       2.2458465138191059e-03, 1.2443859543750754e+04,
       2.0727413185845699e+03, 1.0910575354076793e+03,
       -7.6227659970727859e+02, -9.5179044666659252e+00,
       3.6148076240653308e+00, 3.3080807359287419e+01,
       1.5342500903088833e+01, 2.3581516189703386e+01,
       1.6743652309887381e+01, -4.2966147624407176e+00,
       1.0149112800634228e+00, 9.6357020046838493e-02,
       2.0727413185845694e+03, 1.0649153324308867e+04,
       -4.6820861891610065e+02, -2.3108385497996471e+02,
       2.7634638016742821e+02, 2.9086732886506020e+01,
       2.2554808120100738e+01, 4.4912182212897607e+00,
