%YAML:1.0
means: !!opencv-matrix
   rows: 22
   cols: 2
   dt: d
   data: [ -3.9052947203185397e+01, -4.5583482586811943e+00,
       1.6278310905394420e+02, -1.0132695692884572e+02,
       -6.3567370379392116e+00, 7.5491747985625594e+01,
       -1.5837446742653384e+02, 1.7595692489313297e+01,
       -2.8215351786337216e+01, -1.2930438318786392e+02,
       9.1426734190120243e+01, 7.3963990325034004e+01,
       -1.0648321730509295e+02, -7.6814759016759822e+01,
       1.9992028279543695e+02, 6.9813192515825321e+01,
       -2.2813097218444406e+02, -7.6052992813344162e+01,
       -6.2021036483236706e+01, 1.7373608558942954e+02,
       -1.7208133298374645e+02, 1.2415071441407687e+02,
       1.3071830197123998e+02, -1.1097128303466123e+01,
       3.2138893340687609e+01, 1.7496903200977178e+02,
       1.2064704283173612e+02, 1.4609734309396225e+02,
       5.0366263181700965e+01, -7.2819224100075559e+01,
       -8.7496972987134100e+01, 6.8402033242691232e+01,
       -1.0256152178623974e+00, -2.7118669331511836e+02,
       7.3395414139118856e+01, -1.4770966295612860e+02,
       2.2582564668265530e+02, -1.8518426086095079e+01,
       -2.6717956930116486e+02, 3.3748857813595023e+01,
       4.7878718071825091e+01, 9.8609717622878108e+00,
       -1.5193068029361621e+02, -1.5123187962391069e+02 ]
covs: !!opencv-matrix
   rows: 44
   cols: 2
   dt: d
   data: [ 2.4548424475705333e+03, -2.3925510531236202e+02,
       -2.3925510531236202e+02, 2.2287037715848537e+03,
       2.6538635852807711e+03, -3.2704843510283001e+02,
       -3.2704843510283001e+02, 2.3670506460275169e+03,
       1.6120583786392058e+03, -1.6266566486248885e+02,
       -1.6266566486248891e+02, 2.3498906841814833e+03,
       2.6767836876165297e+03, -2.0179319742333450e+02,
       -2.0179319742333450e+02, 2.4513599199036680e+03,
       3.1991650487408642e+03, 8.8211641043305974e+02,
       8.8211641043305985e+02, 3.0243071120119835e+03,
       1.8895323932893002e+03, -3.2446834505801905e+02,
       -3.2446834505801905e+02, 2.3568920058799267e+03,
       2.1176940647288043e+03, 2.5223547559487457e+02,
       2.5223547559487452e+02, 2.3992068552490678e+03,
       3.6523196757830751e+03, 3.0683965667048608e+02,
       3.0683965667048619e+02, 3.3852981747540825e+03,
       2.6669963014196242e+03, 5.7727824875219517e+02,
       5.7727824875219517e+02, 4.8653718414737596e+03,
       2.5825968259846359e+03, -3.4084515356177019e+02,
       -3.4084515356177008e+02, 3.5044417788835563e+03,
       2.4782131479043396e+03, -4.0606400523905768e+02,
       -4.0606400523905768e+02, 4.5403405923082291e+03,
       2.1478612837191181e+03, 1.7142919087677019e+01,
       1.7142919087677033e+01, 2.3703590507820018e+03,
       2.5603584901657346e+03, 4.2378900026555249e+02,
       4.2378900026555249e+02, 3.4928809448113825e+03,
       2.8832253322227230e+03, 6.7471460989914840e+02,
       6.7471460989914840e+02, 2.9467872680323007e+03,
       2.8874257283047787e+03, -2.2232406783420788e+02,
       -2.2232406783420794e+02, 1.8347816973378892e+03,
       1.3290953047076605e+03, -8.8091561529122004e+01,
       -8.8091561529122032e+01, 3.1930302623178886e+03,
       6.9433371214451490e+03, -9.5709141892090611e+02,
       -9.5709141892090634e+02, 3.4951253904799082e+03,
       2.6632696706226020e+03, -8.7785080369735411e+01,
       -8.7785080369735439e+01, 2.4569281205908555e+03,
       2.8341406055991038e+03, -1.1217096744560988e+03,
       -1.1217096744560990e+03, 3.6784374628203464e+03,
       2.4322867489402465e+03, 1.3289518133399261e+02,
       1.3289518133399253e+02, 6.3029566510949971e+03,
       1.8399654759993612e+03, -5.2687061087561368e+01,
       -5.2687061087561368e+01, 1.6923020277845662e+03,
       5.0739820830092212e+03, 1.2958874625736084e+03,
       1.2958874625736087e+03, 3.9601324181231012e+03 ]
weights: !!opencv-matrix
   rows: 1
   cols: 22
   dt: d
   data: [ 7.0337415325188044e-02, 4.4434450020053515e-02,
       5.8486503293683913e-02, 4.7510611920229442e-02,
       5.6282864774087726e-02, 6.1952199507937615e-02,
       5.0237800840973984e-02, 3.9131109665725326e-02,
       4.1981333497142038e-02, 4.0324821667135032e-02,
       3.4083464805812695e-02, 6.4931215638287021e-02,
       3.7425652642342454e-02, 2.9184811376811393e-02,
       6.6218462726298666e-02, 4.9693704684928404e-02,
       1.4478919909319396e-02, 4.7870131041348671e-02,
       3.0057552035620105e-02, 2.7862021503472112e-02,
       6.5352118509797344e-02, 2.2162834613791156e-02 ]
pca_proj: !!opencv-matrix
   rows: 2
   cols: 21
   dt: f
   data: [ 1.02604255e-02, 8.46533298e-01, 5.67100069e-05,
       -5.08859605e-02, 4.68450844e-01, 1.89823491e-04, -5.55210514e-03,
       1.46431834e-01, -1.98076777e-05, -7.31809530e-03, 1.34976640e-01,
       -4.80776835e-05, -6.69380091e-03, 1.46460637e-01, -1.57161594e-05,
       2.11501210e-05, 1.32904761e-05, -3.16381829e-07, -1.62182951e-05,
       4.47223283e-04, 4.04881848e-06, 8.19958210e-01, 1.87153444e-02,
       -7.93817599e-05, 4.28530097e-01, 8.29724409e-03, 8.75842488e-06,
       2.28233948e-01, -2.37727305e-03, -1.84168690e-04, 2.08515689e-01,
       -1.20344283e-02, -2.14158339e-04, 2.18838796e-01, -7.27251405e-04,
       -1.84816250e-04, -3.05604735e-05, -5.04301033e-06,
       -1.27042276e-05, 6.79167337e-04, 1.30049409e-06, -1.63660501e-04 ]
pca_mean: !!opencv-matrix
   rows: 1
   cols: 21
   dt: f
   data: [ 4.33646118e+02, 2.44701981e+02, 1.49672687e+00,
       4.18191803e+02, 2.60206879e+02, 1.62062907e+00, 3.68545319e+02,
       2.27059875e+02, 1.69770968e+00, 3.19420807e+02, 1.63929108e+02,
       1.75046074e+00, 3.16613464e+02, 2.25532654e+02, 1.70717156e+00,
       1.08872897e-04, -9.74175637e-05, 6.24380555e-05, -2.17504916e-04,
       -2.50119597e-01, 1.75055194e+00 ]
gamma: !!opencv-matrix
   rows: 22
   cols: 1
   dt: d
   data: [ 8.1798657897417681e-01, 8.5659051414629539e-01,
       8.1553877186088908e-01, 8.5080657735968190e-01,
       8.4426170086893593e-01, 8.3605761681339286e-01,
       8.3425525321252725e-01, 8.7586361889998177e-01,
       8.8691128780288497e-01, 8.6359857591655120e-01,
       8.7830612043376999e-01, 8.3934313802791882e-01,
       8.5776983226104109e-01, 8.5428823818007271e-01,
       8.2285302608824806e-01, 8.3030769398843174e-01,
       9.0638966670287957e-01, 8.5342621337236602e-01,
       8.8067317185620775e-01, 9.0213107506074386e-01,
       8.0216732636515020e-01, 8.7622512403229091e-01 ]
