%YAML:1.0
means: !!opencv-matrix
   rows: 5
   cols: 14
   dt: d
   data: [ 1.0154195058811604e+02, -1.3553020527128737e+01,
       -2.7284813588117071e+01, 4.7861426513723755e+00,
       -9.7697780301062860e+00, 5.6768190565601573e-01,
       1.4091629796791078e-01, 2.4022736017472492e-03,
       2.1984134438367800e-01, -5.0492554426780890e-02,
       5.4365493812690194e-02, -1.0752590326156041e-03,
       1.8855673847105834e-03, -4.2561069998344776e-04,
       -1.9266484000866367e+02, 3.6323024490361462e+01,
       3.9966423924041351e+01, -1.7606675820452768e+01,
       -1.4210275205629975e+01, 9.0104417325870738e+00,
       -1.8250676249988640e+00, 2.7408737902176639e-01,
       6.0524014034678338e-02, 9.2309979572473166e-02,
       -2.8160556761735865e-02, -1.2690820598457355e-02,
       1.7998988967469188e-03, 1.7596203042962455e-03,
       3.6871304389964450e+01, 5.2080509313460581e+01,
       -1.2660651773281023e+01, -2.6556344324493587e+01,
       1.3069609404581510e+00, -5.8906819605950433e-01,
       1.0591797909860243e+00, 1.8388739778388199e+00,
       9.9664109484593255e-01, 2.1990466795855895e-01,
       -1.6009981392426414e-01, 1.9931563935025348e-02,
       5.7470608791397614e-04, 4.2515941803894812e-03,
       5.3151825906030091e+01, 1.0673049371283803e+01,
       -6.2263841258091412e+00, -1.1164484481106255e+01,
       6.8584288268859419e+00, 1.6567588968284157e+00,
       -5.4735917906294462e+00, -3.9020475623084865e+00,
       -4.2044549946028127e+00, -2.0868126242334434e-01,
       -1.2282191274920337e-01, -6.5574004688004695e-03,
       -3.3376419019451070e-02, -5.3675750338121149e-03,
       -4.2723123977125525e+01, -2.1844624549461471e+01,
       1.6167032113341971e+01, 1.4310396916961832e+01,
       1.5422216940843304e+01, -5.0944329560242716e+00,
       1.6100773958520136e+00, 1.4807924588939328e-01,
       3.6136442522735868e-01, -1.1778205862273291e-02,
       3.3901383026854442e-02, 2.2406729683605176e-03,
       4.4683331585300117e-03, -5.0647543443652012e-04 ]
covs: !!opencv-matrix
   rows: 70
   cols: 14
   dt: d
   data: [ 5.9577445433856828e+03, 1.0074100739938065e+03,
       2.5840829791332494e+03, -2.9249768427155209e+02,
       -5.7075152085064737e+01, 2.4518466053960228e+02,
       -8.6541609753009482e+01, 4.3411564002086124e+01,
       2.3756695006701360e+01, 2.2111756636044815e+00,
       -1.5033461047409107e+00, -2.6405222871583423e-01,
       -2.5233554046839128e-02, -9.7170382373935577e-02,
       1.0074100739938062e+03, 7.7807249368990770e+03,
       -3.2740102333803196e+02, 8.8249381836447367e+02,
       -2.5813823719990376e+02, -2.2934365833997521e+02,
       2.3229929002142576e+01, -3.3672846734240444e+01,
       3.1607456064583879e+00, -4.3952785277449085e+00,
       1.8623762338330765e+00, 6.2750910346253386e-01,
       9.1521611496418482e-03, 8.4628823125834168e-02,
       2.5840829791332494e+03, -3.2740102333803196e+02,
       2.6486198025491517e+03, 1.4832659004447726e+02,
       -1.1148432355254549e+02, -2.7059365274839518e+01,
       2.9929302675375723e+01, -7.2548969192123112e+00,
       -1.4840037480185758e-01, 3.4798659255246953e+00,
       -7.2548186983331819e-02, -1.9443845209738231e-01,
       1.2996772577274607e-01, 5.9632507239236313e-02,
       -2.9249768427155215e+02, 8.8249381836447367e+02,
       1.4832659004447726e+02, 2.3436450214776701e+03,
       1.9511711550918548e+02, 1.3367045470291779e+02,
       -4.4895130045361036e+00, 4.1052658800314433e+01,
       -2.9767983297466984e+00, -3.5925309369515026e+00,
       -7.2690895064922678e-01, -1.9610237426174859e-01,
       -3.7309563702395201e-02, -1.5654410903748617e-01,
       -5.7075152085064737e+01, -2.5813823719990376e+02,
       -1.1148432355254549e+02, 1.9511711550918545e+02,
       1.5801022882608638e+02, 1.4787245046411672e+02,
       -7.9472750366712823e+00, 7.6212856021918309e+00,
       1.9204942472557684e+00, -7.6498421989311360e-01,
       -2.9038628758977469e-01, 2.1618888472141259e-02,
       1.9060236010038596e-02, 1.6459076383443610e-02,
       2.4518466053960228e+02, -2.2934365833997521e+02,
       -2.7059365274839539e+01, 1.3367045470291779e+02,
       1.4787245046411672e+02, 2.4777948306605137e+02,
       7.1297358309753252e+00, 1.1304982672043701e+01,
       -1.3450232168795409e+00, -8.2951990425064015e-02,
       3.0209604022051095e-02, -1.9456793364284658e-04,
       7.3390328251205835e-03, -1.3772392808498447e-02,
       -8.6541609753009482e+01, 2.3229929002142580e+01,
       2.9929302675375730e+01, -4.4895130045361009e+00,
       -7.9472750366712805e+00, 7.1297358309753269e+00,
       2.3200974178565758e+01, -3.9010000263443931e+00,
       -2.7573893878701341e+00, 1.4869329771608003e-01,
       4.0944952085038878e-02, 4.5818220882478583e-02,
       -2.6733380761487128e-02, 6.8451381139590008e-03,
       4.3411564002086109e+01, -3.3672846734240444e+01,
       -7.2548969192123129e+00, 4.1052658800314433e+01,
       7.6212856021918309e+00, 1.1304982672043700e+01,
       -3.9010000263443931e+00, 1.6361271498635105e+01,
       -2.4675591591345647e+00, 5.6799482638272714e-01,
       -4.0819308041224467e-02, -1.5877541654265432e-02,
       -1.8106128497985055e-02, -4.0356161971864517e-03,
       2.3756695006701353e+01, 3.1607456064583883e+00,
       -1.4840037480185767e-01, -2.9767983297466984e+00,
       1.9204942472557684e+00, -1.3450232168795406e+00,
       -2.7573893878701341e+00, -2.4675591591345647e+00,
       1.6223180576890250e+00, -1.2578940805174887e-01,
       -3.8949417091140678e-02, 2.9783285757737088e-03,
       -1.5976933347414103e-02, -3.5951703896704209e-03,
       2.2111756636044815e+00, -4.3952785277449111e+00,
       3.4798659255246953e+00, -3.5925309369515026e+00,
       -7.6498421989311371e-01, -8.2951990425064015e-02,
       1.4869329771608003e-01, 5.6799482638272725e-01,
       -1.2578940805174885e-01, 3.0839887573567232e-01,
       1.5628774503123791e-02, 1.0611393980980218e-03,
       1.5521324984904142e-03, -1.1401726897441105e-02,
       -1.5033461047409107e+00, 1.8623762338330767e+00,
       -7.2548186983331792e-02, -7.2690895064922678e-01,
       -2.9038628758977469e-01, 3.0209604022051070e-02,
       4.0944952085038878e-02, -4.0819308041224467e-02,
       -3.8949417091140678e-02, 1.5628774503123791e-02,
       1.7466546279038448e-02, -2.2615670113435822e-03,
       3.7686780968029197e-04, -6.2496579653852991e-04,
       -2.6405222871583434e-01, 6.2750910346253386e-01,
       -1.9443845209738225e-01, -1.9610237426174854e-01,
       2.1618888472141259e-02, -1.9456793364285035e-04,
       4.5818220882478583e-02, -1.5877541654265432e-02,
       2.9783285757737084e-03, 1.0611393980980218e-03,
       -2.2615670113435822e-03, 2.1345748940227263e-03,
       4.1890658176241414e-05, -3.2232268026912819e-04,
       -2.5233554046839163e-02, 9.1521611496418621e-03,
       1.2996772577274610e-01, -3.7309563702395229e-02,
       1.9060236010038596e-02, 7.3390328251205861e-03,
       -2.6733380761487124e-02, -1.8106128497985055e-02,
       -1.5976933347414110e-02, 1.5521324984904138e-03,
       3.7686780968029197e-04, 4.1890658176241448e-05,
       2.3636748258799530e-03, 6.9063534519147878e-07,
       -9.7170382373935632e-02, 8.4628823125834224e-02,
       5.9632507239236361e-02, -1.5654410903748617e-01,
       1.6459076383443603e-02, -1.3772392808498455e-02,
       6.8451381139590034e-03, -4.0356161971864517e-03,
       -3.5951703896704209e-03, -1.1401726897441105e-02,
       -6.2496579653853013e-04, -3.2232268026912819e-04,
       6.9063534519146407e-07, 2.0154944697661258e-03,
       5.6993698140384577e+03, 2.6687865736999686e+02,
       3.0550288961922056e+03, 1.2383384529125041e+02,
       -3.9778540296562142e+00, -9.9190238046629062e+01,
       6.7501684444128756e+01, -4.1141862657069026e+01,
       -1.7227749038256789e+01, 6.8119765535354366e+00,
       -1.3832027101359434e+00, 3.8526961243300079e-01,
       -9.2956680706784995e-03, 1.7381080519621558e-01,
