%YAML:1.0
means: !!opencv-matrix
   rows: 22
   cols: 1
   dt: d
   data: [ -6.3534398629563036e+01, 1.2588727854034003e+02,
       -1.9347231020108092e+02, 3.3809274294841380e+01,
       2.1773003119816443e+02, -9.1800412620414491e+01,
       -3.2858923359244966e+02, 1.0057054572159369e+02,
       -1.1753483994145943e+01, -1.5707429413552777e+02,
       1.8538033525026569e+02, 1.1472797360898127e+01,
       2.9280749135565804e+02, -2.9647294925007577e+02,
       7.6574088893685285e+01, 2.5466551055807574e+02,
       -3.7048434086903278e+01, -1.2304939386918626e+02,
       -2.6510248010869560e+02, 1.5540023863822327e+02,
       -2.2890406540690157e+02, 5.4754323747129824e+01 ]
covs: !!opencv-matrix
   rows: 22
   cols: 1
   dt: d
   data: [ 1.7366364055142986e+02, 1.6279769029151339e+02,
       2.7272087427145811e+02, 1.0809103440998403e+02,
       3.7673994805794962e+02, 1.9008206168649104e+02,
       8.6955867224392819e+02, 1.3524792577036985e+02,
       1.4166129762909424e+02, 2.6965844276681884e+02,
       2.6785210783805098e+02, 1.1615220905008924e+02,
       1.0329538197286877e+03, 5.1171071192274388e+02,
       1.2139631199719182e+02, 6.0356107685333257e+02,
       1.5706286198712954e+02, 2.4011656299282654e+02,
       2.9468139318215390e+02, 2.1184312019367115e+02,
       2.4770178830682076e+02, 1.0842743416846515e+02 ]
weights: !!opencv-matrix
   rows: 1
   cols: 22
   dt: d
   data: [ 6.5320847077292077e-02, 6.0535831608244529e-02,
       4.0620485222359726e-02, 6.0145099797216467e-02,
       2.7841427035882372e-02, 6.7349213137650576e-02,
       6.7413795091098069e-03, 6.5153731218302910e-02,
       6.4924749297182796e-02, 4.6540769727866804e-02,
       3.8796627937181437e-02, 6.4982847878346253e-02,
       1.0125709579033162e-02, 1.2279840788324607e-02,
       6.4103429904455111e-02, 1.7538289576272865e-02,
       6.5444330933308190e-02, 5.9372434259127839e-02,
       1.9570326437024253e-02, 5.2058041320083917e-02,
       3.0162390501944143e-02, 6.0392197253772241e-02 ]
pca_proj: !!opencv-matrix
   rows: 1
   cols: 21
   dt: f
   data: [ 1.02604255e-02, 8.46533298e-01, 5.67100069e-05,
       -5.08859605e-02, 4.68450844e-01, 1.89823491e-04, -5.55210514e-03,
       1.46431834e-01, -1.98076777e-05, -7.31809530e-03, 1.34976640e-01,
       -4.80776835e-05, -6.69380091e-03, 1.46460637e-01, -1.57161594e-05,
       2.11501210e-05, 1.32904761e-05, -3.16381829e-07, -1.62182951e-05,
       4.47223283e-04, 4.04881848e-06 ]
pca_mean: !!opencv-matrix
   rows: 1
   cols: 21
   dt: f
   data: [ 4.33646118e+02, 2.44701981e+02, 1.49672687e+00,
       4.18191803e+02, 2.60206879e+02, 1.62062907e+00, 3.68545319e+02,
       2.27059875e+02, 1.69770968e+00, 3.19420807e+02, 1.63929108e+02,
       1.75046074e+00, 3.16613464e+02, 2.25532654e+02, 1.70717156e+00,
       1.08872897e-04, -9.74175637e-05, 6.24380555e-05, -2.17504916e-04,
       -2.50119597e-01, 1.75055194e+00 ]
gamma: !!opencv-matrix
   rows: 22
   cols: 1
   dt: d
   data: [ 7.8668236722727580e-01, 8.2409964380276013e-01,
       8.6044210965455925e-01, 7.7150086994647626e-01,
       8.7219130847927562e-01, 8.0351250688742282e-01,
       9.0831148997714539e-01, 8.0818452043791411e-01,
       7.6686424568425271e-01, 8.4282933567607254e-01,
       8.5718266341121407e-01, 7.6612645753632169e-01,
       9.0140193570926908e-01, 8.9824619682253004e-01,
       7.9323743764240562e-01, 8.8733614991694831e-01,
       7.7384753157911357e-01, 8.2338953950928473e-01,
       8.8751638868713201e-01, 8.4153020076447449e-01,
       8.7463784600830508e-01, 7.8073432563311440e-01 ]
