%YAML:1.0
means: !!opencv-matrix
   rows: 31
   cols: 8
   dt: d
   data: [ -4.1423000248716143e+01, -7.9246840784487958e+01,
       2.1635153745386116e+01, 2.8021775273692530e+01,
       2.4906686254768033e+01, 1.4295016122528084e+01,
       2.0663863346760198e+00, -1.6607572303719394e-02,
       7.4037477364598470e+00, 5.7147070400692847e+01,
       3.1776297638087126e+01, 5.8041415123020585e+01,
       3.8012338284987997e+01, -3.5129924396071571e-01,
       9.7780915751685971e-01, -7.1702198080976420e-01,
       1.0712513101923008e+01, -7.8570845416013853e+01,
       4.2561287663362659e+00, 2.3278715829912798e+01,
       -8.0643723355983319e+00, -1.3095045908971558e+01,
       -1.4310319185274121e+00, -1.2210562307302783e-03,
       -1.3908950626916831e+02, -6.1957202005755001e+01,
       3.9562696939194566e+01, 2.9282983688224256e+01,
       -1.7927562409657483e+01, 1.7518079096549460e+01,
       -7.1961022355012683e-01, 1.0223072106909239e+00,
       1.0787682509195371e+02, -7.7847416680512197e+01,
       -1.2526081975446361e+01, 5.2932662058782306e+01,
       -3.2929084235416239e-01, 2.0633107606111249e+01,
       2.3755725232446339e+00, 1.7622081843169027e-01,
       -3.2730307741473084e+01, 9.6164738624624789e+01,
       9.6794759433166586e+00, -3.6745034585868233e+01,
       1.4745418073731917e+01, 1.4556523803596086e+00,
       -4.5564166778633828e+00, 5.8827046433759955e-01,
       7.2692133709726662e+01, -1.0368486611287365e+02,
       -3.8899103784769906e+01, -3.5106070175938171e+01,
       1.5641098948914738e+01, -3.7116527851345467e+00,
       6.9075064707020115e-02, -1.0358774230859495e+00,
       1.8643380467044302e+01, 2.3628214654305140e+01,
       2.2994520896567718e+00, -2.1583382752939286e+01,
       2.5745248611773551e+01, -9.8853525445357260e+00,
       -3.8578535173355886e+00, -1.0050597905937897e+00,
       6.7492232264048919e+00, 9.2226021904304986e+01,
       -9.7839636496043259e+00, -4.2706195236400042e+01,
       1.2804321703491080e+01, -3.5392172078835360e+00,
       1.5632756748360765e+00, 1.4476965575761613e-01,
       6.4988083743212570e+01, 6.0233846534822364e+00,
       -2.6829339267303144e+01, -2.2479087040088594e+00,
       -1.1599848505988200e+01, -7.7576146823893399e+00,
       -1.7216138412261059e+00, -2.1669782158635158e+00,
       -7.5850975728788683e+01, 3.4929053614737285e+01,
       -6.4714385014310707e+01, 1.6531744526364776e+00,
       1.0373811448948167e+01, 1.6520957452754699e+00,
       5.7611090613964167e-01, -3.6601838462801733e-01,
       -1.7047598063223438e+02, -1.5458089179805796e+02,
       5.3147650455000331e+01, 5.1287139966720936e+01,
       -4.0568823219294146e+01, -1.8717691187934484e+01,
       -5.3885922236609183e+00, -1.8939182242247834e+00,
       -2.0281622973835422e+02, 3.9424008576139890e+01,
       3.3032843738762814e+01, -3.9497030651668545e+01,
       -1.1913975971488542e+01, -1.3648806360007015e+01,
       -1.6012541101961513e+00, 1.0324089721127963e+00,
       1.1309371524874300e+02, -5.1111461534030433e+01,
       -2.8203340316594463e+01, 4.2848909704562168e+01,
       -2.5227017435158700e+01, 9.1292811119799318e+00,
       5.5761113508687621e-01, -4.5872883413200938e-01,
       9.8675555899079228e+01, -4.6666157711945665e+01,
       -2.1955122071161213e+01, 3.6452578684611559e+01,
       -2.7586324673179803e+01, 2.3969015366754380e+01,
       1.1986359329239786e+00, 1.3491980993765780e+00,
       1.0646272359574608e+02, 4.9261551836270918e+01,
       -3.8974467320849321e+01, -6.5701745661352984e+00,
       -7.0775083996617205e+00, -3.4736332100554166e+00,
       -2.5568203415381091e-01, 3.1700824291903618e-01,
       8.4824917047045574e+01, 1.2587789946635779e+02,
       1.2498601167083942e+01, -6.2656506551225085e+01,
       -1.0806705042811110e+01, 1.1683640694151050e+00,
       2.0404392837204739e+00, -6.3879726281057758e-01,
       7.1413826698862826e+00, -2.0150360761354614e+02,
       1.5948920379175508e+01, 7.1310877225203868e+01,
       1.3070100988255344e+01, -2.9076117214108990e+01,
       -1.5147974935653183e+00, -3.1859782362394204e+00,
       6.5800980006547547e+01, 2.8386870883653462e+01,
       -2.1648867594322908e+01, 2.8169787538067343e+01,
       1.7154182421225876e+01, -1.0601576682798706e+01,
       4.5024268758141994e-01, -9.7426843494742954e-01,
       2.5109228470236335e+01, -2.5288502117738098e+01,
       8.3424133093119828e+00, 1.1953309591771934e+01,
       7.7995964941922926e+00, 1.6760411245204057e+01,
       2.2997016592959465e+00, -5.0902457191389683e-01,
       9.9697091133913020e+01, 3.2575401891055961e+01,
       -3.1480984914968268e+01, -1.2147018124391785e+01,
       -1.0643808304886019e+01, -1.5928896877021492e+01,
       -5.7318437985374668e+00, 2.6815702179584511e+00,
       1.8983979520242980e+02, 1.5960182865268262e+01,
       -4.9538011616404376e+01, 1.2818394700612220e+01,
       -9.8754051908907687e+00, -6.8060804091318863e+00,
       1.1570676620806244e+00, -4.9393856750043669e-01,
       -1.6042620442860351e+02, 1.3215830944212030e+02,
       4.4911079452644039e+01, 1.2753755238106882e+01,
       2.0786808778840351e+00, -1.5309122753665070e+00,
       1.5059111017749183e-01, 6.9366875370911130e-01,
       -1.9824748031173354e+02, -4.5196969186294289e+01,
       4.8272854530935476e+01, 7.4479229267726255e-01,
       -1.2957135683701933e+01, -1.2704646117588463e+00,
       -9.5314003347719578e-01, 7.7124935878989076e-01,
       -1.1782987673772411e+02, 8.4830925490260185e+01,
       1.6687230727587711e+01, -4.9725661339914708e+01,
       -1.6176340991550016e+00, 5.7378986366130427e+00,
       1.7778455052891047e+00, 8.0225747258761704e-01,
       -2.0986567956688329e+01, 1.2590794791073901e+02,
       -6.6523065541221484e+01, -4.2430478561510924e+01,
       -6.5144869125735712e+00, 1.6614881457214077e+00,
       2.3972180570179269e+00, 6.2484468782377955e-02,
       -1.2960899356780396e+02, -3.3494224493750302e+01,
       3.6227738909042017e+01, -2.0880275963187596e+01,
       1.4076635743300732e+00, -1.6762026736731304e+01,
       -7.9736949309288674e-01, -1.4887911605597973e-01,
       -1.3492383989808198e+02, 1.3022458310466794e+02,
       1.1334735805324257e+01, -5.4055058639704143e+01,
       -2.5217868688107856e+01, -4.4195578828771565e+00,
       -3.5566324582190861e-01, -1.2206832646080195e+00,
       -7.2531113121400438e+01, 6.2016258830681883e+00,
       3.2610644770993154e+01, -3.4792763561077047e+00,
       1.9703328637077330e+01, 1.4608742704707792e+01,
       1.5402033309349235e+00, 1.1080626290138076e+00,
       1.6214188638558011e+02, -2.5685217507242828e+00,
       3.9649105409034924e+01, -1.2702835797840612e+01,
       5.9943181359358775e+00, -5.1662899875415329e+00,
       -1.1308187255221456e+00, -2.3884754512054507e-01,
       -1.7616431711870979e+00, -6.1471238967297232e+01,
       5.8468431588028187e+00, 1.2921739888703765e-01,
       3.8370145162146905e+01, -9.5018601273288428e-01,
       1.2767400645379179e+00, -8.9339883204281711e-01 ]
