%YAML:1.0
means: !!opencv-matrix
   rows: 2
   cols: 8
   dt: d
   data: [ -1.2580268818652024e+02, -2.3069325981354812e+01,
       2.8534797313053168e+01, -1.8558022942391439e+00,
       -1.0584257533366506e+01, -6.2758697530531817e+00,
       -7.5277122840021538e-01, 2.6580935496638791e-01,
       5.3579130354908941e+01, 9.8226415751182223e+00,
       -1.2154870985815695e+01, 7.9106415907478111e-01,
       4.5075166446829824e+00, 2.6694964212376311e+00,
       3.2031037189148887e-01, -1.1310290942724061e-01 ]
covs: !!opencv-matrix
   rows: 16
   cols: 8
   dt: d
   data: [ 1.1565825868997466e+04, -1.9746688162843864e+03,
       1.6941706485639909e+03, -2.5383098779600164e+02,
       4.1601900993267941e+02, -4.5069016065672906e+02,
       5.9103305430298107e+01, 1.5093108491921477e+01,
       -1.9746688162843864e+03, 1.5509891448923405e+04,
       3.6958318541512159e+02, -1.0698946546289708e+03,
       2.6398940159301014e+02, 6.1097022859869378e+02,
       1.3098864236668734e+02, 2.8315018179432801e+01,
       1.6941706485639909e+03, 3.6958318541512153e+02,
       2.7518106843190449e+03, 1.1291042123566800e+02,
       -1.6463361838904021e+02, 7.3286856579307127e+01,
       -2.7796764719439285e+01, -2.3634824948695119e+00,
       -2.5383098779600164e+02, -1.0698946546289708e+03,
       1.1291042123566804e+02, 3.0602828335605836e+03,
       -1.2141131073774044e+02, -1.8149617290097126e+02,
       -4.0845443722425678e+01, -1.9476701567503785e+01,
       4.1601900993267947e+02, 2.6398940159301014e+02,
       -1.6463361838904021e+02, -1.2141131073774041e+02,
       2.3232700607512484e+02, 6.8033546721118965e+00,
       1.2566153469765286e+01, 1.4522791918870970e+01,
       -4.5069016065672912e+02, 6.1097022859869378e+02,
       7.3286856579307141e+01, -1.8149617290097126e+02,
       6.8033546721119000e+00, 2.6671462561588362e+02,
       2.7362774653469346e+00, 4.5514355167851859e+00,
       5.9103305430298107e+01, 1.3098864236668734e+02,
       -2.7796764719439278e+01, -4.0845443722425671e+01,
       1.2566153469765286e+01, 2.7362774653469359e+00,
       3.0856659814320579e+01, 2.1137581592903620e+00,
       1.5093108491921480e+01, 2.8315018179432787e+01,
       -2.3634824948695150e+00, -1.9476701567503785e+01,
       1.4522791918870967e+01, 4.5514355167851859e+00,
       2.1137581592903625e+00, 1.7512635770804433e+01,
       1.0610263428701384e+04, -9.2132561799432858e+02,
       1.4585948862676032e+03, -3.3710929860280530e+01,
       -9.8580382532425972e+02, -2.8734082292338900e+02,
       -8.2669120030911046e+01, 1.3873966733882533e+01,
       -9.2132561799432881e+02, 1.0854924202196362e+04,
       2.4235105428847245e+02, 4.2967426851518201e+02,
       -2.6070627822278919e+02, -3.4809830316819784e+02,
       -6.6331899986368839e+01, -8.3363628764129967e+00,
       1.4585948862676034e+03, 2.4235105428847245e+02,
       3.0275066921135599e+03, -1.5920093491145179e+01,
       2.5354047294416020e+02, 7.7506056153405311e+01,
       2.4880540220142702e+01, -3.5986503865401849e+00,
       -3.3710929860280501e+01, 4.2967426851518201e+02,
       -1.5920093491145185e+01, 2.7782206311661766e+03,
       3.9778518568798553e+01, 7.0228395541545822e+01,
       1.6548073842583598e+01, 8.5946963898216318e+00,
       -9.8580382532425972e+02, -2.6070627822278919e+02,
       2.5354047294416020e+02, 3.9778518568798539e+01,
       4.7469762409482269e+02, -4.3221557837798301e+01,
       -1.0189265694066066e+01, -4.4772920504650360e+00,
       -2.8734082292338900e+02, -3.4809830316819784e+02,
       7.7506056153405325e+01, 7.0228395541545822e+01,
       -4.3221557837798301e+01, 2.2162103044877705e+02,
       -4.0326337979927960e+00, -9.2606944421256965e-01,
       -8.2669120030911031e+01, -6.6331899986368839e+01,
       2.4880540220142702e+01, 1.6548073842583598e+01,
       -1.0189265694066066e+01, -4.0326337979927960e+00,
       3.0161113809682238e+01, -7.7880482937589746e-01,
       1.3873966733882526e+01, -8.3363628764129913e+00,
       -3.5986503865401867e+00, 8.5946963898216335e+00,
       -4.4772920504650351e+00, -9.2606944421256954e-01,
       -7.7880482937589757e-01, 1.5247084253359215e+01 ]
weights: !!opencv-matrix
   rows: 1
   cols: 2
   dt: d
   data: [ 2.9869308898291663e-01, 7.0130691101707643e-01 ]
pca_proj: !!opencv-matrix
   rows: 8
   cols: 21
   dt: f
   data: [ 1.02604255e-02, 8.46533298e-01, 5.67100069e-05,
       -5.08859605e-02, 4.68450844e-01, 1.89823491e-04, -5.55210514e-03,
       1.46431834e-01, -1.98076777e-05, -7.31809530e-03, 1.34976640e-01,
       -4.80776835e-05, -6.69380091e-03, 1.46460637e-01, -1.57161594e-05,
       2.11501210e-05, 1.32904761e-05, -3.16381829e-07, -1.62182951e-05,
       4.47223283e-04, 4.04881848e-06, 8.19958210e-01, 1.87153444e-02,
       -7.93817599e-05, 4.28530097e-01, 8.29724409e-03, 8.75842488e-06,
       2.28233948e-01, -2.37727305e-03, -1.84168690e-04, 2.08515689e-01,
       -1.20344283e-02, -2.14158339e-04, 2.18838796e-01, -7.27251405e-04,
       -1.84816250e-04, -3.05604735e-05, -5.04301033e-06,
       -1.27042276e-05, 6.79167337e-04, 1.30049409e-06, -1.63660501e-04,
       -1.48704097e-01, -3.29387456e-01, -1.82470303e-05, 1.08596861e-01,
       1.49965823e-01, -1.77574475e-04, 1.29315495e-01, 5.12750924e-01,
       2.36419466e-04, 1.37444586e-01, 5.11233926e-01, 2.85520800e-04,
       1.36541247e-01, 5.06532609e-01, 2.30281497e-04, -1.19767010e-05,
       -4.37137305e-06, 1.85016711e-06, 4.23374237e-04, 1.63331581e-03,
       1.86568883e-04, -4.72028166e-01, 1.25829116e-01, -3.95576280e-05,
       1.75304204e-01, -4.03850079e-02, -1.91588406e-04, 4.72358793e-01,
       -1.55570537e-01, 3.14154240e-05, 4.64089781e-01, -1.42328069e-01,
       9.23298430e-05, 4.71241623e-01, -1.54795542e-01, 4.75230554e-05,
       -2.49870754e-05, 5.87460408e-06, 1.53038200e-05, 1.49897439e-03,
       -5.03496267e-04, 3.15210091e-05, 4.28138897e-02, -3.98029029e-01,
       -1.64866622e-03, -1.49486646e-01, 8.53724658e-01, -7.20556185e-04,
       4.98631820e-02, -1.44551426e-01, -6.16796780e-04, 4.10989933e-02,
       -1.98635340e-01, -7.75538327e-04, 2.98115760e-02, -1.52079150e-01,
       -6.80539582e-04, 2.25883312e-04, -2.69945431e-05, 2.70592113e-06,
       9.03362306e-05, -4.77506634e-04, -7.18366122e-04, -2.83197194e-01,
       -1.15955826e-02, -1.67501986e-03, 8.56651485e-01, 1.54669777e-01,
       -2.37696129e-03, -1.20549113e-01, -2.06198599e-02,
       -3.04474914e-03, -2.70571560e-01, -1.17506422e-01,
       -3.04362620e-03, -2.44462311e-01, -1.05650024e-02,
       -2.97378097e-03, -2.55348248e-04, -4.88344995e-05, 2.20185507e-06,
       -8.00635200e-04, 8.29089622e-05, -2.87367473e-03, -1.90952867e-02,
       -1.04048569e-02, 1.94934364e-02, 1.05285741e-01, 5.99324331e-02,
       1.98610481e-02, -4.06789601e-01, -4.04562384e-01, 2.10659001e-02,
       1.33018449e-01, 6.97962642e-01, 2.22086515e-02, 1.94465607e-01,
       -3.32292259e-01, 2.13628728e-02, -7.54120236e-04, -7.96889421e-04,
       1.06485822e-04, 5.98366372e-04, -1.02219894e-03, 2.12240666e-02,
       -1.15103945e-02, 5.67249861e-03, 2.73920572e-03, 5.53848445e-02,
       -2.06740620e-03, 3.48111009e-03, -4.42594320e-01, 4.33901936e-01,
       3.74075607e-03, 6.69076979e-01, -1.95079967e-01, 3.51918745e-03,
       -2.48502746e-01, -2.54863679e-01, 3.71523038e-03, 9.92717594e-03,
       9.51591355e-04, 1.24460121e-03, 1.01363729e-03, -1.14485994e-03,
       3.39142187e-03 ]
pca_mean: !!opencv-matrix
   rows: 1
   cols: 21
   dt: f
   data: [ 4.33646118e+02, 2.44701981e+02, 1.49672687e+00,
       4.18191803e+02, 2.60206879e+02, 1.62062907e+00, 3.68545319e+02,
       2.27059875e+02, 1.69770968e+00, 3.19420807e+02, 1.63929108e+02,
       1.75046074e+00, 3.16613464e+02, 2.25532654e+02, 1.70717156e+00,
       1.08872897e-04, -9.74175637e-05, 6.24380555e-05, -2.17504916e-04,
       -2.50119597e-01, 1.75055194e+00 ]
gamma: !!opencv-matrix
   rows: 2
   cols: 1
   dt: d
   data: [ 8.4429965816336583e-01, 8.3056780712742118e-01 ]
