%YAML:1.0
means: !!opencv-matrix
   rows: 3
   cols: 17
   dt: d
   data: [ -3.6427169755209135e+01, 2.6436869729466483e+01,
       1.8927408040940561e+00, -1.3624516154372534e+01,
       -1.1432032063953809e+01, -2.7341204497950478e+00,
       6.5410491857838801e-02, 6.4594409244340970e-02,
       -9.1959702233099194e-01, -2.1540801987014295e-02,
       -1.4829365749777992e-02, -1.9451165124621059e-03,
       2.9979224972025982e-03, 4.6619475635744671e-03,
       -1.2126679802858288e-02, -2.3581858674634349e-03,
       -6.5093153094287484e-04, 4.2942169253393061e+01,
       -9.4635895914440447e+00, -4.3778727727339746e+00,
       9.1542203261900745e+00, 9.5324519505250773e+00,
       5.1515469549510247e+00, 1.1530884096747074e+00,
       -1.3159328927013023e-01, -2.0999610925753553e-01,
       2.0970005634433006e-02, 2.5574783670897338e-02,
       1.4281604742703291e-02, 2.0899310183091031e-03,
       -6.1234224911388404e-03, 1.2164189801030798e-02,
       1.2539909472389394e-03, 6.0758266318826793e-04,
       -4.1295457533888786e+01, -4.7858498099910413e+01,
       9.8329001500710742e+00, 9.3253192756390675e+00,
       1.1816764132088435e+00, -1.0031692593110412e+01,
       -4.3382017876910197e+00, 2.7258909757949823e-01,
       3.6048220576359693e+00, 5.9881526308832892e-03,
       -4.7067381136121120e-02, -4.5974950992686177e-02,
       -1.6751386125784508e-02, 7.8203844943153609e-03,
       -5.9938992199506979e-03, 2.6789117382118089e-03,
       -2.6865727831365061e-04 ]
covs: !!opencv-matrix
   rows: 51
   cols: 17
   dt: d
   data: [ 2.3534373076932949e+04, 1.7186655131483353e+03,
       -1.7106855050267056e+03, -3.9212461202621552e+02,
       2.1570800715107711e+02, -1.1345210628362251e+02,
       2.2308021849472560e+01, -2.4766718289366512e+01,
       1.8748028110402132e+01, 6.5231696880322678e+00,
       -2.1825745775639178e+00, -1.8714308813032092e+00,
       -1.2885322849288694e-01, 1.1546161546694262e+00,
       -2.1543012201361753e+00, -6.0404922505964971e-02,
       -1.9395070551559790e-01, 1.7186655131483358e+03,
       1.3598643335819765e+04, -6.5100093914936429e+02,
       -2.6613271292177529e+02, 3.6980047757238225e+02,
       3.2985448706686560e+02, 1.9862437725421731e+01,
       -6.2982564661151077e+00, 2.7568691158887543e+01,
       -1.6938013711756511e+01, 1.6493110073670962e+00,
       -1.3004585795062036e+00, -7.9242009503912761e-02,
       1.4864906005408438e-01, -4.3209353125971134e-01,
       3.4667835133999714e-01, -1.5695815670786112e-01,
       -1.7106855050267056e+03, -6.5100093914936394e+02,
       3.8187622368360626e+03, 1.6732920611459704e+02,
       -1.7768869994412938e+02, -3.6625792488814177e+01,
       -2.0480080152811368e+01, 1.0875354744545355e+01,
       -7.5398487497271489e+00, 3.9827159273500339e+00,
       -8.2589902903735288e-02, 5.6275856658027623e-01,
       1.9294642218513687e-02, -1.7602170626864150e-01,
       5.6146949497910037e-01, -7.3693158198585906e-02,
       8.5008358348575050e-02, -3.9212461202621552e+02,
       -2.6613271292177529e+02, 1.6732920611459704e+02,
       2.9404001697381964e+03, -1.2250754622503884e+02,
       -1.7510191101359604e+02, -1.6531335223655926e+01,
       -2.0207709161208389e+00, -8.8544772402186727e+00,
       7.6839341742712666e+00, -6.4519153263033369e-01,
       2.8461202195402252e-01, -1.5581454945258217e-03,
       5.5504462746819160e-02, 5.1878685818134797e-02,
       -1.1860876764939383e-01, 8.3751490212203902e-03,
       2.1570800715107711e+02, 3.6980047757238225e+02,
       -1.7768869994412938e+02, -1.2250754622503881e+02,
       1.3973470064101946e+02, 2.6390905659804069e+01,
       3.9909429327051043e+00, 7.3618104823206876e+00,
       -5.0459239608743245e-01, -3.2870031959427767e-02,
       -2.9259777995930775e-01, -1.2837516977779251e-01,
       1.9591196721588822e-02, 2.9907958600897767e-02,
       -3.6798281095687259e-02, -1.0721512070511235e-02,
       2.2901541278383699e-02, -1.1345210628362247e+02,
       3.2985448706686560e+02, -3.6625792488814206e+01,
       -1.7510191101359604e+02, 2.6390905659804073e+01,
       1.5321290085598145e+02, -6.0699402221266157e+00,
       7.1507047614103736e-01, 2.5693591236862803e+00,
       -1.4222242567239285e+00, 3.3405613538262124e-01,
       -2.1292949071390421e-01, 1.8020950234144292e-02,
       -3.4024153020605886e-02, 6.6256026420960151e-02,
       1.9901140732605301e-02, 1.0692262213809897e-03,
       2.2308021849472567e+01, 1.9862437725421739e+01,
       -2.0480080152811368e+01, -1.6531335223655930e+01,
       3.9909429327051047e+00, -6.0699402221266139e+00,
       2.5165536280128713e+01, 8.2367721787864534e-01,
       3.4628492955238954e+00, 1.6094698095414409e-01,
       -5.9875352636206476e-02, 2.7433130104283519e-02,
       -3.0405513345738065e-02, 8.0261023302721380e-03,
       -1.1377070148038331e-02, 2.4969483936139723e-03,
       8.3322366173086261e-04, -2.4766718289366509e+01,
       -6.2982564661151077e+00, 1.0875354744545351e+01,
       -2.0207709161208371e+00, 7.3618104823206867e+00,
       7.1507047614103758e-01, 8.2367721787864567e-01,
       1.6462523205641489e+01, -1.2528766981032178e+00,
       5.1215657461175335e-01, -4.0734490339948491e-02,
       -6.5770855929695908e-03, 6.0860240023203182e-03,
       1.3790519614740643e-02, -4.9968173678809963e-03,
       -1.1427383972820285e-02, -4.4337169903536765e-03,
       1.8748028110402135e+01, 2.7568691158887543e+01,
       -7.5398487497271471e+00, -8.8544772402186744e+00,
       -5.0459239608743256e-01, 2.5693591236862794e+00,
       3.4628492955238954e+00, -1.2528766981032180e+00,
       1.6471412209739025e+00, 1.7366570930157321e-02,
       7.0046657385041428e-02, 1.7596691954740177e-02,
       1.6719170460061137e-02, 1.9867303284496498e-03,
       -5.9502813972833147e-03, 5.5846500683154575e-03,
       -1.8184314433778443e-03, 6.5231696880322678e+00,
       -1.6938013711756511e+01, 3.9827159273500339e+00,
       7.6839341742712666e+00, -3.2870031959427774e-02,
       -1.4222242567239285e+00, 1.6094698095414409e-01,
       5.1215657461175346e-01, 1.7366570930157317e-02,
       5.3224562613147464e-01, -5.4671069899915065e-03,
       -3.8919908091044389e-03, 3.7899502614599464e-03,
       -1.0456646043545553e-02, -8.7364884108876329e-04,
       5.5567256686705677e-04, 9.9423688755953510e-04,
       -2.1825745775639183e+00, 1.6493110073670962e+00,
       -8.2589902903735218e-02, -6.4519153263033335e-01,
       -2.9259777995930769e-01, 3.3405613538262136e-01,
       -5.9875352636206469e-02, -4.0734490339948491e-02,
       7.0046657385041428e-02, -5.4671069899915057e-03,
       4.4730003362086844e-02, -1.0820530150200173e-03,
       -7.7061740229310001e-04, 3.3530937072697798e-05,
       -6.2494612961050449e-05, 4.5351279543847642e-04,
       -6.1638412302429278e-04, -1.8714308813032094e+00,
       -1.3004585795062036e+00, 5.6275856658027623e-01,
       2.8461202195402246e-01, -1.2837516977779254e-01,
       -2.1292949071390421e-01, 2.7433130104283509e-02,
       -6.5770855929695865e-03, 1.7596691954740173e-02,
       -3.8919908091044389e-03, -1.0820530150200177e-03,
       2.3525051598375472e-03, 5.2023539125689512e-04,
       1.5387803675863745e-04, 1.2900907452608596e-04,
       -2.5796776520098671e-05, 1.7927114353343600e-05,
       -1.2885322849288697e-01, -7.9242009503912816e-02,
       1.9294642218513680e-02, -1.5581454945258247e-03,
       1.9591196721588811e-02, 1.8020950234144285e-02,
       -3.0405513345738076e-02, 6.0860240023203130e-03,
       1.6719170460061137e-02, 3.7899502614599481e-03,
       -7.7061740229310001e-04, 5.2023539125689512e-04,
       2.2206722988044520e-03, 1.2421796220344806e-04,
       -1.7738705155591014e-04, -2.9629965696014735e-05,
       2.1149671148935520e-05, 1.1546161546694258e+00,
       1.4864906005408443e-01, -1.7602170626864153e-01,
       5.5504462746819201e-02, 2.9907958600897767e-02,
       -3.4024153020605886e-02, 8.0261023302721397e-03,
       1.3790519614740643e-02, 1.9867303284496498e-03,
