%YAML:1.0
means: !!opencv-matrix
   rows: 12
   cols: 9
   dt: d
   data: [ 1.6680147242245948e+02, 1.4769752833616646e+01,
       -4.6675917348593501e+01, 1.2400396718670798e+01,
       -1.0570920518834718e+01, -8.4190469300508770e+00,
       -2.8051186191555610e-01, -9.6721800683483544e-02,
       -8.5445856440984280e-01, 3.5572294765375837e+01,
       1.1326309057200835e+02, -2.4617684613701662e+01,
       -4.8486241409589908e+01, -4.3398830903328722e+00,
       -8.3112922769537245e-01, 1.8143430322130936e+00,
       -2.7221720817573686e-01, -2.6314951669489156e-01,
       -1.3675530701776742e+01, -2.1042627320238751e+01,
       -3.9071871011074705e+01, 1.9962741787319874e+01,
       2.1594602524773425e+01, 2.3512220854011980e+00,
       1.0735713938546183e+00, -4.6095507199920477e-01,
       -2.5094748919548021e-01, -1.7082987517777758e+02,
       -1.0589926357655881e+02, 4.7543936486680394e+01,
       3.7966413212838859e+01, -3.1168376817388410e+01,
       -9.1823294616163575e-01, -3.2915316883225483e+00,
       -2.7897100593400914e-01, -4.3385727790457140e-01,
       -1.5446750851123133e+02, -7.7148543781501919e+00,
       4.2701898214280959e+01, -5.6875445729530201e+00,
       -1.8585486613924567e+00, 4.5736699101523364e+00,
       7.5264185270319706e-01, 1.2568064242890740e+00,
       -7.9129139451177855e-01, -1.6240273680680619e+02,
       -1.7645740803892252e+01, 2.8337902526364221e+01,
       -4.5973146067168615e+00, -2.2815083976182331e+00,
       2.0619569630960495e+00, -5.3847040403579749e-01,
       1.3178237818863600e-01, 2.8092504626628587e+00,
       3.6845455842770868e+01, 3.1928640001156371e+01,
       -7.7608294903593524e+00, -2.1888219864075356e+01,
       5.5543151355147991e-01, -1.3094336414873434e+01,
       -7.5138945708171621e+00, 1.9940795665465225e+00,
       6.4556630861442112e+00, 9.9026058289123796e+01,
       -4.4737061573679618e+01, -2.1982756162766805e+01,
       3.7028951430214832e+01, -2.7540949174873116e+01,
       2.3485470214152318e+01, 1.1577593431044846e+00,
       1.2900744521213747e+00, 5.0587343571780963e-01,
       2.4503699148958233e+01, -1.9650226884660359e+01,
       -5.8700869034215053e+00, 1.0518157665972726e+01,
       -1.2529995109427333e+01, -6.4438310674966894e+00,
       -7.1550880061877853e-01, -2.4039217872703922e-01,
       -1.3248645627804372e+00, 1.0226051419064986e+02,
       -2.0043864621818241e+01, 3.9035223374580688e+01,
       -2.6590531795108054e+00, 1.6730109952604888e+01,
       1.9100231840510902e+00, 7.4499459674491086e-01,
       -7.7549036034847907e-01, -3.7865526590998055e-01,
       -9.9712446823144390e+01, 1.0528946891058268e+02,
       8.6638606966119287e+00, -4.8609389650014350e+01,
       -3.4860099236133948e+00, 1.4894855930623732e+00,
       1.0761168860013397e+00, -3.3645207339560262e-01,
       -4.1887702829696727e-01, -1.2728807502883615e+01,
       -1.6049336437093987e+02, 1.8234878549516228e+01,
       5.3901759533102094e+01, 1.2237489190016834e+01,
       -1.3451216590059365e+01, -1.9082267015692240e+00,
       -7.5289815950891825e-01, 1.2783736527960587e+00 ]
covs: !!opencv-matrix
   rows: 108
   cols: 9
   dt: d
   data: [ 6.0388109690083729e+03, -4.1199652511048822e+02,
       2.6906910051970262e+03, -6.4752796870602356e+02,
       -5.6798429285709808e+01, 9.0000289780988624e+01,
       -5.5531150127833307e+01, 7.2600351542759398e+00,
       -3.1764045529654247e+01, -4.1199652511048834e+02,
       7.3216604638621102e+03, 7.7431238029265114e+02,
       2.1450627222278445e+03, -2.4621314788790059e+01,
       6.2456240643083255e+01, -4.0307459187380573e+01,
       1.0140839772143611e+01, -5.3630175245861160e+00,
       2.6906910051970262e+03, 7.7431238029265114e+02,
       2.4148988207846160e+03, -1.6837100154123701e+02,
       -8.7508434312801413e+01, -8.0094262081929912e+01,
       2.5147118267587828e+01, 1.0819281488384737e+01,
       6.4837684183799593e-01, -6.4752796870602390e+02,
       2.1450627222278445e+03, -1.6837100154123704e+02,
       1.9144349355605177e+03, 8.4481633894913983e+01,
       -1.0822369151142198e+02, -1.0128203398372136e+01,
       3.2619513920325799e-01, -2.8269167866675438e+00,
       -5.6798429285709808e+01, -2.4621314788790052e+01,
       -8.7508434312801413e+01, 8.4481633894913998e+01,
       3.8581663993896960e+01, -1.3219758239182899e+00,
       -2.7213933485545039e+00, 9.4296171367077974e-01,
       -8.2460899940173760e-01, 9.0000289780988624e+01,
       6.2456240643083284e+01, -8.0094262081929912e+01,
       -1.0822369151142200e+02, -1.3219758239182899e+00,
       5.5606182942345065e+01, -1.3287333299333774e+01,
       -6.6220917818315375e+00, -1.0617129825502583e+00,
       -5.5531150127833321e+01, -4.0307459187380573e+01,
       2.5147118267587821e+01, -1.0128203398372133e+01,
       -2.7213933485545048e+00, -1.3287333299333774e+01,
       2.5959220844754956e+01, -1.7602573825947687e+00,
       3.2585173621104411e+00, 7.2600351542759416e+00,
       1.0140839772143613e+01, 1.0819281488384741e+01,
       3.2619513920325799e-01, 9.4296171367077997e-01,
       -6.6220917818315375e+00, -1.7602573825947696e+00,
       1.6125808799960279e+01, -9.3246579354690418e-01,
       -3.1764045529654247e+01, -5.3630175245861134e+00,
       6.4837684183799515e-01, -2.8269167866675442e+00,
       -8.2460899940173737e-01, -1.0617129825502583e+00,
       3.2585173621104411e+00, -9.3246579354690418e-01,
       1.1077115637308128e+00, 6.5524029446296508e+03,
       -5.6468372401164459e+02, 2.5867335949059939e+03,
       -5.3830341631012595e+02, -1.7181961281175191e+01,
       -5.5970099988850350e+01, -2.6620453870539677e+01,
       3.2307366424687139e+01, -2.4897544901933347e+01,
       -5.6468372401164481e+02, 6.7287928157850702e+03,
       7.5817207198652329e+02, 2.4118951160253973e+03,
       -6.5556176778309194e+01, 6.2411289054013970e+01,
       -8.7051794862509368e+01, 4.9633972770501646e+00,
       -1.3307818501227935e+01, 2.5867335949059939e+03,
       7.5817207198652352e+02, 2.5145651723772862e+03,
       -1.4894446398197150e+02, -7.7506272190806925e+01,
       -6.1705097307734995e+01, 1.4694606250320389e+01,
       -8.8758202672509245e+00, 1.9499450751583813e+00,
       -5.3830341631012595e+02, 2.4118951160253973e+03,
       -1.4894446398197150e+02, 1.7868781383022890e+03,
       1.0572513933870856e+02, -1.5985147986336571e+02,
       3.1576132802361407e+01, 1.8994561779905936e+01,
       1.5814341353465307e+00, -1.7181961281175184e+01,
       -6.5556176778309236e+01, -7.7506272190806939e+01,
       1.0572513933870857e+02, 1.0291681661457122e+02,
       -3.4099038091295036e+01, -1.0143746154029989e+01,
       4.9405833545500251e+00, -3.8633740914815040e+00,
       -5.5970099988850350e+01, 6.2411289054013970e+01,
       -6.1705097307734981e+01, -1.5985147986336571e+02,
       -3.4099038091295036e+01, 5.8746842065076102e+01,
       -1.7942066462521456e+01, -4.9722550285019089e+00,
       -1.5582971188399959e+00, -2.6620453870539684e+01,
       -8.7051794862509368e+01, 1.4694606250320390e+01,
       3.1576132802361396e+01, -1.0143746154029989e+01,
       -1.7942066462521460e+01, 2.0404795888539258e+01,
       4.7782865507754374e-01, 2.9665924417906409e+00,
       3.2307366424687146e+01, 4.9633972770501611e+00,
       -8.8758202672509281e+00, 1.8994561779905943e+01,
       4.9405833545500268e+00, -4.9722550285019098e+00,
       4.7782865507754374e-01, 1.5638599180839568e+01,
       -1.4523842172329755e+00, -2.4897544901933347e+01,
       -1.3307818501227935e+01, 1.9499450751583820e+00,
       1.5814341353465302e+00, -3.8633740914815040e+00,
       -1.5582971188399961e+00, 2.9665924417906409e+00,
       -1.4523842172329753e+00, 1.1120753363976073e+00,
       4.4353966293075273e+03, -4.8514201512258347e+02,
       2.0623467725684196e+02, 3.1828560288783390e+01,
       -6.8651856715954762e+02, -1.0245076993009587e+02,
       -9.8678558353867345e+00, 3.3744257213945680e+01,
       -7.5766310683627722e+00, -4.8514201512258347e+02,
