%YAML:1.0
means: !!opencv-matrix
   rows: 9
   cols: 13
   dt: d
   data: [ 3.7721920915452166e+01, -4.6339190660249109e+01,
       -4.8840744978100705e+00, 3.0029344278912912e+01,
       1.2538612071158740e+01, 4.6544169201158621e+00,
       8.4839534992838361e-01, 2.8113617553218806e-01,
       2.5427937678353019e-01, -9.9075927894476529e-02,
       2.4329038857142247e-02, 5.0737614509713674e-03,
       8.1991634057940899e-03, -3.2218910457085862e+01,
       -4.2802611468503859e-01, 4.5602998166532016e+00,
       4.7573313552074348e+00, 6.0348943640060035e+00,
       -5.3317564217519511e+00, 2.0023611623926447e+00,
       9.8688401081400545e-01, 6.9697818232862141e-01,
       1.8523994203768551e-01, -7.3599554866529332e-02,
       4.8396582879439813e-03, -9.4076584012317102e-05,
       1.4264238997636073e+02, -8.4986609494475633e+00,
       -3.8293477380444429e+01, 8.7918520084225324e+00,
       -5.7859792611083982e+00, 1.2041090362248429e+01,
       -1.2209954915711492e+00, 1.4467299117410874e+00,
       2.1450678957075339e-01, -2.5957538407108377e-02,
       9.2662016677773809e-02, -2.1555574480266661e-02,
       -5.7383862207931865e-03, 1.2306940242512431e+01,
       3.9203905082852309e+01, 7.4093097825753675e+00,
       -2.0115200138563665e+01, 1.1106294704139906e+01,
       3.7560596245885702e+00, -6.6117166944578800e+00,
       -3.1968670501747467e+00, -3.5747185251774205e+00,
       -2.9717910977317859e-02, -8.7773611361064610e-02,
       3.5619461794787026e-02, -3.8189527696474809e-02,
       1.6166564259802539e+02, 2.5483902260939232e+01,
       -4.3531266922972840e+01, -3.4945014945104383e+01,
       -9.3166494705947329e+00, 1.3427576234758845e+01,
       5.8158553569141824e-01, -3.7387651580052466e+00,
       -1.7326596582415166e+00, -4.3439521546545234e-01,
       -2.2446325041458182e-01, -1.7784868841738138e-01,
       2.1808339613485681e-03, -1.9234479872678929e+02,
       7.0572103874769709e+01, 4.0314186349375525e+01,
       -4.0915844496611470e+01, -1.8206240740466033e+01,
       7.1939161203675850e+00, -2.4322220653395661e+00,
       4.0791876454864728e-01, 1.0756753858866731e-01,
       1.7076864848755019e-01, 1.0177088535285062e-02,
       -4.2992702242961086e-03, 1.0082691288835247e-03,
       -1.6215605093497479e+02, -5.4112051096627653e+01,
       3.5478012044815642e+01, 3.8025227609429962e+01,
       -1.0290704855359820e+01, 5.0338196406992282e+00,
       2.9399059976644115e-01, -2.5183172307477897e-01,
       2.7760981317664818e-01, -9.3715113781880480e-02,
       -3.7099415156830580e-02, -1.5523226633583589e-02,
       2.8248694788271852e-03, 4.1361852500331239e+01,
       4.3502144248012279e+01, -5.4583959936624824e+00,
       -2.6254008002779649e+01, 1.1618424712668356e+01,
       -1.0445348319477459e+01, 1.5003396253238737e+00,
       9.4495811257832363e-01, 2.4585497417239521e-01,
       5.5970723719719492e-02, -1.3873611213646673e-02,
       2.6256064719369306e-02, 5.7704306171015738e-03,
       8.1849871134832242e+01, 1.5403378126161201e+01,
       -2.4083907689422173e+01, -3.2403344379782290e+01,
       -2.6555131911397073e+01, -1.9683477107061631e+01,
       8.6250479096924582e-01, -2.3830774256671052e+00,
       2.1623969836408002e-01, -4.2485139563238364e-02,
       1.0647806063539468e-01, -5.4439561419065583e-03,
       6.8144165402330900e-04 ]
covs: !!opencv-matrix
   rows: 117
   cols: 13
   dt: d
   data: [ 6.6289069120447721e+03, 4.5350813097663644e+02,
       2.2567242764846324e+03, 4.7546114199102512e+01,
       -5.3608763901385589e+02, 2.6591373324666466e+02,
       -5.5489365434835094e+01, 3.1429771630652141e+01,
       1.3939626907494802e+01, 2.5357346789654609e+00,
       -2.7279492402952430e+00, 2.4933367541237603e-01,
       2.4805820011768898e-02, 4.5350813097663644e+02,
       7.8493224224492997e+03, -2.1719936979643954e+01,
       1.0601113316607352e+03, 3.4444529278781391e+02,
       5.2105407602265402e+01, 3.8472304712887258e+01,
       -6.8945787168459551e+00, 1.6516510663343797e+00,
       -5.6502897089044541e+00, 1.8915787323550306e+00,
       8.8716705601285362e-01, 2.2348746310147233e-01,
       2.2567242764846324e+03, -2.1719936979643947e+01,
       2.7244161413200659e+03, -5.0289363134546804e+01,
       5.3906548763828177e+01, -6.0254354346615962e+01,
       2.5101645367602309e+01, -3.1803783120369883e-01,
       1.6635473696849545e+00, 6.2112964203512133e+00,
       3.9755530004514750e-01, -2.8550216167447739e-01,
       -2.1258998995235330e-03, 4.7546114199102526e+01,
       1.0601113316607350e+03, -5.0289363134546782e+01,
       1.7830409151610334e+03, -3.1608447854153383e+02,
       -1.7304921887177412e+02, -8.6745070025415245e+00,
       1.9798529113494727e+00, 4.5016040674478230e-01,
       -1.8533154216986791e+00, -1.7559815722529129e-01,
       -3.2201657874201778e-01, -9.6916919347196387e-02,
       -5.3608763901385589e+02, 3.4444529278781380e+02,
       5.3906548763828177e+01, -3.1608447854153383e+02,
       2.8442122050925855e+02, 1.1045660127406418e+00,
       -1.5710450075818688e+01, -8.0791491459070175e-01,
       5.1126607014816061e+00, -2.3049984933498013e-01,
       7.7226889337351845e-01, -1.0635616397109222e-01,
       -1.5208712403099050e-02, 2.6591373324666472e+02,
       5.2105407602265423e+01, -6.0254354346615976e+01,
       -1.7304921887177414e+02, 1.1045660127406409e+00,
       1.0398810695575712e+02, 8.3385435221474289e+00,
       -5.1641204692114488e+00, -3.9144479593253415e-02,
       -7.4299646686016657e-02, 2.5840332697137519e-01,
       8.2720236196920843e-02, -1.8451945047150140e-04,
       -5.5489365434835115e+01, 3.8472304712887251e+01,
       2.5101645367602309e+01, -8.6745070025415245e+00,
       -1.5710450075818690e+01, 8.3385435221474307e+00,
       2.2359498954043108e+01, -2.7850030443383309e+00,
       -3.0885073670372121e+00, 2.4122980264749713e-01,
       6.0078454098555646e-02, 4.9079646493625471e-02,
       -3.2384132689598576e-02, 3.1429771630652152e+01,
       -6.8945787168459578e+00, -3.1803783120369983e-01,
       1.9798529113494741e+00, -8.0791491459070175e-01,
       -5.1641204692114488e+00, -2.7850030443383305e+00,
       1.3503860149815404e+01, -2.0445704279500698e+00,
       4.7349664145862730e-01, -1.9031471253663267e-03,
       -2.4581112035631954e-02, -1.0211395976675142e-02,
       1.3939626907494805e+01, 1.6516510663343800e+00,
       1.6635473696849545e+00, 4.5016040674478242e-01,
       5.1126607014816061e+00, -3.9144479593253394e-02,
       -3.0885073670372121e+00, -2.0445704279500698e+00,
       1.4789876462486695e+00, -9.8289985066836671e-02,
       -2.0373844106328406e-02, 8.8702344293761521e-04,
       -1.7359453819498053e-02, 2.5357346789654609e+00,
       -5.6502897089044533e+00, 6.2112964203512107e+00,
       -1.8533154216986798e+00, -2.3049984933498005e-01,
       -7.4299646686016657e-02, 2.4122980264749705e-01,
       4.7349664145862730e-01, -9.8289985066836685e-02,
       3.0299166336871558e-01, 1.2984352383951405e-02,
       3.5455104564081010e-03, 3.9103988553587663e-03,
       -2.7279492402952430e+00, 1.8915787323550302e+00,
       3.9755530004514750e-01, -1.7559815722529129e-01,
       7.7226889337351845e-01, 2.5840332697137519e-01,
       6.0078454098555646e-02, -1.9031471253663252e-03,
       -2.0373844106328413e-02, 1.2984352383951405e-02,
       1.7209108778376118e-02, -2.2379891378110756e-03,
       4.1060271317538597e-04, 2.4933367541237586e-01,
       8.8716705601285362e-01, -2.8550216167447739e-01,
       -3.2201657874201778e-01, -1.0635616397109218e-01,
       8.2720236196920843e-02, 4.9079646493625485e-02,
       -2.4581112035631954e-02, 8.8702344293761586e-04,
       3.5455104564081010e-03, -2.2379891378110756e-03,
       2.1998279803630660e-03, 1.2329069298409125e-04,
       2.4805820011768898e-02, 2.2348746310147233e-01,
       -2.1258998995235222e-03, -9.6916919347196373e-02,
       -1.5208712403099057e-02, -1.8451945047149990e-04,
       -3.2384132689598569e-02, -1.0211395976675145e-02,
