%YAML:1.0
means: !!opencv-matrix
   rows: 38
   cols: 2
   dt: d
   data: [ -3.3597415214113795e+01, 1.3591294455944656e+01,
       1.4166891266663373e+02, 3.2741256708038826e+01,
       -1.4162015685031773e+02, -9.7719524302623526e+01,
       -1.7077984020188899e+02, 8.8024562765596983e+01,
       -6.4550315181270761e+01, -1.0735942851493692e+02,
       7.8243812013065266e+01, -1.8886332273692301e+02,
       -3.5393436525726329e+01, 1.9989598257820532e+02,
       8.9841008916758113e+01, -1.0969390093467848e+02,
       1.5914244379856765e+02, 1.6884986138133334e+02,
       2.1514265649444968e+00, 6.0802201968080375e+01,
       3.3144450668806286e+01, -3.8078484488670199e+00,
       -3.4903502574938415e+01, 1.1821717261289699e+02,
       1.5892283907698237e+02, -5.0251289097866007e+01,
       1.6331510705343499e+02, -1.2808697592536603e+02,
       2.1847920520169743e+02, 7.6341693823809905e+01,
       -8.6198986689289868e+01, -1.7589431234881010e+02,
       -8.7299545995618615e+01, 6.0174048313875808e+01,
       9.7217739793237445e+00, -1.4311228157290753e+02,
       -2.4506477404043900e+02, 1.2342076305561244e+02,
       -2.5107570404896438e+02, -1.3623678866345278e+02,
       2.4471868074723767e+02, -7.1431832244812540e+01,
       -1.6100140974101140e+02, 1.9077647986966184e+02,
       -1.2803624926283308e+02, 2.9250795771050795e+00,
       1.3517927401907407e+01, -6.7237051218513301e+01,
       -2.7322156050963417e+02, -4.1794889760873033e+01,
       4.0151826379520806e+01, 1.2124935170006709e+02,
       -1.9649023803533984e+02, -1.8440403175006659e+02,
       2.0545529076102176e+02, -1.1755987943071562e+00,
       -8.7377109146475060e+00, -2.9400142014673327e+02,
       8.9620340473680059e+01, -3.1873188484057643e+01,
       1.1289452936347968e+02, 1.1496119599680513e+02,
       -1.0068716028551221e+02, 1.4434352659322622e+02,
       -7.5012334497767682e+01, -4.0532346210566743e+01,
       -2.0552626018948320e+02, 2.5797769325787542e+01,
       6.0294554977234284e+01, 1.9656109792734901e+02,
       8.0039733099143561e+01, 5.0207164766019233e+01,
       -2.8232209471232102e+02, 4.0091462148245341e+01,
       -2.0727277435918018e+02, -5.6637290339669811e+01 ]
covs: !!opencv-matrix
   rows: 76
   cols: 2
   dt: d
   data: [ 1.0809838344931115e+03, -3.9182572564662124e+01,
       -3.9182572564662117e+01, 1.0114853889005999e+03,
       1.5223204526203986e+03, 3.4766910549657331e+02,
       3.4766910549657348e+02, 1.5591298134552349e+03,
       1.4252347775768478e+03, 2.9839506564290775e+02,
       2.9839506564290775e+02, 1.4783096568920450e+03,
       1.5842590302734925e+03, -2.3395661966927381e+02,
       -2.3395661966927375e+02, 2.3398945756551561e+03,
       1.2756593336816809e+03, 4.0892604398969986e+01,
       4.0892604398969979e+01, 1.2565653952583541e+03,
       1.8084302218439177e+03, -3.1988924579900572e+02,
       -3.1988924579900572e+02, 2.4989661555831403e+03,
       2.8410460595907343e+03, -1.0155549605031763e+03,
       -1.0155549605031763e+03, 2.6488801272306773e+03,
       1.3337282998091412e+03, -8.2757410182264444e+00,
       -8.2757410182264479e+00, 1.7604572660726506e+03,
       4.3811993044683068e+03, -5.3358829196945067e+02,
       -5.3358829196945067e+02, 2.7682212703568221e+03,
       1.1248296808752905e+03, -7.8406984376614247e+01,
       -7.8406984376614275e+01, 1.1388056129126844e+03,
       9.8307835064434107e+02, 1.9202667599867681e+02,
       1.9202667599867681e+02, 1.1014328261062426e+03,
       9.1402442273330507e+02, 1.1598447617999517e+02,
       1.1598447617999521e+02, 1.5944228880485191e+03,
       1.4209955797052937e+03, 7.8526219038763173e+01,
       7.8526219038763202e+01, 1.9194847031508268e+03,
       1.8093657341283574e+03, -7.8607010905981696e+01,
       -7.8607010905981724e+01, 1.8701399168582727e+03,
       2.9008525683817456e+03, 7.2705292871212563e+01,
       7.2705292871212563e+01, 1.9834124518839344e+03,
       1.7650450518546002e+03, -4.3295371461646511e+02,
       -4.3295371461646511e+02, 2.0796418104687086e+03,
       1.0075582118476989e+03, 5.8463852300680777e+01,
       5.8463852300680806e+01, 1.7091998957319365e+03,
       1.3557930858505135e+03, -4.4712503578088139e+01,
       -4.4712503578088125e+01, 1.8817443322939539e+03,
       3.0818377584513782e+03, 6.2665324075513794e+01,
       6.2665324075513780e+01, 1.7367812288908463e+03,
       2.1590682675560688e+03, -6.9634621316517837e+01,
       -6.9634621316517851e+01, 2.0678895479780285e+03,
       2.2806711388812287e+03, 1.1754144100190156e+02,
       1.1754144100190150e+02, 2.8785742782357397e+03,
       3.3299015864840831e+03, -4.6984399764581372e+02,
       -4.6984399764581372e+02, 2.2764190746118852e+03,
       1.4381208822009783e+03, 2.0207626713915948e+02,
       2.0207626713915948e+02, 1.5691040791485457e+03,
       1.2910978485487938e+03, -1.8076501699627613e+02,
       -1.8076501699627613e+02, 1.4578697101593016e+03,
       1.7338355029786169e+03, 4.5365055542455440e+02,
       4.5365055542455451e+02, 1.9855756846768345e+03,
       1.2777300947230970e+03, -2.5149409527824037e+02,
       -2.5149409527824037e+02, 2.0240443718660242e+03,
       2.9657995608752681e+03, 6.4244380076928724e+02,
       6.4244380076928724e+02, 2.9469045492147643e+03,
       2.3478171784020728e+03, 4.0792489618502856e+02,
       4.0792489618502862e+02, 1.6552616233647018e+03,
       7.0840407320904806e+03, -1.1838416946539294e+03,
       -1.1838416946539294e+03, 2.5332156052075347e+03,
       1.0238516161738106e+03, 1.8479392462714554e+02,
       1.8479392462714554e+02, 1.5025163909054804e+03,
       1.7010626103046309e+03, 1.7293701929398978e+02,
       1.7293701929398986e+02, 1.6777436753131633e+03,
       1.1952375796938047e+03, 3.0351830697354092e+02,
       3.0351830697354092e+02, 1.8705888891205902e+03,
       1.3192744561389040e+03, 6.1168942662570942e+01,
       6.1168942662570942e+01, 1.0337468487429953e+03,
       1.3826117689655061e+03, 3.5200662640533477e+02,
       3.5200662640533477e+02, 1.4043823493495802e+03,
       2.6093251820625069e+03, -4.2030099556002756e+02,
       -4.2030099556002756e+02, 3.0181306294404890e+03,
       1.2523265307480226e+03, -3.8964830150020013e+01,
       -3.8964830150019985e+01, 1.3910981359447073e+03,
       1.8957957370878080e+03, 3.5861502764817533e+02,
       3.5861502764817533e+02, 1.7093417413972654e+03,
       1.3656854084244965e+03, 3.9820535352204621e+02,
       3.9820535352204621e+02, 1.4540143055978970e+03 ]
weights: !!opencv-matrix
   rows: 1
   cols: 38
   dt: d
   data: [ 3.6339605129616821e-02, 3.7111785999707846e-02,
       2.4748617944349394e-02, 2.2796696988905431e-02,
       2.7793897494550402e-02, 1.5716692390920484e-02,
       2.3223449284585879e-02, 4.1640552592115812e-02,
       1.5798900863981814e-02, 4.1138309952670482e-02,
       4.0978486792642557e-02, 2.7416664686093616e-02,
       3.6696056091622513e-02, 2.4056432716866485e-02,
       2.0824257584923327e-02, 2.1818384491392305e-02,
       4.0067631094048942e-02, 3.2634976689198812e-02,
       1.0911809861105013e-02, 1.3516086216723053e-02,
       1.9492404355230565e-02, 1.3616774015661045e-02,
       3.5032659262890578e-02, 4.7396226979416513e-02,
       1.2235101400634734e-02, 2.8886791944513966e-02,
       1.1309781742568399e-02, 2.0538547493508121e-02,
       9.9092651851272247e-03, 4.3857544497175417e-02,
       3.0392781404152927e-02, 2.1011182374271093e-02,
       3.3616212639280843e-02, 2.0407811724526981e-02,
       2.1389121336624968e-02, 4.5497296412293955e-02,
       1.1275288085063019e-02, 1.8905914281007984e-02 ]
