%YAML:1.0
means: !!opencv-matrix
   rows: 6
   cols: 16
   dt: d
   data: [ 2.7870806301193156e+01, -1.2028179511321689e+02,
       2.1728397953644918e+00, 4.4244098849583636e+01,
       -1.4198109440792446e+00, -1.2897025763343560e+01,
       -4.5477661188901991e-01, -1.1176862446387577e+00,
       -4.5480337387202086e-01, -3.5747154111718338e-01,
       -1.9176409017281912e-01, -3.2549630043278627e-02,
       4.8246635133200270e-03, 8.9396730576087723e-03,
       -3.4094638437020174e-02, 4.7516688287676167e-03,
       -1.7115004357000453e+02, -4.0707116468652430e+01,
       4.2242709820267493e+01, 4.3740458791962205e+00,
       -1.2472297480501691e+01, -2.9916709084521260e+00,
       -1.2524376645995119e+00, 4.5243123279109099e-01,
       -3.1041321130438526e-01, 1.0482712981087496e-01,
       -4.2235921299228998e-02, 1.3837776488394369e-03,
       3.5589657180602730e-04, 8.3584746051884942e-04,
       1.9823626981294502e-03, -2.8883932763265081e-03,
       1.2539929439358693e+02, 5.7395692850951271e+01,
       -4.0172344554711181e+01, -1.0672163605125549e+01,
       -9.7725220181087398e+00, -4.4012918876351819e+00,
       2.4605174058408569e-01, 3.1659575261663658e-02,
       -6.9543636885672955e-01, -7.3671808022964497e-02,
       5.2251134738726369e-02, -1.6678267788207770e-02,
       1.5426313205218103e-03, 1.1261806774408703e-02,
       -2.8060226434912593e-02, -5.1218211791033601e-03,
       4.5070688029753299e+01, -2.3079617530309488e+01,
       -3.3591555984755068e+00, 1.4565054756920393e+01,
       1.0042063698967677e+01, 6.6425958916210446e+00,
       9.7802170275217859e-01, -1.2084100739669552e-01,
       -1.9044401958565496e-01, 3.2771340045736959e-02,
       2.8239437176462823e-02, 1.5145853275603615e-02,
       1.4474435660403360e-03, -6.3862246125881376e-03,
       1.4062621190520824e-02, 1.2567683229511488e-03,
       2.9261352328002420e+01, 2.0457816308300643e+01,
       -5.9838864925989412e+00, -1.7022001760304121e+01,
       3.6539652173263435e+00, -1.0407862145854196e+01,
       -6.3367444650603950e+00, 1.8222406904130066e+00,
       5.8975756239666106e+00, 4.2564647231343461e-01,
       -8.2751602513700031e-03, -2.7705076865921868e-02,
       -3.0358723089373735e-02, 7.2281408184032801e-03,
       9.7059936255506699e-03, -1.1402391944189285e-02,
       -6.2230607488337149e+01, 1.0382144182948770e+02,
       -1.0495791411100752e+00, -4.8444301996584514e+01,
       -2.7798522846020104e+00, 2.3188318354680473e-01,
       1.2234963263639680e+00, -3.9658287155352839e-01,
       -3.9370906018201779e-01, -1.1563370361711743e-01,
       1.7391881496883206e-02, -4.6972315765115923e-04,
       3.1551214256407894e-03, -1.8038355904069271e-03,
       6.0575255625607330e-04, 7.0594869659892853e-03 ]
covs: !!opencv-matrix
   rows: 96
   cols: 16
   dt: d
   data: [ 8.4113119174746244e+03, 1.0117887951980045e+02,
       2.3625285562748536e+03, -8.2632242116819623e+02,
       -5.5978978496187131e+02, 1.7558623986823227e+02,
       -6.4479029373173535e+00, -3.5890555572700428e+01,
       1.5905614338139793e+01, 2.1782129400010376e+01,
       -4.6237966069205072e+00, -3.6791898845283932e-01,
       2.8396736306570997e-01, 3.2676418135055207e-01,
       1.8262728571765197e-01, 3.4327759016421661e-01,
       1.0117887951980052e+02, 1.3164929512479008e+04,
       1.7302304176194119e+02, 4.2115266605893476e+02,
       -3.4634225678283394e+02, 8.2261578169813981e+02,
       1.5876707970977515e+02, 2.2248748530615995e+01,
       -2.5803973022196349e+01, 6.4794596130250554e+01,
       -1.4182003311084403e+01, 2.8853274896293692e+00,
       1.4619612047806149e-01, 7.6169890935716966e-02,
       1.4648506516333861e+00, -4.3073354680233089e-01,
       2.3625285562748541e+03, 1.7302304176194119e+02,
       2.5766787244202378e+03, 1.3392828644310711e+02,
       2.0935089282437954e+02, -6.2414922984305889e+01,
       -9.0386252146513986e+00, 1.6296589407937095e+01,
       1.1589761200215170e+01, -4.8385125321722997e+00,
       2.7907702438622568e+00, -3.2286743180792672e-02,
       -2.2111329147086917e-01, 9.1923736863658026e-02,
       -4.4500624628946245e-01, -1.7632416353886415e-01,
       -8.2632242116819600e+02, 4.2115266605893470e+02,
       1.3392828644310720e+02, 2.3849297943356928e+03,
       1.1089471860163822e+02, -1.4139215672904226e+02,
       -3.3222293322912002e+01, -3.0085772060688861e+01,
       2.5643177023124610e+00, 3.6526516485006093e+00,
       3.4255414464457905e+00, -1.3668275141623178e+00,
       1.2350452191791439e-01, 3.7725028274600914e-01,
       -3.9699738390512618e-01, 2.0046858828813161e-01,
       -5.5978978496187131e+02, -3.4634225678283389e+02,
       2.0935089282437954e+02, 1.1089471860163822e+02,
       3.2143628528317026e+02, 1.2261412267625632e+01,
       -1.0173539696202607e+01, 1.0482560458566320e+01,
       6.6068804900174118e+00, -7.3071223464321298e+00,
       2.7849922309613309e+00, -5.5341414310904402e-01,
       2.6234263703575843e-03, 1.0098854203229923e-01,
       -4.1595404643047273e-01, -5.5024313141254340e-02,
       1.7558623986823233e+02, 8.2261578169813981e+02,
       -6.2414922984305875e+01, -1.4139215672904226e+02,
       1.2261412267625635e+01, 2.7550646117034916e+02,
       9.2693346119248528e+00, 4.0875709588624760e+00,
       3.2133927642601203e+00, 6.1232363764372906e+00,
       -1.7430504985436528e+00, 3.1495682262156099e-01,
       8.2322552920880560e-03, -1.0130863184510233e-01,
       2.7763482213195001e-01, -8.5762445052763966e-02,
       -6.4479029373173491e+00, 1.5876707970977515e+02,
       -9.0386252146514003e+00, -3.3222293322912002e+01,
       -1.0173539696202610e+01, 9.2693346119248528e+00,
       2.6102793249108785e+01, -8.5340467014895671e-01,
       2.1440952821554591e+00, 2.6365933904506789e+00,
       -1.3152837623046768e-01, 1.0743548325888623e-01,
       -3.8415737998620303e-02, 2.5013471430624688e-02,
       7.3988738056780991e-03, -1.0324857361875793e-02,
       -3.5890555572700428e+01, 2.2248748530615998e+01,
       1.6296589407937095e+01, -3.0085772060688861e+01,
       1.0482560458566320e+01, 4.0875709588624742e+00,
       -8.5340467014895649e-01, 1.8703105807806395e+01,
       3.7852899771177428e+00, -3.1924339259569017e+00,
       -7.8152205274776412e-02, 3.3903794106193201e-02,
       -5.0622372489894825e-03, -5.3874347793087349e-02,
       1.9922350478900234e-02, 4.8983469689445891e-03,
       1.5905614338139793e+01, -2.5803973022196349e+01,
       1.1589761200215166e+01, 2.5643177023124624e+00,
       6.6068804900174127e+00, 3.2133927642601212e+00,
       2.1440952821554595e+00, 3.7852899771177428e+00,
       7.8932221695900457e+00, -4.5377357918123513e+00,
       2.4724382338453688e-02, -6.2006869090926932e-02,
       1.3693173533024919e-02, -6.4677429728647151e-02,
       -9.3022240840301192e-03, 7.0633670227278050e-03,
       2.1782129400010380e+01, 6.4794596130250554e+01,
       -4.8385125321722997e+00, 3.6526516485006106e+00,
       -7.3071223464321289e+00, 6.1232363764372906e+00,
       2.6365933904506789e+00, -3.1924339259569021e+00,
       -4.5377357918123513e+00, 5.0362224445237267e+00,
       -1.1535649001293900e-01, 3.6618007294156207e-02,
       9.2413867870740993e-03, 5.0045559834080836e-02,
       2.0450746554413353e-03, -1.1082793968976592e-02,
       -4.6237966069205090e+00, -1.4182003311084401e+01,
       2.7907702438622568e+00, 3.4255414464457905e+00,
       2.7849922309613309e+00, -1.7430504985436528e+00,
       -1.3152837623046768e-01, -7.8152205274776440e-02,
       2.4724382338453688e-02, -1.1535649001293904e-01,
       5.2901205547615314e-02, -6.8722621771672692e-03,
       7.8324022718599982e-05, 2.6020043200366575e-03,
       -6.8807413487039105e-03, 3.7112985828745569e-04,
       -3.6791898845283905e-01, 2.8853274896293692e+00,
       -3.2286743180792679e-02, -1.3668275141623181e+00,
       -5.5341414310904391e-01, 3.1495682262156099e-01,
       1.0743548325888623e-01, 3.3903794106193201e-02,
