%YAML:1.0
means: !!opencv-matrix
   rows: 28
   cols: 9
   dt: d
   data: [ -1.7700767045699180e+02, -1.0720695159509789e+02,
       4.7744845012408305e+01, 3.9002243500511540e+01,
       -3.4047985560091824e+01, -1.9325182587986622e+00,
       -2.3977356283300364e+00, -8.1840671642590102e-01,
       -1.0830579195922019e+00, -2.6209789576947021e+01,
       9.9689132592396081e+00, 1.9297616779978522e+01,
       -5.2398901148472410e+00, 1.6283075030241577e+01,
       1.0719677395904290e+00, -5.5996085664604891e+00,
       1.7738026691193902e+00, 5.9491546667236959e+00,
       1.3098196564838235e+01, -2.3683522644796327e+02,
       8.9219888982654219e+00, 7.5767766311959036e+01,
       -9.5098337923160892e-01, -3.1648373969881572e+01,
       -3.3089243110418267e+00, -1.1540873311347437e+00,
       4.7552161765187079e-01, -1.3427801948113310e+02,
       1.3079116091566144e+02, 1.1137749486928637e+01,
       -5.4005014086387625e+01, -2.5174285442931794e+01,
       -4.2966579185208023e+00, -3.3062535465192355e-01,
       -1.2019178620506510e+00, -5.8599452682134190e-01,
       8.4701746549190361e+01, 1.2411041711412283e+01,
       -2.2760044732157194e+01, -1.8357327477914808e+01,
       -4.1301743843477086e+00, -2.1299564869680456e+01,
       -8.9529994129095858e+00, 3.5550941631223809e+00,
       6.8796974676052587e+00, 1.2835133611336425e+02,
       -8.0018951399551455e+01, -4.9665958994495853e+01,
       -4.2317274735332326e+01, -2.5799580862115983e+00,
       -1.9481687602640023e+00, -3.4971894741300769e-01,
       -1.5083026256610074e-01, -6.0144269974839792e-01,
       9.2258379032000605e+01, 9.1451031404933303e+01,
       -3.7881444113595997e+01, -2.8951411096755340e+01,
       -8.7340376761935481e+00, 2.0350945528336863e+00,
       1.7323098404268655e+00, -5.1941696386045411e-01,
       -2.6284947497924227e-01, 1.7977478606628995e+02,
       9.7805077463099437e+00, -4.6573487090112025e+01,
       1.5974097312281188e+01, -1.2817239402628021e+01,
       -9.3812163347740771e+00, -4.2127222451702745e-01,
       1.8020957159532788e-01, -9.9098734118338883e-01,
       1.6306044710463613e+01, 5.0354701163562261e+00,
       -1.4455575981153906e+01, -1.1159530147639991e+01,
       2.9155956491496887e+01, -8.4985448845185338e+00,
       1.7379688413416789e+00, -1.3054085008440102e+00,
       -6.1635532338918919e-01, -2.0041416500159525e+02,
       -2.1084011014451075e+01, 4.8283284893706366e+01,
       -1.9160280999189161e+00, -1.4174966344865522e+01,
       -6.7976622273960907e-01, -9.5508220067311841e-02,
       9.7301632350878953e-01, -1.2365049436585471e+00,
       1.1719664850745836e+02, -2.7571079619685811e+01,
       3.9930990858202044e+01, 5.7547745125814043e+00,
       1.2040105317547372e+01, 4.7984274936698794e+00,
       5.9735238445625727e-01, -6.4764835832691015e-01,
       -3.1393357223178342e-01, 9.3183634488463312e+01,
       -6.3240362804516337e+01, -1.7234901632757097e+01,
       4.5643087268553863e+01, -2.3085408787458899e+01,
       1.3062607511294589e+01, 1.4018667427832190e+00,
       -5.1795915162821649e-01, -4.0167176456370279e-01,
       9.9299329848586368e+01, -4.6072110281483951e+01,
       -2.1928267814044542e+01, 3.6324097509488460e+01,
       -2.7593351788751423e+01, 2.3530725319512040e+01,
       1.1849729133000522e+00, 1.3289904259325487e+00,
       5.1195648308218555e-01, -7.0053329071169188e+01,
       1.0246078665084870e+01, 2.4659031932890631e+01,
       -6.0596086134575424e+00, 2.0381139995349514e+01,
       1.3327153478922806e+01, 2.2455429673926548e+00,
       9.1638417676744965e-01, -5.4263688425073717e-02,
       2.5933313555479025e+01, 1.3630630953055376e+02,
       -2.4010070517526401e+01, -5.5008930404755283e+01,
       -1.1318759204455436e+01, 2.6671702827477484e+00,
       2.1514691868831068e+00, 2.3861138556309375e-01,
       -3.7782145567338957e-02, 7.7909575258424169e+01,
       9.6668981964805326e+01, -3.0392918480707724e+01,
       -2.7538902510843407e+01, -6.8294455706486701e-01,
       -9.3788297060224721e+00, -1.3790836876523527e-01,
       -6.4254476827088758e-01, -1.0118439206383885e+00,
       1.1497705280081811e+00, -2.8653885223003314e+01,
       -4.3024394543821543e+01, 3.3088039350662591e+01,
       1.5641675374002714e+01, 6.5068513518175033e+00,
       7.4230644686384362e-01, -4.4283681510677630e-01,
       -2.2719113640232444e-01, -1.6336436435232341e+02,
       5.2565369247773106e+01, 3.3133034915639506e+01,
       -3.4449416535645057e+01, -4.4192532023768507e+00,
       -4.4533509779034333e+00, -5.0425051408683648e-02,
       1.2592561025575759e+00, -1.1537150399010208e+00,
       9.3022904612214337e+00, -4.3880062787842824e+01,
       1.8813404457406541e+01, 1.9489468160128620e+01,
       4.0117271036868402e+01, 8.1610878172939061e-01,
       9.6365691343496696e-01, -9.3627248029186716e-01,
       -3.2113255434725962e-01, 1.3756821893278610e+02,
       7.5163295338002163e+00, -3.5960473393657367e+01,
       2.3701320478614399e+01, -8.5187502975002367e+00,
       -6.9805808394748343e+00, -1.6551243002987539e+00,
       -6.0860085668793329e-01, -6.8305711660632706e-01,
       -4.1783594164570266e+00, -1.2600758098470834e+02,
       2.4735053514190817e+01, 5.3180666137986876e+01,
       2.7839029413203754e+01, 3.7073764998572183e+00,
       9.5234384806310890e-01, -1.3679681771555217e+00,
       -5.9311918779617079e-01, 4.6006927737962862e+00,
       8.9542474780390393e+01, -1.0239000285150844e+01,
       -4.2806744555792946e+01, 1.2130425399230623e+01,
       -3.3248525289422708e+00, 1.5290241346354190e+00,
       -1.3257206095463220e-01, -3.4302708621096656e-01,
       -8.1268275212286852e+01, 1.0564177970515145e+02,
       5.1272096545713390e+00, -5.2834786283441701e+01,
       2.2242211672213985e+00, 5.0658304374283167e+00,
       1.6651879193586825e+00, -1.8144022545369276e-01,
       -1.7992423762317769e-01, 5.0988486336662098e-01,
       3.1043339673939315e+01, -1.5680349878007112e+01,
       -3.7415071330885056e+01, -1.8411181622857654e+01,
       -8.5193686247288252e+00, -1.3292330953707268e+00,
       -2.0175451910685309e+00, 4.9338265234732273e+00,
       -1.0897178614906962e+02, -4.7104460643440952e+01,
       3.5648190933446095e+01, 1.8923878857765590e+01,
       2.5848572452556984e+00, 1.6380747323948011e+01,
       1.5723951249211927e+00, 1.3411069733657253e+00,
       -2.3293397219387352e-01, 4.7139037914046886e+00,
       -2.1102021313354200e+01, -2.0376572824126531e+00,
       4.9070184756000961e+00, -9.2799259865726960e+00,
       -9.7328699599394142e+00, 1.8572170220723808e-01,
       -2.2226346181732012e-01, -1.2207781344257735e+00,
       -1.4574788878857305e+02, -1.1245705401421446e+02,
       4.5888278276722637e+01, 2.5730842038580739e+01,
       -1.8410191716932612e+01, -2.7851622923295011e+01,
       -5.3900525968104969e+00, -9.8253068586511372e-01,
       -1.7895848048102800e+00, -1.8955610200842654e+02,
       -2.4073014695242147e+01, 3.4239048655362787e+01,
       -1.0324180390356165e+01, -4.5614381467757807e+00,
       -4.7245603759545265e+00, -2.7426161152305215e+00,
       -1.7854001530215827e-01, 4.3493771518419662e+00 ]
