%YAML:1.0
means: !!opencv-matrix
   rows: 2
   cols: 5
   dt: d
   data: [ 9.9176736204934357e+01, -1.1506212025568999e+01,
       -2.7272093090519402e+01, 3.7936518550043603e+00,
       -1.0051395873638064e+01, -7.5331017810855897e+01,
       8.7431365704898205e+00, 2.0712434272170157e+01,
       -2.8818341575603359e+00, 7.6362565645304956e+00 ]
covs: !!opencv-matrix
   rows: 10
   cols: 5
   dt: d
   data: [ 6.3688184652881419e+03, 1.0722692355619176e+03,
       2.5464329129606517e+03, -3.9530119545394422e+02,
       -3.2333432265275064e+01, 1.0722692355619176e+03,
       8.0297182204395676e+03, -3.0748722131854146e+02,
       7.9575220224489919e+02, -2.1730862503387735e+02,
       2.5464329129606513e+03, -3.0748722131854140e+02,
       2.6784526418867777e+03, 1.4758410377548955e+02,
       -1.0094291996205047e+02, -3.9530119545394439e+02,
       7.9575220224489919e+02, 1.4758410377548955e+02,
       2.3941034246779118e+03, 1.6452831118726144e+02,
       -3.2333432265275064e+01, -2.1730862503387729e+02,
       -1.0094291996205048e+02, 1.6452831118726144e+02,
       1.4976136975315018e+02, 1.2832556841398253e+04,
       7.1094647372789257e+02, 1.6805461538307636e+03,
       -2.0261561478513505e+02, 1.3569711755284163e+03,
       7.1094647372789257e+02, 1.0916060698185702e+04,
       -1.8588541966563551e+02, -5.4606438060950222e+02,
       1.0446560232617887e+01, 1.6805461538307636e+03,
       -1.8588541966563545e+02, 2.7354495538539582e+03,
       2.6176024774175193e+01, -2.8970379283623492e+02,
       -2.0261561478513505e+02, -5.4606438060950211e+02,
       2.6176024774175168e+01, 2.7915252717507269e+03,
       -7.3998371966221555e+01, 1.3569711755284163e+03,
       1.0446560232617891e+01, -2.8970379283623487e+02,
       -7.3998371966221541e+01, 4.4776912763142195e+02 ]
weights: !!opencv-matrix
   rows: 1
   cols: 2
   dt: d
   data: [ 4.3167249687066933e-01, 5.6832750312933822e-01 ]
pca_proj: !!opencv-matrix
   rows: 5
   cols: 21
   dt: f
   data: [ 4.36961316e-02, 8.50134730e-01, 1.73015636e-04,
       6.54514134e-02, 4.60692108e-01, 2.29939164e-04, 7.67599978e-03,
       1.46649793e-01, -1.37564148e-05, 1.21663406e-03, 1.30500361e-01,
       -5.45994153e-05, 8.06188770e-03, 1.42052382e-01, -2.12945142e-05,
       -2.45414903e-05, 9.56867734e-06, -1.94090262e-06, 3.13729906e-05,
       4.34020360e-04, 2.32224409e-07, 7.68702388e-01, -5.10314330e-02,
       1.14127281e-04, 4.21110362e-01, -3.83849256e-02, 4.02935693e-05,
       2.81941950e-01, -1.35209868e-02, 1.95932400e-04, 2.66951323e-01,
       -4.70317341e-03, 2.29704310e-04, 2.76557714e-01, -1.55316098e-02,
       2.11025646e-04, -3.74769334e-05, 5.54774260e-06, -7.89335627e-06,
       8.86836962e-04, -5.85095040e-05, 1.91629806e-04, 1.28585771e-02,
       -3.46314937e-01, -1.22481215e-04, -4.01510373e-02, 1.58088982e-01,
       -1.45607672e-04, 1.89476740e-02, 5.27356327e-01, 2.33430081e-04,
       1.79703757e-02, 5.36674440e-01, 2.90960423e-04, 1.17339585e-02,
       5.35117626e-01, 2.47836346e-04, -7.02231409e-06, -3.17391914e-06,
       2.59759432e-08, 1.54912759e-05, 1.72088097e-03, 2.08691781e-04,
       -5.93480825e-01, -8.48098937e-03, -8.88030772e-05, 2.05370650e-01,
       3.40346433e-02, 1.63823628e-04, 4.45453286e-01, -5.44621795e-03,
       -1.30590008e-04, 4.45820451e-01, -1.72652975e-02, -2.10900864e-04,
       4.54801619e-01, -3.90723068e-03, -1.75610170e-04, -1.74471352e-05,
       -6.38676829e-06, 1.65030560e-05, 1.38473080e-03, -5.51051289e-06,
       -1.34489819e-04, -4.15651649e-02, -3.88010889e-01,
       -1.59748225e-03, 2.57949054e-01, 8.27547431e-01, -5.50693134e-04,
       -8.53880048e-02, -1.33590102e-01, -3.55328375e-04,
       -8.88043940e-02, -1.88108414e-01, -3.67236295e-04,
       -7.92043582e-02, -1.47186622e-01, -3.09964700e-04,
       -2.68626522e-04, -4.51062988e-05, -9.29085581e-06,
       -3.75579461e-04, -5.09061909e-04, -3.50576767e-04 ]
pca_mean: !!opencv-matrix
   rows: 1
   cols: 21
   dt: f
   data: [ 2.07625534e+02, 2.55653595e+02, 1.54502928e+00,
       2.18915131e+02, 2.60592743e+02, 1.67241716e+00, 2.65274475e+02,
       2.24016678e+02, 1.71669352e+00, 3.19420807e+02, 1.63929108e+02,
       1.75046074e+00, 3.16613464e+02, 2.25532654e+02, 1.70717156e+00,
       1.08872897e-04, -9.74175637e-05, 6.24380555e-05, -2.17504916e-04,
       -2.50119597e-01, 1.75055194e+00 ]
gamma: !!opencv-matrix
   rows: 2
   cols: 1
   dt: d
   data: [ 9.2581851910605029e-01, 9.4304270087885400e-01 ]
