%YAML:1.0
means: !!opencv-matrix
   rows: 18
   cols: 11
   dt: d
   data: [ -9.3285700197995283e+00, 6.3297035656043477e+01,
       2.4181865756682686e+00, -3.1195479882369256e+01,
       -2.1622524149564382e+00, -6.1024571143884545e+00,
       -5.9498746884979727e+00, -5.3955092074555067e-01,
       5.2259770907146734e+00, 1.7192371402099624e+00,
       2.1104385968412445e-01, -1.3292318396206096e+02,
       -4.1783010047701232e+01, 4.0765466944418428e+01,
       1.2838890063113457e+01, -1.3028422015307515e+00,
       7.2654757915050965e+00, 8.0418813701041947e-01,
       1.1193554599802638e+00, -8.4359145216846398e-01,
       4.0697536851384795e-03, -4.3131215390431431e-02,
       -1.7008188175106685e+02, -1.1585629574850468e+02,
       4.7177572196613063e+01, 4.0917761129797846e+01,
       -3.3891587104316159e+01, -3.4357586761969916e+00,
       -4.2897597515656072e+00, -8.4800061891469791e-01,
       -1.4341228731826164e-01, 1.1220813733859936e-01,
       1.1325661483143469e-01, 3.0566100937637994e+01,
       9.3153798642118915e+01, -2.0251136073265066e+01,
       -3.8018238165321257e+01, 4.3395067923180735e+00,
       -3.1375728759727806e+00, 8.5146786658599505e-01,
       -4.4819796177291288e-01, -3.6726227935809524e-01,
       2.0194939136910453e-01, 1.3356655424101566e-01,
       3.5720400166076047e+01, 7.9381994380175023e+00,
       -7.5973013883402984e+00, -1.6340644738244961e+01,
       4.3027438606064532e+00, -1.2322956414110104e+01,
       -6.9311859367459991e+00, 2.5250686980679546e+00,
       6.6318242744018479e+00, -1.0909671560363225e-01,
       -1.0112137781730614e-01, 8.4606469719202995e+00,
       6.1758844222841532e+01, -1.4272278688083446e+01,
       -3.0534903237344420e+01, 1.5180907468325178e+00,
       -2.9695267199831807e+00, 1.2201236369864261e+00,
       -2.2343172841829162e-01, -6.7755472673211181e-01,
       -2.0760335008771144e-01, -2.0115956216893674e-01,
       -1.5779154971932593e+02, 4.6866826198217318e+01,
       3.4405356968099383e+01, -3.1366650308843806e+01,
       -2.7240388062131764e+00, -7.8803735208897996e-01,
       7.1335927182663517e-01, 1.1111011579792123e+00,
       -1.0183917934149116e+00, -3.0466134303949701e-02,
       -2.7053561663641170e-02, 1.0093765214437754e+02,
       -4.3840827375547150e+01, -2.1219247920777235e+01,
       3.7251422305012355e+01, -2.7446472536235387e+01,
       2.2961797560450389e+01, 1.0421582916017464e+00,
       1.3235072119859350e+00, 4.6861227269903238e-01,
       5.1914717260955985e-02, 1.5020633937887642e-01,
       1.7569718884046398e+02, 1.2215104266200525e+01,
       -4.4385768309302840e+01, 1.2799291514641112e+01,
       -1.0002089161541104e+01, -8.0751183579204042e+00,
       -5.7199634493689910e-01, -1.9202383015465815e-01,
       -8.8155553793115582e-01, -1.3541350263765644e-02,
       9.0029794958180517e-02, 1.0322926665823299e+02,
       -6.5198823702025797e+00, -2.2212325871786224e+01,
       1.0671838420888404e+01, 4.8963473044824486e+00,
       -4.3492001939630187e+00, -1.0544174742346589e-01,
       -3.6888311394327206e-01, -6.2340662611979503e-01,
       5.3989216394995473e-02, -3.4564060530365828e-02,
       -9.0424461760077612e+00, 2.7123496609433211e+00,
       1.9510967628750848e+00, -6.4736570120343604e+00,
       3.4537304198278186e+01, -5.5091597244695425e+00,
       1.8433182167970411e-01, -9.7497294170223792e-01,
       -5.3024935588725097e-01, 2.5363609207096405e-01,
       1.7163951882436315e-01, 7.5671071502289749e+01,
       -7.7346678822654695e+01, -1.2726032633062077e+01,
       3.6159369299201373e+01, -1.4833874175777964e+01,
       -9.1835247449993958e+00, 5.2052702001363060e-01,
       -1.7586228345142942e+00, -1.3153441022562244e+00,
       7.5333917544678541e-01, -3.7883729744555039e-01,
       -2.0322410654004088e+02, -1.9862358775882836e+01,
       4.0818640822946492e+01, -1.1995486868155004e+01,
       -9.4455914209695546e+00, -7.4585330666472673e+00,
       -1.8717585657267704e+00, -1.4690113288924403e-01,
       2.0418002930789934e+00, 3.4630822408089168e-01,
       -5.5193990087295690e-02, -2.4036963119740754e-01,
       -1.7261173767873669e+02, 1.4748737358538811e+01,
       6.2368241313873071e+01, 7.9212388891485634e+00,
       -1.6463172149630093e+01, -1.9005492284493757e+00,
       -8.3073641715600788e-01, 4.4070747042118968e-01,
       -1.0410476897446881e+00, -4.9341026204034584e-02,
       6.9673430542696622e+01, -7.1745853386562246e+01,
       -9.4881496525556326e+00, 4.5576830313715547e+01,
       -1.0085346551764165e+01, 2.7770607357844636e+01,
       2.6937571134034024e+00, 5.7795868660354976e-01,
       2.9807957667563939e-01, -1.4564024985184959e-01,
       -1.8048074153969852e-02, 4.0557222868161604e+00,
       -5.4873916130777339e+01, 1.6898078804353016e+01,
       2.1039774931506699e+01, 2.9798396531511919e+01,
       1.0408781010954902e+01, 1.7824306892433277e+00,
       -7.9264635987634702e-01, 1.4777165705925053e-02,
       3.1773055348070026e-02, -1.6200186900944290e-02,
       3.5067836003707910e+01, 1.3289875619755901e+02,
       -2.7012158320784973e+01, -5.3745831725794545e+01,
       -1.0232067965987062e+01, 2.7752062350636311e+00,
       2.1261704286762422e+00, 4.8081187987548180e-02,
       -1.4920026519371921e-01, -2.3060467933588075e-01,
       -1.2971189695616432e-02, -1.1815043770607279e+02,
       1.2528558695284337e+02, 7.8944939876726004e+00,
       -5.4722059735547823e+01, -1.4694460920624010e+01,
       -1.4487557966962966e-01, 7.3818164929839936e-01,
       -2.9904566219520767e-01, -4.7245996008594221e-01,
       -3.7708362313170257e-01, 1.2113852866882047e-01 ]
