%YAML:1.0
means: !!opencv-matrix
   rows: 38
   cols: 4
   dt: d
   data: [ 2.0369103620353712e+02, 1.3992032222097560e+01,
       3.3240173591731441e+01, -2.3656463661557179e+01,
       -1.8704883732082416e+02, 3.7172705970571080e+01,
       5.6350669459532966e+01, -3.5109979954423949e+01,
       -6.9261649607217182e+00, -3.9457968831715902e+00,
       -7.6698482924930858e+01, 7.0140522181619843e+01,
       8.8770835127025038e+01, 1.4875498598707823e+01,
       -4.6505995647329730e+00, 8.2570455727627149e+01,
       1.6856681574252261e+00, 1.8409988078439611e+01,
       -8.6752448138687740e+01, -3.3600720979789095e+01,
       3.9585307558057821e+01, 1.0140610557634284e+02,
       3.8637949654608633e+01, 3.0797323802444751e+01,
       -1.4834071044542034e+02, 1.0003093978023543e+02,
       1.9124296748671771e+01, -1.0753879142821477e+01,
       3.8525080174757456e+01, -5.6843623580644476e+01,
       -9.7187799103315513e+01, -7.6495532577261267e+00,
       8.7648200228843450e+01, -1.3668643054127648e+01,
       7.6574307706776679e+01, -4.3217936074970655e+00,
       -1.8381942591353254e+02, 7.3849211992246424e+01,
       2.4506444039532489e+01, 5.8234113033817309e+01,
       1.9856889176799129e+02, -1.1266640484761602e+02,
       2.5562680757650377e+01, -2.3334249644266567e+01,
       -8.1616013187398906e+01, 1.0953463128054347e+01,
       8.7481685027781211e+01, 6.1176002222115315e+01,
       -9.7258463056205272e+01, -1.5501232190925842e+02,
       -5.2173359413659959e+01, 2.6373033294999601e+01,
       4.7721471008500082e+01, -1.4979369541102855e+02,
       3.8008679512799087e-01, -6.3361487196754203e+00,
       1.1107047004437737e+02, 9.7542747753569344e+01,
       2.0373991555854648e+01, -1.0745093430222457e+01,
       5.7251565138778602e+01, -9.5680332906153950e+01,
       -2.0636898294223073e+01, 3.8247553679936267e+01,
       -5.5312115465492717e+01, 1.0348068607946803e+02,
       9.6562074332473117e+01, -5.8828180938435377e+00,
       -8.6233326147386194e+01, 2.6705098714524361e+01,
       -5.2536349064817465e+01, -1.6411425897862706e+01,
       -2.7648497541779733e+02, 1.1938643924010572e+02,
       -1.5300984598500849e+01, 6.7551527755524465e-01,
       1.4158943318533900e+02, 1.1120791250335601e+02,
       -2.3022389289540417e+01, 4.0823823347660699e+01,
       5.0427900258708853e+01, 1.0152735077949472e+02,
       -8.1032415552574491e+01, 7.3094531154443354e+00,
       -5.1718415140859513e+00, -2.7109654924643149e+01,
       2.5765434085813755e+01, -1.7283617972941538e+01,
       -1.0371883036141824e+02, -4.1897593019551252e+01,
       1.0488329404586324e+02, -4.4253508911910757e+01,
       -2.7941419507242387e+02, -9.9250288646408809e+00,
       -1.8587731898947059e+01, -5.4655928598458630e+01,
       1.0041659320413613e+02, -4.8691228615098304e+01,
       -3.5615511635727009e+00, -6.1537299723162249e+01,
       9.9778362978680804e+01, -2.0100919083152057e+01,
       -2.7359194235432291e+01, -5.4424059264491483e+01,
       -1.1767213727818790e+02, -6.8274448305837382e+01,
       -6.7780174806329523e+00, -5.4056893704777330e+01,
       -9.7874044116708248e+01, -1.3884671413848702e+02,
       6.6220247741854266e+01, 2.0597137964099463e+01,
       -4.8273017925917330e+01, 1.2258500433099749e+02,
       -3.5867018512401678e+01, 3.7682330418887169e+01,
       2.0648195318143965e+02, 5.9967208597842721e+01,
       4.5773451212612557e+01, 4.7926531768537160e+01,
       1.4683750421412216e+02, 1.6637375968996245e+01,
       -3.9107342502010148e+01, -2.3060443178328547e+00,
       -6.7633669681688701e+01, -5.7059804574450936e+01,
       2.1717375215996402e+01, 5.4795169799598888e+01,
       1.4599708126924764e+02, -6.6445456326008269e+01,
       3.3698024575642314e+01, 3.6787011467789661e+01,
       1.0984128097789034e+02, 7.5330180432379564e+01,
       -1.2904219496878901e+00, -5.3464768822720190e+00,
       1.1710713447897525e+01, 2.6934517488910760e+01,
       1.7143987274588365e+01, -3.6567504434486558e+01,
       -2.0548138508626914e+02, -8.3844111142957701e+01,
       -6.3237652527264689e+00, 3.0458829375299430e+01,
       1.4831583006248238e+01, 1.3331368386450725e+02,
       -5.2530235819623705e+00, -9.5882249245570563e+01,
       1.4297247113538939e+01, -5.3527140485157844e+01,
       -6.2695491871535893e+01, -7.5574141957758698e+01 ]
