%YAML:1.0
means: !!opencv-matrix
   rows: 28
   cols: 3
   dt: d
   data: [ 1.2424578568492343e+02, 9.0176036997138553e+01,
       -1.9489489259999310e+01, -1.6854060324670164e+02,
       -3.2975003019233952e+01, 2.4868441182004290e+01,
       6.8483846919441618e+01, -6.9422437765750232e+01,
       -4.3031399808787931e+01, -7.7644501705474667e+01,
       3.3142373443781703e+00, 9.8100283572011477e+01,
       1.3108136916995494e+02, -1.3232558686666982e+02,
       1.2344725350806904e+01, -1.3716578775777285e+02,
       9.8619671973675509e+01, 8.2847530462812514e+01,
       -9.1187323193951670e+01, -7.1986910213989262e+01,
       -3.5151271759386866e+01, -5.3160032554699242e+01,
       1.1069481789446230e+02, -3.4132977880921906e+01,
       -9.3908222411008673e+00, -4.0883999827170761e+01,
       1.7044973923240558e+01, 1.9362406464390838e+02,
       7.3122509242831573e+00, 4.3813834931254576e+01,
       6.3182309854483719e+01, 1.2186279946774061e+01,
       -6.0978049791859320e+01, 1.0251335406585797e-01,
       6.4816962378506531e+01, 2.3540572933081155e+01,
       -2.3100872115889032e+02, 6.5030062206841748e+01,
       2.6193789453167280e+01, 9.6045434846900974e+01,
       -3.8833524851043045e+01, 7.8106915052443682e+01,
       7.4349200692357158e+01, 4.2103331641148507e+01,
       6.3342940405827200e+01, 6.6693759249537319e+00,
       -1.5338479810681636e+02, 1.0577344369387726e+01,
       1.7511617766089665e+02, 7.7534720811533305e+01,
       2.9939762072372258e+01, -1.5184634133074298e-01,
       2.4709817146348442e+01, -8.5211206189261247e+01,
       -1.5181656561865273e+02, 7.6948007936955378e+01,
       3.4005428786689279e+01, 5.9844067519606810e+01,
       9.7485081149757519e+01, -9.0520142983899120e+01,
       -9.4188561273168489e+01, -9.4213315513024654e+01,
       5.7042671062919410e+01, 5.0549628187397047e+01,
       1.4089383904271358e+02, 1.9154761225914353e+01,
       -8.2020519558591559e+01, 1.6543127514786963e+01,
       -6.1547093140731725e+01, 1.8043320064149688e+02,
       -5.7643140634597614e+01, 2.4444922187849592e+01,
       -1.9116873528687611e+02, -1.4416020926990325e+02,
       -1.3408508179735746e+01, 1.7715960773338186e+00,
       -1.0691097081496427e+02, -7.7238753802188327e+01,
       -2.6054501099993848e+02, 2.0214743535420180e+01,
       -2.4710287583308471e+01, 1.2454042830349300e+02,
       -1.8637295796256886e+01, -3.0534953997514043e+00 ]
covs: !!opencv-matrix
   rows: 84
   cols: 3
   dt: d
   data: [ 3.1421955358209639e+03, -1.1137239173209628e+02,
       3.5808945889582395e+02, -1.1137239173209628e+02,
       1.8280644606684798e+03, 4.6570884770880419e+01,
       3.5808945889582390e+02, 4.6570884770880419e+01,
       1.0439655935473932e+03, 2.7801338637211052e+03,
       8.8049738728602472e+02, 8.8140926622585903e+02,
       8.8049738728602472e+02, 3.2211097445001842e+03,
       -3.2081962222897590e+02, 8.8140926622585914e+02,
       -3.2081962222897602e+02, 1.5286705917580753e+03,
       1.8557208348105073e+03, -3.1632733131794487e+02,
       2.0697414983852960e+02, -3.1632733131794481e+02,
       2.0963949407982132e+03, 1.6444118953554550e+02,
       2.0697414983852951e+02, 1.6444118953554550e+02,
       1.7460535622749944e+03, 2.0834034383623548e+03,
       3.7068256110480405e+02, -2.6510846038166000e+02,
       3.7068256110480405e+02, 8.5604718795136105e+03,
       3.1145733769399311e+02, -2.6510846038166000e+02,
       3.1145733769399311e+02, 3.2032327365725700e+02,
       2.8612653455526079e+03, 1.0723713604464792e+03,
       -6.6546945452658395e+02, 1.0723713604464792e+03,
       2.9973383248567889e+03, -6.1763766550343985e+02,
       -6.6546945452658406e+02, -6.1763766550343985e+02,
       9.7264800203143454e+02, 1.6076560985489473e+03,
       6.7303615682988641e+02, 3.6352749579824223e+02,
       6.7303615682988641e+02, 5.1793944070174393e+03,
       1.9826986316377170e+02, 3.6352749579824223e+02,
       1.9826986316377165e+02, 5.3978629273903562e+02,
       3.0053023805351145e+03, 6.7232081867736042e+02,
       2.3592255219579579e+02, 6.7232081867736053e+02,
       5.7547475427486088e+03, 8.3769436477615989e+02,
       2.3592255219579579e+02, 8.3769436477616000e+02,
       7.5391996429847086e+02, 2.5392993668404151e+03,
       4.8731572533687557e+02, 3.1927835989396408e+02,
       4.8731572533687557e+02, 6.0420085975166548e+03,
       -6.6989285619528675e+02, 3.1927835989396408e+02,
       -6.6989285619528664e+02, 5.9570492263927463e+02,
       2.3048316372730214e+03, -1.3420353476602924e+02,
       8.8138795075706571e+02, -1.3420353476602929e+02,
       2.8761148423034856e+03, -4.4042102889225959e+02,
       8.8138795075706571e+02, -4.4042102889225959e+02,
       1.5137567671071247e+03, 2.9309009700153733e+03,
       1.1723533849015619e+03, -4.6546706106157166e+02,
       1.1723533849015619e+03, 4.5762548385112486e+03,
       -7.3942164311724710e+01, -4.6546706106157160e+02,
       -7.3942164311724710e+01, 1.8036753471947563e+02,
       1.4364350044367634e+03, 1.5663437932152084e+02,
       4.7007506192070920e+01, 1.5663437932152087e+02,
       2.1235084449151127e+03, 2.9461305023519162e+02,
       4.7007506192070935e+01, 2.9461305023519162e+02,
       1.3017389008995751e+03, 1.6587996734946335e+03,
       -2.8428217614655779e+02, 7.3187744693907132e+02,
       -2.8428217614655784e+02, 2.9430696857513490e+03,
       -3.2718113679362631e+02, 7.3187744693907143e+02,
       -3.2718113679362631e+02, 1.4501429496322371e+03,
       2.4284420194840318e+03, 4.7368917013651406e+02,
       1.1919756329903391e+03, 4.7368917013651418e+02,
       8.0612418292176217e+03, -4.4397378694723818e+02,
       1.1919756329903389e+03, -4.4397378694723807e+02,
       1.0826912444037434e+03, 7.4931940813427400e+03,
       6.1713714796081251e+02, -1.7375156700812547e+03,
       6.1713714796081251e+02, 8.8249314766359821e+03,
       1.4335774492412577e+02, -1.7375156700812545e+03,
       1.4335774492412571e+02, 5.1145664017937946e+02,
       9.0936341842426043e+02, 1.8329524767720849e+02,
       4.1386624162371578e+02, 1.8329524767720847e+02,
       8.6984615807409737e+03, 2.6324129949280575e+02,
       4.1386624162371578e+02, 2.6324129949280575e+02,
       3.6572359937842322e+02, 3.6398213885612968e+03,
       2.2359285633720140e+02, -2.7977904940988032e+02,
       2.2359285633720140e+02, 2.7206039866979072e+03,
       1.6292048513868176e+02, -2.7977904940988032e+02,
       1.6292048513868178e+02, 1.7826666534005747e+03,
       2.3491392394738218e+03, -1.2082637824777521e+01,
       -4.4375105602173136e+02, -1.2082637824777539e+01,
       2.2202301057570317e+03, 3.4836034254518830e+02,
       -4.4375105602173136e+02, 3.4836034254518842e+02,
       5.0411382074429753e+02, 4.9039467670383800e+02,
       2.8584463496267216e+02, 2.7570225931250508e+02,
       2.8584463496267210e+02, 6.4960390075222904e+03,
       2.9687578138291633e+02, 2.7570225931250508e+02,
       2.9687578138291633e+02, 4.2371741380572598e+02,
       2.8858286778750057e+03, -2.4501983973388684e+02,
       8.7263045473317550e+02, -2.4501983973388681e+02,
       3.5835173699405823e+03, -2.8451955935066900e+02,
       8.7263045473317516e+02, -2.8451955935066900e+02,
       1.1009720531494106e+03, 1.3968017604592671e+03,
       1.9246076469897923e+02, -2.0311199883179739e+01,
       1.9246076469897923e+02, 1.6154448066439193e+03,
       1.4261623001984248e+02, -2.0311199883179739e+01,
       1.4261623001984248e+02, 7.0456340732047352e+02,
       2.1734011470134078e+03, 1.1261695679266079e+03,
       9.2352789208621846e+02, 1.1261695679266079e+03,
       6.4802313997064603e+03, -9.3861957457396116e+01,
       9.2352789208621846e+02, -9.3861957457396116e+01,
       7.4849583817648238e+02, 4.1428549520113602e+03,
       2.9004550654974463e+02, 7.7173702636956830e+02,
       2.9004550654974463e+02, 4.7320584164714201e+03,
       1.4376846359333875e+01, 7.7173702636956830e+02,
       1.4376846359333891e+01, 6.1932243077273495e+02,
