%YAML:1.0
means: !!opencv-matrix
   rows: 17
   cols: 11
   dt: d
   data: [ 1.0675854670422798e+02, 2.1394331288992340e+01,
       -3.0011460755232246e+01, -8.0828481080517971e+00,
       -7.2403734277540099e-01, 3.2065687238982847e+00,
       2.7379549073509479e-01, 1.4068467010100583e+00,
       3.0629616413893251e-01, -7.9191229199245844e-02,
       -6.5032319526316773e-02, -1.9754847139395866e+02,
       1.6581865761453713e+01, 4.2871095266077127e+01,
       -7.6802034076648624e+00, -8.7114525149352389e+00,
       4.3393944480748905e+00, -2.8562725689681248e+00,
       -3.4329105574002354e+00, -1.4609604316373630e+00,
       4.8849091656249460e-01, -1.6619327117174169e-02,
       -1.6483499618835708e+02, -9.0653433075029852e+00,
       4.0950888753641067e+01, 1.1366343387522560e+01,
       -5.3517912211497141e+00, 3.6879978735596155e+00,
       1.3093283133847928e+00, 1.5124731130848497e+00,
       6.9745019020579024e-01, -1.1094425745135146e-01,
       -1.2480958919578040e-01, 8.5180141927861740e+01,
       -6.4353250816568233e+00, -7.7486853630694217e+00,
       1.0849806068313004e+01, 6.6287531215777111e+00,
       1.6197525563148044e+01, -1.2505061755490306e+01,
       -7.8123570713697292e+00, -6.3802813253801647e+00,
       2.3909951091294972e+00, -9.7994448906386453e-03,
       -8.7897652664907469e+00, -5.2640182676667919e+01,
       -2.8022703079918823e+00, 3.5086172817327963e+01,
       -3.8918025552965805e+00, 1.1531033212713304e+00,
       1.7502134340605082e+00, 1.1291834932672811e+00,
       5.4207653341576600e-01, 1.6911554229276307e-01,
       -2.3779380080384180e-01, 1.9250269564379273e+01,
       5.3088809594361038e+01, -7.6344533874225649e+00,
       -4.0999546628626362e+01, 2.9068543535642202e+00,
       -1.8178415070340463e+01, 1.8097881181244115e+00,
       1.1146376233380335e+00, 1.5837226082357808e-01,
       -5.4512174367366606e-02, -3.6683834826694774e-02,
       8.1944759143878926e+01, 1.6026061307409037e+01,
       -2.3963999901778799e+01, -3.1998566091250950e+01,
       -2.6487153783375238e+01, -1.9580587781695119e+01,
       9.0151319326088708e-01, -2.3386831318054817e+00,
       2.1268091290996755e-01, -2.4136114828880319e-02,
       1.0606828717049900e-01, -8.7761128068762968e+00,
       -9.9682030257382266e+01, 1.3005416085714712e+00,
       6.4592559617753395e+01, -1.4355587900396962e+00,
       -3.0363012838635464e+00, 2.0596033158090394e+00,
       -5.6071827107264616e-01, -1.1702759822385020e-02,
       -1.1466216332577818e-01, 2.5323409692347310e-02,
       -1.5460509721956200e+02, -9.6282492409258666e+01,
       2.8154731286291792e+01, 6.1883721942393159e+01,
       -1.8061717617318529e+01, 2.3726242028856857e+00,
       -3.6401582779922387e-01, -1.8911020857675631e+00,
       6.6148807616595628e-01, -2.9700781198516835e-01,
       5.3756474628157330e-02, 3.0004612250096358e+01,
       3.0483204884789394e+01, 2.9450452666819524e+00,
       -2.4683254690343638e+01, 6.2911306655632648e+00,
       -6.8955609996484233e+00, -4.6534988049728216e+00,
       -1.2816444838923826e+00, -5.1331532942383964e+00,
       -2.3113833432626829e+00, -2.2549120585829366e-01,
       1.3464586306556873e+02, -1.8053074497005042e+01,
       -3.5739610653774022e+01, 1.4045409312058119e+01,
       -4.5268151128193965e+00, 1.2164156005142299e+01,
       -9.3254132874426265e-01, 1.2610071415479138e+00,
       2.7884939941312942e-01, -1.4704292286870126e-02,
       9.0980548360593050e-02, -1.9250345887550299e+02,
       8.5260056654319257e+01, 4.0599635270887894e+01,
       -5.0069389946715042e+01, -2.2767610385124858e+01,
       1.1980386565269297e+01, -2.7565646197719822e+00,
       1.9423812430800023e+00, 6.7859213214100766e-01,
       -6.8386256549168953e-02, 4.5221150246869707e-02,
       -4.9148836612123382e+01, -7.9424088138578846e+00,
       2.7149870732350266e+01, 2.2412420552462791e+01,
       2.1451936502515224e+01, -6.0710019785605223e+00,
       -7.0596307646568857e+00, -5.6242806095706879e+00,
       -4.1767271423429078e+00, 8.6026075765128840e-01,
       2.1530400999476263e-03, 1.2010759930880274e+01,
       -1.1148211146021231e+01, 4.9546113246727392e+00,
       1.3243892396872532e+01, 2.6061639325418355e+01,
       1.8465446198178848e+00, 7.2513503226889986e-01,
       4.7950188754470086e-01, 4.9185804387352333e-01,
       4.8147631667364937e-02, 5.5193573796727818e-02,
       1.8965586272679136e+01, 1.5491506744894892e+02,
       -4.9823539297321717e-01, -8.5631617970473769e+01,
       1.5663279875500505e+01, 1.5257045213870427e+01,
       -3.2335740140596708e-01, 2.3892961750642101e+00,
       1.8635176201915031e+00, 4.3183558382798137e-01,
       -6.0286596432553484e-02, 1.6229580365308021e+02,
       2.7104554868874018e+01, -4.3377356691376370e+01,
       -3.4680473185463377e+01, -9.5235054178528440e+00,
       1.2861415893418968e+01, 6.5794341206717666e-01,
       -3.8187640909160110e+00, -1.7183321147584849e+00,
       -3.3153659621988035e-01, -2.3738030239928098e-01,
       -6.2396808671979457e+01, 2.0422911082515309e+01,
       2.4130399709672474e+01, -2.0916891430486800e+01,
       2.0854434090499225e+01, -1.6538666650340197e+01,
       2.5011392500500640e+00, 1.1477706771310939e-01,
       1.2370420229737189e-01, 1.1221758116807073e-01,
       6.1777274490035242e-02 ]
