%YAML:1.0
means: !!opencv-matrix
   rows: 13
   cols: 6
   dt: d
   data: [ 1.2139724324096331e+02, 2.1944636707678651e+00,
       5.8557953298713386e+01, 2.7009000806242645e-01,
       1.4714702851070159e+01, 9.1887718131947893e-01,
       -9.4932881204832526e+01, 1.3615747162616889e+00,
       9.6456867095301462e+01, -3.0520757234529041e+00,
       -5.5401624187035967e+00, -3.4566875624680207e+00,
       1.1177228615354504e+02, 3.7571170134721648e+01,
       -3.2815001282924612e+01, -2.6128701406537623e+01,
       -7.8314405708807087e+00, -4.2387002444339430e+00,
       1.1701320195763804e+01, -8.5869982230923625e+01,
       -2.1177580794857437e+01, -2.0047907572970828e+01,
       1.4728259833606574e+01, 6.1782309210481472e+00,
       1.0026516778292599e+01, 9.9843717587318466e+01,
       -1.3083186895939094e+00, -6.2873879103924267e+01,
       9.0645579878433740e+00, -4.4968879150828629e+00,
       5.1774676846287456e+01, -8.5208885229714298e+01,
       -1.6486986289052929e+01, 5.6463321675677690e+01,
       -3.5086947004242477e+00, 3.9982326455050061e+00,
       8.1674658619168511e+01, 1.5903923427810980e+01,
       -2.3351035006070873e+01, -3.2388013372789302e+01,
       -2.6340178724698980e+01, -1.9844248165579032e+01,
       -6.0508902937471198e+01, 2.2457822503629398e+01,
       1.0404802963396294e+01, -1.6959331325781044e+01,
       2.7142550710015321e+01, -1.1233268234893565e+01,
       -2.0022539123217118e+02, -4.8016951494355897e+00,
       2.4320549537373996e+01, 1.0408035105654767e+01,
       -6.0809879973032492e+00, 7.5655867840348927e+00,
       1.4606328930064413e+02, 1.0167712478323319e+00,
       -4.0393558201002911e+01, 3.5022638722220893e+00,
       -5.9894300839911443e+00, 1.2469472946874307e+01,
       1.5058090604401082e+01, 5.1173149758789371e+01,
       -2.1379779971122261e+01, 3.3867103412096419e+01,
       1.2280560837717477e+01, 1.6862179600582079e+00,
       -9.1079364525912183e+01, -8.4421693854199333e+01,
       2.1724045626552616e+01, 5.5421247613520919e+01,
       -4.3002260723102481e-01, -3.2533133752910572e+00,
       -1.9357313377013693e+02, 8.1451965842831754e+01,
       3.6276616976860637e+01, -4.9294514796648095e+01,
       -2.1108598551108834e+01, 9.8970388921714445e+00 ]
covs: !!opencv-matrix
   rows: 78
   cols: 6
   dt: d
   data: [ 2.5889995097323958e+03, 3.1642730718281274e+02,
       -5.0150713952180894e+02, 5.9674625126946893e+01,
       -4.9674523599423310e+02, 2.0743830220336500e+02,
       3.1642730718281280e+02, 8.2336926072461829e+03,
       7.2606723165601650e+01, 4.7915490946366128e+02,
       2.2391679510691301e+02, -3.0329892412776451e+02,
       -5.0150713952180894e+02, 7.2606723165601665e+01,
       4.8527237706403400e+02, -4.5995295605392350e+01,
       2.0990691415905411e+02, -1.2292473183845827e+02,
       5.9674625126946914e+01, 4.7915490946366145e+02,
       -4.5995295605392371e+01, 2.0800166059203316e+03,
       -2.1900225105105412e+02, 8.7648486790426873e+01,
       -4.9674523599423310e+02, 2.2391679510691293e+02,
       2.0990691415905408e+02, -2.1900225105105415e+02,
       2.8031209487804296e+02, -5.7762450910573939e+01,
       2.0743830220336500e+02, -3.0329892412776445e+02,
       -1.2292473183845827e+02, 8.7648486790426858e+01,
       -5.7762450910573939e+01, 1.7763101712211477e+02,
       3.4476461787549383e+03, -9.0183841064761666e+01,
       1.1746619027479325e+02, 2.4550227547071202e+02,
       5.0574192780570735e+02, -5.4469794370433294e+02,
       -9.0183841064761708e+01, 7.6148662686961261e+03,
       -3.8967262655156112e+01, 1.3530403927584068e+03,
       -2.7202097362513808e+02, 9.2108954793403072e+01,
       1.1746619027479329e+02, -3.8967262655156091e+01,
       4.1758661329382926e+02, 2.9133227624394117e+01,
       -6.2831666849340976e+01, 5.3319042932701734e+01,
       2.4550227547071196e+02, 1.3530403927584068e+03,
       2.9133227624394124e+01, 1.6757394484027550e+03,
       7.5074247582774831e+01, -3.1640824761884858e+01,
       5.0574192780570735e+02, -2.7202097362513808e+02,
       -6.2831666849340962e+01, 7.5074247582774831e+01,
       1.3899892225099077e+02, -1.0614628814382588e+02,
       -5.4469794370433294e+02, 9.2108954793403072e+01,
       5.3319042932701734e+01, -3.1640824761884858e+01,
       -1.0614628814382588e+02, 2.1187434675745038e+02,
       5.7228772430755471e+03, -1.7426915099362679e+02,
       2.6285205994259854e+03, 4.0377526848158061e+02,
       -2.2870957393602529e+02, 2.4386236788583230e+02,
       -1.7426915099362671e+02, 6.7758567837260043e+03,
       3.5098498614959908e+01, 2.0410163130226549e+03,
       1.7232436708939545e+02, -8.7890965561940121e+01,
       2.6285205994259854e+03, 3.5098498614959922e+01,
       2.3995291886593322e+03, -6.1323980470402567e+01,
       -1.9635219350177803e+01, -2.5836018167853840e+01,
       4.0377526848158078e+02, 2.0410163130226549e+03,
       -6.1323980470402589e+01, 1.3250233210861870e+03,
       -1.3744238963013868e+02, 3.7428141861034845e+01,
       -2.2870957393602529e+02, 1.7232436708939545e+02,
       -1.9635219350177806e+01, -1.3744238963013868e+02,
       1.1995653165642068e+02, 1.0574071185374310e+01,
       2.4386236788583230e+02, -8.7890965561940121e+01,
       -2.5836018167853840e+01, 3.7428141861034845e+01,
       1.0574071185374310e+01, 1.9437661103910582e+02,
       5.0095373129351401e+03, -1.4855050500845106e+01,
       1.5462153764966611e+03, -1.6045446047695222e+01,
       -3.8882312494432983e+02, 2.1092679535626229e+02,
       -1.4855050500845092e+01, 4.0740165787846154e+03,
       8.8741314688340665e+01, -8.9364678957262515e+02,
       3.1526637422449249e+02, -1.0469614201745735e+01,
       1.5462153764966608e+03, 8.8741314688340651e+01,
       2.1556896464051547e+03, -5.0955446581308578e+01,
       3.0686373871053437e+01, -2.6031799009091301e+01,
       -1.6045446047695236e+01, -8.9364678957262515e+02,
       -5.0955446581308578e+01, 9.7699989738872159e+02,
       -1.6313478246757100e+02, 6.5155946408797163e+01,
       -3.8882312494432983e+02, 3.1526637422449255e+02,
       3.0686373871053448e+01, -1.6313478246757106e+02,
       2.8440221773533148e+02, 4.9911907026072830e+00,
       2.1092679535626229e+02, -1.0469614201745738e+01,
       -2.6031799009091287e+01, 6.5155946408797121e+01,
       4.9911907026072830e+00, 1.2566180843199579e+02,
       5.6091687426038625e+03, 2.4934470680443789e+02,
       2.7107619020831512e+03, 1.9563881581016511e+02,
       1.1281588001467587e+02, -2.0543972184351748e+02,
       2.4934470680443792e+02, 9.0328469743698661e+03,
       -2.8315109638949752e+02, 1.1788330996565742e+03,
       3.7660681044415600e+02, 1.1661568949840912e+03,
       2.7107619020831517e+03, -2.8315109638949758e+02,
       2.4053372923654633e+03, 3.9177162494260919e+01,
       4.0766689312968595e+01, 4.6175289105960147e+01,
       1.9563881581016511e+02, 1.1788330996565744e+03,
       3.9177162494260912e+01, 1.5601310017657695e+03,
       -1.0160515549862647e+02, -4.3948088355812177e+02,
       1.1281588001467587e+02, 3.7660681044415600e+02,
       4.0766689312968587e+01, -1.0160515549862647e+02,
       4.7820384235852629e+02, 6.1155634420389134e+01,
       -2.0543972184351748e+02, 1.1661568949840912e+03,
       4.6175289105960168e+01, -4.3948088355812177e+02,
       6.1155634420389134e+01, 5.3538726077870183e+02,
       6.2084250656612039e+03, 8.6584433415418005e+02,
       2.6771949337740011e+03, -4.5186453828398334e+02,
       -6.3315255555247376e+01, 2.8910138991001929e+02,
       8.6584433415418005e+02, 6.5929693079022754e+03,
       -3.5086345670256060e+02, 1.7786665757100352e+03,
       -3.0851687041732966e+01, 1.3728419597475784e+02,
       2.6771949337740011e+03, -3.5086345670256060e+02,
       2.6001329814396722e+03, 8.8100691802755136e+01,
       -1.3663898626038508e+02, -2.7806218014499667e+01,
       -4.5186453828398339e+02, 1.7786665757100352e+03,
       8.8100691802755108e+01, 1.4020763183551144e+03,
       -7.0205403923916407e+01, -2.6939399103919601e+02,
