%YAML:1.0
means: !!opencv-matrix
   rows: 12
   cols: 15
   dt: d
   data: [ -1.9083175691762946e+02, 7.0381927778306732e+01,
       4.1762459171244032e+01, -4.0196636528046049e+01,
       -1.9180977298006955e+01, 8.2701152236824012e+00,
       -1.7720983628929818e+00, 1.7480050679605472e+00,
       6.6942639807029924e-01, -2.9486124513725023e-02,
       2.9925478433974226e-02, 5.1860850935215412e-03,
       3.7680295866243884e-03, 3.3542323006597275e-03,
       1.0761037064261838e-02, 4.8630284156084521e+01,
       -3.7367512316180949e+01, -7.1037213650454039e+00,
       2.5875441270643691e+01, 1.1047899029298954e+01,
       4.5074863219244881e+00, 6.3141740360966880e-01,
       3.1319273125315877e-01, 2.6513191250816592e-01,
       -1.0404948036480233e-01, 2.5863976825423775e-02,
       7.7244983559942243e-03, 9.3191549013686859e-03,
       4.3968232708880943e-03, 1.9797418766008695e-02,
       -4.9609410529607352e+01, -3.7776977194152117e+01,
       2.6441724626848011e+01, 4.7395923175245358e+01,
       1.4320049615546925e+01, -8.0909267933397810e+00,
       -7.3838210125545807e+00, -2.8788416274120689e+00,
       -3.5829714685346592e+00, 1.3812045798937671e+00,
       9.9023789182277264e-02, 1.4837360613688871e-01,
       -5.0112858365384615e-02, 3.3279351858417919e-02,
       -3.9200055005421945e-02, 1.7247797739684799e+01,
       1.4625157357952656e+02, 8.4437959978806043e-01,
       -8.2341226905621070e+01, 1.8165959878758599e+01,
       1.0620769562027652e+01, 1.4603919679983232e-01,
       2.3095642965870136e+00, 1.6650290146300495e+00,
       4.9406772935185672e-01, -3.9422909725462980e-02,
       -3.2660503869310888e-02, -6.1716539535363213e-04,
       -9.0616466171336858e-03, -6.9642988793636715e-02,
       8.1106303817117961e+01, 1.6409940823454647e+01,
       -2.3879658878126264e+01, -3.2838020669768582e+01,
       -2.5693375747240172e+01, -2.0270840354827559e+01,
       1.0367142229105621e+00, -2.6527666978243811e+00,
       2.5221607948933106e-01, -2.7758074270593680e-02,
       1.0226561821461620e-01, -6.4794363663697261e-03,
       1.1603364825870739e-03, 3.1573616970960740e-03,
       1.5715776952674593e-02, -1.6019414004887324e+02,
       -6.6457424573726200e+01, 3.5356248840601189e+01,
       4.3502506778721703e+01, -1.2130565220466108e+01,
       1.4551288229202286e-01, 5.1920769787843490e-01,
       -1.6134420558405899e-01, 5.2034053359537891e-01,
       -2.2835555983180858e-01, 5.0194791020115530e-02,
       -7.1314901690731581e-03, 5.0324702292939326e-04,
       -8.2959410238486533e-03, -9.1367678327452743e-03,
       1.3649192729913145e+02, 8.3685557079635000e+00,
       -3.7651482662169670e+01, -1.1610737581054531e+01,
       -1.4800272137813140e+01, 7.3518267387285063e-01,
       -4.8888702776116476e-02, 2.6753212379841452e-02,
       4.4299102340852370e-01, -1.3270381772225803e-01,
       4.6692295437598043e-02, 1.4384347650028050e-04,
       -1.7375463734589506e-03, -4.3663911697367228e-03,
       -8.1610840394631488e-03, 4.4335211821231852e+01,
       2.1389892434304905e+01, -4.2052269968133658e+00,
       -1.9476156833300962e+01, 9.7479178438853928e+00,
       -4.4155235420853967e-01, -4.5163980933347476e+00,
       -3.7435562847129820e+00, -4.0928236003800640e+00,
       -3.8553523131710998e-01, -2.2746439937147192e-01,
       -1.0007455366071524e-02, -3.1341574502843056e-02,
       -7.8379210294233607e-03, -2.7220552968254745e-03,
       1.2105739340984375e+02, -1.4183987248548051e+00,
       -3.5984966663563284e+01, 5.8007056831719659e+00,
       -6.2255604432736575e+00, 1.2463639431196826e+01,
       -4.6472332494829853e+00, -2.0551531854698085e-01,
       -6.9878668014877054e-01, 5.9111724342099270e-01,
       2.6630496749416516e-01, -4.3349392834937939e-02,
       -3.0454175958944941e-02, -1.6922680268669152e-02,
       -5.2033076209524798e-02, -8.8571889448236529e+00,
       9.6045956762693905e+00, 2.6284288760467960e+00,
       -4.4399732267169307e+00, 1.0031746285320914e+01,
       -9.2096680149822490e+00, 2.0169568387593269e+00,
       1.0006280757810870e+00, 4.3049444229824591e-01,
       1.0035784441849069e-01, -5.8906424512545456e-02,
       1.5132529819663008e-02, 9.4524231860975826e-04,
       2.1875833814655409e-03, -9.7752462913906976e-03,
       1.3828105803527004e+02, 5.2457362370718608e+00,
       -3.7930716766915289e+01, -3.9755848223382775e+00,
       -4.9411493160813738e+00, 1.4396322601084938e+01,
       -8.2779565238245956e-01, 1.4204012755174691e+00,
       -1.2678704927018680e+00, -4.8890467581487640e-01,
       -2.2705109101813409e-02, -4.5508550899376082e-02,
       1.7349861274326133e-03, -1.4487778976199839e-02,
       1.1735925794721734e-02, -1.6784201969591081e+02,
       7.5895800930413495e+00, 3.6060527646108937e+01,
       3.5675004016412859e-01, -3.2704766006105457e+00,
       8.5520009058275850e+00, -2.1170361115924190e+00,
       -3.4793827362605860e+00, -1.3976249434989814e+00,
       5.6099513862631434e-01, -1.9907961391361673e-01,
       -3.8515031803998658e-02, 7.3190938337885849e-04,
       5.9390484040832423e-03, 5.3332312260189474e-03 ]
