%YAML:1.0
means: !!opencv-matrix
   rows: 45
   cols: 2
   dt: d
   data: [ 5.1912268950412816e+01, -1.2626136227771507e+02,
       -8.0473313504594344e+01, 1.3776052535858901e+02,
       5.6127297179439900e+01, 5.8638563513003483e+01,
       1.5890576083006087e+02, -2.3197692501633366e+01,
       -1.2519898775672684e+02, -3.2037436803023603e+01,
       -2.7744963903105770e+02, -6.7695655852889672e+01,
       -7.8181929869356850e+01, -1.4614373873862286e+02,
       -2.9296581852251495e+02, 1.2030564266862210e+02,
       1.0302081560960092e+02, 9.8552159980172206e+01,
       3.2254657854921199e+01, -5.3529317199277990e+01,
       -7.4034180539371404e+00, 7.2438608071829293e+01,
       1.3791145755840910e+02, -9.0365737109357170e+01,
       -1.2170122005053898e+02, 2.5233033671380969e+01,
       -1.1620138877916831e+02, -2.1126646017566947e+02,
       3.0856120059288489e+01, 2.3411420660986050e+02,
       -6.3920572074597047e+01, 1.9412605298959980e+00,
       1.8660469023315403e+02, 3.0420055221049608e+01,
       2.0951173985309742e+02, -9.4897205121025650e+01,
       -2.0580750741492267e+02, 1.6545716741532067e+02,
       -1.5544490598500724e+02, -1.2133035873186769e+02,
       -2.7227576432917533e+02, 1.4481748826032392e+01,
       7.2321768979512498e+01, 1.5252642961822613e+02,
       -1.0547969441023250e+01, -1.7358273203315332e+02,
       5.6801305099016460e+01, 8.3617117526513873e-01,
       1.0166547078593372e+02, -3.4415677307341717e+01,
       -2.0305205585456935e+02, -4.7670799999707590e+01,
       -8.7798188296637292e+01, 7.1528951131075871e+01,
       -9.1941965574678051e+01, -8.2082689370699811e+01,
       2.1882994841684044e+02, 9.4181407917918392e+01,
       -2.6297802388316128e+01, -4.8390109357162721e+01,
       -1.5144397588922828e+02, 9.5640756736703096e+01,
       -1.1438881021738023e+01, -1.0367431040056925e+02,
       -2.2591595747248104e+02, -1.4098027543390538e+02,
       -1.9923452664319896e+01, 1.4030945843504531e+02,
       -2.2961993207054721e+02, 8.9467401074985702e+01,
       1.0698359789803216e+02, 2.6700407979506380e+01,
       1.1497430562639006e+02, -1.6597837335064023e+02,
       8.1238705589329626e+01, -7.7085024595993843e+01,
       1.5622125770735227e+02, 1.2906874538495353e+02,
       2.2483082774604648e+02, -1.9092389843876035e+01,
       -9.7648135561028866e+01, 1.6581013613965550e+02,
       1.5817899618340601e+02, 7.3925928044724827e+01,
       -1.2536821309612782e+00, 7.2871157234530948e+00,
       -1.8815913302757554e+02, 2.1571500077312283e+01,
       3.9358757846846622e+01, 1.1191745314277350e+02 ]
covs: !!opencv-matrix
   rows: 90
   cols: 2
   dt: d
   data: [ 1.4076148297784821e+03, -7.3851697494830617e+01,
       -7.3851697494830617e+01, 1.1146762812737113e+03,
       1.1986369453220536e+03, -4.4564534491728807e+02,
       -4.4564534491728807e+02, 1.5442527695342435e+03,
       9.0503401608921945e+02, 8.5510565495380078e+01,
       8.5510565495380050e+01, 6.6186553376411587e+02,
       9.2848294872661302e+02, 3.0689462765656014e+01,
       3.0689462765656010e+01, 1.5560773807069472e+03,
       1.3335907244681316e+03, 7.5909178979361201e+01,
       7.5909178979361229e+01, 9.7950282427830223e+02,
       2.1253504100702103e+03, 2.8022676789763261e+02,
       2.8022676789763261e+02, 2.6787317538254292e+03,
       1.7301347784419952e+03, -2.4475503918309602e+02,
       -2.4475503918309602e+02, 1.1875199078081462e+03,
       1.5720967548338401e+03, 2.1204069990583989e+02,
       2.1204069990583994e+02, 3.7771617852025488e+03,
       8.0749902461045178e+02, 1.8635564592490077e+01,
       1.8635564592490073e+01, 8.4239750092732061e+02,
       7.1914791836225743e+02, -3.1510155985308415e+00,
       -3.1510155985308406e+00, 9.8903436801059968e+02,
       8.2629176668646335e+02, -2.2803565711459420e+01,
       -2.2803565711459417e+01, 8.7096967702991958e+02,
       1.1096016065394383e+03, 1.7414963192256832e+02,
       1.7414963192256832e+02, 1.4468239362993377e+03,
       1.0247550141597744e+03, 3.3792636553990512e+01,
       3.3792636553990512e+01, 7.7177662730283862e+02,
       3.2411204936118324e+03, -3.3937429873911441e+02,
       -3.3937429873911447e+02, 1.4185597620265178e+03,
       6.2773182990019823e+03, -5.2516455478833268e+02,
       -5.2516455478833268e+02, 1.5683775978043996e+03,
       7.9456916318932599e+02, 3.0884021002162717e+02,
       3.0884021002162717e+02, 1.2099401576314538e+03,
       1.3380858588067902e+03, 3.7271824834465860e+02,
       3.7271824834465849e+02, 1.0031795965815985e+03,
       1.8883203092016327e+03, 2.9766024637335136e+02,
       2.9766024637335136e+02, 2.4326637781838090e+03,
       2.5039608786264284e+03, -3.2381802834148823e+02,
       -3.2381802834148817e+02, 1.1180326889124763e+03,
       1.7399508043410160e+03, -2.0077230884187529e+02,
       -2.0077230884187529e+02, 1.5134655033536342e+03,
       1.7280361854847295e+03, -2.1566592853727363e+02,
       -2.1566592853727360e+02, 1.7364933499858998e+03,
       1.2249874319878686e+03, -6.1734386879060203e+01,
       -6.1734386879060203e+01, 7.3057354213601150e+02,
       1.9708245431705309e+03, -1.7287802037515718e+02,
       -1.7287802037515709e+02, 1.7974877680665290e+03,
       5.5207944946929956e+02, -5.5631298470867925e+01,
       -5.5631298470867939e+01, 8.2032203318044810e+02,
       8.5832224758133566e+02, -7.6339217356383898e+01,
       -7.6339217356383941e+01, 7.5148513215211938e+02,
       1.6009017727360649e+03, -1.9451711898148088e+02,
       -1.9451711898148082e+02, 1.5873835342726063e+03,
       1.0330865300357896e+03, -1.9639514046433251e+02,
       -1.9639514046433254e+02, 9.7555802164796785e+02,
       1.3540403887072339e+03, -6.2651748656145138e+01,
       -6.2651748656145109e+01, 9.3918547316668651e+02,
       1.7694709079298709e+03, 1.5815390740005745e+02,
       1.5815390740005742e+02, 1.3695035282395377e+03,
       8.2840174783953137e+02, 6.9565049065967798e+01,
       6.9565049065967798e+01, 7.9983515765930986e+02,
       1.1759906465912138e+03, -3.9879508474424313e+01,
       -3.9879508474424320e+01, 1.6381030419309161e+03,
       1.2618918488930112e+03, -4.4396125951634652e+01,
       -4.4396125951634673e+01, 1.0055304064834856e+03,
       1.3574241088169638e+03, 3.3490018101296903e+02,
       3.3490018101296914e+02, 3.3518094130419590e+03,
       1.1629735547655382e+03, -9.0462323315278557e+00,
       -9.0462323315278592e+00, 1.5091529604478592e+03,
       1.3343039377702353e+03, -1.3982753227475382e+02,
       -1.3982753227475382e+02, 1.0646355454725833e+03,
       6.7356689181780098e+02, -5.1703452032437582e+01,
       -5.1703452032437582e+01, 7.9052160228042965e+02,
       2.9459155812867243e+03, 9.1712754279251681e+02,
       9.1712754279251681e+02, 2.5517329867962530e+03,
       6.4685539082842797e+02, -8.9805859305088134e+01,
       -8.9805859305088163e+01, 8.7325671338083839e+02,
       1.4264254877665169e+03, -3.9986661651207186e+02,
       -3.9986661651207186e+02, 1.3820115442738474e+03,
       1.5187118962023608e+03, 7.0374500440565828e+02,
       7.0374500440565828e+02, 1.8690540068974938e+03,
       5.8051787458832960e+03, -2.2587517508395322e+03,
       -2.2587517508395322e+03, 5.1976401509378647e+03,
       6.6408022457244749e+02, 1.3938402868578768e+02,
       1.3938402868578768e+02, 1.3415795870268480e+03,
       7.1608139798475474e+02, 1.0118050655335210e+02,
       1.0118050655335210e+02, 8.3778480390122070e+02,
       1.1807856690458059e+03, 3.8548707938670773e+01,
       3.8548707938670745e+01, 1.3351500513223457e+03,
       1.0809409058932783e+03, -1.0335842309919788e+02,
       -1.0335842309919788e+02, 5.7635474203184833e+02 ]
