%YAML:1.0
means: !!opencv-matrix
   rows: 10
   cols: 17
   dt: d
   data: [ -4.8295040577434584e+01, -3.4745244200104470e+00,
       1.7668954138251156e+01, 3.1630468975938273e+00,
       1.9486570504259841e+01, -1.0476359664536265e+01,
       2.0413714129763560e+00, 3.7431335109475344e-01,
       2.8020691280385762e-01, 1.0666851791572243e-01,
       3.9693544840679336e-02, -2.9207005876791033e-03,
       1.1740331565852321e-03, -2.6938371643526163e-03,
       -7.3857571638005466e-03, -3.6144071105987405e-04,
       -7.7643386568906469e-04, 3.0176146445594583e+01,
       5.1045120250292811e+01, -7.8164784831407923e+00,
       -2.7205111152109005e+01, -1.3145075892571410e+00,
       4.9612129573059267e+00, 1.3736035943384828e+00,
       1.7705237050156775e+00, 1.1897724328314006e+00,
       2.2418386595986806e-01, -1.9987640885166313e-01,
       2.1818918863410190e-02, 5.0094823575201879e-03,
       4.4989763486816842e-03, -4.3423199024924461e-02,
       1.1323003649318162e-02, 2.5018025032945077e-03,
       6.8246672512894676e+01, -2.4244509062210803e+01,
       -1.5783424856787978e+01, 1.7603224491921726e+01,
       5.9855714726736284e+00, 3.6984453633761838e+00,
       5.2130162471829022e-01, 6.3610600333901579e-01,
       2.6885441034459506e-01, -1.0221406010344324e-01,
       4.0396967286817796e-03, 1.3134662172025221e-02,
       7.1509531590847721e-03, 5.3758958019322319e-03,
       1.9127235203776537e-02, -1.9763752435619855e-03,
       1.9187807146136917e-03, -1.6248217926837580e+02,
       6.2810429265125975e+00, 3.4435973505746787e+01,
       -4.8171670950994527e-01, -1.7711216751873879e+00,
       7.5514593455897199e+00, -1.8980629290512310e+00,
       -3.5696817575839583e+00, -1.4850958096534694e+00,
       4.6464220848070742e-01, -2.1367759221703297e-01,
       -4.2193640028192113e-02, 3.6460344206453007e-04,
       4.4755923104802166e-03, 5.0946950929461020e-03,
       1.3848034731922122e-02, 9.2248805535777700e-03,
       1.3713771202761316e+02, -5.6424037080091862e+00,
       -3.5852362888008145e+01, 2.7563671622025270e+00,
       -6.1387896984626122e+00, 1.7911322738719406e+01,
       -3.7407306710079755e+00, -4.6371206685352268e-01,
       -2.9549306292275186e+00, -2.0038600032717413e-01,
       5.0144609334552646e-03, -6.2105277414467620e-02,
       -1.5475854490111289e-02, -1.6415263010098748e-02,
       3.8022844246350992e-03, -2.5391361130793964e-02,
       1.3538636207392155e-02, 8.1677043240417987e+01,
       1.5301636071534228e+01, -2.4115237902961979e+01,
       -3.2287885549599793e+01, -2.6536063934893832e+01,
       -1.9677963178120663e+01, 8.7389325477131019e-01,
       -2.3369498377413098e+00, 2.0652846061326530e-01,
       -4.1456494150774556e-02, 1.0575775318988280e-01,
       -4.9410853957772630e-03, 6.7902736028196172e-04,
       2.7803791870508608e-03, 1.4976818956485061e-02,
       7.2575086397960948e-03, 1.1226416130688112e-03,
       -1.9099586624908471e+02, 7.1506076403123899e+01,
       4.1740823882973373e+01, -4.0724605916274186e+01,
       -1.9332245652910640e+01, 8.4912688617463736e+00,
       -1.8625473825026666e+00, 1.7572165695295969e+00,
       6.7802063463239604e-01, -2.8785829395931609e-02,
       2.9393516545096397e-02, 5.2441920918620743e-03,
       3.8457007721414897e-03, 3.6244018340010333e-03,
       1.1190812275623753e-02, -1.0880253461750995e-02,
       -1.8282580900068563e-04, 1.2346043788609949e+01,
       5.4510693178225482e+00, 8.8524806926657718e+00,
       1.6609445109322651e+00, 1.2761359732323175e+01,
       -4.0055192020024508e+00, -6.0086632941942364e+00,
       -3.1960568727650811e+00, -4.6150718041278571e+00,
       -3.3624408275452489e-01, -1.1291763707458294e-01,
       6.1029365141685311e-02, -4.1811623155747289e-02,
       -4.5517520287323101e-04, -1.3862671336648412e-02,
       -4.0585974201159886e-03, -1.7543201909043064e-02,
       1.5019565252788706e+02, 6.7328812905978888e+00,
       -4.2179166171030630e+01, -4.6484540945070423e+00,
       -6.7020721070635139e+00, 1.0649881796971728e+01,
       -1.2770538346887372e+00, 2.3478094060981200e-01,
       5.1766006560169042e-01, 2.9184797059892464e-01,
       9.9234458966902195e-02, -5.1218926751862418e-02,
       -1.1007889123172663e-02, -1.6211941474621201e-02,
       -3.7235967210467132e-02, 5.4288216934664322e-03,
       -5.4210512417631048e-03, -1.7215963514645904e+02,
       -6.2139680496849039e+01, 3.6901419932099337e+01,
       4.1437396701774475e+01, -1.4296556459105540e+01,
       1.9682041885640351e+00, 1.8661660092879825e-01,
       -3.3911583034155139e-02, 6.4569412178584773e-01,
       -2.8249987314177211e-01, 4.3989338747655531e-02,
       -6.2132506488923704e-03, 5.8940797901972620e-04,
       -8.5285071832884116e-03, -8.1228910583188152e-03,
       -2.6539034665389711e-04, -5.6595442043375389e-03 ]
