%YAML:1.0
means: !!opencv-matrix
   rows: 6
   cols: 13
   dt: d
   data: [ -1.7621987420347361e+02, 5.9750554594757880e+01,
       3.8777616313360099e+01, -3.5837238041907945e+01,
       -1.3075030629837519e+01, 1.6677879202051014e+00,
       -1.4239122659547303e+00, 3.3598780456460658e-01,
       7.7596276295648289e-02, 1.5918790042622624e-01,
       1.2877818841339714e-02, -5.9060899557246867e-03,
       3.6486507260061412e-05, 8.1744622270085230e+01,
       1.5368180795321518e+01, -2.4060779674735162e+01,
       -3.2250761095301243e+01, -2.6525298003363982e+01,
       -1.9651248831135941e+01, 8.8786313310490284e-01,
       -2.3254952613280104e+00, 2.0645521296521507e-01,
       -3.9007020631819635e-02, 1.0565284744752537e-01,
       -4.6794880354899971e-03, 7.5654636346456409e-04,
       8.6918395609702671e+01, -6.4047634622504592e+00,
       -1.9936967977059734e+01, -3.3988291295861139e-01,
       1.9171264437092530e+00, 6.2721143570652558e+00,
       -5.3968312651339083e+00, -3.6627935923214570e+00,
       -3.4623111296502476e+00, 8.2827249645204137e-01,
       -7.7083589895834997e-02, -1.5932773564233216e-02,
       -2.7787809356764726e-02, -3.1001165620733133e+01,
       4.8127160351355244e+01, 4.3556575687846264e+00,
       -2.6376896039134532e+01, 3.5060279618766814e+00,
       4.1470076475837239e+00, -3.1598036122891521e-01,
       1.4416948216052672e+00, -1.0794046577240608e-01,
       -5.0914746546937173e-01, -2.1644652370401921e-01,
       1.6441685562585889e-02, -6.7025327161727771e-03,
       5.5139402299396892e+01, -1.2538108664359717e+01,
       -1.0476864883781730e+01, 1.0946162489020551e+01,
       8.9588303735978680e+00, 1.4712199428331929e+00,
       7.7138823949591595e-01, 6.5284905147306471e-01,
       3.2047272807164284e-01, -3.9547009781783944e-03,
       2.3830335535128807e-02, 5.7052179599596155e-03,
       4.0891568655892115e-03, -1.5988349415872935e+02,
       -6.2394737407316114e+01, 3.5192822431723336e+01,
       4.1146353996459915e+01, -9.6002609520586120e+00,
       9.7301244914962004e-01, 3.8025726799205467e-01,
       -8.3136354927374578e-01, 1.9599067648833890e-01,
       -1.1435052228134224e-01, 1.8510125035510295e-02,
       -2.3411913678031079e-02, 1.0380210722389701e-03 ]
covs: !!opencv-matrix
   rows: 78
   cols: 13
   dt: d
   data: [ 6.5205504354925188e+03, -3.0078787257866298e+02,
       3.0140593694437307e+03, 3.0749227502104537e+02,
       2.5197299103420463e+02, -5.1341884126960281e+02,
       1.2395285205089402e+02, -3.6269331711489791e+01,
       -2.2857636731719385e+01, 6.8092568596016241e+00,
       3.0092628679927685e-01, 1.4726858051467515e-01,
       -2.0074029652886338e-01, -3.0078787257866304e+02,
       7.5435002014284755e+03, -3.8063464096791719e+01,
       1.6840213102434370e+03, -4.3320102033756677e+02,
       5.7329782276085655e+02, -9.7968346525985737e+01,
       2.0395620881170121e+01, 9.0142315729051425e+00,
       2.6408189596959675e+00, 8.9941547475566608e-01,
       2.7537795111284025e-01, -1.6052780785799782e-02,
       3.0140593694437302e+03, -3.8063464096791719e+01,
       2.4592683475543263e+03, 2.0986564183046870e+01,
       -6.4224257036545652e+01, 1.0143348228795470e+02,
       -2.2372866857150385e+01, 1.6943891984405326e+01,
       6.7395305262350567e+00, -1.2374220322820599e+00,
       9.6249223149213581e-02, 2.5078250702044156e-03,
       -1.9519194095902616e-02, 3.0749227502104549e+02,
       1.6840213102434373e+03, 2.0986564183046873e+01,
       1.4349453980174712e+03, 1.7877270062752072e+02,
       -2.1449912044941036e+02, 4.0739999590271438e+01,
       -2.0765686483180616e+01, 1.6129951657575570e+00,
       7.6537733847984313e-01, -6.3403583488201043e-01,
       -3.5788774204046520e-01, 7.8584161081291168e-02,
       2.5197299103420463e+02, -4.3320102033756677e+02,
       -6.4224257036545652e+01, 1.7877270062752075e+02,
       1.9573370484063841e+02, -1.4745326779771321e+02,
       2.7003140174157092e+01, -1.8076473837169210e+01,
       -3.1593111391397839e+00, 1.7471315469488407e+00,
       -5.4070909464137229e-01, -1.7573970900508781e-01,
       -8.3755813928408068e-03, -5.1341884126960281e+02,
       5.7329782276085666e+02, 1.0143348228795469e+02,
       -2.1449912044941036e+02, -1.4745326779771324e+02,
       3.9734400201668342e+02, -2.5889802839351642e+01,
       1.7520812912038075e+01, 8.0002799250353469e+00,
       -3.4904333038496964e+00, 4.7623380790139963e-01,
       2.7026313583741890e-01, 2.0154433568141679e-02,
       1.2395285205089402e+02, -9.7968346525985737e+01,
       -2.2372866857150381e+01, 4.0739999590271438e+01,
       2.7003140174157092e+01, -2.5889802839351642e+01,
       3.4678399423290010e+01, -2.9813288354781703e-01,
       -1.1088965475322357e+00, -2.7537515125085821e-01,
       -1.2889485815592636e-02, -8.6857771121542863e-03,
       -1.7117505125155429e-02, -3.6269331711489805e+01,
       2.0395620881170128e+01, 1.6943891984405322e+01,
       -2.0765686483180609e+01, -1.8076473837169210e+01,
       1.7520812912038068e+01, -2.9813288354781692e-01,
       2.2207050834634206e+01, 2.0904733446300789e+00,
       -9.7481510593252829e-01, 7.9472752480198694e-02,
       -1.9835671828432331e-03, 9.2799797572896119e-03,
       -2.2857636731719381e+01, 9.0142315729051425e+00,
       6.7395305262350593e+00, 1.6129951657575585e+00,
       -3.1593111391397848e+00, 8.0002799250353469e+00,
       -1.1088965475322354e+00, 2.0904733446300785e+00,
       3.4831051154675703e+00, -7.0373824062055379e-01,
       2.0456798980032290e-02, 7.2042350287282939e-03,
       -6.5494959269369428e-03, 6.8092568596016241e+00,
       2.6408189596959666e+00, -1.2374220322820599e+00,
       7.6537733847984335e-01, 1.7471315469488407e+00,
       -3.4904333038496977e+00, -2.7537515125085821e-01,
       -9.7481510593252807e-01, -7.0373824062055379e-01,
       8.3416698802651001e-01, -4.4641305609658226e-02,
       -4.4297687192992820e-04, -5.2420319876454371e-03,
       3.0092628679927680e-01, 8.9941547475566641e-01,
       9.6249223149213498e-02, -6.3403583488201021e-01,
       -5.4070909464137229e-01, 4.7623380790139963e-01,
       -1.2889485815592636e-02, 7.9472752480198694e-02,
       2.0456798980032286e-02, -4.4641305609658212e-02,
       1.5645935411235008e-02, 2.4903700744796022e-03,
       -6.7558360478081636e-04, 1.4726858051467503e-01,
       2.7537795111284025e-01, 2.5078250702044178e-03,
       -3.5788774204046520e-01, -1.7573970900508781e-01,
       2.7026313583741890e-01, -8.6857771121542846e-03,
       -1.9835671828432313e-03, 7.2042350287282921e-03,
       -4.4297687192992809e-04, 2.4903700744796022e-03,
       3.0765909024492687e-03, 3.9616195604335176e-04,
       -2.0074029652886338e-01, -1.6052780785799789e-02,
       -1.9519194095902609e-02, 7.8584161081291168e-02,
       -8.3755813928407998e-03, 2.0154433568141689e-02,
       -1.7117505125155429e-02, 9.2799797572896154e-03,
       -6.5494959269369411e-03, -5.2420319876454371e-03,
       -6.7558360478081603e-04, 3.9616195604335176e-04,
       2.3772328270587327e-03, 4.0813851102292292e+03,
       9.0051631570051057e+01, 3.0749566061982300e+03,
       1.4755902199387435e+02, -1.0392120043628114e+02,
       -2.1625738045753177e+01, -5.3596113134199491e+01,
       -5.4474633550436691e+00, 1.9995452962434673e+01,
       -8.2176543692714776e-01, -2.9970414518790289e-01,
       -3.6845002014842160e-01, 1.1504308204749797e-01,
       9.0051631570051029e+01, 5.6015579471528545e+03,
       -4.6046125200636162e+01, 2.4712689413472312e+03,
       -4.2194663319338048e+01, -1.3348722416335079e+02,
       4.0920063043099191e+01, -2.5679119315050468e+01,
       -1.8861243375723338e+00, -8.2999332199623677e+00,
       5.1844432019054665e-01, 6.1594904109729433e-02,
       3.8045493616816257e-02, 3.0749566061982300e+03,
       -4.6046125200636190e+01, 2.5775915372189788e+03,
       2.9827680464695408e+01, -8.2620996536437957e+01,
       5.0093094511057082e+01, 1.6642080452422377e+01,
