%YAML:1.0
means: !!opencv-matrix
   rows: 15
   cols: 7
   dt: d
   data: [ -5.3653377125413527e+01, -8.1350587115020858e+01,
       1.5686728214824900e+01, 5.0501475451725163e+01,
       8.4656946905265436e+00, -3.6327144489433576e+00,
       1.9195651867491952e+00, 1.4709381800354015e+02,
       -1.6495346543502443e+00, -4.0267595053248911e+01,
       3.6845583857325437e+00, -5.8686934732048472e+00,
       1.2655979254433079e+01, -8.5833413326583174e-02,
       -1.8319190645878578e+01, 1.3328291948052248e+01,
       2.1082000177693324e+01, -9.4551263898300757e+00,
       3.2248359151492387e+01, -9.1310741984939146e+00,
       -1.2986245035077046e+00, 3.6146336129135427e+01,
       -9.7807859735210670e+01, -1.1732549587355786e+01,
       6.6624553874481052e+01, -4.0631934459554069e+00,
       -6.5740736778056441e-01, 2.0685258826332729e+00,
       -1.5487792692419143e+02, 3.7225416697104905e+01,
       3.8268980246356904e+01, -2.4495076923123019e+01,
       -3.8265555097007860e+00, -7.0344590507236306e+00,
       1.0050813714248377e-01, 8.3101335699919773e+01,
       4.0605350083955607e+01, -1.2419222333333016e+01,
       -3.2002030222012934e+01, -3.0137950044062851e+00,
       -1.1502017409241732e+01, 1.0652771760553920e-01,
       -1.9521344678998213e+02, 9.5846338479179693e+01,
       4.0005935724465509e+01, -5.3477895875721522e+01,
       -2.4266194810157234e+01, 1.5973445931666982e+01,
       -3.3510418018777104e+00, -1.4851119232718082e+02,
       -1.0365782199124025e+02, 2.7509367740063428e+01,
       6.6498147915030799e+01, -1.9699411412432337e+01,
       6.1784581414084094e-01, -2.1107353471290968e-01,
       -1.8204518093676222e+02, -3.3077655883712509e+01,
       3.9989989563819400e+01, 2.2888832380590156e+01,
       -6.0194199268277737e+00, 4.5070308477633416e+00,
       2.3505925185833709e-01, -6.7656682794203874e+01,
       7.1484409175614507e+00, -4.6235639603308272e+01,
       -1.8361749388569857e+00, 8.3953592397297054e+00,
       -4.3216420408949974e+00, 2.7472792839642253e+00,
       8.2663999910601817e+01, 1.7193431235831081e+01,
       -2.2731941139248651e+01, -3.2575714110088057e+01,
       -2.5649492691847406e+01, -2.0121763285809728e+01,
       1.0988863961256392e+00, 8.3104032986073662e+01,
       1.2169790799202849e+01, -3.0754883717706914e+01,
       -2.7615531724964502e+01, -2.7967104431724049e+01,
       -1.4066490363093676e+01, 1.2672593041396376e+00,
       3.7607433373838340e+01, 1.2433119357943959e+01,
       -5.1658046288258594e+00, 1.9151359604882443e+00,
       2.2579282624625346e+01, 4.0827143615522772e+00,
       1.1666277806828333e+00, 8.9726312339650704e+01,
       -4.3388034668233786e+01, -2.1638468932575485e+01,
       2.8109383382553649e+01, -3.9642277131130337e+00,
       1.0644951283564176e+01, -3.2944834434189869e+00,
       -1.7850403810894930e+00, 8.4758306423476540e+01,
       1.8587643074243850e+01, -4.2550239686116079e+01,
       1.1330856773642125e+01, 7.6862664402248972e+00,
       -6.4461963189889204e-01 ]
covs: !!opencv-matrix
   rows: 105
   cols: 7
   dt: d
   data: [ 6.6745899960831939e+03, 2.2437265973755979e+02,
       2.8069443043552910e+03, 9.9667515561127232e+01,
       2.2219319214180172e+02, 1.9802165972495280e+02,
       -1.5700139755563438e+01, 2.2437265973755984e+02,
       6.6895659743318856e+03, -1.4001498246864691e+02,
       2.0046382406687958e+03, 2.9510186436681835e+01,
       -8.6959707664317012e+00, 7.8230402727119753e+01,
       2.8069443043552910e+03, -1.4001498246864696e+02,
       2.5250792878122302e+03, -6.4496107458532961e+01,
       -1.4915540011022242e+02, -3.8643493816446854e+00,
       1.1757762441818503e+01, 9.9667515561127260e+01,
       2.0046382406687953e+03, -6.4496107458532933e+01,
       1.1886929704121249e+03, -9.5005787539428951e+01,
       -1.0287486789485556e+02, -3.8136164599235101e+01,
       2.2219319214180163e+02, 2.9510186436681817e+01,
       -1.4915540011022242e+02, -9.5005787539428951e+01,
       1.3992582403872046e+02, 8.2092063758289555e+00,
       -8.6246448374968665e+00, 1.9802165972495280e+02,
       -8.6959707664317065e+00, -3.8643493816446801e+00,
       -1.0287486789485556e+02, 8.2092063758289555e+00,
       6.6799981359994305e+01, 1.8533220747203842e+01,
       -1.5700139755563447e+01, 7.8230402727119753e+01,
       1.1757762441818507e+01, -3.8136164599235109e+01,
       -8.6246448374968647e+00, 1.8533220747203842e+01,
       2.0349698798429596e+01, 4.7020971650791798e+03,
       2.3583308383466692e+02, 2.8393515415621810e+03,
       -8.9905925598519843e+01, -1.5161761425712754e+02,
       -1.0405113134786603e+02, -6.8704566831836445e+01,
       2.3583308383466684e+02, 6.4837305709027478e+03,
       -2.2468323036986814e+02, 1.7422547576796183e+03,
       -9.7850592416259317e+01, -7.4185232866761524e+01,
       2.8605145828851821e+01, 2.8393515415621800e+03,
       -2.2468323036986814e+02, 2.5344653275753922e+03,
       1.3912969757673102e+02, -8.5704144456555397e+01,
       4.9651817008014596e+01, 3.2595960767201419e+01,
       -8.9905925598519872e+01, 1.7422547576796183e+03,
       1.3912969757673102e+02, 1.5675338008349668e+03,
       -1.6294168943243044e+01, -9.4421386369752227e+01,
       -6.4125625723111508e+00, -1.5161761425712754e+02,
       -9.7850592416259303e+01, -8.5704144456555397e+01,
       -1.6294168943243040e+01, 2.4113379773525796e+01,
       1.4948101919543538e+01, -4.7501596839695956e+00,
       -1.0405113134786603e+02, -7.4185232866761496e+01,
       4.9651817008014611e+01, -9.4421386369752213e+01,
       1.4948101919543539e+01, 5.2136415826327934e+01,
       1.3342242740215934e+01, -6.8704566831836459e+01,
       2.8605145828851818e+01, 3.2595960767201412e+01,
       -6.4125625723111517e+00, -4.7501596839695956e+00,
       1.3342242740215934e+01, 2.1330170424266029e+01,
       5.6147415756407427e+03, 7.6140435691831578e+02,
       2.9837873413289421e+03, -3.6468901258484334e+02,
       9.9985384106953688e+01, 1.8077528540363434e+02,
       5.3588878967972331e+00, 7.6140435691831578e+02,
       7.0726050376506173e+03, -3.0126864368256020e+02,
       1.5207816356375004e+03, 5.5716517611758206e+01,
       -1.6781174816576447e+02, 1.2054686908155867e+02,
       2.9837873413289426e+03, -3.0126864368256031e+02,
       2.5480567400782893e+03, 4.7632913454119297e+01,
       -1.8198582272889058e+02, -4.1704244631565032e+01,
       -7.7122700508025730e+00, -3.6468901258484340e+02,
       1.5207816356375006e+03, 4.7632913454119276e+01,
       2.0020140515166383e+03, -1.5279364449861706e+02,
       5.5305637334097419e+01, -1.0760204013630216e+02,
       9.9985384106953688e+01, 5.5716517611758299e+01,
       -1.8198582272889058e+02, -1.5279364449861706e+02,
       1.2985680383316344e+02, 3.9289159238544919e+01,
       -1.1220665030847554e+01, 1.8077528540363434e+02,
       -1.6781174816576453e+02, -4.1704244631565025e+01,
       5.5305637334097447e+01, 3.9289159238544919e+01,
       1.7317973321536175e+02, 6.8152622481527754e+00,
       5.3588878967972340e+00, 1.2054686908155867e+02,
       -7.7122700508025694e+00, -1.0760204013630216e+02,
       -1.1220665030847554e+01, 6.8152622481527736e+00,
       4.2436207358209984e+01, 5.8566899345529428e+03,
       5.0728549329465022e+02, 2.9072665376382743e+03,
       -1.1536819660684134e+02, -7.2188808302119668e+01,
       1.4309119153081912e+02, -3.4735824520306373e+01,
       5.0728549329465034e+02, 6.1605519657860814e+03,
       -1.9995362505118158e+02, 2.1221403758740912e+03,
       -6.6166398430121177e+01, -2.1413497546915107e+01,
       7.0822790609815698e+01, 2.9072665376382747e+03,
       -1.9995362505118163e+02, 2.5587401773617730e+03,
       -2.0629772350535987e+01, -1.2467478421237054e+02,
       2.3663326454793328e+01, 1.7875342496822388e+01,
       -1.1536819660684134e+02, 2.1221403758740912e+03,
       -2.0629772350535998e+01, 1.2172772580366675e+03,
       -5.0390297692415281e+01, -1.6854074877391582e+02,
       -3.9402694147663006e+01, -7.2188808302119668e+01,
