%YAML:1.0
means: !!opencv-matrix
   rows: 14
   cols: 14
   dt: d
   data: [ 8.1705732267964805e+01, 1.5390330922797926e+01,
       -2.4069590258506462e+01, -3.2479529376899471e+01,
       -2.6586962553800824e+01, -1.9747995838988317e+01,
       8.7895439295599975e-01, -2.3802433784453916e+00,
       2.1526008009307926e-01, -4.0257429155910199e-02,
       1.0641648383952997e-01, -5.6318700437546602e-03,
       6.0318541867105259e-04, 2.6725667995611841e-03,
       5.4895267354264732e+00, 2.7464097929245341e+01,
       3.4531599079590789e+00, -2.1390912854544798e+01,
       8.9008833253225230e+00, -7.5979122039382450e+00,
       -3.0919389670313686e+00, -9.4364056148718334e-01,
       -4.3596451290109766e+00, -1.8716234487501302e+00,
       -2.7054012729571969e-01, 3.1075674604238393e-02,
       -3.4757810065311617e-02, -2.6849896844005728e-02,
       -8.0982041895225876e+01, 4.3644135803154505e+01,
       2.7922646869879010e+01, -3.2433132899546948e+01,
       9.4645454877396169e+00, -3.6620547477774488e+00,
       -5.6924685002316613e+00, -5.5051680174022728e+00,
       -2.7640416641082424e+00, 6.0684467691075283e-01,
       -1.0160188766930987e-01, 2.4395926868122676e-02,
       -1.8844736953057668e-02, 1.9453702143056063e-02,
       1.0525237711271505e+02, 4.3766516820473690e+01,
       -2.4448641263957477e+01, -2.8261726895295467e+01,
       -3.8552676956053573e+00, -3.9621232263309447e+00,
       -8.0553759055156677e-03, 1.2407386454833109e+00,
       3.1739902964965283e-01, 1.8263247444448249e-02,
       1.6060215749885490e-02, 2.7198944045804297e-02,
       3.6910612381927319e-03, 6.6110769455629079e-03,
       -1.7549983783733092e+02, -4.7445370304172378e+00,
       3.5576031955995106e+01, 9.2057023995762908e+00,
       -3.3514296110653325e+00, 1.2878089699296570e+01,
       -1.0811680087277213e+00, -2.6502556577962548e+00,
       -9.9220467970553528e-01, 3.0698372087467812e-01,
       -2.2330990086867192e-01, -5.9084277714468982e-02,
       6.3701618226259561e-03, -5.6724007386613196e-04,
       1.0422658455626238e+02, -1.1944227113476748e+01,
       -1.5791624092373057e+01, 1.5240166650336423e+01,
       1.0737314747764069e-01, 1.9820410576449341e+01,
       -1.3227369707077221e+01, -7.2188897236326417e+00,
       -6.2044794571504474e+00, 2.1985428688172015e+00,
       2.1078336712190920e-02, 3.7303644366805451e-02,
       -6.3618557103087253e-02, 3.0535086883561428e-02,
       -1.6359868547660338e+02, -6.6618436550940046e+01,
       3.5120671320814608e+01, 4.4368554603476085e+01,
       -1.2985527780963139e+01, 7.9002918056220184e-01,
       3.9799675449719729e-01, -1.0613032828873840e-01,
       5.6439241066906265e-01, -2.4106077096947953e-01,
       4.7018601415702778e-02, -7.0260215486773556e-03,
       -1.1846916889220592e-04, -8.5036746510832734e-03,
       1.6114285817316849e+02, 2.1301123666506435e+01,
       -4.4709573945068193e+01, -2.6441471422067284e+01,
       -1.1381842333374342e+01, 1.0199061897794717e+01,
       1.3917587874297406e+00, -2.5015793181857355e+00,
       -9.9192012140191987e-01, -1.3571866357212498e-01,
       -2.4999439595391781e-01, -1.3536720320326592e-01,
       4.8440620991478511e-03, -2.2975223303030895e-02,
       3.7312221124730861e+01, -3.7396464126971708e+01,
       -5.4852753591641807e+00, 2.7852270913698970e+01,
       1.3389300543164246e+01, 4.0417263826974503e+00,
       8.0996749441033022e-01, 2.7045875968749850e-01,
       2.5370401295991724e-01, -9.7204585879199862e-02,
       1.6290204402125096e-02, 1.0249226431485025e-02,
       8.8128894415876041e-03, 5.6868890179958553e-03,
       -4.7565236909545021e+01, 1.8663048628829986e+00,
       1.6657193714863485e+01, -1.4142831301428500e+00,
       1.9627663700724572e+01, -1.1985089014255198e+01,
       2.1359544128487999e+00, 4.9894636378711160e-01,
       2.7595422454323104e-01, 1.4389580082887568e-01,
       3.1564823066971122e-02, -2.8087196573097473e-03,
       8.2313555559798733e-04, -2.5394323280487708e-03,
       2.8820006546499183e+01, 1.2667747877318580e+02,
       -3.3195805003965018e+00, -7.4064383179046004e+01,
       6.8026209786775320e+00, 3.5621673822172442e+00,
       9.4151842026064436e-01, 1.9648429352722920e+00,
       1.5133230883722855e+00, 4.4481234153497123e-01,
       -6.6116462763489189e-02, -2.2736802252277481e-02,
       9.7232235663525710e-04, -5.5862421188291756e-03,
       -1.9115641134244356e+02, 7.0328310654791707e+01,
       4.1563139367156538e+01, -3.9687474918285453e+01,
       -1.8992769120098217e+01, 8.2143735973661034e+00,
       -1.7052882587454050e+00, 1.7928907010710555e+00,
       6.8921008499217029e-01, -3.5661852405751329e-02,
       2.7691410779783539e-02, 4.6450842155245763e-03,
       3.4665610565998220e-03, 2.4925201159719827e-03,
       1.3365572254440701e+02, -2.1749737535519181e+01,
       -3.7267017880800687e+01, 1.6900027409807041e+01,
       -4.6102623892958103e+00, 1.1528763535097051e+01,
       -6.6889451459985061e-01, 1.2879184594200339e+00,
       2.5895692316686431e-01, -5.2864164432323765e-02,
       6.4636038129072496e-02, -1.5828791455243366e-02,
       -2.9466182492579839e-03, -7.9684596420797546e-03,
       1.0832244592982693e+01, -3.9924096048335890e+01,
       -1.4653737132762648e+00, 3.2946181927022415e+01,
       -1.8487353616840492e+00, 3.2174147212186175e+00,
       -8.9084428715014341e-01, 2.3735597518985668e-01,
       -3.7711942455007791e-01, 2.9420098440514636e-01,
       -2.0673284572788439e-01, 9.3620324038814318e-02,
       -8.9077963806621016e-03, 1.8838704004840182e-02 ]
