%YAML:1.0
means: !!opencv-matrix
   rows: 34
   cols: 5
   dt: d
   data: [ -4.2662022749862253e+01, 8.1306079220679663e+01,
       -7.6995990241428544e+01, 7.9792141193512189e-01,
       6.1986229780555355e+00, 9.0658188886613814e+01,
       -4.4102698702784636e+01, 8.0737765916864689e+01,
       4.7719593413268022e+00, 3.5790542900080005e+01,
       -2.1086548725677559e+02, -8.5025698953386296e+01,
       3.4883309891491074e+01, 3.2062660323733184e+01,
       -2.6241842424038200e+01, 9.6782284368292451e+01,
       -7.5491603861764347e+01, -4.5696599394240202e+01,
       -4.9215159429741476e+01, -1.5665422128051960e+00,
       -2.7517808509817069e+01, -1.1413408508197443e+02,
       -3.6352560694069261e+01, -4.4106812499474955e+01,
       2.6066784498984791e+01, -1.0274184943392557e+02,
       -7.1300886920714968e+00, 4.3145941903060447e+01,
       3.7459513904333832e+01, 2.0321499537734384e+00,
       -7.5653173099855621e+01, 7.6959384082041467e+01,
       -2.8834111590460076e+01, 6.7397766635039886e+01,
       2.2545355116803918e+01, 2.7457666339073398e+01,
       -1.5716708355593491e+02, 3.0246642864408567e+01,
       3.8084627399517814e+01, 2.3092727897075246e+01,
       -7.3100706821716855e+01, -4.1642227695416317e+01,
       -4.0618940578836948e+01, 2.2675212789243769e+01,
       3.6515249827995390e+01, -1.9489682954329567e+02,
       7.5121040960483398e+01, -3.6572343662596488e+01,
       -4.8263992502200523e+01, -8.5627619696864574e+00,
       8.3188594043243498e+01, 3.3384508708811310e+01,
       -2.2748278501339623e+01, 1.1810796141792244e+01,
       6.8817044942300276e+00, 3.7518883497333967e+01,
       -5.5025306652094379e+01, 1.8023861636376399e+01,
       -3.4277111172150278e+01, 2.7214018165116563e+01,
       -7.5279021419642433e+01, -4.6667515711703018e+00,
       4.2279249394436498e+01, -9.5663462564930086e+01,
       -5.9450034567230015e+00, 1.3361855571687397e+02,
       9.6677096694442994e+01, -4.5572716404925373e+01,
       5.8375900461402018e+01, -9.6753888654116000e+00,
       7.9818022112440360e+01, -7.5985241706101576e+01,
       -1.4179721666280285e+01, 5.7610202928294648e+01,
       5.0418258855397573e+00, 1.3006823222445070e+02,
       -2.2205351687541256e+01, -7.8878547899851739e+01,
       6.7982195026342627e+00, -1.1098854044831688e+01,
       -1.0747681774105835e+02, -1.3504973881190091e+02,
       2.1671629705433237e+01, -2.8853205508211783e+01,
       2.2484010372184784e+00, -3.6241198269727079e+01,
       4.2311197199507667e+01, -5.3721363484964272e+01,
       -6.5513197483355057e+01, 6.7287235037367354e+00,
       1.3187920949027395e+02, 2.5981500764407688e+01,
       4.9469117249331852e+01, -2.9870928241101144e+01,
       2.6284135644596698e+00, 4.5450414345165349e+01,
       1.2232148939118738e+02, -2.2139973681768478e+01,
       -4.8842157319915970e+01, -1.0704992200340435e+01,
       2.4332867531315441e+02, 3.7630447353815093e+01,
       1.8890056006693587e+01, 2.4680242413889005e+01,
       -1.5292330610389449e+01, 1.2214816340195503e+02,
       -1.7526346708302233e+02, 3.3311462249905077e+01,
       -1.2500821373235810e+01, 3.3223321197813971e+00,
       2.3187087706129674e+02, -6.2438938245234155e+01,
       -1.3483602579594116e+01, -3.2423719300096025e+01,
       -1.4190203280706685e+01, -1.3130286427283193e+02,
       1.5571205088840964e+01, 5.1335363028902002e+01,
       -1.3832851340290162e+01, -2.1666444498855297e-01,
       -2.5552913871195992e+02, 3.3603446713821823e+00,
       -1.6648479871796194e+01, 2.9974557742742949e+00,
       -2.4628718451951586e+00, 1.0243359626485575e+02,
       -4.7373542866545449e+01, -2.1000405593018066e+01,
       3.6411730066576972e+01, -2.7158106062203856e+01,
       2.1786553385833017e+01, 3.1897727973328173e+01,
       3.3873751091241715e+01, 4.4586590639428081e+01,
       3.1705479657032949e+01, -1.0123400515366859e+02,
       -6.8032543518224372e+01, 1.0832764979672012e+02,
       1.5129423241424322e+00, -2.3854799889085506e+01,
       -1.7413901654098035e+02, 1.7940567280834614e+02,
       2.1061601614421900e+01, 9.9777537362438515e+00,
       -7.6444357497998592e+00, -6.9245395885899669e+01,
       1.3403528688069119e+02, 5.9662385593376165e+01,
       -4.1938711167569544e+01, -8.9305642813370820e+00,
       -9.2645969062121409e+01, -1.6801421934102385e+02,
       -4.1116331536214183e+01, 6.8005232169159569e+01,
       1.0787732464762167e+01, 1.8951741011538058e+01,
       1.5638999582623373e+02, 7.1241631847486389e+00,
       -2.6080800854740329e+00, 9.1633416351513457e+00,
       6.4360522240902085e+01, -2.7878498474406143e+01,
       -2.7491863935887864e+01, 4.7866223073534094e+01,
       -2.4403229991265736e+01, 3.1993947542835115e+00,
       -7.3260293015329282e+01, 2.3691252959185762e+00,
       2.4294838151781285e+01, -1.0774359744793012e+01 ]
