%YAML:1.0
means: !!opencv-matrix
   rows: 10
   cols: 6
   dt: d
   data: [ 6.3137393699313137e+01, -4.2072328969486371e+01,
       -6.9498647961444169e+00, 2.3124120217516978e+01,
       6.7352557501016443e+00, 8.9840698419509124e+00,
       -1.7289147984492396e+02, 1.3484568808737041e+01,
       3.8050953734653362e+01, -1.9201786039527722e+01,
       -4.2545900606338520e+00, -3.3751373610451019e+00,
       8.7942838704880835e+00, -1.4632587575595664e+02,
       1.7669321943368836e+01, 5.4424655397085303e+01,
       2.1772319298775177e+01, -5.0134220548188795e+00,
       -4.9748887297964943e+00, 1.6429890057408667e+01,
       3.8482037781538563e+00, -9.7646686149752764e+00,
       2.7623160910690579e+01, -2.5333656053806184e+00,
       1.1944184146447698e+02, 3.9938502965152281e+01,
       -3.7751801057569658e+01, -8.0027115203869759e+00,
       -1.1565406858419047e+01, -5.2554709119983283e+00,
       3.6867507605174730e+01, 1.0915287116833473e+02,
       -2.5206919903363609e+01, -4.5370963900809464e+01,
       -3.1304820276640957e+00, -3.2262202369186301e+00,
       -1.4045857744984505e+02, -7.4135627666544167e+01,
       4.3633795873662947e+01, 2.5940465634810352e+01,
       -1.3520453594376095e+01, 5.9037210218474181e+00,
       9.9459281157743504e+01, -4.5511287337722955e+01,
       -2.2009861794594023e+01, 3.7095952377996085e+01,
       -2.7309327555250604e+01, 2.3246128500965881e+01,
       9.6350342484779290e+01, -3.8399217766033694e+01,
       -1.5860637639414898e+01, 2.2990736211037987e+01,
       -8.4346487638122323e+00, -1.4900701555623519e+01,
       -9.9393498607171580e+01, 1.0704063733565461e+02,
       7.8479491028430459e+00, -5.3384143804771178e+01,
       -6.8486929982637568e+00, 8.9657058866155803e-01 ]
covs: !!opencv-matrix
   rows: 60
   cols: 6
   dt: d
   data: [ 7.7334061074415395e+03, -2.8803154036295660e+02,
       2.1328137873757419e+03, -7.4274238226030707e+02,
       -4.3776410686130674e+02, -2.0409914509354132e+02,
       -2.8803154036295666e+02, 7.5003036289247102e+03,
       5.6018565794363928e+02, 1.7941785717238547e+03,
       -4.9691368860027382e+01, -3.4335331345720533e+02,
       2.1328137873757423e+03, 5.6018565794363906e+02,
       2.7332533548999745e+03, -6.1621940173830019e+01,
       7.5954425660083956e+01, 8.6455186054963988e+01,
       -7.4274238226030707e+02, 1.7941785717238547e+03,
       -6.1621940173829998e+01, 2.2100483985983669e+03,
       -8.2964955426395246e+00, 1.2972817102201117e+02,
       -4.3776410686130669e+02, -4.9691368860027367e+01,
       7.5954425660083942e+01, -8.2964955426395353e+00,
       3.8468316235766952e+02, -7.5188943798527276e+01,
       -2.0409914509354130e+02, -3.4335331345720533e+02,
       8.6455186054964003e+01, 1.2972817102201114e+02,
       -7.5188943798527276e+01, 2.5973953913126320e+02,
       7.2736097698342373e+03, 8.5661637893902162e+02,
       2.8035108553004502e+03, -1.1457255138658741e+03,
       3.0878086877541472e+02, 2.2887588674354504e+02,
       8.5661637893902173e+02, 8.2505687656680784e+03,
       5.8911768367374930e+02, 1.8042058217351344e+03,
       2.4273886427455844e+02, 1.5064413487399568e+02,
       2.8035108553004507e+03, 5.8911768367374930e+02,
       2.3973754752277600e+03, 2.6234810289760386e+01,
       -1.1990225884714550e+02, 6.0314697438794083e+00,
       -1.1457255138658741e+03, 1.8042058217351344e+03,
       2.6234810289760386e+01, 1.9259147038755507e+03,
       -4.3818391915987412e+01, -2.6331468745633114e+01,
       3.0878086877541472e+02, 2.4273886427455844e+02,
       -1.1990225884714555e+02, -4.3818391915987398e+01,
       1.2436459878855726e+02, 5.4763213581839914e+01,
       2.2887588674354495e+02, 1.5064413487399565e+02,
       6.0314697438794092e+00, -2.6331468745633124e+01,
       5.4763213581839914e+01, 1.9422651279924418e+02,
       5.4784664102656989e+03, -7.5375842990910257e+02,
       3.0498399443337789e+03, -9.5230505602211474e+02,
       4.6264366269766208e+00, -6.8753252764976352e+01,
       -7.5375842990910257e+02, 1.0208891591000713e+04,
       1.3144603968297135e+03, 1.6410740730656546e+03,
       1.1268208529246815e+03, 1.3531016294365345e+03,
       3.0498399443337789e+03, 1.3144603968297135e+03,
       2.4720102082448311e+03, -2.2403492027482022e+02,
       9.9262298130524087e+01, 1.1456492600061929e+02,
       -9.5230505602211485e+02, 1.6410740730656551e+03,
       -2.2403492027482025e+02, 2.0197080758725842e+03,
       -2.9891997965580407e+02, -2.9039028498610196e+02,
       4.6264366269766217e+00, 1.1268208529246815e+03,
       9.9262298130524087e+01, -2.9891997965580396e+02,
       4.1787445635124300e+02, 2.9891786364596118e+02,
       -6.8753252764976324e+01, 1.3531016294365349e+03,
       1.1456492600061929e+02, -2.9039028498610196e+02,
       2.9891786364596118e+02, 4.8848866529299869e+02,
       5.5759175068185532e+03, -2.3823508016268545e+02,
       2.8776695751155817e+03, -8.8445023973162347e+02,
       -1.7529137126402128e+02, -2.2010561858646605e+02,
       -2.3823508016268525e+02, 9.2982597019337209e+03,
       3.4176213634034303e+02, 1.4767055977479708e+03,
       -3.8104392392094530e+02, -1.2463582278141386e+02,
       2.8776695751155817e+03, 3.4176213634034303e+02,
       2.5363433204736862e+03, 5.0121519107675354e+01,
       -3.5174463401853700e+01, 1.5524888953822698e+01,
       -8.8445023973162324e+02, 1.4767055977479711e+03,
       5.0121519107675326e+01, 1.9951742174849737e+03,
       1.7526384996134183e+02, -6.0144495119276606e+01,
       -1.7529137126402125e+02, -3.8104392392094530e+02,
       -3.5174463401853700e+01, 1.7526384996134186e+02,
       1.8084521514792348e+02, 3.5682578898806998e+00,
       -2.2010561858646605e+02, -1.2463582278141384e+02,
       1.5524888953822694e+01, -6.0144495119276606e+01,
       3.5682578898807003e+00, 1.1244240423371468e+02,
       9.8831536090447007e+03, -2.0090451066485066e+03,
       2.0122109853593122e+03, 5.3740772178992654e+02,
       -4.1972821645035964e+01, -9.6735513220325231e+01,
       -2.0090451066485066e+03, 8.7598252392701088e+03,
       1.0761980928110288e+03, 1.6211828889175515e+03,
       1.7556876963578322e+01, 1.9809307861954605e+02,
       2.0122109853593122e+03, 1.0761980928110286e+03,
       2.6703559503586157e+03, -4.0853395559602376e+02,
       -9.6671414695204092e+01, -4.8620134014664288e+01,
       5.3740772178992665e+02, 1.6211828889175517e+03,
       -4.0853395559602376e+02, 2.2782110271033021e+03,
       6.3178766494408741e+01, -1.6880400982877165e+02,
       -4.1972821645035957e+01, 1.7556876963578329e+01,
       -9.6671414695204135e+01, 6.3178766494408741e+01,
       4.1114286354576215e+01, 3.4446688382157427e+00,
       -9.6735513220325188e+01, 1.9809307861954605e+02,
       -4.8620134014664288e+01, -1.6880400982877165e+02,
       3.4446688382157422e+00, 8.0631929751568478e+01,
       7.0409054404925109e+03, -1.1453113295459877e+03,
       2.6959419757027295e+03, -4.1984892508738756e+02,
       1.0503129042959158e+02, -1.9089834096433989e+02,
       -1.1453113295459875e+03, 7.2068905729959761e+03,
       8.7880394185831892e+02, 2.2494415984122666e+03,
       -1.4279226152089643e+02, 1.6452855859187341e+02,
       2.6959419757027295e+03, 8.7880394185831915e+02,
       2.5974806923362462e+03, -1.5469776131633461e+02,
       -1.1655507418443962e+02, -5.1585648127837885e+01,
       -4.1984892508738756e+02, 2.2494415984122666e+03,
       -1.5469776131633458e+02, 1.8804077471955347e+03,
       1.4368598063423613e+02, -2.1451760065430884e+02,
       1.0503129042959158e+02, -1.4279226152089646e+02,
       -1.1655507418443962e+02, 1.4368598063423616e+02,
       1.0410162732039396e+02, -4.6989380571417506e+01,
       -1.9089834096433989e+02, 1.6452855859187341e+02,
       -5.1585648127837878e+01, -2.1451760065430886e+02,
       -4.6989380571417506e+01, 8.3663666467089612e+01,
       6.9074463832736255e+03, 9.5765218877056452e+02,
       2.8419631637175485e+03, -1.2591154892627703e+03,
