%YAML:1.0
means: !!opencv-matrix
   rows: 23
   cols: 7
   dt: d
   data: [ 9.8894572557098357e+01, -4.6849626109448167e+01,
       -2.2039174958128125e+01, 3.6607464788134912e+01,
       -2.7278270518740484e+01, 2.3750089158590992e+01,
       1.2600578308462402e+00, -1.8859556790507746e+01,
       -2.0138658656115580e+00, 1.7067466575935494e+01,
       -1.8328057042437020e+00, 3.2904674669841022e+01,
       -2.0079679604298635e+00, -1.5447697400345666e+00,
       1.3166178374198429e+01, 1.2308407301540178e+01,
       -1.7632292400366442e+01, -2.8093753810890377e+01,
       -4.1178666620836593e+00, -1.8420502691331869e+01,
       -3.1296483565625590e+00, -1.5137794870691451e+02,
       -6.3051227082198587e+01, 3.7934228795171087e+01,
       2.9363253326345145e+01, -1.8571060899778704e+01,
       1.5179724000937590e+01, -6.9471485307149672e-01,
       -7.9053551178938392e+01, 1.0250445694777959e+02,
       4.4991799677905675e+00, -5.1729093903604266e+01,
       3.0908959088537480e+00, 5.0094388794513174e+00,
       1.9005591734422447e+00, 3.0343642867270184e+01,
       -8.3434928299603769e+01, 1.0446106931799367e+01,
       4.4245374827967609e+01, 1.8425206979968550e+01,
       2.0913255636796290e+01, 2.2705855326094326e+00,
       1.5015229064002227e+02, -2.0000785196493570e+01,
       -3.3464377271322583e+01, 3.5015432245593900e+01,
       -1.9945718249001562e+01, 6.0745473901537634e+00,
       -6.1944815384498197e-01, 4.3840796161011619e+00,
       -2.0265500926385545e+02, 1.4298069123827295e+01,
       7.0608569090172097e+01, 1.1443105037539146e+01,
       -2.5723279776077078e+01, -1.7055775517811282e+00,
       5.0151470049293785e+01, -7.8731796605696530e+01,
       -3.3814570225215824e+01, -4.6192824336154366e+01,
       1.0967653763594933e+01, 3.3765178178874731e+00,
       9.0345930122723839e-01, -1.7157463959601836e+02,
       -1.5447261766127238e+02, 5.2670357303158404e+01,
       5.1004204826519754e+01, -4.0217388271514707e+01,
       -1.8624744599108258e+01, -5.3438413243365446e+00,
       -1.7065891593859743e+02, -3.8170614260269566e+01,
       2.4976795344631988e+01, 9.5808200598787696e+00,
       1.5535275209558401e+00, 5.0660328580986196e+00,
       5.0459418589178173e-01, 5.0118491954828304e-01,
       -3.4861840039532048e+01, 1.1162916459284050e+01,
       1.0552761404530198e+01, 3.8548756539777372e+01,
       -1.4405735888786262e+00, 1.3614690071595328e+00,
       -5.5900753358480397e+00, 1.0053927992989864e+02,
       -5.7061032521359749e+00, -3.5809032278532783e+01,
       1.4929792039811511e+01, -3.2490379188601044e+00,
       -1.4890684776230589e+00, 1.1268781736106061e+02,
       5.4804527395930485e+01, -3.5542084391852718e+01,
       -6.9544379138914252e+00, -9.9127926571351992e+00,
       -1.2137578341987503e+01, -3.4178177078149163e+00,
       -2.2094572860509540e+01, -5.2236118581651894e+01,
       7.2838188424184960e+00, 1.5242755290773076e+01,
       -7.7782968034542677e+00, -1.4536101689902203e+01,
       -1.1091483000650058e+00, -1.4963660336111221e+02,
       1.1765580406464112e+02, 1.6034637458436016e+01,
       -5.1765377614725502e+01, -2.3908850665291993e+01,
       -4.7753470271162382e+00, -5.2378529324385203e-01,
       -9.7161067077022807e+01, -2.2481973566563539e+01,
       9.7718085521519768e+01, -1.1158395158975909e+01,
       -7.9317636823929227e+00, 6.0909910856523668e+00,
       -1.6360564346750792e-01, 1.7528029766109434e+01,
       2.0737793270552274e+01, -2.8246911490669305e+01,
       2.3520823051708490e+01, 1.7206405435783754e+01,
       -3.0274790074830449e+00, 7.6609835655289427e-01,
       1.4356314349230109e+02, 4.3308616855074099e+01,
       -4.5902905701231539e+01, -2.1367814733332073e+00,
       -9.9792294793238501e+00, -2.3888817343214184e+00,
       1.4315298887920180e+00, 2.3834942406264926e+01,
       1.2592290901309255e+02, -2.6586554392185114e+01,
       -5.3866599022223390e+01, -8.4445409864068051e+00,
       1.3231797571624202e+00, 2.0889199987571945e+00,
       1.2076558849291789e+02, -3.9401128304609202e+01,
       -3.8742799434768678e+01, 2.9253076573911549e+01,
       -7.8332517823107120e+00, -1.1739618801632185e+01,
       -2.3433323011410558e+00, 1.3235143258378184e+02,
       1.3696213016508333e+01, 4.8143593001310883e+01,
       -1.1041436630902044e+01, 7.0446761564287455e+00,
       -5.1170467351170257e-01, -3.1540013209646328e-01,
       -1.7696251350094775e+02, 3.7804019131496716e+01,
       3.1609963329568185e+01, -2.9860994192336261e+01,
       -2.8260377130524730e+00, -4.3935911867227935e+00,
       5.7158097258963605e-02 ]
