%YAML:1.0
means: !!opencv-matrix
   rows: 13
   cols: 11
   dt: d
   data: [ -7.2481570413045674e+01, 1.3531900919333663e+02,
       -4.7426231128885084e+00, -5.9248188695712109e+01,
       -1.6112531041883123e+01, 6.0322309235460525e-01,
       1.0253613206675660e+00, -8.4979752748743365e-01,
       -1.9777306158044847e-01, -3.3573254878304298e-01,
       7.1003699017648136e-02, 1.0923343487419061e+02,
       -7.4400697725625102e+00, -2.4196430809692806e+01,
       1.3808487435658222e+01, -3.0160938280292005e+00,
       -7.8593037386762399e-01, -7.1562530710689048e-02,
       -1.9176185458330944e-02, -5.6204216552193509e-01,
       2.2437547837314175e-02, -4.6453576713096398e-02,
       -1.5402424209801259e+02, 5.9905084750617185e+01,
       2.6192730829257020e+01, -3.6623697318858653e+01,
       -1.2731366984623957e+00, 5.2513604720089657e-01,
       7.2553509750699907e-01, 7.2897199699642556e-01,
       4.0251981699982609e-01, 1.1716725379695229e-01,
       -1.9892273698530080e-02, 1.4093194102227322e+00,
       -1.2990782961414148e+01, -1.2057858582694851e-01,
       -4.7124154696858049e+00, 2.8283121938323688e+01,
       -1.3756868027694511e+01, -1.6840838872901356e+00,
       1.2747446796217796e+00, 8.4153003497257162e-01,
       -3.2972405997464127e-01, 2.9996159687585361e-01,
       1.5592495807349492e+01, -4.2316359911000887e+01,
       9.1568023921061954e+00, 1.6456839505782963e+01,
       2.7167050649657590e+01, 7.6452969735291534e+00,
       1.6932788615227454e+00, -8.0169279190607601e-01,
       -1.0014212324451048e-01, 1.8235170535560626e-02,
       -2.4159070798845099e-02, 3.6293224478393768e+01,
       4.5594962999460712e+01, -6.5548056122219940e+00,
       -2.2737173671184614e+01, 6.5655794608388318e-01,
       -7.3949154214156172e+00, -8.6026538415586362e+00,
       7.6461302269159725e-01, 6.7604776699162770e+00,
       1.3630546462535009e+00, -1.2974438666698741e-02,
       2.7882466687225776e+01, 9.6799679220407995e+01,
       -1.9990993103887288e+01, -4.1684292020557940e+01,
       5.6757517491789686e+00, -2.6427539810889096e+00,
       1.3157968805546165e+00, -2.2525388134539159e-01,
       -4.5393851032146043e-01, 6.1226558301054348e-02,
       5.0221112476720377e-02, 9.9076838760334539e+01,
       -4.4446322263154492e+01, -2.2024568833317154e+01,
       3.6821479200805982e+01, -2.7514792355139441e+01,
       2.3499324487791210e+01, 1.1291477523573394e+00,
       1.2930527791063513e+00, 4.9814605703995257e-01,
       2.9629676931552346e-02, 1.4496870120545652e-01,
       -1.7759284030941879e+02, -1.0980215603258053e+02,
       4.6226032419189963e+01, 3.7560464073825813e+01,
       -2.9494312824364016e+01, -3.3778641300892240e+00,
       -4.2869454244402077e+00, -9.4838306427920294e-01,
       5.1743015199277853e-01, 2.6298625221269173e-01,
       5.8819098218882190e-02, 1.6472347880852061e+02,
       2.4349230876000764e+01, -4.3393957520179491e+01,
       8.0618643194063999e+00, -1.0136103949709005e+01,
       -6.5975593310568392e+00, -3.9634257154896074e-01,
       -3.6845959731624411e-02, -7.8488850757341866e-01,
       -2.8592281060167674e-02, 1.0340681008713436e-01,
       -1.5095248119255211e+02, -2.4567898179271872e+01,
       4.2786937358365307e+01, 3.8957120170327642e+00,
       -3.8130629294117302e+00, 6.9657350184932074e+00,
       6.9782461642661175e-01, 1.3004100569334374e+00,
       -7.6481674326472793e-01, -5.0341513758571016e-02,
       5.6456791397366396e-03, -4.4656527757532238e+00,
       -1.6078324463424531e+02, 1.2754023674004147e+01,
       5.2871673032334343e+01, 9.1433440087729796e+00,
       -1.6302796895757680e+01, -1.5567036509251166e+00,
       -5.2667515842521950e-01, 1.1362545921439438e+00,
       -1.4096503938054581e+00, -7.9954586703621780e-02,
       5.2854706499198589e-01, -1.2396079348046307e+01,
       -2.0062498260675734e+00, -4.4650942839351543e-01,
       -1.0189405344088932e+01, -1.1816761652408861e+01,
       1.7275575547421332e-01, -7.7989932130830997e-01,
       -1.3777339460400835e+00, 1.4250564172674671e-01,
       -3.2089273360810838e-01 ]
