%YAML:1.0
means: !!opencv-matrix
   rows: 12
   cols: 10
   dt: d
   data: [ -1.4812439425083181e+02, 8.9515753552396944e+01,
       1.7246139130723783e+01, -4.5971553252930207e+01,
       -9.6866822924699001e+00, -1.9295366266438976e+00,
       1.6014710576510705e-01, -4.4175352137859204e-02,
       2.1257924616303281e-01, -8.7339067525538452e-02,
       3.4853356540227537e+01, 4.5196555710570102e+01,
       -6.1417263346698032e+00, -2.2638907860251944e+01,
       8.7265225228134358e-01, -7.2530421788643240e+00,
       -8.6628788250381668e+00, 6.9499335639930526e-01,
       6.7564478438309052e+00, 1.4305251825808445e+00,
       1.7014455171669988e+02, 7.0673252631438990e+00,
       -4.4478117057729527e+01, 1.5272204507286961e+01,
       -1.0416385097400768e+01, -9.0519696652449486e+00,
       -7.8834796143665253e-01, -1.3344082786297615e-01,
       -8.9386933593573237e-01, -2.8819334633575045e-02,
       -5.1282294456348332e+01, -8.7505227986406382e+01,
       2.0220114259759956e+01, 2.4987013727666149e+01,
       2.9576182379346783e+00, -1.8609425804267875e+01,
       -1.3651134332372590e+00, -8.8681577422802627e-01,
       -1.3698068747475389e+00, 3.0521451461516541e-01,
       -1.7609688469891762e+02, -9.9585221525812116e+01,
       4.6274043890044972e+01, 3.4582881959525871e+01,
       -2.7522345995898775e+01, -4.3609398566513891e-01,
       -3.3177284239139468e+00, -3.8161398586257034e-01,
       2.4441052976315031e-01, 2.3492939018866593e-01,
       2.6713039775685100e+01, -1.2203356477327711e+02,
       -1.3195544278115983e+00, 2.7316656452703601e+01,
       5.4377095842803209e+00, -2.3375292089962098e+01,
       -2.4003543398068814e+00, 3.8036884176204375e+00,
       4.8002196451024535e+00, -3.6377017115747252e+00,
       1.1116612494011999e+01, -1.5327417081847074e+01,
       -2.0526281547124416e+01, 1.9575051512721238e+01,
       1.4045371277673269e+00, 6.5645197791727918e+00,
       5.9501022649419577e-01, -5.8411997654587211e-01,
       -8.5710753770661885e-01, 3.8372567780282182e-02,
       -1.5280512989341568e+02, -1.1100183619034667e+01,
       4.3724803965562892e+01, -4.0833510130004607e+00,
       -1.8088675537941723e+00, 4.8067456399837187e+00,
       8.5365804818008628e-01, 1.2733622520072470e+00,
       -7.5763142383281501e-01, -4.5581759447276694e-02,
       5.3192519682240174e+01, 1.1873175727743919e+02,
       -3.1574031127237419e+01, -4.6311056524681305e+01,
       -8.6296219077408871e+00, 1.8372446040655070e+00,
       2.0795889551196023e+00, -2.7454742734239531e-02,
       -2.5886585515174287e-01, -1.3364280074643475e-01,
       9.9359785772158546e+01, -4.4695893342451328e+01,
       -2.1862183630039453e+01, 3.6872156477660148e+01,
       -2.7542441148867958e+01, 2.3462439065891505e+01,
       1.1286755768795764e+00, 1.2859287591109494e+00,
       4.9991316323175622e-01, 3.1864837944678828e-02,
       5.3786834225764331e+01, -2.1934199577691281e+01,
       1.0908448058536033e+00, 8.3265213751873350e+00,
       1.8279496387185596e+01, 1.4288580744116997e+00,
       8.8906743617263861e-01, -5.5338474626673584e-01,
       -2.5313819949705341e-01, 8.3712623611020276e-02,
       -1.1865252203934320e+01, 9.3571144250741412e+01,
       -4.2751571156686881e+00, -4.7109914778857885e+01,
       8.5702548926322937e+00, -7.4214405917078974e-01,
       1.7130189175846309e+00, -5.3843909119829048e-01,
       -2.4823366929999421e-01, 3.2874386256984869e-02 ]
covs: !!opencv-matrix
   rows: 120
   cols: 10
   dt: d
   data: [ 6.0502939976443195e+03, 9.6581044641317169e+02,
       2.6306053546642274e+03, -1.1676885101751411e+03,
       -1.1471201907863470e+02, 1.6904386987442723e+02,
       8.1594519430532685e+01, 1.9579677525221609e+01,
       -3.3175124890415347e+01, -8.0730877640337688e+00,
       9.6581044641317123e+02, 7.8926267251873551e+03,
       3.4634321773940144e+02, 2.1150318421071997e+03,
       -2.5254414397987352e+02, 1.3612428867468557e+02,
       -5.8110259918427623e+01, -7.0862816311165462e+00,
       -6.5588880515271867e+01, -2.2447814589017014e+01,
       2.6306053546642274e+03, 3.4634321773940144e+02,
       2.6312430694228046e+03, 4.8160037916726068e+01,
       -4.3747116352733677e+01, -5.9631272341381894e+01,
       -1.2022863969237861e+01, -3.1041697284416911e+00,
       5.1387607794832277e+00, 3.8840799100521748e+00,
       -1.1676885101751413e+03, 2.1150318421071997e+03,
       4.8160037916726068e+01, 1.7939622922906360e+03,
       9.2397169222440098e+01, -1.0042918920330322e+02,
       2.4462193216226410e+01, 7.3062090851727239e+00,
       1.8412500923241502e+01, 4.5916832122248916e+00,
       -1.1471201907863468e+02, -2.5254414397987352e+02,
       -4.3747116352733713e+01, 9.2397169222440127e+01,
       1.5818332065518976e+02, 3.7484153081987174e+01,
       -7.6330728435116413e-01, 1.0160458154351543e+01,
       8.0114456962787095e+00, 2.8116955286889596e+00,
       1.6904386987442714e+02, 1.3612428867468554e+02,
       -5.9631272341381894e+01, -1.0042918920330325e+02,
       3.7484153081987174e+01, 1.0389439729644927e+02,
       -1.1198941515997655e+01, 2.5162327531891755e+00,
       -1.2166198677031554e+01, -2.3108134136250640e+00,
       8.1594519430532657e+01, -5.8110259918427623e+01,
       -1.2022863969237870e+01, 2.4462193216226417e+01,
       -7.6330728435116457e-01, -1.1198941515997653e+01,
       2.4181163266920002e+01, 1.5934833628319396e+00,
       1.4374209314535011e+00, -5.8545480659594647e-02,
       1.9579677525221616e+01, -7.0862816311165480e+00,
       -3.1041697284416876e+00, 7.3062090851727239e+00,
       1.0160458154351547e+01, 2.5162327531891759e+00,
       1.5934833628319398e+00, 1.6716782533481645e+01,
       -1.6079324834026918e+00, 4.6149186544423421e-01,
       -3.3175124890415347e+01, -6.5588880515271853e+01,
       5.1387607794832295e+00, 1.8412500923241502e+01,
       8.0114456962787095e+00, -1.2166198677031554e+01,
       1.4374209314535014e+00, -1.6079324834026925e+00,
       3.7442507330167367e+00, 6.3246389339466413e-01,
       -8.0730877640337688e+00, -2.2447814589017014e+01,
       3.8840799100521757e+00, 4.5916832122248916e+00,
       2.8116955286889596e+00, -2.3108134136250640e+00,
       -5.8545480659594584e-02, 4.6149186544423421e-01,
       6.3246389339466413e-01, 5.7572567875634317e-01,
       9.2846872810546247e+03, -1.1634379478704691e+03,
       1.7590943696895397e+03, -3.3124484688221821e+02,
       -7.4736971538733678e+02, -3.7535708660314174e+02,
       -2.2773944858637992e+02, 2.0478196254812218e+01,
       5.4557909548975836e+01, -1.6811589202860961e+01,
       -1.1634379478704693e+03, 8.4793455367416209e+03,
       1.1618584106489966e+03, 1.8182743096854713e+03,
       2.8704539685499674e+02, 8.3986704337511767e+01,
       -1.4563771300865105e+02, 6.2033304865033934e+01,
       -2.5941735090134507e+01, -5.2008115138911151e+01,
       1.7590943696895397e+03, 1.1618584106489966e+03,
       3.0143573833771811e+03, -1.2488574137998231e+02,
       2.3210951469014589e+02, 8.8231246536426880e+01,
       6.6731382520470220e+01, -1.2172791896413255e+01,
       -1.5227039300720332e+01, -2.8127354996626263e+01,
       -3.3124484688221804e+02, 1.8182743096854713e+03,
       -1.2488574137998233e+02, 1.8380403599396197e+03,
       4.9120503915690556e+01, -1.4325413687682612e+02,
       -4.4418948332780017e+00, 2.9917767609598613e+01,
       3.7128957462837512e+01, -1.3890590101928419e+00,
       -7.4736971538733678e+02, 2.8704539685499674e+02,
       2.3210951469014591e+02, 4.9120503915690563e+01,
       3.9404658464465638e+02, 8.6638657768016571e+01,
       -4.0289365853599634e+01, 2.7253373817575639e+01,
       8.5428621963926190e+00, -8.7177736178432301e+00,
       -3.7535708660314179e+02, 8.3986704337511796e+01,
       8.8231246536426895e+01, -1.4325413687682615e+02,
       8.6638657768016586e+01, 1.3784829102753412e+02,
       -2.0328393693923019e+01, -6.3731047413935658e+00,
       -6.5918578296990313e+00, -4.7950087968023647e-01,
