%YAML:1.0
means: !!opencv-matrix
   rows: 15
   cols: 14
   dt: d
   data: [ -5.1854818696579535e+01, -3.6087703435497801e+01,
       2.5899421466181764e+01, 4.7576795189667621e+01,
       1.4628502477758387e+01, -8.5648419055926439e+00,
       -7.5781378696536708e+00, -2.9167956267026853e+00,
       -3.6720771630144893e+00, 1.3959902379725915e+00,
       1.0700968155058752e-01, 1.5086554132173199e-01,
       -5.2378189857426961e-02, 3.3941306169859763e-02,
       4.8291488859230121e+01, -1.4369062092372790e+01,
       -1.4199485241083561e+01, 2.7609848926454110e+00,
       1.4738502109792060e+01, -3.1030283783955874e+00,
       -1.8080047595504329e+00, 1.5791435285551949e+00,
       7.6590757226318118e-01, 3.7940892495357155e-02,
       2.7615356816045232e-02, -6.5329642082070545e-03,
       5.3248990449426938e-03, 5.8788210451120220e-03,
       1.5293987057151759e+02, 1.9002277061887627e+00,
       -4.1398851136009164e+01, 1.8169705833745668e+00,
       -5.8960690892019141e+00, 1.2282505476191231e+01,
       -1.0647664974157889e+00, 1.0783785124501826e+00,
       4.8285258689691063e-01, -8.2870965425633339e-02,
       7.9783775699825157e-02, -2.2404016211575527e-02,
       -5.7882676993056201e-03, -1.3678661659691563e-02,
       4.9193881962097926e+01, 2.1624709011616172e+01,
       -1.4984465782309657e+00, -1.1207560986611020e+00,
       1.4079742976981171e+01, 4.5134130364787755e+00,
       3.8844098710954418e+00, -1.5504119966523591e-01,
       -2.1408386623706140e-02, 2.6580329544167249e-02,
       3.2551645196194218e-02, 3.5035166574480289e-02,
       7.1942503481192323e-03, 6.3699014659528951e-03,
       -2.0210535920557510e+02, 8.5177050629705917e+01,
       4.2240992917223195e+01, -4.5364778527553923e+01,
       -2.2978486775213469e+01, 1.4793186707935874e+01,
       -3.3736763579169029e+00, 1.6211559029302425e+00,
       8.3969504364347569e-01, -1.9779089690332586e-02,
       6.2022882594971372e-02, 1.2231186737020616e-02,
       2.8928823904300458e-03, 6.5633732284241320e-03,
       1.5911595636528093e+01, 3.7246638787850863e+01,
       4.9146129083550303e+00, -2.9878852918883410e+01,
       1.0527011667258229e+01, -7.1236005599568166e+00,
       -3.8889876710457352e+00, -1.6641040952380994e+00,
       -4.9359790874373735e+00, -2.3086292536590953e+00,
       -2.6336258805082779e-01, 2.8055713425235603e-02,
       -3.7139628174475470e-02, -3.4347549516887996e-02,
       -1.4092176858332130e+02, -9.9946374052871931e+01,
       2.6356825093762698e+01, 6.3943771099055823e+01,
       -1.6881195187742090e+01, -2.6131039208678575e-01,
       3.0729936368616935e-02, -1.3070504510165033e+00,
       7.4333481774144006e-01, -3.3501563082169161e-01,
       8.2362694208556519e-02, -4.8165755898461459e-03,
       -3.0594525740827274e-03, -1.1081498801236194e-02,
       1.3127238900644699e+02, 2.0980919398956726e+01,
       -3.6876823491107686e+01, -3.8896480037104872e+01,
       -1.5621049931083382e+01, -3.6310110673514235e+00,
       1.3927870650005880e+00, -3.6942062978660410e+00,
       -4.8896378176716701e-02, 8.8291919899943483e-01,
       -1.7651645258502346e-01, -1.2810132185684744e-01,
       1.7024376787403194e-03, -3.9391541300885530e-03,
       -1.2279808023339217e+02, -7.2030218532030998e+00,
       3.1335717305700491e+01, 6.3693039893772943e+00,
       -1.0169295832250935e+00, -3.5787261204058174e+00,
       1.6931439633780341e+00, 1.1090954463963987e+00,
       3.3266994538406081e-01, -6.7979059665348188e-02,
       -8.0947407591296039e-02, 1.0825622550677701e-02,
       4.0465675887786162e-03, -8.1143090068602330e-04,
       2.5892659626964655e+01, -9.3609561219248718e+01,
       -7.0482758626864950e+00, 6.0327830941582562e+01,
       -2.4456023650199947e+00, 2.6253095433098211e-01,
       1.8775554844153162e+00, -1.3068268920407747e-01,
       3.6669007615532760e-02, -1.7809541453655123e-01,
       -5.0236911566055469e-02, 2.3943047513882757e-03,
       4.6229891515492099e-03, -4.3816694553620037e-03,
       4.9409638875592464e+01, 1.1748541267587694e+01,
       -9.1422679324466287e+00, -6.9170643207804705e+00,
       -4.2017075469822309e+00, -1.1646140411783004e+00,
       -5.5223345043464125e+00, -4.7395636236597634e+00,
       -3.2612876771433124e+00, 1.4785877946322676e+00,
       -7.4348637428064329e-02, 1.2803184372538719e-02,
       -3.1838859039329127e-02, 2.1909783700769445e-02,
       -1.8212690870827444e+02, 8.8118090659673740e+00,
       3.5452459619487151e+01, -4.2736606715736567e+00,
       -2.6398033481787677e+00, 3.5283804174526039e+00,
       -2.8838207775719988e+00, -6.5829286062122865e+00,
       -2.5158124661039776e+00, 8.6601303618286052e-01,
       -1.5383552803388326e-01, -9.9967926460837145e-02,
       -3.2880320936286671e-03, 3.0026896234554447e-04,
       1.3512148619886000e+01, 1.4007523307270765e+02,
       1.2698972102983976e+00, -7.7153749652437270e+01,
       1.9557858101075404e+01, 8.1500934261763032e+00,
       -1.0130609614254528e-01, 2.0729080065281686e+00,
       1.4882872566376166e+00, 4.3789011653360205e-01,
       -3.6640778570958467e-02, -2.0318108810620163e-02,
       -4.0799614470272139e-03, -8.6947104333962751e-03,
       8.2323053563476279e+01, 1.5496203265220029e+01,
       -2.4028933931525803e+01, -3.2197085816702959e+01,
       -2.6733103307742944e+01, -1.9297998819835055e+01,
       8.1427930449023134e-01, -2.3549938012601244e+00,
       2.5418792681340197e-01, 1.8012636788279104e-02,
       1.0815888604379213e-01, -3.0569405950860097e-03,
       7.3056512135109808e-04, 3.4623624640177197e-03,
       1.3509198521469003e+02, -8.8972259499463124e+00,
       -3.7378146556880644e+01, 3.0779779386925736e+00,
       -5.3893700081724596e+00, 1.6494818924595400e+01,
       -8.9378769422187987e-01, 1.1276717761760933e+00,
       -2.4786321862903549e+00, -9.7011730813574470e-01,
       -2.5070751506442005e-02, -1.0024547757364169e-01,
       -1.8881813186797825e-03, -3.0087513149147461e-02 ]
