%YAML:1.0
means: !!opencv-matrix
   rows: 4
   cols: 13
   dt: d
   data: [ -1.7427125495643409e+02, 3.0044177890589210e+00,
       3.7495151817212673e+01, 1.6802291901817343e+00,
       -1.2914214873740660e+01, 5.3284440659809205e+00,
       -7.0184944385821946e-01, 2.7829695745847988e-01,
       3.1977448479823067e-01, -3.7790804372797991e-02,
       -1.9746977558078114e-02, -1.0270901392309554e-02,
       2.0551311207126872e-03, 9.5341181187273364e+01,
       1.5572930979158794e+01, -2.8016122065804147e+01,
       -2.8034413422725219e+01, -2.3308364468294126e+01,
       -1.4300680665767480e+01, 7.2226178706628619e-01,
       -1.9804639019592425e+00, 2.7603383338706017e-01,
       -5.9613786366095947e-02, 9.3651072624503284e-02,
       -3.8498103620173041e-03, 1.2768502955316021e-04,
       4.2314365670078331e+01, -1.3292985151772621e+01,
       -7.2649734372223067e+00, 1.0844705224822134e+01,
       8.9207240544353059e+00, 2.2264606427108108e-01,
       9.5381038838993359e-01, 7.1683082009053911e-01,
       2.9905823408727272e-01, 7.8116109443860287e-03,
       1.4102585000521086e-02, 6.2150962606856396e-03,
       4.3093171501504702e-03, 2.8995390280668083e+01,
       4.2032384502285062e+01, -7.5002986087994765e+00,
       -2.6687713266822282e+01, 4.9843676739968892e+00,
       3.2597093694740140e+00, -3.9400156543458560e+00,
       -1.9604333600568713e+00, -2.2864858978165938e+00,
       9.6788378594837327e-02, -1.2375462458343751e-01,
       -6.4875189634980793e-03, -2.4383041965733942e-02 ]
covs: !!opencv-matrix
   rows: 52
   cols: 13
   dt: d
   data: [ 6.2478618310772681e+03, -9.4382888930609533e+02,
       2.9333608455558033e+03, 8.6244268973714941e+02,
       5.6909078745833391e+01, -2.2089548235658984e+02,
       9.6585241172971237e+01, -3.8525622115644090e+01,
       -6.0247347399361377e+00, 1.8682383515537142e+00,
       -1.2335225571711885e+00, 4.7281562143892480e-01,
       -2.6291112748256455e-02, -9.4382888930609568e+02,
       1.1478747788078133e+04, 2.6282380289581994e+02,
       -8.8486431536690429e+02, -3.1976278173621472e+02,
       4.5215478296217640e+02, -8.2945643092315692e+01,
       4.7565685951582772e+01, -4.1010519915764245e+00,
       1.4342659041979216e+01, 8.2998443755881790e-01,
       3.5575070166293726e-01, 6.6999936183670339e-02,
       2.9333608455558028e+03, 2.6282380289581988e+02,
       2.4648268735141819e+03, -1.7770623417944867e+02,
       -5.1764694236614844e+01, 5.4772276086460742e+01,
       -2.7750588089739413e+01, 1.4047420002828082e+01,
       7.6079086390173556e-01, 5.0161860876153153e-01,
       3.3080226086683684e-01, -5.1379227046656250e-03,
       -3.3740685555054079e-02, 8.6244268973714964e+02,
       -8.8486431536690429e+02, -1.7770623417944864e+02,
       3.0078226964599230e+03, 1.2582001624930483e+02,
       -2.2456854709435675e+02, 4.2100955585084193e+01,
       -4.0723585834222703e+01, 6.9559416571600181e+00,
       -2.0693252378975862e+00, -8.1689237269370307e-01,
       -4.2390637406911319e-01, -1.8171218437572686e-03,
       5.6909078745833405e+01, -3.1976278173621472e+02,
       -5.1764694236614858e+01, 1.2582001624930483e+02,
       1.2803927612073039e+02, -4.9900508909342811e+01,
       1.6847150187981736e+01, -1.0753149027254134e+01,
       -3.0529584270446417e+00, 1.3512178441425406e+00,
       -9.9494108670048687e-01, -1.6897584670000135e-01,
       3.3922741710932472e-02, -2.2089548235658989e+02,
       4.5215478296217645e+02, 5.4772276086460735e+01,
       -2.2456854709435677e+02, -4.9900508909342832e+01,
       2.4260547665889700e+02, -9.8758240950734582e+00,
       3.4710917501960026e+00, 1.9855904659188023e-01,
       -6.2219612644349132e-01, 9.7316423226798301e-02,
       2.2556409201278282e-01, -1.0838026991380810e-02,
       9.6585241172971237e+01, -8.2945643092315706e+01,
       -2.7750588089739406e+01, 4.2100955585084193e+01,
       1.6847150187981743e+01, -9.8758240950734582e+00,
       2.9167254394859327e+01, -1.9589719127565834e+00,
       -2.0825404601671678e+00, 2.9162446805054415e-01,
       -4.0621591374837882e-02, 2.6491150161096648e-02,
       -2.6555169830450351e-02, -3.8525622115644083e+01,
       4.7565685951582772e+01, 1.4047420002828076e+01,
       -4.0723585834222703e+01, -1.0753149027254134e+01,
       3.4710917501960026e+00, -1.9589719127565828e+00,
       1.9761936786172331e+01, 3.4883192533120694e-02,
       1.4563851632109823e-01, 4.0731187488181969e-02,
       4.2810860623507828e-02, -6.2546980881376590e-03,
       -6.0247347399361377e+00, -4.1010519915764263e+00,
       7.6079086390173556e-01, 6.9559416571600190e+00,
       -3.0529584270446417e+00, 1.9855904659188031e-01,
       -2.0825404601671678e+00, 3.4883192533120673e-02,
       2.5789628475740365e+00, -4.1119922590845664e-01,
       5.2681809623047740e-03, 3.0272299885478159e-02,
       -1.5951304402308925e-02, 1.8682383515537144e+00,
       1.4342659041979214e+01, 5.0161860876153141e-01,
       -2.0693252378975870e+00, 1.3512178441425409e+00,
       -6.2219612644349120e-01, 2.9162446805054415e-01,
       1.4563851632109825e-01, -4.1119922590845664e-01,
       6.6719370302398406e-01, -3.9976988433295529e-02,
       -8.4531505698819849e-03, -1.5753188090225146e-03,
       -1.2335225571711887e+00, 8.2998443755881779e-01,
       3.3080226086683673e-01, -8.1689237269370296e-01,
       -9.9494108670048687e-01, 9.7316423226798343e-02,
       -4.0621591374837868e-02, 4.0731187488181983e-02,
       5.2681809623047731e-03, -3.9976988433295529e-02,
       2.3617200286351045e-02, 1.3871102059378373e-03,
       -7.7559126157678579e-04, 4.7281562143892480e-01,
       3.5575070166293743e-01, -5.1379227046656319e-03,
       -4.2390637406911319e-01, -1.6897584670000135e-01,
       2.2556409201278282e-01, 2.6491150161096638e-02,
       4.2810860623507821e-02, 3.0272299885478166e-02,
       -8.4531505698819849e-03, 1.3871102059378377e-03,
       4.1051656933814209e-03, 4.6772476746225622e-04,
       -2.6291112748256493e-02, 6.6999936183670367e-02,
       -3.3740685555054106e-02, -1.8171218437572768e-03,
       3.3922741710932479e-02, -1.0838026991380799e-02,
       -2.6555169830450351e-02, -6.2546980881376607e-03,
       -1.5951304402308925e-02, -1.5753188090225146e-03,
       -7.7559126157678568e-04, 4.6772476746225611e-04,
       2.2965451720284771e-03, 4.9779784729139565e+03,
       9.5001429488174807e+01, 2.7739586475781011e+03,
       4.2500428373905601e+02, 1.0679575477519631e+02,
       3.1695614770630397e+02, -6.8363288956274147e+01,
       2.1207810894357014e+01, 2.3870978140589678e+01,
       -1.9538244100867292e+00, -1.1600134241669591e+00,
       -3.8063798748593902e-01, 2.5228451429033932e-02,
       9.5001429488174693e+01, 5.5690192063067407e+03,
       -3.6925179970860150e+01, 2.4526888714534757e+03,
       -4.7403919253370177e+01, -1.2987072196927105e+02,
       4.0311891985604177e+01, -2.3440346889000949e+01,
       -1.4675209956739945e+00, -7.8246478426115509e+00,
       5.5884327673890033e-01, 7.2091103693137273e-02,
       1.7828104288705845e-02, 2.7739586475781011e+03,
       -3.6925179970860150e+01, 2.6256174761174670e+03,
       -4.1754512498738364e+01, -1.4698792324763792e+02,
       -5.3958240241150698e+01, 2.2881941564508786e+01,
       -1.0788983420407311e+01, 2.1597988923149467e+00,
       1.1703106800006373e+00, 3.4177567243522627e-01,
       -2.1335033094200673e-01, 1.0155226736258020e-01,
       4.2500428373905601e+02, 2.4526888714534757e+03,
       -4.1754512498738343e+01, 1.2536553232664000e+03,
       1.3871951916969012e+00, 1.2151121237882883e+01,
       8.6536618291266165e-01, 2.4499455487831202e+01,
       -2.4629594811424109e+00, -3.3587797358704030e+00,
       -9.7088755208181290e-02, 9.7004419511688492e-03,
       -7.2943942523276170e-02, 1.0679575477519631e+02,
       -4.7403919253370162e+01, -1.4698792324763792e+02,
       1.3871951916969001e+00, 8.1636629443790781e+01,
       9.1151718494825914e+01, 1.5118456745683223e-01,
