%YAML:1.0
means: !!opencv-matrix
   rows: 4
   cols: 2
   dt: d
   data: [ -1.6622661610400250e+01, -5.7897127587494431e+01,
       1.1775177022921487e+02, -2.8726230607454379e+01,
       -1.8280677010968176e+02, 1.3596025501787416e+01,
       3.6087545608797065e+01, 7.6753571354635966e+01 ]
covs: !!opencv-matrix
   rows: 8
   cols: 2
   dt: d
   data: [ 7.3337069826918623e+03, 1.2701841173550229e+03,
       1.2701841173550224e+03, 6.5056573326352054e+03,
       5.0172207046981866e+03, 6.4530900520824787e+02,
       6.4530900520824775e+02, 7.1292857702659212e+03,
       5.9675919499774518e+03, -3.2041291348290412e+02,
       -3.2041291348290412e+02, 1.0379637321556627e+04,
       9.6252027854736789e+03, -5.1352093159150468e+02,
       -5.1352093159150479e+02, 4.9299751852028548e+03 ]
weights: !!opencv-matrix
   rows: 1
   cols: 4
   dt: d
   data: [ 2.7973184923434363e-01, 2.5516545403711727e-01,
       1.9270272321516577e-01, 2.7239997351337475e-01 ]
pca_proj: !!opencv-matrix
   rows: 2
   cols: 21
   dt: f
   data: [ 4.36961316e-02, 8.50134730e-01, 1.73015636e-04,
       6.54514134e-02, 4.60692108e-01, 2.29939164e-04, 7.67599978e-03,
       1.46649793e-01, -1.37564148e-05, 1.21663406e-03, 1.30500361e-01,
       -5.45994153e-05, 8.06188770e-03, 1.42052382e-01, -2.12945142e-05,
       -2.45414903e-05, 9.56867734e-06, -1.94090262e-06, 3.13729906e-05,
       4.34020360e-04, 2.32224409e-07, 7.68702388e-01, -5.10314330e-02,
       1.14127281e-04, 4.21110362e-01, -3.83849256e-02, 4.02935693e-05,
       2.81941950e-01, -1.35209868e-02, 1.95932400e-04, 2.66951323e-01,
       -4.70317341e-03, 2.29704310e-04, 2.76557714e-01, -1.55316098e-02,
       2.11025646e-04, -3.74769334e-05, 5.54774260e-06, -7.89335627e-06,
       8.86836962e-04, -5.85095040e-05, 1.91629806e-04 ]
pca_mean: !!opencv-matrix
   rows: 1
   cols: 21
   dt: f
   data: [ 2.07625534e+02, 2.55653595e+02, 1.54502928e+00,
       2.18915131e+02, 2.60592743e+02, 1.67241716e+00, 2.65274475e+02,
       2.24016678e+02, 1.71669352e+00, 3.19420807e+02, 1.63929108e+02,
       1.75046074e+00, 3.16613464e+02, 2.25532654e+02, 1.70717156e+00,
       1.08872897e-04, -9.74175637e-05, 6.24380555e-05, -2.17504916e-04,
       -2.50119597e-01, 1.75055194e+00 ]
gamma: !!opencv-matrix
   rows: 4
   cols: 1
   dt: d
   data: [ 9.0810351973956094e-01, 9.0471834177171406e-01,
       9.2533076233046552e-01, 9.0172903206055532e-01 ]
