%YAML:1.0
means: !!opencv-matrix
   rows: 8
   cols: 9
   dt: d
   data: [ -1.7584853227000792e+02, 6.1881155003637389e+01,
       3.9535856871988102e+01, -3.7442511543563612e+01,
       -1.3481541119477395e+01, 2.8174839676079206e+00,
       -1.5130272359055355e+00, 2.9840269666050079e-01,
       5.9700030128038602e-02, 1.4363111619486810e+02,
       -2.4118625845324946e+00, -3.9371564578430537e+01,
       2.8585929477053664e+00, -6.1361585689933582e+00,
       1.2763269294339718e+01, -1.5181567063278498e+00,
       5.0058300640074227e-01, -3.2330092040049657e-01,
       2.3179939185580874e+01, -7.4308330589432543e+01,
       -6.8812699070148353e+00, 4.8378862276698570e+01,
       3.3147372729171574e+00, 2.7650915924609283e+00,
       1.4232121845133152e+00, 9.8550617922312025e-02,
       2.9166042836106748e-01, 2.5326007787191145e+01,
       9.5801137789693200e+01, -1.3188646390379586e+00,
       -6.0324741741261008e+01, 6.1972704199711401e+00,
       5.5756881091595367e-01, -1.3136800298626354e+00,
       9.6185238410671592e-01, -7.2533561048569817e-01,
       3.3743156195136241e+00, 2.4716547355712819e+01,
       -4.1616232006331110e+01, -1.9416224963164709e+01,
       6.8486030831486806e+00, -9.2379294336540134e+00,
       1.2595187485040056e+00, -3.5505057063716694e-01,
       2.5362506438119126e-01, 1.0963020416408291e+02,
       2.1243535247153968e+01, 4.0670542160045763e+01,
       -1.9059420866510617e+01, 3.8751755294168593e+00,
       -9.1257191630004808e+00, 8.0082152812565133e-01,
       2.4326435588224934e-01, 3.5564350417101770e-01,
       -9.5201706405911693e+01, -8.6772272927906631e+00,
       2.4848881553778618e+01, 1.3459293102101606e+01,
       1.0641819231880039e+01, 9.4813677851246692e-01,
       -2.0699195266762977e+00, -1.7811407139274402e+00,
       -1.3553464228834413e+00, -1.6052155200611861e+02,
       -6.3194323015383553e+01, 3.6338865075226465e+01,
       4.1509201633405588e+01, -1.1827236704187225e+01,
       1.0026524474122299e-01, 5.8570081708556143e-01,
       -1.1837307681701416e-01, 5.0681831704514357e-01 ]
covs: !!opencv-matrix
   rows: 72
   cols: 9
   dt: d
   data: [ 6.5755157887996420e+03, -2.9214970135399216e+02,
       3.0399324338291094e+03, 2.9688370151126429e+02,
       2.3741632088050159e+02, -4.9434754441014002e+02,
       1.2803566266962389e+02, -3.9367444462474403e+01,
       -2.2607643992506819e+01, -2.9214970135399210e+02,
       7.4797180375522421e+03, -6.1458494253423048e+01,
       1.7377085280891513e+03, -4.0049218953936975e+02,
       5.5661443843055224e+02, -1.0155137992903850e+02,
       2.4759638250783357e+01, 1.1952734200345432e+01,
       3.0399324338291094e+03, -6.1458494253423105e+01,
       2.4463991283783703e+03, 4.8208872359902294e+01,
       -4.4454793370626398e+01, 9.3684175244972494e+01,
       -2.2154603681042822e+01, 1.4850923782448385e+01,
       6.6927412245353723e+00, 2.9688370151126423e+02,
       1.7377085280891513e+03, 4.8208872359902308e+01,
       1.3675396908037571e+03, 1.5537241892705600e+02,
       -1.8633547561962970e+02, 3.8916961199625902e+01,
       -2.1784998041551219e+01, 5.0735072209615228e-01,
       2.3741632088050159e+02, -4.0049218953936975e+02,
       -4.4454793370626383e+01, 1.5537241892705603e+02,
       1.8209241442425392e+02, -1.2384408549469335e+02,
       2.6600417135927774e+01, -1.8758193235155577e+01,
       -3.2775571512467989e+00, -4.9434754441013990e+02,
       5.5661443843055201e+02, 9.3684175244972479e+01,
       -1.8633547561962970e+02, -1.2384408549469335e+02,
       3.9769098582109359e+02, -2.7653578143023317e+01,
       1.8244937141959515e+01, 8.7204420135565943e+00,
       1.2803566266962383e+02, -1.0155137992903850e+02,
       -2.2154603681042811e+01, 3.8916961199625909e+01,
       2.6600417135927774e+01, -2.7653578143023317e+01,
       3.5474722506686760e+01, -1.5739045364148110e-01,
       -1.2807710004483921e+00, -3.9367444462474396e+01,
       2.4759638250783368e+01, 1.4850923782448387e+01,
       -2.1784998041551219e+01, -1.8758193235155581e+01,
       1.8244937141959515e+01, -1.5739045364148116e-01,
       2.2874836597275028e+01, 2.2891515348605038e+00,
       -2.2607643992506812e+01, 1.1952734200345427e+01,
       6.6927412245353697e+00, 5.0735072209615206e-01,
       -3.2775571512467989e+00, 8.7204420135565943e+00,
       -1.2807710004483916e+00, 2.2891515348605038e+00,
       3.5471245019611466e+00, 4.9514549832362009e+03,
       3.7366695787855861e+02, 2.8562518167565290e+03,
       -1.3472140552657254e+02, -1.6046044720703244e+02,
       -1.0563833788805789e+02, -4.3412838176363998e+01,
       -2.6914039041534372e+00, 2.8288729086917670e+01,
       3.7366695787855872e+02, 6.7525271868931577e+03,
       -2.1924632796191182e+02, 1.7428175311182413e+03,
       -9.3523995755953990e+01, -7.6871701620638348e+01,
       3.9261119314372912e+01, -6.2384656594838042e+01,
       3.2625735718052007e+00, 2.8562518167565286e+03,
       -2.1924632796191182e+02, 2.5978756360376501e+03,
       1.0135727770498400e+02, -8.1084203755281706e+01,
       6.7723357013744192e+01, 1.0830177407946218e+01,
       -2.5634686222714067e+00, -6.1336116949062411e+00,
       -1.3472140552657251e+02, 1.7428175311182413e+03,
       1.0135727770498394e+02, 1.5912011095217920e+03,
       -2.8955685703848214e+01, -9.7981417408851755e+01,
       -1.6382063922275911e+01, 4.8715674375891226e+01,
       -1.7669818164381927e+00, -1.6046044720703244e+02,
       -9.3523995755953990e+01, -8.1084203755281706e+01,
       -2.8955685703848214e+01, 3.4570783440072780e+01,
       2.0997772046851225e+01, -5.8710538826705214e+00,
       -1.5728495239770706e+00, 2.1214183049816833e+00,
       -1.0563833788805792e+02, -7.6871701620638348e+01,
       6.7723357013744177e+01, -9.7981417408851755e+01,
       2.0997772046851225e+01, 6.6124833463077024e+01,
       2.9227649872186778e+00, -1.4455920460096182e+01,
       -6.5596155698471863e+00, -4.3412838176363998e+01,
       3.9261119314372912e+01, 1.0830177407946213e+01,
       -1.6382063922275908e+01, -5.8710538826705196e+00,
       2.9227649872186761e+00, 3.6175901639698893e+01,
       2.2467705752171128e+00, 2.1548974643585805e+00,
       -2.6914039041534377e+00, -6.2384656594838034e+01,
       -2.5634686222714045e+00, 4.8715674375891226e+01,
       -1.5728495239770706e+00, -1.4455920460096182e+01,
       2.2467705752171128e+00, 2.1205055917967428e+01,
       1.6458842061193755e+00, 2.8288729086917670e+01,
       3.2625735718052002e+00, -6.1336116949062394e+00,
       -1.7669818164381914e+00, 2.1214183049816833e+00,
       -6.5596155698471863e+00, 2.1548974643585801e+00,
       1.6458842061193755e+00, 5.3448610757721777e+00,
       7.3976252157298732e+03, 6.2497071733177233e+02,
       2.2316315910300541e+03, -9.0086750179153711e+01,
       -3.1262007265168774e+02, 2.8454146941662270e+02,
       -5.2631480017346831e+01, 1.6180793658925264e+01,
       1.2593099435389556e+01, 6.2497071733177222e+02,
       6.9524977894661897e+03, -2.0970338802624184e+02,
       1.7611488601912693e+03, 2.4646037240895389e+01,
       8.2340526436085511e+01, 5.6225224913062014e+01,
       -1.3729490425916540e+01, -3.5663867238071449e+00,
       2.2316315910300546e+03, -2.0970338802624195e+02,
       2.6923127613490356e+03, -1.4609702685644947e+01,
       -1.5119512930209478e+01, -4.6386844389118217e+01,
       2.4358951385443568e+01, -7.7137248666282590e-02,
       -1.5785452761877135e+00, -9.0086750179153697e+01,
       1.7611488601912693e+03, -1.4609702685644928e+01,
       1.3888222179142606e+03, -1.2740319113492139e+02,
       -1.9238490679158716e+02, -2.4446177188357325e+01,
       8.6120500952302468e+00, 2.1253188492729786e+00,
       -3.1262007265168774e+02, 2.4646037240895396e+01,
       -1.5119512930209469e+01, -1.2740319113492139e+02,
       1.6414004920120425e+02, 4.6904520637487597e+00,
       -8.0843150887581938e+00, -4.4942130839189005e+00,
       3.0200385180548421e+00, 2.8454146941662270e+02,
