%YAML:1.0
means: !!opencv-matrix
   rows: 6
   cols: 10
   dt: d
   data: [ -1.6315780215593961e+02, 6.4146690011440455e+01,
       3.6339400831612998e+01, -3.8837184756609304e+01,
       -1.0533202600500429e+01, 2.5943983379404663e+00,
       -1.4463972862433132e+00, 2.9925012515941862e-01,
       1.4006206836822771e-01, 8.9138250644835063e-02,
       8.2061666104846410e+01, 1.6012021468075780e+01,
       -2.3806356673693909e+01, -3.2043431892897296e+01,
       -2.6468049291387519e+01, -1.9628036317675832e+01,
       9.1731822042577382e-01, -2.3191499609170596e+00,
       2.1017650662426043e-01, -2.0850212497870061e-02,
       7.1389564286726966e+01, 7.8817886632861054e+00,
       -1.4404959731376922e+01, -1.1324107483781198e+00,
       1.0909722273261337e+01, 2.6270562442066514e+00,
       3.8016701949429305e-01, 1.0414903424644388e+00,
       3.5655598096536334e-01, 1.5362850121456682e-02,
       3.6077177628301335e+01, 3.6546225546679842e+01,
       -7.7127324152090022e+00, -2.4780352839911409e+01,
       4.9101018118279809e+00, 1.4478462854987297e+00,
       -3.0655723400579777e+00, -1.5595266549254343e+00,
       -2.1184016155474250e+00, 1.5665654530456447e-02,
       1.4054189552063027e+01, -8.7917712641475632e+01,
       -5.0294560778809503e+00, 5.7263962083828602e+01,
       -7.1791023766705056e-02, 3.2455817723611738e-02,
       1.9482778390872892e+00, -1.1589566722459034e-01,
       1.9461659728623193e-01, -1.3158918368156552e-02,
       -1.5521000171050008e+02, -5.4640165205108275e+01,
       3.5381215651333463e+01, 3.6741681154019986e+01,
       -7.8168245871381998e+00, 2.1274309961929760e+00,
       5.9279536487288642e-01, -3.7244580399926230e-01,
       2.9584610451241072e-01, -1.2215996336391179e-01 ]
covs: !!opencv-matrix
   rows: 60
   cols: 10
   dt: d
   data: [ 7.6433721792808474e+03, 5.3210322840708052e+01,
       2.8069109334525201e+03, 3.0220684302679462e+01,
       4.5078646225673748e+02, -3.9056816143558586e+02,
       1.2054369692941980e+02, -2.9722603747476512e+01,
       -1.2223386759555735e+01, 1.3902774693722484e+00,
       5.3210322840708088e+01, 7.9476099045363344e+03,
       -1.4143459325852996e+02, 1.4747301565556538e+03,
       -4.2676462055352874e+02, 7.1924874998737459e+02,
       -1.1896139492678051e+02, 2.9306434790718296e+01,
       1.7492557200791008e+01, 1.1475484240199589e+00,
       2.8069109334525206e+03, -1.4143459325852987e+02,
       2.5032577261782194e+03, 8.9599645731281967e+01,
       -8.7980506931571867e+01, 6.4514938489722866e+01,
       -2.2480544483006888e+01, 1.3886757243622965e+01,
       4.1731271826873018e+00, 5.3802414647512953e-01,
       3.0220684302679420e+01, 1.4747301565556543e+03,
       8.9599645731281996e+01, 1.5505554008519748e+03,
       1.6366822931003293e+02, -2.8012081001475053e+02,
       4.5901214802452365e+01, -2.4004989729919316e+01,
       -2.6878172707359655e+00, 2.1446948589419419e+00,
       4.5078646225673748e+02, -4.2676462055352880e+02,
       -8.7980506931571867e+01, 1.6366822931003293e+02,
       2.4510465294163259e+02, -1.4488706629180058e+02,
       2.8746895861080485e+01, -1.8603726267646245e+01,
       -2.0340917888087029e+00, 6.0220789928877994e-01,
       -3.9056816143558592e+02, 7.1924874998737471e+02,
       6.4514938489722894e+01, -2.8012081001475053e+02,
       -1.4488706629180061e+02, 4.3497379346506409e+02,
       -3.3720608646528149e+01, 1.7177239627124713e+01,
       9.2427420231997317e+00, -3.7340834460985963e+00,
       1.2054369692941980e+02, -1.1896139492678051e+02,
       -2.2480544483006895e+01, 4.5901214802452365e+01,
       2.8746895861080485e+01, -3.3720608646528149e+01,
       3.5525015797831941e+01, -1.0738431787775875e+00,
       -1.6664724225860952e+00, -7.3942423262583060e-02,
       -2.9722603747476509e+01, 2.9306434790718303e+01,
       1.3886757243622963e+01, -2.4004989729919316e+01,
       -1.8603726267646245e+01, 1.7177239627124713e+01,
       -1.0738431787775873e+00, 2.1558514618713392e+01,
       1.8886709451311847e+00, -6.6498460760920119e-01,
       -1.2223386759555734e+01, 1.7492557200791005e+01,
       4.1731271826873018e+00, -2.6878172707359655e+00,
       -2.0340917888087038e+00, 9.2427420231997317e+00,
       -1.6664724225860952e+00, 1.8886709451311847e+00,
       3.4047442705143145e+00, -6.4367030750708387e-01,
       1.3902774693722484e+00, 1.1475484240199585e+00,
       5.3802414647512953e-01, 2.1446948589419423e+00,
       6.0220789928878016e-01, -3.7340834460985972e+00,
       -7.3942423262583074e-02, -6.6498460760920119e-01,
       -6.4367030750708387e-01, 8.6583336017939083e-01,
       4.0751510621007274e+03, 9.0140255220622933e+01,
       3.0673478789150017e+03, 1.4936231216523632e+02,
       -1.0318230779113556e+02, -2.3189701740826258e+01,
       -5.3694222628850731e+01, -4.8186837477851787e+00,
       1.9736046943854834e+01, -1.4563405372042468e+00,
       9.0140255220622961e+01, 5.5857089186747526e+03,
       -4.5829813879678056e+01, 2.4638372387089512e+03,
       -3.9117014569441956e+01, -1.3627758653255742e+02,
       4.0286168008495174e+01, -2.5201288047086564e+01,
       -2.4431166470956378e+00, -8.8721917182372980e+00,
       3.0673478789150017e+03, -4.5829813879678099e+01,
       2.5711027455016406e+03, 3.0573437722193550e+01,
       -8.1876794164396856e+01, 4.8973828502304379e+01,
       1.6550071557532686e+01, -4.8022815234642637e+00,
       3.7474156890878274e+00, -1.6246828632378021e-01,
       1.4936231216523637e+02, 2.4638372387089512e+03,
       3.0573437722193574e+01, 1.1713728159443533e+03,
       -5.9737386183458824e+01, -8.7972217153614565e+01,
       4.1533089132371055e+00, 1.7335880507084021e+01,
       -4.6472559138333818e+00, -3.2230375740765314e+00,
       -1.0318230779113554e+02, -3.9117014569441963e+01,
       -8.1876794164396856e+01, -5.9737386183458838e+01,
       3.5096915778526743e+01, 9.1663887177486743e+00,
       4.2514474147749741e+00, -1.5927434004235996e+01,
       2.8350673443253438e+00, -6.2478782640146058e-01,
       -2.3189701740826266e+01, -1.3627758653255736e+02,
       4.8973828502304393e+01, -8.7972217153614565e+01,
       9.1663887177486743e+00, 8.2255006518431728e+01,
       2.6105031344087031e+01, -7.7494994836610740e+00,
       -3.5390313718768680e+00, 7.9167284333117247e-02,
       -5.3694222628850731e+01, 4.0286168008495174e+01,
       1.6550071557532689e+01, 4.1533089132371055e+00,
       4.2514474147749741e+00, 2.6105031344087035e+01,
       2.0039648224182365e+01, -2.5887413156395294e+00,
       -2.4154502627191099e+00, 1.8807644324654416e-01,
       -4.8186837477851787e+00, -2.5201288047086567e+01,
       -4.8022815234642611e+00, 1.7335880507084021e+01,
       -1.5927434004235996e+01, -7.7494994836610740e+00,
       -2.5887413156395289e+00, 1.3937041408765653e+01,
       -2.8283751814794957e+00, 4.9426228453066445e-01,
       1.9736046943854834e+01, -2.4431166470956400e+00,
       3.7474156890878274e+00, -4.6472559138333800e+00,
       2.8350673443253438e+00, -3.5390313718768680e+00,
       -2.4154502627191099e+00, -2.8283751814794957e+00,
       1.5615456341730476e+00, -6.3754556231733636e-02,
       -1.4563405372042471e+00, -8.8721917182372980e+00,
       -1.6246828632378019e-01, -3.2230375740765309e+00,
       -6.2478782640146058e-01, 7.9167284333117399e-02,
       1.8807644324654416e-01, 4.9426228453066445e-01,
       -6.3754556231733650e-02, 3.2547096494407629e-01,
       8.9152435995245924e+03, -1.1249694303180277e+02,
       1.6047783972300444e+03, 2.9563728134651126e+02,
       -1.1609423909421346e+03, 4.3219989277322043e+02,
       -1.0223245836798570e+02, 2.9873130514094662e+01,
       1.3694081027620260e+01, -2.7365175045923338e+00,
       -1.1249694303180281e+02, 7.6764932665591305e+03,
       2.5440970621136497e+01, 1.2498676564563034e+03,
       9.2833175056471191e+01, -3.0480968214638369e+02,
       5.5750458778855332e+01, -2.3023088458759865e+01,
       3.7446686991882365e+00, -8.2134098992045068e-01,
