%YAML:1.0
means: !!opencv-matrix
   rows: 37
   cols: 2
   dt: d
   data: [ 3.8194739582221054e+01, 2.0541372899491276e+02,
       1.7122559170083693e+02, -7.6083831874307137e+01,
       -1.1341561693827410e+02, -1.3949508844409596e+02,
       -3.3179717981876820e+01, 6.3006005865835547e+01,
       3.3311504782225567e+00, -1.5260084941218165e+02,
       1.0919848186112522e+02, 2.2914857188190272e+01,
       2.3497254407957985e+02, 7.0755539397401662e+01,
       -2.8320734601693476e+02, -4.0541076324830968e+01,
       -2.6329967957498894e+02, 8.9133825394739191e+01,
       3.5607966564024125e+01, -9.2846810781394169e+01,
       -6.6833158603123167e+01, -9.0035941533039406e+01,
       1.4378790349748701e+02, 1.5123070711672278e+02,
       1.0407998221961358e+02, -4.7902711444898117e+01,
       -1.2110301638619635e+01, 1.2754833107647281e+02,
       7.0765821241085078e+01, -2.6417195867616374e+02,
       -1.5940344579165404e+02, 1.7233310352561685e+02,
       7.3767938632801958e+01, 1.3239662037096022e+02,
       4.5497026577639488e+01, 6.1354463376939414e+01,
       -1.0399535630829276e+02, 3.8806293533100529e+01,
       -7.2828940975893403e+01, -2.3738590760345829e+02,
       9.3570701362352054e+01, -1.2035957326879814e+02,
       -1.3116641191609389e+02, -3.7243003666331688e+01,
       5.3903233743795049e+01, -1.2628188874598401e+01,
       2.1482756287036503e+02, -1.3084557415414483e+02,
       -2.0446087645392763e+02, -7.7168181615676602e+01,
       1.7170339374156967e+02, 4.6161181906272661e+00,
       -6.0175414766287759e+01, 1.9498370082986747e+02,
       -1.5141049699503878e-01, -4.8112261471653888e+01,
       -9.8242370937245704e-01, 1.5635528891774582e+01,
       -2.0286862685730787e+02, 1.2647146456783750e+01,
       2.4354948570061373e+02, -1.8726945363376920e+01,
       -6.5683307856671405e+01, -1.5899689876525654e+01,
       1.3174808362633101e+02, -1.6304448752773305e+02,
       -2.2464076847271886e+02, -1.5654766249047273e+02,
       1.1783828093641330e+02, 8.0827747930802133e+01,
       -9.3335826382226742e+01, 1.1279173002597018e+02,
       -1.7727885106526503e+02, 8.4919240183409187e+01 ]
covs: !!opencv-matrix
   rows: 74
   cols: 2
   dt: d
   data: [ 2.4758053221514688e+03, 3.0300725013540483e+02,
       3.0300725013540483e+02, 2.5637103921175626e+03,
       1.3998272994972051e+03, 4.3442758369261441e+02,
       4.3442758369261441e+02, 1.9497587741884856e+03,
       2.0827710286842098e+03, -1.0593373609111661e+03,
       -1.0593373609111659e+03, 2.2531207515682108e+03,
       1.1933152606948786e+03, 8.1234138861379563e+01,
       8.1234138861379520e+01, 1.4274254183428284e+03,
       2.1979143657132308e+03, -2.6624858755509058e+02,
       -2.6624858755509058e+02, 1.5800100133705566e+03,
       9.3464501312948573e+02, 9.8911328290367450e+01,
       9.8911328290367408e+01, 1.0272137645331206e+03,
       2.3480177083797421e+03, 1.4633435530546066e+02,
       1.4633435530546066e+02, 3.7080303026085771e+03,
       1.6473907613014794e+03, -5.4529753575046482e+02,
       -5.4529753575046470e+02, 5.6532849694410224e+03,
       2.2625745674963318e+03, 3.3847694491228566e+02,
       3.3847694491228572e+02, 3.9551033050520746e+03,
       1.2009564247478631e+03, 4.3905032803691347e+02,
       4.3905032803691353e+02, 1.0088138521509945e+03,
       1.2275762395884472e+03, -1.8196086930647502e+02,
       -1.8196086930647499e+02, 1.1790804440488873e+03,
       2.1210214722690553e+03, 2.8314690814626033e+02,
       2.8314690814626033e+02, 2.9061189540786527e+03,
       9.8762424267882375e+02, 3.6023926432524252e+02,
       3.6023926432524252e+02, 1.0907859897035214e+03,
       1.4057283151787801e+03, 9.1257346866563253e+01,
       9.1257346866563253e+01, 1.8840148784990638e+03,
       2.8259339475081633e+03, -5.7023197332291352e+02,
       -5.7023197332291352e+02, 3.5997489470528003e+03,
       3.0040352185872161e+03, -4.9065100839200483e+02,
       -4.9065100839200494e+02, 3.0447521143796407e+03,
       1.6201793278775431e+03, -1.2343899803246234e+01,
       -1.2343899803246241e+01, 1.7654052565276957e+03,
       1.2811429794643552e+03, 7.3270246616335148e+00,
       7.3270246616335211e+00, 1.2616337014867290e+03,
       1.1675118172716666e+03, 1.2567148328613997e+02,
       1.2567148328613997e+02, 1.1796510339983590e+03,
       2.7318601848008075e+03, -1.7988657760635119e+03,
       -1.7988657760635119e+03, 5.0550583949603615e+03,
       1.3701707550101962e+03, 5.7043691511404631e+02,
       5.7043691511404631e+02, 1.1013516926081857e+03,
       1.2105321180081905e+03, -2.5525304740789196e+02,
       -2.5525304740789196e+02, 1.7548295523703002e+03,
       7.9610819469280068e+02, 1.1855360821740136e+02,
       1.1855360821740130e+02, 1.1503886935130372e+03,
       3.4884687419494662e+03, 1.2210903421594214e+03,
       1.2210903421594214e+03, 2.7019087586805426e+03,
       1.7811981215682729e+03, -6.0667811885538913e+02,
       -6.0667811885538913e+02, 1.9036326297547510e+03,
       1.0010359405670489e+03, 2.9323259122388407e+02,
       2.9323259122388407e+02, 2.3034388774637141e+03,
       2.1976929721559281e+03, -3.2157587929253907e+02,
       -3.2157587929253913e+02, 2.8446454767613645e+03,
       8.2063181332671616e+02, 1.2660081403242783e+02,
       1.2660081403242783e+02, 9.5948418585105924e+02,
       1.0101643712783793e+03, 5.2881533419350873e+01,
       5.2881533419350895e+01, 9.5997777208000434e+02,
       1.5646811446498889e+03, 3.1261514083782814e+01,
       3.1261514083782824e+01, 1.7356397612991473e+03,
       1.7789444447571072e+03, -5.1318064758090009e+02,
       -5.1318064758090009e+02, 2.9388075132727618e+03,
       1.0782904449386549e+03, 1.2233374691846420e+02,
       1.2233374691846416e+02, 1.1756680769955617e+03,
       2.9381664142244899e+03, 1.5231091753950832e+03,
       1.5231091753950832e+03, 1.9609622261108402e+03,
       3.0850852975665725e+03, -7.3427724254692043e+02,
       -7.3427724254692043e+02, 4.0288811462070571e+03,
       2.0708186425115691e+03, 9.2976523967426388e+01,
       9.2976523967426317e+01, 1.4033431225685895e+03,
       1.2807820175880265e+03, -6.0192748533018509e+01,
       -6.0192748533018509e+01, 1.9180347466134729e+03,
       1.4537900999475605e+03, -2.2683794852572743e+02,
       -2.2683794852572751e+02, 2.3115825027776568e+03 ]
weights: !!opencv-matrix
   rows: 1
   cols: 37
   dt: d
   data: [ 2.0787804093754528e-02, 2.8927874972248989e-02,
       2.7886806695745673e-02, 3.6293390766584853e-02,
       3.2260681498740257e-02, 3.7563660032894026e-02,
       2.2617257762213169e-02, 1.6978263134375404e-02,
       1.4529074293340877e-02, 3.2643946011939498e-02,
       2.9998231474263101e-02, 2.1617752366498558e-02,
       3.6302914572775652e-02, 3.0532425141593759e-02,
       7.9234820122810780e-03, 1.7221457647866426e-02,
       2.8551018577860243e-02, 4.3969242288548531e-02,
       3.4078035823746654e-02, 1.2052949402104458e-02,
       3.2210127334772333e-02, 2.8205525006058753e-02,
       4.0626617459140417e-02, 1.4053915785624855e-02,
       1.8972750884678174e-02, 3.1960748986902661e-02,
       2.4803854711097518e-02, 3.3485172740738839e-02,
       3.3308864239896534e-02, 2.7440555568250601e-02,
       1.6147701300803619e-02, 3.8744303678647000e-02,
       1.8475592759096916e-02, 2.3424412448647697e-02,
       3.2214617077715633e-02, 3.0883205509751495e-02,
       2.2305765938769619e-02 ]
