%YAML:1.0
means: !!opencv-matrix
   rows: 28
   cols: 8
   dt: d
   data: [ -1.5534786947616223e+02, 3.3454308757214356e+01,
       3.8187836890620645e+01, -2.2733769419723114e+01,
       -5.2735032625070914e+00, -9.0830808550365489e+00,
       1.1170631711858130e+00, 1.4841199678358571e-01,
       1.6457399252480894e+02, 1.5047011612936711e+01,
       -4.6998644657213042e+01, -1.4098556259238260e+01,
       -7.2121471518408615e+00, 1.3025157827904591e+01,
       -2.9442454368561716e-01, -4.0873910104592931e-01,
       4.9833927594452049e+01, 1.5243598358513580e+02,
       -7.8750428902588929e+00, -8.1147627263425250e+01,
       1.7291490392536286e+01, 6.8722982337415948e+00,
       1.7197621153179430e+00, 3.1842215237801503e+00,
       -2.0224954052893974e+01, 1.9217839814093696e+00,
       7.1732910529260154e+00, 3.7644897920987828e+00,
       3.4776663853620441e+01, -6.4262557833403922e-01,
       5.4215987053936487e-01, 2.4834775792172306e-01,
       -4.2551539349044463e+00, 1.0784172798824921e+01,
       1.1333890551216765e+00, -1.1985337196146045e+01,
       -4.0902482373323119e+00, -1.3019844228503690e+01,
       1.4062902310959946e+00, 1.0871700761583212e+00,
       3.3966200106081246e+01, -6.3399235616358553e+01,
       -2.8097846122421227e+01, -3.6014973647961881e+01,
       1.9016679178324171e+01, 7.3294243807524850e+00,
       7.8966489045465638e-01, 1.0181144188540672e+00,
       -2.1083232976140039e+02, 1.0385199120705967e+02,
       4.9251398841284193e+01, -5.1485035324618970e+01,
       -2.1440841737647940e+01, 2.8611580894787966e+01,
       -5.5071300753359269e+00, 2.6193734784083267e+00,
       9.2507535676567912e+01, -2.5311111703926446e+01,
       -2.2089397716640185e+01, 1.5408974320561825e+01,
       -4.0415759389790207e+00, 1.0167665574958663e+01,
       -5.8214276250486021e+00, -2.0323915783997291e+00,
       1.4193973351421596e+02, 6.7584967026901124e+00,
       5.2128082089488530e+01, -1.8391542473430411e+00,
       1.3902804432579856e+01, 2.9705880700064538e+00,
       -9.1444152921185129e-02, 1.8376736483972738e+00,
       8.3455449597005952e+01, -6.1440106089526061e+01,
       -2.5520913024233003e+01, 3.9370016102006119e+01,
       -1.0716903998491285e+01, 6.2528291207663838e+00,
       2.6788082302175059e-01, 3.0870619420571338e-01,
       7.6277498978708323e+01, 3.1086456872346535e+01,
       -2.1340692874068143e+01, -3.6020467900242274e+01,
       -1.0842539428828177e+01, -1.7570816457152418e+01,
       1.0369496995759675e+00, -5.1111997358297988e-02,
       -1.2540875337031196e+02, 1.2621094410130612e+01,
       3.1384379039115274e+01, -1.4409114686259008e+00,
       -6.9214267387272619e+00, 2.0925079462453066e+01,
       -1.4349751351499838e+00, 1.5325687148399265e+00,
       -1.7671977534579344e+02, 7.5851889670251708e+01,
       3.4219124938166374e+01, -4.9182927626513752e+01,
       -2.1506354996470645e+01, -1.9134834351353658e+00,
       -2.2051792274713473e+00, -1.1723058373977955e+00,
       -1.4897126495002507e+02, -1.0421047752048591e+02,
       2.6926595597879786e+01, 6.6514731519365512e+01,
       -2.0216425894907850e+01, 1.0748594929320527e+00,
       -3.1091462422142074e-01, -1.5213129599113568e+00,
       -1.4862274652344256e+01, 1.6211430568439351e+02,
       1.0488614959175395e+01, -9.2766985707195559e+01,
       1.7135810674636577e+01, 2.9906795887725284e+01,
       -2.8764902037591442e+00, 2.0009972425951683e+00,
       3.2985972223231471e+01, -9.8928798775022116e+01,
       -1.0920647913214644e+01, 6.7893778860901946e+01,
       -4.1274815732387538e+00, -1.1468171233888815e+00,
       2.0702861936014263e+00, -4.0332592264461697e-01,
       -3.3847250695550052e+01, 3.8791022571317583e+01,
       1.8873065738930723e+01, -2.9222225260902171e+01,
       2.9582585372383566e+01, -1.5675201043422133e+01,
       2.2538131409956694e+00, -6.7590586720705392e-02,
       1.4712959477994954e+02, 2.4792590638986427e+00,
       -4.3336085003865620e+01, -2.3766570684202518e-01,
       -6.7840707035873535e+00, 9.6727101814247387e+00,
       5.1559889241591716e-01, 8.8152054817946524e-01,
       6.6461018542657406e+00, 4.3512761579673075e+01,
       1.5431323347178122e+01, -2.3782199275552824e+01,
       2.2343007022035916e+01, 1.9975267669842756e+00,
       -3.8193072660168119e+00, -1.5464274823123123e+00,
       -9.4631083173632021e+01, -9.5422019202841298e+01,
       2.1041260222403338e+01, 6.6190164354812197e+01,
       -7.0580236848852298e+00, -5.0725327472643844e+00,
       1.5419835192776550e+00, -4.0526789709437167e-01,
       1.1521984765910207e+02, -4.4161769486381324e+01,
       -2.9960362868151197e+01, 3.6166928612993615e+01,
       -2.6414883004770440e+00, 1.3604294745910900e+01,
       -1.9099714537535298e-01, 2.1938081544680879e+00,
       -2.1070813841132718e+02, -1.4046550580544013e+01,
       4.4223593110267601e+01, 1.3964260032829454e+01,
       -9.9047089120834144e+00, 1.0002104584304849e+01,
       -1.3327382286337517e+00, -9.3736400506201178e-01,
       8.2138778040354950e+01, 1.7081215159401449e+01,
       -2.2829270512071179e+01, -3.2108874941534332e+01,
       -2.5990553163792576e+01, -2.0060515319997595e+01,
       1.1133249140189516e+00, -2.4804631778732675e+00,
       3.9608001610333048e+01, 7.5457309292066256e+01,
       -3.0749259038684372e+01, 1.7711697533539791e+01,
       1.6378096066353496e+01, 2.0456194978734339e+00,
       8.1250476123598103e-01, 1.3779856737661824e+00,
       -1.2114933186687526e+02, -2.8914933049611690e+01,
       3.6854705959003105e+01, 1.8551360119610397e+01,
       6.9554839548365246e+00, -9.6651638259107688e+00,
       1.4417981649098928e+00, -6.3799221994514432e-01,
       -5.0281409881543631e+01, -7.9901279689066030e+01,
       1.2944534719491543e+01, 4.8601026369584488e+01,
       1.0153734680495083e+01, -3.2601357886770721e+00,
       2.0861752061174275e+00, -2.4163237190360079e-01,
       -3.1807923601258064e+01, -5.9258591444132023e+01,
       2.0146580429950248e+01, 4.8369590912118838e+01,
       1.8168497696581710e+01, -5.1983326360389981e+00,
       -5.7441360648361464e+00, -2.7729388319713566e+00,
       1.2684347752700558e+02, 4.0807928095876214e+01,
       -3.8688784896323099e+01, -1.5143630842669163e+01,
       -1.9601215409367643e+00, 1.8162200117456962e+01,
       -3.8904581682795434e+00, 2.0845193987210999e+00 ]
