%YAML:1.0
means: !!opencv-matrix
   rows: 29
   cols: 4
   dt: d
   data: [ -1.9583873690179757e+02, -1.6309684499296486e+02,
       2.0027436944082140e+01, -3.1044338759949696e+01,
       1.2080872531017795e+02, 1.3747924823194407e+02,
       1.4410740551291056e+01, 8.4970558615599678e+00,
       -3.2733480213419632e+01, -6.3666008075992089e+01,
       3.4379355694888886e+01, -1.6551479427989516e+01,
       -2.3036325199182710e+02, 3.3847689594032047e+01,
       -3.7441952630395072e+01, -4.2457763853434976e+01,
       6.7815116310384497e+01, -1.0660520798478451e+02,
       2.6959881799227152e+00, -5.7569010038751372e+01,
       2.8624836929150618e+01, -3.5058290927806169e+01,
       -6.8111084874739944e+01, 6.4394978501054823e+01,
       1.3820077927247081e+02, 4.6244793406472404e+01,
       4.7960928755640339e+01, -4.0990703359252684e+01,
       -2.1729998618023450e+02, 1.4694552858159219e+02,
       -9.5145110037111209e+00, 2.0000941624124341e+01,
       2.1432021758870363e+02, 3.5488559574584563e+01,
       3.1291871958363441e+01, 5.0801746321673861e+01,
       -1.2183486870901118e+02, 1.1958547584675274e+02,
       5.6635557027230597e+01, -1.3803996409396806e+01,
       9.5363369718885451e+01, -1.2179692497578914e+02,
       -6.6563593178618930e+01, -4.3022133137575738e+00,
       -1.1222268905090299e+02, -6.9477043233944869e+01,
       1.0350531011895826e+02, 1.6548460655244559e+00,
       -2.3676135883843239e+00, -1.0868467761202508e+02,
       3.5484906599010296e-01, 1.1757205339606445e+01,
       9.7412967451841084e+01, -7.6462932184384670e+01,
       7.5357076853489332e+01, 9.5175313073290670e+00,
       -1.5161932958672213e+02, 2.5131952658011564e+01,
       2.1336269444522614e+01, 5.7003601060289739e+01,
       2.8404165205030235e+01, 3.4062293608656887e+01,
       3.4545351852381593e+01, 5.4351949673374953e+01,
       -1.2135679341686942e+02, 5.5450249867471904e+00,
       3.7656929064206977e+01, -6.9369108232927161e+01,
       4.7130192359035966e+01, 8.3207962416308078e+01,
       -9.1664742872492440e+00, -5.7282660735326751e+01,
       1.8650463805980428e+02, -6.7926988933307797e+01,
       7.3380481207621555e+00, -1.4722857695357662e+01,
       1.1707093917010201e+02, 2.2095738416380829e+01,
       -6.2555796249078206e+01, 3.3767306157359975e+01,
       1.2248015488888456e+02, -2.5274592841437965e+01,
       3.1948548982875260e+00, 4.7779764751996389e+01,
       -2.3060808525318453e+02, -5.2817740178305741e+01,
       2.5719353767450766e+01, 3.5931965970817643e+01,
       -4.3596239877087015e+01, 3.4112896819023973e+01,
       9.9251031235200202e+01, 3.2468320000564667e+01,
       -1.5014082751778005e+01, 1.4443609071524187e+02,
       -6.4656325411725746e+01, 2.3282042570762371e+01,
       -9.7789623449016887e+01, -7.2791690651264759e+01,
       -5.3860559673132030e+01, -1.0981733007560058e+01,
       2.4085045955373360e+01, -7.1481492592733167e+00,
       -5.4585260065808967e+01, -7.0932787587215458e+01,
       2.2506793154996667e+00, 2.1686394688479425e+02,
       1.6741932143610217e+01, -1.5760395797918120e-01,
       -7.5558023822526494e+01, 1.3032524481406639e+01,
       -3.4379801775646207e+01, 6.1692503109775757e+01,
       -6.2598144579526192e+01, 6.7292340655166470e+01,
       -7.9328926999173206e+01, -4.9215073008653441e+01 ]
covs: !!opencv-matrix
   rows: 116
   cols: 4
   dt: d
   data: [ 5.1445033580758191e+03, -2.9196477079262081e+02,
       2.4541685362546441e+03, -4.0353601562203175e+02,
       -2.9196477079262081e+02, 3.9881825502977590e+03,
       3.9493648798678400e+01, -1.4783910760547215e+03,
       2.4541685362546441e+03, 3.9493648798678429e+01,
       1.7244303107355684e+03, -4.0876679210020581e+02,
       -4.0353601562203170e+02, -1.4783910760547212e+03,
       -4.0876679210020592e+02, 1.0691275218580322e+03,
       5.5859767551239329e+03, -1.3907549781803425e+02,
       -1.8506742426859256e+02, 1.2899347245904012e+03,
       -1.3907549781803425e+02, 3.2340761205390440e+03,
       4.1441047823675393e+02, -5.9399000852098436e+02,
       -1.8506742426859253e+02, 4.1441047823675393e+02,
       9.8304328240961195e+02, -5.9453592097430544e+02,
       1.2899347245904012e+03, -5.9399000852098436e+02,
       -5.9453592097430544e+02, 1.2985725980521968e+03,
       6.0011385072740532e+03, 1.9958242333789415e+03,
       2.2961033468113026e+01, -8.6486060868750701e+02,
       1.9958242333789415e+03, 3.5723444157821386e+03,
       -7.2930291598152746e+02, 5.3440721822084924e+02,
       2.2961033468113044e+01, -7.2930291598152746e+02,
       1.6986034972296904e+03, -3.7581941437094578e+01,
       -8.6486060868750701e+02, 5.3440721822084924e+02,
       -3.7581941437094578e+01, 7.9088458730099319e+02,
       2.8980819342820687e+03, 1.2162497587080929e+03,
       -7.6168138986762301e+01, -2.2347676419197052e+02,
       1.2162497587080929e+03, 5.3673031644641242e+03,
       -5.2844081302702239e+02, 6.0713920489007160e+02,
       -7.6168138986762330e+01, -5.2844081302702227e+02,
       6.9257435243390751e+02, 4.3201231552336316e+02,
       -2.2347676419197046e+02, 6.0713920489007160e+02,
       4.3201231552336316e+02, 9.5179033636900419e+02,
       9.3862299986929447e+03, -6.7016129281447917e+01,
       -5.6104452484538217e+02, 1.7191071401754735e+02,
       -6.7016129281448002e+01, 4.2644092704839304e+03,
       -4.7612396306762349e+02, -1.7688193295867904e+03,
       -5.6104452484538217e+02, -4.7612396306762349e+02,
       1.7353261832206194e+03, -1.0672788622561103e+02,
       1.7191071401754738e+02, -1.7688193295867902e+03,
       -1.0672788622561104e+02, 1.0429374804049385e+03,
       9.4078964931271412e+02, -1.6366869338803224e+02,
       3.5538814834237638e+02, -9.5594294554370180e+01,
       -1.6366869338803221e+02, 4.4680468733529788e+03,
       4.4433323893140374e+02, 1.8705590576362126e+03,
       3.5538814834237638e+02, 4.4433323893140374e+02,
       7.5012856676130798e+02, 3.0032111937672209e+02,
       -9.5594294554370165e+01, 1.8705590576362126e+03,
       3.0032111937672209e+02, 1.2484466484848610e+03,
       8.0120563556989164e+03, -1.4619605460638331e+03,
       -1.4972471628143799e+03, 1.4725567954800986e+03,
       -1.4619605460638331e+03, 7.4356957298287261e+03,
       6.2946914901154958e+02, 4.4932875916108588e+02,
       -1.4972471628143799e+03, 6.2946914901154969e+02,
       5.7549071474135303e+02, 1.6762338594029524e+02,
       1.4725567954800986e+03, 4.4932875916108583e+02,
       1.6762338594029524e+02, 1.9732000355504981e+03,
       4.4771856480440947e+03, 1.2140686196095035e+03,
       5.1372136543341460e+00, -4.8829821991167216e+02,
       1.2140686196095035e+03, 4.5442396756007256e+03,
       -8.9883479780401592e+02, -2.5330507456028167e+02,
       5.1372136543341460e+00, -8.9883479780401592e+02,
       7.8288102126150466e+02, 2.1708988525578374e+02,
       -4.8829821991167216e+02, -2.5330507456028167e+02,
       2.1708988525578377e+02, 5.0913780435505481e+02,
       3.1636833928030064e+03, 7.8339392467472953e+02,
       -4.9353237041440269e+02, -4.1492678822197746e+02,
       7.8339392467472976e+02, 2.6752989558749368e+03,
       -1.2899298177977454e+02, 8.7563549326735668e+01,
       -4.9353237041440275e+02, -1.2899298177977454e+02,
       7.6407725166377963e+02, 2.9131073627711805e+02,
       -4.1492678822197746e+02, 8.7563549326735668e+01,
       2.9131073627711811e+02, 7.7348724587839138e+02,
       4.4268144927692429e+03, 8.3720272075049377e+02,
       9.7473667417179809e+02, -8.5524658040264364e+02,
       8.3720272075049377e+02, 4.2913736174024943e+03,
       1.3480357498418122e+01, 3.7747595076045037e+01,
       9.7473667417179809e+02, 1.3480357498418108e+01,
       1.4912012675835292e+03, 1.7237757101584967e+02,
       -8.5524658040264364e+02, 3.7747595076045023e+01,
       1.7237757101584967e+02, 8.0562632999898460e+02,
       4.2942907458446571e+03, 8.4990861000890106e+02,
       6.2755070286177522e+02, -5.0154756696232653e+02,
       8.4990861000890118e+02, 2.0402425301707735e+03,
