%YAML:1.0
means: !!opencv-matrix
   rows: 19
   cols: 12
   dt: d
   data: [ -9.9382518814899559e+00, -3.2120751149047081e+01,
       1.5394599245533369e+01, 1.2574060696762187e+01,
       2.5950326779932325e+01, -2.6355274638277728e+00,
       1.3627264271487480e+00, -2.2459720899501856e-01,
       1.8979261012273307e-01, -1.2815786578070021e-01,
       2.5812210318784171e-02, 3.4787079098229771e-03,
       -1.9188545335974760e+02, 8.9090579163816926e+01,
       4.1042949818608378e+01, -5.0785175786181000e+01,
       -2.3290286586630515e+01, 1.2856244898657362e+01,
       -2.9652374152757037e+00, 1.9473340401108399e+00,
       7.0260751358176488e-01, -5.5165155306791100e-02,
       4.5563435582675317e-02, 8.3530524351957680e-03,
       1.6507922092808023e+01, 1.5628259960333116e+02,
       -6.6178509317738965e-01, -8.6024868091180792e+01,
       1.5510586965070891e+01, 1.5966510031794174e+01,
       -4.5774425064433460e-01, 2.3868995201226828e+00,
       1.8970905261956228e+00, 4.2353214037748221e-01,
       -6.0783008965144207e-02, -3.1998829032603024e-02,
       8.2050589349166572e+01, 1.5318544458344778e+01,
       -2.3930427109780425e+01, -3.2289665727745835e+01,
       -2.6515288254061431e+01, -1.9594677772359521e+01,
       8.8350707571860609e-01, -2.3399140548183341e+00,
       2.0593381646522549e-01, -4.2018033453980641e-02,
       1.0603380975530653e-01, -4.9900707193897770e-03,
       1.8150459480565736e+01, 5.3241061528607496e+01,
       8.1561453866925437e-01, -4.1781351507880352e+01,
       1.1097568377711404e+01, -1.9936486077474935e+01,
       2.8337010439025510e+00, 1.1607754297779089e+00,
       1.7514527072517705e-01, 1.6151433894539399e-01,
       -1.7242821326950443e-04, 7.2210137549057092e-03,
       -1.3633321047511276e+02, -1.0341006561857463e+02,
       2.5420775432420044e+01, 6.5523619820087134e+01,
       -1.6448889871975272e+01, -1.2251791423466762e+00,
       2.0738107442703990e-01, -1.3166194728479652e+00,
       7.6980062021349938e-01, -3.2993986070578807e-01,
       7.0366305092894071e-02, -3.0767512560120362e-03,
       -3.0871855076247840e+01, -3.4457641044304225e+01,
       6.8574145863571845e+00, 2.4548232242535789e+01,
       8.0057585840765171e+00, -1.5085601780070974e+00,
       1.1331609943170293e+00, 5.0610029204917395e-01,
       5.5568003064270000e-01, 9.1511884039306129e-02,
       -4.1316521956382336e-02, 1.0615450947248979e-02,
       1.1789828188970993e+02, -1.9215324651000728e+01,
       -3.3791945863093353e+01, 4.2919264249145632e+00,
       -1.3923465762057022e+01, 4.9539869020967702e+00,
       -4.4539944440344774e+00, -2.7042515436022452e+00,
       -1.6255232811768192e+00, 8.9032441719599553e-01,
       -1.0236401752621341e-01, 3.1329787305140383e-02,
       1.6272313157922747e+02, 2.6911309210870169e+01,
       -4.3108856027813751e+01, -3.4495069685019644e+01,
       -9.4806713407447756e+00, 1.3030009393842006e+01,
       6.0851096856570630e-01, -3.7632369592611847e+00,
       -1.7356085493634954e+00, -3.7025346803254866e-01,
       -2.3294935847160494e-01, -1.8019885462273935e-01,
       1.4533049931815472e+02, -5.9804271569112037e+00,
       -3.9122663953544972e+01, 7.5678484300792928e+00,
       -6.2437433563374203e+00, 1.1299788807610184e+01,
       -1.2130600042324862e+00, 1.3316052402673497e+00,
       2.3156494439626019e-01, 1.2623825796974401e-02,
       1.0889250165548019e-01, -2.9538582600157126e-02,
       -1.6736470478858089e+02, -1.9861026635705918e+00,
       4.1020235060975139e+01, 1.4746668623584736e+00,
       -5.2103610513299730e+00, -5.3661562597681547e+00,
       1.4107299009580543e+00, 8.4841248166329408e-01,
       4.0100069445228215e-01, -5.0086508446524840e-02,
       1.0663682504352602e-02, -9.2938564821879403e-03,
       -1.6803032719882000e+02, 3.4364963921449700e+01,
       3.6780859187290844e+01, -2.3129979728539819e+01,
       -2.4812353893903993e+00, -4.8899709150415580e+00,
       -3.6764410927817339e+00, -7.0971018275760915e+00,
       -2.8688259878339135e+00, 1.1415351512333940e+00,
       -1.4240076302437779e-01, -5.5747667604929038e-02,
       4.5062050404192178e+01, 3.4085269866098706e+01,
       -1.1088349796449016e+01, 3.9360144554144294e+00,
       1.9653242947684252e+01, 2.4187315163363725e+00,
       1.6282996706069954e+00, 1.4536382107976713e+00,
       5.8655838578222863e-01, 1.9887693866382328e-01,
       -3.6049603453634310e-02, 3.5929610109512740e-02,
       -5.2075843888070459e+01, -3.1688372159828969e+01,
       2.6165617821378930e+01, 4.8432694660170043e+01,
       1.5026583433579889e+01, -8.6620192508743035e+00,
       -7.8885164184858461e+00, -3.1861196094375455e+00,
       -3.8280922871325833e+00, 1.4110661272437333e+00,
       1.1714708767212489e-01, 1.5416614658117617e-01,
       4.5754623952870013e+01, -9.1673500166369763e+01,
       -1.5468325352536262e+01, 6.2639347742009186e+01,
       -3.2895280600433017e+00, 1.3770587512630237e+00,
       1.8207147651236935e+00, -1.0121509544449206e-01,
       1.4894064300559787e-01, -6.2526874444753161e-02,
       3.3970519296876542e-02, -2.1393159890211629e-02,
       -1.4208479805457549e+02, -2.3620088738170808e+00,
       3.5258790213497832e+01, 1.2197293690634879e+01,
       -3.3788414012064099e+00, 1.8252664531266085e+01,
       -5.7722621507625960e-01, 2.0486892107436678e+00,
       6.9502465224209198e-01, -4.0779873592719679e-01,
       -2.8678091916050696e-01, 6.3498159380114105e-02,
       1.0892997415058709e+02, -4.0328256194872747e+00,
       -2.6551156762647999e+01, 4.1230587254788542e-01,
       1.7052741172755883e+00, 9.2472334404643473e+00,
       -9.2120950023819337e-01, 1.4982012585176394e+00,
       1.9442143973454479e-01, -1.7220802278744310e-01,
       -1.5004752864531906e-02, 2.9550695211439375e-02,
       -1.9893887422793404e+02, -3.7098277984969229e+01,
       3.9109069088564169e+01, 2.6356812814932400e+01,
       -7.7111926987110486e+00, 1.3585492934804924e+01,
       -1.5270525235272157e+00, -3.0124999255239637e+00,
       -1.2051292238777218e+00, 2.6099608141181080e-01,
       -9.7537470302052863e-03, -1.0178176437214641e-01,
       1.4914062086560437e+01, 2.8678169452554460e+01,
       7.9715734887311225e+00, -1.9998624521172346e+01,
       1.5965932255845125e+01, -4.7870035386084062e+00,
       -5.0146849739736155e+00, -3.1461480380923925e+00,
       -5.2067173468117494e+00, -1.2664681964235582e+00,
       -2.1301245548604281e-01, 2.0727777179388739e-02 ]
