%YAML:1.0
means: !!opencv-matrix
   rows: 39
   cols: 6
   dt: d
   data: [ 1.3900755945702042e+02, -8.9289466153964099e+01,
       -4.6896353186907824e+01, -3.3198378848685579e+01,
       -5.3193161477953872e+00, 1.5122636551549784e+01,
       4.5085836822456351e+01, -8.4008037945864515e+01,
       -1.4784273797118308e+01, -4.3740788180213663e+01,
       1.5856301656585709e+01, 4.7490390935948952e+00,
       -1.6385786498719787e+02, -4.8323728375379016e+00,
       3.8504648176955207e+01, 1.7101889407309528e+01,
       -5.4046969999508718e+00, 2.2892148142756778e+01,
       1.5136994719573201e+02, 2.6817872168885501e+01,
       -4.0176793383881481e+01, -1.6372374555364516e+01,
       -1.3170445201687070e+01, 5.4329041977944588e+00,
       -2.1511350766935865e+02, 9.1182848157481402e+01,
       5.0690340386532242e+01, -4.4126247089144307e+01,
       -1.8471618310608100e+01, 2.6304943998886031e+01,
       1.7609915810399151e+01, 4.7792476526487889e+01,
       5.7816345040614048e-01, -4.0742306339204561e+01,
       7.1716854030872117e+00, -2.3517939583878018e+01,
       -1.7715796219963858e+02, -5.9785756682150840e+01,
       4.0616941400450685e+01, 4.8823538167098555e+01,
       -1.6930243082868969e+01, 4.9409257124320458e+00,
       -3.9408220512181366e+01, 2.7361510034232119e+00,
       4.5860580300297906e+00, -1.9967071436893171e+00,
       3.6189743594469043e+01, -2.9548332808481899e+00,
       -1.0979997765544708e+02, -6.7375067911810177e+01,
       -3.0199980183216422e+01, 4.6053157155294898e+01,
       1.5347710252875549e+01, -3.8090367339481643e+00,
       8.7298730023705687e+01, 1.1397809990874331e+01,
       -1.8931216733433352e+01, -2.6929174939372256e+01,
       -3.1098529519058022e+01, -1.7819765602027559e+01,
       2.2667675254609813e+02, 2.2447447728474992e+00,
       2.0165890040062123e+01, 1.9925221245227014e+00,
       -7.6741694258574666e+00, 1.1679270723933548e+01,
       2.9693743276758077e+01, -1.0195966246413791e+02,
       -1.0832311216038160e+01, 6.9262037003986350e+01,
       -5.3531394053703263e+00, -1.9649511708239844e+00,
       -1.9359009800026911e+02, 1.0483852722560528e+02,
       2.8549177889845730e+01, -5.8105190364988893e+01,
       -2.7424370339622847e+01, 1.6097661071868330e+01,
       -1.8142136806334914e+01, 3.6850095681292075e+01,
       -6.9657349552141667e+01, 4.9539579864636902e+00,
       1.9285974588007996e+01, 3.9472538931983499e+00,
       7.2331914913165704e+01, 2.8714389587836578e+01,
       8.6030757596705030e+00, 1.1764913386924073e+01,
       1.8394875049028048e+01, 6.0438372008224830e+00,
       -1.4585918487598300e+02, -9.2296738619637637e+01,
       3.4278711006330376e+01, 1.7731564181111263e+01,
       -3.0448579948032233e+00, 2.6526741440352870e+00,
       1.1743440931050893e+02, 2.4358890777757725e+01,
       -6.5394296105921910e+01, -6.9842027461294096e+00,
       -3.6094518882902196e+00, 1.2287291210603852e+01,
       -4.4535796423962140e+01, -1.0031695635724178e+02,
       8.7708405940742047e+00, 6.4684597093536382e+01,
       -2.2300295062683939e+00, -2.6840503620190486e+00,
       1.2398902189674546e+01, 2.9698941871465760e+01,
       -8.2426918026415422e+01, -3.4713817278150167e+01,
       -1.2243285030636489e+01, -1.6663777718149952e+01,
       -4.4096102371085209e+01, 1.7044112773619014e+02,
       7.0456826998568962e+00, -1.0496755112034573e+02,
       -6.5929462317995950e+00, 3.4748681897393531e+01,
       -1.7664914876714795e+02, -5.8026433460136751e+01,
       4.7055230861734586e+01, -3.5108366973679288e+01,
       -6.6749282169534574e+00, -1.7928994816610291e+00,
       -2.5707534838003056e+02, -3.9332781433953699e+00,
       -1.8667362449488380e+01, 8.5028345320338232e+00,
       -1.9312118119127970e+00, 1.2368752680577910e+00,
       9.9011853779669352e+01, 6.0072865722527602e+01,
       -1.0488864306270361e+01, -1.8904193733653123e+01,
       -4.0919300445402458e+00, -7.1760587482401297e+00,
       9.9013654541657672e+01, -4.6189784420748552e+01,
       -3.0402714059520875e+01, 3.7444012335074056e+01,
       -3.6037895706758138e-01, 1.4223423118220047e+01,
       -1.7987739226733171e+02, 8.8677390106363248e+01,
       2.8688682224201241e+01, -5.9610373243076744e+01,
       -3.0738160526159696e+01, 3.6408978323533763e+00,
       -3.2147500892764022e+01, 2.4996105762121751e+01,
       9.5704087829664061e+01, -2.1486341156198314e+01,
       5.3693242634005838e+00, -1.1804388290412611e+01,
       2.1111930356192650e+00, 6.0277133644696974e+01,
       1.5682345753086189e+01, -4.5012944530273572e+01,
       3.5618880700274374e+01, -1.3789860628364421e+01,
       6.5788574800926540e+01, -6.4985099274999129e+01,
       -2.6468084776786434e+01, 4.2816980675082782e+01,
       -1.0607120527834823e+01, 5.5248672341925849e+00,
       5.1235947849689047e+01, 1.8440994294687151e+01,
       -5.7906563062049967e+00, -4.9446967478255146e+01,
       -3.1908532869631554e+01, -1.6972567858452141e+01,
       -1.3085653736285855e+02, 4.5246932862204872e+01,
       2.4520062249744154e+01, -2.8714912136664140e+01,
       -1.7694767956186193e-02, -1.4884007658327523e+01,
       1.4970235333170373e+02, 4.1985305705932888e+01,
       -4.9615721623289978e+01, 1.2890274904246477e+01,
       -7.4220898744704424e+00, 1.2158206317873454e+01,
       -1.4864632596878025e+02, -1.1265962110910411e+02,
       2.1816798450780954e+01, 6.7136957224064815e+01,
       -2.1722375187488343e+01, 1.6109747433132069e+00,
       1.6346598903350373e-01, 1.0235593029449340e+02,
       4.6412658648152316e+00, 4.4162187797453200e+01,
       1.6087925372316363e+01, -6.6394702764714157e+00,
       8.4923891791709906e+01, 1.8917549794948187e+01,
       -2.1715735820961413e+01, -3.2972131493553853e+01,
       -2.5065166796850850e+01, -2.0124740705891078e+01,
       3.0375657838503706e+01, 1.5092872241780267e+02,
       -1.9773642604767772e+00, -8.1897092038755432e+01,
       2.0815842706967299e+01, 1.2271191074945135e+01,
       1.2951282240623169e+02, -6.3795033072642022e+00,
       6.4218176721655311e+01, -2.8065374429746464e+00,
       1.4198170765814110e+01, 1.6657083721018886e+00,
       -1.6905574788028190e+02, 8.0344267394478365e+01,
       4.6788043535576207e+01, 2.6332491186026115e+01,
       -6.9241732352102314e+00, -2.5087131479818878e+00,
       -5.8786271412609938e+00, -7.5091929287793391e+01,
       5.6437093254849763e+01, 4.3313573940891366e+01,
       1.1311015800552370e+01, -4.2144515105901474e+00,
       -3.6400784739367822e+01, -1.0742150774578954e+01,
       1.5034761112016362e+00, -4.8909983641656289e+00,
       7.8223817331439767e+00, -1.2374736806157161e-01 ]
