%YAML:1.0
means: !!opencv-matrix
   rows: 37
   cols: 8
   dt: d
   data: [ -1.8031971091086368e+02, 8.1329413934969779e+01,
       3.3645070877908083e+01, -5.4824897091698105e+01,
       -2.7674867884896226e+01, 2.5866115220898322e+00,
       -1.7058505120299137e+00, 1.2436602091485247e+00,
       1.6450862528876630e+02, 1.6501554410062624e+01,
       -4.7225833988780010e+01, -1.3821291981938986e+01,
       -7.0357972009128638e+00, 1.3236199257123085e+01,
       -2.9201012933059523e-01, -5.6909173987347572e-01,
       3.4651517354592265e+01, -9.9257274879142429e+01,
       -1.1433228825967804e+01, 6.7474942036150296e+01,
       -4.7447380112498339e+00, -1.0849665460496287e+00,
       2.1045103148457374e+00, -3.5795701763209081e-01,
       8.0688585411324055e+01, 1.8138501683120669e+01,
       -2.2091580738142884e+01, -3.3835521444015228e+01,
       -2.4089524653378103e+01, -2.2065199651927852e+01,
       1.2228449730322954e+00, -3.0647320317106304e+00,
       -2.0948586748994092e+02, 1.0879666179086847e+02,
       4.9914823293246663e+01, -5.2275825871348431e+01,
       -2.1136915373601170e+01, 3.0430756369865133e+01,
       -5.5499972597533871e+00, 2.7178812769808061e+00,
       -2.0422810896869862e+02, -2.4026058093535660e+01,
       4.3129737925866813e+01, 2.3065315085635184e+01,
       -9.3140078821159165e+00, 9.8379125494992170e+00,
       -1.2406174240012786e+00, -1.1621151262578915e+00,
       -7.9728442818235274e+00, 4.6639460088765091e+01,
       1.2970561773126265e+01, -4.3955460203660024e+01,
       1.2418300332669762e+01, -1.6590775016178977e+01,
       -1.5023845478324938e+00, 2.8906441987080128e-01,
       5.7704567756857983e+01, 5.2145152358932719e+01,
       -1.2973570367816922e+01, -4.2378742554404425e+01,
       7.3613732692343765e+00, -1.9445570742399124e+01,
       2.8544075986590216e+00, 1.5715486946419621e+00,
       -2.1213842626058371e+02, 3.7145505284008188e+01,
       4.3085945552366063e+01, -2.1874842595099519e+01,
       -1.3003235004737469e+01, 5.8611887850330646e+00,
       -1.9425324406345059e+00, -1.3272876502581126e+00,
       -9.8352523748512269e+01, 8.7200874629118488e+00,
       -3.7245274051440163e+01, -1.7025453588326828e-01,
       3.6541246030486477e+01, -5.2988105228308031e+00,
       1.1489902328642021e+00, 2.0127914916113090e-01,
       1.2540312994066682e+02, -3.8414107138387848e+01,
       -3.0161962732960170e+01, 3.2255339198567363e+01,
       -4.2921763230128080e+00, 1.3681676099521180e+01,
       -3.0988320669699487e-01, 2.2281537970255587e+00,
       7.6456629601618173e+00, -1.6497686565379890e+01,
       2.2723757933211843e+01, 2.9933169876168426e+00,
       2.9197803553365919e+01, -5.8293528291893448e-01,
       5.7806299466792554e-01, 4.3840100628083029e-01,
       -1.0756716603652953e+02, 2.0312471524210149e+01,
       3.4946725891521780e+01, -1.6451328293972360e+01,
       1.0368082500844835e+01, -1.3760510691082096e+01,
       1.6404439954990406e+00, -6.1438503807812250e-01,
       6.1795289510834365e+01, 1.3359531704364105e+01,
       -1.2890546519489252e+01, -1.1192523574498123e+01,
       -5.8588031483216927e+00, -1.0339356089841225e+00,
       -4.0095086585926315e-01, 4.0279484917775493e-01,
       7.2222575504087970e+01, -5.4163215300946064e+01,
       -2.4081795030627497e+01, 3.9106319343024353e+01,
       4.9352695586443813e+00, 1.4193869059071359e+01,
       -1.2035611104785646e+00, 5.4391112180446866e-01,
       8.4965683242441756e+01, 8.3001102886487192e+00,
       -2.7561719427672202e+01, -2.7583301734652952e+01,
       -2.8318994533495989e+01, -1.5998306297818642e+01,
       9.4107775431852114e-02, -1.3023628270456906e+00,
       1.3524589129972188e+02, 2.8387904313361528e+01,
       3.9566605002730533e+01, -1.9996208188498856e+00,
       1.3036183814273890e+01, 3.0476406644385552e+00,
       6.3031242579392510e-01, 2.0130555155343512e+00,
       1.2045906597964959e+02, 4.4784284123888845e+01,
       -3.5999271146780792e+01, -1.8059411119903462e+01,
       -2.1371726427831934e+00, 1.9833101365028835e+01,
       -4.4755231265734379e+00, 2.3914212747412162e+00,
       -1.0301513629976832e+02, -4.6754219703229516e+01,
       3.7278393892166598e+01, 3.3565662141279276e+01,
       7.9172892310410603e+00, -1.0352048292538447e+01,
       -1.2548890465012739e+00, -1.4312189186985178e+00,
       8.4935183984528209e+01, -2.4416328913274352e+00,
       -5.6799499709847021e+00, 9.5963854484607438e+00,
       1.1157290773455362e+01, 1.6338150445426624e+01,
       -1.2517831491318896e+01, -7.2508731522502439e+00,
       1.4857071353698720e+02, -2.8990033370723289e-01,
       -4.1225561155897836e+01, 8.6847999137471934e+00,
       -5.9493839974983711e+00, 1.0613672108024060e+01,
       2.6361642823376528e-02, 1.8042924480455071e+00,
       5.6129140816634667e+01, -1.0732764538814030e+02,
       -1.4737339562066266e+01, -2.8129798943069741e+01,
       1.6525197247725593e+01, 9.9012239447420409e+00,
       -2.7209660126763313e-01, 8.4770223745651962e-01,
       3.2473318707482889e+01, 1.4873003937251161e+02,
       -2.2838106668384004e+00, -8.1550741798332041e+01,
       2.0515995266993460e+01, 1.0859676106867436e+01,
       8.9690565664448951e-01, 2.5404095477859570e+00,
       2.9184288444486728e+00, 5.1945088613478724e+01,
       1.6659456086866150e+01, -3.8944029647289661e+01,
       3.6515459754546015e+01, -1.2996543889839943e+01,
       2.6519649645312051e+00, 6.3871278433520640e-01,
       6.3706350754148446e+01, -7.0585958146041122e+01,
       -2.3846370726115996e+01, 4.1570780702371806e+01,
       -1.1365222563047988e+01, 5.3181524432331786e+00,
       -6.3873755033547619e-01, -3.2060533010488179e-01,
       1.6856149683017370e+02, 2.8698100094428600e+01,
       -4.2167597541135578e+01, -3.9259115583244778e+01,
       -1.1783209765950108e+01, 7.8780763131460869e+00,
       1.3446989785240624e+00, -4.7120381779601530e+00,
       8.5409599451684443e+01, 1.6664208592526819e+01,
       -2.5641402904050537e+01, -3.0406841297121687e+01,
       -2.8418976337584791e+01, -1.6348487508456788e+01,
       8.2116085850561871e-01, -1.7217640981470466e+00,
       1.6879012798694934e+01, 5.1239317992425640e+01,
       -1.0146338655040523e+01, -4.7710848162259033e+01,
       -3.6555548964048455e+01, -1.8836499223982511e+01,
       2.7667322012273656e+00, -1.5074523333836234e-01,
       -4.9250600649618548e+01, 1.3433040748748365e+02,
       1.4441753092381955e+01, -8.2700247818747386e+01,
       -5.8000201763421941e+00, 2.8001452877370063e+01,
       -5.5122793033156281e+00, 5.8033901408396693e-01,
       -1.0555285634793641e+02, -8.1286215500522090e+01,
       2.5837380968222408e+01, 5.2557840491922782e+01,
       -1.1908759435152756e+00, -4.9609457560858052e+00,
       1.6959101059735491e+00, -2.4310409620024645e-01,
       -1.2565305430784949e+02, 4.8229334739348189e+01,
       3.0336781998946421e+01, -4.0446640827074837e+01,
       -9.2147441986854997e+00, -2.0091994264479709e+01,
       -1.4046026742516980e-02, -1.7040815714339277e+00,
       1.5801226805822099e+00, 9.0645141167370824e+01,
       1.1113718016762112e+01, 4.0817847975973066e+01,
       1.7250284615385326e+01, -1.1777264851692323e+01,
       7.2201612969450879e-01, 1.1011495144895633e+00,
       -2.8129035862191582e+01, -7.8513695251123025e+01,
       3.1379034906462682e+00, 4.2345316280973790e+01,
       1.1926277968183344e+01, 3.1468722693569080e+00,
       4.5607799999262666e-01, -6.2740388443725215e-01,
       2.7275010815227926e+01, 4.2849859124214113e+01,
       -4.7396844559519380e+01, -5.0199918166186110e+00,
       1.6198237060679290e+01, 3.6807477251543510e+00,
       9.6296532057545070e-01, 1.5995456543423074e+00,
       -1.4878744312564550e+02, -1.0414615521870270e+02,
       2.7239836507861479e+01, 6.6186442451384622e+01,
       -2.0044347064264070e+01, 9.6745893300389685e-01,
       -2.1750308304939062e-01, -1.4877854561476216e+00,
       -2.4826025343600406e+01, -8.5886905699740154e+01,
