%YAML:1.0
means: !!opencv-matrix
   rows: 9
   cols: 8
   dt: d
   data: [ -3.1220223980900559e+00, -1.7282361103036727e+01,
       7.9993244075460863e+00, 1.7612046941795372e+00,
       3.1002056731194180e+01, 1.1492807611573095e+00,
       1.4931673811392128e+00, -8.4692134059280044e-01,
       -1.5552282766669822e+02, -7.5779982110346635e+00,
       4.0088956899521079e+01, -8.2700591578122502e+00,
       2.7866924671369453e-01, 2.5170377418371528e+00,
       3.6340484047736249e-01, 8.6827209345875278e-01,
       1.7836288179317933e+01, 1.0532315685180392e+02,
       -1.7740840402494385e+01, -4.5119657060379204e+01,
       2.0289125086579829e+00, -2.0260065977497974e+00,
       6.4579818313385473e-01, -3.1257357078375891e-01,
       9.1104428784778158e+00, -1.6144820346478056e+02,
       1.6420629662347114e+01, 5.8874444058991386e+01,
       1.7378597389872908e+01, -7.3652632874005874e+00,
       -9.7596422804187466e-01, -9.9484043228499908e-01,
       -1.2707401426009730e+02, 1.0844956049459626e+02,
       1.4412960480543923e+01, -5.0244510876058584e+01,
       -1.0942356555543316e+01, 9.2456513267829910e-01,
       7.5631151037451538e-01, -2.0237144205510027e-01,
       9.8859949911737971e+01, -4.4883334223113096e+01,
       -2.2000543715857024e+01, 3.7130338652229760e+01,
       -2.7554984714228468e+01, 2.3380252600713234e+01,
       1.1843010828248903e+00, 1.2813936483465822e+00,
       8.9061836299803687e+01, -1.8932739545176762e+01,
       -1.7195686674493675e+01, 1.5488787626999288e+01,
       -4.9906558512133281e-01, 8.4431499792048348e-01,
       -1.5513033637372691e+00, 5.3063178818797407e-01,
       -1.6273501117582123e+02, -9.3582481333136045e+01,
       4.5373569200216849e+01, 3.5279480530758612e+01,
       -2.6404619852450882e+01, 3.0082580032978021e+00,
       -2.4346799126772480e+00, 7.4054313853091330e-02,
       8.4767816403519973e+01, 2.1351009456334129e+01,
       -2.5857189517219727e+01, -3.1648824195594583e+00,
       -9.2490676932918312e+00, -8.9870948366716696e+00,
       2.9554686658351831e-01, -4.1319095364138775e-01 ]
covs: !!opencv-matrix
   rows: 72
   cols: 8
   dt: d
   data: [ 5.3987225206590247e+03, -6.0237449181237105e+02,
       2.9405192280866095e+03, -7.3836530496145804e+02,
       -1.5363272225548769e+02, -1.2380045741082004e+02,
       6.5061540717485888e-01, 1.0862985406681920e+01,
       -6.0237449181237082e+02, 7.9329888247093722e+03,
       4.6033530615730217e+02, 1.5330656357008884e+03,
       -1.4338582173268753e+02, -1.9045197829690247e+02,
       -3.6622091217752121e+01, -1.6223902092905696e+01,
       2.9405192280866095e+03, 4.6033530615730228e+02,
       2.4689122635598505e+03, 4.2857784257542789e+01,
       -5.0008690235153509e+01, 3.2640136796046093e+01,
       1.2028746737205273e+01, 4.6157842527395465e-01,
       -7.3836530496145804e+02, 1.5330656357008884e+03,
       4.2857784257542839e+01, 2.1078192206849531e+03,
       1.2333880080035416e+02, 6.5326243388003906e+00,
       1.3491688461696755e+01, 7.6180296066804409e+00,
       -1.5363272225548778e+02, -1.4338582173268750e+02,
       -5.0008690235153509e+01, 1.2333880080035416e+02,
       1.5771250415773503e+02, -7.9729244879685082e+00,
       -3.2529914446790130e+01, 1.0327642343173020e+00,
       -1.2380045741082004e+02, -1.9045197829690247e+02,
       3.2640136796046100e+01, 6.5326243388003942e+00,
       -7.9729244879685064e+00, 1.2589201325476044e+02,
       -1.3329003533288176e+01, -7.4408569447380639e+00,
       6.5061540717485633e-01, -3.6622091217752121e+01,
       1.2028746737205273e+01, 1.3491688461696754e+01,
       -3.2529914446790130e+01, -1.3329003533288175e+01,
       2.1626047001376225e+01, 3.8840196736402366e-01,
       1.0862985406681924e+01, -1.6223902092905689e+01,
       4.6157842527395426e-01, 7.6180296066804454e+00,
       1.0327642343173025e+00, -7.4408569447380630e+00,
       3.8840196736402366e-01, 1.2366452933214346e+01,
       8.1984869125398291e+03, -1.2714494243010208e+02,
       2.8157434209480989e+03, -6.0574209967923343e+02,
       5.9561416434347473e+02, 5.1415952492112319e+02,
       1.3231824116333379e+02, 3.2678803848211636e+01,
       -1.2714494243010216e+02, 7.6326846975258513e+03,
       7.5851602736347581e+02, 1.9863407030380781e+03,
       1.1649072579250461e+02, 7.0221503561948012e+01,
       2.5544375109141262e+00, 4.9251054606390579e+00,
       2.8157434209480989e+03, 7.5851602736347581e+02,
       2.3760607194259192e+03, -5.2322067629860918e+01,
       -1.2462002949896961e+02, -1.4682877950015570e+01,
       -1.8512621498564446e+01, -3.5890860928871824e+00,
       -6.0574209967923343e+02, 1.9863407030380781e+03,
       -5.2322067629860953e+01, 1.8889812806439108e+03,
       3.8202442090810642e+01, 5.0556076718875367e+01,
       2.5195884593230172e+01, -2.6976481316443306e+00,
       5.9561416434347484e+02, 1.1649072579250465e+02,
       -1.2462002949896964e+02, 3.8202442090810642e+01,
       1.9856390054440885e+02, 1.1127818374567404e+02,
       3.3781046748343901e+00, 5.6196366852109891e+00,
       5.1415952492112319e+02, 7.0221503561948026e+01,
       -1.4682877950015570e+01, 5.0556076718875367e+01,
       1.1127818374567406e+02, 2.1194975413180981e+02,
       -2.8681558390765116e+00, 2.6472320978443187e+00,
       1.3231824116333379e+02, 2.5544375109141271e+00,
       -1.8512621498564446e+01, 2.5195884593230165e+01,
       3.3781046748343901e+00, -2.8681558390765125e+00,
       2.6127144444243001e+01, 2.5163529265105802e+00,
       3.2678803848211643e+01, 4.9251054606390623e+00,
       -3.5890860928871837e+00, -2.6976481316443306e+00,
       5.6196366852109900e+00, 2.6472320978443173e+00,
       2.5163529265105802e+00, 1.2922867071642452e+01,
       6.7354865178548880e+03, -7.5182495437059515e+02,
       2.6127383756387849e+03, -6.6577259377188807e+02,
       -1.2524539639624901e+02, -1.6530002732183596e+02,
       4.8102930581444653e-01, 1.5240710673036464e+01,
       -7.5182495437059561e+02, 7.0071593626656359e+03,
       7.4757082827297813e+02, 2.3097469453175172e+03,
       -1.5578478384573421e+02, 9.1673188639028098e+01,
       -8.9941635513697861e+01, 1.3461693331182973e+01,
       2.6127383756387849e+03, 7.4757082827297825e+02,
       2.6626227592614073e+03, -7.0491929371828348e+01,
       -2.6941473006672055e+01, -4.9012612025165552e+01,
       -1.0843839906999571e+01, -1.6573971273218280e+00,
       -6.6577259377188807e+02, 2.3097469453175172e+03,
       -7.0491929371828391e+01, 1.8458455366465023e+03,
       1.6552662311537748e+02, -1.9006377873312925e+02,
       1.4082459039337854e+01, 1.5901890128999220e+01,
       -1.2524539639624901e+02, -1.5578478384573424e+02,
       -2.6941473006672048e+01, 1.6552662311537742e+02,
       1.7721986602885903e+02, -3.6103459748648866e+01,
       -2.5086616340699475e+01, 6.2514891706684637e+00,
       -1.6530002732183596e+02, 9.1673188639028069e+01,
       -4.9012612025165538e+01, -1.9006377873312923e+02,
       -3.6103459748648866e+01, 7.0251287665676230e+01,
       -1.6881350300653548e+01, -3.5969448229010035e+00,
       4.8102930581444747e-01, -8.9941635513697861e+01,
       -1.0843839906999568e+01, 1.4082459039337854e+01,
       -2.5086616340699475e+01, -1.6881350300653548e+01,
       3.0375021308180411e+01, -8.4965055610490914e-01,
       1.5240710673036467e+01, 1.3461693331182977e+01,
       -1.6573971273218280e+00, 1.5901890128999224e+01,
       6.2514891706684645e+00, -3.5969448229010035e+00,
       -8.4965055610490980e-01, 1.6557297101498825e+01,
       5.6326874555409086e+03, -7.2436275775173920e+02,
       3.0318051187834726e+03, -9.4691551420081760e+02,
       3.7048040172591286e+01, -5.2142191574285583e+01,
       -5.5291574029644025e+01, -8.8573739248707160e+00,
       -7.2436275775173908e+02, 9.6338046017974411e+03,
       1.2883563851406777e+03, 1.8442258294014928e+03,
       9.5043885684386987e+02, 1.3632264789571684e+03,
       1.5793973972139955e+02, 1.9083951476341845e+01,
       3.0318051187834722e+03, 1.2883563851406777e+03,
