%YAML:1.0
means: !!opencv-matrix
   rows: 26
   cols: 3
   dt: d
   data: [ 2.0549586511371466e+01, -5.5773079383710773e+01,
       -8.1779377533538778e+01, 1.6216462528403554e+01,
       1.4853126239986665e+01, -3.9052386660035565e+00,
       -1.9031348267965635e+02, -2.7781827973054895e+01,
       1.0784279659773965e+01, 4.5480464052267102e+01,
       1.7041263100153924e+02, 2.0337641161213100e+00,
       1.4574919526447141e+02, 1.2520622556818253e+02,
       2.7711402514742055e+01, 1.9981081515416204e+02,
       -8.5369348921977803e+01, -3.6668045629329118e+00,
       1.5011496334344940e+02, -1.7843617570305110e+01,
       2.5511512515297049e+01, -7.8730668622339124e+01,
       3.8634435244345283e+01, -4.8092282065864730e+01,
       1.0971687407457374e+02, 3.7921681539185677e+01,
       -4.5435773958596123e+01, 1.8795472754308145e+00,
       -2.3097554295015337e+02, -1.4048660651639375e+00,
       -2.0186960947289157e+02, 5.8125046595887568e+01,
       -2.6605729160960141e+01, 9.2089646614837690e+01,
       -1.1469910949471775e+02, 7.7872187927282624e+01,
       -2.4517448602655680e+01, 9.9080269335570321e+01,
       5.0328524414732819e+01, -6.2431770230225272e+00,
       1.0028226890506133e+02, -6.3304954184849976e+01,
       -3.1658299955545811e+01, 6.9126048799639710e+00,
       9.2923300849506361e+01, -2.0600097993048067e+02,
       -1.0151050049815170e+02, 3.1817868252273783e+01,
       -7.9205896480766071e+00, -1.1903038701055205e+02,
       1.3171957948764273e+01, 2.4856322311565708e+02,
       3.0674374145296945e+01, 2.2308123200736528e+01,
       -1.1481149368018015e+02, 5.7126011147446874e+01,
       4.3574890017082843e+01, 8.1327897542912098e+01,
       5.1469334857884611e+01, 5.7894742303560335e+01,
       -1.2774606255179900e+02, -6.6916285699314031e+01,
       8.9384966987496057e+01, -2.8263439082640303e+02,
       -6.8211722826915747e+01, -1.6282904154087920e+01,
       1.0358251207416120e+02, -9.0207417660605913e+01,
       -6.1398612346514305e+01, 5.5649203092504052e+01,
       -7.2633172120463087e+01, 3.7553402536961052e+01,
       -9.1902224383357833e+01, 1.7687728370552045e+02,
       -4.2118162659028130e+01, -6.7352538385491812e+01,
       -9.1843327680333047e+01, -4.5537061604833546e+01 ]
covs: !!opencv-matrix
   rows: 78
   cols: 3
   dt: d
   data: [ 9.6271165552204229e+02, -5.2085343315108196e+02,
       2.6668682825190052e+02, -5.2085343315108196e+02,
       5.1449523139754983e+03, 3.8988934624846854e+02,
       2.6668682825190058e+02, 3.8988934624846854e+02,
       6.1081088624382187e+02, 3.7651117832189020e+03,
       -6.2455226595756486e+01, -3.3151282322678691e+02,
       -6.2455226595756464e+01, 3.7681576664364379e+03,
       1.9891939124915746e+02, -3.3151282322678691e+02,
       1.9891939124915751e+02, 8.8064746592316249e+02,
       3.1587271622192607e+03, -1.8863962354686619e+03,
       3.2808226624956825e+02, -1.8863962354686616e+03,
       6.2688349439161166e+03, 1.0991565823611249e+03,
       3.2808226624956825e+02, 1.0991565823611249e+03,
       1.3963461338367590e+03, 4.0251089348036867e+03,
       -4.4630883091036588e+02, -5.5613801788728540e+02,
       -4.4630883091036588e+02, 3.6120415859256423e+03,
       4.1134620337220804e+02, -5.5613801788728540e+02,
       4.1134620337220815e+02, 1.3809392565253877e+03,
       3.3503627322630759e+03, -1.6124287033645624e+03,
       -1.0908243294194085e+03, -1.6124287033645621e+03,
       5.5959689950917300e+03, 1.2539476893518527e+03,
       -1.0908243294194087e+03, 1.2539476893518531e+03,
       1.0926378754494822e+03, 2.0341568623200983e+03,
       1.7724049644611304e+02, -2.7660849128681923e+02,
       1.7724049644611313e+02, 3.5968007488967401e+03,
       -6.9856297659319785e+02, -2.7660849128681917e+02,
       -6.9856297659319773e+02, 1.1388623132315165e+03,
       1.4364981348585241e+03, -3.2111971695681871e+02,
       5.7672964371927924e+02, -3.2111971695681871e+02,
       5.5648755558572966e+03, 5.1836715039277817e+02,
       5.7672964371927935e+02, 5.1836715039277806e+02,
       6.6997743746133585e+02, 2.0708634257667527e+03,
       -1.6310734956002204e+02, -7.0651081144650419e+01,
       -1.6310734956002204e+02, 4.1158619168111964e+03,
       -1.2071983978601916e+02, -7.0651081144650419e+01,
       -1.2071983978601912e+02, 1.1618405777401977e+03,
       4.1880345242012272e+03, 1.5584979579963775e+02,
       1.1394684905844326e+03, 1.5584979579963775e+02,
       3.8330173787276340e+03, 7.2010643832425558e+01,
       1.1394684905844326e+03, 7.2010643832425586e+01,
       1.7382367565257841e+03, 3.2312191733341238e+03,
       1.6780699469453080e+02, 1.7536218059182847e+03,
       1.6780699469453074e+02, 6.0573690620931002e+03,
       1.3789473327131905e+03, 1.7536218059182847e+03,
       1.3789473327131909e+03, 1.7331172885131530e+03,
       2.7074196874456024e+03, -9.6953411521046803e+02,
       -6.2649876078437778e+01, -9.6953411521046803e+02,
       7.2237396052685490e+03, -1.3306765857896482e+02,
       -6.2649876078437799e+01, -1.3306765857896477e+02,
       1.0053881332778084e+03, 1.2720204156087152e+03,
       -1.2919594654235266e+03, -1.0392310923877005e+02,
       -1.2919594654235266e+03, 1.0660768242093964e+04,
       1.1676739551539381e+03, -1.0392310923877004e+02,
       1.1676739551539381e+03, 3.8969977920367677e+02,
       2.6307737731514312e+03, -1.1178053598238566e+03,
       -3.9291664991198968e+02, -1.1178053598238566e+03,
       6.3759092277909886e+03, 4.3516017981046906e+02,
       -3.9291664991198957e+02, 4.3516017981046906e+02,
       1.2348861741311434e+03, 3.8331129178290716e+03,
       -9.7976211854047631e+02, -6.0556455000715209e+02,
       -9.7976211854047631e+02, 5.2311021091459434e+03,
       6.4669942434223390e+02, -6.0556455000715209e+02,
       6.4669942434223378e+02, 1.2487838008158742e+03,
       2.8997065759335933e+03, -9.2035179125076149e+02,
       -5.5999415747318551e+02, -9.2035179125076161e+02,
       7.7399674308486683e+03, 5.8129937383307970e+02,
       -5.5999415747318551e+02, 5.8129937383307958e+02,
       6.0874792370781006e+02, 2.2994735011833627e+03,
       -1.0246699289190640e+03, 7.3289918261328660e+02,
       -1.0246699289190640e+03, 7.2004047572200789e+03,
       6.0024247146594269e+02, 7.3289918261328660e+02,
       6.0024247146594269e+02, 7.6160393413196869e+02,
       3.1302531876133789e+03, -1.0580435469762604e+03,
       -4.4430013314153047e+02, -1.0580435469762604e+03,
       2.6036464947029576e+03, 2.7565037659620492e+02,
       -4.4430013314153047e+02, 2.7565037659620486e+02,
       1.5128357279130564e+03, 2.1918633436072441e+03,
       -8.4379231680238797e+02, -2.9946553770457723e+02,
       -8.4379231680238820e+02, 7.5549384600578878e+03,
       7.4919880167352596e+02, -2.9946553770457729e+02,
       7.4919880167352596e+02, 4.4402598859559913e+02,
       2.4717642939294929e+03, -1.3555598178806415e+03,
       5.7968058623124512e+02, -1.3555598178806415e+03,
       6.7581123065109286e+03, -1.7106532235517392e+02,
       5.7968058623124512e+02, -1.7106532235517398e+02,
       9.0642822678769085e+02, 1.5132748691842150e+03,
       -4.9556436197895243e+02, 2.6134851583414121e+02,
       -4.9556436197895232e+02, 4.8798140923664841e+03,
       -8.0669409935149162e+01, 2.6134851583414121e+02,
       -8.0669409935149162e+01, 6.7846159451629671e+02,
       1.8333624529233111e+03, -1.6946701069466262e+03,
       5.0648153253559349e+02, -1.6946701069466262e+03,
       9.1822505152397116e+03, 4.4150996263225557e+02,
       5.0648153253559349e+02, 4.4150996263225557e+02,
       6.6279681453950684e+02, 1.8051953428851516e+03,
       -1.3300978475422103e+03, 1.4109470929913323e+02,
       -1.3300978475422103e+03, 9.0501787879353487e+03,
       6.4268285703236609e+02, 1.4109470929913323e+02,
       6.4268285703236609e+02, 3.7705548514049360e+02,
       2.6881583979919697e+03, -9.0243027084836072e+01,
       3.1760231908569119e+02, -9.0243027084836044e+01,
       2.9112233308927193e+03, -4.3629662735692358e+02,
