%YAML:1.0
means: !!opencv-matrix
   rows: 26
   cols: 9
   dt: d
   data: [ -1.4289843001994995e+00, 3.3669214817273520e+01,
       1.0098619398454288e+01, -1.1978777173105987e+01,
       3.9664965996054605e+01, -1.6857196102322405e+00,
       9.8604146750613153e-01, 7.1995809179214487e-01,
       5.0822361399965510e-01, -6.1254755459118428e+01,
       2.9416916070856050e+01, 2.0839583332650459e+01,
       -2.2896578932134368e+01, 2.3799893344613611e+01,
       -1.6565533590915170e+01, 2.3539023452507997e+00,
       5.8887171985391978e-02, 1.1273319051715150e-01,
       1.6008809821875991e+02, 2.9722601738462696e+01,
       -3.9807729791217973e+01, -1.4518347373202593e+01,
       -1.0038960037116858e+01, 2.8030344399128544e+00,
       9.0522585833455593e-01, 2.1972625744368677e+00,
       7.0556221189681756e-01, -1.9281864391655699e+02,
       4.4692496264419113e+01, 3.5351241142302875e+01,
       -2.8465639355727127e+01, -5.6452059769208507e+00,
       -7.4545597061342528e-01, -4.0887737411510212e+00,
       -7.0723430835745003e+00, -2.9340071290202325e+00,
       8.7841540408626656e+01, 5.1004266443168881e+01,
       -2.7012213579681756e+01, -3.2589275975557591e+01,
       -8.6626411982451601e-01, -5.5052820902144468e+00,
       4.9798223717169982e-01, 7.1317704715202257e-01,
       5.7300589106220823e-01, 1.6273143605192507e+02,
       2.5026722470341930e+01, -4.0822890465080576e+01,
       -3.0723326868056354e+01, -1.0099828483593503e+01,
       1.4944999283207068e+01, -1.8303205036733927e+00,
       -4.4276568095257085e+00, -2.4975419970606469e+00,
       4.8918458725238942e+01, 1.9880451548174136e+01,
       -1.4136688358113991e+01, -4.2580195414581432e+01,
       -3.4941688840281579e+01, -2.0998376027204888e+01,
       1.5896408173334382e+00, -9.5563344277468520e-01,
       -3.4452276399727122e-01, 1.0053331726021922e+02,
       -3.1748736824708061e+01, -3.3246470591698653e+01,
       2.3144680654673486e+01, -4.2941171181174491e+00,
       1.0513737842740539e+01, -1.3212519455055569e+00,
       8.0588120657595574e-01, 6.3074899686454278e-01,
       1.1511278675757265e+02, -9.9504480273757707e+00,
       5.6436892251462481e+01, 1.7671522769252622e+01,
       1.3560519087495649e+01, 1.8336506274953350e+00,
       4.5304932979885382e-01, 1.2548755991979128e+00,
       4.0869038620709336e-01, -1.5356097216974268e+02,
       6.3954479590313271e+00, 3.8559720367896240e+01,
       1.0265088707613918e+01, -6.6384318443366928e+00,
       2.5240173487557676e+01, -1.4947091592401156e+00,
       2.6745458789001137e+00, 7.5433966425221055e-01,
       -3.7146622438453534e+01, -2.7141448145330859e+01,
       4.0240939090049768e+00, 2.4011439796313862e+01,
       -2.2546338034352043e+00, 1.6923085332106638e+00,
       1.7444675823500166e+00, 1.6755676056729949e+00,
       6.4530681985541616e-01, -1.5221000469634419e+02,
       -4.8544308807247873e+01, 3.9204669111047743e+01,
       2.7704981931510023e+01, -1.4077716857442810e+00,
       -6.8120746712237903e+00, 2.5937704679812157e+00,
       6.1603189352316978e-01, 3.4220423375414299e-01,
       -9.9732010505855101e+01, -9.2527113225982148e+01,
       1.9964638235084564e+01, 5.7676179744258036e+01,
       -3.9186612828003100e+00, -2.1777596434672764e+00,
       1.1015564532889255e+00, -8.4924843056958332e-01,
       4.6386074734407307e-01, -2.1061846954872576e+02,
       -2.3166263035065711e+01, 4.3594930133080311e+01,
       2.2931271348455489e+01, -1.0653491989891720e+01,
       1.3152009838409437e+01, -2.0269078778559666e+00,
       -1.3992783324111542e+00, -5.7438841860096246e-01,
       -1.1013082447731441e+02, 3.6385110286340563e+01,
       2.7068552734231730e+01, -3.1847451087493535e+01,
       -2.1898715878983319e+00, -2.1323884824435755e+01,
       1.5933300914208888e+00, -1.4198314187478507e+00,
       -8.2472748436434085e-01, 1.8197484460257705e+01,
       1.5577847809210294e+02, -3.5052551055163456e-01,
       -8.6240372918086393e+01, 1.6028448398050163e+01,
       1.5638959199418698e+01, -4.0121134976610462e-01,
       2.3750322375166752e+00, 1.9074171997129572e+00,
       1.1146637273135402e+01, 2.1679084293892316e+01,
       -2.3081382912584498e+01, 2.1497525089364430e+01,
       1.9592376711512859e+01, 2.7216918362965159e+00,
       1.4724483686952943e+00, 7.1942351769289836e-01,
       2.3303936936317768e-01, -6.0536625982544095e+01,
       -3.2246492431210946e+01, 3.6164343597373858e+01,
       3.9420634796107223e+01, 1.9383561702669194e+01,
       -8.7593192763580383e+00, -8.9235051283513460e+00,
       -5.8883013040096639e+00, -4.5053813749075218e+00,
       8.2596505386042367e+01, 1.7125523294010947e+01,
       -2.4199350448742305e+01, -3.1926646201996988e+01,
       -2.6117506990452696e+01, -1.9527798438216852e+01,
       9.0427391934684043e-01, -2.4275325213288670e+00,
       2.6067546426616106e-01, 5.9386647839720794e+00,
       -1.0839974987883242e+02, -1.9382727687993302e+01,
       -2.3435224308915878e+01, 2.0617007994059129e+01,
       4.2806176044335595e+00, -7.1936316619945040e-01,
       7.1424721718406037e-01, 4.7970398455080548e-01,
       5.0074468375746044e+01, 3.3779928292005579e+01,
       -9.5489087928874525e+00, -3.7153467184319787e+01,
       -3.5048915222288470e+00, -2.2637912041279133e+01,
       2.6002740757691951e+00, 9.2743652150060973e-01,
       -1.3988912767001729e-01, -1.8151210510159257e+02,
       3.3143999389334944e+01, 4.5008587279085539e+01,
       -2.0354296878349420e+01, -1.0327682840662867e+01,
       -1.6450899074016483e+00, 8.0797156000433412e-01,
       1.3488266739690611e+00, 5.1920604163097706e-01,
       3.4197382410680149e+01, -9.6638976690173905e+01,
       -1.0080498589445449e+01, 6.8683714723423989e+01,
       -4.0379570275418351e+00, -1.1612606289143592e+00,
       2.1223768909066116e+00, -3.4139708296459320e-01,
       -6.1156400148540839e-02, 1.4859505601849094e+02,
       -7.5698498946255617e+00, -4.0341144978171300e+01,
       1.0559941273051988e+01, -5.8874959000019169e+00,
       1.2622789013596583e+01, -2.4375781990991488e-01,
       1.4375668065181844e+00, -8.0638995826745044e-04,
       3.6991938299116399e+01, 2.1217449759495853e+01,
       8.9709705097527404e-01, -1.4616072561279504e+01,
       1.0164072539938685e+01, -4.8133244132350966e-01,
       -6.5109707122099927e+00, -3.4545270382374178e+00,
       -5.2911976023329501e+00, -1.9801489451709600e+02,
       9.7305261914959814e+01, 4.0235469640688834e+01,
       -5.3854220276451279e+01, -2.4695937072452235e+01,
       1.6652407667997267e+01, -4.0512431347065982e+00,
       1.8129477530144349e+00, 8.3994423964649123e-01 ]
