%YAML:1.0
means: !!opencv-matrix
   rows: 37
   cols: 3
   dt: d
   data: [ -5.1009223603685832e+01, 1.6000831248214407e+01,
       7.2296602504734977e+01, 2.3311178776067041e+02,
       -5.8366380055572151e+01, -2.0688867750089560e+01,
       3.2966774592727880e+01, -6.9909777462741104e+01,
       2.4273316469631787e+01, 1.3260805834366781e+02,
       2.2820205672116813e+01, 3.9226229945127663e+01,
       -1.5227193300439242e+02, -8.5671424770026647e+01,
       2.7794247557213465e+00, 9.5158761817630588e-01,
       1.0746870792102858e+02, 8.6408446146569595e+00,
       -7.4009376627374266e+01, -4.4364167711417693e+01,
       -4.5342104158762595e+01, -2.4208406128004387e+02,
       9.9561317436252708e+01, 3.7500885005468323e+00,
       1.4984196741607738e+01, -3.1567568016198146e+02,
       -9.4092632721708700e+00, -1.0916631986131760e+02,
       -5.2854781127654604e+01, 1.0410763611288310e+02,
       -1.8056567523685135e+02, 1.5467807901533121e+02,
       -2.5071520224077766e+01, 7.5138245287699746e+01,
       1.1185839875748063e+02, -6.3922435130960423e+01,
       9.7683797887095295e+01, 1.0964972982560799e+00,
       -9.0123467735369864e+00, -1.9812469474294232e+02,
       -8.8093132390757880e+00, 5.2760921373905553e+01,
       1.3770713714347838e+02, -1.1480741338650309e+02,
       -8.1601591950688483e+00, 1.2406546092127579e+02,
       -3.6130498493270828e+01, -8.2097100202826198e+01,
       3.6816215435944713e+01, -1.0520539830051023e+02,
       -8.2174153176747126e+01, 1.6966738457140739e+01,
       1.9834928280317874e+02, 5.8642777739933338e+00,
       -2.7408735548230459e+02, -1.2099733827891174e+02,
       -1.8115704483099847e+01, -9.8407654405016316e+01,
       1.3805761764125518e+02, 5.2142640451834701e+01,
       -2.6637547075522923e+02, -1.2689376344495702e+01,
       -1.4289921040994358e+01, 1.6403905034456460e+02,
       1.5441468179707147e+02, 2.5164463956566998e+01,
       1.8113309541386602e+02, -1.5322635252098186e+01,
       2.5714253450057136e+01, -1.5945520309124564e+02,
       2.8686460421908485e+01, -2.2080966448176982e+00,
       1.1488987631772314e+02, 6.2937468465803434e+01,
       -2.0119778428699846e+01, 9.2238180926984455e+01,
       1.3132019172568388e+02, 5.2149308168997884e+01,
       5.0652467851993087e+01, 3.5270149579370056e+01,
       4.2947077148361117e+01, -8.1609049008115363e+01,
       8.3738161937418369e+01, -5.2775045880602640e+01,
       1.3661413584817973e+01, 1.5028032457583954e+01,
       -7.1190051690293743e+01, 3.6546089332540959e+01,
       -1.6363767628654841e+02, 2.2089937546992559e+01,
       -4.9740401484281428e+01, 1.7287753403861541e+02,
       -6.7555414035364890e+01, 2.2459009752632207e+02,
       -1.7899600624991403e+00, 3.4721513226220722e+01,
       -6.0135644286147368e+01, -1.3996275742640162e+02,
       -4.1784305936491229e+01, -1.6971867340447787e+01,
       -7.0284081499756624e+01, 9.7444747648197037e+01,
       -2.7877360166690103e+01, 1.3589010310082005e+01,
       -4.7273642183568265e+00, 9.5399978910237309e+01,
       -9.4341776486136695e+01, 7.2199828003632106e+01,
       -1.7391000798929971e+02, -1.4274249329503698e+02,
       4.5320775816430441e+01 ]
covs: !!opencv-matrix
   rows: 111
   cols: 3
   dt: d
   data: [ 1.8312842840246935e+03, -4.8873377346702682e+01,
       2.9635997390351127e+02, -4.8873377346702682e+01,
       6.5471247005159312e+03, 9.0629520020473899e+02,
       2.9635997390351127e+02, 9.0629520020473899e+02,
       8.2268710986995347e+02, 2.4388613936396723e+03,
       1.4862725792812054e+02, 5.7110429027371526e+02,
       1.4862725792812051e+02, 3.5059509664301249e+03,
       2.9236904582012232e+02, 5.7110429027371526e+02,
       2.9236904582012238e+02, 6.3600562460271340e+02,
       2.1768279584053171e+03, 4.2931877202336091e+02,
       4.7928480569724422e+02, 4.2931877202336091e+02,
       2.7876133578802351e+03, 1.9774544644709840e+02,
       4.7928480569724422e+02, 1.9774544644709840e+02,
       9.2736442572679232e+02, 1.0843612456918920e+03,
       1.5571386079335613e+02, -4.5629272200125399e+02,
       1.5571386079335613e+02, 2.4894667297011715e+03,
       1.4296004551077598e+02, -4.5629272200125399e+02,
       1.4296004551077598e+02, 1.2615450081093884e+03,
       2.6639751442194784e+03, -4.7476506201370563e+02,
       5.8703295885932573e+02, -4.7476506201370563e+02,
       2.6922568865253343e+03, 5.3070650549389251e+00,
       5.8703295885932562e+02, 5.3070650549389153e+00,
       1.4442347446595534e+03, 1.9122416140809516e+03,
       4.6860820375762438e+02, 2.8034962338732572e+02,
       4.6860820375762427e+02, 2.2783948745182456e+03,
       -4.3641009300233929e+02, 2.8034962338732572e+02,
       -4.3641009300233941e+02, 1.2930830747730952e+03,
       1.4925969430993216e+03, -4.6136738227366902e+02,
       1.9757175307173151e+02, -4.6136738227366902e+02,
       3.7665960204241901e+03, 3.9094703383538636e+01,
       1.9757175307173145e+02, 3.9094703383538636e+01,
       8.9721156965071623e+02, 2.6776254572897360e+03,
       -3.5363354414806287e+02, 5.6614789725223227e+02,
       -3.5363354414806281e+02, 3.4436871348976456e+03,
       -1.6991630317698559e+02, 5.6614789725223227e+02,
       -1.6991630317698554e+02, 7.9942681206897305e+02,
       4.4173818549213102e+03, -1.2265995034426238e+02,
       2.3771493427912578e+03, -1.2265995034426243e+02,
       1.8338324677301325e+03, 4.8958664958307662e+02,
       2.3771493427912578e+03, 4.8958664958307645e+02,
       1.9285240900629165e+03, 1.0203715046802399e+03,
       -5.4847884380175162e+02, 1.5872284727639686e+02,
       -5.4847884380175174e+02, 7.9623781075017632e+03,
       9.1382733262458578e+02, 1.5872284727639686e+02,
       9.1382733262458555e+02, 5.1915469417229872e+02,
       2.3441797758096077e+03, -1.9914940620699966e+02,
       5.8969480649394359e+02, -1.9914940620699960e+02,
       3.9949880710445718e+03, -1.4457001637772136e+01,
       5.8969480649394370e+02, -1.4457001637772105e+01,
       9.6587005499474867e+02, 3.5539620710876561e+03,
       5.6030648496275421e+02, 4.7927228772437036e+02,
       5.6030648496275433e+02, 3.0252809666550188e+03,
       7.7113622442719316e+02, 4.7927228772437036e+02,
       7.7113622442719293e+02, 1.3406889963495603e+03,
       2.0115728469878291e+03, -3.8690633127670573e+00,
       1.0274849610468721e+03, -3.8690633127670604e+00,
       3.0053050045126465e+03, 4.0009221184386325e+02,
       1.0274849610468721e+03, 4.0009221184386325e+02,
       1.0440529189563790e+03, 2.8217366056733249e+03,
       -1.3536550571092596e+02, 1.3095901346026183e+03,
       -1.3536550571092596e+02, 5.2411478553288171e+03,
       8.0778477217573823e+02, 1.3095901346026180e+03,
       8.0778477217573823e+02, 1.2032103370924908e+03,
       2.0110090149806460e+03, -1.8467836188016662e+02,
       9.5852614974541848e+02, -1.8467836188016665e+02,
       2.1507475932574143e+03, -2.2310966321505806e+01,
       9.5852614974541848e+02, -2.2310966321505806e+01,
       9.9782001979987058e+02, 2.4337954827242452e+03,
       -3.9296003982873583e+02, 7.7817726994931968e+02,
       -3.9296003982873594e+02, 4.1939072020615740e+03,
       3.9072287432824334e+02, 7.7817726994931957e+02,
       3.9072287432824334e+02, 1.2895388862511948e+03,
       1.2944210169919718e+03, -2.7873549536508114e+02,
       4.2853091301373053e+02, -2.7873549536508108e+02,
       2.5721881275013698e+03, -3.1293330222929100e+01,
       4.2853091301373053e+02, -3.1293330222929100e+01,
       6.9533705327266057e+02, 3.1314134130921898e+03,
       1.5220511057850894e+02, 3.4273916372055800e+02,
       1.5220511057850894e+02, 2.6840990517061750e+03,
       -8.3643115429204954e+01, 3.4273916372055788e+02,
       -8.3643115429204954e+01, 1.3865433918403189e+03,
       1.9607472568270744e+03, -1.0206140177498681e+03,
       2.6989887335185256e+02, -1.0206140177498678e+03,
       5.2760456196861314e+03, 2.4321580778712197e+02,
       2.6989887335185256e+02, 2.4321580778712203e+02,
