%YAML:1.0
means: !!opencv-matrix
   rows: 31
   cols: 2
   dt: d
   data: [ 1.2675839035887795e+02, -1.0330229631926000e+00,
       -1.0524568345922386e+02, 4.4622874509873711e+01,
       4.2069723262767020e+01, 1.2717415702109227e+02,
       1.1558710055002372e+02, -1.4214664352966182e+02,
       -2.0025102707712045e+02, -1.6665369341454178e+02,
       -1.7938467729974860e+02, 5.7302237240701608e+00,
       -3.4746188046792192e+00, -4.0628501032523545e+01,
       -9.0082919523821715e+01, -2.8744150552432682e+01,
       2.1697244920503948e+02, 8.9821747715620276e+01,
       9.4198889716964473e+01, 7.3117668358093567e+01,
       -2.3585341242299094e+02, 1.6050044404054293e+02,
       1.9452463340420113e+02, -8.6461458678629967e+01,
       1.2578149608249508e+02, -7.5309530649854750e+01,
       -1.3209744689165697e+02, 1.2481498947803593e+02,
       5.2791806601979644e+01, 1.8189871123756738e+01,
       -7.1177633708681896e+01, -1.7725890456241430e+02,
       1.7699233931763288e+01, -1.6700804056294768e+02,
       -2.1064282312681800e+02, -7.8070735745590511e+01,
       1.2945009725961199e+02, 1.2025360560704888e+02,
       2.6409138778438766e+01, 7.5831711272372289e+01,
       -3.9920923272554631e+01, -1.0167651236025701e+02,
       1.6454532639314806e+02, 6.1620056368265914e+01,
       -4.1852710564675832e+01, 1.1195730242762046e+02,
       2.3094207712865703e+01, 2.0719708331099210e+02,
       2.0840602232263709e+02, -5.5730503366378747e-02,
       -1.2342780749043624e+02, -1.0113951116891432e+02,
       -2.1596660453505269e+01, 2.0663282625907840e+01,
       4.4145787433088302e+01, -9.3476759492588371e+01,
       -2.7445951932339733e+02, -1.4313313810597050e+01,
       7.1077548721876724e+01, -3.7806211209540557e+01,
       -2.4220820158896137e+02, 7.8732527543439872e+01 ]
covs: !!opencv-matrix
   rows: 62
   cols: 2
   dt: d
   data: [ 1.1617737822695178e+03, -1.8339320814196350e+02,
       -1.8339320814196344e+02, 1.3520804358547368e+03,
       1.5064594493151669e+03, 6.6050335308422746e+01,
       6.6050335308422717e+01, 1.4523663637590364e+03,
       1.8273256203064980e+03, 6.1127733222143323e+00,
       6.1127733222143306e+00, 9.7234583831688860e+02,
       2.6393801140831952e+03, -2.7831506498007599e+02,
       -2.7831506498007610e+02, 1.8800231418994097e+03,
       3.0661498242229140e+03, -1.0969671909655668e+02,
       -1.0969671909655663e+02, 2.5002236243741540e+03,
       1.7051171768885006e+03, 8.7009378411859601e+01,
       8.7009378411859629e+01, 2.2084524759142118e+03,
       1.1948788025668971e+03, 1.1411818236515315e+02,
       1.1411818236515312e+02, 1.1438317474614371e+03,
       1.7845372019186871e+03, 5.0126168060328155e+01,
       5.0126168060328176e+01, 1.2845786872971732e+03,
       1.8131436281989979e+03, 8.3158852281971207e+01,
       8.3158852281971207e+01, 1.4804332233720468e+03,
       9.0745903056049690e+02, -1.4307421627457384e+02,
       -1.4307421627457387e+02, 1.4745831644595378e+03,
       3.1027775985772146e+03, -1.0727260521732356e+02,
       -1.0727260521732356e+02, 2.0045281426450558e+03,
       2.1828438853567068e+03, -1.6689384813634936e+02,
       -1.6689384813634936e+02, 1.8418011721640394e+03,
       1.5817620586551152e+03, 1.6199987217979850e+02,
       1.6199987217979847e+02, 1.2343720085391938e+03,
       2.6700581891451220e+03, 4.5015522941306699e+02,
       4.5015522941306705e+02, 2.1631677319343507e+03,
       1.3333357458421563e+03, 6.8324061706958460e+01,
       6.8324061706958460e+01, 8.0503911769005367e+02,
       2.4113425801530921e+03, 2.3409236144141332e+02,
       2.3409236144141329e+02, 2.2525309543428293e+03,
       2.8678066447551137e+03, -6.9188042966078160e+02,
       -6.9188042966078160e+02, 2.6455081950961367e+03,
       1.5966491105081470e+03, -8.3009907714063431e+01,
       -8.3009907714063431e+01, 2.3855913139284639e+03,
       1.9427930345097177e+03, -4.0313201123091210e+02,
       -4.0313201123091210e+02, 1.3682337964762814e+03,
       1.5025637111417764e+03, -7.2367139696627348e+01,
       -7.2367139696627319e+01, 8.8239319735203617e+02,
       1.7999949105610076e+03, -3.0293489663216991e+02,
       -3.0293489663216991e+02, 1.7459309494968668e+03,
       8.2059226329486444e+02, -1.1248426054964767e+02,
       -1.1248426054964764e+02, 2.0409796638239295e+03,
       1.9692452082491207e+03, -6.5173888252992072e+01,
       -6.5173888252992072e+01, 1.9859327337390230e+03,
       8.8851848128807742e+03, -1.3530805266913299e+03,
       -1.3530805266913299e+03, 2.8093729970519375e+03,
       1.8296819291220479e+03, 1.1099277611639960e+02,
       1.1099277611639958e+02, 1.8298512055943565e+03,
       1.5436914704610740e+03, -1.7230059724513438e+02,
       -1.7230059724513441e+02, 1.9532192465067562e+03,
       1.4634480097965006e+03, 1.3114039520747920e+02,
       1.3114039520747920e+02, 1.1147710432190356e+03,
       1.5056827070053648e+03, -8.2170757284452989e+01,
       -8.2170757284452975e+01, 1.3190696084943281e+03,
       1.9309713187988257e+03, 6.5811726378453420e+02,
       6.5811726378453409e+02, 3.9493840942148113e+03,
       1.0498543075965754e+03, -4.4951132890242107e+00,
       -4.4951132890242107e+00, 8.5365454960464558e+02,
       3.0981123331754834e+03, 3.5778862701266166e+02,
       3.5778862701266155e+02, 2.0964035037965623e+03 ]
weights: !!opencv-matrix
   rows: 1
   cols: 31
   dt: d
   data: [ 4.3256428450452404e-02, 3.7614200926365263e-02,
       2.7307843664545722e-02, 2.6955299354895417e-02,
       1.4626141255976931e-02, 3.8286114194235048e-02,
       4.8180936729856495e-02, 4.5037164085884748e-02,
       1.9243285884904975e-02, 4.3383512428432934e-02,
       1.6752343997674779e-02, 2.4507547836559840e-02,
       4.1119647450122906e-02, 3.0562545363666399e-02,
       4.6628896350953651e-02, 2.2002476116611661e-02,
       2.3419984039397393e-02, 2.1098551778821622e-02,
       2.7307331500728664e-02, 3.9441949432070009e-02,
       3.5178296513725359e-02, 3.2967668766267340e-02,
       4.0843921650149634e-02, 1.8602259103081734e-02,
       2.4945612646012118e-02, 3.2263116202206198e-02,
       4.4591219201540092e-02, 4.1877677313852883e-02,
       2.1980923694672545e-02, 4.7001704039029542e-02,
       2.3015400027278962e-02 ]
pca_proj: !!opencv-matrix
   rows: 2
   cols: 21
   dt: f
   data: [ 4.36961316e-02, 8.50134730e-01, 1.73015636e-04,
       6.54514134e-02, 4.60692108e-01, 2.29939164e-04, 7.67599978e-03,
       1.46649793e-01, -1.37564148e-05, 1.21663406e-03, 1.30500361e-01,
       -5.45994153e-05, 8.06188770e-03, 1.42052382e-01, -2.12945142e-05,
       -2.45414903e-05, 9.56867734e-06, -1.94090262e-06, 3.13729906e-05,
       4.34020360e-04, 2.32224409e-07, 7.68702388e-01, -5.10314330e-02,
       1.14127281e-04, 4.21110362e-01, -3.83849256e-02, 4.02935693e-05,
       2.81941950e-01, -1.35209868e-02, 1.95932400e-04, 2.66951323e-01,
       -4.70317341e-03, 2.29704310e-04, 2.76557714e-01, -1.55316098e-02,
       2.11025646e-04, -3.74769334e-05, 5.54774260e-06, -7.89335627e-06,
       8.86836962e-04, -5.85095040e-05, 1.91629806e-04 ]
pca_mean: !!opencv-matrix
   rows: 1
   cols: 21
   dt: f
   data: [ 2.07625534e+02, 2.55653595e+02, 1.54502928e+00,
       2.18915131e+02, 2.60592743e+02, 1.67241716e+00, 2.65274475e+02,
       2.24016678e+02, 1.71669352e+00, 3.19420807e+02, 1.63929108e+02,
       1.75046074e+00, 3.16613464e+02, 2.25532654e+02, 1.70717156e+00,
       1.08872897e-04, -9.74175637e-05, 6.24380555e-05, -2.17504916e-04,
       -2.50119597e-01, 1.75055194e+00 ]
