%YAML:1.0
means: !!opencv-matrix
   rows: 48
   cols: 2
   dt: d
   data: [ -1.4190558481636219e+02, -5.4940877492485448e+01,
       1.0883217122793988e+01, -7.7603295589064047e-01,
       5.3504131356097496e+01, 1.1243030354228611e+02,
       -2.7214045477135153e+02, 1.3973020536714745e+02,
       2.3049488363560118e+02, 9.3189582616609101e+01,
       8.6313194313418492e+01, -9.3878240590094634e+01,
       -7.9731338973752898e+01, 5.9316657468465010e+01,
       1.0708035802465082e+02, -3.7585353616754865e+01,
       -1.1543828426479698e+02, -1.7468026912174884e+02,
       -9.0456224355266315e+01, 1.7372374426044632e+02,
       1.0964850787024827e+02, 9.5154426238120024e+01,
       2.2021375349833215e+02, -4.3970368318876169e+01,
       -4.9098254288386137e+01, -5.1477840183133159e+00,
       1.9627897320853191e+02, 3.2957826889284540e+01,
       -2.1573992541425562e+02, 7.6526951788363064e+01,
       1.2089004993449596e+02, -1.5110367519121485e+02,
       -4.3428637894444130e+01, -1.3213186496639690e+02,
       1.6563113242195649e+02, 9.5246878511675533e+01,
       -2.1296912547822734e+02, -3.1419942588990828e+01,
       1.0549003390100860e+02, 1.4347451025907043e+02,
       1.4552406303335482e+02, -8.2180532436415675e+01,
       -2.0618014822600313e+02, -1.8180857747950509e+02,
       -2.0377498941600390e+02, 1.4353008967879467e+02,
       1.7693976356495675e+01, 6.3890904662316636e+01,
       -1.8609795532889063e+01, 4.1185466610075366e+01,
       2.2384705867209412e+01, 2.1377509860174425e+02,
       -1.6934267839789822e+01, -6.2656838396133836e+01,
       7.0259912439563323e+01, 5.7658270850874821e+01,
       -2.7876315292853315e+02, -9.4673305298137080e+01,
       2.6553246643102728e+01, -1.1160945287622425e+02,
       -1.0588707663353455e+02, -1.8972738847501400e+00,
       1.2361899794310182e+02, 2.8290616672477167e+01,
       4.1139607290297171e+01, -1.7994784072467195e+02,
       -1.4165337041847056e+02, 5.7264957204937495e+01,
       -9.3384024951483422e+00, 1.1524212498323497e+02,
       -1.3541277701500658e+02, 1.3018294358840672e+02,
       -2.0208706532692767e+02, -1.0584143392915612e+02,
       -1.2344469860549789e+02, -1.1860950950091559e+02,
       -3.9873810178889762e+01, -1.9879414207634454e+02,
       -1.6960265126521540e+02, 9.3165392400664846e+00,
       -2.6484407709423169e+02, 4.6408624317405803e+01,
       -6.6233166130319006e+01, 1.3751931150991513e+02,
       6.6369749533592767e+01, -4.0801710034053201e-01,
       -2.8379027727090789e+02, -1.5659763267654062e+01,
       -8.0921961659774794e+01, -6.3297708027848849e+01,
       4.6388394135880326e+01, -5.1243058195061131e+01,
       2.0850688147054913e+02, -1.0425728381789732e+02,
       1.6282601720571884e+02, -2.3777245062660448e+01 ]
covs: !!opencv-matrix
   rows: 96
   cols: 2
   dt: d
   data: [ 7.5056781630639682e+02, -1.0898065256116443e+02,
       -1.0898065256116446e+02, 8.6476198436210325e+02,
       7.5526855150393055e+02, 2.0875441305589626e+02,
       2.0875441305589626e+02, 9.8588323730868490e+02,
       8.0194645513158912e+02, 6.7925933868426284e+01,
       6.7925933868426284e+01, 1.0877200270406520e+03,
       1.7326020118304609e+03, -3.6045184078406254e+02,
       -3.6045184078406243e+02, 2.3039625306475573e+03,
       1.5018764632318421e+03, 6.6419026960205045e+01,
       6.6419026960205017e+01, 1.4988870913925427e+03,
       6.8341623456598836e+02, -6.2156450020394978e+01,
       -6.2156450020394978e+01, 1.1658837576462113e+03,
       8.8590258043853351e+02, -4.9017957760900650e+01,
       -4.9017957760900650e+01, 1.1954400610192388e+03,
       6.9915498932791240e+02, 1.4318018333400104e+02,
       1.4318018333400104e+02, 9.5938894926839748e+02,
       1.3701437417073075e+03, 5.2652597338784074e+02,
       5.2652597338784096e+02, 1.9238297999096583e+03,
       6.0364061891125675e+03, -2.0413096069220437e+03,
       -2.0413096069220437e+03, 5.0393417702162324e+03,
       6.8221260700931953e+02, -5.3045794609782444e+00,
       -5.3045794609782497e+00, 9.9419753265708925e+02,
       1.6780669860714256e+03, 7.9354998864928257e+02,
       7.9354998864928257e+02, 1.9396745567063779e+03,
       7.0963922006556697e+02, -1.2463268720108755e+02,
       -1.2463268720108755e+02, 9.9042549589955956e+02,
       1.2777940638501327e+03, 7.8371943371368047e+01,
       7.8371943371368062e+01, 1.2952906094464186e+03,
       1.3373911523374793e+03, -1.0787470957968092e+02,
       -1.0787470957968090e+02, 1.3925532879605787e+03,
       2.6456302822525472e+03, -3.6399022678369391e+02,
       -3.6399022678369391e+02, 1.6066094239673780e+03,
       1.2789880769365877e+03, 1.5106054330115657e+02,
       1.5106054330115654e+02, 1.3570748532143180e+03,
       8.0670226091285201e+02, 8.7784782119734714e+01,
       8.7784782119734714e+01, 1.1921782296724061e+03,
       9.7853130904390503e+02, -2.2005349442379944e+02,
       -2.2005349442379944e+02, 1.0148430481260467e+03,
       1.7423428341596266e+03, 5.2836406817422166e+01,
       5.2836406817422144e+01, 1.1334355659798491e+03,
       8.5373960475634931e+02, 3.5884307425126053e+01,
       3.5884307425126032e+01, 1.2349421430588413e+03,
       1.8554713944388052e+03, 5.4454637643143087e+02,
       5.4454637643143087e+02, 1.7666204794654302e+03,
       1.4872526630496379e+03, -6.6081741916270244e+02,
       -6.6081741916270244e+02, 2.3310587213798790e+03,
       5.4150963253130715e+02, -1.8039701126622828e+02,
       -1.8039701126622828e+02, 1.1781442053241917e+03,
       4.6749426641371235e+02, -1.3463492263813632e+02,
       -1.3463492263813632e+02, 1.1688544299515956e+03,
       6.0175027798068577e+03, -7.3574161075001740e+01,
       -7.3574161075001726e+01, 2.2131776739040902e+03,
       6.9620701053693972e+02, 9.7898690489822712e+01,
       9.7898690489822684e+01, 9.4148041194111693e+02,
       6.8267857788807748e+02, 5.7184536212167885e+01,
       5.7184536212167899e+01, 7.4186811435980974e+02,
       2.2547824663471315e+03, -2.7350823368694779e+02,
       -2.7350823368694779e+02, 2.4442892597063505e+03,
       8.4112415343607768e+02, -4.1560509082563570e+01,
       -4.1560509082563563e+01, 1.1226648827686781e+03,
       8.4393249687514844e+02, -2.0235495761923571e+02,
       -2.0235495761923571e+02, 9.9246379618311948e+02,
       1.1615415098297292e+03, 1.5380448474647781e+02,
       1.5380448474647781e+02, 7.3861097497425624e+02,
       2.5350981413698260e+03, -1.2404045323273237e+02,
       -1.2404045323273235e+02, 2.3407674647549761e+03,
       9.1107750583687709e+02, 4.7838261538013292e+01,
       4.7838261538013278e+01, 1.1113980321705965e+03,
       8.4803727249015981e+02, 2.5018357355443544e+02,
       2.5018357355443550e+02, 1.3881833703774489e+03,
       1.4996812147676492e+03, -1.5403472922726900e+02,
       -1.5403472922726900e+02, 1.9191339116493959e+03,
       1.4520394664806906e+03, -2.3837546218349942e+01,
       -2.3837546218349928e+01, 1.1550120308768708e+03,
       1.2866484439895819e+03, -1.3099419088743222e+01,
       -1.3099419088743208e+01, 1.0077702800982217e+03,
       1.8770594902690550e+03, 8.5458690089363370e+02,
       8.5458690089363370e+02, 1.7578735756484880e+03,
       1.1511901366808593e+03, -3.8082213660142230e+02,
       -3.8082213660142230e+02, 9.4641554817307201e+02,
       2.1607282805898976e+03, -5.8547970952618834e+02,
       -5.8547970952618834e+02, 1.7861179269558575e+03,
       1.2062539432820897e+03, 9.2405656420235289e+01,
       9.2405656420235289e+01, 1.2983379659958534e+03,
       7.4799412369493973e+02, 4.3522608510208094e+01,
       4.3522608510208102e+01, 7.3641107171409033e+02,
       1.4319239414898771e+03, -4.9885122283582348e+02,
       -4.9885122283582348e+02, 1.8150175590051754e+03,
       7.0080759238289113e+02, -4.6230487429109459e+01,
       -4.6230487429109473e+01, 1.0872193722190532e+03,
       7.1713650040429798e+02, 9.8207418961160883e+01,
       9.8207418961160855e+01, 8.3263539362833274e+02,
       1.9371757045521063e+03, 1.1967551755078327e+01,
