%YAML:1.0
means: !!opencv-matrix
   rows: 32
   cols: 7
   dt: d
   data: [ 9.6556782623154220e+01, -2.8892139277230847e+01,
       6.7651786717097991e+01, -3.3935780074486024e+00,
       3.0113740956717503e+01, 4.7424815766940637e-01,
       5.0167215159240264e-01, -5.6591019849564134e+01,
       1.0018716449309848e+02, 1.2585302478269900e+00,
       -4.7901721722446219e+01, 7.3361430501245133e+00,
       3.1269444979519530e+00, 1.9510140640030227e+00,
       -1.7666099017387646e+02, -1.4773212171656678e+02,
       5.2513627642205762e+01, 4.9548085014050351e+01,
       -3.7081261533276681e+01, -1.8194558751911540e+01,
       -5.1199450062160015e+00, 2.8517754948942152e+01,
       1.2952844008571276e+02, -2.6789692277178020e+01,
       -5.3808486090333986e+01, -9.8114312593002726e+00,
       2.0847815853674612e+00, 2.5523787260933766e+00,
       4.9702493593888242e+01, -8.0182819779157853e+01,
       2.4635216929738529e-01, 4.9500291634282661e+01,
       -8.8400713485362594e+00, 2.7228846325275658e+01,
       3.2847044880909211e+00, -2.0115239325737548e+02,
       1.8588508853778869e+01, 5.1060358729688105e+01,
       -2.5141072849781771e+01, -1.3098803417072656e+01,
       -7.9630352484810203e+00, -6.1573931890779454e-01,
       1.8639564126997146e+02, 1.5031786262176954e+01,
       -5.1227587028051737e+01, 1.5334256288845959e+01,
       -9.6462763610667661e+00, -7.2290210171724256e+00,
       1.1498967770354911e+00, 1.1075289715133235e+02,
       -2.7070214095872746e+01, -5.6104129081801069e+01,
       3.4526513288170293e+01, -1.2835153129758103e+01,
       -2.7633111330822953e+00, -1.1031090076573409e-01,
       -1.0841122849642959e+02, -2.1959906770802512e+01,
       3.5597073841227264e+01, 6.4110047019144067e+00,
       1.2271028040500369e+01, 1.5148403601745416e+01,
       1.6939780221496445e+00, -5.1770061721658998e+01,
       -9.1613553752047807e+01, 1.8665393905458281e+01,
       2.3050111200326452e+01, -7.4997723883533167e+00,
       -2.0950945107861209e+01, -2.2994915061894359e+00,
       -1.4135036541611681e+01, -1.7356060524007624e+01,
       6.7364408676788934e-01, 7.1872783951827577e+00,
       1.6717494273857607e+01, 1.3273139294871465e+01,
       2.2761593487432124e+00, 1.2971631444254913e+02,
       1.4364778447096262e+01, -3.9481759898456211e+01,
       6.8905860816578750e+00, -1.5904933149154978e+01,
       -1.1440906529029716e+01, -5.1505752791314325e+00,
       6.1080282808661515e+01, 5.9838609587896002e+01,
       -1.6723451709804792e+01, -2.3342033314150683e+01,
       1.1741532283736738e+00, -1.3995381221007092e+01,
       -7.2272425545228449e+00, -1.5219728042977161e+02,
       -1.1222660937655144e+02, 4.6708316400843096e+01,
       3.6713182031135844e+01, -3.1211813090081726e+01,
       3.8455266523560301e+00, -6.7210678760422953e+00,
       4.3551848425956976e+01, -9.9456012640515212e+01,
       -2.7719173206894883e+01, -2.7281689870712775e+01,
       2.2370489459083167e+01, -3.0754459933269024e-01,
       7.5381437744826274e-01, -4.3349220402928012e+01,
       -3.6329427239263282e+01, 2.4900864609945714e+01,
       1.7815968772308363e+01, 2.7532118059232957e+01,
       1.1332399351995521e+01, 1.4125438371941994e+00,
       8.3043768649574318e+01, -5.4515074516857993e+01,
       -1.3779776647853311e+01, 3.3357284452074232e+01,
       -4.4683987223334287e-01, 5.2372321543218181e+00,
       -1.0811756713097755e-01, 1.1507389512175902e+02,
       5.7302071095529804e+01, 3.0422810286371611e+01,
       -2.2835487257422795e+01, -1.1696377237509259e+01,
       -5.9267830992281398e+00, -3.5932604461983769e-01,
       -6.8362991093156324e+00, 4.0551331182109607e+01,
       1.1069168503634003e+01, -1.3640976878382135e+01,
       3.0511291221421185e+01, -8.0782582761107840e+00,
       -5.2839869485396536e+00, -1.0108532524862410e+02,
       5.2531212612060081e+01, 5.9689753578561252e+01,
       -4.4337002055874564e+01, 3.6119706891985265e-02,
       -4.8833537989866818e+00, 2.3915614563621676e-01,
       -7.4561890389260566e-01, -1.2796013605792542e+02,
       2.4671832128696675e+01, 4.9064705090124100e+01,
       3.2887555427965793e+01, 7.9626030115961466e-01,
       9.7548870482356453e-01, -2.2524087712129150e+02,
       4.6037708472739858e+01, -1.6545339427087939e+01,
       -2.0902183591031193e+01, 1.8196939265652927e+00,
       -3.5725420874708131e+00, 8.6000262448153308e-01,
       2.2545957204477537e+02, 1.1826038391514686e+00,
       1.0601467566972532e+01, 9.4171191942863857e+00,
       -1.6246902320118433e+01, 1.4475076626277308e+00,
       -1.7738844850229383e+00, 3.7112299846359761e+01,
       2.9300314789515575e+01, -1.0349296815282468e+01,
       3.8534653219709810e+01, 2.3892896590429160e+01,
       -5.9402243924983855e+00, 9.6916605064507311e-01,
       6.3682840599076897e+01, -1.3552649077317856e+01,
       -4.4707901976096402e+01, -7.7797296776465757e+01,
       -8.5831294752655420e+00, -1.2527515843707662e+00,
       -3.4980212495757562e-01, 4.7306713028244218e+01,
       9.0233392573123410e+01, -2.4543179913497873e+01,
       -3.2553605881536114e+01, 7.4708478308357549e+00,
       -8.6452246118388878e+00, 6.6786131781928049e-01,
       9.9353802380641326e+01, -4.5604394781184325e+01,
       -2.1838818209519751e+01, 3.6905655776498570e+01,
       -2.7375611498834179e+01, 2.3430347727842538e+01,
       1.1762457463125369e+00, -1.9631964650062298e+02,
       -5.1176149699581245e+01, 4.8799991064867953e+01,
       8.6292572692718270e+00, -1.4134140086821178e+01,
       7.9981322253671860e-01, -1.2052097167756928e+00,
       -1.4886457402479289e+02, 1.1843483742828474e+02,
       1.5761064339763179e+01, -5.2030609251445924e+01,
       -2.3930252115651207e+01, -4.7258439975613884e+00,
       -5.2470551792509290e-01, -1.3119806596260605e+02,
       -5.6576187728879233e+01, 3.7615970589881883e+01,
       3.1298076884397140e+01, -1.7202129069147151e+01,
       1.8746538403728362e+01, 9.0526419371867883e-01,
       -2.5879039414114953e+01, 7.3604319663408830e+01,
       -5.4792764182248163e+01, -4.6780427787979040e+00,
       -9.5050086943356220e+00, -3.4785469752225517e+00,
       4.8224811801961648e-01, 1.6171136257289145e+01,
       -2.2990758215305445e+02, 9.5101484241172809e+00,
       7.5623839203921946e+01, -1.9820112334945106e+00,
       -2.8995708208440920e+01, -3.1512255199903136e+00 ]
