%YAML:1.0
means: !!opencv-matrix
   rows: 13
   cols: 14
   dt: d
   data: [ -1.8632934986819276e+01, -3.1445028717816137e+00,
       3.8880007894416430e-01, 4.1109221061297516e+00,
       9.5900831748127899e+00, -9.7667303699707144e+00,
       1.7613614626783327e+00, 9.1768946629644654e-01,
       6.0938654363829725e-01, 2.3978939189323828e-01,
       -1.8493545833849222e-02, -3.7587912584234394e-03,
       -1.5774575454398007e-03, -2.4182978349297866e-03,
       8.1819467372754431e+01, 1.5485194398854036e+01,
       -2.4083146966976258e+01, -3.2227021840002507e+01,
       -2.6569732055449396e+01, -1.9677509311399991e+01,
       8.7221553453443135e-01, -2.3429250867212890e+00,
       2.1138598574020229e-01, -4.2356897338896346e-02,
       1.0588154835723601e-01, -5.1853597842854045e-03,
       6.1707264676261002e-04, 2.7283678617644400e-03,
       -1.8507824837070658e+02, 1.3833602785854058e+01,
       3.5539311934772314e+01, -7.2448336867848937e+00,
       -3.6027953244006574e+00, 2.6893907212748287e+00,
       -2.9460328222139887e+00, -6.6235662721066992e+00,
       -2.5659461853597270e+00, 9.8196733336072495e-01,
       -1.3957321280535334e-01, -1.0084913743029252e-01,
       -4.3721878232199415e-03, 1.3366901705828152e-03,
       1.2541702535784016e+02, -3.2060084550785326e+01,
       -3.4579593764252365e+01, 2.4443123872581399e+01,
       -2.8900354673868636e+00, 1.3551367504983872e+01,
       -1.1712670224365661e-01, 1.9170861058354884e+00,
       -9.2947743152743997e-02, -1.4860835304854725e-01,
       1.5348015592251360e-02, -4.6969667545971160e-03,
       1.9309984501326839e-03, -1.6969693786387315e-03,
       5.2622981765567282e+01, 9.4066695811631647e+00,
       -4.9345973783033399e+00, -5.1190854544444813e+00,
       1.6015719683563521e+01, 7.7126855876006961e-01,
       6.0091003058766868e-01, 6.7752266691983432e-01,
       3.0046330481475025e-01, -4.3942989030326389e-02,
       1.5147718848618600e-02, 2.4778601600889776e-02,
       1.0552197899224187e-02, 1.0816402782977285e-02,
       6.0552926317090945e+00, 1.3443616068289393e+02,
       1.7814340450419759e+00, -7.0710242281122703e+01,
       1.2842389269499359e+01, 1.4547542267845014e+01,
       -5.4859110471478145e-01, 2.2299554815253715e+00,
       1.5695640316217516e+00, 3.2375117973247597e-01,
       -1.2815440648162310e-01, 4.1029545487021356e-03,
       -7.2601942763032487e-04, -8.8043142187978478e-04,
       -1.6338387807218865e+02, -1.2375144109753871e+01,
       4.0828264080062226e+01, 1.1796026132452804e+01,
       -5.3288015815589169e+00, 1.3129863676070703e+00,
       1.3017303905809203e+00, 1.1509939640613314e+00,
       3.9701893121512294e-01, -1.2498863116188777e-01,
       -4.6000297971598644e-02, 3.3100203208072179e-03,
       5.0726600515708618e-03, -2.3194753225528777e-03,
       -1.9315707440782882e+02, 8.5624169007638784e+01,
       4.0798907880096792e+01, -4.9073683527485016e+01,
       -2.2874387698198920e+01, 1.1849788927247065e+01,
       -2.8349078521820554e+00, 1.8627268083537809e+00,
       7.0141054364168198e-01, -4.7561576568820658e-02,
       4.6383676289640872e-02, 8.0532765926914374e-03,
       2.5743161785702086e-03, 5.1011617802987986e-03,
       1.6182680303399624e+02, 2.4735762810840516e+01,
       -4.3581367878550353e+01, -3.4810331186514290e+01,
       -9.2216084790744226e+00, 1.3491562593020751e+01,
       5.1720711189389879e-01, -3.6750757568534573e+00,
       -1.7023712070762493e+00, -4.4321625593009290e-01,
       -2.1950985416993091e-01, -1.7482466755360113e-01,
       2.4110927731312575e-03, -3.5373720149010184e-02,
       -1.3692176698946238e+02, -1.0344124619426786e+02,
       2.5452924263827242e+01, 6.6054502619202864e+01,
       -1.6837729003124721e+01, -1.0863506723308050e+00,
       1.0630351084923693e-01, -1.3761804596876919e+00,
       8.0976963926504908e-01, -3.4598505409101027e-01,
       7.1966446270823492e-02, -3.2063196967399886e-03,
       -2.9671958890117394e-03, -1.1012128895855941e-02,
       1.8682574351302225e+01, -9.4300905969650941e+01,
       -4.1349075244294049e+00, 6.1141829313063489e+01,
       -1.4227227135182299e+00, -6.3233039448839556e-01,
       2.0348268783957413e+00, -2.7590862446645859e-01,
       1.1583320395844603e-02, -1.7069464073113952e-01,
       -4.3459923339863697e-02, 2.4512046188250986e-03,
       4.4234738657390749e-03, -4.4283559247462606e-03,
       1.4757314113198262e+02, 4.7944081904802252e+00,
       -4.1729138819663078e+01, -1.1646523850037788e-01,
       -6.1425714680898666e+00, 1.0725080410655012e+01,
       -1.6246697503873597e+00, 8.5074665556983764e-01,
       5.5105570824467076e-01, 8.3372166881799506e-02,
       1.5860153241113473e-01, -3.6394885844813749e-02,
       -1.3084076828765062e-02, -1.9885957349188074e-02,
       1.6425113256399989e+01, 5.6166112279905507e+00,
       5.5309947336440031e+00, -1.5673987278001296e+00,
       1.0882292890323878e+01, -1.6361948827776782e+00,
       -6.5143965484100619e+00, -4.0067749648594013e+00,
       -4.5421795149120880e+00, -1.3210956463007337e-02,
       -1.1118775494664518e-01, 4.2913829311227926e-02,
       -4.0515980286348910e-02, 3.3241060229884521e-03 ]
