%YAML:1.0
means: !!opencv-matrix
   rows: 8
   cols: 18
   dt: d
   data: [ -1.6334599311121639e+02, 1.4716366773095972e+01,
       3.5090694864121993e+01, -1.5133552404997822e+01,
       -1.1752416238484543e+01, 3.2155528773691916e-01,
       2.5085623681853586e-01, 8.0487823207737863e-01,
       -1.0240646025386808e+00, -9.1366434474894287e-02,
       8.2755391569065209e-03, 6.1538048861824240e-03,
       3.2769410549007322e-03, -2.3548994982900595e-03,
       -1.3714933131968763e-03, -6.0637813684692480e-03,
       -1.5715984463975731e-04, -2.6144082813342538e-04,
       2.1234392401286978e+01, -1.1358471388825974e+02,
       8.9952758439150626e-01, 3.8648543113953743e+01,
       -1.2714429723443468e+00, -1.2742025133325699e+01,
       -3.1796266376245169e-01, -9.6121345733135177e-01,
       -2.5129745986454798e-02, -5.5009374934185407e-01,
       -2.1193836128734506e-01, -4.0730465744446297e-02,
       4.6558294358690277e-03, 5.0464445448012022e-03,
       -2.8221720850526610e-02, 6.8633672557626476e-03,
       9.9614809604351654e-04, 2.0014097190008380e-03,
       3.7231513026344800e+01, 3.2608770603798810e+01,
       -7.3665148342402187e+00, -1.9631634135273337e+01,
       2.9586304895249338e+00, -1.1343124301376593e+01,
       -7.0451493678272792e+00, 1.7434670361261289e+00,
       5.9369373266392707e+00, 7.7284495998975766e-01,
       4.8995669122891133e-02, -1.5838081358837259e-02,
       -3.3894503654214217e-02, 1.2010789160401878e-02,
       8.3376007301059485e-03, -1.4226062212672357e-02,
       6.3155190671834553e-03, 1.5658581999620710e-02,
       1.5951326779517231e+02, 2.6193412375488709e+01,
       -4.4679112799962382e+01, 5.5323313316256524e+00,
       -1.1355989428518022e+01, -6.2939262524753765e+00,
       -5.2724404181653683e-01, 1.3387818969172199e-01,
       -8.0425686498402638e-01, -6.7875704983154900e-02,
       6.1656974443775409e-02, -1.6168986294406537e-02,
       -8.3511166881912111e-04, 1.3260752504516235e-02,
       -3.4266954458580585e-02, -9.7744876763419201e-03,
       -5.0839148495483329e-03, -4.4176566285266282e-03,
       4.5137221486328357e+01, -3.8892906281611515e+00,
       -8.2414865272730982e+00, 1.4229232860428306e+01,
       1.1966830078527964e+01, 1.0828458293168831e+01,
       -2.8262817495687358e+00, -5.2440109042846472e-01,
       -8.4337623854671651e-01, -9.7870044323456001e-02,
       6.8281725494848860e-03, -3.4658008271942326e-03,
       9.3170432800744878e-04, -7.3114501078134142e-03,
       1.3563099980497033e-02, 1.3204646979347338e-03,
       6.7366075293129573e-04, -7.6426365601611225e-04,
       -1.6432725228737780e+02, -7.3905847415489930e+01,
       4.1457116293619521e+01, 1.4157139036530008e+01,
       -1.5166146919147813e+01, -9.9248252064623177e+00,
       -3.9135247271001101e+00, -9.4483219833835175e-01,
       1.6243013606771686e+00, 4.2576077078396440e-01,
       -7.8001365594083563e-02, -1.3747278320518972e-02,
       -6.7717640659463200e-03, 8.1657850312993035e-03,
       9.4998657669495036e-03, 1.2617151680972015e-02,
       -4.7796472004299215e-03, 8.1251039878169691e-04,
       4.3381290518650836e+01, -3.0359413115297428e+01,
       -4.1195115136930088e-01, 1.0730631266818142e+01,
       7.2576951303915838e+00, 1.2614913581931668e+00,
       4.6203774794465264e+00, 1.3656802986351324e-01,
       3.5027382096072451e-01, 1.2640896666429802e-01,
       3.0725080418081373e-02, 3.3652751298470104e-02,
       1.8008284591808873e-03, -4.9886152822293372e-03,
       1.0880415559163836e-02, 1.7605177466670811e-03,
       -2.5070635671599708e-04, -1.5905929975075389e-03,
       6.7794044877433564e+00, 1.1463084927996657e+02,
       -1.8612800040798810e+01, -4.9798785288208180e+01,
       -1.2446242533782577e+00, 8.6980638222998519e-01,
       1.6229668044675833e+00, -2.1751825768643174e-01,
       -2.5997784529432771e-01, -2.8777414971227620e-02,
       2.5987100870535434e-02, -1.2358367216085813e-02,
       5.1700945538050418e-03, 3.0395834656362615e-03,
       -4.6860579362248073e-03, 5.7595446771216575e-03,
       2.4116533293232802e-03, -2.5005115446980044e-04 ]
