%YAML:1.0
means: !!opencv-matrix
   rows: 14
   cols: 4
   dt: d
   data: [ 1.4032908439606000e+01, -2.2424099847081109e+00,
       -7.0407053728273667e+01, 5.8817134444745442e+01,
       8.9994711013862911e+01, -1.1285073675898985e+02,
       -3.1940241979983373e+01, -9.8053823391193584e-01,
       7.2890912211283478e+01, 3.6875694381970341e+01,
       -7.9883161044819715e+01, -1.5180901688444925e+01,
       -1.4172672718611776e+02, -9.8235984476528088e+01,
       2.3515236336672164e+01, 5.3265566452047679e+01,
       7.7368063389219614e+01, -1.8892702555456392e+01,
       6.9277767299046303e+01, 4.9330342841104216e+00,
       -1.5939672283850547e+02, 1.1138736457084507e+01,
       6.1599496444121904e+01, -3.3754017889657696e+01,
       -2.5422271862886743e+02, 1.8085599099822868e+01,
       -1.6070587773551768e+01, -2.4001758791624859e+01,
       1.3108660162213891e+02, 6.5875498012744602e+00,
       3.3528432783185198e+00, 5.7026242812510048e+01,
       7.0439911190401276e+01, 1.0614317221269811e+01,
       -3.0120505288814599e+01, -3.5844474426003700e+01,
       1.7267970930907433e+02, 9.7015981784764961e+01,
       7.4683518404268279e+00, 1.4155428173379246e+01,
       1.6418492252708586e+02, -3.5336002371758788e+01,
       2.2392754167031228e+01, -5.4426329037483207e+01,
       -1.5921006243448639e+02, 1.0735146101889354e+02,
       4.1031689500141610e+01, 3.3039079190349021e+01,
       -3.2766629667645716e+01, -5.9677487692177962e+01,
       -7.4856740078395134e+00, -3.4174617979847461e+01,
       -2.1204783845433376e+01, 7.8116958834273447e+01,
       -5.3894184036401960e+00, 1.3453762851779157e+01 ]
covs: !!opencv-matrix
   rows: 56
   cols: 4
   dt: d
   data: [ 4.3626289511597915e+03, 2.1242637370937946e+03,
       -8.3167375823368673e+01, -7.9008326191646836e+02,
       2.1242637370937946e+03, 4.5749068815793298e+03,
       -2.5692414273642669e+02, 9.3115250083726281e+01,
       -8.3167375823368658e+01, -2.5692414273642669e+02,
       8.1912080376488461e+02, 1.2566284361654341e+02,
       -7.9008326191646836e+02, 9.3115250083726266e+01,
       1.2566284361654341e+02, 1.1002633534470260e+03,
       6.2538867268182321e+03, 1.5603170551469336e+03,
       1.9834658323027404e+03, -9.8518055641935382e+02,
       1.5603170551469336e+03, 3.6546864970599486e+03,
       -2.4455713152931216e+02, -5.4523006082976258e+02,
       1.9834658323027404e+03, -2.4455713152931222e+02,
       2.2576555383245964e+03, 3.2103232243450219e+02,
       -9.8518055641935382e+02, -5.4523006082976258e+02,
       3.2103232243450208e+02, 1.0455843682506106e+03,
       2.6394497974364435e+03, -2.9452989573697920e+02,
       5.4295221607171902e+02, 2.3706515249856082e+02,
       -2.9452989573697926e+02, 5.5132017975988329e+03,
       1.4559701664610361e+02, 1.9363179954559153e+03,
       5.4295221607171891e+02, 1.4559701664610361e+02,
       9.1055554989782956e+02, -8.1404143222726290e+01,
       2.3706515249856088e+02, 1.9363179954559153e+03,
       -8.1404143222726290e+01, 1.3389413809009861e+03,
       4.6537933166202984e+03, 6.7198476638320176e+02,
       2.7856528074630228e+03, 1.9474421995151399e+01,
       6.7198476638320176e+02, 5.9774084537133194e+03,
       -6.3669656234046322e+01, 1.8278026739270260e+03,
       2.7856528074630228e+03, -6.3669656234046300e+01,
       2.2431684930084671e+03, -1.4525710386310186e+02,
       1.9474421995151395e+01, 1.8278026739270263e+03,
       -1.4525710386310180e+02, 1.1917585781649434e+03,
       8.4915918579583322e+03, 1.0224888878954439e+03,
       -1.7216937152222622e+03, -2.2955264670198332e+02,
       1.0224888878954437e+03, 9.8484141195976299e+03,
       4.6042861969930065e+01, -3.5562682465821774e+02,
       -1.7216937152222615e+03, 4.6042861969930065e+01,
       6.6553274373779902e+02, 2.9155214016077263e+01,
       -2.2955264670198341e+02, -3.5562682465821786e+02,
       2.9155214016077277e+01, 2.1534971846720837e+03,
       3.4385339917149172e+03, 3.5173662947532739e+02,
       1.3262804595386326e+03, -6.2040300799022212e+01,
       3.5173662947532750e+02, 6.8902028797235216e+03,
       1.7757920610866321e+02, 1.5754792534640848e+02,
       1.3262804595386326e+03, 1.7757920610866327e+02,
       1.2575336652301469e+03, -3.2522664392454907e+01,
       -6.2040300799022198e+01, 1.5754792534640853e+02,
       -3.2522664392454892e+01, 1.5605238541775668e+03,
       2.9718853282985633e+03, 1.4895213072150915e+01,
       2.7907130828914285e+02, 2.4086529534091167e+02,
       1.4895213072150938e+01, 8.2327447994443919e+03,
       4.6462538297980501e+01, 3.3215997916726444e+01,
       2.7907130828914285e+02, 4.6462538297980501e+01,
       3.7168869065101251e+02, 2.5036135497457249e+01,
       2.4086529534091173e+02, 3.3215997916726444e+01,
       2.5036135497457238e+01, 1.9374914936110260e+03,
       4.2072771455387065e+03, 1.4722795054822459e+03,
       4.2525955303387366e+02, -9.3620461583776353e+02,
       1.4722795054822459e+03, 3.2859818338748601e+03,
       -3.5168295648494654e+02, -1.7784070815344091e+02,
       4.2525955303387371e+02, -3.5168295648494654e+02,
       1.0685509805256549e+03, 3.1443216845523648e+02,
       -9.3620461583776353e+02, -1.7784070815344086e+02,
       3.1443216845523654e+02, 1.2531547923439048e+03,
       3.4569603793951487e+03, 1.4775708610060195e+02,
       2.6012465143634240e+03, 1.4960245727974075e+02,
       1.4775708610060195e+02, 5.1882231761343155e+03,
       1.0298283852361061e+02, 2.2406302969695494e+03,
       2.6012465143634240e+03, 1.0298283852361060e+02,
       2.1546206339070641e+03, 8.1574838193776969e+01,
       1.4960245727974080e+02, 2.2406302969695494e+03,
       8.1574838193776969e+01, 1.0484877970376976e+03,
       2.8904853281955025e+03, -4.5016386211912157e+02,
       3.8565784783664827e+02, 3.4442321247149846e+02,
       -4.5016386211912157e+02, 1.6284188552229027e+03,
       2.6766159098611563e+01, 1.2129584325720866e+02,
       3.8565784783664833e+02, 2.6766159098611588e+01,
       9.4307501832823482e+02, -9.2631248180558146e+01,
       3.4442321247149846e+02, 1.2129584325720863e+02,
       -9.2631248180558146e+01, 5.7783858775933800e+02,
       3.3656451063367367e+03, -5.8112976461504263e+02,
       -3.0356376614041091e+02, 4.8519508747770584e+02,
       -5.8112976461504263e+02, 2.5273228838237933e+03,
       5.4201687973460217e+01, 6.5251526413967338e+02,
       -3.0356376614041085e+02, 5.4201687973460203e+01,
       7.8481437344610106e+02, -1.5805842276508787e+02,
       4.8519508747770584e+02, 6.5251526413967338e+02,
       -1.5805842276508790e+02, 6.0391401571081303e+02,
       6.0073043098696971e+03, -1.1059771673298121e+03,
       2.4729818556284986e+03, 3.1575300021338819e+02,
       -1.1059771673298121e+03, 4.8621758151487202e+03,
       5.5746829367391904e+01, -2.3135843360585209e+03,
       2.4729818556284986e+03, 5.5746829367391918e+01,
       2.0857444860714063e+03, -1.0032466437149415e+02,
       3.1575300021338819e+02, -2.3135843360585209e+03,
       -1.0032466437149409e+02, 1.6617991956488952e+03,
       5.4697772011785983e+03, 1.2813438218824247e+03,
       1.7583811590353503e+03, -6.2331833351741454e+02,
       1.2813438218824249e+03, 6.4715971732612416e+03,
       -7.0801031475164621e+01, -2.3533311042348510e+03,
       1.7583811590353503e+03, -7.0801031475164592e+01,
       1.9045761075756143e+03, 3.8598821453438803e+00,
       -6.2331833351741432e+02, -2.3533311042348510e+03,
       3.8598821453438759e+00, 2.0541870962412777e+03,
       5.1797636972777709e+03, 1.2173896503290650e+03,
       1.8406817260579428e+03, -5.1413119938204591e+02,
       1.2173896503290650e+03, 6.6213237455951312e+03,
       -3.3898600430484441e+02, -1.8456147779204146e+03,
       1.8406817260579428e+03, -3.3898600430484424e+02,
       1.8209154789655383e+03, 1.7717839800070703e+02,
       -5.1413119938204602e+02, -1.8456147779204146e+03,
       1.7717839800070698e+02, 2.1102295436934896e+03 ]
