%YAML:1.0
means: !!opencv-matrix
   rows: 29
   cols: 3
   dt: d
   data: [ 1.4642699150050160e+02, 1.3404534111952788e+02,
       3.3166942348105245e+01, -1.0372655267036754e+02,
       4.3083956664013684e+01, -3.6248717821175177e+01,
       8.1114271854399675e+01, -1.3373984034268838e+02,
       6.2346160304955383e+01, -1.2500359439403137e+02,
       -2.3157449464099770e+01, 3.8638104910521292e+01,
       1.6103311009525168e+01, 9.4885038271642816e+00,
       -7.0394711884542318e+01, 1.4277740500372346e+02,
       -3.3119187214181389e+00, 1.9921959764303868e+01,
       -2.6129558004423387e+02, -1.1498512417505059e+02,
       -8.5963532325747227e+00, -4.3633957915746144e+01,
       -2.1802622816001266e+02, -2.2268439339026134e+01,
       -1.3257532423080471e+01, -1.0300682493922899e+02,
       -1.2209872824653370e+01, 9.3077026197606372e+01,
       6.2594705396483775e+01, -3.8231316015854659e+01,
       -3.1481372414531506e+01, 7.2687060010531781e+01,
       9.0015974113781922e+01, 1.4669391832404301e+02,
       -1.2002932520711296e+02, -8.6093144825471049e-02,
       -1.6569867562078417e+02, -7.1926857947934153e+01,
       6.4315303905108451e+01, -2.3934597912348153e+02,
       -2.3905124279936128e+01, -1.6314290607672781e+01,
       7.1670351298312113e+01, 5.9586063660123038e+01,
       6.0312190353519718e+01, -7.5712256491043473e-01,
       1.8046559335786242e+02, -4.4327424897896300e+01,
       4.2364284135202524e+01, -1.0596092812515512e+02,
       -7.4761180504372405e+01, -2.1423866678902783e+02,
       5.9967484451784799e+01, -2.1967855170243826e+01,
       2.3418400740977475e+02, 1.8592995968013312e+01,
       3.0682357326636243e+01, -1.0509630613214621e+02,
       1.7065330914707744e+02, -6.1860902591620544e+01,
       -4.4500221460865724e+01, 1.1003223147415150e+02,
       -3.5373156423918935e+01, -7.9506938858393838e+01,
       -4.2956498827494755e+01, -5.2299542244490972e+01,
       -7.1815234752607395e+00, 1.8826326504724932e+01,
       9.5387139570993842e+00, 1.1261111196905969e+02,
       -3.8969358805051343e+01, -7.6761303940229951e+01,
       -1.4409330299526761e+02, 1.4093379665260062e+02,
       2.1082840321114890e+01, 8.0099709291245816e+01,
       -5.1729432906476426e+01, 4.4339439194150685e+01,
       2.1826556457404624e+02, -1.8879520636192328e+01,
       -1.9259802321345422e+01, 3.9536583391359528e+01,
       1.6774158436761425e+02, 2.0746387712841127e+01,
       -4.9341951793831527e+01, -5.3565761486649947e+01,
       8.3442363978910123e+01 ]
covs: !!opencv-matrix
   rows: 87
   cols: 3
   dt: d
   data: [ 3.1475969622149910e+03, -1.2023380290383886e+03,
       -1.0529586163630138e+03, -1.2023380290383889e+03,
       4.4637504033440482e+03, 9.1264761112374333e+02,
       -1.0529586163630138e+03, 9.1264761112374333e+02,
       9.8774618666073502e+02, 3.9229717084214199e+03,
       -7.1911707314267929e+01, -3.1577134508820222e+02,
       -7.1911707314267872e+01, 1.9579762455202595e+03,
       -1.4303780311403668e+02, -3.1577134508820217e+02,
       -1.4303780311403662e+02, 1.3677574405155276e+03,
       1.6839155135210012e+03, -1.1084904695340342e+03,
       2.3508363574138610e+02, -1.1084904695340342e+03,
       9.0710371737448131e+03, 8.0007938542847683e+02,
       2.3508363574138610e+02, 8.0007938542847683e+02,
       5.9008707776542610e+02, 1.7881648194767611e+03,
       -6.3213390987799994e+02, 4.0421125014302049e+02,
       -6.3213390987799994e+02, 6.2919714280625840e+03,
       1.1395399431027897e+03, 4.0421125014302049e+02,
       1.1395399431027899e+03, 1.6789980739524749e+03,
       1.4273536720540578e+03, -2.8962212788813105e+02,
       3.8955633188550604e+02, -2.8962212788813099e+02,
       2.8851449922353950e+03, -2.5604114354013961e+02,
       3.8955633188550604e+02, -2.5604114354013961e+02,
       9.7684349313334360e+02, 1.5510212961010509e+03,
       -4.1819793884801805e+02, 6.6187788586300451e+02,
       -4.1819793884801805e+02, 3.8471812318185089e+03,
       2.7091105724252697e+02, 6.6187788586300451e+02,
       2.7091105724252702e+02, 7.7176507522282463e+02,
       2.3521871758111934e+03, -1.0874448921293440e+03,
       5.5057438125937824e+02, -1.0874448921293440e+03,
       5.9937648347704881e+03, 2.9072570317632528e+02,
       5.5057438125937813e+02, 2.9072570317632528e+02,
       5.3948460005109121e+02, 3.0031177148492393e+03,
       -1.7846141518893573e+03, 1.1349417538346593e+03,
       -1.7846141518893573e+03, 7.2989689173288216e+03,
       7.7288880686736275e+02, 1.1349417538346593e+03,
       7.7288880686736275e+02, 1.2228520509402938e+03,
       2.2678367221617600e+03, -7.3939149233295177e+02,
       1.0311985496496993e+03, -7.3939149233295188e+02,
       4.4671784323465727e+03, 1.6160219096884981e+02,
       1.0311985496496993e+03, 1.6160219096884984e+02,
       1.2172868111028502e+03, 3.1429372110648978e+03,
       3.1255298638129966e+02, 5.4015763225881483e+02,
       3.1255298638129966e+02, 3.1867905541053365e+03,
       -3.3601787438156657e+02, 5.4015763225881483e+02,
       -3.3601787438156651e+02, 1.7656617504455835e+03,
       2.8118137667206870e+03, -1.2293343811437608e+03,
       -1.1977579793204997e+02, -1.2293343811437608e+03,
       5.8035521194265211e+03, 8.4337028642784730e+00,
       -1.1977579793204993e+02, 8.4337028642784837e+00,
       5.6118015412400450e+02, 2.1225383295955498e+03,
       -2.6731000665390422e+02, 6.8973621382375177e+02,
       -2.6731000665390417e+02, 2.1331298713205310e+03,
       -1.7741741659243391e+02, 6.8973621382375177e+02,
       -1.7741741659243397e+02, 9.2325750796524528e+02,
       3.3891427522852364e+03, -2.1536245224589597e+03,
       1.4522332157992923e+03, -2.1536245224589597e+03,
       9.0371310187079362e+03, 1.5434861208456712e+02,
       1.4522332157992923e+03, 1.5434861208456715e+02,
       1.2327627562864441e+03, 3.4668978051832732e+03,
       -2.2625610261756101e+03, -1.2838812597303317e+02,
       -2.2625610261756101e+03, 5.5774731445520019e+03,
       6.4230667960928781e+02, -1.2838812597303314e+02,
       6.4230667960928781e+02, 6.5836111165096736e+02,
       1.4478583844282578e+03, -1.9044818312720102e+02,
       4.1823386149963278e+02, -1.9044818312720108e+02,
       3.9395295063231324e+03, -3.5759952019327977e+02,
       4.1823386149963278e+02, -3.5759952019327977e+02,
       7.4167701416280727e+02, 3.6714571294434022e+03,
       -5.5721270298207446e+02, -3.6668250053264870e+01,
       -5.5721270298207446e+02, 3.5080761354362558e+03,
       7.9144673156137685e+02, -3.6668250053264885e+01,
       7.9144673156137685e+02, 1.2661533325761191e+03,
       1.4095435351601741e+03, -3.1628296436906544e+02,
       6.6084783268505419e+02, -3.1628296436906544e+02,
       2.5416760767840083e+03, 4.5331069737150088e+01,
       6.6084783268505419e+02, 4.5331069737150116e+01,
       8.6868666090582508e+02, 2.3373271049745313e+03,
       -1.1884820666588382e+03, -2.5845033100787404e+01,
       -1.1884820666588382e+03, 5.3195856070067694e+03,
       -2.1834910197330225e+02, -2.5845033100787393e+01,
       -2.1834910197330231e+02, 1.2352856578929106e+03,
       2.8095276219685866e+03, -1.1018661887523260e+02,
       -5.1260587460731563e+02, -1.1018661887523263e+02,
       8.7090600508792795e+03, 5.5465079547511527e+02,
       -5.1260587460731563e+02, 5.5465079547511539e+02,
       4.1646982616628588e+02, 7.0532771384232674e+03,
       -6.3190285178073839e+02, -1.4725389163183088e+03,
       -6.3190285178073816e+02, 3.7475957765745397e+03,
       -1.6010392480588436e+02, -1.4725389163183086e+03,
       -1.6010392480588447e+02, 7.8026940883403904e+02,
       2.5488053745377092e+03, 4.2126820965679769e+01,
       5.1254170817374552e+02, 4.2126820965679769e+01,
       2.3164003198872938e+03, 8.8107776477202762e+01,
       5.1254170817374552e+02, 8.8107776477202762e+01,
       1.3085607074950299e+03, 1.4645141066247782e+03,
       2.7439831710638958e+02, -1.0427994523852782e+01,
       2.7439831710638958e+02, 5.0908655709807326e+03,
