%YAML:1.0
means: !!opencv-matrix
   rows: 12
   cols: 5
   dt: d
   data: [ 1.1524485076178408e+02, -7.4868844893793906e+01,
       -4.0225103503262936e+01, -2.8345741064443811e+01,
       3.5360550307979460e-01, -8.4601066426532853e+01,
       2.7980612023264310e+01, 1.0368190970715071e+02,
       -1.6708093718649192e+01, -1.1058655968185152e+01,
       9.0307219683991647e+01, 2.2827236877372769e+01,
       5.0273251414165536e+01, -1.0671779293824118e+01,
       1.9526720567760567e+01, -8.4143404120339937e+01,
       -3.1192719572320208e+01, 2.1430884254930167e+01,
       4.9243153078991163e+01, 7.1372611249264200e+00,
       -1.3808513899528825e+02, 5.2379059111127937e+01,
       2.7224057187307082e+01, -3.5852033982968827e+01,
       -5.8250812440319999e+00, -9.6342069509939989e+01,
       -1.7050010371861180e+02, 1.7931803227441375e+01,
       1.8230939275107364e+01, 2.9468205010121901e-01,
       1.6224284326521911e+02, -2.5023550006504969e+01,
       1.6660887522360323e+01, 3.2794845398186915e+01,
       -8.2575603972226226e+00, 9.9644401287607650e+01,
       3.4324380759983789e+01, -3.6782938564574387e+01,
       -2.1190880675804728e+01, -1.5674544673136419e+01,
       -2.9267824228932081e+01, 4.2744246780342415e+01,
       -2.7338698051990384e+01, -1.8456830764903518e+01,
       2.0958938400059136e+01, 8.3543351023381518e+01,
       1.5922286917842269e+01, -2.2136905289361298e+01,
       -3.2323545709099335e+01, -2.6315573079112443e+01,
       -2.1915780754553586e+02, 2.7698137291356716e+01,
       2.9858902993965177e+01, -8.7927062551677810e+00,
       -1.0091760794693831e+01, 4.4249099047928176e+01,
       -1.9249119597482782e+01, -6.6945208275705284e+01,
       3.8878056108395086e+01, -4.4088598168621349e+00 ]
covs: !!opencv-matrix
   rows: 60
   cols: 5
   dt: d
   data: [ 5.2359222583928931e+03, 1.0560862066103288e+01,
       2.4323686108334850e+03, -4.8855625053179415e+02,
       -3.7482581964740507e+02, 1.0560862066103294e+01,
       3.6145544174625406e+03, -1.4762755024421043e+02,
       -3.9836442306686894e+02, -5.9256139234902690e+01,
       2.4323686108334846e+03, -1.4762755024421037e+02,
       2.3685285921123573e+03, 1.1497101696459757e+02,
       -4.1956252277904227e+01, -4.8855625053179415e+02,
       -3.9836442306686894e+02, 1.1497101696459760e+02,
       9.9193346800849190e+02, 9.2916540440456046e+01,
       -3.7482581964740507e+02, -5.9256139234902690e+01,
       -4.1956252277904227e+01, 9.2916540440456046e+01,
       7.2246474552071533e+01, 2.6606182704311391e+03,
       -1.2088523978499460e+02, -1.6478640202549306e+02,
       3.8936252637772691e+02, 3.8912316119189194e+02,
       -1.2088523978499479e+02, 9.3913347445463623e+03,
       -3.1016884874456455e+01, 5.6713514964248634e+02,
       -5.4709504041370155e+02, -1.6478640202549309e+02,
       -3.1016884874456455e+01, 2.6757098552932979e+02,
       6.7910993667622648e+01, -2.4538074421825367e+01,
       3.8936252637772702e+02, 5.6713514964248634e+02,
       6.7910993667622648e+01, 2.0011941307527256e+03,
       2.4649985025453006e+02, 3.8912316119189194e+02,
       -5.4709504041370155e+02, -2.4538074421825360e+01,
       2.4649985025453006e+02, 1.7371287311580045e+02,
       2.4273415652458953e+03, 7.6353476829641465e+02,
       1.1282551877255642e+02, 5.9455575652926896e+01,
       -2.8833093503703503e+02, 7.6353476829641465e+02,
       9.0659429711046505e+03, -2.2289506713863540e+02,
       1.8017768865452595e+02, 6.5605658064651109e+01,
       1.1282551877255642e+02, -2.2289506713863537e+02,
       7.3298946153418603e+02, -2.6484694772885060e+01,
       1.0501947122506849e+02, 5.9455575652926896e+01,
       1.8017768865452595e+02, -2.6484694772885049e+01,
       2.4641565938196500e+03, -1.7526756268442722e+02,
       -2.8833093503703503e+02, 6.5605658064651109e+01,
       1.0501947122506846e+02, -1.7526756268442728e+02,
       2.1271969566958617e+02, 7.0191322952381242e+03,
       9.8374361307080142e+02, 2.3995466923397948e+03,
       -6.6600885078115198e+02, 8.1817262044754625e+02,
       9.8374361307080176e+02, 5.1095114045642567e+03,
       -2.1296635248436408e+02, 7.5486686556097220e+02,
       4.2743963625006461e+02, 2.3995466923397953e+03,
       -2.1296635248436411e+02, 2.3547795793586911e+03,
       9.3401762447645780e+01, -2.1905512176700219e+02,
       -6.6600885078115198e+02, 7.5486686556097220e+02,
       9.3401762447645794e+01, 1.7411603221461578e+03,
       -5.2177613451694060e+02, 8.1817262044754625e+02,
       4.2743963625006450e+02, -2.1905512176700219e+02,
       -5.2177613451694060e+02, 4.3130281379831541e+02,
       6.4157160271412840e+03, -1.3422423942004466e+03,
       2.8034052299119849e+03, 1.0271082600948432e+03,
       9.2300296406495522e+02, -1.3422423942004466e+03,
       7.5795162239527453e+03, -2.0214524051871985e+02,
       1.5920372449355252e+03, -8.0147945031784593e+02,
       2.8034052299119849e+03, -2.0214524051871985e+02,
       2.1217764936964641e+03, 5.6443801971759790e+01,
       7.3867368385390524e+00, 1.0271082600948430e+03,
       1.5920372449355252e+03, 5.6443801971759790e+01,
       1.4916809844279969e+03, 3.9947180592185299e+02,
       9.2300296406495522e+02, -8.0147945031784593e+02,
       7.3867368385390524e+00, 3.9947180592185310e+02,
       4.5703810232595862e+02, 8.3970488298705859e+03,
       2.3806211408574771e+02, 2.4267223086096014e+03,
       -1.6461690734663671e+02, 6.0266293938270053e+02,
       2.3806211408574771e+02, 2.0831785792708565e+03,
       -8.8337227690342047e+01, -6.2642484333214746e+01,
       1.2969078427556300e+02, 2.4267223086096014e+03,
       -8.8337227690342047e+01, 2.6108166822560179e+03,
       -7.8369324526193026e+01, -1.7684709106851909e+02,
       -1.6461690734663676e+02, -6.2642484333214746e+01,
       -7.8369324526192997e+01, 3.9927247821501237e+02,
       -1.3672955234530281e+02, 6.0266293938270053e+02,
       1.2969078427556300e+02, -1.7684709106851912e+02,
       -1.3672955234530281e+02, 2.4418660285133166e+02,
       4.5543088968006114e+03, 2.7932422368476887e+03,
       5.5822102438370436e+01, -1.1625753992123753e+03,
       -2.6671009254363202e+01, 2.7932422368476887e+03,
       8.6253990200881617e+03, -6.7192276271954177e+02,
       5.0125555127828602e+02, -2.7358432632066521e+01,
       5.5822102438370443e+01, -6.7192276271954165e+02,
       8.0388844074722147e+02, 2.1510886357471989e+02,
       -2.0964456705787381e+01, -1.1625753992123755e+03,
       5.0125555127828574e+02, 2.1510886357471995e+02,
       1.7338238586140903e+03, -1.4965431140317074e+01,
       -2.6671009254363199e+01, -2.7358432632066521e+01,
       -2.0964456705787377e+01, -1.4965431140317074e+01,
       2.9628063837863913e+01, 5.5224580696582134e+03,
       1.3975665313805663e+02, 2.1930085084816724e+03,
       8.1182501321979703e+02, 2.4500332529438231e+02,
       1.3975665313805658e+02, 5.7900700340044059e+03,
       -5.1787767039222157e+00, 2.1035138655273281e+03,
       1.1830080810463625e+02, 2.1930085084816728e+03,
       -5.1787767039222334e+00, 2.4243252067191656e+03,
       -1.1474406295658119e+02, -1.5489340757386412e+02,
       8.1182501321979703e+02, 2.1035138655273281e+03,
       -1.1474406295658123e+02, 1.2865545251698477e+03,
       6.3931976019119816e+01, 2.4500332529438228e+02,
       1.1830080810463625e+02, -1.5489340757386412e+02,
       6.3931976019119801e+01, 1.7046539059291945e+02,
       3.6005762568705095e+03, 8.6796871197892870e+02,
       1.0642920716672711e+03, -6.6222018792448223e+00,
       -2.0851744419201256e+02, 8.6796871197892870e+02,
       9.6310961939220724e+03, 1.1835930234464908e+02,
       4.0071933632681059e+01, -1.4107773252707898e+02,
       1.0642920716672711e+03, 1.1835930234464905e+02,
       1.3688371086360971e+03, -1.8446823256249382e+02,
       -7.5390164238663786e+01, -6.6222018792447974e+00,
       4.0071933632681073e+01, -1.8446823256249382e+02,
       2.5814642772840143e+03, 1.4387507280157141e+01,
       -2.0851744419201256e+02, -1.4107773252707906e+02,
