%YAML:1.0
means: !!opencv-matrix
   rows: 6
   cols: 14
   dt: d
   data: [ -1.9499359731263360e+02, 7.1608421626090660e+01,
       4.0771115078866046e+01, -4.0633734105871191e+01,
       -1.8739665373852709e+01, 8.2479771663137154e+00,
       -2.6603167893023412e+00, 3.2686601210455790e-01,
       1.2017974410495555e-01, 1.7891005838076121e-01,
       1.3228822763723419e-02, -3.9682485218633552e-03,
       1.4972279028670689e-03, 5.8437524340631663e-03,
       8.1735662584084409e+01, 1.5363682267353038e+01,
       -2.4106178229626810e+01, -3.2231853647828380e+01,
       -2.6508296132671735e+01, -1.9640931534384460e+01,
       8.8884267132075423e-01, -2.3240927718824986e+00,
       2.0846195338239154e-01, -4.1206335184144446e-02,
       1.0555791596857972e-01, -4.7364566787956421e-03,
       7.2718286936167829e-04, 2.9008117466245878e-03,
       5.1081044027663992e+01, 8.1348178264600932e+00,
       -6.7072404966820223e+00, -9.0963847560191180e+00,
       6.2741784109814098e+00, 1.9898925992249892e+00,
       -5.3093438838095155e+00, -3.6460433471523035e+00,
       -4.0701612454805014e+00, -1.3323171532066941e-01,
       -1.2713151503045134e-01, -6.5680118907227988e-03,
       -3.2245477847814119e-02, -4.5796017126364733e-03,
       -3.9044026549519813e+01, 2.5742438742434160e+01,
       7.8102755414589451e+00, -1.3821003894889643e+01,
       3.9856245513875850e+00, -4.6451322259497863e+00,
       1.6725397947932905e+00, 1.4745116225344885e+00,
       7.0039694322174151e-01, 1.4302170638876305e-01,
       -1.1218206577363359e-01, 9.3160486902519983e-03,
       4.6666139992083565e-06, 9.6750686427547837e-07,
       6.3083219069144803e+01, -1.5978692451338810e+01,
       -1.2626819320163097e+01, 1.2969201835074863e+01,
       8.8233404829795212e+00, 3.5053502917162906e+00,
       5.0895905044048018e-01, 6.3560719719914216e-01,
       2.8688738095203936e-01, -3.6918214892218235e-02,
       3.6444779429039349e-02, 4.2301037236350389e-03,
       4.6100677265116571e-03, 7.8732557015548182e-04,
       -1.6143442160775726e+02, -6.3497434866773915e+01,
       3.5499780874664516e+01, 4.2619129932903981e+01,
       -1.0699394820922803e+01, 1.9572445861738030e+00,
       2.5619917823240240e-01, -1.0176562352571914e+00,
       1.9771718641668778e-01, -1.1870438046458660e-01,
       2.3980808995414427e-02, -2.4447343433760153e-02,
       1.3741218678869384e-03, -8.5492095920951840e-03 ]
covs: !!opencv-matrix
   rows: 84
   cols: 14
   dt: d
   data: [ 5.6320378362325437e+03, 3.7835410750394163e+02,
       3.1322290823283411e+03, 4.4296324038761936e+00,
       -8.9800997421308168e+01, -1.7448317834458584e+02,
       6.4276673441348422e+01, -3.8060226130509022e+01,
       -2.3617915372643445e+01, 7.7663735179313367e+00,
       2.4120435436311183e-01, 3.9521851618490078e-01,
       -1.5180754129214222e-01, 1.2497547003138625e-01,
       3.7835410750394163e+02, 7.2740499203222989e+03,
       -8.9544404746186160e+01, 1.7632623643193726e+03,
       -2.7543204222821993e+02, 3.8414843665939162e+02,
       -8.0820290213147459e+01, 3.0105850728801244e+01,
       8.5633357884281409e+00, 5.5285187175992700e-01,
       1.3385002444495517e+00, 2.4895983936508936e-01,
       -1.0763180015699562e-01, 3.7662134655480923e-03,
       3.1322290823283411e+03, -8.9544404746186217e+01,
       2.4442743402028736e+03, 6.8474756408650563e+01,
       -2.5473946958517221e+01, 7.4598395542994652e+01,
       -1.6647634842324194e+01, 1.7359814118915470e+01,
       8.4956033126328627e+00, -2.3161660623901525e+00,
       2.0600876437218987e-01, 6.0831544152413599e-03,
       -1.8227752683688130e-02, 3.6694150454731941e-02,
       4.4296324038761927e+00, 1.7632623643193726e+03,
       6.8474756408650507e+01, 1.4108176184072818e+03,
       1.1066998218058237e+02, -1.5026121343488882e+02,
       3.2472320217632593e+01, -2.3230030889074836e+01,
       2.9004078304770458e+00, 7.5761414353526846e-01,
       -9.0512922998785439e-01, -4.1931544892502504e-01,
       1.4290804777010566e-01, 3.6341533599187077e-02,
       -8.9800997421308153e+01, -2.7543204222821993e+02,
       -2.5473946958517232e+01, 1.1066998218058237e+02,
       1.0762694873777203e+02, -4.3189487760499247e+01,
       1.2502877645432214e+01, -2.0389942341057456e+01,
       -3.6778705454173362e+00, 2.6792657100889361e+00,
       -7.8682188907739425e-01, -1.9609200136573426e-01,
       3.7514207471765988e-02, 4.4813468200515039e-03,
       -1.7448317834458584e+02, 3.8414843665939168e+02,
       7.4598395542994652e+01, -1.5026121343488879e+02,
       -4.3189487760499247e+01, 3.1449988578012267e+02,
       -1.0048864349462376e+01, 2.3382986751166378e+01,
       9.8504091856915998e+00, -4.8401304310032423e+00,
       6.7149810898800921e-01, 2.2789963849666370e-01,
       -7.4357546181628704e-04, -2.4795533073189744e-02,
       6.4276673441348422e+01, -8.0820290213147459e+01,
       -1.6647634842324191e+01, 3.2472320217632593e+01,
       1.2502877645432214e+01, -1.0048864349462376e+01,
       3.3239832293195356e+01, -4.0195852044456870e-01,
       -7.3778485493842139e-01, -9.5247894907594180e-02,
       -3.1702126007184542e-02, -8.0993682989038349e-03,
       -9.3542145287154911e-03, -9.8014262409948528e-03,
       -3.8060226130509029e+01, 3.0105850728801258e+01,
       1.7359814118915470e+01, -2.3230030889074836e+01,
       -2.0389942341057459e+01, 2.3382986751166378e+01,
       -4.0195852044456870e-01, 2.4453621165429684e+01,
       3.0638782642918549e+00, -1.1218293991776596e+00,
       1.4489103302490991e-01, 1.5788723099848592e-02,
       8.4433359504226951e-03, -9.2655298402084998e-03,
       -2.3617915372643452e+01, 8.5633357884281427e+00,
       8.4956033126328627e+00, 2.9004078304770453e+00,
       -3.6778705454173362e+00, 9.8504091856915998e+00,
       -7.3778485493842161e-01, 3.0638782642918549e+00,
       4.0200562510870963e+00, -7.9503284156336984e-01,
       2.8760019305507572e-02, 1.4704084152378014e-02,
       -3.3822903605099357e-03, -1.0139892242826109e-02,
       7.7663735179313367e+00, 5.5285187175992689e-01,
       -2.3161660623901508e+00, 7.5761414353526790e-01,
       2.6792657100889383e+00, -4.8401304310032423e+00,
       -9.5247894907594138e-02, -1.1218293991776593e+00,
       -7.9503284156336984e-01, 9.0040122680530199e-01,
       -5.5387167280102199e-02, -4.2907417160845595e-03,
       -6.6719066232450467e-03, -7.1619264497254113e-03,
       2.4120435436311166e-01, 1.3385002444495522e+00,
       2.0600876437218990e-01, -9.0512922998785417e-01,
       -7.8682188907739425e-01, 6.7149810898800899e-01,
       -3.1702126007184542e-02, 1.4489103302490991e-01,
       2.8760019305507568e-02, -5.5387167280102206e-02,
       1.6033460848707683e-02, 3.8051904191961235e-03,
       -6.4344483933986797e-04, 5.5326191976621077e-04,
       3.9521851618490078e-01, 2.4895983936508947e-01,
       6.0831544152413911e-03, -4.1931544892502504e-01,
       -1.9609200136573426e-01, 2.2789963849666370e-01,
       -8.0993682989038331e-03, 1.5788723099848578e-02,
       1.4704084152378017e-02, -4.2907417160845595e-03,
       3.8051904191961235e-03, 3.5671805995908298e-03,
       3.6303892807367237e-04, -2.6186580443752778e-04,
       -1.5180754129214216e-01, -1.0763180015699560e-01,
       -1.8227752683688113e-02, 1.4290804777010571e-01,
       3.7514207471766002e-02, -7.4357546181629171e-04,
       -9.3542145287154911e-03, 8.4433359504226934e-03,
       -3.3822903605099366e-03, -6.6719066232450467e-03,
       -6.4344483933986808e-04, 3.6303892807367237e-04,
       2.3899655538314958e-03, -7.1672009747052118e-06,
       1.2497547003138630e-01, 3.7662134655481075e-03,
       3.6694150454731941e-02, 3.6341533599187077e-02,
       4.4813468200515056e-03, -2.4795533073189751e-02,
       -9.8014262409948476e-03, -9.2655298402084963e-03,
       -1.0139892242826109e-02, -7.1619264497254104e-03,
       5.5326191976621077e-04, -2.6186580443752789e-04,
       -7.1672009747052194e-06, 1.9720226756774822e-03,
