%YAML:1.0
means: !!opencv-matrix
   rows: 5
   cols: 13
   dt: d
   data: [ 6.5275804658115291e+01, -1.3201417392469741e+01,
       -1.0172206300317091e+01, 1.2546634517476440e+01,
       6.1051982239799489e+00, 3.8010345069703209e+00,
       7.8542950382721788e-01, -1.7675365831360096e-01,
       -3.2010373695362537e-01, 1.9316743478168870e-02,
       2.6556478249465075e-02, 1.0054315401168468e-02,
       1.7553483518839635e-03, -1.7243756008237824e+02,
       -3.3524929037599698e+01, 4.1586614713393310e+01,
       1.6593382455757983e+00, -1.2458280618467723e+01,
       -2.5528900644939001e+00, -1.1195405777586787e+00,
       5.0552173279956192e-01, -3.5611555947840412e-01,
       1.1300041788655046e-01, -3.5514585785269309e-02,
       9.1930138048318042e-04, 5.8613152468448080e-04,
       1.8127186610747238e+01, -8.0766454973380633e+01,
       -5.8551207096733755e+00, 2.5382107586440444e+01,
       -1.5598504683934344e+00, -1.4206206236359764e+01,
       -1.4528715115528106e+00, 8.9757149652081147e-02,
       9.9958918593993118e-01, -4.1904689375507870e-01,
       -1.2363341433980200e-01, -7.6351030940301795e-02,
       9.4359875470050795e-04, 5.3409533659672711e+01,
       5.2767570020761156e+01, -4.7483132994161803e+00,
       -2.0393243863390250e+01, 6.0552430985697132e+00,
       -6.0747881632734186e+00, -1.1453788378968584e+01,
       1.3708943939543305e+00, 7.3831722862211810e+00,
       1.2570084847882632e+00, -4.0429863148793231e-02,
       1.3357845004464100e-01, -6.9819701040301621e-02,
       -2.4325964368591826e+01, 1.1425835874929277e+02,
       -1.1234022534271300e+01, -5.0721001637338333e+01,
       -4.6267050555658615e+00, 4.0893601027812176e-01,
       1.4561355612008895e+00, -2.8705951321019663e-01,
       -3.4154868975360919e-01, -1.2547022303247413e-01,
       3.5014549365567305e-02, -8.7908341551994028e-03,
       4.2576025580905921e-03 ]
covs: !!opencv-matrix
   rows: 65
   cols: 13
   dt: d
   data: [ 1.0669740987183970e+04, 1.8266298235619647e+02,
       1.1045379694267372e+03, -4.8524275879754464e+02,
       -1.1981626786976626e+03, -3.4833128339215938e+02,
       -1.0007611845261769e+02, 1.2155592163296692e+01,
       -3.2406528596818610e+01, 1.3915933189555014e+00,
       -1.1581338871693088e+00, -4.6926237445215258e-01,
       9.6908289468967262e-02, 1.8266298235619652e+02,
       8.4934371678640528e+03, 3.2646695396136579e+02,
       1.5008132640712508e+03, -1.4071585495023547e+02,
       -4.0614332631675484e+02, -5.7647420607631695e+01,
       -2.0401221419633984e+01, -1.2337788161051577e+01,
       -8.8010795891106621e+00, -9.5408852852071346e-01,
       -1.7631266377364013e-01, 5.6230635792786643e-02,
       1.1045379694267372e+03, 3.2646695396136579e+02,
       3.0627007557972302e+03, -1.1842463804471585e+02,
       2.8619771541831932e+02, 9.8476912129438105e+01,
       3.0875347636147133e+01, -2.4837373571713717e+00,
       5.6076313979016090e+00, 1.1697449215355307e+00,
       -6.0268498723536623e-02, -1.3880940258142696e-01,
       3.8498358222546596e-02, -4.8524275879754475e+02,
       1.5008132640712508e+03, -1.1842463804471592e+02,
       2.2301289102056007e+03, -7.4776401928330856e+01,
       9.9950582106470293e+01, 8.4241206397942339e+00,
       1.1158818668961867e+01, 7.2974710580733566e+00,
       -8.2546741651562106e-01, 5.7430693437826175e-01,
       -6.6763366056853748e-02, -2.0741643159579000e-02,
       -1.1981626786976626e+03, -1.4071585495023547e+02,
       2.8619771541831932e+02, -7.4776401928330870e+01,
       5.3929646850537858e+02, -6.8032461067868411e+01,
       -9.5351829332058351e+00, -9.5351532760285487e+00,
       -5.4418655023730977e+00, 7.9098491690644535e-01,
       1.3733169113057886e-01, 2.9543645880517787e-02,
       -1.0949055569723905e-03, -3.4833128339215938e+02,
       -4.0614332631675489e+02, 9.8476912129438105e+01,
       9.9950582106470293e+01, -6.8032461067868439e+01,
       2.6008877576084569e+02, -6.5729374535442453e+00,
       2.4356513429472804e+00, 5.4332128055606521e+00,
       -2.1209865050588474e+00, -1.6165527662024648e-01,
       -1.9655626968178164e-01, -1.3795405913721024e-02,
       -1.0007611845261769e+02, -5.7647420607631666e+01,
       3.0875347636147140e+01, 8.4241206397942303e+00,
       -9.5351829332058315e+00, -6.5729374535442453e+00,
       2.4151266270246271e+01, 3.5828323497820047e-01,
       3.6099630800734319e+00, 1.3873654968561153e-01,
       -6.5242424386949729e-02, 5.4604091800110999e-02,
       -3.2286486538722223e-02, 1.2155592163296692e+01,
       -2.0401221419633981e+01, -2.4837373571713734e+00,
       1.1158818668961869e+01, -9.5351532760285487e+00,
       2.4356513429472799e+00, 3.5828323497820030e-01,
       1.4080817329856110e+01, -7.3777829116001670e-01,
       5.9359997745625914e-01, -4.2168590517820907e-03,
       -5.4534009260673319e-03, 1.6861263396494937e-03,
       -3.2406528596818610e+01, -1.2337788161051575e+01,
       5.6076313979016090e+00, 7.2974710580733584e+00,
       -5.4418655023730969e+00, 5.4332128055606521e+00,
       3.6099630800734319e+00, -7.3777829116001670e-01,
       1.3176124671057015e+00, 2.4486917409771620e-02,
       2.0430370227030276e-02, 1.5983912774289104e-02,
       1.6112946043189160e-02, 1.3915933189555019e+00,
       -8.8010795891106621e+00, 1.1697449215355309e+00,
       -8.2546741651562050e-01, 7.9098491690644512e-01,
       -2.1209865050588474e+00, 1.3873654968561150e-01,
       5.9359997745625903e-01, 2.4486917409771620e-02,
       2.9795732403847414e-01, 2.0904279932635338e-02,
       1.2916387925029220e-05, 3.3867671345276010e-03,
       -1.1581338871693090e+00, -9.5408852852071346e-01,
       -6.0268498723536609e-02, 5.7430693437826186e-01,
       1.3733169113057889e-01, -1.6165527662024648e-01,
       -6.5242424386949743e-02, -4.2168590517820881e-03,
       2.0430370227030287e-02, 2.0904279932635338e-02,
       3.3191690078970090e-02, -1.3055349262504571e-03,
       1.2277539064605651e-04, -4.6926237445215274e-01,
       -1.7631266377364013e-01, -1.3880940258142696e-01,
       -6.6763366056853693e-02, 2.9543645880517798e-02,
       -1.9655626968178169e-01, 5.4604091800110999e-02,
       -5.4534009260673250e-03, 1.5983912774289104e-02,
       1.2916387925029125e-05, -1.3055349262504569e-03,
       1.9622305084750964e-03, 4.6605172364033780e-04,
       9.6908289468967276e-02, 5.6230635792786594e-02,
       3.8498358222546596e-02, -2.0741643159579003e-02,
       -1.0949055569723935e-03, -1.3795405913721024e-02,
       -3.2286486538722209e-02, 1.6861263396494924e-03,
       1.6112946043189157e-02, 3.3867671345276010e-03,
       1.2277539064605643e-04, 4.6605172364033774e-04,
       2.2816664926058375e-03, 6.5299070800060372e+03,
       -2.5974967796932214e+02, 2.9320106908581242e+03,
       -8.2631795610102608e+02, 1.4830299294164934e+02,
       1.2192787257942290e+02, 8.0421867676469915e+01,
       2.5060945954643984e+01, 1.3880752578598079e+01,
       4.1262078335753145e+00, -1.6380769606678620e+00,
       3.8517244406115930e-01, 1.0593160237850341e-02,
       -2.5974967796932219e+02, 1.0278596300518448e+04,
       4.7159352868194082e+02, 8.4776734985553617e+02,
       7.4512125201069341e+02, 2.2550966388910660e+02,
       9.1065929427508763e+01, 3.9530715185021293e+01,
       1.1575960366019748e+01, 1.1377238057340739e-02,
       -3.4029032630323544e+00, -1.8074917445025571e+00,
       2.6422446530660360e-01, 2.9320106908581238e+03,
       4.7159352868194100e+02, 2.4398628576513875e+03,
       9.1268201204202896e+01, -1.4538604284692755e+02,
       -1.9692386048378218e+01, -2.7918150649323874e+01,
       -6.8335274910057082e+00, -7.2644754134079061e+00,
       3.5714711989326264e-01, 6.2059305599808834e-01,
       1.5922558279399152e-01, -5.3657751279529056e-02,
       -8.2631795610102620e+02, 8.4776734985553617e+02,
       9.1268201204202924e+01, 2.4445671837009977e+03,
       -3.2402063598884610e+02, -1.0949134808316096e+01,
       -2.5726606302293742e+01, -2.2941765252295177e+01,
