%YAML:1.0
means: !!opencv-matrix
   rows: 36
   cols: 4
   dt: d
   data: [ -1.7802263524151095e+02, 5.4291095656812637e+01,
       6.5002651854587143e+01, -3.3565941015748265e+01,
       1.5595097437421103e+02, 1.0952648618363998e+01,
       3.6615346988206035e+01, -3.3443828480878658e+01,
       1.2429763717848243e+01, 2.2268403967549883e+01,
       -6.9486536947689984e+01, 7.4345600279301053e+01,
       -1.4747973662088916e+02, -1.5383722861009738e+02,
       2.4757153765740583e+01, 3.7210993925488850e+01,
       8.6328535340221407e+01, 1.0473147688608816e+02,
       1.7713615462608026e+01, 4.7363072255198304e+01,
       -1.9389476932057991e+02, -8.1662526471113367e+01,
       2.8163830447338135e+01, -4.3817313258633611e+01,
       9.5631888408795248e+01, -1.9832175746792643e+01,
       1.8366159028691268e+01, 7.5620824342175993e+01,
       3.7465185517815179e+01, -1.5354946372342727e+02,
       -2.6453825334701069e+01, -8.5653530173480412e+00,
       5.3019498558778622e+01, 1.1347473575947645e+02,
       -8.3074658461279270e+01, 1.3096709073914408e+01,
       6.1594737596311532e+01, -5.9210280058503201e+01,
       -3.6638102092417746e+01, -6.8856521743212198e+01,
       2.0884261738408617e+02, -6.3883927579885665e+01,
       2.8629505190743089e+01, -1.7659958206568419e+01,
       1.9080391993616988e+01, -2.6401703615894370e+01,
       2.1830224820304927e+01, -5.8402288270649152e+01,
       -1.1591080636489673e+02, 5.2429053044852523e+01,
       3.9263180757903164e+01, -2.6187551038020999e+01,
       -1.9763592688479207e+02, 1.3777795460820928e+02,
       3.0439826837820000e+01, 2.2758433650854283e+01,
       -6.3323969903567615e+01, 1.2028107007393878e+02,
       -4.1239090668076301e+01, 3.7233568504300692e+01,
       9.6176632802659753e+01, -4.6404080269940033e+00,
       7.4665788269254719e+01, -4.9910828213733334e+00,
       3.4103421058579052e+01, -7.1649045336073044e+01,
       -7.7879825680892864e+01, 6.0998664456515916e+00,
       -5.8405492380772323e+01, -6.4312678850753201e+01,
       1.0029979079336070e+02, -2.0791913747906204e+01,
       5.0445346983523052e+01, 5.3783780185113656e+01,
       -4.7477758973478331e+01, -1.6420184735063206e+01,
       -1.9672625316181873e+02, -1.0600184723052063e+01,
       6.8800216462214490e+00, 5.0113610030393765e+01,
       -5.1656991787775816e+01, 1.4861455180050243e+02,
       -5.1849357520472218e+01, -9.1595715636918939e+01,
       -5.8885408935888371e+01, 7.6286509248486695e+01,
       1.0189781226282813e+02, 2.7866687438356397e+01,
       2.1466992288918044e+02, 3.6670531276862157e+01,
       4.1644452026079357e+01, 3.3847420926331701e+01,
       -6.5104698921136404e+01, -1.0640296260661218e+02,
       -3.3041805368264136e+01, -3.0245424187098640e+00,
       -1.8167163392502820e+02, -8.9534143201089364e+01,
       -4.5775356237176865e+01, 4.2997497992398031e+01,
       -5.1574182168857547e+01, -1.9073067196324743e+01,
       6.2920927466650781e+01, 8.8396520944014313e+01,
       4.1379009574861465e+00, 7.1498037758919139e+01,
       1.1695790232320412e+01, 3.4988980038176529e+00,
       1.3331972213997810e+02, -2.4272403521099669e+01,
       -5.2948365332104281e+01, -3.8101728560665457e+01,
       1.1886039015531561e+02, -1.2214361438540791e+02,
       7.1398131885905700e+00, 1.8493025189374354e+01,
       5.9677990226279022e+01, 1.4501726833909848e+02,
       2.1786829216573768e+01, -8.9835847646085639e+01,
       -2.8243201448373100e+02, 5.5642878531595386e+01,
       -1.8292597940950380e+01, -3.3473178867374898e+01,
       3.0800167851726027e+01, -9.4184124994423783e+01,
       4.0915527836814604e+01, 8.4005070895230940e+00,
       1.2510911261912213e+02, 4.3150363090288977e+01,
       -4.6332006723324866e+01, 3.0007501897843753e+01,
       -9.2050916909282208e+01, -4.1907730014784789e+01,
       1.2815477903499220e+01, 5.3679235076061211e+01,
       1.6171196614889811e+02, 8.2725202777512266e+01,
       7.2561697201834745e+00, 7.8951027902985338e-01,
       -8.0441332677222690e+01, 2.4819371624560546e+01,
       -5.2943299377783212e+01, -2.5058781168122756e+01 ]
