%YAML:1.0
means: !!opencv-matrix
   rows: 24
   cols: 4
   dt: d
   data: [ -1.4798566330644124e+02, 2.5080893653327912e+01,
       8.1474372439495482e+01, -3.8305181959460633e+01,
       1.4981743995869758e+02, -8.8485518437619106e+01,
       -4.9288232125716203e+00, -8.2956861577043099e+00,
       1.9598596017098814e+01, -9.1741493332831858e+00,
       -7.4709717256695583e+01, 5.5254003025568537e+01,
       -1.8731383779402137e+02, -1.0890792100658543e+02,
       -2.8406006089585325e+01, 3.8114635717141034e+01,
       1.5514609062025042e+02, 7.3759989428659324e+01,
       -1.7303601431118252e+00, -1.9034885911259387e+00,
       -2.2979625334348748e+02, -3.1966720261872403e+01,
       3.8247838743114309e+00, -4.6639778323173402e+01,
       1.2566084166806544e+02, 7.0781163937572851e+00,
       -1.9671610135310202e+00, 5.7273366741576247e+01,
       1.2658391125122002e+01, -1.1976055437274960e+02,
       -6.8764106814428473e+01, 8.5834216318059278e-02,
       1.0846539311138254e+02, 1.1348108124889215e+02,
       -3.4778414232723136e+01, 4.1415574324258920e+01,
       8.5263876129919694e+01, -5.1728726846226600e+01,
       -2.7474841447015333e+01, -7.0464459131739375e+01,
       7.9315647891915688e+01, 1.0606341472872629e+01,
       -2.2856355381038789e+01, -3.5195156687608311e+01,
       2.6055459859071618e+01, -4.4886342993063820e+01,
       5.4528861708288289e+01, -3.7858842010610751e+01,
       -1.3437757813894473e+02, 1.1047652192428082e+02,
       3.7013939161565744e+01, -8.6398629350370477e+00,
       -2.6724542670232029e+02, 1.0862495319068131e+02,
       -1.0415848164451894e+01, -4.9984170956410878e+00,
       -5.8486482981614195e+01, 8.9154380778177369e+01,
       -3.1554106881966305e+01, 2.7662066412216710e+01,
       4.3989394963279551e+01, 6.7302895841467858e+01,
       3.8334079462294078e+01, -1.1818842865665077e+01,
       9.2597457410296773e+00, -1.2280136510052021e+02,
       3.3055261384187169e+01, 3.6979717186466161e+01,
       -1.0737451683916137e+02, -1.1151070107133350e+02,
       5.5894452384813768e+01, 4.9420466525208845e+01,
       4.5441411944354257e+01, 4.6189664318758254e+01,
       -9.0270523435529867e+01, -1.5300238367607790e+01,
       -1.8401440950417023e+02, 3.7683898497494759e+01,
       2.1381948243639723e+01, 6.2109037969354652e+01,
       2.7576552217209148e+01, 1.4322124058744697e+02,
       -2.9544198363216717e-01, -9.1459506995090265e+01,
       1.6163929482759883e+01, 5.9473914880116020e+01,
       6.1640403123066321e+01, 5.5677207417889917e+01,
       1.3682049496032511e+02, -2.6362606595106850e+01,
       6.1889082950120304e+01, 1.0242597369268106e+01,
       -6.4426311463036342e+01, -3.0151273337150108e+01,
       -3.0091123767710084e+01, -3.3020079031775971e+01 ]
covs: !!opencv-matrix
   rows: 96
   cols: 4
   dt: d
   data: [ 2.3326049141480876e+03, 5.8272926731486234e+02,
       9.0469109908699079e+02, -1.2504213176995133e+02,
       5.8272926731486245e+02, 7.5968443136027045e+03,
       -1.1732187020884058e+02, 2.8253639907728234e+02,
       9.0469109908699056e+02, -1.1732187020884055e+02,
       8.1209185379377766e+02, 1.0128556759037733e+02,
       -1.2504213176995133e+02, 2.8253639907728234e+02,
       1.0128556759037731e+02, 1.6220971852391544e+03,
       3.6133620080807600e+03, 5.2134201869709341e+02,
       7.1952095350357126e+02, -8.1950515785190441e+02,
       5.2134201869709318e+02, 3.6124885036579203e+03,
       -3.4867364402503023e+02, -1.9959326139515696e+02,
       7.1952095350357126e+02, -3.4867364402503023e+02,
       9.9092712649611190e+02, 7.3292914176730335e+01,
       -8.1950515785190441e+02, -1.9959326139515690e+02,
       7.3292914176730335e+01, 9.4008110255205679e+02,
       3.9391353626500963e+03, 1.4244195014796649e+03,
       -1.6589948218283730e+00, -1.2155165264675722e+03,
       1.4244195014796646e+03, 3.4963613591166204e+03,
       -1.7954865521380918e+02, 7.2732418480173749e+01,
       -1.6589948218283828e+00, -1.7954865521380916e+02,
       6.9134215008313720e+02, 1.1449665199839910e+02,
       -1.2155165264675725e+03, 7.2732418480173749e+01,
       1.1449665199839912e+02, 1.3252805627220523e+03,
       3.8321860750623159e+03, 7.1313039826923102e+02,
       2.1116611461805218e+02, 1.2247778326268654e+02,
       7.1313039826923080e+02, 4.9080239165850580e+03,
       2.7489545931413898e+02, 9.0919658402799655e+02,
       2.1116611461805212e+02, 2.7489545931413898e+02,
       5.6680744914503498e+02, -1.5663124494841270e+02,
       1.2247778326268654e+02, 9.0919658402799655e+02,
       -1.5663124494841270e+02, 8.1168719028194289e+02,
       3.2405464059688834e+03, -3.6452263405009518e+02,
       5.9354016918202490e+02, 5.6925603253781151e+02,
       -3.6452263405009541e+02, 2.2996021973914708e+03,
       4.3582780936341470e+02, 4.3490182873363642e+02,
       5.9354016918202501e+02, 4.3582780936341464e+02,
       1.2410116057361499e+03, 9.4187686084890050e+00,
       5.6925603253781185e+02, 4.3490182873363642e+02,
       9.4187686084890050e+00, 6.6045785270455360e+02,
       4.0218203812874476e+03, -4.5365060457857663e+02,
       1.0771221506880258e+03, 3.0469853730090938e+02,
       -4.5365060457857663e+02, 4.2861638084886163e+03,
       -2.2340619914138756e+02, -8.5044763838658071e+02,
       1.0771221506880258e+03, -2.2340619914138753e+02,
       9.0634303919793831e+02, 1.6832338765310627e+02,
       3.0469853730090927e+02, -8.5044763838658071e+02,
       1.6832338765310627e+02, 1.3160440287935944e+03,
       4.6494361537601571e+03, 1.6545383490777033e+03,
       7.4610977570810576e+02, -9.0971327707251282e+02,
       1.6545383490777033e+03, 2.7501095803815547e+03,
       -1.9584442987247942e+02, -3.4328725311962393e+02,
       7.4610977570810576e+02, -1.9584442987247942e+02,
       1.1441939581908946e+03, 3.1879103344579732e+02,
       -9.0971327707251282e+02, -3.4328725311962393e+02,
       3.1879103344579738e+02, 1.2239723561081978e+03,
       4.8597431550551555e+03, 2.0610488702599919e+03,
       -2.0001143207312211e+02, -1.2451485967880408e+03,
       2.0610488702599919e+03, 3.7768089993593499e+03,
       -1.9791588083789810e+02, -6.6962982082382757e+02,
       -2.0001143207312211e+02, -1.9791588083789810e+02,
       1.0123470204002466e+03, 1.9356105494804504e+02,
       -1.2451485967880408e+03, -6.6962982082382757e+02,
       1.9356105494804501e+02, 9.2796236199591260e+02,
       4.5928242063364250e+03, 1.5230443300030603e+02,
       1.5801996133509394e+03, -9.8850914365809260e+01,
       1.5230443300030603e+02, 1.4565052812051349e+03,
       1.2371590838990198e+02, -8.2806382089125043e+02,
       1.5801996133509394e+03, 1.2371590838990198e+02,
       2.1086561568401166e+03, -1.4427670325656484e+02,
       -9.8850914365809231e+01, -8.2806382089125043e+02,
       -1.4427670325656484e+02, 7.9873216875770242e+02,
       5.6234507138601148e+03, -4.8491774061045408e+02,
       1.6883625354614983e+03, 3.4740652008822508e+02,
       -4.8491774061045408e+02, 1.3786846420281652e+03,
       4.3607164883774942e+02, 1.3515609939696930e+02,
       1.6883625354614983e+03, 4.3607164883774942e+02,
       2.5293374016717489e+03, -7.3749376425899129e+01,
       3.4740652008822508e+02, 1.3515609939696930e+02,
       -7.3749376425899129e+01, 2.4559691218878368e+02,
       3.6154717353789233e+03, -2.1222709560243206e+02,
       2.7425586396578115e+03, -2.1669376188171750e+01,
       -2.1222709560243206e+02, 5.0520302784618898e+03,
       -1.6010611796245041e+02, 2.1504298750624553e+03,
       2.7425586396578115e+03, -1.6010611796245053e+02,
       2.2617024270935740e+03, -4.1150605366531799e+01,
       -2.1669376188171739e+01, 2.1504298750624553e+03,
       -4.1150605366531799e+01, 9.8577716505770127e+02,
       7.1273562325352759e+03, 4.2396362559226668e+02,
       -9.4480995615819847e+02, -4.9936636169033142e+02,
       4.2396362559226657e+02, 2.9488153372654033e+03,
       -5.9941072875681044e+01, 1.2500638682273288e+02,
       -9.4480995615819847e+02, -5.9941072875681023e+01,
