%YAML:1.0
means: !!opencv-matrix
   rows: 26
   cols: 4
   dt: d
   data: [ -8.0312776539934816e+01, -1.0471741814990001e+02,
       8.2745769293207303e+01, -6.1718126206995457e+01,
       1.4285893623574870e+02, 1.0468327630185473e+02,
       -3.8993587013786374e+01, 4.5328854485014780e+01,
       -2.8030606058565473e+02, -5.2647151928656832e+01,
       -1.0282026716693908e+01, 3.6480780517217916e+01,
       -5.9635320268745502e+01, -6.1459277791371051e+01,
       -3.8064492992599916e+01, 7.9282927824995009e-01,
       1.1389859979605326e+01, -6.0600664671941892e+01,
       3.0904905827715002e+01, -3.0221354431065325e+01,
       2.7702998065550783e+01, 1.5594138901946184e+02,
       2.2347164309042156e+00, -1.3137553828918103e+01,
       6.2727161829204334e+01, -6.7219574139796620e+01,
       -8.2083109961149461e+01, 9.0445913583940936e+00,
       -5.4730644528474087e+01, 1.2118151707531611e+02,
       -7.5193467649702129e+01, -2.8953774937515719e+00,
       4.0655788153993463e+01, -1.8240024929945426e+00,
       -5.0073682939603238e+01, 7.8298139544653139e+01,
       -1.5797117050389996e+01, 3.4938291395931820e+01,
       -5.7552053511556821e+01, -6.9204802586046426e+01,
       1.7576942285811378e+02, -6.1984170504664093e+01,
       -1.7805098352333925e+01, -7.9030931875221606e+00,
       -1.5576947151013459e+02, -8.0192738358243318e+01,
       -1.1052271312813852e+01, -3.1460706413414047e-01,
       1.4094286389025456e+02, -8.4082404503131514e+01,
       4.5107864793661491e+01, -5.3774041576154708e+01,
       2.2826094485654579e+02, 1.1433267131816676e+01,
       2.7692385369344205e+01, 1.9696707864651014e+01,
       -2.0781540063576156e+02, 3.7058875493754265e+01,
       -2.1380098488978053e+01, -4.1013188874718395e+01,
       1.2245712973820556e+01, -1.4506070654664333e+02,
       1.9829833315866523e+01, 5.8235979367321761e+01,
       -1.8316038712593914e+02, 1.5371412880475290e+02,
       2.3108344833269477e+01, 1.1879689961224315e+01,
       7.0493932978877623e+01, 3.9609197074882758e+01,
       1.6424463128321353e+01, -8.6231947418527724e+01,
       -2.0346501149460798e+02, -1.5315766992875831e+02,
       1.2886958929513629e+01, -3.4341146183763563e+01,
       1.1846725079008617e+02, -3.0436639814299696e+01,
       2.9714331834363897e+01, 4.5305436974586343e+01,
       -1.6588081008217137e+02, -5.4166925583850336e+01,
       6.9383687896712729e+01, 2.5021115735465550e+01,
       9.0977698564387765e+01, 6.6908589215627885e+01,
       7.5040183794434128e+01, -5.2833668288490019e+00,
       -1.0260552638900221e+02, 6.9613868028880191e+01,
       5.8324254971824331e+01, -4.4882990855941593e+01,
       3.3069626017088609e+00, 5.4660622501619436e+01,
       4.6908675592179250e+01, 3.5456810193013624e+01,
       8.5889734221868679e+01, -1.4362457828852038e+02,
       -3.2991157279561932e+01, -2.2751540001306694e+01,
       -1.0225574727950260e+02, 5.2058868830743329e+01,
       -2.0767764972891516e+01, 5.7727662938894689e+01 ]
covs: !!opencv-matrix
   rows: 104
   cols: 4
   dt: d
   data: [ 1.7574047132451155e+03, 3.2344192267917214e+02,
       -6.0465059763301646e+01, -2.2456908724914470e+01,
       3.2344192267917202e+02, 6.4656744856584028e+03,
       -4.6312243916204528e+02, -2.0078264878458699e+03,
       -6.0465059763301625e+01, -4.6312243916204528e+02,
       4.0034814055628027e+02, 2.2221524617821211e+02,
       -2.2456908724914449e+01, -2.0078264878458699e+03,
       2.2221524617821211e+02, 1.2106969331588125e+03,
       5.0544738042265553e+03, -7.8695315172813400e+02,
       1.7590396524182886e+03, -4.7627885802113013e+01,
       -7.8695315172813400e+02, 3.2869677327717300e+03,
       1.5190153510591125e+02, -7.2384507405669596e-01,
       1.7590396524182884e+03, 1.5190153510591128e+02,
       1.8185229790827698e+03, -4.5963486137800044e+02,
       -4.7627885802113020e+01, -7.2384507405671128e-01,
       -4.5963486137800044e+02, 6.8754757985450397e+02,
       1.8452686369018961e+03, -1.2202931608052002e+03,
       2.5256109419540783e+02, 2.9820360915803792e+02,
       -1.2202931608052002e+03, 7.3328147466359669e+03,
       4.2630246903941418e+02, 6.6861779977982724e+02,
       2.5256109419540783e+02, 4.2630246903941418e+02,
       3.6070227925217461e+02, 3.8948864830420564e+02,
       2.9820360915803792e+02, 6.6861779977982712e+02,
       3.8948864830420564e+02, 1.9850777992017036e+03,
       1.8517143540047882e+03, 3.4489683555490541e+02,
       6.9453741243886452e+02, -2.3011737020416803e+02,
       3.4489683555490552e+02, 5.1155145333998935e+03,
       2.9998582771579771e+02, 1.9868936838008370e+01,
       6.9453741243886452e+02, 2.9998582771579765e+02,
       7.9235271121998244e+02, 3.2926773587630794e+02,
       -2.3011737020416803e+02, 1.9868936838008359e+01,
       3.2926773587630788e+02, 1.5735764055340687e+03,
       5.7967525636118471e+03, 1.7016013004669287e+03,
       -8.5133026316923531e+02, -1.0152616623031421e+03,
       1.7016013004669287e+03, 2.7829060429851320e+03,
       -1.6817068943922840e+02, 3.7358580211512907e+02,
       -8.5133026316923531e+02, -1.6817068943922834e+02,
       1.4776430540459598e+03, 4.7329580249208095e+02,
       -1.0152616623031421e+03, 3.7358580211512907e+02,
       4.7329580249208095e+02, 9.1976493249806560e+02,
       5.8552380877125552e+03, -1.9962164635473295e+02,
       9.9658625832269240e+02, -2.7417861607663116e+02,
       -1.9962164635473289e+02, 4.1150782856488549e+03,
       2.8368611325893642e+02, 3.8319392689539956e+02,
       9.9658625832269240e+02, 2.8368611325893642e+02,
       1.6087929835137222e+03, -1.7650979524279870e+02,
       -2.7417861607663122e+02, 3.8319392689539956e+02,
       -1.7650979524279876e+02, 6.9259453440307834e+02,
       3.4717696405263077e+03, 1.1929393360864849e+03,
       7.3590472196248484e+01, -4.6300135646995912e+01,
       1.1929393360864847e+03, 3.6021722790859326e+03,
       4.5348285986346582e+01, -5.9733746727344801e+01,
       7.3590472196248498e+01, 4.5348285986346596e+01,
       9.2665597043315302e+02, 2.0282963577572352e+02,
       -4.6300135646995876e+01, -5.9733746727344801e+01,
       2.0282963577572349e+02, 8.8948417351555156e+02,
       4.9645377481090991e+03, -1.6658536346141036e+03,
       -9.3098052255126311e+02, 6.2499901764026902e+02,
       -1.6658536346141036e+03, 6.3288651963813081e+03,
       4.9314805630380238e+02, 9.9649561569468301e+02,
       -9.3098052255126288e+02, 4.9314805630380238e+02,
       7.2577950076198374e+02, 1.3730624992024516e+02,
       6.2499901764026890e+02, 9.9649561569468301e+02,
       1.3730624992024514e+02, 1.1161271196159780e+03,
       3.0927746062978749e+03, 8.4240292892156538e+02,
       -6.3249380692229479e+01, -2.4189069748853834e+02,
       8.4240292892156526e+02, 2.9526113236574370e+03,
       -1.5230442938002275e+02, 8.2706419238876742e+02,
       -6.3249380692229430e+01, -1.5230442938002281e+02,
       1.3251395747739789e+03, 1.0324540610564887e+02,
       -2.4189069748853834e+02, 8.2706419238876742e+02,
       1.0324540610564887e+02, 7.2773305750958002e+02,
       5.3598484891330445e+03, -5.9947331154090648e+02,
       3.9043899370944234e+02, 4.2595570831642726e+02,
       -5.9947331154090648e+02, 3.0949837071015486e+03,
       2.8026560992652691e+02, 1.8240280569896751e+02,
       3.9043899370944223e+02, 2.8026560992652691e+02,
       1.4427975196746966e+03, -2.8142477312535487e+01,
       4.2595570831642732e+02, 1.8240280569896757e+02,
       -2.8142477312535487e+01, 6.9380861737098917e+02,
       4.3819818430442356e+03, 7.6078557424820929e+01,
       2.6299889910097176e+02, -8.0663771310762525e+02,
       7.6078557424820858e+01, 3.5282183214707356e+03,
       -2.8057548263152410e+02, 1.4590540719192003e+02,
       2.6299889910097176e+02, -2.8057548263152410e+02,
       7.1393593583903657e+02, -8.6619296973258770e+01,
       -8.0663771310762502e+02, 1.4590540719192001e+02,
       -8.6619296973258756e+01, 9.2652737788902050e+02,
       2.2946531420460865e+03, 4.5415030670098122e+02,
