%YAML:1.0
means: !!opencv-matrix
   rows: 24
   cols: 11
   dt: d
   data: [ 3.5519492121677696e+00, -5.6069454117757104e+01,
       1.3575350026701489e+01, 2.1452678848367242e+01,
       3.1521117652693821e+01, 8.3353119480332776e+00,
       1.5667006772937149e+00, -8.4836597240789902e-01,
       -4.2800500622989637e-02, 1.0376147810490641e-01,
       -1.2938440605316263e-02, 1.2149887808546218e+01,
       -4.3041890423703457e+01, -2.7727490296572399e+00,
       -1.8661290648810339e-01, 6.0538245393403356e+00,
       -1.5758733096375270e+01, -3.1506553305757508e+00,
       3.7062788697851889e+00, 5.2605161914507610e+00,
       -1.8755224686544651e+00, -9.9482785075374711e-02,
       -1.1749585243892348e+02, 1.2887946392442356e+02,
       7.0147374941844474e+00, -5.5799100520463853e+01,
       -1.7065716548273748e+01, -1.0155715897227666e+00,
       4.9356084892718871e-01, -6.6671856346770386e-01,
       -4.7073842898799173e-01, -4.1045716315037561e-01,
       1.2607828204238028e-01, -1.6960792432653381e+02,
       2.7309237686150897e+01, 3.9854544412561062e+01,
       -3.3455147229744789e+01, -4.0098229621703352e+00,
       -1.6094248481300525e+01, -1.0232249461078979e+00,
       8.3269816429809151e-01, -1.6417348583672249e+00,
       -3.2750677398404315e-01, -1.0147814192677532e-01,
       8.0631798142228135e+01, 4.1712710222011280e+00,
       -2.1694480747080416e+01, -1.2392311300695070e+01,
       -1.3018474360395823e+01, -1.4206289575021128e+01,
       -8.7558710624710656e+00, -4.8598022223492471e-01,
       7.3044182940378164e+00, 2.3095375960902662e+00,
       8.1745432694209572e-02, 1.7212446637861287e+01,
       6.1847737687668904e+01, -4.7347358131003237e+00,
       -3.7435375355434061e+01, 3.2061583877614144e+00,
       -3.7160195686176563e+00, -6.4330764188183993e+00,
       1.7110480726904731e-01, 6.0102266712067136e+00,
       1.2097562197390996e+00, -7.7990329857539634e-02,
       -1.9891931966957250e+02, -6.8936597429237821e+01,
       4.6079237503127793e+01, 1.9114125159308074e+01,
       -2.3537117097129144e+01, 2.8244029670156920e+00,
       -2.1500103700761994e+00, 7.0037918878267505e-02,
       5.9591057991296392e-01, 8.6147336044943720e-02,
       7.8018908123961173e-02, 1.1690785701607439e+02,
       2.4546775355317269e+01, -3.6267223833170682e+01,
       2.4448727358513387e+00, -6.5114925013163703e+00,
       -5.5639872301308779e+00, -1.9989793164861411e+00,
       -8.7491343160494994e-01, -4.7372924589998572e-01,
       3.9091159159202654e-01, 4.4502757554832151e-01,
       -1.2277819364796116e+02, -3.7657944331758436e+01,
       3.8984520958329718e+01, 1.3908211220185615e+01,
       1.1432990252313748e+00, 1.4151515462072192e+01,
       1.6447563565081791e+00, 1.4817352750242418e+00,
       -4.9777115914557135e-01, -7.9961293646768447e-02,
       -2.7377753525336282e-03, 6.4989423025679557e+01,
       -6.1183336328961921e+01, -6.0844080746496090e+00,
       4.2454345800472829e+01, -9.7569601580784546e+00,
       2.6537128457912015e+01, 2.5285932866946128e+00,
       8.8507812628871851e-01, 2.4293595043034275e-01,
       -1.0666861864847881e-01, -3.0247087010008295e-02,
       -1.6123250294007607e+02, -1.3201516642262823e+02,
       4.8545411167144785e+01, 4.6319487729596695e+01,
       -3.3727235424497550e+01, -8.0845832002429656e+00,
       -5.8618248288164008e+00, -1.2710174490538919e+00,
       2.5837725383628768e-01, 3.3941654063522753e-01,
       7.7339342917367437e-02, -1.5905506046817951e+02,
       5.7937655736712514e+01, 3.1090566128902626e+01,
       -3.2234710463984584e+01, -4.0124053101659838e+00,
       4.6981116625208461e+00, 1.2070899207845611e+00,
       1.2505148872055942e+00, -6.9825751117738322e-01,
       2.4699994212369850e-02, 3.5591443051728719e-02,
       9.9698453703265528e+01, -4.4108037915846126e+01,
       -2.1719691121867228e+01, 3.7008502949795371e+01,
       -2.7596535536160143e+01, 2.3283980785620479e+01,
       1.0692667036056966e+00, 1.3077450619219531e+00,
       4.8423126337874645e-01, 3.7696733554792070e-02,
       1.4831166119853925e-01, 3.3814787827914749e+01,
       1.2458895115349881e+02, -2.4964203405839953e+01,
       -4.9280780330113487e+01, -5.1060026731558423e+00,
       1.7024552560138506e-01, 1.9541426075977550e+00,
       2.4178741267963936e-02, -2.6673985657337324e-01,
       -1.0311193400149092e-01, 9.6878809083644629e-03,
       1.8752277392201415e+02, 1.9332904573442995e+01,
       -4.7619094002746344e+01, 1.0988053746007198e+01,
       -1.1277233526484483e+01, -7.1613259786088728e+00,
       6.3390720016025504e-01, -2.6351883763762296e-01,
       -9.7026164585896724e-01, -2.4995197388250689e-01,
       -4.8563881257458530e-02, 1.0430609784796165e+02,
       -6.6950510816735234e+00, -1.9499667649870087e+01,
       1.1911252214478314e+01, 3.1521290963686672e+00,
       -2.1894703486786238e+00, -4.7842304830830190e-01,
       3.1860836945872767e-01, -4.9541350256464189e-01,
       8.4053702352027568e-02, -4.0651398422980850e-02,
       -1.7311586905889015e+02, -5.6251287954656142e+01,
       4.8578254692633365e+01, 5.9600659908402571e+00,
       -9.9144246227193058e+00, -1.9982803416419095e+01,
       -2.2294920683744306e+00, -5.2168211689408794e-01,
       -2.1314744979431666e+00, 2.5192745454323878e-01,
       -1.9178798626703442e-01, -1.7680910268623234e+02,
       1.5753204146318852e+01, 2.8914715825814792e+01,
       -3.2125634150589619e+01, 2.4227138038130707e+00,
       -1.1500714114996265e+01, -9.4297768994227626e-01,
       -3.1151524420561649e-01, 3.4676676275157385e+00,
       4.2365380792255175e-01, -1.8024294013930911e-01,
       4.1447045804523057e+00, -1.9606524948212717e+02,
       1.5728114649156417e+01, 6.8190486827505680e+01,
       1.0868430900559302e+01, -2.1378265264335923e+01,
       -1.8646634376302247e+00, -1.1357718295565740e+00,
       1.6362649290124071e-01, -1.2151960886931017e+00,
       4.2254261710252261e-02, -6.0384663630322279e+00,
       9.8816700865889722e+00, 1.7195719607712978e+00,
       -1.0240232843761312e+01, 3.3733493015661814e+01,
       -7.7810928062924862e+00, -1.0041350446218940e-01,
       -1.2959503919114188e+00, -7.1697135862179762e-01,
       1.4682743833461098e-01, 2.1385144908388445e-01,
       1.2820966668464277e+02, 2.5817724645726038e+01,
       -3.8850558321677795e+01, -2.8779794547851112e+00,
       1.3260612055050378e+00, -1.4783861238253351e+01,
       -1.4608380803900281e-01, -1.5935848740025520e+00,
       -1.1405029012098709e+00, 7.3248781722347368e-03,
       2.9604255825824675e-03, -1.6910976810902902e+01,
       1.0665544362226636e+02, -2.0808740201135905e+00,
       -3.9067727076884871e+01, 7.2711957279061989e+00,
       3.0474890973297368e+00, -4.7925036972934452e+00,
       -4.4138161303458173e-01, 2.4989425539599579e+00,
       2.3823302225564824e-01, 2.2566938320680566e-01,
       -5.1319889644327894e+00, 7.4238238617301377e+01,
       -8.5822086012387064e+00, -3.7751552998645117e+01,
       6.5043466756241921e+00, -1.2274304079494318e+00,
       1.5416264403893774e+00, -1.0266179480935733e-01,
       -5.5005294649137060e-01, -1.2140657084048620e-01,
       -1.3930980062835593e-01, 5.5756116240369273e+01,
       -7.3408109962983616e+01, -8.4026744351561451e+00,
       3.2715466199180902e+01, -1.3454052263557578e+01,
       -9.3195335498198393e+00, 2.3755096455422006e-01,
       -1.3170568296782399e+00, -1.3271375646376604e+00,
       5.8577677795334959e-01, -3.6242093927128816e-01 ]
