%YAML:1.0
means: !!opencv-matrix
   rows: 10
   cols: 4
   dt: d
   data: [ -1.7454853227726517e+02, 4.9175761620816573e+01,
       5.6405332917676382e+01, -2.6981355456735049e+01,
       1.7302844948660993e+02, 1.7272891024007208e+01,
       2.9982698801710530e+01, -2.8823855027069396e+01,
       -7.5359102208717331e+01, -2.7216215153535813e+01,
       8.8620128322917164e+00, 8.0286651314106933e+01,
       -5.0607314555642581e+01, -5.7342965124404863e+01,
       -4.9597557580017257e+00, -2.6445745540635905e+01,
       1.2013337965911435e+02, 6.5637382488820535e+01,
       -4.0177437893228550e+01, 4.8882186213262322e+01,
       -2.5303812529170801e+02, 1.1207431418460835e+01,
       -2.0076525306293043e+01, -4.2339898333626724e+00,
       7.2372776783011119e+01, -2.1973289785746406e+01,
       6.6950237329499274e+01, 8.8005096927663615e+00,
       8.8799560900628364e+01, -7.2118575755764837e+01,
       -4.4880417935665825e+01, 6.5814371894584078e-01,
       -1.6091575752546333e+01, 9.7657418171650889e+01,
       -1.1947424354682301e+01, 1.5542775745163514e+01,
       6.6628237668675908e+01, 1.3111699930211648e+01,
       -3.6046020314695632e+01, -3.4995266772129554e+01 ]
covs: !!opencv-matrix
   rows: 40
   cols: 4
   dt: d
   data: [ 3.9051747304926439e+03, 6.2375860186358420e+02,
       1.8834499105375144e+03, -9.1750573120126361e+01,
       6.2375860186358420e+02, 8.1082225425228798e+03,
       3.3181692376306060e+01, 1.0577421331672290e+03,
       1.8834499105375144e+03, 3.3181692376306003e+01,
       1.5545665799403146e+03, -6.9520666658637840e+00,
       -9.1750573120126361e+01, 1.0577421331672290e+03,
       -6.9520666658637778e+00, 1.7982335974787366e+03,
       3.4110133821410864e+03, -5.1291578578605777e+02,
       -4.9086592148939519e+02, 6.9467353727173031e+02,
       -5.1291578578605800e+02, 5.5976227637473303e+03,
       2.0204501362988086e+02, 2.0464841540754035e+03,
       -4.9086592148939496e+02, 2.0204501362988086e+02,
       6.2315760871026680e+02, -1.6063449593145793e+02,
       6.9467353727173031e+02, 2.0464841540754035e+03,
       -1.6063449593145791e+02, 1.3268481927599364e+03,
       7.5133665437603813e+03, -1.2530640143826328e+02,
       8.6508531389151472e+02, 2.8927072966493847e+02,
       -1.2530640143826336e+02, 2.7114975198539919e+03,
       2.8647917049508203e+02, 5.0729151109740656e+02,
       8.6508531389151472e+02, 2.8647917049508209e+02,
       2.6857576161915727e+03, -1.8107755505456129e+02,
       2.8927072966493841e+02, 5.0729151109740656e+02,
       -1.8107755505456134e+02, 7.0741445815031159e+02,
       6.5705599575719843e+03, 2.3517981433235277e+03,
       7.8380425797250768e+02, -1.1529824315102956e+03,
       2.3517981433235277e+03, 7.6074087370630332e+03,
       -5.5733853761302157e+02, -2.3535272079777287e+03,
       7.8380425797250746e+02, -5.5733853761302180e+02,
       2.1424640873543581e+03, 1.8841508114030930e+02,
       -1.1529824315102956e+03, -2.3535272079777287e+03,
       1.8841508114030921e+02, 2.1020681478346505e+03,
       4.7600048237188112e+03, 6.4335189766001452e+02,
       2.2265359796573571e+03, -5.2712687059610789e+02,
       6.4335189766001452e+02, 2.4649953922755399e+03,
       -5.0804115588935713e+02, -6.7835306768803150e+02,
       2.2265359796573571e+03, -5.0804115588935707e+02,
       2.4638722586634303e+03, 2.8540640789402033e+02,
       -5.2712687059610789e+02, -6.7835306768803150e+02,
       2.8540640789402033e+02, 1.0093762271741624e+03,
       2.7331842359305647e+03, -6.1150660044223162e+02,
       2.2508887387183574e+02, 6.3855731712025795e+02,
       -6.1150660044223162e+02, 1.1403441635387086e+04,
       3.0336623035558165e+02, -6.9871534050338357e+02,
       2.2508887387183583e+02, 3.0336623035558165e+02,
       3.3692615254349050e+02, -4.0859434536447814e+01,
       6.3855731712025795e+02, -6.9871534050338357e+02,
       -4.0859434536447829e+01, 2.6586254530242504e+03,
       9.0157786203982450e+03, 9.8928059630060284e+02,
       -1.7633878289808135e+03, -2.4276916460161507e+02,
       9.8928059630060250e+02, 9.9899009934804999e+03,
       6.3935724235903670e+01, -2.8380705516113056e+02,
       -1.7633878289808140e+03, 6.3935724235903685e+01,
       7.4030994652197160e+02, -4.5537725063917724e+00,
       -2.4276916460161507e+02, -2.8380705516113056e+02,
       -4.5537725063917769e+00, 2.2081178619324596e+03,
       5.1828327820131399e+03, 1.2280572167086495e+03,
       1.6784999270919768e+03, -9.5507179993144882e+02,
       1.2280572167086495e+03, 5.3406162271943303e+03,
       -7.0472308729011763e+02, -2.0427042575424835e+02,
       1.6784999270919768e+03, -7.0472308729011763e+02,
       2.2561925169946944e+03, 4.0780725609520510e+02,
       -9.5507179993144905e+02, -2.0427042575424835e+02,
       4.0780725609520505e+02, 1.4443592142886578e+03,
       6.5907801980775230e+03, 7.5025025106795351e+02,
       9.7271691984598806e+02, -3.8290478721224946e+02,
       7.5025025106795351e+02, 4.9663014121550741e+03,
       -5.4623208584218105e+01, -1.5963532245948647e+03,
       9.7271691984598806e+02, -5.4623208584218091e+01,
       1.9847900563265080e+03, 4.8340946860087122e+01,
       -3.8290478721224946e+02, -1.5963532245948652e+03,
       4.8340946860087122e+01, 1.6490960089439043e+03,
       3.2327058255825191e+03, 2.1857425165810472e+01,
       2.4102148359349139e+03, 9.1182531003115415e+01,
       2.1857425165810501e+01, 5.3376836200189455e+03,
       -8.0793520770750476e+01, 2.3155892243299613e+03,
       2.4102148359349139e+03, -8.0793520770750462e+01,
       2.0752702618278718e+03, -5.7024656237612490e+00,
       9.1182531003115415e+01, 2.3155892243299613e+03,
       -5.7024656237612472e+00, 1.1006626369792496e+03 ]
weights: !!opencv-matrix
   rows: 1
   cols: 10
   dt: d
   data: [ 9.3480858981155754e-02, 4.9949748949294361e-02,
       6.3249559737859812e-02, 1.7403635368574732e-01,
       7.2049511540024980e-02, 5.2641311215534357e-02,
       1.2992777760862315e-01, 1.4323531553282318e-01,
       1.3254236360457392e-01, 8.8887199144341150e-02 ]
pca_proj: !!opencv-matrix
   rows: 4
   cols: 21
   dt: f
   data: [ 4.36961316e-02, 8.50134730e-01, 1.73015636e-04,
       6.54514134e-02, 4.60692108e-01, 2.29939164e-04, 7.67599978e-03,
       1.46649793e-01, -1.37564148e-05, 1.21663406e-03, 1.30500361e-01,
       -5.45994153e-05, 8.06188770e-03, 1.42052382e-01, -2.12945142e-05,
       -2.45414903e-05, 9.56867734e-06, -1.94090262e-06, 3.13729906e-05,
       4.34020360e-04, 2.32224409e-07, 7.68702388e-01, -5.10314330e-02,
       1.14127281e-04, 4.21110362e-01, -3.83849256e-02, 4.02935693e-05,
       2.81941950e-01, -1.35209868e-02, 1.95932400e-04, 2.66951323e-01,
       -4.70317341e-03, 2.29704310e-04, 2.76557714e-01, -1.55316098e-02,
       2.11025646e-04, -3.74769334e-05, 5.54774260e-06, -7.89335627e-06,
       8.86836962e-04, -5.85095040e-05, 1.91629806e-04, 1.28585771e-02,
       -3.46314937e-01, -1.22481215e-04, -4.01510373e-02, 1.58088982e-01,
       -1.45607672e-04, 1.89476740e-02, 5.27356327e-01, 2.33430081e-04,
       1.79703757e-02, 5.36674440e-01, 2.90960423e-04, 1.17339585e-02,
       5.35117626e-01, 2.47836346e-04, -7.02231409e-06, -3.17391914e-06,
       2.59759432e-08, 1.54912759e-05, 1.72088097e-03, 2.08691781e-04,
       -5.93480825e-01, -8.48098937e-03, -8.88030772e-05, 2.05370650e-01,
       3.40346433e-02, 1.63823628e-04, 4.45453286e-01, -5.44621795e-03,
       -1.30590008e-04, 4.45820451e-01, -1.72652975e-02, -2.10900864e-04,
       4.54801619e-01, -3.90723068e-03, -1.75610170e-04, -1.74471352e-05,
       -6.38676829e-06, 1.65030560e-05, 1.38473080e-03, -5.51051289e-06,
       -1.34489819e-04 ]
