%YAML:1.0
means: !!opencv-matrix
   rows: 43
   cols: 5
   dt: d
   data: [ -8.8433365323288875e+00, 6.3728148153013908e-01,
       7.1262049151977706e+01, -1.9423608950764642e+01,
       2.0032613052080105e+01, -1.1809503959846681e+02,
       1.1914905878539393e+01, -2.0173184693392990e+01,
       -1.5350480337470616e+01, 2.6433459657392902e+01,
       2.3935223848254861e+02, -5.1526029658128536e+00,
       2.0822387258998006e+01, -1.9445881193014344e+01,
       -8.4560934386421494e+00, -8.7263202996382162e+01,
       -5.2202041729898845e+01, -4.7857073615643579e+01,
       -4.0409640957139523e+01, 1.9236874357998094e+01,
       1.3663405085420760e+02, -4.3924137165873368e+01,
       6.2619654992967227e+01, 1.2940235867715552e+01,
       5.9574194191068157e+00, -4.2036622206221956e+01,
       1.8301663132322929e+02, 6.7765807746642022e+00,
       -1.0803303690542765e+02, -6.2787432149096070e+00,
       -1.1068778669970655e+02, -1.3037311322273493e+02,
       5.4995046151925138e+01, 4.1401861888475466e+01,
       -1.4107602478194041e+01, 1.1481387982176867e+02,
       8.5421037257229429e+01, 2.3814890208560062e+01,
       3.1294432724061277e+01, 1.2306045200059840e+01,
       2.3732819088121090e+01, -1.0233364472304713e+02,
       1.9048075312656575e+01, 5.0277786312518820e+01,
       4.6313836524903653e+00, -7.5521429036139253e+01,
       -1.7390250362029570e+02, 2.0381919067371552e+01,
       4.9869862244326972e+00, 9.0508523539001562e+00,
       -2.8257237747138845e+02, 3.4723263291329701e+01,
       -1.5160960391014315e+01, -1.4002494236581526e+01,
       -9.4713413445912114e+00, -1.9811196710562410e+02,
       6.8407145127978140e+01, 4.4808842590123447e+01,
       -4.4089802694831839e+01, -2.4261465734578969e+01,
       8.8790814244011798e+01, 7.3935492788453217e+01,
       -2.0373639342491039e+01, -5.5191760562681003e+00,
       -2.7522700678800106e+01, 1.3254207178337518e+02,
       2.0021272662284262e+00, -6.1881115938132453e+01,
       -2.3410373430683737e+01, -5.8240763853845889e+00,
       -7.2853706409302632e+01, -3.9530202019689490e+01,
       -1.7822782061488374e+00, 5.3283889072188487e+01,
       1.6538675704931279e+01, -1.6856137274181663e+02,
       -7.2932354088837840e+01, 5.3343091386824561e+01,
       -2.7406492326149554e+01, -4.8986847041550403e+00,
       1.4330733884185797e+01, 4.0526104867522314e+01,
       -6.6944687483591366e+01, -4.3270582085246282e+01,
       4.7157411603346171e+00, -8.1991127164751006e+01,
       9.3722409604150087e+01, -4.9708942461109558e+01,
       1.6195645863272599e+01, 2.0506228225654162e+01,
       6.8737722653227422e+01, -1.4375507303523685e+02,
       -2.4862330075218896e+01, 6.4019158133282028e+00,
       -5.5043337056281860e+00, -1.0613793556477638e+02,
       -1.4716459357831044e+02, -5.9837391115344950e+01,
       3.7862414572356109e+01, 5.1502746142383593e+00,
       3.8688011411667880e+01, -1.9360314369408453e+01,
       2.8184904810385884e+01, -2.3428095539452507e+01,
       1.2233436910609960e+01, -1.2619373005051916e+01,
       6.1764855672819415e+01, 1.4270750864746965e+01,
       7.1161022688067533e+01, 1.9628475369184745e+01,
       1.1200703074578075e+02, -1.6446646687393013e+01,
       -3.1574486820308301e+00, 6.0824968086187098e+01,
       -8.1480578088471027e+00, 2.0606641502626684e+02,
       5.7394133503232617e+01, 3.3080576092915791e+01,
       5.5437888698728116e+01, -8.7769052119478825e+00,
       -6.9621684275030313e+00, -5.6710985693213949e+01,
       8.5420739888545953e+01, 5.1002048847077674e+01,
       3.1575474804680255e+00, 2.7890695029101309e+01,
       1.1138258625314172e+02, -1.7093049309308746e+01,
       3.6608778134927931e+01, 6.8342913469955002e+00,
       -1.8320113341625401e+02, 1.7823718367176292e+02,
       3.7595363304609201e+01, -9.1954527826587640e+00,
       -2.3010623980373246e+01, -1.5394533006399746e+02,
       6.9558423493727844e+01, 5.7629900655119869e+01,
       2.6651903007690937e+01, -6.8140265893595586e+00,
       2.8504599023480612e+01, -3.5157811580010836e+01,
       -5.7021636888650157e+01, 9.5392216996719270e+00,
       1.1922638318048064e+01, 8.7519879626003373e+01,
       3.4357449490972776e+01, 7.4402787141192988e+01,
       -2.7510344917202428e+01, 3.4797546411591512e+01,
       1.3658362189106899e+02, 1.0491764007817453e+02,
       -4.9434474798957787e+01, 4.2348330234702232e+01,
       -6.8251953574544881e+00, -1.8122247810982162e+02,
       6.7207586588021115e+01, 6.9700845541162039e+01,
       -5.2977256916436730e+01, -1.5497762335437058e+01,
       -1.4202409497246018e+02, 3.1529222263380513e-01,
       2.3377368413417891e+01, 9.2898556343398013e+01,
       -1.2929306113936120e+01, 1.6263834376415483e+02,
       -7.8572993268934496e+01, 7.5221334514095100e+00,
       -3.1696141881991933e+00, -2.1456836445674279e+00,
       -2.0960918484674175e+02, -1.0633421422023571e+02,
       -2.0971406735656206e+01, 4.2648143333540879e+01,
       -8.8409582073026591e+00, 7.8588389398137849e+01,
       -4.8667416135740005e+01, -2.4281144465774844e+01,
       -6.2590555827365598e+01, -2.4659678890281892e+01,
       5.2018127864509154e+01, 9.6590079450254237e+01,
       -9.4698939540606403e+01, 1.2338090785531453e+01,
       -1.3513646973697993e+01, 7.5375888055787343e+01,
       1.4208678123362093e+01, -2.2529820114646384e+01,
       -2.7618791931664980e+01, -2.9335660515857210e+01,
       1.7613920687017206e+00, -3.2678321988313968e+01,
       -7.6182224786630442e+01, 5.5670599974174301e+01,
       -4.5734453506939134e+00, 3.5265838892652013e+01,
       1.4412520446765211e+02, -6.9184045002233043e+00,
       -8.3101806853673438e+01, 1.9240311646558965e+01,
       -1.4058793249530567e+02, 4.2401949487415408e+01,
       2.9842869892891528e+01, -4.4597481669462468e+01,
       -9.0586471205606021e+00, -1.4717076230509301e+01,
       3.9576890453599617e+01, 8.5446262010666674e-01,
       -2.7772256546166087e+01, 3.7505064123179629e+01,
       1.2334104608562912e+02, 3.4667678750137704e+01,
       1.1330739523418275e+01, -4.1720658495439942e+01,
       -2.4017593340948384e-01 ]
