%YAML:1.0
means: !!opencv-matrix
   rows: 48
   cols: 1
   dt: d
   data: [ 4.5326233944531225e+01, -3.3813313535153122e+02,
       -1.5300951024475410e+02, 1.8914319555514857e+02,
       -6.2844014812071663e+01, -2.2987211073026873e+02,
       1.3250938372977794e+02, 1.0514385117689852e+02,
       -7.1470287834190485e+00, -2.6651146296828830e+02,
       3.1429736845612109e+02, -9.8875571389192729e+01,
       2.4105426669389416e+02, 2.4621521027396934e+01,
       -2.9917378740072877e+01, -1.6808932275806512e+02,
       1.6178936874956020e+02, -1.9924810959594268e+02,
       2.8742952613426064e+02, 7.9733070499608985e+01,
       -1.1219218279290408e+02, -2.9966776415658171e+02,
       2.2161788111720236e+02, 1.4008633145871546e+01,
       6.7875256837886994e+01, -1.8815577213030661e+01,
       -5.1438144675981107e+01, -4.0500147644920354e+01,
       -2.4770377360516244e+02, -8.6344896982199032e+01,
       1.4725583262211350e+02, 1.1904393944687141e+02,
       -1.3771717503773320e+02, 2.0456879566923558e+02,
       3.3943730817461960e+02, -1.8379493855719559e+02,
       9.2248265495290852e+01, -7.3997082899517636e+01,
       5.5973256334235622e+01, -3.1854675624018040e+02,
       2.6375865992217388e+02, -2.1317108621465169e+02,
       -3.5815360020347498e+02, 3.7224776412865590e+00,
       1.7472528265719879e+02, -1.2507005637417089e+02,
       3.5222254994073658e+01, -2.8224052394426076e+02 ]
covs: !!opencv-matrix
   rows: 48
   cols: 1
   dt: d
   data: [ 2.6549999400898614e+01, 2.0816713435503118e+02,
       4.9156853968387516e+01, 4.0834843792038413e+01,
       3.0503730770679116e+01, 6.3212504953956220e+01,
       4.5324577894907229e+01, 4.1539145242850985e+01,
       2.9011995037771626e+01, 6.9260692136483598e+01,
       1.0955586914942248e+02, 3.2829258087645989e+01,
       8.3103168253511640e+01, 2.6713730632141154e+01,
       3.1725069538744258e+01, 4.8211424949436648e+01,
       3.9694894213749052e+01, 5.2417484828218811e+01,
       1.1356722430648502e+02, 3.5057045423424682e+01,
       3.0910215330489230e+01, 8.0542531378060247e+01,
       6.0926850385370905e+01, 2.7415236434270746e+01,
       3.0373268370564119e+01, 3.0876193641834220e+01,
       2.8538272755094475e+01, 3.0711504586933039e+01,
       7.2625697802955330e+01, 3.1482603352756978e+01,
       4.2449314513707407e+01, 4.5459296002375311e+01,
       4.3945312235423437e+01, 4.8567190656076811e+01,
       4.0246327217398760e+02, 4.6181522961046589e+01,
       3.9916785141124869e+01, 3.1155764281030184e+01,
       2.6316104121244134e+01, 1.0753448537456448e+02,
       1.1303381661284268e+02, 6.3464155462436651e+01,
       4.7782638155231638e+02, 2.8528168836711021e+01,
       3.9404278011553593e+01, 3.5185661200401348e+01,
       2.5605071535085219e+01, 6.9840638697616384e+01 ]
weights: !!opencv-matrix
   rows: 1
   cols: 48
   dt: d
   data: [ 2.8926475752548021e-02, 2.6230383912980541e-03,
       2.1220815337634241e-02, 1.7927120469673954e-02,
       2.7510695775173351e-02, 1.6044565195440910e-02,
       2.9416741976549809e-02, 3.5523585974543352e-02,
       3.0665779545170260e-02, 1.0235685148028318e-02,
       2.8139814659828206e-03, 2.8803495648134718e-02,
       1.2227586892601465e-02, 2.9157515899287157e-02,
       2.7465291682423978e-02, 1.8890049805922949e-02,
       2.2672448112841106e-02, 1.6139967215806159e-02,
       6.0035739441063312e-03, 3.3556501042016421e-02,
       2.4817325924650423e-02, 5.7504038648052104e-03,
       1.3480914227563156e-02, 3.0977265278696261e-02,
       3.3905271535058082e-02, 2.9934486318761867e-02,
       2.6841311356737809e-02, 2.7171640136891145e-02,
       1.2690102992996293e-02, 2.9612627674455865e-02,
       2.6270314067946748e-02, 3.2854122945485321e-02,
       2.2684504498897026e-02, 1.5962727519959259e-02,
       1.4405731977584465e-03, 1.7465020805369214e-02,
       3.4159937703931317e-02, 2.6934173838478421e-02,
       3.2814298942079358e-02, 4.2894269868241014e-03,
       9.0784922784356379e-03, 1.4296097220027637e-02,
       1.7746485656313724e-03, 2.9344052911757821e-02,
       1.8741723734169574e-02, 2.1223155349924683e-02,
       2.9902326635224050e-02, 7.7581382122928061e-03 ]
pca_proj: !!opencv-matrix
   rows: 1
   cols: 21
   dt: f
   data: [ 1.02604255e-02, 8.46533298e-01, 5.67100069e-05,
       -5.08859605e-02, 4.68450844e-01, 1.89823491e-04, -5.55210514e-03,
       1.46431834e-01, -1.98076777e-05, -7.31809530e-03, 1.34976640e-01,
       -4.80776835e-05, -6.69380091e-03, 1.46460637e-01, -1.57161594e-05,
       2.11501210e-05, 1.32904761e-05, -3.16381829e-07, -1.62182951e-05,
       4.47223283e-04, 4.04881848e-06 ]
pca_mean: !!opencv-matrix
   rows: 1
   cols: 21
   dt: f
   data: [ 4.33646118e+02, 2.44701981e+02, 1.49672687e+00,
       4.18191803e+02, 2.60206879e+02, 1.62062907e+00, 3.68545319e+02,
       2.27059875e+02, 1.69770968e+00, 3.19420807e+02, 1.63929108e+02,
       1.75046074e+00, 3.16613464e+02, 2.25532654e+02, 1.70717156e+00,
       1.08872897e-04, -9.74175637e-05, 6.24380555e-05, -2.17504916e-04,
       -2.50119597e-01, 1.75055194e+00 ]
gamma: !!opencv-matrix
   rows: 48
   cols: 1
   dt: d
   data: [ 7.7371542797655712e-01, 9.0632293387375140e-01,
       8.3694877137303658e-01, 8.5581941825835350e-01,
       7.8225065848341135e-01, 8.7301663219564329e-01,
       8.2571239124607898e-01, 8.0887470955657503e-01,
       7.6269411662225950e-01, 8.8597397254013033e-01,
       9.0022362462779382e-01, 8.0409729635001626e-01,
       8.7777624669286680e-01, 7.6596266823962111e-01,
       7.6741000213250643e-01, 8.4501680737082385e-01,
       8.4210638334675747e-01, 8.6014449293626916e-01,
       8.9300579162603444e-01, 7.9286946762439292e-01,
       8.1240774721973008e-01, 8.9589660556110207e-01,
       8.7015377721377651e-01, 7.6360552377942670e-01,
       7.8567532874686241e-01, 7.6442942096255528e-01,
       7.7620217813578885e-01, 7.7128712014341028e-01,
       8.7968057302541569e-01, 7.9622168277388738e-01,
       8.3418914338357286e-01, 8.1758918172585304e-01,
       8.2815230549035757e-01, 8.6289700156332960e-01,
       9.0802339950602007e-01, 8.5285971865444832e-01,
       8.0074744784521246e-01, 7.8869194204553683e-01,
       7.7896768921838333e-01, 9.0102230270985684e-01,
       8.8580493522491588e-01, 8.6631442275026838e-01,
       9.1215647222200902e-01, 7.6252584017894331e-01,
       8.4879237272686492e-01, 8.2043538002305394e-01,
       7.6943563277437854e-01, 8.9084132025149998e-01 ]
