%YAML:1.0
means: !!opencv-matrix
   rows: 48
   cols: 5
   dt: d
   data: [ 1.9678031841093110e+02, 8.1145895314860155e+01,
       1.8768892755759801e+01, 4.9112148078447191e+01,
       -7.4243718946865407e+00, -1.4542879352412965e+02,
       4.5069281044898695e+00, -3.1504085693386024e+01,
       7.9292493714878134e+01, 5.3124543879001065e+00,
       1.4129403240049240e+02, -7.9834504977074317e+01,
       5.4658305503795781e+01, 3.8129347198712985e+01,
       -3.1669408396224998e+00, 2.3129402264610590e+01,
       2.8251280080724992e+01, 2.3991654550651635e+01,
       -2.6091517708489764e+01, 3.6747711314343924e+01,
       -9.9732883679480508e+01, -1.2986756413292868e+01,
       -5.3328995198426391e+01, -2.7811864633953743e+01,
       2.0532044078358144e+01, -1.8496762790808310e+02,
       8.6460074236917535e+01, 2.6776776953252966e+01,
       -6.1137977315988309e+01, -3.1225400819978514e+01,
       1.9065632556383887e+00, 2.4837659338633994e+01,
       -8.8338578733124677e+01, -3.0582289064859999e+01,
       -2.3869801809049548e+01, 1.0897666443170213e+02,
       6.4815260420209654e+01, -3.8156679685454740e+00,
       -9.3735348997633121e+00, -2.7840160779112644e+01,
       -1.0843071460269870e+01, -9.9937158375159441e+01,
       3.2628128160739983e+01, 2.0831123488102431e+01,
       1.7769283119937384e+01, 2.7422912501797160e+01,
       1.5523721637691156e+02, -3.9050048795529482e+00,
       -8.2122644443999675e+01, 2.0183816682565414e+01,
       -1.6848227127974602e+02, 1.8342624285057326e+02,
       3.9426237141986050e+01, -8.6860576136362511e+01,
       -3.7731486749630250e+01, -1.1588187193635078e+02,
       -1.3867503937666615e+02, -4.8584603892008111e+01,
       2.8046018774941881e+01, 1.1587213589902461e+01,
       -2.1727879571553274e+02, 1.4439718195095185e+01,
       5.2670641984612573e+01, -1.1925775010639796e+01,
       -1.6110974013090672e+01, -1.4400591155814260e+02,
       8.0260624460324379e+01, 7.6462796670546226e+01,
       -4.6858158301661796e+01, -1.8563225616352064e+01,
       -3.0812565571714632e+01, 5.8602559612365866e+01,
       -7.1768566277774141e+01, 4.0753268581517780e+01,
       1.8703578583021947e+01, 3.4601821333566534e+01,
       -1.4544221853445845e+02, -1.4250639320275493e+01,
       -1.6052883835270926e+01, 1.0536362285813405e+01,
       1.2480733766353265e+02, 3.6945863986108991e+00,
       -2.1554846589808996e+01, 3.0646486106294446e+01,
       -2.7237228904457065e+00, 6.4492163946658735e+01,
       -8.2565655193229714e-01, -1.5132425999937624e+01,
       -4.2549316246361307e+01, -3.1684167893676150e+01,
       5.6266528533777162e+01, -2.6520986699415017e-01,
       -9.2059842686825988e+01, 1.8904977216746264e+01,
       -3.3124823542617268e+00, 4.4670862829406275e+01,
       7.8445443608903254e-01, -1.5383766655072433e+01,
       9.9327473335462130e+01, -9.1638172192819596e+00,
       2.5349060739054141e+00, 1.2157379511896079e+02,
       -9.6999733977594330e-02, 3.2515200932514858e+01,
       1.7519799685667714e+01, 9.3198663137653213e+01,
       8.0868544683297671e+01, 7.4446782274034803e+01,
       1.2909205291373789e+01, 2.8321126307833378e+01,
       -1.4132387187197653e+01, 2.3139732050942876e+00,
       4.5293123051676197e+01, 8.0216651018398622e+01,
       7.3718176107373159e+00, 2.3435767719213663e+02,
       -7.9919131668189172e+00, 2.6660146192635043e+01,
       -9.0317011967064520e+00, -8.4093369898363814e+00,
       -4.5864738122985308e+01, 1.0848250463177013e+02,
       8.1264521267666382e+01, 1.5548718343518019e+01,
       4.8450913804686797e+00, 2.2751561419635188e+01,
       -1.1624233101629446e+02, -2.0319420736761703e+01,
       4.9820631726084997e+01, -7.1283423208933838e+00,
       -2.3194666211813299e+02, -1.0068382326856849e+02,
       -1.5412502107117062e+01, 1.7913027041049773e+01,
       -4.2838899173440668e+00, -2.7444389163224577e+02,
       6.6177035948024795e+01, -9.2753851409123502e+00,
       -4.7097998409537418e+01, -1.4789112139748637e+01,
       -1.6484605252912394e+02, -2.4111209440924927e+01,
       3.0414158175559386e+01, -1.5488386248652430e+01,
       -1.1968992047450004e+00, -2.6760853465459125e+01,
       -3.3406872977569094e+01, 8.4529913290575365e+01,
       -3.9012857384189964e+01, 1.1417013024005232e+01,
       1.1166393140949157e+02, -5.6364123348391665e+01,
       6.6872845764229751e+01, -4.1901708989682938e+01,
       2.1759797224223529e+01, -6.2201740677162519e+01,
       2.7891735594965564e+01, -1.6282306010023280e+01,
       -2.8535938835384631e+01, 3.7312649246561762e+01,
       -1.4165997657395306e+02, 3.2652669426476379e+01,
       7.3440367325595148e-03, -2.4482859334990799e+01,
       7.6160961392250250e+00, 1.6728221087342003e+01,
       4.9914935006306152e+01, -7.3553274222950208e+01,
       -3.6147369322466886e+01, 3.7679062760224497e-01,
       1.5078662829968400e+02, 6.4559504285806231e+00,
       -5.4177300161161448e+01, -2.0113960207756552e+01,
       -6.2701831205515663e+00, 1.3472248044736341e+02,
       -1.0244658077420144e+02, -1.7847950244652989e+01,
       -1.6827333704533675e+01, -2.0086620243606932e+00,
       1.2176443043023750e+02, 3.6362687390450233e+01,
       8.5873369694238804e+00, -3.9566674847677660e+01,
       -1.8718103490435070e+00, -1.0914170980805036e+02,
       -1.5866556069331120e+01, 7.4848504268897287e+01,
       4.6526149276777993e+01, -5.6176970515016729e+00,
       5.5178716565878602e+01, 2.2412066639813698e+01,
       -6.5072808874084336e+00, -1.3139500393593606e+01,
       2.0126031548104915e+01, 1.1817891658172903e+02,
       1.0430077928452639e+02, -5.7486040236020813e+01,
       4.6077268604203901e+01, -6.7647652914202796e+00,
       -2.1973831418341018e+02, 1.0097544039666667e+02,
       5.9303535740429041e+00, 2.9981205187076757e+01,
       -5.7235122048599445e+00, -1.0792825794522604e+02,
       -1.5122757120316686e+02, 6.4985890476781975e+01,
       3.5028495136440259e+00, -4.6961012176155972e+00,
       1.3088626301330754e+01, -9.5359615737020373e+00,
       1.9579528942532239e+01, -1.8226159248245160e+01,
       2.7240881862173962e+00, -1.3728304008643076e+02,
       -1.0107136085909238e+02, 3.1699482313453473e+01,
       6.9673432039186281e+01, -1.9494789647281515e+01,
       2.0322852768733281e+01, -9.7375614855081736e+01,
       -9.0889271376965411e+01, -1.2290933192316174e+01,
       5.3608423826254397e+00, 1.1048067046082338e+02,
       1.0327617088587286e+02, -3.2748890379019763e+01,
       2.0488836622684556e+01, -2.2820567292988223e+01,
       -4.1872619452678123e+01, 1.8324033268398983e+02,
       6.8085573540125806e+00, -1.0797293464074241e+02,
       -6.2684122393742303e+00, 9.6023453360712622e+01,
       -5.8804128960639169e+01, -1.0464597284313541e+01,
       -6.6715700956841857e+01, -2.4960672678954428e+01 ]
