%YAML:1.0
means: !!opencv-matrix
   rows: 27
   cols: 1
   dt: d
   data: [ -6.5708365096121526e+01, 1.2790165049202092e+02,
       -2.0413327925706591e+02, 3.3668638019197452e+01,
       2.0974053553986658e+02, -8.7956440941132200e+01,
       -3.2956325170443824e+02, 1.0526197465890981e+02,
       -3.8015203722262534e+00, -1.5573862045228336e+02,
       1.8217592402752837e+02, 1.4661652066996526e+01,
       3.0471429500096684e+02, -2.9769102666104561e+02,
       6.8608100208655486e+01, 2.3935645089701126e+02,
       -4.3880714896539729e+01, -1.0924891368004867e+02,
       -2.6553258830610326e+02, 1.5512436035172334e+02,
       -2.3193392939593431e+02, 5.1438432476092423e+01,
       -1.7993607253799672e+02, 2.7239527800736511e+02,
       -2.3328285196515800e+01, -1.3181587554715466e+02,
       8.5926052412931838e+01 ]
covs: !!opencv-matrix
   rows: 27
   cols: 1
   dt: d
   data: [ 1.0490537679859379e+02, 1.3644523212232752e+02,
       1.4483561548153469e+02, 7.2201401400066530e+01,
       2.1932534185107679e+02, 1.0376258584847142e+02,
       8.4264511664072745e+02, 1.0955039211966934e+02,
       8.3541084602117536e+01, 1.2936755663375604e+02,
       2.0849940314029055e+02, 7.5571722081942440e+01,
       8.1384062936376029e+02, 4.5160810716199916e+02,
       7.7892545702553548e+01, 2.2677844128809610e+02,
       1.0412990194016936e+02, 1.1149920790658868e+02,
       2.5126603121122386e+02, 1.7974720418907771e+02,
       1.7292584786618792e+02, 7.0849913113556269e+01,
       1.4821825251561478e+02, 3.5360670277683749e+02,
       9.4022929045405718e+01, 1.1420351138258320e+02,
       9.4364215049573602e+01 ]
weights: !!opencv-matrix
   rows: 1
   cols: 27
   dt: d
   data: [ 5.2838004762845010e-02, 5.4447449649908178e-02,
       2.6015590317717913e-02, 5.2148525737077678e-02,
       2.5722321725292978e-02, 5.0913217944684508e-02,
       6.6813129085270409e-03, 5.4826775102479061e-02,
       5.1476064177868937e-02, 3.2071316208711273e-02,
       3.6144104356753692e-02, 5.4145041622832901e-02,
       6.8678778718778144e-03, 1.2041066579026231e-02,
       4.7864722174374215e-02, 1.6638805054657851e-02,
       5.4009057964389505e-02, 4.2927272639771759e-02,
       1.9697616476019884e-02, 4.8520117371041595e-02,
       2.6098752903751837e-02, 4.9774497292820394e-02,
       2.8417293451106829e-02, 1.1068499827210150e-02,
       5.1185348178518532e-02, 3.8363727436295431e-02,
       4.9095620264425016e-02 ]
pca_proj: !!opencv-matrix
   rows: 1
   cols: 21
   dt: f
   data: [ 1.02604255e-02, 8.46533298e-01, 5.67100069e-05,
       -5.08859605e-02, 4.68450844e-01, 1.89823491e-04, -5.55210514e-03,
       1.46431834e-01, -1.98076777e-05, -7.31809530e-03, 1.34976640e-01,
       -4.80776835e-05, -6.69380091e-03, 1.46460637e-01, -1.57161594e-05,
       2.11501210e-05, 1.32904761e-05, -3.16381829e-07, -1.62182951e-05,
       4.47223283e-04, 4.04881848e-06 ]
pca_mean: !!opencv-matrix
   rows: 1
   cols: 21
   dt: f
   data: [ 4.33646118e+02, 2.44701981e+02, 1.49672687e+00,
       4.18191803e+02, 2.60206879e+02, 1.62062907e+00, 3.68545319e+02,
       2.27059875e+02, 1.69770968e+00, 3.19420807e+02, 1.63929108e+02,
       1.75046074e+00, 3.16613464e+02, 2.25532654e+02, 1.70717156e+00,
       1.08872897e-04, -9.74175637e-05, 6.24380555e-05, -2.17504916e-04,
       -2.50119597e-01, 1.75055194e+00 ]
gamma: !!opencv-matrix
   rows: 27
   cols: 1
   dt: d
   data: [ 7.8594221008500365e-01, 8.2476467927262642e-01,
       8.6346669494942252e-01, 7.7032278401305398e-01,
       8.6717106010515865e-01, 7.9903712530802296e-01,
       9.0835456545211668e-01, 8.1048818603548001e-01,
       7.6429852956092259e-01, 8.3979393493664301e-01,
       8.5486586350480243e-01, 7.6529055603909957e-01,
       9.0273666212972647e-01, 8.9812084168654993e-01,
       7.8740979815071677e-01, 8.7861718530613475e-01,
       7.7497884690151919e-01, 8.1236182812503366e-01,
       8.8726905423945668e-01, 8.4085078916296840e-01,
       8.7497528386492929e-01, 7.7796333671565254e-01,
       8.5245221001613680e-01, 8.9056021933302509e-01,
       7.6751586651524384e-01, 8.2603372039396306e-01,
       7.9818098264558235e-01 ]
