%YAML:1.0
means: !!opencv-matrix
   rows: 4
   cols: 12
   dt: d
   data: [ 6.3802268477720183e+01, -1.2648580380671762e+01,
       -1.0213417211101278e+01, 1.2147367285812319e+01,
       5.9267840080116851e+00, 3.7360502231128963e+00,
       7.7290190870306785e-01, -1.4576764657538038e-01,
       -3.3358252925240711e-01, 1.9749391089021302e-02,
       2.1833158413949359e-02, 9.5826847027915291e-03,
       -1.7354642742167138e+02, -3.3583372315856131e+01,
       4.1894019304190621e+01, 1.5944377377081034e+00,
       -1.2903395543413854e+01, -3.0103634670929997e+00,
       -1.1664735382821652e+00, 4.8809103638227908e-01,
       -3.5922674848808844e-01, 1.1792160385046034e-01,
       -3.5183115660697581e-02, 1.1662037988531165e-03,
       2.2863004645519069e+01, -5.5808053488692551e+01,
       -3.7743050223390013e+00, 1.6415128999014861e+01,
       6.0531858033651242e-01, -1.2934917779427344e+01,
       -3.8288850981521336e+00, 3.3805639814441435e-01,
       2.6335707843104523e+00, -8.4799971599418128e-02,
       -9.8307102200212257e-02, -3.3184110893372171e-02,
       -2.3748478432985646e+01, 1.1466644637094905e+02,
       -1.1721464245397819e+01, -5.0985297200502806e+01,
       -4.7305257061670289e+00, 3.9494830884096033e-01,
       1.4677968023459895e+00, -3.1178585732997688e-01,
       -3.4194872422191896e-01, -1.2333597191906041e-01,
       3.6310539105409705e-02, -9.3715741847108566e-03 ]
covs: !!opencv-matrix
   rows: 48
   cols: 12
   dt: d
   data: [ 1.0834056852019990e+04, 8.3806373208644217e+01,
       1.0878860044932253e+03, -4.6179549706757291e+02,
       -1.1852091502560236e+03, -3.5563085597787426e+02,
       -1.0135411470163643e+02, 1.0844256506602918e+01,
       -3.1568851305605985e+01, 1.8983054921965481e+00,
       -1.0668898031371779e+00, -4.4323312223326283e-01,
       8.3806373208644260e+01, 8.5991625119070450e+03,
       3.2264161590172529e+02, 1.4692017122040988e+03,
       -1.4204982382846063e+02, -3.9627748436050723e+02,
       -5.8552697064665331e+01, -1.7122187289701007e+01,
       -1.2382123694041155e+01, -9.0798397519306473e+00,
       -1.0451241049318809e+00, -1.6679590341950806e-01,
       1.0878860044932251e+03, 3.2264161590172534e+02,
       3.0691972121750055e+03, -1.1338341551140181e+02,
       2.8569167160996471e+02, 1.0021547798770608e+02,
       3.1727446822417928e+01, -3.3760236172648077e+00,
       5.7311943632162645e+00, 1.2764339266591571e+00,
       -1.6119922937231274e-02, -1.4206482604872117e-01,
       -4.6179549706757291e+02, 1.4692017122040986e+03,
       -1.1338341551140176e+02, 2.2438205305603283e+03,
       -6.8448436858252165e+01, 9.6799952594236103e+01,
       8.8237526628645426e+00, 9.4833513432197254e+00,
       7.2832598887133484e+00, -5.4636769193840284e-01,
       6.3440246487411722e-01, -6.2564552686193889e-02,
       -1.1852091502560236e+03, -1.4204982382846063e+02,
       2.8569167160996471e+02, -6.8448436858252165e+01,
       5.3401670029558045e+02, -6.3731371723330085e+01,
       -9.0179256233653557e+00, -9.5199166184690647e+00,
       -5.2130496591124489e+00, 7.6673128543153501e-01,
       2.1802807856984019e-01, 2.3180168300368450e-02,
       -3.5563085597787426e+02, -3.9627748436050717e+02,
       1.0021547798770608e+02, 9.6799952594236075e+01,
       -6.3731371723330064e+01, 2.5846030116586763e+02,
       -6.4008093612944350e+00, 2.2220451987034293e+00,
       5.3616788170749761e+00, -2.1036085107264992e+00,
       -1.3161963027780560e-01, -1.9639903938759717e-01,
       -1.0135411470163643e+02, -5.8552697064665345e+01,
       3.1727446822417935e+01, 8.8237526628645444e+00,
       -9.0179256233653557e+00, -6.4008093612944341e+00,
       2.4181992378590298e+01, 2.1758493362039122e-01,
       3.6078103632868013e+00, 1.3976498338039778e-01,
       -6.2466367747240389e-02, 5.4258086366557774e-02,
       1.0844256506602914e+01, -1.7122187289701010e+01,
       -3.3760236172648064e+00, 9.4833513432197272e+00,
       -9.5199166184690682e+00, 2.2220451987034293e+00,
       2.1758493362039111e-01, 1.4276857390352461e+01,
       -7.5505931496856482e-01, 5.9434672538345734e-01,
       -5.6465501314648340e-03, -5.8552979073855042e-03,
       -3.1568851305605985e+01, -1.2382123694041155e+01,
       5.7311943632162645e+00, 7.2832598887133493e+00,
       -5.2130496591124480e+00, 5.3616788170749761e+00,
       3.6078103632868013e+00, -7.5505931496856482e-01,
       1.3238825677192996e+00, 2.3725715412442099e-02,
       2.3038325423333655e-02, 1.6201544938393698e-02,
       1.8983054921965481e+00, -9.0798397519306508e+00,
       1.2764339266591571e+00, -5.4636769193840262e-01,
       7.6673128543153501e-01, -2.1036085107264992e+00,
       1.3976498338039778e-01, 5.9434672538345734e-01,
       2.3725715412442099e-02, 3.0850329985310637e-01,
       2.0375298475178563e-02, -2.1935709339430091e-04,
       -1.0668898031371781e+00, -1.0451241049318807e+00,
       -1.6119922937231274e-02, 6.3440246487411722e-01,
       2.1802807856984022e-01, -1.3161963027780557e-01,
       -6.2466367747240382e-02, -5.6465501314648340e-03,
       2.3038325423333662e-02, 2.0375298475178560e-02,
       3.4129342711435286e-02, -1.2609881966721070e-03,
       -4.4323312223326283e-01, -1.6679590341950798e-01,
       -1.4206482604872117e-01, -6.2564552686193917e-02,
       2.3180168300368464e-02, -1.9639903938759715e-01,
       5.4258086366557781e-02, -5.8552979073855068e-03,
       1.6201544938393698e-02, -2.1935709339430129e-04,
       -1.2609881966721070e-03, 1.9854392143718817e-03,
       6.4997418647770864e+03, -3.0701007099194226e+02,
       2.9531041970023257e+03, -8.1398723362882913e+02,
       1.2600405861603095e+02, 9.9360136447397650e+01,
       7.8828471310859257e+01, 2.3510746156957744e+01,
       1.3923337356894557e+01, 4.5246592019678342e+00,
       -1.6456128040277060e+00, 4.1273261452656179e-01,
       -3.0701007099194243e+02, 1.0345216531756201e+04,
       4.7417611320496121e+02, 8.1312053932264973e+02,
       7.4062632072635597e+02, 2.1689162671169564e+02,
       9.0388095179111033e+01, 4.0104759449039740e+01,
       1.2318728751817265e+01, 4.3547551862842232e-02,
       -3.3539040292544247e+00, -1.8376302324394511e+00,
       2.9531041970023252e+03, 4.7417611320496127e+02,
       2.4345032491353177e+03, 9.0540237061816242e+01,
       -1.3757743848769400e+02, -9.4037416807085439e+00,
       -2.7050971646618947e+01, -6.4954276899551715e+00,
       -7.3248449999083771e+00, 2.6199080214766329e-01,
       6.5478136034577950e-01, 1.5618740222372560e-01,
       -8.1398723362882924e+02, 8.1312053932264996e+02,
       9.0540237061816228e+01, 2.4581089715211497e+03,
       -3.2388825243393268e+02, -1.0627465595510715e+01,
       -2.6160779082399813e+01, -2.3368454831619797e+01,
       7.0903114888905661e-01, 2.8565378878931353e+00,
       1.3566737417283916e+00, 6.5438157630212312e-01,
       1.2600405861603095e+02, 7.4062632072635597e+02,
       -1.3757743848769400e+02, -3.2388825243393268e+02,
       2.4775400955635106e+02, 5.1646484666967581e+01,
       1.8317903904966986e+01, 1.4063652831867088e+01,
       8.2659927271997606e+00, 7.5171231223607449e-01,
       -1.4950612014044717e+00, -4.0375080145001313e-01,
       9.9360136447397650e+01, 2.1689162671169569e+02,
       -9.4037416807085439e+00, -1.0627465595510710e+01,
       5.1646484666967588e+01, 2.5287330549623994e+02,
       -1.8195584965509235e+00, 8.9263618674632728e+00,
       7.1208357387464014e+00, -2.6552227418184915e-01,
       3.2528015840809021e-01, -1.1279407133786691e-01,
       7.8828471310859257e+01, 9.0388095179111033e+01,
       -2.7050971646618947e+01, -2.6160779082399817e+01,
       1.8317903904966983e+01, -1.8195584965509231e+00,
       3.0691832304306864e+01, 3.9289370359124298e+00,
       9.6201732560448594e-01, -2.3630330017027136e-03,
       -2.7864216438056037e-02, -7.3559335046153689e-03,
       2.3510746156957744e+01, 4.0104759449039740e+01,
       -6.4954276899551697e+00, -2.3368454831619797e+01,
