%YAML:1.0
means: !!opencv-matrix
   rows: 18
   cols: 1
   dt: d
   data: [ 4.1097259869609438e+01, -2.2400902407504921e+02,
       2.3945576399118019e+02, -1.0475130807352569e+02,
       -4.4891141566348615e+01, 1.2903137357457734e+02,
       1.9868265124315158e+02, -1.4034655835985552e+02,
       -3.1032239187876377e+02, 6.9916039113215518e+01,
       1.1768747854527540e+01, 1.6278217678901262e+02,
       -2.6810924249201446e+02, 9.9707042926981217e+01,
       -7.5101478021099467e+01, -1.8267674564819433e+02,
       2.8426570312786021e+02, -1.6232077267460738e+01 ]
covs: !!opencv-matrix
   rows: 18
   cols: 1
   dt: d
   data: [ 1.9737057002633324e+02, 4.0836168568446482e+02,
       6.1991821617067205e+02, 2.9864088364588855e+02,
       2.1710671702293897e+02, 2.3755396991984273e+02,
       3.9576513508504598e+02, 3.6489475506695078e+02,
       1.0775431112851029e+03, 2.0594857342752366e+02,
       1.8703211257447043e+02, 2.8226770842353284e+02,
       5.2024414960403476e+02, 2.1413671509245117e+02,
       2.5509288226002528e+02, 4.1358590680830633e+02,
       1.1269990903411979e+03, 2.0176904690561841e+02 ]
weights: !!opencv-matrix
   rows: 1
   cols: 18
   dt: d
   data: [ 8.3886412347239134e-02, 3.7408210681458338e-02,
       2.4674663688647687e-02, 6.6790822426643193e-02,
       7.2345513806571574e-02, 6.6556892738537626e-02,
       4.0875406529025507e-02, 6.0256967618459778e-02,
       1.4963242442856434e-02, 8.3443415568209847e-02,
       8.1358332275936640e-02, 5.5679904937344114e-02,
       2.4341695121624669e-02, 7.8607273095969363e-02,
       7.1628355158142143e-02, 4.9588640438534400e-02,
       1.4480217437879122e-02, 7.3114033686897173e-02 ]
pca_proj: !!opencv-matrix
   rows: 1
   cols: 21
   dt: f
   data: [ 1.02604255e-02, 8.46533298e-01, 5.67100069e-05,
       -5.08859605e-02, 4.68450844e-01, 1.89823491e-04, -5.55210514e-03,
       1.46431834e-01, -1.98076777e-05, -7.31809530e-03, 1.34976640e-01,
       -4.80776835e-05, -6.69380091e-03, 1.46460637e-01, -1.57161594e-05,
       2.11501210e-05, 1.32904761e-05, -3.16381829e-07, -1.62182951e-05,
       4.47223283e-04, 4.04881848e-06 ]
pca_mean: !!opencv-matrix
   rows: 1
   cols: 21
   dt: f
   data: [ 4.33646118e+02, 2.44701981e+02, 1.49672687e+00,
       4.18191803e+02, 2.60206879e+02, 1.62062907e+00, 3.68545319e+02,
       2.27059875e+02, 1.69770968e+00, 3.19420807e+02, 1.63929108e+02,
       1.75046074e+00, 3.16613464e+02, 2.25532654e+02, 1.70717156e+00,
       1.08872897e-04, -9.74175637e-05, 6.24380555e-05, -2.17504916e-04,
       -2.50119597e-01, 1.75055194e+00 ]
gamma: !!opencv-matrix
   rows: 18
   cols: 1
   dt: d
   data: [ 7.7708354459982520e-01, 8.7454507505921164e-01,
       8.8257594511736581e-01, 8.1383204482723237e-01,
       7.7885000396368576e-01, 8.2740297254979600e-01,
       8.6472531685974741e-01, 8.3555859446638836e-01,
       9.0560909868905026e-01, 7.9165732609297168e-01,
       7.6848195638790595e-01, 8.4648803919166249e-01,
       8.9039160157111119e-01, 8.0948734258921196e-01,
       7.9533502357525176e-01, 8.5750151095036076e-01,
       8.9997591251924236e-01, 7.6949440006901149e-01 ]
