%YAML:1.0
means: !!opencv-matrix
   rows: 49
   cols: 2
   dt: d
   data: [ -1.2888697408498976e+02, 1.1814386131888209e+02,
       1.1420923844398541e+02, 2.7444558351326826e+01,
       -2.7755908721925010e+01, -5.9381575397652874e+01,
       -2.0789059803354300e+02, -1.6911723214509036e+02,
       -1.8334632573665553e+02, -2.7778825191989785e+01,
       5.4183307977783933e+01, 2.2211013109585454e+02,
       7.1036199727857493e+01, -1.7845062365826149e+02,
       -5.5721971923802982e+01, 7.0475482365643444e+01,
       2.6492683632122390e+02, 5.6575676930312497e+01,
       1.4311078457254234e+02, -8.7381226237552781e+01,
       5.3177926310008985e+01, 2.0805953924231584e+01,
       1.0158175773009248e+01, 1.6542337199156597e+02,
       -6.8678530026241575e+01, 3.8074992504723304e+00,
       7.2554441792485378e+01, 1.4773105880149856e+02,
       -2.4896021660110145e+02, 1.0776434802435170e+02,
       -8.3443258735347797e+01, -1.8111694914303999e+02,
       -1.4418588680969265e+02, -1.1006436487553442e+02,
       1.3346648463523451e+02, 1.1910811028097648e+02,
       8.2515877817379391e+01, -1.1743143831273262e+02,
       2.2495289141533362e+02, -7.8853222533662866e+00,
       -2.7318659837785589e+02, -1.1347420799897871e+02,
       -9.8759695711725897e+01, -5.4859072471214894e+01,
       2.0296718086934573e+02, -9.2156935816392959e+01,
       1.4439218157573239e+02, -1.4428059547519987e+02,
       1.5712940645774285e+01, 8.7049993956169530e+01,
       -6.8600297181010660e+01, -1.1233872095408570e+02,
       -2.7356831505003322e+02, 8.7352622790160872e+00,
       9.5317036961930825e+01, -3.9431371883209501e+01,
       -4.8005346938489168e+01, 2.1671185211413439e+02,
       2.0763610756783103e+02, 1.0832000720460242e+02,
       -1.1271930758482487e+01, 3.2074348671731961e+01,
       -1.8934643919605355e+02, 1.8254479306810799e+02,
       8.4817807023586170e+01, 7.8278189465070298e+01,
       1.6214034561636583e+02, -2.1268227761666932e+01,
       -4.4007601737376980e+01, -2.8987360176195102e+02,
       5.6043905156804623e+00, -1.3426579248196205e+02,
       -5.1993693571421730e+01, 1.3087561137099357e+02,
       -1.9467406518191234e+02, 4.7726882317364321e+01,
       1.7252373959557337e+02, 5.0449712658186336e+01,
       -1.3514790168671894e+02, 6.3747949051569028e+00,
       1.2875804714945209e+01, -2.0170487139308889e+02,
       3.3117309149134897e+01, -7.5979152545648986e+01,
       -2.2235644267792662e+02, -7.4920068895051685e+01,
       2.7266119990364592e+02, -6.6348060717012331e+01,
       1.6083584157361820e+01, -2.1639336048962448e+01,
       -1.1099682277331888e+02, 5.6032862276572772e+01,
       1.5295785212655755e+02, 1.7783574369352485e+02,
       7.7317689648689154e+01, -2.8369272282445161e+02,
       -9.7650118485211053e+01, 1.8385338095318923e+02 ]
covs: !!opencv-matrix
   rows: 98
   cols: 2
   dt: d
   data: [ 2.8951325844537791e+03, -2.5549010914674383e+02,
       -2.5549010914674383e+02, 9.8892009118292958e+02,
       7.7407418072219696e+02, 9.8922922885255915e+01,
       9.8922922885255915e+01, 8.5064099746632451e+02,
       1.0341193689980555e+03, -1.1850130129999098e+02,
       -1.1850130129999098e+02, 1.1784921950184589e+03,
       3.5169642631932525e+03, -8.0244001175790274e+01,
       -8.0244001175790302e+01, 3.4669460713888425e+03,
       1.5814925990117445e+03, -4.9819936839758213e+02,
       -4.9819936839758213e+02, 9.1643810741074924e+02,
       2.1626788766336026e+03, -1.2080963648792705e+02,
       -1.2080963648792698e+02, 2.1967071572026944e+03,
       1.9888285731961112e+03, -7.2021819733297889e+02,
       -7.2021819733297889e+02, 1.6065448677268357e+03,
       1.1171378856131064e+03, 1.0015081662111322e+02,
       1.0015081662111319e+02, 9.4342516620710796e+02,
       1.5208002474748951e+03, 4.0144092436599641e+02,
       4.0144092436599647e+02, 1.8662745339423595e+03,
       1.3500397634996134e+03, -1.0807521977414184e+02,
       -1.0807521977414184e+02, 7.8033763180218693e+02,
       7.4124097792018154e+02, -1.5430851814172107e+02,
       -1.5430851814172107e+02, 8.4964993318567235e+02,
       1.3825075316482082e+03, -3.0449252299112914e+02,
       -3.0449252299112914e+02, 1.5549328060974954e+03,
       9.7514114889563268e+02, -1.5117487633485007e+02,
       -1.5117487633485007e+02, 1.0918695129322225e+03,
       1.4444902125908168e+03, 2.0257710846758897e+02,
       2.0257710846758903e+02, 1.3972875709904342e+03,
       2.6563164794718959e+03, -2.2293720603207535e+02,
       -2.2293720603207538e+02, 2.0927421581020121e+03,
       1.5830859830105485e+03, -2.5991880326466617e+02,
       -2.5991880326466611e+02, 1.6330492452277110e+03,
       1.1215464426617607e+03, -2.0912405275021192e+02,
       -2.0912405275021192e+02, 1.1855041305051980e+03,
       1.3678999168341695e+03, 7.7447155953133247e+01,
       7.7447155953133262e+01, 1.0985801390301961e+03,
       9.4281945841329082e+02, 7.6624582564381697e+01,
       7.6624582564381711e+01, 1.1016926888920373e+03,
       1.3305717373671825e+03, -1.2751498949621967e+02,
       -1.2751498949621971e+02, 2.0501628316852466e+03,
       1.9818421002061987e+03, -9.2348492688783847e+02,
       -9.2348492688783824e+02, 2.4474701439700061e+03,
       9.8798394416795566e+02, -2.2329099058996384e+01,
       -2.2329099058996388e+01, 9.7854817201014794e+02,
       1.1235475216522673e+03, -4.2493727172286310e+02,
       -4.2493727172286310e+02, 3.0609399323200696e+03,
       1.1455369214736093e+03, -8.1276689725752121e+01,
       -8.1276689725752121e+01, 1.1008618824531798e+03,
       1.2982972851087079e+03, -2.2801365611556963e+02,
       -2.2801365611556963e+02, 1.0404542851563256e+03,
       9.2616975812848978e+02, 4.8575708324585271e+01,
       4.8575708324585278e+01, 1.1129745342094500e+03,
       1.8965445355502111e+03, -3.6519904887191382e+02,
       -3.6519904887191382e+02, 2.3250887487934033e+03,
       9.1727582714873733e+02, 5.6550933266902831e+01,
       5.6550933266902845e+01, 9.8491017078521986e+02,
       2.3605063348935291e+03, -7.8822168292005756e+02,
       -7.8822168292005756e+02, 2.4702520867775420e+03,
       2.2382084669162678e+03, 1.0201894338790580e+03,
       1.0201894338790580e+03, 2.4902511973456594e+03,
       7.7834478334432617e+02, 1.1206577793159164e+02,
       1.1206577793159164e+02, 6.9906374126917910e+02,
       2.4251944797509691e+03, -1.3163743137395821e+02,
       -1.3163743137395815e+02, 2.8434529162979425e+03,
       9.4266517948227261e+02, -6.4080250401016627e+01,
       -6.4080250401016613e+01, 9.3588143602123557e+02,
       9.3619087314311389e+02, -2.7244732970697974e+01,
       -2.7244732970697964e+01, 8.5280743697910145e+02,
       3.1050909886856080e+03, -1.0372554332763150e+03,
       -1.0372554332763150e+03, 2.7767430659104170e+03,
       1.1701728947594188e+03, 1.1821747827502071e+02,
       1.1821747827502074e+02, 1.1904649858839430e+03,
       1.6644396711728725e+03, -1.5613940953908804e+02,
       -1.5613940953908804e+02, 1.2717910608058235e+03,
       1.1447394410443303e+03, 1.0248969566347009e+02,
       1.0248969566347012e+02, 1.2825849755030711e+03,
       1.3600871085532372e+03, 8.8622320997088096e+01,
       8.8622320997088096e+01, 1.1258010126081567e+03,
       1.0323626704734784e+03, -2.4686086131635463e+02,
       -2.4686086131635466e+02, 1.0295065138668965e+03,
       1.7087235326786943e+03, -3.1844000652804402e+02,
       -3.1844000652804402e+02, 1.2509797849915988e+03,
       9.8370803073043510e+02, 1.6989281984178251e+02,
       1.6989281984178251e+02, 8.8430412593143501e+02,
       1.2359790498039870e+03, -4.8073412174793674e+02,
       -4.8073412174793674e+02, 1.1551302900934570e+03,
       1.5813121912135794e+03, -7.7498228531886568e+01,
       -7.7498228531886568e+01, 2.6229743763023894e+03,
       9.1103609497907337e+02, -2.6655682268600085e+01,
       -2.6655682268600110e+01, 6.5383195417805541e+02,
       9.5427613542710071e+02, -2.1741854396634015e+01,
       -2.1741854396634015e+01, 1.1125862256706009e+03,
