%YAML:1.0
means: !!opencv-matrix
   rows: 3
   cols: 14
   dt: d
   data: [ -9.7526333570724859e+01, 9.7602944189509344e+00,
       1.8664686867845358e+01, -1.1206134608042232e+01,
       -1.1098759137911928e+01, -2.6527453512083071e-01,
       3.8685899235350640e-01, 2.1864974319528188e-01,
       -9.0901546578425685e-01, -4.8527377406595372e-02,
       -6.1746442544027523e-02, 4.1705323120306784e-03,
       2.7098365371211199e-03, 3.4456826172668546e-03,
       6.4251598179732596e+01, 6.6065395424125057e+00,
       -1.2979078904499078e+01, 3.8686599262559827e+00,
       6.1961878022339381e+00, 2.8039193034764844e+00,
       8.5295695432621199e-01, -1.9363218825475967e-01,
       -3.0865615035004057e-01, 2.6964196390427825e-02,
       4.3282884995418811e-02, 7.9431982081859184e-03,
       2.3123150353950789e-03, -3.8856218367242274e-03,
       -3.7423928437364843e+01, -5.1675275658781928e+01,
       1.0052730586420404e+01, 1.0638764703716209e+01,
       4.8177789149475209e-01, -1.1293973085761973e+01,
       -4.5613420379280107e+00, 2.9518758581980115e-01,
       3.5155679318929143e+00, 1.7178712323815130e-02,
       -3.5994196307838205e-02, -4.4620149690351427e-02,
       -1.6359817265917925e-02, 8.4733298448969804e-03 ]
covs: !!opencv-matrix
   rows: 42
   cols: 14
   dt: d
   data: [ 1.4779891662320397e+04, 1.2246312149892042e+02,
       4.8937918730773544e+02, -8.3122572346571803e+02,
       6.0588907806498220e+01, 4.4957959866363922e+01,
       8.5480419940734990e+01, -3.0990601141899777e+01,
       2.4443627340804010e+01, 8.9593000598846633e+00,
       -1.1418568629886288e+01, -5.5759393272388480e-01,
       -9.4575602527901086e-03, 9.1257722035101729e-01,
       1.2246312149892050e+02, 1.3270899439262492e+04,
       -2.7440679542141612e+02, -3.8188271152693557e+02,
       3.6383202543449488e+02, 1.6035173408931678e+02,
       1.7344606848000577e+01, -2.0457139912107827e+01,
       2.1434375963613896e+01, -1.2704350224238683e+01,
       2.0644025980251945e+00, -1.2000717391629978e+00,
       -3.1941853658971883e-02, 1.5562125319070227e-01,
       4.8937918730773532e+02, -2.7440679542141606e+02,
       3.2249410674606538e+03, 2.9832272820450220e+02,
       -1.0364944382347964e+02, -3.8637591000961393e+01,
       -3.3514301110046055e+01, 1.1734720245158961e+01,
       -4.3632788973749319e+00, 3.6763488925308345e+00,
       2.2552922132393003e+00, 2.8855370609642828e-01,
       -6.9972253089915087e-02, -1.1857014611398896e-01,
       -8.3122572346571803e+02, -3.8188271152693545e+02,
       2.9832272820450220e+02, 2.8995900731148731e+03,
       -1.4690842128053740e+02, -3.6140263374161151e+01,
       3.2504251183417705e+00, -5.0557828521500960e+00,
       -2.5571176017717803e+00, 1.0542670323839994e+01,
       -1.5148061757690670e+00, 1.5007132610221594e-01,
       1.7908448073327095e-02, 7.8311244948951267e-02,
       6.0588907806498192e+01, 3.6383202543449488e+02,
       -1.0364944382347964e+02, -1.4690842128053740e+02,
       2.1758394047308920e+02, 5.3519022244991191e+01,
       9.8739345261381271e+00, 1.0688069625444482e+01,
       7.1604501305689783e-01, -8.4458220874374279e-01,
       -6.4412879279344282e-01, -1.2668422090989770e-01,
       1.7503884163295173e-02, 5.5005365298996453e-02,
       4.4957959866363936e+01, 1.6035173408931678e+02,
       -3.8637591000961393e+01, -3.6140263374161151e+01,
       5.3519022244991199e+01, 2.1559190242470601e+02,
       -2.3063965247099945e+00, 4.3109069467977408e+00,
       4.4998984621581002e+00, -1.5123800729892978e+00,
       6.7532495360681521e-01, -3.2506682797852943e-01,
       -7.9657253463623963e-04, -6.8499611429940739e-03,
       8.5480419940734990e+01, 1.7344606848000588e+01,
       -3.3514301110046048e+01, 3.2504251183417732e+00,
       9.8739345261381271e+00, -2.3063965247099958e+00,
       2.3927221293208536e+01, 1.3511600852472818e+00,
       3.4534093829892258e+00, 3.1308581649581141e-01,
       -1.1472090337299858e-03, 2.3112057887315032e-02,
       -3.7916863587709203e-02, 1.6004959307518996e-02,
       -3.0990601141899774e+01, -2.0457139912107827e+01,
       1.1734720245158957e+01, -5.0557828521500996e+00,
       1.0688069625444482e+01, 4.3109069467977426e+00,
       1.3511600852472816e+00, 1.5944671975031266e+01,
       -1.2491762983171841e+00, 5.1139666397716133e-01,
       1.5362461031970585e-02, -1.8000884938971354e-02,
       7.9548613767958867e-03, 1.9420210141944134e-02,
       2.4443627340804010e+01, 2.1434375963613899e+01,
       -4.3632788973749310e+00, -2.5571176017717803e+00,
       7.1604501305689783e-01, 4.4998984621580984e+00,
       3.4534093829892258e+00, -1.2491762983171839e+00,
       1.7683886583777237e+00, -1.7984796275785260e-02,
       6.0356327404599813e-02, 2.0040242586594703e-02,
       1.6079369624887284e-02, 3.0498922647917066e-03,
       8.9593000598846650e+00, -1.2704350224238684e+01,
       3.6763488925308345e+00, 1.0542670323839998e+01,
       -8.4458220874374268e-01, -1.5123800729892978e+00,
       3.1308581649581146e-01, 5.1139666397716133e-01,
       -1.7984796275785260e-02, 6.0550084667270809e-01,
       -3.4233664426010682e-02, -5.0118279160640536e-03,
       4.4349700641353133e-03, -1.2317094908944098e-02,
       -1.1418568629886288e+01, 2.0644025980251945e+00,
       2.2552922132393003e+00, -1.5148061757690670e+00,
       -6.4412879279344271e-01, 6.7532495360681521e-01,
       -1.1472090337299905e-03, 1.5362461031970580e-02,
       6.0356327404599806e-02, -3.4233664426010682e-02,
       3.4568113385872179e-02, 4.5825278895376254e-04,
       -9.3504029476913406e-04, -5.9009304496171608e-04,
       -5.5759393272388524e-01, -1.2000717391629983e+00,
       2.8855370609642828e-01, 1.5007132610221599e-01,
       -1.2668422090989770e-01, -3.2506682797852937e-01,
       2.3112057887315039e-02, -1.8000884938971347e-02,
       2.0040242586594703e-02, -5.0118279160640536e-03,
       4.5825278895376276e-04, 2.4688216962682895e-03,
       5.9055601477509575e-04, 2.1567823034883031e-04,
       -9.4575602527900964e-03, -3.1941853658971911e-02,
       -6.9972253089915060e-02, 1.7908448073327130e-02,
       1.7503884163295173e-02, -7.9657253463623465e-04,
       -3.7916863587709196e-02, 7.9548613767958902e-03,
       1.6079369624887284e-02, 4.4349700641353133e-03,
       -9.3504029476913363e-04, 5.9055601477509575e-04,
       2.1810770656408660e-03, 1.0607373505894225e-04,
       9.1257722035101707e-01, 1.5562125319070216e-01,
       -1.1857014611398892e-01, 7.8311244948951267e-02,
       5.5005365298996453e-02, -6.8499611429940757e-03,
       1.6004959307518999e-02, 1.9420210141944134e-02,
       3.0498922647917062e-03, -1.2317094908944098e-02,
       -5.9009304496171586e-04, 2.1567823034883031e-04,
       1.0607373505894223e-04, 1.9897994822921511e-03,
       9.7912231180800245e+03, -4.8101299748889028e+02,
       1.4553817896987180e+03, -1.6478306784722682e+02,
       -1.0942304451774182e+03, -2.0426839551751809e+02,
       -8.9312470376828770e+01, 2.1973781727432065e+01,
       -3.1232164982299974e+01, -9.4950094034373356e-01,
       -1.1386299124029942e+00, -5.9825437892555267e-01,
       3.7293278262345804e-02, 5.1555803283208690e-02,
       -4.8101299748889022e+02, 1.0225961986959304e+04,
       2.5155289480411724e+02, 7.1699562179636735e+02,
       -2.5014700266859867e+02, -4.0260191823055891e+02,
       -4.2728574336483462e+01, -1.3644528299543795e+01,
       -1.1685734325614332e+01, -1.0352787968133756e+01,
       -9.8804135292006212e-01, -6.1248267643882359e-01,
       1.2620085270792408e-01, -1.5386580917326344e-02,
       1.4553817896987180e+03, 2.5155289480411727e+02,
       2.9943949009989287e+03, -6.5721016245180010e+01,
       2.6257575206891670e+02, 6.8904661647997131e+01,
       2.7425995754956233e+01, -4.9755598583243437e+00,
       4.9994010937060596e+00, 1.1915970234936772e+00,
       5.1139215061059951e-02, -6.0469154532000670e-02,
       3.1353541353479973e-02, -7.9554897958252239e-04,
