%YAML:1.0
means: !!opencv-matrix
   rows: 49
   cols: 5
   dt: d
   data: [ 6.3666968943087561e+01, 3.6903498464120290e+01,
       5.9115355102686806e+01, -3.0304299104965711e+01,
       3.5781654725530984e+01, -8.2186006946330423e+01,
       -1.2648599713619323e+02, 7.3393694366287932e+01,
       4.3691688972447039e+01, -1.3944319466967478e+01,
       3.6475130285245328e+01, 1.4612900051176970e+02,
       -7.8576250829616789e+00, -8.1737916700854427e+01,
       1.8855179335800916e+01, 9.9261237720069133e+01,
       -3.0217175225242926e+01, -8.8240694423508785e+01,
       -3.6908723787344655e+01, -4.0167296882096002e+00,
       -1.8281057589410133e+02, 8.1028442073098986e+01,
       2.7410231598133041e+01, -6.3366324927605476e+01,
       -3.1003432272154736e+01, -8.9974533803144595e+01,
       1.8580549185890663e+02, 1.8563143790996417e+01,
       -9.9860978310271975e+01, -1.8971068137115680e+01,
       1.2939417161156274e+02, 1.4939574447635085e+01,
       -9.7405106912341921e-01, 6.3048405546439618e+01,
       -7.8444390489760538e+00, 7.8866529400408950e+01,
       -5.4458136002067704e+01, -2.4387072055554935e+01,
       -6.5354930165885676e+01, -2.4465896264803373e+01,
       -1.5477416971169052e+02, 1.3610353284628660e+01,
       3.6982352717786448e+01, -6.3088392909537298e+01,
       -1.1633146981496617e+01, 1.2854960725368295e+02,
       -7.5515636152608323e+01, -1.5822616314546659e+01,
       1.3099545628687819e+00, -1.1392101621682036e+00,
       1.5503748276967614e-03, 2.7383811991581240e+01,
       -8.4915187999088829e+01, -2.6871200850474082e+01,
       -2.5549747141363405e+01, 2.6531970219733125e+01,
       -1.0859484708210672e+01, -1.1115232885447616e+01,
       -3.0638230129093436e+00, 2.4581724419355488e+01,
       3.9089753411470511e+01, -1.4813492047757063e+02,
       -6.8073287518511858e+00, 3.5579822330835420e+01,
       -6.9690083752374319e+00, 1.3740348605711478e+02,
       3.9109006788282180e+01, 1.8165580428602244e+01,
       -4.0503662041286169e+01, 5.5763945942435000e-01,
       -1.0230949928099461e+02, -1.7866451936802372e+02,
       2.9670069895771380e+01, 4.8161804636870871e+00,
       2.2576944422399317e+00, -1.1470446682542432e+02,
       1.2152304534420628e+01, -2.6759092689350165e+01,
       7.3929727139702095e+01, 1.2872309915217436e+01,
       -1.7782815762791952e+02, -7.4972311204670959e+01,
       1.7096973098039367e+01, 1.7565987412925480e+01,
       -9.9399703478963108e-01, -2.2321316343585752e+02,
       2.6516613301367975e-01, 3.5588734188395541e+01,
       -4.8380101022997202e+01, -8.3685607681834053e+00,
       -4.6495478228996783e+00, -2.8196402181289990e+01,
       -6.6900370267116884e+01, 7.3960810295417957e+01,
       -5.9633051942563480e+00, -6.3932445592499597e+01,
       -7.1433997819525530e+01, -2.7912499900500340e+01,
       -4.6163890756457931e+01, 2.3154118125329294e+01,
       -2.0557697438057693e+02, -4.4710141455284580e+00,
       5.3232036994635280e+01, -3.0418704175135463e+01,
       -1.6324254934195249e+01, 2.0061236348519623e+02,
       -5.0511513879388055e+01, -1.2139190458793566e+01,
       -4.2044633336454638e+01, -6.8018162280352659e+00,
       7.0064399196913641e+01, -6.9923909563934416e+01,
       4.8917889358464002e+01, -4.5586228160492801e+01,
       1.2704554482636645e+01, 1.6303861672230133e+02,
       7.9329191532237402e+01, -4.5212739432662268e+01,
       1.3220310702034537e+01, -7.9810494149635911e+00,
       1.5769479078497616e+01, 6.5011934708592420e+01,
       1.9591676851228797e+01, 1.2425908319006195e+01,
       1.1275074763986352e+01, -1.7989103212449339e+02,
       8.6305912222603510e+01, 4.0112192589155981e+01,
       3.4782220803109510e+01, -7.0804383567449882e+00,
       5.1370144991530552e+01, 5.9536101284422195e+01,
       -9.3816201538135616e+01, 3.7890754419402505e+01,
       -1.5569950066188278e+00, 6.3204421710935719e+01,
       1.0927518497038552e+02, -7.5586693393839814e+00,
       4.2955957002405682e+01, 1.5757232941574268e+01,
       -1.3121876338152791e+02, -8.7201375444609059e+00,
       2.8337874711200968e+01, 9.9766347804823894e+01,
       -1.7483648778730220e+01, 1.2729957198495342e+02,
       8.1436291607681483e+01, 3.5096989193651780e+00,
       7.8882044820047303e+00, -2.8964769424161027e+01,
       1.0155975311705485e+02, -3.2552706885875928e+01,
       7.8934340605035755e+00, -5.2410301994905765e+01,
       -3.0514536835587045e+01, -6.7811726332686419e+01,
       -1.4797747162137493e+00, 1.0351024693644885e+02,
       -5.5987702539567366e+00, -3.9376620910061071e+00,
       -1.3893540691139462e+01, -1.0125578477110858e+02,
       2.8976520110047559e+01, 2.7980485386671656e+01,
       1.6815662564136382e+01, -2.8099831804497649e+02,
       1.6994424113429599e+01, -2.0981016117691695e+01,
       -1.9497044815082145e+00, -6.3299491582376701e+00,
       -2.0682785164691077e+02, 1.5343847370615737e+02,
       4.6868512724751611e+01, -1.9998842327315593e+01,
       -2.0297370539806035e+01, 2.2044490333000508e+02,
       -9.3377776233394485e+00, 3.1511335797701715e+01,
       9.2453676919347600e+00, -7.8342380437226335e+00,
       -8.1963760099842062e+01, -1.1257270419276269e+01,
       2.3663176971086646e+01, -2.4346328140206182e+01,
       2.0762367980982329e+01, 2.4068944754783949e+01,
       -2.6850119903664698e+01, 1.6138976086786975e+01,
       9.3116666939828917e+01, 3.5790694450496963e-01,
       8.7871842484252085e+01, 6.8014840900187309e+01,
       -2.0830648674163953e+01, -8.4519787977195353e+00,
       -2.7257796897486372e+01, 1.9755270988782133e+01,
       4.0006240928348625e+01, -6.0492408819472772e+01,
       -4.3403303913437369e+01, 3.3732198900208825e+00,
       -1.0044020795021964e+02, 1.2501571362050601e+02,
       3.5333230047895192e+01, 9.1171576359640589e+00,
       1.7939666837060151e+00, -5.0593266553641634e+01,
       6.3127144613457070e+01, -2.3160536186102473e+01,
       -2.0900851363082289e+01, 3.8258893311829716e+01,
       -6.7925024805523178e+00, 2.3287677374136344e+01,
       6.8082840256561042e+01, 7.1966561199797241e+01,
       8.2844278202010511e+00, 1.1595606109094233e+02,
       -4.1371017704268851e+01, 6.8357374903905310e+01,
       2.2341927510358893e+01, 1.0713131650675150e+01,
       -1.0774302468999880e+02, -1.4689076599304903e+02,
       -5.6209275873026066e+01, 3.1235517007510360e+01,
       9.6780179469333945e+00, 2.6803594649483369e+01,
       -8.8629380324009745e+01, -8.1323746454351920e+01,
       -6.5776473350564464e+00, 3.4150837890464287e+00,
       1.4045439619305276e+02, 1.2352391568986756e+02,
       -2.0657469696628443e+01, 3.2762318910543144e+01,
       -9.3742490804808511e+00, -1.8998483063405121e+02,
       -1.2382829856835531e+02, -1.1073349405070003e+01,
       5.7552777502322378e+01, -1.6777498955172511e+01,
       -8.9462409452474290e+01, 5.7861485987961757e+01,
       -5.3744821242042640e+01, -2.6112088413610784e-01,
       1.8004499605939127e+01 ]
