%YAML:1.0
means: !!opencv-matrix
   rows: 31
   cols: 3
   dt: d
   data: [ -6.2640561885715996e+01, -1.7483253416095867e+01,
       9.7147158199199978e+01, 2.3014299675787200e+02,
       -3.3842096989302085e+01, -1.7875391100783187e+01,
       -6.1908043214544840e+01, 1.3438052016762657e+02,
       -6.8587550067975101e+01, 1.2684102505283418e+02,
       -6.7527796130191618e+01, -6.7407921854254724e+01,
       -2.5708536462045612e+02, -6.0321338837929630e+01,
       5.0501861254770244e+00, 2.0632892332991965e+01,
       1.9103572734011132e+02, -7.8936460855268242e+00,
       9.2053836848197548e+01, 2.9142294883932639e+01,
       -1.5294867267100216e+01, -1.8167662306298877e+02,
       7.2262279915681106e+01, -1.4578129508866288e+01,
       7.4521420612360799e+01, -2.0200085347970409e+02,
       5.5783723400900485e+01, 1.8215265624459732e+02,
       3.4869211168909132e+01, 2.7040643617390845e+01,
       -7.2773478472538585e+01, -9.4063851219299735e+01,
       -5.0759742927096774e+01, 1.3454642313913027e+02,
       -7.9369417023305530e+01, -8.5351592492686434e-01,
       9.5461163252086436e+01, 1.1544205545069400e+02,
       3.8445195540298819e+01, 9.1603047391472273e+01,
       1.0795927023686183e+02, -4.9244725084959953e+01,
       -7.9474955598327924e+01, 1.9262020455336952e+01,
       -4.0944233703873522e+01, 1.4942514688753469e+01,
       -3.5199452219698344e+01, 1.0983309102542052e+01,
       -2.0054228552216711e+02, -1.5762376555566118e+02,
       1.7132420319827876e+01, 4.4834615788477542e+01,
       -1.1767185801932702e+02, 2.4973536750624667e+01,
       1.3842233717036996e+02, 1.7490702546754588e+02,
       5.0879424389082033e+01, -7.3068254727196731e+01,
       4.4405978459466070e+01, 5.6882333933954101e+01,
       -2.5097511178349370e+02, -2.1610020892722940e+01,
       -2.3968711509768337e+01, -1.4729174935069196e+02,
       -6.5725655743718562e+01, 7.8364326646739556e+01,
       -3.6289323230398928e+01, -1.6393628701093792e+02,
       -2.1717371277492820e+01, 5.2639066598275392e+01,
       4.0477314533002399e+01, 5.7721206394413045e+01,
       2.0612942077140897e+01, 1.5720330565900904e+01,
       -7.8157231550127605e+01, -1.4369535131173294e+02,
       -4.4440009541322496e+01, 2.2529705295732878e+01,
       -1.5609606358784822e+02, 1.8458530129321508e+02,
       -9.7861323492672234e+00, -7.2451723269075330e+01,
       1.5486679818198692e+02, 6.7318816692106367e+01,
       1.4588198583447553e+02, -4.7902587353065435e+01,
       5.6695126863334906e+01, 3.8356261344084380e+01,
       -9.5834962608560460e+01, -7.5433606548111015e+01,
       -1.9393184839035698e+01, 8.7738147652627177e+01,
       -4.3787576356345488e+00 ]
covs: !!opencv-matrix
   rows: 93
   cols: 3
   dt: d
   data: [ 2.1902266703226005e+03, -9.0924807992103854e+02,
       -4.7837391653382122e+02, -9.0924807992103854e+02,
       7.2552123282575394e+03, 8.0919214168291387e+02,
       -4.7837391653382139e+02, 8.0919214168291387e+02,
       6.3344687859358260e+02, 2.1778156183346550e+03,
       -1.5846807609520404e+01, 5.2086765462231165e+02,
       -1.5846807609520425e+01, 4.7549152179986231e+03,
       2.5181922965089925e+02, 5.2086765462231165e+02,
       2.5181922965089925e+02, 7.1851754267505589e+02,
       4.1135138503562866e+03, -1.4001356156800895e+02,
       -5.3287912621356236e+02, -1.4001356156800895e+02,
       4.6269144419907989e+03, -2.2481791319535311e+01,
       -5.3287912621356224e+02, -2.2481791319535343e+01,
       6.9426896791093964e+02, 2.5543133804506974e+03,
       1.0804076476117444e+02, 7.2123768366150682e+02,
       1.0804076476117443e+02, 3.1870491280633264e+03,
       1.8533510919185471e+02, 7.2123768366150671e+02,
       1.8533510919185477e+02, 1.7131587893777871e+03,
       2.1941311222616459e+03, -3.3187940550854370e+02,
       6.7993062429959491e+02, -3.3187940550854358e+02,
       6.9551853442253159e+03, 1.0930218646300939e+03,
       6.7993062429959514e+02, 1.0930218646300939e+03,
       7.5386175676157620e+02, 3.2025944364271963e+03,
       5.9237940921743598e+02, 5.4634957298854840e+02,
       5.9237940921743575e+02, 3.0220063646392632e+03,
       4.5822248437615684e+02, 5.4634957298854840e+02,
       4.5822248437615679e+02, 1.3912597797186966e+03,
       3.5352078803498443e+03, 3.1337323808961202e+02,
       2.8596110914745418e+02, 3.1337323808961207e+02,
       1.8066596046831908e+03, 9.1312893240057022e+01,
       2.8596110914745412e+02, 9.1312893240057022e+01,
       1.3816191917204587e+03, 2.4893108272771574e+03,
       -3.0905748055466830e+02, 5.2002799432814288e+02,
       -3.0905748055466830e+02, 3.4952195848444817e+03,
       2.6860028038210186e+02, 5.2002799432814277e+02,
       2.6860028038210186e+02, 1.4873650300050119e+03,
       2.1675473691728321e+03, -7.9217143058108911e+02,
       5.7945985845177768e+02, -7.9217143058108911e+02,
       6.8304349625890072e+03, 1.0694755328958552e+03,
       5.7945985845177768e+02, 1.0694755328958552e+03,
       7.6142220490047305e+02, 4.4207749466067162e+03,
       1.6564993882884419e+03, -8.7529853730467536e+01,
       1.6564993882884419e+03, 3.7530581777129046e+03,
       6.1530861869116961e+01, -8.7529853730467551e+01,
       6.1530861869116990e+01, 4.4955603650647521e+02,
       2.5146826656471089e+03, -4.6350757543084399e+02,
       9.4446597388851252e+00, -4.6350757543084393e+02,
       3.4775563718793483e+03, 5.7976647299106418e+01,
       9.4446597388851217e+00, 5.7976647299106403e+01,
       6.1259506925036067e+02, 1.8742426389837801e+03,
       -4.5044953513104281e+02, 8.2049868478548842e+02,
       -4.5044953513104281e+02, 3.7956147622494345e+03,
       2.5601136554793476e+02, 8.2049868478548842e+02,
       2.5601136554793476e+02, 7.6921317564256822e+02,
       2.7769470124391341e+03, -5.6992198956394077e+02,
       -4.2350729375506273e+02, -5.6992198956394054e+02,
       2.7178475718847467e+03, 1.2750221470216110e+02,
       -4.2350729375506273e+02, 1.2750221470216106e+02,
       9.0092346652971139e+02, 4.4099639522311127e+03,
       7.7744476250591413e+02, 1.0058548124298092e+03,
       7.7744476250591413e+02, 2.8922312194064511e+03,
       6.5861392353636768e+02, 1.0058548124298092e+03,
       6.5861392353636779e+02, 1.6832309381549353e+03,
       1.7561271533958259e+03, -4.0549114663678625e+02,
       1.9409837245441713e+02, -4.0549114663678625e+02,
       2.9442975685345036e+03, -1.2221521852875651e+02,
       1.9409837245441710e+02, -1.2221521852875651e+02,
       1.2568121172855131e+03, 2.8066960167300858e+03,
       -2.9126008122900959e+01, 7.7073574158443773e+02,
       -2.9126008122900942e+01, 2.0560013985314531e+03,
       -1.4844135610703827e+02, 7.7073574158443773e+02,
       -1.4844135610703827e+02, 1.3537960430733494e+03,
       3.4625242526667280e+03, 2.5877894428083124e+02,
       1.2800149374964053e+03, 2.5877894428083124e+02,
       3.8585326633440163e+03, 4.1287798415401124e+02,
       1.2800149374964053e+03, 4.1287798415401124e+02,
       9.4149348210239998e+02, 2.5228811331477164e+03,
       -2.8952092399417995e+02, 9.9011638889040933e+02,
       -2.8952092399417995e+02, 3.0992765353921768e+03,
       2.4004101722748422e+02, 9.9011638889040933e+02,
       2.4004101722748422e+02, 1.1371802841860394e+03,
       5.2612452198470401e+03, -1.0299420644464558e+03,
       -9.9010307000799764e+02, -1.0299420644464560e+03,
       3.2547573624881120e+03, 3.3741623762429111e+02,
       -9.9010307000799764e+02, 3.3741623762429117e+02,
       5.5146486740626131e+02, 2.7433179551086405e+03,
       -1.7892414225973695e+02, 9.3857817298530676e+02,
       -1.7892414225973690e+02, 2.3810660009098042e+03,
       2.3985096720283028e+02, 9.3857817298530688e+02,
       2.3985096720283028e+02, 1.0289188637559798e+03,
       3.2331780692517395e+03, -1.5727592115390178e+03,
       -1.8245764835350744e+02, -1.5727592115390178e+03,
       7.0498236585986679e+03, 6.5781741464897584e+02,
       -1.8245764835350747e+02, 6.5781741464897584e+02,
