%YAML:1.0
means: !!opencv-matrix
   rows: 8
   cols: 4
   dt: d
   data: [ 6.9098519588160087e+01, 7.8545598194468980e+01,
       4.2530565857124145e+01, 4.1934504511795360e+01,
       -1.8095274290719121e+02, -3.2986165115556048e+01,
       2.7908909914354975e+01, -9.4476661985472106e+00,
       8.9983063576716560e+01, 1.4831982180575261e+01,
       -3.2091765229177909e+01, -3.2391344013426320e+01,
       -4.7684571394435878e+01, 8.4792445829885736e+01,
       -4.4597815946774375e+01, 3.9841463661400695e+01,
       -3.8138651689206043e+01, -2.6493994171587293e+01,
       -1.1813781173009181e+01, -2.1785712734137974e+01,
       -1.9809479869306472e+02, 1.3317947782177328e+02,
       4.1433003109423026e+01, -3.5291518866646179e+00,
       8.0648294216142148e+01, -5.3037247672655305e+01,
       6.3265121433911915e+01, -1.1088101729709775e+01,
       8.7225729755839524e+01, -5.8515155105316836e+01,
       -3.8722726870118102e+01, 2.0637262969124663e+01 ]
covs: !!opencv-matrix
   rows: 32
   cols: 4
   dt: d
   data: [ 1.0117797680698350e+04, 1.0926230483823501e+03,
       -1.3078137050855055e+03, -5.9237265293483051e+02,
       1.0926230483823506e+03, 4.6334946478960210e+03,
       -1.8306213562842601e+02, -2.1517267420195908e+03,
       -1.3078137050855055e+03, -1.8306213562842586e+02,
       1.2492281555381880e+03, 6.6936051862150350e+01,
       -5.9237265293483028e+02, -2.1517267420195908e+03,
       6.6936051862150308e+01, 1.7689812201465222e+03,
       5.6552042819643602e+03, -5.0708701663181370e+02,
       2.4476225468893417e+03, 7.8728128834602023e+02,
       -5.0708701663181358e+02, 7.5106325140693407e+03,
       2.2886622994767578e+02, -1.2008746296962861e+03,
       2.4476225468893417e+03, 2.2886622994767578e+02,
       2.1141258741283891e+03, -2.8222005723647675e+02,
       7.8728128834602023e+02, -1.2008746296962861e+03,
       -2.8222005723647680e+02, 3.0001642800220898e+03,
       4.7214381987968336e+03, 2.0556925333756118e+02,
       2.3143909040852841e+03, 4.3690808441323247e+02,
       2.0556925333756118e+02, 5.0241494359294502e+03,
       -4.5237014257884162e+01, 2.1460577418835428e+03,
       2.3143909040852841e+03, -4.5237014257884191e+01,
       2.4466653597707395e+03, -7.5826157811420444e+01,
       4.3690808441323253e+02, 2.1460577418835428e+03,
       -7.5826157811420430e+01, 1.1806527643753620e+03,
       8.5290117326131276e+03, 1.2212088693228536e+03,
       -1.4165375220735198e+03, -5.3356264540939401e+02,
       1.2212088693228536e+03, 5.1764790012533504e+03,
       -9.9321546409489017e+00, -2.3262180152859878e+03,
       -1.4165375220735198e+03, -9.9321546409489052e+00,
       1.3362046032096512e+03, -1.8615182769467797e+01,
       -5.3356264540939401e+02, -2.3262180152859878e+03,
       -1.8615182769467825e+01, 1.9750781287871334e+03,
       5.3480496193218823e+03, 2.0141949855033322e+03,
       1.5169621023838502e+03, -5.9418287861216811e+02,
       2.0141949855033326e+03, 8.8725691066669078e+03,
       1.0847053927530182e+02, -1.9251336869598299e+03,
       1.5169621023838502e+03, 1.0847053927530177e+02,
       1.5970234296371473e+03, 5.6409144352595931e+01,
       -5.9418287861216811e+02, -1.9251336869598299e+03,
       5.6409144352595916e+01, 2.2705137907683993e+03,
       5.3825319857863615e+03, 2.1435432606531072e+02,
       3.0723955494233287e+03, -3.8430889987904089e+02,
       2.1435432606531083e+02, 3.4851024799509505e+03,
       -2.1023925764715568e+02, -5.4242953880299592e+02,
       3.0723955494233287e+03, -2.1023925764715577e+02,
       2.3783905208413316e+03, -3.4718237460671730e+01,
       -3.8430889987904089e+02, -5.4242953880299592e+02,
       -3.4718237460671745e+01, 1.0267483728033769e+03,
       9.7940768367617547e+03, 7.6013229685072565e+02,
       -2.0256454294653108e+03, -3.9054377044924729e+02,
       7.6013229685072565e+02, 7.3780917960255765e+03,
       7.7094489710038829e+01, -9.8491523544608583e+02,
       -2.0256454294653108e+03, 7.7094489710038772e+01,
       8.2811691721496129e+02, 7.7286113423733141e+01,
       -3.9054377044924740e+02, -9.8491523544608583e+02,
       7.7286113423733141e+01, 2.0569935137150860e+03,
       6.3337331668485194e+03, 2.2128247029550503e+03,
       1.8568823161338994e+03, -9.0968423057816881e+02,
       2.2128247029550498e+03, 6.7136715064679083e+03,
       -1.7762607812925845e+02, 8.1353034160993707e+02,
       1.8568823161338994e+03, -1.7762607812925850e+02,
       2.2344930111115195e+03, 3.8765849869373875e+02,
       -9.0968423057816881e+02, 8.1353034160993707e+02,
       3.8765849869373903e+02, 1.6467375944456287e+03 ]
weights: !!opencv-matrix
   rows: 1
   cols: 8
   dt: d
   data: [ 1.0637520681086116e-01, 1.4659861627128093e-01,
       1.6490089160872620e-01, 1.0000949702720728e-01,
       1.6268634151053896e-01, 4.1249460846585165e-02,
       1.1883899579752880e-01, 1.5934099012724887e-01 ]
pca_proj: !!opencv-matrix
   rows: 4
   cols: 21
   dt: f
   data: [ 4.36961316e-02, 8.50134730e-01, 1.73015636e-04,
       6.54514134e-02, 4.60692108e-01, 2.29939164e-04, 7.67599978e-03,
       1.46649793e-01, -1.37564148e-05, 1.21663406e-03, 1.30500361e-01,
       -5.45994153e-05, 8.06188770e-03, 1.42052382e-01, -2.12945142e-05,
       -2.45414903e-05, 9.56867734e-06, -1.94090262e-06, 3.13729906e-05,
       4.34020360e-04, 2.32224409e-07, 7.68702388e-01, -5.10314330e-02,
       1.14127281e-04, 4.21110362e-01, -3.83849256e-02, 4.02935693e-05,
       2.81941950e-01, -1.35209868e-02, 1.95932400e-04, 2.66951323e-01,
       -4.70317341e-03, 2.29704310e-04, 2.76557714e-01, -1.55316098e-02,
       2.11025646e-04, -3.74769334e-05, 5.54774260e-06, -7.89335627e-06,
       8.86836962e-04, -5.85095040e-05, 1.91629806e-04, 1.28585771e-02,
       -3.46314937e-01, -1.22481215e-04, -4.01510373e-02, 1.58088982e-01,
       -1.45607672e-04, 1.89476740e-02, 5.27356327e-01, 2.33430081e-04,
       1.79703757e-02, 5.36674440e-01, 2.90960423e-04, 1.17339585e-02,
       5.35117626e-01, 2.47836346e-04, -7.02231409e-06, -3.17391914e-06,
       2.59759432e-08, 1.54912759e-05, 1.72088097e-03, 2.08691781e-04,
       -5.93480825e-01, -8.48098937e-03, -8.88030772e-05, 2.05370650e-01,
       3.40346433e-02, 1.63823628e-04, 4.45453286e-01, -5.44621795e-03,
       -1.30590008e-04, 4.45820451e-01, -1.72652975e-02, -2.10900864e-04,
       4.54801619e-01, -3.90723068e-03, -1.75610170e-04, -1.74471352e-05,
       -6.38676829e-06, 1.65030560e-05, 1.38473080e-03, -5.51051289e-06,
       -1.34489819e-04 ]
pca_mean: !!opencv-matrix
   rows: 1
   cols: 21
   dt: f
   data: [ 2.07625534e+02, 2.55653595e+02, 1.54502928e+00,
       2.18915131e+02, 2.60592743e+02, 1.67241716e+00, 2.65274475e+02,
       2.24016678e+02, 1.71669352e+00, 3.19420807e+02, 1.63929108e+02,
       1.75046074e+00, 3.16613464e+02, 2.25532654e+02, 1.70717156e+00,
       1.08872897e-04, -9.74175637e-05, 6.24380555e-05, -2.17504916e-04,
       -2.50119597e-01, 1.75055194e+00 ]
gamma: !!opencv-matrix
   rows: 8
   cols: 1
   dt: d
   data: [ 8.2659101495038012e-01, 9.2491237769764656e-01,
       8.8223913152713895e-01, 8.3335336124298220e-01,
       9.0226132959335181e-01, 9.1066847993635069e-01,
       8.2989210721218731e-01, 9.1984589926299853e-01 ]
