%YAML:1.0
means: !!opencv-matrix
   rows: 48
   cols: 2
   dt: d
   data: [ 4.5483875510170677e+01, 8.1558885747454255e+01,
       -6.1806395528498690e+01, -5.8976875546738796e+01,
       1.8023452124504183e+02, -3.1367395189343853e+01,
       -2.7118043540209356e+02, -1.1007057734202677e+02,
       -1.5799887426144079e+02, 1.2690685266487608e+02,
       -1.5019173273031979e+02, -1.1368727933033955e+02,
       1.6774616175520336e+02, 9.7708341173964669e+01,
       -2.9742109682820111e+01, -1.8777651314833102e+02,
       -1.0673842301457962e+02, 1.3890884119492462e+01,
       5.6633611184562447e+01, 2.2182904133012389e+02,
       -1.8556600424186811e+02, 5.9025333061354011e+01,
       4.7241270177924598e+01, -9.3208849080213312e+01,
       1.1776336330772666e+02, -8.9900933935124350e+00,
       -5.8303341312742329e+00, 4.3001019211794308e+01,
       -8.6477570217415789e+01, 1.4449247800487541e+02,
       1.4577676536787828e+02, -1.7083895015657717e+02,
       2.5579088460256770e+02, -8.6747523458952472e+01,
       -2.5048954497249440e+01, 1.9135512829344927e+02,
       -2.2255972655144186e+02, -1.7276853989732797e+02,
       -1.1245241678666352e+01, -1.0332616858140891e+02,
       -2.2104266608201689e+02, 1.5593221358818727e+02,
       5.6122262287624046e+01, 1.5798173424079753e+01,
       -2.9572565857970977e+02, 4.9791889778858859e+01,
       -1.1732349854841441e+02, -5.1018392543731451e+01,
       1.5162242299115545e+02, 1.7065917846062075e+02,
       -2.4211857732739952e+02, -2.9357136852538379e+00,
       7.0030696783726654e+01, -2.0451742470819568e+02,
       -1.1604006562063569e+02, 2.1485275729093013e+02,
       2.5844396696563444e+02, 7.6520026121414730e+01,
       1.1497125913130114e+01, -3.2382440004397708e+01,
       4.4121883986610769e+01, 1.5411566642926812e+02,
       1.1087534315587401e+02, 4.9922333616689038e+01,
       -2.4813491180487436e+01, 1.1057572197460657e+02,
       9.7031187993576594e+01, -1.3214258030271921e+02,
       -1.0357745053015913e+02, -2.0962056872968023e+02,
       -1.7255903675026420e+02, -6.2451298906839190e+00,
       2.3936871270225325e+02, 9.7582419615561311e-01,
       -8.4763281573559908e+01, -1.3252392339273703e+02,
       1.0401941333120355e+02, 1.1401338900296041e+02,
       1.7918738735929912e+02, -1.1725884314259837e+02,
       -4.5151476221966320e+01, 7.5081602425473246e+00,
       1.7596355765987735e+02, 3.6251129717838381e+01,
       1.9938975488225207e+01, -3.1285112447963417e+02,
       -8.1163465502784149e+01, 6.8435072594258102e+01,
       7.5662626050975007e+01, -4.3236963507603200e+01,
       2.7437924737110063e+01, -1.4932184847016927e+02,
       1.2533863702657445e+02, -8.0037127641247537e+01,
       -2.1251276822685426e+02, -7.0554587298754669e+01 ]
covs: !!opencv-matrix
   rows: 96
   cols: 2
   dt: d
   data: [ 9.2605538695743803e+02, 9.2661701807714763e+01,
       9.2661701807714763e+01, 9.7790549026180736e+02,
       8.6163304700590254e+02, 4.7283129381370465e+01,
       4.7283129381370479e+01, 1.2811690337932673e+03,
       8.8393735384520755e+02, -1.3437356905767655e+02,
       -1.3437356905767658e+02, 1.0980029051815497e+03,
       1.9847122413582551e+03, -9.7314735860485894e+02,
       -9.7314735860485894e+02, 2.7436458698522974e+03,
       2.2375223850843181e+03, -2.7133987188558674e+01,
       -2.7133987188558660e+01, 1.3207544138101553e+03,
       1.1332504488921174e+03, 1.6197556806985929e+02,
       1.6197556806985929e+02, 9.4701771526576749e+02,
       1.2206367082775246e+03, 7.4114639638562267e+01,
       7.4114639638562267e+01, 1.4448779700119542e+03,
       2.0097478553846333e+03, -2.0963275743938954e+02,
       -2.0963275743938962e+02, 1.5311772254227828e+03,
       1.0240043226619969e+03, -4.3092680750530275e+02,
       -4.3092680750530280e+02, 1.3231097542440750e+03,
       2.2136601864268227e+03, -1.7081657765908508e+02,
       -1.7081657765908514e+02, 2.1601486175299769e+03,
       1.7054822388183495e+03, -1.2913011737646127e+02,
       -1.2913011737646124e+02, 1.3592914204030935e+03,
       1.3069124687209792e+03, 2.5680244604506498e+01,
       2.5680244604506488e+01, 6.9861242078754196e+02,
       9.2509780886363149e+02, -1.3391301438146655e+02,
       -1.3391301438146655e+02, 8.8023422586065101e+02,
       7.7676622597480025e+02, -5.1714874439093997e+01,
       -5.1714874439093983e+01, 9.4000888249992181e+02,
       1.1885798217948322e+03, 9.9412802532667541e+01,
       9.9412802532667541e+01, 1.5603715271757553e+03,
       3.1551359519204807e+03, -1.9129430992753282e+02,
       -1.9129430992753282e+02, 1.2025770490725563e+03,
       2.1070425986567429e+03, 2.5363231859837390e+02,
       2.5363231859837390e+02, 2.3060181384509501e+03,
       1.6228419883636805e+03, -2.0103624453834239e+01,
       -2.0103624453834236e+01, 1.4380660236494598e+03,
       3.1419706168812218e+03, -3.8166677797534766e+02,
       -3.8166677797534766e+02, 3.4407299622250202e+03,
       1.0548608885494600e+03, 1.0307246499274704e+02,
       1.0307246499274706e+02, 1.1184360756753942e+03,
       2.2581596325129890e+03, 5.9120680958747812e+02,
       5.9120680958747812e+02, 4.2720463518003853e+03,
       8.5400909821723383e+02, -6.0161822823610741e+01,
       -6.0161822823610741e+01, 7.1431280846824313e+02,
       1.4799133200083193e+03, 8.9056268756086752e+01,
       8.9056268756086780e+01, 4.3287827394622254e+03,
       1.0267909382809207e+03, -1.7857346697732609e+01,
       -1.7857346697732609e+01, 1.1890968695553429e+03,
       2.2794325999698876e+03, 4.4176316528790977e+01,
       4.4176316528790956e+01, 2.4749806607952869e+03,
       1.4158972664909902e+03, 6.3482970700848618e+01,
       6.3482970700848632e+01, 1.5347010681145277e+03,
       1.9004104008970487e+03, -3.1246809490933481e+02,
       -3.1246809490933481e+02, 1.6215049126941869e+03,
       2.8690614972187259e+03, 1.0232792728869749e+03,
       1.0232792728869749e+03, 2.6204965982982098e+03,
       1.7060180057182004e+03, -9.9993361578821379e+01,
       -9.9993361578821421e+01, 3.6777172451655583e+03,
       8.3051930384873992e+02, 2.7490427782066750e+01,
       2.7490427782066757e+01, 9.5319720213698758e+02,
       1.3795153407876717e+03, 2.2870601722865226e+02,
       2.2870601722865226e+02, 1.1123186043966950e+03,
       9.5140077901075858e+02, -1.2301456211568099e+02,
       -1.2301456211568095e+02, 7.7536359867928138e+02,
       9.6717130706904788e+02, 8.3209814198010932e+01,
       8.3209814198010932e+01, 1.0054427618969712e+03,
       1.1919255503636039e+03, -5.4372640006036086e+01,
       -5.4372640006036086e+01, 9.4136448897135676e+02,
       2.5216406420053027e+03, -1.4023837924472755e+03,
       -1.4023837924472755e+03, 2.8561220838345162e+03,
       1.1274097019912042e+03, -1.5089950066686387e+02,
       -1.5089950066686387e+02, 1.3301586960317645e+03,
       1.1442854572571250e+03, -2.7820111564421973e+02,
       -2.7820111564421973e+02, 2.2689565918810804e+03,
       1.0951776023437878e+03, 1.1821912170615302e+02,
       1.1821912170615298e+02, 1.5459425977490926e+03,
       8.7638060269202424e+02, 2.4401308040093684e+02,
       2.4401308040093684e+02, 1.3612326496092212e+03,
       1.3002181313241181e+03, 2.2323717645459442e+02,
       2.2323717645459442e+02, 1.2313448572490256e+03,
       8.9895672888765591e+02, -1.8664623167641017e+02,
       -1.8664623167641008e+02, 1.0240150415486232e+03,
       1.2810244937860880e+03, 1.1097342339842349e+02,
       1.1097342339842352e+02, 1.2132860853074424e+03,
       6.1953503093297459e+03, -2.9561612766324981e+02,
       -2.9561612766324976e+02, 1.8464878891291228e+03,
       1.1619010102741518e+03, -2.1999779211537501e+02,
       -2.1999779211537501e+02, 1.1379655735868673e+03,
       9.9236845083362414e+02, -2.4460797414493186e+01,
       -2.4460797414493186e+01, 7.0231493659371711e+02,
       1.5043719021283496e+03, 6.8082025629049809e+01,
       6.8082025629049795e+01, 8.3177169963023050e+02,
       1.1431790696675032e+03, -6.5556853975782929e+01,
