%YAML:1.0
means: !!opencv-matrix
   rows: 44
   cols: 5
   dt: d
   data: [ 8.8216132390006834e+01, 6.0469097291750778e+01,
       -2.6259730740724727e+01, 4.9862379409656327e+01,
       -4.1374819425635911e-01, -2.7645170603682510e+02,
       -8.7580396123273346e+01, -2.6545784602461030e+01,
       -2.6949644010897860e+01, -7.7803056088882343e+00,
       -2.6206537445404514e+00, -1.0281207827432461e+02,
       2.2323454929704727e+01, 3.5985854593807318e+01,
       3.5442097355817786e+01, -1.5594875880911661e+02,
       4.9338475086053478e+01, 5.5346800815382309e+01,
       2.7975811506891302e+00, -4.8859188279553560e+00,
       -1.3018342968492851e+01, -4.2212589131125299e+01,
       -8.8804461551336971e+00, 1.4143757227325670e+01,
       -1.1907404868595405e+01, 4.1231371693437332e+01,
       -1.7697049668677792e+02, -6.2124713089873156e+00,
       2.9255824000654003e+00, 1.4326598305465842e+01,
       1.6396533196595445e+02, 1.2113043614987719e+01,
       2.5171445816894213e+01, -1.7973193245542543e+01,
       3.4393974156072225e+00, 7.1094567665951331e+01,
       1.7602332256746158e+02, 4.6952687122362121e+01,
       -1.1315159797175047e+01, 1.8147202193106746e+00,
       9.7165196178326809e+01, -7.1351848703855168e+01,
       -2.6865141235216203e+01, 2.2079204452266076e+01,
       -2.8381967552825330e+01, 1.5905543129754702e+02,
       3.2586502066133178e+01, 4.4543557730996262e+01,
       -2.5722357138321634e+01, -1.1717257346165827e+01,
       1.2672783014540357e+02, -9.4413492438417833e+01,
       -7.4951461789177998e+01, -1.1680176887735211e+01,
       -1.5386437361933426e+01, -2.1764010736744041e+01,
       6.7491009772300274e+01, 9.3536514222087760e+01,
       -3.9895975243088806e+01, 2.3829007931565163e+00,
       -8.1799288573981585e+01, 1.0160459341881263e+02,
       -7.3813465435233027e+01, -2.5347879235479791e+01,
       8.2893658222907565e+00, 7.5483076836288134e+01,
       5.7091469139163557e+01, 2.1511429878454599e+01,
       -6.2011771644501543e+01, 7.4308216903440893e+00,
       6.6912114432226673e+01, 5.2447332916576627e+01,
       6.6416426892567387e+01, 4.0409440807435168e+01,
       2.5653136104549834e+01, 4.5256358519354869e+01,
       -4.2902307762599314e+01, -6.1589087066215626e+01,
       -2.5812540999690341e+01, 6.7096006446167289e+00,
       -1.7921963249375750e+02, -1.7147516528524872e+02,
       3.3348286519761054e+01, -1.4827706229058496e+01,
       -2.5473738787258782e+01, -1.2090528546704407e+02,
       -2.8054678745017185e+01, 2.6968676814400229e+01,
       3.0685363796827314e+01, 1.6434646020917474e+00,
       -1.1667521704865729e+02, -1.0406711474948702e+02,
       3.2961468563549531e+01, -5.6746950395062953e+01,
       2.5549684145676053e+00, -6.9642363531900049e+00,
       -7.7308363399463531e+01, -2.3012274503776162e+01,
       -6.1330085284818793e+01, 2.3948771526787645e+01,
       3.4143754399029369e+01, 5.4613937621074832e+01,
       -4.2804363904610952e+01, -7.9629799287381900e+01,
       -1.0547937804881105e+01, -6.3521938004516777e+01,
       4.0858070547226205e+01, -1.7519731084370324e+01,
       7.1214320508426596e+01, 3.1328189776289353e+01,
       1.4717769930446073e+02, -9.6888658887208322e+01,
       -2.0825719782309744e+01, -5.5259284325464179e+01,
       -6.7040529711422705e+00, 8.7889796198504214e+01,
       -6.5827603292160674e+01, -8.0887828303238134e+00,
       6.1943148068583902e+01, 4.4921568695262524e+00,
       2.2958189776733101e+02, 7.7287290495042697e+01,
       9.0953878885013815e+00, 4.2964440263592252e+01,
       -1.4259105489639605e+01, -1.8409759609552415e+02,
       -8.4732249727543127e+00, -6.4870814482301906e+00,
       -6.7574610033720035e+01, -3.2522353962580994e+00,
       -2.7433833982043080e+02, 2.5645409445340462e+01,
       5.4627599145177888e+00, 3.5345930136004526e+01,
       -8.5183891445860862e+00, -1.4743702808737982e+01,
       7.5130346676104210e+01, -3.8798243653040920e+01,
       -2.7431754674409645e+00, 1.2527863131311150e+01,
       -9.9391338377032863e+00, -2.7878434846232199e+01,
       -7.1099485078365285e+00, 9.2479646111398459e+00,
       3.5684107198308176e+01, -3.2160966382001988e+01,
       -4.5282767728195800e+01, 9.7002780800161716e+01,
       7.5134492881018353e+00, -4.1562296655836359e+00,
       1.2944384886562030e+01, -2.3773064618240835e+02,
       6.8802084552394431e+00, 7.5175702813440452e+01,
       -1.7365210821562747e+00, 3.0812102690134612e+01,
       1.7403466280186964e+02, -2.3308347285015937e+01,
       -1.3543137431924574e+01, -9.2342224504727390e+00,
       -8.1935051046786754e+01, 1.8646954178047213e+02,
       1.9331809527932844e+01, 1.0209225892366550e+01,
       9.2640290721329013e+00, -1.8632963366934737e+02,
       -7.3770675196800454e+01, 5.8201257479260924e+01,
       3.7234988940669140e+01, -2.9641947652989124e+01,
       2.2756300341229834e+02, -3.5463200431453636e+01,
       -8.7073421432816644e+00, -1.7564589010916226e+01,
       -1.4139688909619515e+01, -8.5503226648249807e+01,
       6.0429708058184112e+01, 3.6703100110203522e+01,
       -5.9935047187906157e+01, 3.0845972109560620e-02,
       7.3581667503833103e+01, -4.7822566262990627e+01,
       3.8911926656822004e+01, -3.8989706586722981e+01,
       1.7488612323776348e+01, 1.0391223082925418e+02,
       1.4129507918258522e+01, -1.0045882498818660e+01,
       7.0566005487829784e+01, -2.5491113135255635e+01,
       -1.4877641506957690e+02, -2.2325259578954739e+01,
       -3.2541872860397064e+01, 2.0380454340874220e+01,
       2.5983594357706757e+01, 1.1366188019241756e+02,
       2.7526145698684523e+01, -7.9948878386808275e+01,
       3.3698671277760944e+01, -9.6947130572927076e+00,
       -1.3257018387672304e+02, 1.3000678022583017e+02,
       1.0858402156961361e+01, -5.4146618002026472e+01,
       -2.5087349710586064e+01, 1.9124832558863439e+01,
       -6.3608926323334138e+01, 1.0645220165369240e+00,
       4.7215117382706012e+01, -3.9510684313367307e+01,
       1.0341189012518515e+02, -8.3147912134280219e+01,
       7.4342785585478168e+01, -1.4256638014062034e+01,
       2.9067063887754500e+01, -2.3856233366115666e+02,
       8.6129959035327005e+01, -4.4109572451345990e+01,
       -2.4625058072269884e+01, -1.0886866569247646e+00 ]
