%YAML:1.0
means: !!opencv-matrix
   rows: 43
   cols: 7
   dt: d
   data: [ -2.0690584201346049e+01, -2.4349924611525586e+00,
       8.9140565558031746e+00, 5.7748387152963847e+00,
       4.0555579854615154e+01, 4.1771807961963408e+00,
       -8.9626594211032173e-01, -1.3060752409381499e+02,
       1.0995006000640994e+02, 3.4712212753513271e+01,
       2.1932180753059459e+01, 3.5641876449449992e+00,
       -9.6078825901255023e+00, -1.6667941573267209e-01,
       8.2534635419903537e+01, -4.1494805540210514e+01,
       -1.0143382339401152e+01, 2.3322402070671327e+01,
       4.4977717404726780e+00, 1.7627690073462656e+01,
       -6.9254682135808769e+00, 7.9859838422029213e+01,
       1.9785986454809027e+01, -1.3931054129919259e+01,
       -9.1305569804854070e+00, -7.0848692328559357e+00,
       1.3503925486523791e+00, -1.8083623259714326e-01,
       -6.8566230298469941e+00, 5.6414721779524271e+01,
       1.6308881338424776e+01, 4.0329695468605316e+01,
       1.3760629553546135e+01, -9.5277683692873332e+00,
       1.9147988434365153e+00, -1.3343700096162831e+02,
       4.1572146307650193e+01, 3.9918987246570481e+01,
       7.9486858278825608e+01, -3.5746223053906054e+00,
       4.9461680161852117e-01, 2.7336314815260970e-01,
       -1.6858907883262944e+01, -8.6285236596018720e+01,
       1.4083094484295541e+01, -1.7665544909169846e+01,
       1.7240734101248130e+01, -6.3254992352221766e+00,
       2.1936571285749871e+00, 2.9916448736150443e+01,
       -9.9297922400815594e+01, -1.0510806955506519e+01,
       6.9228302292068406e+01, -5.0610253789992621e+00,
       -1.6472124526487024e+00, 2.2201567856967013e+00,
       1.3420605121614230e+02, 8.7794403882067030e+01,
       -3.4793133982724157e+01, 5.4332709515220181e+01,
       -3.3670696079041256e+00, 8.3120794965075522e+00,
       -1.2910355666510580e+00, -1.6771017790439419e+02,
       -6.4983658977928030e+01, 5.0708738779651014e+01,
       2.4873311564636104e+01, -7.2339479515146765e+00,
       9.1937513966930862e+00, -8.5109483849993606e-01,
       6.1358979707506059e+01, -7.2392081413735553e+01,
       -2.2913860795984721e+01, 4.2474229312100618e+01,
       -1.1598921076997074e+01, 4.4835490423458459e+00,
       2.7004674364565678e-01, -8.3100954169858753e+01,
       5.7833786771639090e+01, 7.7975454840555628e+01,
       -4.3288493895126905e+01, -1.4089765219932863e+01,
       -1.1965496933046444e+01, -4.2839155339747609e-01,
       5.4711071683697270e+01, 1.8207446083132371e+01,
       -4.3984454637609538e+01, -3.3886256749345797e+01,
       -2.3710627235592387e+01, -2.0707910487613724e+01,
       1.5176970336302611e+00, -8.2001625807313786e+01,
       1.4566629909264595e+01, 2.5810445379573643e+01,
       -2.1799553800590502e+01, 1.9449218615252779e+01,
       -1.5622683708262569e+01, 2.1876010531665289e+00,
       -2.3753305581016141e+02, -5.3014990903417626e+01,
       -2.0520269300087080e+01, 2.3598412911322090e+01,
       1.9528303576230088e+00, -7.6403855138756216e-01,
       1.1203645646472478e+00, -9.8838797682111021e+01,
       -6.4020272663682604e+01, 5.1024669981686522e+01,
       3.3852905471388638e+01, 2.5797998179060473e+00,
       -7.9109705114669078e+00, 3.8478424826990869e+00,
       6.7228101551548693e+00, 5.4375824813141683e+01,
       1.4945547490805804e+01, -3.3935978235951779e+01,
       3.7858028306397394e+01, -9.7209454446192289e+00,
       2.2642385920366217e+00, -1.7563232568520117e+01,
       2.2767940800199746e+01, -6.9032935542147541e+01,
       -5.0448539990389749e+00, 1.8692479707872828e+01,
       2.2166173611112248e+00, 8.3480359423117123e-01,
       -2.0223144830351040e+02, 8.6575784234197002e+01,
       3.8667093098398887e+01, -4.8703182342968532e+01,
       -2.6879903742834252e+01, 1.1219101665356199e+01,
       -3.1464675808747065e+00, 8.1353787139163870e+01,
       1.2094311047229624e+01, -2.7981753770823168e+01,
       -2.9753862668759108e+01, -2.9957112965119393e+01,
       -1.7708774646907926e+01, 1.0717401480486371e-02,
       -2.2441021840224535e+00, 1.5422133736535841e+02,
       7.2381357266895643e+00, -8.7311454805633517e+01,
       1.7868989899090476e+01, 2.0122399648475827e+01,
       -1.7009298813298794e+00, 1.1918617451475887e+02,
       -4.4839475631096036e+01, -3.0256973585446900e+01,
       3.4084822563083563e+01, -3.8062883952931195e+00,
       1.3327191685386971e+01, -2.2254606362455920e-01,
       -1.8412092167098113e+01, 6.0985893585172867e+01,
       -6.6684270748098688e+00, -5.2913075816729766e+01,
       -2.0141756083073190e+01, -1.1030178104683138e+01,
       7.7422036333073230e-01, 1.5269703842042182e+02,
       1.5896799931082343e+01, 3.3367902019053673e+01,
       -3.1450134803268572e+01, -2.7985107997300208e+01,
       -1.9784779641717751e+01, 8.2505633986730598e-01,
       5.6610001624680075e+00, 4.5735052705138067e+01,
       1.8702593173274508e+01, -3.6223183087378622e+01,
       1.7613582119890566e+01, -1.2642091483057394e+01,
       -2.9565951871800515e+00, -2.0585046946852870e+02,
       1.2271621539542845e+02, 4.9984938417166575e+01,
       -5.7004075436708298e+01, -2.0156047123106383e+01,
       3.6692750246011144e+01, -6.6029514371270395e+00,
       -1.9110924635169661e+02, 4.9749303327176371e+01,
       3.9573647908166173e+01, -3.2229562876397118e+01,
       -8.7102401540694903e+00, -6.3129222631712001e-01,
       -4.9633469086076848e-01, 1.4367100865405968e+02,
       1.5803972798716760e+01, -6.1999116196424595e+01,
       -1.3317181668902457e+01, -6.5693215834290459e+00,
       1.3466890695177133e+01, 2.3011307438864842e-01,
       1.2736139972544059e+02, 2.9892123696895645e+01,
       -3.1955575968222146e+01, -1.3218835356347828e+01,
       -5.1279083137140020e+00, 1.9564609995410869e+01,
       -8.3092619945749444e+00, -3.0487627054920150e+01,
       -7.3949155130759465e+01, -5.5504516418849171e+01,
       4.3121565735481937e+01, 1.4916685009543556e+01,
       8.7414017970337774e+00, -2.2071853069017913e-01,
       6.7686726482504085e+01, 1.5542640917054834e+02,
       -1.1154559154020536e+01, -8.2262377112824595e+01,
       1.5761782551257129e+01, 7.4100949607306861e+00,
       2.0530328448028357e+00, 7.8662226994585666e+01,
       -7.8943068725153907e+01, -9.0152442721402295e+00,
       4.3488253050682196e+01, 3.4971095356307202e+00,
       1.0313718158843358e+01, -1.3454423225841522e-01,
       -2.2064351191752917e+02, 6.9389160493350879e+00,
       4.9805587163575460e+01, 1.5274896263501607e+00,
       -1.5284984524825253e+01, 1.0875016678561099e+01,
       -9.5812241121856412e-01, -1.9661523858638171e+02,
       5.6057681091731659e+01, -9.7236881068411325e+00,
       -4.6842443078670421e+01, -1.3404689619658743e+01,
       -1.4197449907259962e+01, -2.0864670545372768e-01,
       7.9553727479141941e+01, 4.2716954915510279e+01,
       -1.3237585658020965e+01, -3.8816547110704811e+01,
       2.7660684235878811e-02, -1.5883045501989775e+01,
       1.0920261375572211e+00, 2.2895865340630542e+02,
       -3.2440568563039101e+00, 1.0765220963939116e+01,
       3.2079506840886209e-02, -8.3270711796008516e+00,
       1.2316071715828947e+01, -6.4548442888661206e-01,
       -6.3809388309370874e+01, -9.2824001685854526e+01,
       1.3969110692068137e+01, 5.4388172445150168e+01,
       5.6658235535062644e+00, -4.4276175477068263e+00,
       1.7793493019620148e+00, 7.7957582559694231e+01,
       9.2084744606347630e+00, 1.9016618358451684e+01,
       1.9212039280156945e+00, 1.9834130289200072e+01,
       4.1888891121864695e+00, 9.6794433557057524e-01,
       1.3744060851385282e+02, -6.7119277950492817e+00,
       -4.9418809674388584e+01, -7.0136029925468684e+00,
       -5.8040448733926571e+00, 1.1003932558336054e+01,
       1.1491476860053916e-01, -1.4115746168139896e+02,
       -4.6082511789650617e+01, 4.0914212915190099e+01,
       -2.5018226857674353e+01, 6.4030067122038015e-01,
       -9.4681076222237675e+00, -7.7213378232001328e-01,
       -3.5221238017250570e+01, -5.2649570676265490e+01,
