%YAML:1.0
means: !!opencv-matrix
   rows: 19
   cols: 6
   dt: d
   data: [ 1.1334873129910108e+02, -7.5448280657190381e+01,
       4.1234661187025452e+01, -1.9956313975599375e+01,
       1.0087571281424729e+01, 5.8898731116027108e+00,
       -2.1473045328698066e+02, 9.2782731192157530e-01,
       5.5877159105213723e+00, 2.1655000744220336e+00,
       -3.3288435739318158e+00, -4.2633148835247523e+00,
       8.2605146823504867e+01, 1.8684332094976945e+01,
       -2.2826825202824001e+01, -3.1841478075294319e+01,
       -2.5704377912063375e+01, -2.0248466424166143e+01,
       1.0331272938249114e+02, -7.1857060736934798e+01,
       -3.7746452817417442e+01, -6.7476189990405828e+01,
       -1.7774406490885312e+01, -3.7809050432987261e+00,
       -1.9584269159262661e+02, -5.8562693687903336e+00,
       3.8697460695346678e+01, 1.3210195039337798e+01,
       -7.9008039621884967e+00, 1.5835133484084153e+01,
       -9.2977533736359874e+01, -8.4341437377565271e+01,
       2.2735486958362593e+01, 5.4525977123030664e+01,
       -8.9576455933162724e-01, -2.8129195978517121e+00,
       8.9934022012192216e+01, 4.5888737537440150e+01,
       -2.7005741666835839e+01, -1.6001892026133209e+01,
       -2.7992731684488572e+01, -1.4181120050522239e+01,
       1.7988059201859077e+01, 1.5293066142340393e+02,
       -2.4029935025036018e+00, -8.5021511674338086e+01,
       1.6070848174208010e+01, 1.4574959685263490e+01,
       1.2686752215971973e+02, 6.5149658842335214e+01,
       3.7887406312346997e+01, 3.3962189010857855e+01,
       6.6509058283534399e+00, 1.6215618153611815e+00,
       2.1501306233447504e+01, -4.4698880545398643e+00,
       -5.2103916651007189e+01, 7.6473301115539005e+00,
       1.1110809293122301e+01, 5.6854986422143448e+00,
       2.2656409350485045e+01, -1.0293851154339619e+02,
       -8.4269755772334225e+00, 6.8268424932532440e+01,
       -5.7707152626672364e+00, -1.7298735177098110e+00,
       -8.3148145655808907e+00, 3.3915755083906568e+01,
       9.7068938884972340e+00, -2.1357065421532177e+01,
       3.7515754153229373e+01, -5.8907764878857787e+00,
       -9.2328193349324721e+01, -6.2952194214120771e+00,
       9.2959717191712741e+01, -6.9042044333143004e-01,
       -4.3099763350132614e+00, -4.6439763417373685e+00,
       9.4307513683851326e+01, -5.3699310237651204e+01,
       -2.8314204012843188e+01, 3.8493084117312605e+01,
       -2.3325858416949696e+00, 1.2357024024855820e+01,
       1.5163183844872208e+02, 8.2370524491992363e+00,
       -4.1721486967802100e+01, -1.1152555865088303e+00,
       -6.2266735699294866e+00, 1.2499996614954703e+01,
       -1.2834134478919080e+02, 4.9249732071417711e+01,
       3.2306237645716521e+01, -3.3196637781005862e+01,
       -3.9481259295334277e+00, -1.1117405611974444e+01,
       -4.6919839283963874e+01, -1.2183603131378824e+01,
       -9.1764386432563523e+00, 1.6360346707647125e+01,
       9.1651593025914853e+00, -1.0866469024980308e+00,
       -2.0687144189993055e+02, 9.8574275490845210e+01,
       4.3249974947365217e+01, -5.0394964983981055e+01,
       -2.2439053222464473e+01, 2.3295955362874619e+01,
       4.1290592388636028e+01, 5.1439468935612091e+01,
       -1.1631786624417535e+01, -3.9954900002180281e+01,
       4.5327575761084935e+00, -1.7630162553244546e+01 ]
covs: !!opencv-matrix
   rows: 114
   cols: 6
   dt: d
   data: [ 3.5748289124724624e+03, 3.3366339616735684e+02,
       -3.0209582697579037e+02, -1.3687241776963208e+02,
       -5.1102024620128242e+02, 1.8743568419086188e+02,
       3.3366339616735684e+02, 4.4479300062509801e+03,
       2.8313229687670766e+01, -7.7433242376995281e+02,
       1.2905492689564551e+02, -5.8372636694215654e+00,
       -3.0209582697579037e+02, 2.8313229687670745e+01,
       7.8132359168210553e+02, 5.2197084905457253e+01,
       1.9611882317328397e+02, -6.4653737726788037e+01,
       -1.3687241776963205e+02, -7.7433242376995281e+02,
       5.2197084905457267e+01, 1.0887015360489399e+03,
       -8.4111785176056586e+01, 4.5448899709152954e+01,
       -5.1102024620128242e+02, 1.2905492689564545e+02,
       1.9611882317328397e+02, -8.4111785176056586e+01,
       2.5168743817269041e+02, -2.9113634502345520e+00,
       1.8743568419086188e+02, -5.8372636694215636e+00,
       -6.4653737726788037e+01, 4.5448899709152954e+01,
       -2.9113634502345485e+00, 1.3036424209331722e+02,
       4.1601751158672159e+03, -6.9883843856719591e+02,
       1.1317443258282685e+03, 6.5647272051153720e+02,
       4.2253755713129402e+02, -3.5177429647373265e+02,
       -6.9883843856719614e+02, 8.1272807895036958e+03,
       3.2532726199948378e+01, 1.2357173673621362e+03,
       -3.3548598228187728e+02, 1.7286143721621784e+02,
       1.1317443258282685e+03, 3.2532726199948364e+01,
       9.6315639788400767e+02, -5.3852645241399244e+01,
       -5.7582973562353111e+01, 3.3924779635128857e+01,
       6.5647272051153720e+02, 1.2357173673621362e+03,
       -5.3852645241399230e+01, 1.7355836891830138e+03,
       1.1996131294412521e+02, -8.0935476106550212e+01,
       4.2253755713129391e+02, -3.3548598228187728e+02,
       -5.7582973562353111e+01, 1.1996131294412521e+02,
       1.2192372242135512e+02, -9.1584241514111056e+01,
       -3.5177429647373270e+02, 1.7286143721621784e+02,
       3.3924779635128864e+01, -8.0935476106550212e+01,
       -9.1584241514111042e+01, 1.7857442923259586e+02,
       4.0440678430947710e+03, 4.8462723420141593e+01,
       3.0952516919033751e+03, 1.2512176387292554e+02,
       -1.1355022250624945e+02, -3.0110367261960814e+01,
       4.8462723420141508e+01, 5.4554806743546815e+03,
       -6.4951927248331700e+01, 2.4156030604156740e+03,
       -4.5320847679294936e+01, -1.4802593140229158e+02,
       3.0952516919033756e+03, -6.4951927248331671e+01,
       2.5694826017404844e+03, 1.7871763303776348e+01,
       -8.0693527795051651e+01, 5.9842809863415269e+01,
       1.2512176387292554e+02, 2.4156030604156740e+03,
       1.7871763303776365e+01, 1.1465645330797356e+03,
       -6.3926426506151579e+01, -9.4299267147982789e+01,
       -1.1355022250624948e+02, -4.5320847679294936e+01,
       -8.0693527795051651e+01, -6.3926426506151579e+01,
       3.3295491389134533e+01, 5.2247167687166689e+00,
       -3.0110367261960807e+01, -1.4802593140229160e+02,
       5.9842809863415269e+01, -9.4299267147982789e+01,
       5.2247167687166689e+00, 7.9864271210148175e+01,
       5.8787737078350347e+03, -3.6440336810714297e+02,
       2.7421907364497843e+03, 1.2845527429271510e+02,
       2.2853492749728065e+02, 5.1639041269757081e+02,
       -3.6440336810714297e+02, 1.3380537903784029e+03,
       -1.5621433467162205e+02, 3.1434648836171056e+02,
       1.1360700023074783e+02, 1.9696058332871203e+02,
       2.7421907364497843e+03, -1.5621433467162211e+02,
       2.7056096428110891e+03, -9.3941804615761839e+00,
       -1.7369701152459299e+02, -7.1013701140197597e+01,
       1.2845527429271510e+02, 3.1434648836171050e+02,
       -9.3941804615761733e+00, 2.9254908823552552e+02,
       3.9180360102773918e+01, 1.2338825843442439e+02,
       2.2853492749728071e+02, 1.1360700023074787e+02,
       -1.7369701152459302e+02, 3.9180360102773918e+01,
       1.1191914927775092e+02, 1.3202236448950413e+02,
       5.1639041269757081e+02, 1.9696058332871200e+02,
       -7.1013701140197583e+01, 1.2338825843442439e+02,
       1.3202236448950413e+02, 2.7944625910391557e+02,
       6.0899905757238766e+03, 5.8858553321907198e+02,
       2.8827335946195180e+03, 1.7608821011784181e+02,
       1.3703884111158473e+01, 2.1275435883851847e+02,
       5.8858553321907164e+02, 8.3061219026917315e+03,
       1.6240975897513994e+02, 1.1613633405108455e+03,
       4.9337861194727040e+01, 1.3766665458401263e+02,
       2.8827335946195180e+03, 1.6240975897513999e+02,
       2.0404659117822434e+03, -5.2963317318763764e+01,
       -3.9867618336458946e+01, -3.0620784166316323e+01,
       1.7608821011784181e+02, 1.1613633405108453e+03,
       -5.2963317318763757e+01, 1.4891743232370047e+03,
