%YAML:1.0
means: !!opencv-matrix
   rows: 20
   cols: 7
   dt: d
   data: [ -3.5299716179797052e+01, 1.2453014239078571e+02,
       -7.3359279523852280e+01, -3.9690348651805486e+01,
       -6.3334831331995840e+00, 1.1506566210193783e+00,
       2.2517456675667016e+00, -1.1700961506805733e+02,
       -6.3328885284344317e+01, 2.8551507544449443e+01,
       1.8590992668645896e+01, -4.6019352338589261e+00,
       -6.3591351448049602e+00, -1.2890668102728595e+00,
       -2.0287867450963799e+02, -2.0990403635236337e+01,
       9.2986674582565243e+00, 6.8320569663582580e+00,
       -2.3830006661763761e-01, 4.5699547896476833e+00,
       9.5236689134202412e-01, -1.6447821909387557e+02,
       8.1911549560719081e+01, 2.2836340884585525e+01,
       -4.3435900471631648e+01, -1.2872454042976411e+01,
       -9.6623776394135046e+00, -8.8044120983714291e-01,
       1.0551368187897999e+02, 5.3859469943979065e+01,
       -3.7453244030561919e+01, -1.2586585593804289e+01,
       -1.6416357668931067e+01, -5.1203169087669140e+00,
       -3.6996065796273006e+00, 3.6383484862489560e+01,
       -9.4073457731539293e+01, -2.9820778499857788e+01,
       -3.9569995031365146e+01, 1.4625487970325599e+01,
       5.2850944280045278e+00, 1.0515180893666169e+00,
       1.1923571316778707e+01, -4.3644894322664271e+01,
       -3.7737927438478303e+00, 5.2580330476690538e+00,
       -7.9765447175993058e+00, -1.5491549235600889e+01,
       -1.3580850347761519e+00, 1.8882493458681930e+02,
       1.3356377788955735e+01, -4.9721279998072255e+01,
       1.4394601019259728e+01, -9.5290740202615929e+00,
       -7.2145359780333660e+00, 8.8986658488192305e-01,
       -6.5121114085107180e+01, 9.3122296664846544e+01,
       4.0369048446564095e+00, -4.5118760866513931e+01,
       7.0337685069019189e+00, 3.4904953824721345e+00,
       2.2455578783778476e+00, 6.3506090142620572e+01,
       -7.2874708528342708e+01, -6.8591319868909242e+00,
       4.9429722003730610e+01, -7.5032244001296418e+00,
       2.7635287951418675e+01, 2.8332408525068065e+00,
       1.3931364875059342e+02, -6.4901460580437620e+00,
       5.4767996670409289e+01, -6.0919364928088040e+00,
       9.4870034484411772e+00, 2.0387623496440943e+00,
       -5.6116173841403300e-02, -2.0056601111284214e+00,
       -3.4695488196837097e+01, 1.0702781141436409e+01,
       1.4587739387506060e+01, 3.8706555817294898e+01,
       -1.2417162370808976e+00, 1.4335135527932092e+00,
       -8.5213804142615047e+01, -1.8139988088023692e+01,
       8.6966160721623652e+01, -1.3712473043148909e+01,
       -1.3746141758394135e+00, 6.1279089039379073e+00,
       2.3616064287500846e-01, -1.7070205425503775e+02,
       -1.0450438761976632e+02, 4.7301193419269332e+01,
       3.7338815484421595e+01, -3.0764461875325498e+01,
       -5.4698025201531675e-01, -3.1364281242635967e+00,
       2.6912044214360648e+01, 8.6104522128051570e+01,
       -9.6682167611751506e+00, -2.7284366029136347e+01,
       1.2896275592400642e+01, -8.5139641636681809e+00,
       -3.4156279887586836e+00, 9.9409195098639202e+01,
       -4.5442727144739628e+01, -2.1916721437626215e+01,
       3.6865158279744215e+01, -2.7359005319526382e+01,
       2.3412689357410841e+01, 1.1785900110564547e+00,
       8.0406884620016612e+01, 1.2513415890339547e+02,
       7.5449045522051854e+00, -6.1732534356969666e+01,
       -1.0377053261066440e+01, 1.4146294412104183e+00,
       2.1928108876680090e+00, 1.2157822372983999e+02,
       -6.2624738682410275e+00, -3.7892797336333551e+01,
       2.0688110356419404e+01, -9.1671359766585319e+00,
       -6.1570593442351464e+00, -1.4552167698361367e+00,
       3.6518160804545201e+00, -1.7032370115635575e+02,
       1.5456862687400179e+01, 5.9858166953912935e+01,
       1.9996833393337948e+01, -1.1089093277703418e+01,
       -6.7193211804956310e-01, 8.5024002386373017e+00,
       3.4708506650904987e+00, -1.3120772387914725e+01,
       3.2619615221158483e+01, 1.7721170735525465e+01,
       3.4450158205196320e+00, 9.6684742805279467e-01 ]
covs: !!opencv-matrix
   rows: 140
   cols: 7
   dt: d
   data: [ 3.5701923509193966e+03, -9.3966408394027144e+02,
       9.8424191888721126e+01, 2.1487338427039185e+02,
       1.5953984644422420e+02, -9.8117586286048507e+01,
       1.2470754602647517e+01, -9.3966408394027144e+02,
       6.3486692461953116e+03, 7.5847983874559282e+02,
       2.4600376350829247e+03, -1.0642104334511414e+01,
       2.4736062346557617e+01, -8.4758741530735719e+01,
       9.8424191888721140e+01, 7.5847983874559282e+02,
       8.9561767472780446e+02, 3.0033648764556818e+02,
       -5.7506803989477199e+01, -6.7499513403936916e+01,
       4.2289558848108356e+01, 2.1487338427039180e+02,
       2.4600376350829247e+03, 3.0033648764556824e+02,
       1.6822027977021005e+03, 6.2609646750627874e+01,
       -1.4649772580558479e+02, 3.1771081181581476e+01,
       1.5953984644422420e+02, -1.0642104334511414e+01,
       -5.7506803989477184e+01, 6.2609646750627874e+01,
       5.3574427793506771e+01, -1.2282598789610537e+01,
       -6.4777393321015273e+00, -9.8117586286048493e+01,
       2.4736062346557624e+01, -6.7499513403936916e+01,
       -1.4649772580558482e+02, -1.2282598789610537e+01,
       4.5775756051844361e+01, -2.0115309292416242e+01,
       1.2470754602647517e+01, -8.4758741530735733e+01,
       4.2289558848108364e+01, 3.1771081181581476e+01,
       -6.4777393321015255e+00, -2.0115309292416242e+01,
       1.8952017974002825e+01, 6.9865469796881107e+03,
       -1.6793237045944397e+02, 2.7797787719013081e+03,
       -6.0738067993294590e+02, -1.4310072602743730e+02,
       4.4836833076916537e+02, 3.3403793172313122e+01,
       -1.6793237045944417e+02, 7.0171811314015167e+03,
       5.0415156324758055e+02, 2.6128942008195345e+03,
       2.3955028901467223e+01, 5.5639391160207356e+02,
       8.9871033297472778e+01, 2.7797787719013081e+03,
       5.0415156324758055e+02, 2.3296988863679785e+03,
       -2.9174122385627584e+02, -8.9386062143091323e+01,
       -3.8315844799057766e+02, -5.6052584382954677e+01,
       -6.0738067993294590e+02, 2.6128942008195345e+03,
       -2.9174122385627589e+02, 1.6835313800222013e+03,
       -1.8627734073764838e+01, 3.1295635569730644e+02,
       2.4591624846773545e+01, -1.4310072602743728e+02,
       2.3955028901467216e+01, -8.9386062143091351e+01,
       -1.8627734073764845e+01, 4.1733374443147824e+01,
       4.7753909198525378e+01, -8.2390795996236239e+00,
       4.4836833076916542e+02, 5.5639391160207356e+02,
       -3.8315844799057766e+02, 3.1295635569730644e+02,
       4.7753909198525378e+01, 7.9568247901971449e+02,
       4.1165256374544946e+01, 3.3403793172313122e+01,
       8.9871033297472763e+01, -5.6052584382954677e+01,
       2.4591624846773541e+01, -8.2390795996236221e+00,
       4.1165256374544938e+01, 3.8687862070273262e+01,
       5.3538126220568574e+03, -1.6988388144496983e+02,
       8.5710686856836639e+02, -1.2911788324892962e+02,
       6.2438718502430311e+02, 4.0329306189080529e+02,
       1.7231742575122595e+02, -1.6988388144496992e+02,
       7.2629636276061347e+03, 7.1391244166128649e+02,
       2.1464229263347002e+03, 1.2644338910735266e+02,
       1.5873648087431695e+02, 2.6210974051544000e+01,
       8.5710686856836639e+02, 7.1391244166128649e+02,
       1.0829525561967805e+03, 2.5062034989757984e+02,
       -1.2511320875752880e+02, -7.6723303578852850e+01,
       -2.8459311873824338e+00, -1.2911788324892970e+02,
       2.1464229263347002e+03, 2.5062034989757984e+02,
       1.7459705816340618e+03, 2.4576316613237140e+01,
       2.9249269491471900e+01, 1.0004381857418490e+01,
       6.2438718502430311e+02, 1.2644338910735270e+02,
       -1.2511320875752880e+02, 2.4576316613237132e+01,
       2.0639228984264810e+02, 1.0639775101235510e+02,
       6.4408573285880744e+00, 4.0329306189080529e+02,
       1.5873648087431698e+02, -7.6723303578852850e+01,
       2.9249269491471900e+01, 1.0639775101235509e+02,
       1.7403138624094069e+02, -4.8310144770282131e+00,
