%YAML:1.0
means: !!opencv-matrix
   rows: 48
   cols: 7
   dt: d
   data: [ -1.4402184775049838e+02, 3.5245189982239943e+01,
       8.5500739421020555e+01, -1.8467993350572936e+01,
       -1.1661049006055316e+01, 2.9602304347769772e+00,
       -7.2569147128707689e-01, 1.6243047371105425e+02,
       1.1415648467436288e+01, -4.8908083324594479e+01,
       -1.2614419701360573e+01, -6.8479707115843453e+00,
       1.3313575064627438e+01, 3.8953498019028303e-04,
       -1.8286218320602604e-01, -1.0740904214151983e+02,
       -2.1717224179602228e+00, 6.8485631723593869e+01,
       -1.4648950983513991e+00, -2.5182838319875023e+00,
       1.9075470675412101e+00, 1.0774524475675715e+02,
       -5.7102921482964710e+01, 2.6590856449571735e+01,
       -5.9406602766368046e+01, -2.6643357172203572e+00,
       -1.1620369474033806e+01, -2.3984739494920759e-01,
       -2.1990059914187250e+02, 1.2465723589235375e+02,
       3.5151697270420769e+01, -2.2234518683663364e+01,
       -1.7052764201168110e+01, 1.4765357246998990e+01,
       -2.9178382078496936e+00, -1.4281607819367127e+02,
       -5.5538047430146676e+01, 3.0250527404373820e+01,
       4.3256866624328879e+01, -5.1144942070772459e-01,
       5.5984548750714058e+00, 6.4387433943676764e-01,
       -1.5807318340583245e+02, 2.5694416659221279e+01,
       -1.9869274548843840e+01, -1.4572520317472904e+01,
       1.6972709634889881e+01, -1.4382897394123733e+01,
       1.7457914100484317e+00, 5.1613378588940492e+01,
       1.5305923653968742e+02, -8.2245480813597922e+00,
       -8.1945601777792021e+01, 1.7126640059510809e+01,
       7.0894770709618671e+00, 1.6844523781601757e+00,
       -2.1996072306213520e+02, -1.9869068865010952e+01,
       4.1462397475797708e+01, 1.8239127443941207e+01,
       -1.2162918127698433e+01, 1.3926701753974724e+01,
       -2.6005280415527032e+00, -1.2463683500710639e+01,
       6.6605501275296799e+00, 5.8060623575611441e+00,
       -5.8867685070631843e+00, -1.4311424001574141e-01,
       9.2743252870625437e+00, 1.1414239732485116e+00,
       6.6743596938103650e+01, -7.0516591293210595e+01,
       -2.5181128457421590e+01, 4.1082544276643283e+01,
       -1.1060357949198190e+01, 4.8973540890980365e+00,
       4.0813007957190217e-01, 2.9078072460920366e+00,
       5.5734609717414543e+01, 1.4409767608165204e+01,
       -3.7534511998835704e+01, 2.2316755633923840e+01,
       -1.0232981777567010e+01, -4.4500218714189161e+00,
       -1.8976813598499405e+02, -9.3017510120860393e+01,
       3.9909809168805701e+01, -9.2713650902431279e+00,
       -6.0809508190069863e+00, 5.4239390845838720e-01,
       1.7624717034259372e+00, 1.8972154141926026e+02,
       -5.5995119853108655e+01, -1.0381109980518136e+01,
       -2.5122588559030834e+01, -6.4504215565842706e+00,
       1.2721030917528129e+01, -5.0286294200966108e-01,
       -3.3477552316183790e+01, 6.1432483850597217e+00,
       3.6060499375762327e+00, 8.1654373697862908e+01,
       1.4236825701804928e+01, -4.3403117292667313e+00,
       1.6860380311832548e+00, 1.4735595212522273e+02,
       3.4811914293444453e+01, -4.3231738000034355e+01,
       -1.8253428046174175e+01, -1.2224050215839812e+01,
       -2.9949094574777235e-01, 2.5460754134725683e+00,
       -2.6390802829884368e+01, -1.3796296185584916e+01,
       1.8555506522046336e+01, 2.4939101165479464e+01,
       3.3566979023950722e+01, 9.4218735145883770e-01,
       -6.4631623180605420e+00, 1.3647406936225451e+02,
       -5.6139323131836649e+00, 5.7984262030168701e+01,
       4.0170614518477779e+00, 1.5109234340863358e+01,
       4.1968483604062428e+00, 2.7082123342606107e-01,
       -1.3051191017383192e+00, 8.8964222090640916e+01,
       -4.6275646907658469e-01, 4.4232775440880104e+01,
       3.9164573667741158e+00, -6.8070489056991059e+00,
       1.0986632841118187e+00, -1.4905776770105723e+02,
       -1.0403124419911434e+02, 2.6824353964722292e+01,
       6.6743619643271899e+01, -2.0361334075995654e+01,
       1.1441629791673720e+00, -3.4083941544904273e-01,
       -1.7789069645773998e+02, 3.6523208819248296e+01,
       3.8190347726778960e+01, 4.6403315726357135e+01,
       -6.8223808583114627e+00, -2.7347562085679549e+00,
       1.6598146383431256e+00, 8.2406414285692406e+01,
       1.7586183410073364e+01, -2.3860456569983302e+01,
       -3.3321705930469243e+01, -2.4970205424728960e+01,
       -2.0467057344746486e+01, 9.9052822790874850e-01,
       6.7594472876493214e+01, 1.8361457505768765e+01,
       -3.1215301385765461e+01, -3.1774411465865143e+01,
       -2.8440232911385610e+01, -1.4943153183906853e+01,
       1.9528537815504710e-01, 1.8867426358177659e+02,
       7.6175912510166881e+01, -1.3874493046924449e+01,
       3.3436349918861801e+01, -7.9812305690680132e+00,
       9.4028618004965594e+00, -4.3945347776883475e-01,
       3.8649498306035795e+01, -9.7957199698980929e+01,
       -1.3474565562901027e+01, 6.7723956058709277e+01,
       -4.9188108636027170e+00, -1.0568513855742805e+00,
       2.0848918027794974e+00, 7.5101099127561028e+01,
       2.6344164274640573e+01, 6.0815028706490196e+01,
       -1.6404200195168173e+01, 3.5576307927302096e+01,
       -2.2293269486947023e+00, 1.0945272734068923e+00,
       -9.9131393187315865e+01, -1.2259303819712957e+02,
       -2.1904572240246601e+01, 2.6886874707693128e+01,
       1.3307387715760015e+01, -1.7728414293729460e+00,
       2.0467805041180389e+00, 1.1609552014377373e+02,
       -4.6644075096553792e+01, -3.0806368446334940e+01,
       3.4347727475990126e+01, -3.5913860257826609e+00,
       1.3420574693364546e+01, -2.2074190646994468e-01,
       7.9482917460533898e+01, 5.2030332894144520e+00,
       -9.5877644539615787e+01, -2.0453300056475463e+00,
       -3.4520133042970595e+00, 1.1818251141453381e+01,
       -4.1531898223183694e-01, -1.2817253405887866e+01,
       5.5205808437930742e+01, 5.4258997735591228e+00,
       -3.6854037178508470e+01, 3.7475004775832829e+01,
       -1.1805647873856017e+01, 2.6501430613100396e+00,
       8.0439398522180241e+01, 1.3677838042119104e+01,
       -1.7876640339637753e+01, -2.7836618372805191e+01,
       -3.1992488146547192e+01, -1.8350478342383543e+01,
       1.5884240183986393e+00, -1.1103202428713891e+02,
       -8.7197251003188711e+01, 2.4319878479290818e+01,
       6.8277787026569158e+01, -9.0898577663226590e+00,
       -5.3003252003209589e+00, 1.3707252010771027e+00,
       1.2815798663932020e+02, 3.1278691803282214e+01,
       -3.1143601217155993e+01, -1.2824660517962561e+01,
       -5.2524071331263364e+00, 1.9849758089875085e+01,
       -8.6955488198041291e+00, -4.1743863531470687e+01,
       1.1207351519849466e+01, 6.4057767967002476e+01,
       -1.5897032273969613e+01, 1.5283744671548810e+01,
       -1.6096908066028664e+01, 1.2664885732403826e+00,
       -1.3346529814499418e+01, 1.5982732687309885e+02,
       1.0795687165529868e+01, -9.2263505132914190e+01,
       1.7925379935537098e+01, 2.9141122630865290e+01,
       -2.7182800123978703e+00, 6.3823762707148859e+01,
       -5.5680926079234780e+01, -2.0438073292907454e+01,
       3.6031915464962537e+01, 8.3054469307435443e+00,
       1.5575751902106338e+01, -1.0865598319154008e+00,
       1.0318537339630495e+01, -1.0822745552235429e+02,
       6.6973290398668240e+01, 3.5498603276388643e+01,
       8.7975856626327165e+00, -3.1177593359826412e+00,
       1.6873185624714848e+00, 7.2898742042080727e+01,
       6.7552400864025842e+01, -3.1439002713434952e+01,
       -3.8236561687594580e+01, 4.8999665353385895e+00,
       -3.2143009811746865e+00, 1.0404980220292572e+00,
       -1.7897644113454211e+02, 1.1614513298296900e+02,
       2.9175063886233705e+01, -6.7325307096042479e+01,
       -3.4219043026678996e+01, 1.5123714806357526e+01,
       -4.7312364394286686e+00, 1.3375734198119761e+02,
       8.6277240232477340e+01, 3.0567985939883005e+01,
       -1.7601230696363133e+00, -7.1088523026743324e+00,
       -1.2847058504776928e+01, -7.8072309899284731e-01,
       6.0647600149451144e+01, 6.1875748951334742e+01,
