%YAML:1.0
means: !!opencv-matrix
   rows: 9
   cols: 11
   dt: d
   data: [ 1.6507880872259921e+01, -9.2553479465484060e+01,
       -4.9354607100947687e+00, 6.0548846027631470e+01,
       -1.7284620879156845e+00, -2.5046723704535101e-01,
       2.0627553084965355e+00, -1.5460051680685713e-01,
       8.8570068473178776e-02, -1.2875560710944148e-01,
       -5.4685694441238067e-02, 1.7899784054480087e+01,
       -3.1613522107604659e+00, -4.1610072319317473e+00,
       3.7575459029868159e+00, 4.4984152396746451e+00,
       9.1988268916734084e-01, -4.0296564841445495e+00,
       -2.6286786134225255e+00, -2.5898779023746954e+00,
       7.4574470275364013e-01, -1.8572707162083624e-01,
       1.3756111162557522e+02, -1.3954680344061023e+01,
       -3.6614418414220751e+01, 1.1644996358876442e+01,
       -4.9433483002833762e+00, 1.2279367437036301e+01,
       -9.1854804953001645e-01, 1.2691748219283794e+00,
       2.7440562306333532e-01, -2.2273937286607114e-02,
       8.4932508135815266e-02, 1.4604919629602279e+01,
       1.1620834363837260e+02, 1.7391240183051599e+00,
       -6.9624019319381276e+01, 8.3858868204863324e+00,
       2.6968953901204702e+00, -8.6545465478911154e-01,
       1.5321113267937410e+00, -1.0975661623689209e-02,
       -7.3595136738611566e-01, -8.4550858801755460e-02,
       3.3895717514925330e+01, 6.0431500228180388e+00,
       -3.5893850993046468e+00, 7.2401969056240567e-01,
       1.8116238720209935e+01, -3.7747847113655503e-01,
       9.0059948780281696e-01, 7.6834688820851205e-01,
       4.0090478193472906e-01, 4.1136651733671342e-02,
       1.5679913159732529e-02, -1.7154779772821891e+02,
       6.0762138554604469e+01, 3.8569225344689293e+01,
       -3.6114344765747568e+01, -1.1916154945098468e+01,
       1.4995536304358159e+00, -1.3595451506462721e+00,
       2.5101235851279657e-01, 6.8968536165953317e-02,
       1.4401924638261412e-01, 5.6972069172173210e-03,
       -1.5542044245749034e+02, -5.4747204815746876e+01,
       3.5231790828570801e+01, 3.7684836279507088e+01,
       -8.3472057910466102e+00, 2.7764769999543017e+00,
       5.4910970239536738e-01, -3.0471717065221171e-01,
       3.0938532125937251e-01, -1.2560608653764521e-01,
       -2.4096893068482117e-02, 8.9873524490083952e+01,
       3.5307248932117623e+01, -2.0858998358322715e+01,
       -4.1716778589473506e+01, 3.4430462017903789e+00,
       -9.6108199657189015e+00, 1.3326144046635522e+00,
       -8.3936497154841416e-02, -6.4460200205124774e-01,
       -5.9648431193159768e-01, -1.0978530605304782e-02,
       8.2145745305216025e+01, 1.6035079089050324e+01,
       -2.3770192373123656e+01, -3.1988421922489074e+01,
       -2.6549792127603698e+01, -1.9528247109939048e+01,
       9.0160393824056617e-01, -2.3369813230176351e+00,
       2.1186585502481298e-01, -1.4172078276936848e-02,
       1.0630310270946182e-01 ]
covs: !!opencv-matrix
   rows: 99
   cols: 11
   dt: d
   data: [ 6.3525319148903054e+03, 3.0634942798755344e+02,
       2.5899439454062344e+03, 6.0588789446413905e+01,
       -3.1999949231974693e+02, 1.4582696928213201e+02,
       -3.7306122552791535e+01, 1.1703750004848015e+01,
       1.2016450238566335e+01, 1.3711225443024904e+00,
       -1.8483788269048764e+00, 3.0634942798755350e+02,
       6.5812367038266211e+03, -1.5462152085192955e+02,
       1.9643004747574446e+03, -2.9105545481514021e+01,
       2.1958012622464715e+01, 7.4602248763678475e+01,
       -1.4054306435925781e+01, -4.5621364362360453e+00,
       -5.1216511708523695e+00, 7.5235770510707434e-01,
       2.5899439454062340e+03, -1.5462152085192960e+02,
       2.6076283518309560e+03, -5.8348647878127231e+01,
       -2.1477673468462363e+01, 1.8277411758927524e+00,
       1.7950393724712306e+01, 6.1461009189134845e+00,
       2.6073756038500451e-01, 7.2507988425543397e+00,
       1.4767112353890927e-01, 6.0588789446413905e+01,
       1.9643004747574446e+03, -5.8348647878127260e+01,
       1.2234513245649880e+03, -5.7630070913846687e+01,
       -1.5999415644951935e+02, -3.8277340038839107e+01,
       1.2892421463807747e+01, 4.8667326061179299e+00,
       -6.4274658434716847e-01, 1.0797876629414860e+00,
       -3.1999949231974693e+02, -2.9105545481514021e+01,
       -2.1477673468462363e+01, -5.7630070913846673e+01,
       1.1058897773017586e+02, -1.8073299263619699e+01,
       -6.6495280540244373e-01, -6.4378080687019468e+00,
       1.4238999946377413e+00, -9.2356889215852811e-01,
       3.1630061690318817e-01, 1.4582696928213201e+02,
       2.1958012622464715e+01, 1.8277411758927515e+00,
       -1.5999415644951935e+02, -1.8073299263619699e+01,
       6.2941201036836922e+01, 1.9827645572704544e+01,
       -5.4546795415073461e+00, -1.9722291430655421e+00,
       -2.9676055037347188e-01, -2.9072404056769791e-01,
       -3.7306122552791535e+01, 7.4602248763678489e+01,
       1.7950393724712299e+01, -3.8277340038839114e+01,
       -6.6495280540244350e-01, 1.9827645572704544e+01,
       1.8423209654031190e+01, -1.8043840210060864e+00,
       -2.4471706650173655e+00, 3.0345897655478238e-01,
       1.6491784625222985e-01, 1.1703750004848018e+01,
       -1.4054306435925781e+01, 6.1461009189134845e+00,
       1.2892421463807747e+01, -6.4378080687019468e+00,
       -5.4546795415073461e+00, -1.8043840210060864e+00,
       1.3938185151864586e+01, -2.5773826624527811e+00,
       1.6523291991198555e-01, -3.0010124825559283e-02,
       1.2016450238566330e+01, -4.5621364362360435e+00,
       2.6073756038500451e-01, 4.8667326061179290e+00,
       1.4238999946377411e+00, -1.9722291430655425e+00,
       -2.4471706650173655e+00, -2.5773826624527811e+00,
       1.5465450856601253e+00, -2.9488920309683361e-02,
       -7.2467189415624855e-02, 1.3711225443024899e+00,
       -5.1216511708523704e+00, 7.2507988425543388e+00,
       -6.4274658434716891e-01, -9.2356889215852811e-01,
       -2.9676055037347188e-01, 3.0345897655478243e-01,
       1.6523291991198558e-01, -2.9488920309683368e-02,
       3.5740361998995324e-01, -7.1673426477249693e-03,
       -1.8483788269048764e+00, 7.5235770510707434e-01,
       1.4767112353890921e-01, 1.0797876629414860e+00,
       3.1630061690318817e-01, -2.9072404056769796e-01,
       1.6491784625222985e-01, -3.0010124825559283e-02,
       -7.2467189415624855e-02, -7.1673426477249693e-03,
       1.7903662690731448e-02, 1.2180939340773293e+04,
       1.0800091974802940e+03, 1.5083057175977058e+03,
       -6.3316608188065891e+02, -8.6156966818552098e+02,
       6.4913060217995792e+02, -1.4673037439912574e+02,
       -1.5231378289165778e+02, -3.4508692810506432e+01,
       4.2866482627455476e+01, -2.5769284971199720e+00,
       1.0800091974802940e+03, 8.2792189301394355e+03,
       -9.7943673426777025e+01, 1.1300166152166018e+03,
       -2.6844417690357709e+01, 7.5118951504617231e+00,
       1.0055193252903504e+02, -6.4156794289614666e+01,
       -3.3108171307793171e+01, -8.4499595382676169e+00,
       -6.2019172415930557e+00, 1.5083057175977060e+03,
       -9.7943673426777053e+01, 3.1608402109302019e+03,
       2.4023340721721760e+02, 2.3383989420848235e+02,
       -1.0100588237068648e+02, -3.3236681123471797e+01,
       -2.2540961046006238e+01, -1.5704744824925486e+01,
       -2.8700339867221139e+01, 2.9589691949477888e+00,
       -6.3316608188065891e+02, 1.1300166152166021e+03,
       2.4023340721721758e+02, 2.0899843160570990e+03,
       6.0495516581470650e+00, -3.7544945288739633e+01,
       -7.8353367296821972e+01, 1.4622408193601085e+01,
       -1.2239669822677595e+01, 7.7956773421658818e+00,
       3.8263371723403354e+00, -8.6156966818552110e+02,
       -2.6844417690357741e+01, 2.3383989420848232e+02,
       6.0495516581470676e+00, 2.8863254021038057e+02,
       -6.3894369161684565e+01, -3.0727592109170420e+01,
       -2.7466436334755262e+01, -1.6573614285432569e+01,
       -3.8404780360668074e+00, 1.1014845229459955e+00,
       6.4913060217995826e+02, 7.5118951504617231e+00,
       -1.0100588237068651e+02, -3.7544945288739633e+01,
       -6.3894369161684565e+01, 2.3628897711984135e+02,
