%YAML:1.0
means: !!opencv-matrix
   rows: 19
   cols: 10
   dt: d
   data: [ 1.1399867062214300e+02, 9.0633961758309649e+00,
       4.6232066641074937e+01, 6.2588332176046952e+00,
       1.4734070459373749e+01, 2.2505102809976925e+00,
       4.5918789668521259e-01, 1.0903948525074809e+00,
       3.8064050376811359e-01, 7.3853969893719493e-02,
       -1.8967996424201067e+02, 8.4720969974995469e+01,
       4.1061986786573819e+01, -4.8000220577764345e+01,
       -2.1505562060636237e+01, 1.1005760217739745e+01,
       -2.5058035095487887e+00, 1.9100261280366253e+00,
       6.7143015569769815e-01, -3.9999886104940596e-02,
       1.8015078777651713e+01, 1.5557621062181053e+02,
       -4.5142308287582195e-01, -8.6268191064394415e+01,
       1.5893310238962098e+01, 1.5617564734106223e+01,
       -3.8407284635890604e-01, 2.3766380081392771e+00,
       1.9059415489590101e+00, 4.4273627054959436e-01,
       6.9156552509607934e+01, 2.1842283738736604e+01,
       -2.5363543592535386e+01, -3.7007286274005956e+01,
       -1.3735543036047272e+01, -2.0134725700929447e+01,
       1.6701206026951299e+00, -9.4787748111434617e-02,
       3.3601428131681384e-02, -2.3880087835651162e-01,
       -2.0865643847661339e+01, 2.9763157013296593e+00,
       -6.8079603713373593e-01, -4.4077241611505293e+00,
       -6.4920939699997415e+00, -6.2661647066550374e+00,
       2.0657327336960947e+00, 1.2737192624767744e+00,
       3.9022223108697884e-01, -1.7568003992785582e-02,
       -1.4899589847310261e+02, -1.0299560925969340e+02,
       2.7385857352705067e+01, 6.6456380931156090e+01,
       -1.9694968489133714e+01, 6.7821901650941330e-01,
       -2.0119813781166163e-01, -1.4296421992289341e+00,
       1.0145467599540832e+00, -4.3946900723824961e-01,
       -1.8966759737129713e+01, -1.2181295560609266e+01,
       2.5731049408619292e+01, 2.0968287235408184e+01,
       2.4413726018414359e+01, -4.5742873866189537e+00,
       -8.8191221816856693e+00, -6.1655035683847359e+00,
       -5.2404500812819750e+00, 9.9980069226903545e-01,
       1.1117233838228654e+02, -5.3857208451846645e+00,
       -2.1763119534325568e+01, 8.3772554692637122e+00,
       -9.5229784461195006e+00, 1.3437258729020932e+01,
       -1.1401131981619699e+01, -5.9336849714604369e+00,
       -5.2063060049501093e+00, 2.1143461147576659e+00,
       8.4031149094754198e+01, 1.7726763322229456e+01,
       -2.2653702589879178e+01, -3.2043658531872623e+01,
       -2.6112542173413242e+01, -1.9490295301534967e+01,
       9.4843148384390519e-01, -2.5377816334371488e+00,
       2.7003056438793971e-01, 5.3583116304888032e-02,
       1.5045396317875694e+02, -6.3321271181786143e+00,
       -3.8410751829493442e+01, 9.6312705614539489e+00,
       -5.8774352654514823e+00, 1.2681241403910883e+01,
       -2.3784579368921074e-01, 1.4016803754050979e+00,
       2.0000013419071226e-02, -1.2250172238236567e-01,
       -6.4775792632855172e+01, 2.6292883713464569e+01,
       2.1855789998612796e+01, -2.2946442003207423e+01,
       2.1235416825048315e+01, -1.6672104587117335e+01,
       2.4420004173221335e+00, 1.8461469537022723e-01,
       1.6766418846944361e-01, 9.2937891314872664e-02,
       -1.8482825815237854e+02, 1.3776924908325530e+01,
       3.5373498313559686e+01, -7.2015360559497701e+00,
       -3.5458826732762474e+00, 2.5389146277588877e+00,
       -2.9409536979058886e+00, -6.6162038081240411e+00,
       -2.5715246637524598e+00, 9.8996563592587916e-01,
       1.8011273283409860e+01, 1.6686153319826339e+01,
       -3.2179791507168844e+01, -4.2458066468199736e+00,
       2.0648629894598898e+01, 2.7698336599240063e+00,
       7.8519959662744299e-01, 1.0543187981135134e+00,
       3.9314991675826666e-01, -4.3163882864384287e-02,
       -6.4405767521356069e+01, -8.0449401942666853e+01,
       1.6588494329394937e+01, 4.9441222330687076e+01,
       7.3771255356245202e+00, -4.5157600846983961e+00,
       1.9741223572928750e+00, -2.4519077274277667e-01,
       2.2231782151539650e-01, 1.0399207484743100e-01,
       3.5572072584191780e+01, -9.6580725775489014e+01,
       -9.9049978333300910e+00, 6.8487840374067872e+01,
       -4.1474580824551888e+00, -1.0987537343061777e+00,
       2.1182091097808540e+00, -3.7368509577306763e-01,
       -4.7739891740087352e-02, -1.3350772483884912e-01,
       -1.4133516188976637e+02, -5.8376302967065463e+00,
       3.6980942617572722e+01, 1.3633207201462513e+01,
       -2.2503692278379854e+00, 1.6289728168827896e+01,
       -8.2711414904520741e-01, 1.1364966712869398e+00,
       3.7075677590049833e-01, -3.1178674415795882e-01,
       9.7781257824907854e+01, -3.8028687207892162e+01,
       -3.5037552607522208e+01, 2.1702392883517707e+01,
       -5.4956759796515433e+00, 9.2766368131629289e+00,
       -1.1961490416614953e+00, 1.0097904013997061e+00,
       7.4220806759893609e-01, 1.3592246205978781e-01,
       -2.0301427702430348e+02, -1.0143240637452019e+01,
       4.4626732428191069e+01, 8.7007961287478235e+00,
       -1.1653985878692209e+01, 4.1795681239790063e+00,
       3.1947669115921243e-02, 1.1161418546762807e+00,
       5.3368533104136240e-01, -1.4609431486867896e-01,
       7.5583958044708353e+01, 4.0899313034567889e+01,
       -1.8485740104038587e+01, -3.9006378783315519e+01,
       2.8710277198533110e+00, -1.5196216430219822e-01,
       -1.3669521103357443e+00, -2.3516419550401126e+00,
       -3.7647421280717652e+00, -1.9225227790235289e+00 ]
