%YAML:1.0
means: !!opencv-matrix
   rows: 15
   cols: 12
   dt: d
   data: [ -1.4762552767370840e+02, -1.0458411647005313e+02,
       2.7239832315761955e+01, 6.6715399927635758e+01,
       -1.9960948323513879e+01, 7.8732876515178418e-01,
       -2.9690640549917879e-01, -1.5175289559881984e+00,
       1.0511441666101691e+00, -4.6627379647865735e-01,
       6.8484362776710772e-02, 1.5233041219323289e-03,
       6.0371903506073203e+01, -9.7802547239149860e+00,
       -1.8398507908024818e+01, 2.2022951782971041e+00,
       1.4327358810135351e+01, -1.2958913540909474e+00,
       -2.2577068104404372e+00, 1.8040887680795474e+00,
       7.6046822806852454e-01, 1.7921633171287744e-02,
       2.0321283543922545e-02, -3.8654930089345105e-03,
       1.5993732836833954e+02, 2.4155505585353907e+01,
       -4.4949606302049794e+01, -2.7700164803388923e+01,
       -1.0994761139481366e+01, 1.0855051931600249e+01,
       1.3462154290177331e+00, -2.8255595451579154e+00,
       -1.1209589200256880e+00, -1.4049223159980731e-01,
       -2.4933752701545703e-01, -1.4415880635391023e-01,
       5.6062818047181722e+01, 2.2540848109023880e+01,
       -5.3760399837408821e+00, 5.2504560270977785e-01,
       1.2777879280000468e+01, 6.8876218530623667e+00,
       4.1225537797168075e+00, -7.8662802220209854e-02,
       -3.6354724365113875e-02, -3.6642263623264458e-03,
       2.9117945256067056e-02, 4.1080557385082490e-02,
       -1.9355049159027706e+02, 8.3432342792711538e+01,
       4.1409879394591805e+01, -4.7913497978486404e+01,
       -2.2374158568361693e+01, 1.1909570448895501e+01,
       -2.5704635478059408e+00, 1.9273067037865383e+00,
       7.1111514273010112e-01, -4.6543789945208122e-02,
       4.0430490230304372e-02, 7.0317394881335765e-03,
       8.6744863839159727e+00, 2.7914151298224429e+01,
       2.9032625622089445e+00, -2.0681862871849152e+01,
       8.9503421718793685e+00, -6.2064687966588084e+00,
       -3.2661223920592040e+00, -1.3969948686273177e+00,
       -4.4225792236558954e+00, -1.8375241361745573e+00,
       -2.7651802580984919e-01, 2.4462790097238479e-02,
       -6.1212387427914592e+01, -2.9975678241926538e+01,
       2.3063677970996622e+01, 1.4072736311617350e+01,
       1.5303425463155646e+01, -1.0956077988375970e+01,
       1.9721388616364746e+00, -1.8806943088299966e-01,
       1.8753594118850228e-01, 4.0291353562660573e-02,
       3.3492333819485354e-02, -5.5308402131411969e-03,
       8.4835988620438087e+01, 1.1700919219405073e+01,
       -2.6340504609670855e+01, -2.9345648601991734e+01,
       -2.7998319739831782e+01, -1.6858412365927098e+01,
       1.6486930807269373e-01, -1.2400282055926775e+00,
       2.6148922204112007e-02, -1.0054371128578923e-01,
       1.0846232043467874e-01, 3.4792958528668738e-03,
       -1.1401717482754258e+02, -7.5613913005056457e+00,
       2.4833641395317500e+01, 1.1249636898313366e+01,
       -4.8909045030684588e+00, 1.1029574266655424e+00,
       1.5333853787986036e+00, 1.6495032069720312e+00,
       6.2194910698133099e-01, -2.4509489452828721e-02,
       -1.7289305838346292e-01, 2.4981502008766816e-02,
       3.9427726315311851e+01, -9.6369806577186338e+01,
       -1.0782612599033969e+01, 6.2887427405929515e+01,
       -5.5656361066142210e+00, 4.7790044876653615e-01,
       1.8652367133627885e+00, -2.4730479489102974e-01,
       2.4473648926963056e-02, -1.5428002993921000e-01,
       -3.3205748508723015e-02, -2.6762352397149587e-03,
       2.3227423234050114e+01, 1.4706508922820694e+00,
       6.8926832710100792e+00, 5.6044052781868707e+00,
       3.1157983513408869e+00, -2.4797119385561173e+00,
       -8.1573694577940223e+00, -5.3611036609318239e+00,
       -4.3763277782096717e+00, 1.4703950790626261e+00,
       4.1800467142640310e-02, 6.4161842786281259e-02,
       -1.9446957990752190e+02, 3.8072182003436486e+00,
       4.1381960284905816e+01, -2.2614613235628495e-01,
       -8.0004328289630902e+00, 6.3391251750926836e+00,
       -2.5965390461746272e+00, -3.7330036761405179e+00,
       -1.5150988714279630e+00, 4.2637653414320403e-01,
       -3.5730168768408940e-02, -6.4811739812169672e-02,
       1.2219853962750205e+01, 1.4638711632388620e+02,
       -9.5456241806658060e-01, -7.9518382860131410e+01,
       1.7426912360364341e+01, 1.1299692154616388e+01,
       -3.3282445336298278e-01, 2.1446071604971686e+00,
       1.5797671080607376e+00, 4.2167908769434664e-01,
       -5.0619145719591495e-02, -1.8786959602847080e-02,
       8.1554944859332025e+01, 1.7143890848212440e+01,
       -2.3092703738546543e+01, -3.3006576580462514e+01,
       -2.5251415496142503e+01, -2.0399603713033574e+01,
       1.2730102015085125e+00, -2.8945978377152519e+00,
       3.2415050617071606e-01, -1.9939382045490853e-02,
       1.0122405097308727e-01, -6.9892409515606097e-03,
       1.4842411806167550e+02, -4.1640008324523672e+00,
       -3.9371608563174497e+01, 5.5550143621234600e+00,
       -5.4333342553760824e+00, 1.2939112108233127e+01,
       -1.1780637025979512e+00, 1.5635068266869210e+00,
       1.7744599711342382e-01, -2.9860754564724704e-02,
       8.3962608917309986e-02, -2.4420560768588822e-02 ]
