%YAML:1.0
means: !!opencv-matrix
   rows: 29
   cols: 1
   dt: d
   data: [ 4.2213127211900527e+01, -1.1446306155929909e+02,
       9.8730997642275256e+01, -2.7533515286346483e+02,
       2.1621573361590117e+02, -3.3184383179731192e+01,
       3.5385100943108165e+00, -1.8118138239477364e+02,
       -3.0631675562430047e+02, 7.9801881903069741e+01,
       1.3502403940434110e+02, -5.2494153113208746e+01,
       -2.2352534895567737e+02, -9.2986707132848650e+01,
       1.9165311131032624e+02, 2.7473234630133868e+02,
       1.7070247894094274e+02, 6.1251974504578442e+01,
       1.1726895323050580e+02, -1.3703186726960445e+02,
       -1.4957454076695512e+01, -7.1777390311794690e+01,
       -2.4793767533007502e+02, 1.5233557609073665e+02,
       -2.0217075500299688e+02, -3.3959298382059626e+02,
       -1.5874675815452116e+02, 2.2091247832043376e+01,
       2.4246354062061661e+02 ]
covs: !!opencv-matrix
   rows: 29
   cols: 1
   dt: d
   data: [ 8.9921237897019424e+01, 1.0955207550480897e+02,
       8.4580810089758018e+01, 2.1192550227794393e+02,
       1.3459972979436657e+02, 8.2980718364385879e+01,
       8.3260005631103880e+01, 1.0174478737666216e+02,
       3.0785120343875525e+02, 9.2470252576876661e+01,
       7.5631118929432446e+01, 9.4087454532770053e+01,
       1.2327254096427542e+02, 1.0283514560666968e+02,
       1.0426187663768572e+02, 5.7458334770748138e+02,
       8.9917877416219454e+01, 9.4325102140482159e+01,
       7.7471138076871028e+01, 1.1206480919111340e+02,
       7.6136480802013295e+01, 9.8312088634733442e+01,
       1.6947102949915481e+02, 7.6280671273845329e+01,
       1.0860718935542997e+02, 6.8850661785020475e+02,
       1.0543264312455703e+02, 8.9647579032170214e+01,
       2.3363477572980520e+02 ]
weights: !!opencv-matrix
   rows: 1
   cols: 29
   dt: d
   data: [ 5.8301703400950700e-02, 3.9378867823279047e-02,
       5.4718027805621773e-02, 1.6453253127190610e-02,
       1.8701448620944382e-02, 4.4510819778937526e-02,
       5.0606775722947327e-02, 2.5532271500703967e-02,
       1.0502801368907239e-02, 5.6020104996401122e-02,
       3.7195293588651250e-02, 4.1347617966459707e-02,
       2.1609243458232407e-02, 4.2158385134396389e-02,
       2.9286077234356785e-02, 8.4740649720218882e-03,
       3.2596271153746061e-02, 5.7684738556662625e-02,
       4.5758491709798461e-02, 3.5673470994288220e-02,
       4.7787115868538350e-02, 4.2288790502021577e-02,
       2.0204612918570123e-02, 3.5165003991338303e-02,
       2.2443569855300067e-02, 5.5867290313274488e-03,
       2.9844196447689670e-02, 5.5613677595839052e-02,
       1.4556574874863053e-02 ]
pca_proj: !!opencv-matrix
   rows: 1
   cols: 21
   dt: f
   data: [ 4.36961316e-02, 8.50134730e-01, 1.73015636e-04,
       6.54514134e-02, 4.60692108e-01, 2.29939164e-04, 7.67599978e-03,
       1.46649793e-01, -1.37564148e-05, 1.21663406e-03, 1.30500361e-01,
       -5.45994153e-05, 8.06188770e-03, 1.42052382e-01, -2.12945142e-05,
       -2.45414903e-05, 9.56867734e-06, -1.94090262e-06, 3.13729906e-05,
       4.34020360e-04, 2.32224409e-07 ]
pca_mean: !!opencv-matrix
   rows: 1
   cols: 21
   dt: f
   data: [ 2.07625534e+02, 2.55653595e+02, 1.54502928e+00,
       2.18915131e+02, 2.60592743e+02, 1.67241716e+00, 2.65274475e+02,
       2.24016678e+02, 1.71669352e+00, 3.19420807e+02, 1.63929108e+02,
       1.75046074e+00, 3.16613464e+02, 2.25532654e+02, 1.70717156e+00,
       1.08872897e-04, -9.74175637e-05, 6.24380555e-05, -2.17504916e-04,
       -2.50119597e-01, 1.75055194e+00 ]
gamma: !!opencv-matrix
   rows: 29
   cols: 1
   dt: d
   data: [ 7.8280972543235250e-01, 8.2274226041417098e-01,
       8.1370262710040620e-01, 8.9473823731695890e-01,
       8.7460182851079971e-01, 7.7850853683600452e-01,
       7.7293322206987458e-01, 8.5846563759401218e-01,
       9.0377687387851069e-01, 8.0254894678380773e-01,
       8.3495494795004077e-01, 7.8684669768507631e-01,
       8.7664945229018110e-01, 8.0969350672047113e-01,
       8.6401643970364106e-01, 8.9807131226110259e-01,
       8.5405763215743868e-01, 7.9213188012117763e-01,
       8.2468444354897075e-01, 8.3586252102741299e-01,
       7.7370622128044786e-01, 7.9712563405680148e-01,
       8.8582866400734861e-01, 8.4446605622533777e-01,
       8.6791124391554542e-01, 9.1371560475628955e-01,
       8.4746247059757041e-01, 7.7594894920170954e-01,
       8.8518500510051568e-01 ]
