%YAML:1.0
means: !!opencv-matrix
   rows: 25
   cols: 11
   dt: d
   data: [ 1.7338203574229320e+02, 1.6518277548650811e+01,
       -4.3741859523738015e+01, 1.2648025833209388e+01,
       -9.3432111088719640e+00, -7.5178044076491561e+00,
       -6.3482933701764133e-01, 1.0895503357262160e-01,
       -8.0087795498282288e-01, 5.6972813610293847e-02,
       1.3407673711298618e-01, 3.3195562407400054e+01,
       4.6310798801673371e+01, -1.6301816718347681e+01,
       -2.0891757100447450e+01, -9.8974165118959920e+00,
       -6.6862365363585203e+00, 8.9291993561559480e-01,
       -3.9910279384504038e-01, -8.8047087750178954e-01,
       -1.6661553480976546e-01, -2.9636838923528841e-01,
       -2.1412826150861127e+02, 3.7019627063141357e+01,
       4.1891571389610313e+01, -3.2312339989127672e+01,
       -1.6872322610186465e+01, -1.0426904626409188e+01,
       -1.7808307410054400e+00, 1.5331921857485213e+00,
       -1.2264078375714791e+00, -2.1434999102498736e-01,
       1.1833431442257811e-01, 6.3523653346202558e+01,
       1.1680468216421745e+02, -3.5035543302120878e+01,
       -4.7320757517986820e+01, -8.7251731864479591e+00,
       9.0745339677399250e-01, 2.1592776876368296e+00,
       -4.0007724630806685e-01, -2.5955229631838422e-01,
       -9.0169981234391419e-02, -2.2459010190571688e-02,
       7.9757620566298648e+00, 1.4554871298262887e+01,
       3.7054667854585297e+00, -8.5171139219776624e+00,
       1.6659918622370459e+01, 6.5011792720111785e+00,
       1.7589715567491890e+00, -5.6119714524589792e-01,
       1.6965466885741749e-02, -1.1074155635269779e-01,
       -1.0525917031136325e-01, -1.4988289813189888e+02,
       -5.0689028529315507e+01, 4.2287454945998611e+01,
       1.7556269455686234e+01, -9.3099592055763889e+00,
       1.0475173030414714e+01, 5.3287255292680458e-01,
       1.1218158785001491e+00, -6.1724556470334724e-01,
       -9.6050077242216023e-02, 4.0749038061004467e-02,
       -1.5683282248819731e+02, 4.5071966670043537e+01,
       3.4994089967434668e+01, -2.3380486992606663e+01,
       -1.3186481369920644e+00, 6.0392962727594997e+00,
       1.6402383618156173e+00, 1.2398389889471904e+00,
       -7.9454193250638983e-01, 9.9416355255281058e-02,
       -2.2061340656696009e-02, 1.1822646584564259e+01,
       -1.0224599909292969e+02, 3.5457755525599497e+00,
       3.0527769044360863e+01, -6.4134527548156086e+00,
       -1.5450068601573014e+01, -2.3252163591248332e+00,
       1.0604299400325059e+00, 1.4746304823056291e+00,
       -1.4371517661756910e+00, -3.3181609511058135e-01,
       6.5354796141812088e+01, -7.0012416307952677e+01,
       -4.4284676857839340e+00, 4.5927186892967114e+01,
       -7.4878275407082029e+00, 2.7162611786784051e+01,
       2.5705545944482231e+00, 6.7241590754769487e-01,
       2.6218143725855414e-01, -1.1509189648653628e-01,
       -3.1097326348468960e-02, -1.3402487221986425e+02,
       1.3119226430335874e+02, 1.0487794221203460e+01,
       -5.4000398233748150e+01, -2.4993186880046434e+01,
       -4.1823071265900982e+00, -2.7825665224509760e-01,
       -1.2952266233142224e+00, -5.6851956725820096e-01,
       -4.2922311434324700e-01, 1.5499757014648921e-01,
       4.1739030536054855e+01, 3.3638209422009261e+01,
       -7.8636739834978746e+00, -2.2141956248731056e+01,
       1.7796689919692827e+00, -1.2306503379032977e+01,
       -8.3674747088880661e+00, 1.8772931367236894e+00,
       6.7842259492735772e+00, 7.3267256152040994e-01,
       7.5670683589557974e-02, -1.4154622947573665e+02,
       -2.3623349103067351e+01, 3.8639255198157677e+01,
       -1.2277241734506195e+01, -9.8186084346404223e-01,
       -1.9380483302089523e+01, -1.5392444364641178e+00,
       7.7276324674153768e-02, -1.8617755134375866e+00,
       -3.3248157199455994e-02, -2.1893254801830966e-01,
       1.6440137078818250e+02, -1.0143116035851238e+01,
       -4.3676771609706741e+01, 1.7913394143009956e+01,
       -1.2406134942364666e+01, -3.4840104179328653e+00,
       4.0424369035218155e-01, -5.9571078635557828e-01,
       -7.0903855622394862e-01, -1.7857842766392876e-01,
       -5.1316278440176333e-02, 9.6362839960961377e-01,
       1.4588078888005981e+02, -1.7720310663722962e+01,
       -6.0068718722608139e+01, -1.0694659444928442e+01,
       3.9434532973094245e+00, 2.0503886282947632e+00,
       3.1425701581726800e-01, -5.9427966888955634e-04,
       -3.0147498262322220e-01, 4.7359749265578404e-03,
       1.2242444558971361e+02, -8.8828201966665517e+01,
       -2.4464173392804245e+01, 4.8332516740137265e+01,
       -1.9967441026397921e+01, -2.1693301395534006e-01,
       1.9087512057877420e+00, -2.8863069160913550e+00,
       -8.7706851841598854e-01, 1.1848124583161230e+00,
       -3.8172340358551315e-01, 9.6457039992514041e+01,
       -6.6848642060596157e+00, -1.8939758750020552e+01,
       1.0248868296632834e+01, 9.5938331701493293e+00,
       -7.1258444877727722e+00, -6.4844094615384185e-01,
       -3.1380426632450975e-01, -8.0296553556721073e-01,
       1.2731958887142547e-01, -4.9765345719347516e-03,
       -8.5492544859515789e+00, -1.1123812045755865e+00,
       2.6047193563463367e+00, -5.5197315634775963e+00,
       3.4631747716385142e+01, -4.9035438308975374e+00,
       1.9050132080597412e-01, -8.3751760857835378e-01,
       -4.6786702999435709e-01, 3.1437957266564043e-01,
       1.7425181683407959e-01, -1.6450365357512538e+02,
       -1.2887835449993037e+02, 4.8659769031059710e+01,
       4.4812008191549388e+01, -3.2509451858547074e+01,
       -8.3745389029945141e+00, -6.0344847714133047e+00,
       -1.2575412067016243e+00, 3.9740722093778302e-01,
       3.3285644147532645e-01, 6.8771170232073450e-02,
       -9.4192887914340787e+01, 1.1165815879418821e+02,
       6.4646974763276139e+00, -5.5540007952489766e+01,
       -4.4413503671912347e-01, 5.6462521213828003e+00,
       1.7543053155090120e+00, 2.7740367579850278e-01,
       -3.0113028141324638e-01, -1.9861916435149160e-01,
       8.2172004260385109e-02, 3.3503223677507528e+00,
       -7.9859632926552450e+01, 1.8374174406522148e+01,
       3.1433551099273011e+01, 3.5309544014658691e+01,
       9.8715684517051585e+00, 1.7276633659458958e+00,
       -9.1627655846755729e-01, -1.1175519393067682e-01,
       6.6158854972096406e-02, 1.4126782204471626e-02,
       6.0714778850301812e-02, -1.9025767432506808e+02,
       1.6515853415989234e+01, 6.8726261960870119e+01,
       1.2328144729970711e+01, -2.1710637939915632e+01,
       -1.3746676129129980e+00, -1.8813953061949822e+00,
       -5.1942582137117421e-01, -6.5999900880865381e-01,
       6.1418980209305730e-02, -1.2725331750048550e+00,
       9.0870444512957846e+01, -9.2435229328280020e+00,
       -4.3632853210706671e+01, 1.2779309923191608e+01,
       -2.1889516540143981e+00, 1.4472234959108821e+00,
       -5.3814898308049038e-03, -3.3535644972498180e-01,
       5.1415615722959891e-02, 2.9680545285406337e-02,
       6.3712470526524065e+01, 9.1118520032058981e+01,
       -3.4720984439883601e+01, -2.9663772336741591e+01,
       -5.4803706391612250e+00, -1.3598633249742491e+00,
       2.5693902230864640e-01, -1.0311518197382099e+00,
       -4.8886508435503523e-01, 2.7616608293810618e-01,
       2.7516089564832286e-01, -1.7720020661594100e+02,
       -1.5582832003130470e+01, 3.0210603987555558e+01,
       -1.7367375903768089e+01, 1.6938004970042204e+00,
       -7.4745716618592413e+00, -1.0431949101027456e+00,
       -4.3853186187801330e-01, 3.8511556681000800e+00,
       4.3920299548692038e-01, -2.0776611261757846e-01,
       1.0004170685697825e+02, -4.4132123521505008e+01,
       -2.1384738404666827e+01, 3.7167432365060215e+01,
       -2.7574802740399399e+01, 2.3278746920840106e+01,
       1.0563398234749548e+00, 1.3133233318088220e+00,
       4.8245878625848027e-01, 4.3881525076722251e-02,
       1.4953595778273743e-01 ]
