%YAML:1.0
means: !!opencv-matrix
   rows: 27
   cols: 6
   dt: d
   data: [ 9.6126368024058834e+01, -2.1819280149695860e+01,
       -3.3386084918590349e+01, 1.3116491089168825e+01,
       6.6411786698619508e+00, -8.9027348053017548e+00,
       -1.8008982257804820e+02, -1.1539395725273042e+02,
       5.4873898800629149e+01, 3.6141077817906101e+01,
       -3.2130948659341009e+01, -1.0123011979335434e+01,
       -1.2246617154592911e+02, 4.6209138037899542e+01,
       7.4609618374650296e+01, 3.2184637264662735e-01,
       -2.4149175949412895e+00, -1.5727633511113903e-01,
       5.8061923911864790e+00, -1.1239736474718160e+02,
       2.6461421079400818e+01, 4.2612931434153928e+01,
       3.4588632748595884e+01, 5.0996568250116825e+00,
       6.1816468257829754e+01, 8.2134666231860479e+01,
       -2.3784096224064964e+01, -3.7585047983198052e+01,
       3.4628879319577743e+00, -8.4948657341865719e+00,
       -7.9097102273119347e+01, 1.4459243583770683e+02,
       -4.8159650961353591e+01, 2.1946666174891178e+01,
       1.5352709660932788e+01, -6.1683779450634022e+00,
       1.7563979422317468e+02, 1.9934573138902785e+01,
       -4.1140100117277342e+01, 5.3136769948635143e+00,
       -1.2595333928669572e+01, -8.4186154473036208e+00,
       -3.3775642776400680e+01, -3.7572628756264184e+00,
       2.0546246367154470e+01, 4.6346218850103482e-01,
       3.0244835207160612e+01, 2.4367673402650483e+00,
       1.2393771280534322e+01, -4.0124061558871460e+01,
       1.5512235014201870e+01, 2.3750014003145381e+01,
       3.6613707091931659e+01, -5.1779282502332102e-01,
       6.4392492401724454e+01, -8.3839352335897985e+01,
       -2.2768874195647215e+00, 4.8470755307242186e+01,
       5.2509737265038314e+00, 2.3279186863785526e+01,
       1.2254860300592682e+02, -4.2201524122554105e+01,
       -2.8326843189122737e+01, 4.2767127202010997e+01,
       -2.3799117013076916e+01, 7.6205425805676219e+00,
       -1.4320957611931502e+02, -8.4021695596907961e+01,
       3.2459812880028487e+01, -5.7245626541001840e+01,
       -8.7904440315790155e-01, 2.3084125822725068e+00,
       -1.1061206534480940e+01, 8.8548213923867053e+01,
       1.0771133400509076e+00, -4.0277470034411628e+01,
       1.5280519382581227e+01, -1.5355045962369822e+00,
       3.9310120597757447e+01, 4.8173092007911421e+01,
       -9.2057858981336807e+01, 5.0831743759883263e+00,
       -6.2162144160295796e+00, -3.0304819256397768e+00,
       -1.9904479385708278e+00, 1.3172192425629927e+02,
       -1.6848328698017959e+01, -5.7003655051298686e+01,
       -1.3242544813402034e+01, 1.3723362656152787e+00,
       1.0404729661702081e+02, -5.4706069651848630e+01,
       -2.3369352363420539e+01, 3.7323087361284422e+01,
       -2.5535064031422571e+01, 1.9102390337661042e+01,
       -1.0986065597944695e+02, 1.0378189152021289e+02,
       1.1653612319839187e+01, -5.4435556764953340e+01,
       -6.8668831179555392e+00, 1.9472359062788771e+00,
       -1.3331615287413220e+02, -5.9145339521068337e+01,
       3.9837530358564230e+01, 2.9183901443378840e+01,
       -1.6083264608111424e+01, 1.8583732707495741e+01,
       -3.0391489427495028e+01, -6.1305324804883206e+01,
       -3.1101997101122777e+01, -2.4738340125296443e+01,
       2.3301073091592887e+01, 4.9364506230788852e+00,
       8.8645345336209886e+01, -3.5977239385050780e+01,
       -1.9907358715328911e+01, 3.3357235220414111e+01,
       -3.0265234117384626e+01, 3.2705011427909270e+01,
       2.0655618064603441e+01, 5.1292038250137679e+00,
       4.5476369119515274e+00, -5.8695610248849572e+00,
       -9.9951264281923908e+00, -9.4773608116760641e+00,
       1.3903612824208633e+02, -5.6928460562132202e+01,
       3.8986543719924910e+01, -4.3051162279773841e+01,
       8.0091358732940510e+00, 1.8759919236950700e+00,
       1.7708033369612451e+01, -1.3877670481009835e+01,
       -1.3886153959891610e+01, -2.7390328404944988e+01,
       -6.5384537951477464e+00, -2.4180906210361705e+01,
       -2.4846697425703789e+02, 4.3780007246172019e+01,
       -9.7424910729443557e+00, -8.2684245907130336e+00,
       -2.6703353952406919e+00, -5.5283303311727225e+00,
       -2.0688014272958225e+02, -2.1924165134646582e+01,
       -1.1013833979168103e+01, 3.4527221203474731e+01,
       5.2696156270899426e+00, 6.3337838036760585e+00,
       1.4953914117937099e+01, -2.2933077894510339e+02,
       9.9014071886031410e+00, 7.5353520968221233e+01,
       -1.7041375635717995e+00, -2.9016016954564122e+01,
       7.5493160075779471e+01, 8.6905143845368727e+01,
       3.0313614687165042e+01, 3.8007211340562357e+01,
       1.1410370936503485e+01, -1.7998532974699416e-01 ]
