%YAML:1.0
means: !!opencv-matrix
   rows: 16
   cols: 2
   dt: d
   data: [ -9.5413214725613841e+01, -7.9798354272880246e+01,
       8.5890138061593504e+01, 4.4739005819338971e+01,
       8.0572390461270196e+00, 1.8698960910503581e+02,
       -4.4391114742173784e+01, -1.9803719689542669e+02,
       2.0317600466292765e+02, -7.2776417426859723e+01,
       -9.6259683356621636e+01, 3.9390390264558498e+01,
       9.6247115029451223e+01, -4.6022284120834691e+01,
       1.8154785173282073e+02, 2.9257365947114884e+01,
       -2.3355501024715684e+02, -1.0260072631847743e+02,
       -2.1001664521075620e+02, 1.9191936832213948e+01,
       1.1022513412957197e+02, -1.3376415205695167e+02,
       -1.5250708618823938e+00, -3.0206815682556090e+00,
       1.0012990098504066e+02, 1.2985784749884328e+02,
       -1.4719401717356227e+01, 8.9410728268887809e+01,
       -1.1760954622935462e+02, 1.5491041171533223e+02,
       1.7297188519396784e+01, -1.0565253483154441e+02 ]
covs: !!opencv-matrix
   rows: 32
   cols: 2
   dt: d
   data: [ 2.3178427858617756e+03, -1.0694900280603706e+02,
       -1.0694900280603703e+02, 4.3286628478861467e+03,
       2.4469397970354858e+03, 1.8641879252223234e+02,
       1.8641879252223228e+02, 2.4257504633688177e+03,
       6.1081566256189826e+03, 6.0526976888508864e+02,
       6.0526976888508864e+02, 2.9198428234262542e+03,
       8.4939018739355924e+03, -3.1851950815739183e+03,
       -3.1851950815739187e+03, 7.1775038791189509e+03,
       3.6439442883956576e+03, 4.2831382199330130e+02,
       4.2831382199330130e+02, 3.6091565582595881e+03,
       2.8410276394961811e+03, 1.4479143054587797e+02,
       1.4479143054587803e+02, 2.7547123897116298e+03,
       2.9786379395312065e+03, 3.1901973213425617e+02,
       3.1901973213425617e+02, 2.6331557161101368e+03,
       3.9761789965099993e+03, 1.2500332964316285e+03,
       1.2500332964316287e+03, 3.3229579446769044e+03,
       2.9597317981251072e+03, -3.5068180388757764e+02,
       -3.5068180388757776e+02, 5.9975612073877710e+03,
       4.1191035133763744e+03, -4.8769696470128093e+02,
       -4.8769696470128093e+02, 5.5138561392533329e+03,
       2.9532976170537836e+03, 5.6556341958780774e+02,
       5.6556341958780774e+02, 2.7517898780412343e+03,
       2.6459468240433275e+03, -1.1237948140654457e+02,
       -1.1237948140654458e+02, 2.2502540941210709e+03,
       5.1744151520751793e+03, 7.3716650102120548e+02,
       7.3716650102120548e+02, 2.5111506028757258e+03,
       3.2782503080894508e+03, -3.8274517672913072e+02,
       -3.8274517672913072e+02, 2.5246404088532499e+03,
       6.6137385390462277e+03, 5.5184242915504990e+02,
       5.5184242915505001e+02, 4.3113799195205265e+03,
       2.3957616031689117e+03, 4.7144021520467504e+01,
       4.7144021520467483e+01, 2.4509574758217605e+03 ]
weights: !!opencv-matrix
   rows: 1
   cols: 16
   dt: d
   data: [ 8.3539204100684883e-02, 9.0177780493244833e-02,
       4.4663263613045311e-02, 3.7396880702804315e-02,
       4.6850521921138463e-02, 7.1208898953251457e-02,
       7.6996968383633096e-02, 6.0702066587426419e-02,
       4.2226129074006614e-02, 6.7939813175233787e-02,
       4.9085460975520474e-02, 9.3509694970165730e-02,
       5.2988718606103297e-02, 6.4831866353781908e-02,
       5.2618187140671319e-02, 6.5264544949280662e-02 ]
pca_proj: !!opencv-matrix
   rows: 2
   cols: 21
   dt: f
   data: [ 1.02604255e-02, 8.46533298e-01, 5.67100069e-05,
       -5.08859605e-02, 4.68450844e-01, 1.89823491e-04, -5.55210514e-03,
       1.46431834e-01, -1.98076777e-05, -7.31809530e-03, 1.34976640e-01,
       -4.80776835e-05, -6.69380091e-03, 1.46460637e-01, -1.57161594e-05,
       2.11501210e-05, 1.32904761e-05, -3.16381829e-07, -1.62182951e-05,
       4.47223283e-04, 4.04881848e-06, 8.19958210e-01, 1.87153444e-02,
       -7.93817599e-05, 4.28530097e-01, 8.29724409e-03, 8.75842488e-06,
       2.28233948e-01, -2.37727305e-03, -1.84168690e-04, 2.08515689e-01,
       -1.20344283e-02, -2.14158339e-04, 2.18838796e-01, -7.27251405e-04,
       -1.84816250e-04, -3.05604735e-05, -5.04301033e-06,
       -1.27042276e-05, 6.79167337e-04, 1.30049409e-06, -1.63660501e-04 ]
pca_mean: !!opencv-matrix
   rows: 1
   cols: 21
   dt: f
   data: [ 4.33646118e+02, 2.44701981e+02, 1.49672687e+00,
       4.18191803e+02, 2.60206879e+02, 1.62062907e+00, 3.68545319e+02,
       2.27059875e+02, 1.69770968e+00, 3.19420807e+02, 1.63929108e+02,
       1.75046074e+00, 3.16613464e+02, 2.25532654e+02, 1.70717156e+00,
       1.08872897e-04, -9.74175637e-05, 6.24380555e-05, -2.17504916e-04,
       -2.50119597e-01, 1.75055194e+00 ]
gamma: !!opencv-matrix
   rows: 16
   cols: 1
   dt: d
   data: [ 8.5699361387035966e-01, 8.2982419502870919e-01,
       8.8042321214852548e-01, 9.1704022856170064e-01,
       8.8121722447534301e-01, 8.4131320391075781e-01,
       8.4020997611925474e-01, 8.5891093011367758e-01,
       9.0124127754139316e-01, 8.9756686257424767e-01,
       8.6028505203004468e-01, 8.1705818389490237e-01,
       8.5667110258987988e-01, 8.4060084580461203e-01,
       8.9586646752066446e-01, 8.3442394655205543e-01 ]
