%YAML:1.0
means: !!opencv-matrix
   rows: 2
   cols: 19
   dt: d
   data: [ 7.1127975610154159e+00, 7.3583472893148185e+00,
       -1.4317150830874648e+00, -1.6203271887253810e+00,
       9.0082741290470925e-01, 1.7465310926016531e+00,
       7.9849514725468174e-01, -6.2858991693973618e-02,
       -5.1582802745200085e-01, -1.5041556562187506e-03,
       8.9933234336147753e-03, 6.2605870639992631e-03,
       2.7798041200628888e-03, -8.6293148819850164e-04,
       6.7682261041764695e-05, -1.4683419580185757e-04,
       2.9949796479757595e-04, -1.5846652976509088e-04,
       -1.7092150708095181e-04, -3.9743757406997545e+01,
       -4.1122051109093597e+01, 7.9910480017092107e+00,
       9.0553896001882048e+00, -5.0346064997417121e+00,
       -9.7733619164805106e+00, -4.4623743246133829e+00,
       3.5167419583073739e-01, 2.8881689637045045e+00,
       2.0879214684675847e-02, -5.1308824095394036e-02,
       -3.5651060427755336e-02, -1.5517247044913885e-02,
       5.0661907796850569e-03, -2.8438885400349721e-04,
       7.1794286082341077e-04, -1.7621654129895631e-03,
       7.5355805123546258e-04, 9.0105226683512426e-04 ]
covs: !!opencv-matrix
   rows: 38
   cols: 19
   dt: d
   data: [ 1.6905290445441366e+04, -6.2733682597606048e+02,
       2.8505316827028597e+01, 2.5490663005829592e+02,
       -9.9887171437710009e+01, -2.5197347595297742e+01,
       -1.9831940943040284e+01, -2.4568473369672237e+01,
       6.2170515406561053e+00, 4.2895150484369502e+00,
       -5.6749766367154786e-01, -4.3391268241801845e-01,
       -2.3552663686462694e-02, 1.4580815341812284e-02,
       2.7663886724064995e-01, 2.5321530302225209e-01,
       -5.5907591135560222e-02, 4.9098976151303091e-02,
       1.3917486888418437e-01, -6.2733682597606025e+02,
       1.1343145922909438e+04, 9.2292753564950914e+01,
       2.5807306323912718e+02, -1.3700245907634539e+02,
       -2.0533003205858390e+02, -2.4435346273487554e+01,
       -1.7259322959500992e+01, 4.2934651413334507e-01,
       -1.2580722872894368e+01, -1.1752385629743801e-01,
       -7.1378072269188819e-01, 5.9060750493971081e-02,
       -3.5234461915648704e-02, -1.2305602167508001e-01,
       2.1568719530665217e-01, 4.1326817862503201e-03,
       -9.9403653141445517e-02, -2.2086786074329075e-02,
       2.8505316827028555e+01, 9.2292753564950857e+01,
       3.2769998031100486e+03, -4.9948321864119464e+01,
       2.7874923842841810e+01, 1.1510653113236224e+01,
       5.2200811505702172e+00, 6.2702461454358644e+00,
       -2.8172665050787500e+00, 1.9523075327690174e+00,
       -2.0599272403120546e-02, -1.0825272001733697e-02,
       6.3384855630586553e-04, 3.7954489545604417e-02,
       -4.7315351124539197e-02, -8.3739949951328538e-02,
       2.7795997921836631e-02, -2.3165276242949243e-02,
       -2.6529388602356181e-03, 2.5490663005829589e+02,
       2.5807306323912724e+02, -4.9948321864119507e+01,
       2.7542114860900929e+03, 3.7160537919550613e+01,
       5.3596100488848549e+01, 6.5535713816236303e+00,
       3.5556306962057631e+00, 5.6149641569578517e+00,
       3.4082135491296186e+00, 1.2257556102614629e-01,
       1.1463067921455897e-01, -1.7742138040903091e-02,
       4.0906527266984537e-02, 8.0423812323327570e-02,
       -1.1979608789305422e-02, 2.3865071323194112e-02,
       3.9851625650071200e-02, 1.6783825978487630e-02,
       -9.9887171437709966e+01, -1.3700245907634539e+02,
       2.7874923842841799e+01, 3.7160537919550620e+01,
       4.5289534663886690e+02, -1.8598658965282425e+01,
       -5.1731667460198372e+00, -4.4997698157199499e+00,
       -2.0664570609369157e+00, 8.6052077196059340e-01,
       9.2403306554964842e-02, -1.1719603186735176e-02,
       -5.5591170049600685e-03, 2.6202542618797016e-02,
       -9.8095940127664108e-03, 2.2025816345459533e-02,
       2.4891582450715156e-03, -5.4530973308933670e-03,
       -5.8533439996851077e-03, -2.5197347595297732e+01,
       -2.0533003205858390e+02, 1.1510653113236220e+01,
       5.3596100488848556e+01, -1.8598658965282421e+01,
       2.2468811996773849e+02, -7.5145795862004867e+00,
       1.5718552585372050e+00, 5.0369774030618713e+00,
       -1.8986837219295793e+00, 1.5546164283011907e-01,
       -1.9245812049952613e-01, -8.3093220632256617e-03,
       -6.1449995169266716e-03, -9.0705625833613392e-03,
       -3.0246151272429241e-03, 5.7801132243780811e-03,
       -1.6912909578990357e-03, -5.1003952367995736e-03,
       -1.9831940943040276e+01, -2.4435346273487554e+01,
       5.2200811505702172e+00, 6.5535713816236303e+00,
       -5.1731667460198398e+00, -7.5145795862004841e+00,
       2.3439940900012424e+01, 6.8899076341569487e-01,
       3.5390386059367760e+00, 2.0472859474531238e-01,
       -1.1362187386138343e-02, 4.7945598203856375e-02,
       -3.4735761297751473e-02, 9.2822713186679080e-03,
       -1.6453435985733268e-02, -4.5506733923489865e-03,
       -7.1495306300433888e-04, 6.4027260432764955e-04,
       -1.6006186567940060e-03, -2.4568473369672244e+01,
       -1.7259322959500995e+01, 6.2702461454358689e+00,
       3.5556306962057631e+00, -4.4997698157199499e+00,
       1.5718552585372039e+00, 6.8899076341569521e-01,
       1.4515704203123896e+01, -1.0284020829448841e+00,
       5.2449318634480857e-01, -1.2620900723253843e-02,
       -6.6300904804217440e-03, 5.0543046795515087e-03,
       1.2444942564475189e-02, -3.7189407748080489e-03,
       8.2299570866853598e-03, -4.0751494534026650e-04,
       -1.8642645333839666e-03, -1.3821810382854008e-03,
       6.2170515406561009e+00, 4.2934651413334413e-01,
       -2.8172665050787504e+00, 5.6149641569578499e+00,
       -2.0664570609369157e+00, 5.0369774030618713e+00,
       3.5390386059367769e+00, -1.0284020829448839e+00,
       1.5062603745445218e+00, 1.8915671738861637e-02,
       4.7103748442625583e-02, 1.8543938766766480e-02,
       1.5773581245143022e-02, -1.4938026659315747e-03,
       -1.1670721205544311e-03, 2.1764641301543755e-03,
       -4.8565651425955269e-04, -2.3039729229860756e-03,
       -5.4045790851874975e-04, 4.2895150484369493e+00,
       -1.2580722872894366e+01, 1.9523075327690174e+00,
       3.4082135491296186e+00, 8.6052077196059285e-01,
       -1.8986837219295793e+00, 2.0472859474531238e-01,
       5.2449318634480846e-01, 1.8915671738861630e-02,
       3.7388709995066072e-01, 8.7423364816305998e-03,
       -1.1435689161568554e-03, 3.4472631940225874e-03,
       -1.1303936831333572e-02, -6.2936381189333552e-04,
       8.8911046862001565e-04, 5.3047233906536176e-04,
       3.4655181488705757e-06, -3.2024286389344223e-04,
       -5.6749766367154786e-01, -1.1752385629743793e-01,
       -2.0599272403120553e-02, 1.2257556102614625e-01,
       9.2403306554964842e-02, 1.5546164283011907e-01,
       -1.1362187386138351e-02, -1.2620900723253847e-02,
       4.7103748442625576e-02, 8.7423364816305981e-03,
       3.1572663391202162e-02, -7.4466589602436184e-04,
       -1.7381046145989424e-04, 1.0937564313319552e-04,
       1.7367889811393140e-04, 2.4344510825459657e-04,
       -2.4530495068832066e-04, -4.1879339131121882e-04,
       1.7076732636853356e-05, -4.3391268241801845e-01,
       -7.1378072269188819e-01, -1.0825272001733678e-02,
       1.1463067921455901e-01, -1.1719603186735173e-02,
       -1.9245812049952613e-01, 4.7945598203856361e-02,
       -6.6300904804217449e-03, 1.8543938766766480e-02,
       -1.1435689161568559e-03, -7.4466589602436163e-04,
       2.1005189841199509e-03, 5.0549552388972100e-04,
       3.0588025448087823e-05, 5.7311758219080278e-04,
       5.5018476183736303e-05, 8.7552061913392881e-06,
       -4.5229858655411838e-05, 2.7797055381666143e-05,
       -2.3552663686462669e-02, 5.9060750493971061e-02,
       6.3384855630585610e-04, -1.7742138040903081e-02,
       -5.5591170049600659e-03, -8.3093220632256513e-03,
       -3.4735761297751473e-02, 5.0543046795515053e-03,
       1.5773581245143022e-02, 3.4472631940225874e-03,
       -1.7381046145989440e-04, 5.0549552388972100e-04,
       2.2418708840383477e-03, 7.2905019163245041e-05,
