%YAML:1.0
means: !!opencv-matrix
   rows: 6
   cols: 4
   dt: d
   data: [ 9.9137007421451209e+00, 9.0124049635505003e+01,
       -6.8347393683714781e+00, 4.2591261871502930e+01,
       8.7077308277357744e+01, -2.2119566827006270e+01,
       5.9072412322831454e+01, -4.9737240556792056e-01,
       -3.1262620023299796e+01, -1.3417357890624523e+01,
       -2.7878121094997688e+01, -2.6325781834982742e+01,
       2.1954761559976781e+01, -8.2988119089793571e+01,
       -2.4824088264743093e+01, 3.4211432554861624e+01,
       9.7389828915053840e+01, 1.4725342615076837e+01,
       -3.3140150804566836e+01, -2.9223328409681059e+01,
       -1.8952542293540992e+02, 1.0598033526601251e+01,
       3.1951515056482179e+01, -9.6327169220358364e+00 ]
covs: !!opencv-matrix
   rows: 24
   cols: 4
   dt: d
   data: [ 1.1976260209958415e+04, 3.1498657384371353e+02,
       4.2207889477295367e+02, -1.9182429796492269e+02,
       3.1498657384371359e+02, 4.7319002624274926e+03,
       -1.4766330969511355e+02, -2.3916652245688560e+03,
       4.2207889477295367e+02, -1.4766330969511361e+02,
       2.7176374937089240e+03, -4.2124033144621350e+01,
       -1.9182429796492275e+02, -2.3916652245688560e+03,
       -4.2124033144621350e+01, 1.8690999422549710e+03,
       9.5565180522646624e+03, 1.0774668778186126e+03,
       -1.9371705477044954e+03, -7.2076805491448965e+01,
       1.0774668778186126e+03, 8.8531725229247004e+03,
       -4.1191688238293253e+01, -3.0738318856303641e+02,
       -1.9371705477044952e+03, -4.1191688238293224e+01,
       8.7210260913191792e+02, 3.3829267823096728e+01,
       -7.2076805491448937e+01, -3.0738318856303647e+02,
       3.3829267823096771e+01, 2.4403899275734707e+03,
       6.7531500309752228e+03, 4.4729117527446112e+02,
       2.2558470585914566e+01, -2.5629618923471067e+01,
       4.4729117527446090e+02, 7.9187949049541094e+03,
       1.9401896048905303e+02, -1.0311217350149725e+03,
       2.2558470585914531e+01, 1.9401896048905292e+02,
       1.7700340482603935e+03, -1.8474214998068956e+02,
       -2.5629618923471089e+01, -1.0311217350149725e+03,
       -1.8474214998068953e+02, 1.9277620315603908e+03,
       1.0999662381369559e+04, 1.7940645655151302e+03,
       6.3602035492748576e+02, -1.4535445406863125e+03,
       1.7940645655151309e+03, 5.9804149122284844e+03,
       -5.7104405734970976e+02, 1.0592682484559418e+03,
       6.3602035492748576e+02, -5.7104405734970976e+02,
       2.3012871049730661e+03, 1.1509223699931026e+02,
       -1.4535445406863125e+03, 1.0592682484559418e+03,
       1.1509223699931027e+02, 1.2912703960523438e+03,
       4.9810628058902457e+03, -9.1948292336583336e+01,
       2.1152836283940214e+03, 4.6985220818515171e+02,
       -9.1948292336583322e+01, 5.2577438650546655e+03,
       -2.3143306693185405e+01, 2.1559071825930032e+03,
       2.1152836283940214e+03, -2.3143306693185387e+01,
       2.5810561645158873e+03, -1.7830142626718776e+02,
       4.6985220818515171e+02, 2.1559071825930032e+03,
       -1.7830142626718776e+02, 1.2630060693894384e+03,
       5.5222508914547943e+03, -5.3891295220193888e+02,
       2.6627437434943504e+03, 4.2992276971129473e+02,
       -5.3891295220193877e+02, 1.0925692314910168e+04,
       4.0030450005878805e+02, -5.2443346043836527e+02,
       2.6627437434943504e+03, 4.0030450005878794e+02,
       2.2411967671218963e+03, -1.6794626909973758e+02,
       4.2992276971129473e+02, -5.2443346043836539e+02,
       -1.6794626909973758e+02, 2.4830114121444158e+03 ]
weights: !!opencv-matrix
   rows: 1
   cols: 6
   dt: d
   data: [ 1.5441523497053694e-01, 1.7256226205705827e-01,
       1.7406544983259858e-01, 1.4747603170328133e-01,
       1.8214656132302395e-01, 1.6933446011347575e-01 ]
pca_proj: !!opencv-matrix
   rows: 4
   cols: 21
   dt: f
   data: [ 4.36961316e-02, 8.50134730e-01, 1.73015636e-04,
       6.54514134e-02, 4.60692108e-01, 2.29939164e-04, 7.67599978e-03,
       1.46649793e-01, -1.37564148e-05, 1.21663406e-03, 1.30500361e-01,
       -5.45994153e-05, 8.06188770e-03, 1.42052382e-01, -2.12945142e-05,
       -2.45414903e-05, 9.56867734e-06, -1.94090262e-06, 3.13729906e-05,
       4.34020360e-04, 2.32224409e-07, 7.68702388e-01, -5.10314330e-02,
       1.14127281e-04, 4.21110362e-01, -3.83849256e-02, 4.02935693e-05,
       2.81941950e-01, -1.35209868e-02, 1.95932400e-04, 2.66951323e-01,
       -4.70317341e-03, 2.29704310e-04, 2.76557714e-01, -1.55316098e-02,
       2.11025646e-04, -3.74769334e-05, 5.54774260e-06, -7.89335627e-06,
       8.86836962e-04, -5.85095040e-05, 1.91629806e-04, 1.28585771e-02,
       -3.46314937e-01, -1.22481215e-04, -4.01510373e-02, 1.58088982e-01,
       -1.45607672e-04, 1.89476740e-02, 5.27356327e-01, 2.33430081e-04,
       1.79703757e-02, 5.36674440e-01, 2.90960423e-04, 1.17339585e-02,
       5.35117626e-01, 2.47836346e-04, -7.02231409e-06, -3.17391914e-06,
       2.59759432e-08, 1.54912759e-05, 1.72088097e-03, 2.08691781e-04,
       -5.93480825e-01, -8.48098937e-03, -8.88030772e-05, 2.05370650e-01,
       3.40346433e-02, 1.63823628e-04, 4.45453286e-01, -5.44621795e-03,
       -1.30590008e-04, 4.45820451e-01, -1.72652975e-02, -2.10900864e-04,
       4.54801619e-01, -3.90723068e-03, -1.75610170e-04, -1.74471352e-05,
       -6.38676829e-06, 1.65030560e-05, 1.38473080e-03, -5.51051289e-06,
       -1.34489819e-04 ]
pca_mean: !!opencv-matrix
   rows: 1
   cols: 21
   dt: f
   data: [ 2.07625534e+02, 2.55653595e+02, 1.54502928e+00,
       2.18915131e+02, 2.60592743e+02, 1.67241716e+00, 2.65274475e+02,
       2.24016678e+02, 1.71669352e+00, 3.19420807e+02, 1.63929108e+02,
       1.75046074e+00, 3.16613464e+02, 2.25532654e+02, 1.70717156e+00,
       1.08872897e-04, -9.74175637e-05, 6.24380555e-05, -2.17504916e-04,
       -2.50119597e-01, 1.75055194e+00 ]
gamma: !!opencv-matrix
   rows: 6
   cols: 1
   dt: d
   data: [ 8.3284173517460292e-01, 8.4013433000526683e-01,
       9.0226504534990037e-01, 9.1612841391050370e-01,
       8.8696210292734912e-01, 9.3251874686655190e-01 ]
