%YAML:1.0
means: !!opencv-matrix
   rows: 40
   cols: 6
   dt: d
   data: [ -3.4740506931870513e+01, -1.9749951174317013e+00,
       1.0137801022319222e+01, -5.9898606034457236e-01,
       3.5381907292560847e+01, -2.5899744081214076e+00,
       3.4794569988275588e+00, 3.9923297844551456e+01,
       9.3301891174089557e-01, -4.3418083647594145e+01,
       -1.7146860324854110e+01, -2.3046167352841444e+01,
       -1.8842498229505645e+02, -8.6704317486976862e+01,
       4.1923595601036460e+01, -4.1414657315390890e+01,
       -6.9285566166023740e+00, -5.6910209051106408e-01,
       -1.8724357746963497e+02, 9.2902340412028352e+01,
       3.3345789132510021e+01, -5.9486859481996611e+01,
       -2.7180890650811190e+01, 1.5282047486314845e+01,
       9.5259361899985294e+01, 5.5770635197993158e+01,
       -4.0575721085208913e+00, -3.4662838852462762e+01,
       1.5047236418329506e+00, -1.3534750362072661e+01,
       3.5595743386375297e+01, -8.8289467664971298e+01,
       -1.8089266360453923e+01, -4.2096198606181545e+01,
       1.3496909954617468e+01, 3.2871970312479086e+00,
       -4.9279357937061107e+01, -1.2397513270886181e+02,
       -3.9687374903315207e+00, 2.2272621561912466e+01,
       1.8647544736694936e+01, 3.8679939841296018e-01,
       -1.8597441776479502e+02, -7.0380248459936936e+01,
       3.6048332378336504e+01, 4.7974706395018238e+01,
       -1.6735402178852631e+01, 4.2698900156791337e+00,
       -1.8920709962079280e+02, 2.8160805020650695e+01,
       -2.5388962141503267e+01, -7.9051150047871177e+00,
       1.2043310927480443e+01, -8.5371502410322204e+00,
       -1.3688845312895195e+01, 1.6039684165863855e+02,
       1.1655148102921698e+01, -9.3055931494060715e+01,
       1.7563041681947780e+01, 3.0521283236016647e+01,
       4.5365594795425856e+01, 1.8871851892138647e+01,
       -2.5097047421648544e+01, 1.3528942823010906e+01,
       1.5895219285240330e+01, 6.7403434708834764e+00,
       7.0285312389662337e+01, 8.8696389436597229e+00,
       -1.0081113591073202e+02, 4.7132856529402789e-01,
       -3.7335912802864200e+00, 1.1819718726000659e+01,
       1.6331222584653929e+02, 1.9806871315625880e+01,
       -4.5560991085142135e+01, -1.3038137338360675e+01,
       -7.1406623887723937e+00, 1.4281274593841779e+01,
       -3.1225813346220841e+00, -8.5271148318918023e+01,
       8.1735363010362832e+01, 4.1975318238159609e+01,
       5.3070055095342239e+00, -5.7068790101407805e+00,
       -3.3242006511366498e+01, 8.1165600289201869e+00,
       1.1125207361011824e+00, -9.8767936927166300e+00,
       7.2218611373156616e-01, 6.1520110954746707e+00,
       -1.6789037380523743e+02, 7.6800802406816445e+01,
       3.2091308010821685e+01, -5.9121292823516548e+01,
       -2.8678825734918227e+01, -4.0911958439276463e-01,
       5.2759109703197868e+00, 4.7519209326408216e+01,
       -7.1732361682693195e+01, -2.1745665389000411e+01,
       4.1497439542397724e-01, -6.6505152764915936e+00,
       -2.8416782754207375e+01, -1.0343863391709769e+02,
       2.5494605986603669e+00, 6.7560373391455570e+01,
       -3.0155848491902475e+00, -2.5419927342660080e+00,
       -1.3069874721094155e+02, 2.8375658315170082e+01,
       6.6679344198696668e+01, 1.1348875209051378e+01,
       -5.6030420613130367e+00, -5.4048946623203706e+00,
       8.8515456247602913e+01, 9.9694068844037744e+01,
       -2.2244948190886024e+01, 1.1025082433556921e+01,
       -3.1715868746034403e+01, -2.2214847331876626e+01,
       1.0701056419955046e+01, 4.9824727434598621e+01,
       1.6723551896432575e+01, -3.6447382384891583e+01,
       3.6071808563222397e+01, -9.0909724284673388e+00,
       -1.2512243876742227e+02, 1.3294949463239865e+02,
       4.3370131757329595e+01, 7.8813060822450955e+00,
       -2.3366159846730508e+00, -1.0134448298957393e+01,
       -1.4925346866116641e+02, -7.2857459862267362e+01,
       6.0640336419462200e+00, 4.5927261853458695e+01,
       -1.3846658952068069e+00, -5.4908341146517365e+00,
       -3.9707475226673139e+01, 5.2718062463803408e+00,
       2.0335180747485913e+00, 7.8059850466285297e+01,
       1.5593016256721130e+01, -4.6572623218463649e+00,
       8.1435184013164090e+01, -2.1226529571119745e+01,
       -2.8629341378043335e+01, -4.4594920991117689e+01,
       -2.8768193133199535e+01, -1.6165309309091676e+01,
       -1.3906447815449408e+02, -9.6324485759815133e+01,
       2.6076752877269019e+01, 6.8652746463233967e+01,
       -2.2712477820996963e+01, 2.9870642070082787e+00,
       -1.2838289209114444e+02, 7.3522979899635699e+00,
       3.4170065382133558e+01, -4.2978955371916847e+01,
       2.3733347132612748e+00, -1.2342783464704123e+01,
       2.9767413691882300e+01, 1.6124926310441232e+01,
       -6.4119379037988182e+01, -3.5739947043835599e+01,
       -2.2980041714934178e+01, -2.0592594292043866e+01,
       1.2867409668935139e+02, -3.1995004917502817e-01,
       5.8589874846129071e+01, 1.8124185185836352e+00,
       1.1953421256474767e+01, 1.8871637497949645e+00,
       5.0624650127532803e+01, 1.4893036597983559e+02,
       -5.7563735415665764e+00, -7.9467063799096721e+01,
       1.7643000340544894e+01, 5.9594910792651969e+00,
       1.2834101195869252e+02, -3.2918563578798178e+01,
       -3.0772074740593492e+01, 3.0740329979674556e+01,
       -3.5945312020887297e+00, 1.4970324590003932e+01,
       8.1999202864672824e+01, -5.9585911518830414e+01,
       -2.2369440364281861e+01, 3.5114217203106101e+01,
       1.9886132988994820e+00, 1.4872503420018912e+01,
       -1.7023378906428965e+02, -1.2788657355904183e+01,
       3.7119714600725921e+01, 1.8294803230401776e+01,
       -3.8255870588773693e+00, 1.9291578192185305e+01,
       3.1536123743286428e+01, -1.0013045425096711e+02,
       -1.1568818819567214e+01, 6.9556760046472306e+01,
       -5.4082736856151348e+00, -1.8555479371824091e+00,
       1.7360189588147975e+02, 6.5844184739136502e-01,
       -1.8433090902792522e+01, 2.0870097606168607e+00,
       -6.1664821104618275e+00, 1.2046058738242216e+01,
       -2.2337024648946891e+02, 8.2477179865578222e+01,
       4.6689148408369135e+01, -3.8070347160410705e+01,
       -1.7795697541935144e+01, 2.3706952360582921e+01,
       2.2978226612165713e+00, 1.0787041958715579e+02,
       1.4863299176402562e+00, 3.5829602614879519e+01,
       1.8158674155110297e+01, -6.9233881446743295e+00,
       7.0078439613160938e+01, -6.4886401504973605e+01,
       -2.4109538269788398e+01, 4.1585025299219112e+01,
       -1.0230757994546778e+01, 5.9257095985368915e+00,
       1.7277028353459542e+02, 3.1680633229619236e+01,
       -3.0656099828460309e+01, -2.2493700803585771e+01,
       -1.2414892520044834e+01, 2.5155577937162388e+00,
       1.3702456484995673e+02, 9.4490032231065637e+00,
       2.1713822266517305e+01, -3.5724353229822931e+01,
       -2.6476791227372569e+01, -1.9692316938834431e+01 ]
