%YAML:1.0
means: !!opencv-matrix
   rows: 4
   cols: 16
   dt: d
   data: [ 5.4336952726289766e+01, -1.2377460097440173e+01,
       -7.7455420676131705e+00, 9.8339237882983603e+00,
       1.0403075413213237e+01, 4.1856176018432816e+00,
       8.7217203738165772e-01, -2.4471062157705289e-01,
       -2.5418768186768770e-01, 4.3488218537808127e-02,
       2.8109054113344207e-02, 1.7196829964799803e-02,
       1.8962474292195225e-03, -8.3461955785094823e-03,
       1.9315652039016040e-02, 1.7945183631033095e-03,
       -1.4634302861731047e+02, -2.8595949928788855e+01,
       3.8821193078989445e+01, 3.8868302218050572e+00,
       -8.4381226013454640e+00, 8.6436569979825129e-01,
       1.1434277381264252e-03, 8.5217868576422773e-01,
       -1.0210747618409337e+00, -2.7835356183796636e-02,
       -1.4151496832325208e-02, 9.3811903773191856e-03,
       2.1270159075078778e-03, 3.8654159321742571e-04,
       -7.9731827274050360e-03, -8.6158091858254699e-03,
       -2.1004952316146422e+01, -4.8853356392265496e+01,
       5.7854155032991947e+00, 1.1313397567569002e+01,
       1.8389212171223432e-01, -8.1501516328020660e+00,
       -3.6564943372360617e+00, 2.5632936154097269e-01,
       3.3385309083739996e+00, 8.0159886628414626e-02,
       -7.4917658496293921e-02, -4.8550896386426415e-02,
       -1.4120678789808962e-02, 9.5716977836450886e-03,
       -7.1032407232662128e-03, 1.9862651359608820e-03,
       4.7046147921735248e+01, 7.1386260707279035e+01,
       -2.3430860826064361e+01, -2.5533032757883898e+01,
       -9.8662034267683332e+00, -3.0056468730973078e+00,
       6.1427510474171632e-01, -4.6455867819921715e-01,
       -5.7644449729594072e-01, -8.4020302512407039e-02,
       7.3005411174643080e-03, -9.2721329583338157e-03,
       2.9803139898667923e-03, 8.0538494408427738e-03,
       -2.0620033345181352e-02, 3.1966014928747166e-03 ]
covs: !!opencv-matrix
   rows: 64
   cols: 16
   dt: d
   data: [ 8.3162092681876584e+03, -7.1530230603001007e+02,
       1.9523703454971844e+03, -2.0969222031666538e+02,
       -1.1150882632777716e+03, -1.4781184116637530e+01,
       -7.0273041781868699e+01, 2.5965347273989991e+01,
       -1.5945568335264847e+01, 3.1456120236853147e-01,
       -1.2232069432441519e+00, -5.7099642305326465e-02,
       9.5553938467293278e-02, -2.6375700830832466e-01,
       7.1646670664189249e-01, 3.3281177294089540e-02,
       -7.1530230603001007e+02, 8.9344934358812625e+03,
       4.7347610078609853e+02, 1.1370639938495433e+03,
       1.3694657819010478e+01, -4.9825306201629434e+02,
       -4.8652982690965352e+01, -2.3836593539209577e+01,
       -1.2850798084711608e+01, -7.0879015993722616e+00,
       -1.0581113427237849e+00, -1.3961787284231011e-01,
       1.0991479560769013e-01, -2.5491472171492019e-01,
       2.8926268988419662e-01, -1.1674160264536394e-02,
       1.9523703454971844e+03, 4.7347610078609853e+02,
       2.7831225991837064e+03, -1.0888720686789084e+02,
       2.2965517720615262e+02, 1.5019182880601115e+01,
       2.2809916960176395e+01, -8.7076274018159818e+00,
       1.6652347442908371e+00, 4.8975465085804759e-01,
       3.2812574116612531e-01, -2.8494937215039123e-01,
       1.4015893970955167e-02, 9.6550364108830292e-02,
       -2.3701900417786406e-01, 1.8709096007108985e-02,
       -2.0969222031666544e+02, 1.1370639938495431e+03,
       -1.0888720686789087e+02, 2.4190383488639673e+03,
       -1.3269316042681226e+02, 1.4837135937200392e+02,
       7.3042731431762151e+00, 1.0601520083400317e+01,
       9.7126581721826124e+00, -9.6028319549710239e-01,
       4.3321907009400790e-01, -5.9500988605498142e-02,
       -2.1164964721104875e-02, 5.4173108727424431e-02,
       -3.4834625394045832e-02, 4.3755817587742732e-02,
       -1.1150882632777718e+03, 1.3694657819010491e+01,
       2.2965517720615259e+02, -1.3269316042681226e+02,
       5.6099189463987750e+02, -1.2359169276279499e+02,
       -1.3583819555147675e+01, -1.1966605226745026e+01,
       -8.8896980822809617e+00, 5.9217479562349784e-01,
       -7.6159879518037307e-02, -6.2175512556320138e-02,
       -7.7138110748209759e-03, 1.1154702542615628e-01,
       -2.2979549012116784e-01, 2.4658350058603316e-02,
       -1.4781184116637521e+01, -4.9825306201629434e+02,
       1.5019182880601120e+01, 1.4837135937200389e+02,
       -1.2359169276279499e+02, 2.5492895559930830e+02,
       -8.5746087841873777e+00, 1.8795701506974600e+00,
       5.2950834274613952e+00, -2.1800546534350995e+00,
       -1.7370287479720686e-01, -2.1646651547547879e-01,
       -1.6931451926402552e-02, 5.0394823447101014e-02,
       -1.1222693970853301e-01, -1.5608322230712212e-02,
       -7.0273041781868713e+01, -4.8652982690965352e+01,
       2.2809916960176402e+01, 7.3042731431762125e+00,
       -1.3583819555147677e+01, -8.5746087841873777e+00,
       2.3357223050676726e+01, 4.5957814033195332e-01,
       3.5838321524781618e+00, 1.8777189311184581e-01,
       -1.0184716710208231e-02, 5.1715766821577601e-02,
       -3.4213621444145900e-02, 1.1747909539959992e-02,
       -2.1077721618663312e-02, -5.6924580221545630e-03,
       2.5965347273989984e+01, -2.3836593539209577e+01,
       -8.7076274018159836e+00, 1.0601520083400320e+01,
       -1.1966605226745026e+01, 1.8795701506974618e+00,
       4.5957814033195332e-01, 1.3855338989203016e+01,
       -7.3120812744122243e-01, 6.3745610208007253e-01,
       1.9953684627913776e-02, -5.8983741798728966e-03,
       2.6397860864911860e-03, 1.1227897089900407e-02,
       1.1788478252904183e-03, 1.5230671540736479e-02,
       -1.5945568335264847e+01, -1.2850798084711611e+01,
       1.6652347442908364e+00, 9.7126581721826124e+00,
       -8.8896980822809599e+00, 5.2950834274613969e+00,
       3.5838321524781609e+00, -7.3120812744122254e-01,
       1.2847600218045294e+00, 9.6383577332918424e-03,
       9.5998814355909342e-03, 1.3988452350042223e-02,
       1.6328083319576796e-02, -3.7358779137402635e-04,
       -5.0249802464396465e-03, -1.3218279341574827e-03,
       3.1456120236853152e-01, -7.0879015993722616e+00,
       4.8975465085804759e-01, -9.6028319549710239e-01,
       5.9217479562349784e-01, -2.1800546534350995e+00,
       1.8777189311184575e-01, 6.3745610208007242e-01,
       9.6383577332918441e-03, 2.6826894260815509e-01,
       1.4062488226307361e-02, 1.4717705538003429e-04,
       3.1262451181138366e-03, -1.1296988689897168e-02,
       -8.1748120165349414e-04, 1.1066561526945421e-05,
       -1.2232069432441521e+00, -1.0581113427237849e+00,
       3.2812574116612525e-01, 4.3321907009400790e-01,
       -7.6159879518037280e-02, -1.7370287479720684e-01,
       -1.0184716710208231e-02, 1.9953684627913772e-02,
       9.5998814355909342e-03, 1.4062488226307361e-02,
       1.9601726000209190e-02, -2.1769514107847229e-04,
       3.9337091587615821e-04, 1.4838105938361183e-04,
       2.2148241084235800e-04, -3.5414055989184938e-05,
       -5.7099642305326465e-02, -1.3961787284231014e-01,
       -2.8494937215039123e-01, -5.9500988605498142e-02,
       -6.2175512556320159e-02, -2.1646651547547879e-01,
       5.1715766821577594e-02, -5.8983741798728966e-03,
       1.3988452350042223e-02, 1.4717705538003432e-04,
       -2.1769514107847229e-04, 1.6730394079047493e-03,
       4.7836141820762425e-04, 8.3413811327274402e-05,
       4.5331901062168733e-04, 7.7350943126183267e-05,
       9.5553938467293265e-02, 1.0991479560769010e-01,
       1.4015893970955167e-02, -2.1164964721104865e-02,
       -7.7138110748209733e-03, -1.6931451926402559e-02,
       -3.4213621444145900e-02, 2.6397860864911886e-03,
       1.6328083319576796e-02, 3.1262451181138366e-03,
       3.9337091587615815e-04, 4.7836141820762414e-04,
       2.2719496022050889e-03, 2.9346320667423445e-05,
       -3.8670175635824631e-05, -3.1242380883951335e-05,
       -2.6375700830832466e-01, -2.5491472171492036e-01,
       9.6550364108830319e-02, 5.4173108727424417e-02,
       1.1154702542615628e-01, 5.0394823447101035e-02,
       1.1747909539959998e-02, 1.1227897089900404e-02,
