%YAML:1.0
means: !!opencv-matrix
   rows: 42
   cols: 7
   dt: d
   data: [ -1.4221093949078761e+02, -5.1051364462629273e+01,
       2.7283353121674860e+01, -7.6505163604805659e+01,
       1.7628555133227561e+00, 6.7942440609190957e-01,
       -6.6194889838767312e-01, 1.2209620370774446e+02,
       -2.9127856433770464e+01, -3.7597042795346077e+01,
       2.2908588145060339e+01, -6.3359923376497909e+00,
       -1.1172704700721823e+01, -3.3658828812672055e+00,
       -4.2365335281933858e-01, -2.3992644508990963e+01,
       -3.6624645028447675e+00, -6.5656427980611678e+00,
       -1.4124697711181611e+01, -1.5694001483263172e+01,
       -1.1824245426395417e-01, -1.9851975884350691e+02,
       2.1917199630147262e+01, 5.3278494620423210e+01,
       -2.0532335114933371e+01, -1.3040493189313576e+01,
       -7.3674114868409966e+00, -4.4819821001809762e-01,
       1.5636776834440425e+01, 1.2156122141896138e+02,
       -2.3715500946293826e+01, -5.5697503795085353e+01,
       -1.3736885916495600e+01, 1.0033711095798485e+00,
       2.0312344061025485e+00, -1.2938817158906568e+02,
       -5.7288043580970609e+01, 3.7570173148270342e+01,
       3.0870403536217104e+01, -1.6550650379189356e+01,
       1.8994598083826318e+01, 8.6929969897895842e-01,
       -7.5285726602349726e+01, 6.2196406822082345e+01,
       -3.9539974798049421e+01, 6.6322595211707821e+01,
       2.6494787767121029e+01, 3.8526790883602033e+00,
       9.7811827122645689e-01, 5.1766227702044233e+01,
       -1.4160478878324500e+02, -9.7137811499082414e+00,
       -2.6771419775180544e+01, 2.4775139070244460e+01,
       2.7548782138439227e+00, -1.1737039251523513e+00,
       7.6298821312170432e+01, 7.5419940691776199e+00,
       -1.3616623576835917e+01, 3.3099378927008537e+01,
       1.5558993815027213e+01, -9.1853353152768484e+00,
       -3.1181844628881095e-01, -1.4265549744684722e+02,
       6.7207502090337073e+01, 3.6598966319652753e+01,
       -3.8863076616762747e+01, -2.3529449057497258e+00,
       -1.2160976632091625e+01, 1.3621440746018390e-01,
       -1.5521234091437304e+02, -1.2845304884621012e+02,
       4.6869469619179696e+01, 4.5974567903305740e+01,
       -3.4562029423839817e+01, -5.3721658977683626e+00,
       -8.1816448506350810e+00, 3.2048425879526341e+01,
       -2.8880385957383904e+01, -2.0597594836065348e+01,
       -4.0359640288935097e+00, -9.3101594966464791e+00,
       -1.8095172636807162e+00, -5.0957788692751838e-01,
       4.4141131410097136e+00, 1.3394000090796439e+02,
       -2.2112059965816897e+01, -6.1839037301053757e+01,
       -8.9049607298767111e+00, 3.2188328531254986e+00,
       2.4080620484518094e+00, 1.7153406733102548e+02,
       5.1171715493131359e+01, -4.7767178455041496e+01,
       -7.7373086656716450e-01, -7.3558969194312578e+00,
       -5.4817221774459544e+00, 2.2663005439941486e+00,
       7.1184307126026468e+01, 1.5911998630714123e+02,
       -1.6103190544007724e+01, 2.3903340645576264e+01,
       -9.2276217822428723e+00, -3.6347601642622980e+00,
       3.5842740515092696e-02, 6.5609969081073373e+01,
       9.0961399340409116e+01, -3.2181536401585390e+01,
       -3.5351991415000612e+01, 1.2424901860076587e+00,
       -6.0639782998314784e+00, 1.1492690801518006e+00,
       1.9868358195541893e+02, -1.2896823041523692e+01,
       -4.9779221549683854e+01, 2.0097085414175293e+01,
       -1.1225623998709372e+01, -8.4540718797533891e+00,
       5.3328762738371693e-01, -9.7282878104004070e+01,
       -1.3743861876105449e+01, 3.4535850615130215e+01,
       6.2835038158130079e+00, 1.4528130010999552e+01,
       1.6116869310491992e+01, 2.2462138560776892e+00,
       -2.4193453963324717e+02, 5.4863785618052376e+01,
       -1.8678159517256262e+01, -7.7785811862570986e+00,
       2.1071001600695132e+00, -3.6294624444611628e-01,
       9.1978919340618304e-01, 9.9805088561581414e+01,
       -4.5655287528750243e+01, -2.1477121058078779e+01,
       3.6600085968722574e+01, -2.7421273764384136e+01,
       2.3429269923605897e+01, 1.1838063026671855e+00,
       -4.7673654662658533e+00, -1.3945444786829930e+02,
       3.1089990103458689e+01, 6.0214194225124693e+01,
       3.2763092579119366e+01, -1.5272536343274956e+01,
       3.9295998734841096e-02, -1.8250915863553575e+02,
       -1.3496803766008935e+02, 5.3817150171637223e+01,
       4.4118748189723220e+01, -3.5854183200139325e+01,
       -1.4394022331188793e+01, -3.9817966668508302e+00,
       9.1021170858554115e+01, -6.4193432757889521e+00,
       -5.3716553983107772e+01, 3.2606155287006459e+01,
       -1.1202587440149763e+01, 5.7816872153544452e+00,
       1.6458423656390722e-01, 2.3180213156815812e+00,
       -9.3435021164098814e+01, 2.1879141547602138e+01,
       3.7857831251294257e+01, 3.0642048207175431e+01,
       1.5032828688497862e+01, 2.0015367436793396e+00,
       5.7095169284403447e+01, -7.9726388292302914e+01,
       -9.8614146027328342e-01, 4.7997645776152261e+01,
       -4.2318969484048532e+00, 2.7210249353517437e+01,
       2.7905013030657178e+00, -9.5663124312467875e+00,
       1.1374369815177097e+02, 1.7615123532197366e+01,
       -2.9627744976956247e+01, 1.8454478074966957e+01,
       -1.6067393922314426e+00, -1.2150902773624583e+01,
       1.1174302134044876e+02, -8.7540607650272008e+01,
       -4.6693166858777431e+01, -3.6136563363478167e+01,
       3.5787186851321038e+00, -2.2702718920501157e+00,
       3.6991973971956521e-01, -1.2654053046234811e+01,
       2.3383039990754844e+00, 6.5587739368062223e+00,
       -5.9275929936399843e+00, 2.4004458110367580e+01,
       6.3776416687244790e+00, 6.0386123519623458e-01,
       1.6763581884504134e+02, -4.8720815071309707e+00,
       3.7852197896408654e+01, -9.3236435409000915e+00,
       -1.2526827089100427e+00, 3.3464403772437459e+00,
       -2.8889011468301790e-01, 1.5354696703227571e+01,
       -2.3566308106096542e+02, 8.4650022671474066e+00,
       7.5339601900636069e+01, -1.3825906661518992e+00,
       -3.0149071140382663e+01, -3.2879398958656831e+00,
       1.0428899768044023e+02, 3.9337937108016725e+01,
       -3.1263926159719546e+01, -1.7316170823596785e+01,
       -1.3912952310445219e+01, -1.2531319781626559e+01,
       -5.6647477790824787e+00, 3.7569512565434536e+01,
       4.9511152371587954e+00, -1.6595394109554142e+01,
       -2.2257403615372919e+01, 5.0701510202188373e+00,
       -2.5943082010326602e+01, -5.9698483420549575e+00,
       1.0380517204390896e+01, 8.5894743156658620e+01,
       -1.8484717234669905e+01, -3.7863016839297735e+01,
       1.5312390413737361e+01, -7.8805834141329694e+00,
       1.0383485810114346e+00, -9.1626618953039497e+01,
       1.0664832136706750e+02, 7.8622927219533016e+00,
       -5.5419638907819333e+01, 2.8178105095573946e-01,
       5.5025111036958707e+00, 1.8086166003766611e+00,
       -1.3088348740481857e+02, -7.1477098767530293e+01,
       4.2520046310616998e+01, 1.0345227570481237e+01,
       -5.7128478298823540e+00, -2.8542770889445812e+01,
       -3.2275345139849727e+00, -1.5437154409502702e+02,
       1.1459472808538310e+02, 1.9040770234666979e+01,
       -4.9882252085506011e+01, -2.3917604098274239e+01,
       -5.4294390479922630e+00, -7.2767750058369574e-01,
       -9.0789026736868806e+01, 2.0727667587200326e+01,
       5.3442889966680404e+01, -8.1833158326289102e+00,
       8.8667430558324529e+00, 4.1289116851975951e+00,
       1.2019097415023756e+00, -1.5317396879490950e+00,
       -3.7577509501546437e+01, 1.3977603349597185e+01,
       1.0812151812413346e+01, 4.0099294968270712e+01,
       -1.2475730554194999e+00, 1.2361578467219720e+00,
       -2.0671695617846350e+01, 8.2104946468667151e+01,
       -3.2585895156650699e+00, -4.0810479321083747e+01,
       1.5660583749335849e+01, 1.0015161718882690e+00,
       1.6796686730435928e+00, -1.9497695488743145e+02,
       -5.4530299460079661e+01, 4.9026893899652983e+01,
       1.0404032162771486e+01, -1.4518488527815729e+01,
       1.1960185774922223e+00, -1.2352105849306247e+00,
       1.3305411405180664e+02, -9.0917763170268856e+01,
