%YAML:1.0
means: !!opencv-matrix
   rows: 42
   cols: 1
   dt: d
   data: [ 1.2006302660540301e+02, -5.6868032641790634e+01,
       -2.3982002836586264e+02, 3.3699193978966747e+01,
       1.8123895898267429e+02, -1.3709897176102771e+02,
       2.8471753506706079e+02, 7.1205245126282691e+01,
       -3.5240059003279305e+02, -2.1191579090679337e+01,
       -1.8455033735995264e+02, 2.1798219920501620e+02,
       -8.2402565824878280e+01, 1.5019980507274394e+02,
       4.6331697362915570e+01, -2.2135973273623884e+02,
       -1.0953228862906180e+02, -3.0263315371944589e+02,
       -4.3655030362876040e+01, 2.2039213252637133e+01,
       9.4157886459373046e+01, 2.5892471801474574e+02,
       -6.9531094769474493e+01, -3.2333238168562315e+02,
       1.3503913430920227e+02, -1.5218339315821066e+02,
       -5.9996302529617107e-01, -2.8000399959339518e+02,
       1.6535221370599047e+02, 5.9214291556118873e+01,
       -2.5919562531189860e+02, -2.0285761194276688e+02,
       -1.1327891715845320e+01, 1.9780983669827339e+02,
       -1.2307491575892691e+02, -1.6761198774463617e+02,
       8.2800298016334395e+01, 2.3870243645157271e+02,
       -9.5592747162892906e+01, 1.0508207719271336e+01,
       -3.1598096231875836e+01, 1.0628423389487314e+02 ]
covs: !!opencv-matrix
   rows: 42
   cols: 1
   dt: d
   data: [ 4.3028847923351655e+01, 3.6091386108215730e+01,
       6.9553041683273776e+01, 4.0055325410540760e+01,
       6.2301835539362251e+01, 5.2935295522807472e+01,
       4.4667135682002345e+02, 3.1052331709144568e+01,
       5.3275420188044222e+02, 2.8296265808301055e+01,
       7.0511892500118819e+01, 7.0762089901470773e+01,
       3.6713299231981907e+01, 5.1653044083619804e+01,
       3.9035837304062028e+01, 6.5914478342509199e+01,
       4.2715869039602389e+01, 1.7760968087796431e+02,
       3.4128239439773282e+01, 3.4459838096606767e+01,
       3.0531046368858178e+01, 1.8645623575212801e+02,
       3.5861401566296820e+01, 3.0278429037305466e+02,
       4.9420128035275795e+01, 6.1291016250715657e+01,
       2.7425585987269709e+01, 1.0615973105154410e+02,
       5.6546116504606708e+01, 3.6972351756811797e+01,
       8.1487712697028144e+01, 7.2968675030610768e+01,
       2.6646930204804889e+01, 6.2907159587596304e+01,
       4.8261919518047797e+01, 6.9614117911007867e+01,
       2.8914831113633351e+01, 1.1246503394713946e+02,
       3.8296039872584323e+01, 2.8781436352096613e+01,
       2.9249360159117611e+01, 3.6343502552916505e+01 ]
weights: !!opencv-matrix
   rows: 1
   cols: 42
   dt: d
   data: [ 3.6437668180570641e-02, 2.7947522219851959e-02,
       1.5116721424019963e-02, 3.4667059517840250e-02,
       2.4114804790572719e-02, 2.3019593836020105e-02,
       5.3328809977556723e-03, 3.5484344829734268e-02,
       3.0378331876618554e-03, 2.5626769226004615e-02,
       2.1088849219794276e-02, 1.5134483789006732e-02,
       2.5420536728661878e-02, 3.1005187435923953e-02,
       4.0276283412392463e-02, 1.7976109989191420e-02,
       2.5487400263558745e-02, 7.9443873789332726e-03,
       2.8716371783423626e-02, 3.2697382370797383e-02,
       3.3475847132135382e-02, 6.6994523445731884e-03,
       2.6948435652633440e-02, 5.2842137219276655e-03,
       3.3100346976940039e-02, 2.2711679338640198e-02,
       2.8976515552161543e-02, 1.1354358457397540e-02,
       2.7294276537254334e-02, 3.7967913707419594e-02,
       1.3642257255897360e-02, 2.0423445370913194e-02,
       2.7662731958497732e-02, 2.0387296979006445e-02,
       2.2579650511720731e-02, 2.0013322251124312e-02,
       3.2602168831846266e-02, 1.1181722909762342e-02,
       2.6790035254881644e-02, 3.1978168913703330e-02,
       2.6597386968389675e-02, 3.5796582791448150e-02 ]
pca_proj: !!opencv-matrix
   rows: 1
   cols: 21
   dt: f
   data: [ 4.36961316e-02, 8.50134730e-01, 1.73015636e-04,
       6.54514134e-02, 4.60692108e-01, 2.29939164e-04, 7.67599978e-03,
       1.46649793e-01, -1.37564148e-05, 1.21663406e-03, 1.30500361e-01,
       -5.45994153e-05, 8.06188770e-03, 1.42052382e-01, -2.12945142e-05,
       -2.45414903e-05, 9.56867734e-06, -1.94090262e-06, 3.13729906e-05,
       4.34020360e-04, 2.32224409e-07 ]
pca_mean: !!opencv-matrix
   rows: 1
   cols: 21
   dt: f
   data: [ 2.07625534e+02, 2.55653595e+02, 1.54502928e+00,
       2.18915131e+02, 2.60592743e+02, 1.67241716e+00, 2.65274475e+02,
       2.24016678e+02, 1.71669352e+00, 3.19420807e+02, 1.63929108e+02,
       1.75046074e+00, 3.16613464e+02, 2.25532654e+02, 1.70717156e+00,
       1.08872897e-04, -9.74175637e-05, 6.24380555e-05, -2.17504916e-04,
       -2.50119597e-01, 1.75055194e+00 ]
gamma: !!opencv-matrix
   rows: 42
   cols: 1
   dt: d
   data: [ 8.2560667957732425e-01, 7.8725196061611580e-01,
       8.8203110872358836e-01, 7.7786404997458558e-01,
       8.5868757041332811e-01, 8.3476060665806939e-01,
       8.9972090289184525e-01, 7.9585001942108524e-01,
       9.1533833758361405e-01, 7.7329073908826462e-01,
       8.5958322149440269e-01, 8.7454410693431317e-01,
       8.0162691828159227e-01, 8.4289410042003976e-01,
       7.8302590482100420e-01, 8.7516204583250501e-01,
       8.1827649407600433e-01, 9.0189902404925382e-01,
       7.8095752857460754e-01, 7.7409283931896566e-01,
       8.0959746553567891e-01, 8.9006902729798498e-01,
       7.9408949915797666e-01, 9.0778166526914195e-01,
       8.3445641880196642e-01, 8.4324592774840601e-01,
       7.7091891506211940e-01, 8.9519584551753117e-01,
       8.5087488114701548e-01, 7.8935820400354206e-01,
       8.8866177653153144e-01, 8.6774322906822920e-01,
       7.7152275197539899e-01, 8.6615488189710943e-01,
       8.2652850204452843e-01, 8.5139338263645892e-01,
       8.0264573331097366e-01, 8.8266077973329193e-01,
       8.0966205386884849e-01, 7.7169772189125496e-01,
       7.7621972301911868e-01, 8.1715434100315398e-01 ]
