%YAML:1.0
means: !!opencv-matrix
   rows: 9
   cols: 3
   dt: d
   data: [ 1.5582426966643362e+02, 5.2998353399456882e+01,
       4.1601144697180530e+01, -6.6570546764844806e+01,
       1.6822717290966324e+01, 6.7228424086847070e+01,
       -2.0483928782908811e+02, 4.6005192032154909e+00,
       -6.0080331523151127e+00, -6.1284178602497938e+01,
       8.7360577018587726e+00, -6.2418374880526599e+01,
       8.1747973809022305e+00, -6.6732760119793426e+01,
       1.5172024954240769e+01, 7.0085425334943636e+01,
       -1.8329793792864894e+01, -5.2845922562789681e+01,
       1.4295797337868038e+02, -5.1946314324308666e+01,
       1.5335232287340634e+01, 5.0091587880798230e+00,
       1.1746303871470043e+02, -1.8835900695144577e+01,
       -1.8457542966695866e+02, -7.0099437950646518e+01,
       5.2284664152903808e+01 ]
covs: !!opencv-matrix
   rows: 27
   cols: 3
   dt: d
   data: [ 6.8630276083897306e+03, -2.6344908559310861e+03,
       -1.3673080524994994e+03, -2.6344908559310857e+03,
       8.8332592972395414e+03, 6.4840153687546342e+02,
       -1.3673080524994994e+03, 6.4840153687546342e+02,
       8.2678507425638452e+02, 3.9244193056298486e+03,
       -3.3095152249483994e+02, 1.6589658276017585e+02,
       -3.3095152249483976e+02, 9.9011376861205536e+03,
       1.7570123530737337e+02, 1.6589658276017585e+02,
       1.7570123530737331e+02, 1.1736409804619971e+03,
       4.9870540885282780e+03, 9.7721064083463250e+02,
       6.3775089406045390e+02, 9.7721064083463250e+02,
       1.0702689894015995e+04, 5.4822615590705595e+02,
       6.3775089406045390e+02, 5.4822615590705607e+02,
       7.8003487266498325e+02, 4.3748883893736802e+03,
       3.8457156008455780e+02, -8.0638445111853684e+02,
       3.8457156008455797e+02, 1.1581491600131174e+04,
       -6.0688234612134295e+02, -8.0638445111853684e+02,
       -6.0688234612134272e+02, 9.4304060942502065e+02,
       4.0487749634384049e+03, -6.2417589877999433e+02,
       2.2430199456778892e+03, -6.2417589877999399e+02,
       1.3798545195400935e+04, 9.0063153479043160e+02,
       2.2430199456778892e+03, 9.0063153479043149e+02,
       1.9241382448997936e+03, 3.7171917040030153e+03,
       -1.3893447690283296e+02, 1.8861954649438505e+02,
       -1.3893447690283293e+02, 7.4532134619011968e+03,
       4.1081550851617271e+02, 1.8861954649438508e+02,
       4.1081550851617260e+02, 1.7832683632058734e+03,
       3.7819183505679675e+03, -2.8631444788510061e+02,
       -1.0581145304979277e+03, -2.8631444788510066e+02,
       6.5494128381418668e+03, -5.5109652945938342e+02,
       -1.0581145304979277e+03, -5.5109652945938331e+02,
       1.5365066284543768e+03, 1.2826152546097725e+04,
       -1.1034136459898591e+03, 1.5764153254911741e+03,
       -1.1034136459898587e+03, 5.9946702382049434e+03,
       6.9053806077245312e+01, 1.5764153254911744e+03,
       6.9053806077245284e+01, 1.3885989509440537e+03,
       4.6944651713067005e+03, -1.4650614525869696e+03,
       2.4306981818095037e+03, -1.4650614525869696e+03,
       9.3777624229158500e+03, 6.6384576093725752e+02,
       2.4306981818095037e+03, 6.6384576093725752e+02,
       1.9109111083761802e+03 ]
weights: !!opencv-matrix
   rows: 1
   cols: 9
   dt: d
   data: [ 1.0380498290998938e-01, 1.1021025471123273e-01,
       8.3868959830327425e-02, 1.0990720130813073e-01,
       1.3168506821208933e-01, 1.7808304482747772e-01,
       9.7847072035732424e-02, 1.1394142402041346e-01,
       7.0651992144593695e-02 ]
pca_proj: !!opencv-matrix
   rows: 3
   cols: 21
   dt: f
   data: [ 1.02604255e-02, 8.46533298e-01, 5.67100069e-05,
       -5.08859605e-02, 4.68450844e-01, 1.89823491e-04, -5.55210514e-03,
       1.46431834e-01, -1.98076777e-05, -7.31809530e-03, 1.34976640e-01,
       -4.80776835e-05, -6.69380091e-03, 1.46460637e-01, -1.57161594e-05,
       2.11501210e-05, 1.32904761e-05, -3.16381829e-07, -1.62182951e-05,
       4.47223283e-04, 4.04881848e-06, 8.19958210e-01, 1.87153444e-02,
       -7.93817599e-05, 4.28530097e-01, 8.29724409e-03, 8.75842488e-06,
       2.28233948e-01, -2.37727305e-03, -1.84168690e-04, 2.08515689e-01,
       -1.20344283e-02, -2.14158339e-04, 2.18838796e-01, -7.27251405e-04,
       -1.84816250e-04, -3.05604735e-05, -5.04301033e-06,
       -1.27042276e-05, 6.79167337e-04, 1.30049409e-06, -1.63660501e-04,
       -1.48704097e-01, -3.29387456e-01, -1.82470303e-05, 1.08596861e-01,
       1.49965823e-01, -1.77574475e-04, 1.29315495e-01, 5.12750924e-01,
       2.36419466e-04, 1.37444586e-01, 5.11233926e-01, 2.85520800e-04,
       1.36541247e-01, 5.06532609e-01, 2.30281497e-04, -1.19767010e-05,
       -4.37137305e-06, 1.85016711e-06, 4.23374237e-04, 1.63331581e-03,
       1.86568883e-04 ]
pca_mean: !!opencv-matrix
   rows: 1
   cols: 21
   dt: f
   data: [ 4.33646118e+02, 2.44701981e+02, 1.49672687e+00,
       4.18191803e+02, 2.60206879e+02, 1.62062907e+00, 3.68545319e+02,
       2.27059875e+02, 1.69770968e+00, 3.19420807e+02, 1.63929108e+02,
       1.75046074e+00, 3.16613464e+02, 2.25532654e+02, 1.70717156e+00,
       1.08872897e-04, -9.74175637e-05, 6.24380555e-05, -2.17504916e-04,
       -2.50119597e-01, 1.75055194e+00 ]
gamma: !!opencv-matrix
   rows: 9
   cols: 1
   dt: d
   data: [ 8.4069537733425859e-01, 8.8723606500165042e-01,
       8.8620356643917508e-01, 8.4659683442389499e-01,
       8.9331798614721025e-01, 8.8994048146220284e-01,
       8.4928530191853202e-01, 9.0441253117036613e-01,
       9.2635312372479028e-01 ]
