%YAML:1.0
means: !!opencv-matrix
   rows: 27
   cols: 3
   dt: d
   data: [ 1.2305848923171224e+01, -3.3671539341156674e+01,
       1.9236449500513068e+01, -7.4105890895477074e+01,
       1.4525536629064635e+02, -6.4628618865391928e+01,
       9.1437419439431594e+01, 2.4510417900775103e+01,
       -2.4014173814470123e+01, -7.7503581888153064e+01,
       -1.7277850078249994e+01, 9.6480702135751798e+01,
       -6.8918721749339667e+01, -8.0218704997600170e+01,
       -4.5571518518582884e+01, 1.5813538042541117e+02,
       1.0054827293995876e+02, 1.0927004366368125e+01,
       -1.7001201591204907e+02, 3.5405162856751367e+01,
       -4.4643242246835149e+00, 7.5664274911194923e+01,
       -9.4597662751029972e+01, 4.7846982057355881e+01,
       -1.6644254064401156e+02, -7.0649047372096234e+01,
       -3.6384016478053707e+00, 1.1433832458985297e+01,
       1.5922052719722672e+02, 2.2424143279530386e+00,
       -2.0229625350884666e+00, -1.3067343872648328e+02,
       -3.0448529589169864e+00, 1.8449600845717136e+01,
       -3.3265490622212553e+01, -7.6500772739095098e+01,
       1.5553199034928417e+02, -2.6232450052638953e+01,
       2.7987682935025838e+01, -2.8268687161725296e+02,
       -2.5469029192512117e+01, -9.1487129819390134e+00,
       1.2818259009060054e+02, -1.0701433525745189e+02,
       6.3545657973213757e+01, 4.7356654027787634e+01,
       9.1191854082464559e+01, -7.1425751392867525e+01,
       -6.9676786545499141e+01, 2.5724683478894153e+01,
       -3.1148056173354416e+01, 7.5735567937943614e+01,
       5.7867576962928510e+01, 6.5091502018620901e+01,
       2.4468864862852931e+02, 3.0915191157382797e+01,
       2.3036954836256466e+01, -1.9580579936425107e+02,
       1.4964929075362281e+02, -9.7139286772499798e+00,
       -8.5472276296596135e+01, 1.3223727164337350e+02,
       6.3423814623843526e+01, 9.5837489281308109e+01,
       -9.3658084205819719e+01, -7.0007215881630827e+01,
       9.9561513518757110e+00, -2.2818611116051378e+02,
       2.7920607754313611e+00, 1.6978907728655494e+02,
       -7.4112877361696846e+01, -1.6295821125725304e+01,
       -1.5566372595309613e+01, 5.4910356332053730e+01,
       3.8948339901611405e+01, -1.6206245616966623e+02,
       -6.8727035448642894e+01, 6.7186097241660036e+01,
       -2.3778497659796020e+02, -1.4825230759109940e+02,
       -1.6736135421157148e+00 ]
covs: !!opencv-matrix
   rows: 81
   cols: 3
   dt: d
   data: [ 1.4567305635440273e+03, 2.1858944532338299e+02,
       1.1173657087900634e+02, 2.1858944532338299e+02,
       2.9083749533863647e+03, -1.7108184423157439e+02,
       1.1173657087900632e+02, -1.7108184423157445e+02,
       1.4931217335970900e+03, 3.7802467431968503e+03,
       2.3571400631922185e+02, -5.2873495368247472e+02,
       2.3571400631922188e+02, 4.7001719816794875e+03,
       1.2478154026823301e+01, -5.2873495368247472e+02,
       1.2478154026823313e+01, 7.8596888622493975e+02,
       2.4013582661051551e+03, 1.5346870388093751e+02,
       2.0345368357661368e+01, 1.5346870388093751e+02,
       2.5780439741614196e+03, 2.8812404078533916e+02,
       2.0345368357661375e+01, 2.8812404078533916e+02,
       1.9548588210711400e+03, 2.1376710703677481e+03,
       -6.0141807024826016e+02, -1.6371248368307224e+02,
       -6.0141807024826028e+02, 8.0332487395952530e+03,
       6.6866425505183076e+02, -1.6371248368307218e+02,
       6.6866425505183076e+02, 6.3390930318189237e+02,
       1.5069418806732529e+03, -3.0209519911463639e+02,
       3.8120701482423266e+02, -3.0209519911463639e+02,
       6.8683559822294201e+03, 7.2688953684198040e+01,
       3.8120701482423266e+02, 7.2688953684198012e+01,
       6.2464102321931568e+02, 2.8811608619291942e+03,
       -1.7067137561452930e+03, -8.1251773025740488e+02,
       -1.7067137561452932e+03, 6.3764473265679917e+03,
       1.3966779116834332e+03, -8.1251773025740488e+02,
       1.3966779116834332e+03, 1.2526947730325505e+03,
       2.8065700997703807e+03, -2.0163200603692343e+02,
       8.8800069094483626e+02, -2.0163200603692334e+02,
       2.5527358759441986e+03, -4.3078532207841943e+02,
       8.8800069094483626e+02, -4.3078532207841943e+02,
       1.7134442680844434e+03, 1.4018500467438955e+03,
       5.9550696576413247e+02, 4.9652718641566133e+02,
       5.9550696576413236e+02, 5.3467378308800126e+03,
       4.2175634268379298e+02, 4.9652718641566133e+02,
       4.2175634268379298e+02, 7.5001960690704686e+02,
       3.4317825102221418e+03, -1.0712726526439906e+03,
       5.5187925314313475e+02, -1.0712726526439906e+03,
       3.3343112024102156e+03, 2.5010265747590211e+02,
       5.5187925314313475e+02, 2.5010265747590211e+02,
       1.2573639706041747e+03, 3.0958551580915832e+03,
       3.1371690215718638e+02, 5.5467690976056804e+02,
       3.1371690215718644e+02, 3.9606605643236635e+03,
       5.7142621475589259e+01, 5.5467690976056804e+02,
       5.7142621475589259e+01, 1.2472165119750068e+03,
       2.1803295575218622e+03, -4.3690281737195409e+02,
       -2.4757829703251900e+02, -4.3690281737195409e+02,
       1.7982524525534870e+03, 2.7548715981707227e+02,
       -2.4757829703251900e+02, 2.7548715981707232e+02,
       2.0615311345147643e+03, 1.1508839812359208e+03,
       -4.7474961165902465e+02, 2.2706339326387956e+02,
       -4.7474961165902465e+02, 5.3394921827728358e+03,
       6.2438390665926192e+02, 2.2706339326387956e+02,
       6.2438390665926192e+02, 7.4376697206675874e+02,
       1.4239062456373445e+03, -4.8042980179822086e+02,
       4.8484414770389014e+02, -4.8042980179822086e+02,
       5.9829295977963438e+03, 6.7398945621991425e+02,
       4.8484414770389014e+02, 6.7398945621991425e+02,
       5.8724486970922715e+02, 1.7556194195712296e+03,
       -6.7143994732069200e+02, 2.5221777162931360e+02,
       -6.7143994732069200e+02, 7.1344588401635001e+03,
       6.4423409670012131e+02, 2.5221777162931360e+02,
       6.4423409670012131e+02, 4.8235569324801986e+02,
       2.0984359396616119e+03, -1.8750753050604686e+01,
       -5.0613108205653498e+02, -1.8750753050604654e+01,
       8.8163142096588781e+03, 1.4334008507155161e+02,
       -5.0613108205653498e+02, 1.4334008507155161e+02,
       3.9493434783486379e+02, 4.1819990376720725e+03,
       8.3216119211411501e+02, 3.5592771497355915e+02,
       8.3216119211411456e+02, 3.9638865368846914e+03,
       8.6915138320356948e+02, 3.5592771497355920e+02,
       8.6915138320356948e+02, 1.2493676469120871e+03,
       1.8574257598989172e+03, 8.7858787743003415e+00,
       2.3419563125517226e+02, 8.7858787743003415e+00,
       4.6145654888404379e+03, -1.6889131793475400e+02,
       2.3419563125517226e+02, -1.6889131793475403e+02,
       1.4509767178423185e+03, 1.2033642717560870e+03,
       -8.8375583755779559e+01, 2.5017773089587348e+02,
       -8.8375583755779630e+01, 5.4421981537564388e+03,
       -3.6191420780783710e+02, 2.5017773089587348e+02,
       -3.6191420780783710e+02, 6.6148760368632372e+02,
       2.2214274245154079e+03, -5.9645303847733589e+02,
       -2.6601362381158248e+02, -5.9645303847733612e+02,
       7.6956035792822304e+03, 6.7420738102767962e+02,
       -2.6601362381158248e+02, 6.7420738102767928e+02,
       4.2802587466907181e+02, 3.9838485605830328e+03,
       9.0523423990078936e+02, 3.9137816073856465e+02,
       9.0523423990078948e+02, 4.3126467135832063e+03,
       -6.1997447255440329e+02, 3.9137816073856459e+02,
       -6.1997447255440329e+02, 1.0387469768069211e+03,
       4.3202994333715887e+03, 9.8757927452519846e+02,
       7.7545931480757304e+02, 9.8757927452519868e+02,
       4.9855051797844444e+03, -7.6348396581175919e+01,
       7.7545931480757304e+02, -7.6348396581175976e+01,
       9.8950042017531428e+02, 2.8340230200759397e+03,
       2.3915454736650869e+02, 1.3640031867672016e+02,
       2.3915454736650872e+02, 2.8542373190102771e+03,
       -3.8709573375152769e+02, 1.3640031867672016e+02,
       -3.8709573375152780e+02, 1.6149468436199825e+03,
       4.1555093735717246e+03, -2.6641475747735683e+02,
