%YAML:1.0
means: !!opencv-matrix
   rows: 30
   cols: 4
   dt: d
   data: [ 3.0199915981330705e+01, 6.0510876180479507e+01,
       4.4093325814168388e+01, 5.7073086761531833e+01,
       -2.3848402449490669e+02, -3.7361637432102185e+01,
       2.3945702814779619e+01, 4.4191258058289705e+01,
       1.1581316299065037e+02, -8.9272212840500345e+01,
       3.5877528778722272e+01, -7.1119411774620602e+01,
       -5.5053088275515833e+01, -3.8191341150857035e+01,
       -3.0478563980275954e+01, 2.7396398981724658e+01,
       3.1905833934781146e+01, 1.0750566578522094e+02,
       -1.2584523784258574e+01, -3.8915604184553260e+01,
       2.3418499616285411e+02, 2.5308188247293756e+01,
       3.2234072845564498e+01, 3.6393808075197327e+01,
       1.3791716014384352e+02, -3.3721764123603755e+01,
       1.2652957556957357e+01, 3.9144582055740301e+01,
       3.7666078511896082e+01, -3.3466556373836120e+01,
       -6.2465384389248172e+01, 6.4166894972085259e+01,
       2.0663656009190355e+01, -2.5038995396679283e+02,
       6.5027532419681977e+00, 7.2005761669237231e+01,
       -1.9111485106128271e+02, 1.2041682707015070e+02,
       9.1617269072680436e+00, 5.4099334698318096e+00,
       -8.8790041455699864e+01, -3.9822605099402097e+01,
       3.6285019502484801e+01, 1.2667115522251105e+01,
       -5.9124144429407139e+01, 8.8608361328936184e+01,
       -8.1654873988349934e+01, -2.4710267063604526e+01,
       -2.0585775694395065e+02, 1.7504035069129110e+01,
       -2.1392223385544380e+01, -5.5291902322550051e+01,
       1.5792386537534057e+01, -1.7761344510276749e+02,
       8.2505091425931116e+00, -4.8202009990181027e+00,
       5.6254286291471992e+01, -4.9610499147234826e+01,
       4.3837984075086212e+01, 1.1604824404048379e+01,
       -8.5204339782360165e+01, -8.6367350890503559e+01,
       6.8080265919187980e+01, -5.7661248102534600e+01,
       8.8621616530177761e+01, 5.2469628745767189e+01,
       6.7739976374170851e+01, -2.9791212380535907e+01,
       -2.9631261876816612e+01, 1.8572215465071355e+02,
       -3.7223485647573369e+01, 2.2538208101491691e+01,
       8.6537286223204759e+01, 1.6383216262362305e+02,
       3.0861715482242566e+01, 5.8609687027632817e-01,
       1.4425884280148315e+01, 2.0974114010883149e+01,
       -3.3720117595484929e+01, -8.5487226939081481e+01,
       -1.6007217565503786e+00, -1.0971319438997378e+02,
       -4.2803980256774331e+01, -4.3923537358169192e+01,
       -1.9742847852612456e+02, -1.6256284277644551e+02,
       2.3119108167045678e+01, -2.7457199729506453e+01,
       -1.2429362800409278e+02, -4.5737476269440386e+01,
       1.0055135500914363e+02, 1.5872973065642466e+01,
       1.2605964764008368e+02, 5.0883634020498100e+01,
       -5.5494249509430134e+01, 4.0275882257213425e+01,
       1.6505407840017244e+02, -1.1287845987960800e+02,
       -1.2084612392022496e+01, -1.7622122851511030e+01,
       7.2488845555548224e+01, -8.1112839396307422e+01,
       -7.7064797947902491e+01, 2.7178905068187476e+00,
       2.1255790958292991e+02, -1.6463467955017670e+01,
       -1.7673055958121668e+00, -2.2515462023748270e+01,
       -2.3855960837226081e+02, -7.3314940488039056e+01,
       -2.5331086130803357e+01, -2.2080549750116263e+00,
       -1.0130761236601303e+02, 9.7864374428711756e+01,
       6.0049669745711419e+01, -3.9416750793598688e+01,
       -1.0122315644896207e+02, 5.3662460925398968e+01,
       -3.2801086468197965e+01, 7.2031163398114387e+01 ]
covs: !!opencv-matrix
   rows: 120
   cols: 4
   dt: d
   data: [ 1.0643585054619742e+04, -8.4136375318907005e+02,
       -1.0840553083557661e+03, 8.5672133169749043e+02,
       -8.4136375318906983e+02, 2.4000454043119503e+03,
       3.6676027012009257e+01, -5.8305519119199471e+02,
       -1.0840553083557661e+03, 3.6676027012009257e+01,
       1.7862796749858107e+03, -3.7135818881905169e+02,
       8.5672133169749065e+02, -5.8305519119199482e+02,
       -3.7135818881905163e+02, 6.9145636996095413e+02,
       3.1466697244593802e+03, -1.5654574646379670e+03,
       1.2577641766843210e+03, -1.4234775980879974e+02,
       -1.5654574646379670e+03, 6.3717368914891204e+03,
       9.1676402514787242e+01, 9.2600263921651589e+00,
       1.2577641766843208e+03, 9.1676402514787256e+01,
       9.3150639235469737e+02, -6.4795279669902555e+01,
       -1.4234775980879976e+02, 9.2600263921651518e+00,
       -6.4795279669902541e+01, 1.7419244081189822e+03,
       6.9635889113062021e+03, -9.8486167812909082e+02,
       -1.3086220722622281e+03, 7.9767147380268432e+02,
       -9.8486167812909082e+02, 5.6132860904782674e+03,
       -6.8301964599182850e+02, -2.1995274412352501e+03,
       -1.3086220722622281e+03, -6.8301964599182861e+02,
       7.6802879099478082e+02, 1.8083586626390652e+02,
       7.9767147380268432e+02, -2.1995274412352501e+03,
       1.8083586626390647e+02, 1.2185897062146478e+03,
       2.0800352096659417e+03, 4.1194637083434748e+02,
       7.3585394774856377e+02, 1.5574272188525313e+02,
       4.1194637083434748e+02, 5.9189578670157371e+03,
       4.3047484917934412e+02, -2.3709235668786994e+02,
       7.3585394774856388e+02, 4.3047484917934412e+02,
       9.2069627130240872e+02, 6.5326896034657545e+02,
       1.5574272188525313e+02, -2.3709235668787008e+02,
       6.5326896034657545e+02, 2.2865305277811353e+03,
       5.6287476645359156e+03, -1.0719402517857823e+03,
       8.5704099513138317e+02, -4.4876971045775554e+02,
       -1.0719402517857823e+03, 4.4411502208241618e+03,
       -6.4799027709500095e+01, 8.4933069535306015e+02,
       8.5704099513138328e+02, -6.4799027709500095e+01,
       1.4497520711072953e+03, -3.9020200313294123e+02,
       -4.4876971045775554e+02, 8.4933069535306015e+02,
       -3.9020200313294123e+02, 1.0278529220096843e+03,
       2.6767915112529049e+03, 1.3845972304246520e+03,
       -3.8248441662824246e+02, -8.6441370285660867e+01,
       1.3845972304246520e+03, 6.0351423140729548e+03,
       -2.6333120653984315e+02, 4.8727044693854708e+02,
       -3.8248441662824257e+02, -2.6333120653984309e+02,
       4.3707510902492902e+02, 1.7306527573577978e+02,
       -8.6441370285660852e+01, 4.8727044693854725e+02,
       1.7306527573577975e+02, 7.9684123434255957e+02,
       1.6343540395559100e+03, -2.0677769529953640e+01,
       1.0039143645376977e+03, -2.7994946163563304e+02,
       -2.0677769529953636e+01, 3.7704809547543218e+03,
       5.4258515458134434e+02, 1.8664348484767384e+03,
       1.0039143645376977e+03, 5.4258515458134434e+02,
       9.9547217002416733e+02, 1.4741322252053970e+02,
       -2.7994946163563304e+02, 1.8664348484767384e+03,
       1.4741322252053968e+02, 1.2877719381388476e+03,
       1.1325002801357366e+03, 8.4993301183943800e+01,
       6.1588119911856825e+02, -4.4116286535208218e+01,
       8.4993301183943800e+01, 4.3847210865988709e+03,
       4.7233790481616182e+02, 1.8526246687331927e+03,
       6.1588119911856825e+02, 4.7233790481616182e+02,
       8.9682480056206975e+02, 2.6847697150798160e+02,
       -4.4116286535208225e+01, 1.8526246687331927e+03,
       2.6847697150798160e+02, 1.1796960792443422e+03,
       5.3728957839950981e+03, -9.4418864642685463e+01,
       2.9528544510650954e+03, -8.9529247752974811e+02,
       -9.4418864642685406e+01, 5.5069122994783893e+03,
       1.0714633307797731e+03, 2.4410297334922038e+03,
       2.9528544510650954e+03, 1.0714633307797731e+03,
       2.3623442387356604e+03, -9.5828082046353387e+01,
       -8.9529247752974811e+02, 2.4410297334922038e+03,
       -9.5828082046353387e+01, 1.6831571265876307e+03,
       4.4881904341269001e+03, -3.7587373199044447e+02,
       8.8407874117347933e+02, -6.5366316075424891e+02,
       -3.7587373199044458e+02, 5.0822584631210621e+03,
       -1.0768429412616915e+03, 2.3820533080253395e+02,
       8.8407874117347967e+02, -1.0768429412616917e+03,
       1.4184814449505054e+03, 1.6333573634026200e+02,
       -6.5366316075424902e+02, 2.3820533080253395e+02,
       1.6333573634026200e+02, 5.9159181920872720e+02,
       6.0529280702957958e+03, 4.0028685638041219e+02,
