%YAML:1.0
means: !!opencv-matrix
   rows: 22
   cols: 5
   dt: d
   data: [ 6.8023179852522517e+01, 1.3826071833923272e+01,
       5.7449974657953170e+01, 3.5207282448557699e+01,
       7.8473532856305983e+00, -1.6460995721779838e+02,
       8.7637583069188722e+01, -7.5793527617928902e+00,
       -4.0245679574824322e+01, -5.7821725451168327e+00,
       -5.7269669377260801e-01, -1.8666819764414095e+02,
       1.0806632069780365e+01, 6.3747934540352851e+01,
       9.5806839373481143e+00, -1.6626372977764024e+02,
       -8.5874403429564325e+01, 2.0530435269918257e+01,
       -5.3957230811947909e+01, -2.5499624543771935e+00,
       1.9547749968092512e+02, 3.6167452687368510e+01,
       -1.5253499100579727e+01, 3.0887657669654164e+01,
       -1.3959378700280601e+01, 4.5796792241571396e+01,
       -2.5826394444136362e+01, -7.5115460565322735e+01,
       6.1594069619925939e+01, -1.8465736510912155e+01,
       -2.7507309339321071e+00, -4.3610741591718657e+01,
       9.1701230394134292e+00, 1.2915594256904443e+01,
       3.7615032200973857e+01, 1.6817361805755812e+02,
       -6.7577418037097360e+01, -5.8646089797952143e+01,
       -2.5710811914570179e+01, -1.1671541683646495e+01,
       3.1839602831490144e+01, 9.1368785929695889e+01,
       -8.2799664687735202e+01, 9.4380594009188865e+00,
       -7.1943974722031063e+00, -9.9561349053919869e+01,
       -3.4469976319338834e+01, 3.9966992882051855e+01,
       2.2415727519261658e+01, 2.1703685327552358e+00,
       -4.1856911471229495e+01, 1.8296888144273087e+01,
       -4.4795500902533476e+01, 4.1579578336953745e+01,
       1.1573299234979865e+01, 1.0324951849645389e+02,
       -4.5848620863798743e+01, -1.9107875633489595e+01,
       3.6600925917403188e+01, -2.7339187797332727e+01,
       1.1702903671610109e+01, 1.7555941054393594e+02,
       1.8844607524772807e+00, 8.7717548320523131e-01,
       6.5907847885968707e+00, -1.2739101711696531e+01,
       8.2607009703839495e+01, 7.6070006500148281e+01,
       -5.0112081007362114e+01, 2.4024351884497457e+00,
       1.2601736535274210e+02, 4.3584303629241937e+01,
       1.3689647602358347e+01, 1.9436639115592371e+01,
       1.9862735938374105e+00, -1.2132705322657557e+02,
       -7.5392094852847620e+01, 9.6335471907168440e+01,
       8.9283056926608175e+00, -2.4612530444192192e+01,
       -4.0368318807236590e-02, 1.1733552319884248e+02,
       -3.7455742024313365e+00, -5.7821795915855645e+01,
       -1.6273706176739914e+01, 1.5778944740623194e+01,
       -1.1223360165387356e+02, -3.8425723320774331e+01,
       -2.4958790080504681e+01, 7.8264929957807139e+00,
       -1.7666450953736887e+02, 6.0135080032463421e+01,
       3.6593515340065707e+01, 9.5790981411296308e+00,
       -1.9914863842077428e+00, -2.4437804180076392e+02,
       -8.5964355986157244e+01, 1.1188450046588803e+01,
       3.6350407427507974e+01, -2.4513355622281534e+01,
       1.4022650255891887e+02, -6.7907152296396433e+01,
       3.6437597307254578e+01, -4.6871034973207976e+01,
       3.2190756926906228e+00, 3.7106214598629905e+00,
       4.0506260116004661e+01, -3.4958675763325800e+01,
       -6.5919307937155267e+01, 4.4722619811821769e+00 ]
covs: !!opencv-matrix
   rows: 110
   cols: 5
   dt: d
   data: [ 2.4989743738252246e+03, -3.9599524369968225e+02,
       8.1668254516883962e+02, 2.8105432675965460e+02,
       1.1884732554915924e+02, -3.9599524369968242e+02,
       5.5821751181365134e+03, 1.5889433261159343e+02,
       -3.9661820550948931e+02, 3.2921128191919246e+02,
       8.1668254516883974e+02, 1.5889433261159340e+02,
       8.9244742960821384e+02, 2.0167688361956908e+02,
       2.8060636188356830e+02, 2.8105432675965454e+02,
       -3.9661820550948931e+02, 2.0167688361956905e+02,
       1.2382898155602877e+03, 3.9172174248907353e+01,
       1.1884732554915924e+02, 3.2921128191919246e+02,
       2.8060636188356830e+02, 3.9172174248907346e+01,
       5.3471437857018714e+02, 3.9604836783386540e+03,
       1.8861673385440062e+02, 1.3913080076806634e+03,
       -4.4098455944431925e+02, 1.9885210615570037e+02,
       1.8861673385440054e+02, 6.7449973279643191e+03,
       -3.1526834210742578e+01, 2.0645856066021197e+03,
       -2.2874862592971161e+02, 1.3913080076806634e+03,
       -3.1526834210742557e+01, 1.8002154598436182e+03,
       2.6260425226696157e+02, -3.6091892565195486e+01,
       -4.4098455944431925e+02, 2.0645856066021197e+03,
       2.6260425226696157e+02, 1.2805224502121971e+03,
       -4.1683276595806120e+01, 1.9885210615570037e+02,
       -2.2874862592971161e+02, -3.6091892565195494e+01,
       -4.1683276595806134e+01, 1.4074953608252295e+02,
       5.2293203868441360e+03, -1.4943724264923108e+03,
       2.6476957154543634e+03, -7.9311910213648832e+02,
       -1.8259520469552569e+01, -1.4943724264923105e+03,
       9.9289791043901860e+03, 1.3131196236221065e+03,
       1.5816058300859440e+03, 8.4542168400931030e+02,
       2.6476957154543634e+03, 1.3131196236221062e+03,
       2.2441599737894494e+03, -1.7273273434242424e+02,
       8.7320747969425497e+01, -7.9311910213648798e+02,
       1.5816058300859440e+03, -1.7273273434242421e+02,
       1.8985020338578058e+03, -2.5192777305989418e+02,
       -1.8259520469552559e+01, 8.4542168400931052e+02,
       8.7320747969425483e+01, -2.5192777305989418e+02,
       2.7039479254375010e+02, 7.0642592703934097e+03,
       -9.0905804661622355e+01, 2.5314394991438476e+03,
       -5.6948681106873187e+02, 4.0573042250871953e+02,
       -9.0905804661622312e+01, 3.9646400576455962e+03,
       -3.4939132380955635e+02, -7.5413728181397732e+02,
       7.7190253335182149e+01, 2.5314394991438476e+03,
       -3.4939132380955647e+02, 1.9804971836739312e+03,
       -3.2961087152467928e+02, -1.1133843642264330e+02,
       -5.6948681106873187e+02, -7.5413728181397732e+02,
       -3.2961087152467928e+02, 7.8896132109843131e+02,
       4.7339489609931711e+00, 4.0573042250871953e+02,
       7.7190253335182121e+01, -1.1133843642264333e+02,
       4.7339489609931702e+00, 1.4064581911089539e+02,
       4.4589043835134526e+03, 2.7711223603176813e+02,
       1.5405251541887069e+03, -2.5989053060712939e+02,
       7.2752238743802096e+01, 2.7711223603176813e+02,
       6.2743445630849164e+03, 6.8919155123808181e+01,
       8.0595652433774751e+02, 1.0194152334151310e+02,
       1.5405251541887069e+03, 6.8919155123808196e+01,
       1.3225785065867344e+03, -6.1451895506253457e+01,
       -5.6773041114461726e+01, -2.5989053060712945e+02,
       8.0595652433774751e+02, -6.1451895506253472e+01,
       1.0951569232376444e+03, 2.9064190453315771e+01,
       7.2752238743802110e+01, 1.0194152334151313e+02,
       -5.6773041114461726e+01, 2.9064190453315767e+01,
       4.9858553628651023e+01, 2.8355842518386871e+03,
       5.6698633633054567e+02, -2.5860335506038336e+02,
       -6.9715142009419850e+01, 4.4917327864945264e+02,
       5.6698633633054578e+02, 5.9054279732463046e+03,
       1.6843437598456234e+02, 2.0742601246870731e+03,
       2.9784704237228135e+02, -2.5860335506038331e+02,
       1.6843437598456234e+02, 1.0204322406543187e+03,
       2.1823085295862862e+02, -2.0955721043550136e+02,
       -6.9715142009419878e+01, 2.0742601246870731e+03,
       2.1823085295862862e+02, 1.2279624714190688e+03,
       6.6027800106569956e+01, 4.4917327864945275e+02,
       2.9784704237228135e+02, -2.0955721043550136e+02,
       6.6027800106569927e+01, 1.8953005216629995e+02,
       4.5611064877533954e+03, -9.4128840324014686e+02,
       2.7264727991747682e+03, -8.0444277388350724e+02,
       -1.1409368149066363e+02, -9.4128840324014675e+02,
       7.4101114365468338e+03, 5.4428110729855192e+01,
       1.5106185823368751e+03, -6.1674577532240264e+01,
       2.7264727991747682e+03, 5.4428110729855192e+01,
       2.1746041377192710e+03, -9.8113615012898006e+00,
       -6.1645963981205611e+01, -8.0444277388350713e+02,
       1.5106185823368746e+03, -9.8113615012897881e+00,
       2.1341739749004046e+03, 5.4370734611926672e+01,
       -1.1409368149066360e+02, -6.1674577532240249e+01,
