%YAML:1.0
means: !!opencv-matrix
   rows: 14
   cols: 1
   dt: d
   data: [ -5.8722392699881347e+01, 1.2736637458121982e+02,
       -1.9757231996368259e+02, 5.3680611982041526e+01,
       2.1528559937126914e+02, -9.7944232493373150e+01,
       -3.0244407232145312e+02, 9.1460612023196688e+01,
       -2.1005016992785862e+01, -1.4348615284674341e+02,
       1.6945117516729175e+02, 1.5632687035665827e+01,
       2.6890547263529299e+02, -2.5084247101814211e+02 ]
covs: !!opencv-matrix
   rows: 14
   cols: 1
   dt: d
   data: [ 4.1479636715324489e+02, 4.1566510504424076e+02,
       7.0712717513922223e+02, 3.3829310358533678e+02,
       7.4607221806394045e+02, 4.6020346746518345e+02,
       1.2868430337636380e+03, 3.7182638776854367e+02,
       3.7569601581470863e+02, 5.8393894083752468e+02,
       5.1116797157796509e+02, 3.3431629144563050e+02,
       1.4010385023642548e+03, 9.3420562872346193e+02 ]
weights: !!opencv-matrix
   rows: 1
   cols: 14
   dt: d
   data: [ 9.2917355050095643e-02, 8.2918480720996238e-02,
       5.9088872755999229e-02, 1.0955556059057707e-01,
       4.0202698255866108e-02, 9.2396577570623473e-02,
       1.7766506039592019e-02, 1.0149162352965478e-01,
       9.5971623141484316e-02, 7.3314256487499493e-02,
       6.6898519390037173e-02, 1.0546302321146360e-01,
       2.3626669822469040e-02, 3.8388233433616761e-02 ]
pca_proj: !!opencv-matrix
   rows: 1
   cols: 21
   dt: f
   data: [ 1.02604255e-02, 8.46533298e-01, 5.67100069e-05,
       -5.08859605e-02, 4.68450844e-01, 1.89823491e-04, -5.55210514e-03,
       1.46431834e-01, -1.98076777e-05, -7.31809530e-03, 1.34976640e-01,
       -4.80776835e-05, -6.69380091e-03, 1.46460637e-01, -1.57161594e-05,
       2.11501210e-05, 1.32904761e-05, -3.16381829e-07, -1.62182951e-05,
       4.47223283e-04, 4.04881848e-06 ]
pca_mean: !!opencv-matrix
   rows: 1
   cols: 21
   dt: f
   data: [ 4.33646118e+02, 2.44701981e+02, 1.49672687e+00,
       4.18191803e+02, 2.60206879e+02, 1.62062907e+00, 3.68545319e+02,
       2.27059875e+02, 1.69770968e+00, 3.19420807e+02, 1.63929108e+02,
       1.75046074e+00, 3.16613464e+02, 2.25532654e+02, 1.70717156e+00,
       1.08872897e-04, -9.74175637e-05, 6.24380555e-05, -2.17504916e-04,
       -2.50119597e-01, 1.75055194e+00 ]
gamma: !!opencv-matrix
   rows: 14
   cols: 1
   dt: d
   data: [ 7.9103547261306206e-01, 8.2992512281263053e-01,
       8.6776285172961931e-01, 7.8689847279229586e-01,
       8.7542894280445260e-01, 8.1356328936478739e-01,
       9.0523659515503629e-01, 8.0832256487213461e-01,
       7.7602024662093272e-01, 8.4112433571883416e-01,
       8.5325837262657778e-01, 7.7385445305617551e-01,
       8.9819448960095749e-01, 8.8886108411346221e-01 ]
