%YAML:1.0
means: !!opencv-matrix
   rows: 2
   cols: 14
   dt: d
   data: [ -1.0005885257945263e+02, 1.7437822494912645e+01,
       1.9213952400542421e+01, -8.2440421226834637e+00,
       -6.5115204732822445e+00, 4.9127068749251093e+00,
       -1.8760133423977747e+00, -4.4792739697895445e-01,
       -5.5700401575900371e-01, 4.7760016885488692e-03,
       -6.6245456230492009e-02, -7.9660119662346533e-03,
       -7.4040303973889028e-03, -1.2144683813150017e-03,
       4.9833082361906399e+01, -8.6818367812059094e+00,
       -9.5712562447286995e+00, 4.1056298516437604e+00,
       3.2445360047269198e+00, -2.4488182172157611e+00,
       9.3492857585137867e-01, 2.2107930380598731e-01,
       2.7860649768093682e-01, -1.7040262144075739e-03,
       3.2972386060572005e-02, 3.9735126211962570e-03,
       3.6974128383167769e-03, 6.2130925445354104e-04 ]
covs: !!opencv-matrix
   rows: 28
   cols: 14
   dt: d
   data: [ 1.8255569104834758e+04, 6.9391793590584723e+02,
       5.5854902915467129e+01, -5.2034663289450214e+02,
       6.5983891829226729e+02, -6.4832916267206272e+01,
       -5.8312069655418789e+01, -1.2829338838601936e+02,
       -1.2118868136132976e+02, 3.4824283902027093e+00,
       -7.4768067683941011e+00, -1.1266807493009361e+00,
       -1.0444940794218689e+00, -2.2498585819676137e-01,
       6.9391793590584757e+02, 1.1911969240844352e+04,
       1.3491241585104925e+01, -9.2382743539807007e+02,
       3.1937523563116020e+01, 3.5206734104922020e+02,
       -1.9163170108274695e+01, 3.7393383919594598e+01,
       1.0417552355314665e+01, 3.8296586175503315e+00,
       -8.5576524986471836e-01, -6.1855230238864378e-01,
       9.1517299461592497e-02, -2.4763142412424330e-01,
       5.5854902915467072e+01, 1.3491241585104920e+01,
       3.2827676107169477e+03, 8.2178948711015209e+01,
       -1.3796672591178381e+02, 4.6566693661617641e+01,
       -1.8437940860149716e+01, 1.5373086177098292e+01,
       1.4876471098674802e+01, -6.5582475513235083e+00,
       2.3965016917727833e+00, 5.8520566046474143e-01,
       6.4757303842987765e-02, 8.3550869760282628e-03,
       -5.2034663289450214e+02, -9.2382743539807018e+02,
       8.2178948711015238e+01, 3.0972967326086255e+03,
       -5.4128017009464699e+01, -1.8526119785177241e+02,
       5.1921925365780055e+00, -3.4675808714751575e+01,
       -3.9679055487296235e+00, 6.4141600971960706e+00,
       2.7191674363383661e-01, 2.6719066346495407e-01,
       -6.0260298387447862e-02, 1.6095044135714442e-01,
       6.5983891829226729e+02, 3.1937523563116056e+01,
       -1.3796672591178381e+02, -5.4128017009464685e+01,
       2.8102330258032526e+02, -4.6546748734015758e+01,
       -9.5571398969079588e+00, -1.8817362610072564e+01,
       -1.4142201795844882e+01, -2.1811761214187414e-01,
       -8.0811136097048042e-01, -9.1301749537153927e-03,
       -1.0809528349488243e-01, -4.4310746001733466e-02,
       -6.4832916267206258e+01, 3.5206734104922020e+02,
       4.6566693661617656e+01, -1.8526119785177241e+02,
       -4.6546748734015758e+01, 2.7204286148224753e+02,
       5.4481175361668277e-01, 2.6750626130858599e+00,
       5.8103787192129195e+00, 1.1416940983820696e+00,
       1.9328323705829092e-01, -7.0525721297625826e-02,
       5.0345476526644957e-02, -2.9616897043600568e-03,
       -5.8312069655418760e+01, -1.9163170108274684e+01,
       -1.8437940860149716e+01, 5.1921925365780073e+00,
       -9.5571398969079588e+00, 5.4481175361668277e-01,
       3.8807666391021364e+01, 4.3745525455949066e+00,
       4.0566629412738688e+00, -5.2885275578073931e-01,
       -2.0232693925289960e-01, -1.2118721820695331e-01,
       3.6201704463359810e-02, -2.0916012689924348e-02,
       -1.2829338838601939e+02, 3.7393383919594577e+01,
       1.5373086177098283e+01, -3.4675808714751582e+01,
       -1.8817362610072561e+01, 2.6750626130858590e+00,
       4.3745525455949075e+00, 2.5640613202737690e+01,
       3.9383333795508237e+00, -1.2430562229658217e+00,
       5.2720706911312247e-02, 3.2688428831710227e-02,
       1.9248034212000602e-02, -5.8763922148823474e-03,
       -1.2118868136132976e+02, 1.0417552355314665e+01,
       1.4876471098674802e+01, -3.9679055487296226e+00,
       -1.4142201795844882e+01, 5.8103787192129195e+00,
       4.0566629412738688e+00, 3.9383333795508237e+00,
       7.8225799139661847e+00, 2.4374169060601841e-01,
       1.1789590280149365e-02, -6.2318543286920261e-03,
       2.6622656882589416e-02, 7.4127412284505784e-03,
       3.4824283902027102e+00, 3.8296586175503333e+00,
       -6.5582475513235083e+00, 6.4141600971960724e+00,
       -2.1811761214187408e-01, 1.1416940983820696e+00,
       -5.2885275578073931e-01, -1.2430562229658217e+00,
       2.4374169060601841e-01, 2.6857389749034328e+00,
       -1.9491495388988523e-02, -2.8439745121212438e-03,
       -1.6288107373862496e-03, 2.3852451527322335e-02,
       -7.4768067683941002e+00, -8.5576524986471858e-01,
       2.3965016917727833e+00, 2.7191674363383672e-01,
       -8.0811136097048042e-01, 1.9328323705829092e-01,
       -2.0232693925289960e-01, 5.2720706911312261e-02,
       1.1789590280149361e-02, -1.9491495388988523e-02,
       3.8206560793149678e-02, 5.6059563170414431e-03,
       -8.9504834325025619e-04, 9.5890205031110975e-04,
       -1.1266807493009363e+00, -6.1855230238864378e-01,
       5.8520566046474143e-01, 2.6719066346495407e-01,
       -9.1301749537153858e-03, -7.0525721297625812e-02,
       -1.2118721820695331e-01, 3.2688428831710227e-02,
       -6.2318543286920261e-03, -2.8439745121212438e-03,
       5.6059563170414431e-03, 9.1757656258748370e-03,
       -4.9731534873728419e-04, 5.6279675946196745e-04,
       -1.0444940794218687e+00, 9.1517299461592469e-02,
       6.4757303842987737e-02, -6.0260298387447848e-02,
       -1.0809528349488240e-01, 5.0345476526644957e-02,
       3.6201704463359810e-02, 1.9248034212000605e-02,
       2.6622656882589416e-02, -1.6288107373862491e-03,
       -8.9504834325025554e-04, -4.9731534873728408e-04,
       2.7292281738861661e-03, -3.3268914647153285e-05,
       -2.2498585819676142e-01, -2.4763142412424335e-01,
       8.3550869760282490e-03, 1.6095044135714442e-01,
       -4.4310746001733479e-02, -2.9616897043600490e-03,
       -2.0916012689924355e-02, -5.8763922148823457e-03,
       7.4127412284505810e-03, 2.3852451527322335e-02,
       9.5890205031110975e-04, 5.6279675946196745e-04,
       -3.3268914647153285e-05, 2.6630701484995842e-03,
       9.6740681696820120e+03, 9.5603863477546076e+02,
       1.4066627684178420e+03, -3.5627413410008234e+02,
       -8.1481683865302432e+02, 3.9914401215916178e+02,
       -1.1103784183213503e+02, 3.0557662603528449e+01,
       1.8715850048514383e+01, -1.4107675156281139e+00,
       -1.2206270089226501e+00, -3.3857451715179329e-02,
       -3.3017096651924260e-02, 2.0565284373925311e-02,
       9.5603863477546054e+02, 8.4774218403816194e+03,
       -2.5668684855137974e+02, 5.6735307967871915e+02,
       6.8813452125173782e+01, -2.3927290884288351e+02,
       3.3954432568422334e+01, -1.2813884103668750e+01,
       2.0666414964334980e+00, -1.9635201823325841e+00,
       1.2878392921401840e+00, 4.1176609234365547e-01,
       5.0823052571618788e-02, 1.3926344598059232e-01,
       1.4066627684178422e+03, -2.5668684855137985e+02,
       2.9967398580653435e+03, 7.7258251591210239e+01,
       1.6208074795055455e+02, -9.3643041320640791e+01,
       3.6083895988878972e+01, -1.2538414047423663e+00,
       5.8724854241666979e-01, 3.2049093747980661e+00,
       -2.4406804561722664e-01, -1.7720643200765629e-01,
       7.3989268275149594e-02, 1.3403811907021326e-02,
       -3.5627413410008239e+02, 5.6735307967871893e+02,
       7.7258251591210268e+01, 2.3479078388482317e+03,
       -1.3098557837878076e+01, 1.2249465890275999e+02,
       -1.4127048645341990e+01, 1.4523531922576295e+01,
       -1.4553035996267956e+00, -3.1679342162143485e+00,
       -5.4279397019213860e-01, -1.8209373218220232e-01,
       -1.5568550918617497e-02, -8.7705411138467471e-02,
