%YAML:1.0
means: !!opencv-matrix
   rows: 26
   cols: 10
   dt: d
   data: [ -5.3105935291624156e+01, -8.8416457325979749e+01,
       1.7242275854744044e+01, 5.3784673803838139e+01,
       7.1789861335829768e+00, -4.4887097289304858e+00,
       1.9135170816683003e+00, -7.5299721402938069e-01,
       1.9488885168311376e-01, -6.3656381418882843e-02,
       1.2245320659092438e+02, 9.6775666614258906e+00,
       3.4040653981860011e+01, 4.7534007360574888e+00,
       1.3830220572719687e+01, 5.0559133348949299e+00,
       5.1316075278021656e-01, 1.6036161079499431e+00,
       3.6318456476208638e-01, 7.6096496355739687e-02,
       1.4926270811096668e+02, 3.0862415213805942e+01,
       -4.3823661132928748e+01, -1.4573441696795909e+01,
       -1.2797816755379667e+01, 4.3281791463567455e-02,
       2.7103663285060482e+00, 2.5854269819143085e+00,
       8.8122229923074258e-01, 3.1285212194338069e-01,
       4.5688577631070615e+01, 2.0596358589348760e+01,
       -1.2409567211957622e+00, -1.6315924609884355e+01,
       5.7455484937806727e+00, -9.0674530221133620e-01,
       -6.5592795162927908e+00, -2.7632078674050025e+00,
       -5.3317693933523129e+00, -1.1751885603823198e+00,
       1.6293455904692720e+00, 1.3114200000953240e+01,
       -5.0363157968860094e+01, 2.8819734235775112e+00,
       2.0710655898308204e+01, 4.1910626389173062e+00,
       6.9159074527526532e-01, 1.2008071646961804e+00,
       3.7073432755540725e-01, -7.1121593579523648e-02,
       9.0552132567446066e+01, -5.1070152510901444e+01,
       -2.7606003739347432e+01, 3.5498488052308240e+01,
       2.6639947940260575e+00, 1.4845132650168093e+01,
       -8.3336819325825084e-01, 1.0360997586852303e+00,
       3.9492213042575219e-01, -8.3207110330573847e-03,
       -1.3388590103970111e+02, -5.2665664610712049e+01,
       3.0132371372822448e+01, 3.2498167663884672e+01,
       1.4619069890159899e+00, -7.0200383090620386e+00,
       2.6176468044919319e+00, 1.0072397360287770e+00,
       2.9310058312256260e-01, 1.0903514585464080e-01,
       -1.6134199883202371e+02, -1.1742987758047720e+00,
       3.6338366759847318e+01, 1.4351576022642719e+01,
       -7.6250283974564601e+00, 2.5821649288638309e+01,
       -3.3549897293214975e-01, 3.2521327234581570e+00,
       9.3856788945142033e-01, -2.8054514198095204e-01,
       5.8778545920909274e+01, 5.2731338368483236e+01,
       -1.1413349997241626e+01, -4.0768921807339552e+01,
       1.3001554449441297e+01, -1.2773056012813633e+01,
       1.9129906889258974e+00, 1.6460131259057160e+00,
       1.0561865467612942e-01, -3.9945607549883409e-04,
       -4.7681510795498902e+01, 1.1104289785769849e+02,
       1.5621742264626663e+01, -6.5592249294234435e+01,
       1.2683379559634195e+01, 1.6706960748225850e+01,
       -2.9747252741157828e+00, -6.4488703581097240e-01,
       9.7690088793666319e-01, 7.6658465040936222e-02,
       1.8348945468000771e+01, 6.0894639607675906e+01,
       -2.4170204530345316e+00, -3.1857241047052405e+01,
       6.4943836640398587e+00, 4.2127527656352326e+00,
       2.0866963303067636e+00, 2.7709768760250268e+00,
       1.0950375093763478e+00, 1.7192161159269170e-01,
       -1.6976177077955808e+02, 3.8966544089018250e+01,
       3.9935307626115005e+01, -2.4924246074868599e+01,
       -9.8571063062587090e+00, -5.3703430703471611e+00,
       1.2454379488893124e+00, 1.4214614370051259e+00,
       4.2529829420016052e-01, 2.2478816623105597e-02,
       -2.0311162341787661e+02, -2.5293638432587748e+01,
       4.4613497391762778e+01, 2.1076822833061595e+01,
       -1.0189208708479928e+01, 1.0929037967288830e+01,
       -1.3901395830840453e+00, -1.1093107709642425e+00,
       -3.1860470582717582e-01, 3.8731936983591240e-03,
       1.2388669234587952e+02, 1.1548714550306045e+01,
       -3.3204175872154700e+01, 5.3227885626167151e+00,
       -3.7572736526803863e+00, 1.7854971006429750e+01,
       -3.0659382670574162e+00, 3.7453381850125824e+00,
       -5.8768319978911299e-01, 4.6404414401640098e-01,
       8.1444887876894796e+01, -6.0273903228693783e+01,
       -3.1799123099885747e+01, 3.1940556280662875e+01,
       -8.5739626543194163e+00, 5.7472114714560698e+00,
       -4.1193212292757403e-01, 4.9292687713653088e-01,
       5.7448020463262162e-01, 6.8283256808892023e-02,
       -1.9860419538424216e+02, 9.8382707318385158e+01,
       4.0691430783351038e+01, -5.3877994725642729e+01,
       -2.4769945375841782e+01, 1.7260193910206475e+01,
       -4.3193917920192089e+00, 1.7071427771836394e+00,
       8.6075913546625593e-01, -6.1795760048850519e-02,
       5.9537969862601180e+01, 1.8935656822512325e+01,
       -2.0015351289806016e+01, -2.7304836013880632e+01,
       -2.1577463669101256e+01, -1.7191302803219685e+01,
       1.2667220119651534e+00, -5.5435610980497585e-01,
       2.0770357230085268e-01, -1.1440900141117240e-01,
       -3.3900448423776524e+01, -1.2123554564626422e+01,
       3.1057383416882406e+01, 2.5868938492528304e+01,
       2.4692909369635398e+01, -9.3086271875750093e+00,
       -9.3157640472102035e+00, -6.6793954107930427e+00,
       -5.2117060848233843e+00, 1.5595886884246681e+00,
       -1.8852177306871653e+02, 4.4254614518885646e+01,
       3.5918328456645085e+01, -2.7949618686443429e+01,
       -5.3244412723540284e+00, -2.0949982611230333e+00,
       -3.9632295391227448e+00, -6.9935796355764834e+00,
       -2.9118532410529179e+00, 1.1118700823610703e+00,
       8.2543478709348065e+01, 1.6919600368704995e+01,
       -2.3247182866525602e+01, -3.2153872927577794e+01,
       -2.6077831149675159e+01, -1.9748611372994763e+01,
       1.0232824308374175e+00, -2.4498103238802846e+00,
       2.0883923384920805e-01, -1.2082672606896662e-02,
       -8.9417137762592898e+00, -1.0433691214707451e+01,
       1.2101402397807908e+01, 9.5848668682458769e+00,
       2.9358204314234083e+01, -6.6974488086700690e-01,
       3.0499287927736046e-01, 2.8540252943479200e-02,
       4.4594532717267321e-01, 3.4399443095100915e-02,
       1.6081537204456259e+02, 2.5182167341007428e+01,
       -4.2809873272020070e+01, -3.0819922519012160e+01,
       -1.0139010998480103e+01, 1.4561543458512446e+01,
       -1.6745419195371636e+00, -4.4243418419395102e+00,
       -2.5032998557342006e+00, 8.5970500335475930e-02,
       -1.4870455987648165e+02, -1.0324042839050713e+02,
       2.7479687474509209e+01, 6.6463161512892000e+01,
       -1.9853152297961810e+01, 8.0236689822083040e-01,
       -2.3315093721441654e-01, -1.4625851309917854e+00,
       1.0230326910789795e+00, -4.5726307301389207e-01,
       -4.7731478536375860e+01, 3.3969928907618701e+01,
       2.2156024701298051e+01, -2.6060535002560670e+01,
       2.5667892196921919e+01, -1.6070014313940959e+01,
       2.5026871173590401e+00, 1.7875869966087199e-01,
       1.7457439834520658e-01, 1.1982411310103228e-01,
       1.5957738647468565e+02, 1.0989053586730013e+00,
       -4.2670610688630241e+01, 2.3013811751649902e+00,
       -6.6563232147539644e+00, 1.1448001394733083e+01,
       -6.9490737541564304e-02, 7.3950326744561334e-01,
       4.3463720791420407e-01, -1.9516256710889210e-01,
       3.3656116477852677e+01, -9.7565338764052825e+01,
       -9.7824824353167266e+00, 6.9375649351160959e+01,
       -4.2828228234516885e+00, -1.4623587652708956e+00,
       2.1136545674409057e+00, -4.0457788682471940e-01,
       -8.0306274904019356e-02, -1.5047095246184344e-01 ]
