%YAML:1.0
means: !!opencv-matrix
   rows: 45
   cols: 6
   dt: d
   data: [ 8.0876773483235510e+01, 2.3709916779957105e+01,
       -9.2142964475371784e+01, -1.0357348818963665e+01,
       -3.6752201398872950e+00, 1.2983901403765497e+01,
       -1.5396552852256991e+02, -2.8151269981928948e+01,
       -3.0199926915783671e+01, 7.4180613340533029e+01,
       1.7738281408988181e+00, -6.4955098586686608e+00,
       1.2892965305937065e+02, 9.7818522792817731e+01,
       3.7730563612859228e+01, 3.3283449402641097e+01,
       1.1152576615262005e+01, 8.5737040734615522e-01,
       1.2694487550476785e+02, -9.2995621211337138e+01,
       -3.8436445252620430e+01, -1.7841558678971076e+01,
       -2.9328421688232784e+00, 1.0582854264357010e+01,
       -1.3676018416630846e+01, -6.8461243345122099e+01,
       1.9229624702414021e+01, 4.6170545218970716e+01,
       1.8093172572510237e+01, -9.2569128608235474e-01,
       -2.0018453982053805e+02, 7.3434350805021026e+01,
       3.3888541782328922e+01, -5.3711510770016417e+01,
       -2.5983087517108075e+01, 9.0666293603978332e+00,
       -1.3437285680838196e+01, 1.1076346899109851e+02,
       -8.3220421205320394e-01, 3.8751771637552189e+01,
       1.7562399503942711e+01, -6.7264993206360959e+00,
       1.6378911136219796e+02, 3.6722174987330533e+01,
       -3.3075665983789079e+01, -2.4933271528395775e+01,
       -9.7282883497656094e+00, 1.0185854549365244e+01,
       -1.2692006511547163e+01, -5.2817057139678270e-01,
       5.8374063682806665e-01, -4.5547493574306888e+00,
       1.5258793619218027e+01, -6.4467123764980316e-02,
       4.0000295705193828e+01, 7.3140215112986226e+01,
       -5.9537606653134901e+01, -9.3510300623628613e+00,
       -3.1352760148899894e+00, -6.9760186957483432e+00,
       -2.0474013585048988e+02, 1.2782111539321440e+02,
       4.9239388400344673e+01, -5.8141434827807458e+01,
       -1.9893650398979364e+01, 3.8421946575215721e+01,
       -3.5664530390727379e+01, 2.2419825705873215e+00,
       9.4014408916660113e+00, -1.8743576565229552e+00,
       3.5508578108083171e+01, -2.4065402019428315e+00,
       -1.5710820426656170e+02, -5.2125575848699732e+01,
       4.9835714370589457e+01, -3.5794572594988821e+01,
       -5.1909400458329191e+00, -6.8928214636623677e+00,
       -1.4992408983625018e+02, 7.4187261790565003e+01,
       4.9875306096368568e+01, 3.2130142459987901e+01,
       -5.9522803972287974e+00, -6.3116909608636425e+00,
       1.7998296853008391e+01, -9.3082081338404222e+01,
       -1.9517557803233924e+01, -3.9712049220397610e+01,
       2.1051766699693552e+01, 5.4599985962983313e+00,
       1.1675487622854277e+02, -2.3620218294602001e+01,
       -4.1110146546602166e+01, 3.0531422137985601e+01,
       -5.7365454161576812e+00, 1.3098983585560701e+01,
       5.7057258678043461e+01, 1.1167197412132792e+01,
       -2.4712128409632207e+01, -3.4123387705552346e+01,
       -3.3335825782186724e+01, -1.8377471765427380e+01,
       -6.5324688241122928e+01, -1.1299821374297379e+02,
       6.1840042862732176e+01, 2.8543618929104852e+01,
       -4.8315319954676689e-01, -4.8390606999595898e+00,
       7.7914432537797310e+01, -4.7679106240306126e+01,
       -2.5119807515674211e+01, -6.3001993681061705e+01,
       -2.4119548986191973e+01, -1.7440828530467940e+01,
       -1.4284822769634951e+02, -1.5579045783860096e+02,
       -3.3163595492065738e+01, 1.9663077384407071e+01,
       7.8183429590962072e+00, -3.0639694054919282e+00,
       -1.1557798462861932e+02, 1.2917913635768147e+02,
       4.2356806746595645e+01, 9.1237277197027122e-01,
       -3.9640203841415151e+00, -1.0608655485208919e+01,
       -1.2431219300562709e+02, 4.6241216659476720e+01,
       -4.1402337933861524e+01, -2.5842663337330507e+01,
       2.3255625508732560e+01, -8.9587042268102728e+00,
       8.5924152087814505e+01, 7.4489750206613948e+01,
       -2.2743539583222702e+01, -6.0350392563135404e+00,
       -2.6945999901640114e+01, -2.2102858304907812e+01,
       8.1547121081090623e+01, -3.8254056243666710e+01,
       -2.3444281284010881e+01, -6.9747191614791220e+01,
       -2.9420666488645643e-02, -9.0526451184476109e+00,
       1.6127205773052415e+02, 7.9635947219286408e+01,
       -4.4992267729306782e+01, 2.4697903455076183e+01,
       -7.4439969233248551e+00, 1.0749444217801768e+01,
       6.1430346292111423e+01, -6.2815583366172469e+01,
       -2.3954572521383891e+01, 4.3696932853825778e+01,
       -1.0949515992451575e+01, 5.1863552052633519e+00,
       1.0486375403711830e+02, -4.5004233478588624e+01,
       -3.1567623867935890e+01, 3.8788481652369732e+01,
       -1.8177983809630191e-01, 1.4239324764232858e+01,
       -1.1909025348608060e+02, -5.0265464916175109e+00,
       4.0157538135971429e+01, -5.2438662126345150e+01,
       -2.6517397940529319e-01, -1.2073253971494886e+01,
       3.1922648433782644e+01, 1.5535011415051814e+01,
       -2.7638945553506105e+01, 1.1166492578484847e+01,
       1.9118017772639167e+01, 7.0199533788005777e+00,
       -2.4981642881663240e+02, -1.5764275544480379e+01,
       -1.2609332625297595e+01, 8.6611301844432731e+00,
       -4.5448700185027020e+00, 1.7601311146313094e+00,
       -1.4983478378677273e+02, -1.0360542209364655e+02,
       2.8241569968084672e+01, 6.7125417688825763e+01,
       -1.8147687977396700e+01, 5.5377643702775781e-01,
       1.1639230502001242e+02, -9.0797324296011695e+01,
       2.7820896074511197e+01, 4.6903255138884496e+01,
       -4.3921439481475316e-01, 7.8770725284825955e+00,
       -1.4102653790101925e+02, -6.3161771957205993e+01,
       3.6002956353938394e+01, 4.0194296020934551e+01,
       -1.8368814863184632e+01, 1.8214889115524247e+01,
       1.4655752411436458e+02, 6.1520631439783635e+01,
       1.7217107360408537e+01, -2.2760163820656533e+01,
       -9.9759086528937289e+00, -1.0289951929256590e+01,
       -1.9728719298011890e+02, 7.8316841068450949e-01,
       5.2002556653439044e+01, 2.4642501723457451e+00,
       -8.0041061453794935e+00, 1.4058155406015077e+01,
       1.1141934661467889e+02, -2.5139804293808105e+01,
       6.5798773495635231e+01, -7.5008012274943239e+00,
       1.6025079098821330e+01, 2.4443591630199921e-01,
       -7.8301285834573058e+00, -7.5733459722291798e+01,
       -6.3353884953601018e+01, 4.9951156115032127e+01,
       5.1009782506113552e+00, 6.7657708093507178e+00,
       1.5048880494198440e+02, -4.6405248606410133e+01,
       -4.9323340894115937e+01, -3.1914990934661944e+01,
       -5.5610086938525969e+00, 1.5074201499849472e+01,
       -4.2412775631930543e+01, 1.7713309562314328e+02,
       7.2388201858144772e+00, -1.0665020057985279e+02,
       -6.4590586102413807e+00, 3.6213988134508703e+01,
       -6.2390054727630719e+01, -4.1297894280509766e+00,
       5.3733048812355058e+01, 8.7691105503023465e+01,
       -5.9251410989788074e+00, -4.2506791402633581e+00,
       1.9534394946482063e+01, -1.0138499788876676e+02,
       -9.4336601956489154e+00, 7.1231542096202261e+01,
       -5.8652314689431515e+00, -2.5173239455568877e+00,
       3.4954128446272712e+01, 1.4916769553599593e+02,
       -2.5227536164135961e-01, -8.2167450131218175e+01,
       2.0625436056938671e+01, 1.1868103503250550e+01,
       2.2496862534626626e+02, -5.2519982044846647e-01,
       2.1255154630659767e+01, -1.6213738544079350e+00,
       -7.6458254080436028e+00, 1.2115424719381954e+01,
       6.5373876822091308e+00, 5.8890070237817554e+01,
       1.9621766538578989e+01, -4.5646297782906665e+01,
       3.5491217419990861e+01, -1.3632009069124260e+01,
       1.5089909668663100e+01, 4.8470142833214766e+01,
       2.1643723384540747e+00, -4.0198018073263398e+01,
       5.2036462583305010e+00, -2.3380564102043763e+01 ]
