%YAML:1.0
means: !!opencv-matrix
   rows: 14
   cols: 8
   dt: d
   data: [ 3.1194974050583362e+01, 1.2386973534740049e+02,
       -2.7837052992662695e+01, -5.2121600914775613e+01,
       -9.0541585321981586e+00, 1.3667540095888489e+00,
       2.3901471532573297e+00, -1.6009385156307518e-01,
       1.1629417864071773e+02, 4.2189174822601601e+01,
       -3.8929363930001720e+01, -6.3163875221116932e+00,
       -6.0259280696043982e+00, -1.2844046699676351e+01,
       -2.8287738796628785e+00, 8.2438690208849508e-01,
       -1.3839572142658810e+01, 6.7800506634313280e+01,
       -7.9114497607793863e+00, -3.1342968882658013e+01,
       1.9996073488352597e+01, -4.5951576414965123e+00,
       -5.5024155760542459e-01, -2.1288533202186152e-01,
       2.5440050071442919e+01, 2.7541961986853138e+00,
       -1.1350861562762113e+01, -3.3899763762104720e+00,
       -8.8365225709920434e+00, -9.3043794585999517e+00,
       -1.1970631671494922e+00, -6.9378977017772314e-01,
       -4.5024951418642885e+01, -5.3394384729178846e+01,
       2.3639279377392487e+01, 2.2038886167383108e+01,
       2.5418195459281211e+01, 1.4858841589991338e+01,
       1.8188222394629763e+00, -1.3000559505704989e-01,
       -1.1735425206338287e+02, 2.9768619693260084e-01,
       7.8904018996148139e+01, -2.4380595195270715e+01,
       -4.7908430521491949e+00, -5.9488537062535651e-01,
       -1.0121500626434453e-01, 7.7393496827041841e-01,
       3.0016790233978675e+01, -3.5327294713053107e+01,
       -1.4539708219329350e+01, 2.2865482833117422e+01,
       1.6327564342531325e+01, 6.5820612190011980e+00,
       1.0658289948940840e+00, -3.2846498327145113e-01,
       -1.2538318861881257e+02, 1.1237732327843263e+02,
       1.2643140073796454e+01, -5.2828376265769357e+01,
       -1.2075921015676528e+01, 4.3788148851561443e-01,
       6.3565913130072593e-01, -3.0032008708426650e-01,
       -2.3144226255232476e+02, 4.3211069404065539e+00,
       -4.8681107207087904e-01, -5.6103202590713881e+00,
       -2.5600420014063490e+00, -3.0134294664239669e+00,
       3.2457737910750534e-01, 9.4446383987554916e-01,
       -1.7195406143308574e+02, -9.9173505781753420e+01,
       4.7540289761414471e+01, 3.5154503189043865e+01,
       -2.8811614596480023e+01, 2.8242713230852901e-01,
       -2.9186662072143901e+00, -8.5336146236952293e-03,
       9.8322821440460515e+01, -4.5761567273125884e+01,
       -2.2146701757992883e+01, 3.6882782693117143e+01,
       -2.7603634467586936e+01, 2.4106606661290051e+01,
       1.1636513588796042e+00, 1.3297626345735523e+00,
       1.1319921584290715e+02, 1.0245229136458052e+01,
       4.6583310335341736e+01, -2.2982876572134117e+01,
       1.5841768666538647e+01, -2.5647505664602681e+00,
       1.1314941765808111e+00, -5.8414627724259693e-01,
       1.6393318168465143e+02, -2.3025403488926617e+01,
       -3.8222033730753083e+01, 2.7383109505538688e+01,
       -1.6195452699303651e+01, -4.6628905391540520e-01,
       6.5922349039238637e-01, 8.8636685269743679e-02,
       8.0079524032965388e+00, -1.9807062667226515e+02,
       1.5027585226263806e+01, 6.8082818271913254e+01,
       1.1673520855593518e+01, -2.1360304939841374e+01,
       -1.9582150033715453e+00, -1.4486997030359143e+00 ]
covs: !!opencv-matrix
   rows: 112
   cols: 8
   dt: d
   data: [ 7.2456677314701155e+03, -9.0358173404285060e+02,
       2.5444169549523767e+03, -5.2899251005852079e+02,
       5.6180118648038111e+01, -5.8403344065846092e+01,
       -8.6046249983212384e+00, 5.0339320167648282e+01,
       -9.0358173404285071e+02, 6.4999722822775848e+03,
       8.6355709602870422e+02, 2.4364756680316063e+03,
       6.1423360126396123e+00, 4.1081293973686961e+01,
       -1.0167644039202712e+02, 1.0853370311609604e+01,
       2.5444169549523767e+03, 8.6355709602870422e+02,
       2.5728862751169399e+03, -1.7833450968067467e+02,
       -1.2320747779326051e+02, -4.6862238160105953e+01,
       1.8766030935089212e+01, -1.1345638672587533e+01,
       -5.2899251005852057e+02, 2.4364756680316063e+03,
       -1.7833450968067464e+02, 1.7393791847571927e+03,
       6.8268752592633987e+01, -1.2842846748175447e+02,
       3.4906702932693669e+01, 1.9382382986114461e+01,
       5.6180118648038096e+01, 6.1423360126396087e+00,
       -1.2320747779326051e+02, 6.8268752592633987e+01,
       4.6262893169213925e+01, -8.2638454855367485e+00,
       -4.9191772992278375e+00, 1.9102127948325223e+00,
       -5.8403344065846099e+01, 4.1081293973686961e+01,
       -4.6862238160105953e+01, -1.2842846748175447e+02,
       -8.2638454855367502e+00, 4.1625755416220905e+01,
       -2.0917080910357342e+01, -2.0320077065131823e+00,
       -8.6046249983212384e+00, -1.0167644039202712e+02,
       1.8766030935089216e+01, 3.4906702932693662e+01,
       -4.9191772992278375e+00, -2.0917080910357338e+01,
       1.9162145620826259e+01, -2.1320312677039797e-02,
       5.0339320167648296e+01, 1.0853370311609604e+01,
       -1.1345638672587530e+01, 1.9382382986114454e+01,
       1.9102127948325223e+00, -2.0320077065131819e+00,
       -2.1320312677040109e-02, 1.5776041876833588e+01,
       6.6549890042741717e+03, -5.2253642413709213e+02,
       2.4623266291850491e+03, -2.1941848248131447e+02,
       -4.1751682675199214e+02, 1.9655269907306433e+02,
       -3.6866780406234653e+01, -5.7871474991416015e+01,
       -5.2253642413709201e+02, 7.7953898469599662e+03,
       7.8152837543622934e+02, 2.2177549728128811e+03,
       6.6744589775529292e+01, 1.7554012758079304e+02,
       -2.1524994383203023e+01, -4.1924036115556540e+01,
       2.4623266291850491e+03, 7.8152837543622945e+02,
       2.5358842617137902e+03, -2.3866763134573696e+02,
       -5.5340937480005941e+01, -1.4009770543715206e+02,
       5.0706445570795236e+00, 1.6807268851978289e+01,
       -2.1941848248131447e+02, 2.2177549728128811e+03,
       -2.3866763134573696e+02, 1.8720879901256303e+03,
       1.6923556041014098e+00, -9.5022373620790120e+01,
       2.5941775230858049e+01, -2.3274044740852711e+00,
       -4.1751682675199214e+02, 6.6744589775529292e+01,
       -5.5340937480005941e+01, 1.6923556041014116e+00,
       1.3486667328770577e+02, -4.7323952492586706e+01,
       -7.0017483490643351e-01, 3.6689169109898718e+00,
       1.9655269907306433e+02, 1.7554012758079298e+02,
       -1.4009770543715206e+02, -9.5022373620790106e+01,
       -4.7323952492586706e+01, 1.2377538208344700e+02,
       -5.5642093911437369e+00, -1.9965892309684371e+01,
       -3.6866780406234653e+01, -2.1524994383203026e+01,
       5.0706445570795244e+00, 2.5941775230858052e+01,
       -7.0017483490643329e-01, -5.5642093911437351e+00,
       4.5742862839147705e+01, -4.5165084338985357e+00,
       -5.7871474991416029e+01, -4.1924036115556547e+01,
       1.6807268851978293e+01, -2.3274044740852733e+00,
       3.6689169109898740e+00, -1.9965892309684371e+01,
       -4.5165084338985348e+00, 2.1938923841535441e+01,
       5.0074239103467453e+03, -6.6211428836874711e+02,
       2.5629738956033189e+03, -6.6603354177135213e+02,
       -6.7896757867035078e+01, -2.4830260730209696e+02,
       -3.7035667097739505e+01, 1.3801173654114196e+01,
       -6.6211428836874711e+02, 7.9231244411601128e+03,
       6.1357690164770906e+02, 2.0669393337169859e+03,
       -3.7832199177147527e+02, 1.1516452123483577e+02,
       -9.6498300810797375e+01, 1.1084291916724123e+01,
       2.5629738956033184e+03, 6.1357690164770918e+02,
       2.4345031069742413e+03, 4.8580507238641069e+01,
       -5.5731166503511567e+01, -4.5572076179678362e+01,
       -1.9561787343006177e+01, 4.0260226955982716e+00,
       -6.6603354177135225e+02, 2.0669393337169854e+03,
       4.8580507238641083e+01, 1.7698672804333594e+03,
       1.7840640624322683e+02, -1.7958004435869302e+02,
       1.5259382992836379e+01, 8.2942323447119488e+00,
       -6.7896757867035063e+01, -3.7832199177147533e+02,
       -5.5731166503511567e+01, 1.7840640624322683e+02,
       1.9136307384512065e+02, -3.1711243472660080e+01,
       -2.4237313935480302e+01, 5.1504121544059283e+00,
