%YAML:1.0
means: !!opencv-matrix
   rows: 30
   cols: 5
   dt: d
   data: [ -1.3589333542225398e+02, 6.2627563222806621e+01,
       9.4027746019321285e+01, -4.4322405524383342e+01,
       -2.0345464630699368e+01, 1.9304170059096793e+02,
       -8.0284451736235027e+01, 1.2251160997529965e+01,
       -2.1853685418159824e+01, -5.6351357225181689e+00,
       -4.4013141168971099e+00, 3.6336174538671386e+01,
       1.3031628937355340e+01, -2.6475053784771223e+01,
       3.7406181365960116e+01, 4.0362948606094783e+01,
       3.2914137254526665e+01, -3.0754657776075547e+01,
       -2.0115978869367758e+01, 1.5770995690783037e+01,
       -1.2867967339052896e+02, -3.2438753679784440e+01,
       3.3565910718377744e+01, 9.4685716881253484e+01,
       -1.8719541761919185e+01, 2.1760954482317703e+02,
       6.1704741754949055e+01, 1.9459513362907533e+01,
       2.8060141545916633e+01, -9.3588345854813841e+00,
       -2.2975603599904485e+02, 1.5057727934634727e+02,
       1.2407474782128219e+01, -1.3558501098843585e+01,
       -2.3230344855061187e+01, -1.6682063057246040e+02,
       9.4293857243786803e+01, 4.1012086281379503e+01,
       3.6449201463527210e+01, -5.4804888819452833e+00,
       3.3787217482529281e+00, -2.7118350937045406e+01,
       -8.1333217149129496e+01, 4.9249724668133560e+01,
       -3.7700228165375109e+00, 3.9247939043031272e+00,
       1.7743203850738979e+02, 8.0853676863305379e-01,
       -9.7925942841610663e+01, 2.4459782482385721e+00,
       -1.1132666101893354e+02, 3.7840206122246144e+01,
       3.5240583267018003e+01, -3.2216605285758753e+01,
       2.4316643332138133e-01, 8.8096755716184930e+01,
       5.5348721583714315e+01, -3.3921529601606814e+01,
       -5.9194406454317852e+00, -2.5444153647291664e+01,
       -1.6775541993396536e+02, -8.6436096408998765e+01,
       -2.9141012408884762e+01, 4.0500914583914152e+01,
       3.9873402763902295e+00, 4.5362119616442207e+01,
       3.2243453487311086e+01, -1.1407338086246890e+01,
       -4.0603453266851069e+01, -1.4545649587939486e+00,
       1.4934600213920137e+02, 1.4223165955407902e+01,
       3.0104633124021159e+01, -3.1184800528005859e+01,
       -2.8239122730728909e+01, -7.4991124276702095e+01,
       3.6815725991645962e+01, -3.3296333139423382e+01,
       4.4795917477418854e+01, 2.4653669603704035e+01,
       -1.7823498086373786e+02, -4.0718357507508799e+01,
       4.1981320104758495e+01, -1.2239032483835532e+01,
       -5.2854129940158749e+00, -7.1466339337379674e+00,
       1.0648449761132566e+02, -9.6051936075434110e+00,
       3.9932569492140253e+01, 1.2061614846320920e+01,
       -1.8608902207765613e+01, -6.7330181326124048e+01,
       5.4965736369098543e+01, 4.3762879555945823e+01,
       9.3440791129881315e+00, 4.5910581612267045e+01,
       -1.0173128420883586e+02, 3.2912528623721784e+01,
       -3.8860369847419345e+00, 1.1653976089212426e+01,
       -1.4099483097041534e+02, -1.6514568508108721e+02,
       3.2460879238268411e+01, 3.6658534527537519e+01,
       -1.6238286238711037e+01, 8.5466285229369575e+01,
       -6.7786541145914398e+01, -3.7822071835756823e+01,
       -6.9151109408121144e+01, -1.7214533571043642e+01,
       2.2468779811449739e+01, -1.4240600966945053e+02,
       -6.2555138344313846e+01, -3.8506217239754874e+00,
       2.2217559996549938e+00, -8.7122961169248569e+01,
       -4.4733642286849147e+01, -4.4666254213631944e+01,
       -2.8085517314270486e+01, 2.1388623243562815e+01,
       4.4852373694498155e+01, 2.1745086696892184e+01,
       -5.3175235062812639e+01, -3.1163775880397239e+01,
       -2.4984786582859893e+01, 8.7761409458077665e+01,
       -5.7616010001229135e+01, -7.3806049835428533e+00,
       5.4833151901968584e+01, -6.7490550490740562e+00,
       -2.6346785350231301e+02, 3.6138280467675870e+01,
       -3.1360034881240448e+00, -6.5625375931509893e+01,
       -1.7374583126330073e+01, 1.2706815673338333e+02,
       2.3912889199437522e+01, -6.3577741958381317e+01,
       -8.0934316550927683e+00, -5.9322969634912264e+00,
       1.1027970961168039e+02, 1.0028175436637625e+02,
       2.7271588366840028e+01, 3.0212509498503554e+01,
       1.2247246719925098e+01, 1.2652485821295069e+02,
       -1.7724225470179402e+01, 6.3684046708943264e+01,
       -3.0068558781399218e-01, 1.0262072635540539e+01 ]
