%YAML:1.0
means: !!opencv-matrix
   rows: 19
   cols: 2
   dt: d
   data: [ -3.0961759586859767e+01, 1.2963092703038411e+01,
       -2.7012986874132348e+01, -1.4116283493290069e+02,
       1.4546816727300006e+02, 2.3227425151318936e+01,
       -2.3110920619205280e+02, -5.1693500440764879e+01,
       -2.4401587412863793e+02, 6.1619429166553715e+01,
       1.1604209121675279e+02, 1.0865556699574651e+02,
       2.0877769842962650e+01, -5.4087037990725072e+01,
       6.5912761418812849e+01, 2.8196430496157941e+01,
       -8.5136589840013102e+01, -6.5599963189359158e+01,
       8.4595335699146418e+01, -1.1693074697593801e+02,
       -9.6266424378055675e+01, 9.6724118101096138e+01,
       -1.4372911816328534e+02, -1.4352445374185916e+02,
       2.0090322589753092e+02, 7.1910608961399191e+01,
       -1.9949660670356158e+02, 1.4172052332212417e+02,
       2.3694318734314144e+00, 1.7666847362213682e+02,
       1.8939247571207810e+02, -7.5412661551493159e+01,
       -1.4463617096618412e+02, 6.4152833157161337e+00,
       1.0824434680379748e+02, -4.7667637249319512e+01,
       1.2823927118390325e+01, 9.5157804446976741e+01 ]
covs: !!opencv-matrix
   rows: 38
   cols: 2
   dt: d
   data: [ 2.6620714165351405e+03, 2.1310877807180083e+02,
       2.1310877807180083e+02, 1.6242421652097944e+03,
       3.0987950137580287e+03, 5.9295689663536643e+02,
       5.9295689663536643e+02, 3.1513737976222833e+03,
       1.9698458286703089e+03, -4.0114914307278286e+02,
       -4.0114914307278286e+02, 1.6927073501170262e+03,
       3.3561775947577830e+03, -1.0268231620250701e+02,
       -1.0268231620250705e+02, 3.5510071128100321e+03,
       2.8818030303273176e+03, 1.4196326144430938e+02,
       1.4196326144430941e+02, 3.7098726735380183e+03,
       2.8390737213033799e+03, -3.4764836954235398e+02,
       -3.4764836954235403e+02, 1.5217483743200257e+03,
       2.1386050430251253e+03, -9.2740594615371080e+01,
       -9.2740594615371066e+01, 2.1096297704263311e+03,
       1.6879881813863976e+03, 9.3226010078377698e+01,
       9.3226010078377698e+01, 1.9052830701776597e+03,
       2.9904943375721341e+03, 3.7344131388643541e+02,
       3.7344131388643541e+02, 2.2200633671012351e+03,
       2.5313959368263127e+03, 3.8694878736832743e+02,
       3.8694878736832754e+02, 3.9858617566402409e+03,
       2.4645816001784938e+03, 5.0140613760847828e+02,
       5.0140613760847810e+02, 2.9413370078810481e+03,
       5.3980741771426528e+03, 4.0080138309892328e+02,
       4.0080138309892322e+02, 3.2220446851163815e+03,
       2.2945340976316256e+03, 2.0352902699887395e+02,
       2.0352902699887409e+02, 2.0556929401996704e+03,
       4.3126188047655196e+03, -8.5650473139378744e+02,
       -8.5650473139378744e+02, 2.6103050837130650e+03,
       8.7722869623059833e+03, -3.5145574447558960e+02,
       -3.5145574447558960e+02, 3.8791775885729094e+03,
       2.4857831729843333e+03, 6.0318366250498843e+02,
       6.0318366250498855e+02, 3.7886478740381863e+03,
       2.4679724676629444e+03, 1.1131260405685170e+02,
       1.1131260405685173e+02, 2.5632349129543763e+03,
       1.8496882182926536e+03, -2.0075503655859629e+02,
       -2.0075503655859632e+02, 1.9147083875741496e+03,
       2.2094312349355096e+03, -5.5999297453295959e+01,
       -5.5999297453295966e+01, 1.6019744918546478e+03 ]
weights: !!opencv-matrix
   rows: 1
   cols: 19
   dt: d
   data: [ 7.2582991753972106e-02, 4.9987869361029565e-02,
       4.6947424502252436e-02, 3.7814414186301437e-02,
       3.7734266710096519e-02, 6.6384755222786390e-02,
       8.6466296026104311e-02, 7.5158618786749440e-02,
       6.0036987282531325e-02, 5.4201324280403099e-02,
       5.1542002025665480e-02, 3.7891247181472555e-02,
       3.2448451084027885e-02, 2.5631906424327847e-02,
       3.1088583244182871e-02, 4.7719617774703918e-02,
       5.3753304662898252e-02, 7.0667043663999951e-02,
       6.1942895826481492e-02 ]
pca_proj: !!opencv-matrix
   rows: 2
   cols: 21
   dt: f
   data: [ 4.36961316e-02, 8.50134730e-01, 1.73015636e-04,
       6.54514134e-02, 4.60692108e-01, 2.29939164e-04, 7.67599978e-03,
       1.46649793e-01, -1.37564148e-05, 1.21663406e-03, 1.30500361e-01,
       -5.45994153e-05, 8.06188770e-03, 1.42052382e-01, -2.12945142e-05,
       -2.45414903e-05, 9.56867734e-06, -1.94090262e-06, 3.13729906e-05,
       4.34020360e-04, 2.32224409e-07, 7.68702388e-01, -5.10314330e-02,
       1.14127281e-04, 4.21110362e-01, -3.83849256e-02, 4.02935693e-05,
       2.81941950e-01, -1.35209868e-02, 1.95932400e-04, 2.66951323e-01,
       -4.70317341e-03, 2.29704310e-04, 2.76557714e-01, -1.55316098e-02,
       2.11025646e-04, -3.74769334e-05, 5.54774260e-06, -7.89335627e-06,
       8.86836962e-04, -5.85095040e-05, 1.91629806e-04 ]
pca_mean: !!opencv-matrix
   rows: 1
   cols: 21
   dt: f
   data: [ 2.07625534e+02, 2.55653595e+02, 1.54502928e+00,
       2.18915131e+02, 2.60592743e+02, 1.67241716e+00, 2.65274475e+02,
       2.24016678e+02, 1.71669352e+00, 3.19420807e+02, 1.63929108e+02,
       1.75046074e+00, 3.16613464e+02, 2.25532654e+02, 1.70717156e+00,
       1.08872897e-04, -9.74175637e-05, 6.24380555e-05, -2.17504916e-04,
       -2.50119597e-01, 1.75055194e+00 ]
gamma: !!opencv-matrix
   rows: 19
   cols: 1
   dt: d
   data: [ 8.0238230967172774e-01, 8.6102168341276408e-01,
       8.2982483050813771e-01, 8.8775018929767346e-01,
       8.9216076250558085e-01, 8.3869365427901943e-01,
       8.1564303818976147e-01, 8.1266417988691342e-01,
       8.3533890075417017e-01, 8.6663686242813720e-01,
       8.5648022725237216e-01, 8.8378028776302042e-01,
       8.6059651453496644e-01, 8.6794974324779373e-01,
       8.9969038624443187e-01, 8.8336811920952274e-01,
       8.5111531300787191e-01, 8.2459001903070672e-01,
       8.1754118058833791e-01 ]
