%YAML:1.0
means: !!opencv-matrix
   rows: 26
   cols: 8
   dt: d
   data: [ -1.1458958389240306e+02, -2.7295813917666436e+01,
       3.5612974692275891e+01, 7.6453486837995266e+00,
       1.0426147741549686e+01, 1.1143928318153401e+01,
       1.2007201840201300e+00, 9.8579635424213008e-01,
       8.3789243745204899e+01, -7.0168302231030054e+01,
       -1.0188224786294198e+01, 4.6291989972059518e+01,
       4.4121126933716344e+00, 1.4811319346649126e+01,
       1.3365646963486324e+00, -2.4316573382083609e-01,
       6.8363816428033148e+00, 5.2227587000861689e+01,
       -3.8313276354847751e+01, -1.7710158992040512e+01,
       -1.9459782109023727e+00, -2.7759011080079188e+00,
       -1.6088219701976331e-01, -2.0756619321416822e-01,
       -1.0345637634285151e+01, 2.2969994024777641e+01,
       2.0928854039666867e+01, 4.8720193295677966e+01,
       3.2553356209126250e+01, 4.7726866585190999e+00,
       1.2608478014628521e+00, -4.1642369135314672e-01,
       1.2211273380300953e+02, 2.3087104576728940e+01,
       4.7770618701876259e+01, -2.8467457806714403e+01,
       4.1318941774296958e+00, -1.1812092226952796e-01,
       -1.0367759528624518e+00, -3.4370304162438475e-01,
       -1.3958670692563683e+02, -5.8776026935656319e+01,
       4.0904164269965989e+01, 2.9899145266449988e+01,
       -1.7451307555504641e+01, 1.6910354987264309e+01,
       -5.9725521102483947e-01, 1.0289832720329346e+00,
       -2.2757047416508644e+02, 1.2716617796576676e+01,
       -1.0956476823828984e+01, -3.3399797000387991e+01,
       -1.6527601850260971e+00, -4.6488129221140744e+00,
       6.1074296498964209e-01, 1.1025291209258890e+00,
       9.9286037592522504e+01, -4.5670172815106852e+01,
       -2.1717859261405550e+01, 3.6561152556171187e+01,
       -2.7626625748335790e+01, 2.3582043146530385e+01,
       1.1305630229976349e+00, 1.3490363104702883e+00,
       -4.6217297729163640e+00, -9.7016637150737608e+01,
       -2.6102829917736807e+00, -1.7713638805374643e+01,
       3.0760828764295461e+01, 6.5393686957170685e+00,
       1.4078878916863751e+00, -1.0690772961502015e+00,
       -1.5335477941727461e+02, 1.1491232679712651e+02,
       1.7568873280677408e+01, -5.0352348919070579e+01,
       -2.3881698207735720e+01, -5.0960061198629232e+00,
       -5.6079506398989465e-01, -2.7602074082919970e-01,
       9.9942930525027421e+01, -2.4291590359683671e+01,
       -2.5398912877651512e+01, 1.3897702229571332e+01,
       -1.1421952209278025e+01, -1.4794787165215840e+01,
       -1.7571899134477846e+00, -1.1227275375159598e+00,
       -2.0304846866630680e+02, -6.6518794773757094e+01,
       4.8405780123052715e+01, -1.9006789205975323e+00,
       -1.6043690986287263e+01, -2.5794182782391539e+00,
       -1.2900756573490963e+00, 4.8897037832344864e-01,
       -1.6858446003873888e+02, 1.3269273405815625e+02,
       4.8112401063568846e+01, 1.6726913741271229e+01,
       -1.3250561357248110e+00, -3.7425589113838109e+00,
       5.8358877402087050e-01, 9.3536394856400973e-01,
       -8.2393940503296946e+01, 1.0226617687015325e+02,
       4.0237627761790247e+00, -5.3760633410284861e+01,
       2.2873287268484290e+00, 4.9152899130876051e+00,
       1.7013261799749817e+00, -1.1908244158580941e-01,
       1.0343056836856771e+02, 3.7467021865801478e+01,
       -3.3214934747624554e+01, -8.0294051625792040e+00,
       -5.4299546682058608e+00, -1.6549373023660522e+01,
       -5.2480860175347717e+00, 1.9060999984695977e+00,
       1.7896081340592833e+01, -6.2244804273089137e+01,
       5.2120239587656405e+00, 4.3270749467433752e+01,
       -3.2892092184245769e+01, 2.9830097999236678e+01,
       2.7374749595705645e+00, 1.9555896190925670e+00,
       2.5554034609204390e+01, 1.2688014393863540e+02,
       -2.7087240547269044e+01, -5.3637908460561093e+01,
       -8.5798696333216391e+00, 1.4372216599914598e+00,
       2.1332143427696648e+00, -2.5463390567480348e-01,
       2.8318727899785481e+00, 4.6290885945180072e+01,
       1.3025607317004122e+01, -1.4775787034114121e+01,
       2.9885595322380269e+01, -1.0060430658915056e+01,
       -6.0603362792100173e+00, 3.6733440536350037e-01,
       6.8537724327076139e+00, 9.0384911967716704e+01,
       -1.1668121970787377e+01, -4.2774178225870145e+01,
       1.2517774179736852e+01, -3.8244180167224431e+00,
       1.6703097615446127e+00, 1.6246380636076779e-01,
       -3.0659943620724981e+01, -1.0084429887201290e+02,
       1.6401833661859904e+01, 2.7378162509832006e+01,
       -6.7708076515445308e+00, -1.6578028964249921e+01,
       -2.1992625651318165e+00, 1.0751498708158803e-01,
       -1.7081956409227880e+02, -1.5409911265287673e+02,
       5.3178877698472995e+01, 5.1440999250786774e+01,
       -4.0444919929391745e+01, -1.8790792356561997e+01,
       -5.3706879282521554e+00, -1.8906831422071886e+00,
       5.1524750467732110e+00, -1.8238643331891828e+02,
       1.2395034251929898e+01, 6.0395068756077087e+01,
       1.9214055906702750e+01, -1.4931757229843438e+01,
       -7.1121683140823799e-01, -2.3424082044142303e+00,
       1.3896593227184374e+02, -4.0745132502592057e+01,
       -3.4482877947106040e+01, 2.9395672494016136e+01,
       -2.0422644120405547e+01, 3.6110506716763107e+00,
       5.8188402030507502e-01, 1.4037166970817892e-02,
       -1.0450025267800713e+02, 1.6968474009625201e+01,
       6.9947815722422234e+01, -5.3912919455892037e+01,
       -2.2998957288066340e+00, -2.2731175558500758e+00,
       -2.0960586121439768e-02, 7.7547801236990277e-01,
       1.0903399827259837e+02, 4.1122803385766094e-01,
       -3.1617740272120905e+01, 9.3370564832972391e+00,
       9.4088498941482754e+00, -1.0756169775358943e+01,
       2.0011260177860982e-01, -1.1595925958593356e+00,
       1.4854724446452542e+02, 4.5457666055232707e+01,
       -4.5369305200865355e+01, -2.9866184729135008e+00,
       -9.3741918531246640e+00, -2.3996485109815140e+00,
       1.6996715251690380e+00, 1.2368826617866176e-02 ]
