%YAML:1.0
means: !!opencv-matrix
   rows: 6
   cols: 7
   dt: d
   data: [ -1.0220436418482919e+02, -1.1848137307629962e+02,
       3.3980001519820277e+01, 4.1981426359319208e+01,
       -1.0221812415018983e+01, -1.4896416103227836e+00,
       -1.7373190578979472e+00, 9.5303260155419792e+01,
       -4.5609795110935153e+01, -2.1180460503128092e+01,
       3.7969839523000303e+01, -2.7784003974474178e+01,
       2.3200356073176003e+01, 1.2580001408934423e+00,
       -2.5432291315416546e+01, 1.1305302833839926e+02,
       -9.0832417575981932e+00, -4.9662613373789419e+01,
       -2.5611487735788567e+00, -5.2963890257134583e-01,
       6.9454256164675821e-01, 2.6704629062106864e+01,
       -2.7727613254297285e+01, 2.4598516296580821e+00,
       1.1390704107106650e+01, 2.3294357416625161e+01,
       3.3163861581631573e+00, 9.1687386023777806e-01,
       -1.5791862371145947e+02, 8.3517695165436301e+00,
       3.7389120593801657e+01, -1.4886231656094239e+01,
       -9.4472477959182055e-01, 1.6942856796700831e-01,
       5.1225117367852246e-01, 1.0838241163171890e+02,
       1.5617228910716655e+01, -2.9504813551028413e+01,
       7.0673953026357472e-01, -9.1022683324612057e+00,
       -8.5243251866818781e+00, -1.2182856774179944e+00 ]
covs: !!opencv-matrix
   rows: 42
   cols: 7
   dt: d
   data: [ 1.2050487611316657e+04, -3.0979602020421707e+03,
       1.8305317042125118e+03, 6.9917642607613345e+01,
       1.5449081699426599e+03, -4.3672862662113278e+02,
       9.8121344457490508e+01, -3.0979602020421707e+03,
       9.9254628883883815e+03, 1.3928422607806622e+03,
       1.5697193038876339e+03, 3.0926355538636634e+00,
       1.2852773307202124e+03, 1.2004049473042886e+02,
       1.8305317042125118e+03, 1.3928422607806622e+03,
       2.7044583319660769e+03, -2.9316026630879099e+02,
       -3.0297344383858058e+02, 5.0957214758337450e+01,
       -3.4682877518481213e+01, 6.9917642607613374e+01,
       1.5697193038876339e+03, -2.9316026630879099e+02,
       2.1048908530764411e+03, 1.7733257225989128e+01,
       -3.1126618800807285e+02, -2.3354083149541569e+01,
       1.5449081699426599e+03, 3.0926355538636683e+00,
       -3.0297344383858058e+02, 1.7733257225989128e+01,
       6.1104341223053598e+02, 8.5394738953958068e+01,
       3.9206119545804640e+01, -4.3672862662113289e+02,
       1.2852773307202124e+03, 5.0957214758337429e+01,
       -3.1126618800807285e+02, 8.5394738953958068e+01,
       4.7547675453668154e+02, 1.8690742897537014e+01,
       9.8121344457490494e+01, 1.2004049473042886e+02,
       -3.4682877518481213e+01, -2.3354083149541569e+01,
       3.9206119545804640e+01, 1.8690742897537017e+01,
       3.5422250224026293e+01, 4.6703899348243040e+03,
       7.1984614460896779e+01, 2.8012451706572542e+03,
       -8.7715276058227960e+02, 6.4823159840843898e+00,
       -5.3561415188053779e+01, -7.6583943848552366e+01,
       7.1984614460896751e+01, 5.2363173440534929e+03,
       9.0108720315258438e+02, 2.6719531055074544e+03,
       -2.1963136877172303e+01, -7.3234846077772488e+01,
       -3.0765637353904044e+01, 2.8012451706572542e+03,
       9.0108720315258438e+02, 2.5459712853592819e+03,
       -8.5188967077082722e+01, -1.0888133625716435e+02,
       -5.9893969119198204e+01, 9.9682905420429986e+00,
       -8.7715276058227983e+02, 2.6719531055074544e+03,
       -8.5188967077082737e+01, 1.7464976803870129e+03,
       5.0540455770635340e+01, -1.0787640727923916e+02,
       -8.0541734228528181e+00, 6.4823159840843854e+00,
       -2.1963136877172303e+01, -1.0888133625716435e+02,
       5.0540455770635333e+01, 5.4072461978408363e+01,
       -3.7110226598570669e+01, -1.9219042578688483e+00,
       -5.3561415188053793e+01, -7.3234846077772502e+01,
       -5.9893969119198204e+01, -1.0787640727923916e+02,
       -3.7110226598570669e+01, 1.4005359681109417e+02,
       -2.3561376263190031e+01, -7.6583943848552366e+01,
       -3.0765637353904044e+01, 9.9682905420429933e+00,
       -8.0541734228528217e+00, -1.9219042578688483e+00,
       -2.3561376263190031e+01, 2.1776204640670400e+01,
       9.4249499186717021e+03, -5.8078990775160150e+02,
       2.1089866479397469e+03, -6.8884680008785733e+02,
       3.1211657659007943e+02, -5.0843886534698591e+01,
       2.3849933035654743e+01, -5.8078990775160116e+02,
       6.5851381334812959e+03, 7.6673142365461240e+02,
       2.4514765915119051e+03, -1.2115794374564896e+02,
       1.5825688480492900e+01, -9.2901873485179308e+01,
       2.1089866479397469e+03, 7.6673142365461229e+02,
       2.7696997051942917e+03, -7.5201524579355336e+01,
       -1.0237758126988437e+02, -5.5528242492618624e+01,
       -1.5639170387136744e+01, -6.8884680008785745e+02,
       2.4514765915119051e+03, -7.5201524579355279e+01,
       1.7824996854076783e+03, 1.3242079751937470e+02,
       -1.4174467740834547e+02, 1.6092293340118431e+01,
       3.1211657659007938e+02, -1.2115794374564899e+02,
       -1.0237758126988440e+02, 1.3242079751937473e+02,
       2.2056114654452966e+02, 4.0795295212168323e+00,
       -1.8456136896709591e+01, -5.0843886534698576e+01,
       1.5825688480492897e+01, -5.5528242492618638e+01,
       -1.4174467740834544e+02, 4.0795295212168323e+00,
       5.6378254182033885e+01, -1.6659207656873324e+01,
       2.3849933035654750e+01, -9.2901873485179337e+01,
       -1.5639170387136748e+01, 1.6092293340118427e+01,
       -1.8456136896709584e+01, -1.6659207656873324e+01,
       3.0033447224244856e+01, 7.0502432580079521e+03,
       -7.7191877359024352e+02, 2.4574742422052723e+03,
       -5.0136551980875350e+02, -5.7639318734898507e+02,
       -4.4730294975499042e+01, -2.2997018488581158e+01,
       -7.7191877359024352e+02, 8.1553849946194568e+03,
       4.4419885174948314e+02, 1.4616198537956293e+03,
       2.7209773507265295e-01, -4.0720914204064269e+02,
       -4.5283605627521517e+01, 2.4574742422052723e+03,
       4.4419885174948314e+02, 2.6463457729606657e+03,
       -1.4960207043152923e+01, 5.9045281743680292e+01,
       5.1506167574094349e+01, 1.0831237686165082e+01,
       -5.0136551980875350e+02, 1.4616198537956293e+03,
       -1.4960207043152922e+01, 2.2710310019238891e+03,
       -3.8179525041530282e+00, 1.2706360374478962e+02,
       1.7094702917924568e+01, -5.7639318734898507e+02,
       2.7209773507265955e-01, 5.9045281743680256e+01,
       -3.8179525041530264e+00, 2.9115723629194417e+02,
       -5.2516777086905130e+01, -2.7947832930632352e+01,
       -4.4730294975499028e+01, -4.0720914204064275e+02,
       5.1506167574094334e+01, 1.2706360374478957e+02,
       -5.2516777086905122e+01, 2.1730150968768561e+02,
       -8.3672590436992458e+00, -2.2997018488581148e+01,
       -4.5283605627521517e+01, 1.0831237686165080e+01,
       1.7094702917924561e+01, -2.7947832930632345e+01,
       -8.3672590436992458e+00, 2.4149205970877549e+01,
       7.7738223706353465e+03, 2.5568510526489285e+02,
       2.7807979530755638e+03, -7.7861258767035622e+02,
       4.9634875115726487e+02, 4.2712496681763076e+02,
       1.3165794291611013e+02, 2.5568510526489297e+02,
       8.1324895166977203e+03, 5.7169548550285799e+02,
       1.7719184439943765e+03, 1.5179568155793581e+02,
       1.1584608548249294e+02, -2.9284522342766617e+00,
       2.7807979530755638e+03, 5.7169548550285799e+02,
       2.4054596730189755e+03, 3.2067508986139600e+01,
       -1.1773044084483949e+02, 6.7201021315963627e-01,
       -1.8365194146926886e+01, -7.7861258767035611e+02,
       1.7719184439943765e+03, 3.2067508986139607e+01,
       1.9319738459727073e+03, 1.9713287198687951e+01,
       1.6135666163685460e+01, 2.3978528306853654e+01,
       4.9634875115726487e+02, 1.5179568155793581e+02,
       -1.1773044084483949e+02, 1.9713287198687958e+01,
       1.7226558990348028e+02, 9.8049157820998602e+01,
       3.7363475177762742e+00, 4.2712496681763065e+02,
       1.1584608548249294e+02, 6.7201021315963749e-01,
       1.6135666163685453e+01, 9.8049157820998616e+01,
       2.1274172575042263e+02, -1.7631987378473402e+00,
