%YAML:1.0
means: !!opencv-matrix
   rows: 18
   cols: 1
   dt: d
   data: [ 9.5887722645027953e+00, -1.4640820424065674e+02,
       2.1032763399917914e+02, -2.6707964773978006e+02,
       1.1255204572743618e+02, -4.8925082848689982e+01,
       1.7439852221925429e+02, -1.8537202881662890e+02,
       6.1589289027288451e+01, -3.1011470751490998e+02,
       -1.1103738485267293e+02, -1.8858676800109290e+01,
       8.6954479286536042e+01, -7.9239089850879083e+01,
       1.4243145711983391e+02, 2.5037826991641748e+02,
       -2.2405698674159208e+02, 3.6440762493680836e+01 ]
covs: !!opencv-matrix
   rows: 18
   cols: 1
   dt: d
   data: [ 1.7610745606960373e+02, 3.0877321102286089e+02,
       6.0386074529748362e+02, 6.2290259465965221e+02,
       1.9021175411004290e+02, 2.3538538906825701e+02,
       3.4278213202178711e+02, 3.6764731723683269e+02,
       1.7038380789398667e+02, 1.1672896074095006e+03,
       2.7759269645684998e+02, 1.9587954816105830e+02,
       1.7067671167458496e+02, 2.6195389735162814e+02,
       2.4198027011666599e+02, 1.0136641109066578e+03,
       4.2985917895127534e+02, 1.7509819435065384e+02 ]
weights: !!opencv-matrix
   rows: 1
   cols: 18
   dt: d
   data: [ 7.6135514098965670e-02, 5.5564466682030883e-02,
       3.5477644244981545e-02, 2.8199054083947524e-02,
       7.2087367401453370e-02, 6.5616348770666133e-02,
       5.5745782835916774e-02, 4.5525935679420086e-02,
       7.7430951372231285e-02, 1.6076580601706202e-02,
       6.0357908860597505e-02, 7.6902505396123227e-02,
       7.3476151105923274e-02, 6.3938643378769117e-02,
       6.4717908152043230e-02, 1.9514669131754411e-02,
       3.7989795670785094e-02, 7.5242772532661345e-02 ]
pca_proj: !!opencv-matrix
   rows: 1
   cols: 21
   dt: f
   data: [ 4.36961316e-02, 8.50134730e-01, 1.73015636e-04,
       6.54514134e-02, 4.60692108e-01, 2.29939164e-04, 7.67599978e-03,
       1.46649793e-01, -1.37564148e-05, 1.21663406e-03, 1.30500361e-01,
       -5.45994153e-05, 8.06188770e-03, 1.42052382e-01, -2.12945142e-05,
       -2.45414903e-05, 9.56867734e-06, -1.94090262e-06, 3.13729906e-05,
       4.34020360e-04, 2.32224409e-07 ]
pca_mean: !!opencv-matrix
   rows: 1
   cols: 21
   dt: f
   data: [ 2.07625534e+02, 2.55653595e+02, 1.54502928e+00,
       2.18915131e+02, 2.60592743e+02, 1.67241716e+00, 2.65274475e+02,
       2.24016678e+02, 1.71669352e+00, 3.19420807e+02, 1.63929108e+02,
       1.75046074e+00, 3.16613464e+02, 2.25532654e+02, 1.70717156e+00,
       1.08872897e-04, -9.74175637e-05, 6.24380555e-05, -2.17504916e-04,
       -2.50119597e-01, 1.75055194e+00 ]
gamma: !!opencv-matrix
   rows: 18
   cols: 1
   dt: d
   data: [ 7.7658203216595967e-01, 8.4458467802705817e-01,
       8.7788717181482034e-01, 8.9590089210059176e-01,
       8.2436586565365844e-01, 7.8954167172545642e-01,
       8.5964279106948249e-01, 8.6417203587388791e-01,
       7.9453159499759640e-01, 9.1064308319366238e-01,
       8.2447526257553172e-01, 7.7842150517222997e-01,
       8.0880558064754371e-01, 8.0581690647023763e-01,
       8.4214843394107164e-01, 8.9511096410863911e-01,
       8.8029071496034250e-01, 7.8322785409084106e-01 ]
