%YAML:1.0
means: !!opencv-matrix
   rows: 36
   cols: 8
   dt: d
   data: [ -1.9712082939663640e+02, -5.2023062364351993e+01,
       4.8451021617581432e+01, 7.8538734069381899e+00,
       -1.3571812849479679e+01, 1.9208973291919446e-01,
       -1.2438494239310738e+00, 9.1241663777680915e-01,
       -1.6269044357377993e+01, -3.0967600752486328e+00,
       1.3028793310151496e+01, -3.3903080680000652e+00,
       3.4095225651526619e+01, -4.4423131749397040e+00,
       -1.5376358147178522e+00, -6.4875526240538961e-01,
       1.3697288863204015e+01, -7.7793467495297534e+01,
       2.4140978984037982e+01, 2.9392428216355952e+01,
       4.2035828185952589e+01, 8.7350206731795463e+00,
       1.8495250156301559e+00, -1.4295717048995418e+00,
       -1.3063636725001958e+01, 1.2122425139691477e+02,
       2.0255208512993885e+01, -2.8336754855503678e+01,
       1.9144472462007943e+01, -2.8564374863932370e-02,
       -1.2664316179251461e+01, 2.4795795806303387e+00,
       9.9944118566439059e+01, -4.6607485986109808e+01,
       -2.1326629869143343e+01, 3.6343612951788792e+01,
       -2.7620116679321484e+01, 2.3425588008440656e+01,
       1.1277233108347844e+00, 1.3718806465475897e+00,
       -2.0516446396369382e+01, -2.4550048499016409e+01,
       -6.5079664705471201e+00, 8.1698410985002976e+00,
       3.8607081732019502e+01, -3.8665087473002737e+00,
       1.0343048026296262e+00, -6.4412726719828584e-01,
       1.8965044586445768e+02, 1.2602555977494566e+01,
       -4.9808672568145553e+01, 1.3613909544025063e+01,
       -9.5700695646636138e+00, -6.8853939770360197e+00,
       1.1642481453054934e+00, -4.3427141230380867e-01,
       1.4861752488655625e+02, 1.8010134496171926e+01,
       4.6907418700134492e+01, -2.2363958437146568e+01,
       2.9760206792111772e+00, -1.3611946576059044e+00,
       -1.2656596334997932e+00, -2.5045807575530882e-01,
       -7.8483507438891351e+01, 1.0333258180105366e+02,
       3.5591679710558921e+00, -5.1868166658408711e+01,
       3.3344620499653055e+00, 4.6513820187905672e+00,
       1.6497116674907042e+00, -1.2333762224950409e-01,
       -1.8499834591659203e+02, -1.3113507697779323e+02,
       5.3520561235385969e+01, 4.2267039462349480e+01,
       -3.5074810078105855e+01, -1.3625479625971742e+01,
       -3.7604920212124058e+00, -1.4605793255828121e+00,
       1.0286854532064058e+02, 1.3601429614272357e+02,
       2.5511019050926976e+01, -6.6799326124124860e+01,
       -1.3104686180701815e+01, 3.2344488279690338e+00,
       1.9117576587321079e+00, -3.2510049342966629e-01,
       -1.2602707938164880e+02, -7.8940293921710065e+01,
       4.0183831488462275e+01, 1.2242917810563641e+01,
       -5.5685212149881700e+00, -2.7884572556000961e+01,
       -3.2907651727983205e+00, -1.3040043253772591e+00,
       -1.5097172883077155e+02, 6.1309006637937784e+01,
       2.9398533774792362e+01, -3.1510438961995117e+01,
       -1.3687685007980885e+00, 6.8018353778017406e+00,
       1.6788096426838837e+00, 1.0253541717939982e+00,
       -1.3086483595328170e+02, -5.7172024831558339e+01,
       3.7011080680820506e+01, 3.0585879794062034e+01,
       -1.6808125489413861e+01, 1.8886236200188026e+01,
       9.3765616021211151e-01, 1.1613529497399722e+00,
       3.9090983116082878e+00, 9.0618537500832460e+01,
       -1.2033080980966350e+01, -4.2432879726058850e+01,
       1.3071377121855290e+01, -3.7221658210640478e+00,
       1.6409963166785937e+00, 1.5612934367482459e-01,
       8.2649835285650951e+01, -9.5905128175669375e+01,
       -3.2372013666548483e+01, -3.0418531356266179e+01,
       1.4826076908945467e+01, -2.8236840163750978e+00,
       1.6783402224037908e-01, -9.1918312884647402e-01,
       1.3634905516130014e+00, -1.7978102000692559e+01,
       1.0798110940830762e+01, 1.1205390350472639e+01,
       1.8161494076471882e+01, 1.4497152621719232e+01,
       1.8541917109377222e+00, -6.7007414061712067e-01,
       1.1537196464641777e+02, 4.9153831212057717e+01,
       -3.6797002326229965e+01, -9.9020094676672059e+00,
       -1.8005208495901442e+01, -1.1509274817893314e+01,
       -3.1678019759397720e+00, 1.7584348239733800e+00,
       -1.5162456153164246e+02, 1.1695768521777391e+02,
       1.6335204002557557e+01, -5.0808442781795499e+01,
       -2.4000576756486396e+01, -4.9639789107037080e+00,
       -5.1306899615819801e-01, -3.6975625195786610e-01,
       1.3908662352077426e+01, -2.4336895379001700e+02,
       7.5592297452415895e+00, 7.8867807225518490e+01,
       -6.1940031833334908e-01, -3.6297346810799468e+01,
       -2.6766917618576551e+00, -3.1335081268588985e+00,
       3.2253378836056479e+00, -1.6976963204593080e+01,
       -2.2148772161384827e+00, -6.8332961108749872e+00,
       -1.4588128970326887e+01, -1.5021695343816070e+01,
       -5.8975349336476870e-02, -9.1966520983150790e-01,
       1.3477498908868859e+02, -4.8221299400528657e+01,
       -3.4202589027973218e+01, 3.3364418588512443e+01,
       -2.0791574369064342e+01, 3.6146186738621227e+00,
       8.2966936382024481e-01, -5.6164527364975114e-01,
       1.3026423974331490e+02, -3.3526803653281929e+00,
       -3.9171080736627474e+01, 1.2922316746539073e+01,
       -1.2582635738301811e+01, -9.0286073167697385e+00,
       -4.6115234709001296e+00, 1.4264631830361682e-01,
       2.4375503515637693e+01, 3.6035485113778115e+01,
       -3.2547321960256902e+01, -2.8448243766244447e-01,
       5.8798777227068015e+00, -3.8929681546436696e+00,
       -2.3663497986608881e+00, 3.4116768821427224e-01,
       -1.5433383772872773e+02, 2.4487279676748933e+01,
       2.8116178750820765e+01, -3.6014410730966318e+01,
       2.7862503839248927e+00, -1.4015587936433288e+01,
       -4.4371416292590393e-01, 2.6855880661571346e-01,
       -1.5401147712425544e+02, -1.2694941022180706e+02,
       4.7459614651051893e+01, 4.5571205927097637e+01,
       -3.4357529494916527e+01, -4.7615900562938238e+00,
       -7.8592502032935849e+00, -8.7783316852795934e-01,
       8.9495004509493754e+01, 3.8836057351952739e+01,
       -1.6808150740105564e+01, 3.6822072574981142e+01,
       1.3814936130570953e+01, -9.8857356183175096e+00,
       1.6440093503546913e-01, -7.7169715907416114e-01,
       -1.1574363276973281e+00, -1.2617894936978048e+02,
       2.5411186201074944e+01, 5.3511219786683576e+01,
       2.7882438015562528e+01, 3.6024162876011858e+00,
       9.3948827461888651e-01, -9.4920488878585529e-01,
       -9.3625754846968178e+01, -2.0951624502546672e+01,
       3.2536624014167693e+01, 7.3157887006979827e+00,
       1.5421928156536062e+01, 1.4721537504614050e+01,
       1.9918571573270984e+00, 1.1151683693779828e+00,
       2.1049645476949035e+01, -6.4452302026954484e+01,
       5.0205921686738533e+00, 4.3356799871057710e+01,
       -3.5621609439031701e+01, 2.9462185527801939e+01,
       2.6146206552427662e+00, 1.8183999023133293e+00,
       7.5507075625002471e+01, 3.2426920713479511e+01,
       -2.7446437442356277e+01, -1.3014315104135456e+01,
       4.5286361267985633e+00, -2.3206498332011634e+01,
       -4.0463395629338885e+00, 1.6841219307232835e+00,
       3.8859277885675588e+01, 9.9460335719322842e+01,
       -3.3392013366301207e+01, -3.8361383208303209e+01,
       -9.1419594541124862e+00, -3.8351335744054643e-01,
       9.2652380212066376e-01, -9.1674283021107617e-01,
       4.8467232507914924e+00, -1.0823805278782183e+02,
       2.9130625001799610e+00, 3.5671428466817581e+01,
       -7.5414662174994671e+00, -9.8977591913817271e+00,
       -1.1756514943161132e+00, 2.8741511899822580e-01,
       7.0575122603914551e+00, 1.2435304322026670e+02,
       -4.4446952995725340e+01, -4.7564307422211456e+01,
       -6.3413347184313356e+00, 8.7073082046761219e-01,
       2.6274934122144291e+00, 1.3744542244944519e-01,
       8.9901718964616407e+01, -6.1528340847529861e+01,
       -1.2782941630943768e+01, 4.9752507918679669e+01,
       -3.6222355232860148e+00, 2.4670472729567845e+01,
       2.3135198599569846e+00, 3.1079850130354481e-01,
       -2.0826440504979308e+02, 1.7712558443615023e+01,
