%YAML:1.0
means: !!opencv-matrix
   rows: 45
   cols: 4
   dt: d
   data: [ -2.8189365359390415e+00, 1.0934041964209757e+02,
       -3.7143706398860594e+01, -3.4113658243134758e+01,
       -9.4590836054850858e+00, -9.6073987738631146e+01,
       3.0897474653269832e+01, -4.0296516203620754e+01,
       -9.2269094006711015e+01, -5.8940004897869130e+01,
       -5.2481005987586720e+01, -1.1602498036187960e+01,
       -2.8183984248071937e+02, -6.8097669693628063e+01,
       -1.6139747092927411e+01, 2.5757823319807105e+01,
       9.2923095295767212e+01, 3.2283063247376184e+01,
       8.8689718500804400e+00, 8.8069332825266230e+01,
       -1.0898641809897480e+02, -1.6520937825248652e+02,
       7.2489006504561303e+01, -2.9344379547646213e+01,
       -1.5471322682406444e+02, -1.0605938196028724e+00,
       1.7269981050232467e+01, 4.6956340008369963e+01,
       1.6941103963961612e+02, 1.3007633967420259e+02,
       4.7170506202947076e+00, 3.0833095206014701e+01,
       1.0087707565016545e+02, -2.6439754442257147e+01,
       7.7751225645439234e+01, 4.0784928661504729e+00,
       1.0064482746537441e+02, -4.6592204945859621e+01,
       4.0029772202819721e+01, -8.6148491582863358e+01,
       -3.2996364832726881e+00, 8.3055551113766427e+01,
       4.0380786459952283e+01, 4.8277372752276655e+01,
       -9.6050876850056994e+01, 6.6651993422283951e+01,
       4.3074208183534331e+01, -6.4312264892237934e+01,
       -1.2078963824768809e+02, 1.6218043341186154e+02,
       5.8398505856590184e+01, -1.0196581465382602e+01,
       -2.4771566701797252e+02, 2.9551097706441332e+01,
       3.1226953133645605e+01, 7.3092620867521390e+01,
       2.2262321633849530e+02, 1.0749619258729036e+01,
       -5.2393279187506234e+00, 3.6467746263764006e+01,
       -7.8295218876005066e+01, 5.3038978008504088e+01,
       -3.8904248033819087e+01, 5.1917742779325394e+01,
       2.8044024048103651e+01, -1.1376244160250215e+02,
       -8.9490071977328952e+01, 1.5029671992903728e+01,
       1.0990273504924122e+02, -1.2887901937449382e+02,
       -3.3292549660586701e+01, -4.1056585067864138e+00,
       4.3255348177126976e+01, -1.8684076153735798e+01,
       -5.4646856933998365e+01, 7.0279949146214676e+01,
       -5.5248999152433676e+01, 4.4943228213119653e+01,
       9.6507221363678354e+01, 5.3361597970244450e+00,
       -5.2981815909598453e+01, -1.5368806104076899e+02,
       -4.3696606868423373e+01, -8.6235588078024517e+00,
       -9.9417354663521351e+01, -5.6408039849262991e+01,
       1.1472119956218836e+02, -1.4633771998304177e+00,
       1.3211761939664282e+02, -4.6522589917434097e+01,
       -8.0356794972944272e+01, -5.4127526268957613e+00,
       7.3580720708680914e+01, 6.8211475266685397e+01,
       1.1815734382792408e+01, -6.2483981114411115e+01,
       -5.1766729094934398e+01, -4.8757703929371665e+01,
       -2.3768709738001679e+01, 3.9744175432287570e+01,
       -1.4624369708273400e+02, -3.0989307706236687e+01,
       4.6427533300600359e+01, -6.2861797044791444e+01,
       -1.8581367811292628e+02, -6.5754089820839638e+01,
       5.5104096883271410e+01, 2.2341925324417065e+01,
       2.2262165538782682e+02, -2.4205065980030753e+01,
       -3.0167131831064911e+00, -2.5500233469694550e+01,
       -8.9227434713296518e+01, 1.1022173832040536e+02,
       -8.4487117120847628e+01, -3.0385116706294472e+01,
       -1.7972544580943449e+02, -1.4094349358448977e+02,
       9.4127565377433537e+00, -4.5574979566992688e+01,
       9.1958379385153947e+01, 4.3284280971154793e+01,
       -7.0671404244694642e+01, 4.5072187733447301e+01,
       2.5715417334107819e+01, -2.4639018451104630e+02,
       1.0425148730281828e+01, 7.2542760670966672e+01,
       3.0154406224206962e+01, 6.9795171518817742e+00,
       3.5860353949959780e+01, 3.8638215632737732e-01,
       1.7716837276680971e+02, -1.2394665734175467e+02,
       -1.0098222995537286e+01, -4.0403305943485947e+01,
       -2.0734701518067641e+02, 1.3036770113779053e+02,
       -2.9727539243848895e+00, 1.4708175070647600e+01,
       4.6271039131163185e+01, -1.7539374034596426e+02,
       2.2576860751908157e+01, -1.0542373969829841e+01,
       2.1716567596904684e+02, -1.9017745573003030e+01,
       4.0053530371579818e+01, 7.9467084835663071e+00,
       -7.0199185839327143e+01, 3.4043140610750370e+01,
       -6.7793832752202718e+01, -7.8821231116445759e+01,
       2.9873345269426210e+01, -2.2506031082683830e+01,
       -4.2647758289078382e+01, -7.8985471219085198e+01,
       -2.3942469597240081e+01, 1.6591403184833871e+02,
       -7.1318524761499233e+01, 3.3782106520509068e+01,
       1.0346325416848954e+02, 1.2624356570628572e+02,
       5.4501975949074811e+01, -4.3623118521411783e+01,
       3.7031289026826258e+01, -7.2295342904411768e+01,
       3.4587195892467776e+01, 3.1279458696317601e+01,
       2.0243876363823144e+01, 1.8593368562716196e+02,
       1.2053709583604778e+01, 2.1919106639344683e+00,
       -2.1415642158704154e+02, 2.9454216797378802e+01,
       -2.9172721735676962e+01, -4.5509553645786610e+01,
       1.4152310459988408e+02, -3.5161289100012951e+01,
       1.6207636497685531e+01, 3.6558191051244869e+01 ]
