%YAML:1.0
means: !!opencv-matrix
   rows: 14
   cols: 14
   dt: d
   data: [ 9.3777223857763417e+01, -4.5821194037498138e+01,
       -2.0686167515124204e+01, 3.7614215719212574e+01,
       -2.8704061390285549e+01, 2.3783769571704656e+01,
       1.1861722592661850e+00, 1.2870969532967340e+00,
       4.8783635652976720e-01, 2.4043668393872782e-02,
       1.3225865712529550e-01, -4.6986432540955421e-03,
       -2.6562174504852357e-03, -5.4470343105115782e-03,
       5.1670764787839516e+01, -2.7408571102423309e+01,
       6.6291011652807930e-01, 8.5664728130428998e+00,
       1.3275584477740308e+01, -1.9394208734607370e+00,
       4.4570639389348718e+00, -2.6321913237090971e-01,
       2.6293616064121683e-01, 1.4584809213050198e-01,
       -5.0174987221795926e-03, 4.2447160335238349e-02,
       3.1819484546809608e-03, -1.0211020575029713e-02,
       1.3556639093818703e+01, 8.1140380516541740e+01,
       -1.5877905693287266e+01, -3.6249096382354026e+01,
       1.2335225006930077e+01, -3.9128896829903264e+00,
       5.6033789219672536e-01, -5.1863319703594546e-01,
       -5.9939879407767704e-01, 1.8405715447097820e-01,
       1.1001674803655218e-01, -1.1399157899659467e-02,
       3.2620875470788799e-03, -1.4539971030943300e-03,
       3.1996202992272860e+01, 1.3393995826881002e+02,
       -2.6261285706678841e+01, -5.4613517153114039e+01,
       -1.0314759474864164e+01, 2.8365250637324153e+00,
       2.1157317295773344e+00, 1.1578720053630878e-01,
       -1.5868499594091690e-01, -2.6747816138665959e-01,
       -1.8482998593300885e-02, -1.9273140225397299e-02,
       5.7323984180936843e-03, 9.7384952052271597e-03,
       1.7023928748893385e+02, 1.6238182018372520e+01,
       -4.5002669941941612e+01, 1.1537212740100156e+01,
       -9.2893613588087653e+00, -6.3695161239883324e+00,
       -2.5634837359103924e-01, -5.7135624374023175e-01,
       -7.9651283070706413e-01, -5.0414600171511011e-02,
       1.3781111566281168e-01, -2.4498342788242908e-02,
       1.9125060801799419e-03, 1.3727509636282607e-02,
       -1.0880089218651664e+01, -1.3394961585343361e+02,
       1.2580828479656223e+01, 4.3042299361726386e+01,
       8.7506839547362407e+00, -1.5020138687637893e+01,
       -1.6627042134923260e+00, -5.5774722722982206e-01,
       1.4233584172724252e+00, -1.1816633405375125e+00,
       -1.1175975326527762e-01, -6.9189894369864655e-02,
       -1.1081685591947086e-04, -6.4792493484918594e-04,
       -1.7305730660234542e+02, -1.2063288443258030e+02,
       4.8631624334561863e+01, 4.2425932070071518e+01,
       -3.6107222366682187e+01, -5.9425542147914605e+00,
       -3.9099316238191508e+00, -1.0951184881484433e+00,
       -9.8376247577448306e-01, -6.1622037629967749e-02,
       1.3522180649985252e-01, 3.6893233044084865e-02,
       -5.4124960975172592e-03, -5.0141151073214915e-03,
       1.3816370391427119e+01, 1.9757036345329984e+00,
       -1.1560044886662794e+01, -2.0830022502892341e+01,
       -1.3908358501911746e+00, -1.9056289799453822e+01,
       -2.3383382463672113e+00, 2.0336037764980714e+00,
       4.7523284973328686e+00, 4.4831324366962383e-01,
       2.6747114031215108e-01, -2.0943689208830801e-01,
       5.7185954001856909e-03, 4.2748819709522427e-04,
       9.4080128787541337e+00, -9.0559964976120106e+00,
       -3.8356198074290155e+00, -7.1282529919250337e-01,
       -1.0666336128391116e+01, -1.1292260585756646e+01,
       3.8592267203877217e-01, -5.0205326744044143e-01,
       -1.3685726801334404e+00, 1.6220425983577508e-01,
       -3.1719948975463830e-01, 1.5541411340989825e-02,
       6.5477940242907161e-03, 5.4308116631469113e-03,
       -1.5349829965344978e+02, -1.2329261906113198e+01,
       4.1022052909131226e+01, -2.2020832357750821e+00,
       -3.8846463429718305e+00, 5.9050032208600909e+00,
       8.2679912452498605e-01, 1.3171619509398742e+00,
       -7.9841225496530255e-01, -3.9363435988988962e-02,
       -5.4569333894292282e-03, 1.8523948199177986e-03,
       3.1642073217825217e-03, 1.1305976947551845e-03,
       5.6469232326261796e+01, -1.2228338289033330e+01,
       -1.2199257086924387e+01, 1.5292643615580085e+01,
       1.6304728160030717e+01, 7.4072557371139052e+00,
       -2.8286200736447817e+00, -5.8988289618320600e-01,
       -9.1484069927002198e-01, -8.6721709015070425e-02,
       -2.7108002065899729e-02, 5.4405805242453802e-03,
       -8.3168652739291384e-04, -4.8969596727451870e-03,
       -1.2554444782959354e+02, 1.1549273046141913e+02,
       1.1280956914409451e+01, -5.2523772475745496e+01,
       -1.2074133140258839e+01, 7.2883852145047923e-01,
       6.2143749153643923e-01, -2.4709888990464199e-01,
       -4.8974962741375738e-01, -2.6118533236448049e-01,
       1.1413515071389696e-01, -3.4400405799787015e-03,
       3.0802420317125301e-03, -3.0843216813104991e-04,
       4.9683237810582767e+01, 5.2272915939347172e+01,
       -3.0781003358207317e+00, -1.9777881146657826e+01,
       6.0266412429151863e+00, -4.9291695326045595e+00,
       -1.1048302738114590e+01, 1.4886041713106346e+00,
       7.3282054440725588e+00, 1.1506399030613441e+00,
       -7.2895677905389561e-02, 1.2642197847809597e-01,
       -6.6912027545451211e-02, 2.4324529323012396e-02,
       -1.8840133659040077e+02, -2.4502117804152697e+01,
       3.4355326708041922e+01, -9.6686563274362758e+00,
       -4.4819069190746950e+00, -4.0470433564463333e+00,
       -2.7925684072624195e+00, -1.5395637738244772e-01,
       4.3615546365915545e+00, 7.7109533853254741e-01,
       -1.4614008478415483e-01, -8.8009904767661282e-02,
       -5.2963490341288765e-03, 1.3562789371731004e-02 ]
