%YAML:1.0
means: !!opencv-matrix
   rows: 3
   cols: 10
   dt: d
   data: [ 5.9131945846474501e+01, -7.8190074619155574e+00,
       -1.2494454188916365e+01, 3.9326223766444182e+00,
       3.1544079183520246e+00, -1.9550364378120355e+00,
       8.2860877412771972e-01, 2.8599100480323775e-01,
       2.9821871244331993e-01, 2.1589023221419363e-03,
       -1.6623938556793408e+02, 4.1183643279330340e-01,
       3.6479958385767411e+01, 2.1075776584375867e+00,
       -1.0910950169901231e+01, 2.9716880354386954e+00,
       -4.9208536423969601e-01, -3.0235393338044935e-02,
       2.0244776927505626e-01, -8.9762925073459806e-04,
       3.1653774920907939e+01, 4.2924915973852947e+01,
       -9.6561640715502630e+00, -2.6635850479508534e+01,
       6.1577745595802060e+00, 4.4530716749747317e+00,
       -3.5645226571432405e+00, -1.5480485868573615e+00,
       -2.1057918169492504e+00, -6.1787199639200914e-03 ]
covs: !!opencv-matrix
   rows: 30
   cols: 10
   dt: d
   data: [ 8.6007984301558590e+03, 7.6049853699745165e+02,
       1.7613970427458730e+03, -2.6907273047556947e+02,
       -8.6840727522358293e+02, 3.3002144776547294e+02,
       -9.6887686209926400e+01, 2.3495118318259674e+01,
       1.5374308137556797e+01, -1.7785453685048260e+00,
       7.6049853699745142e+02, 8.5564643781570194e+03,
       -1.7959996909688377e+02, 6.0268031410069648e+02,
       6.1328998039657534e+01, -2.6256800144675060e+02,
       3.7368661973425290e+01, -1.6044481406871540e+01,
       2.4934813706330909e+00, -1.7284959196424508e+00,
       1.7613970427458726e+03, -1.7959996909688371e+02,
       2.9111330571879907e+03, 2.4200544878865692e+01,
       1.7749360561310954e+02, -6.9916837252604594e+01,
       3.1935750677745158e+01, -6.5453799428688553e-01,
       6.9355846198657478e-01, 3.3530232563351317e+00,
       -2.6907273047556941e+02, 6.0268031410069659e+02,
       2.4200544878865674e+01, 2.3286274362613317e+03,
       -3.8839363796300517e+00, 1.3224058012365509e+02,
       -1.6014144785142840e+01, 1.8619706572773360e+01,
       -8.5848908349362918e-01, -2.5759970017903502e+00,
       -8.6840727522358304e+02, 6.1328998039657549e+01,
       1.7749360561310951e+02, -3.8839363796300490e+00,
       4.3618893612627596e+02, 5.0406885924873436e+01,
       -3.9563639242095712e+00, 7.2999315965723994e+00,
       4.2751813392684532e+00, 9.1109810602382060e-02,
       3.3002144776547289e+02, -2.6256800144675060e+02,
       -6.9916837252604580e+01, 1.3224058012365506e+02,
       5.0406885924873436e+01, 2.1726447081187314e+02,
       7.2624359172757833e+00, 7.0746832461032083e-01,
       -1.1785874040526856e+00, -6.7579408274971486e-01,
       -9.6887686209926400e+01, 3.7368661973425290e+01,
       3.1935750677745158e+01, -1.6014144785142840e+01,
       -3.9563639242095712e+00, 7.2624359172757842e+00,
       2.2788364827492064e+01, -2.7277096959551246e+00,
       -2.7320659796797830e+00, 3.1520352754746017e-01,
       2.3495118318259660e+01, -1.6044481406871537e+01,
       -6.5453799428688675e-01, 1.8619706572773353e+01,
       7.2999315965723977e+00, 7.0746832461032094e-01,
       -2.7277096959551246e+00, 1.5159137466499862e+01,
       -2.2134143107624742e+00, 6.3620429437076731e-01,
       1.5374308137556802e+01, 2.4934813706330927e+00,
       6.9355846198657434e-01, -8.5848908349362829e-01,
       4.2751813392684541e+00, -1.1785874040526860e+00,
       -2.7320659796797830e+00, -2.2134143107624742e+00,
       1.5715949846997623e+00, -1.0784481207565084e-01,
       -1.7785453685048263e+00, -1.7284959196424508e+00,
       3.3530232563351317e+00, -2.5759970017903515e+00,
       9.1109810602382060e-02, -6.7579408274971486e-01,
       3.1520352754746017e-01, 6.3620429437076731e-01,
       -1.0784481207565084e-01, 3.2485262791027836e-01,
       6.5072746234489596e+03, -1.0700394042898470e+03,
       2.8852328078402566e+03, 8.5084077059410583e+02,
       1.5707576593600098e+02, -3.1324650208608267e+02,
       1.0914579660011202e+02, -4.4840655099513434e+01,
       -6.7687665445052669e+00, 1.5389389649122331e+00,
       -1.0700394042898465e+03, 1.1283471515031979e+04,
       2.5116076760898488e+02, -7.6743900887553730e+02,
       -3.1777672354637883e+02, 4.0180551631986270e+02,
       -8.3008252252052984e+01, 3.6173254721147543e+01,
       -9.2827373938145943e+00, 1.4084920160077020e+01,
       2.8852328078402566e+03, 2.5116076760898494e+02,
       2.4656000290462302e+03, -1.7429365762113588e+02,
       -6.1660082615733501e+01, 6.0574375529940724e+01,
       -2.5425230680087818e+01, 1.6128096780728022e+01,
       2.0627968718277621e+00, 3.7161694307198334e-01,
       8.5084077059410583e+02, -7.6743900887553730e+02,
       -1.7429365762113582e+02, 2.9349878149245751e+03,
       1.1171209225651079e+02, -1.8901354614566910e+02,
       4.2965027265413482e+01, -3.1170808056826711e+01,
       1.0133173434388166e+01, -4.3437251245263546e+00,
       1.5707576593600103e+02, -3.1777672354637872e+02,
       -6.1660082615733479e+01, 1.1171209225651076e+02,
       1.5153556415001961e+02, -7.8094751418337879e+01,
       1.8659583720739654e+01, -1.2394619841433871e+01,
       -3.1173085348494070e+00, 1.3025418381599809e+00,
       -3.1324650208608261e+02, 4.0180551631986270e+02,
       6.0574375529940724e+01, -1.8901354614566918e+02,
       -7.8094751418337864e+01, 2.6515079147674436e+02,
       -8.8767693107353640e+00, 7.0203175892459226e+00,
       2.1370391668932425e+00, -1.5591134813795076e+00,
       1.0914579660011202e+02, -8.3008252252052998e+01,
       -2.5425230680087815e+01, 4.2965027265413468e+01,
       1.8659583720739654e+01, -8.8767693107353658e+00,
       2.9939423847921290e+01, -1.2571807525260246e+00,
       -1.6369172219138348e+00, 2.4714809559704884e-02,
       -4.4840655099513448e+01, 3.6173254721147543e+01,
       1.6128096780728022e+01, -3.1170808056826711e+01,
       -1.2394619841433871e+01, 7.0203175892459191e+00,
       -1.2571807525260241e+00, 2.0222744457681308e+01,
       5.5708398352365351e-01, -1.8072618983003838e-01,
       -6.7687665445052669e+00, -9.2827373938145943e+00,
       2.0627968718277625e+00, 1.0133173434388164e+01,
       -3.1173085348494087e+00, 2.1370391668932429e+00,
       -1.6369172219138348e+00, 5.5708398352365340e-01,
       2.8301280454183502e+00, -5.3925035526247667e-01,
       1.5389389649122331e+00, 1.4084920160077020e+01,
       3.7161694307198329e-01, -4.3437251245263537e+00,
       1.3025418381599807e+00, -1.5591134813795078e+00,
       2.4714809559704884e-02, -1.8072618983003824e-01,
       -5.3925035526247656e-01, 6.8660669789871509e-01,
       1.0547975910990559e+04, -5.4342036526358220e+02,
       1.5177229253933683e+03, -4.4910383760782089e+01,
       -6.7773397335965763e+02, 4.2025259076735722e+02,
       -3.5760675149009472e+01, -9.0447002149976939e+01,
       -3.0020872710020033e+01, 5.7632251708070017e+00,
       -5.4342036526358231e+02, 1.1085220491389531e+04,
       2.9221016717221943e+02, -3.8727700371615566e+02,
       2.3386914375827683e+02, 3.1432595039874383e+02,
       1.6162178547624904e+02, 8.9919757182428242e+01,
       1.0956253984236483e+02, -2.0706234382064089e+01,
       1.5177229253933683e+03, 2.9221016717221943e+02,
       3.2137392915954551e+03, 9.5173337425655717e+01,
       2.8949837736062130e+02, -7.1078983539260093e+01,
       -6.0634306516946381e+01, -2.4064231273272505e+01,
       -2.3974327855795490e+01, -1.9430289787849990e+01,
       -4.4910383760782111e+01, -3.8727700371615555e+02,
       9.5173337425655717e+01, 2.8546765632832798e+03,
       -7.7416918160547695e+01, -1.8019614927781632e+02,
       -1.1502055701594159e+02, -8.3657371141591440e+01,
       -8.0909289562679163e+01, 2.3707823154949352e+01,
       -6.7773397335965774e+02, 2.3386914375827689e+02,
       2.8949837736062130e+02, -7.7416918160547709e+01,
       3.4994059295743597e+02, -3.3981274475143408e+01,
       -2.2990832925935440e+01, -1.0078850049357875e+01,
       -4.6262699164830758e+00, -3.3754770641727556e+00,
