%YAML:1.0
means: !!opencv-matrix
   rows: 44
   cols: 8
   dt: d
   data: [ -1.7030894491365214e+02, 2.7972161539977890e+01,
       4.2561387911105271e+01, -1.6661288575057853e+01,
       -6.8881053878674061e+00, -4.6108712588772134e+00,
       1.1296262125373406e+00, 6.6066306880274928e-01,
       1.1988459177342048e+02, 4.4566983557259405e+01,
       -3.6330528085317688e+01, -1.8469782264667121e+01,
       -2.1179900325295131e+00, 1.9903797848045468e+01,
       -4.4836562923048771e+00, 2.3879895751766118e+00,
       -4.5665357239553730e+00, 4.9610346505518102e+01,
       -5.9177085336560140e+01, -5.3659595911065336e+00,
       1.9958671839984174e+01, 1.8279960759868121e+00,
       1.0454521639041654e+00, 1.6023183251244235e+00,
       -4.9972338775690170e+00, -8.7925887854294132e+01,
       5.6380734031378175e+01, 5.2877867686738561e+01,
       4.9904147981863893e+00, -3.8155500877533717e+00,
       1.8640050857706782e+00, -2.2645640153367463e-02,
       -4.7670747054399612e+01, 1.3776351879794450e+02,
       9.3709812281477838e+00, -8.7535960940166987e+01,
       -6.7197332300807444e+00, 2.8397695358774374e+01,
       -4.2319638210212362e+00, 5.8018265681755288e-01,
       -2.1925640420233165e+02, 9.0434471633209469e+01,
       4.9361280612484919e+01, -4.3697367391468909e+01,
       -1.8648078359977273e+01, 2.5281944966775846e+01,
       -4.0970523420907217e+00, 2.3899618058933196e+00,
       -1.1482358343980478e+02, -7.9225425549268820e+01,
       -2.9560415696094651e+01, 5.3149773380292707e+01,
       8.5236209560567424e+00, -3.8706885304851824e+00,
       2.0162406410252203e+00, -4.2845350985515313e-01,
       2.6589139462750730e+01, 1.7948943200805328e+01,
       2.1645409569062600e+01, -7.8991956243871453e+00,
       3.4727102860648529e+01, 2.6169842754344721e+00,
       -5.7288536428839221e+00, -5.6360284110567020e+00,
       5.6834237054933908e+01, -5.8216268228613806e+01,
       -1.5651215371380015e+01, 4.0021179440629616e+01,
       9.4486912354248780e+00, 1.3383195820612631e+01,
       -1.3841690082427718e+00, -9.7430195838798722e-02,
       -1.9640412981067414e+02, 6.6673142646648273e+01,
       4.0867067656883101e+01, -3.0524291197767027e+01,
       -1.3395591583644391e+01, 7.1227176870723252e-01,
       -3.0113426398381802e+00, -3.4595821216261946e+00,
       -4.2321029970485277e+01, -3.9974948466225229e+01,
       3.4003278950351650e+01, 4.7793303691885725e+01,
       1.7954135370290032e+01, -9.6365093634102443e+00,
       -9.0469419382748537e+00, -4.0529734754367270e+00,
       1.1116476822594335e+02, 4.3878623394302664e+01,
       3.0463258731695877e+01, -4.9624016459645892e+00,
       1.6568139050545561e+01, 6.9358847851777716e-01,
       7.4824736289862293e-01, 2.1631514151310376e+00,
       1.4853904815209870e+02, -1.0306978825304553e+01,
       -4.0466821796274594e+01, 1.1730028785124004e+01,
       -6.2298005078383829e+00, 1.1008960147929171e+01,
       -8.1057388680697937e-02, 1.5211648703778136e+00,
       5.3399470147376995e+00, 4.4165040702768614e+01,
       1.6108045742123032e+01, -2.4067559714394040e+01,
       3.7620843801413663e+01, -8.8506411149975452e+00,
       2.0327204707160345e+00, 6.4561472539299503e-01,
       6.5727855810475376e+01, -7.0735473443658947e+01,
       -2.4147050159944076e+01, 4.1810028570713285e+01,
       -1.1246042540605558e+01, 4.4695896774489148e+00,
       2.9544503927272120e-01, 9.1190364879296520e-02,
       -1.7484861475731313e+02, 6.3350814532337694e+01,
       3.2677651774441571e+01, -4.7399444972874861e+01,
       -1.0233165187329362e+01, -9.6147957568098512e+00,
       -5.3583843647673524e+00, -7.8639142737473318e+00,
       1.1543764625108719e+02, -4.4487205792201600e+01,
       -3.0417662672914759e+01, 3.6932251330982439e+01,
       -2.6377328182335011e+00, 1.3327394946345978e+01,
       -1.8502748045541126e-01, 2.3084920953453301e+00,
       -1.7628588758514255e+01, -8.8277090474676729e+00,
       1.2084218098278399e+01, 1.4812996167118392e+01,
       1.9801495986901937e+01, -8.1215535350350088e+00,
       1.5264747645146850e+00, -3.0335878137841860e-01,
       8.2289313147161693e+01, 1.9284638110940069e+01,
       -2.1837837187124340e+01, -3.2354814961642354e+01,
       -2.5012923801374875e+01, -2.0628660903147477e+01,
       1.3522030074978895e+00, -2.9516511348957581e+00,
       -2.1328287636198041e+02, -1.6448070435920911e+01,
       4.3301245418549051e+01, 1.8008273225233619e+01,
       -9.9980164474581841e+00, 1.1809232203434252e+01,
       -1.7982350180995608e+00, -1.3115630577704169e+00,
       -1.7103259580535598e+02, 6.8813897263786245e+01,
       3.3001031095543212e+01, -5.4210886265923769e+01,
       -2.4626372110884450e+01, -2.0623983229676894e+00,
       -2.2237509070032416e-01, 1.9088890603903756e+00,
       1.1071340290834873e+02, -1.3499080932176810e+01,
       -2.6067386189144404e+01, 1.1963357723860685e+01,
       3.6385767030462435e+00, 1.1002123548133785e+01,
       -6.4406054418024861e-01, 2.0367048272697685e+00,
       1.2237520750406981e+02, -6.4506286994834436e+00,
       -2.2399411936165766e+01, 9.1696472896101735e+00,
       -3.7748842547058912e+00, 2.2900665374891393e+01,
       -1.4589345496832465e+01, -7.0418204391620494e+00,
       3.6890986731419073e-01, 5.2045625705369353e+01,
       7.0443004201773549e+00, -4.3767715518570213e+01,
       1.0445312318171440e+00, -1.6520870249985094e+01,
       -1.2022308040891849e+00, 2.3238207802894376e-01,
       -2.5367102063290034e+01, 1.5375921955319965e+01,
       8.6842542897880772e+00, 8.8974532104941773e-01,
       1.5686625025550174e+00, 7.5389580843398951e+00,
       1.5353682559964055e+00, 2.2585060178991370e+00,
       8.3270458823960595e+01, 8.8533854917889467e+00,
       -2.7787560217452384e+01, -3.1078193887587762e+01,
       -2.9455331258969927e+01, -1.6968952896426835e+01,
       -1.3836657197209165e-01, -1.0950269363479133e+00,
       -1.3442449755601962e+02, 1.3469860892754868e+01,
       3.8345475765926345e+01, 5.3544590703391634e+01,
       9.4401913060098996e-01, -8.3795896550084414e+00,
       2.2540921635582745e+00, 3.0069889391292012e-02,
       -1.4547001528020675e+02, -1.1752350498739604e+02,
       3.7021540037280133e+01, 3.0017978285912095e-01,
       2.1509752962424602e+00, -6.6314313867770611e+00,
       2.4341064332615856e+00, 1.5159335823661144e-02,
       -1.7418083488543809e+02, 1.4467895807356348e+02,
       3.7099211527248130e+01, -6.9182821899421455e+01,
       -3.7515729557746063e+01, 2.5202892912051340e+01,
       -7.9562414012285601e+00, 9.8153304876936998e-01,
       2.9065323192011792e+01, -1.0029618238265384e+02,
       -1.0519224315098901e+01, 6.8703803681044647e+01,
       -4.6605622111882496e+00, -1.5828150416263882e+00,
       2.1539445936868984e+00, -3.5710322872885986e-01,
       -3.1135445897685891e+01, 5.5179349281116146e+01,
       1.2822321096709015e+01, -4.2270385766635421e+01,
       3.1079395098531567e+01, -1.4188661318045730e+01,
       2.8101208215656936e+00, -5.9892415189395909e-01,
       1.6272455544970265e+02, 1.5654248748254197e+01,
       -4.7767081665226513e+01, -1.4431769612582176e+01,
       -7.1662203674845175e+00, 1.3752351004877168e+01,
       -3.2758136811422522e-01, -6.4626197845196354e-01,
       3.2174862597523799e+01, 1.5007836797533068e+02,
       -1.6938394253047495e+00, -8.1644430211784240e+01,
       2.0655411845527606e+01, 1.1448776782507041e+01,
       8.5149417060303889e-01, 2.5269079350506902e+00,
       5.9818882999570484e+01, 2.4718873456869193e+01,
       -2.0518799895187787e+01, -3.3392276321623712e+01,
       -1.0214982603336530e+01, -2.1858857206192607e+01,
       2.2347243446934213e+00, 2.5650551818972483e-01,
       -8.3304988189585671e+01, 2.4520791698100034e+01,
       3.0677393834079012e+01, -1.7609149949305795e+01,
       1.4078012675689894e+01, -1.9232550942215422e+01,
       1.1693732246043640e+00, -1.1728481832855822e+00,
       1.5361622297842635e+02, 3.2543055001023930e+01,
