%YAML:1.0
means: !!opencv-matrix
   rows: 5
   cols: 9
   dt: d
   data: [ 1.4034465466079030e+02, -2.4841257358428887e+01,
       -3.3614924893959774e+01, 2.8812748913019149e+01,
       -1.9648908106286306e+01, 8.1715000078287368e+00,
       9.2993624781014017e-01, 3.0947659048145154e-01,
       -2.5224729795705353e-01, -1.6096919576656768e+02,
       -3.1512902158317910e+01, 4.0723938874175353e+01,
       3.2653551236231708e+00, -9.3372329025778722e+00,
       3.3427453587036465e-01, -7.0646029802904886e-01,
       5.9516075748070496e-01, -2.3477060864768737e-01,
       4.9283627972127562e+01, -1.2168136518468817e+01,
       -6.5073855490224171e+00, 8.1714490969214815e+00,
       1.5303617772083069e+01, 7.1587465166187303e-01,
       4.7295804819653103e-01, -4.4405597465659086e-01,
       -4.1138020742983544e-01, 1.9413599936029616e+01,
       -5.7520900051409697e+01, 2.6459522589512053e-02,
       1.5236290767133490e+01, 1.4535056408538958e+00,
       -1.4933646994088905e+01, -4.4540573326850010e+00,
       6.6069745686983017e-01, 2.9531990352165782e+00,
       -2.3077165595910678e+01, 1.1067724641345247e+02,
       -9.9799370414572994e+00, -4.9676575832227655e+01,
       -5.2390152722742194e+00, 1.7955224191942579e-01,
       1.6189518840925734e+00, -4.1498670292712009e-01,
       -3.2234743418579193e-01 ]
covs: !!opencv-matrix
   rows: 45
   cols: 9
   dt: d
   data: [ 7.0397310398663176e+03, 9.9598123742689313e+02,
       2.2482968597617960e+03, -1.2347677002783357e+03,
       3.5151774940961036e+02, -6.5455645354467492e+02,
       -1.0322871973236758e+02, -2.7720014492836430e+01,
       -5.0954868467151712e+01, 9.9598123742689302e+02,
       6.9978448605900494e+03, 5.0718651309629098e+02,
       2.1410697644080819e+03, 2.2053615698521006e+02,
       -3.1967404022160758e+02, -2.9011178350027521e+01,
       -3.6660582486107927e+01, -1.0707824988973197e+01,
       2.2482968597617960e+03, 5.0718651309629098e+02,
       2.6292443038033812e+03, 2.0945811965336176e+01,
       -2.0542857144740887e+02, 1.1362280291898276e+02,
       2.2464350153243455e+01, 1.0018897683080370e+01,
       9.4516386494114695e+00, -1.2347677002783360e+03,
       2.1410697644080819e+03, 2.0945811965336159e+01,
       1.8904341406212450e+03, -3.7119611968454024e+01,
       2.6318850928140254e+01, -9.9444116093285952e+00,
       7.7006254319880920e+00, 3.0761188556346180e+00,
       3.5151774940961036e+02, 2.2053615698521006e+02,
       -2.0542857144740887e+02, -3.7119611968454016e+01,
       1.0969006021725883e+02, -1.4139775319715625e+02,
       -5.6899564952535080e+00, 3.2694015734256756e+00,
       -7.0458286652189219e+00, -6.5455645354467492e+02,
       -3.1967404022160753e+02, 1.1362280291898276e+02,
       2.6318850928140261e+01, -1.4139775319715628e+02,
       3.0342530496784838e+02, -1.6135633632584959e+01,
       8.8972563272711103e+00, 8.6937663917946928e+00,
       -1.0322871973236758e+02, -2.9011178350027517e+01,
       2.2464350153243448e+01, -9.9444116093285988e+00,
       -5.6899564952535080e+00, -1.6135633632584963e+01,
       2.1934490233902821e+01, -2.7862772940311331e-01,
       3.3598122402989028e+00, -2.7720014492836437e+01,
       -3.6660582486107920e+01, 1.0018897683080370e+01,
       7.7006254319880920e+00, 3.2694015734256747e+00,
       8.8972563272711103e+00, -2.7862772940311331e-01,
       1.5172486443792648e+01, -3.1824608158839079e-01,
       -5.0954868467151712e+01, -1.0707824988973197e+01,
       9.4516386494114695e+00, 3.0761188556346180e+00,
       -7.0458286652189237e+00, 8.6937663917946928e+00,
       3.3598122402989028e+00, -3.1824608158839068e-01,
       1.5033725946038843e+00, 7.1921620451394219e+03,
       -9.8436014209548674e+01, 2.8646176785526559e+03,
       -7.2154393703746257e+02, 3.6642191999149873e+02,
       3.3427905224343789e+02, 1.0492630153585947e+02,
       3.0165392763997136e+01, 2.0573247069234718e+01,
       -9.8436014209548631e+01, 9.7904049655172457e+03,
       5.2039368098787770e+02, 1.0508458969602802e+03,
       7.2732401341219133e+02, 2.6915395504081596e+02,
       9.0122522717880756e+01, 3.7246880350911695e+01,
       1.1915108347210472e+01, 2.8646176785526559e+03,
       5.2039368098787759e+02, 2.4513698343956485e+03,
       4.1394820951052580e+01, -1.4924746859844305e+02,
       -3.7510156519097379e+01, -2.8906174872572869e+01,
       -7.4443347893458851e+00, -7.2224733691611886e+00,
       -7.2154393703746246e+02, 1.0508458969602802e+03,
       4.1394820951052566e+01, 2.3816357710450593e+03,
       -2.6332974838878738e+02, 1.4756639746990336e+01,
       -1.7589262914526525e+01, -1.9813479103805673e+01,
       2.6458726481194672e+00, 3.6642191999149878e+02,
       7.2732401341219122e+02, -1.4924746859844299e+02,
       -2.6332974838878744e+02, 3.0234326897313753e+02,
       1.1185764972611382e+02, 2.3748535969104903e+01,
       1.5492817317590072e+01, 9.0386163436063782e+00,
       3.3427905224343800e+02, 2.6915395504081596e+02,
       -3.7510156519097357e+01, 1.4756639746990340e+01,
       1.1185764972611382e+02, 2.9898009838206343e+02,
       5.5433909727958683e+00, 9.5528376935169117e+00,
       6.9417069086133525e+00, 1.0492630153585949e+02,
       9.0122522717880756e+01, -2.8906174872572873e+01,
       -1.7589262914526525e+01, 2.3748535969104907e+01,
       5.5433909727958657e+00, 3.1689755289665293e+01,
       3.8598874357193318e+00, 1.2589482817665021e+00,
       3.0165392763997147e+01, 3.7246880350911688e+01,
       -7.4443347893458798e+00, -1.9813479103805669e+01,
       1.5492817317590072e+01, 9.5528376935169099e+00,
       3.8598874357193327e+00, 1.4020308068491678e+01,
       -1.2366925174064112e+00, 2.0573247069234718e+01,
       1.1915108347210468e+01, -7.2224733691611878e+00,
       2.6458726481194668e+00, 9.0386163436063782e+00,
       6.9417069086133525e+00, 1.2589482817665019e+00,
       -1.2366925174064112e+00, 5.6672125983167074e+00,
       8.3110847047424686e+03, 2.4893072652995011e+02,
       1.8542254425433912e+03, -7.3089651880757322e+02,
       -9.7892889172841831e+02, -2.3469504292682606e+02,
       -9.1820652209733325e+01, 2.3486334058359994e+01,
       -2.4585025455152802e+01, 2.4893072652995011e+02,
       9.2844258188774620e+03, 4.1596491654309808e+01,
       1.2848491110358154e+03, -3.4821420927947230e+02,
       -4.3197572978118399e+02, -7.9472053860750847e+01,
       -3.2711378964223132e+00, -1.2352616851183390e+01,
       1.8542254425433912e+03, 4.1596491654309808e+01,
       2.9185940449766672e+03, 4.7829129816412980e+01,
       2.3309428924050587e+02, 1.0195406753450378e+02,
       3.6836506578670914e+01, -7.7048879611604884e+00,
       5.1872752809147507e+00, -7.3089651880757322e+02,
       1.2848491110358154e+03, 4.7829129816412980e+01,
       2.2870455577854345e+03, 8.8550647763204324e+01,
       8.8458134850973366e+01, 1.8591596839033137e+01,
       1.3652483092383485e+00, 8.0373089761301841e+00,
       -9.7892889172841876e+02, -3.4821420927947230e+02,
       2.3309428924050587e+02, 8.8550647763204339e+01,
       4.1071608139460545e+02, 2.2648689693427709e+01,
       -5.6404600468988022e+00, -7.0918169986195378e+00,
       -3.0659687394532957e+00, -2.3469504292682601e+02,
       -4.3197572978118404e+02, 1.0195406753450381e+02,
       8.8458134850973380e+01, 2.2648689693427698e+01,
       2.1334640489317687e+02, -3.3114746494413883e+00,
       -3.8502868975245441e+00, 3.8845642955739059e+00,
       -9.1820652209733325e+01, -7.9472053860750847e+01,
       3.6836506578670914e+01, 1.8591596839033141e+01,
       -5.6404600468988040e+00, -3.3114746494413887e+00,
       2.4766024031967280e+01, -1.1796714198692677e-01,
       3.7063003863126269e+00, 2.3486334058359986e+01,
       -3.2711378964223150e+00, -7.7048879611604884e+00,
       1.3652483092383474e+00, -7.0918169986195396e+00,
       -3.8502868975245441e+00, -1.1796714198692686e-01,
       1.4019659734114139e+01, -9.0345843310307417e-01,
       -2.4585025455152802e+01, -1.2352616851183386e+01,
