%YAML:1.0
means: !!opencv-matrix
   rows: 5
   cols: 21
   dt: d
   data: [ 1.9965828030839938e+02, 3.5830234534942309e+02,
       1.6455706470212133e+00, 2.1461165255140068e+02,
       2.9329794632025437e+02, 1.7420792216817880e+00,
       2.6433664760197945e+02, 2.2620026075986615e+02,
       1.7201883345526157e+00, 3.1760198353906208e+02,
       1.6452610469854409e+02, 1.7416558202375048e+00,
       3.1601408498811486e+02, 2.2666320171232388e+02,
       1.7056874462384659e+00, -3.9078133974611355e-04,
       1.9978057982503136e-03, 8.1880832803977316e-04,
       -4.1962580629731209e-04, -2.4755776207917754e-01,
       1.7521222687178817e+00, 2.0110030876178507e+02,
       1.0042630041334655e+02, 1.5138962463465135e+00,
       2.0821847090051233e+02, 1.7328642254537732e+02,
       1.6170179487241307e+00, 2.6583508941631555e+02,
       2.2051800250320127e+02, 1.7196900815697127e+00,
       3.2223048996173060e+02, 1.6523846602876546e+02,
       1.7704884365512605e+00, 3.1752541061710207e+02,
       2.2337608766155313e+02, 1.7088196055574738e+00,
       1.2545153146151450e-03, -2.1295655237215895e-03,
       -1.0548263830045365e-04, 7.3409096676023628e-04,
       -2.5127246058126324e-01, 1.7494360786860002e+00,
       2.4538802067589040e+02, 2.1270072408072809e+02,
       1.4724871788447009e+00, 2.3343322817906574e+02,
       2.4687987127234885e+02, 1.5947395353835063e+00,
       2.6794398023440664e+02, 2.2685764254315836e+02,
       1.7043464310790641e+00, 3.1847773120887513e+02,
       1.6098527469385877e+02, 1.7445557091449346e+00,
       3.1706103229418153e+02, 2.2774607135883127e+02,
       1.7159558262601415e+00, 3.2283966534217432e-04,
       -7.5092634754424389e-04, -2.6656944195005693e-04,
       1.5242381809490188e-03, -2.5195976283184357e-01,
       1.7480476552170066e+00, 2.2931837961747596e+02,
       3.7541286968695107e+02, 1.6603223729360324e+00,
       2.3652494669653061e+02, 3.0421055604625155e+02,
       1.7318227020706733e+00, 2.6293972107449258e+02,
       2.2609695463128699e+02, 1.7026646126589813e+00,
       3.1506874709924250e+02, 1.6385939690816511e+02,
       1.7179713414822171e+00, 3.1288487517393190e+02,
       2.2693341276014726e+02, 1.6843049293988861e+00,
       -7.6785603930787014e-04, 6.8511324803894431e-04,
       1.1666051820390661e-03, -2.1424226009887633e-03,
       -2.4640718454709057e-01, 1.7426991408843844e+00,
       2.0160676962802208e+02, 2.6719612194078934e+02,
       1.5098796204585243e+00, 2.1980750460265153e+02,
       2.8084729869212447e+02, 1.6738345491786815e+00,
       2.6508983976659079e+02, 2.2336539888726563e+02,
       1.7186533714056993e+00, 3.1995161704711984e+02,
       1.6383392008983049e+02, 1.7519801739261287e+00,
       3.1688530396818607e+02, 2.2510179453467453e+02,
       1.7077891213834546e+00, -8.8616724405972782e-05,
       -2.2702185975139870e-04, -3.2319436448638444e-04,
       -7.7741261715634177e-04, -2.5095417062194042e-01,
       1.7519109993137201e+00 ]
covs: !!opencv-matrix
   rows: 105
   cols: 21
   dt: d
   data: [ 4.7829243282171574e+03, 9.3699111255454636e+02,
       2.4336834370283316e+00, 1.6992939935394563e+03,
       -2.2607662624864528e+01, 1.5871359423152405e+00,
       1.2022986276624911e+03, 5.8935642407797353e+01,
       9.9839837209191162e-01, 1.0870573739060758e+03,
       4.5641423345186652e+01, 1.1451006522120886e+00,
       1.1889057600083668e+03, 7.2570139666655766e+00,
       1.2292542234348554e+00, -3.9734240441407842e-01,
       6.2850290258334843e-02, -3.8252744393790027e-02,
       4.2184223094832332e+00, -4.9779014900889484e-02,
       1.2169028135334359e+00, 9.3699111255454659e+02,
       3.2229934071184598e+03, -2.1019856416598253e+00,
       6.8027382323079189e+02, 2.1162051760539780e+03,
       -2.0779124610348645e+00, -7.0426866943899682e+01,
       1.3253869615793810e+03, -1.5388753009586644e+00,
       -4.3662030038807828e+01, 1.2429495946052677e+03,
       -1.3851314731127260e+00, -2.1890979512118555e+01,
       1.3158622973137979e+03, -1.4954479487882910e+00,
       -2.6880036393047246e-01, -5.5190690272785559e-02,
       -1.2750741827778095e-01, 2.5945441720318183e-02,
       4.2506141600233480e+00, -1.6135516927321394e+00,
       2.4336834370283316e+00, -2.1019856416598248e+00,
       2.7229281763303192e-02, 8.5311582673486908e-01,
       -1.2413353639687901e+00, 2.3051080158461454e-02,
       4.5330773129006691e-01, 4.5156880002524873e-02,
       2.0215726630854285e-02, -2.1452741711896645e-01,
       6.9580347571851520e-01, 1.9621530041150408e-02,
       -1.6044857235841514e-01, 2.3742764432520942e-02,
       2.0213270185623966e-02, 4.2274194663664117e-06,
       1.3422596089662044e-03, 8.5597435540066659e-04,
       -3.1770540204018001e-04, -4.4384589615974765e-04,
       2.0501458438504986e-02, 1.6992939935394563e+03,
       6.8027382323079178e+02, 8.5311582673486908e-01,
       1.7425278116471420e+03, 3.5341224157438091e+02,
       1.0109988023770109e+00, 1.2999319967494810e+03,
       1.2028435818894790e+01, 1.2042760633784895e+00,
       1.2310495255017258e+03, 4.0344088401443877e+01,
       1.2042746819562766e+00, 1.2734783338591276e+03,
       -3.4079942576175015e+00, 1.1713506858281333e+00,
       -3.0730135265516290e-01, 5.0449548261544498e-02,
       3.8041884808892930e-02, 4.0201418172719849e+00,
       -3.6672924882071065e-02, 1.0977553144183738e+00,
       -2.2607662624864528e+01, 2.1162051760539784e+03,
       -1.2413353639687899e+00, 3.5341224157438103e+02,
       1.7022638622645129e+03, -9.8277419774835451e-01,
       4.4703740469324611e+00, 1.2592883259502491e+03,
       -5.7966945201239373e-01, 8.9480905450529953e+00,
       1.2140655503843486e+03, -5.2227095969177151e-01,
       2.2165050988641379e+01, 1.2566590122897021e+03,
       -5.9337200457986861e-01, -2.7588548315246625e-01,
       -2.0695394152641235e-02, -6.5668312630635661e-02,
       -3.1040272689198830e-03, 4.0450618757422934e+00,
       -6.7299496557764404e-01, 1.5871359423152405e+00,
       -2.0779124610348649e+00, 2.3051080158461454e-02,
       1.0109988023770109e+00, -9.8277419774835451e-01,
       2.2416485041925217e-02, 5.1419808923708488e-01,
       1.0776316339556369e-01, 2.0709929311425922e-02,
       -1.4143367249676655e-01, 8.0371371102190114e-01,
       2.0226395482137057e-02, -1.1847422107038090e-01,
       1.0104884648391137e-01, 2.0580172077453343e-02,
       -2.6182117534977530e-05, 1.0132390708601892e-03,
       8.3349224752208998e-04, -4.1330406105155235e-04,
       -2.0161203622733620e-04, 2.0557084925223502e-02,
       1.2022986276624915e+03, -7.0426866943899682e+01,
       4.5330773129006691e-01, 1.2999319967494810e+03,
       4.4703740469324682e+00, 5.1419808923708488e-01,
       1.3120079784479256e+03, 4.3774758638973656e+00,
       5.5232495003399684e-01, 1.2732565409162773e+03,
       1.7839787989509166e+01, 5.3251019885235662e-01,
       1.3056814013679332e+03, -1.0587486104263952e+00,
       5.2974050901924286e-01, -1.5341685731787971e-01,
       1.1164009844506433e-02, -1.5118834750999406e-03,
       4.0852831636711100e+00, -1.5033872130085831e-02,
       5.2777217200006166e-01, 5.8935642407797353e+01,
       1.3253869615793810e+03, 4.5156880002524845e-02,
       1.2028435818894790e+01, 1.2592883259502491e+03,
       1.0776316339556369e-01, 4.3774758638973612e+00,
       1.2841262667333965e+03, 1.3372015323392614e-01,
       -1.1660799444616259e+01, 1.2635167248538758e+03,
       1.4112274235249397e-01, 5.5962799941118635e-01,
       1.2854873589115093e+03, 1.4201731367892481e-01,
       -1.5790935079949234e-01, 3.7221861957586311e-02,
       -2.5486600813155701e-02, -2.3248639773596817e-02,
       4.1091141512248415e+00, 1.2465886020648574e-01,
       9.9839837209191162e-01, -1.5388753009586644e+00,
       2.0215726630854285e-02, 1.2042760633784895e+00,
       -5.7966945201239373e-01, 2.0709929311425922e-02,
       5.5232495003399684e-01, 1.3372015323392608e-01,
       2.0965219428677524e-02, -8.6250708093391928e-02,
