%YAML:1.0
means: !!opencv-matrix
   rows: 38
   cols: 3
   dt: d
   data: [ 8.6017760697245919e+01, -1.4506623649504658e+02,
       5.7163803851298162e+01, -1.7467458151553893e+02,
       -4.8830669367602994e+01, 6.2350323119947170e+01,
       1.4559066336884925e+02, 3.6916861132797642e+01,
       -1.0563778823834518e+01, 8.9992940654188629e+01,
       5.9151291849313765e+01, 6.7099641576209308e+01,
       -6.9208247550528457e+00, -8.3272348268522947e+01,
       5.0936145102044748e+00, -2.7749953534273908e+02,
       -8.3151327947516990e+01, -1.8084948682386788e+01,
       1.0396124169267807e+02, 1.0101395504672698e+02,
       -5.4713169339823835e+01, -7.1272417914925995e+01,
       1.0147088777277015e+02, -4.1371048917163634e+01,
       -1.8748219063749599e+02, 7.2038004565004584e+01,
       -2.8974977418985432e+01, -1.5602807470513438e+01,
       -1.6117037538945672e+02, -1.6737735715853177e+01,
       2.4631977920810755e+02, -3.1581492924390222e+01,
       2.0260563649379284e+00, 1.4594842415577651e+02,
       1.4117932013175920e+02, 3.1632339016079232e+01,
       -1.8003942484198785e+02, -2.6293100101998888e+01,
       -5.8109221849207404e-01, -1.9072857915793644e+01,
       1.8130653984052989e+02, -5.3023286688937141e+01,
       2.1890177312802230e+01, -3.1898962346332888e+02,
       -7.5962895228526852e+00, 1.8249587292709691e+02,
       -6.7829631626351613e+01, -3.4324447623910849e+01,
       -1.5334716084804447e+02, 1.7756022304066883e+02,
       -1.1444340013510581e+01, 5.8248887474123308e+01,
       -2.7823514397139455e+01, 4.3207003858426766e+01,
       -8.1516199351386049e+01, -3.9129720137301476e+01,
       7.7170042260316734e+01, -2.5937751790557724e+02,
       1.0244092562160251e+01, 1.8590063739537804e+01,
       4.7959528792442953e+01, 1.7246309923485964e+02,
       2.0608698568553930e+01, -1.0239647359268159e+02,
       5.5635285842920354e+01, 4.2159477611104293e+01,
       2.4875341607639942e+02, 5.7609945743003053e+01,
       3.0027292634663588e+01, -1.9886452905540153e+01,
       3.6513049124554520e+01, 9.1919410535830067e+01,
       2.0032215726894950e+01, 7.9425438474034877e+01,
       1.7362952484359990e+01, 1.7443822857266997e+02,
       -1.1122838492125865e+02, 1.8353015301147938e+01,
       1.0488658006836600e+02, -3.4630053127226468e+01,
       -9.3282584881033770e+01, -1.7663961829735577e+01,
       1.2476484652973525e+01, -1.1808032846737753e+01,
       -8.4263990550168927e+01, -1.0075722551157591e+02,
       -5.1715803502694150e+01, 8.7214611779005580e+01,
       2.8035874707457920e+00, -1.8314348826167365e+01,
       -1.7684242040405624e+02, -1.5386427167115676e+02,
       2.9890025604198442e+01, 1.6619305263172009e+02,
       -1.0486693517556779e+01, 4.1615434875734742e+01,
       -6.0423370755656876e+01, 1.7469732607459943e+02,
       6.3129365181505392e+01, 1.7731493483134770e+01,
       -4.7506241109813942e+01, -8.1205336167425017e+01,
       8.1849011840392706e+01, -1.1888207364114081e+02,
       -5.1166796136881139e+01, -9.9017139409428893e+01,
       -9.4782197516115019e+01, 1.0603186805369508e+02,
       -5.1092764664517931e+00, 6.3036729700913661e+01,
       -8.5269538312365881e+01, -8.2599127591432563e+01,
       -2.3323653237565471e+00, -4.8699134832784317e+01 ]
covs: !!opencv-matrix
   rows: 114
   cols: 3
   dt: d
   data: [ 1.6603099718181036e+03, -1.6987545195373238e+02,
       3.1538360162962033e+02, -1.6987545195373235e+02,
       4.7206159925983047e+03, 2.9682417654617410e+02,
       3.1538360162962039e+02, 2.9682417654617410e+02,
       5.6907881688002044e+02, 2.3558436504993051e+03,
       -5.9281749232347386e+02, 1.0740514869804904e+03,
       -5.9281749232347386e+02, 8.3444373159167717e+03,
       9.1462318677484984e+02, 1.0740514869804904e+03,
       9.1462318677484984e+02, 1.0996850831861191e+03,
       2.8706335855472489e+03, 2.6662018937826639e+02,
       9.5005295121750180e+01, 2.6662018937826639e+02,
       2.0595528051657948e+03, 1.1835970898486345e+02,
       9.5005295121750208e+01, 1.1835970898486346e+02,
       1.1339908782952666e+03, 1.1972213052802817e+03,
       -3.0538244741913923e+02, 6.0550162170385548e+01,
       -3.0538244741913923e+02, 4.1270961788527111e+03,
       -2.9562252678393901e+02, 6.0550162170385548e+01,
       -2.9562252678393889e+02, 6.4080025179986103e+02,
       2.1944588393874324e+03, -3.0912031622154876e+02,
       4.1818183612829864e+02, -3.0912031622154876e+02,
       2.6903541904426302e+03, -4.5214969732249295e+02,
       4.1818183612829864e+02, -4.5214969732249295e+02,
       1.3182061814915237e+03, 1.9312095624462470e+03,
       -1.2176746206260414e+03, 1.3209686011329066e+02,
       -1.2176746206260409e+03, 7.0848585350614667e+03,
       4.3591949075710590e+02, 1.3209686011329066e+02,
       4.3591949075710585e+02, 3.4249969182722202e+02,
       2.7255887981690421e+03, 7.8445686663486674e+02,
       6.7685461027445194e+02, 7.8445686663486674e+02,
       3.3939527885816201e+03, 7.4180698604979989e+02,
       6.7685461027445194e+02, 7.4180698604979989e+02,
       1.5709715062228706e+03, 1.7924797478003368e+03,
       -3.6554899195067077e+02, 3.7499567394791416e+02,
       -3.6554899195067077e+02, 2.8159343893683467e+03,
       -4.5688014068665751e+02, 3.7499567394791416e+02,
       -4.5688014068665734e+02, 8.4671528594673964e+02,
       2.9245892492105149e+03, -1.1279704229896854e+03,
       -1.1836151090001408e+02, -1.1279704229896854e+03,
       3.4385091877000191e+03, 2.4764621469660793e+02,
       -1.1836151090001405e+02, 2.4764621469660798e+02,
       1.1395925690809102e+03, 2.9410309035460818e+03,
       6.4835425702624821e+02, 1.2000190699904113e+03,
       6.4835425702624832e+02, 3.9571933894866606e+03,
       5.4952931062497532e+02, 1.2000190699904113e+03,
       5.4952931062497510e+02, 1.0408258110671959e+03,
       1.9756626404729591e+03, -9.8311013765726648e+02,
       -5.5557961641245868e+01, -9.8311013765726648e+02,
       4.7622162817162052e+03, -1.8376160582637101e+02,
       -5.5557961641245868e+01, -1.8376160582637101e+02,
       3.2260763980067742e+02, 3.0454788892168017e+03,
       -9.4023228453344279e+02, -8.9970951703723881e+02,
       -9.4023228453344279e+02, 4.3561152092388829e+03,
       9.0457154583724957e+02, -8.9970951703723881e+02,
       9.0457154583724957e+02, 9.5166512250527751e+02,
       2.9732972019331478e+03, -8.8002193948869433e+02,
       8.7849492553094524e+02, -8.8002193948869433e+02,
       4.1851986437635851e+03, 5.7231966524616077e+01,
       8.7849492553094524e+02, 5.7231966524616048e+01,
       1.1445814524114471e+03, 4.1929646421488605e+03,
       -1.5274628299762085e+03, -1.1969402297302990e+02,
       -1.5274628299762085e+03, 3.3876325013496194e+03,
       -2.0121788020603133e+00, -1.1969402297302990e+02,
       -2.0121788020603146e+00, 1.1348287908670325e+03,
       5.0801873715367146e+03, -1.8064359603994586e+02,
       2.7524142012710217e+03, -1.8064359603994589e+02,
       1.7654066124954263e+03, 4.0608844088304318e+02,
       2.7524142012710217e+03, 4.0608844088304329e+02,
       2.1204997281071273e+03, 2.4273512619262528e+03,
       -7.1481248609305993e+01, 1.6355808201107453e+02,
       -7.1481248609306050e+01, 3.4349656367069556e+03,
       -4.3630146600392223e+01, 1.6355808201107453e+02,
       -4.3630146600392209e+01, 6.8066256555675363e+02,
       3.7842405134509813e+03, -6.5129839929974855e+02,
       8.0773909450274596e+02, -6.5129839929974844e+02,
       2.7115643764880851e+03, -3.7222783909682482e+02,
       8.0773909450274596e+02, -3.7222783909682482e+02,
       1.1535701940567112e+03, 1.6576638583734098e+03,
       -6.1046879488271657e+02, 5.7100951122798347e+02,
       -6.1046879488271657e+02, 3.4683602947589811e+03,
       -2.3566970509941253e+01, 5.7100951122798347e+02,
       -2.3566970509941253e+01, 8.5815491468525875e+02,
       2.7059350761707524e+03, -1.6889527688406590e+03,
       -1.8406390427896156e+02, -1.6889527688406588e+03,
       5.0286824721998237e+03, 9.7043812482866826e+02,
