%YAML:1.0
means: !!opencv-matrix
   rows: 4
   cols: 18
   dt: d
   data: [ 9.7406058366081481e+01, 1.3264020936755587e+01,
       -2.3368622523145415e+01, 3.4616467343680104e+00,
       -2.1797723373921172e+00, 5.9904674324092200e-01,
       4.0148927332709400e-01, -4.6969669820285366e-02,
       -3.6587731779956700e-01, 3.9759507034493005e-02,
       6.8115881093974193e-02, 8.1325426340605814e-03,
       2.9222807280573177e-03, -4.8744151895864828e-03,
       1.3001835839871670e-02, -1.0110112790768806e-04,
       -3.0714174002276066e-04, -2.8793294046478477e-03,
       -1.7889315376678417e+02, -2.3959464907405842e+01,
       4.1418655237233004e+01, -2.2373766345743111e+00,
       -1.5858519780640629e+01, -5.2012383103964206e+00,
       -1.2387602924177088e+00, 3.5360899262430129e-01,
       -6.2386482509411167e-01, 8.9020871217579359e-02,
       -1.0778866607661600e-02, -7.1892597381764819e-04,
       2.4890485079571288e-03, -1.2867172104438042e-03,
       7.5185290218429662e-03, -2.7274964732788634e-03,
       -9.9537473626869427e-04, -5.8803245192599245e-04,
       7.6634826091784047e+00, -5.4997766827228759e+01,
       3.8426875465128032e+00, 1.3627895228576435e+01,
       3.4562779738002436e+00, -1.1571291738742207e+01,
       -4.7969714383938831e+00, 5.8188545015833060e-01,
       3.8700461769304924e+00, -9.4374462420446101e-02,
       -3.2334752219636845e-02, -3.5620185392600603e-02,
       -1.9485396249859503e-02, 6.9484389469023911e-03,
       -1.3439940881376599e-02, -8.7837848418287714e-04,
       3.5105461986844918e-03, 5.7178748479692638e-03,
       -1.6147007865792279e+01, 1.3491782702081029e+01,
       3.0101009402293890e+00, -6.4265248826206234e+00,
       9.2891383750319587e+00, 5.2455682032282986e+00,
       1.5539031477709508e+00, -2.9214047521413566e-01,
       -3.9288482447623346e-01, -5.4775418685776456e-02,
       -5.8373126331377756e-02, 1.5180042080878075e-03,
       1.1750221742444188e-03, 3.9674808456597261e-03,
       -1.3752929524486021e-02, 1.6798996159944140e-03,
       -2.0839207417689491e-04, 1.6800380280244517e-03 ]
covs: !!opencv-matrix
   rows: 72
   cols: 18
   dt: d
   data: [ 8.2945257400210958e+03, -9.3170691294631217e+02,
       1.9014172531358472e+03, -1.1862477910475679e+01,
       -7.2952723256621721e+02, -6.1723111707980920e+01,
       -8.3371341320293880e+01, 2.4553097659458928e+01,
       -3.3080999852226221e+01, -3.4169698712686372e+00,
       -3.1815097443515521e+00, -8.7297552143125168e-01,
       -5.0326464293468064e-02, 2.8315763490643037e-01,
       -7.0923441714235647e-01, -2.6313562001415175e-01,
       -1.8409553470848541e-01, 1.1757865124546459e-01,
       -9.3170691294631217e+02, 8.9838099897468492e+03,
       6.5686295320814622e+02, 1.0041169353811459e+03,
       1.9301647138856532e+02, -3.7784366348859709e+02,
       -3.2653769046690954e+01, -3.3215796416578172e+01,
       -1.1258865190469376e+01, -1.0396073772568919e+01,
       -1.1041750706603819e+00, -6.4340090830570040e-01,
       1.2945073319591799e-01, 2.0033406185583860e-01,
       -8.8950364412986682e-01, -7.0500634519041760e-03,
       1.7475847567272992e-01, -3.0404258639801555e-02,
       1.9014172531358477e+03, 6.5686295320814622e+02,
       2.8018313912011522e+03, -1.9018518480963795e+02,
       1.0520490216656654e+02, -2.2600312315522608e+01,
       2.4925828971358218e+01, -4.0519800868635931e+00,
       3.3860613077357784e+00, 3.4746061827070660e+00,
       5.3406420778429131e-01, 1.0846591878155779e-01,
       8.6408420213705164e-02, -1.5581403912381384e-01,
       4.4492989954809037e-01, 6.5398838446056276e-02,
       1.8902378690212333e-02, -3.3285203950428721e-02,
       -1.1862477910475679e+01, 1.0041169353811459e+03,
       -1.9018518480963797e+02, 2.5626942172789063e+03,
       -1.5635933023821391e+02, 5.0640201315836798e+01,
       -1.9213677901592894e+00, 1.6057323742120456e+01,
       5.4763685502430031e+00, -1.2411548837656963e+00,
       5.6043853862786319e-01, 3.0243931732067969e-01,
       -7.3254951847044170e-02, -1.3772268908805949e-01,
       2.4938793247611427e-01, -3.1474428896609806e-02,
       -4.0103775274514780e-02, 4.6243933554520354e-02,
       -7.2952723256621721e+02, 1.9301647138856532e+02,
       1.0520490216656654e+02, -1.5635933023821391e+02,
       3.4502723807104206e+02, -1.4072150394550457e+02,
       -1.0811194146756543e+01, -6.1913278561230225e+00,
       -6.6070395181835027e+00, 1.5100340884308741e+00,
       1.2935044978863411e-01, 1.6054867333361247e-01,
       4.0839895043296950e-02, -6.5201730681842471e-02,
       1.9258027328895447e-01, 3.8248859338015952e-02,
       -6.0472391941544471e-03, 4.8859561636209973e-03,
       -6.1723111707980920e+01, -3.7784366348859709e+02,
       -2.2600312315522608e+01, 5.0640201315836812e+01,
       -1.4072150394550457e+02, 2.3579386978772720e+02,
       -7.5437383931310924e+00, 2.8404266982693955e+00,
       5.4617991737446880e+00, -2.0172307033277042e+00,
       -2.9028588331189464e-01, -1.2023756949363196e-01,
       -2.3876928187718433e-02, 1.2149123142993653e-02,
       1.7584698963697344e-03, 1.7414982848814008e-02,
       2.7228681444685893e-02, 3.0916153833798654e-03,
       -8.3371341320293865e+01, -3.2653769046690968e+01,
       2.4925828971358218e+01, -1.9213677901592878e+00,
       -1.0811194146756545e+01, -7.5437383931310942e+00,
       2.5216356125863797e+01, 7.0107152286467966e-02,
       3.7365009886241527e+00, 5.9575342128180119e-04,
       -6.6612015061112098e-02, 5.1165935998034200e-02,
       -2.8370300986204584e-02, 5.3773714442722723e-03,
       -3.1292720900213933e-03, 4.0572685570130617e-03,
       2.0992880764112015e-03, 3.4278513023624636e-03,
       2.4553097659458917e+01, -3.3215796416578193e+01,
       -4.0519800868635967e+00, 1.6057323742120456e+01,
       -6.1913278561230225e+00, 2.8404266982693973e+00,
       7.0107152286467772e-02, 1.4668706454325616e+01,
       -7.3261740003709142e-01, 6.0388397068533450e-01,
       -4.0649742221797534e-02, -4.5972046566112347e-03,
       1.2594758063514335e-05, 1.3130616048211651e-02,
       -8.4856291648075233e-03, 5.8173104449995511e-03,
       -7.1451969009169326e-04, -6.0334841182706732e-03,
       -3.3080999852226221e+01, -1.1258865190469376e+01,
       3.3860613077357775e+00, 5.4763685502430013e+00,
       -6.6070395181835027e+00, 5.4617991737446880e+00,
       3.7365009886241527e+00, -7.3261740003709142e-01,
       1.3257264980713799e+00, 2.4450686795951738e-02,
       2.0345496373989441e-02, 1.5821623020336732e-02,
       1.5834868296220179e-02, -1.1717189898646336e-03,
       9.7402920069820172e-04, 2.6219503138692795e-04,
       6.1487537157351975e-04, -2.1293024811952044e-03,
       -3.4169698712686367e+00, -1.0396073772568919e+01,
       3.4746061827070656e+00, -1.2411548837656963e+00,
       1.5100340884308741e+00, -2.0172307033277042e+00,
       5.9575342128178818e-04, 6.0388397068533450e-01,
       2.4450686795951738e-02, 3.0099997798104466e-01,
       3.2359644157828459e-02, 3.9325057769684993e-04,
       3.6021798557348893e-03, -1.0354267699126172e-02,
       7.3627001747553225e-05, -1.5446590151270121e-05,
       -2.7752347385577564e-04, -1.0332701703868830e-03,
       -3.1815097443515521e+00, -1.1041750706603819e+00,
       5.3406420778429153e-01, 5.6043853862786319e-01,
       1.2935044978863411e-01, -2.9028588331189470e-01,
       -6.6612015061112084e-02, -4.0649742221797527e-02,
       2.0345496373989441e-02, 3.2359644157828452e-02,
       3.1530913070677034e-02, -1.1862535378649377e-03,
       2.9642320880105845e-04, 5.4576867914830093e-04,
       -8.0156782764023932e-04, 1.7864347133216823e-04,
       1.8558656323560723e-05, -2.5253629780104412e-04,
       -8.7297552143125168e-01, -6.4340090830570040e-01,
       1.0846591878155779e-01, 3.0243931732067969e-01,
       1.6054867333361247e-01, -1.2023756949363196e-01,
       5.1165935998034207e-02, -4.5972046566112347e-03,
       1.5821623020336732e-02, 3.9325057769684993e-04,
