%YAML:1.0
means: !!opencv-matrix
   rows: 13
   cols: 3
   dt: d
   data: [ 2.8246196637616507e+01, -1.0644029699283475e+02,
       1.9579835152500952e+01, -7.1580121843192714e+01,
       -6.8262181235898352e+00, 8.9979504771355593e+01,
       1.7842898739743831e+02, 3.5374872507446092e+01,
       3.1741031710452145e+01, 9.4683743869750202e+01,
       8.9639550684561044e+01, -3.9271492254692610e+01,
       -1.9851475340818314e+02, 4.6929529606544229e+01,
       4.4438997406913380e+01, -7.9351272044525814e+01,
       -3.0488996115125964e+01, -4.4820022008750691e+00,
       -2.5840438084827088e+02, 1.7497683553324791e+01,
       -2.2896759513313572e+01, -5.6343473608698623e+01,
       1.2790409307028083e+01, -6.9786335876125534e+01,
       1.3787989018288192e+02, -3.9862978480104346e+01,
       8.2311298338899803e+00, 5.8799686365809194e+01,
       -3.3302789381532563e+01, -5.4427961863884242e+01,
       2.2572611493626806e+00, 5.9585842629113678e+01,
       1.3873631919267254e+01, -1.4925359643557695e+02,
       -8.4268004801158227e+01, 2.5559776664933501e+01,
       1.0879644086222471e+02, -1.2934021463938363e+01,
       7.0265265811921751e+01 ]
covs: !!opencv-matrix
   rows: 39
   cols: 3
   dt: d
   data: [ 4.1190642562606472e+03, 2.5001934462011343e+02,
       -2.4314879223906277e+02, 2.5001934462011351e+02,
       4.8580617495989309e+03, 3.6190360812282353e+02,
       -2.4314879223906260e+02, 3.6190360812282364e+02,
       1.4048447222835230e+03, 2.4554681852320532e+03,
       -6.5769545637046133e+02, -3.4370943976171213e+02,
       -6.5769545637046144e+02, 1.0511192908907200e+04,
       4.7305467469664279e+02, -3.4370943976171213e+02,
       4.7305467469664273e+02, 5.0084754181328793e+02,
       3.5927803529843982e+03, -8.3872567583841010e+02,
       -2.3879894623941829e+02, -8.3872567583840998e+02,
       6.2391378932108200e+03, -7.5142872701572202e+01,
       -2.3879894623941829e+02, -7.5142872701572216e+01,
       2.8310363824707912e+02, 4.1052816810248023e+03,
       -2.6929648307671818e+02, 1.1478994825220589e+03,
       -2.6929648307671818e+02, 2.2226593895720825e+03,
       1.7949952669780106e+02, 1.1478994825220589e+03,
       1.7949952669780100e+02, 1.7686794041452547e+03,
       2.9670795895524147e+03, 7.2138099749826904e+02,
       1.4856688571486791e+03, 7.2138099749826893e+02,
       8.3893181681557562e+03, -1.2314058084057997e+02,
       1.4856688571486791e+03, -1.2314058084057993e+02,
       1.3109784989217478e+03, 3.6865558343464172e+03,
       -1.0846562097255958e+03, -2.7855161737185273e+02,
       -1.0846562097255962e+03, 9.0882277178411478e+03,
       2.1506777393534712e+03, -2.7855161737185273e+02,
       2.1506777393534712e+03, 1.6514802585433172e+03,
       2.7128263259603114e+03, -4.2506932817444664e+02,
       1.1372244615557598e+02, -4.2506932817444653e+02,
       1.1092444156433252e+04, 3.8546126674863234e+02,
       1.1372244615557597e+02, 3.8546126674863234e+02,
       3.3045594119368917e+02, 5.9121628013419695e+03,
       9.8508307094112195e+02, -1.5549321749746318e+03,
       9.8508307094112195e+02, 1.0178779893049919e+04,
       4.2860104588919768e+02, -1.5549321749746321e+03,
       4.2860104588919768e+02, 8.9240974734907854e+02,
       2.9690036266103120e+03, -3.2442421532604919e+02,
       -1.5544731591843689e+02, -3.2442421532604925e+02,
       5.5052945611326450e+03, -4.8619073988534518e+02,
       -1.5544731591843689e+02, -4.8619073988534518e+02,
       7.3449964833930403e+02, 2.8368389611375369e+03,
       -2.6592361071985363e+02, 4.4918319629549495e+02,
       -2.6592361071985363e+02, 3.8331266874197108e+03,
       1.5786981523797132e+02, 4.4918319629549484e+02,
       1.5786981523797127e+02, 1.2674693275415175e+03,
       3.2970635957058412e+03, -6.6620564156810104e+01,
       1.9202811797210227e+03, -6.6620564156810119e+01,
       7.8672699121863834e+03, -4.2146091077319085e+02,
       1.9202811797210227e+03, -4.2146091077319096e+02,
       1.5701051517328897e+03, 2.8469473030868803e+03,
       5.2597463881910483e+02, 1.6778715811389825e+03,
       5.2597463881910483e+02, 6.8715714827522825e+03,
       2.2623231691016599e+02, 1.6778715811389825e+03,
       2.2623231691016593e+02, 1.4704672886239605e+03,
       5.3285214080549404e+03, 8.7517791333962930e+02,
       -1.2588707643811133e+03, 8.7517791333962919e+02,
       9.8949137951183693e+03, 4.3555289302853730e+01,
       -1.2588707643811133e+03, 4.3555289302853737e+01,
       4.8458307643514706e+02 ]
weights: !!opencv-matrix
   rows: 1
   cols: 13
   dt: d
   data: [ 5.4021692096079876e-02, 5.8397406304084812e-02,
       5.9343768952307363e-02, 9.5688028831409269e-02,
       6.9470098034859859e-02, 8.6732628164088069e-02,
       4.6942512509179843e-02, 1.0336756458375829e-01,
       8.8885245680788358e-02, 1.3085910983440741e-01,
       8.8489954439385649e-02, 4.3922123828442738e-02,
       7.3879866741186351e-02 ]
pca_proj: !!opencv-matrix
   rows: 3
   cols: 21
   dt: f
   data: [ 4.36961316e-02, 8.50134730e-01, 1.73015636e-04,
       6.54514134e-02, 4.60692108e-01, 2.29939164e-04, 7.67599978e-03,
       1.46649793e-01, -1.37564148e-05, 1.21663406e-03, 1.30500361e-01,
       -5.45994153e-05, 8.06188770e-03, 1.42052382e-01, -2.12945142e-05,
       -2.45414903e-05, 9.56867734e-06, -1.94090262e-06, 3.13729906e-05,
       4.34020360e-04, 2.32224409e-07, 7.68702388e-01, -5.10314330e-02,
       1.14127281e-04, 4.21110362e-01, -3.83849256e-02, 4.02935693e-05,
       2.81941950e-01, -1.35209868e-02, 1.95932400e-04, 2.66951323e-01,
       -4.70317341e-03, 2.29704310e-04, 2.76557714e-01, -1.55316098e-02,
       2.11025646e-04, -3.74769334e-05, 5.54774260e-06, -7.89335627e-06,
       8.86836962e-04, -5.85095040e-05, 1.91629806e-04, 1.28585771e-02,
       -3.46314937e-01, -1.22481215e-04, -4.01510373e-02, 1.58088982e-01,
       -1.45607672e-04, 1.89476740e-02, 5.27356327e-01, 2.33430081e-04,
       1.79703757e-02, 5.36674440e-01, 2.90960423e-04, 1.17339585e-02,
       5.35117626e-01, 2.47836346e-04, -7.02231409e-06, -3.17391914e-06,
       2.59759432e-08, 1.54912759e-05, 1.72088097e-03, 2.08691781e-04 ]
pca_mean: !!opencv-matrix
   rows: 1
   cols: 21
   dt: f
   data: [ 2.07625534e+02, 2.55653595e+02, 1.54502928e+00,
       2.18915131e+02, 2.60592743e+02, 1.67241716e+00, 2.65274475e+02,
       2.24016678e+02, 1.71669352e+00, 3.19420807e+02, 1.63929108e+02,
       1.75046074e+00, 3.16613464e+02, 2.25532654e+02, 1.70717156e+00,
       1.08872897e-04, -9.74175637e-05, 6.24380555e-05, -2.17504916e-04,
       -2.50119597e-01, 1.75055194e+00 ]
gamma: !!opencv-matrix
   rows: 13
   cols: 1
   dt: d
   data: [ 8.6662265893968249e-01, 8.3049286559782043e-01,
       8.1001329344046413e-01, 8.7040030982005134e-01,
       9.2373406586369544e-01, 8.6377663453924447e-01,
       8.5247166439134181e-01, 8.1634900890174333e-01,
       8.3936381520041525e-01, 8.6666412711748697e-01,
       8.9015652260666156e-01, 9.0993738041295069e-01,
       8.0767779613437163e-01 ]
