%YAML:1.0
means: !!opencv-matrix
   rows: 10
   cols: 7
   dt: d
   data: [ 1.4542323796001517e+02, 7.7912664835626022e-01,
       -4.1904293989043445e+01, 3.3211576582072886e+00,
       -5.9914387014997192e+00, 1.3262849539037713e+01,
       1.4888150904202910e-01, -1.7098617938884340e+02,
       -5.2129957905113024e+01, 3.5201302564775531e+01,
       3.7865343988823497e+01, -1.1845568019322400e+01,
       6.5893661535844261e+00, -6.7472368336775265e-02,
       4.1667861718381275e+01, 1.2010872594815801e+01,
       6.5336792605825214e-02, -1.5927466076980586e+01,
       1.4651145455604029e+00, -5.2589432295332434e+00,
       -2.5732410287079497e+00, -4.3588110671898356e+01,
       9.5432360574513552e+01, 1.1941792934376263e+01,
       -5.6283828840820952e+01, 1.3807518766423197e+01,
       3.0121631955002082e+00, -1.5581459805787248e+00,
       -1.7935565064363951e+02, 6.3765781951641166e+01,
       4.0125818962277130e+01, -3.8435734247577294e+01,
       -1.4749768349972342e+01, 2.2337458909713432e+00,
       -1.2256884198238660e+00, -5.7386451899002445e+01,
       -4.7277634609887045e+01, 2.1089083197540447e+01,
       3.1845568951774009e+01, 1.4623117167278338e+01,
       -7.2220152548772676e+00, 8.5958638849557856e-01,
       1.0374009979834888e+02, -3.5102506138049016e+01,
       -2.6763276666108400e+01, 2.1356770582816718e+01,
       -6.6984475782494126e+00, 7.4459906469008317e+00,
       -1.1300360650990229e+00, 3.4266645106455336e+01,
       -9.8428978669348439e+01, -1.1252823555893317e+01,
       6.6191148369247145e+01, -3.8166251190671407e+00,
       -5.9598560758045116e-01, 2.0572116919622703e+00,
       8.1756048527389339e+01, 1.6306913924520341e+01,
       -2.3580307729939342e+01, -3.2512457881369073e+01,
       -2.6041215920911974e+01, -1.9805031851836496e+01,
       1.0311674535848570e+00, 3.7316373074535036e+01,
       2.6970532952334509e+01, -6.4026613813450961e+00,
       -1.0312863147773342e+01, 2.2566588952004480e+01,
       4.8194339779704465e-01, 1.3855044280126527e+00 ]
covs: !!opencv-matrix
   rows: 70
   cols: 7
   dt: d
   data: [ 4.5092063034729945e+03, 2.3974978476808579e+02,
       2.7958615195814846e+03, -4.1943429731804464e+01,
       -1.4877352577877392e+02, -8.6302968164212416e+01,
       -5.8709464817173576e+01, 2.3974978476808579e+02,
       6.3064877598240819e+03, -2.0588544364923109e+02,
       1.7367235469235168e+03, -1.0323993352364253e+02,
       -8.5681842240203622e+01, 2.6300411192952289e+01,
       2.7958615195814846e+03, -2.0588544364923101e+02,
       2.5179462558489145e+03, 1.4844682472503615e+02,
       -8.6117552133513314e+01, 5.7216690740237226e+01,
       3.7869115083522480e+01, -4.1943429731804443e+01,
       1.7367235469235172e+03, 1.4844682472503615e+02,
       1.5151798179885272e+03, -1.9953868226731938e+01,
       -9.6774712917823365e+01, -5.9393922144094766e+00,
       -1.4877352577877389e+02, -1.0323993352364253e+02,
       -8.6117552133513314e+01, -1.9953868226731938e+01,
       2.2772108252251009e+01, 1.4334518778183247e+01,
       -5.1452836121728058e+00, -8.6302968164212402e+01,
       -8.5681842240203636e+01, 5.7216690740237219e+01,
       -9.6774712917823351e+01, 1.4334518778183247e+01,
       4.7841998055716516e+01, 1.1860126265528066e+01,
       -5.8709464817173583e+01, 2.6300411192952289e+01,
       3.7869115083522480e+01, -5.9393922144094740e+00,
       -5.1452836121728041e+00, 1.1860126265528066e+01,
       2.1237196774096045e+01, 6.1828661388825885e+03,
       -8.5394597760258500e+02, 2.8420391726863941e+03,
       8.1387278949950974e+02, -8.3124525952841267e+01,
       -1.1521886694098004e+02, 7.7917172833190875e+01,
       -8.5394597760258500e+02, 8.3630315597290464e+03,
       2.4726504376058523e+02, 1.0013790681537980e+03,
       8.3206312982559822e+01, 2.8571614088884445e+02,
       4.5025937835945065e+01, 2.8420391726863941e+03,
       2.4726504376058540e+02, 2.4343584238726794e+03,
       -1.8659708095742513e+02, -4.9355162798913582e+01,
       2.5463972662219479e+01, -2.1168087337993072e+01,
       8.1387278949950996e+02, 1.0013790681537980e+03,
       -1.8659708095742508e+02, 1.7422296831686579e+03,
       -1.1653132257583459e+02, -2.1617662498026982e+02,
       -2.2173967567850113e+01, -8.3124525952841267e+01,
       8.3206312982559794e+01, -4.9355162798913582e+01,
       -1.1653132257583459e+02, 7.5439110706699665e+01,
       5.8500892642754136e+00, 3.7339846263953764e+00,
       -1.1521886694098004e+02, 2.8571614088884445e+02,
       2.5463972662219483e+01, -2.1617662498026982e+02,
       5.8500892642754092e+00, 1.2754441730730966e+02,
       1.2593459485614728e+01, 7.7917172833190861e+01,
       4.5025937835945065e+01, -2.1168087337993072e+01,
       -2.2173967567850113e+01, 3.7339846263953751e+00,
       1.2593459485614728e+01, 2.2585862536007728e+01,
       8.5522699464577454e+03, 1.1953407926136251e+02,
       2.3136059016225508e+03, 2.4273737672095368e+02,
       -3.9818223199362950e+02, 3.7774968151575831e+02,
       -2.6621829461567103e+02, 1.1953407926136258e+02,
       7.3448116549501665e+03, -1.1761374348982709e+02,
       1.6590892743674242e+03, -1.9387849375230439e+02,
       -2.2933314196193535e+02, 1.0679274868858236e+02,
       2.3136059016225508e+03, -1.1761374348982716e+02,
       2.8073867466319048e+03, 5.2580132191263679e+01,
       2.0554935084841676e+02, -2.1009637254949453e+01,
       4.6555150246933650e+01, 2.4273737672095368e+02,
       1.6590892743674242e+03, 5.2580132191263665e+01,
       1.6920173092843727e+03, 6.5564172914354216e+01,
       2.0782640354091640e+02, -6.5352688719380311e+01,
       -3.9818223199362950e+02, -1.9387849375230445e+02,
       2.0554935084841676e+02, 6.5564172914354216e+01,
       4.1532377807044713e+02, 7.2861563465380613e+01,
       -2.4420892040298529e+01, 3.7774968151575837e+02,
       -2.2933314196193535e+02, -2.1009637254949475e+01,
       2.0782640354091640e+02, 7.2861563465380598e+01,
       3.3531315396206656e+02, -4.8276769360693308e+01,
       -2.6621829461567103e+02, 1.0679274868858236e+02,
       4.6555150246933671e+01, -6.5352688719380311e+01,
       -2.4420892040298529e+01, -4.8276769360693294e+01,
       5.5171212136068831e+01, 1.0534168116275376e+04,
       2.4009221880178702e+03, 2.1508125725776022e+03,
       -1.0065964271346513e+03, 8.7167483269387083e+02,
       -1.5284585563207648e+02, 1.7580031559084753e+02,
       2.4009221880178702e+03, 1.0595991619762310e+04,
       -7.1142000976730185e+02, 5.4364405779671972e+02,
       -3.0242113815341793e+02, 1.1858766447535459e+03,
       -9.0996604934109342e+01, 2.1508125725776017e+03,
       -7.1142000976730185e+02, 2.7386532399300909e+03,
       2.3624978110529244e+02, -1.6292987053918009e+02,
       6.3929176930637148e+01, -6.1121712744472042e+01,
       -1.0065964271346513e+03, 5.4364405779671972e+02,
       2.3624978110529250e+02, 1.9711439331810791e+03,
       8.7086589046605738e+01, -4.6595450324942010e+02,
       2.2295282870266195e+01, 8.7167483269387083e+02,
       -3.0242113815341793e+02, -1.6292987053918009e+02,
       8.7086589046605710e+01, 3.6069619932929663e+02,
       -2.4177292783970816e+02, 4.6851715826535802e+01,
       -1.5284585563207648e+02, 1.1858766447535459e+03,
       6.3929176930637169e+01, -4.6595450324942010e+02,
       -2.4177292783970819e+02, 5.1788973991827800e+02,
       -3.7449929522344505e+01, 1.7580031559084753e+02,
       -9.0996604934109342e+01, -6.1121712744472021e+01,
       2.2295282870266202e+01, 4.6851715826535795e+01,
       -3.7449929522344505e+01, 4.1351559152897721e+01,
       6.3240754029845884e+03, -2.6848823650228894e+02,
       3.0597780191053780e+03, 2.7781460839586356e+02,
       1.6786487713992793e+02, -4.8198880470574011e+02,
       1.2322890019374371e+02, -2.6848823650228911e+02,
       6.8839375318621769e+03, -6.1013579336870052e+01,
       1.9691153463010830e+03, -2.7772879794570997e+02,
       4.0324679655329277e+02, -6.4820204656118207e+01,
