%YAML:1.0
means: !!opencv-matrix
   rows: 5
   cols: 2
   dt: d
   data: [ -2.9587120355148162e+01, 4.7110707066175223e+01,
       8.9533729395341325e+01, -4.5380110632529473e+01,
       1.1965828167315381e+02, 7.5699149589534898e+01,
       -6.2663773054058957e+01, -1.0332323540038574e+02,
       -2.0222146835509497e+02, 4.3198275216836755e+01 ]
covs: !!opencv-matrix
   rows: 10
   cols: 2
   dt: d
   data: [ 6.8882447008498102e+03, 7.6953927365017739e+02,
       7.6953927365017739e+02, 7.8124749784527257e+03,
       6.0672344569239231e+03, -5.1622029484458096e+02,
       -5.1622029484458096e+02, 4.0725421435098319e+03,
       5.3719426028818234e+03, -2.7862057922518318e+02,
       -2.7862057922518306e+02, 2.7549495793676097e+03,
       1.1375556529857522e+04, -4.2367772710715087e+02,
       -4.2367772710715087e+02, 5.2940514247904430e+03,
       4.9234143629958417e+03, -1.2164132224192757e+02,
       -1.2164132224192757e+02, 8.2579333196403240e+03 ]
weights: !!opencv-matrix
   rows: 1
   cols: 5
   dt: d
   data: [ 2.6430394215813224e-01, 2.7066673034908872e-01,
       1.6532296957683515e-01, 1.7491094349046873e-01,
       1.2479541442547280e-01 ]
pca_proj: !!opencv-matrix
   rows: 2
   cols: 21
   dt: f
   data: [ 4.36961316e-02, 8.50134730e-01, 1.73015636e-04,
       6.54514134e-02, 4.60692108e-01, 2.29939164e-04, 7.67599978e-03,
       1.46649793e-01, -1.37564148e-05, 1.21663406e-03, 1.30500361e-01,
       -5.45994153e-05, 8.06188770e-03, 1.42052382e-01, -2.12945142e-05,
       -2.45414903e-05, 9.56867734e-06, -1.94090262e-06, 3.13729906e-05,
       4.34020360e-04, 2.32224409e-07, 7.68702388e-01, -5.10314330e-02,
       1.14127281e-04, 4.21110362e-01, -3.83849256e-02, 4.02935693e-05,
       2.81941950e-01, -1.35209868e-02, 1.95932400e-04, 2.66951323e-01,
       -4.70317341e-03, 2.29704310e-04, 2.76557714e-01, -1.55316098e-02,
       2.11025646e-04, -3.74769334e-05, 5.54774260e-06, -7.89335627e-06,
       8.86836962e-04, -5.85095040e-05, 1.91629806e-04 ]
pca_mean: !!opencv-matrix
   rows: 1
   cols: 21
   dt: f
   data: [ 2.07625534e+02, 2.55653595e+02, 1.54502928e+00,
       2.18915131e+02, 2.60592743e+02, 1.67241716e+00, 2.65274475e+02,
       2.24016678e+02, 1.71669352e+00, 3.19420807e+02, 1.63929108e+02,
       1.75046074e+00, 3.16613464e+02, 2.25532654e+02, 1.70717156e+00,
       1.08872897e-04, -9.74175637e-05, 6.24380555e-05, -2.17504916e-04,
       -2.50119597e-01, 1.75055194e+00 ]
gamma: !!opencv-matrix
   rows: 5
   cols: 1
   dt: d
   data: [ 9.1470828731813569e-01, 8.7880212838582128e-01,
       8.6329348516354176e-01, 9.1172495165064860e-01,
       9.1618666865177401e-01 ]
