%YAML:1.0
means: !!opencv-matrix
   rows: 5
   cols: 14
   dt: d
   data: [ 6.3429361326193053e+01, -1.2454066510830682e+01,
       -9.4964008547483019e+00, 1.2109932269218982e+01,
       6.3040252560419265e+00, 4.2107699493516177e+00,
       9.2787938484377075e-01, -1.3992134220190344e-01,
       -3.0867852461130169e-01, -5.1219497115479852e-03,
       1.2079974190206523e-02, 1.1307521093793287e-02,
       1.8420443681372669e-03, -3.6147764492365985e-03,
       -1.7309924439558628e+02, -3.4952455727857533e+01,
       4.1813550019239550e+01, 1.9350585303023426e+00,
       -1.2745520538509092e+01, -2.6320088039929392e+00,
       -1.1589556736532038e+00, 4.9454064356407684e-01,
       -3.7613655251845857e-01, 1.2145599635632842e-01,
       -3.5224630631340868e-02, 2.2853624461621124e-03,
       4.4504618362625016e-04, 4.1693495043418160e-04,
       1.4481217536909510e+01, -8.4456256063808581e+01,
       -3.8779994298881668e+00, 2.5627039077419695e+01,
       -2.3857949091223580e+00, -1.4186812346163588e+01,
       -1.1389955944592212e+00, -1.9937044800314502e-01,
       9.7591428505383582e-01, -4.9372679427700672e-01,
       -1.3263881465690683e-01, -7.7722795143865167e-02,
       3.1812439084142356e-03, 1.9928303795154413e-03,
       6.6011771686942851e+01, 3.0000459956471278e+01,
       -1.4153992778276161e+01, -5.3118885571842140e+00,
       5.1996772173567960e+00, -8.1025679627699532e+00,
       -8.2667958680559845e+00, 9.5143545396995477e-01,
       4.1313904522429530e+00, 1.0682853624711539e+00,
       1.2848871039197338e-01, 6.0424553127956623e-02,
       -4.4032642354305013e-02, 2.0906089290475962e-02,
       -2.4583838953261800e+01, 1.1444047444263461e+02,
       -1.1631586003610373e+01, -5.0974229057819954e+01,
       -4.8146234354945809e+00, 5.5531804030149212e-01,
       1.4181848797770771e+00, -2.7524329207971521e-01,
       -3.4426023001624556e-01, -1.2220216324129564e-01,
       4.1078355068066154e-02, -9.5928606179020246e-03,
       4.3248952036397713e-03, 3.6476205893785424e-03 ]
covs: !!opencv-matrix
   rows: 70
   cols: 14
   dt: d
   data: [ 1.0823351465913303e+04, 1.7890943938777946e+02,
       1.0605175017034869e+03, -4.6478551305794184e+02,
       -1.1923521768890664e+03, -3.4555023065564819e+02,
       -9.7614680188026810e+01, 1.2377152770602859e+01,
       -3.2478303385848307e+01, 1.0898039672461610e+00,
       -1.6090850607501075e+00, -4.1565290316738179e-01,
       1.0536404787458384e-01, -8.7161332787522805e-02,
       1.7890943938777951e+02, 8.5644400708292433e+03,
       3.4118719275189176e+02, 1.4711064107084142e+03,
       -1.4811804484994965e+02, -4.2139583655657896e+02,
       -5.3631183373347142e+01, -2.1154775749030840e+01,
       -1.2546082906568223e+01, -8.6132245031328409e+00,
       -1.1828434965050167e+00, -1.8660735527010172e-01,
       7.4877599962983654e-02, -1.4305654549542374e-01,
       1.0605175017034869e+03, 3.4118719275189181e+02,
       3.0586951632872374e+03, -1.2910836233550557e+02,
       2.8936369471525200e+02, 9.7519087478871398e+01,
       2.8983335777146500e+01, -2.9928192681843595e+00,
       5.8025146187471393e+00, 1.5373776930074163e+00,
       2.3971406734933204e-01, -1.6042539788997298e-01,
       2.8236061700744115e-02, 7.3045204875540184e-02,
       -4.6478551305794184e+02, 1.4711064107084142e+03,
       -1.2910836233550557e+02, 2.2296623498340114e+03,
       -7.7651151174138874e+01, 1.1075238136538488e+02,
       7.9728863582169014e+00, 1.1300345094487954e+01,
       7.5998174646819132e+00, -7.5764003839255134e-01,
       6.5316299401039402e-01, -6.3537825588869348e-02,
       -1.8110484629774597e-02, 5.9242835006765970e-02,
       -1.1923521768890662e+03, -1.4811804484994963e+02,
       2.8936369471525200e+02, -7.7651151174138917e+01,
       5.4265806067410972e+02, -7.2038058896367914e+01,
       -1.0228337808638173e+01, -1.0112354351776773e+01,
       -5.4601630379256765e+00, 9.1446961267833948e-01,
       2.3459990172839087e-01, 2.3911178545329828e-02,
       -1.0704070106047542e-04, 3.9935405793023765e-02,
       -3.4555023065564819e+02, -4.2139583655657907e+02,
       9.7519087478871384e+01, 1.1075238136538486e+02,
       -7.2038058896367900e+01, 2.5881944220238341e+02,
       -8.3770150297124317e+00, 2.3649024637558966e+00,
       5.3840313809734655e+00, -1.8631224291039454e+00,
       6.6004092059228150e-02, -2.2075197599508206e-01,
       -1.6578027741524802e-02, 3.4565945304057488e-02,
       -9.7614680188026810e+01, -5.3631183373347142e+01,
       2.8983335777146500e+01, 7.9728863582169014e+00,
       -1.0228337808638171e+01, -8.3770150297124317e+00,
       2.3352566210203555e+01, 2.7167245959210168e-01,
       3.5435826333541836e+00, 2.0666416076974650e-01,
       -1.6407178061872397e-03, 5.1716347119281449e-02,
       -3.4063731345481497e-02, 1.2245421478195099e-02,
       1.2377152770602853e+01, -2.1154775749030826e+01,
       -2.9928192681843608e+00, 1.1300345094487959e+01,
       -1.0112354351776773e+01, 2.3649024637558966e+00,
       2.7167245959210157e-01, 1.4031637666354968e+01,
       -7.3704354170964037e-01, 6.1061360072248805e-01,
       1.5546526215896403e-02, -7.4983656932826282e-03,
       1.9352913831993954e-03, 1.4078746800032885e-02,
       -3.2478303385848307e+01, -1.2546082906568223e+01,
       5.8025146187471366e+00, 7.5998174646819159e+00,
       -5.4601630379256765e+00, 5.3840313809734655e+00,
       3.5435826333541836e+00, -7.3704354170964059e-01,
       1.3095088894644242e+00, 3.2441768879209978e-02,
       2.5300859806849270e-02, 1.5893381251713513e-02,
       1.5912934368031411e-02, -7.8456491848589137e-04,
       1.0898039672461606e+00, -8.6132245031328409e+00,
       1.5373776930074161e+00, -7.5764003839255134e-01,
       9.1446961267833982e-01, -1.8631224291039452e+00,
       2.0666416076974642e-01, 6.1061360072248794e-01,
       3.2441768879209978e-02, 2.8576663371514449e-01,
       1.3561108038594274e-02, 1.0725395173088543e-03,
       3.5038787609792781e-03, -1.1612151098447578e-02,
       -1.6090850607501073e+00, -1.1828434965050172e+00,
       2.3971406734933201e-01, 6.5316299401039390e-01,
       2.3459990172839090e-01, 6.6004092059228137e-02,
       -1.6407178061872368e-03, 1.5546526215896403e-02,
       2.5300859806849270e-02, 1.3561108038594274e-02,
       2.6139202550424605e-02, -7.1680106489505676e-04,
       2.2204343061790887e-04, 1.9690908196014350e-04,
       -4.1565290316738179e-01, -1.8660735527010172e-01,
       -1.6042539788997301e-01, -6.3537825588869334e-02,
       2.3911178545329821e-02, -2.2075197599508212e-01,
       5.1716347119281449e-02, -7.4983656932826282e-03,
       1.5893381251713513e-02, 1.0725395173088546e-03,
       -7.1680106489505676e-04, 1.9160401316832389e-03,
       4.6485037797642256e-04, -3.0983699188701976e-05,
       1.0536404787458378e-01, 7.4877599962983557e-02,
       2.8236061700744088e-02, -1.8110484629774586e-02,
       -1.0704070106047359e-04, -1.6578027741524795e-02,
       -3.4063731345481497e-02, 1.9352913831993943e-03,
       1.5912934368031411e-02, 3.5038787609792781e-03,
       2.2204343061790860e-04, 4.6485037797642256e-04,
       2.2752585036755614e-03, 5.0183304272822633e-05,
       -8.7161332787522791e-02, -1.4305654549542379e-01,
       7.3045204875540157e-02, 5.9242835006765991e-02,
       3.9935405793023779e-02, 3.4565945304057495e-02,
       1.2245421478195101e-02, 1.4078746800032885e-02,
       -7.8456491848589072e-04, -1.1612151098447578e-02,
       1.9690908196014342e-04, -3.0983699188702003e-05,
       5.0183304272822667e-05, 2.1750286298010827e-03,
       6.5290725048603763e+03, -3.0351626290320166e+02,
       2.9445154767491586e+03, -8.1735404100400388e+02,
       1.4135048963257276e+02, 1.1872578192069064e+02,
       7.8427388741362918e+01, 2.5103486489856202e+01,
       1.4466116553740894e+01, 4.7795077004115250e+00,
       -1.6484127763002039e+00, 4.1201313921591398e-01,
       4.8984187218602615e-03, 2.2603633383378255e-01,
