%YAML:1.0
means: !!opencv-matrix
   rows: 6
   cols: 9
   dt: d
   data: [ -9.6195636810263110e+01, -1.4566913215034472e+02,
       3.1533196663383109e+01, 4.7915035496707901e+01,
       -8.6579542924098760e+00, -1.1350149162618166e+01,
       -3.4869876514590570e+00, -1.0871011484432551e+00,
       8.4034343317917826e-01, -1.5478893676488343e+02,
       -1.3458547835435414e+01, 4.1235538612070251e+01,
       -6.4138380715805277e-01, -6.1092610772462814e+00,
       6.6247663808421384e+00, 7.2804801187412005e-01,
       1.2764295348328329e+00, -7.3685923210246729e-01,
       -2.4918337943027378e+01, -5.2374656954332743e-01,
       3.8762698928874442e+00, -1.1070673634649543e+01,
       -2.3482412600203646e+00, -1.4586275405633740e+01,
       -4.0783690886087056e+00, 7.7429119844369743e-01,
       2.6259701842823313e+00, 1.4059474957787691e+02,
       -2.3829581786814284e+01, -3.3709909437630103e+01,
       2.8514175026186656e+01, -1.9542927238774517e+01,
       8.1435107724464721e+00, 9.1735127392882332e-01,
       3.2016143453267165e-01, -2.4807202386172986e-01,
       4.9926260556800862e+01, -1.1423976604218813e+01,
       -6.7225798065587954e+00, 7.9351110436198731e+00,
       1.5687036945811942e+01, 6.8449885772459129e-01,
       4.8150667253879109e-01, -4.7000156848762753e-01,
       -4.0629987315543548e-01, -2.0511493184960372e+01,
       1.1159555057425062e+02, -1.0814518287413826e+01,
       -4.9671340260326780e+01, -5.0978209111535886e+00,
       2.6478675112921868e-01, 1.6221425752528618e+00,
       -4.1298106240457427e-01, -3.1639724905163086e-01 ]
covs: !!opencv-matrix
   rows: 54
   cols: 9
   dt: d
   data: [ 1.3339610872906544e+04, -4.0809273170452816e+03,
       1.7297997182766323e+03, 3.7428785150351297e+02,
       1.4474289355409680e+03, -6.4525910136856646e+02,
       1.3741935324429323e+02, 2.4312122221318628e+01,
       7.8518006822436293e-01, -4.0809273170452816e+03,
       9.9735437605024854e+03, 1.5042273693489296e+03,
       1.3787499466869526e+03, 1.2649294477259959e+02,
       1.1120565908272547e+03, 5.3031340461317662e+01,
       4.2938639992337478e+01, 1.0948360811853239e+02,
       1.7297997182766323e+03, 1.5042273693489294e+03,
       2.6979357888502441e+03, -3.1011152161963003e+02,
       -3.1189804168512978e+02, 9.2984977080508315e+01,
       -3.3568234881308101e+01, 2.7138977715817023e+00,
       -8.0350366087569363e+00, 3.7428785150351314e+02,
       1.3787499466869526e+03, -3.1011152161963008e+02,
       2.2376353458298709e+03, -6.6352308262989226e+01,
       -2.9624679899474353e+02, -6.4517235403984552e+00,
       -2.4515690542974657e+01, -4.7918487784304560e+01,
       1.4474289355409680e+03, 1.2649294477259954e+02,
       -3.1189804168512978e+02, -6.6352308262989197e+01,
       6.6945654537204280e+02, 9.1877363876963940e+01,
       4.6342994188864843e+01, 1.9157542710822113e+01,
       2.5920858875505036e+01, -6.4525910136856646e+02,
       1.1120565908272549e+03, 9.2984977080508287e+01,
       -2.9624679899474347e+02, 9.1877363876963955e+01,
       3.8664962528052598e+02, -8.9421424228398489e+00,
       1.5517080896215752e+01, 3.2759368638179701e+01,
       1.3741935324429323e+02, 5.3031340461317669e+01,
       -3.3568234881308101e+01, -6.4517235403984552e+00,
       4.6342994188864843e+01, -8.9421424228398489e+00,
       3.5908378470521562e+01, 1.1462886990706325e+00,
       1.4703145177499610e+00, 2.4312122221318624e+01,
       4.2938639992337500e+01, 2.7138977715817005e+00,
       -2.4515690542974657e+01, 1.9157542710822110e+01,
       1.5517080896215752e+01, 1.1462886990706320e+00,
       1.8243353067524357e+01, 5.7212930458597686e+00,
       7.8518006822436293e-01, 1.0948360811853240e+02,
       -8.0350366087569380e+00, -4.7918487784304567e+01,
       2.5920858875505036e+01, 3.2759368638179701e+01,
       1.4703145177499610e+00, 5.7212930458597695e+00,
       1.4025831574782263e+01, 7.5115127563168171e+03,
       -1.1260336911179840e+02, 2.7272410735565095e+03,
       -5.7180359156243662e+02, 5.3857058403981432e+02,
       4.8173338558492168e+02, 1.1279372413261339e+02,
       2.5820168318819903e+01, 3.8820804748581210e+01,
       -1.1260336911179849e+02, 8.0770948405740073e+03,
       7.0615660468987778e+02, 1.6840447653462043e+03,
       3.8249434910187256e+02, 9.9316875484516931e+00,
       -1.0598851543534096e+01, -1.4544346051223709e+01,
       3.9543260083312308e+00, 2.7272410735565095e+03,
       7.0615660468987778e+02, 2.4585742679216846e+03,
       -6.1935508010108990e+01, -1.3066947335837853e+02,
       -7.1519465456134640e+01, -3.4728592138037747e+01,
       -6.1360688558354504e+00, -3.1287866857538922e+00,
       -5.7180359156243662e+02, 1.6840447653462043e+03,
       -6.1935508010108961e+01, 2.0911384215695643e+03,
       -7.1770117932718620e+01, 8.4636154879682053e+01,
       2.1350499360853028e+01, -8.5306812538076731e+00,
       9.3909491354355641e+00, 5.3857058403981443e+02,
       3.8249434910187267e+02, -1.3066947335837855e+02,
       -7.1770117932718620e+01, 2.5242311373960547e+02,
       9.4768840474319305e+01, 1.1310216588869059e+01,
       7.1653507209089300e+00, 4.0059247008929795e+00,
       4.8173338558492173e+02, 9.9316875484516896e+00,
       -7.1519465456134597e+01, 8.4636154879682053e+01,
       9.4768840474319305e+01, 2.0321188785623696e+02,
       -5.4067126640493397e+00, 1.0660604851609250e+00,
       3.4390480930878979e+00, 1.1279372413261339e+02,
       -1.0598851543534108e+01, -3.4728592138037740e+01,
       2.1350499360853036e+01, 1.1310216588869059e+01,
       -5.4067126640493397e+00, 2.4489217088816133e+01,
       1.4824322855036083e+00, 3.3873569298343051e+00,
       2.5820168318819899e+01, -1.4544346051223712e+01,
       -6.1360688558354530e+00, -8.5306812538076766e+00,
       7.1653507209089300e+00, 1.0660604851609254e+00,
       1.4824322855036078e+00, 1.2940636115393517e+01,
       -1.1504366225468563e+00, 3.8820804748581210e+01,
       3.9543260083312317e+00, -3.1287866857538922e+00,
       9.3909491354355676e+00, 4.0059247008929804e+00,
       3.4390480930878979e+00, 3.3873569298343051e+00,
       -1.1504366225468563e+00, 1.6456661116027211e+00,
       1.6168077073724617e+04, -9.9141754341799140e+02,
       8.6395958717654548e+02, 1.5537205025972520e+02,
       -4.1335231449568641e+02, 4.4483993251083625e+01,
       -2.7494614958238077e+02, 8.1586388353623803e+01,
       1.5734317370381916e+02, -9.9141754341799106e+02,
       1.0534389378357502e+04, 6.5811176654774636e+02,
       9.6376503517499248e+02, 3.1084065305635102e+02,
       2.6367662998502857e+02, -1.6149813849842201e+02,
       4.2840153759950788e+01, 1.1636155372524604e+02,
       8.6395958717654548e+02, 6.5811176654774658e+02,
       2.9691157648011422e+03, -1.3440492283387826e+02,
       5.2561401261772332e+01, -3.0432372882804714e+01,
       6.2369457311259595e+01, -3.1671237342828558e+01,
       -3.0813562319536452e+01, 1.5537205025972520e+02,
       9.6376503517499259e+02, -1.3440492283387832e+02,
       2.2470163122553045e+03, -6.1541328570382426e+01,
       -1.1852425707007171e+02, 3.0169666730947505e+01,
       -5.7569356951186457e-01, -2.4723726952659945e+01,
       -4.1335231449568641e+02, 3.1084065305635102e+02,
       5.2561401261772325e+01, -6.1541328570382426e+01,
       1.8354616322572667e+02, 3.1922673873102944e+01,
       -2.7692693529386567e+01, 1.6752642380495832e+01,
       1.5878116906362044e+01, 4.4483993251083618e+01,
       2.6367662998502863e+02, -3.0432372882804703e+01,
       -1.1852425707007171e+02, 3.1922673873102944e+01,
       1.6781401979457488e+02, -2.7133814209198615e+01,
       -1.6670294867474531e+01, 8.6505359527791050e+00,
       -2.7494614958238077e+02, -1.6149813849842201e+02,
       6.2369457311259588e+01, 3.0169666730947494e+01,
       -2.7692693529386567e+01, -2.7133814209198608e+01,
       4.9977810273666115e+01, -3.4349555888639896e+00,
       -1.1527008652737589e+01, 8.1586388353623832e+01,
       4.2840153759950788e+01, -3.1671237342828558e+01,
