%YAML:1.0
means: !!opencv-matrix
   rows: 12
   cols: 5
   dt: d
   data: [ 1.6676565798359067e+02, 1.4309496508263210e+01,
       -4.7346493186886470e+01, 1.9202782947989654e+01,
       -1.1583396441148210e+01, -1.8845263847675369e+02,
       1.2082614117343012e-01, -2.7536200204779462e+00,
       1.1584926773009003e+00, 5.0987932462925940e+00,
       4.6580579816967891e+00, -3.0711922016064459e+01,
       7.3616573631593312e+00, 8.8999710653606563e+00,
       3.4885288718188917e+01, 7.6097775586986202e+01,
       -5.3519571963381452e+01, -4.1760816468359060e+01,
       -6.0131727114400618e+01, -1.9964722606894039e-01,
       3.2789925105613655e+01, 1.2135499854248741e+02,
       -2.6914457431842614e+01, -4.4076931286408467e+01,
       -9.8288398760796234e+00, -1.8058609570134180e+02,
       -7.8952557055108926e+01, 4.8137705323311302e+01,
       2.3740163554864498e+01, -2.3016488634324297e+01,
       9.9739200312349737e+01, -4.4967832446648046e+01,
       -2.1949856365835817e+01, 3.7786597050615867e+01,
       -2.7181514192504654e+01, 2.9544435718706956e+00,
       -3.2861113678146134e+00, -4.2451929674038588e+01,
       2.6647250959928904e+01, 2.9520289038706506e+00,
       -5.8779728809517145e+01, -4.6412681416245558e+00,
       7.8498886367581079e+01, -1.6084860212562734e+01,
       5.2896091005482075e+00, -8.2244048326181257e+01,
       1.1046847167510381e+02, 8.0036401287011927e+00,
       -4.3607440921565299e+01, -1.0086345054275530e+00,
       1.4910820095681738e+00, -1.5374217944718791e+02,
       1.5343232671816848e+01, 5.5769888848992821e+01,
       1.9232336903432337e+01, 1.2989436208542472e+02,
       4.8294834196352738e+00, 3.6746462649198207e+01,
       -1.8262529335532152e+00, -8.5681278535659455e-01 ]
covs: !!opencv-matrix
   rows: 60
   cols: 5
   dt: d
   data: [ 5.9142915057748987e+03, -4.2059857399577328e+02,
       2.7400359993653924e+03, -7.1426957738819317e+02,
       -5.1836497517610304e+01, -4.2059857399577317e+02,
       6.9459775925968634e+03, 5.8025090095622431e+02,
       1.9983171009707780e+03, 1.3074848200745020e+01,
       2.7400359993653924e+03, 5.8025090095622431e+02,
       2.3203671376875172e+03, -2.0945654660302344e+02,
       -9.9157321926893545e+01, -7.1426957738819328e+02,
       1.9983171009707780e+03, -2.0945654660302344e+02,
       1.7264359957008739e+03, 8.0170961829970054e+01,
       -5.1836497517610304e+01, 1.3074848200745025e+01,
       -9.9157321926893559e+01, 8.0170961829970054e+01,
       4.3452486351071222e+01, 5.9308601255757867e+03,
       -9.1096792125439595e+02, 5.8717136947509709e+02,
       4.0956431772112103e+02, 7.7619321697504415e+02,
       -9.1096792125439583e+02, 8.3008371142826581e+03,
       6.4515940343216266e+02, 1.8273343372922250e+03,
       -3.3190914572242136e+01, 5.8717136947509709e+02,
       6.4515940343216255e+02, 9.3364959875967179e+02,
       2.8333085466339600e+02, -1.2951818869578784e+02,
       4.0956431772112103e+02, 1.8273343372922250e+03,
       2.8333085466339594e+02, 1.9571595945850534e+03,
       1.4463406330781280e+02, 7.7619321697504415e+02,
       -3.3190914572242143e+01, -1.2951818869578784e+02,
       1.4463406330781280e+02, 2.2675150734852284e+02,
       5.1348080474973694e+03, -4.5747847958532765e+02,
       2.9542956733432038e+03, -5.9787115135187503e+02,
       -2.2975247515562464e+02, -4.5747847958532788e+02,
       7.9891754305577715e+03, 4.2117280627174284e+02,
       1.5405378831046871e+03, -1.0664330551085662e+02,
       2.9542956733432038e+03, 4.2117280627174284e+02,
       2.4273662198381785e+03, 1.2212047566204596e+02,
       -5.9683072297908822e+01, -5.9787115135187503e+02,
       1.5405378831046876e+03, 1.2212047566204605e+02,
       2.2366047479501508e+03, 7.5319817694300170e+01,
       -2.2975247515562464e+02, -1.0664330551085662e+02,
       -5.9683072297908829e+01, 7.5319817694300170e+01,
       1.0974241625643613e+02, 8.7362024193765719e+03,
       -1.8376906166348717e+03, 1.7554974745445199e+03,
       4.1084417991673234e+02, -5.7638699679363219e+02,
       -1.8376906166348717e+03, 4.0450712465781698e+03,
       3.6663322861609664e+01, -1.4843049428156444e+03,
       7.4734871370258958e+01, 1.7554974745445199e+03,
       3.6663322861609657e+01, 2.3652189022625412e+03,
       -5.5565788336419928e+02, -5.1967204162905398e+00,
       4.1084417991673234e+02, -1.4843049428156444e+03,
       -5.5565788336419928e+02, 1.1446886056706712e+03,
       -4.9352758672927251e+01, -5.7638699679363219e+02,
       7.4734871370258972e+01, -5.1967204162905398e+00,
       -4.9352758672927251e+01, 1.6708838100548616e+02,
       6.7999319749377082e+03, -3.4967014496556692e+02,
       2.4156865821685910e+03, -8.9321420101638537e+01,
       3.6429940812412781e+01, -3.4967014496556692e+02,
       6.3471253816339877e+03, 6.7103588345741741e+02,
       2.2360803871173343e+03, 7.4610658188287061e+01,
       2.4156865821685910e+03, 6.7103588345741753e+02,
       2.5237340466778810e+03, -2.7789716574810046e+02,
       -1.0914963567086491e+02, -8.9321420101638537e+01,
       2.2360803871173352e+03, -2.7789716574810046e+02,
       1.8689367281549742e+03, 9.3365639216759888e+01,
       3.6429940812412781e+01, 7.4610658188287061e+01,
       -1.0914963567086494e+02, 9.3365639216759874e+01,
       4.2852967418472907e+01, 5.7702777154470123e+03,
       -7.2860669256032941e+02, 2.9383958074525367e+03,
       -5.8431517559325664e+02, -9.5034422659415881e+01,
       -7.2860669256032918e+02, 8.2510267632929153e+03,
       8.4449543608762974e+02, 1.6996693450901291e+03,
       5.8602690060964687e+02, 2.9383958074525367e+03,
       8.4449543608762986e+02, 2.3212309565694936e+03,
       -4.7140691118355299e+01, -4.7986117214180510e+01,
       -5.8431517559325653e+02, 1.6996693450901291e+03,
       -4.7140691118355299e+01, 2.0810188087308384e+03,
       -2.5599787053195246e+02, -9.5034422659415895e+01,
       5.8602690060964687e+02, -4.7986117214180496e+01,
       -2.5599787053195246e+02, 2.0547317611660498e+02,
       4.0944888373131193e+03, -9.4616635128951799e+01,
       2.8735397902132054e+03, -8.0125767372396547e+02,
       -7.9778278793541475e+01, -9.4616635128951813e+01,
       5.0783459766697488e+03, 9.0722214090521015e+02,
       2.6837562294962336e+03, -4.0768357819426576e+01,
       2.8735397902132054e+03, 9.0722214090521038e+02,
       2.5046106565351943e+03, -1.0948661697741318e+02,
       -9.3076512894415245e+01, -8.0125767372396535e+02,
       2.6837562294962336e+03, -1.0948661697741314e+02,
       1.7572882679136819e+03, 6.9105305546551449e+01,
       -7.9778278793541489e+01, -4.0768357819426576e+01,
       -9.3076512894415245e+01, 6.9105305546551449e+01,
       3.5717585387133077e+01, 5.4349599416983528e+03,
       -3.6533104553947874e+02, 2.7885055060981955e+02,
       3.7690088179860373e+02, -2.3753886554560708e+02,
       -3.6533104553947874e+02, 1.0676571496518460e+04,
       1.6775934505176746e+01, 4.5362399179441894e+02,
       3.1390282799707063e+02, 2.7885055060981955e+02,
       1.6775934505176753e+01, 1.2851799821174932e+03,
       2.5618685046608630e+02, -1.7428433961547885e+01,
       3.7690088179860362e+02, 4.5362399179441894e+02,
       2.5618685046608630e+02, 1.8610818789271357e+03,
       -8.5424499774980262e+01, -2.3753886554560705e+02,
       3.1390282799707069e+02, -1.7428433961547892e+01,
       -8.5424499774980262e+01, 2.9461305102910217e+02,
       5.4495673452393521e+03, -1.0173807503279176e+03,
       2.3223124604267801e+02, 6.6025805895971860e+02,
       9.1267886220158584e+02, -1.0173807503279179e+03,
       7.9186955922524030e+03, 8.6382668290241668e+02,
       1.8139732662729959e+03, -5.4460914372123952e+01,
       2.3223124604267801e+02, 8.6382668290241668e+02,
       7.8387464376163393e+02, 2.9265496503738183e+02,
       -1.0682755242583772e+02, 6.6025805895971871e+02,
       1.8139732662729959e+03, 2.9265496503738183e+02,
       1.9058672403126163e+03, 1.6208508811302775e+02,
       9.1267886220158584e+02, -5.4460914372123959e+01,
