%YAML:1.0
means: !!opencv-matrix
   rows: 19
   cols: 9
   dt: d
   data: [ 1.1448640265054598e+02, -1.4420610837456637e+01,
       4.9398035543520393e+01, 1.4571663385653350e+01,
       1.3187010825292749e+01, 3.6386047405009383e+00,
       -1.6523152788646689e-01, 1.0111253556374586e+00,
       5.2838302869320009e-01, -1.9075976424908919e+02,
       8.4817884836193215e+01, 4.1011860456994903e+01,
       -4.7750490177823366e+01, -2.1613319616573502e+01,
       1.1298480611908474e+01, -2.4712811750748620e+00,
       1.9582788779264697e+00, 6.8941839286698847e-01,
       1.9599570874900802e+01, 1.5450660454285861e+02,
       -3.1194121894996257e-01, -8.5548110474785588e+01,
       1.5746388598713795e+01, 1.5016356496088507e+01,
       -2.9772717845327978e-01, 2.3442011678721388e+00,
       1.8602925843696851e+00, 9.1746689234756076e+01,
       4.5977326292896983e+01, -2.2649827320680387e+01,
       -3.1700726877975253e+01, -3.8505430176639727e-01,
       -4.8052972014613671e+00, -1.9495473139079591e-02,
       1.0159908306566952e+00, 2.8352948809440365e-01,
       2.2388406122790041e+00, 4.3860015690776009e+01,
       -3.8111662495456868e+00, -3.1926517242876546e+01,
       -4.7257340878686751e+00, -1.2300252218604662e+01,
       2.4229078158341384e+00, 1.9020164971596232e+00,
       4.5396119748609198e-01, -1.4869356892594774e+02,
       -1.0316936284600894e+02, 2.7551801748098047e+01,
       6.6476662513484413e+01, -1.9680424584916516e+01,
       6.4199936003289504e-01, -2.1894356767410225e-01,
       -1.4417729374690713e+00, 1.0199710782307376e+00,
       -2.4035303696312955e+01, -3.8335513362736030e+01,
       -5.2487667295626164e+00, 2.0644170468892607e+01,
       6.8296535137208703e-01, 5.2615858012219974e-01,
       3.1867515587797723e-01, 1.8321957405765538e-01,
       -4.0391140380890150e-01, 1.6514454136862619e+02,
       2.9924758058174898e+01, -3.6673436037504963e+01,
       -1.2896763571236717e+01, -1.0293766504513124e+01,
       3.3122035523784690e+00, 1.0208115627202252e+00,
       2.1837880830731198e+00, 6.7634889244619179e-01,
       8.1722381123604336e+01, 1.5682692526902555e+01,
       -2.3862122671726127e+01, -3.2348679361280205e+01,
       -2.6501960884915938e+01, -1.9775588421820192e+01,
       9.1485494209720830e-01, -2.3436130383645288e+00,
       2.0177364646939178e-01, 1.4006057117858091e+02,
       -1.0961173565777191e+01, -4.1492060346136384e+01,
       1.2464214933625845e+01, -4.7253025214740578e+00,
       1.2654242559423620e+01, -3.6942387792521514e-01,
       1.4621148873436312e+00, 1.6258422403147349e-01,
       -1.4727027475681115e+02, -1.8116414421160307e+01,
       3.8628493963678814e+01, 1.7130687268096246e+01,
       -1.8875251367478838e+00, 4.9631915039925261e+00,
       1.1653603193968995e+00, 1.7826558664357250e+00,
       6.2322667537204379e-01, -1.9164707007704655e+02,
       3.7534724990301918e+01, 3.9429279246363940e+01,
       -2.6997280003102485e+01, -8.8611054125325079e+00,
       -2.0510691408083912e+00, -2.8140918160315862e+00,
       -4.0984519062286484e+00, -1.6300209987295762e+00,
       9.1291745410294709e+00, -7.1348328711601727e+00,
       -3.0333221640827588e+01, 1.0227906216977106e+01,
       2.0564209716454574e+01, 4.7722047655712929e+00,
       3.1548704195489607e-01, 4.3188213230791844e-01,
       4.0621416679828648e-01, -6.2834796705743187e+01,
       -7.9127529588271287e+01, 1.6519534574409022e+01,
       4.9755125963858518e+01, 7.9479346925616170e+00,
       -4.2787828029659636e+00, 2.1067944423078133e+00,
       -2.7500894580504115e-01, 1.8116630672475989e-01,
       3.7299397188945576e+01, -9.6501871692956954e+01,
       -1.1594100831015322e+01, 6.7363201837234286e+01,
       -4.2714471839607624e+00, -7.5664147726742892e-01,
       2.0853392300542364e+00, -3.7234306836532877e-01,
       2.9797337924205216e-02, -6.1151640459246920e+01,
       2.8740336507042556e+01, 2.1563109441560020e+01,
       -2.5045659810098332e+01, 2.1841776904545071e+01,
       -1.6885872800536664e+01, 2.5744677170949308e+00,
       2.2945554124917314e-01, 1.7739528601751134e-01,
       1.6283667896820174e+02, 2.4839374653102077e+01,
       -4.0663220137186485e+01, -3.0940641383287407e+01,
       -1.0160906064969975e+01, 1.4907341979411720e+01,
       -1.8456164066431877e+00, -4.5108022557941281e+00,
       -2.5322193359410567e+00, -2.0845364693567552e+02,
       -1.5160455175540756e+01, 4.4474816748052788e+01,
       1.6627682222126225e+01, -1.1054495361153869e+01,
       9.9592325251838716e+00, -1.1154998633088780e+00,
       -6.3339075983080240e-01, -9.2706933745421827e-02,
       2.3410954162711263e+01, 2.0976242310101441e+00,
       1.0327569613818554e+01, 1.1269776689843265e+00,
       1.1514602487124597e+01, -3.7459721172351799e+00,
       -7.9920080968593163e+00, -4.4665167360636664e+00,
       -5.4884032144001633e+00 ]
