%YAML:1.0
means: !!opencv-matrix
   rows: 3
   cols: 11
   dt: d
   data: [ 4.3884905027800350e+01, 7.4343522519533920e+01,
       -2.1272362605637166e+01, -2.8540845721115687e+01,
       -6.0482359592332973e+00, -3.7314606340291019e+00,
       -7.7247950748336028e-02, -1.9218817000323854e-01,
       2.7997531522032343e-01, 2.3186888516717095e-02,
       -1.7375233006613235e-02, 5.3359381328463137e+01,
       -3.5511207097124753e+01, -6.5275417855273696e+00,
       1.8665653551328255e+01, 9.0680294221464806e+00,
       3.4113994512871981e+00, 4.9551853774178634e-01,
       -1.1511854912520282e-01, -1.1131707713341253e-02,
       -7.3265848207631518e-02, 3.6212364369151546e-02,
       -1.3967639902732191e+02, -3.7154999544864161e+01,
       3.7063815883272255e+01, 6.2897446842231961e+00,
       -6.7681137572977512e+00, -7.2557348757084383e-01,
       -6.8878619603071622e-01, 4.2413574711436658e-01,
       -3.3041259719603777e-01, 9.4214163735794956e-02,
       -3.6160476037559564e-02 ]
covs: !!opencv-matrix
   rows: 33
   cols: 11
   dt: d
   data: [ 1.5230960906325803e+04, -3.6220353816217639e+03,
       1.0102894698310309e+03, 1.4099968965767680e+03,
       -1.7001895688515532e+02, -2.3457282832548836e+02,
       -7.4941162914748688e+01, 3.8827828570388142e+01,
       -3.5178772380441693e+01, 6.0663776764216482e-01,
       -4.1784668901878810e+00, -3.6220353816217644e+03,
       8.9382390129857286e+03, 1.2932964511880286e+03,
       1.2315855517317441e+03, 5.4830724725947491e+01,
       2.2035630146311146e+02, -3.2189883248664025e+01,
       -4.3349646371155632e+00, -2.3881215293730758e+01,
       -1.8819727051837774e+01, 1.5132967612914010e+00,
       1.0102894698310309e+03, 1.2932964511880286e+03,
       2.9135861736664938e+03, -4.7185102200620639e+02,
       -3.8331025980090416e+01, -2.4629503245466104e+01,
       1.3464719708749911e+01, -6.0133712498551297e+00,
       1.0490407639598656e+01, 2.0179717690060262e+00,
       5.3198125005322905e-01, 1.4099968965767680e+03,
       1.2315855517317441e+03, -4.7185102200620645e+02,
       2.4390565867286950e+03, 1.4908028599211884e+01,
       -2.1753810409920209e+02, -1.3684279826191119e+00,
       1.7215820108875150e+01, 2.7482638927736454e+00,
       -1.1781947210705919e-01, -1.0027380110021693e+00,
       -1.7001895688515532e+02, 5.4830724725947483e+01,
       -3.8331025980090423e+01, 1.4908028599211864e+01,
       1.5048311128300193e+02, 8.1683994113905349e+00,
       -1.0291478921694287e+01, 7.2394553859708806e+00,
       3.4204670324560458e+00, 1.6731027487970920e-01,
       -9.8693186058270099e-02, -2.3457282832548836e+02,
       2.2035630146311141e+02, -2.4629503245466104e+01,
       -2.1753810409920209e+02, 8.1683994113905349e+00,
       8.3500727629519872e+01, -9.3532544145615741e+00,
       -6.9990769250472997e+00, -6.4315311234412391e+00,
       -1.8458016513994355e+00, 2.6928608280872396e-01,
       -7.4941162914748674e+01, -3.2189883248664032e+01,
       1.3464719708749911e+01, -1.3684279826191128e+00,
       -1.0291478921694287e+01, -9.3532544145615759e+00,
       3.6132696954244601e+01, -1.9821925097663879e+00,
       -4.5509245933817519e+00, -9.7640166361425285e-01,
       8.2168449195248461e-02, 3.8827828570388128e+01,
       -4.3349646371155597e+00, -6.0133712498551288e+00,
       1.7215820108875150e+01, 7.2394553859708806e+00,
       -6.9990769250473015e+00, -1.9821925097663882e+00,
       1.6699812505095704e+01, -2.9099230298813683e-01,
       4.0869958883397700e-01, -2.3078731691620655e-02,
       -3.5178772380441679e+01, -2.3881215293730758e+01,
       1.0490407639598656e+01, 2.7482638927736454e+00,
       3.4204670324560458e+00, -6.4315311234412391e+00,
       -4.5509245933817510e+00, -2.9099230298813655e-01,
       6.7186752723632708e+00, 1.1387158307440040e+00,
       4.3452715156638018e-02, 6.0663776764216482e-01,
       -1.8819727051837774e+01, 2.0179717690060262e+00,
       -1.1781947210705944e-01, 1.6731027487970920e-01,
       -1.8458016513994355e+00, -9.7640166361425285e-01,
       4.0869958883397695e-01, 1.1387158307440040e+00,
       7.6806349717652833e-01, 2.2550448726049322e-02,
       -4.1784668901878810e+00, 1.5132967612914010e+00,
       5.3198125005322905e-01, -1.0027380110021691e+00,
       -9.8693186058270099e-02, 2.6928608280872390e-01,
       8.2168449195248489e-02, -2.3078731691620655e-02,
       4.3452715156638018e-02, 2.2550448726049315e-02,
       3.2078916945233994e-02, 8.0203206803913581e+03,
       -2.0315607758397695e+02, 2.0145238694928364e+03,
       -4.4815412453735809e+02, -1.0943252418687678e+03,
       2.1616847396213956e+01, -7.5699508065427949e+01,
       2.1438222075460956e+01, -1.6944525394304936e+01,
       7.6807329322634246e+00, 2.7296395065573370e-01,
       -2.0315607758397695e+02, 9.2959867621228423e+03,
       3.6853552928018274e+02, 1.2725290014290754e+03,
       6.0543697259755120e+01, -1.9344665331579452e+02,
       -3.5649322899612550e+01, -2.4363027384020835e+01,
       -2.4593387982841783e+01, 1.5368907272151445e+01,
       1.2596152278245296e+00, 2.0145238694928364e+03,
       3.6853552928018280e+02, 2.8131122936897582e+03,
       -8.1795984016410230e+01, 2.5282713905346915e+02,
       -6.9767865264317210e+00, 2.3209173011537757e+01,
       -9.0070901648842963e+00, 5.2754123070982466e+00,
       -3.9113053192866545e+00, -1.7283318855231369e-01,
       -4.4815412453735809e+02, 1.2725290014290749e+03,
       -8.1795984016410259e+01, 2.3492719442436032e+03,
       -1.5127368166644030e+02, 9.7105939782611216e+01,
       8.2870688386102334e+00, 3.6498592861702104e+00,
       8.6397773722699505e+00, -1.2381145210155204e+00,
       -5.4574568455789385e-01, -1.0943252418687678e+03,
       6.0543697259755142e+01, 2.5282713905346912e+02,
       -1.5127368166644030e+02, 6.2095076247806116e+02,
       -1.2992705812972901e+02, -1.2350597831959576e+01,
       -1.1951151350123249e+01, -9.8877466571196848e+00,
       9.2377975512806021e-01, 2.1704305600394005e-01,
       2.1616847396213934e+01, -1.9344665331579452e+02,
       -6.9767865264317255e+00, 9.7105939782611202e+01,
       -1.2992705812972901e+02, 3.2287268594417191e+02,
       8.5106202672879472e-01, -2.3411174636832057e+00,
       -1.3011061262011876e+00, 2.5333002348195599e+00,
       -7.3080523286837451e-01, -7.5699508065427963e+01,
       -3.5649322899612564e+01, 2.3209173011537757e+01,
       8.2870688386102351e+00, -1.2350597831959572e+01,
       8.5106202672879516e-01, 2.5143897275957901e+01,
       -5.4853364066597188e-01, 2.6716094270944217e+00,
       9.0838311281813044e-01, -1.2542561530060073e-01,
       2.1438222075460956e+01, -2.4363027384020828e+01,
       -9.0070901648842945e+00, 3.6498592861702108e+00,
       -1.1951151350123247e+01, -2.3411174636832057e+00,
       -5.4853364066597177e-01, 1.5969290743198105e+01,
       8.9624673442638092e-01, -5.7978602980057525e-01,
       4.3331863661275914e-02, -1.6944525394304936e+01,
       -2.4593387982841783e+01, 5.2754123070982466e+00,
       8.6397773722699505e+00, -9.8877466571196830e+00,
       -1.3011061262011869e+00, 2.6716094270944222e+00,
       8.9624673442638103e-01, 2.9553196862229050e+00,
       -1.1823717474254813e+00, -5.5289748044538255e-03,
       7.6807329322634255e+00, 1.5368907272151448e+01,
       -3.9113053192866527e+00, -1.2381145210155204e+00,
       9.2377975512806010e-01, 2.5333002348195608e+00,
       9.0838311281813044e-01, -5.7978602980057548e-01,
       -1.1823717474254813e+00, 1.4867849554262933e+00,
       1.2105852459657188e-02, 2.7296395065573392e-01,
       1.2596152278245296e+00, -1.7283318855231369e-01,
       -5.4574568455789363e-01, 2.1704305600394005e-01,
       -7.3080523286837484e-01, -1.2542561530060070e-01,
       4.3331863661275900e-02, -5.5289748044538255e-03,
       1.2105852459657191e-02, 4.2130576852008939e-02,
       9.4520796840040075e+03, -1.4142340949047598e+03,
       2.4407902192487295e+03, -1.8724770104125284e+02,
       5.6888490076984203e+02, 7.6489651719328648e+01,
