%YAML:1.0
means: !!opencv-matrix
   rows: 12
   cols: 13
   dt: d
   data: [ -1.5893272619722580e+02, 8.4272379737598726e+01,
       1.9000161403150180e+01, -4.5654728990140633e+01,
       -1.3141098384015613e+01, -6.0694431190950056e+00,
       -5.1098311307462763e-01, -5.7999728024282904e-01,
       6.7469588542208614e-01, -4.8122456864702186e-02,
       3.9002486702320073e-02, -4.1239372119559685e-02,
       3.2145857147139003e-03, 4.2774449828012287e+01,
       4.7234991770643013e+01, -8.5705833106793055e+00,
       -2.4109003843507463e+01, -9.6803931663791154e-01,
       -8.5072415267556245e+00, -9.1563126383405695e+00,
       3.3854139885634177e-01, 6.7612853205028847e+00,
       1.5620549020572672e+00, 5.1552335217967600e-02,
       2.3235452008207858e-02, -5.1562908110326634e-02,
       1.8052383741003260e+02, 5.5526975524664426e+00,
       -4.6120881917634286e+01, 1.5507637583079333e+01,
       -8.7689822378687499e+00, -7.9663910128517985e+00,
       -2.1392667347698482e-01, -7.0956597431459767e-01,
       -9.1778855464069686e-01, -4.4234745600343559e-02,
       1.2006444368913495e-01, -2.3430982049824758e-02,
       2.1493533237358273e-03, -1.4188504548848135e+00,
       -1.2158951131758029e+02, 1.5308230764371627e+01,
       4.8496489409028158e+01, 2.1104748271146399e+01,
       -6.4572245632698566e+00, -1.8083918870968982e-01,
       -1.5101598426000291e+00, -1.3639332962239332e+00,
       4.2394022460224773e-01, -3.3359027816006824e-02,
       -1.8316350114642495e-02, -1.6759235912617995e-03,
       -1.7521338452478088e+02, -1.0755984692315236e+02,
       4.5562951767272708e+01, 3.6272671745356170e+01,
       -2.8821038096854569e+01, -2.0301559366367905e+00,
       -4.2002524551452343e+00, -8.4444025661077016e-01,
       7.2939040441867919e-01, 2.6243801640921621e-01,
       6.2502817224483961e-02, 2.3570078684896061e-02,
       -1.0231455098187370e-02, 9.3516378188805973e+00,
       -8.5257385422213673e+01, 2.6149062605171092e+00,
       1.7721635026015853e+01, 7.2895104719791926e+00,
       -1.5945743478026079e+01, -2.8435809554492950e+00,
       2.3384321998454487e+00, 4.2532893298027146e+00,
       -2.0324705394518041e+00, -9.8155287492664833e-02,
       -8.5820693190791233e-02, -4.7921515282711071e-03,
       4.9254763125683382e+01, -6.2248613886674713e+00,
       -1.7118092676535841e+01, 5.6945403784617223e+00,
       -1.0797314228829494e+01, 3.6209035930484053e+00,
       1.5197442339611416e+00, -3.2226493181188243e-01,
       -6.2616538758169760e-01, -4.4623123443450494e-03,
       -2.5437170986270086e-01, 3.9804920651442185e-03,
       1.8833073461222197e-03, -1.4772156114447307e+02,
       -1.2168768884675030e+01, 3.9830842693049810e+01,
       -2.8468078490852462e+00, -2.7437463096993939e+00,
       3.0987466110643593e+00, 6.1005740639060557e-01,
       1.1585340940427313e+00, -9.4548158021489159e-01,
       -3.7749190538618749e-02, -3.5688039131179843e-02,
       4.7251562787541607e-03, 3.6625487880074217e-03,
       4.8486394295493909e+01, 1.2595359565953464e+02,
       -3.0343237225179834e+01, -4.5703670799656358e+01,
       -8.4904597517425398e+00, 2.4922349981228775e+00,
       1.6329378488264112e+00, 1.8830955971093476e-02,
       -2.7180926376445813e-01, -1.3231592511140758e-01,
       6.5968006696141668e-02, -2.7053378256367076e-02,
       3.3166484544538705e-03, 9.9038484181342042e+01,
       -4.3960607298128821e+01, -2.1964660259448369e+01,
       3.7041115553947087e+01, -2.7683828355098413e+01,
       2.3423202744589364e+01, 1.0650877903541807e+00,
       1.2875659120549505e+00, 4.8974144102884642e-01,
       3.0476323949457641e-02, 1.4804582902599714e-01,
       -3.2827492567283033e-03, -2.5384556471794509e-03,
       6.0819167973476894e+01, -1.2065995057066692e+01,
       -7.4698783370042383e+00, 8.7065354815845097e+00,
       1.5283104436147818e+01, -5.9241809668251821e-01,
       3.7265913086727526e-01, -4.7919736124702766e-01,
       -4.0400815163705761e-01, 8.9380290527121653e-02,
       1.6080420432659986e-02, 2.6697348739775011e-02,
       2.8253713210002361e-03, -3.0142920279217371e+01,
       9.7909408827991868e+01, -5.0569800312304141e+00,
       -4.9089254373822328e+01, 6.8804769473895764e+00,
       8.4581253395409317e-01, 1.8091841239746307e+00,
       -2.5226767749354401e-01, -2.5039810057171669e-01,
       7.7976546383671189e-03, 2.1198218550222657e-02,
       -7.8137736432411578e-04, 5.6139008985801901e-03 ]
