%YAML:1.0
means: !!opencv-matrix
   rows: 11
   cols: 16
   dt: d
   data: [ 2.7882343319339000e+01, 1.2821775290144186e+02,
       -3.3137060152774915e+00, -7.5224521038053425e+01,
       6.5768527703840975e+00, 4.4914692300084154e+00,
       8.4466837146386464e-01, 1.9393859689412316e+00,
       1.5134695787542609e+00, 3.8721484536146739e-01,
       -6.4552634820437646e-02, -2.3159321322171890e-02,
       8.6594820323917274e-04, -7.0869913377406878e-03,
       -6.6056594131048516e-02, 1.1197866589158948e-02,
       -5.6489996677879908e+01, 2.5558054103584805e+01,
       2.0115657597618352e+01, -1.6401197662172624e+01,
       2.3899470524836509e+01, -1.4235387697751738e+01,
       2.4432065270469878e+00, 4.0950519587183276e-01,
       2.4819665437255373e-01, 1.0973593842543791e-01,
       6.0215531158199581e-02, -1.0223976385013376e-02,
       -1.8154870413954842e-03, -4.9218232998196635e-03,
       -1.6866873401239553e-02, 4.1466665451824120e-04,
       3.1274000877318478e+01, 1.1125586325447101e+01,
       6.2059110416394940e+00, -2.1454673088463196e+00,
       1.1373238555153925e+01, -1.0252311036847290e+00,
       -8.1901457253980450e+00, -4.0383602561905407e+00,
       -5.4378735096273649e+00, -2.3937016630847349e-01,
       -6.1698682159275826e-02, 6.7071261310297031e-02,
       -5.1939598661321994e-02, -5.7584240573328304e-04,
       -1.9744772371322217e-02, -4.6408194109804433e-03,
       1.5139729637986110e+02, 2.9922617182045673e+01,
       -4.1446810041254174e+01, -2.7332855898533040e+01,
       -6.7253381027135770e+00, 1.5735840521662457e+01,
       -1.5063040499694740e+00, -1.4840184012456155e+00,
       -6.7582425131055557e-01, -3.6175751025886015e-02,
       -4.2307009647664885e-03, -1.2274425249272101e-01,
       -6.3713781168415395e-03, -2.8336747341249701e-02,
       -1.2113710639254418e-02, 8.2836589446261179e-03,
       -9.5825773536029430e+01, 1.0782785478333519e+01,
       1.7156383089000652e+01, -1.1686972538288862e+00,
       -4.6052425108976029e+00, 7.2887955259776680e+00,
       -9.5451191424175741e-01, -1.2879521164209444e+00,
       -5.2402000019377881e-01, 4.2603372546984963e-01,
       -2.4300320737973941e-01, -3.7359668951143770e-03,
       2.2279680785111332e-03, 1.0204874043326820e-02,
       -4.8006614389272916e-03, 9.9158056096850505e-03,
       -1.6181427364334590e+02, -6.6505142250323985e+01,
       3.5268982315596361e+01, 4.3827787009072225e+01,
       -1.2256115467399475e+01, 4.8607740980722847e-01,
       4.1663023093153112e-01, -5.6346501166094562e-02,
       5.6489506390393207e-01, -2.2581027873310888e-01,
       4.0182263806533010e-02, -6.3757594806788526e-03,
       -3.0785686881978382e-04, -8.9522287328179118e-03,
       -1.1797578451816986e-02, -1.1674489354704749e-03,
       5.8259737234788744e+01, 1.0883513295796137e+01,
       -1.0099526288129391e+01, -4.4407410061979489e+00,
       1.3255270085820682e+01, 1.0571866911301755e+00,
       2.7026816214007093e-01, 8.9543657301380375e-01,
       3.2644110145263810e-01, -3.2046809686677939e-02,
       7.6429230204015436e-03, 2.6315841266947419e-02,
       9.4887515920003794e-03, 1.1557075377637728e-02,
       3.5896738890363281e-02, -2.4947854298121397e-03,
       8.1644212958446687e+01, 1.5401433905301372e+01,
       -2.4139511587403145e+01, -3.2318159753364149e+01,
       -2.6550729331569638e+01, -1.9669491090328631e+01,
       8.8582841662263867e-01, -2.3532623236617556e+00,
       2.0949945857853469e-01, -4.2578086156311680e-02,
       1.0602665777358444e-01, -5.2354568544733309e-03,
       6.4757195172036018e-04, 2.7480121814249911e-03,
       1.4801999192700381e-02, 7.3961551138842117e-03,
       1.3819562378317477e+02, -1.9792270210490042e+01,
       -3.8569451979151722e+01, 1.6626631864932421e+01,
       -5.2267562783769073e+00, 1.1075340274882514e+01,
       -4.6551387702264979e-01, 1.5104939665006447e+00,
       2.1515294735460067e-01, -6.3059827220970907e-02,
       5.9665268324081602e-02, -1.5936776299890154e-02,
       -3.6204054567050259e-03, -9.3434055308885423e-03,
       -1.9304792762773072e-02, -7.0515766102138763e-03,
       1.1466895559091915e+01, -8.5727090556413188e+01,
       -2.2862936367289626e+00, 5.5263781460448193e+01,
       1.8782166358774208e+00, 1.2463438527194154e-01,
       1.7318394402286497e+00, -1.6370438056746023e-01,
       1.9821804224056366e-01, -7.1352289372112104e-02,
       -2.3963732938117061e-02, 5.7078260570941235e-04,
       4.1918922068180054e-03, -2.8774243012884273e-03,
       -9.1798853279602809e-03, 1.3771044029657572e-03,
       -1.9239840857632583e+02, 6.5998774422427331e+01,
       4.2009572839265068e+01, -3.8367786093904861e+01,
       -1.8548286931020701e+01, 7.0614806172364144e+00,
       -1.3204210123004481e+00, 1.7041387649013005e+00,
       7.5356123171713563e-01, -3.6218608414879359e-02,
       2.5500177125546558e-02, 2.6124858323910570e-03,
       5.1469992344683061e-03, 3.1835741881578250e-03,
       1.2464445830414301e-02, -1.0321848833550227e-02 ]
