%YAML:1.0
means: !!opencv-matrix
   rows: 6
   cols: 1
   dt: d
   data: [ -1.1904097975740797e+02, 1.1276627320544290e+02,
       4.3635350548480787e+01, -2.2608648880882564e+02,
       1.8502005624694013e+02, -3.2310194248367324e+01 ]
covs: !!opencv-matrix
   rows: 6
   cols: 1
   dt: d
   data: [ 2.3051212989662749e+03, 1.9189145847686013e+03,
       1.7900885579523485e+03, 3.3917075281589914e+03,
       2.5436981173334648e+03, 1.9832534962023099e+03 ]
weights: !!opencv-matrix
   rows: 1
   cols: 6
   dt: d
   data: [ 1.6009667860554752e-01, 1.9363897836094135e-01,
       2.2075754749703777e-01, 1.1928969020641074e-01,
       1.1251166354768201e-01, 1.9370544178235932e-01 ]
pca_proj: !!opencv-matrix
   rows: 1
   cols: 21
   dt: f
   data: [ 4.36961316e-02, 8.50134730e-01, 1.73015636e-04,
       6.54514134e-02, 4.60692108e-01, 2.29939164e-04, 7.67599978e-03,
       1.46649793e-01, -1.37564148e-05, 1.21663406e-03, 1.30500361e-01,
       -5.45994153e-05, 8.06188770e-03, 1.42052382e-01, -2.12945142e-05,
       -2.45414903e-05, 9.56867734e-06, -1.94090262e-06, 3.13729906e-05,
       4.34020360e-04, 2.32224409e-07 ]
pca_mean: !!opencv-matrix
   rows: 1
   cols: 21
   dt: f
   data: [ 2.07625534e+02, 2.55653595e+02, 1.54502928e+00,
       2.18915131e+02, 2.60592743e+02, 1.67241716e+00, 2.65274475e+02,
       2.24016678e+02, 1.71669352e+00, 3.19420807e+02, 1.63929108e+02,
       1.75046074e+00, 3.16613464e+02, 2.25532654e+02, 1.70717156e+00,
       1.08872897e-04, -9.74175637e-05, 6.24380555e-05, -2.17504916e-04,
       -2.50119597e-01, 1.75055194e+00 ]
gamma: !!opencv-matrix
   rows: 6
   cols: 1
   dt: d
   data: [ 8.6846608439886630e-01, 8.5989129029417344e-01,
       8.3334724607836663e-01, 9.0994769510487405e-01,
       8.9244393624488649e-01, 8.3566677226023200e-01 ]
