%YAML:1.0
means: !!opencv-matrix
   rows: 11
   cols: 11
   dt: d
   data: [ 1.3184661923627408e+02, -3.1483575721032857e+01,
       -3.0497059390183640e+01, 3.2821626866931695e+01,
       -1.9871696512475708e+01, 1.0592278017174673e+01,
       9.9764673611714733e-02, 4.2813240733459251e-01,
       -6.9601310939518365e-02, 6.5568715040887945e-02,
       1.7483895521062337e-01, -1.3258796967668692e+02,
       -5.6672486572177707e+00, 3.6247403836412182e+01,
       -4.0921572462018876e+00, 2.6894567747572022e+00,
       4.8128352084676500e+00, 1.2042377344026136e+00,
       1.1155955884314828e+00, -8.4520855220850144e-01,
       -4.0046845366589465e-02, -5.4416143373404217e-02,
       4.0147300466552679e+01, -5.9840332738337541e+00,
       -1.0247799095552869e+01, 4.3110659139296379e+00,
       -1.3628688269185318e+01, -2.2439373153220665e+00,
       1.0732131534981528e+00, -2.1507971336411993e-01,
       -8.8220862032132208e-01, 1.0734412290185112e-01,
       -2.9236755798491748e-01, -1.3191528982118312e+01,
       -1.3489489455756575e+02, 1.2436121104688306e+01,
       4.4451160735459759e+01, 1.0238913121969553e+01,
       -1.3687311084882300e+01, -1.9143939812947823e+00,
       -4.1329421370505653e-01, 1.4955421918145393e+00,
       -8.8419770088042327e-01, -1.1481090454849070e-01,
       6.1834390569680849e+01, 1.1413340000184751e+02,
       -3.1947740873587296e+01, -4.2323907436440479e+01,
       -9.1524464736393405e+00, 1.5985302320231705e+00,
       1.8330090175945664e+00, -2.3380586907231282e-01,
       -2.7511604538144596e-01, -1.2878937252457673e-01,
       4.2130540664361921e-02, -2.0522381634151009e+02,
       -9.4815005357193574e+00, 4.2277440847078680e+01,
       -1.5714465229116113e+01, -1.0455372909625638e+01,
       -8.1090015455660751e+00, -1.8887850760124774e+00,
       9.2964781203369165e-02, 1.3730279499913898e+00,
       2.5337469895054893e-01, -2.9851490251627092e-02,
       4.6154712203349831e+01, 3.7317438749678644e+01,
       -1.1396162143870995e+01, -2.3743718487631039e+01,
       -4.7749302101723490e-01, -1.3842787351099144e+01,
       -8.3183950636260420e+00, 1.9891351481212902e+00,
       6.6541600763254536e+00, 6.3225148844929369e-01,
       8.0356845378664887e-02, -1.1592176833871166e+02,
       1.1338008212102740e+02, 9.0918318942236169e+00,
       -5.3309559689972204e+01, -1.0068807653951430e+01,
       1.2375827191862208e+00, 7.1234413696630661e-01,
       -4.9534682647951561e-01, -3.7758140954690905e-01,
       -2.1891671117551606e-01, 1.1579899743593287e-01,
       -1.7010430247264443e+02, -1.0477011310200783e+02,
       4.7033424873862707e+01, 3.7062944178710787e+01,
       -3.0189694208857780e+01, -1.0084007397898993e-01,
       -3.2155194669847171e+00, -1.9208747330728865e-01,
       -4.1283888367179855e-01, 1.2257365342408176e-01,
       7.1313799128855992e-02, 6.0089778025300419e+01,
       2.0924776222292042e+01, -1.5345816890677357e+01,
       -8.7252620908860585e+00, 1.2684895664257994e+01,
       -3.6617269751439769e+00, 1.0654519077772715e+00,
       -4.2838465377144080e-01, -4.6239601307686640e-01,
       -6.2789404317416383e-03, -4.8072277649163518e-02,
       4.3355679044385859e+01, -4.3306779311321264e+01,
       2.2226748886262784e+00, 2.3984494345187603e+01,
       2.0166866107363038e+01, 5.4482597856428274e+00,
       1.3684647565590433e-02, -5.0035562394194433e-01,
       -3.7241980959531218e-01, 1.5566780246869519e-01,
       8.8978721041297767e-02 ]
covs: !!opencv-matrix
   rows: 121
   cols: 11
   dt: d
   data: [ 6.4279198065280743e+03, 6.5211355674425158e+02,
       2.4458858382123785e+03, -9.8779004691925229e+02,
       2.6518238624985617e+02, -5.6530526809155799e+02,
       -9.9681801639641449e+01, -2.5637919348047909e+01,
       -5.0505957873251852e+01, -1.3695412745934092e+00,
       -2.3335400779296198e+00, 6.5211355674425170e+02,
       5.5502190515564635e+03, 6.8022109380937741e+02,
       2.5990894687410405e+03, 1.2886381033219783e+02,
       -2.6807123137113553e+02, -4.6080684460854805e+01,
       -4.8463388873770157e+01, -9.3784704449491034e+00,
       -1.0377253781334844e+01, -6.1454018060495541e-01,
       2.4458858382123785e+03, 6.8022109380937741e+02,
       2.6980793543637656e+03, -8.0428177846810769e+01,
       -1.8949721685425007e+02, 7.4507645558305938e+01,
       2.1220228703517147e+01, 1.0888127878668289e+01,
       6.3282770783981004e+00, 1.9444597104522070e+00,
       2.9442467789578936e-01, -9.8779004691925229e+02,
       2.5990894687410405e+03, -8.0428177846810740e+01,
       1.8365445248046362e+03, 1.2222371319606413e+01,
       -3.2601952337682050e+01, -8.8810265714099579e+00,
       1.5447169342237954e+01, 9.4542959238103652e-01,
       -2.5828374318781533e+00, -1.2455047572126314e-01,
       2.6518238624985617e+02, 1.2886381033219774e+02,
       -1.8949721685425004e+02, 1.2222371319606415e+01,
       1.1991446259045097e+02, -1.6923155648126797e+02,
       -1.6143997893264167e+01, 4.3184750349366530e-01,
       -8.1759485782683790e+00, 1.7905279357267982e+00,
       7.5078150489246209e-01, -5.6530526809155799e+02,
       -2.6807123137113553e+02, 7.4507645558305953e+01,
       -3.2601952337682057e+01, -1.6923155648126797e+02,
       3.4357343808191609e+02, -7.5883875636732601e-01,
       9.6921158053374885e+00, 9.1243389567826725e+00,
       -3.3572048494064890e+00, -1.3439631124182481e+00,
       -9.9681801639641421e+01, -4.6080684460854798e+01,
       2.1220228703517151e+01, -8.8810265714099614e+00,
       -1.6143997893264164e+01, -7.5883875636732545e-01,
       2.5349341382555220e+01, 1.3809705402809460e+00,
       3.9726043912743494e+00, -7.1022935002545584e-02,
       -1.5551131218661920e-01, -2.5637919348047923e+01,
       -4.8463388873770157e+01, 1.0888127878668286e+01,
       1.5447169342237958e+01, 4.3184750349366557e-01,
       9.6921158053374850e+00, 1.3809705402809456e+00,
       1.5650160244192756e+01, -5.7033857384924491e-01,
       6.0997283579811767e-01, -5.7852292068237235e-02,
       -5.0505957873251852e+01, -9.3784704449491034e+00,
       6.3282770783981013e+00, 9.4542959238103674e-01,
       -8.1759485782683790e+00, 9.1243389567826725e+00,
       3.9726043912743494e+00, -5.7033857384924502e-01,
       1.4762290749740912e+00, -1.7369432011260500e-02,
       5.0630495689658597e-03, -1.3695412745934081e+00,
       -1.0377253781334844e+01, 1.9444597104522070e+00,
       -2.5828374318781533e+00, 1.7905279357267974e+00,
       -3.3572048494064890e+00, -7.1022935002545570e-02,
       6.0997283579811779e-01, -1.7369432011260500e-02,
       3.6950280400667374e-01, 4.9758940332891993e-02,
       -2.3335400779296203e+00, -6.1454018060495530e-01,
       2.9442467789578936e-01, -1.2455047572126295e-01,
       7.5078150489246198e-01, -1.3439631124182481e+00,
       -1.5551131218661920e-01, -5.7852292068237235e-02,
       5.0630495689658580e-03, 4.9758940332891993e-02,
       3.3059780042667783e-02, 7.7565012328438579e+03,
       -4.8086042694893075e+02, 2.7034482589247132e+03,
       -4.9591587438347545e+02, 4.7303543141457294e+02,
       4.5256979086501815e+02, 7.9691572844040891e+01,
       1.9553431246552247e+01, 4.8079742358895004e+01,
       -2.9542081169983327e+00, 1.1019454244241846e+00,
       -4.8086042694893064e+02, 8.4134161296988350e+03,
       6.8869466484568136e+02, 1.7972630838812283e+03,
       1.0126166013672983e+02, 1.6423449816670922e+02,
       5.1088227089993810e-01, -7.4591957244028801e+00,
       6.0030603271708376e+00, 5.2520438023416744e+00,
       -1.4556088315266472e-01, 2.7034482589247141e+03,
       6.8869466484568147e+02, 2.4208973021526785e+03,
       -4.9707644466684606e+01, -1.2678141060648525e+02,
       -3.8244020812758478e+01, -2.6982494332175783e+01,
       -1.9016871819361518e+00, -2.3614913722930950e+00,
       3.2717729314301081e+00, -4.3536133759943439e-02,
       -4.9591587438347540e+02, 1.7972630838812283e+03,
       -4.9707644466684606e+01, 2.0204131652117815e+03,
