%YAML:1.0
means: !!opencv-matrix
   rows: 30
   cols: 2
   dt: d
   data: [ -9.0229844782632924e+01, 1.5399377177058405e+01,
       2.0628157607929617e+02, -9.3896714095994056e+01,
       5.2112788237427232e+01, 9.0644811572168251e+00,
       -1.1320075958402427e+02, -1.1575137783838873e+02,
       3.1431016177547388e+01, 1.2007735708823471e+02,
       -2.4922908473507266e+02, -4.7356896908856548e+01,
       -6.5102202130291872e+01, -5.5345664881343815e+01,
       1.6320932348335896e+02, 6.7392488548279644e+01,
       -9.6973788992325069e+01, 8.4699811587122340e+01,
       -2.1186634921120751e+02, 1.4351943308439962e+02,
       -2.3209193482027469e+01, -1.3441819870153134e+02,
       6.0115361861946745e+01, -1.1079989118417765e+02,
       -2.7195780278633288e+02, 4.4934639240357910e+01,
       1.0963005816683378e+02, 1.2689450665498414e+02,
       -1.6242176041324774e+02, -3.3037837315731807e+01,
       -4.7516482307844327e-01, 6.9464408100886843e+01,
       2.0217921540781600e+02, 2.7229657099961373e+00,
       8.2694472418629886e+01, -5.0650268481537054e+01,
       2.0806267544469431e+01, 2.1979644110021658e+02,
       -2.0308473262775308e+02, -1.2382685638559447e+02,
       -1.5710817704238679e+01, -2.9907599091907562e+00,
       9.1519531646818578e+01, -1.7377310191806180e+02,
       1.1964530898439658e+02, 6.7044866344200855e+00,
       -1.7705284688092871e+02, 4.9844657903082258e+01,
       2.1468391310244471e+02, 9.3455425724207217e+01,
       1.6095243085352134e+01, -5.8827195577480964e+01,
       -9.2516195366497215e+01, -1.9679462492014034e+02,
       1.4345525854995529e+02, -7.9726603297038068e+01,
       8.2566258614732632e+01, 7.1205262103122337e+01,
       -6.8125832615526392e+01, 1.4884960572997758e+02 ]
covs: !!opencv-matrix
   rows: 60
   cols: 2
   dt: d
   data: [ 1.6672919146634742e+03, -5.1611365632291559e+01,
       -5.1611365632291545e+01, 1.3225276633380959e+03,
       1.9463980628006038e+03, 3.3171060567897291e+02,
       3.3171060567897302e+02, 2.4288380399630068e+03,
       1.0764202375443685e+03, -1.2207907460908149e+02,
       -1.2207907460908147e+02, 1.0598204372344810e+03,
       1.8839025417794151e+03, -1.5185984864352449e+02,
       -1.5185984864352443e+02, 1.6292682345625178e+03,
       2.1213773172147107e+03, -1.8988704741106284e+02,
       -1.8988704741106284e+02, 1.1705952719920604e+03,
       2.8478695828201567e+03, 7.1939637339588603e+02,
       7.1939637339588614e+02, 3.2594537173653976e+03,
       1.8602620229958661e+03, -2.3726891319194746e+02,
       -2.3726891319194746e+02, 1.2277919880150816e+03,
       8.9167365067579033e+02, -6.2200831318795807e+01,
       -6.2200831318795771e+01, 2.1147523491566863e+03,
       1.6961903459021005e+03, -3.2961435053979432e+02,
       -3.2961435053979432e+02, 1.2151999579528244e+03,
       3.6615264527202335e+03, -5.8785410216403250e+02,
       -5.8785410216403250e+02, 2.3675129583014168e+03,
       1.8075331193364259e+03, -1.0101224799445581e+02,
       -1.0101224799445581e+02, 1.8746385238047874e+03,
       1.4207262988585398e+03, 1.3942749129495743e+02,
       1.3942749129495741e+02, 1.1445584727705041e+03,
       1.9927830364441829e+03, -5.6200200659691838e+01,
       -5.6200200659691838e+01, 3.2850901616798137e+03,
       1.8345894857563771e+03, -3.3704239051813107e+02,
       -3.3704239051813107e+02, 1.2497359062327223e+03,
       2.6894331855731721e+03, -3.1019656269308251e+02,
       -3.1019656269308257e+02, 1.7333257987241209e+03,
       1.3805640504364524e+03, -1.9517286852629229e+02,
       -1.9517286852629226e+02, 1.2341154286242413e+03,
       1.9365376065460366e+03, 2.7930474347900088e+02,
       2.7930474347900088e+02, 2.0405725580087792e+03,
       1.0818612813877169e+03, -3.5896988300117748e+01,
       -3.5896988300117762e+01, 9.4676447758152449e+02,
       8.8061579708442951e+03, -1.3449555750296322e+03,
       -1.3449555750296324e+03, 2.2800105051613432e+03,
       1.9179033305121511e+03, 7.1970018927955357e+02,
       7.1970018927955346e+02, 3.5941635570935618e+03,
       1.0078877651224609e+03, 8.8652586238938333e+00,
       8.8652586238938333e+00, 1.1087977701125296e+03,
       3.8980469585511669e+03, 8.4620919644448134e+02,
       8.4620919644448122e+02, 2.3164665212265768e+03,
       1.0647757342474195e+03, -2.2451031126164025e+02,
       -2.2451031126164025e+02, 1.4062400150312135e+03,
       1.9191732066344796e+03, -4.8292932989166724e+02,
       -4.8292932989166724e+02, 1.8812468584916210e+03,
       1.8861614763642610e+03, 4.1553810657993338e+01,
       4.1553810657993346e+01, 1.4317608395509196e+03,
       1.2395064663187325e+03, 2.1279738415916242e+02,
       2.1279738415916242e+02, 1.1943903155271389e+03,
       3.5655978674065473e+03, 4.3195612275204439e+01,
       4.3195612275204432e+01, 1.7516995287796105e+03,
       1.3101185345057045e+03, 4.3944666079049421e+02,
       4.3944666079049421e+02, 1.9797317329123505e+03,
       1.1662026208209672e+03, -6.8085700094632699e+01,
       -6.8085700094632699e+01, 1.2001046530402743e+03,
       3.1429543439433996e+03, -3.9631082066468304e+02,
       -3.9631082066468304e+02, 1.2167232766282398e+03 ]
weights: !!opencv-matrix
   rows: 1
   cols: 30
   dt: d
   data: [ 4.5176224252437273e-02, 2.1252437445781008e-02,
       4.9667880727686284e-02, 3.2794009901804172e-02,
       3.3259607789468723e-02, 2.3021187949662049e-02,
       4.0101868723506413e-02, 3.7251088575656302e-02,
       2.9784635822879244e-02, 2.7534561030685998e-02,
       3.4317155258225193e-02, 3.3384901368365617e-02,
       2.3113916394836617e-02, 2.9893746059952112e-02,
       3.5697180421303515e-02, 4.6926720443910400e-02,
       2.7910108714439219e-02, 4.6387407834959905e-02,
       1.5471888668223268e-02, 2.1046002702063766e-02,
       4.4260365623881026e-02, 2.2883328596250446e-02,
       4.6560012823294986e-02, 3.0812304762204246e-02,
       1.9044189876438147e-02, 4.6827261541024678e-02,
       1.6866309513102105e-02, 4.1357547599354248e-02,
       4.9082058420860268e-02, 2.8314091157714605e-02 ]
pca_proj: !!opencv-matrix
   rows: 2
   cols: 21
   dt: f
   data: [ 4.36961316e-02, 8.50134730e-01, 1.73015636e-04,
       6.54514134e-02, 4.60692108e-01, 2.29939164e-04, 7.67599978e-03,
       1.46649793e-01, -1.37564148e-05, 1.21663406e-03, 1.30500361e-01,
       -5.45994153e-05, 8.06188770e-03, 1.42052382e-01, -2.12945142e-05,
       -2.45414903e-05, 9.56867734e-06, -1.94090262e-06, 3.13729906e-05,
       4.34020360e-04, 2.32224409e-07, 7.68702388e-01, -5.10314330e-02,
       1.14127281e-04, 4.21110362e-01, -3.83849256e-02, 4.02935693e-05,
       2.81941950e-01, -1.35209868e-02, 1.95932400e-04, 2.66951323e-01,
       -4.70317341e-03, 2.29704310e-04, 2.76557714e-01, -1.55316098e-02,
       2.11025646e-04, -3.74769334e-05, 5.54774260e-06, -7.89335627e-06,
       8.86836962e-04, -5.85095040e-05, 1.91629806e-04 ]
pca_mean: !!opencv-matrix
   rows: 1
   cols: 21
   dt: f
   data: [ 2.07625534e+02, 2.55653595e+02, 1.54502928e+00,
       2.18915131e+02, 2.60592743e+02, 1.67241716e+00, 2.65274475e+02,
       2.24016678e+02, 1.71669352e+00, 3.19420807e+02, 1.63929108e+02,
       1.75046074e+00, 3.16613464e+02, 2.25532654e+02, 1.70717156e+00,
       1.08872897e-04, -9.74175637e-05, 6.24380555e-05, -2.17504916e-04,
       -2.50119597e-01, 1.75055194e+00 ]
