%YAML:1.0
means: !!opencv-matrix
   rows: 43
   cols: 8
   dt: d
   data: [ -9.9369002928137917e+01, 1.1734183232210614e+02,
       5.5096104530804269e+00, -5.7087741295112266e+01,
       -2.8177877684602048e+00, 5.2750473234694724e+00,
       1.9603510188463356e+00, 9.9354913627526753e-01,
       4.5392632638629982e+00, 7.3782208388770925e+01,
       1.1379129295708221e+01, 2.6511646699463206e+01,
       2.3705161763270716e+01, 3.7846579613527825e-01,
       5.0532983627279326e-01, -6.8998153019696218e-01,
       3.8016445449435530e+01, -9.0657223917190493e+01,
       1.1254893518929945e+01, 4.8990891250889291e+01,
       1.2232699183774214e+01, 2.2007573664991174e+01,
       2.1498853056436986e+00, 8.1496770867837937e-02,
       -6.9242071794710611e+01, -4.1308097332117356e+01,
       2.9401834923746215e+01, 1.4437729574396638e+01,
       2.0182610234761906e+01, 1.4514824683955053e+01,
       1.8858680197233975e+00, 7.0956280415690276e-01,
       -1.9419502369012363e+02, -1.3705561443401177e+02,
       3.1280568377554584e+01, -4.0719608371483098e+01,
       -1.3186506148047544e+01, 2.1759592777758843e+00,
       -1.5654258759834370e+00, 8.5474440540216579e-01,
       1.0025651280777591e+02, -4.3536789834461622e+01,
       -2.1675104676903540e+01, 2.0160706693922592e+01,
       -7.3815626807164501e+00, -1.4638037459009707e+01,
       -2.8844769603164391e+00, -1.5040490494228020e+00,
       1.5933757766768917e+01, 5.3992154941762209e+01,
       -8.5482564858843716e+01, -2.5844754019819832e-01,
       -1.7623707530525448e+00, -2.7925828333557008e+00,
       -8.2241887836850811e-02, 3.1027472786966109e-01,
       -1.9471641740794558e+02, -1.9784803775781679e+01,
       5.5674293684001448e+01, 2.3281340349576457e+01,
       -1.3317519848055522e+01, -2.2909828831691986e-01,
       -1.0762791727118850e+00, 8.5165356346051102e-01,
       1.2308059181972271e+02, 8.6943825469812495e+01,
       -4.0381452622366190e+01, -2.5019704025858992e+01,
       -1.0604327233991317e+01, 2.3058427016450955e+00,
       2.4390900342078159e+00, -4.9530452499137373e-01,
       -9.7297558248692351e+00, 1.2453642247523689e+02,
       1.9780646515823566e+01, -3.0844853053973118e+01,
       1.7536652804087517e+01, -6.6726621090930138e-01,
       -1.2795747666983303e+01, 2.6619638261073360e+00,
       -1.5381146392945882e+02, -1.2611852987518837e+02,
       4.7676162051745791e+01, 4.5926009279224324e+01,
       -3.4300342656110409e+01, -4.7312160496003761e+00,
       -7.8677991358109844e+00, -8.6254498996554718e-01,
       1.1531839978473953e+02, 5.2408991176656677e+01,
       -3.1032308409366795e+01, -9.5053671413718934e+00,
       -6.4515708001610141e+00, -1.3728670707606925e+01,
       -1.5083500210016787e+00, 3.5694258202996754e-01,
       -6.5287365512310300e+00, -1.3917205383286250e+02,
       3.0615222076625383e+01, 6.0574258331333134e+01,
       3.2372711908196557e+01, -1.5518491531026566e+01,
       -2.9477009786795186e-02, -2.7253908147388417e+00,
       -1.6536011725948072e+01, -3.8279599880107071e+01,
       7.9602977700198583e+00, 1.0509986581725384e+01,
       4.0605817576620169e+01, -1.6079293857709187e+00,
       1.8246681377986558e+00, -1.3404479005437053e+00,
       8.7220011208207794e+01, -3.1496341621048625e+01,
       -1.8720841558078479e+01, 3.4573417173889190e+01,
       -3.0974618174329134e+01, 3.2975834230900247e+01,
       2.0803327147491069e+00, 1.4259953799557716e+00,
       8.3405185815854086e+00, 9.9715952297121518e+01,
       -1.3919762833277547e+01, -3.9055735635973853e+01,
       1.3540873517038479e+01, -5.0490992411720894e+00,
       1.3819914994281601e+00, 7.5631481866712968e-01,
       1.2391416180416222e+02, -1.4162940023505485e+01,
       -3.0194467028578529e+01, 2.0627038079169481e+01,
       6.1931357728910061e+00, -8.6018063782334320e+00,
       -3.1072839769495075e-01, -5.5816225937014829e-01,
       -4.7301704716816012e+01, 8.3212735624922630e+01,
       2.0869114907841118e+00, -4.9409916095429303e+01,
       9.4371679327346172e+00, 3.7130467552260176e+00,
       1.6232637645327970e+00, -1.4124714583246027e+00,
       8.9031367862739600e+01, -7.1277438694275759e+01,
       -1.0350499335203189e+01, 4.8300750981120061e+01,
       6.6374767792476161e+00, 1.4141938988175808e+01,
       1.5406637432846650e+00, -5.0964701361246512e-01,
       -1.2970866307614202e+02, -5.5525056832847113e+01,
       3.7944614120292364e+01, 3.1251196744992850e+01,
       -1.6725813734004753e+01, 1.8883514717168026e+01,
       9.6225665765959623e-01, 1.1857107328297376e+00,
       1.1253356638350904e+02, 8.0442378056017574e+01,
       1.4809975681930338e+01, -3.1960571402523044e+01,
       -9.2553628242168422e+00, -2.0515045041484947e-01,
       -4.1096808243914248e-02, -1.7851750141977102e-01,
       -1.1204278065566658e+02, -4.1838754480530405e+01,
       4.5165876364118311e+01, -9.7374258746537095e+00,
       1.8318639973480719e+00, -1.6264493093614981e+01,
       -1.3753306311206803e+00, -2.9767608877054003e-01,
       2.1266838677102178e+00, -5.9155273166394963e+01,
       -4.1253874625694920e+00, 1.9870161746505385e+01,
       -8.7062624422484607e+00, -9.8752536590573818e+00,
       -8.1368324669808756e-01, -8.1556988828665411e-02,
       -1.1919374206378431e+02, 1.0471506689172944e+02,
       4.5873814782503629e+01, -1.1467447497776844e+01,
       3.3549383747943935e+00, 8.6040868174962615e+00,
       2.3299474779358391e+00, 1.5039696275007259e+00,
       2.0011477389187928e+02, -7.5778779378401016e+00,
       -4.9118006769967586e+01, 2.1903655218238061e+01,
       -1.0073943691440212e+01, -9.2237193374947779e+00,
       5.8847575210482406e-01, -5.6949253582831905e-01,
       1.1756571727944051e+01, -2.3989237405914693e+02,
       7.8642670116868230e+00, 7.6313227201491003e+01,
       -9.3463927918367384e-01, -3.2773592110051233e+01,
       -2.9804226883508704e+00, -1.6444337501714497e+00,
       -1.9905092322301607e+02, 1.9492368070676619e+01,
       5.1389779852597698e+01, -2.6708710244098601e+01,
       -1.2646261289823974e+01, -8.5872347642451050e+00,
       -6.1617460899701770e-01, 1.2712550695724052e+00,
       -2.3885743646584086e+02, 2.3321167588305912e+01,
       -2.1362094783258456e+01, -1.7979608715590714e+01,
       2.7689205035663362e+00, 8.4079058709209864e-01,
       8.0330986084251343e-01, 9.0395478068102642e-01,
       1.7663630324478120e+01, -6.2006863705826554e+01,
       5.2809242507049685e+00, 4.2730832008652541e+01,
       -3.4204228984881496e+01, 2.9755069225849880e+01,
       2.6138607752169958e+00, 1.9382320421714410e+00,
       2.8687286523483419e+01, -5.0815125705235339e+01,
       1.1008590636377232e+01, 2.5703011693795670e+01,
       3.4485955448035206e+01, -1.2658296827665252e+00,
       -2.5236010319218488e-01, -5.5627740321493324e-01,
       1.4474888270879222e+02, -5.2669994404616915e+01,
       4.9003317613905182e+01, -3.0294130691645936e+01,
       1.3656910266605905e+01, -6.2794803080564621e-01,
       -6.3830009028182666e-01, -3.4620991548035807e-01,
       2.4205857011509131e+01, 1.2775358648682679e+02,
       -2.7124059650631793e+01, -5.3903363649418644e+01,
       -8.8166368960875019e+00, 1.5438752617359781e+00,
       2.3081719094751212e+00, -1.5266599078994042e-01,
       1.3234482666488046e+02, -8.8695909525486371e+01,
       -2.7357609307435641e+01, 4.9212863014672585e+01,
       -2.3605637429198445e+01, -3.0762141400986418e+00,
       1.6322029099261284e+00, -2.9523713790801707e+00,
       1.2841900113051423e+02, -1.3571265346471820e-01,
       -2.9580553070794256e+01, 1.5150032198509571e+01,
       -1.8523840430221963e+01, 9.8517910270816760e+00,
       4.9637992718116017e-02, 1.5114846853250758e+00,
       -1.5225887741126300e+02, 5.0179720148046634e+01,
       2.7794858151620183e+01, -4.6284445267771389e+01,
       -2.2084031347502711e+00, -1.3049591203096536e+01,
       -2.8793869559123025e-01, -1.0284831464675671e-01,
       1.5464415429202079e+01, -1.5074834799275445e+00,
