%YAML:1.0
means: !!opencv-matrix
   rows: 4
   cols: 20
   dt: d
   data: [ -1.6593065936184126e+02, 3.4503475949176399e-01,
       3.6739551741785206e+01, 2.8763614883725657e+00,
       -1.2236602310128076e+01, 2.9207342723247720e+00,
       -1.3519557766012438e-01, 9.1200412269611919e-01,
       5.8522671919951175e-01, -1.3622320674301019e-01,
       6.0890731551584412e-03, 1.6992520553082322e-03,
       1.7180599423405529e-03, -2.6578287340814971e-03,
       -5.1744496532583166e-03, -4.7677364041859085e-03,
       -7.9808982020806898e-04, 4.0874014162433590e-04,
       -1.8927667609892999e-03, 1.9756382366173677e-03,
       9.4338765449488932e+01, 1.3181153813760192e+01,
       -2.7260859001812925e+01, -2.7224258218343103e+01,
       -2.2717048705472020e+01, -1.2752334546625416e+01,
       5.2175454346807459e-01, -1.8395755311268811e+00,
       -2.1807446677310061e-01, -2.1386444763059659e-01,
       8.0774379057869813e-02, -2.2955188860449643e-02,
       1.1355812544854729e-04, -3.6196884960523015e-03,
       1.4623462289349269e-02, 2.0758542446732984e-03,
       4.4677451393316768e-03, 4.2264556076261452e-03,
       -1.4637914721323173e-03, -2.4781905163715839e-03,
       5.1462509940668753e+01, -1.2804165418285724e+01,
       -1.0378566602996413e+01, 9.8041254393023376e+00,
       8.6682219927672861e+00, 8.0635387095333821e-01,
       8.4893795084160040e-01, 7.4910294633970209e-01,
       3.2073743339113314e-01, -6.9329986364082717e-03,
       1.5444846289267088e-02, 6.3762452106093962e-03,
       4.2038652289645385e-03, 1.4464251907327216e-03,
       3.5799484575580721e-03, -1.2858623114508521e-03,
       6.9702337999640962e-04, -7.5417923005833534e-05,
       9.3949831600957786e-04, -9.5222781036698981e-04,
       -2.3396579746966410e+01, 3.8894180926120363e+01,
       6.6977260509808545e+00, -1.9790993934666840e+01,
       4.8286065483121163e+00, 3.2833498119633031e+00,
       -3.6161614283535233e+00, -2.8329718191995124e+00,
       -2.0102506160039182e+00, 4.3446886529040751e-01,
       -1.4184375582149242e-01, -7.9793890048020892e-03,
       -1.9509615521082557e-02, 1.7161607753145101e-03,
       -1.8706098940820624e-02, 1.0990093040336862e-02,
       -5.4492343291260067e-03, -4.1070024076072242e-03,
       5.3532793991377121e-04, 2.9157282191774035e-03 ]
covs: !!opencv-matrix
   rows: 80
   cols: 20
   dt: d
   data: [ 6.5222430425339253e+03, -1.0511844524270775e+03,
       2.8585119575630920e+03, 8.8874046732486090e+02,
       1.9342645772026779e+02, -3.5178822136179951e+02,
       1.1014380298233388e+02, -5.5572861287082802e+01,
       -1.3370721876053860e+01, 3.7730509540746047e+00,
       -1.0769807542264225e+00, 1.4341250484705848e-01,
       -1.0252109661704492e-01, -2.8802517658062816e-02,
       -9.5079533328231980e-01, 1.0833025624116892e-01,
       3.3202548757776736e-02, 4.8197128503433467e-02,
       1.2941491472389058e-01, 3.7472005461876096e-02,
       -1.0511844524270775e+03, 1.1499541089665681e+04,
       2.8007992751572789e+02, -9.3527576847700675e+02,
       -3.1409626163451867e+02, 4.8073305815184222e+02,
       -8.1568779673511187e+01, 4.9030390863226714e+01,
       -2.0458812886079514e-01, 1.6757779100055934e+01,
       6.9419564756628482e-01, 2.0659799470131823e-01,
       1.0850471942552278e-01, 4.8640529967010193e-01,
       7.5075650039843356e-01, -1.6101217468593981e-01,
       2.2724155293313503e-01, 1.3208282163530102e-01,
       -1.0014487759059720e-01, -8.4254030019419640e-02,
       2.8585119575630920e+03, 2.8007992751572789e+02,
       2.4899006808344507e+03, -1.8320155265868317e+02,
       -6.3768550894215934e+01, 6.7587897440110126e+01,
       -3.1469938630960570e+01, 1.4830381879685305e+01,
       -5.3716066036582510e-01, 1.8084367178916787e+00,
       2.7082019789266126e-01, 3.4062509064726562e-02,
       -5.8496305657858572e-02, 6.5513351622359398e-02,
       7.1867934911938117e-02, -4.7765189489908537e-02,
       6.9934158062738075e-03, 4.6498445027421426e-02,
       2.0944246630707510e-02, 6.1170261005627294e-02,
       8.8874046732486090e+02, -9.3527576847700720e+02,
       -1.8320155265868326e+02, 3.0301412566430031e+03,
       1.1598852259522515e+02, -2.2688575884842803e+02,
       3.6405675564290476e+01, -4.7786778220220747e+01,
       7.0392730411107864e+00, -1.0707401659077103e+00,
       -8.0376745353168477e-01, -3.0163242165276488e-01,
       2.2114292940553910e-02, -1.1514422055233793e-01,
       -3.4004911646605329e-01, 3.3969592049655134e-01,
       -1.4944295040189318e-01, -4.1845202214748467e-02,
       3.7433265215229473e-02, 3.3895322238382160e-02,
       1.9342645772026779e+02, -3.1409626163451867e+02,
       -6.3768550894215934e+01, 1.1598852259522515e+02,
       1.5149900108790274e+02, -9.2941415902948535e+01,
       2.4277228693516264e+01, -4.5460755111591720e+00,
       -4.4972938433865900e-01, 3.8161855384763071e-01,
       -6.8599002365810824e-01, -3.3819514596929015e-02,
       1.7315320782669737e-02, -3.6703945298595844e-02,
       -2.1305206460010198e-01, -3.7662313851309203e-03,
       3.9810993838791595e-02, 3.9633697522841523e-02,
       -1.1093644695100199e-02, 6.9884752176455310e-03,
       -3.5178822136179951e+02, 4.8073305815184227e+02,
       6.7587897440110126e+01, -2.2688575884842803e+02,
       -9.2941415902948535e+01, 2.8298364897054540e+02,
       -1.5167318489435834e+01, 6.9296322127915699e+00,
       1.1805793489880665e+00, -6.7641591165561488e-01,
       1.6337566397449797e-02, 3.0461546373734877e-01,
       -4.6758245295647630e-03, 6.7719958441108369e-02,
       2.0925920401968445e-01, 1.9247083602973333e-02,
       -4.9372879076057235e-03, -2.6045070322007809e-02,
       -1.3860710261819230e-02, -1.8213459435487897e-02,
       1.1014380298233388e+02, -8.1568779673511216e+01,
       -3.1469938630960574e+01, 3.6405675564290469e+01,
       2.4277228693516264e+01, -1.5167318489435834e+01,
       2.9368149984521381e+01, -3.7915211791110464e+00,
       -2.8184992895018728e+00, 4.4543821304278597e-01,
       -7.5901114091329144e-02, 4.8218934548421698e-03,
       -2.8555962226631995e-02, 7.5500777263226885e-04,
       -5.8816643935384064e-02, 3.6482605494631915e-03,
       3.5657217675352832e-03, 9.1589929133564299e-03,
       -1.9054889294157901e-03, 1.2524082797666220e-02,
       -5.5572861287082802e+01, 4.9030390863226714e+01,
       1.4830381879685314e+01, -4.7786778220220761e+01,
       -4.5460755111591720e+00, 6.9296322127915673e+00,
       -3.7915211791110464e+00, 1.4645693619053075e+01,
       -1.8622076544672530e+00, 8.1094929425342477e-01,
       -1.1063478288658381e-01, -4.3730025420728902e-02,
       -1.9584710081612853e-03, 2.0242747376052809e-02,
       2.2166208391904973e-02, 7.7058820097919154e-03,
       1.0059945488812080e-02, 6.8688690967001415e-03,
       -5.5027079545014752e-03, -6.2703941917529368e-04,
       -1.3370721876053860e+01, -2.0458812886079547e-01,
       -5.3716066036582477e-01, 7.0392730411107864e+00,
       -4.4972938433865900e-01, 1.1805793489880672e+00,
       -2.8184992895018723e+00, -1.8622076544672530e+00,
       1.8387693548680986e+00, -1.6731809566111663e-01,
       -4.4200483494544883e-02, -3.2495178635582830e-03,
       -1.7556208651450883e-02, -4.9746087755033631e-03,
       9.5259217102588532e-03, -2.6146119508778779e-03,
       -2.2006667740017490e-03, -1.9150671190306891e-03,
       -1.7078154757975748e-03, 1.9123212088190344e-03,
       3.7730509540746060e+00, 1.6757779100055934e+01,
       1.8084367178916794e+00, -1.0707401659077096e+00,
       3.8161855384763044e-01, -6.7641591165561499e-01,
       4.4543821304278597e-01, 8.1094929425342477e-01,
       -1.6731809566111666e-01, 5.3566416772550973e-01,
       -2.0787154922059927e-02, 2.8960875145034961e-03,
       -1.2971425568953942e-03, -1.3758872287997465e-02,
       1.6184279077118907e-03, -5.1251451858024411e-04,
       -2.9001706712813221e-04, 1.0099740777993050e-03,
       -5.5398090528264077e-04, -1.4809164372816096e-04,
