%YAML:1.0
means: !!opencv-matrix
   rows: 9
   cols: 13
   dt: d
   data: [ -9.2051595062896411e+01, -1.9285151100312810e+01,
       2.2809000761346148e+01, 7.3275736377589229e-01,
       -9.0613588666002922e+00, -2.1183089967359137e+00,
       4.5551612734802654e-01, 5.4306752396420377e-01,
       -1.2042798443456662e+00, 8.0179412892812357e-02,
       -1.6259102699947434e-01, 7.0018758552049531e-03,
       4.2677310217929748e-03, 2.1449201041090284e+01,
       1.1287829395774413e+02, -2.1295998553008570e+01,
       -4.8566810188801583e+01, -1.0242617284134767e+00,
       -4.9874009178963669e-01, 1.5944792241777703e+00,
       -2.6187721820705501e-01, -3.0712322096474104e-01,
       -2.5847199531018411e-02, 2.2997282320293296e-02,
       -1.1317945093120375e-02, 4.9925185946383434e-03,
       2.2697033156617984e+01, 1.9961894555102958e+01,
       -5.3200125910429881e+00, -1.9440895101543937e+01,
       2.0786506937227784e+00, -1.0762357899587601e+01,
       -6.5174650575529034e+00, 1.5722646717873809e+00,
       6.1054636551823656e+00, 2.9544592438262035e-01,
       -2.5365834580977256e-02, -2.0766784070101438e-02,
       -3.2379046516519412e-02, 1.6387108611708285e+02,
       2.6696120246509118e+01, -4.4203925910892394e+01,
       7.4432188710985203e+00, -1.0668644697497447e+01,
       -6.5240996187951126e+00, -6.8919035076316226e-01,
       -2.0727862340085734e-02, -8.4262226912299709e-01,
       -5.3276761096713900e-02, 7.7580066419017740e-02,
       -1.6518274723540886e-02, 4.3707678781676967e-04,
       -1.8011814513683137e+02, -9.5368590765297085e+01,
       4.6445249159123755e+01, 3.0619611080016583e+01,
       -2.6042848523435914e+01, -1.4403036665393263e+00,
       -3.7185401587810447e+00, -6.3675780142737148e-01,
       7.7537063403733730e-01, 1.8631556990177786e-01,
       6.6825234997323679e-02, 2.1879087967043381e-02,
       -9.6490755115258356e-03, -1.4705704562108599e+02,
       9.1339056068623492e+01, 1.7140186024883118e+01,
       -4.6784408969924932e+01, -9.7639796728479418e+00,
       -1.8652654868641136e+00, 2.6118172566840153e-01,
       -2.0396214235074600e-01, 1.8755647889643062e-01,
       -1.1383066030334928e-01, 6.7462468079077006e-02,
       -2.7935892657615698e-02, 3.4786948641456878e-03,
       7.2268734150512106e+00, -1.7376391979498970e+02,
       1.4400630741177736e+01, 6.3248911136648907e+01,
       1.1941231501924007e+01, -1.7454222502885372e+01,
       -1.6297566501511025e+00, -6.2577868910444756e-01,
       5.4952125369735960e-01, -1.0348781131394515e+00,
       -4.6572236647418113e-03, -8.2251630982800528e-02,
       3.4562307829817634e-03, 8.7519485219326878e+00,
       -2.1103949881620554e+01, 8.3263670726272760e+00,
       8.4633628172308111e+00, 2.4195923996614123e+01,
       4.8031421185530183e+00, 1.2283849120796528e+00,
       -5.5880911409445677e-01, -2.5099425575369572e-01,
       4.3835386671704120e-02, 2.3727621915611674e-02,
       1.4957374932387987e-02, 1.8042777934897656e-03,
       1.1747041111242304e+02, -2.6012010484682623e+01,
       -2.7625725890226132e+01, 2.5727836302822617e+01,
       -1.5919477407865395e+01, 9.4127007606177742e+00,
       4.7924418032966920e-01, 5.5244101172523552e-01,
       -4.8383692374523841e-02, 2.1009555034210391e-02,
       4.6602629621606058e-02, 1.9004406951237545e-02,
       2.0241670409370320e-04 ]
covs: !!opencv-matrix
   rows: 117
   cols: 13
   dt: d
   data: [ 1.6828480458485781e+04, -1.2308947861228187e+03,
       3.0204903902013808e+02, 1.8710111557413612e+02,
       -2.0027170586944214e+02, 1.4819978116531146e+02,
       9.4340004778081365e+01, -7.1069059891103691e+01,
       4.3288450302668188e+01, 1.5964053397495189e+01,
       -1.2287345442135857e+01, -2.8170125567473170e-01,
       -2.8798754567003213e-03, -1.2308947861228182e+03,
       1.0288744309630201e+04, 6.6968443898147382e+02,
       9.4597045573510309e+02, 3.3264192178483120e+02,
       9.1206841253338581e+01, 1.7300847922686621e+01,
       3.9417174492600457e+00, 9.2929292146203739e+00,
       -2.5238139855858468e+00, -6.7979017051083834e-01,
       -8.1470683892039020e-01, 3.9163507348905523e-02,
       3.0204903902013825e+02, 6.6968443898147405e+02,
       3.0376356034932278e+03, -1.7910609586263422e+02,
       -3.7731422991407349e+01, -1.7064472155462887e+01,
       -3.0502231415343619e+01, 2.1098131135285342e+01,
       -2.7189624772309759e+00, 5.2720620303373189e-01,
       2.9606507560800188e+00, 1.9766208361663815e-01,
       -8.3400705173789724e-02, 1.8710111557413606e+02,
       9.4597045573510309e+02, -1.7910609586263416e+02,
       2.3343416128285917e+03, -1.7079375004249218e+02,
       5.7242628899762607e+01, 1.6368443893475025e+01,
       -2.2353519927939846e+01, 6.6336427631768977e+00,
       1.2214627784293871e+01, -1.2310340733897687e+00,
       -3.1600077410255184e-01, 3.6328739009569497e-02,
       -2.0027170586944214e+02, 3.3264192178483120e+02,
       -3.7731422991407364e+01, -1.7079375004249215e+02,
       1.8379696194315258e+02, 2.0075724441351401e+01,
       1.1502578935944949e+00, 7.8949388559747815e+00,
       2.7389881007704925e-01, -2.4987876374819513e+00,
       -1.1455144424205463e-01, -5.4639015423478411e-02,
       9.3919332274894733e-03, 1.4819978116531152e+02,
       9.1206841253338609e+01, -1.7064472155462894e+01,
       5.7242628899762586e+01, 2.0075724441351401e+01,
       2.7497099823584989e+02, 3.4956167910509510e+00,
       7.5654367300094671e+00, 6.3839354619229978e+00,
       -8.7523798432437916e-01, 7.3979406116147883e-01,
       -4.2187384535667888e-01, 1.0973453627606090e-02,
       9.4340004778081365e+01, 1.7300847922686618e+01,
       -3.0502231415343619e+01, 1.6368443893475032e+01,
       1.1502578935944949e+00, 3.4956167910509501e+00,
       2.3878011955349095e+01, 1.6536215453943741e+00,
       3.7954997069356327e+00, 4.3072640545803431e-01,
       2.7311495919638742e-02, 3.2161650200775334e-02,
       -4.0160263727718769e-02, -7.1069059891103691e+01,
       3.9417174492600360e+00, 2.1098131135285346e+01,
       -2.2353519927939853e+01, 7.8949388559747833e+00,
       7.5654367300094654e+00, 1.6536215453943748e+00,
       1.5133163272853340e+01, -1.0613284938224312e+00,
       3.2522433281589269e-01, 1.2288637305890171e-01,
       -2.7613037263285494e-02, 1.3118434720993860e-02,
       4.3288450302668188e+01, 9.2929292146203739e+00,
       -2.7189624772309755e+00, 6.6336427631768968e+00,
       2.7389881007704936e-01, 6.3839354619229978e+00,
       3.7954997069356327e+00, -1.0613284938224314e+00,
       1.8349560094695416e+00, -8.0469776345539219e-03,
       2.9545222815208990e-02, 2.1076910690650021e-02,
       1.6739696032755477e-02, 1.5964053397495194e+01,
       -2.5238139855858477e+00, 5.2720620303373200e-01,
       1.2214627784293871e+01, -2.4987876374819522e+00,
       -8.7523798432437916e-01, 4.3072640545803442e-01,
       3.2522433281589269e-01, -8.0469776345539184e-03,
       7.1565516608824298e-01, -3.4175982606262000e-02,
       -1.1919020697737811e-02, 4.3512750537451853e-03,
       -1.2287345442135857e+01, -6.7979017051083857e-01,
       2.9606507560800188e+00, -1.2310340733897687e+00,
       -1.1455144424205463e-01, 7.3979406116147883e-01,
       2.7311495919638749e-02, 1.2288637305890175e-01,
       2.9545222815208990e-02, -3.4175982606262000e-02,
       2.5783257985535182e-02, 9.5472838831701565e-04,
       -6.3329964350189514e-04, -2.8170125567473175e-01,
       -8.1470683892039020e-01, 1.9766208361663820e-01,
       -3.1600077410255178e-01, -5.4639015423478404e-02,
       -4.2187384535667888e-01, 3.2161650200775334e-02,
       -2.7613037263285494e-02, 2.1076910690650017e-02,
       -1.1919020697737809e-02, 9.5472838831701565e-04,
       2.8302751596995510e-03, 5.7383000348448093e-04,
       -2.8798754567003204e-03, 3.9163507348905550e-02,
       -8.3400705173789697e-02, 3.6328739009569483e-02,
       9.3919332274894768e-03, 1.0973453627606091e-02,
       -4.0160263727718755e-02, 1.3118434720993864e-02,
