%YAML:1.0
means: !!opencv-matrix
   rows: 7
   cols: 9
   dt: d
   data: [ -4.5903774738900132e+01, -9.5994286551430505e+01,
       8.0294919491144530e+00, 6.1062655824512497e+01,
       -4.9533652968408433e+00, -1.3798237753793803e+00,
       1.4463255974820612e+00, -4.4182062583574222e-01,
       3.4119915871023054e-01, -6.9817771792255812e+01,
       5.9060649672819112e+00, 2.6409704966226389e+01,
       -8.8724777020677479e+00, 1.8529182121002471e+01,
       -1.4549873299497156e+01, 2.6805308864476580e+00,
       1.5626153154522954e-01, 1.7928018555527586e-01,
       8.1748383445098810e+01, 1.5715083963934214e+01,
       -2.3964529366941253e+01, -3.2216914748669794e+01,
       -2.6471009485319890e+01, -1.9712808981982686e+01,
       9.1250546718760328e-01, -2.3232482261692473e+00,
       2.0298391682489431e-01, -1.9151194838892994e+02,
       3.7986443327974925e+01, 4.0633851694260493e+01,
       -1.8659872982587938e+01, -1.4290023004619174e+01,
       9.1437657757847859e+00, -1.7236499284808302e+00,
       2.2934738812569594e-01, 6.7857796541687415e-02,
       1.3829767218039208e+02, -9.8843339358467865e+00,
       -3.7933135378342101e+01, 8.9627932948736220e+00,
       -5.0857886866812851e+00, 1.2168024881115345e+01,
       -4.2529804615245431e-01, 1.1735662976053562e+00,
       2.8011339192776963e-01, 1.8678956791365337e+01,
       4.6275358260137999e+01, 6.1474608301286326e-01,
       -2.6974184594717997e+01, 5.7127592037875363e+00,
       1.5086156189155255e+00, -3.1818543848344718e+00,
       -1.2566417310502298e+00, -2.0085633327659798e+00,
       4.7269328440855752e+01, 7.8233327823999570e+00,
       -7.8477644313745660e+00, -2.2884540359998395e-01,
       1.5748821686634809e+01, 2.5449533080945635e-01,
       5.8968776379869081e-01, 8.2809064376686647e-01,
       4.1646198824461378e-01 ]
covs: !!opencv-matrix
   rows: 63
   cols: 9
   dt: d
   data: [ 1.0187800084929811e+04, 2.9907210210508458e+02,
       1.9709513893677745e+03, 1.7168368984409594e+02,
       2.5133350458723865e+02, 4.4255193474412586e+01,
       5.5568416926689963e+01, 1.4481401837726191e+01,
       -1.3982051706527223e+01, 2.9907210210508453e+02,
       6.5144515533551003e+03, -6.3617604352164030e+01,
       2.0850636809370449e+03, 6.0144649859085257e+00,
       -1.7208845344715744e+01, 8.3184382201949475e+01,
       -2.0093065841163860e+01, -1.2078733012117491e+01,
       1.9709513893677745e+03, -6.3617604352164079e+01,
       2.7849481113984502e+03, -6.9479864879526559e+01,
       -1.2901816881400092e+02, 2.0686811078685370e+01,
       -8.5716067856813964e+00, 6.5782195691251133e-01,
       2.3999678154328028e+00, 1.7168368984409591e+02,
       2.0850636809370453e+03, -6.9479864879526573e+01,
       1.2351896839139893e+03, -9.7925917516979496e+01,
       -1.1987449455532300e+02, -4.0197029328043378e+01,
       7.1293400676886893e+00, 6.3210499705918632e+00,
       2.5133350458723865e+02, 6.0144649859085293e+00,
       -1.2901816881400092e+02, -9.7925917516979453e+01,
       1.5455687773859302e+02, -2.0505999984226211e+01,
       4.5571404184053499e+00, 1.7039810422972185e-01,
       -1.7754744352632124e+00, 4.4255193474412586e+01,
       -1.7208845344715744e+01, 2.0686811078685373e+01,
       -1.1987449455532297e+02, -2.0505999984226211e+01,
       5.6407753136060613e+01, 2.1415256910984393e+01,
       -6.6521059803152269e+00, -2.1098591466207606e+00,
       5.5568416926689963e+01, 8.3184382201949475e+01,
       -8.5716067856813947e+00, -4.0197029328043378e+01,
       4.5571404184053490e+00, 2.1415256910984393e+01,
       2.0276530554915631e+01, -1.0802301366176434e+00,
       -2.9536486301885416e+00, 1.4481401837726187e+01,
       -2.0093065841163867e+01, 6.5782195691251000e-01,
       7.1293400676886920e+00, 1.7039810422972193e-01,
       -6.6521059803152269e+00, -1.0802301366176437e+00,
       1.4890887111936689e+01, -2.7380757003825078e+00,
       -1.3982051706527225e+01, -1.2078733012117491e+01,
       2.3999678154328032e+00, 6.3210499705918606e+00,
       -1.7754744352632128e+00, -2.1098591466207606e+00,
       -2.9536486301885416e+00, -2.7380757003825078e+00,
       1.7750645644013310e+00, 6.7992651119153197e+03,
       1.5040527413028333e+03, 2.6745201425541427e+03,
       -7.3824774959683259e+02, 5.5064114034027807e+02,
       4.6167500877067390e+01, -1.0657456958557333e+01,
       -3.2974214513174247e+00, 1.0508913230065344e+01,
       1.5040527413028331e+03, 7.7503746392123549e+03,
       -4.5906384655726583e+02, 1.1318355451578930e+03,
       2.6792556886143524e+02, -6.1041926725678096e+01,
       2.0684579031195469e+01, -2.1383991797546187e+01,
       1.8291224814973166e+00, 2.6745201425541427e+03,
       -4.5906384655726566e+02, 2.4932214567858009e+03,
       1.1403752422183068e+02, -1.7881000873953906e+02,
       -6.1147935327502523e-01, -9.3001171741258890e+00,
       5.5560452621578440e+00, 1.7316378303742086e+00,
       -7.3824774959683236e+02, 1.1318355451578930e+03,
       1.1403752422183069e+02, 1.8684628408608746e+03,
       -2.2689438013447776e+02, 3.3595841779520441e+01,
       -3.3050339811011202e+00, -2.8414053493274682e+00,
       1.8953771232343836e-01, 5.5064114034027807e+02,
       2.6792556886143524e+02, -1.7881000873953903e+02,
       -2.2689438013447779e+02, 2.1631113724423392e+02,
       7.7046989923865794e-01, -2.0603170568302865e+01,
       -4.2054714705546541e+00, 5.4689819291143671e+00,
       4.6167500877067404e+01, -6.1041926725678096e+01,
       -6.1147935327502601e-01, 3.3595841779520441e+01,
       7.7046989923865739e-01, 9.3355699863997700e+01,
       2.4734951854520865e+01, -1.2759444078509230e+01,
       -2.3333522336443155e+00, -1.0657456958557329e+01,
       2.0684579031195479e+01, -9.3001171741258837e+00,
       -3.3050339811011189e+00, -2.0603170568302865e+01,
       2.4734951854520872e+01, 1.9577347514609947e+01,
       -1.5928231021927983e+00, -2.5419619578353352e+00,
       -3.2974214513174260e+00, -2.1383991797546194e+01,
       5.5560452621578458e+00, -2.8414053493274705e+00,
       -4.2054714705546532e+00, -1.2759444078509230e+01,
       -1.5928231021927983e+00, 1.1694991156773458e+01,
       -1.9302828218460877e+00, 1.0508913230065344e+01,
       1.8291224814973186e+00, 1.7316378303742079e+00,
       1.8953771232343852e-01, 5.4689819291143680e+00,
       -2.3333522336443164e+00, -2.5419619578353352e+00,
       -1.9302828218460877e+00, 1.3758725456331744e+00,
       4.0784282857932130e+03, 8.9504744087926866e+01,
       3.0724827467229434e+03, 1.4714764283101641e+02,
       -1.0388296092892365e+02, -2.1582129322851547e+01,
       -5.3387743528078168e+01, -5.2818998095172720e+00,
       1.9826534001098612e+01, 8.9504744087926895e+01,
       5.5940255976471672e+03, -4.5079380692872917e+01,
       2.4674662836898378e+03, -4.0893491227147123e+01,
       -1.3474249675776514e+02, 4.0398992278004492e+01,
       -2.5188848315158783e+01, -2.2049974847391582e+00,
       3.0724827467229434e+03, -4.5079380692872924e+01,
       2.5739985603952468e+03, 3.0435720731251990e+01,
       -8.2303983607776772e+01, 5.0753450535629653e+01,
       1.6526538632865584e+01, -5.1493405639824692e+00,
       3.8578979625482184e+00, 1.4714764283101647e+02,
       2.4674662836898378e+03, 3.0435720731252015e+01,
       1.1720930168726154e+03, -6.0556274357395793e+01,
       -8.7843336181283533e+01, 4.2721109291919230e+00,
       1.7331009401095585e+01, -4.5611029491430237e+00,
       -1.0388296092892365e+02, -4.0893491227147123e+01,
       -8.2303983607776772e+01, -6.0556274357395793e+01,
       3.5088543826565648e+01, 8.9480669480565869e+00,
       4.2280182920682288e+00, -1.5968404480831497e+01,
       2.8056758760489280e+00, -2.1582129322851557e+01,
       -1.3474249675776514e+02, 5.0753450535629639e+01,
       -8.7843336181283533e+01, 8.9480669480565851e+00,
       8.2281184770991217e+01, 2.6131448033803032e+01,
       -7.8174431531180710e+00, -3.4994991161906639e+00,
       -5.3387743528078182e+01, 4.0398992278004492e+01,
