%YAML:1.0
means: !!opencv-matrix
   rows: 26
   cols: 5
   dt: d
   data: [ -1.4314519200638554e+02, 7.8976046190127136e+01,
       7.5700539324205124e+01, -4.8306009976904853e+01,
       -2.1377710192592122e+01, 1.7587586356486051e+02,
       -5.3652783302501653e+01, -8.7559548379458558e+00,
       -3.6162011142170904e+01, -5.9362964016315090e+00,
       7.1141512615519147e+01, -7.5451079594945449e+00,
       5.7581677593529946e+01, -2.3962316801186585e+01,
       1.4924519779704340e+01, 5.2885028047678752e+01,
       3.3428620525855628e+01, -1.2608915828034535e+01,
       -2.9260451206164554e+01, 1.6659623593449268e+01,
       -1.4356774673250848e+02, -1.8138373437430680e+01,
       3.5042510283680087e+01, 8.1633343853492534e+01,
       -1.4192184146012806e+01, 1.8603127979474451e+02,
       6.3531136481123454e+01, -1.0712980178058046e+01,
       2.8474818260706979e+01, -8.2862218194105139e+00,
       -1.7808703852714868e+02, 9.2573337955937959e+01,
       1.9139860936398083e+01, 2.2042621144758222e+01,
       -2.3993765808760541e+00, -4.4275573916301028e+01,
       6.7214139914396668e+01, 9.5299313981525174e+01,
       1.6724573342830649e+01, 3.2062763986590870e+00,
       -1.1270964915851934e+01, 2.9350071092300851e+01,
       -7.9856253973809331e+01, 4.6081935977498368e+01,
       1.2338785791085936e+01, 6.9024789515621023e+00,
       1.8435472478007949e+02, 2.3807975182956076e+00,
       -9.6872769903116648e+01, 2.2275164548125592e+00,
       -2.5931794505407271e+02, 7.9836619343431607e+01,
       -7.8599117378108208e+00, -4.9556868862518385e+01,
       -1.9549659215328379e+01, 1.1453456742348625e+02,
       9.8410058446939487e+01, -2.4175955023724331e+01,
       -9.4845490093972695e-01, -7.8630473133676162e+00,
       -1.5293530890642342e+02, -7.1874032051420158e+01,
       -2.9448668220789468e+01, 4.6237116825397699e+01,
       6.2451014875704143e+00, 8.5979414530082323e+01,
       1.3696153010349768e+01, -9.2900232548314179e+01,
       -1.0348694042510180e+01, -4.3923481030735152e+00,
       1.3416568267022711e+02, 1.3688290682272214e+01,
       1.8302125804926785e+01, -3.2048374678227262e+01,
       -2.7683900901300021e+01, -1.6262531614487564e+01,
       3.1188579733602527e+01, 6.0560644887812352e+00,
       -2.2706995966901829e+01, 3.8331285546066788e+01,
       -1.5598674482382287e+02, -4.4150608765004215e+01,
       3.8529910404950563e+01, -3.2818443413420489e+01,
       -1.7545309054015196e-01, 3.2960944596044861e+01,
       1.0879110596700525e+02, 4.2238315510967428e-01,
       4.1087432474560167e+01, 1.2500639213751123e+01,
       -1.2847763549057042e+01, -6.7326127657830241e+01,
       5.3306278119444798e+01, 4.3423373485136992e+01,
       1.0233384489410852e+01, 1.5857766184114752e+02,
       -6.3875152882206066e+01, 4.7708562191293105e+01,
       2.9767421803997156e+01, -2.3184022914804405e+00,
       -1.3900361918977632e+02, -1.5498309711612302e+02,
       4.0931587817318658e+01, 2.3261133005821691e+01,
       -1.1088514206027355e+01, 7.9118989671666256e+01,
       -1.8063337391270515e+00, -2.6324580825629486e+01,
       -3.5473193847024987e+01, -2.6802829467089445e+01,
       2.1840064067700109e+01, -1.5172173002931635e+02,
       -2.9818712550930663e+01, -3.3735036494773850e-02,
       7.1008405403360104e+00, -6.8079487414309980e+01,
       -7.8494983688534461e+00, -3.6945348019422894e+01,
       -2.3793403268489744e+01, 1.4295154607615414e+01,
       2.9881890700920852e+01, 2.1038602327320302e+01,
       -6.6121115120816640e+01, -3.2080194628689839e+01,
       -2.4285747454623660e+01, 5.3910658183078986e+01,
       -6.6742868143875796e+01, -2.6774864173100230e+01,
       5.2771152946178589e+01, -5.7891484499335242e+00 ]
covs: !!opencv-matrix
   rows: 130
   cols: 5
   dt: d
   data: [ 2.5129220471681206e+03, 3.5264967230502003e+02,
       9.7383440769902029e+02, 2.9632887239855521e+01,
       -7.9308954196484578e+01, 3.5264967230501998e+02,
       6.7313296802313835e+03, 9.2898940761727317e+01,
       1.9251099944344753e+03, -2.1374098131602960e+02,
       9.7383440769902029e+02, 9.2898940761727232e+01,
       9.0572484833286023e+02, 1.2669365458613859e+01,
       -1.9656765137013716e+00, 2.9632887239855513e+01,
       1.9251099944344753e+03, 1.2669365458613866e+01,
       1.1764418284850485e+03, 8.2156692475500236e+01,
       -7.9308954196484578e+01, -2.1374098131602960e+02,
       -1.9656765137013688e+00, 8.2156692475500208e+01,
       1.0418418864529086e+02, 3.2681445829533727e+03,
       -3.1025187927357905e+02, 1.1291242112840159e+03,
       -6.7244533136445483e+01, -9.6589256502341073e+01,
       -3.1025187927357905e+02, 2.6507266332909744e+03,
       4.9541163230251918e+01, 1.2556457849757463e+02,
       1.6122147625349260e+01, 1.1291242112840159e+03,
       4.9541163230251904e+01, 1.0922168156986645e+03,
       -4.4873786169261848e+01, -2.3439866724377822e+01,
       -6.7244533136445497e+01, 1.2556457849757463e+02,
       -4.4873786169261848e+01, 7.7056169805762283e+02,
       -5.7363873429299028e+00, -9.6589256502341073e+01,
       1.6122147625349260e+01, -2.3439866724377818e+01,
       -5.7363873429299037e+00, 2.0918006967614193e+01,
       2.2296575644049863e+03, 4.4889079897100157e+02,
       2.8384551500440574e+02, -2.8475852137249132e+02,
       9.7043824247555094e+01, 4.4889079897100157e+02,
       5.3572317028453599e+03, 1.3543925193800725e+01,
       8.9357824238234673e+02, -1.3005706214057929e+02,
       2.8384551500440580e+02, 1.3543925193800732e+01,
       5.7106499150937100e+02, -2.8105301762359531e+01,
       1.3443791958042874e+02, -2.8475852137249132e+02,
       8.9357824238234673e+02, -2.8105301762359531e+01,
       1.4971161573525878e+03, -3.8152078654611920e+01,
       9.7043824247555094e+01, -1.3005706214057932e+02,
       1.3443791958042874e+02, -3.8152078654611920e+01,
       3.0308667502620830e+02, 4.3671359020650689e+03,
       -1.0233568625021361e+03, 1.8963974847771924e+03,
       5.6260500316521757e+02, -2.8052944347711048e+02,
       -1.0233568625021361e+03, 7.8469593071158297e+03,
       3.6624690755218671e+02, -7.5919498860364240e+02,
       2.3351374986601900e+02, 1.8963974847771924e+03,
       3.6624690755218677e+02, 2.1730453773885024e+03,
       -8.2436185635606009e+01, 8.9614489136661177e+01,
       5.6260500316521757e+02, -7.5919498860364274e+02,
       -8.2436185635606037e+01, 2.5228601725626445e+03,
       -1.0475289092419743e+02, -2.8052944347711048e+02,
       2.3351374986601900e+02, 8.9614489136661192e+01,
       -1.0475289092419743e+02, 9.8047922158240510e+01,
       4.4511722988444644e+03, -4.4860164425486005e+02,
       2.4714705268476619e+03, 1.8420393424656058e+02,
       -1.0730292721121531e+02, -4.4860164425486005e+02,
       2.5297061039537912e+03, -6.3992629217438200e+01,
       1.1223049485586944e+02, 1.4798563369527403e+02,
       2.4714705268476619e+03, -6.3992629217438129e+01,
       2.0389051519109805e+03, -1.3738037205980243e+02,
       -5.0905316897933055e+01, 1.8420393424656058e+02,
       1.1223049485586944e+02, -1.3738037205980243e+02,
       7.2843861770715182e+02, -1.1196412441341504e+02,
       -1.0730292721121532e+02, 1.4798563369527403e+02,
       -5.0905316897933055e+01, -1.1196412441341505e+02,
       8.7140182692488324e+01, 2.9517698664975724e+03,
       2.7710383363676232e+02, 1.2589490373976564e+03,
       -3.2929320698575538e+02, -7.8610111144742163e+01,
       2.7710383363676220e+02, 2.2386499338596823e+03,
       -1.1292007516362349e+02, 1.0908717430915323e+02,
       -1.6106563636430486e+00, 1.2589490373976564e+03,
       -1.1292007516362347e+02, 1.1908538758080024e+03,
       -6.1747349310882555e+01, -4.0490362770493348e+01,
       -3.2929320698575538e+02, 1.0908717430915323e+02,
       -6.1747349310882583e+01, 9.4785751855275623e+02,
       2.5721052234517447e+00, -7.8610111144742163e+01,
       -1.6106563636430495e+00, -4.0490362770493348e+01,
       2.5721052234517434e+00, 1.5435607948648732e+01,
