%YAML:1.0
means: !!opencv-matrix
   rows: 26
   cols: 9
   dt: d
   data: [ -1.5845071669002024e+02, -7.4380877487130603e-01,
       4.0463378146528200e+01, -9.7655551110160186e+00,
       -7.3843184804119666e-01, 3.0437644545086227e+00,
       7.5992872414982449e-01, 1.2647306649239054e+00,
       -8.6381420200909242e-01, 9.9056354984323804e+01,
       -4.6685581415617705e+01, -2.1827775533644893e+01,
       3.6544034451291118e+01, -2.7512896308092255e+01,
       2.3866179340678318e+01, 1.2081028460855254e+00,
       1.3202541448801806e+00, 5.3118333091305092e-01,
       6.5111343727156905e+00, -4.5845558080956764e+01,
       -3.5882637603575077e+01, 3.1367610524238209e+01,
       1.4332000041458778e+01, 7.3746808714333278e+00,
       8.5996964673172449e-01, -2.5834677580105964e-01,
       -2.8840295203159017e-01, -1.3641845675907508e+01,
       8.6584532614864983e+01, -7.7688480701175013e+00,
       -4.2825223837121698e+01, 1.2728304687828452e+01,
       -1.2030396616385568e+00, 1.5728882498512402e+00,
       -2.3329977084858092e-01, -2.5872536648929151e-01,
       3.3754318404963641e+01, 1.0769935146855215e+02,
       -2.9569787895011970e+01, -4.3458723414333491e+01,
       -1.0390364146178031e+01, 1.9192888284536960e+00,
       8.6616078322057810e-01, -1.1351138522314688e+00,
       -1.8992242655514593e-01, -1.3118214929545553e+02,
       -5.1642444670413788e+01, 3.2369100071826288e+01,
       2.2781622947835206e+01, -2.3236577806919407e+00,
       1.8797891529243643e+01, -2.7647325305360604e-01,
       5.2707382830025384e-01, 2.2706139227576272e+00,
       -1.6076078659502065e+02, 3.8363244841808161e+01,
       2.9501187315457116e+01, -3.6299399411599140e+01,
       5.1799720717284503e-01, -4.2900312673865058e+00,
       3.6301712531027923e-02, -1.2046233176807718e-01,
       1.9577365366795332e+00, 1.0708303569567973e+02,
       -7.7163006557054175e+01, -1.2425527268925102e+01,
       5.3194374868207397e+01, 2.2741993249714704e-01,
       2.0637912428954266e+01, 2.3551410971267011e+00,
       4.1533928534971537e-01, 4.1406592006646037e-02,
       -1.4053050091715582e+01, 7.2845430068850092e+00,
       -9.2694919593668246e+00, -9.7886520703864139e+00,
       2.6121830908092456e+01, -3.7409609345125683e-01,
       1.7682206852226223e+00, -1.0976096971167064e+00,
       -1.9407838451097503e-01, 1.4131342178224429e+00,
       1.4323571381523692e+02, -1.9614770968703720e+01,
       -5.9884906722269932e+01, -1.0861910163249700e+01,
       3.7712431645660285e+00, 2.1504222987359216e+00,
       5.8727569510823786e-02, 3.6256921395469169e-02,
       1.7327459134152718e+02, -3.5449180037213091e+00,
       1.3398779994275102e+01, -7.3771747486247830e-01,
       -8.0278122090806081e-01, -8.5189292519954254e+00,
       -1.3485319701228244e+00, -7.6042328019990313e-01,
       -8.2565358813559375e-01, -1.7796768168904379e+02,
       -6.8792339979098003e+01, 4.6349080726245944e+01,
       2.5694357259476647e+01, -2.4468213860806394e+01,
       8.6535102475777510e+00, -1.3814464776732933e+00,
       9.8589864000182681e-01, -1.9916461248451436e-01,
       -1.2867476366782662e+02, 1.1927190105703865e+02,
       1.0904700554793878e+01, -5.1727937203271345e+01,
       -1.3507846080289649e+01, -1.5300418216350836e-01,
       5.4122245342776376e-01, 5.8310298977749468e-02,
       -5.8189807922685299e-01, 1.1144483401639995e+02,
       -5.5043917888616726e+01, -2.8128080908400197e+01,
       4.1291868299168158e+01, -2.5643787755782110e+01,
       1.0051443682873593e+01, 6.6570572948428786e-01,
       -3.0361111975675520e-01, -4.0229247885902186e-01,
       4.7027281812993511e+00, -4.2121227747810025e+01,
       1.2816219262507447e+01, 1.8414094848284712e+01,
       3.9205612639937577e+01, -6.8124501927653347e-01,
       8.9300564302882013e-01, -9.2306271861801659e-01,
       -3.6975672216418670e-01, 1.0076093508768041e+01,
       -4.1799323507219952e+01, -3.1246178324985010e+00,
       1.5440383589965057e+01, -9.4669472469253648e+00,
       -1.1784086432758230e+01, -1.3748114725318547e-01,
       -3.1688428072684410e-01, -1.2720451230060508e+00,
       2.1545670114788102e+01, -1.0951930753538075e+01,
       -1.3154886411307588e+01, -2.3600176537287041e+01,
       -4.7326323548310496e+00, -2.5026029844435900e+01,
       -2.9189722010169232e+00, 2.9052372323823592e+00,
       5.8623860429837684e+00, 2.4178135450242642e+00,
       -2.0282630534877040e+02, 1.4303671470794942e+01,
       6.9400581237841223e+01, 1.0694208269408783e+01,
       -2.5060929372533419e+01, -1.9657730925578840e+00,
       -1.3816685966414459e+00, -1.4780723437980420e-01,
       -1.6720743627250559e+02, -1.4759777713945493e+02,
       5.2144982535522821e+01, 4.7341355123844536e+01,
       -3.6316937109410020e+01, -1.9094616105318767e+01,
       -5.7787599306369941e+00, -1.9822731636050375e+00,
       -1.3946278138575263e+00, -1.9616992134673437e+00,
       3.1811177854745171e+01, 1.4932627970286266e+01,
       -9.7893642507708662e+00, 2.1052267886119555e+01,
       -9.9212500748225652e-01, -7.8213798116190061e+00,
       2.0599356581067729e+00, 6.6467930944362337e+00,
       8.1784759332056822e+01, 9.6094076004527153e+01,
       -3.4245295436107824e+01, -3.2792277019661483e+01,
       7.4720199147763955e-02, -6.4160541783598397e+00,
       1.3199425710160508e+00, -3.6944729967576040e-01,
       -6.8252844102373522e-01, 9.1173132729149671e+01,
       -3.0831858867909034e+01, 6.1906540665678449e+01,
       -5.6539216804414929e+00, 1.5334587135499293e+01,
       1.0672165924860604e+01, 7.5006728022409863e-01,
       -6.5500263561617356e-01, -1.9892581690076663e-01,
       -1.4087253703188802e+02, -1.4093150030037785e+01,
       3.3959496081554811e+01, -1.6437468729201459e+01,
       -4.2932110294134684e+00, -2.7301282557870305e+01,
       -9.3146027289217592e-01, 2.5135298758676483e-01,
       -2.6595513735579783e+00, 1.9206804731458985e+02,
       1.1819962977804877e+01, -4.9305326519964261e+01,
       1.3564404583921219e+01, -9.7256553035313509e+00,
       -7.0556795205278577e+00, 1.1226268501495875e+00,
       -4.5605173938754051e-01, -9.2322812171502433e-01,
       1.1758082255121931e+02, 1.6161975699193299e+01,
       -5.6050039191152784e+01, 1.3389248607075201e+01,
       -1.0346039161614938e+01, -9.1727603880108592e+00,
       -1.8994197170268066e+00, 6.6530218418581766e-01,
       -7.7408262665866212e-01, 5.6548340703927906e+01,
       1.4581817747278889e+01, -1.1232012356132214e+01,
       -1.3469719517604084e+01, -7.3664599618687268e+00,
       -8.7961746132536280e+00, -7.7568191929947456e+00,
       1.3509323467304888e+00, 6.4658144499956229e+00 ]
