%YAML:1.0
means: !!opencv-matrix
   rows: 24
   cols: 6
   dt: d
   data: [ -1.9599473079699610e+01, -9.5844816768009444e+00,
       -4.8670652516248026e+01, -1.2599098036996750e+01,
       1.4299730831283595e+01, 1.9983575446347996e+00,
       -1.6573091024840849e+02, -1.2455100736710236e+01,
       3.6706098749338445e+01, 1.6848270254897066e+01,
       -4.2044244953189986e+00, 2.0784738126802850e+01,
       3.8247630525782142e+01, 4.5098977415355236e+01,
       -7.8690813981667302e+00, -4.3665081844824265e+01,
       -2.0186615350835786e+00, -2.1507595082045910e+01,
       -1.8266603550416474e+02, 7.6025331111554195e+01,
       3.1700708769427656e+01, -5.9937547730520848e+01,
       -2.7292207509335135e+01, 6.3205273706966958e+00,
       -8.9840899995795155e+01, -1.2765777773161517e+02,
       2.0769321966013784e+01, 2.6687437211673110e+01,
       4.0100984900945313e+00, -4.4539880694189682e+00,
       5.3838009953796778e+01, 1.0587981899309392e+02,
       -9.9905682399218900e+00, 3.8704383836760499e+01,
       5.4154601051640361e+00, -1.2776482514424397e+00,
       8.5949026540822629e+01, 7.9304100017008290e+00,
       -3.0681986332455594e+01, -2.9673019620645675e+01,
       -2.7088093636797822e+01, -1.6362907727374793e+01,
       1.0360913029516067e+02, -3.9846225370898573e+01,
       -3.4631775927153434e+01, 3.1186335974630840e+01,
       -1.5213343451241288e+00, 1.5059878286765739e+01,
       -9.0516846941706774e+01, -8.9304240878256795e+00,
       3.1018676667101410e+01, -3.4081805020328844e+01,
       1.1725203138150933e+01, -1.5989598027723005e+01,
       8.2510096074199453e+01, -4.1624232114100366e+01,
       -4.0954546879391998e+01, 1.6522894974378822e+01,
       -9.6414564438393988e+00, 5.4319342275379281e+00,
       -1.8874110130810033e+02, -5.3612424844445698e+01,
       4.1901937149189600e+01, -2.4843585610248439e+01,
       -6.2499514385199717e+00, 9.0997280424478133e-01,
       8.2791547986977122e+01, 1.8776839805979254e+01,
       -2.2370851029453799e+01, -3.2319449776885598e+01,
       -2.5367618873670853e+01, -2.0205839955876918e+01,
       2.2380851373676336e+02, -7.3277521771999155e+00,
       2.1304621645707279e+01, 1.1885938302154438e-01,
       -8.3210298696054821e+00, 1.1245293797508332e+01,
       -2.0709874805785869e+01, -5.6986662592357057e+01,
       9.4972791884880046e+00, 5.1701628463424427e+01,
       1.6700288885204031e+01, -4.6356630666273796e-01,
       -2.1843427955152816e+02, 8.9130570876526988e+01,
       4.9054440060439809e+01, -4.2165740637962820e+01,
       -1.8329340037005398e+01, 2.5354350598753562e+01,
       1.4169032007200232e+02, 1.5352975606155017e+01,
       -5.4604429569670650e+01, -5.3592720830731064e+00,
       -5.9963314356143949e+00, 1.3206457922048227e+01,
       -6.4410062013899987e+00, -1.7874990469008342e+01,
       1.0901805486539990e+01, -4.3758033231870975e+01,
       3.8493187215286568e+01, -3.3307037826337811e+00,
       -1.5484591872074285e+00, 1.0840083282200746e+02,
       1.0323750286588416e+01, 1.4369596442279203e+01,
       3.5847871692139982e+01, -6.6319009344784909e+00,
       2.9241260546972306e+01, -1.0065070845115696e+02,
       -9.5345507072154803e+00, 6.6932686759386172e+01,
       -4.3829976246941129e+00, -1.0916114519917814e+00,
       1.6534774702388365e+01, 1.5234449955802228e+02,
       -5.9372377549625788e-01, -8.6271950947698670e+01,
       1.5674450132454036e+01, 1.5577838582912371e+01,
       9.9222042710245489e+01, -1.3390199247242009e+01,
       3.9097761747083673e+01, -1.0634539519170289e+01,
       1.1293126394745496e+01, 2.0668318289794843e+00,
       -1.6382752285512106e+02, 4.2004296612972034e+01,
       4.1124963725949293e+01, 4.4533853715348741e+01,
       -4.0525156140308214e+00, -2.0250120240270104e+00,
       -1.4259027067581647e+02, -9.2117443625859252e+01,
       2.8591129923350486e+01, 6.7926228797418915e+01,
       -1.7163752085519992e+01, -2.6566235287025514e-01,
       -1.2888847532016433e+02, 1.2815879134526648e+02,
       3.8659338889000452e+01, 4.0102939532885911e+00,
       -3.4601893514432964e+00, -1.0757166492961700e+01 ]
