%YAML:1.0
means: !!opencv-matrix
   rows: 20
   cols: 9
   dt: d
   data: [ 8.1953541203698052e+01, 1.5987506920925092e+01,
       -2.3825042743655143e+01, -3.2137067921184311e+01,
       -2.6440458812310048e+01, -1.9664335544198771e+01,
       9.3389098928291081e-01, -2.3381853998000044e+00,
       2.0243134737095944e-01, 8.0687619840838365e-01,
       -3.6848243984854818e+01, -2.8539182311032718e+00,
       2.4136669975745225e+01, -7.7617092027755819e+00,
       6.2458671782590018e+00, 1.5674113849575204e+00,
       1.9010925424176282e+00, 5.9878084499958750e-01,
       -7.7777860146740835e+01, 3.2238868087064404e+01,
       1.9816180050430457e+01, -2.4515360712360447e+01,
       1.8933842656459891e+01, -1.7352768327187626e+01,
       2.4677212455008206e+00, 1.1662024372363985e-01,
       1.6455530522822959e-01, 1.5534709682313465e+02,
       2.2910051538241245e+01, -4.2799096631591922e+01,
       -6.5734319885892818e+00, -4.8379851663800792e+00,
       1.3751245757425355e+01, -1.7393518760387172e+00,
       1.1763024660201662e+00, 5.3080035835797801e-01,
       -6.0291405521961728e+01, -8.1486429132938113e+01,
       1.6303491876893471e+01, 5.0144151054044407e+01,
       7.6513957361239466e+00, -4.2619039560568908e+00,
       1.9347864586167751e+00, -2.3836097631762287e-01,
       2.2525404869869531e-01, -1.9114010848480584e+02,
       8.4976506823102724e+01, 4.1231582728523087e+01,
       -4.7911011159823829e+01, -2.1778705488009233e+01,
       1.1417715776568805e+01, -2.5750299656767317e+00,
       1.9144158745965600e+00, 6.8512381029726666e-01,
       -1.4291977142695256e+02, -5.7523042803748048e+00,
       3.6337087693757205e+01, 1.4006279624047686e+01,
       -3.3259847651761971e+00, 1.7155958554287391e+01,
       -3.5414023019102975e-01, 2.0858844499569211e+00,
       7.7395860638729530e-01, 8.7909288800678695e+01,
       -5.4346253606003884e+01, -2.8097598678121823e+01,
       3.5721372700234994e+01, -2.2571744422137368e+00,
       1.0045008504394431e+01, -6.0945885705154235e-01,
       2.8825671180040424e-01, 6.9118746792322683e-01,
       1.4519112655468507e+02, -1.0776862098968387e+01,
       -3.9780053073872651e+01, 6.2015472173543884e+00,
       -6.8908200862537221e+00, 1.1621079907200944e+01,
       -1.5348721336907348e-01, 1.6026638849452817e+00,
       9.3757339094331066e-02, 6.7096508796079462e+01,
       1.9219207859164911e+01, -1.6813276889522406e+01,
       -4.7688413111237642e+00, 1.3585389956837485e+01,
       3.8459287269752491e+00, 5.6866489474788284e-01,
       1.5287617281324533e+00, 3.0686027187115406e-01,
       1.5423228979866046e+01, 1.5278602648085229e+02,
       3.7362365116918295e-01, -8.5639347210300699e+01,
       1.5513877125327211e+01, 1.5595655141992751e+01,
       -6.9079950309725568e-01, 2.2880549513575525e+00,
       1.7941869981226877e+00, -1.9175070743178669e+01,
       1.8127298085723428e+01, 2.0312837095397079e+01,
       -7.0155231917354888e+00, 1.9106787613635177e+01,
       -8.1866057940058354e+00, -6.0549685234775303e+00,
       -4.1365139277113272e+00, -5.1056891449121791e+00,
       4.0216579454192050e+01, 4.7371184114218913e+01,
       -9.6424290067025709e+00, -4.2904088896372137e+01,
       -5.8597694457657106e+00, -2.2414478675194061e+01,
       3.0362270021286077e+00, 1.2439573076473900e+00,
       -4.3286457144289588e-02, 1.1466676435108646e+02,
       6.2306560323294420e+00, -2.9658205658480053e+01,
       -1.0077271363411880e+01, -1.1954705347471492e+01,
       4.7351903809767917e+00, -3.3095698905083824e+00,
       -3.5336791317039888e+00, -2.4846351852616237e+00,
       -1.8821353103462550e+02, 1.3885055750574928e+01,
       3.5606929360532185e+01, -7.1658486642808690e+00,
       -3.8225919717486376e+00, 3.7982029307570744e+00,
       -3.0246349660046978e+00, -6.6220666690153109e+00,
       -2.5729298785797128e+00, -1.9510214010845260e+02,
       -1.4019219522817229e+01, 4.3938065459486999e+01,
       1.1555488830962293e+01, -1.0016094942209074e+01,
       2.2542496774444136e+00, 3.5654053519216200e-01,
       1.0042414736158669e+00, 4.7116693761615058e-01,
       -3.0530270894944803e+01, 5.2611490107071175e+00,
       -1.6954365852579756e+00, 1.2576638904660771e+00,
       3.4495389678481473e+01, -1.5016648089650761e+00,
       4.4983093034136939e-01, 2.7828048980730036e-01,
       4.0833542496100073e-01, 6.6927553401752093e+01,
       1.6451712542020733e+01, 5.8694362008365644e+01,
       -1.0102440769813999e+01, 2.6861385404641620e+01,
       -7.9756787816326193e+00, 1.7447476446865673e+00,
       6.7654986473491596e-01, 4.2162652819124269e-01,
       3.4883091386942915e+01, -9.6687908941021007e+01,
       -9.9713143022546404e+00, 6.9032754575214128e+01,
       -4.1918877532265384e+00, -1.2705725996139476e+00,
       2.0958830755845468e+00, -3.7506900351326555e-01,
       -7.1285433172838961e-02, -1.4850505572243250e+02,
       -1.0346848830471046e+02, 2.7511163197292849e+01,
       6.6465031258457458e+01, -1.9692359545349472e+01,
       6.5375167847318172e-01, -2.0893974219430708e-01,
       -1.4453019445627147e+00, 1.0242476845718729e+00 ]
