%YAML:1.0
means: !!opencv-matrix
   rows: 25
   cols: 8
   dt: d
   data: [ 1.8460958486277281e+01, -6.2947094486995496e+01,
       5.1851832470686068e+00, 4.3096596677235624e+01,
       -3.3159847009338471e+01, 2.9828238823848832e+01,
       2.7115463881311275e+00, 1.9530303577567250e+00,
       6.6676914264586145e+01, 9.6719916918731826e+01,
       3.9499070677045985e+01, 4.1557196275708321e+01,
       1.2050155642413158e+01, 7.0550639110328650e-01,
       -1.8612582640481420e-02, -1.3017890865908013e-01,
       -1.7478156131072964e+02, 3.7460196520646527e+01,
       3.6842759473634700e+01, -2.7186447739490955e+01,
       -3.0992759426794811e+00, -2.2025480555508210e+00,
       2.3277195557683261e-01, 9.0502754372900418e-01,
       1.2885780709674586e+02, 6.9009085163005608e+01,
       -4.0945541504210908e+01, -1.5839083985041411e+01,
       -1.0157852692781875e+01, 7.2841733685315968e-01,
       2.0186210334268777e+00, -3.9587329927098402e-01,
       -8.0197818504216187e+01, 1.0259600505544653e+02,
       4.9217085934674731e+00, -5.3050555390190993e+01,
       2.3948230294767061e+00, 4.6570345256476875e+00,
       1.7379059171486211e+00, -2.1612906630875167e-01,
       -1.4391440775458031e+02, -5.2800768911451241e+00,
       3.1844991426358700e+01, -2.1002159161333800e+01,
       -4.1103540029002925e+00, -2.5080130734985595e+01,
       -1.4409808213643283e+00, -1.6736302005282441e-01,
       -1.5271644121393177e+02, 1.1546035157315036e+02,
       1.7418319910219125e+01, -5.0435609743999585e+01,
       -2.3908753312008347e+01, -5.0734040173319306e+00,
       -5.3575050551543302e-01, -2.9066702406884087e-01,
       1.0077209233834199e+02, -3.9925911031045167e+01,
       3.9090621907764380e+01, -3.2214805647076226e+01,
       8.0227841251705918e+00, 5.1077554188884013e+00,
       -2.1777834222410353e-01, -2.9452528411148832e-01,
       -1.5275325747246706e+02, 1.2851939241288662e+01,
       5.1079300702402882e+01, 2.8970273942857602e+01,
       -3.7712505114960626e-01, 5.3443090584889426e+00,
       5.5832210336084864e-01, 8.1492058788966726e-01,
       -5.0893317055959976e+01, -4.3510143349411239e+00,
       -4.6184186017411989e+01, 1.1161485259110281e+01,
       1.4218541269216583e+01, 7.6920930505156209e+00,
       3.9808952917340606e-01, 1.0576712745941981e-01,
       1.0022089574738219e+02, -6.8788069419005737e+01,
       -1.1740071346081900e+01, 5.0987416997377281e+01,
       -2.8463963307561428e+00, 2.1820244853924720e+01,
       2.0089848971615822e+00, 1.2299914587809478e-01,
       -1.7120942850098851e+02, -1.5380526555516437e+02,
       5.2969270070477442e+01, 5.1122786025299142e+01,
       -4.0215180072624406e+01, -1.8547573346049848e+01,
       -5.3106149649333094e+00, -1.8655756494970808e+00,
       6.8785594394505495e+01, 5.8835854975780030e+01,
       -2.5911249166468771e+01, -2.3931183616582022e+01,
       -4.2557494361980081e-01, -1.6341097657651709e+01,
       -4.4303364209578291e+00, 1.5729849254710304e+00,
       5.1977618425424890e+00, -1.7380009502891434e+02,
       1.3287890947480967e+01, 6.0233870957055025e+01,
       2.1059949377412785e+01, -1.3316409534008548e+01,
       -4.9394127855996006e-01, -2.4994426848656084e+00,
       2.5248036943189405e+01, 1.2722842724849852e+02,
       -2.6774429410638941e+01, -5.3531819939531566e+01,
       -8.4501894958935342e+00, 1.3956031015335730e+00,
       2.1521885108019929e+00, -1.7754314692080894e-01,
       6.4944087310707133e+00, 5.2988247899957912e+01,
       1.6266147918344611e+01, -1.5895690491011079e+01,
       2.8971264193146286e+01, -9.9446813199120037e+00,
       -6.9672093458347266e+00, 4.6945393334550478e-01,
       3.4300817549375555e+00, -7.1223315658354309e+01,
       1.5638891596869380e+00, 1.5858635571369634e+01,
       -1.0401292206616315e+01, -1.3726434609601156e+01,
       -1.0664336299129977e+00, -5.0985886564095961e-01,
       -1.9454385799322793e+00, -4.7050078764901343e+01,
       1.2617779770793165e+01, 1.0035318415405083e+01,
       3.4660702531681189e+01, 3.9034073301833296e+00,
       1.7225006584459654e+00, -1.0288287163075160e+00,
       -1.4860498246657031e+02, -6.2079642850655169e+01,
       4.2088274271065309e+01, 2.8709046466071943e+01,
       -1.8787285558942557e+01, 1.4631685955419647e+01,
       -6.8245090071547021e-01, 1.1247231942205478e+00,
       6.4294466207444891e+00, 8.9615737100893284e+01,
       -1.1093152556411665e+01, -4.2713874669360074e+01,
       1.2634289603379287e+01, -3.8792138399311753e+00,
       1.6959729123773624e+00, 1.3065834257844400e-01,
       9.9333424783989543e+01, -4.6016902090945592e+01,
       -2.1518707562507675e+01, 3.6558128986467025e+01,
       -2.7660338598903060e+01, 2.3707080619624470e+01,
       1.1378435807782574e+00, 1.3636131120978330e+00,
       1.7238149120429500e+02, -2.6354560086968444e+01,
       -4.1022854943441786e+01, 2.9129331337509598e+01,
       -1.4864003569726542e+01, -2.5257885650151080e+00,
       1.5873413116589290e-02, -9.8619829035062015e-02,
       -1.4266318689557457e+02, -1.1419770432184406e+02,
       2.4725636451723506e+01, -3.3799673545480182e+01,
       2.3033165762707828e+00, 7.0538893365702924e+00,
       1.5047063806721578e-01, 7.6848208942501339e-01,
       1.4033351007407327e+02, 7.8509006049070313e+00,
       -4.1222667024777728e+01, 9.3686128413371659e+00,
       -1.3187508921838907e+01, -1.0143360891063740e+01,
       -3.6154996911224959e+00, 3.2060549469513488e-01,
       7.5264760572494808e+01, -5.1388241758471382e+00,
       -2.6844695364894193e+01, 6.5589761516030416e+00,
       1.5931367219694495e+01, -1.0064376936639505e+01,
       5.7675747411726086e-01, -9.5226853546807944e-01 ]
