%YAML:1.0
means: !!opencv-matrix
   rows: 40
   cols: 7
   dt: d
   data: [ 1.3378440450586717e+02, 2.8984559110752834e+01,
       -2.8116989657889768e+01, -1.3700775484286318e+01,
       -5.2569400464540985e+00, 2.0099643114807257e+01,
       -8.8925481745082688e+00, -9.6181839369031906e+01,
       -4.9888032099236419e+01, 3.8091333274113587e+01,
       3.7294207751889353e+01, 8.6255829393614381e+00,
       -1.0860529361545330e+01, -1.6110675994498898e+00,
       4.8695379746122775e+01, 1.5465722112517503e+02,
       -8.2700680654221834e+00, -8.2964050432122164e+01,
       1.7188724922399608e+01, 7.8892141028254263e+00,
       1.7055246988735520e+00, 9.9727907783270862e+00,
       2.1961098071304704e+01, 5.5203729118159668e+00,
       -1.9520951864999208e+01, -3.2238336148183131e+00,
       7.9296841202725492e+00, -1.9473861857221315e+00,
       7.9646680194770370e-01, 4.8136590728709962e+01,
       7.6297603727285068e+00, -4.3591519469602503e+01,
       -2.2730530186208804e+00, -1.8082454472931843e+01,
       -6.1315638337945122e-01, -1.6905030075400916e+02,
       1.8333216922955330e+02, 3.9000107096984557e+01,
       -8.7003484160627380e+01, -3.7832923946131622e+01,
       4.5916303177157637e+01, -1.2774274568995796e+01,
       9.7086927005139330e+01, -1.0272779959749261e+02,
       3.6707722774247543e+01, 6.7267636178772477e+01,
       -5.2867810810328004e+00, -6.1088526835775525e-01,
       1.8628384544619856e+00, -2.1681787994770056e+02,
       9.2467428875672766e+01, 5.0067192576839382e+01,
       -4.4902308735367988e+01, -1.8765976114445614e+01,
       2.6004225334763607e+01, -3.9457956879784564e+00,
       7.6865699875911034e+01, 1.0640494777563044e+01,
       -2.2031436764372099e+01, -2.8368365798213972e+01,
       -3.1613718779937063e+01, -1.8564547176861758e+01,
       1.1452016794801203e+00, -6.5763812619968235e+01,
       -1.5230052145284941e+02, 1.3105426735837884e+01,
       2.3085909195995526e+01, 8.2001063839329102e+00,
       -2.0890081415021338e+00, 2.0925059395522347e+00,
       -1.3738957361682853e+02, 5.5894718245699394e+01,
       3.1499667402044082e+01, -4.3288655628247568e+01,
       -1.2715803537454903e+01, -1.5787256481902464e+01,
       -3.4375532037587542e-01, 2.8317708863987775e+01,
       -6.0759339427844230e+00, -6.4947397587677014e-01,
       1.0951213738288628e+01, 1.2247468662739486e+01,
       4.1987957774578826e+00, -7.3966011713423407e+00,
       1.5014442860085376e+02, 3.0983915415057897e+01,
       -4.2334446446336656e+01, -1.5599371748347359e+01,
       -1.3084456340317029e+01, -6.2400565983968070e-01,
       2.9129108724765129e+00, 7.7226033491359246e+01,
       -6.8777780975918503e+01, -1.8103328073911754e+01,
       4.0545937100432667e+01, -1.1159266840889288e+01,
       6.0659515104720771e+00, -7.1419704710796650e-01,
       -1.9745723804936398e+02, 2.8375402734636190e+00,
       4.5974468897601106e+01, 3.4801481886790597e+01,
       -9.4435695689120109e+00, 9.8633980985408805e+00,
       -1.1351904922182647e+00, 7.5054364267776734e+01,
       3.9039199801682024e+01, -1.8093526251943686e+01,
       -3.7769656816744991e+01, -1.6749795626697568e+00,
       -1.5242391128615280e+01, 9.0384999609181016e-01,
       1.1742325201605307e+02, -4.6554522341665532e+01,
       -3.0552519750807178e+01, 3.4338306508472051e+01,
       -3.3967816489905713e+00, 1.3225389252175557e+01,
       1.4170572488814436e-02, 5.4130282223394261e+01,
       -5.8068594923464872e+01, -1.7444124448968090e+01,
       3.6460054277533025e+01, 1.0953006239498883e+01,
       1.4646622217945703e+01, -1.6030736671649410e+00,
       -1.5042600414187430e+02, 1.9234833755080274e+01,
       3.8903279214805607e+01, 1.2158718212384070e+01,
       -6.3422504480541191e+00, 2.6074993818219525e+01,
       -1.6120027216259192e+00, -1.4963512644836296e+01,
       1.6171174567907454e+02, 1.0639722647111373e+01,
       -9.2985610874233274e+01, 1.6797650032534907e+01,
       2.9671329885926035e+01, -2.8701542808377702e+00,
       -1.8269298901035498e+02, 1.0182094300786908e+02,
       4.1474167698868911e+01, 9.9050607940078255e+00,
       -7.9912811269564630e+00, -4.7372524666993648e-01,
       -2.4142414543255389e-01, -2.0987875055630954e+02,
       -1.1150032426355511e+02, 3.4126136051319435e+01,
       -1.0153505201115252e+01, -6.5828624330336885e+00,
       8.8768574470340500e+00, -1.5693301600830727e+00,
       2.4639048301100459e+01, -2.4838656040696417e+01,
       -9.5026946132731112e+01, 1.9629300537544982e+01,
       2.2495150936945962e-01, 8.8968376363186916e+00,
       -4.7510654295832022e-01, -9.5063088002122988e+00,
       -9.8682590444897173e+01, -3.8757457578989730e+01,
       6.8736091549785911e+01, -3.8592477489896471e+00,
       -1.8752957220830844e+00, 2.2786153026613376e+00,
       -1.9068999502589560e+02, -2.9860716601812488e+01,
       4.2450608841415885e+01, -4.3803225281789743e+01,
       -9.0195185944788676e+00, 3.9288162656093591e-03,
       1.7860535397317637e-01, -2.1944898751887894e+01,
       4.2685985127617410e-01, 6.1927866120077351e+00,
       5.4864838363780599e+00, 4.1127177762833732e+01,
       4.8666288848127772e+00, -5.7987878435310192e-01,
       -1.8325593686977624e+02, 8.3918944372560190e+01,
       3.2981706025189204e+01, -5.4471452893009264e+01,
       -2.8498916807314661e+01, 4.4961404202955615e+00,
       -1.9272754444662794e+00, 2.5951067042704551e+01,
       -2.0540226230841473e+01, -2.1215933105784075e+01,
       -1.2434722759631164e+01, 2.2567037763314111e+01,
       6.5087482981184666e+00, 1.0842401508773656e+00,
       1.2814394786894218e+02, 1.3860400189011273e+01,
       1.3250445080548007e+01, -3.3859506844222693e+01,
       -2.6388116087503050e+01, -1.9977468903456234e+01,
       9.0167065227254828e-01, -1.4911148554738995e+02,
       -1.0370412154044875e+02, 2.7340332148873888e+01,
       6.6469209441293202e+01, -1.9885817506595128e+01,
       7.8189439756187740e-01, -2.4689346104273135e-01,
       1.3402188282070583e+02, 3.2666370129288662e+00,
       -3.4608915658107385e+01, -2.3565859023757656e+00,
       -8.5957821254032147e+00, 3.7054743513153161e+00,
       -8.9941155148470420e-01, 1.0951605610257880e+02,
       1.5621147495659745e+01, -8.3246326303385260e+01,
       -8.7195992956488571e+00, -5.6327338316997047e+00,
       1.2443751418228860e+01, -5.0953931763203252e-02,
       -6.0581198350975107e+01, 2.8879075223912142e+01,
       2.2694102203888569e+01, -2.3332540145285240e+01,
       2.3520152431914497e+01, -1.6608004368709597e+01,
       1.8824973277624533e+00, 4.1467251834159953e+00,
       4.0264743818260861e+01, -5.6703358736869811e+00,
       -2.3067619384139810e+01, 5.2902406948981131e+00,
       -9.2400196079155761e-01, 1.2672425321915197e+00,
       -5.8862234966601591e+01, -2.2318077399408260e+01,
       1.5444899377046719e+01, 7.7770907872131261e+01,
       5.6214027237210145e+00, -5.4192154796628280e+00,
       1.9045532986540830e+00, -8.4265921061164093e+00,
       5.1264354763325342e+00, 1.2241586910390305e+01,
       -5.3693398808315003e+00, 2.6058957591482653e+01,
       -8.2288193705986714e+00, 2.0291129039194606e+00,
       2.1379321894761617e+02, 5.8499983151471797e+00,
       -1.3757841515909368e+00, -6.0542033608001322e+00,
       -8.4745761358118479e+00, 1.1802609978201147e+01,
       -2.7300131353506113e-01, 1.3020633103776615e+02,
       4.8748484136199934e+00, 6.0116827947110167e+01,
       -6.3588408998834876e+00, 1.7846366594137290e+01,
       1.9580508215791059e+00, 5.0480485020466093e-02,
       5.0316080708039692e+01, 1.1392445074533144e+02,
       -1.6936035770395723e+01, 3.6021754692710630e+01,
       1.7114854288548326e+01, -5.7387440939894681e-02,
       5.9068999746923334e-01, 2.3666342379016182e+01,
       2.1304707986115297e+01, -7.1848055462540827e+01,
       -3.3154155534260298e+01, -2.3314019532621423e+01,
       -2.0505682837759160e+01, 1.1306442042773581e+00 ]
