%YAML:1.0
means: !!opencv-matrix
   rows: 7
   cols: 14
   dt: d
   data: [ -5.8961440765557619e+01, -1.0375758332142425e+02,
       8.8229960901794158e+00, 6.7578591230984074e+01,
       -9.8310167237536970e+00, -1.9288494631836102e+00,
       1.2075150704975866e+00, -7.6125759218797540e-01,
       3.2528558540094843e-01, -2.0493807195007921e-01,
       4.0666926117174956e-02, -9.1887539008296010e-03,
       3.7976075623966901e-04, -8.2081626926097905e-03,
       -6.3975000861309411e+01, 6.0481834181146059e+00,
       1.5012901361155404e+01, -1.8100291942001614e+00,
       1.1512516896830938e+00, -5.8587857014155604e+00,
       2.3193919042991915e+00, 1.2926964741925926e+00,
       4.9973407226238786e-01, 6.2737930069368938e-02,
       -1.1391103218169549e-01, 1.2364791197725503e-02,
       3.2117201281154509e-03, 9.7841938603392348e-04,
       8.1833424896646576e+01, 1.5484278348489395e+01,
       -2.4064089812712051e+01, -3.2222903687580612e+01,
       -2.6562953304144866e+01, -1.9665950684926603e+01,
       8.7758176333993154e-01, -2.3396376374483139e+00,
       2.1109722332701994e-01, -4.1520990117798036e-02,
       1.0588407590723588e-01, -5.0960533715925134e-03,
       6.4031558080138563e-04, 2.7611912722942606e-03,
       -2.0161968273502242e+02, 4.9064004392682342e+01,
       4.2125604336294984e+01, -2.4029571592042352e+01,
       -1.6776638721328094e+01, 1.1018270534202577e+01,
       -2.8973699876690784e+00, -3.9288777432227612e-01,
       -2.4317278069872959e-02, 1.6445560915512875e-01,
       1.9522475506682405e-02, -1.9657031493376838e-02,
       8.6260571046930872e-04, 2.3490206758698456e-03,
       1.3554826626690993e+02, -1.6584950582226938e+01,
       -3.6943279431777547e+01, 1.3448072076235094e+01,
       -4.7449527459139391e+00, 1.1917649555614124e+01,
       -8.2500707301396359e-01, 1.2784087815704779e+00,
       2.6191460380750403e-01, -3.0811165862145697e-02,
       7.8921250439663554e-02, -2.0930960371467331e-02,
       -4.0485148795379048e-03, -1.0423423863994034e-02,
       3.1390100661470218e+01, 3.3522342797165614e+01,
       -2.1586622053515394e+00, -2.1600120694953073e+01,
       8.2343684262121268e+00, 4.7227506419131808e+00,
       -4.8792230073457921e+00, -3.1493929824565083e+00,
       -3.0511503378749190e+00, -7.9818867574176708e-03,
       -1.2137178721747230e-01, -9.9109184550810452e-03,
       -2.8340431981962639e-02, -5.7976391622910012e-03,
       3.9080928688237584e+01, -5.9937537319417522e-01,
       -3.4424232730324662e+00, 1.7603169760311304e+00,
       1.6619558153060211e+01, -2.5955466428476270e-01,
       7.7800405248426685e-01, 6.2036613236297489e-01,
       3.2955294511909378e-01, -1.4772203793707328e-02,
       2.5345103962396757e-02, 1.6026429987472474e-02,
       7.7732212347642127e-03, 6.5182154699953464e-03 ]
covs: !!opencv-matrix
   rows: 98
   cols: 14
   dt: d
   data: [ 1.0742035110020053e+04, 4.2237632577722434e+02,
       1.7704589286625519e+03, 3.3749725451107423e+02,
       3.9266113902469937e+02, -3.6726048278365951e+01,
       7.5685006678784887e+01, 1.5730090501017992e+01,
       -2.7013308111461381e+01, 1.0718051893756089e+01,
       -2.1704453084236124e+00, -7.8592240853836293e-01,
       2.4369509828388788e-01, 1.1801364595664494e-01,
       4.2237632577722428e+02, 6.2291441244887237e+03,
       -1.1018163330371962e+02, 2.2025715189045077e+03,
       -9.4177735427516581e+01, -2.6166497031348570e+01,
       8.3537556066228461e+01, -2.3445983556741883e+01,
       -9.7138575443489668e+00, -9.1545192848417389e-02,
       1.1825903710628847e+00, 1.1942824768767320e-01,
       4.8134329504589887e-02, 6.0681562712000606e-02,
       1.7704589286625519e+03, -1.1018163330371956e+02,
       2.8016138721130956e+03, -5.6332393984128025e+01,
       -2.0046442396722875e+02, 3.7874086322044654e+01,
       -1.5532627739121242e+01, 4.9754924000028540e+00,
       5.2849471191097166e+00, 2.4000981127002499e+00,
       5.7910435391654513e-01, 1.4625585201518469e-02,
       -6.6210052912710565e-02, 2.9210959043190765e-03,
       3.3749725451107412e+02, 2.2025715189045081e+03,
       -5.6332393984127982e+01, 1.1877033525969275e+03,
       -4.4592369172061858e+01, -1.2831893616370684e+02,
       -3.9076398091076037e+01, 7.1906679450030797e+00,
       7.8884663208465389e+00, -2.5120732264052566e-05,
       -4.3535221236742605e-01, -7.1906056608022448e-02,
       -5.7714068322713011e-03, -6.3060990935944375e-02,
       3.9266113902469931e+02, -9.4177735427516581e+01,
       -2.0046442396722875e+02, -4.4592369172061865e+01,
       8.5435675421133851e+01, -1.4055541505026479e+01,
       8.2099469293114620e+00, 3.2992809976462212e+00,
       -3.9516102669898268e+00, 1.4087204040139931e+00,
       -2.9573747336996675e-01, -2.2324722337630869e-02,
       1.3806289528497964e-02, 5.0855018404939049e-02,
       -3.6726048278365944e+01, -2.6166497031348573e+01,
       3.7874086322044668e+01, -1.2831893616370684e+02,
       -1.4055541505026479e+01, 4.8162318941423976e+01,
       2.0799037116539687e+01, -7.5089386559084730e+00,
       -2.1208757596196852e+00, -5.7532823376845321e-01,
       2.5857369166608957e-01, 5.2354835353038455e-02,
       4.0732034326399344e-03, 6.8564052865149536e-03,
       7.5685006678784887e+01, 8.3537556066228447e+01,
       -1.5532627739121237e+01, -3.9076398091076030e+01,
       8.2099469293114602e+00, 2.0799037116539687e+01,
       2.0517319583245275e+01, -1.3013672334881603e+00,
       -3.1440983230354194e+00, 6.2201146060503665e-01,
       8.9719124648460352e-02, 2.7650102082841022e-02,
       -2.8854013398514258e-02, 1.1725422167065024e-02,
       1.5730090501017996e+01, -2.3445983556741879e+01,
       4.9754924000028575e+00, 7.1906679450030833e+00,
       3.2992809976462207e+00, -7.5089386559084748e+00,
       -1.3013672334881599e+00, 1.4897625343773331e+01,
       -3.0085128523882578e+00, 6.7382905682686434e-01,
       1.9977636483959151e-04, -2.8548428205863643e-02,
       -1.2732691085849989e-02, 6.6700328677737272e-03,
       -2.7013308111461377e+01, -9.7138575443489703e+00,
       5.2849471191097148e+00, 7.8884663208465389e+00,
       -3.9516102669898268e+00, -2.1208757596196852e+00,
       -3.1440983230354194e+00, -3.0085128523882578e+00,
       1.9163106733719835e+00, -2.6802480804904083e-01,
       -3.4324184298844679e-02, 4.4179762163820300e-04,
       -1.9824609288143790e-02, -7.7000958709183588e-03,
       1.0718051893756089e+01, -9.1545192848417500e-02,
       2.4000981127002499e+00, -2.5120732263998712e-05,
       1.4087204040139931e+00, -5.7532823376845332e-01,
       6.2201146060503665e-01, 6.7382905682686423e-01,
       -2.6802480804904077e-01, 4.0608661384331490e-01,
       -1.8885236421724245e-02, 3.2312981754912496e-03,
       2.3166932982157055e-03, -1.0230598300886891e-02,
       -2.1704453084236124e+00, 1.1825903710628849e+00,
       5.7910435391654491e-01, -4.3535221236742594e-01,
       -2.9573747336996675e-01, 2.5857369166608957e-01,
       8.9719124648460366e-02, 1.9977636483959311e-04,
       -3.4324184298844679e-02, -1.8885236421724245e-02,
       7.0808727784348879e-03, -3.5542881705662020e-04,
       4.7789669627760426e-04, 1.0078594646120041e-03,
       -7.8592240853836293e-01, 1.1942824768767317e-01,
       1.4625585201518462e-02, -7.1906056608022489e-02,
       -2.2324722337630869e-02, 5.2354835353038455e-02,
       2.7650102082841022e-02, -2.8548428205863643e-02,
       4.4179762163820289e-04, 3.2312981754912479e-03,
       -3.5542881705662020e-04, 1.8347704781624279e-03,
       1.8650245841874522e-04, -7.8654817809522171e-04,
       2.4369509828388769e-01, 4.8134329504589873e-02,
       -6.6210052912710537e-02, -5.7714068322713176e-03,
       1.3806289528497962e-02, 4.0732034326399378e-03,
       -2.8854013398514265e-02, -1.2732691085849986e-02,
       -1.9824609288143797e-02, 2.3166932982157050e-03,
       4.7789669627760416e-04, 1.8650245841874522e-04,
       2.2321982560720389e-03, -6.1650443396504023e-05,
