%YAML:1.0
means: !!opencv-matrix
   rows: 40
   cols: 3
   dt: d
   data: [ 9.3828974207174056e+01, -3.8221644897289799e+01,
       -2.4057711826152467e+01, -1.8755812693464412e+02,
       1.9677576631506309e+01, -1.0011100801857667e+01,
       -9.0220078044073475e+01, 7.2378663322780284e+01,
       -4.6097455259267015e+01, 1.2837973121641031e+02,
       1.6009785793261418e+02, 5.1224823077334804e+01,
       1.9175262559624625e+02, -1.1813823147326399e+02,
       3.7153212070436958e+01, 2.5719836209130044e+01,
       1.8565192477512127e+02, 5.1475641741642510e+00,
       -2.3200189588996597e+02, -1.5233564501148868e+02,
       6.4336281622779588e+00, 1.7269064028531599e+01,
       -1.5759494144990680e+02, 7.6170459116913269e+00,
       1.8988762670202725e+01, 7.5631166495345454e+01,
       3.5017455795505285e+01, 6.8422110706765721e+01,
       -2.3067435607308951e+01, 4.9897894647278910e+01,
       -6.4632994822220041e+01, 1.7165141450736061e+02,
       -6.9715397814224687e+01, 1.4567550057449455e+02,
       -1.7357129665837732e+01, -6.8648905442953264e+01,
       -3.5418790207053377e+01, 9.9603513053158821e+00,
       9.8147585168097010e+01, 2.5455084304260413e+02,
       3.2620479647983466e+01, 2.4542651013034583e+01,
       1.1819454345188070e+01, 1.4672598864267236e+01,
       -7.6775216840534171e+01, -1.7177847491837494e+02,
       -8.5695360758038177e+01, -1.5263246097639678e+00,
       -2.3586458080915085e+02, 4.5436793377338880e+01,
       3.5584425840265283e+01, 2.3306036687236431e+02,
       -2.9285185780764071e+01, -1.0120573730613611e+01,
       1.4169243752212503e+02, 1.1802481484144366e+02,
       -3.0315965208593393e+01, 1.3146264289597877e+02,
       3.8362621125499025e+01, 1.3614403186835327e+01,
       9.8291145508873541e+01, -1.0583498264512693e+02,
       7.5539327893505970e+01, -6.9983427844126453e+01,
       -1.0281428136091971e+02, -5.0531268297645909e+01,
       9.1285414797616312e+01, -1.1616524617002895e+02,
       -5.5338620940782185e+01, -1.2519240411677400e+01,
       1.1951948046824958e+02, -4.2543663101845702e+01,
       -1.9663020494489039e+01, 2.6134818222175998e+01,
       2.0736476684504240e-01, 8.5346392091348589e-01,
       -7.3657860009440512e+01, 1.2882797747457106e+01,
       1.3900300236537237e+01, -2.8288948449179850e+02,
       4.7267928193440811e-01, -9.0189139077165862e+01,
       3.5374742948828214e+01, 4.8683632826787637e+01,
       -7.1414987172083784e+01, -1.8564853107537189e+01,
       -4.2175739584662963e+01, 8.9727716089172716e+01,
       9.6570442693630781e+01, 4.7415870562926500e+01,
       -1.1687595562358717e+02, -3.9227344585886186e+01,
       9.3881881200521207e+01, 6.8414042333336567e+01,
       5.5171452097530640e+01, -4.7755654979618654e+01,
       -1.8734729420721879e+02, 1.3516375648664501e+02,
       -1.2490719818377414e+01, -1.0709024483008338e+02,
       -1.7247953615073905e+02, -5.0684862532726093e+01,
       -7.4819066184139658e+01, 1.7537308153811455e+02,
       5.9727682219107450e+01, 1.5681053906602077e+02,
       -1.0710091137861350e+02, -3.5118545491319400e+00,
       -2.8191261632734148e+02, -6.0382098091103984e+01,
       -1.6844666127274898e+01, -1.6015496036651817e+02,
       -1.0481007064358042e+02, 6.3811114391110991e+01,
       2.3293188211106731e+01, -1.0312591276651172e+02,
       -8.9846455714737118e+01, 1.6627979708787262e+02,
       -2.0020258918240437e+01, 3.8118674409271442e+01 ]
covs: !!opencv-matrix
   rows: 120
   cols: 3
   dt: d
   data: [ 1.9097697123713940e+03, -6.6360988113335975e+02,
       7.7574347878882315e+02, -6.6360988113335986e+02,
       4.3593767692983411e+03, 2.1439869051657300e+02,
       7.7574347878882315e+02, 2.1439869051657300e+02,
       7.7105925497737098e+02, 2.2125713916792342e+03,
       -2.6864628493844307e+01, 4.8364308274707707e+02,
       -2.6864628493844329e+01, 2.6219593193170049e+03,
       -6.1601506497332866e+02, 4.8364308274707713e+02,
       -6.1601506497332866e+02, 1.4688460708938167e+03,
       1.8007841170333440e+03, 2.0701538587735129e+02,
       2.2974143364040333e+02, 2.0701538587735138e+02,
       2.7654099760379263e+03, -1.6735722274521760e+02,
       2.2974143364040333e+02, -1.6735722274521760e+02,
       9.6098090979789856e+02, 5.1097714768938322e+03,
       -1.2329000866584406e+03, -1.0471359509510742e+03,
       -1.2329000866584406e+03, 3.8909377919703556e+03,
       3.7151858905047419e+02, -1.0471359509510742e+03,
       3.7151858905047425e+02, 6.4481117877799954e+02,
       1.5890682341724184e+03, -3.9427513332499763e+02,
       -1.9453263895368076e+02, -3.9427513332499763e+02,
       2.4474108687722273e+03, 1.1753151254646392e+02,
       -1.9453263895368076e+02, 1.1753151254646396e+02,
       2.2846504803924645e+02, 3.0985155503749857e+03,
       -1.8664160463259549e+01, 5.5738576768521250e+02,
       -1.8664160463259556e+01, 3.3332023952513546e+03,
       -1.5898406355355618e+02, 5.5738576768521239e+02,
       -1.5898406355355618e+02, 1.1625183683645425e+03,
       2.9436866873252625e+03, -7.2169884107025814e+02,
       9.7920317679726929e+02, -7.2169884107025791e+02,
       4.6438266680444440e+03, 2.0408929195628667e+02,
       9.7920317679726929e+02, 2.0408929195628656e+02,
       7.1281321606266283e+02, 2.1939989613700041e+03,
       -1.2201498754710501e+02, 1.1890443143417510e+03,
       -1.2201498754710497e+02, 2.3887243878016916e+03,
       4.3620579006105707e+01, 1.1890443143417510e+03,
       4.3620579006105693e+01, 1.3060833209367315e+03,
       1.6112246332177062e+03, -3.1462638722777115e+02,
       -5.6866732750413451e+02, -3.1462638722777109e+02,
       3.0666005305346371e+03, -1.8995705030572347e+02,
       -5.6866732750413439e+02, -1.8995705030572344e+02,
       1.2966634172158595e+03, 1.3743318210473524e+03,
       1.9929631793410294e+01, 4.6278614022132928e+02,
       1.9929631793410287e+01, 4.2460733829679102e+03,
       5.3920983022764199e+02, 4.6278614022132933e+02,
       5.3920983022764199e+02, 7.2856237379626009e+02,
       4.1227012539829011e+03, -7.7068865617676056e+02,
       -6.5608708070403452e+02, -7.7068865617676033e+02,
       3.7275253929134642e+03, 1.1782375231685089e+02,
       -6.5608708070403452e+02, 1.1782375231685086e+02,
       6.6400933646688259e+02, 2.8798567070079689e+03,
       -1.1075036588429072e+02, 1.1560537407192242e+03,
       -1.1075036588429073e+02, 4.1902230287465827e+03,
       8.3328282507772349e+02, 1.1560537407192242e+03,
       8.3328282507772349e+02, 1.5783610538869179e+03,
       2.7667257127159060e+03, -1.2318562602303293e+03,
       -4.7335361574487439e+02, -1.2318562602303293e+03,
       6.9300996743316755e+03, 5.9907924196605052e+02,
       -4.7335361574487439e+02, 5.9907924196605040e+02,
       5.0431348456984693e+02, 1.8077661764634963e+03,
       3.9403560359495640e+02, -6.3598779328526888e+01,
       3.9403560359495640e+02, 5.7037044266025496e+03,
       3.7314258114264265e+02, -6.3598779328526881e+01,
       3.7314258114264254e+02, 2.8328990937221607e+02,
       1.9278810442973831e+03, -7.9573235588236719e+02,
       1.6725771762946567e+02, -7.9573235588236719e+02,
       2.7163534599596546e+03, -1.4339685972671870e+02,
       1.6725771762946573e+02, -1.4339685972671870e+02,
       8.7825702687432783e+02, 3.3089429168728411e+03,
       -9.5512592604727126e+02, 6.2803719261210551e+02,
       -9.5512592604727149e+02, 2.7291711160440532e+03,
       -1.1563382228209410e+02, 6.2803719261210540e+02,
       -1.1563382228209407e+02, 1.1738031127101528e+03,
       2.5287959810186985e+03, -7.5661159015412807e+02,
       1.3492804814964040e+03, -7.5661159015412818e+02,
       4.6661561966702548e+03, -1.9154251763253612e+02,
       1.3492804814964040e+03, -1.9154251763253609e+02,
       1.3471312288982033e+03, 2.5944151210158138e+03,
       -1.1193226242011674e+03, 2.2926845310060079e+02,
       -1.1193226242011672e+03, 4.2246698618631699e+03,
       1.1018181047458121e+01, 2.2926845310060074e+02,
       1.1018181047458128e+01, 4.6098794163914124e+02,
