%YAML:1.0
means: !!opencv-matrix
   rows: 23
   cols: 3
   dt: d
   data: [ 1.4291039653791975e+02, -2.1878590605341035e+01,
       2.1248871799324643e+01, -1.2690345923302606e+02,
       6.7383258341625904e+01, 9.6094384823396325e+01,
       -1.5829233846997846e+02, -1.4751342052073628e+02,
       1.4105988874398586e+01, 2.3149809365110283e+01,
       6.5082924872678177e+01, 2.9110149423604128e+01,
       1.9112771133135405e+02, -1.7355652173241388e+01,
       4.3148761848118205e+01, 8.8219464789747093e+01,
       1.6500574530527160e+01, -3.2040028070519625e+01,
       -1.0237127908250139e+02, 2.9010960013961412e+01,
       -5.6013982671801379e+01, 6.9162004720030495e+01,
       -9.9987313783513230e+00, 8.0922848112284868e+01,
       1.1401284112835656e+02, -8.3984936367644281e+01,
       -2.3615021292448571e+01, -6.9275577244098116e+01,
       -8.3741677596022882e+01, 7.8793373747802363e+01,
       -4.8577427819828280e+01, 1.1142239151956163e+02,
       -3.1881287899166193e+01, 1.8552553576110537e+01,
       -3.7830737274038988e+01, -8.2466169771379370e+01,
       -2.1866683540232128e+02, 9.2076243963106819e+01,
       2.5259136698204777e+01, -8.2388075535635721e+01,
       -4.8134741962027782e+01, -3.2201011521564510e+01,
       -2.4769212971285901e+02, 1.5711513826161140e+01,
       -2.6687941065448307e+01, -1.1399711235672800e+02,
       7.8758130177228178e+00, 5.1892810060705358e+01,
       -7.3549426434907810e+00, -3.8441906508262278e+01,
       2.4677305136143922e+01, 1.5032274264059077e+02,
       9.0662822536174630e+01, 2.9699238291500905e+00,
       2.7603413949387914e+01, 8.0958584515389433e+01,
       -8.8274577964045918e+01, 7.5957885146325481e+01,
       1.2954894024376563e+02, 1.9406943956599974e+01,
       4.6923343970936614e+01, -1.4420648730556621e+02,
       4.4408509826407588e+01, -1.5459032155737225e+01,
       -1.4414552522680737e+02, -3.4017572706318369e+01,
       -2.0130651575780081e+02, -3.8429618779211317e+01,
       5.5662079361061361e+00 ]
covs: !!opencv-matrix
   rows: 69
   cols: 3
   dt: d
   data: [ 2.9806784544023840e+03, -1.1202046146364751e+02,
       -4.6463800731964983e+02, -1.1202046146364751e+02,
       3.9918403958966860e+03, 7.2964977187634095e-01,
       -4.6463800731964977e+02, 7.2964977187634161e-01,
       4.0474819767518994e+02, 1.6797253222595141e+03,
       7.5646349912735673e+02, 3.5346412288573083e+02,
       7.5646349912735673e+02, 7.3833839099927172e+03,
       -2.6003644766395553e+00, 3.5346412288573083e+02,
       -2.6003644766395571e+00, 4.1900125091535455e+02,
       2.9914295496524173e+03, 1.0868896664087304e+03,
       1.8401187863640539e+03, 1.0868896664087304e+03,
       3.1562548976819489e+03, 4.3597777780307513e+02,
       1.8401187863640539e+03, 4.3597777780307530e+02,
       1.5431388314771218e+03, 2.6171210403436339e+03,
       -1.6229345137114819e+02, 1.6004674526367041e+03,
       -1.6229345137114814e+02, 6.8882146539318683e+03,
       -9.1699394271869068e+01, 1.6004674526367041e+03,
       -9.1699394271869068e+01, 1.2192478333919973e+03,
       2.8749230347905905e+03, 7.7438135819805291e+02,
       -5.4160081534267385e+02, 7.7438135819805291e+02,
       7.6195267582562492e+03, -1.2066176066836219e+02,
       -5.4160081534267385e+02, -1.2066176066836223e+02,
       2.4731272471258055e+02, 2.6532905855511208e+03,
       1.3884653299163912e+02, 2.4668571904228660e+01,
       1.3884653299163909e+02, 4.4496080069559048e+03,
       -5.5001576734285413e+02, 2.4668571904228649e+01,
       -5.5001576734285413e+02, 8.4188839532208760e+02,
       1.6251485771878331e+03, 9.0982869460663528e+02,
       9.4064596940181886e+01, 9.0982869460663528e+02,
       6.9308085118035988e+03, 3.4731805559985611e+02,
       9.4064596940181886e+01, 3.4731805559985600e+02,
       2.6666083804300962e+02, 7.3358339552020725e+03,
       1.4199944878415661e+03, -1.5148310102522321e+03,
       1.4199944878415661e+03, 9.3179091398048331e+03,
       -1.8351559372044392e+02, -1.5148310102522321e+03,
       -1.8351559372044403e+02, 4.8229534854578071e+02,
       3.4229490435376133e+03, -1.4089203682699815e+02,
       5.6660442335877224e+02, -1.4089203682699818e+02,
       2.7471331255988443e+03, -2.9509384205679032e+02,
       5.6660442335877224e+02, -2.9509384205679032e+02,
       1.0532657001300295e+03, 1.2555156665071056e+03,
       8.8664988886481558e+02, 2.8737053720252879e+02,
       8.8664988886481558e+02, 7.3005895090326085e+03,
       7.0230267447133528e+01, 2.8737053720252879e+02,
       7.0230267447133556e+01, 4.1445226848934311e+02,
       3.1557221175785226e+03, 5.5495627912540215e+02,
       2.2877874107928150e+02, 5.5495627912540249e+02,
       6.0144514977220797e+03, -9.5037913381716373e+02,
       2.2877874107928150e+02, -9.5037913381716385e+02,
       7.0496479478098922e+02, 2.7471776544781615e+03,
       -5.3642031092882192e+01, -2.1129767713234352e+02,
       -5.3642031092882178e+01, 3.1623973500817647e+03,
       3.4217271596263896e+02, -2.1129767713234352e+02,
       3.4217271596263896e+02, 6.8863428261068657e+02,
       3.1026299388608522e+03, 4.1049570894353366e+02,
       1.3073094061725765e+03, 4.1049570894353366e+02,
       5.5418157218997567e+03, -2.0397147493138499e+02,
       1.3073094061725762e+03, -2.0397147493138496e+02,
       1.0519581894090459e+03, 2.5283893425478536e+03,
       1.4828870574486768e+03, 2.5130322768134172e+02,
       1.4828870574486768e+03, 6.3539627140935017e+03,
       1.2281201607282364e+03, 2.5130322768134172e+02,
       1.2281201607282364e+03, 7.9588599710503081e+02,
       3.5017161054229296e+03, 7.3637007326884678e+00,
       4.2572560660072718e+01, 7.3637007326884714e+00,
       9.0979458933531532e+03, 2.9269031327843129e+02,
       4.2572560660072682e+01, 2.9269031327843123e+02,
       2.5398835295724078e+02, 3.4899737718603474e+03,
       1.8850731640652314e+03, 5.5235165826089951e+02,
       1.8850731640652314e+03, 6.4009938723351952e+03,
       -3.2518593477796543e+02, 5.5235165826089951e+02,
       -3.2518593477796531e+02, 1.0255300032821997e+03,
       2.9551179790743608e+03, 6.8404815126549863e+02,
       5.7699623108542244e+02, 6.8404815126549886e+02,
       3.1094718607003365e+03, 4.2914687001038732e+02,
       5.7699623108542244e+02, 4.2914687001038732e+02,
       1.1383183119969822e+03, 3.1516871572562618e+03,
       -2.1336990562653281e+02, 2.4250155682675438e+02,
       -2.1336990562653281e+02, 1.6045187254729567e+03,
       -1.6604556558583813e+01, 2.4250155682675438e+02,
       -1.6604556558583813e+01, 9.1757377474892360e+02,
       2.3702676881239358e+03, 1.4328815756356195e+02,
       -2.5787574564686048e+02, 1.4328815756356192e+02,
       2.3443312740129509e+03, 1.4477074478771470e+02,
       -2.5787574564686048e+02, 1.4477074478771468e+02,
       6.1274184194360373e+02, 2.8136067740499043e+03,
       2.8116614048852523e+02, 6.1625912904126358e+02,
       2.8116614048852517e+02, 4.7742001321775597e+03,
       2.9621915102456207e+01, 6.1625912904126358e+02,
       2.9621915102456228e+01, 9.6208541402740582e+02,
       3.3970690177294646e+03, -7.0403360599657191e+01,
       -2.2261002836959923e+02, -7.0403360599657162e+01,
       3.4490595232840742e+03, 3.4350039393645545e+02,
       -2.2261002836959923e+02, 3.4350039393645540e+02,
       8.5405307745629148e+02, 4.1752846328731357e+03,
       1.0185675582862633e+03, -1.8174570266763644e+02,
       1.0185675582862633e+03, 3.0781781272525764e+03,
       1.6898324180014777e+02, -1.8174570266763644e+02,
       1.6898324180014777e+02, 1.6815393809436300e+03,
       2.7479835795656718e+03, 1.0696864914842056e+03,
       3.3420466389244433e+02, 1.0696864914842056e+03,
       4.3750744088570400e+03, 3.3342928274224556e+02,
       3.3420466389244433e+02, 3.3342928274224556e+02,
       8.7794801101675444e+02 ]
