%YAML:1.0
means: !!opencv-matrix
   rows: 2
   cols: 9
   dt: d
   data: [ -1.0727785185203946e+02, 1.1214183967347687e+01,
       2.3946681900229077e+01, -4.2833727809249309e+00,
       -5.0737386193062957e+00, 3.2901730691800872e+00,
       -1.3922978424912460e+00, -4.3113775667848991e-01,
       -5.2474763423825233e-01, 6.1932712861138953e+01,
       -6.4709769320334960e+00, -1.3826817910084534e+01,
       2.4725590798008130e+00, 2.9307389042557559e+00,
       -1.9016464538222826e+00, 8.0441686731883966e-01,
       2.4678853708631751e-01, 3.0420270817011974e-01 ]
covs: !!opencv-matrix
   rows: 18
   cols: 9
   dt: d
   data: [ 1.4969499695874822e+04, 7.7264614258734900e+02,
       1.0410456683194645e+03, -3.0256872588574242e+02,
       6.7129045095122979e+02, -2.6806602497346198e+01,
       -6.4578282823224868e+01, -1.0683756666484274e+02,
       -1.1584708721190255e+02, 7.7264614258734878e+02,
       1.1916041659189214e+04, -8.7400034178152950e+01,
       -1.0843965722346506e+03, -3.2450763222950738e+00,
       3.9716510735031790e+02, -3.9709379712730048e+01,
       3.8784715443792024e+01, 4.2546135030487457e+00,
       1.0410456683194643e+03, -8.7400034178152936e+01,
       2.9407195854589881e+03, 6.4548624972505849e+01,
       -1.3136521216055021e+02, 1.4587467235346134e+00,
       -5.2617625748363821e+00, 1.6871765942474429e+01,
       1.9339123631962522e+01, -3.0256872588574254e+02,
       -1.0843965722346511e+03, 6.4548624972505834e+01,
       3.1255676765661465e+03, -5.1752428379874218e+01,
       -2.0307479071498921e+02, 1.5835704296875182e+01,
       -3.8752046824356235e+01, -1.1311554838750402e+00,
       6.7129045095122979e+02, -3.2450763222950725e+00,
       -1.3136521216055019e+02, -5.1752428379874232e+01,
       2.8103021779152687e+02, -6.5006834431397962e+01,
       -4.5126806368814814e+00, -1.7319214894511184e+01,
       -1.1683223200885049e+01, -2.6806602497346180e+01,
       3.9716510735031790e+02, 1.4587467235346159e+00,
       -2.0307479071498918e+02, -6.5006834431397962e+01,
       2.7958685949236076e+02, -4.3064996208661297e+00,
       1.5925675305484919e+00, 4.8137442595819788e+00,
       -6.4578282823224868e+01, -3.9709379712730048e+01,
       -5.2617625748363857e+00, 1.5835704296875187e+01,
       -4.5126806368814796e+00, -4.3064996208661297e+00,
       3.9583442709120121e+01, 4.0174352733444536e+00,
       3.5497917527582756e+00, -1.0683756666484273e+02,
       3.8784715443792024e+01, 1.6871765942474426e+01,
       -3.8752046824356242e+01, -1.7319214894511184e+01,
       1.5925675305484910e+00, 4.0174352733444536e+00,
       2.3572522591982640e+01, 3.4221536561215289e+00,
       -1.1584708721190255e+02, 4.2546135030487457e+00,
       1.9339123631962526e+01, -1.1311554838750393e+00,
       -1.1683223200885047e+01, 4.8137442595819788e+00,
       3.5497917527582756e+00, 3.4221536561215293e+00,
       7.0933581972791746e+00, 8.5022507422308390e+03,
       6.4923775601217312e+02, 1.7384284768317150e+03,
       -2.4373919053760090e+02, -8.8329900269771360e+02,
       3.3702428240171025e+02, -9.8767714291826621e+01,
       1.9693823951188477e+01, 1.5540940198473670e+01,
       6.4923775601217312e+02, 8.4176688847322021e+03,
       -1.9405084625559596e+02, 6.6977632322313991e+02,
       5.3686073738770176e+01, -2.6289854460693243e+02,
       3.7144875977958179e+01, -1.8002757226675570e+01,
       2.9082207388356962e+00, 1.7384284768317152e+03,
       -1.9405084625559593e+02, 2.9468876304002451e+03,
       5.6139739376893651e+01, 1.8650740676379584e+02,
       -7.2622501837222430e+01, 3.3408658758978028e+01,
       -3.6740725150274373e-01, 2.9543776174793163e-01,
       -2.4373919053760085e+02, 6.6977632322313991e+02,
       5.6139739376893623e+01, 2.3286135906925701e+03,
       1.0084438617228329e+01, 1.3007806504660681e+02,
       -1.4574078590681184e+01, 2.0696189669634848e+01,
       -1.3974299383214379e+00, -8.8329900269771372e+02,
       5.3686073738770183e+01, 1.8650740676379581e+02,
       1.0084438617228333e+01, 4.3873435378700196e+02,
       5.2740763069265512e+01, -3.8306878267679174e+00,
       8.0126316495831507e+00, 4.3164007955489296e+00,
       3.3702428240171020e+02, -2.6289854460693243e+02,
       -7.2622501837222416e+01, 1.3007806504660681e+02,
       5.2740763069265512e+01, 2.2046931957818737e+02,
       6.6605434520146121e+00, 3.6889169949894907e-01,
       -1.2036453518428949e+00, -9.8767714291826621e+01,
       3.7144875977958165e+01, 3.3408658758978028e+01,
       -1.4574078590681188e+01, -3.8306878267679183e+00,
       6.6605434520146112e+00, 2.2928719121887365e+01,
       -2.8643320454842636e+00, -2.7158807559771456e+00,
       1.9693823951188463e+01, -1.8002757226675566e+01,
       -3.6740725150274400e-01, 2.0696189669634837e+01,
       8.0126316495831507e+00, 3.6889169949894934e-01,
       -2.8643320454842640e+00, 1.5391774542612275e+01,
       -2.1814329091009426e+00, 1.5540940198473667e+01,
       2.9082207388356953e+00, 2.9543776174793163e-01,
       -1.3974299383214379e+00, 4.3164007955489287e+00,
       -1.2036453518428951e+00, -2.7158807559771456e+00,
       -2.1814329091009426e+00, 1.6030044458755583e+00 ]
weights: !!opencv-matrix
   rows: 1
   cols: 2
   dt: d
   data: [ 3.6601457407631172e-01, 6.3398542592368023e-01 ]
