%YAML:1.0
means: !!opencv-matrix
   rows: 21
   cols: 7
   dt: d
   data: [ 3.7135778155179452e+01, -1.0439248936205236e+02,
       7.6759005168527770e+00, 5.0471401457118866e+01,
       6.9708487763861466e+00, 1.3467125928286492e+01,
       1.6623044760184833e+00, 5.8404035084825907e+01,
       1.4373797315494627e+01, 3.8070676624585814e-01,
       3.3128359803851183e+01, 1.0011120619907325e+01,
       3.8042940228455291e+00, 4.5298399172324821e-01,
       4.1726258860236037e+01, 1.1863317386197633e+02,
       -2.3800398951770926e+01, -3.8180199884123610e+01,
       -1.0376458576144453e+01, 8.1196497694554848e-01,
       1.1023064647442788e+00, 8.2921778176315996e+01,
       6.8143397255398227e+01, -2.6424497634641142e+01,
       -2.3224587631806198e+01, -3.5393015848495224e-01,
       -1.1939743560830719e+01, -2.6855519083841557e+00,
       1.6233163216952403e+02, 7.2766250491988359e+01,
       -3.3679600903413174e+01, 6.1438316611738038e+01,
       -1.0547855105428605e+01, -6.8897507807691181e+00,
       1.4986912998819243e-01, -1.6234309674365653e+02,
       -6.6999632670411614e+01, 4.4157886860384352e+01,
       2.4736453039852254e+01, -1.7000122269673959e+01,
       9.8137187525194580e+00, -1.1157743933906530e+00,
       -5.7265167545284662e+01, -4.2261351725165476e+01,
       2.9067975656504366e+01, 1.7386492469973966e+01,
       2.3046140341289657e+01, 1.4350133264001748e+01,
       1.8072761763265039e+00, 6.4738858400053886e+01,
       -9.6944628094884081e+01, -2.5057142431261283e+01,
       -3.5412412282490841e+01, 9.8627568094572364e+00,
       5.5967427676937875e+00, 4.7592766566970718e-01,
       9.9272611993447967e+01, -4.5330173186156166e+01,
       -2.2018331766512475e+01, 3.6894924935968575e+01,
       -2.7323474723448264e+01, 2.3405180672019313e+01,
       1.1628313873001523e+00, -1.3680340174795700e+02,
       5.5007045665017102e+01, 2.7445231564027736e+01,
       -3.3401734066135013e+01, 3.0714106074311966e+00,
       2.2950486904184060e+00, 1.2898458698400492e+00,
       3.9058544369926347e+00, -1.8501546273703092e+01,
       4.9562653384651938e+00, 5.6116162265686125e+00,
       3.5365928162590144e+01, -3.6729545051043195e+00,
       1.4447225090465472e+00, -1.3347064793883550e+02,
       1.1975510187139642e+02, 1.2678896044460709e+01,
       -5.4532833354439184e+01, -1.9381709228552900e+01,
       -2.6049753375340412e+00, 1.7207857817236297e-01,
       -2.8024077604511294e+01, 9.3924965970006141e+01,
       -4.7717844546889729e+00, -4.3808846292397561e+01,
       1.0665979615841172e+01, 6.9895934468707593e-02,
       1.8899355474968345e+00, 7.4759334620690339e+01,
       5.9289180497297933e-01, -2.0972155276435153e+01,
       3.4485531622837615e+00, -1.2329231989280904e+01,
       -1.0172494792041757e+01, -2.8014302167816787e+00,
       -1.6936074930888134e+02, -1.5925092118043881e+02,
       5.2758185269112374e+01, 5.2438637797775534e+01,
       -4.1220239978886767e+01, -1.9747323115781388e+01,
       -5.6454958890533851e+00, 1.8871578640016811e+01,
       -2.2797978904975622e+02, 9.7996732925930168e+00,
       7.3374435483213389e+01, -2.4987297210698238e+00,
       -2.7863875804803243e+01, -3.1264386588057156e+00,
       1.2965996727396186e+01, 3.4699043720679484e+01,
       6.8624745961162494e+00, -1.8247491303844232e+01,
       2.1776362232189996e+01, -1.5107431841069582e+01,
       -6.1774239012786110e+00, -2.0811924809111395e+02,
       -5.3502324188681678e+00, 4.6942778411227749e+01,
       -1.4314249695821660e+01, -1.0915173524652962e+01,
       -5.9965245524066626e+00, -9.6361841992510422e-01,
       -1.4699194863681578e+02, -1.3412873104055729e+01,
       3.4830697084070820e+01, -1.5502275901168685e+01,
       -4.1454890706256986e+00, -2.5995642563505822e+01,
       -1.6821090847749849e+00, 2.7738412059482584e+01,
       1.2265773750400521e+02, -2.7822811346961231e+01,
       -5.6239267773291225e+01, -8.6131331868774943e+00,
       1.7946319056423587e+00, 2.7212241747278361e+00,
       1.7663906268726873e+02, -4.5799951239664296e+01,
       -5.1116234368563518e+01, 1.7385322516658044e+00,
       -1.2219635230828116e+01, -4.9408789441059477e+00,
       1.0473073461718627e+00 ]
