%YAML:1.0
means: !!opencv-matrix
   rows: 37
   cols: 4
   dt: d
   data: [ -9.4531327354734145e+01, -1.8365735535733565e+00,
       5.4329796800188248e+01, -8.1807547265326221e+01,
       -5.0803325772336727e+01, -1.2307514034084382e+02,
       -3.9953499051981339e+01, -1.3768411325655922e+01,
       1.1641794324001116e+02, 1.0813921041699834e+00,
       6.3848342197635397e+01, -2.4141149197483760e+01,
       -1.0031534671348346e+02, 2.1862663592120586e+02,
       -2.7690666073900140e+01, 1.6316678028963100e+01,
       1.7115663583406288e+02, 1.2592021448296741e+02,
       3.8123498100012236e+00, 4.0216998767430276e+01,
       9.1161791221997191e+01, 5.4149603171092737e+00,
       -1.5474439473179203e+01, 6.9520100712962133e+01,
       -1.5677714834507915e+02, -1.6716050810479624e+02,
       4.9611025683580444e+01, -3.5542100717438480e+01,
       -1.4458616038810990e+02, 2.2723774089771517e+01,
       2.7387269374768106e+01, 5.5649363328388986e+01,
       -2.2704251134325435e+01, 6.7166850135190387e+01,
       2.7086879638255601e+00, 6.3212559404545431e+01,
       2.7907200649037179e+01, -2.4649030793580988e+02,
       1.2111447084568360e+01, 7.1885388653508073e+01,
       1.9748803885100921e+02, 9.9510297647742918e-01,
       3.5032999193011122e+01, 3.4889550752801703e+01,
       -1.4611076915437317e+02, -5.0372358547322186e+01,
       8.5287752497247453e+01, 2.0341556672340072e+01,
       -4.5220756587034636e+01, 4.1989806809862451e+01,
       9.8278788749699572e+01, 4.2194301238862394e+01,
       8.8013411890035499e+01, 3.3477698102177484e+01,
       2.6274072423656179e+01, -9.0282197852730931e+01,
       5.5547303648110663e+01, 1.6517007799341165e+01,
       -5.5426276006614266e+01, -5.1161465456379219e+01,
       -1.5066699269045398e+02, -1.0211164526988657e+02,
       6.0717671055042635e+00, -3.0665898025363476e+00,
       1.2041440779500542e+02, -1.1117583656407700e+02,
       -4.0566840175292228e+01, -6.7086246909520666e+00,
       1.2240922914412966e+01, -5.6819543096515332e+01,
       4.1385986717394104e+01, -2.5466188671251366e+01,
       1.1783198859743509e+02, -3.3115900129756859e+01,
       -3.6728017966891990e+01, 4.5060982862386446e+01,
       -1.9330082411066055e+01, -3.2737954281280032e+01,
       -6.8379864258813726e+01, -7.2083340357496212e+01,
       -9.0591423940000354e+01, -5.5697405372956030e+00,
       -5.7582930144526813e+01, 2.3636602639654903e+01,
       8.6468833970134099e+01, 7.4747842416716736e+01,
       -6.5159445414823196e+01, 4.4095900257551762e+01,
       -2.0588736754099909e+02, 2.3541923289865108e-01,
       -1.4662775185288682e+01, -5.1918796124652395e+01,
       6.6568873865997048e+01, 2.2699694531161182e+01,
       6.4520084546225036e+01, 3.8084986176281078e+01,
       -9.7084903475348369e+01, 1.1442151880553327e+02,
       7.0515512457352344e+01, -2.0144212288870637e+01,
       2.2225118521931520e+02, -1.5264599593036573e+01,
       -1.3646923208666845e+01, -1.3582464411692225e+01,
       -2.0851167472549781e+02, 1.1577430893502071e+02,
       4.2778858082184064e+00, 8.6469452284333759e+00,
       9.3037366262797676e+01, 1.2408141653866831e+02,
       2.7959541262377702e+01, -3.0020642703112561e+01,
       -4.3254356857266238e+01, -2.9124662125502688e+01,
       -1.9547234111389141e+01, 3.2706527288775050e+01,
       -8.1792986962150550e+01, 1.0474801847519339e+02,
       -8.1377463753528730e+01, -3.1726584982924585e+01,
       1.0652410515657755e+02, -1.2172305313988697e+02,
       9.6771612851899356e+00, -5.0994635718257079e+01,
       -1.4296621283977393e+01, 1.2243516630406911e+02,
       -3.7053513620815629e+01, -2.5084646481744532e+01,
       -2.6434397022342142e+02, -5.4211953621387892e+01,
       4.2242694925566333e+00, 4.3034569569995874e+01,
       2.5998991151959437e+01, -9.3648067695439153e+01,
       -8.2950115827754999e+01, 3.1971267640835482e+01,
       -2.7320728067265202e+02, -1.5438848904124592e+02,
       -2.7499894740585461e+01, -1.5618414010042835e+01,
       4.5240937204157611e+01, -1.2339424982261606e+02,
       3.9092189595101985e+01, 1.3326425855460831e+01,
       3.1031381721055912e+01, 2.1133372499268745e+02,
       2.2674342435666269e+01, -5.8618793116783454e+00 ]
