%YAML:1.0
means: !!opencv-matrix
   rows: 16
   cols: 8
   dt: d
   data: [ -1.3500487353736295e+02, 1.2977676754430669e+02,
       1.1702201829272472e+01, -5.3982964694507096e+01,
       -2.5257915552442899e+01, -4.5053915045575952e+00,
       -3.5813514799642304e-01, -1.2266304532987380e+00,
       7.9954978952468565e+01, -1.1145479027364033e+02,
       -2.9906097287057431e+01, -2.6805951632415624e+01,
       7.0210694495329902e+00, 6.4576819347350662e+00,
       7.4942672072667527e-01, -6.2999969213666884e-01,
       -1.6976363224961449e+02, 4.0283575732528156e+01,
       3.4597344288271202e+01, -2.9288528695068656e+01,
       -3.2960776381176031e+00, -3.0626884930537739e+00,
       3.4419145229443299e-01, 1.0392443220498284e+00,
       4.1465113276833598e+01, -5.6657453957530315e+00,
       -1.0123560404761387e+01, 6.5444872821990363e-01,
       -8.7225242792938111e+00, -1.1243328760142832e+01,
       -2.3409359035283233e+00, 3.7207028840739809e-01,
       6.9693644235315332e+01, -1.5270569617955495e+01,
       -1.6645871886918833e+01, 5.0675388594787748e+01,
       -4.9941161767798876e+00, 1.3624258574385221e+01,
       1.3019792011891038e+00, 1.2140757733426114e-01,
       -1.6904082026693123e+02, -1.1275584370259848e+02,
       4.8023697369515226e+01, 4.0114932249343283e+01,
       -3.2962224743591428e+01, -2.6024247341386699e+00,
       -3.6243428988830617e+00, -5.7334356059855551e-01,
       6.5952031209328394e+00, -1.6819292352081794e+02,
       1.5804956218797354e+01, 6.0363385118249461e+01,
       1.7852945510609935e+01, -9.2917395939016512e+00,
       -1.0997439979770378e+00, -1.1541070585306930e+00,
       -7.2325954036736533e+01, 1.0069272658948573e+02,
       4.0742639414693524e+00, -5.2766832391969658e+01,
       3.6042729448211466e+00, 4.6225556431225270e+00,
       1.9055366375158274e+00, -4.5530293166935148e-01,
       3.2736640188176032e+01, 1.2656790928432343e+02,
       -2.7562321682191083e+01, -5.3399407470392198e+01,
       -9.4855082762047047e+00, 1.9034921481292291e+00,
       2.3563719293636267e+00, -1.3964007666615863e-01,
       5.1391054788719313e+00, 9.5157638155049369e+01,
       -3.8416273259396418e+00, -3.7792048856159440e+01,
       1.1342147720396294e+01, -4.0740375917519636e+00,
       -1.3442738190701289e+00, 6.0753445637911385e-01,
       1.7132776000848432e+02, 1.8690978536978594e+01,
       -4.6378069727186912e+01, 9.8315196135784291e+00,
       -1.2011864585332122e+01, -8.3868731979415649e+00,
       -7.4554509963814364e-01, 1.1621001286562428e-01,
       -1.4566340889308034e+02, -4.1829283323144132e+01,
       4.1418794045820626e+01, 1.0997698457723008e+01,
       -1.8516135908261426e+00, 8.4279397854330949e+00,
       2.4344698645429597e-01, 9.1518332160976856e-01,
       9.0054769068199050e+01, -1.8075787543127074e+01,
       1.8972272560631247e+01, 2.3861222077284413e+01,
       2.0491060008843817e+01, -5.4615635785498826e+00,
       -8.5593195175074410e-01, -6.5896831620971674e-01,
       9.9021010949281404e+01, -4.5482502543628577e+01,
       -2.2034923292317256e+01, 3.6780701907360907e+01,
       -2.7560274948654381e+01, 2.3442062959060248e+01,
       1.1605747961062491e+00, 1.3067984673943966e+00,
       -1.5451925358257402e+01, -1.5810266454686795e+01,
       6.9170244598949031e+00, 7.3718932628286007e+00,
       3.1797021042828906e+01, 2.1643789967748388e+00,
       1.2749581253006286e+00, -7.5742319794893675e-01,
       6.1713633128127384e+01, 7.8137786651449417e+01,
       -2.7717287030803572e+01, -2.4758400736081537e+01,
       4.7895840212703948e+00, -7.5906016216921346e+00,
       6.9755483201595447e-01, -7.9323383596984709e-01 ]
covs: !!opencv-matrix
   rows: 128
   cols: 8
   dt: d
   data: [ 5.1260363787215947e+03, -1.3367196905809010e+02,
       2.8794661559867186e+03, -1.0427090631278836e+03,
       -2.2117217025835838e+01, 4.7032380276886293e+01,
       5.9798735128081155e+01, 6.6832286610983388e+01,
       -1.3367196905809013e+02, 5.7387230520103403e+03,
       7.4694492467263683e+02, 2.5259477456677714e+03,
       4.4437437989596390e+01, 6.2166178532751438e+01,
       -8.7908713379561235e+01, -1.5592413363839304e+01,
       2.8794661559867186e+03, 7.4694492467263706e+02,
       2.6102464504363461e+03, -3.1854578588529307e+01,
       -6.1588821344451063e+01, -6.6745411661926966e+01,
       -2.2440256861721330e+01, -9.5669451515425834e+00,
       -1.0427090631278834e+03, 2.5259477456677714e+03,
       -3.1854578588529321e+01, 1.7805536382213145e+03,
       1.5819345215042944e+01, -1.0483826423876988e+02,
       1.9467511418546774e+01, -1.4487472941289582e+01,
       -2.2117217025835838e+01, 4.4437437989596390e+01,
       -6.1588821344451070e+01, 1.5819345215042944e+01,
       6.3589419270395737e+00, 5.6620857664100432e+00,
       1.4871371402802476e+00, 5.7420771312337777e+00,
       4.7032380276886308e+01, 6.2166178532751452e+01,
       -6.6745411661926980e+01, -1.0483826423876991e+02,
       5.6620857664100450e+00, 4.0129813038847999e+01,
       -1.5502478869366906e+01, 2.3635088604544472e+00,
       5.9798735128081155e+01, -8.7908713379561235e+01,
       -2.2440256861721323e+01, 1.9467511418546774e+01,
       1.4871371402802476e+00, -1.5502478869366906e+01,
       2.4174988930370809e+01, 1.8733255192316958e+00,
       6.6832286610983388e+01, -1.5592413363839304e+01,
       -9.5669451515425870e+00, -1.4487472941289585e+01,
       5.7420771312337777e+00, 2.3635088604544481e+00,
       1.8733255192316958e+00, 1.8065747332217430e+01,
       7.6802337154038532e+03, 2.5956221360857569e+02,
       1.9893991194741291e+03, -5.8644194737356611e+02,
       -8.5702788334720810e+02, -6.0508615692207883e+01,
       -9.0515453102939702e+01, 4.9433464743185489e+01,
       2.5956221360857569e+02, 3.1557752217032653e+03,
       -3.4136303854202026e+02, -8.9848864604361609e+02,
       -1.9561401212842918e+02, -3.2139270591772311e+02,
       -3.1518423888386007e+01, -2.2304645318479579e+01,
       1.9893991194741291e+03, -3.4136303854202026e+02,
       2.5736767108578119e+03, -3.7789091613878315e+02,
       9.2413737558778863e+01, 1.1312823563401214e+02,
       4.4612026846179042e+01, -1.8656434565835895e+01,
       -5.8644194737356611e+02, -8.9848864604361609e+02,
       -3.7789091613878327e+02, 1.0445374083259826e+03,
       -3.9169464299004044e+00, 1.4961660306638802e+02,
       3.6739417264032355e+01, 7.7008689833136748e+00,
       -8.5702788334720810e+02, -1.9561401212842915e+02,
       9.2413737558778905e+01, -3.9169464299004062e+00,
       3.1975386655374359e+02, -2.4825731735163611e+01,
       -8.1676061349601934e+00, -8.9702561808565076e+00,
       -6.0508615692207883e+01, -3.2139270591772311e+02,
       1.1312823563401214e+02, 1.4961660306638802e+02,
       -2.4825731735163611e+01, 2.0512746337238457e+02,
       -6.2159921710693320e+00, -1.7997028566888367e+00,
       -9.0515453102939688e+01, -3.1518423888386007e+01,
       4.4612026846179042e+01, 3.6739417264032355e+01,
       -8.1676061349601934e+00, -6.2159921710693320e+00,
       2.3040996256924050e+01, -3.7209901992179850e-01,
       4.9433464743185489e+01, -2.2304645318479583e+01,
       -1.8656434565835895e+01, 7.7008689833136712e+00,
       -8.9702561808565076e+00, -1.7997028566888358e+00,
       -3.7209901992179856e-01, 1.4251644145321768e+01,
       6.8187676978236559e+03, 2.6845938301705860e+02,
       2.8255046374274434e+03, -8.6695165064363880e+02,
       2.6584429138825186e+02, 2.6178096261057505e+02,
       1.1375030711095877e+02, 2.4813568062685306e+01,
       2.6845938301705877e+02, 6.9095152753704779e+03,
       6.6143386551746471e+02, 2.3495713277518653e+03,
       9.6840090811283318e+01, 1.1874081457451632e+02,
       -3.9628036184145820e+01, 4.4929884591059777e+00,
       2.8255046374274430e+03, 6.6143386551746471e+02,
       2.4164940700290249e+03, -2.2769475435895789e+01,
       -9.5350347593715469e+01, 5.5424008223385632e+00,
       -1.9601049954064077e+01, -5.6402806181580853e+00,
