%YAML:1.0
means: !!opencv-matrix
   rows: 45
   cols: 8
   dt: d
   data: [ 4.7683901558455126e+01, 3.7598130295426380e+01,
       4.5936583476670670e+01, -3.8488833586924393e+01,
       9.2682711735774195e+00, -2.3692060696600020e+01,
       3.1299002196184822e+00, 2.3106601091613790e+00,
       6.8108081874422837e+01, -5.5398028033658299e+01,
       -2.2453727820757027e+01, 3.7456098541322589e+01,
       6.6655431706175072e+00, 1.4981606739125365e+01,
       -1.3884041587841871e+00, 2.7479055379862410e-01,
       -1.6119318365012953e+02, 3.5991061459544409e+00,
       3.6424087703538802e+01, 1.2848570971306286e+01,
       -7.2124676062679693e+00, 2.5786319382849744e+01,
       -7.4870721604741852e-01, 2.9371095538800995e+00,
       6.3165725701892313e+01, -7.2283445331809617e+01,
       -2.4499917370970227e+01, 4.4133870290207668e+01,
       -1.1617397056257971e+01, 4.3594145351394245e+00,
       7.0932902539832587e-01, 4.6489469214960062e-02,
       8.1171105744044667e+01, 1.8073083072694793e+01,
       -2.1902549235281519e+01, -3.3882731723232020e+01,
       -2.4121452225440894e+01, -2.2046017799904686e+01,
       1.1949802716036859e+00, -3.1380784708669607e+00,
       1.2387973413311731e+02, -1.2455896995652825e+01,
       -2.3043264169446157e+01, 1.3213224345083740e+01,
       -8.8998693681781642e+00, 2.0908629134695218e+01,
       -1.3528695542667615e+01, -6.4934851488899135e+00,
       -1.3843399839181859e+02, -5.0885056125295264e+01,
       3.7600256069434643e+01, 2.9960522946867972e+01,
       1.2465189669870715e+00, -6.8365105732805818e+00,
       2.4525133988174646e+00, -8.6158978122958668e-02,
       -5.0208235040106977e+01, 1.2707237452806544e+02,
       1.4279757857283210e+01, -7.8366484981629284e+01,
       -5.5671742237403672e+00, 2.6890644224965175e+01,
       -5.2685161075236202e+00, 3.4236957497608039e-01,
       8.4905069164556821e+01, 1.6863735367146347e+01,
       -2.6027819220729324e+01, -3.0136177465291372e+01,
       -2.8559856057451650e+01, -1.6200592443288311e+01,
       8.3927566948030097e-01, -1.5342841396162814e+00,
       -9.8123573636725112e+00, 5.3369262681509625e+01,
       4.9858439611829262e+00, -3.0154839322055846e+01,
       1.0791495490813551e+01, -5.7598752980579579e+00,
       -1.2220122646952178e+00, 1.4922136774509278e+00,
       6.7100098097560149e+01, -2.9827550137702964e+01,
       -1.4447202934614634e+01, 6.6657422290655699e+00,
       -8.6688116445156904e+00, 1.7650415051312753e+00,
       -1.0936980571958743e+00, 6.3393068125265051e-01,
       8.4191009097646957e-02, 6.6037233985190326e+01,
       1.4038378795787857e+01, -4.6998080757605166e+01,
       3.5705464782001322e+01, -1.6562254196263190e+01,
       2.9041970721732535e+00, 5.0068995196931487e-01,
       -1.4878369380898559e+02, -1.0377862263206285e+02,
       2.7015219338184362e+01, 6.6724333319750997e+01,
       -2.0305916961156957e+01, 1.1268842957753817e+00,
       -3.1886693348103590e-01, -1.5322284797585928e+00,
       1.2034020920644309e+02, 4.4578702710177382e+01,
       -3.6036035289323806e+01, -1.8239026417073269e+01,
       -2.1035210043406285e+00, 1.9840178520081295e+01,
       -4.4943085710936312e+00, 2.3651365413825669e+00,
       -2.1110876026893646e+02, 2.0503368192061810e+01,
       4.9910473689369411e+01, -1.2128269495679049e+01,
       -1.5104000498800090e+01, 7.3836592400840733e+00,
       -2.0067284211539407e-01, 1.6600671831418434e+00,
       -1.8403862042846569e+02, 1.3414582569139088e+02,
       3.6621455407098253e+01, -6.6273970727653889e+01,
       -2.4205348599972421e+01, 2.2562014865627280e+01,
       -8.2521548431989729e+00, -1.7669362747278727e+00,
       6.9820861062534547e+01, 2.1119379667883361e+01,
       -1.3953299657212977e+01, -2.4305453553451372e+01,
       -9.7009449400593031e+00, -1.5534250229629945e+01,
       -2.2513820632780162e+00, -2.2733221962858776e+00,
       7.7894114106585818e+01, 5.4778120154009599e+01,
       -2.1249506156067547e+01, -4.0468652029260134e+01,
       4.2893218236973576e+00, -9.3988834036577007e+00,
       1.3697999125222018e+00, 1.2796869396162467e+00,
       1.1784007428920587e+01, 3.8394763994787504e+00,
       2.0559376752940462e+01, 1.2316472917337594e+01,
       3.3044403757982430e+01, 2.4267064900508526e+00,
       -8.7656821451907661e+00, -6.5388978136232723e+00,
       -1.3151564127764255e+01, -4.0125576277945338e+00,
       1.1569514497584610e+01, 1.5941739149129578e+01,
       2.0330512604958155e+01, -6.9593310767350864e+00,
       1.5703802930311574e+00, -3.8573597508807855e-01,
       -1.3771057592545378e+02, 1.6103340456851654e+01,
       3.4438793305742870e+01, -1.1014169643327635e+01,
       3.6248789675894910e+00, -7.4153258672058326e+00,
       -1.7154286234329645e+00, -2.8098156997390982e+00,
       -1.6328280120169038e+02, 5.8158510442217967e+01,
       3.6475830480436279e+01, -4.1145424108906816e+01,
       -1.4800867021559675e+01, -9.6296198377205044e+00,
       -2.0041169758059709e+00, -2.1432886186427793e+00,
       1.5812358220324489e+02, 1.5328194527909499e+01,
       -4.2471077319945351e+01, -1.2579812653310216e+00,
       -1.8139421949539035e+01, -1.8083665304880958e+00,
       4.6288420335912877e+00, 2.3619620298307056e+00,
       1.2865084529454128e+02, 1.8870786688431124e+01,
       3.2973100857778377e+01, -4.3534845988500814e+00,
       1.2785238936410437e+01, 3.4465842536507862e+00,
       5.6897474653562219e-01, 2.1332755790561011e+00,
       -2.2408507554523620e+01, -8.0771174988207562e+01,
       8.7520645584128260e+00, -4.0881879655937460e+01,
       3.9966154930603906e+01, 7.3826540900036364e-01,
       -4.0472941268559809e-01, 6.8897564627137720e-01,
       -1.0024183106018707e+02, -9.9391263793815014e+01,
       2.1581203176929179e+01, 6.6820939305749150e+01,
       -8.6606753557707084e+00, -5.3885960647257427e+00,
       1.4170837819584923e+00, -9.2371576580290271e-01,
       8.5401978384267835e+01, 8.1321370926633225e+00,
       -2.7642171751820086e+01, -2.7612366498331568e+01,
       -2.8186053128846915e+01, -1.5924403754008249e+01,
       6.6596902890006485e-02, -1.3497220723641798e+00,
       -3.2988120759433524e+00, 5.0623895027725929e+01,
       8.3822810143311521e+00, 1.2136760274893932e+00,
       3.9383544390524079e+01, -1.0846358436943995e+00,
       1.0652852282479166e+00, 9.2060043420986060e-01,
       1.9476061138136082e+01, 5.6300164203571214e+01,
       -1.1819680628491779e+01, -4.5984403055110022e+01,
       -1.3306160457240878e+01, -2.1786866747441074e+01,
       3.2789100411563865e+00, 6.3371876392578341e-01,
       1.6381833011538893e+02, 1.7281504923814413e+01,
       -4.6603236138007063e+01, -1.5045183040898687e+01,
       -7.4369107906473797e+00, 1.3508301959267182e+01,
       -4.0761571952079850e-01, -5.4535681015674053e-01,
       -2.0954427785611409e+02, -1.4928670982269420e+01,
       4.2331357008532144e+01, 1.9402584770989552e+01,
       -8.4323937598618137e+00, 1.0713339155844585e+01,
       -2.0359638917442666e+00, -2.5099573329768861e+00,
       1.5091849494299678e+01, 2.6760537184207205e+01,
       -5.4338077582617672e+01, -5.6477325853425038e+00,
       1.6270115659289342e+01, 3.3785775993201437e+00,
       9.1482287456249178e-01, 1.5806181027573996e+00,
       1.2347558410947093e+02, -3.7027306545174348e+01,
       -3.1709065283898379e+01, 3.2447302603763525e+01,
       -3.9096725142228363e+00, 1.3946854524746739e+01,
       -3.2845055178156157e-01, 2.2606684414157661e+00,
       -2.6270776900776823e+01, -7.5876992166904600e+01,
       1.0643167698995741e+01, 4.5032151284991073e+01,
       1.7665227140277288e+01, -2.0433132305786774e+00,
       1.7672497820191211e+00, -7.7378297144838937e-01,
       -1.4780260859515943e+01, -1.0741671466266946e+02,
       5.3275535558939362e+00, 6.2272332222931688e+01,
       5.7856473614952231e+00, -2.7183273847313889e+00,
       2.0088102154576255e+00, -2.5016260896852127e-01,
       -8.8530032323905871e+01, 1.9192783808079771e+01,
