%YAML:1.0
means: !!opencv-matrix
   rows: 9
   cols: 17
   dt: d
   data: [ 7.6307655214164321e+00, -7.7421727338343246e+01,
       -3.7795810778217975e-01, 5.1343828508192971e+01,
       1.1021755344922315e+00, -5.6630361061571523e-02,
       1.9400233231604282e+00, 1.1346460609460220e-01,
       1.4071726086210576e-01, -1.2636895268123272e-01,
       -7.6846109848720215e-02, 1.2032823060487405e-02,
       5.4302932520804027e-03, -4.6198406020177285e-04,
       -1.1146019379602686e-02, 1.5500667455035545e-04,
       6.0573714905547832e-03, -8.8657669192465036e+01,
       1.2832514530508377e+01, 2.9043821365136118e+01,
       -8.0673218016571013e+00, 1.5749575906004081e+01,
       -1.5862811708676524e+01, 5.6841363203686490e-01,
       -3.2994686859495326e-01, -3.7847192465194129e-01,
       1.7856554411172273e-01, 1.5477300624226090e-01,
       -4.4977438090399446e-03, -1.1545486804004634e-02,
       -8.6635911724171483e-03, -3.3799537817795697e-02,
       -5.0282089664963588e-03, 5.1588086829052497e-03,
       1.1689319691302256e+02, -1.0620920297554981e+01,
       -2.8820657882047140e+01, 5.0071555472355325e+00,
       5.4208171324945348e-02, 1.7268174995290245e+01,
       -5.0754827887068528e+00, -1.6969470646199598e+00,
       -3.7875171163119883e+00, 1.6002259026338347e-01,
       -1.3201690870847016e-02, -5.8647894019736552e-02,
       -2.1637868880618888e-02, -7.4169064676968917e-03,
       8.0812313782553206e-03, -2.2897821818606494e-02,
       1.1311250298731935e-02, 9.9249625030976940e+00,
       4.7169771798836820e+01, -1.5729607000379459e-01,
       -2.8494484149997799e+01, 7.4367073884513681e+00,
       2.4709484023239399e+00, -3.2115590427133505e+00,
       -1.8267233911627629e+00, -1.8331661785857776e+00,
       -8.7097031357578000e-02, -1.9663675724188001e-01,
       1.0533530389759730e-03, -2.2315452908112810e-02,
       -5.8287555281422562e-03, -2.4684860512417771e-02,
       1.3381005142547144e-02, -2.0002023482001901e-02,
       9.5285504728706584e+01, -1.1702840311925438e+01,
       -2.3782218768480941e+01, 9.5300640442266396e+00,
       5.4911227051160232e+00, 8.5199169274886977e+00,
       -4.3035823664473072e-01, 9.5293665034338382e-01,
       4.8825927249725559e-01, -1.3762730969990462e-02,
       4.8432319126273125e-02, 1.0029112218439213e-03,
       2.9633896465403151e-03, 1.3343775876390341e-03,
       6.8335710675543494e-03, 6.3880813645886205e-04,
       -8.9273179848910937e-04, -1.9201663011951686e+02,
       7.2390483595924579e+01, 4.0081342016671272e+01,
       -4.1574604341544919e+01, -1.8300740351052990e+01,
       7.3804378751882327e+00, -2.5342528177132748e+00,
       3.4510337594012724e-01, 1.0208531113352037e-01,
       1.7581127745502156e-01, 9.4319665002145382e-03,
       -4.4598064020965698e-03, 1.1123123970604382e-03,
       5.6488331331124974e-03, 1.3354963347807695e-02,
       -7.1836043776924994e-03, 2.1508575589505984e-03,
       -1.6209966705881726e+02, -5.1876224660277074e+01,
       3.6030935477364288e+01, 3.5251133240798680e+01,
       -9.2108199072298031e+00, 3.7390372323458370e+00,
       3.1264374675099815e-01, -2.1524721221149681e-01,
       3.3470351526228814e-01, -1.3460244837041085e-01,
       -2.8044498144236547e-02, -1.3283698835562460e-02,
       2.1097645711976565e-03, -6.5412516918195692e-03,
       -8.3857938759174088e-03, 9.6374629240301795e-04,
       -1.7197781169211136e-03, 1.9294131588440333e+01,
       5.0604475898228941e+01, 1.3622836196781583e+00,
       -2.8678577764158042e+01, 1.6284755014395341e+01,
       -1.0778390920915848e+01, 2.3068790055253783e+00,
       9.3473062653342842e-01, 3.5665419069550569e-01,
       1.1283134204574087e-01, -2.0787454134503825e-02,
       1.8979232741009815e-02, 5.6735447986021835e-03,
       4.9779092235010172e-03, 5.7925236656980955e-03,
       -1.5556049728797823e-03, 8.7342373860054782e-04,
       8.1908093762033658e+01, 1.5366431400633148e+01,
       -2.4122293163293445e+01, -3.2315358035428396e+01,
       -2.6530951025430927e+01, -1.9632726837477499e+01,
       8.5848742588777527e-01, -2.3671893410235505e+00,
       2.1474496254594069e-01, -4.3395542103912214e-02,
       1.0638931731508992e-01, -5.2808023099143644e-03,
       7.1030136996037905e-04, 2.8776393985769266e-03,
       1.4791727827134496e-02, 7.4906666708349032e-03,
       1.1741257029997392e-03 ]
