%YAML:1.0
means: !!opencv-matrix
   rows: 8
   cols: 14
   dt: d
   data: [ 8.1881939372861751e+01, 1.5351332778564243e+01,
       -2.4089369669467519e+01, -3.2228655556307935e+01,
       -2.6548357808233458e+01, -1.9655067989413379e+01,
       8.6185487352717927e-01, -2.3295109856025205e+00,
       2.0932938817499069e-01, -4.1847829321065649e-02,
       1.0575891338881389e-01, -4.9277723457243957e-03,
       6.5514086941742230e-04, 2.7862229353282733e-03,
       -1.5851343255010582e+02, -5.7418974537676824e+01,
       3.4133222934524021e+01, 3.9254908338140886e+01,
       -9.5577782556936555e+00, 4.3319857307389880e+00,
       3.7149755100733350e-01, -2.8371965603455651e-01,
       2.6339079726408676e-01, -7.9828853559001933e-02,
       -4.2470323693545531e-02, -1.5869650808435720e-02,
       2.1502769449054720e-03, -5.1836467461987643e-03,
       1.1357447213306534e+02, 1.1004852505309305e+01,
       -2.8335704892337393e+01, -1.8283461057370367e+01,
       -7.5487275216738352e+00, 7.0743666407137686e+00,
       -4.1906514220588020e+00, -3.8632696062659395e+00,
       -3.6543250024150882e+00, 1.6324379112985285e-01,
       -2.1271502376749607e-01, -4.9487920537539219e-02,
       -2.6673261745771216e-02, -6.3126306396432954e-03,
       -6.7727985838156130e+01, 6.6373684015839601e+01,
       2.2523316775690844e+01, -3.4177504075057236e+01,
       1.1377492667551161e+01, 4.3114719033703635e+00,
       -5.9346886991553225e+00, -3.3222333011681444e+00,
       -2.6164717343791799e+00, 5.2509653291226192e-02,
       -4.4115471593243194e-02, 9.4230193132645197e-03,
       -2.7263710074157215e-02, -2.4210360855956149e-03,
       1.3563905465607110e+02, -1.7032913374438067e+01,
       -3.6389615193693054e+01, 1.3143836243648652e+01,
       -4.5663356061502469e+00, 1.2162357778833821e+01,
       -9.1677025918012645e-01, 1.3305390246365778e+00,
       2.4362447358728734e-01, -3.7834876552858367e-02,
       8.1629659006413086e-02, -1.9774138099615181e-02,
       -3.9071118580720895e-03, -9.8817173115088915e-03,
       4.2922396670736838e+01, -1.3730466980878022e+01,
       -4.2498861934389733e+00, 1.0298892839706030e+01,
       1.3035160316150371e+01, 1.7929293856670428e-01,
       1.0058448139681115e+00, 4.2094793478364340e-01,
       2.1929789485285117e-01, -7.0611492947666013e-02,
       1.0086827700992470e-02, 1.7497813450595909e-02,
       9.6159465530747078e-03, 7.2425054271823674e-03,
       -2.2034787235977326e+01, 6.6713789348637720e+00,
       2.6118238904363649e+00, -3.7932877922362063e-01,
       8.3771300196758727e+00, -8.0179005865530169e+00,
       1.9852016541400335e+00, 9.9362159983277509e-01,
       6.1425283993925650e-01, 1.9019357618234498e-01,
       -5.6935693341302246e-02, 5.0801381990073172e-03,
       -1.3434033127949249e-03, -1.5310058440741920e-03,
       -1.8986912401515451e+02, 6.3011181542940569e+01,
       4.2038273177759990e+01, -3.6842888159058454e+01,
       -1.7751985946144234e+01, 6.0668075930264074e+00,
       -1.0538187092797642e+00, 1.6655314165034381e+00,
       7.0104413328768889e-01, -4.2672843717462904e-02,
       2.4906148436605716e-02, 2.2737822653638470e-03,
       5.2037331538716414e-03, 2.2708307632307656e-03 ]
covs: !!opencv-matrix
   rows: 112
   cols: 14
   dt: d
   data: [ 4.0824292735627450e+03, 8.5939558821666111e+01,
       3.0777574883123875e+03, 1.4626020673492241e+02,
       -1.0320567284667186e+02, -2.0050666819725507e+01,
       -5.3218708803318052e+01, -5.2305529921062019e+00,
       1.9813072393618025e+01, -8.1760896571789721e-01,
       -2.9859182495989500e-01, -3.6290128477685601e-01,
       1.1798598554219936e-01, -6.0198545427617316e-02,
       8.5939558821666239e+01, 5.6116177266774048e+03,
       -4.9278314540610801e+01, 2.4755963161029390e+03,
       -4.2485079526838213e+01, -1.3318541674501643e+02,
       4.1384758770053274e+01, -2.5720438993464803e+01,
       -1.7382048179582474e+00, -8.0998975504541253e+00,
       5.1510690078013710e-01, 7.0726140497434822e-02,
       3.6489054095053305e-02, -1.3469730238755068e-01,
       3.0777574883123880e+03, -4.9278314540610822e+01,
       2.5816656996208658e+03, 2.8320021046941168e+01,
       -8.2691609356110050e+01, 5.0535817810382071e+01,
       1.6846904484057646e+01, -5.4278165453722007e+00,
       3.8715568266848108e+00, 2.9028143626221176e-01,
       1.0482179184417532e-01, -2.4315869832877690e-01,
       1.1276892611144636e-01, -7.2307720378600379e-02,
       1.4626020673492238e+02, 2.4755963161029390e+03,
       2.8320021046941200e+01, 1.1773317146435309e+03,
       -6.1159136241863756e+01, -8.6577496077848949e+01,
       4.5406760671703976e+00, 1.7480105574804462e+01,
       -4.4004139619315712e+00, -2.9134880007663710e+00,
       1.5879567571270534e-01, 7.8030536088592609e-04,
       -4.2389866098760109e-02, -4.8165983014931822e-02,
       -1.0320567284667186e+02, -4.2485079526838220e+01,
       -8.2691609356110078e+01, -6.1159136241863756e+01,
       3.4780526817747237e+01, 8.9582405111520860e+00,
       4.0279624543959915e+00, -1.6108769652300971e+01,
       2.8390359042111641e+00, -7.2417180526072999e-01,
       -2.2533040357401699e-02, 1.6069838825128292e-02,
       2.3801050874698318e-02, 3.6959763836162639e-02,
       -2.0050666819725510e+01, -1.3318541674501648e+02,
       5.0535817810382071e+01, -8.6577496077848949e+01,
       8.9582405111520842e+00, 8.3108885178187165e+01,
       2.5860990219088809e+01, -7.7034906547218887e+00,
       -3.4994617921190319e+00, 1.8804162377978484e-01,
       3.6661646717845159e-01, 3.6546089255688474e-02,
       3.2229697613381951e-02, 4.6786846926480920e-02,
       -5.3218708803318052e+01, 4.1384758770053267e+01,
       1.6846904484057632e+01, 4.5406760671704003e+00,
       4.0279624543959924e+00, 2.5860990219088809e+01,
       2.0026176623105997e+01, -2.6399650822400562e+00,
       -2.3886854484977542e+00, 1.9067968018527337e-01,
       1.0862542359050308e-01, 2.4417295648345341e-02,
       -3.6500153458871039e-02, -6.9927506054847993e-03,
       -5.2305529921062037e+00, -2.5720438993464803e+01,
       -5.4278165453722025e+00, 1.7480105574804469e+01,
       -1.6108769652300971e+01, -7.7034906547218878e+00,
       -2.6399650822400562e+00, 1.3979208498552904e+01,
       -2.8306382196266577e+00, 4.7493835725763744e-01,
       3.1271738990535793e-02, -4.2436757156221498e-03,
       -2.0510001225740534e-02, 2.3897606194590660e-03,
       1.9813072393618029e+01, -1.7382048179582479e+00,
       3.8715568266848108e+00, -4.4004139619315712e+00,
       2.8390359042111641e+00, -3.4994617921190319e+00,
       -2.3886854484977542e+00, -2.8306382196266577e+00,
       1.5776944337481908e+00, -4.2063352399083639e-02,
       -4.5276368927321065e-02, 9.1029784437388940e-04,
       -1.3644714056763227e-02, -1.7423856782391766e-03,
       -8.1760896571789754e-01, -8.0998975504541288e+00,
       2.9028143626221170e-01, -2.9134880007663710e+00,
       -7.2417180526072977e-01, 1.8804162377978489e-01,
       1.9067968018527331e-01, 4.7493835725763744e-01,
       -4.2063352399083632e-02, 3.7070689344373381e-01,
       1.3983909014104164e-03, 5.5482232541271643e-03,
       9.7443490949453951e-04, -8.3899727685636701e-03,
       -2.9859182495989500e-01, 5.1510690078013721e-01,
       1.0482179184417535e-01, 1.5879567571270528e-01,
       -2.2533040357401703e-02, 3.6661646717845153e-01,
       1.0862542359050306e-01, 3.1271738990535793e-02,
       -4.5276368927321065e-02, 1.3983909014104159e-03,
       4.2886265785038969e-03, 7.9867301394713182e-04,
       1.1000518717828752e-03, 1.6407488704291316e-04,
       -3.6290128477685601e-01, 7.0726140497434850e-02,
       -2.4315869832877690e-01, 7.8030536088593454e-04,
       1.6069838825128295e-02, 3.6546089255688474e-02,
       2.4417295648345338e-02, -4.2436757156221515e-03,
       9.1029784437388973e-04, 5.5482232541271643e-03,
       7.9867301394713182e-04, 1.0156847089512840e-03,
       -2.3041841854926835e-04, -5.6788797431089487e-04,
