%YAML:1.0
means: !!opencv-matrix
   rows: 2
   cols: 11
   dt: d
   data: [ -1.0113162069445458e+02, 1.1225751789078283e+01,
       2.0663877009393254e+01, -4.6384823798992034e+00,
       -5.8210052769294034e+00, 3.5092695056619996e+00,
       -1.3632032802822547e+00, -4.1860406834947145e-01,
       -4.8672442428113954e-01, 3.5845663766748263e-03,
       -6.5949399910448958e-02, 5.9334697951996709e+01,
       -6.5831268270471526e+00, -1.2125771895164076e+01,
       2.7211589646083749e+00, 3.4168638453600666e+00,
       -2.0611261165523387e+00, 8.0043384906662784e-01,
       2.4347364364910079e-01, 2.8683234429018639e-01,
       -1.3885436866149822e-03, 3.8671451946813248e-02 ]
covs: !!opencv-matrix
   rows: 22
   cols: 11
   dt: d
   data: [ 1.6248684023480781e+04, 6.5682703327551201e+02,
       5.0879876536671128e+02, -3.4376148528442542e+02,
       5.8387801811233726e+02, -4.4181445699304042e+01,
       -3.9731139028719326e+01, -1.1627126029323931e+02,
       -1.0640169801287475e+02, 3.0167197742446299e+00,
       -7.7492604474529427e+00, 6.5682703327551178e+02,
       1.1935115292137634e+04, -1.6727050269534718e+01,
       -1.0300519724397759e+03, 1.1416052882998653e+01,
       3.8135631580024676e+02, -3.6599222821398854e+01,
       3.4223651244027749e+01, 3.0558019099632032e+00,
       3.4350693694604262e+00, -6.9857056548241991e-01,
       5.0879876536671122e+02, -1.6727050269534708e+01,
       3.1306006833612178e+03, 7.5698716015803754e+01,
       -1.2286195697061510e+02, 2.4113489564575367e+01,
       -1.5469681453996127e+01, 1.8319156772405695e+01,
       1.4616147428231903e+01, -5.7389274362393436e+00,
       2.3233603151244213e+00, -3.4376148528442553e+02,
       -1.0300519724397759e+03, 7.5698716015803726e+01,
       3.1230912924830827e+03, -4.6210183362557324e+01,
       -1.9143103521486128e+02, 1.3346885569100039e+01,
       -3.3311878076620353e+01, -5.2146568413984817e-01,
       5.3087925345663125e+00, 2.7078924938432775e-01,
       5.8387801811233726e+02, 1.1416052882998653e+01,
       -1.2286195697061510e+02, -4.6210183362557324e+01,
       2.7084008587170621e+02, -5.6057721133919500e+01,
       -6.5044126889651777e+00, -1.6823088231054225e+01,
       -1.2052650965457664e+01, -2.3204710379218271e-01,
       -7.0760093989714379e-01, -4.4181445699304035e+01,
       3.8135631580024676e+02, 2.4113489564575360e+01,
       -1.9143103521486128e+02, -5.6057721133919500e+01,
       2.7254315353265929e+02, -2.2169503370473116e+00,
       7.5941746556244427e-01, 4.6631754588457861e+00,
       1.0118217391835167e+00, 5.0077790343066128e-02,
       -3.9731139028719319e+01, -3.6599222821398854e+01,
       -1.5469681453996124e+01, 1.3346885569100035e+01,
       -6.5044126889651777e+00, -2.2169503370473103e+00,
       3.8937132384821361e+01, 4.1507270825464584e+00,
       3.6795918968215862e+00, -4.5823670433027958e-01,
       -1.7343012700428218e-01, -1.1627126029323931e+02,
       3.4223651244027749e+01, 1.8319156772405698e+01,
       -3.3311878076620353e+01, -1.6823088231054221e+01,
       7.5941746556244438e-01, 4.1507270825464611e+00,
       2.3998532283077942e+01, 3.3931913403033662e+00,
       -1.1074037324167811e+00, 3.2271970829723676e-02,
       -1.0640169801287475e+02, 3.0558019099632041e+00,
       1.4616147428231903e+01, -5.2146568413984751e-01,
       -1.2052650965457664e+01, 4.6631754588457861e+00,
       3.6795918968215862e+00, 3.3931913403033662e+00,
       7.1455121516502169e+00, 1.9130876929774665e-01,
       9.3315257630518164e-03, 3.0167197742446308e+00,
       3.4350693694604266e+00, -5.7389274362393454e+00,
       5.3087925345663143e+00, -2.3204710379218282e-01,
       1.0118217391835167e+00, -4.5823670433027958e-01,
       -1.1074037324167811e+00, 1.9130876929774665e-01,
       2.4201241042873192e+00, -1.5979568026296933e-02,
       -7.7492604474529427e+00, -6.9857056548241980e-01,
       2.3233603151244209e+00, 2.7078924938432775e-01,
       -7.0760093989714379e-01, 5.0077790343066149e-02,
       -1.7343012700428223e-01, 3.2271970829723690e-02,
       9.3315257630518164e-03, -1.5979568026296933e-02,
       3.7489187032527391e-02, 8.7340885719226881e+03,
       6.7132502814242332e+02, 1.6470702606557556e+03,
       -2.3499665555811731e+02, -8.9070878055829303e+02,
       3.5644495435226429e+02, -1.0506941481083375e+02,
       2.8934389808161367e+01, 1.6528205129335834e+01,
       -1.4741152942438287e+00, -1.6611227271057785e+00,
       6.7132502814242332e+02, 8.3835196746271740e+03,
       -2.0611157700545803e+02, 6.5281473224059505e+02,
       5.4134382056288516e+01, -2.6043069408631328e+02,
       3.5721782156773180e+01, -1.5719489813343435e+01,
       3.2997890428562235e+00, -2.0480547787777086e+00,
       1.0988431266302539e+00, 1.6470702606557556e+03,
       -2.0611157700545800e+02, 2.9633102914530705e+03,
       4.4818763124977963e+01, 1.8409124162627671e+02,
       -8.1686775097315262e+01, 3.5309534363220955e+01,
       -2.7205086885632941e+00, 8.0306066688461086e-01,
       3.3074731311355423e+00, -9.4691556062619045e-02,
       -2.3499665555811737e+02, 6.5281473224059482e+02,
       4.4818763124977949e+01, 2.3220956137925077e+03,
       1.9725905931751111e+00, 1.2747570328053496e+02,
       -1.3718734462068822e+01, 1.7743090132281125e+01,
       -1.7998523260470469e+00, -3.1012098343145684e+00,
       -4.4358242231771944e-01, -8.9070878055829326e+02,
       5.4134382056288516e+01, 1.8409124162627671e+02,
       1.9725905931751055e+00, 4.3768808738575069e+02,
       5.1918061447287940e+01, -3.5745806093365302e+00,
       7.6088763004743214e+00, 4.4291859279819574e+00,
       1.5318393210575112e-01, 5.7796259680352097e-02,
       3.5644495435226429e+02, -2.6043069408631328e+02,
       -8.1686775097315291e+01, 1.2747570328053496e+02,
       5.1918061447287940e+01, 2.2270081431955762e+02,
       5.7572300170100066e+00, 9.1822381950238352e-01,
       -1.1424349366439248e+00, -6.0385453336870798e-01,
       1.8611792323574206e-01, -1.0506941481083376e+02,
       3.5721782156773180e+01, 3.5309534363220948e+01,
       -1.3718734462068824e+01, -3.5745806093365293e+00,
       5.7572300170100057e+00, 2.3254434663160726e+01,
       -2.9649093920761276e+00, -2.7777761679849977e+00,
       2.7281598876374108e-01, 1.8057159141848456e-02,
       2.8934389808161363e+01, -1.5719489813343438e+01,
       -2.7205086885632941e+00, 1.7743090132281125e+01,
       7.6088763004743178e+00, 9.1822381950238319e-01,
       -2.9649093920761271e+00, 1.5100216906217357e+01,
       -2.1802900465441386e+00, 6.5103661388416745e-01,
       -4.4560605347034689e-02, 1.6528205129335834e+01,
       3.2997890428562253e+00, 8.0306066688461009e-01,
       -1.7998523260470460e+00, 4.4291859279819574e+00,
       -1.1424349366439241e+00, -2.7777761679849977e+00,
       -2.1802900465441386e+00, 1.5714370213770088e+00,
       -1.1077312103641503e-01, -3.5405277756777827e-02,
       -1.4741152942438283e+00, -2.0480547787777081e+00,
       3.3074731311355414e+00, -3.1012098343145693e+00,
       1.5318393210575104e-01, -6.0385453336870809e-01,
       2.7281598876374102e-01, 6.5103661388416745e-01,
       -1.1077312103641500e-01, 3.1641026788743626e-01,
       9.5730247993132053e-03, -1.6611227271057791e+00,
       1.0988431266302536e+00, -9.4691556062619073e-02,
       -4.4358242231771944e-01, 5.7796259680352124e-02,
       1.8611792323574211e-01, 1.8057159141848463e-02,
       -4.4560605347034689e-02, -3.5405277756777834e-02,
       9.5730247993132053e-03, 2.0060593611392348e-02 ]
weights: !!opencv-matrix
   rows: 1
   cols: 2
   dt: d
   data: [ 3.6976929715883627e-01, 6.3023070284115856e-01 ]
