%YAML:1.0
means: !!opencv-matrix
   rows: 46
   cols: 4
   dt: d
   data: [ -1.4616905424272605e+02, 1.4111178800459433e+02,
       4.9943891458404309e+01, -5.4217871205580490e+00,
       -6.7315245553902813e+01, -1.2384297615108838e+02,
       -4.4467939242182858e+01, 3.3827468896957583e+01,
       1.1202217278459626e+02, -1.2629791355816681e+02,
       -4.9781552675298926e+01, -1.6880274978899564e+01,
       -1.5799163842107793e+01, -2.3787439741602867e+01,
       2.3697020185856275e+01, -4.3469666245443062e+00,
       1.4873448208476302e+02, 4.9011199066073175e+01,
       3.5360984218654977e+01, -6.8187137576471457e+01,
       -5.7473557857862716e+01, -1.0693744056100432e+02,
       8.4798939301182401e+01, -6.0420504667333176e+01,
       -2.7973113185711816e+02, -8.1331675338514316e+01,
       -1.6624708920061764e+01, 2.1188390479664061e+01,
       5.7364211318267785e+01, 6.2427298507777515e+01,
       -2.7100804777468559e+00, -6.6757743680116690e+01,
       1.1585344372124548e+02, -5.2826742785025708e+01,
       -3.0432978104933937e+01, 1.8810910128631054e+01,
       1.2978668184213029e+02, 2.4197790032355677e+01,
       2.3763384397526931e+01, 7.9274291086116108e+01,
       -7.8202621157896559e+01, 1.0879260586672747e+02,
       -4.6435679630210096e+01, 3.4485033895760708e+01,
       9.8313860808661019e+01, 2.0284013358388971e-02,
       7.6324729170353876e+01, -1.9775112319112855e-02,
       -1.5951435160303248e+02, -2.2650951499850414e+01,
       4.6925270474170567e+01, -6.3959037186888438e+01,
       8.3471803451483080e+00, 1.3228764861125353e+02,
       -2.1267717152408974e-01, -2.6923283046767871e+01,
       -1.9654324541352852e+02, -1.7300925585325919e+02,
       2.4394899154880839e+01, -3.8727087847726111e+01,
       2.2090594117401943e+02, -2.1051082266094411e+01,
       3.9211130011858572e+01, 1.8307945588908623e+01,
       1.3890202159401653e+02, 9.8921972189075746e+01,
       -4.0634717325169355e+01, 5.3956417214907887e+01,
       1.8834319636973456e+02, -1.1294613960904287e+02,
       2.0292686032876450e+01, -4.8857267614199642e+01,
       -2.2061969734619692e+02, 1.2807996259306745e+02,
       -2.1566666439679107e+01, 6.9755668234191317e+00,
       -2.2540500887986622e+02, 7.4215241340752689e+00,
       -3.2725816069442075e+01, -5.2965600516363025e+01,
       1.5179296363193396e+02, 1.2555012175464603e+02,
       3.6403521868698881e+01, 3.9747946303828791e-01,
       7.5617647397917580e+01, -1.2718338989369514e+02,
       4.5333999114317237e+01, -5.0173504281442597e+01,
       3.6055944903111055e+01, 1.9790393368535410e+02,
       1.4446374597598094e+01, 2.1808731973222337e+00,
       -9.6130216457073658e+01, -4.4758355708442650e+01,
       -5.4088720958496339e+01, -2.6858102369253820e+00,
       -4.9057909945069760e+01, -2.4333406183758518e+02,
       -3.8652713249974134e+01, 9.0158130859612911e+01,
       1.8473694098658150e+01, 8.1585324055201667e+01,
       3.7737934138303068e+01, 4.3090012206917685e+01,
       2.6672991923937104e+01, -7.2953582576844681e+01,
       3.1827868384645420e+01, 3.2998896842197794e+01,
       -2.7497033936135216e+02, 2.5776140405861991e+01,
       1.2551791893676750e+01, 7.7541938085965214e+01,
       -2.3855155604048971e+01, -1.2389535191281702e+02,
       -2.4633886639416176e+01, -2.8230120033759295e+01,
       -7.2034233802817823e+01, 4.5122631678870327e+01,
       9.9317868880411183e+01, 4.0465977731328906e+01,
       2.1906770956426513e+02, -1.8499817994071506e+01,
       -1.7426275117512109e+01, -1.1578305414800811e+01,
       3.0654738708402604e+01, -3.7845094593250778e+01,
       -3.9340652811302355e+01, -8.0915293351466715e+01,
       1.4166339473003669e+02, -4.5342240919877128e+01,
       1.2317892954496976e+01, 2.8292279860436715e+01,
       -1.2618458027656203e+02, -1.3947334461244355e+02,
       1.9786346161244108e+01, -2.4933371740327960e+01,
       -7.1692344172924635e+01, 2.0335329604333953e+02,
       -4.0271273721594959e+01, 1.6496445552269343e+01,
       -6.4602546648830497e+01, 7.0174013882428213e+01,
       -7.2400492838334785e+01, -5.1061031216996021e+01,
       6.5892343226163447e+01, -2.3122956416602034e+02,
       4.0362726289767501e+01, 7.0893553803504219e+01,
       8.1807144103429039e+01, -1.8932870602062899e+01,
       -1.0560368712523140e+02, 1.6498958921795444e+00,
       -1.6938734879938605e+02, 3.5512523893312810e+01,
       1.9379790957225964e+01, 6.2283631764534618e+01,
       2.8444101667410287e+01, -1.0341942570313024e+02,
       -8.6957305383361884e+01, 2.3235183620416912e+01,
       -4.7502976400320001e+01, 3.9789035918588276e+01,
       1.0565272417678483e+02, -1.3166562580159987e+01,
       -9.6217160239300213e+01, 4.4435846380047266e+01,
       3.3118069028691473e+01, -5.6941276868101014e+01,
       3.9916479030001625e+01, 6.5906323563451732e+00,
       -5.4542871535966604e+01, 8.3321102796757700e+01,
       -1.7127093559362547e+02, -5.8781615547765426e+01,
       6.5107389436445871e+01, 2.4468110500269884e+01,
       2.7731572949838117e+01, 1.1836145754614793e+02,
       -7.5673336587068633e+01, 3.0446990693837535e+01,
       -6.5142488480363809e+01, -4.6723806975832787e+00,
       -2.4820124837357277e+01, 7.4260049783435505e+01 ]
