%YAML:1.0
means: !!opencv-matrix
   rows: 15
   cols: 11
   dt: d
   data: [ 7.2330872473430546e+01, -8.6747301641701888e+00,
       -1.1235819610603357e+01, 7.6185030668162259e+00,
       8.3853212966307265e+00, 2.5492525904028387e+00,
       1.2449387665677087e+00, -6.0198133934684583e-01,
       -1.9709424656865462e-01, -5.8612434875952274e-02,
       -8.7469575762312374e-02, 3.3748949667801845e+01,
       1.3152291089004217e+02, -2.7104868702029727e+01,
       -5.4045590174555201e+01, -1.0197768360335155e+01,
       2.6728419218650306e+00, 2.1033523105049747e+00,
       -2.0380262773817934e-03, -1.2889142684878058e-01,
       -1.9727915430018753e-01, -7.8600538063990904e-03,
       3.8748170472964674e+00, -5.6250244322602313e+01,
       1.1658641715295387e+01, 2.2243917601085947e+01,
       3.8479318491059701e+01, 2.9026248450320584e+00,
       1.2102812164138255e+00, -9.1744309717026507e-01,
       -3.0818471768493649e-01, 2.0149522796715993e-01,
       3.0639348246000099e-02, 8.1267970685122961e+01,
       -2.1582454466371605e+01, -1.4280225478552600e+01,
       2.0468560340945171e+01, 6.4266821286442051e+00,
       2.1370072026151603e+00, -1.0893710775703584e+00,
       2.9511995328271889e-01, -6.2050997929494067e-01,
       1.2715392974690110e-01, 9.8464627365958901e-02,
       -1.8828965690954280e+02, -2.4267606833469049e+01,
       3.4327956525219648e+01, -9.7633446125940893e+00,
       -4.4561830571121011e+00, -4.0715809400283893e+00,
       -2.7862288144001637e+00, -1.5798513254861807e-01,
       4.3577607525175690e+00, 7.7113938017085426e-01,
       -1.4647909596243538e-01, 1.6861118889661336e+02,
       1.7874236328477036e+01, -4.4264944947203951e+01,
       1.1430615561318632e+01, -8.9361006985041023e+00,
       -6.3042214941626495e+00, -1.3839821749803907e-01,
       -5.8343010299857112e-01, -7.7995921094855958e-01,
       -4.1867941368535951e-02, 1.5393997549558552e-01,
       3.8567653385034841e+00, -1.8728572761629903e+02,
       1.6120013509202035e+01, 6.5857970959743682e+01,
       9.8801631876368869e+00, -1.8085281880064073e+01,
       -1.6937157231546118e+00, -9.3322071580201948e-01,
       2.3944973605079453e-01, -1.1293820816856890e+00,
       -1.1602168618007015e-03, -1.4947093889872826e+02,
       -1.8503945736687450e+00, 3.9548430064481614e+01,
       -6.3288399045962471e+00, -6.7723886981348758e-01,
       6.2762387902609031e+00, 8.9813663975299551e-01,
       1.2157354467312713e+00, -6.8842014728457979e-01,
       -5.4168506034811950e-02, 4.6126368701231305e-03,
       1.9868177820003858e+01, 1.8381289959745359e+01,
       -4.0221557495144697e+00, -1.7956167233237245e+01,
       2.5554867758742463e+00, -1.0532410935549370e+01,
       -6.6193691407781490e+00, 1.6887988433407068e+00,
       6.2135029101495762e+00, 2.9397382069019790e-01,
       -3.2923343726482070e-02, 1.4107235268628420e+01,
       7.7507446700262236e+01, -1.4302499139728903e+01,
       -3.6594585559006539e+01, 1.3590381244469448e+01,
       -4.8672451549896056e+00, 9.5580429733911931e-01,
       -4.7879730025193634e-01, -5.5370076108651811e-01,
       1.5620779056046460e-01, 9.3868117481999525e-02,
       -4.0770174400516117e+00, -8.2222798544924956e+01,
       9.8872162703829058e+00, 3.4368723709771295e+01,
       -1.6945782990452795e+01, -1.9599455145656952e+00,
       3.5303626110718084e-01, -3.6949092522663640e-01,
       -1.2056065062681405e+00, 4.6898013543663580e-01,
       -2.7216852045159140e-01, -1.7807270362396457e+02,
       -1.0932598013312111e+02, 4.8675648237121401e+01,
       3.8591982743345547e+01, -3.3124138220113451e+01,
       -3.9518722258061976e+00, -3.1866202437508853e+00,
       -6.4626472126140411e-01, -1.1141942589193481e+00,
       9.6425675550924229e-03, 1.0092587732301157e-01,
       5.8991584624440909e+00, 3.8432233159046589e+01,
       -8.5895819521351289e+00, -2.1278767094120653e+01,
       -8.2014071878934693e+00, -8.7864902566351262e+00,
       4.9948311364366466e-01, 4.0090727296302336e-02,
       -1.0824947601561163e+00, -2.0001098661724667e-01,
       -2.8756255638980815e-01, 9.9156577248825599e+01,
       -4.4181437627438484e+01, -2.1914652698702174e+01,
       3.6898566209560563e+01, -2.7648546303106425e+01,
       2.3403822373828465e+01, 1.1029852076352289e+00,
       1.2851490630468698e+00, 4.9385219850664536e-01,
       3.1407496812208807e-02, 1.4659687229529253e-01,
       -1.2320196562745727e+02, 1.1695312065306166e+02,
       1.0477458490655815e+01, -5.3290047000938181e+01,
       -1.2413013090787885e+01, 5.9911425242354577e-01,
       6.6693399468672077e-01, -3.0681383174755750e-01,
       -4.7306026142489693e-01, -2.7409817226491623e-01,
       1.1273523974952655e-01 ]
