%YAML:1.0
means: !!opencv-matrix
   rows: 18
   cols: 7
   dt: d
   data: [ -1.2032662461820957e+01, 9.2857438426189645e+01,
       -4.0550784062586187e+00, -3.8049981635662860e+01,
       1.3974564106295400e+01, -1.9121634381341464e+00,
       -2.7970038856523399e-01, 1.4108399102145626e+02,
       -4.1303891959723032e+01, -2.8418603552980212e+01,
       3.7756129033188486e+01, -2.1559999501735476e+01,
       5.7122260758620635e+00, 3.8982150734460798e-02,
       -1.7671981644785089e+02, 3.0723626837964330e-01,
       3.5673667395970710e+01, -2.4384146754604085e+01,
       -3.3111355059505931e+00, -1.8144160624772169e+01,
       -1.3357836891583788e+00, -3.9349085803551378e+00,
       5.5651531259021070e+00, -4.7651691090156781e+01,
       3.7554995956476859e+01, 1.3828353413378430e+01,
       2.7728838061870320e+00, 7.0251843134078706e-01,
       2.9939519399193700e-02, -3.1034143854848434e+01,
       1.0442707645531126e+01, 1.1437734238772347e+01,
       3.8097633257027006e+01, -2.5700422927392688e+00,
       1.3163164520175274e+00, 8.8991042089837258e+00,
       -1.7453688723011700e+02, 1.6036072489923566e+01,
       6.2672424744612471e+01, 1.8158024539683943e+01,
       -1.2651380623075060e+01, -1.1429393972559891e+00,
       -1.4315452338953656e+02, 9.4434307616795309e+01,
       2.0464565636271914e+01, -4.5325019601371721e+01,
       -1.1002078218380708e+01, 6.7351067680693777e-01,
       5.6802234331679691e-01, -1.7186731155061383e+02,
       -4.2937357263257105e+01, 4.5009526639681795e+01,
       1.0653672856267306e+01, -1.1065259673024279e+01,
       6.6848782827091258e+00, -9.8184547557535723e-02,
       9.8654960636644205e+01, -4.6817377509343856e+01,
       -2.2185874973813853e+01, 3.6620874781250237e+01,
       -2.7293828203070987e+01, 2.3797636045200207e+01,
       1.2633417309199788e+00, -7.8545863458383621e+01,
       -1.5487189039648324e+01, 3.0870165589343145e+01,
       4.8549380208444646e+00, 1.8450577981620455e+01,
       1.3112296165495437e+01, 2.0071334744848182e+00,
       1.4150001145140934e+02, 3.9635585311020378e+01,
       -4.5847822533296203e+01, -1.3815341580364711e+00,
       -9.1811826835480694e+00, -2.8046641534652372e+00,
       1.2277575799959950e+00, 1.4695796149356545e+02,
       3.5599287417874592e+01, -3.7984075583223699e+01,
       -2.0382750228045792e+00, -1.6581075555182846e+01,
       -1.0090225674347725e+01, -3.6578537816985759e+00,
       2.6408331853820030e+01, 1.2403594336194328e+02,
       -2.6044907398924000e+01, -5.1239596761841298e+01,
       -7.8029824164356096e+00, 2.8776744726811376e-01,
       2.0222473894683382e+00, 6.2834757831231883e+01,
       -1.0040041026452137e+02, -2.6780905267228697e+01,
       -4.0200981001363502e+01, 1.1909323676234148e+01,
       4.0461516533782316e+00, 3.6032032088373700e-01,
       1.1410780879241770e+02, 6.0325737009513170e-01,
       3.7601488064259208e+01, 1.3116637015262855e+01,
       1.0065150580547121e+01, 2.7060541482602058e+00,
       3.3482928444849941e-01, 4.2475934656786833e+01,
       -1.7414323926858724e+01, -4.9279738417774306e+00,
       1.0985754074555935e+01, -7.1997497374059387e+00,
       -1.2510205813853775e+01, -2.5661524088138128e+00,
       1.5452146901695601e+01, 2.4192189625606186e+00,
       -1.6448402421799877e+01, -2.9957668388592932e+01,
       -5.3585776572273369e+00, -2.0471149570258206e+01,
       -3.0736424419895778e+00, -1.7235239070765348e+02,
       -1.1654410469149452e+02, 4.6893000300135128e+01,
       4.1595349314749321e+01, -3.3769977472041880e+01,
       -3.9221228966200097e+00, -3.9121213677662636e+00 ]
covs: !!opencv-matrix
   rows: 126
   cols: 7
   dt: d
   data: [ 6.1262002716519510e+03, -3.0863226932721113e+02,
       2.6921122032339613e+03, -6.8573102207464092e+02,
       -8.1336617160183778e+01, -2.4360856555805540e+02,
       -2.4534634545951764e+01, -3.0863226932721113e+02,
       6.0792531818696089e+03, 7.5036993528188543e+02,
       2.3809534365118334e+03, 7.0306031941776027e+01,
       -4.6762050879329493e+01, -1.2275434177320669e+02,
       2.6921122032339613e+03, 7.5036993528188543e+02,
       2.5072994738701595e+03, -7.7027463736338774e+01,
       -7.6149491232467994e+01, 6.3398811359915319e+00,
       -6.8675468272063798e+00, -6.8573102207464092e+02,
       2.3809534365118338e+03, -7.7027463736338774e+01,
       1.6676570913472065e+03, 9.1921094825527746e+01,
       -1.5353000025721238e+02, 1.3254661337966846e+01,
       -8.1336617160183792e+01, 7.0306031941776041e+01,
       -7.6149491232467980e+01, 9.1921094825527746e+01,
       9.5342994884720667e+01, 8.6328598194732411e+00,
       -2.3285450244142645e+01, -2.4360856555805543e+02,
       -4.6762050879329493e+01, 6.3398811359915310e+00,
       -1.5353000025721238e+02, 8.6328598194732393e+00,
       7.4984700079801186e+01, -1.6424988645068321e+01,
       -2.4534634545951754e+01, -1.2275434177320669e+02,
       -6.8675468272063824e+00, 1.3254661337966851e+01,
       -2.3285450244142641e+01, -1.6424988645068325e+01,
       4.3471742290219147e+01, 8.9603292000493675e+03,
       9.3494774081174228e+02, 2.1984123640332837e+03,
       -1.2208129408043499e+03, 5.1629817381971884e+02,
       -5.9945412710220455e+02, -1.5843557992773194e+02,
       9.3494774081174228e+02, 7.0813495631182359e+03,
       7.6999464003425351e+02, 2.2194222554001835e+03,
       1.2256314714101902e+02, 3.8244057549308529e+01,
       -5.1242702449864794e+01, 2.1984123640332837e+03,
       7.6999464003425339e+02, 2.4809209915561064e+03,
       -2.4169833683654996e+01, -1.8453493576007477e+02,
       9.1259687186166275e+01, 3.5060252381161668e+01,
       -1.2208129408043501e+03, 2.2194222554001840e+03,
       -2.4169833683654989e+01, 1.6935546789744617e+03,
       -3.3394527273092741e+01, -1.1795267260043554e+01,
       5.6223966614239185e+00, 5.1629817381971884e+02,
       1.2256314714101906e+02, -1.8453493576007477e+02,
       -3.3394527273092748e+01, 1.1959499450990550e+02,
       -1.1299391842118951e+02, -1.2966004287788740e+01,
       -5.9945412710220455e+02, 3.8244057549308508e+01,
       9.1259687186166289e+01, -1.1795267260043554e+01,
       -1.1299391842118952e+02, 2.1711581347288626e+02,
       -1.2598170367655745e+01, -1.5843557992773194e+02,
       -5.1242702449864794e+01, 3.5060252381161668e+01,
       5.6223966614239176e+00, -1.2966004287788740e+01,
       -1.2598170367655742e+01, 2.3353508561766233e+01,
       6.7350266203392321e+03, -3.4092444088259458e+02,
       2.8489375121499606e+03, -9.1663838259990212e+02,
       6.8638889891960204e+01, -1.8787493521269262e+01,
       1.0201493843154502e+02, -3.4092444088259469e+02,
       8.7685574275900344e+03, 5.2954596416481377e+02,
       1.6335881881714663e+03, 8.5790543712594712e+01,
       1.0694553721723413e+02, -2.4596858715658509e+00,
       2.8489375121499606e+03, 5.2954596416481354e+02,
       2.3476225552572141e+03, 5.6129236950107817e+01,
       -1.0116808567683051e+02, 2.6285551075667893e+01,
       -6.5485570234150172e+00, -9.1663838259990200e+02,
       1.6335881881714663e+03, 5.6129236950107817e+01,
       1.8357691675313361e+03, -5.1157481599450129e+01,
       -9.0607684268876071e+01, 2.2884030345274649e+01,
       6.8638889891960204e+01, 8.5790543712594712e+01,
       -1.0116808567683051e+02, -5.1157481599450129e+01,
       7.0564746598366227e+01, 3.6414452816910448e+01,
       -8.0685998214310271e+00, -1.8787493521269262e+01,
       1.0694553721723413e+02, 2.6285551075667900e+01,
       -9.0607684268876085e+01, 3.6414452816910448e+01,
       7.9282499250444758e+01, -1.4420319086931512e+01,
       1.0201493843154502e+02, -2.4596858715658523e+00,
       -6.5485570234150181e+00, 2.2884030345274635e+01,
       -8.0685998214310271e+00, -1.4420319086931515e+01,
       2.3171224430639178e+01, 4.5381100912487791e+03,
       -4.0186663602418787e+02, -1.1331887430416869e+02,
       2.4796077812556527e+02, -4.6922005445707322e+02,
       -3.2713942051458582e+02, -1.3758900094117454e+01,
