%YAML:1.0
means: !!opencv-matrix
   rows: 5
   cols: 7
   dt: d
   data: [ 3.5314981457574753e+01, 1.6460097955749632e+01,
       -2.5273889622252423e+00, -7.7011379498666885e+00,
       1.8267607990006695e+01, -1.2732008820797541e-01,
       -4.4555901904557277e-01, -1.3140048678267775e+02,
       6.7187313474755285e+01, 3.0973358932660854e+01,
       -3.9284244220386789e+01, -3.3615972419288926e+00,
       1.5676313867624061e+00, -9.0816659221041141e-01,
       9.9970691872290217e+01, -7.9588629581938278e+01,
       -2.9920086223539727e+01, -2.2350266678121145e+01,
       -1.0676612738743927e+01, 1.8791932057480016e+00,
       6.3847766965529629e-01, -1.0915711980416206e+02,
       -6.6152851857028764e+01, 2.5944230955783702e+01,
       4.5132815332370434e+01, -1.6459501229644284e+00,
       1.0729019727575292e-01, 5.5133398212991647e-01,
       1.0643541247778565e+02, 4.8795210598530851e+01,
       -2.8853100328027789e+01, 2.7255220332407749e+01,
       -1.4636166707653055e+01, -3.4044585556506113e+00,
       5.0618155449566138e-01 ]
covs: !!opencv-matrix
   rows: 35
   cols: 7
   dt: d
   data: [ 7.1366740343518732e+03, 5.6133732647080274e+02,
       2.3439764773665606e+03, -6.3597773164103401e+01,
       -6.8370744611675184e+02, 3.0028893718994055e+02,
       -1.1850591057265980e+02, 5.6133732647080285e+02,
       7.8917553566279421e+03, -1.4083104481610590e+02,
       1.0895694158887479e+03, -2.9852426696956790e+01,
       -3.1605129227177167e+02, 7.7317557923752133e+01,
       2.3439764773665606e+03, -1.4083104481610590e+02,
       2.7198353212180759e+03, -5.8435021424042141e+01,
       8.8737250743733995e+01, -8.7538803559041739e+01,
       2.6308948042828341e+01, -6.3597773164103401e+01,
       1.0895694158887479e+03, -5.8435021424042176e+01,
       1.8414511610148809e+03, -6.2869040871173787e+01,
       1.3939847822288431e+02, -3.9889186531014431e+01,
       -6.8370744611675195e+02, -2.9852426696956783e+01,
       8.8737250743733981e+01, -6.2869040871173787e+01,
       3.0875944561457942e+02, -3.9831193271451653e+01,
       2.6358854126546505e+00, 3.0028893718994044e+02,
       -3.1605129227177173e+02, -8.7538803559041767e+01,
       1.3939847822288431e+02, -3.9831193271451653e+01,
       2.2255470995092776e+02, -8.7534975443436345e+00,
       -1.1850591057265976e+02, 7.7317557923752119e+01,
       2.6308948042828352e+01, -3.9889186531014431e+01,
       2.6358854126546514e+00, -8.7534975443436327e+00,
       3.6854884187065707e+01, 1.1272697009325191e+04,
       1.4484190206271389e+03, 2.0050701198412123e+03,
       -5.6194608744670302e+02, 1.1820665892179088e+03,
       -3.4821579224848330e+02, 1.4010351844485783e+02,
       1.4484190206271392e+03, 8.5725478787921365e+03,
       -5.0933745183532943e+02, 1.1514904780864072e+03,
       -1.3714301456736715e+02, 6.9033814738590740e+02,
       -8.7104641768407049e+01, 2.0050701198412125e+03,
       -5.0933745183532932e+02, 2.6719932306910482e+03,
       2.2939171774912418e+02, -2.2866930736739286e+02,
       6.0272917814366807e+01, -2.9266769428068280e+01,
       -5.6194608744670302e+02, 1.1514904780864072e+03,
       2.2939171774912413e+02, 1.6964901047647641e+03,
       4.2195783498920200e+01, -2.7315654639241592e+02,
       3.3842691762382671e+01, 1.1820665892179086e+03,
       -1.3714301456736715e+02, -2.2866930736739286e+02,
       4.2195783498920200e+01, 3.8532235978958238e+02,
       -1.3605692350802394e+02, 2.9455361674928717e+01,
       -3.4821579224848330e+02, 6.9033814738590729e+02,
       6.0272917814366807e+01, -2.7315654639241592e+02,
       -1.3605692350802394e+02, 4.0073686135199875e+02,
       -2.4144561440624944e+01, 1.4010351844485783e+02,
       -8.7104641768407078e+01, -2.9266769428068294e+01,
       3.3842691762382671e+01, 2.9455361674928717e+01,
       -2.4144561440624944e+01, 3.4587443174749758e+01,
       6.2452170153131501e+03, 7.1447225583040972e+02,
       2.5123888824347214e+03, -4.8630520025247773e+02,
       1.7302707316099287e+01, 2.9963703434469267e+02,
       -8.5250867088348315e+01, 7.1447225583040984e+02,
       4.0368941766664930e+03, -3.7656512005415857e+02,
       -8.1078664829496802e+02, -1.5461936377107372e+02,
       -4.4122342556552830e+01, 6.0999693225250262e+01,
       2.5123888824347214e+03, -3.7656512005415857e+02,
       2.6701578351614203e+03, 1.8013751043080890e+02,
       -1.2146333289137938e+02, -3.5989781374925549e+01,
       3.0354937982274460e+01, -4.8630520025247785e+02,
       -8.1078664829496802e+02, 1.8013751043080896e+02,
       1.8061823746034968e+03, 2.3680041406690432e+02,
       2.2022472264673974e+02, 1.3180946794536647e+01,
       1.7302707316099287e+01, -1.5461936377107372e+02,
       -1.2146333289137938e+02, 2.3680041406690432e+02,
       1.2041407759517223e+02, 1.2516551298820306e+02,
       -3.9207372576884612e+00, 2.9963703434469255e+02,
       -4.4122342556552816e+01, -3.5989781374925563e+01,
       2.2022472264673976e+02, 1.2516551298820306e+02,
       2.2921070243673498e+02, 1.1873642576256840e+01,
       -8.5250867088348286e+01, 6.0999693225250269e+01,
       3.0354937982274453e+01, 1.3180946794536647e+01,
       -3.9207372576884612e+00, 1.1873642576256840e+01,
       2.1808173403514232e+01, 9.6023304582484798e+03,
       -7.6288713793313764e+02, 2.3115039417740750e+03,
       7.9382275559230004e+02, 5.3199583768128741e+02,
       -2.8713357290620809e+02, 6.0067270091432249e+01,
       -7.6288713793313752e+02, 7.6020056666596765e+03,
       2.5699121245550310e+02, 1.4646258570973378e+03,
       1.6880338119297139e+01, 1.4254691570746601e+02,
       3.6506545553930195e+01, 2.3115039417740750e+03,
       2.5699121245550322e+02, 2.6372676028404480e+03,
       -2.1377252041856130e+02, -1.3364538025184018e+02,
       4.7098176844279848e+01, -2.0714311669177569e+01,
       7.9382275559230004e+02, 1.4646258570973378e+03,
       -2.1377252041856124e+02, 1.4982760394008983e+03,
       -7.9038909354982167e+01, -1.5849004963928661e+02,
       -3.0668051456749854e+01, 5.3199583768128741e+02,
       1.6880338119297139e+01, -1.3364538025184018e+02,
       -7.9038909354982181e+01, 1.9968472117272347e+02,
       -6.0941343812194816e+01, -2.3760893100411424e+00,
       -2.8713357290620814e+02, 1.4254691570746598e+02,
       4.7098176844279848e+01, -1.5849004963928655e+02,
       -6.0941343812194816e+01, 1.3547452205135278e+02,
       1.6167374708450172e+01, 6.0067270091432256e+01,
       3.6506545553930195e+01, -2.0714311669177583e+01,
       -3.0668051456749854e+01, -2.3760893100411420e+00,
       1.6167374708450168e+01, 2.8185450737560142e+01,
       6.2902415155336557e+03, 7.5539521448267180e+02,
       2.5845757862876585e+03, -1.8314933882997556e+02,
       1.0087820707058269e+02, 3.2827772784153927e+02,
       -9.0239653280745884e+01, 7.5539521448267192e+02,
       3.4965260524093142e+03, -3.1154049193863796e+02,
       -5.8986360464207235e+02, -1.4716206329637211e+02,
       -1.2615984979568277e+02, 9.1021833767259928e+00,
       2.5845757862876585e+03, -3.1154049193863796e+02,
       2.6557787285755935e+03, 5.6749012772998320e+01,
       -1.3138522918539638e+02, -3.6982993639320604e+01,
       2.7188346084824431e+01, -1.8314933882997553e+02,
       -5.8986360464207269e+02, 5.6749012772998306e+01,
       1.7669029159373690e+03, 2.6043516620267013e+02,
       2.1775068820825314e+02, -2.0907820308162481e+01,
       1.0087820707058269e+02, -1.4716206329637208e+02,
       -1.3138522918539641e+02, 2.6043516620267013e+02,
       1.3793640730590388e+02, 1.3841902678594062e+02,
       -4.6295007756263482e+00, 3.2827772784153927e+02,
       -1.2615984979568280e+02, -3.6982993639320604e+01,
       2.1775068820825317e+02, 1.3841902678594062e+02,
       2.5086315040503592e+02, 1.3459178970850736e+01,
       -9.0239653280745898e+01, 9.1021833767259928e+00,
       2.7188346084824438e+01, -2.0907820308162481e+01,
       -4.6295007756263464e+00, 1.3459178970850740e+01,
       2.2157555589262742e+01 ]
