%YAML:1.0
means: !!opencv-matrix
   rows: 38
   cols: 3
   dt: d
   data: [ 3.7428943919777026e+01, -3.9693211127766310e+00,
       3.6358732607593439e+01, -1.5846106648513091e+02,
       2.4504028518278872e+01, -1.0636095681940704e+01,
       -3.1358529351381801e+01, 1.4619683146763933e+02,
       -3.6709587139479304e+01, 9.9225500287981589e+01,
       -7.8039748549367971e+01, -3.5127259314382869e+01,
       -9.3385711574687249e+01, -1.3220880426141835e+02,
       6.1623776332143933e+01, 1.7554357161002136e+02,
       9.6697863842652751e+01, 3.2721033973455803e+01,
       -2.8193473612129031e+02, 4.5436430309036481e+01,
       -2.5996279034960654e+01, -1.8151702135706535e+02,
       -1.2757946451475620e+02, -6.5048643718964181e+00,
       -5.4510736149846885e+01, -5.8158744773005786e+00,
       1.0316400528809952e+02, -2.8722477665991288e+01,
       -6.1770715978076502e+01, 2.3967992099852186e+01,
       1.1945141993829937e+02, 9.4135609002445747e+01,
       -3.3490475177890850e+01, -3.8674258739597413e+01,
       -1.4161750761583309e+02, -4.0394277889703162e+01,
       7.7861106533144195e+01, -1.1955882454842335e+01,
       -9.8335004833724724e+01, 1.2542160728396279e+02,
       -5.4670917768817446e+01, 3.4017394056998334e+01,
       1.2855515643708821e+02, -1.3283770243793199e+02,
       2.7102258632155547e+01, 4.1253828180324250e+00,
       -5.2812188545263929e+01, -8.3897600978863153e+01,
       1.8582210469448287e+02, -2.0864776447584980e+01,
       5.1589214209624302e+01, -1.2532527085743452e+00,
       4.8440403110793739e+01, -8.8564767711004478e+01,
       1.8382534414200524e+01, 9.0312314748294497e+01,
       2.1608492255161291e+01, -9.9792029917071645e+01,
       8.8862739382873741e+01, -6.3979587937543371e+01,
       9.4511344133050855e+01, 2.7425051174207297e+01,
       7.9712273647726988e+01, -2.3786493265232849e+02,
       -8.2713342776710761e+01, -3.8772873470131763e+01,
       -1.1054008901395811e+02, -1.2145968041526084e+01,
       6.1510969920738631e+01, -1.1049582393701952e+02,
       1.3228895702539626e+02, 4.7431718268075059e+01,
       1.4688433631109706e+02, 2.2473986574727526e+01,
       3.2086509690529944e+01, 3.9497643674415350e+01,
       -9.1523023383892863e+01, 4.6948601544689637e+01,
       -7.3678792486846589e+01, 7.6138089677571458e+01,
       -4.4222912470378972e+01, -3.9306176432045611e+01,
       -1.2873731244264233e+01, -2.2962057653736622e+01,
       5.8675925213288771e+01, 1.7413589766035244e+02,
       1.6696769783576322e+01, 1.5106931853241579e+02,
       2.0205272500664098e+01, -3.3474870826136204e+01,
       1.5616800176694266e+01, -1.7521762172683819e+02,
       1.8471262051273083e+01, -1.7546001397216344e+02,
       6.2246940726847917e+01, 6.5749433395261605e+01,
       -2.1266371203540820e+02, -3.9707064364267090e+01,
       4.4418004336453212e+00, -2.4654369748154028e+02,
       1.0533237781467490e+02, 6.6905353544967801e+00,
       -1.0341774042121469e+02, -7.5380003569085460e+01,
       -5.6751395346060825e+01, 2.1139660643751250e+02,
       -5.0855959624633620e+01, 2.2133545578554873e+01,
       5.9309805962734053e+01, 9.3906609925666260e+01,
       -8.9324548997776077e+01, 8.5198283604478647e+01,
       1.4611129293293681e+01, -1.6588865439260182e+01 ]
covs: !!opencv-matrix
   rows: 114
   cols: 3
   dt: d
   data: [ 1.2294150896380113e+03, 1.0123557833529760e+02,
       2.8029316041880765e+01, 1.0123557833529763e+02,
       2.5357148389954577e+03, 6.5622908063532941e+02,
       2.8029316041880751e+01, 6.5622908063532918e+02,
       1.1972410956280412e+03, 2.2842464593489967e+03,
       -1.7505124833449278e+02, 5.5294017906741352e+01,
       -1.7505124833449284e+02, 2.8689780035960744e+03,
       2.9592222174593968e+02, 5.5294017906741374e+01,
       2.9592222174593968e+02, 8.4867606695247150e+02,
       3.2233261664401734e+03, -6.2315694164571823e+02,
       4.2438060728608110e+02, -6.2315694164571835e+02,
       5.1199117685717811e+03, -7.0892396869093864e+02,
       4.2438060728608104e+02, -7.0892396869093864e+02,
       5.9752608431460988e+02, 3.1353482095830086e+03,
       -5.6110040729112029e+02, 5.5009995060454969e+02,
       -5.6110040729112040e+02, 2.7105902027190186e+03,
       -2.3148391880657422e+02, 5.5009995060454969e+02,
       -2.3148391880657422e+02, 1.0097707362843739e+03,
       2.1085904556301448e+03, 9.3890291798149735e+02,
       8.5283490673502365e+02, 9.3890291798149735e+02,
       4.2515110685465270e+03, 8.1927733747753663e+01,
       8.5283490673502365e+02, 8.1927733747753720e+01,
       6.4109889806726733e+02, 2.8452583057621873e+03,
       -2.3885763472091568e+02, -3.3648899358243057e+02,
       -2.3885763472091563e+02, 1.2054930831184390e+03,
       9.8505199286793541e+01, -3.3648899358243057e+02,
       9.8505199286793555e+01, 4.0999024987982881e+02,
       2.0504729148453889e+03, 8.7292466740044949e+02,
       9.8294049126077567e+01, 8.7292466740044927e+02,
       7.1330326509245469e+03, -5.0743728101604560e+01,
       9.8294049126077567e+01, -5.0743728101604560e+01,
       2.0854869352232112e+02, 2.1204186567322486e+03,
       1.0526235518177762e+03, 8.6646534757869222e+02,
       1.0526235518177762e+03, 3.9446097805480281e+03,
       3.8654347864305640e+02, 8.6646534757869244e+02,
       3.8654347864305646e+02, 6.6880985079520735e+02,
       2.8030004662830320e+03, -9.8181539347937189e+02,
       -3.4843374594935119e+02, -9.8181539347937166e+02,
       1.0377382738555320e+04, 2.7900086058935284e+02,
       -3.4843374594935119e+02, 2.7900086058935284e+02,
       2.1557383411720986e+02, 1.3719746621422626e+03,
       -1.4571635466126472e+02, 1.0279844122707898e+02,
       -1.4571635466126477e+02, 3.5170732030334307e+03,
       4.1848275711127036e+02, 1.0279844122707898e+02,
       4.1848275711127036e+02, 1.2843511491659542e+03,
       2.4483125125900433e+03, 3.0894239308394515e+02,
       4.7388245616697611e+02, 3.0894239308394509e+02,
       1.4489812130637172e+03, -4.1144921602703448e+01,
       4.7388245616697611e+02, -4.1144921602703441e+01,
       1.1649102681351947e+03, 3.7167859939809164e+03,
       1.0627242084941231e+03, -1.2343090887205723e+02,
       1.0627242084941231e+03, 3.2168520549228515e+03,
       5.4620110025086512e+02, -1.2343090887205726e+02,
       5.4620110025086512e+02, 1.2442544559177161e+03,
       1.1619249030530034e+03, -3.6261606496906133e+01,
       2.9689780044430137e+02, -3.6261606496906118e+01,
       4.4154559674073325e+03, 2.9801101083265519e+02,
       2.9689780044430137e+02, 2.9801101083265519e+02,
       5.7783987045981075e+02, 2.1943336163573499e+03,
       -4.9223066199778452e+02, -7.3543766732721724e+02,
       -4.9223066199778452e+02, 1.4367502413641193e+03,
       2.7788461314319537e+01, -7.3543766732721724e+02,
       2.7788461314319544e+01, 8.6863022683699410e+02,
       2.6654053450064603e+03, 7.1869420484404043e+02,
       -6.0127176814777840e+02, 7.1869420484404043e+02,
       2.8305853671578579e+03, -6.0838774570386931e+02,
       -6.0127176814777829e+02, -6.0838774570386920e+02,
       7.2555876427750127e+02, 1.4157243133254206e+03,
       1.3131092454311400e+02, 2.9699770898179636e+01,
       1.3131092454311400e+02, 3.2325668301897458e+03,
       5.5250467985949922e+02, 2.9699770898179626e+01,
       5.5250467985949922e+02, 5.2302353043981088e+02,
       3.1006899871372366e+03, 1.2483059973253501e+03,
       -6.5670811096765033e+02, 1.2483059973253496e+03,
       7.9507399861928970e+03, -2.0011685563389551e+02,
       -6.5670811096765044e+02, -2.0011685563389551e+02,
       2.2622371705943735e+02, 4.0869588617031633e+02,
       2.2207081858662465e+02, 1.9486514131472035e+02,
       2.2207081858662465e+02, 4.7187803599613690e+03,
       2.8793312801486167e+02, 1.9486514131472038e+02,
       2.8793312801486172e+02, 3.7782604793415828e+02,
       2.2938892289091123e+03, 5.1536286248185388e+02,
       1.0296145973860944e+03, 5.1536286248185377e+02,
       2.8780227406632562e+03, 2.7346031542360788e+02,
