%YAML:1.0
means: !!opencv-matrix
   rows: 45
   cols: 3
   dt: d
   data: [ 8.0660614143915595e+01, 5.3304754957747143e+01,
       6.9367472860423064e+01, -8.0369769675356707e+01,
       -5.7118902004580335e+01, -4.3942338967987865e+01,
       -2.7299669036504355e+02, 4.7681959660230362e+00,
       5.9406156580736242e+00, 2.4001613067263412e+02,
       2.2926938232157273e+01, 1.0121140827698650e+01,
       5.7395276333713369e+01, 1.1979525905590714e+02,
       -5.3033868445175749e+01, 8.3222124866267649e+01,
       -1.2732487481259047e+02, 5.1393476350375856e+01,
       1.2537545036123602e+02, -6.5644382973816107e+01,
       -8.4916009811472776e+01, -8.9733162567808947e+01,
       -1.4945115912538120e+02, 9.4734398727123249e+01,
       -5.1153953470186799e+01, 1.7951935666993521e+02,
       -6.8530214491283047e+01, 1.2316208199479853e+02,
       1.4248297340991979e+02, 3.5161582805835764e+01,
       -2.7970746667222710e+02, -1.0615528951365657e+02,
       -2.1881247378892287e+01, -9.7059370410989061e+01,
       3.2081127608334775e+01, 5.2153925403921356e+01,
       -1.4204010522391752e+02, 1.1532747672332167e+02,
       3.8370524342815379e+01, 2.3435014702775248e+02,
       -7.2977035545266347e+01, -2.1346377451527712e+01,
       -5.1596553382615596e+01, 8.7711427502881740e+00,
       -4.8747302397921665e+01, -7.0941989589343450e+01,
       1.0499477785029568e+02, -4.8950420736029635e+01,
       1.9452184977067631e+01, -7.4341468624375636e+01,
       -8.7657481931730018e+01, 1.3885098637125350e+00,
       -2.8731322960147367e+02, -9.4515853251918713e+00,
       -3.6243807554962338e+01, 7.0993987810063089e+01,
       9.8025492501786147e+01, 1.5850385717615589e+02,
       4.2078976589930242e+01, -4.8272858700925227e+01,
       1.8352055851931784e+01, 2.0791128151916189e+02,
       -1.3914952578808759e+00, 1.7656800377015261e+02,
       -4.3213528247847556e+01, 4.0357324064431843e+01,
       1.5963372981210372e+02, -1.1148509969547054e+02,
       1.1277893301009877e+01, -7.6391661900504630e+01,
       -1.3764656658176301e+02, -5.2074450518760877e+01,
       -1.3087451591283562e+02, -3.2966749945889710e+01,
       9.6537028696007667e+01, -2.1375851666013673e+02,
       8.3605895190692962e+01, -7.5518008124512681e+00,
       1.6667012104947919e+01, 1.2179362181808101e+02,
       1.6946487483169939e+01, -1.9177837632205092e+02,
       -1.3994554185436544e+02, 3.4032397038182957e+01,
       1.4930013208539324e+02, 2.6284429271762097e+01,
       3.0377985041920194e+01, 2.0423833580969443e+02,
       1.1702634122099937e+02, 4.5081406885211045e+01,
       -1.8317543476110643e+02, 1.5949674648829196e+02,
       -3.9812724673453587e+01, 8.6099754806605972e+01,
       -1.1858986169846189e+02, -4.5870305263259091e+01,
       -3.8322821355664487e+01, -5.2104767096388372e+01,
       6.4306604939870070e+01, -1.5888209401111607e+02,
       3.2644326974577929e+01, -2.9915306797940744e+01,
       5.0991866890917033e+00, -6.4117859076033341e+01,
       5.0451658157812327e+00, 9.3298826202572428e+01,
       6.5548627348460130e+01, -1.5723643047478610e+00,
       4.3672864925803880e+00, 3.3886763215336053e+01,
       1.4961797718093809e+01, 9.0734868745061632e+01,
       -1.4361871695096727e+02, 8.1663282208162954e+01,
       -8.1435916428236084e+01, 1.8511141474676657e+02,
       3.9581963256068718e+01, 1.0445952681901417e+01,
       -1.6346579064460028e+02, 7.9583815373800535e+00,
       8.7007103548714198e+01, -4.2901824842330413e+01,
       5.6907418729406700e+01, 8.6111372708589926e+01,
       -1.1900421278991482e+01, -2.1782362302146975e+01,
       3.3379093118986653e+01, 3.3192573840744963e+01,
       -7.4687086362962532e+01, -1.8045567407260171e+02,
       -7.3774034287787771e+01, -5.6220838041420524e+00,
       -1.9504556901256299e+02, 8.0550908157666452e+00,
       4.7901103920103132e+01 ]
covs: !!opencv-matrix
   rows: 135
   cols: 3
   dt: d
   data: [ 1.1767007804715367e+03, -2.4980960818550706e+01,
       3.0606285323373089e+02, -2.4980960818550717e+01,
       2.5903530990764511e+03, -1.1064457598950732e+02,
       3.0606285323373089e+02, -1.1064457598950735e+02,
       5.6457202251920717e+02, 1.2279091227024580e+03,
       -5.4418467692427566e+02, 1.7413524325347484e+02,
       -5.4418467692427544e+02, 2.9153674369637192e+03,
       -2.5797676421518867e+02, 1.7413524325347484e+02,
       -2.5797676421518867e+02, 1.1104413143006443e+03,
       1.8373841644485103e+03, -1.5314961022834650e+03,
       4.1280736945512206e+02, -1.5314961022834650e+03,
       4.7341906619324673e+03, -6.9524159007398978e+01,
       4.1280736945512206e+02, -6.9524159007398936e+01,
       5.0094617452790550e+02, 1.9940699691255966e+03,
       6.8777282751392431e+02, 2.8059112965440954e+02,
       6.8777282751392443e+02, 5.2518243602270941e+03,
       2.2135745207628543e+02, 2.8059112965440954e+02,
       2.2135745207628543e+02, 3.9544356501362961e+02,
       3.5592356852871280e+03, 9.8557912577017260e+02,
       6.3052243615385521e+02, 9.8557912577017271e+02,
       2.7176916536172303e+03, 5.7847417010258073e+02,
       6.3052243615385521e+02, 5.7847417010258084e+02,
       1.3992471901076708e+03, 2.7251356558584066e+03,
       -7.6053142749385268e+02, 7.8045443102733003e+01,
       -7.6053142749385279e+02, 2.1911069158212972e+03,
       2.0323859257493535e+01, 7.8045443102732989e+01,
       2.0323859257493528e+01, 3.5944751370461501e+02,
       2.3710813274926118e+03, -3.2558038636161086e+02,
       7.4248015992410285e+02, -3.2558038636161103e+02,
       2.8540905996062288e+03, 2.2222457424014723e+02,
       7.4248015992410285e+02, 2.2222457424014718e+02,
       1.3181704430887546e+03, 1.2290633774759722e+03,
       -2.8827150509801481e+02, 2.4897239571765388e+02,
       -2.8827150509801481e+02, 4.5739694992243722e+03,
       2.0729382884434335e+02, 2.4897239571765385e+02,
       2.0729382884434341e+02, 3.4999932602066070e+02,
       4.1372101904423180e+03, -1.2178145068256520e+03,
       -5.9729512467103541e+02, -1.2178145068256517e+03,
       3.4703839299722781e+03, 1.8325513319606736e+02,
       -5.9729512467103541e+02, 1.8325513319606736e+02,
       7.4846111862768282e+02, 3.1994405329721985e+03,
       -9.4235164840591426e+02, -1.0622158102522326e+03,
       -9.4235164840591426e+02, 3.6841445667252451e+03,
       5.3772341127633331e+02, -1.0622158102522326e+03,
       5.3772341127633331e+02, 1.0656306759789129e+03,
       1.8998254613582649e+03, -1.1014411291476724e+03,
       1.3235616966883970e+02, -1.1014411291476727e+03,
       5.5952573506373101e+03, 3.0729771040884361e+02,
       1.3235616966883973e+02, 3.0729771040884361e+02,
       3.0080869577218118e+02, 1.3717481446695035e+03,
       9.0296133781383119e+01, 2.4084194576807587e+02,
       9.0296133781383148e+01, 2.6212387685002282e+03,
       -8.4664561954449880e+01, 2.4084194576807587e+02,
       -8.4664561954449908e+01, 1.0170210771385113e+03,
       3.0414431985199144e+03, -9.5939631091280637e+02,
       5.9505988935784990e+02, -9.5939631091280637e+02,
       2.8446398956311468e+03, -4.0143316382281185e+01,
       5.9505988935784990e+02, -4.0143316382281199e+01,
       1.1726556851284067e+03, 2.7562663543019798e+03,
       -3.3013816504335558e+01, 6.4134954748118389e+02,
       -3.3013816504335566e+01, 3.0457297493690289e+03,
       -1.0492320976752498e+02, 6.4134954748118389e+02,
       -1.0492320976752505e+02, 6.9838625414005912e+02,
       2.0240060781634736e+03, -3.9451322750255082e+02,
       -2.3058095317215046e+02, -3.9451322750255082e+02,
       1.4185079310662732e+03, -1.8904147389976143e+02,
       -2.3058095317215046e+02, -1.8904147389976129e+02,
       1.3950425644378688e+03, 1.7956899550044172e+03,
       -9.2008368777353397e+01, 1.4819208389661014e+02,
       -9.2008368777353454e+01, 2.2307228317357549e+03,
       9.3965781585748374e+01, 1.4819208389661017e+02,
       9.3965781585748360e+01, 1.0127279755280878e+03,
       8.4778607351503069e+02, -2.2660027371365089e+02,
