%YAML:1.0
means: !!opencv-matrix
   rows: 24
   cols: 2
   dt: d
   data: [ 8.6009220678196705e+00, -5.6706381300500205e+01,
       -9.0217034605746818e+01, 1.1021386978406595e+02,
       -1.1155342943262734e+00, 1.0174400120289140e+02,
       -1.8470757108938523e+02, -1.6694198385172913e+02,
       1.6793477972143606e+02, -1.1159764527880887e+02,
       9.3716638403027375e+01, 8.8064958565707030e+01,
       -8.5859463423983655e+01, -3.2961514712890654e+01,
       -6.4754237565642583e+01, -1.3109062820528629e+02,
       -2.5756489877917386e+02, -1.0579961256448530e+02,
       2.0430598808511982e+02, 9.4972339892956427e+01,
       -1.6345330463007443e+02, 2.7327533202654916e+01,
       6.9344530661014687e+01, 1.7795445427002650e+02,
       5.0531076171709159e+01, -1.4568676271237646e+02,
       1.0852325696891423e+02, 1.3801945604238991e+01,
       2.4980572777233201e+02, -2.2490572728755446e+01,
       9.2525722920341224e+01, -6.8056590536360162e+01,
       -5.1227325478034096e+01, 3.6230708085946667e+01,
       -1.2142174386078195e+00, -2.7084673303191448e+02,
       -2.5638740425470837e+02, 4.4314195425801426e+00,
       -1.9486544571635301e+02, 1.3250006715792711e+02,
       -5.1796694035743812e+01, 1.8858253906320266e+02,
       -1.5808332714574203e+02, -8.4069467185319454e+01,
       3.7093329304949933e+01, 1.8248486100332460e+01,
       1.7286332865982646e+02, -8.1195866003645172e+00 ]
covs: !!opencv-matrix
   rows: 48
   cols: 2
   dt: d
   data: [ 1.3944350395783558e+03, -3.6602178226640001e+02,
       -3.6602178226639990e+02, 2.6325702379489503e+03,
       2.1003520968878838e+03, -9.5830279330352411e+01,
       -9.5830279330352369e+01, 2.1811885046513121e+03,
       2.1091623770740930e+03, -2.8679276369733248e+01,
       -2.8679276369733238e+01, 2.2499061742764861e+03,
       3.4725426207806127e+03, 8.5376437515542352e+02,
       8.5376437515542375e+02, 3.4873784290237218e+03,
       2.5094827308682202e+03, 1.4696056942103667e+02,
       1.4696056942103672e+02, 2.3441852817816134e+03,
       1.9092081451877377e+03, 1.9565132935363164e+02,
       1.9565132935363170e+02, 2.1722801222683815e+03,
       1.4429569277507317e+03, -2.5915414535420524e+02,
       -2.5915414535420524e+02, 2.2277368120551391e+03,
       2.3778596123285602e+03, 1.5059964230905905e+02,
       1.5059964230905899e+02, 3.3699722204526629e+03,
       2.2951493124048179e+03, -4.8894158745129573e+02,
       -4.8894158745129556e+02, 4.1279631061749305e+03,
       3.6056675231555905e+03, -6.0848035533294126e+02,
       -6.0848035533294137e+02, 4.2810026194642751e+03,
       2.3348274906482125e+03, -7.4683812093440224e+01,
       -7.4683812093440253e+01, 2.2375321753508424e+03,
       4.0737357613533582e+03, -4.5447639891269398e+02,
       -4.5447639891269398e+02, 3.3145180482331198e+03,
       2.8581795644775602e+03, -5.3194600147137430e+02,
       -5.3194600147137430e+02, 2.4171577586180952e+03,
       1.2119078806691391e+03, 1.8664290401568314e+02,
       1.8664290401568314e+02, 1.6872846368624880e+03,
       1.8923760017897421e+03, -6.2656692465395599e+02,
       -6.2656692465395599e+02, 4.5530396485334149e+03,
       1.4799468245770699e+03, -1.5591838701553090e+02,
       -1.5591838701553093e+02, 2.0516837530956304e+03,
       2.1306941206714173e+03, -2.0721423140687506e+02,
       -2.0721423140687506e+02, 1.6481391932744193e+03,
       7.0202815516025312e+03, -9.6830034311141787e+02,
       -9.6830034311141787e+02, 3.5199976759644951e+03,
       2.6505353253696576e+03, -9.3415338532353246e+02,
       -9.3415338532353269e+02, 4.3950853195004483e+03,
       3.5253857435122991e+03, 4.4897936248707850e+02,
       4.4897936248707862e+02, 4.3032373354262563e+03,
       3.4417431755418725e+03, -4.8945878743060359e+02,
       -4.8945878743060354e+02, 2.8469056853532120e+03,
       2.6205269216297147e+03, -9.0714745365447527e+02,
       -9.0714745365447527e+02, 2.5231964673996349e+03,
       1.5040508474683647e+03, 6.4688519870991385e+01,
       6.4688519870991385e+01, 2.0122806912209396e+03,
       1.2172747057138126e+03, 1.4093388642198047e+02,
       1.4093388642198047e+02, 3.1167848140469528e+03 ]
weights: !!opencv-matrix
   rows: 1
   cols: 24
   dt: d
   data: [ 6.1466969355954304e-02, 3.8187728485494260e-02,
       5.1732861309426482e-02, 1.3576570852477881e-02,
       3.8618061358391138e-02, 5.3349525281995318e-02,
       5.3494345667421353e-02, 4.9710770315939221e-02,
       2.3233090527707733e-02, 3.1157399234314324e-02,
       4.6901324503378625e-02, 4.0438394060000507e-02,
       5.1990475542641974e-02, 4.8504632948473805e-02,
       2.1854155257599726e-02, 6.0127012377342005e-02,
       5.9760376748292633e-02, 1.4505474283482330e-02,
       2.5576543142844327e-02, 3.2276082907473684e-02,
       3.2982566135320107e-02, 3.5848922352191108e-02,
       6.7411561474946952e-02, 4.7295155876872087e-02 ]
pca_proj: !!opencv-matrix
   rows: 2
   cols: 21
   dt: f
   data: [ 1.02604255e-02, 8.46533298e-01, 5.67100069e-05,
       -5.08859605e-02, 4.68450844e-01, 1.89823491e-04, -5.55210514e-03,
       1.46431834e-01, -1.98076777e-05, -7.31809530e-03, 1.34976640e-01,
       -4.80776835e-05, -6.69380091e-03, 1.46460637e-01, -1.57161594e-05,
       2.11501210e-05, 1.32904761e-05, -3.16381829e-07, -1.62182951e-05,
       4.47223283e-04, 4.04881848e-06, 8.19958210e-01, 1.87153444e-02,
       -7.93817599e-05, 4.28530097e-01, 8.29724409e-03, 8.75842488e-06,
       2.28233948e-01, -2.37727305e-03, -1.84168690e-04, 2.08515689e-01,
       -1.20344283e-02, -2.14158339e-04, 2.18838796e-01, -7.27251405e-04,
       -1.84816250e-04, -3.05604735e-05, -5.04301033e-06,
       -1.27042276e-05, 6.79167337e-04, 1.30049409e-06, -1.63660501e-04 ]
pca_mean: !!opencv-matrix
   rows: 1
   cols: 21
   dt: f
   data: [ 4.33646118e+02, 2.44701981e+02, 1.49672687e+00,
       4.18191803e+02, 2.60206879e+02, 1.62062907e+00, 3.68545319e+02,
       2.27059875e+02, 1.69770968e+00, 3.19420807e+02, 1.63929108e+02,
       1.75046074e+00, 3.16613464e+02, 2.25532654e+02, 1.70717156e+00,
       1.08872897e-04, -9.74175637e-05, 6.24380555e-05, -2.17504916e-04,
       -2.50119597e-01, 1.75055194e+00 ]
gamma: !!opencv-matrix
   rows: 24
   cols: 1
   dt: d
   data: [ 8.1106685601688733e-01, 8.3837275710471082e-01,
       8.2750158754696246e-01, 8.7412398850891082e-01,
       8.6136854937373597e-01, 8.2916539927422173e-01,
       8.2168580079419951e-01, 8.5093266201090834e-01,
       8.9674986643923937e-01, 8.9191082331581906e-01,
       8.4794689784983290e-01, 8.8006274965569131e-01,
       8.5040729994437025e-01, 8.1301936323181578e-01,
       8.9039921404421951e-01, 8.2320691407761648e-01,
       8.0615806057286121e-01, 9.0666211012265197e-01,
       8.9343666346621398e-01, 8.9017753232452379e-01,
       8.7042567988551200e-01, 8.6330379340809515e-01,
       8.0217702578647110e-01, 8.5594656853723827e-01 ]
