%YAML:1.0
means: !!opencv-matrix
   rows: 7
   cols: 11
   dt: d
   data: [ -5.7576982918445914e+01, -1.0135450133110091e+02,
       9.8051649415316700e+00, 6.5600750806298848e+01,
       -7.3456992466451840e+00, -2.1943574642795265e+00,
       1.4076694373769316e+00, -6.9792958145539286e-01,
       2.8602443778109166e-01, -1.9373378183937681e-01,
       3.5618386502553126e-02, -5.3445262477171738e+01,
       -2.1738507661339764e+01, 1.6012177680768652e+01,
       1.5432799033076881e+01, 5.6114722312656582e+00,
       -7.5235831783117426e+00, -2.5803330312854877e-01,
       -8.2923519080302577e-01, -8.6569376201522830e-01,
       4.0221521902515883e-01, -9.0925174275133108e-02,
       8.1834351493936794e+01, 1.5693114372615080e+01,
       -2.4035019385520059e+01, -3.2077125964361144e+01,
       -2.6457870831861776e+01, -1.9584946585330830e+01,
       8.9873726877538607e-01, -2.3151987843624675e+00,
       2.0563132584467708e-01, -2.8028006436100664e-02,
       1.0518099636795993e-01, -1.8710875404795826e+02,
       3.2147654587588981e+01, 4.1042862142655395e+01,
       -1.6006947936101735e+01, -1.3371534073562866e+01,
       8.1057140567488091e+00, -1.3859589685809466e+00,
       3.0334497153914725e-01, 7.4204171054353910e-02,
       6.9501299778987571e-02, -3.1007701466593662e-02,
       1.3839148424465191e+02, -3.4481149005662526e+00,
       -4.6926817056948288e+01, -8.5898004992119681e+00,
       -7.9596349119912411e+00, 1.3439539832393439e+01,
       -2.1619796377987806e+00, -1.0417687915623817e+00,
       -1.5918726865472277e+00, 3.0902325157123289e-01,
       -8.7454670917859509e-02, 9.5655998236707021e+00,
       9.4302833378493958e+01, 4.3445212117538073e-01,
       -6.1038037366687021e+01, 8.2819136632982708e+00,
       -1.6816710137260295e-02, -1.1612698411633138e+00,
       8.3118055490029108e-01, -7.9731482645196183e-01,
       -9.5502924056995209e-01, -1.3866026474875612e-01,
       6.5146251742391755e+01, 6.4210967222453674e-01,
       -1.1800356073818039e+01, 3.6161843077707316e+00,
       1.1274388138973908e+01, 2.2484894144913237e+00,
       5.0303189365663092e-01, 8.0428317240184366e-01,
       3.9614134314457661e-01, 9.7833490174518718e-03,
       3.4352116293329342e-02 ]
covs: !!opencv-matrix
   rows: 77
   cols: 11
   dt: d
   data: [ 1.0241217718015159e+04, 3.7603535938584457e+02,
       1.9272858267145525e+03, 2.8563975205189229e+02,
       3.7098553313409451e+02, -2.3511628728565150e+01,
       6.9402641489523276e+01, 1.2688777183048543e+01,
       -2.4340929000473430e+01, 8.0967672558986319e+00,
       -1.8551834647402636e+00, 3.7603535938584446e+02,
       6.2403008053161984e+03, -8.5918610936450449e+01,
       2.1558962590665728e+03, -5.9144704810706806e+01,
       -3.0800937590556590e+01, 8.5123114500203755e+01,
       -2.0500240640469563e+01, -1.0586353763906537e+01,
       1.4001446906116163e-01, 1.1660941185456815e+00,
       1.9272858267145521e+03, -8.5918610936450463e+01,
       2.7664249644159740e+03, -6.7136575559735704e+01,
       -1.7083989295783195e+02, 3.2874020724839191e+01,
       -1.1556230820769306e+01, 6.5785298739126743e+00,
       4.4790424044623363e+00, 3.0212526478318606e+00,
       4.7512842403618277e-01, 2.8563975205189217e+02,
       2.1558962590665728e+03, -6.7136575559735718e+01,
       1.2016386397757196e+03, -7.8605842205782551e+01,
       -1.2223927937039716e+02, -4.2080329353002142e+01,
       7.6109089971815411e+00, 7.9825990591349001e+00,
       -2.1202666679095658e-01, -3.4708697680307204e-01,
       3.7098553313409451e+02, -5.9144704810706806e+01,
       -1.7083989295783195e+02, -7.8605842205782551e+01,
       1.2923014480368812e+02, -1.7789368652308443e+01,
       1.0057657986895338e+01, 3.4056359476886930e+00,
       -3.8470191545897019e+00, 1.0908386147460647e+00,
       -3.3249366297719912e-01, -2.3511628728565150e+01,
       -3.0800937590556565e+01, 3.2874020724839191e+01,
       -1.2223927937039716e+02, -1.7789368652308443e+01,
       4.8300062723636842e+01, 2.0656815934455459e+01,
       -7.8847554803599547e+00, -2.0727004188635489e+00,
       -5.3457355843685705e-01, 2.4852792620412423e-01,
       6.9402641489523276e+01, 8.5123114500203769e+01,
       -1.1556230820769310e+01, -4.2080329353002142e+01,
       1.0057657986895338e+01, 2.0656815934455455e+01,
       2.0389668360576195e+01, -1.3867297159913847e+00,
       -3.0802354259350655e+00, 5.8043889072267740e-01,
       9.0304470820279731e-02, 1.2688777183048536e+01,
       -2.0500240640469549e+01, 6.5785298739126752e+00,
       7.6109089971815438e+00, 3.4056359476886930e+00,
       -7.8847554803599538e+00, -1.3867297159913847e+00,
       1.4439593345057727e+01, -2.8877721414666477e+00,
       6.5497378724824062e-01, -2.8110303597660194e-03,
       -2.4340929000473427e+01, -1.0586353763906539e+01,
       4.4790424044623363e+00, 7.9825990591349001e+00,
       -3.8470191545897019e+00, -2.0727004188635481e+00,
       -3.0802354259350655e+00, -2.8877721414666477e+00,
       1.8347354378847032e+00, -2.5118571244775473e-01,
       -3.5137267696060653e-02, 8.0967672558986319e+00,
       1.4001446906116122e-01, 3.0212526478318598e+00,
       -2.1202666679095677e-01, 1.0908386147460647e+00,
       -5.3457355843685705e-01, 5.8043889072267740e-01,
       6.5497378724824062e-01, -2.5118571244775473e-01,
       3.9525398885604573e-01, -1.8846111057380033e-02,
       -1.8551834647402645e+00, 1.1660941185456817e+00,
       4.7512842403618277e-01, -3.4708697680307193e-01,
       -3.3249366297719912e-01, 2.4852792620412426e-01,
       9.0304470820279731e-02, -2.8110303597660194e-03,
       -3.5137267696060660e-02, -1.8846111057380033e-02,
       7.1804331763719422e-03, 8.7153784337027646e+03,
       -6.3065747645362315e+01, 2.1168302395441615e+03,
       5.1014463595014183e+02, -3.0252143672875269e+02,
       5.9208910160685650e+02, -1.3980831623944522e+02,
       -5.9677898644022314e+01, -5.2457105575316248e+01,
       1.8038629323537869e+01, -6.4398542114366775e+00,
       -6.3065747645362286e+01, 8.4573084125140122e+03,
       1.4121762136309260e+02, 9.2449937030689136e+02,
       1.3535356278091257e+02, -2.1481940416514610e+02,
       5.8190410089844093e+01, -3.0772250161527968e+01,
       -2.2240745746846741e+01, 2.9500844098628534e+00,
       9.8731237205237943e-01, 2.1168302395441615e+03,
       1.4121762136309260e+02, 2.7979394221148718e+03,
       -1.6161459705569422e+02, 7.1951323354803677e+01,
       -1.4461705721640945e+02, 1.6451279359737023e+00,
       -8.9685401666785491e+00, 6.2385263329940688e-01,
       -4.1799563589811655e+00, 2.6054841907276813e+00,
       5.1014463595014200e+02, 9.2449937030689125e+02,
       -1.6161459705569422e+02, 1.9566891781168108e+03,
       -1.1028219957294537e+02, 1.4225377473648714e+02,
       -6.0569524185160496e+01, 2.3640345687830933e+00,
       -3.9388349615433582e+00, 1.4633421442927972e+00,
       -3.8372745633128474e-01, -3.0252143672875269e+02,
       1.3535356278091265e+02, 7.1951323354803662e+01,
       -1.1028219957294537e+02, 1.9362348368397207e+02,
       -4.4161265514025722e+01, -3.4349075326740135e+01,
       -2.7328976539490533e+01, -1.2327038904576296e+01,
       2.8567880268340762e+00, 1.0842773335485629e+00,
       5.9208910160685662e+02, -2.1481940416514610e+02,
       -1.4461705721640951e+02, 1.4225377473648717e+02,
       -4.4161265514025722e+01, 2.1878236989773364e+02,
       4.2613021277685919e+00, -1.1283089214357865e+01,
       -6.5985651957651319e+00, 1.0161496689037017e+00,
       -1.2684280898567275e+00, -1.3980831623944522e+02,
       5.8190410089844114e+01, 1.6451279359737017e+00,
       -6.0569524185160496e+01, -3.4349075326740135e+01,
       4.2613021277685927e+00, 4.5295487637779111e+01,
       1.0967678674526628e+01, 8.1937187971215231e+00,
       -2.6514027539195753e+00, -2.6879161424375109e-01,
       -5.9677898644022306e+01, -3.0772250161527968e+01,
       -8.9685401666785509e+00, 2.3640345687830919e+00,
       -2.7328976539490540e+01, -1.1283089214357865e+01,
