%YAML:1.0
means: !!opencv-matrix
   rows: 15
   cols: 12
   dt: d
   data: [ 5.0546201192003402e+01, 3.5720780823396673e+01,
       -1.2640565225265354e+01, -2.2248188819080713e+01,
       -1.1351917704383763e+00, 7.6877295390807605e+00,
       2.3086448354425428e+00, 1.3282711843891606e+00,
       6.8168987077458831e-02, -3.9078495127936756e-02,
       2.6426845208200361e-02, 7.6489852754772743e-03,
       -4.2067665315128259e+01, -5.6121771746596831e+00,
       1.2411864662616308e+01, 8.0707584977510614e+00,
       3.1396770837472645e+00, 1.5143409214836550e+00,
       2.8977984159489751e+00, 1.4416390729949951e+00,
       7.9183732038100629e-01, -4.2243741915051580e-01,
       -2.0909185328394864e-01, 2.4939430706271665e-02,
       -1.9273740402058777e+02, 1.0340155841097175e+02,
       4.7843941824110793e+01, -6.0943806537971874e+01,
       3.6278848453591794e+00, -4.8910740515101301e+00,
       -4.6136738115149969e+00, 2.1027430430861824e-01,
       -6.6991733125099318e-01, 6.8586410475077561e-02,
       -1.0612760217868980e-02, 5.9917281722424837e-05,
       1.6209976143304124e+02, 1.2368660111276501e+01,
       -4.6093327854095307e+01, -2.5852819385588777e+01,
       9.7298394670990707e+00, -1.7401296483228119e+01,
       -4.3698896359278425e+00, -2.0246088242208229e+00,
       -9.5451168189772595e-01, -1.4702414107783401e-01,
       -2.0497083313209979e-01, -6.0135906500713654e-02,
       8.6118039131350912e+01, -3.4338345249044295e+01,
       -1.3892514171080760e+01, 2.3278843398018054e+01,
       1.4852985858542779e+01, 3.4998207238311076e+00,
       -4.9369951051428593e+00, -2.4683475134819535e+00,
       -2.5551318132623191e+00, -4.1928245654127838e-02,
       -9.0648440655633170e-02, 2.3157634476061357e-02,
       6.9313549952869124e+01, 1.4164574102276745e+01,
       -1.7017501916213700e+01, -2.8091175184757297e+01,
       -2.4456176553244095e+01, -4.5314575211530395e+00,
       3.2184508951178475e-01, -2.4227370821106402e+00,
       -8.3399337341014970e-02, 1.0507464411234646e-01,
       7.4633853618163673e-02, -2.4936328496769260e-03,
       -1.0289800808454243e+02, -8.6670849214621896e+01,
       2.1015957803673512e+01, 5.1816882194429205e+01,
       -6.9026372381039085e+00, -3.4426579216600284e+00,
       4.9017758866693445e-01, -6.9761417550845894e-01,
       3.3472425314733734e-01, -2.2940526690676137e-02,
       2.9382202683224324e-02, -2.1531617479846636e-03,
       1.3336179950728567e+02, 9.0583070565209436e+00,
       -3.3969150088050256e+01, -4.1247399814559343e-01,
       5.4946205953126928e+00, -7.9882400454392255e-01,
       8.4134511905238751e-01, 9.8106682594209194e-01,
       3.4478166302205504e-01, -8.6317655493466275e-02,
       -4.2227358403473324e-02, 1.4881514114269277e-03,
       7.8943990945650469e+01, -4.5893993115558267e+01,
       -2.0594901310141189e+01, 3.1042003395344008e+01,
       1.3181319375179239e+01, -1.4438688658200169e+00,
       -3.3999151062658655e+00, 1.6015549794812496e+00,
       9.9758693267471263e-02, -1.3360719833406565e-01,
       1.9431093535390107e-01, 3.8439282318175096e-03,
       -1.8042566726908456e+02, -3.0083328644765905e+00,
       4.0631163737156108e+01, 4.0005996605819423e+00,
       1.1936680875785742e+01, 1.0525217745115466e+01,
       -5.5148409804490939e-01, -5.5312902632746539e+00,
       -1.1324251339107474e+00, -9.6916979236363318e-02,
       -7.2766256653791619e-02, -8.0936075547109618e-02,
       4.9104450902946638e+01, -6.9620677633183789e+01,
       -1.2918045067323964e+01, 4.9357704624888221e+01,
       5.7984361564285898e+00, -2.6935370940558205e+00,
       6.0424688212226318e-01, 2.2927744255455781e-01,
       3.4656802726378921e-01, 2.1888118978783699e-01,
       1.3682421266657160e-02, -2.9007126659349892e-03,
       2.2411598808909961e+01, 1.0492129592267804e+02,
       -3.5138837546079066e-01, -6.1175097664869497e+01,
       1.2600807168953132e+01, 1.5007948967567786e+00,
       -2.8431245245307255e+00, 1.9262984561307908e-01,
       -4.7018118620910494e-02, -1.5649935643258925e-01,
       -1.3760029212954941e-01, 1.8295656292097728e-02,
       2.9764904304547418e+01, 9.7307330239982459e+00,
       -7.7546194027882978e+00, -8.2708693047173973e+00,
       -2.5918912941774219e+00, 1.8625819916758461e+00,
       -2.2596348152746215e-01, 4.1726271374592433e-01,
       1.8264028731246473e-01, 1.1321689511870632e-02,
       1.3004850867098028e-01, -4.7884390867455433e-03,
       -2.0295081103737342e+01, -3.5978679504612976e+00,
       1.8733700921081009e+01, 1.4156725809795111e+01,
       3.0263264764472551e+00, 1.9868719681774042e+01,
       -3.9870717167868452e+00, -4.8181286191842867e+00,
       -4.3343085375320607e+00, 5.9488716622819204e-01,
       -4.5235083698498324e-02, 7.0132139989453786e-03,
       -1.8426489487214539e+02, 2.3366268147781781e+01,
       4.5470671225580247e+01, -1.3202001863425661e+01,
       -2.8256552512928361e+00, -5.3579815047159212e+00,
       -5.3068303964675201e-01, 8.5053736730709517e-01,
       4.5689036062154115e-01, 7.0542901652367665e-02,
       1.8050185605106274e-02, 1.4418814203531168e-03 ]
