%YAML:1.0
means: !!opencv-matrix
   rows: 38
   cols: 6
   dt: d
   data: [ -7.3568479500074176e+01, 9.1701631402911588e+01,
       -4.9846031118880816e+01, -2.4920337527865676e+01,
       1.5223598548978982e+01, -3.1904535819448743e+00,
       1.2889158036531006e+01, -1.0771018539042322e+02,
       -1.8287471701051693e+01, -4.5051197849022316e+01,
       2.2516833664001844e+01, 4.3263700415676425e+00,
       8.4903475620558666e+01, -2.4959486720470064e+01,
       -2.8701925702031694e+01, 2.6102056982250463e+01,
       1.1709428054342938e+01, -8.3645808452834931e+00,
       1.0472154714955583e+02, 2.0049021528938205e+01,
       3.9759867100642623e+01, -9.6193831998316188e+00,
       -1.1509877335350525e+01, -7.5062101031266950e+00,
       -2.6194379987192332e+02, -1.9958360721001451e+00,
       -1.9256339698420515e+01, 6.4950007809077821e+00,
       -2.3093334996393433e+00, 4.5106065936810202e-01,
       1.1406686602180075e+02, 8.6016277452763305e+01,
       6.0565408723917116e+01, 2.7704186456834563e+01,
       1.4948555791124113e+01, -4.0580450888320092e+00,
       -1.0935737303108813e+02, 9.4728637619964559e+01,
       1.6792820824126149e+01, -5.1954739294403552e+01,
       -2.4417023834327152e+00, 4.2593348184904114e+00,
       9.0342562367237917e+01, -2.9976472861549556e+01,
       -5.4136505346426951e+01, -5.9660273092486840e+01,
       -9.7486131014600304e+00, -6.4814453856205578e-01,
       -1.7458508084142903e+02, 4.9310184565114831e+01,
       6.4185802833598942e+01, 1.4648025974009542e+01,
       -7.8766082798689165e+00, -8.0083078518278050e+00,
       -1.3083471212480555e+02, -5.0335793267114255e+01,
       3.8444052675101389e+01, 3.4578505189731032e+01,
       -1.4619843805205379e+01, 1.9200293552552001e+01,
       2.8681085665110885e+01, 1.2451389384934647e+02,
       -2.5916242003280303e+01, -5.8901535360514998e+01,
       -1.0624865727908904e+01, 2.1940376645403115e+00,
       7.6889580330406034e+01, -8.2457651636601277e+00,
       6.5399516465160046e+00, 8.7777308947234872e+01,
       4.8160276206908259e+00, 1.9269768386855418e+01,
       3.8913005159231929e+01, 6.8260650143409507e+01,
       -2.6471579204142898e+01, -5.7049416454501433e+01,
       -1.0330747265831159e+00, -4.8357294704278351e+00,
       -8.1395094030379596e+01, 9.5211152042862555e+00,
       4.2912029804329009e+01, 2.1874762748353551e+00,
       1.3743727703392659e+01, 1.2954066083243699e+01,
       -1.8372077188581514e+02, -1.2113391211151865e+02,
       5.5390254875862865e+01, 4.1662034387320737e+01,
       -3.3507503966419264e+01, -1.4299952995389305e+01,
       -1.5836609767105020e+02, -7.9261613092830373e+01,
       5.0465633181681468e+01, 4.1471352011693149e+01,
       -3.1893464693388911e+01, 2.7905236365258932e+00,
       1.6591199774089560e+02, 6.3296433404746068e+01,
       -4.3515904626861861e+01, -1.1183531897350998e+00,
       -8.5300270502221309e+00, -5.6273006967370831e+00,
       4.3457756128210718e+01, 1.8408881152154242e+02,
       -1.3041973229595628e+01, -1.7649501689003155e-01,
       -1.2143935308501921e+00, -6.3533468759180227e+00,
       1.9771320943967712e+01, 3.2338568662528324e+01,
       -3.7748764881268921e+00, 8.6213047031759409e+00,
       1.4112349657692370e+01, 4.8800771620022436e+00,
       7.5554273811656770e+01, -1.3819425847292612e+02,
       -1.0268121267376412e+01, 2.3167200126912853e+01,
       5.6393378636514688e+00, 2.3426971191539504e+01,
       1.3338420623567137e+02, -9.0373997159564283e+01,
       -2.7492620519091989e+01, 4.8650213275217013e+01,
       -2.3818017940299313e+01, -3.1847997961312862e+00,
       1.7660306341665649e+01, -1.4914598982058072e+01,
       -1.3942107002843450e+01, -2.6320021312037980e+01,
       -6.3431713905933895e+00, -2.4764335310692076e+01,
       1.4993848496855779e+02, -5.5891321078131590e+01,
       4.5773087869614670e+01, -3.6961710846909916e+01,
       9.7468603023528395e+00, 7.4976206571369908e-01,
       1.2050491637392469e+01, -1.1177892464284180e+02,
       2.6855508542929904e+01, 4.4346230359076976e+01,
       3.5547954175271919e+01, 4.2775325037761496e+00,
       1.5670149706878811e+02, 6.7520990429339847e+01,
       -3.6412373339659197e+01, 4.8485692017588086e+01,
       -1.2108161418362640e+01, -1.0272029039461572e+01,
       1.3618758578016823e+01, -2.2873506195247711e+02,
       9.2883182200926999e+00, 7.5978711661686660e+01,
       -1.6596568571055521e+00, -2.9065701580755661e+01,
       1.2160086508175097e+02, -1.7991793282915175e+01,
       -3.7975331735551769e+01, 2.4639207973721991e+01,
       -2.2008487160145314e+01, 1.2673878167166816e+01,
       -1.7666800493603955e+02, -5.1720660927411807e+01,
       3.9022552862559621e+01, -5.7191226690892449e+01,
       -7.7947578040136971e+00, -7.7438103377837386e+00,
       -1.3595559345081949e+02, -1.4874784356303937e+02,
       3.0132704669271508e+01, -3.0458081253193999e+01,
       -3.5196897285794408e+00, 7.0016634160039644e+00,
       -8.7692389271774076e+01, 2.3820362177559984e+00,
       -3.3381208882690196e+01, 1.4364698722471079e+01,
       3.6706691570480693e+01, -1.2031854885022208e+00,
       -1.3520745316061863e+02, 1.2981761861009761e+02,
       1.1419677328147200e+01, -5.3460131545902421e+01,
       -2.5222664002886852e+01, -4.6831138064697306e+00,
       1.0120442227264738e+02, -4.7933635352285549e+01,
       -2.0589578966718840e+01, 3.6150454867379459e+01,
       -2.7212253424759481e+01, 2.3031677080206343e+01,
       -8.7779215644422564e+01, -2.7878611642825884e+01,
       -5.8966100491561370e+01, 1.8983228606294382e+01,
       2.7712255841137274e+01, 3.9103332060011553e+00,
       -2.7504807596199811e+01, 2.0256183940923304e+01,
       -3.6909829703530278e+01, 1.2564293706360532e+01,
       -8.6515880680246884e+00, -8.4519451801849002e+00,
       2.3586014304857144e+01, -6.6666704186380244e+01,
       1.1675183617543865e+01, 4.1610146763033612e+01,
       -1.8802744896258968e+01, 2.7446973207590659e+01,
       7.9565625142927292e+00, 8.2172758458071442e+01,
       1.6691608491415725e+01, -3.5333230774963148e+01,
       2.0377461740165540e+01, -3.2033395809578264e+00,
       1.7715375236107255e+02, -5.5126424984207006e+01,
       -5.5811914482178111e+01, -8.5959970668846886e+00,
       -1.3428662157634095e+01, -9.2964068414432361e+00,
       1.5216207196939431e+01, -2.3779438411139576e+01,
       2.4613239362463894e+01, 1.4315921090255065e+01,
       3.8132836286615294e+01, -2.7137495047842033e+00 ]
