%YAML:1.0
means: !!opencv-matrix
   rows: 16
   cols: 3
   dt: d
   data: [ -2.0311698754228058e+01, -1.0064773003815571e+02,
       3.2774368579858553e+01, 1.2639322269586431e+02,
       3.4412327393057851e+01, 4.1182612101669385e+01,
       -1.8285911385356837e+02, -2.0406099359558518e+00,
       -8.8985308382547910e+00, 5.1824346846638548e+01,
       1.5823899508675854e+02, 1.2553794384051400e+01,
       9.3440848613198675e+00, -1.8791920062864335e+02,
       4.6908868585578762e+00, -5.6396993440018775e+01,
       9.5324603253510233e+01, -6.2458775202178458e+01,
       -9.6767128525848108e+01, -3.8272010099402976e+01,
       9.3505178711284557e+01, 2.1941553315214804e+02,
       3.1854431658845314e+01, 3.3605912652911002e+01,
       5.8466931697046668e+01, -8.9491804241776322e+01,
       -7.7283680703016671e+01, 1.5351140012869638e+02,
       -8.2551384220780747e+01, -5.0202584556735212e+00,
       6.2870709369291859e+01, 2.2521037494877874e+01,
       -4.6738698792480619e+01, 5.9801228615136857e+01,
       -7.7508986052053373e+01, 4.9798218139942108e+01,
       -2.2406116470380255e+02, -6.7179276690176351e+01,
       2.4930646070560286e+01, -1.4186144061090215e+02,
       1.5398180929351656e+02, 2.3945266610909538e+01,
       -7.7433856237816183e+00, 3.6232307120136319e+01,
       2.8614526265740153e+01, -6.3826624257264555e+01,
       -4.4529405782438168e+01, -3.4767407989154158e+01 ]
covs: !!opencv-matrix
   rows: 48
   cols: 3
   dt: d
   data: [ 2.5411446612999916e+03, -1.6656773379198253e+02,
       4.6696386447386101e+02, -1.6656773379198250e+02,
       2.2516654465270108e+03, 3.9870156275176527e+02,
       4.6696386447386101e+02, 3.9870156275176538e+02,
       1.3832383292783829e+03, 4.3083920494587583e+03,
       -7.7474555552088395e+02, -1.4178966966924365e+03,
       -7.7474555552088373e+02, 6.1817547021964301e+03,
       2.9658513557690664e+01, -1.4178966966924365e+03,
       2.9658513557690704e+01, 1.3461719024160122e+03,
       4.0229855118577207e+03, -7.2493207649326314e+02,
       6.4515566801722093e+02, -7.2493207649326314e+02,
       8.0253996010244537e+03, 9.4247248169366244e+01,
       6.4515566801722093e+02, 9.4247248169366230e+01,
       9.4773800939191267e+02, 5.0143784690937937e+03,
       -4.8554448766061142e+02, -3.7995244755008463e+02,
       -4.8554448766061131e+02, 3.9341784524298919e+03,
       6.4169542604615663e+02, -3.7995244755008463e+02,
       6.4169542604615663e+02, 1.7621822424479415e+03,
       4.3401215836237834e+03, -9.9742409988814620e+02,
       2.0502930229810722e+03, -9.9742409988814597e+02,
       9.3548543686659850e+03, 9.2252049513285590e+02,
       2.0502930229810722e+03, 9.2252049513285590e+02,
       1.7029093150522963e+03, 5.1400055270947105e+03,
       9.2746538929614047e+01, -3.4839159606118926e+02,
       9.2746538929614047e+01, 7.0573123300666157e+03,
       2.1813302311703598e+02, -3.4839159606118926e+02,
       2.1813302311703598e+02, 8.6319717799206035e+02,
       2.2049333568816473e+03, -1.7660453167251731e+02,
       2.2122005664693449e+02, -1.7660453167251740e+02,
       1.0596191273123341e+04, 5.4464286635592794e+02,
       2.2122005664693455e+02, 5.4464286635592794e+02,
       6.2349955512534370e+02, 3.6337965745381484e+03,
       -8.3691069234117822e+02, -7.7064547809660291e+02,
       -8.3691069234117833e+02, 8.9889838164722514e+03,
       5.6775207511082897e+02, -7.7064547809660314e+02,
       5.6775207511082886e+02, 5.5492484810223084e+02,
       3.7390642544651932e+03, 3.7092398140512540e+02,
       -5.6368617629505088e+01, 3.7092398140512529e+02,
       3.4224912067530640e+03, -3.5372328755342556e+02,
       -5.6368617629505067e+01, -3.5372328755342556e+02,
       1.2084844797988542e+03, 3.4945080623199310e+03,
       2.7928436774682581e+02, -2.5382661629849940e+02,
       2.7928436774682586e+02, 4.0311706598343867e+03,
       -6.2280095030822793e+02, -2.5382661629849949e+02,
       -6.2280095030822793e+02, 1.3344940183434826e+03,
       4.5750578676911255e+03, 1.0230793975006214e+03,
       7.3232728807725766e+02, 1.0230793975006214e+03,
       3.7059805492150253e+03, -3.6358850719714718e+02,
       7.3232728807725766e+02, -3.6358850719714724e+02,
       1.6522481624353068e+03, 1.7818326755432201e+03,
       -7.8609473898989847e+02, 7.5705697069598580e+02,
       -7.8609473898989847e+02, 8.7271727317052646e+03,
       9.2251612560265897e+01, 7.5705697069598580e+02,
       9.2251612560265912e+01, 8.6821964498577313e+02,
       4.0986578588367101e+03, -1.2129302991922214e+03,
       1.8155882724161925e+03, -1.2129302991922214e+03,
       9.2844320500449157e+03, 7.8444931074634940e+02,
       1.8155882724161925e+03, 7.8444931074634962e+02,
       1.4540175748851298e+03, 5.3910694093259617e+03,
       2.4125324007441279e+02, 1.8153894948730581e+03,
       2.4125324007441287e+02, 4.0459098347187032e+03,
       -7.4947432353791567e+02, 1.8153894948730585e+03,
       -7.4947432353791567e+02, 2.1525526540049536e+03,
       6.2708287060468210e+03, -1.4627539141358309e+02,
       -7.3818887045595761e+02, -1.4627539141358304e+02,
       3.5657395117863252e+03, 1.8993034986434506e+02,
       -7.3818887045595739e+02, 1.8993034986434509e+02,
       1.6489032883847094e+03, 1.7376842841606433e+03,
       2.9479989670409896e+02, 5.3241700665354278e+02,
       2.9479989670409896e+02, 9.9802965147925988e+03,
       7.8884278776988117e+02, 5.3241700665354278e+02,
       7.8884278776988117e+02, 6.5789267394215130e+02 ]
weights: !!opencv-matrix
   rows: 1
   cols: 16
   dt: d
   data: [ 2.0743638981866184e-02, 8.6600267455813854e-02,
       7.1519221617274781e-02, 5.8306902859905037e-02,
       2.4733175132351900e-02, 9.2092078785056139e-02,
       5.3517857864658569e-02, 4.3117783902909310e-02,
       7.0118164347532722e-02, 6.9546878607050153e-02,
       1.0368525487942473e-01, 4.9940676997446559e-02,
       6.9484557554906012e-02, 2.6341183007869189e-02,
       9.7433858170071802e-02, 6.2818499835849625e-02 ]
pca_proj: !!opencv-matrix
   rows: 3
   cols: 21
   dt: f
   data: [ 1.02604255e-02, 8.46533298e-01, 5.67100069e-05,
       -5.08859605e-02, 4.68450844e-01, 1.89823491e-04, -5.55210514e-03,
       1.46431834e-01, -1.98076777e-05, -7.31809530e-03, 1.34976640e-01,
       -4.80776835e-05, -6.69380091e-03, 1.46460637e-01, -1.57161594e-05,
       2.11501210e-05, 1.32904761e-05, -3.16381829e-07, -1.62182951e-05,
       4.47223283e-04, 4.04881848e-06, 8.19958210e-01, 1.87153444e-02,
       -7.93817599e-05, 4.28530097e-01, 8.29724409e-03, 8.75842488e-06,
       2.28233948e-01, -2.37727305e-03, -1.84168690e-04, 2.08515689e-01,
       -1.20344283e-02, -2.14158339e-04, 2.18838796e-01, -7.27251405e-04,
       -1.84816250e-04, -3.05604735e-05, -5.04301033e-06,
       -1.27042276e-05, 6.79167337e-04, 1.30049409e-06, -1.63660501e-04,
       -1.48704097e-01, -3.29387456e-01, -1.82470303e-05, 1.08596861e-01,
       1.49965823e-01, -1.77574475e-04, 1.29315495e-01, 5.12750924e-01,
       2.36419466e-04, 1.37444586e-01, 5.11233926e-01, 2.85520800e-04,
       1.36541247e-01, 5.06532609e-01, 2.30281497e-04, -1.19767010e-05,
       -4.37137305e-06, 1.85016711e-06, 4.23374237e-04, 1.63331581e-03,
       1.86568883e-04 ]
pca_mean: !!opencv-matrix
   rows: 1
   cols: 21
   dt: f
   data: [ 4.33646118e+02, 2.44701981e+02, 1.49672687e+00,
       4.18191803e+02, 2.60206879e+02, 1.62062907e+00, 3.68545319e+02,
       2.27059875e+02, 1.69770968e+00, 3.19420807e+02, 1.63929108e+02,
       1.75046074e+00, 3.16613464e+02, 2.25532654e+02, 1.70717156e+00,
       1.08872897e-04, -9.74175637e-05, 6.24380555e-05, -2.17504916e-04,
       -2.50119597e-01, 1.75055194e+00 ]
