%YAML:1.0
means: !!opencv-matrix
   rows: 20
   cols: 6
   dt: d
   data: [ 7.4838252751158052e+01, 1.2947840513382351e+01,
       -2.5700755320661511e+01, -3.1451730521101517e+01,
       -2.9333304449101576e+01, -1.5980755514871685e+01,
       5.0561092824125915e+01, 4.3492807066662181e+01,
       -7.3500648129247619e+00, -4.1839912946726294e+01,
       2.2544894081922244e+00, -1.9417501199175966e+01,
       9.0365452217194260e+01, -4.9897538330290324e+01,
       1.4507259988085703e+01, -1.3765417606350555e+01,
       1.0357530730338830e+01, 6.2642417464276932e+00,
       -9.1824803056267797e+01, -1.2634681797330201e+01,
       2.4743001260472919e+01, 8.4863140550403557e+01,
       -2.9990028738906180e+00, -4.5519217212118530e+00,
       7.6304159732272296e+01, 8.6654961242916443e+01,
       7.6944245247203495e+00, 4.0566627896419035e+01,
       9.7017213612822246e+00, -2.9791913618821325e-01,
       1.4120150179605551e+02, -7.3333045668910529e+01,
       -3.9587139914667908e+01, -2.6717093147688328e+01,
       -4.1141795151842020e+00, 1.4978314962977029e+01,
       -1.6341747714538524e+01, -3.2140149975643624e+01,
       1.0578382999943647e+01, 1.6378189632405089e+01,
       1.0958912994959203e+01, 1.0519324053293617e+00,
       -2.1932669735389359e+02, 5.6928656524125834e+01,
       5.2619356057204207e+01, -2.6101929409878782e+01,
       -1.6878424132744446e+01, 2.1142309435310420e+01,
       1.9542189964288653e+01, 1.5316854862094945e+02,
       -6.5054660547126075e-01, -8.6351660866830116e+01,
       1.6045336330786597e+01, 1.5511430420854959e+01,
       1.4918191678352420e+02, 4.9886933283767398e+01,
       -3.8985683242049603e+01, 2.7391293469279795e+01,
       -6.9108515567966338e+00, 1.0979020414567831e+01,
       -1.6156421846089950e+02, -1.6710055595566622e+01,
       3.8098682382212772e+01, 8.3545986541185435e+00,
       -2.2984867838876175e+00, -4.8248499574794090e+00,
       1.6566644294687404e+02, 3.1485962034352180e+01,
       -3.4203295492717707e+01, -2.0465646862895341e+01,
       -1.2005812455714306e+01, 7.4340891309378581e+00,
       -9.7296142790716601e+01, -1.4327019184094294e+02,
       2.1484355383891327e+01, 3.1644973806141316e+01,
       -1.0912656407409764e+00, -7.6145982590463679e-01,
       -2.0307372041247740e+02, 6.9914431593962590e+01,
       -5.1905670170010794e+00, -4.1323436978998700e+01,
       -1.1569356999533571e+01, -2.0663263892336499e+00,
       8.2845336494395269e+01, 1.7909688449510284e+01,
       -2.3012498591493298e+01, -3.2320441383105702e+01,
       -2.5647164481912831e+01, -2.0174111084105014e+01,
       -8.5323370529341844e+01, 4.8609035057187349e+01,
       7.2907261902634446e+01, -3.4092587878814456e+01,
       -6.9875057559497042e+00, -8.9221493789557798e+00,
       -1.7389681963266671e+02, -7.6546743341256009e+00,
       3.9369305272839618e+01, 1.4757559113719038e+01,
       -3.4543077045105615e+00, 1.8641294891434331e+01,
       5.2476172064084025e+01, -8.3919221757521996e+01,
       -1.6674398854171887e+01, 5.6551186947886798e+01,
       -3.5238542137066617e+00, 4.1177132183722698e+00,
       -5.4963133751846662e+00, 3.0267963687538515e+01,
       1.2875598516768928e+01, -2.3215932412775075e+01,
       3.7534431265152961e+01, -6.2424381729089919e+00,
       -2.6557116807603965e+01, -1.6823925689240440e+00,
       -6.9152396802218064e+01, 2.1060918863968019e+00,
       1.5042522251990729e+01, 2.1151352054282184e+00 ]
covs: !!opencv-matrix
   rows: 120
   cols: 6
   dt: d
   data: [ 5.2179484441416898e+03, -2.6062036544897586e+02,
       2.7842326082222576e+03, 5.1607690056868080e+02,
       1.3180591971161681e+02, 9.9478165940942390e+01,
       -2.6062036544897614e+02, 6.0599849095783866e+03,
       1.0604025698411131e+02, 2.3226694452082024e+03,
       -1.1956835432904884e+02, -2.2073486197434381e+01,
       2.7842326082222576e+03, 1.0604025698411128e+02,
       2.5622463387342145e+03, 2.0981099989495004e+01,
       -1.1341463012535033e+02, 3.0999601064065487e+01,
       5.1607690056868080e+02, 2.3226694452082020e+03,
       2.0981099989495000e+01, 1.2506839264479465e+03,
       2.3443984872666830e+00, -1.6125443508611276e+01,
       1.3180591971161681e+02, -1.1956835432904880e+02,
       -1.1341463012535031e+02, 2.3443984872666839e+00,
       8.3306857335218325e+01, 3.6860584640480504e+01,
       9.9478165940942390e+01, -2.2073486197434384e+01,
       3.0999601064065487e+01, -1.6125443508611273e+01,
       3.6860584640480504e+01, 1.0259484431937591e+02,
       6.9344422224552018e+03, 3.7971655660088277e+02,
       2.4777935908410950e+03, 8.1275373933769558e+01,
       -1.1842022139565854e+02, 2.1595057773453291e+02,
       3.7971655660088277e+02, 6.3819145497938407e+03,
       -2.2304250691257943e+02, 2.2241215732453115e+03,
       1.1101962123002308e+02, 3.3662979587903457e+01,
       2.4777935908410950e+03, -2.2304250691257943e+02,
       2.5478943374513187e+03, -2.4690789103929355e+01,
       9.9501096479322975e+00, -5.5238479825588357e+01,
       8.1275373933769529e+01, 2.2241215732453115e+03,
       -2.4690789103929376e+01, 1.0136958233373176e+03,
       -6.7241383893975993e+01, -1.8940914570234533e+01,
       -1.1842022139565853e+02, 1.1101962123002313e+02,
       9.9501096479322921e+00, -6.7241383893976021e+01,
       2.0250095132676614e+02, 1.5756526255884125e+01,
       2.1595057773453291e+02, 3.3662979587903457e+01,
       -5.5238479825588357e+01, -1.8940914570234533e+01,
       1.5756526255884125e+01, 1.4934398984469175e+02,
       3.7455204563895932e+03, 4.1444015167483161e+02,
       1.1417252811207945e+03, 3.7938757757910210e+01,
       -4.0177149203814372e+02, 4.9130427223311813e+01,
       4.1444015167483144e+02, 5.4955999257039803e+03,
       1.6910362189847550e+02, -2.9212959420349534e+02,
       1.3077073432514243e+02, -1.0045398032263429e+02,
       1.1417252811207943e+03, 1.6910362189847547e+02,
       1.5893981456225611e+03, -3.6885867355334888e+01,
       1.0093048677380315e+02, -2.6042227746208820e+01,
       3.7938757757910231e+01, -2.9212959420349534e+02,
       -3.6885867355334881e+01, 1.2249471569939394e+03,
       -1.1019026178585293e+02, 5.9735635545390323e+01,
       -4.0177149203814372e+02, 1.3077073432514243e+02,
       1.0093048677380314e+02, -1.1019026178585291e+02,
       2.3063934606848463e+02, 2.9199773225409835e+01,
       4.9130427223311813e+01, -1.0045398032263429e+02,
       -2.6042227746208816e+01, 5.9735635545390323e+01,
       2.9199773225409842e+01, 1.2208882531210465e+02,
       6.9527179084201180e+03, 4.0997092889195329e+02,
       2.7315319017790057e+03, -3.1412943382983127e+02,
       5.9419578270749969e+02, -5.2154411062213299e+01,
       4.0997092889195324e+02, 2.1381428092512010e+03,
       -2.0116964178094821e+02, 1.4072827790882320e+02,
       2.7468218883215235e+02, 1.2077669583156286e+01,
       2.7315319017790057e+03, -2.0116964178094827e+02,
       2.5356889877579424e+03, -5.5812991880266132e+01,
       -1.5856852330147157e+02, 1.9061913624978782e+01,
       -3.1412943382983138e+02, 1.4072827790882323e+02,
       -5.5812991880266146e+01, 5.3345740341412341e+02,
       -1.5340672172013660e+02, -5.5928598658872026e+01,
       5.9419578270749969e+02, 2.7468218883215235e+02,
       -1.5856852330147160e+02, -1.5340672172013657e+02,
       2.7007874409725952e+02, -5.1085209019550483e+01,
       -5.2154411062213313e+01, 1.2077669583156293e+01,
       1.9061913624978775e+01, -5.5928598658872026e+01,
       -5.1085209019550483e+01, 6.6494063616817158e+01,
       5.6651218495110934e+03, -1.6812664657073333e+02,
       1.5342004486355172e+03, -8.6210690489302038e+01,
       -5.6951406703380883e+02, 2.0882935385126692e+02,
       -1.6812664657073333e+02, 3.4452527387685836e+03,
       -1.5825993822252036e+02, -1.2805325474939568e+03,
       2.5976009377760823e+02, -7.7470262096768934e+01,
       1.5342004486355170e+03, -1.5825993822252039e+02,
       2.0291363892772306e+03, -6.8102965644783339e+01,
