%YAML:1.0
means: !!opencv-matrix
   rows: 47
   cols: 6
   dt: d
   data: [ -1.5480416877543161e+02, 2.3550858186472401e+00,
       7.8352798135319858e+01, -5.7464305144415757e+00,
       -9.0297480810835022e+00, -4.4571763358132550e+00,
       1.9359543757510949e+01, -2.3061626397411196e+01,
       -1.4495694392959022e+01, -2.2785659853844464e+01,
       -5.3682286794580927e+00, -2.6920064253601460e+01,
       5.5828859512187442e+01, -2.0316965594502111e+01,
       -3.9765175707182023e+00, 2.2914595863177016e+01,
       -8.7016208410605120e+00, 1.9999820500122198e+01,
       -6.9263121100154507e+01, 1.4438533895438278e+01,
       5.7290552920718461e+01, -1.2020646134424210e+01,
       1.1051812047571039e+01, 1.3051608497801894e+01,
       -1.7870342243483367e+02, -8.2684831445041397e+01,
       3.6927936841860721e+01, 2.6742107182099517e+01,
       -2.3493762880395977e+01, 9.6192256737452482e+00,
       6.9579007125197180e+01, -8.4642273523053397e+00,
       -5.2042200010847530e+01, -4.6331809766176420e+01,
       -1.0097865180203232e+01, 1.9465931475278192e-01,
       -1.0310779545371403e+02, -5.8839402433884011e+01,
       -1.6497389624830170e+01, 3.2782259413911319e+01,
       2.8483027281298472e+01, 1.2051438353948004e+01,
       2.3637083285547791e+02, 3.0739626449850372e+00,
       -3.0537407567164685e+00, 1.1890169985820600e+00,
       -1.5048132312847542e+01, -1.0035738088051007e+01,
       1.3870757847096255e+02, -9.4661642626310449e+00,
       -4.0970036098752427e+00, 1.0817739114736405e+01,
       6.5391856039165379e+00, -1.0372044599184553e+01,
       6.2254993347017056e+01, 1.2642840866614031e+02,
       -2.3907453553502730e+01, 2.5494853373597692e+01,
       -9.4592748464611116e+00, -3.7764570888113895e+00,
       -2.5238632780925215e+02, -3.5193054793211786e+01,
       -2.0561974378659876e+01, -1.4458582260641071e+01,
       -2.3621950534945402e+00, 1.1513853015195120e-01,
       3.6260752705842471e+01, -1.7665893894760043e+02,
       5.8893473865707406e+00, -7.8424957337207637e+00,
       1.3724487152953785e+01, 2.1607186499074615e+01,
       -1.6371912828563424e+02, -8.6962629767901618e+01,
       4.5464155853533114e+01, 4.1504169740138906e+01,
       -3.2320761147791586e+01, 2.3577820762374224e+00,
       -2.2720638342966308e+02, 8.6158659547894715e+01,
       1.5055619371691932e+01, 3.9957403677986640e+01,
       -1.3164134306531383e+00, -1.6512277964416666e+00,
       1.5726631307248592e+01, 1.2387725913764453e+02,
       -2.9020471218392025e+01, -5.7041539674513857e+01,
       -8.8536712750359463e+00, 1.5718704632193321e+00,
       1.6845896225838328e+02, 5.4884481627804760e+01,
       3.9814654371095656e+01, -2.9616098370647457e+01,
       -1.0746833764737056e+01, -3.4240053670981694e+00,
       9.3235169936916364e+01, -3.5616485768517833e+01,
       -2.1163296549419258e+01, 3.4086859078068230e+01,
       -2.9888009421492487e+01, 3.0634700094483971e+01,
       5.9082423855078275e+01, -8.6346655104612637e+01,
       6.1940789538750735e+01, 1.9297311549287301e+01,
       3.6655539015730120e+01, 8.8660386409351091e+00,
       -1.3542822612089498e+02, 1.2976986903434036e+02,
       1.1458465883164422e+01, -5.3404452597070197e+01,
       -2.5211992174667188e+01, -4.7234187757038217e+00,
       3.1432201352873243e+01, -1.1766794866487363e+02,
       -5.8785323676671332e+01, -3.2282158733626353e+01,
       1.6292509544680740e+01, -1.4308547532924305e+00,
       1.6019934073710004e+01, -2.2878777428979973e+02,
       9.5566381276527892e+00, 7.5350335418675357e+01,
       -2.1713913835028058e+00, -2.8638614856776179e+01,
       1.4649349821557612e+02, 8.2191938273406009e+01,
       -4.3917435925792667e+01, -2.0040918321730157e+01,
       -8.9654490786180130e+00, -1.5159510558506579e+00,
       1.3360015165548329e+01, 8.6592988321370868e+01,
       2.6328977929420390e+01, 4.5585249073301704e+01,
       2.3198532683390511e+01, 1.7345495897281402e+00,
       7.8937078655187619e+01, -7.1261852766828710e+01,
       -1.1843640255749399e+00, 5.8856493787285054e+01,
       6.7148591043302268e+00, 2.1204776384292884e+01,
       1.0374330537277656e+02, -2.9994441700701906e+01,
       -2.6733642796551667e+01, 2.9509216298131129e+01,
       -2.7584982267019488e+01, 1.6765181477859791e+01,
       1.0388820657533199e+02, -5.6079279753997000e+01,
       -2.2770137320788614e+01, 3.8757457815374728e+01,
       -2.4788135705527171e+01, 1.8008965379906211e+01,
       -9.8864865891259726e+01, -3.1490516952477428e+01,
       2.8198607057508447e+01, 3.5790564994643375e+01,
       -2.4560319964933326e+00, 2.6678656596803876e+01,
       5.5300511171555158e+01, 1.7694134917443040e+02,
       -4.0355293327835078e+00, -5.3547964542796267e-01,
       3.5675245395339011e-01, -9.1821653118067807e+00,
       -1.9084858297506949e+02, -8.1444288329343067e+01,
       6.0575613942932840e+01, 5.6416411871321614e+01,
       -3.2492736075172154e+01, -1.3362842964282745e+01,
       -1.5706409125938253e+01, 5.7187603877206818e+01,
       6.7461866686041123e+00, -3.0618718000683124e+01,
       2.4815877842094363e+01, -2.5374049769060205e+00,
       9.1045611985200082e+01, 3.7711884644301811e+01,
       1.2352619909488360e+00, -7.7486950808170022e+01,
       -2.5738601112955060e+00, -4.9222520636194362e+00,
       -1.0593920531934475e+02, 9.4149791270511486e+01,
       1.4608048150623240e+01, -5.1234762451300121e+01,
       -6.6776409742917697e-01, 5.1515671423316451e+00,
       -1.0703491037258010e+01, -8.7203653990584129e+01,
       9.8503402264213236e+00, 2.4391052968495085e+01,
       -9.0415574716073479e+00, -1.8850713070273613e+01,
       5.7262545120911398e+01, -4.7603335550807664e+01,
       3.9072141001449772e+01, 9.6236450990230491e+00,
       3.3545175098739463e+01, -1.5159145459807988e+00,
       -2.6314693623429646e+00, 9.8316782587828769e+01,
       4.9041302586450723e-02, -3.9695707952048352e+01,
       1.4647964293905995e+01, -2.3290403353325320e+00,
       -5.4617251685812114e+01, 7.9669278379241888e+01,
       -7.3514832779029348e+01, -3.1693284611668847e+01,
       3.9391642730216923e+00, -5.3490382942088699e+00,
       1.2019922674011157e+02, 1.2368410785023882e+00,
       -8.1713671230528675e+01, 2.3170133970050074e+01,
       -1.1720724530639433e+01, -1.0070535209956242e+01,
       1.1868303906510963e+01, -2.9332247274008477e+01,
       6.7691682076208159e-01, -2.7693007652370746e+01,
       1.7774480989269605e+01, 5.2054799514647394e+00,
       -1.7971310900097305e+02, 4.9071952717041334e+01,
       3.5170840485702342e+01, -3.7626971467043475e+01,
       -9.8007293003169274e+00, -1.6592150537666463e+01,
       -3.3536052717017046e+00, -1.1308945420797318e+01,
       -7.0829664748685971e+01, 3.2293796762136388e+01,
       1.9118279204369170e+01, -6.3715426572751435e+00,
       1.3273906815955041e+02, -8.8301476810614560e+01,
       -2.7550015308505266e+01, 4.9374587441001950e+01,
       -2.3794309344418711e+01, -3.0927496276322000e+00,
       -2.6832804727511408e+00, -1.3959148993934460e+02,
       3.1999661435577892e+01, 5.9545118305507287e+01,
       3.2876305161663602e+01, -1.4992975042926737e+01,
       -1.7974420335446149e+02, -2.1590039167824452e+02,
       3.7036060238275205e+01, 3.6078722522386757e+00,
       -3.5864033509207971e+01, -1.5338282159501766e+01,
       -1.6181482424624215e+02, -1.0998856509123981e+02,
       4.0267075165510335e+01, -6.0920121105667320e+01,
       -6.0684554630060017e+00, -3.7624721403881720e+00,
       -6.3136609993864496e+01, 8.4723636796594903e-01,
       -2.7144924166530860e+01, 5.9792036059121465e+01,
       3.9072342803214831e+01, -1.5366069169676291e+00,
       -1.6777703774141617e+01, -1.2602484958971164e+01,
       2.9072301819114434e+00, -8.3246985232752433e+00,
       3.5857169357071577e+01, -7.6899449508764910e+00,
       -1.6457778668959605e+01, -4.0509151284610141e+01,
       9.5415780954535293e+01, -2.6773034522131205e+00,
       5.4718050201173742e+00, 1.5797881193951891e+01 ]
