%YAML:1.0
means: !!opencv-matrix
   rows: 39
   cols: 2
   dt: d
   data: [ -5.9815330204047882e+01, 2.2744585679371334e+00,
       1.7243288270390678e+02, -4.1240333483314842e+01,
       -1.5019579060533096e+02, -1.0702158429805398e+02,
       3.4438309116928473e+01, 2.0741191050802726e+02,
       -2.0647485551754588e+02, 1.2231839310573095e+02,
       1.5695133881290477e+02, 1.0105183642536940e+02,
       5.3511754320235717e+01, 8.4792237707086997e+00,
       6.4832804499875863e+01, -1.5047512239534376e+02,
       2.4084756831661585e+02, -1.4337301348581784e+01,
       5.0313084499306576e+01, -7.3963463252996632e+01,
       -1.9061603658555691e+02, 3.8874847243481177e+01,
       4.8474635230196499e-03, -1.1929786350006421e+02,
       -1.5431083379438044e+02, 1.9888335136150167e+02,
       -4.6260565986558653e+01, 8.4515071380514897e+01,
       -1.0705060456797945e+02, 3.8860477385614878e+01,
       -7.3482961479520100e+01, -9.3112738630097567e+01,
       8.3098652435841757e+01, 1.2116817906059305e+02,
       2.0904211818762172e+02, -1.1762393726957970e+02,
       -5.5112099349418342e+00, 1.7940923448532022e+01,
       -2.6158602980992282e+02, -1.1903925728751237e+02,
       1.6894942468149108e+02, 2.4612726920434479e+01,
       -2.8076794669684136e+02, 2.0802592041053320e+01,
       1.4024558909620865e+02, 1.7354802759068457e+02,
       -2.1067698798509133e+02, -1.8182984996510089e+02,
       -7.9783181708107008e+01, -1.7453836717408333e+02,
       2.5133891123804000e+02, 6.8005843924863001e+01,
       -6.1821047980556632e+00, -4.4895908200644449e+01,
       1.5199474048125907e+02, -1.4971414984689576e+02,
       1.0277674114866635e+02, -2.8042420166333905e+01,
       -1.4993895657029666e-01, 1.4093980208757688e+02,
       3.0705425399606348e+01, 6.8067718740962718e+01,
       1.0753726905519763e+02, 4.8124106480298970e+01,
       -4.6467294515704410e+01, -2.7900202446373129e+02,
       7.4077971273565510e+01, -2.4798141106623092e+02,
       -2.2009487584855307e+02, -4.4767039178340156e+01,
       -1.1439162628336859e+02, 1.1379877047385504e+02,
       -1.2233087032842383e+02, -3.2868896186768261e+01,
       -6.4656780445854281e+01, 1.7847909768554433e+02,
       1.1697712263272105e+02, -9.9818821440074913e+01 ]
covs: !!opencv-matrix
   rows: 78
   cols: 2
   dt: d
   data: [ 9.1222127541528778e+02, 1.7721038207452671e+02,
       1.7721038207452676e+02, 1.2124924640537947e+03,
       1.0449397415597352e+03, -9.5890765456107374e+01,
       -9.5890765456107374e+01, 1.5178725763423506e+03,
       1.6086996709353596e+03, -2.5583898816708009e+02,
       -2.5583898816708006e+02, 1.1418865738215522e+03,
       2.4934751214783723e+03, 3.1453247905833854e+02,
       3.1453247905833865e+02, 2.4973694621576110e+03,
       4.0049791544934919e+03, 5.4727731746436682e+01,
       5.4727731746436653e+01, 1.7211954585280159e+03,
       1.5591389864928562e+03, -1.8015378731386386e+02,
       -1.8015378731386380e+02, 1.8135802922298647e+03,
       7.4125105237355058e+02, 1.0159547225109020e+02,
       1.0159547225109024e+02, 1.0454178765651548e+03,
       1.5863129265148509e+03, 5.5582730412971910e+02,
       5.5582730412971910e+02, 1.7508659029103956e+03,
       2.2367829174754356e+03, -1.2184545564480043e+03,
       -1.2184545564480043e+03, 2.9474140239913418e+03,
       1.0652992567983397e+03, 7.1920875692058090e+01,
       7.1920875692058075e+01, 1.4030307236784356e+03,
       1.3742057163519139e+03, 4.5563020101301355e+00,
       4.5563020101301390e+00, 1.6917983695393154e+03,
       9.6770201214750421e+02, 8.0086334109410416e+01,
       8.0086334109410416e+01, 1.4449760684276196e+03,
       4.8277756403898838e+03, 7.1658015729883368e+02,
       7.1658015729883368e+02, 2.8778398696414001e+03,
       1.3778559857017390e+03, 5.3040716754314651e+01,
       5.3040716754314680e+01, 1.3369022003245616e+03,
       1.0767458222706048e+03, 1.4776984821819124e+02,
       1.4776984821819124e+02, 1.0211086800212181e+03,
       1.1227749610443489e+03, -1.2409373812472253e+02,
       -1.2409373812472258e+02, 1.4687177396686011e+03,
       1.3470538325074472e+03, -3.2828805046436244e+01,
       -3.2828805046436237e+01, 1.7135202592102244e+03,
       2.7611355981964748e+03, 6.4827821358480605e+02,
       6.4827821358480605e+02, 2.8035090579194739e+03,
       7.0748468528265334e+02, -1.6558631961732053e+02,
       -1.6558631961732053e+02, 1.2509959032850657e+03,
       2.3496746405453532e+03, -9.3659047183146413e+02,
       -9.3659047183146413e+02, 2.8852668369332500e+03,
       1.5338350782276877e+03, 2.1426065165655839e+02,
       2.1426065165655839e+02, 1.7432079661998621e+03,
       1.7155407463466131e+03, -1.6783092836908469e+02,
       -1.6783092836908469e+02, 2.6168037513538870e+03,
       3.1086372815306268e+03, 2.4818393138419520e+01,
       2.4818393138419566e+01, 2.3916266912686897e+03,
       3.3953301005037561e+03, -5.8138999516838204e+01,
       -5.8138999516838226e+01, 3.3227390116920692e+03,
       2.4152384049927505e+03, -3.4113771525427512e+02,
       -3.4113771525427507e+02, 1.5836804797013449e+03,
       1.8617916312674586e+03, 6.2624799561345810e+01,
       6.2624799561345860e+01, 3.5408478742346119e+03,
       1.2176492184434783e+03, 9.1131040876831307e+01,
       9.1131040876831307e+01, 9.5570024678784489e+02,
       2.1739328241395615e+03, 1.4122570571452195e+03,
       1.4122570571452195e+03, 2.3280579729886845e+03,
       7.9348599604786341e+02, 7.2851463330991038e+01,
       7.2851463330991038e+01, 1.2766605205337692e+03,
       1.3780993310144793e+03, 2.0999047288742048e+02,
       2.0999047288742054e+02, 1.6848588572838203e+03,
       1.0155964702756091e+03, 6.8501156424414063e+01,
       6.8501156424414077e+01, 1.1315720540767243e+03,
       9.8778757933294582e+02, -2.6057721746258903e+02,
       -2.6057721746258903e+02, 1.2227904067573334e+03,
       3.3582687589535722e+03, -1.2006834860989604e+03,
       -1.2006834860989604e+03, 3.1914397336089878e+03,
       2.4258509059864987e+03, -1.1959917420653933e+03,
       -1.1959917420653933e+03, 4.0235344232495299e+03,
       1.4796337853293705e+03, -6.6879628761224224e+00,
       -6.6879628761224277e+00, 1.8017583720475702e+03,
       1.7998468360552640e+03, 1.3568408260988619e+02,
       1.3568408260988619e+02, 1.9383228255263145e+03,
       1.6019314700392333e+03, -1.7667625996215330e+02,
       -1.7667625996215335e+02, 1.1105577949453796e+03,
       1.5217502453159284e+03, 2.0894864344333627e+02,
       2.0894864344333624e+02, 2.8763696697283494e+03,
       1.2977219160042441e+03, 1.8307688163161185e+02,
       1.8307688163161183e+02, 1.1412094847780279e+03 ]
weights: !!opencv-matrix
   rows: 1
   cols: 39
   dt: d
   data: [ 3.6066753391577916e-02, 2.7728617022258782e-02,
       2.2088726029826190e-02, 1.9231257695357853e-02,
       1.7302081498196818e-02, 2.1374988423152209e-02,
       4.1204925041794745e-02, 2.8823853592020207e-02,
       1.4931707877186838e-02, 3.9086590765819329e-02,
       2.9379721128823939e-02, 2.9501374134470227e-02,
       1.7395606336126034e-02, 3.5660381390011965e-02,
       3.1148899073724139e-02, 3.3168304576868243e-02,
       3.1675632750648282e-02, 1.8808228729505543e-02,
       3.3677319832132104e-02, 1.6268504851075689e-02,
       2.7656452425029773e-02, 1.6013069733524739e-02,
       1.6722514233550281e-02, 1.2753683823046253e-02,
       2.2975342891967131e-02, 1.7016153406594590e-02,
       3.4513361751106732e-02, 1.6962163821950021e-02,
       3.8884363589475952e-02, 2.6479633313129268e-02,
       3.7291051814074182e-02, 3.8733464635039565e-02,
       8.4860029646266748e-03, 7.6542462876729002e-03,
       2.1465750944995882e-02, 2.6583466643902563e-02,
       3.2825795523320545e-02, 2.3563035966339008e-02,
       2.8896972090042258e-02 ]
