%YAML:1.0
means: !!opencv-matrix
   rows: 21
   cols: 8
   dt: d
   data: [ -9.5645242447379673e+01, -3.8070282376886475e+01,
       8.3636275382645138e+01, 1.2761647529682490e-01,
       -5.0470185107819709e+00, 8.2714888633494041e+00,
       -2.6900571835152820e-02, 8.4969604571992707e-01,
       1.7573617386154845e+02, 5.7975115140181536e+01,
       -3.2756056917525598e+01, 5.8769237220156043e+01,
       -1.2930480246009257e+01, -5.0879691683749817e+00,
       2.8046401988270553e-01, -2.2564675624750818e-01,
       1.0613788093267912e+01, -2.3133761334139109e+01,
       -4.2837674166012949e+00, 5.0867108104741643e+00,
       -6.9155160462813043e+00, -5.6478850982925666e+00,
       -8.4198662385903378e-01, -4.1169094785732746e-01,
       -2.7218693907134459e+00, 5.8980801788254965e+01,
       5.4988961601233513e+00, -2.3892032597481801e+01,
       2.8254506369431667e+01, -6.9178704243145352e+00,
       -2.8141418504265041e+00, 2.2222525489236503e-01,
       1.5467836179526506e+01, 2.2878029148258254e+00,
       -1.5152441977468920e+01, -3.0301419342768252e+01,
       -5.7772803902660756e+00, -2.0987570394960262e+01,
       -2.8275336218085361e+00, 1.9384632448401553e+00,
       -2.0112974100948594e+02, -4.2040925256883114e+01,
       2.2354265814976126e+00, 2.1915761452538501e+01,
       -1.5908287182661021e+00, 9.3563593761041126e+00,
       4.9794555676406765e-01, 1.0866231265312296e+00,
       -1.0052250328724659e+02, -2.8929567765148906e+01,
       4.1388693038594447e+01, -9.9242297544542666e+00,
       5.2507060410533200e+00, -1.2261591535373434e+01,
       -1.1934202253061261e+00, 2.1704326219878625e-01,
       6.7223115190548313e+01, -7.2492823782408536e+01,
       -2.5275242402821778e+00, 4.7184007915459503e+01,
       -4.6592665704421963e+00, 2.5737395601241580e+01,
       2.4529187878072984e+00, 5.6313282393783592e-01,
       9.9255016722601141e+01, -4.5490758601280497e+01,
       -2.1846533273246447e+01, 3.6701604369441057e+01,
       -2.7568324527855612e+01, 2.3600140881694585e+01,
       1.1393681428242823e+00, 1.3201851792967325e+00,
       -2.9693107327732577e+01, -1.5240219889700880e+01,
       -4.8887573527547275e+01, 1.6050850856927610e+01,
       2.3408562898280216e+01, -3.3565417526095992e-01,
       1.0979799860842063e+00, -4.8781596512534819e-01,
       3.2103393438543378e+01, 1.2545137129591542e+02,
       -2.7624348457221984e+01, -5.2675840454325154e+01,
       -8.9616175767283952e+00, 1.6574962032274028e+00,
       2.2309536000239807e+00, -2.1786982556046106e-01,
       -3.7219356590133401e+01, 9.4764324065277293e+01,
       -3.8300045227706430e+00, -4.9250659641555124e+01,
       5.6118808517201755e+00, 1.2012255323325757e-01,
       1.8304250958015367e+00, -4.3256911557812772e-01,
       -1.5224900594584469e+02, 1.1547773446263723e+02,
       1.6813613893357651e+01, -5.1233439144795312e+01,
       -2.3809722500071366e+01, -4.9135789134121408e+00,
       -5.2505684566923860e-01, -3.8774741245789612e-01,
       1.1663325032853642e+02, 5.4268306294207555e+01,
       -3.1081195926382069e+01, -1.1726743570398302e+01,
       -7.4324189174077624e+00, -1.1748609408944006e+01,
       -3.3912044450429031e+00, 4.2576856859387124e-01,
       1.7482809141139316e+02, -7.3291207482780607e+01,
       -5.1991694765202610e+01, -4.6138964566324852e+00,
       -1.4259385384559316e+01, -2.0179892125277412e+00,
       5.3000582494103043e-01, -3.2412419490487399e-01,
       1.3814122089905052e+01, -2.3610539799839660e+02,
       9.1457191269876095e+00, 7.5615423500144672e+01,
       -1.1737268796323426e+00, -3.1081342379414206e+01,
       -3.1264749708524140e+00, -1.3107589446463821e+00,
       -2.7964582947131478e-01, -1.0302802520764105e+02,
       2.1766327645719898e+01, 3.9554618342673947e+01,
       3.3826407045291077e+01, 7.9711153481655730e+00,
       1.6226344455124775e+00, -9.1475809058438928e-01,
       -1.7511887446315961e+02, 4.1233928482671757e+01,
       3.3159664381304850e+01, -2.8586330535195096e+01,
       -3.4221525598239131e+00, -2.7976732509321955e+00,
       3.4022819811284566e-01, 8.7888984812726056e-01,
       8.5238041579438203e+01, -1.7399363310981517e+01,
       3.4042617527291284e+01, -2.5706800052913925e+00,
       1.9226240958169782e+01, 2.7885096339978271e-01,
       7.7075000743769273e-01, -7.1754549634682629e-01,
       9.4920191216462428e+01, 2.2108412472702234e+01,
       -2.9075524365717797e+01, 2.1030288395024126e+00,
       -9.2462696529697261e+00, -6.2874921562177510e+00,
       -8.8152650313350456e-01, -7.1418397949060053e-01,
       -1.6951684603877308e+02, -1.1477974699042575e+02,
       4.7982630906854943e+01, 4.1148675196415027e+01,
       -3.3523030968355712e+01, -3.3597931334262539e+00,
       -3.8532193510919539e+00, -7.3813942520458842e-01 ]
