%YAML:1.0
means: !!opencv-matrix
   rows: 8
   cols: 6
   dt: d
   data: [ 6.8956922160769622e+01, 6.6466579552535805e+00,
       4.0898319919588985e+01, -1.6510525761858805e+01,
       2.1583507841956013e+01, -8.6352344410186987e-01,
       1.2025196874317172e+02, 9.9793393733639153e+00,
       -3.2839978178925513e+01, 5.1639627337564242e+00,
       -9.6526236275193646e+00, -8.0118504969995694e+00,
       -4.8250896525513852e+01, 9.0094580326414668e+00,
       -4.0410999210952426e+01, 4.1515671110730956e+00,
       2.5147256599078030e+01, -8.2791419133525501e-01,
       -1.4446110450278954e+02, -7.0979936331887856e+01,
       4.3858570541182438e+01, 2.3233230611567091e+01,
       -1.2796741370461882e+01, 4.6763206193350202e+00,
       3.4579216077636048e+01, -1.2121524741788843e+02,
       6.8599668376195293e+00, 5.3418842083043543e+01,
       6.1049470418787521e+00, 5.9050591568477087e+00,
       -9.3382488917462734e+00, 1.2444370382941169e+02,
       -1.7052124289484876e+01, -5.3856631411609150e+01,
       -1.1866845521953667e+01, -9.6911673651784450e-02,
       9.9675330332025965e+01, -4.4941041789417184e+01,
       -2.2027915941295920e+01, 3.7502848243177240e+01,
       -2.7104241304557238e+01, 2.2941241878227913e+01,
       -1.5657740825250144e+02, 4.0141303520936951e+01,
       3.1596884080857102e+01, -2.9097933427837265e+01,
       -3.0554677139878428e+00, -2.6401952261533643e+00 ]
covs: !!opencv-matrix
   rows: 48
   cols: 6
   dt: d
   data: [ 3.2445260560076849e+03, -2.2026678045181779e+02,
       4.4023097237411690e+02, -2.2556804339746566e+02,
       -2.2768905600179045e+02, -1.4869514250703767e+02,
       -2.2026678045181779e+02, 1.0158700149190479e+04,
       2.8746014540351234e+02, 9.6096041073409015e+02,
       -5.1399227164984541e+02, -2.8339007900484916e+02,
       4.4023097237411690e+02, 2.8746014540351234e+02,
       1.0794342439406119e+03, 4.8272548877145118e+02,
       1.1813969708823245e+02, 7.5877971933013470e+01,
       -2.2556804339746560e+02, 9.6096041073409015e+02,
       4.8272548877145118e+02, 2.1595115785051744e+03,
       2.2149701464510144e+02, -6.6702918727216822e+00,
       -2.2768905600179045e+02, -5.1399227164984541e+02,
       1.1813969708823247e+02, 2.2149701464510144e+02,
       2.4807154972208815e+02, 1.8404575445180541e+01,
       -1.4869514250703770e+02, -2.8339007900484916e+02,
       7.5877971933013455e+01, -6.6702918727216822e+00,
       1.8404575445180541e+01, 1.3605473605787284e+02,
       9.0118451771601103e+03, -4.8474886610207284e+02,
       1.9610708242828694e+03, -7.8560264873636172e+01,
       -1.5346666153679780e+02, 1.6564797531918401e+02,
       -4.8474886610207301e+02, 8.5922543981620729e+03,
       5.2999336466997204e+02, 1.5952334891249329e+03,
       5.6139225754959682e+01, 8.7668287845652429e+01,
       1.9610708242828694e+03, 5.2999336466997204e+02,
       2.6316232063212378e+03, -1.7022860250139524e+02,
       -7.3131083391745022e+01, -1.1321364562833250e+02,
       -7.8560264873636172e+01, 1.5952334891249327e+03,
       -1.7022860250139524e+02, 2.1603779322360319e+03,
       2.4948410880613931e+01, -8.6119470684674027e+01,
       -1.5346666153679774e+02, 5.6139225754959661e+01,
       -7.3131083391745037e+01, 2.4948410880613924e+01,
       7.5058583857038812e+01, -3.3436882127046204e+01,
       1.6564797531918404e+02, 8.7668287845652415e+01,
       -1.1321364562833253e+02, -8.6119470684674013e+01,
       -3.3436882127046204e+01, 1.3389122131173758e+02,
       3.3146499008653809e+03, -4.0590939031805851e+02,
       3.1660907535239352e+02, -1.2605886671739219e+02,
       -2.0706440924059726e+02, -2.7329608417657482e+02,
       -4.0590939031805834e+02, 9.9923482498202957e+03,
       2.1029339672008214e+02, 1.0120129558716084e+03,
       -4.2692143402670348e+02, -2.7305089282913605e+02,
       3.1660907535239357e+02, 2.1029339672008220e+02,
       1.0611822186677125e+03, 5.2319793620593191e+02,
       9.1428705465252591e+01, 2.9157843659922023e+01,
       -1.2605886671739215e+02, 1.0120129558716085e+03,
       5.2319793620593191e+02, 2.2146136232708964e+03,
       2.1040205214478698e+02, -1.2121069260903917e+01,
       -2.0706440924059720e+02, -4.2692143402670348e+02,
       9.1428705465252605e+01, 2.1040205214478704e+02,
       2.2015961228746855e+02, 1.3610258736305122e+01,
       -2.7329608417657488e+02, -2.7305089282913616e+02,
       2.9157843659922030e+01, -1.2121069260903912e+01,
       1.3610258736305118e+01, 1.3810452637113630e+02,
       7.1178969240222450e+03, 8.0475817834468262e+02,
       2.8108984796857862e+03, -1.1506009917772342e+03,
       6.7937359300526794e+02, 3.4331730685639138e+02,
       8.0475817834468296e+02, 8.0825902477682966e+03,
       7.2694537948719233e+02, 2.0283772102853370e+03,
       8.2350834396040216e+02, 7.2629646383549687e+02,
       2.8108984796857862e+03, 7.2694537948719244e+02,
       2.4512120094017296e+03, -4.6258822690515558e+01,
       -1.3988245100974169e+02, -8.4027666544369694e+01,
       -1.1506009917772342e+03, 2.0283772102853370e+03,
       -4.6258822690515537e+01, 1.9211952043197975e+03,
       -2.7186882155258724e+02, -1.4177493631144128e+02,
       6.7937359300526782e+02, 8.2350834396040216e+02,
       -1.3988245100974169e+02, -2.7186882155258718e+02,
       4.4187041556121414e+02, 2.0503060790813126e+02,
       3.4331730685639138e+02, 7.2629646383549687e+02,
       -8.4027666544369694e+01, -1.4177493631144128e+02,
       2.0503060790813120e+02, 3.3762075338112112e+02,
       6.8954302737289863e+03, 3.1383914542948082e+02,
       2.4198904547935044e+03, -9.8771859859061612e+02,
       -1.5080578709494571e+02, 3.3531339792266857e+02,
       3.1383914542948071e+02, 1.0243168731502272e+04,
       7.6392328608533637e+02, 1.8808190525852353e+03,
       7.1586310923570991e+01, 1.5065984671268575e+03,
       2.4198904547935044e+03, 7.6392328608533637e+02,
       2.4874940330343466e+03, -7.2490721017732753e+01,
       1.1979501587473231e+02, -7.6035228564177984e+01,
       -9.8771859859061612e+02, 1.8808190525852351e+03,
       -7.2490721017732710e+01, 1.8658773491349179e+03,
       2.0337129572799839e+01, -2.4323990192412407e+02,
       -1.5080578709494577e+02, 7.1586310923570935e+01,
       1.1979501587473234e+02, 2.0337129572799810e+01,
       4.3858038588877355e+02, -1.3323513594650315e+01,
       3.3531339792266863e+02, 1.5065984671268575e+03,
       -7.6035228564177984e+01, -2.4323990192412407e+02,
       -1.3323513594650315e+01, 6.2017529421850384e+02,
       1.1221112203408935e+04, -7.3272224041658785e+02,
       1.6943965356766703e+03, -6.2478436356826921e+02,
       4.6309728058303847e+02, 1.0149987436920877e+02,
       -7.3272224041658808e+02, 6.4827258893039507e+03,
       8.2149524206994420e+02, 2.5609845124964363e+03,
       -5.4342538964615172e-01, 4.2825868921710715e+01,
       1.6943965356766703e+03, 8.2149524206994420e+02,
       2.8188083152177101e+03, -1.4699109202455892e+02,
       -1.9860047198652521e+02, -8.7654114666902160e+01,
       -6.2478436356826933e+02, 2.5609845124964368e+03,
       -1.4699109202455892e+02, 1.7814107973428227e+03,
       5.8490061747720972e+01, -1.2452765328374291e+02,
       4.6309728058303847e+02, -5.4342538964615228e-01,
       -1.9860047198652521e+02, 5.8490061747720972e+01,
       8.5565616503683316e+01, 9.8987248501904794e+00,
       1.0149987436920877e+02, 4.2825868921710686e+01,
       -8.7654114666902160e+01, -1.2452765328374291e+02,
       9.8987248501904794e+00, 4.9174555248712331e+01,
       4.2090890593055092e+03, -1.1093358601686337e+02,
       2.9238793402374117e+03, -8.1893932213304458e+02,
       -7.8379201190660908e+01, -3.0779773300707497e+01,
       -1.1093358601686333e+02, 5.1195744852605076e+03,
       9.0519292366704281e+02, 2.6924829364135335e+03,
       -4.2457696526744996e+01, -7.7630728964924785e+01,
       2.9238793402374117e+03, 9.0519292366704292e+02,
       2.5331109575723367e+03, -1.1438058545545871e+02,
       -9.3039828131192621e+01, -7.8745885619732420e+01,
