%YAML:1.0
means: !!opencv-matrix
   rows: 10
   cols: 10
   dt: d
   data: [ -1.8054958422703658e+02, -9.5742071217340055e+01,
       4.6995762797203902e+01, 3.2080490681787225e+01,
       -2.6575182797173397e+01, -1.8597868443672836e+00,
       -3.3922797345433660e+00, -4.4018385966068185e-01,
       3.0473533567284045e-01, 2.4136130573094569e-01,
       7.5384137318275293e+01, -2.8339458832836161e+01,
       -6.1358172881201458e+00, 2.1424586148067021e+01,
       9.4706853062064305e+00, 3.7909223164797661e+00,
       -5.0144637436684132e-02, -1.8759541266299198e-01,
       -4.1922008204453165e-01, 7.7092299399030631e-02,
       -1.1055813408704655e+02, 1.1481158320014663e+02,
       8.6530000445173201e+00, -5.3972159894803319e+01,
       -1.0775810247159360e+01, 1.2035138656892348e+00,
       8.7579938504981403e-01, -7.5172459332345154e-01,
       -3.4912380692221301e-01, -1.9588238105151456e-01,
       9.5449007724409029e+01, -4.5593186911056314e+01,
       -2.1004996537062986e+01, 3.7348885004466844e+01,
       -2.8401318589623347e+01, 2.3550352047713019e+01,
       1.2058696947771386e+00, 1.2687066119208492e+00,
       4.8583845519407109e-01, 2.6282756149363647e-02,
       2.9625757194661720e+01, 2.1343756813423678e+01,
       -6.3834428565861003e+00, -1.8873893829132843e+01,
       1.7117615505142418e+00, -1.1042304613060736e+01,
       -6.9613353767822366e+00, 1.8956122589899118e+00,
       6.3981315057996957e+00, 3.2273975139096189e-01,
       -2.8201373263018166e+00, 1.9167980153116126e+01,
       -5.1694843472339180e-01, -1.5430803387835983e+01,
       2.5934141071485676e+01, -1.4196372928828693e+00,
       1.4163996651026260e+00, -5.2283619824328098e-01,
       -3.2914519539758480e-01, 8.6774735843637318e-02,
       -8.4755082104700072e+00, -2.7882384006961310e+01,
       -2.5184665625954961e+00, 8.2719539164135512e+00,
       -9.9150956351993589e+00, -1.2232831928911752e+01,
       -1.3753412159716813e-01, -7.9484828030691712e-01,
       -1.4501536478534669e+00, 1.3126156056766594e-01,
       1.1043119026924704e+02, 6.3919465533680523e+01,
       -3.7451082935699752e+01, -1.7723958024683011e+01,
       -8.3663253684633592e+00, -3.3533117780995942e+00,
       1.1170057068879671e+00, -2.9856633814210737e-01,
       -5.4384810114865190e-01, -7.8218666727509864e-02,
       -1.5036700762218709e+02, -3.0833389792362342e+00,
       3.8511698654067771e+01, -8.2981989854800755e+00,
       -6.8851047357179407e-01, 4.7976741403232257e+00,
       8.2459210499999558e-01, 1.1748941127884291e+00,
       -2.7090045616305014e-01, -3.9813830765366300e-02,
       1.5175681382111290e+00, -1.9153553081784719e+02,
       1.4773144988316279e+01, 6.6822091175035965e+01,
       1.1692829168685435e+01, -2.0071015728682045e+01,
       -1.7379895396731593e+00, -9.6737214388645520e-01,
       3.7857680964501811e-01, -1.3624635884847598e+00 ]
covs: !!opencv-matrix
   rows: 100
   cols: 10
   dt: d
   data: [ 5.9370722806070080e+03, -5.8653887542033794e+02,
       3.1654484043560547e+03, -6.7200935144812490e+02,
       -1.4129316763394317e+02, 3.9577717161036723e+01,
       4.0300679444827267e+01, 1.2396166098463723e+01,
       8.6640578436673312e+00, 4.7865539668588237e+00,
       -5.8653887542033783e+02, 7.6555292502373886e+03,
       8.0739936828782743e+02, 2.0963836316791612e+03,
       5.0729336444004491e+02, 5.6756844386423870e+02,
       7.8205369914184942e+01, 4.4163016947374516e+01,
       6.2867486520811447e+01, 3.7050122990275844e+00,
       3.1654484043560547e+03, 8.0739936828782720e+02,
       2.4608555026247041e+03, -2.9395010269086431e+01,
       -7.4360931632919616e+01, -6.2762044998652947e+01,
       -2.1768154933568610e+01, -6.2301838953608195e+00,
       -1.4039030993409945e+01, -1.6221602308214293e+00,
       -6.7200935144812479e+02, 2.0963836316791612e+03,
       -2.9395010269086413e+01, 1.9528783965244284e+03,
       -2.0275382946930250e+02, -1.4624953296220173e+02,
       -2.7597830397397658e+01, -1.7113906657551144e+01,
       -2.2980632717646930e+01, -4.3013178816084894e+00,
       -1.4129316763394314e+02, 5.0729336444004491e+02,
       -7.4360931632919588e+01, -2.0275382946930247e+02,
       2.0795041701220359e+02, 1.0805897899107720e+02,
       9.1331823229123987e+00, 1.5455347248803712e+01,
       2.8183693135206603e+01, 5.1543148797286795e+00,
       3.9577717161036709e+01, 5.6756844386423870e+02,
       -6.2762044998652975e+01, -1.4624953296220170e+02,
       1.0805897899107720e+02, 2.8322047605839970e+02,
       3.8860743771264237e+00, 1.3929016550228232e+01,
       1.6155088956195268e+01, 1.2008773396507517e+00,
       4.0300679444827267e+01, 7.8205369914184942e+01,
       -2.1768154933568610e+01, -2.7597830397397658e+01,
       9.1331823229123987e+00, 3.8860743771264223e+00,
       3.5938711564186910e+01, 2.8086964609677678e+00,
       -3.3782152544266936e-01, -7.5250184815471299e-02,
       1.2396166098463723e+01, 4.4163016947374516e+01,
       -6.2301838953608168e+00, -1.7113906657551148e+01,
       1.5455347248803712e+01, 1.3929016550228232e+01,
       2.8086964609677674e+00, 1.4061058519673912e+01,
       2.9423783938933634e-01, 5.7862473635634237e-01,
       8.6640578436673312e+00, 6.2867486520811454e+01,
       -1.4039030993409945e+01, -2.2980632717646934e+01,
       2.8183693135206614e+01, 1.6155088956195268e+01,
       -3.3782152544266908e-01, 2.9423783938933612e-01,
       9.2054873249847340e+00, 1.0107388479139856e+00,
       4.7865539668588264e+00, 3.7050122990275836e+00,
       -1.6221602308214300e+00, -4.3013178816084894e+00,
       5.1543148797286795e+00, 1.2008773396507517e+00,
       -7.5250184815471272e-02, 5.7862473635634237e-01,
       1.0107388479139856e+00, 9.1431035801041760e-01,
       7.7266981325915931e+03, 6.2475830108110665e+02,
       1.8343772809325026e+03, -1.1146590558091393e+03,
       -8.2030561709325355e+02, -3.0775975473787145e+02,
       -1.1581886218304983e+02, 3.1664238590112120e+01,
       -2.8476570833496350e+01, 2.9006624162513517e+00,
       6.2475830108110642e+02, 8.9219247046192650e+03,
       2.2967752968149804e+02, 1.4945885965583846e+03,
       -3.2492978052112358e+02, -5.6671245728226813e+02,
       -1.1143283496169961e+02, -1.5093618339328161e+01,
       -1.5814074401879260e+01, -5.9203137872189338e+00,
       1.8343772809325026e+03, 2.2967752968149807e+02,
       2.9037051308804384e+03, -1.1315788004761579e+01,
       2.3728391025649444e+02, 1.1354936359132611e+02,
       3.8447423951687391e+01, -1.7944953895356505e+01,
       5.2041381203118338e+00, 3.8404975353824294e-01,
       -1.1146590558091391e+03, 1.4945885965583846e+03,
       -1.1315788004761581e+01, 2.1986682366878026e+03,
       1.4215798724618011e+02, 1.3980554409511541e+02,
       2.3922960654178830e+01, 5.4075321455581182e-01,
       8.5687203120450288e+00, -4.9864963766425846e-01,
       -8.2030561709325377e+02, -3.2492978052112363e+02,
       2.3728391025649444e+02, 1.4215798724618014e+02,
       4.1159334612471253e+02, 1.2432363950766916e+01,
       -2.9618416173055828e+00, -1.2690525315900800e+01,
       -3.1172479469524030e+00, 2.3325460996637482e-01,
       -3.0775975473787139e+02, -5.6671245728226802e+02,
       1.1354936359132614e+02, 1.3980554409511538e+02,
       1.2432363950766918e+01, 2.8650579881061560e+02,
       9.0146114140839533e+00, -2.6051380646855335e+00,
       6.3506457043310087e+00, -2.7930049449027594e+00,
       -1.1581886218304983e+02, -1.1143283496169963e+02,
       3.8447423951687398e+01, 2.3922960654178830e+01,
       -2.9618416173055833e+00, 9.0146114140839551e+00,
       2.7207221576351451e+01, -3.3424357156996543e-01,
       4.1045979087327558e+00, 3.5487717439890785e-02,
       3.1664238590112120e+01, -1.5093618339328170e+01,
       -1.7944953895356505e+01, 5.4075321455581205e-01,
       -1.2690525315900800e+01, -2.6051380646855335e+00,
       -3.3424357156996515e-01, 1.4656822082332960e+01,
       -9.3171350473866688e-01, 5.9637802863160583e-01,
