%YAML:1.0
means: !!opencv-matrix
   rows: 49
   cols: 4
   dt: d
   data: [ 6.5463212119713873e+01, 6.8066359598511255e+01,
       -1.0974741045754222e+00, -5.8699020302705399e+01,
       -1.2640031222484710e+02, -8.3645290073586040e+01,
       -3.7288355471415038e+01, 4.6174689978697167e+01,
       1.5791228425712333e+02, 2.6162309278329804e+01,
       4.0015431452830654e+01, 7.0023113271841240e+01,
       4.4389815707429371e+01, 9.1095720492164531e+01,
       -7.8321803847644446e+01, 2.4715860559272901e+01,
       -1.2787936057029468e+02, 2.1084824555579107e+01,
       4.1229400155291700e+01, 5.3995374173022846e+01,
       1.2653249661715267e+02, -1.0036429562519861e+02,
       4.8911376613610877e+01, -5.9099464889255479e+01,
       -4.7428148929532838e+01, -7.5526728188953015e+01,
       -2.8537498330894667e+01, 4.7486634092184467e+01,
       1.9310836756133508e+01, 2.1411778125886605e+02,
       -5.8903643213778767e-01, 1.2988251510914737e+00,
       2.4436322810177251e+02, 3.6954332534280631e+01,
       8.8077810210893167e-03, 3.6033202493542461e+01,
       -1.1516775004284081e+02, 1.9931014701762231e+02,
       5.5691688260677914e+01, -7.1929785192497171e+00,
       -2.2653134532225346e+02, -1.8129745777314417e+02,
       -5.8450620700315536e-01, -2.0876360603828132e+01,
       -2.1920555216326068e+01, 7.9489665475670694e+00,
       1.0694208524656132e+02, 1.1694195529813987e+01,
       2.1861529837323118e+01, -2.5833185098073955e+01,
       -7.5943488917917890e+01, 6.3146624000321879e+01,
       1.4154593850360627e+02, 5.9782117536987698e+01,
       5.1831552203799973e+01, -4.0845179814235919e+01,
       2.4148621641534504e+01, -2.4409477495224411e+02,
       1.1561322662213250e+01, 7.3467647288634339e+01,
       9.4543780692980704e+01, 1.5326915274745775e+02,
       5.0859871470515792e+01, -3.4077051677150479e+01,
       -1.1397696313904170e+02, 9.5101932850796146e+01,
       -8.4549379057111679e+01, -4.1449820586352878e+01,
       3.0492832932369605e+01, -1.2642145040352356e+02,
       -9.0994215935024855e+01, 1.0134116803427370e+01,
       -4.4018925451731770e+00, 1.3654010291572229e+02,
       3.9108598642539164e+01, 7.2645736744501752e+00,
       1.0869599938221994e+02, -6.1385428740532802e+01,
       -1.1874726330523453e+01, 3.2428642174340197e+01,
       -7.6311603322484345e+01, 3.0364652867736780e+01,
       6.9284962906301786e+01, -5.8126861633641738e+01,
       -4.7855201621675221e+01, -1.6591016209534875e+01,
       -3.5291938685927128e+01, -1.2909429312404304e-02,
       -2.2568214151624670e+02, 1.9349574145371250e+01,
       -3.2526993972444039e+01, -5.3352531407606236e+01,
       1.9145701265708402e+02, -4.6156842641722761e+01,
       3.8792897256661469e+01, 1.3786323562380712e+01,
       -1.8736964473251558e+02, 1.6763035113925946e+02,
       -2.2018893593568481e-01, 2.1792862879097861e+01,
       8.1145989763333631e+01, 3.6511808630044065e+01,
       -2.5163462602697461e+01, 9.1974983155947328e+01,
       -1.4623818650208821e+02, -4.3401027884010105e+01,
       1.9023451068070422e+01, -8.7931445446742345e+01,
       -1.7165354660307483e+02, -5.5162645879415280e+01,
       6.7851152852919739e+01, 2.6377226234892625e+01,
       -6.5179529294378057e+01, 6.7183770966755802e+01,
       -2.1482764961253803e+01, 6.5106972073608659e+01,
       -3.9082676021891452e+01, 7.7040687365264603e+01,
       -5.7621128205551948e+01, -3.9066386666064794e+01,
       2.2560233671146230e+02, -4.4585967587219983e+01,
       -1.2017483123650507e+01, -2.9768355887036638e+01,
       1.2323773671124967e+02, -1.2562265508161431e+02,
       -5.5545706363509652e+01, -1.6130312900538339e+01,
       -6.0866984461986306e+01, -8.7895886611545819e+01,
       4.5504871077989172e+01, -1.6789594960023226e+01,
       1.2810934064498747e+02, 1.0316970900148880e+02,
       -3.2810889200476076e+01, 4.3101344196264129e+01,
       -1.7405548951364941e+02, -3.1163932823481098e+01,
       1.2140855372908206e+01, -2.2553258230232238e+01,
       -2.5880152806682310e+02, 9.8330285149420462e+01,
       -1.5165053738087106e+01, 1.4542739180574900e+01,
       -8.2678633519038627e+01, -1.0106934667662382e+02,
       -5.6554172334901224e+01, -3.3064810063967478e+01,
       3.7403370044879139e+01, -4.2395643690775692e+01,
       2.9053722622300505e+01, 1.0499307507618008e+01,
       7.4860841656239856e+01, -8.9681925568291163e+01,
       2.7611320608890102e+00, -6.6773813585532864e+01,
       -1.0914226146125472e+02, -1.5411306117765031e+02,
       8.3488676772814856e+01, -3.8249614797703551e+01,
       -6.2386972450582007e+01, 1.4897278337781688e+02,
       -6.9783679374124958e+01, 1.6128430915511178e+01,
       -1.3785866544390750e+01, 6.3898772165175144e+00,
       -5.5622034307809777e+01, -8.2133773323007659e+01,
       -1.4795498255783028e+02, 1.0156383232433481e+02,
       4.4810905040848816e+01, -1.3899547824830782e+01,
       5.3492235100199821e+01, 5.5902761896316001e+01,
       5.4769417090098251e+01, 4.9327241935980808e+01,
       1.1511690263153392e+02, -2.8271975480295414e+01,
       -5.8731910408146831e+01, 1.2474741418611988e+01,
       1.0861334113701105e+01, -1.6946185703131019e+02,
       2.6550545397831371e+00, -4.5497243913990477e+00,
       9.1662061735054905e+01, -5.5389797537699287e+01,
       7.6457993432335698e+01, 1.0976305966644475e+01,
       -2.7744323952290915e+02, -5.7271626807499487e+01,
       -1.0477356097324245e+01, 3.8918569588404154e+01,
       1.7378113104130856e+02, 1.3390618522060433e+02,
       2.8317236936549349e+01, 2.6904828234433101e+01 ]
