%YAML:1.0
means: !!opencv-matrix
   rows: 32
   cols: 4
   dt: d
   data: [ 1.0265013065337098e+02, -3.3490005737896574e+01,
       7.4089553357314387e+01, -6.8509662901021393e+00,
       -1.5605135102595986e+02, -5.3158508536750141e+01,
       7.7090508010452950e+01, 2.1600488853583542e+01,
       -7.7322139416501088e+01, -7.9290156913199766e+01,
       -4.9388910429436827e+01, 1.2617985907293736e+01,
       -2.3242158575283523e+02, 8.1724259574262462e+01,
       -3.8847978720069939e+01, -2.4685031357073211e+01,
       2.9762653995234345e+00, 1.9302665053076936e+02,
       1.0297138449820082e+00, 9.8674020331324694e+00,
       -4.8276539914313794e+01, 3.9031771077226889e+00,
       9.7327182544587629e+01, -2.2490452058198954e+01,
       -2.6943713233173690e+02, -1.1974048732016594e+02,
       -1.6665353741071435e+01, 1.6846518563030917e+00,
       1.4254431475045433e+02, -1.1442794588810800e+01,
       -4.8658441931859521e+01, 9.3887546466867775e+00,
       3.3860134371114704e+01, -3.7855938722954747e+01,
       -6.7677795592905852e+01, 6.1435985152615821e+01,
       8.2909669416684679e+01, -1.3260273212355398e+02,
       -7.2085859044387448e+01, -1.4846031297980549e+01,
       1.3486319186995468e+02, 6.1674923274716733e+01,
       3.9425729300965514e+01, -6.6069967783555001e+01,
       -7.7515377517350174e+01, 3.7178232317596617e+01,
       -2.6527370172350292e+01, 7.0790373875037972e+01,
       -2.6233022050298115e+02, 1.8132363407829983e+00,
       1.3718254884047093e+01, 6.1476837536403345e+01,
       1.6553001066099906e+01, -2.4323570619443609e+02,
       5.7272700810955754e+00, 7.8289137749159508e+01,
       4.8698938347800315e+01, 1.6230158126649016e+01,
       -7.3113727339262731e+00, -9.1792424380294889e+01,
       1.6363345459988099e+02, 9.1059214545070958e+01,
       3.1868643192139898e+00, 5.7160442618794100e+01,
       2.2454988767877005e+01, -1.1136665233549745e+02,
       1.5647402216590168e+01, -9.4191030842292847e+00,
       -3.4187773414377624e+01, 2.1682861605631285e+01,
       3.9222845196696511e+01, 2.7359426130710403e+01,
       2.2396305877907719e+02, -2.1077971534304105e+01,
       3.3285494760610959e+01, 1.2271795555043118e+01,
       -1.4894490876725101e+02, 4.0211316920567750e+00,
       2.2384250557188320e+01, -6.5282676682767132e+01,
       -7.1311916639915109e+00, 1.1167354451263759e+02,
       -3.3015369832187297e+01, -3.0436534888549257e+01,
       1.2899057847043392e+02, -3.2737697425259846e+01,
       7.6909177013835182e+00, 4.2935167009538944e+01,
       -3.7461114427382839e+01, -1.0350857547752715e+02,
       2.8797745579137466e+00, -4.3676684711244860e+01,
       8.5794450561102778e+01, 1.2865516655768357e+02,
       3.1672554840744187e+01, -3.1849184071370242e+01,
       1.7519274016941873e+02, -1.1014828136227109e+02,
       -2.5530620438054463e-01, -2.9554985248561739e+01,
       -1.6363663612078338e+02, -1.6501610424797556e+02,
       4.3648082032914900e+01, -3.8979197907170992e+01,
       -1.4847627155776533e+02, 1.3286368190047429e+02,
       4.1985126788857812e+01, -5.1299342042122040e+00,
       -1.6013632332000134e+02, -1.6328203841956945e+01,
       1.2672318342693535e+01, 2.3270089438306698e+01,
       -2.8393149821465808e+01, 9.8771530641568816e+01,
       -8.4330622570495905e+01, 5.7370715499137628e+00,
       9.2425136327907026e+01, 9.1355980848737573e+01,
       -7.1015900733403285e+01, 5.7882113851167610e+01,
       -4.7339666898822031e+01, 8.7061702405345454e+00,
       -8.1764226952362606e+01, -7.0095593242698072e+01,
       3.5441507626228301e+01, -1.6659386515217044e+01,
       3.7756856743788155e+01, 5.3560702780227338e+01 ]
covs: !!opencv-matrix
   rows: 128
   cols: 4
   dt: d
   data: [ 1.1386168672966689e+03, -7.7453214996772624e+02,
       -1.5444031297057873e+02, 7.0139713631649315e+01,
       -7.7453214996772624e+02, 1.0033384092466940e+04,
       3.9995999152472774e+02, -1.2853771941627517e+02,
       -1.5444031297057879e+02, 3.9995999152472774e+02,
       4.0120907683824538e+02, 6.0068599031772408e+02,
       7.0139713631649315e+01, -1.2853771941627511e+02,
       6.0068599031772408e+02, 2.2372820093120672e+03,
       2.7276960623680670e+03, -1.1812497390052592e+03,
       1.2206011505495503e+03, 2.8401788251361978e+02,
       -1.1812497390052592e+03, 6.9965980363961198e+03,
       4.8283725330433896e+02, 1.1068748141957751e+02,
       1.2206011505495503e+03, 4.8283725330433896e+02,
       1.0638125555222539e+03, 2.7908860184170817e+02,
       2.8401788251361978e+02, 1.1068748141957751e+02,
       2.7908860184170800e+02, 1.6848063693564068e+03,
       2.0344062879613598e+03, -4.0578138466949400e+02,
       1.4178643216963778e+02, 1.1496311901917383e+02,
       -4.0578138466949400e+02, 6.8910376138521970e+03,
       1.2433626167283390e+02, -4.3774495225935459e+02,
       1.4178643216963781e+02, 1.2433626167283390e+02,
       4.8803014353651696e+02, 2.6398913661172958e+02,
       1.1496311901917382e+02, -4.3774495225935459e+02,
       2.6398913661172958e+02, 1.2970059485702611e+03,
       2.6905672439116438e+03, 7.4954113046623479e+02,
       -2.2662062877350601e+02, -2.8200332190358176e+02,
       7.4954113046623479e+02, 7.2743455381963249e+03,
       -1.8106505034638306e+02, 1.8538800222192654e+03,
       -2.2662062877350601e+02, -1.8106505034638306e+02,
       6.8239221104823343e+02, 6.0839602248146139e+02,
       -2.8200332190358182e+02, 1.8538800222192654e+03,
       6.0839602248146139e+02, 1.4875133437882794e+03,
       6.3824341974597774e+03, -4.8819169558347585e+02,
       8.9576882068462635e+02, -2.0956882802882220e+02,
       -4.8819169558347602e+02, 3.3081446573362650e+03,
       -2.9205093026901636e+02, -3.0729285385155151e+02,
       8.9576882068462635e+02, -2.9205093026901631e+02,
       1.9335538924837294e+03, -3.8056946361924042e+02,
       -2.0956882802882220e+02, -3.0729285385155151e+02,
       -3.8056946361924042e+02, 3.8241737201465946e+02,
       2.8192999704837339e+03, -3.5489732675049574e+01,
       -4.1422397733419393e+02, -1.6662477423513562e+02,
       -3.5489732675049538e+01, 1.0156183929889412e+04,
       3.0875136617436044e+02, 5.8629503000595639e+02,
       -4.1422397733419393e+02, 3.0875136617436038e+02,
       4.6759293247089386e+02, 5.1126385573790066e+02,
       -1.6662477423513556e+02, 5.8629503000595639e+02,
       5.1126385573790066e+02, 1.7364791542318055e+03,
       1.8692659381065357e+03, -7.3605858403536342e+02,
       3.6786855817704577e+02, 4.0120835718278579e+02,
       -7.3605858403536376e+02, 5.0866416379254488e+03,
       1.4655171215766541e+02, -5.3049046614022461e+02,
       3.6786855817704588e+02, 1.4655171215766541e+02,
       4.0100079551660320e+02, 1.8409147091968458e+02,
       4.0120835718278585e+02, -5.3049046614022473e+02,
       1.8409147091968458e+02, 1.1674999306814013e+03,
       4.4700799445643706e+03, 9.1275325725755556e+02,
       1.4833309704623141e+03, 2.3514686733555970e+02,
       9.1275325725755556e+02, 3.4562395622230879e+03,
       8.1252574276621351e+02, 3.6816401612285046e+02,
       1.4833309704623141e+03, 8.1252574276621351e+02,
       1.7536309353106685e+03, 5.4010347257533660e+01,
       2.3514686733555979e+02, 3.6816401612285046e+02,
       5.4010347257533660e+01, 9.9470850266260641e+02,
       1.0744402962822312e+03, -1.2929346657634574e+02,
       4.6349448431693668e+02, -8.9751599960469676e+01,
       -1.2929346657634576e+02, 4.6950329514293489e+03,
       5.0632804153668445e+02, 1.9933583013449895e+03,
       4.6349448431693668e+02, 5.0632804153668434e+02,
       7.3879808519475080e+02, 2.8068492602918036e+02,
       -8.9751599960469690e+01, 1.9933583013449895e+03,
       2.8068492602918036e+02, 1.3003906906300965e+03,
       4.2850886449654063e+03, 5.7458296036060869e+02,
       3.0251371596992993e+02, -5.1054129059083715e+02,
       5.7458296036060858e+02, 2.2865436247877287e+03,
       -5.7784206672350922e+02, -6.2003468662600687e+02,
       3.0251371596992993e+02, -5.7784206672350899e+02,
