%YAML:1.0
means: !!opencv-matrix
   rows: 37
   cols: 4
   dt: d
   data: [ -1.0824741770828642e+02, -1.5130794043734332e+02,
       5.7365313411660274e+01, 2.2141922144651350e+01,
       1.4804470431294519e+02, 9.9795048824756112e+00,
       -5.0135373178620362e+01, -1.7298885895646439e+01,
       -1.4391963797967793e+02, 5.2398000125740111e+01,
       8.5141733159204293e+01, -5.0745177833651375e+01,
       -1.5096120251210486e+01, -6.6651300142913740e+01,
       -2.3811398323287484e+01, 7.6292389529019061e+01,
       1.5247527357139479e+01, -7.7871769991634409e+01,
       -8.7433016106745413e+01, 9.9358616514831954e+00,
       2.8156753236062517e+01, 1.0701496151974067e+02,
       2.2031998601606116e+01, 3.6180536462893649e+01,
       8.6048560214449637e+01, 5.9918413691102479e+01,
       7.6551294365707435e+01, 1.8926987595859213e+01,
       -2.8346826486821385e+02, 6.1309606379570432e+01,
       -2.0440859796178088e+01, -2.8416139526908292e+01,
       -6.7914039957675470e+01, 6.3132362314036889e+01,
       1.0476814954761598e+02, 2.0624588485989399e+01,
       -1.6310380818028523e+02, -7.5240147512206050e+01,
       7.2908267190566093e+01, -1.3789259372061915e+01,
       -6.8676381805243949e+01, 2.7274693328953553e+01,
       -4.1443947050299201e+01, -1.3175493809797260e+01,
       1.1723060285071058e+02, -7.3017420681896780e+01,
       6.8599049561367394e+01, -2.9197600616285367e+01,
       2.9140843938895312e+01, 2.3622068755714071e+01,
       2.9000010927008780e+01, -2.6452749025295446e+01,
       2.1378437648374359e+02, 6.1214533421753579e+01,
       4.2247912077846337e+01, 2.7514416979970839e+01,
       8.1086007487007564e+01, 2.6317546767784243e+00,
       -4.6205729030844985e+01, 3.7996658190142341e+01,
       2.7327328039928798e+01, -1.2997296719172306e+02,
       5.4774997064508071e+01, 2.9187761205600825e+01,
       4.2918751675959356e+01, 1.1019064233394351e+01,
       -5.2443907180020695e+01, -3.5957500773780517e+01,
       -2.3776615880607613e+02, -2.2496265630147466e+01,
       1.8789049986475629e+01, -7.3015140138682426e+01,
       -1.7810153700517910e+02, 2.5418196599603057e+01,
       2.8136590355908467e+01, 5.0756083570665808e+01,
       -5.0934296115592758e+01, -1.7596822169607921e+02,
       -3.0164223411672623e+01, 1.6429679193338004e+01,
       1.2290055424610124e+02, -3.6625499519205903e+01,
       3.6168715450061171e+01, 7.4023311078238095e+01,
       -5.0390595304121995e+00, -5.0188441948715401e+01,
       5.8801404905780103e+01, -3.5731379524097811e+01,
       -1.3861435627572519e+02, 7.1249366834497522e+01,
       2.7002571997316885e+01, -1.9631760240327601e+01,
       -7.2769482028079665e+01, -4.0125834408230695e+01,
       6.5200501857969130e+01, 8.6221552623534350e+01,
       -1.3948717905508056e+02, -6.2594899496212051e+01,
       -1.4358844216738950e+01, 5.8535707204057339e+01,
       -2.0393209502795995e+02, 1.5680394333493646e+02,
       3.4840567638704016e+01, 1.2650950730887311e+01,
       1.8743243764258128e+01, 3.7533344605755069e+01,
       -9.7210569114603629e+01, -2.6656646516481715e+01,
       9.8741841985746248e+01, -3.7966206766707728e+01,
       -5.0472765026537783e+00, -6.9157049543748528e+01,
       -2.3290888351286893e+02, -1.0118479512554805e+02,
       -1.4778437407377183e+01, 1.1700262785520041e+01,
       -6.9250807119406787e+01, 1.0506778656413007e+02,
       -5.6812248453681228e+01, 4.1682050449889950e+01,
       1.4573710781703673e+02, 8.9830131207083255e+01,
       -1.8884072106706878e+01, 5.5790106158781725e+01,
       1.4751256872844166e+02, 1.3831402664860168e+01,
       2.9968775058952893e+01, -3.1882744291717074e+01,
       1.9401968575374301e+01, 1.3723363400200276e+02,
       -5.1725760079685568e+00, -9.3559017715175344e+01,
       2.0415234148927826e+02, -1.8381473171584148e+01,
       1.7993436602410284e+01, -4.1436404150388944e+00,
       -6.9111428841173932e+01, -7.9187183112634912e+01,
       -2.3575786801413646e+01, -4.8454792186592691e+01,
       1.1578247820790644e+02, -1.1730018035630896e+02,
       -1.8221558434884791e+01, -5.3345654123869668e+00,
       9.4913324076748410e+01, 9.9426570295853793e+01,
       -3.8033334314399085e+01, 3.5280521255887098e+00 ]
