%YAML:1.0
means: !!opencv-matrix
   rows: 9
   cols: 12
   dt: d
   data: [ -5.9023645837406589e+00, -1.6062892341638751e+01,
       7.8048447039135849e-01, 3.5158373793880520e+00,
       -1.1606139030073079e+01, -6.0388857709827990e+00,
       7.6565509705884482e-01, -1.1075878330293983e-01,
       -1.1970496650033395e+00, 1.2057393800884035e-01,
       -2.8598912071409366e-01, 1.2504246151843866e-02,
       -4.8587040821210552e+00, 1.1334505995675755e+02,
       -1.5273164940907266e+01, -5.0168223980669389e+01,
       2.7920001144396654e-02, 1.3508055208255920e+00,
       1.7837621346615509e+00, -1.4537381706547717e-01,
       -2.7598196729183827e-01, -5.1777721880080459e-02,
       2.8226408899554051e-02, -1.1187408961450386e-02,
       4.5992096190062149e+01, 3.8868543578374322e+01,
       -1.1261806654860321e+01, -2.4168640187917589e+01,
       -1.0506573169964750e+00, -1.3761950322578178e+01,
       -8.2317047419205203e+00, 1.8747354560427714e+00,
       6.5811357084649122e+00, 6.5325869222461941e-01,
       8.9543420284341632e-02, -1.1004969920526186e-02,
       1.6051975240326360e+02, 2.9945840191884120e+01,
       -4.3501304350176042e+01, 5.1235438687776984e+00,
       -1.0272270991094347e+01, -6.3247254304048210e+00,
       -5.5812832795615819e-01, -4.8777303708633965e-02,
       -8.2818007968364915e-01, -5.3745197997885054e-02,
       8.3200082351989335e-02, -1.7097369927065849e-02,
       -1.5741709678763874e+02, -3.6365562038291536e+01,
       4.2505150196380342e+01, 7.9733286156998249e+00,
       -1.0179697379358540e+01, 3.4731311422712010e+00,
       -2.9590273017276431e-01, 7.4654659366283238e-01,
       -8.4602354920941425e-01, -4.6991766024914478e-02,
       2.7038851852566589e-02, 8.4895072067218847e-03,
       -1.6431869134763232e+02, 4.9290695293819930e+01,
       2.4171301705695814e+01, -3.1771862834284899e+01,
       -1.2119646220060527e+01, -3.0401073976834661e+00,
       -1.4321272545053561e+00, -5.6033762742925841e-01,
       1.7270636530608845e+00, 2.3663202866175939e-01,
       -1.2570311107986779e-05, -3.5743261490876976e-02,
       -6.1985209094587095e+00, -1.3393094335013953e+02,
       1.2614956906802659e+01, 4.4838374318172157e+01,
       1.1994843291743447e+01, -1.3144329935896428e+01,
       -1.7474798562859311e+00, -2.1028015356349558e-01,
       1.6471598530769327e+00, -9.6335324426099411e-01,
       -9.9063494933577176e-02, -6.9624299190879479e-02,
       4.8239717004471856e+01, -2.0336921465796852e+01,
       -4.1478587954117767e+00, 1.0627514478284992e+01,
       1.8007118568027376e+01, 1.7010769290854986e+00,
       8.0046670320195790e-01, -6.3585307528904544e-01,
       -3.5347281833528066e-01, 5.9549277123819189e-02,
       5.8696308681718181e-03, 2.2642519008604964e-02,
       9.9154888008824315e+01, -4.3930897027904088e+01,
       -2.1986989797919641e+01, 3.6973709178100236e+01,
       -2.7648719831384330e+01, 2.3416514709887334e+01,
       1.0693508967347392e+00, 1.2860415921394788e+00,
       4.9017245369532458e-01, 2.9163320917174121e-02,
       1.4703902664153767e-01, -3.0957129317209322e-03 ]
covs: !!opencv-matrix
   rows: 108
   cols: 12
   dt: d
   data: [ 1.4346671779792954e+04, -2.3495201544777842e+03,
       9.8469103257720656e+02, 5.1902723936144832e+02,
       -6.1951148868746122e+02, 5.7667334303694997e+02,
       2.1034350140443220e+01, -5.5038866272290022e+01,
       5.2195943970059247e+01, 2.2385397504820940e+01,
       -3.8176623311628783e+00, -1.0958778735315433e+00,
       -2.3495201544777842e+03, 1.1889006149076169e+04,
       7.1918705453806888e+02, 2.1057431449622629e+02,
       2.8026300190740739e+02, -5.1932014454202777e+00,
       1.2288292797344390e+01, 1.1856487900239998e+01,
       4.5856329812197378e+00, -1.6555019376880779e+01,
       -3.2943941271235672e-01, -7.4658731716520477e-01,
       9.8469103257720633e+02, 7.1918705453806899e+02,
       2.7885404901207353e+03, -1.6081341369923311e+02,
       5.2514804340627165e+01, -1.0668169271389696e+02,
       -1.9570374857086403e+00, 1.6215306384418948e+01,
       -4.4276561500843759e+00, -5.6377308779274948e-01,
       9.2466538524961517e-01, 3.2547107175423251e-01,
       5.1902723936144832e+02, 2.1057431449622624e+02,
       -1.6081341369923322e+02, 2.5929097265913247e+03,
       -1.8879549481774828e+02, 1.1920448154840828e+02,
       1.9055994387010962e+01, -1.8143088787306308e+01,
       8.6798899751829612e+00, 1.7296759011535354e+01,
       -9.6419429163458781e-01, -4.5632398227298754e-01,
       -6.1951148868746134e+02, 2.8026300190740739e+02,
       5.2514804340627165e+01, -1.8879549481774828e+02,
       1.2795213087073105e+02, -8.7815463884380335e+01,
       -1.0879469000960940e+01, 4.4608187480780446e+00,
       -5.0953197985714738e+00, -2.0705992733438734e+00,
       -9.1311117120532914e-02, 1.2863503944668275e-01,
       5.7667334303694997e+02, -5.1932014454202733e+00,
       -1.0668169271389696e+02, 1.1920448154840832e+02,
       -8.7815463884380350e+01, 3.0625657888029889e+02,
       3.7829303098311442e+00, 4.3578519705548278e+00,
       1.0331877877839490e+01, -4.2090393240915028e-02,
       7.3847568407922903e-01, -4.1115165925443625e-01,
       2.1034350140443234e+01, 1.2288292797344393e+01,
       -1.9570374857086437e+00, 1.9055994387010962e+01,
       -1.0879469000960942e+01, 3.7829303098311433e+00,
       2.2013887293810093e+01, 6.9295418291867161e-01,
       4.1618062504462134e+00, 5.5180098166640235e-01,
       1.4312814256787440e-01, 6.1026984642197621e-02,
       -5.5038866272290022e+01, 1.1856487900239987e+01,
       1.6215306384418948e+01, -1.8143088787306315e+01,
       4.4608187480780446e+00, 4.3578519705548278e+00,
       6.9295418291867150e-01, 1.5686941480231782e+01,
       -1.0510244802072397e+00, 3.3452654879759358e-01,
       1.2178730632130869e-01, 2.3195451510770178e-03,
       5.2195943970059247e+01, 4.5856329812197396e+00,
       -4.4276561500843759e+00, 8.6798899751829612e+00,
       -5.0953197985714738e+00, 1.0331877877839490e+01,
       4.1618062504462134e+00, -1.0510244802072395e+00,
       2.0715895453492550e+00, 3.6930641054777856e-03,
       4.7443395379390213e-02, 1.5798938121144881e-02,
       2.2385397504820940e+01, -1.6555019376880779e+01,
       -5.6377308779274904e-01, 1.7296759011535354e+01,
       -2.0705992733438738e+00, -4.2090393240915069e-02,
       5.5180098166640246e-01, 3.3452654879759358e-01,
       3.6930641054777839e-03, 8.2446756448927871e-01,
       -3.9389332657184979e-02, -1.6658439423519123e-02,
       -3.8176623311628783e+00, -3.2943941271235683e-01,
       9.2466538524961495e-01, -9.6419429163458803e-01,
       -9.1311117120532914e-02, 7.3847568407922903e-01,
       1.4312814256787440e-01, 1.2178730632130866e-01,
       4.7443395379390206e-02, -3.9389332657184979e-02,
       1.3156921735246203e-02, 1.8487209155719588e-03,
       -1.0958778735315438e+00, -7.4658731716520454e-01,
       3.2547107175423240e-01, -4.5632398227298754e-01,
       1.2863503944668275e-01, -4.1115165925443625e-01,
       6.1026984642197621e-02, 2.3195451510770199e-03,
       1.5798938121144881e-02, -1.6658439423519120e-02,
       1.8487209155719588e-03, 2.9937996888052434e-03,
       7.5189302559323387e+03, -7.8651483295516869e+01,
       2.2831918664994978e+03, -6.8719939819618048e+02,
       -2.0330484609682668e+02, -1.5017374128828985e+02,
       -1.0042300448333950e+01, 1.9165904713685720e+01,
       -1.3203518788564873e+01, 2.5215777534073216e+00,
       -1.4449718906437041e+00, -4.5450751003970008e-01,
       -7.8651483295516982e+01, 6.5833046309513984e+03,
       6.6960232897185108e+02, 2.4730370318057417e+03,
       -1.2842711575828929e+02, 3.6759695884503589e+00,
       -8.9002969730935732e+01, -1.0964580688142000e+00,
       -1.3348437730562008e+01, -1.2681327621870224e+01,
       -1.2979260968943338e+00, -6.2896191273549384e-01,
       2.2831918664994978e+03, 6.6960232897185097e+02,
       2.7148463547451070e+03, -1.2086843253437027e+02,
