%YAML:1.0
means: !!opencv-matrix
   rows: 14
   cols: 10
   dt: d
   data: [ 9.9435881046346239e+01, -4.4663683635149319e+01,
       -2.1876033588503095e+01, 3.6830643051936427e+01,
       -2.7530674677299782e+01, 2.3481797039655213e+01,
       1.1120301315758563e+00, 1.2859405730471403e+00,
       4.9561628863431206e-01, 3.2044060291146932e-02,
       6.4137076131335618e+01, -2.0510844421312907e+01,
       1.1103002798437562e+00, 7.3037672875192694e+00,
       1.6686668847586333e+01, 4.1275449255423075e-01,
       7.9505304657883924e-01, -5.6028792287061180e-01,
       -2.9693904509628399e-01, 7.8801471551127433e-02,
       3.9999604900931097e+01, 1.2096683563759611e+02,
       -2.8045651496948405e+01, -5.0059676194226604e+01,
       -8.6212344412856936e+00, 1.1789184012883520e+00,
       2.0243380344106834e+00, -3.3573638788795140e-01,
       -2.4151906897569778e-01, -7.8889549477417789e-02,
       -1.2460599025385451e+02, 1.1484148649271391e+02,
       1.1935240115947988e+01, -5.2328775625600393e+01,
       -1.1865651175371033e+01, 6.5922482191143250e-01,
       6.3654477316790292e-01, -2.3090337998121652e-01,
       -4.9566127079862976e-01, -2.4528076729968554e-01,
       1.6799188502251758e+02, 1.1200208593442467e+01,
       -4.5263038126462817e+01, 1.3314150334228680e+01,
       -1.0445621192516612e+01, -8.6494067505788692e+00,
       -5.7789574484303630e-01, -1.9123243551786417e-01,
       -8.9170748542812539e-01, -5.4139065961699671e-02,
       6.9211541893189810e-01, -1.9024521272928408e+02,
       1.6188386623460026e+01, 6.5867577387616507e+01,
       1.0973705622988410e+01, -2.0078772238559512e+01,
       -1.6349641379033089e+00, -8.1699292135270529e-01,
       3.7752568234013456e-01, -1.3304688630061428e+00,
       -1.7365696564738172e+02, -1.0295923408739138e+02,
       4.8836624851290054e+01, 3.6423858383530522e+01,
       -3.0853873662526478e+01, -1.5439049781024516e+00,
       -2.6168929894910393e+00, -1.3182573305418366e-01,
       -1.1034546653487518e+00, 3.1341913941327149e-03,
       -5.3313124553897524e+01, -3.7263762624930045e+01,
       1.0870170933841726e+01, 4.1955334478195327e+00,
       -4.3334039854863553e+00, -1.5319568523255322e+01,
       -8.5863879953994782e-01, -3.3075729683780786e-01,
       -8.2946142901029196e-01, -1.8626998193074265e-01,
       9.5308694707544120e+01, -6.1266785672484346e+01,
       -2.3311914634633627e+01, 1.8423675987737020e+01,
       -1.1232276867211658e+01, -1.6874041033051089e+01,
       -7.8643005723752546e-01, 1.7762448314458994e+00,
       2.0245600701901316e+00, -9.8183655599269049e-01,
       -1.5451315329707859e+02, -1.3347105849128498e+00,
       4.2265495828582736e+01, -8.9028318033085494e+00,
       -1.3233026373177652e+00, 4.1525098594513832e+00,
       9.0031301816849074e-01, 1.2565223466613389e+00,
       -7.5699563239907797e-01, -4.6260879781638668e-02,
       -2.0711990742349840e+01, -1.1698237398813568e+01,
       -1.3522995704288594e+01, 1.8264781967798985e+01,
       1.2663175891972772e+01, 1.0711149210669497e+01,
       7.2856213782600465e-01, -2.0172626638351465e-01,
       -4.7326153637724988e-01, 1.6630276778362884e-02,
       -7.2944097968690214e+00, 8.8465741913952570e+01,
       -6.6490369979259647e+00, -4.3358456583110083e+01,
       1.3102127672207477e+01, -1.3290418266235104e+00,
       1.6212293829151654e+00, -1.5593195687129859e-02,
       -3.0409137836115224e-01, 5.0359638065064473e-02,
       2.8157035231779421e+01, 4.2192396309407137e+01,
       -4.7680963101835738e+00, -2.2111136710698407e+01,
       1.4189791708670620e+00, -6.7880595006716336e+00,
       -8.2897709825249937e+00, 6.9919068620098512e-01,
       6.6678509868113149e+00, 1.3654473626478603e+00,
       -1.8845295718434343e+02, -2.4717536814894810e+01,
       3.4265231943791832e+01, -9.6636216935096293e+00,
       -4.4946198173122935e+00, -4.0334539550403612e+00,
       -2.7896304023048568e+00, -1.5654032927005843e-01,
       4.3642572718627033e+00, 7.7325358393862842e-01 ]
covs: !!opencv-matrix
   rows: 140
   cols: 10
   dt: d
   data: [ 4.1709396844662706e+03, -8.0282211312651768e+01,
       2.9190072011233847e+03, -8.1393902874729190e+02,
       -8.3008776784278538e+01, -3.2462885935953260e+01,
       -7.0717793004289831e+01, 8.6712071529901447e-01,
       -1.7945979952511568e+01, 3.0409631566062276e+00,
       -8.0282211312651825e+01, 5.1120870823684108e+03,
       9.4161712784127906e+02, 2.6947979717638073e+03,
       -3.8264033235675996e+01, -7.0433057639621779e+01,
       -2.8180632583370855e+01, -4.0205137521450077e+01,
       2.8564786884181017e+00, -7.9212954785838035e+00,
       2.9190072011233847e+03, 9.4161712784127940e+02,
       2.5430325640808128e+03, -9.7457804945324412e+01,
       -9.4253843158078368e+01, -8.3052706925509796e+01,
       7.9134608886083324e+00, -1.9043347355858988e+00,
       -9.1241551794044096e-01, 1.2709915536478511e+00,
       -8.1393902874729179e+02, 2.6947979717638073e+03,
       -9.7457804945324469e+01, 1.7503004134808946e+03,
       6.6237462227035778e+01, -1.1443875859428235e+02,
       -1.1580983258408571e+01, 7.9921171662537400e+00,
       -1.3233050388448448e+00, -3.8959244586266217e-01,
       -8.3008776784278524e+01, -3.8264033235675996e+01,
       -9.4253843158078368e+01, 6.6237462227035792e+01,
       3.4440583543874183e+01, -3.2304205848644358e+01,
       -2.0265429773636701e+00, 1.2237203342895119e+01,
       -2.2625493174486864e+00, 1.7667965636953451e+00,
       -3.2462885935953260e+01, -7.0433057639621751e+01,
       -8.3052706925509767e+01, -1.1443875859428235e+02,
       -3.2304205848644358e+01, 1.3232781911818310e+02,
       -2.2410779842394504e+01, -2.4930221567920814e+00,
       -1.2863134920346933e+00, -3.3854835702862753e+00,
       -7.0717793004289859e+01, -2.8180632583370866e+01,
       7.9134608886083351e+00, -1.1580983258408571e+01,
       -2.0265429773636701e+00, -2.2410779842394504e+01,
       2.1643640249769899e+01, -2.4937055988600623e-01,
       2.9805565256684861e+00, 1.2797391495117275e-01,
       8.6712071529901213e-01, -4.0205137521450069e+01,
       -1.9043347355858991e+00, 7.9921171662537400e+00,
       1.2237203342895119e+01, -2.4930221567920814e+00,
       -2.4937055988600623e-01, 1.4341898030850738e+01,
       -1.2039133634638250e+00, 8.6014334587531516e-01,
       -1.7945979952511564e+01, 2.8564786884181013e+00,
       -9.1241551794044129e-01, -1.3233050388448453e+00,
       -2.2625493174486864e+00, -1.2863134920346933e+00,
       2.9805565256684861e+00, -1.2039133634638250e+00,
       9.1547636393693133e-01, -6.9141585334372854e-02,
       3.0409631566062276e+00, -7.9212954785838035e+00,
       1.2709915536478511e+00, -3.8959244586266223e-01,
       1.7667965636953451e+00, -3.3854835702862758e+00,
       1.2797391495117275e-01, 8.6014334587531505e-01,
       -6.9141585334372868e-02, 3.4344653166340228e-01,
       7.2387573968176212e+03, 1.9529520325340692e+02,
       1.8003527549660082e+03, -5.4503542765991540e+02,
       -9.0684626088597281e+02, 7.9041563856418655e+00,
       -9.5741748162446243e+01, 3.0253176260061199e+01,
       -2.6088815824756487e+01, 1.6310945182701292e-01,
       1.9529520325340698e+02, 8.6102530366745177e+03,
       1.6487849372271663e+02, 1.3377089018181248e+03,
       -2.7942390627493813e+02, -4.5306913342411127e+02,
       -6.8979492275293595e+01, -2.4978175740147776e+01,
       -1.0672398059860155e+01, -7.4186788680643412e+00,
       1.8003527549660082e+03, 1.6487849372271663e+02,
       2.7118383563565776e+03, 2.5842836130864423e+01,
       2.6747990322947965e+02, 6.9947174652731547e+01,
       1.9568953486640602e+01, -1.4472714473413136e+01,
       -7.5433734472052372e-01, -2.5989849494456524e-01,
       -5.4503542765991517e+02, 1.3377089018181250e+03,
       2.5842836130864416e+01, 2.1731710228363509e+03,
       3.4896830759800039e+01, 7.6239713150053035e+01,
       2.0452744932187212e+01, 1.2015488619678752e+01,
       8.7734013356915703e+00, -1.4854731937802002e+00,
