%YAML:1.0
means: !!opencv-matrix
   rows: 14
   cols: 7
   dt: d
   data: [ 1.5345441864374340e+02, -3.3580644518627622e+01,
       -3.1818085324973048e+01, 3.0598265049870712e+01,
       -2.0204564943657566e+01, 3.7311132631628672e+00,
       -1.7430810561983479e-02, -5.3282468544410982e+01,
       -4.8964528389080719e+01, 2.6033491106522604e+01,
       2.1012063986719106e+01, 2.2737782427812395e+01,
       1.5556598314796130e+01, 1.7690118647892001e+00,
       1.3841324756406252e+02, 4.4624817116966980e+01,
       -4.5328496824257165e+01, -3.0854823088719128e+00,
       -8.7564788759311973e+00, -3.2822552338111417e+00,
       1.4076988076743717e+00, -1.7204486710284564e+02,
       3.1346353578218523e+01, 3.5709877799608286e+01,
       -2.7466235175653910e+01, -3.2254595139918720e+00,
       -3.6198007690562339e+00, 2.4377419628313823e-01,
       3.6101536196043440e+01, -1.1279085387375471e+01,
       -8.8103601180743105e+00, 2.9474363485197053e+00,
       -1.1435796145407535e+01, -1.2573721477473713e+01,
       -3.0704679287297445e+00, -7.0987387839884775e+01,
       -1.8725372805223938e+02, 3.0530018682752846e+01,
       6.2598472854089913e+01, -1.2138903002330869e+01,
       -2.3783739933292022e+01, -3.7709572976922443e+00,
       -1.7992872022968223e+02, -6.8640095938253921e+01,
       4.6766345950536682e+01, 2.1204471283062329e+01,
       -1.9548767805390646e+01, 5.2718355703770960e+00,
       -1.4855642006441758e+00, -9.9432081756020718e+00,
       7.8869870162386517e+00, -3.1822216396877137e+00,
       -1.0468252894996239e+01, 2.9899668712676377e+01,
       -2.1913789054590014e+00, 1.5711444644731325e+00,
       1.5541412635394417e+02, -2.3684220683647048e+01,
       4.2556681151058527e+01, -2.1346711613736327e+00,
       1.1477672255838634e+01, -4.8745790503762674e+00,
       -5.0149409751736085e-01, 9.8714427523979126e+01,
       -4.6735256824874561e+01, -2.2090085498155243e+01,
       3.6663542271753990e+01, -2.7291255488367302e+01,
       2.3809728248555704e+01, 1.2560461514062868e+00,
       5.3929274641778015e+01, -2.1731671689457389e+01,
       -2.5009673736205940e+01, 2.0850209934808092e+01,
       6.7618170663720747e+00, 4.6346887077678804e+00,
       4.4787086166123730e-01, 2.7179864199776951e+01,
       1.1485801861549676e+02, -2.4065654126419812e+01,
       -4.7835518365723445e+01, -3.1542104709714192e+00,
       -1.8835217143922833e+00, 1.5676746207985719e+00,
       -5.1898256493287231e+00, 5.0037716431043989e+01,
       1.5862703083577774e+00, -2.6273362681689456e+01,
       1.6663577644173923e+01, -1.0108781698761378e+01,
       -4.3758331858557904e+00, -1.1905041726608171e+02,
       1.1739154513470719e+02, 9.7880601168252603e+00,
       -5.4053095368207337e+01, -1.2728003107023467e+01,
       1.0242711671211079e-01, 7.4587001271803932e-01 ]
covs: !!opencv-matrix
   rows: 98
   cols: 7
   dt: d
   data: [ 9.0157416430151206e+03, 1.1830798333885239e+03,
       2.1395747708866838e+03, -1.4714476605271586e+03,
       5.1326387990143917e+02, -6.3677763658369020e+02,
       -1.6500061360042554e+02, 1.1830798333885236e+03,
       7.0491274642771341e+03, 8.1616950102864882e+02,
       2.1656569819186116e+03, 1.4060291397929083e+02,
       -7.8101872117804803e+01, -5.6016747286481987e+01,
       2.1395747708866834e+03, 8.1616950102864905e+02,
       2.4766650532983372e+03, 5.7974090413748677e+01,
       -1.8494451823890606e+02, 9.5929922014946243e+01,
       3.2135807583017993e+01, -1.4714476605271586e+03,
       2.1656569819186116e+03, 5.7974090413748648e+01,
       1.8870931595904472e+03, -6.0929652124836522e+01,
       3.7517934763767023e+01, 9.7602289689823785e+00,
       5.1326387990143917e+02, 1.4060291397929086e+02,
       -1.8494451823890606e+02, -6.0929652124836515e+01,
       1.1274668636268740e+02, -1.1079727476345425e+02,
       -1.2238074730289453e+01, -6.3677763658369020e+02,
       -7.8101872117804845e+01, 9.5929922014946243e+01,
       3.7517934763767023e+01, -1.1079727476345425e+02,
       2.1040259506677356e+02, -1.0522420708883766e+01,
       -1.6500061360042554e+02, -5.6016747286482016e+01,
       3.2135807583018000e+01, 9.7602289689823785e+00,
       -1.2238074730289453e+01, -1.0522420708883766e+01,
       2.2649158157326806e+01, 6.8485715458578024e+03,
       -1.8590270633057717e+03, 2.7068205003319981e+03,
       -2.8491290814545431e+02, 4.5156840393580421e+02,
       -9.8807648948295196e+01, 2.8355886904932230e+00,
       -1.8590270633057712e+03, 7.4500957205795285e+03,
       1.1322406920459866e+03, 2.0805417105784022e+03,
       -2.4402504490730942e+02, 1.2512807277596653e+02,
       -1.1240510147671126e+01, 2.7068205003319981e+03,
       1.1322406920459873e+03, 2.4305575689111533e+03,
       -2.3514676821658014e+02, -1.2592416691267287e+02,
       8.2548789167313164e+00, -4.8093373091067999e+00,
       -2.8491290814545431e+02, 2.0805417105784022e+03,
       -2.3514676821658020e+02, 2.0026550909688951e+03,
       1.1490407212490094e+02, -1.4791127838845810e+01,
       1.3865575632374391e+01, 4.5156840393580421e+02,
       -2.4402504490730942e+02, -1.2592416691267287e+02,
       1.1490407212490094e+02, 2.2790377119779700e+02,
       -2.9075582616282453e+01, -2.5174607887564246e+01,
       -9.8807648948295196e+01, 1.2512807277596653e+02,
       8.2548789167313181e+00, -1.4791127838845810e+01,
       -2.9075582616282453e+01, 1.1112522477938585e+02,
       -2.5696236191993133e+01, 2.8355886904932235e+00,
       -1.1240510147671126e+01, -4.8093373091068017e+00,
       1.3865575632374384e+01, -2.5174607887564246e+01,
       -2.5696236191993137e+01, 2.1873564434548189e+01,
       7.0265976981141976e+03, -1.7220863074402478e+03,
       2.3432239418328345e+03, 1.9186125970614938e+02,
       -3.6982366253421262e+01, -2.0444933227850001e+02,
       -5.5960637182492938e+01, -1.7220863074402482e+03,
       8.4607614671537467e+03, 1.1075499692470628e+03,
       1.3127381208649904e+03, -5.7950188954453505e+00,
       2.4761662856423871e+02, -2.8399591345207639e+01,
       2.3432239418328345e+03, 1.1075499692470628e+03,
       2.5158566043391966e+03, -3.8084908900535964e+02,
       -8.0526211305826237e+01, -3.2372047694158418e+01,
       3.7523115794990865e+01, 1.9186125970614935e+02,
       1.3127381208649904e+03, -3.8084908900535959e+02,
       2.3897219583803808e+03, 5.8370843544966966e+01,
       -2.2917336983524589e+02, -6.5505660818703797e+00,
       -3.6982366253421269e+01, -5.7950188954453568e+00,
       -8.0526211305826237e+01, 5.8370843544966966e+01,
       1.9888095513682156e+01, -9.0140393249762631e+00,
       -6.5899827614608846e+00, -2.0444933227850001e+02,
       2.4761662856423871e+02, -3.2372047694158418e+01,
       -2.2917336983524589e+02, -9.0140393249762631e+00,
       7.6909290931197376e+01, -1.8000021644470383e+01,
       -5.5960637182492938e+01, -2.8399591345207639e+01,
       3.7523115794990865e+01, -6.5505660818703806e+00,
       -6.5899827614608855e+00, -1.8000021644470383e+01,
       2.0887588629362391e+01, 6.9113661954224890e+03,
       3.7628325333376023e+02, 2.7449848716468928e+03,
       -1.0400952028279928e+03, 2.5987187126326808e+02,
       2.4980693407778108e+02, 1.2140951437963760e+02,
       3.7628325333376046e+02, 7.0320728293980819e+03,
       5.7749568181795928e+02, 2.2719824423917512e+03,
       1.5320783267313826e+02, 1.4800278449604571e+02,
       -1.8481752855968509e+01, 2.7449848716468928e+03,
       5.7749568181795928e+02, 2.3971906207437860e+03,
       4.9503994346757416e+00, -1.1413868357430115e+02,
       -1.7625942755048699e-01, -1.7734246049681982e+01,
       -1.0400952028279928e+03, 2.2719824423917512e+03,
       4.9503994346757532e+00, 1.7271491157125945e+03,
       -1.2992593726955155e+01, -3.6941324139417979e+01,
       3.1479411922197336e+01, 2.5987187126326808e+02,
       1.5320783267313820e+02, -1.1413868357430115e+02,
       -1.2992593726955150e+01, 1.0817615310398531e+02,
       5.1506002286629574e+01, 1.5066646694355763e+00,
