%YAML:1.0
means: !!opencv-matrix
   rows: 36
   cols: 1
   dt: d
   data: [ -9.8618911139194935e+01, 1.2844678527587925e+02,
       1.3316579981514097e+01, -2.3699826975503785e+02,
       2.2950561313780156e+02, -1.5438365937856588e+02,
       6.8876868860580117e+01, -2.7133774786358700e+01,
       -3.1582637625407966e+02, 1.8698605178355879e+02,
       -1.9641236643804677e+02, 2.8102609117349698e+02,
       -5.4406888319251728e+01, 9.7533408741609449e+01,
       -1.1499780734643494e+02, 4.0920379865518015e+01,
       1.4706286754543319e+02, -2.1673433778713482e+02,
       2.0678776025416389e+02, -2.8753189675471026e+02,
       -1.3688790861608606e+01, -1.3379743227618115e+02,
       5.4915928256856972e+01, -4.0660619453041136e+01,
       8.2677574997710579e+01, -8.4442866834163596e+01,
       2.5368895426106982e+02, -3.4552973828811525e+02,
       3.0776267077995271e+02, -4.1026184376814318e-01,
       2.7398411883127501e+01, -2.6434218265951694e+02,
       1.6652060745695698e+02, -6.9006146257336795e+01,
       1.1209509617569390e+02, -1.7484138491510234e+02 ]
covs: !!opencv-matrix
   rows: 36
   cols: 1
   dt: d
   data: [ 5.7551460389104641e+01, 7.0447359828862957e+01,
       4.5666949248197085e+01, 1.4121588198713425e+02,
       1.6318644124187816e+02, 9.1156987603023524e+01,
       4.1914973876711976e+01, 4.9144313402231205e+01,
       2.7417801528777807e+02, 8.8250880334075504e+01,
       1.2171714231176408e+02, 3.6647430089588704e+02,
       4.7949320407390083e+01, 5.5835370669544297e+01,
       6.9764691565072880e+01, 4.3881005833146133e+01,
       7.5563869945213156e+01, 1.4662057723515363e+02,
       1.1021875600801661e+02, 2.0480845873299023e+02,
       4.9722251771113072e+01, 7.7669561442664872e+01,
       3.8852893565408529e+01, 4.7720522312630273e+01,
       4.8727376053576805e+01, 5.1757646997972273e+01,
       2.4413478025056108e+02, 5.9154421423282895e+02,
       8.1661187128875076e+02, 4.7463314240961971e+01,
       4.7231903391498840e+01, 1.7068371858682221e+02,
       8.1032027823210086e+01, 4.8890896158783576e+01,
       6.4894388415047828e+01, 1.0871443769308195e+02 ]
weights: !!opencv-matrix
   rows: 1
   cols: 36
   dt: d
   data: [ 3.2344255021260419e-02, 3.9199332866248014e-02,
       4.0982031503186273e-02, 1.9060280272375656e-02,
       1.6508885586724403e-02, 2.7628826559221387e-02,
       3.8865747044189686e-02, 3.4684382681632729e-02,
       7.0595133330641482e-03, 2.4105868106802569e-02,
       2.3703029581463364e-02, 7.9234027511431975e-03,
       3.4076598875869196e-02, 3.9791148287649021e-02,
       3.3552768627045086e-02, 4.0113262497916170e-02,
       3.3406742854638669e-02, 1.8874229004664140e-02,
       1.9532409509488587e-02, 1.0293372770118537e-02,
       3.4973053105295346e-02, 3.2569670567210933e-02,
       3.9793151953704954e-02, 3.4032586419461719e-02,
       3.9004680151897127e-02, 3.4496807459304869e-02,
       1.1181831535416433e-02, 3.6119586637718168e-03,
       5.6466547812823835e-03, 3.7311666540634753e-02,
       3.8483477753277755e-02, 1.5819635385124611e-02,
       3.2446955747725971e-02, 3.6146772083737198e-02,
       3.8028686852195945e-02, 2.4746323265246357e-02 ]
pca_proj: !!opencv-matrix
   rows: 1
   cols: 21
   dt: f
   data: [ 1.02604255e-02, 8.46533298e-01, 5.67100069e-05,
       -5.08859605e-02, 4.68450844e-01, 1.89823491e-04, -5.55210514e-03,
       1.46431834e-01, -1.98076777e-05, -7.31809530e-03, 1.34976640e-01,
       -4.80776835e-05, -6.69380091e-03, 1.46460637e-01, -1.57161594e-05,
       2.11501210e-05, 1.32904761e-05, -3.16381829e-07, -1.62182951e-05,
       4.47223283e-04, 4.04881848e-06 ]
pca_mean: !!opencv-matrix
   rows: 1
   cols: 21
   dt: f
   data: [ 4.33646118e+02, 2.44701981e+02, 1.49672687e+00,
       4.18191803e+02, 2.60206879e+02, 1.62062907e+00, 3.68545319e+02,
       2.27059875e+02, 1.69770968e+00, 3.19420807e+02, 1.63929108e+02,
       1.75046074e+00, 3.16613464e+02, 2.25532654e+02, 1.70717156e+00,
       1.08872897e-04, -9.74175637e-05, 6.24380555e-05, -2.17504916e-04,
       -2.50119597e-01, 1.75055194e+00 ]
gamma: !!opencv-matrix
   rows: 36
   cols: 1
   dt: d
   data: [ 8.0452155062556263e-01, 8.2378685567363275e-01,
       7.6409046422901061e-01, 8.7652128790966677e-01,
       8.7434099216490890e-01, 8.3841708598395737e-01,
       7.8657440467699236e-01, 7.6711108079842183e-01,
       9.0148075626924062e-01, 8.5545537773107916e-01,
       8.5977172538060287e-01, 8.9318328806779146e-01,
       7.7826484271417207e-01, 8.0443889787303946e-01,
       8.1499069208317321e-01, 7.7229758072308763e-01,
       8.3466327487869529e-01, 8.6875844987172324e-01,
       8.6461341816239323e-01, 8.9346248310345100e-01,
       7.6412326714568701e-01, 8.2649351670657922e-01,
       7.7878214191974859e-01, 7.7187996509235657e-01,
       7.9502680273847015e-01, 7.9556348236909813e-01,
       8.8371158363381197e-01, 9.1022750233296601e-01,
       9.0348356725714507e-01, 7.6304644643903474e-01,
       7.6743420455202938e-01, 8.8617863793561313e-01,
       8.4524336339331152e-01, 7.8625261524661605e-01,
       8.1372208014192993e-01, 8.4937295614053154e-01 ]
