%YAML:1.0
means: !!opencv-matrix
   rows: 24
   cols: 9
   dt: d
   data: [ -1.4822158472677754e+02, -1.0356968051670252e+02,
       2.7542906904811197e+01, 6.6580771143295124e+01,
       -1.9761757511077167e+01, 6.8282842722195602e-01,
       -2.2600023688525453e-01, -1.4609402287266706e+00,
       1.0305430634055173e+00, 8.6195519667988208e+01,
       8.0675682699427931e+00, -2.6911193426392636e+01,
       -3.1100996129255005e+01, -2.8941686370748126e+01,
       -1.6357570513357668e+01, 4.4851155529037866e-03,
       -1.1875524291988606e+00, 8.1873606220334808e-02,
       -1.4198277042270232e+02, -2.0850870130393608e+00,
       3.5569025223085163e+01, 7.5671361511482758e+00,
       -1.3114308875494856e+00, 1.0734482226123628e+01,
       -1.0031502272442738e+00, 5.5847296280406389e-01,
       1.5951611320893996e-01, 9.9118043615806272e+01,
       -5.3100760014330369e+01, -2.8827821318348427e+01,
       3.5590555386374085e+01, -4.9137522239148668e+00,
       1.0984543245041474e+01, -4.8543778384791174e-02,
       1.3751985433871665e+00, 1.6666312202698103e-01,
       -1.7148690287901491e+02, 4.8791659173281758e+01,
       3.9869534378828654e+01, -3.2067955656565893e+01,
       -1.3698192165771683e+01, -4.1758897688268988e+00,
       7.5631508346694143e-01, 1.4540019439510539e+00,
       3.1043880314171263e-01, -1.8933312059660375e+02,
       1.6654777283362694e+01, 3.5887529331425682e+01,
       -8.5780237857578587e+00, -3.9161370815252603e+00,
       3.6830248531385199e+00, -3.0908800131064367e+00,
       -6.6240508382291425e+00, -2.5889659380441188e+00,
       -2.0272437426378892e+02, 1.0203081976623406e+02,
       4.0894392258881034e+01, -5.4562665235671879e+01,
       -2.4618753530149807e+01, 2.0283470045508984e+01,
       -4.6749891988340497e+00, 1.9997669752816734e+00,
       1.0106698836011527e+00, -8.2767447952713002e+00,
       4.8865004205097264e+01, 1.4306622597328747e+01,
       -3.2577438462976204e+01, 2.3868028867401076e+01,
       -8.6631995397630472e+00, -4.2120032732277055e+00,
       -2.7561862831424695e+00, -5.3944363116859728e+00,
       8.1535320374947617e+01, 1.9951944977410630e+01,
       -2.2440023117281559e+01, -3.1930488887162074e+01,
       -2.5080917874454851e+01, -2.0719645735724495e+01,
       1.3234916569494917e+00, -2.8838910750291418e+00,
       3.0073465047244580e-01, -2.5177871283171740e+00,
       1.1939310500731143e+01, -3.3922540923686735e+00,
       -1.3842661169663653e+01, -5.8993570680079319e+00,
       -8.7102162830961216e+00, 2.2481630146746774e+00,
       1.8859374543649292e+00, 4.9522211492735058e-01,
       -6.3557531348406854e+01, -3.5750438185402160e+01,
       3.5879817457202982e+01, 4.4760439012595377e+01,
       1.6811724355967812e+01, -8.9873711868357997e+00,
       -9.4342365739749408e+00, -5.3266371155371726e+00,
       -4.3280105610044775e+00, 3.3641462856725347e+01,
       -9.6761566883209838e+01, -9.7585166575542033e+00,
       6.9568731980423422e+01, -4.1541990766377488e+00,
       -1.4436820494581486e+00, 2.0813731023035920e+00,
       -3.9293021822802593e-01, -6.7145861321407582e-02,
       -5.7520705341948975e+01, -8.0331617261113195e+01,
       1.5835342665089712e+01, 4.9913749739625423e+01,
       8.1126248438012087e+00, -3.8980026634888749e+00,
       1.9356338105420952e+00, -2.8929334110481608e-01,
       2.3448344937552509e-01, 1.1437461123367356e+02,
       5.7290014091694559e+00, 3.5338792543737355e+01,
       6.8712373117605241e-01, 1.1242199722009103e+01,
       1.1609878779961025e+00, 2.1044000531160589e-01,
       1.1807601164180546e+00, 3.8468668030906039e-01,
       1.6262115030542543e+02, 2.6155359291445098e+01,
       -4.2640234279486300e+01, -3.4389705467790940e+01,
       -9.5280638631154861e+00, 1.2928894528428465e+01,
       6.1388776792039379e-01, -3.5945971660237941e+00,
       -1.6604972481414786e+00, 1.5220250042211819e+02,
       1.2520037314955461e+01, -4.2439683053561382e+01,
       -2.8169676252873708e+00, -5.1883237706334926e+00,
       1.3161052382592072e+01, -1.2308085023896762e+00,
       1.1982128013491946e+00, 4.7433427132328843e-01,
       1.8519510253387622e+01, 1.5543671783638081e+02,
       -1.9184053423994063e-01, -8.6166723233908002e+01,
       1.5944764103497757e+01, 1.5579906467052947e+01,
       -3.6530631084953114e-01, 2.3506581179347052e+00,
       1.9025525421551921e+00, -1.9359609693134703e+02,
       -2.3018884599757957e+01, 4.5018343232195313e+01,
       1.7326415875978416e+01, -9.9936339650590984e+00,
       3.0826875595609740e+00, 4.2356129430591249e-01,
       1.0269804734992443e+00, 4.4780036695684533e-01,
       -5.1553860295748448e+00, 3.6682968084000841e+01,
       9.6881731052881008e+00, -2.0854119639865008e+01,
       3.8488373004132129e+01, -5.9039043658331929e+00,
       1.4619320177705373e+00, 6.8763420442887535e-01,
       4.7246260470544299e-01, 1.4624627015374719e+02,
       7.2201962345462567e+00, -2.9265541796693896e+01,
       -3.7213878152476404e-01, -9.8919620730540743e+00,
       2.2737191660025388e+01, -1.5019703044646411e+01,
       -7.1263220865015411e+00, -6.4414569231998486e+00,
       -8.0900259345958162e+01, 1.1916653064005926e+01,
       2.7280461581158150e+01, -1.3157542515627473e+01,
       1.7394842896636550e+01, -1.6896819318535716e+01,
       2.3104027392522033e+00, -2.5267819468560127e-01,
       2.8961947343056186e-02, 6.5562684310908921e+01,
       -1.4130876250857369e+01, -5.0476749607493971e+00,
       4.5916408615679192e+00, -6.2898813912500717e-01,
       2.8716666952953527e+00, -7.3212964252432755e+00,
       -4.3569715298064073e+00, -4.8294180981551760e+00,
       1.5863400529617036e+02, 2.5619255990868155e+01,
       -4.4184093344497171e+01, -1.1399303014011286e+01,
       -1.0068007584110036e+01, 4.0519362501182616e+00,
       1.0867184098617690e+00, 1.9931164594583410e+00,
       7.0756515190086799e-01, 6.8100277484549894e+00,
       1.0992962716523415e+01, -5.1360282830944996e+01,
       -2.0352190115970150e+00, 1.4446941165409838e+01,
       1.1362093192377869e+00, 5.6857252833709482e-01,
       5.9336090179121381e-01, 2.9884301908450778e-01 ]
