%YAML:1.0
means: !!opencv-matrix
   rows: 5
   cols: 7
   dt: d
   data: [ 1.2876214148445442e+02, -4.1408363756570409e+01,
       -2.8648202960282934e+01, 3.4764407331669425e+01,
       -2.1938293496004153e+01, 1.2567792637576746e+01,
       9.0288901211541950e-01, -1.5140010651315887e+02,
       -6.4135995409138644e+01, 4.3394052837069125e+01,
       1.9385484963363112e+01, -1.1563990973684975e+01,
       3.5799238597133849e+00, -1.0495934399819062e+00,
       1.9534129296413308e+01, -4.9012234638566220e+01,
       4.7773553386901542e+00, 1.6955234142518190e+01,
       1.9495598917171073e+01, -9.4265593147848636e-01,
       3.8221404120468511e-01, 7.4132795442444277e+01,
       7.0807003766153400e+01, -2.8250062499925050e+01,
       -2.3973203912262910e+01, -4.6070034026744500e+00,
       -4.6564215655384436e+00, -5.2569487766990608e-01,
       -1.4433529563647821e+02, 6.9039597558469765e+01,
       2.5004518335840540e+01, -3.8792002653822721e+01,
       -5.3959917243175628e+00, -2.2408119057064715e+00,
       5.9441600677036810e-01 ]
covs: !!opencv-matrix
   rows: 35
   cols: 7
   dt: d
   data: [ 6.9187976411058880e+03, 4.3116513169020948e+02,
       2.3459417211624168e+03, -1.0757153257493796e+03,
       3.1523639021449463e+02, -6.3455792983500703e+02,
       -1.0344387913789267e+02, 4.3116513169020942e+02,
       5.6975532710491934e+03, 7.5223087203859518e+02,
       2.4713446043169411e+03, 5.4639047701436731e+01,
       -1.4921836996693025e+02, -3.3652931455927011e+01,
       2.3459417211624168e+03, 7.5223087203859518e+02,
       2.6112110290099690e+03, -4.0073545563512582e+01,
       -1.8023570666915168e+02, 8.1062262093636406e+01,
       2.2388739206331845e+01, -1.0757153257493799e+03,
       2.4713446043169411e+03, -4.0073545563512575e+01,
       1.7771016907352534e+03, 8.3115282467396430e+00,
       -3.1537356332473063e+01, -8.1970836686258757e+00,
       3.1523639021449463e+02, 5.4639047701436731e+01,
       -1.8023570666915168e+02, 8.3115282467396518e+00,
       1.0228488604280001e+02, -1.2574473428243883e+02,
       -6.6943248380949933e+00, -6.3455792983500714e+02,
       -1.4921836996693023e+02, 8.1062262093636420e+01,
       -3.1537356332473063e+01, -1.2574473428243883e+02,
       2.9647784372396058e+02, -1.5378947807258063e+01,
       -1.0344387913789267e+02, -3.3652931455927018e+01,
       2.2388739206331842e+01, -8.1970836686258757e+00,
       -6.6943248380949933e+00, -1.5378947807258063e+01,
       2.1972356687118584e+01, 7.5059638143015372e+03,
       5.7561169235668774e+02, 2.8382509834070406e+03,
       -9.5937261522219057e+02, 5.8962496361352271e+02,
       3.9936056027104962e+02, 1.1222983208624684e+02,
       5.7561169235668763e+02, 8.0041755460436470e+03,
       7.4103073180533090e+02, 1.9831105331044962e+03,
       7.3971875662412731e+02, 5.9423782057694586e+02,
       1.1068089906456353e+02, 2.8382509834070406e+03,
       7.4103073180533079e+02, 2.4535103655870798e+03,
       -5.3822124280007607e+01, -1.4099379993495978e+02,
       -7.6186570164353725e+01, -3.0656483119653110e+01,
       -9.5937261522219080e+02, 1.9831105331044964e+03,
       -5.3822124280007635e+01, 1.9510754358430136e+03,
       -2.4753277305878095e+02, -1.0320038747845325e+02,
       -2.4448858615076183e+01, 5.8962496361352282e+02,
       7.3971875662412731e+02, -1.4099379993495978e+02,
       -2.4753277305878100e+02, 3.9918133926724380e+02,
       1.7896268276079985e+02, 3.1705056079442286e+01,
       3.9936056027104962e+02, 5.9423782057694586e+02,
       -7.6186570164353739e+01, -1.0320038747845325e+02,
       1.7896268276079985e+02, 3.3236371185502941e+02,
       1.1657409811613473e+01, 1.1222983208624684e+02,
       1.1068089906456353e+02, -3.0656483119653107e+01,
       -2.4448858615076183e+01, 3.1705056079442279e+01,
       1.1657409811613473e+01, 3.4450981950832450e+01,
       6.8866874093181823e+03, -8.2478480106277550e+02,
       2.5788848483008060e+03, -5.7458671561885797e+02,
       -3.9774236762545320e+02, -1.9611685209212482e+01,
       -3.0693528383196291e+01, -8.2478480106277539e+02,
       1.0905139174306343e+04, 4.8722671864704915e+02,
       6.2718243345371377e+02, 3.4502636049617939e+02,
       1.4918424626113185e+02, 1.0574293708250691e+01,
       2.5788848483008060e+03, 4.8722671864704915e+02,
       2.5718015094438269e+03, 1.5868864244369112e+00,
       3.1117082579032619e+01, 3.0820922067881451e+01,
       1.1876002187142257e+01, -5.7458671561885797e+02,
       6.2718243345371377e+02, 1.5868864244369070e+00,
       2.4825741624345483e+03, -8.0716908330813055e+01,
       -1.8790497455259477e+01, 5.3837109269657457e+00,
       -3.9774236762545320e+02, 3.4502636049617934e+02,
       3.1117082579032644e+01, -8.0716908330813041e+01,
       3.5921418438379703e+02, 5.9668948230763462e+01,
       -1.2778810739585531e+01, -1.9611685209212474e+01,
       1.4918424626113185e+02, 3.0820922067881444e+01,
       -1.8790497455259469e+01, 5.9668948230763476e+01,
       3.0906260521044243e+02, 5.3967806087592871e+00,
       -3.0693528383196281e+01, 1.0574293708250691e+01,
       1.1876002187142253e+01, 5.3837109269657502e+00,
       -1.2778810739585534e+01, 5.3967806087592862e+00,
       2.6493951588883675e+01, 9.6700070018449933e+03,
       -2.3742158989051864e+03, 2.1039412734517041e+03,
       6.5308030640639117e+02, -3.2118575149320463e+02,
       -1.9831834208856182e+02, -9.3976733522142013e+01,
       -2.3742158989051864e+03, 8.5639637107986473e+03,
       1.0802687364874632e+03, 1.4547867713691005e+03,
       9.4649293688356678e+01, 1.8402441440475900e+02,
       -1.6965592752148442e+01, 2.1039412734517041e+03,
       1.0802687364874632e+03, 2.7074942053832092e+03,
       -3.4996690608757973e+02, -2.2198435488112349e+01,
       -4.0702450134959072e+01, 1.3293039187021424e+01,
       6.5308030640639140e+02, 1.4547867713691003e+03,
       -3.4996690608757979e+02, 2.4115205392613220e+03,
       1.9700341974641677e+01, -2.1850793965878270e+02,
       -1.3272281231338592e+01, -3.2118575149320463e+02,
       9.4649293688356678e+01, -2.2198435488112342e+01,
       1.9700341974641677e+01, 1.3236169624543911e+02,
       -1.3415188540251011e+01, -9.2306759292060487e+00,
       -1.9831834208856176e+02, 1.8402441440475900e+02,
       -4.0702450134959072e+01, -2.1850793965878273e+02,
       -1.3415188540251007e+01, 8.8451925139154881e+01,
       -7.4486550822835849e+00, -9.3976733522142013e+01,
       -1.6965592752148446e+01, 1.3293039187021424e+01,
       -1.3272281231338592e+01, -9.2306759292060470e+00,
       -7.4486550822835849e+00, 3.7894092930924998e+01,
       7.6300155518443598e+03, 1.0639492535483132e+03,
       2.4638730890170232e+03, -1.2804120197366228e+03,
       1.9921340832715410e+02, 2.4972363287386861e+02,
       1.1679422440949878e+02, 1.0639492535483130e+03,
       7.9793990640225411e+03, 2.1439970742850522e+02,
       2.0184427871562959e+03, -1.0143993663848241e+02,
       1.6272146853971913e+02, -4.1289237575246730e+01,
       2.4638730890170232e+03, 2.1439970742850514e+02,
       2.6092094128909193e+03, 9.5784592173050569e+01,
       -5.9402319987154236e+01, -5.1626744395570157e+01,
       -2.1096365884619544e+01, -1.2804120197366228e+03,
       2.0184427871562959e+03, 9.5784592173050541e+01,
       1.7995567049784927e+03, 6.2204192708931288e+01,
       -7.8707288661241776e+01, 2.5842453305448146e+01,
       1.9921340832715410e+02, -1.0143993663848242e+02,
       -5.9402319987154243e+01, 6.2204192708931288e+01,
       1.6773343294419769e+02, 5.7015941935150387e+01,
       4.5912147038813487e+00, 2.4972363287386861e+02,
       1.6272146853971918e+02, -5.1626744395570185e+01,
       -7.8707288661241734e+01, 5.7015941935150380e+01,
       1.4126663365339766e+02, -5.1260717963240072e+00,
       1.1679422440949878e+02, -4.1289237575246730e+01,
       -2.1096365884619548e+01, 2.5842453305448146e+01,
       4.5912147038813504e+00, -5.1260717963240054e+00,
       2.4791002244504156e+01 ]
