%YAML:1.0
means: !!opencv-matrix
   rows: 3
   cols: 1
   dt: d
   data: [ 1.1424129653086419e+02, -1.7466064647106805e+02,
       -1.0281096828521939e+01 ]
covs: !!opencv-matrix
   rows: 3
   cols: 1
   dt: d
   data: [ 5.2065681416146181e+03, 6.2404671821228803e+03,
       5.9223350487307644e+03 ]
weights: !!opencv-matrix
   rows: 1
   cols: 3
   dt: d
   data: [ 3.7764845381636414e-01, 2.2354004789912590e-01,
       3.9881149828451923e-01 ]
pca_proj: !!opencv-matrix
   rows: 1
   cols: 21
   dt: f
   data: [ 4.36961316e-02, 8.50134730e-01, 1.73015636e-04,
       6.54514134e-02, 4.60692108e-01, 2.29939164e-04, 7.67599978e-03,
       1.46649793e-01, -1.37564148e-05, 1.21663406e-03, 1.30500361e-01,
       -5.45994153e-05, 8.06188770e-03, 1.42052382e-01, -2.12945142e-05,
       -2.45414903e-05, 9.56867734e-06, -1.94090262e-06, 3.13729906e-05,
       4.34020360e-04, 2.32224409e-07 ]
pca_mean: !!opencv-matrix
   rows: 1
   cols: 21
   dt: f
   data: [ 2.07625534e+02, 2.55653595e+02, 1.54502928e+00,
       2.18915131e+02, 2.60592743e+02, 1.67241716e+00, 2.65274475e+02,
       2.24016678e+02, 1.71669352e+00, 3.19420807e+02, 1.63929108e+02,
       1.75046074e+00, 3.16613464e+02, 2.25532654e+02, 1.70717156e+00,
       1.08872897e-04, -9.74175637e-05, 6.24380555e-05, -2.17504916e-04,
       -2.50119597e-01, 1.75055194e+00 ]
gamma: !!opencv-matrix
   rows: 3
   cols: 1
   dt: d
   data: [ 9.0855545365358448e-01, 9.2500630137093998e-01,
       9.0882476373735332e-01 ]
