%YAML:1.0
means: !!opencv-matrix
   rows: 40
   cols: 8
   dt: d
   data: [ -4.6303305854824401e+01, -3.0458230207456097e+01,
       2.7057695531695618e+01, 1.4193341816553234e+01,
       2.5206406989075465e+01, 1.0673867311946081e+01,
       7.3180805400577953e-01, 5.5527624801317899e-01,
       6.1757291030085710e+00, -1.1202922402415462e+02,
       1.8547532714365985e+01, 5.4773628383581638e+01,
       3.1555227111629094e+00, 1.6547402786935672e+00,
       1.0346640622554726e+00, -9.9160221323845699e-01,
       9.9797254257811403e+01, -4.6222452283671885e+01,
       -2.1439921783147220e+01, 3.6392776494734605e+01,
       -2.7641258117373621e+01, 2.3442978827129298e+01,
       1.1224417993463169e+00, 1.3528189916961466e+00,
       6.1259281635416211e-02, -9.8510856374276501e-01,
       5.7944123862288102e+00, -7.7740112873441394e+00,
       3.7462244391065653e+01, -1.3256869257417053e+01,
       -1.7035420826423502e+00, -9.5895469371617625e-01,
       2.6051556886928136e+01, 1.6084528816166891e+01,
       1.0283885664525396e+01, -2.8169662035601495e+00,
       1.1948936548267124e+01, 8.0293632678140039e+00,
       1.7685911335121165e+00, -9.1161648740953016e-01,
       -9.5273375283273268e+01, 9.3828234810550796e+01,
       -2.2609926734583457e+01, -4.3282055462868364e+01,
       8.1871518674600221e+00, 4.2278929720369414e+00,
       1.8246478789700129e+00, -3.1527669256425567e-01,
       -1.6649713232668748e+02, -1.6782726802135133e+02,
       5.2645484599072319e+01, 5.3679838222730915e+01,
       -4.2197430395210652e+01, -2.2207328004634888e+01,
       -5.9818064567585045e+00, -2.1934659386367432e+00,
       -1.3545443259282519e+02, 7.9488136253051721e+01,
       2.5768411145397902e+01, -3.8269673595130051e+01,
       -1.7938698130348201e+00, 6.7355032764086307e+00,
       1.9970522053088369e+00, 1.6815541449588238e+00,
       3.9795101476515441e+01, 8.5219357129634730e+01,
       4.9935739210901708e+01, -6.3470169337841938e+01,
       4.9217940889889249e+00, 1.8317920607235068e+00,
       1.6616928138430804e+00, -1.2205713467144033e+00,
       -1.7446373952196078e+02, -6.8209906916801444e+01,
       4.7039057607302873e+01, 2.7496015090966040e+01,
       -2.5778697554622646e+01, 8.8826981303815753e+00,
       -3.7431739394160923e-01, 1.1038436310650257e+00,
       9.1666511241389927e+01, -6.3231034148933404e+01,
       -1.3199809339646558e+01, 5.2402529862904217e+01,
       -2.4254273394439041e+00, 2.3558346408495886e+01,
       2.1282248837785400e+00, 2.6757838337647072e-01,
       2.0867583225530620e+02, 5.3732760351363682e+00,
       6.6381551356105462e-01, 1.1248841426828228e+01,
       -1.7659903092840601e+01, 1.8844366600543827e+00,
       -1.0970609183712949e+00, 1.0356344383389413e+00,
       1.2605927595316007e+02, 7.6518104952331178e+00,
       -3.8107863648926823e+01, 8.1320233506622071e+00,
       -1.4670861853247040e+01, -1.2002340367332314e+01,
       -4.8519468765561076e+00, 7.2764713784745128e-01,
       1.3295665815859869e+02, -9.0402705858611668e+01,
       -2.7235081692421275e+01, 4.8661342263166866e+01,
       -2.3703488843004450e+01, -3.2252062799668506e+00,
       1.6451870587406565e+00, -2.9872178283219113e+00,
       -8.3194092774199618e+01, -3.0355462125227969e+01,
       3.1670807172666077e+01, 3.1817807254680808e+01,
       1.2001050478156519e+00, 2.7194963709639403e+01,
       1.9193746583243669e+00, 1.3067100815862145e+00,
       6.6594502797915936e+01, 1.1377920939424889e+01,
       -7.4058815081864566e+01, 2.0893058543285761e+01,
       -6.3561861529865356e+00, -2.1719955180113470e+00,
       -2.8593183041638431e-01, 6.4916866688165806e-02,
       -4.9371658767107078e+01, 1.4635998225612113e+01,
       -5.7858599297826437e+01, 8.0830235352012831e+00,
       2.6937261310712575e+01, -2.9100474316200380e+00,
       1.5233648572135665e+00, -8.5027196603251753e-01,
       1.1329734239503324e+02, 9.4188362510413725e+01,
       -3.6384836912464330e+01, -2.6744948938026358e+01,
       -1.0704690286170251e+01, 3.5686190955321080e+00,
       1.9411765939616006e+00, -5.7363414965556325e-01,
       -1.5075913270031648e+02, -8.7247787134815908e+01,
       4.3545185988321258e+01, 3.0829741234067928e+01,
       -2.1179982218548215e+01, 1.0901286100114850e+01,
       -4.3685002270522979e+00, 3.3324631735243926e-01,
       3.9458071344061970e+01, 6.8906305375716769e+01,
       -1.6059385193797702e+01, -2.3854863657519218e+01,
       -3.4080667331015584e+00, -8.6404639746010830e+00,
       -4.4281260140289218e+00, 7.3867603315740127e-01,
       2.3121819043666068e+01, 1.2827044005614579e+02,
       -2.5842367462622782e+01, -5.6096409286683318e+01,
       -8.3145886195365346e+00, 1.9341182526971739e+00,
       2.6175785314547979e+00, -5.0741715761052769e-02,
       1.2635196535369662e+01, -2.4281822615045297e+02,
       6.9238346699825675e+00, 7.9028603003796107e+01,
       -7.8199440518061458e-01, -3.5830166427670072e+01,
       -2.6897047549577136e+00, -3.1572602666527820e+00,
       -1.3447472237807290e+02, 1.3023126272890312e+02,
       1.1565792547311073e+01, -5.4152387947309521e+01,
       -2.5208827001766416e+01, -4.4093152853644320e+00,
       -3.6205712850034905e-01, -1.2211497245191862e+00,
       1.5707325412740687e+02, -6.8158904295037900e+01,
       3.7331725567974026e+01, -4.3478578253208241e+01,
       7.0537128804339382e+00, -1.3026495518279657e+00,
       -4.6703789321299921e-01, -5.6594348677127004e-01,
       1.9449504032427563e+00, 9.3805080246559484e+01,
       -1.6003273438011369e+01, -4.0859228505671481e+01,
       1.4709596380446399e+01, -4.3607884022885610e+00,
       1.4886286507941182e+00, 7.7202156350827200e-01,
       4.1983181528731194e+01, 1.1274288558253089e+02,
       -2.6669697695243187e+01, -4.2642007181328530e+01,
       -7.7896985996813104e+00, -2.5753917930239174e+00,
       6.2315315035611263e-01, -9.7097877008012501e-01,
       1.9595612069350858e+02, -3.2653429649542929e+00,
       -5.0483009967533242e+01, 2.0118707293194674e+01,
       -9.9840737339272145e+00, -8.6177640012520165e+00,
       7.8657453738427952e-01, -5.6672425083348010e-01,
       1.7969492025729224e+01, -8.4707492854234459e+01,
       2.0136471500471874e+01, 4.3025457440558014e+01,
       2.7609021193415952e+01, 1.8823372852602628e+01,
       2.2071871457378607e+00, -6.1195951361622103e-01,
       7.9431587804375221e+00, -4.1238898189791911e+01,
       2.0254293550444931e+01, 1.4758718561007186e+01,
       3.9810804228144534e+01, -3.2694990942041208e-01,
       1.1618633676623882e+00, -9.3258799589749264e-01,
       -1.2659979227803467e+02, -7.4843013322723266e+01,
       4.0282167578661401e+01, 1.0378875619444585e+01,
       -5.4004474335975496e+00, -2.7763038180679132e+01,
       -3.1010761718429443e+00, -1.2003785177062187e+00,
       -2.1259218360821342e+02, 4.1572303278344720e+01,
       4.3279901990909046e+01, -3.3501644854966813e+01,
       -1.5932586979055854e+01, -1.1980454249615779e+01,
       -1.9953026954357189e+00, 1.4422813888167265e+00,
       -2.0187760294489811e+02, -3.6601753581489717e+01,
       4.7982575033065253e+01, -1.5903185458026419e+00,
       -1.1650392585636231e+01, -2.4179786406855555e+00,
       -1.0782029362300853e+00, 6.9016162423350247e-01,
       -1.0869020344770644e+02, 5.9346659070315859e+01,
       4.7065890488204843e+01, 3.5420128028242694e+01,
       1.2263286682187056e+01, 1.3681192921812375e+01,
       2.3400331956139322e+00, 1.3590915834860782e+00,
       1.0240556926503842e+01, -8.0871286762284029e+01,
       3.8667701827225534e+00, 2.2130168886199041e+01,
       -1.0351006209682650e+01, -1.4358647479374286e+01,
       -1.0927524520945660e+00, -1.7530205635699622e-02,
       9.2667568339829998e+01, 1.6689233102734082e+01,
       -8.0885849751947489e+00, 3.0871152534811230e+01,
       1.4169131628834933e+01, -9.7174401707983407e+00,
       -2.1000678756355298e-01, -8.8709422508313307e-01,
       -1.2969472836761677e+01, 1.1912528656314744e+02,
