%YAML:1.0
means: !!opencv-matrix
   rows: 28
   cols: 4
   dt: d
   data: [ 6.5331357641702610e+01, -9.1409557751790146e+01,
       -8.5532532474340826e+01, 6.6232883695420277e+00,
       -1.0454438765641314e+02, 1.1140123607207781e+02,
       6.4066064183960165e+01, -1.9750407220296509e+01,
       1.9612535354310262e+02, -3.3632163678722584e+01,
       -1.6037200066446495e+01, -2.0112915677947733e+01,
       -1.7872118499306228e+02, -5.8184163511645110e+01,
       6.0659461827989261e+01, 2.6030561096414115e+01,
       -1.3972033431004979e+01, 1.0838241309965399e+01,
       -7.4304767489035399e+01, -6.5314720804461174e+01,
       8.9792207310408230e+01, -3.2564944173634558e+01,
       -2.5434908860546368e+01, 4.8491729363052265e+01,
       4.5701070444673086e+01, -1.4847943477505243e+02,
       2.9021611689340471e+01, -4.0245705953704798e+00,
       3.7546284018553024e+01, 1.6566341733441857e+02,
       8.5840019433562649e+00, -9.6789729735011587e+00,
       -2.2913583048307950e+02, -7.3234868623185250e+01,
       -1.9621051964539191e+01, 7.7262158394965370e+00,
       -1.3494122196213797e+02, 1.9980551264664328e+02,
       -8.6226478432357077e+00, 1.5645195177673957e+01,
       -3.3995826028510237e+01, 4.9016075680597524e+01,
       5.0233081991719899e+01, 3.9654519028663231e+01,
       -2.4809065572504312e+02, 3.8322900291235541e+01,
       1.5902256199967546e+01, 6.5593721406099675e+01,
       -1.0362027260870217e+02, -1.4639098737312023e+02,
       8.9974400532329611e+01, -3.9683605516639631e+01,
       -7.0468103415573793e+01, 1.6946901624924472e+01,
       -3.5168878635948026e+01, 6.3335845952969372e+01,
       -7.0890985530884407e+01, -9.7996483201942226e+01,
       -5.1463914270578726e+01, -9.9798969010088694e+00,
       -1.9507080696311558e+01, -7.2690148828578472e+01,
       2.4474317893218362e+01, -2.9958912436996190e+01,
       -1.1146354521301298e+02, -2.4430943713643849e+00,
       3.9565144749231123e+01, -8.0133670061010235e+01,
       2.2056627750914544e+01, -2.4355159838302069e+02,
       8.6566961210436588e+00, 7.3744681080433153e+01,
       -4.9777457025660652e+01, 1.2818438088850129e+02,
       -6.6000846320095476e+01, -2.7626260982636435e+00,
       1.6454257318997975e+02, -2.9695515472049925e+00,
       2.1322253088656609e+01, 5.0649396001361687e+01,
       1.0798667299103290e+02, -2.0041567344695348e+01,
       6.8314105032536588e+01, -1.2150541783660405e+01,
       1.2022112288704369e+02, 7.2611586194702610e+01,
       -5.2151136252407689e+01, 4.5586330913365380e+01,
       5.6089005969450618e+01, 5.0140877108535754e+01,
       -3.0973568619191749e-01, -7.7068265046037425e+01,
       1.2632628443226780e+02, 1.0936129650279589e+02,
       4.4558526634746457e+01, -3.1406807528221464e+01,
       1.3895196040979664e+02, -1.2841154767905746e+02,
       -1.5693233422322534e+01, -3.2219070230609319e+01,
       -2.2284396475651593e+02, 5.9008833242771672e+01,
       -2.7533985306503325e+01, -3.4541860984254249e+01,
       1.4408393115786572e+01, -1.6864362090987282e+01,
       2.7084277784228600e+01, 4.4012915140947086e+01,
       -2.0243795439232960e+02, -1.5532501491577619e+02,
       9.8377091128465235e+00, -3.5107280021667023e+01 ]
covs: !!opencv-matrix
   rows: 112
   cols: 4
   dt: d
   data: [ 3.5146507672809917e+03, 9.3759066845585926e+02,
       -8.7911656717800653e+01, -2.4055669954301027e+02,
       9.3759066845585926e+02, 3.5820611339229172e+03,
       -1.6636581029245670e+02, -3.3784139363358634e+01,
       -8.7911656717800682e+01, -1.6636581029245673e+02,
       1.0220235917431831e+03, 2.4600859068260922e+02,
       -2.4055669954301024e+02, -3.3784139363358634e+01,
       2.4600859068260922e+02, 7.1915385446250525e+02,
       3.1003891384936251e+03, 1.0032030561536902e+03,
       4.9753969758650521e+02, -3.6835262533312078e+02,
       1.0032030561536902e+03, 5.7112395407714403e+03,
       -2.0982507865053645e+01, 2.2477946604602724e+02,
       4.9753969758650516e+02, -2.0982507865053645e+01,
       1.2620455080727461e+03, 3.1373667993121063e+02,
       -3.6835262533312090e+02, 2.2477946604602724e+02,
       3.1373667993121063e+02, 7.4328253495734282e+02,
       4.0515306280012383e+03, -1.0759210888368709e+03,
       3.6547477947123537e+02, -4.5762017977712452e+02,
       -1.0759210888368709e+03, 2.9836425370618867e+03,
       -1.0872063355495744e+01, 2.5092247802679319e+02,
       3.6547477947123548e+02, -1.0872063355495728e+01,
       6.9658989267103664e+02, -1.6823197051328887e+02,
       -4.5762017977712446e+02, 2.5092247802679313e+02,
       -1.6823197051328887e+02, 7.9334049007000340e+02,
       4.0095588379858768e+03, -3.1142714304500453e+02,
       2.2654206921586538e+03, 3.4419445384240430e+02,
       -3.1142714304500430e+02, 6.9808768921818846e+03,
       1.0453998587592032e+03, -1.1657374184745143e+02,
       2.2654206921586538e+03, 1.0453998587592037e+03,
       1.8668152973967578e+03, 2.3173829419849153e+02,
       3.4419445384240424e+02, -1.1657374184745137e+02,
       2.3173829419849153e+02, 1.6662901030004830e+03,
       5.0870775087660222e+03, -1.1785447868458737e+03,
       2.0147161613748320e+01, 7.1834338140776708e+02,
       -1.1785447868458734e+03, 3.0958151486589518e+03,
       -3.1028877198214730e+01, -2.4203144606836398e+02,
       2.0147161613748310e+01, -3.1028877198214730e+01,
       1.1581209760037923e+03, -1.5349730052550771e+02,
       7.1834338140776708e+02, -2.4203144606836403e+02,
       -1.5349730052550771e+02, 8.2823370036780295e+02,
       3.2734419088570089e+03, -6.2353798733235806e+02,
       2.2458012854216904e+03, -9.5354675538424704e+02,
       -6.2353798733235772e+02, 4.1186630038908661e+03,
       2.1069075736805831e+02, 2.2386377023585328e+03,
       2.2458012854216904e+03, 2.1069075736805840e+02,
       1.9225781717174466e+03, -3.5067852167616365e+02,
       -9.5354675538424715e+02, 2.2386377023585328e+03,
       -3.5067852167616365e+02, 1.5936068993114013e+03,
       2.5493915627959791e+03, 8.8260815116745320e+01,
       1.2652598789918040e+03, -2.3890891305630714e+02,
       8.8260815116745320e+01, 2.5942591056936649e+03,
       -2.7074770088951837e+01, 3.2951997049962000e+02,
       1.2652598789918040e+03, -2.7074770088951851e+01,
       1.0901389486827186e+03, -9.8809140725606795e+01,
       -2.3890891305630714e+02, 3.2951997049962000e+02,
       -9.8809140725606781e+01, 5.9478041505803867e+02,
       4.1557113747095918e+03, 3.0482765625318171e+02,
       5.0396338902521700e+02, 1.0424372278114198e+02,
       3.0482765625318160e+02, 3.6591440928352704e+03,
       4.3074539092302814e+02, 7.2089209460529872e+01,
       5.0396338902521700e+02, 4.3074539092302808e+02,
       1.5523579442127684e+03, -1.1886208059413198e+02,
       1.0424372278114193e+02, 7.2089209460529844e+01,
       -1.1886208059413198e+02, 5.9247236024415054e+02,
       3.9244931642932675e+03, -4.0630904926911782e+01,
       -1.2878575413922775e+01, -7.2057626751841599e+02,
       -4.0630904926911768e+01, 4.1003853604783635e+03,
       3.6475315440287153e+02, 9.3294925062229638e+01,
       -1.2878575413922785e+01, 3.6475315440287153e+02,
       4.0990450921861759e+02, 2.9946561557986774e+02,
       -7.2057626751841622e+02, 9.3294925062229638e+01,
       2.9946561557986774e+02, 1.2480933678541683e+03,
       7.4600953940770669e+03, 1.1501948574954392e+03,
       -3.0830809415471560e+02, -3.8503692457514313e+02,
       1.1501948574954392e+03, 3.2785541453591700e+03,
       -1.1079083675296397e+03, -1.6743225714596792e+02,
       -3.0830809415471555e+02, -1.1079083675296397e+03,
       1.4410660241874493e+03, 1.0420154505119740e+01,
       -3.8503692457514302e+02, -1.6743225714596792e+02,
       1.0420154505119735e+01, 2.5965229604434154e+02,
       7.0087131962913591e+03, 1.6854917319798794e+03,
       -4.4757165494437515e+02, -8.5609084356153289e+02,
       1.6854917319798794e+03, 2.7031941433151592e+03,
       -5.3574693151580323e+02, 1.1605998381762119e+02,
