%YAML:1.0
means: !!opencv-matrix
   rows: 3
   cols: 18
   dt: d
   data: [ 6.6110851717964934e+01, 9.6042638231863631e+00,
       -1.5037531188014102e+01, 1.3060811596947810e+00,
       5.7033609382564192e+00, 2.3696034237740609e+00,
       8.4815754450130076e-01, -3.8394743291053496e-01,
       -3.1121818561656867e-01, 2.0484177237058157e-02,
       4.1623095027669997e-02, 7.6789666086824210e-03,
       2.3662857235470292e-03, -3.6790355517611643e-03,
       8.5325984061232745e-03, 2.8679686488017652e-03,
       6.4093818323072678e-04, -1.2621533562280213e-03,
       -1.9830412147143676e+01, -1.5227441277454226e+01,
       3.1537640515379004e+00, -5.6966951266849453e+00,
       1.0997468988057606e-01, -8.4816883847219628e+00,
       -4.3536131930248425e+00, 1.0556090333673760e+00,
       4.1964437498808680e+00, -6.1205876441414488e-02,
       -6.5769484048012389e-02, -4.5822554455557774e-02,
       -1.7043228398043817e-02, 4.6509581251678719e-03,
       2.6137248216543973e-03, -6.3687582859941777e-04,
       -3.0106224482611348e-04, -3.0389311856247376e-04,
       -9.6627860853084158e+01, -9.7429785496561099e+00,
       2.2447465386604961e+01, -6.0015055699438886e-02,
       -8.9707675534282600e+00, -7.6399850583171447e-01,
       1.8738187355641719e-01, 2.3385439977238806e-01,
       -9.7130204549669108e-01, -5.2425968682847084e-03,
       -4.2748728808742836e-02, 3.6346125640692034e-03,
       2.2356455539355455e-03, 4.2501736518412245e-03,
       -1.4231088448856531e-02, -4.3148086085785901e-03,
       -9.3823100458178957e-04, 2.0241092163882776e-03 ]
covs: !!opencv-matrix
   rows: 54
   cols: 18
   dt: d
   data: [ 9.4975128007161547e+03, -7.9268278632291674e+02,
       1.6564776577792279e+03, 6.9870051141454823e+00,
       -1.0401775179969161e+03, -1.4457795221609584e+02,
       -7.9418209638000292e+01, 3.1876686439692229e+01,
       -2.9655544013112866e+01, -1.9929050091122207e+00,
       -9.1343674759843740e-01, -6.3016338356495605e-01,
       5.5722578563783876e-02, 6.2210854455551738e-02,
       -1.3141810432496837e-01, -2.3995897751133966e-01,
       -1.5517841754293121e-01, 9.5488359923822749e-02,
       -7.9268278632291720e+02, 1.0107075621152975e+04,
       3.1546770318164096e+02, 6.0512461401796065e+02,
       -2.3008556222539261e+02, -3.8958132461822760e+02,
       -3.1231002697290215e+01, -2.5186033056610299e+01,
       -9.4170160842676633e+00, -1.0222983337750197e+01,
       -1.1454730287069264e+00, -7.3661326701775065e-01,
       1.1957795321970292e-01, 7.8272330995658196e-02,
       -5.0612909498567638e-01, 1.1789035999942912e-01,
       1.2791655262531074e-01, -1.3373265355215805e-02,
       1.6564776577792281e+03, 3.1546770318164084e+02,
       2.9137045845627517e+03, -7.8530685042793408e+01,
       2.4790625481768708e+02, 3.7543809789979164e+01,
       2.4649307311743808e+01, -6.7911572467579768e+00,
       4.0644099597785006e+00, 1.7293699559779028e+00,
       7.7713003841442516e-02, 2.1088300103951421e-03,
       2.4967572816129210e-02, -4.0678795841315611e-02,
       1.4798637073818621e-01, 4.3797239394570732e-02,
       1.4464193962776491e-02, -2.8908905670750277e-02,
       6.9870051141454868e+00, 6.0512461401796065e+02,
       -7.8530685042793408e+01, 2.7091752703559400e+03,
       -6.7997323683579891e-01, 6.6986072744376543e+01,
       1.1506431945249402e+00, 1.6485775378027594e+01,
       5.5410344028105190e+00, -5.1170959123744841e-01,
       5.5293139965447824e-01, 2.3761393856233556e-01,
       -5.1852469242401542e-02, -8.6269893618996757e-02,
       1.8482326617897551e-01, -8.2235818352984005e-02,
       -3.9363537517383931e-02, 2.6245775874772618e-02,
       -1.0401775179969163e+03, -2.3008556222539249e+02,
       2.4790625481768708e+02, -6.7997323683579614e-01,
       4.8430216276935943e+02, -6.9768773266574840e+01,
       -1.2032285999038331e+01, -6.7335976775326190e+00,
       -6.0691349850602414e+00, 8.9759008624639292e-01,
       -1.7330061323295018e-01, 9.2874886026042672e-02,
       -7.0545326914039086e-03, 7.7152769163142338e-03,
       8.4758047046118740e-03, 1.5449420767901588e-02,
       -2.6845106634780344e-03, -5.1031215481038301e-04,
       -1.4457795221609587e+02, -3.8958132461822748e+02,
       3.7543809789979164e+01, 6.6986072744376528e+01,
       -6.9768773266574854e+01, 2.1305245961848840e+02,
       -1.0023301773096618e+01, -3.7252336519985968e-01,
       4.3140697591014776e+00, -1.8220372698837073e+00,
       -2.5296174335539123e-01, -1.2868617826255924e-01,
       -9.4061481665569727e-03, 1.4165414934605608e-02,
       -2.4070290250740436e-02, 3.2693006016551187e-03,
       1.9979382805470416e-02, 4.7541360897826058e-03,
       -7.9418209638000292e+01, -3.1231002697290215e+01,
       2.4649307311743808e+01, 1.1506431945249391e+00,
       -1.2032285999038331e+01, -1.0023301773096618e+01,
       2.3528663383297559e+01, 5.2440660598483813e-01,
       3.5395045645237624e+00, 1.3635264394035859e-01,
       -4.7218055958390182e-02, 5.4718612433838347e-02,
       -3.1887457672661823e-02, 8.1761771072524775e-03,
       -1.2216654628031056e-02, -4.8305060895767020e-03,
       -1.3331573471048967e-04, 3.3559951286515010e-04,
       3.1876686439692229e+01, -2.5186033056610299e+01,
       -6.7911572467579768e+00, 1.6485775378027590e+01,
       -6.7335976775326145e+00, -3.7252336519985940e-01,
       5.2440660598483801e-01, 1.4275033945999166e+01,
       -8.8619567495204232e-01, 5.8286004981957429e-01,
       4.1893654666750107e-03, 9.4883998778354977e-04,
       3.0158116824465860e-03, 8.3751184898503833e-03,
       -1.4032045180428271e-03, 8.8883680645609128e-03,
       -1.4941358958967977e-03, -6.4194763258580245e-04,
       -2.9655544013112866e+01, -9.4170160842676633e+00,
       4.0644099597785015e+00, 5.5410344028105190e+00,
       -6.0691349850602414e+00, 4.3140697591014776e+00,
       3.5395045645237624e+00, -8.8619567495204232e-01,
       1.2877749123102011e+00, 3.2011580836027231e-02,
       1.5397793400013442e-02, 1.6315507795757848e-02,
       1.6394727243453023e-02, -8.7007489115574553e-04,
       -1.2672231479622486e-03, 3.8666127544999626e-04,
       7.1309825678022101e-04, -1.5582927300587114e-03,
       -1.9929050091122207e+00, -1.0222983337750197e+01,
       1.7293699559779028e+00, -5.1170959123744841e-01,
       8.9759008624639292e-01, -1.8220372698837073e+00,
       1.3635264394035859e-01, 5.8286004981957429e-01,
       3.2011580836027224e-02, 2.8607118297648698e-01,
       2.3439602676165874e-02, 6.4335292809445483e-04,
       3.1881593595670435e-03, -1.1000698562528917e-02,
       7.8285255844178606e-05, 6.7524349126166282e-04,
       5.8533276745149831e-07, -4.0446310241117230e-04,
       -9.1343674759843718e-01, -1.1454730287069266e+00,
       7.7713003841442460e-02, 5.5293139965447813e-01,
       -1.7330061323295012e-01, -2.5296174335539129e-01,
       -4.7218055958390202e-02, 4.1893654666750133e-03,
       1.5397793400013442e-02, 2.3439602676165874e-02,
       2.7135534412031793e-02, -8.7933241123575045e-04,
       2.6094686903600897e-04, 4.2007452466900799e-04,
       -3.9975060853838850e-04, -1.1325252005869068e-04,
       -8.0134307746475373e-05, -3.5921732038207168e-04,
       -6.3016338356495583e-01, -7.3661326701775054e-01,
       2.1088300103951404e-03, 2.3761393856233556e-01,
       9.2874886026042672e-02, -1.2868617826255924e-01,
       5.4718612433838354e-02, 9.4883998778354890e-04,
       1.6315507795757848e-02, 6.4335292809445483e-04,
       -8.7933241123575024e-04, 1.9104148511271230e-03,
       4.5425526233818664e-04, -4.0417354361377328e-05,
       7.1786429491043702e-04, 6.1681445899083317e-05,
       -2.2356554343177173e-05, -3.2725161821599180e-05,
       5.5722578563783841e-02, 1.1957795321970287e-01,
       2.4967572816129234e-02, -5.1852469242401542e-02,
       -7.0545326914039164e-03, -9.4061481665569692e-03,
       -3.1887457672661823e-02, 3.0158116824465860e-03,
       1.6394727243453019e-02, 3.1881593595670435e-03,
