%YAML:1.0
means: !!opencv-matrix
   rows: 1
   cols: 16
   dt: d
   data: [ -9.7913260394940152e-04, -1.9618170506390743e-03,
       -1.1482719362113859e-03, 4.6344200918741992e-04,
       -2.9200279126496753e-04, -2.4226334446069090e-03,
       -2.1168603037360301e-04, 7.5565278004505673e-05,
       9.6785046455675919e-04, 1.8940945643620740e-03,
       -1.6176728869517093e-04, -1.0245224440850792e-04,
       1.9401429047600516e-06, 3.7229691633923499e-05,
       1.4230715267318033e-05, -1.5543475116198168e-05 ]
covs: !!opencv-matrix
   rows: 16
   cols: 16
   dt: d
   data: [ 1.7636152670534408e+04, -5.4138982342710739e-05,
       6.4962399422795224e-04, -3.4852609526700239e-04,
       9.9948570861929198e-04, -1.5766153465052412e-04,
       -4.5366125358865480e-04, 7.0405464256218986e-05,
       -6.8936349599108985e-05, -6.2017936780404156e-04,
       1.9923449825552639e-05, 4.9566707780918394e-05,
       -4.4028746331001367e-06, 1.2916359254105304e-06,
       -2.4348446653977265e-06, 7.8225545462669563e-06,
       -5.4138982342710739e-05, 1.2471958452452605e+04,
       6.4759538202351915e-05, 4.6936757638016391e-04,
       -4.1188330231084366e-05, 2.9689834662538351e-03,
       -1.8638373534577113e-05, 4.2225506119096057e-04,
       3.3249717984506420e-04, -5.7195997860435839e-04,
       -1.4263989299469336e-05, -4.2324692145031764e-07,
       6.9830263405415767e-07, -1.9888707428410634e-05,
       4.7794490651770527e-06, 2.0609514838233657e-06,
       6.4962399422795224e-04, 6.4759538202351915e-05,
       3.2919761699434607e+03, 1.5186622912991425e-04,
       1.7959935427406436e-04, 7.3647675622388542e-05,
       -2.0671520305774949e-04, -5.9477983610636049e-05,
       7.2041281427606097e-05, -5.0226243194156114e-04,
       7.9929984908886195e-06, 2.7530127379408114e-05,
       -2.5672708780784170e-06, -3.1668084618049756e-06,
       7.4053332749117749e-07, 6.8003391765164027e-06,
       -3.4852609526700239e-04, 4.6936757638016391e-04,
       1.5186622912991425e-04, 2.8639382267067776e+03,
       -7.8721530734182467e-05, -2.0158820597676824e-04,
       9.0732788716650256e-07, -1.2550279690311044e-04,
       3.5407155338115987e-04, 6.6479619040513117e-05,
       -3.2603515129036025e-05, -2.1531640989083735e-05,
       9.8299052186808275e-07, -5.1854135316777632e-06,
       4.5332686475673797e-06, -3.4446954701203074e-07,
       9.9948570861929198e-04, -4.1188330231084366e-05,
       1.7959935427406436e-04, -7.8721530734182467e-05,
       4.5001368686311383e+02, 3.6981129970814951e-05,
       1.5159913882021174e-05, 2.4646187404895771e-05,
       -8.0461537915186390e-06, 7.1209133493460307e-05,
       -3.1310633802903846e-06, -2.8019465304372293e-06,
       1.9334580942610121e-07, 7.9564221794604654e-07,
       2.9425089715309332e-07, -1.0607950369646097e-06,
       -1.5766153465052412e-04, 2.9689834662538351e-03,
       7.3647675622388542e-05, -2.0158820597676824e-04,
       3.6981129970814951e-05, 2.5185231858000930e+02,
       -2.8602653732605746e-05, 4.2563658127363627e-06,
       -1.9060995097820595e-05, 2.5544180029315313e-05,
       1.3522414440078958e-06, 1.7403377589937442e-06,
       -2.4023383141187501e-07, 4.8557302857018981e-07,
       -2.9968748721694419e-07, -2.5703315464092326e-08,
       -4.5366125358865480e-04, -1.8638373534577113e-05,
       -2.0671520305774949e-04, 9.0732788716650256e-07,
       1.5159913882021174e-05, -2.8602653732605746e-05,
       3.0610080527566172e+01, 1.0203656197193212e-05,
       9.3624080647848022e-06, -2.1211289487807417e-05,
       -2.1622952103904261e-06, -3.7451253702025669e-06,
       6.3147051018465803e-07, -2.4002400630920406e-07,
       6.9660139203726437e-07, 2.2471103109498182e-08,
       7.0405464256218986e-05, 4.2225506119096057e-04,
       -5.9477983610636049e-05, -1.2550279690311044e-04,
       2.4646187404895771e-05, 4.2563658127363627e-06,
       1.0203656197193212e-05, 1.5953864179349406e+01,
       8.9413206754209760e-05, 6.9033152320578996e-06,
       -5.1368083228345231e-06, -4.0637125953301690e-06,
       4.6820735582114391e-08, 3.8927113902263780e-07,
       2.2294848078999426e-07, -2.3746713875905533e-07,
       -6.8936349599108985e-05, 3.3249717984506420e-04,
       7.2041281427606097e-05, 3.5407155338115987e-04,
       -8.0461537915186390e-06, -1.9060995097820595e-05,
       9.3624080647848022e-06, 8.9413206754209760e-05,
       5.0269415518048834e+00, -2.7605330524968133e-06,
       -4.0002891239767358e-06, -3.6566397163099018e-06,
       9.6038227444096164e-08, 1.0910356767901280e-08,
       3.6057849545744873e-07, -6.6448915163151514e-07,
       -6.2017936780404156e-04, -5.7195997860435839e-04,
       -5.0226243194156114e-04, 6.6479619040513117e-05,
       7.1209133493460307e-05, 2.5544180029315313e-05,
       -2.1211289487807417e-05, 6.9033152320578996e-06,
       -2.7605330524968133e-06, 1.0513120587274554e+00,
       3.3694306476451310e-06, 2.3563423377533481e-06,
       -1.8146965679420585e-07, -6.6696645951357028e-07,
       -3.9674835546215708e-07, 2.8419067360329060e-07,
       1.9923449825552639e-05, -1.4263989299469336e-05,
       7.9929984908886195e-06, -3.2603515129036025e-05,
       -3.1310633802903846e-06, 1.3522414440078958e-06,
       -2.1622952103904261e-06, -5.1368083228345231e-06,
       -4.0002891239767358e-06, 3.3694306476451310e-06,
       3.6041123854400982e-02, 1.5848057826930058e-07,
       -1.6299925975153185e-08, 4.7998355227102769e-08,
       -1.0265210500486957e-08, 1.2269810053371133e-08,
       4.9566707780918394e-05, -4.2324692145031764e-07,
       2.7530127379408114e-05, -2.1531640989083735e-05,
       -2.8019465304372293e-06, 1.7403377589937442e-06,
       -3.7451253702025669e-06, -4.0637125953301690e-06,
       -3.6566397163099018e-06, 2.3563423377533481e-06,
       1.5848057826930058e-07, 6.0036495845455957e-03,
       -2.5494534687922246e-08, 2.7128943717858834e-08,
       -2.3033396989211149e-08, 2.0125638932779702e-08,
       -4.4028746331001367e-06, 6.9830263405415767e-07,
       -2.5672708780784170e-06, 9.8299052186808275e-07,
       1.9334580942610121e-07, -2.4023383141187501e-07,
       6.3147051018465803e-07, 4.6820735582114391e-08,
       9.6038227444096164e-08, -1.8146965679420585e-07,
       -1.6299925975153185e-08, -2.5494534687922246e-08,
       2.4464964618767407e-03, 2.8535968201091585e-09,
       4.4173994760070968e-09, 9.8640327929013299e-10,
       1.2916359254105304e-06, -1.9888707428410634e-05,
       -3.1668084618049756e-06, -5.1854135316777632e-06,
       7.9564221794604654e-07, 4.8557302857018981e-07,
       -2.4002400630920406e-07, 3.8927113902263780e-07,
       1.0910356767901280e-08, -6.6696645951357028e-07,
       4.7998355227102769e-08, 2.7128943717858834e-08,
       2.8535968201091585e-09, 2.3345973527039185e-03,
       -8.5362115536730044e-09, 2.7719523223419255e-09,
       -2.4348446653977265e-06, 4.7794490651770527e-06,
       7.4053332749117749e-07, 4.5332686475673797e-06,
       2.9425089715309332e-07, -2.9968748721694419e-07,
       6.9660139203726437e-07, 2.2294848078999426e-07,
       3.6057849545744873e-07, -3.9674835546215708e-07,
       -1.0265210500486957e-08, -2.3033396989211149e-08,
       4.4173994760070968e-09, -8.5362115536730044e-09,
       1.7418631283229338e-03, 2.0615033533608996e-09,
       7.8225545462669563e-06, 2.0609514838233657e-06,
       6.8003391765164027e-06, -3.4446954701203074e-07,
       -1.0607950369646097e-06, -2.5703315464092326e-08,
       2.2471103109498182e-08, -2.3746713875905533e-07,
       -6.6448915163151514e-07, 2.8419067360329060e-07,
       1.2269810053371133e-08, 2.0125638932779702e-08,
       9.8640327929013299e-10, 2.7719523223419255e-09,
       2.0615033533608996e-09, 8.1419772373223344e-04 ]
weights: !!opencv-matrix
   rows: 1
   cols: 1
   dt: d
   data: [ 1. ]
