%YAML:1.0
means: !!opencv-matrix
   rows: 14
   cols: 12
   dt: d
   data: [ 6.0425152385487344e+01, 9.1683096915973366e+00,
       -1.0375127613585317e+01, -3.8378423114020741e+00,
       1.4773102921108677e+01, 2.7092188730936808e+00,
       2.4626301033535936e-01, 8.9081773874348003e-01,
       3.5371432608743125e-01, -6.9024043361882600e-02,
       7.4533339115605635e-03, 2.5703834267980834e-02,
       3.6860897544333838e+01, 1.7975861270276027e+01,
       -5.3687354488349859e-01, -1.1417016997056358e+01,
       6.2056245014906457e+00, -1.3509995415399618e+00,
       -6.0346310971280728e+00, -2.3770395178725434e+00,
       -5.0014616736503070e+00, -1.0231681740845904e+00,
       -1.7770139143577793e-01, 4.5534467103158283e-02,
       -5.2110911630596021e+01, -3.4680052529230472e+00,
       2.9943128798253447e+01, 1.4262875904204002e+01,
       2.2062256919824641e+01, -7.6337494630552598e+00,
       -7.2907140277231841e+00, -6.4736759219382733e+00,
       -4.4620658112717884e+00, 1.0817381365658381e+00,
       -4.7097526022725480e-03, 6.8055695061068969e-02,
       8.1771735612674576e+01, 1.5206390948524296e+01,
       -2.4135337463846689e+01, -3.2285360566571811e+01,
       -2.6495883970892304e+01, -1.9642463704790220e+01,
       8.7051568621776310e-01, -2.3213345738517170e+00,
       2.0412254734061422e-01, -4.1729805205006278e-02,
       1.0543364768592513e-01, -4.6812564654005540e-03,
       -1.8775663582421390e+02, 1.3270049454284500e+01,
       3.5567798109514669e+01, -6.6747087206710924e+00,
       -3.7904502316862390e+00, 3.7985748981071965e+00,
       -3.0189912999660544e+00, -6.6246557397799393e+00,
       -2.5650123916078473e+00, 9.3423918945981210e-01,
       -1.4503342536913491e-01, -1.0661751912432582e-01,
       1.4235960250431123e+02, 3.0699004845599266e+01,
       -3.8029184730472906e+01, -2.1972777269164627e+01,
       -6.3638813906080358e+00, 1.9066063754752324e+01,
       -4.1637565459034978e+00, -1.4606714565261736e+00,
       -2.2937767611815842e+00, -5.0207125368922079e-01,
       1.0379612763167093e-01, -1.1113517489662127e-01,
       -1.7045545260168416e+02, -6.2218206101811802e+01,
       3.6747806352852230e+01, 4.1779812206371361e+01,
       -1.3972408663413580e+01, 1.7880754442129383e+00,
       2.7657957309158898e-01, 4.5285456643837487e-03,
       6.2382018832563046e-01, -2.5611615852327896e-01,
       4.4530408053020672e-02, -6.0038367270217287e-03,
       1.6289070309373417e+02, 2.1525365428209419e+01,
       -4.3911565094487649e+01, -2.1082729059256259e+01,
       -1.4607039235308454e+01, 3.0106727061058467e+00,
       2.8918574258158367e+00, -1.6795333702776094e+00,
       8.4142888483105394e-01, 1.5789270041609893e+00,
       -3.4184848679055235e-01, -8.4180728355454565e-02,
       3.3853113121898019e+01, -9.8566800872964080e+01,
       -9.9231199876551237e+00, 6.7965592410116699e+01,
       -4.2745942690869194e+00, -1.2008835410202396e+00,
       2.0132680791954742e+00, -3.9831905691936181e-01,
       -4.2172678889479044e-02, -1.3689188268201560e-01,
       1.4701096941372558e-02, -1.5921282408230712e-02,
       -5.2365541758177244e+01, -1.7498080379570997e+01,
       1.6967171686614947e+01, 1.0900280164683309e+01,
       1.6857352655265657e+01, -1.0772999283873872e+01,
       2.1261986374225645e+00, 2.0020712529845108e-01,
       2.2681090027496262e-01, 1.0272715378604873e-01,
       3.7715482469420296e-02, -6.5454911276884836e-03,
       2.5342678701735217e+01, 1.2135602275178582e+02,
       -4.2518244317826772e+00, -7.2025281090981522e+01,
       6.0061648695383667e+00, 1.8963012030630533e+00,
       9.6072667504411147e-01, 1.8225530175562636e+00,
       1.3717990086082161e+00, 3.4570840124688190e-01,
       -6.2709672844745476e-02, -1.9864767280562863e-02,
       -1.9061076824413135e+02, 7.2680489037968229e+01,
       4.1667395950505799e+01, -4.1485507218975357e+01,
       -1.9429804082948330e+01, 8.5871494286148788e+00,
       -1.8746250086316605e+00, 1.7888199930025248e+00,
       6.7224884709441401e-01, -2.5334392907219061e-02,
       2.9036201338763487e-02, 5.3206132944813769e-03,
       1.3718178663207127e+02, -1.9098407218448049e+01,
       -3.7966998259636462e+01, 1.4983355001714106e+01,
       -5.1760103506109232e+00, 1.1385790092073035e+01,
       -5.8944927393199775e-01, 1.2430705822338484e+00,
       2.7262614848800676e-01, -4.5007258603016256e-02,
       6.0698432779530853e-02, -1.6982966389686886e-02,
       -3.8444021328590196e+01, -2.8627989721059539e+01,
       6.7677086297662283e+00, 2.3373862698560366e+01,
       -5.7380816434399833e+00, 1.0098284627672580e+01,
       1.0230458693527948e+00, 1.5829212890245299e+00,
       7.5305477077624861e-01, -6.4558693550379867e-02,
       -3.0843766118116878e-01, 5.9116467795770726e-02 ]
