%YAML:1.0
means: !!opencv-matrix
   rows: 6
   cols: 9
   dt: d
   data: [ -1.6268884417658759e+02, 6.3873244855510293e+01,
       3.6638550456626533e+01, -3.8470976805605197e+01,
       -1.0408553059352020e+01, 2.7964585650417457e+00,
       -1.4360419408848837e+00, 2.4585851423038432e-01,
       1.2276492065227848e-01, 8.1820388385066110e+01,
       1.5853415431423157e+01, -2.3953168800781871e+01,
       -3.2135873592456250e+01, -2.6440513737727205e+01,
       -1.9685152685841476e+01, 9.2323504903787112e-01,
       -2.3200499315935086e+00, 2.0450320205147782e-01,
       7.2982660733097717e+01, 6.9341082532397200e+00,
       -1.5930289743299552e+01, -8.8975478642206163e-01,
       1.0790796253017081e+01, 3.0066867490465810e+00,
       3.8686707520335134e-01, 9.7687875113123734e-01,
       3.7282397154161495e-01, 3.3755503094846439e+01,
       3.7934662618934247e+01, -3.8757848984036030e+00,
       -2.3778614005477621e+01, 5.2367745205774456e+00,
       2.5866134906653171e-01, -2.9166917750571528e+00,
       -1.1691972401245332e+00, -1.9963547100766039e+00,
       1.2809237033967934e+01, -8.8434402446186610e+01,
       -4.0244086000684742e+00, 5.7608010338506183e+01,
       3.2219472935661025e-01, -1.4260180135169140e-01,
       1.9616843428455339e+00, -1.3870499232964220e-01,
       1.7513822675212262e-01, -1.5512701781331998e+02,
       -5.5938465001479514e+01, 3.4959123916589903e+01,
       3.7147159090813716e+01, -7.9082793053393550e+00,
       2.1416655365573232e+00, 6.1742141896032299e-01,
       -3.4221465299906573e-01, 2.9376182763651676e-01 ]
covs: !!opencv-matrix
   rows: 54
   cols: 9
   dt: d
   data: [ 7.6736579848510137e+03, 2.4965819476240817e+01,
       2.8136400972011829e+03, 4.2415096794091625e+01,
       4.6400467344136320e+02, -3.8094469457501640e+02,
       1.2196005836501369e+02, -3.4766178684466610e+01,
       -1.3442282305881212e+01, 2.4965819476240757e+01,
       7.9316809641467707e+03, -1.5775716746944681e+02,
       1.4582644231887139e+03, -4.2573423871160770e+02,
       7.1710590303127049e+02, -1.1863628904739288e+02,
       3.2262046738998748e+01, 1.7784622241230831e+01,
       2.8136400972011829e+03, -1.5775716746944678e+02,
       2.4938992102639904e+03, 9.4905665411502142e+01,
       -8.4223854500499726e+01, 5.9663074221172593e+01,
       -2.1640306970719845e+01, 1.3845335170972911e+01,
       4.0626166920192128e+00, 4.2415096794091617e+01,
       1.4582644231887139e+03, 9.4905665411502113e+01,
       1.5534163535109551e+03, 1.6627459750374598e+02,
       -2.7459503116381921e+02, 4.7148304946494768e+01,
       -2.4900363799058351e+01, -2.8279252094761005e+00,
       4.6400467344136320e+02, -4.2573423871160770e+02,
       -8.4223854500499755e+01, 1.6627459750374598e+02,
       2.4595165817470084e+02, -1.4158703951288157e+02,
       2.9392302294277812e+01, -1.9725891619961331e+01,
       -2.3740262853915497e+00, -3.8094469457501640e+02,
       7.1710590303127049e+02, 5.9663074221172607e+01,
       -2.7459503116381921e+02, -1.4158703951288157e+02,
       4.2904011682439511e+02, -3.3755790671471679e+01,
       1.8654081768648044e+01, 9.2830059815153518e+00,
       1.2196005836501372e+02, -1.1863628904739288e+02,
       -2.1640306970719838e+01, 4.7148304946494768e+01,
       2.9392302294277812e+01, -3.3755790671471679e+01,
       3.6059381961179703e+01, -1.0551953666163087e+00,
       -1.5337053891347987e+00, -3.4766178684466603e+01,
       3.2262046738998755e+01, 1.3845335170972906e+01,
       -2.4900363799058351e+01, -1.9725891619961331e+01,
       1.8654081768648048e+01, -1.0551953666163087e+00,
       2.1705905271142715e+01, 1.9789322689893993e+00,
       -1.3442282305881212e+01, 1.7784622241230831e+01,
       4.0626166920192093e+00, -2.8279252094760983e+00,
       -2.3740262853915493e+00, 9.2830059815153536e+00,
       -1.5337053891347985e+00, 1.9789322689893993e+00,
       3.4480700892721416e+00, 4.0785077368856732e+03,
       8.9353436468171253e+01, 3.0713309016835751e+03,
       1.4753871694963917e+02, -1.0384022315768522e+02,
       -2.1171934731103711e+01, -5.3251901208142137e+01,
       -5.0912647528493835e+00, 1.9782546707508345e+01,
       8.9353436468171168e+01, 5.5925721269198129e+03,
       -4.7044949157450347e+01, 2.4665918369084206e+03,
       -3.9933167075107058e+01, -1.3443720679311187e+02,
       4.0166020399495196e+01, -2.5214114849711272e+01,
       -2.1839964313078521e+00, 3.0713309016835747e+03,
       -4.7044949157450297e+01, 2.5740065543784435e+03,
       2.9308675206444509e+01, -8.2320683848110889e+01,
       5.0659808127875436e+01, 1.6662491125481516e+01,
       -4.9682914596208123e+00, 3.7789498412655957e+00,
       1.4753871694963917e+02, 2.4665918369084206e+03,
       2.9308675206444534e+01, 1.1718209101815596e+03,
       -5.9974382419433546e+01, -8.7358330123723746e+01,
       4.2334258554277078e+00, 1.7239116796550736e+01,
       -4.5288937972027217e+00, -1.0384022315768522e+02,
       -3.9933167075107065e+01, -8.2320683848110889e+01,
       -5.9974382419433546e+01, 3.5175922698413281e+01,
       8.9480132914193113e+00, 4.2393734595516879e+00,
       -1.5896934763367080e+01, 2.8065883066510651e+00,
       -2.1171934731103697e+01, -1.3443720679311187e+02,
       5.0659808127875451e+01, -8.7358330123723746e+01,
       8.9480132914193096e+00, 8.2437320824314170e+01,
       2.6163553980191793e+01, -7.7904010730670104e+00,
       -3.4994855047246243e+00, -5.3251901208142144e+01,
       4.0166020399495189e+01, 1.6662491125481523e+01,
       4.2334258554277078e+00, 4.2393734595516879e+00,
       2.6163553980191793e+01, 1.9992849681466716e+01,
       -2.5615018256181270e+00, -2.4112718280664733e+00,
       -5.0912647528493844e+00, -2.5214114849711272e+01,
       -4.9682914596208185e+00, 1.7239116796550736e+01,
       -1.5896934763367080e+01, -7.7904010730670121e+00,
       -2.5615018256181270e+00, 1.3912751368155542e+01,
       -2.8241536940286061e+00, 1.9782546707508342e+01,
       -2.1839964313078521e+00, 3.7789498412655971e+00,
       -4.5288937972027217e+00, 2.8065883066510651e+00,
       -3.4994855047246243e+00, -2.4112718280664733e+00,
       -2.8241536940286061e+00, 1.5670140087784794e+00,
       8.8812669352233352e+03, -1.4451099677431219e+02,
       1.6065411320226601e+03, 2.6663247552988082e+02,
       -1.1806153891368949e+03, 4.1293668081113401e+02,
       -9.8342115446067012e+01, 2.4218697436125947e+01,
       1.3278660765575328e+01, -1.4451099677431225e+02,
       7.6609958847371718e+03, 4.8688421775000279e+01,
       1.2796374646324487e+03, 1.0572141779981334e+02,
       -3.0589650065850373e+02, 5.6656534998569882e+01,
       -2.4146437348490604e+01, 3.0513269240625345e+00,
       1.6065411320226601e+03, 4.8688421775000258e+01,
       2.9762327569260465e+03, -1.2039805984829239e+02,
       2.5419692489531636e+02, -1.2831063382756909e+02,
       3.5709984865481523e+01, -3.3288082670804395e+00,
       2.8894112931378174e-01, 2.6663247552988088e+02,
       1.2796374646324487e+03, -1.2039805984829239e+02,
       1.7782634911694659e+03, -1.4558311678190296e+02,
       8.7512599963623686e+01, -3.0926144095987581e+01,
       1.3637433337995008e+01, -9.1598658693839563e-01,
       -1.1806153891368949e+03, 1.0572141779981337e+02,
       2.5419692489531636e+02, -1.4558311678190290e+02,
       3.5763240165021688e+02, -8.1200638952966472e+01,
       -9.3046963321980714e-01, -5.4739577059282345e+00,
       3.7334411987168616e+00, 4.1293668081113401e+02,
       -3.0589650065850373e+02, -1.2831063382756909e+02,
       8.7512599963623714e+01, -8.1200638952966472e+01,
       1.7622490128346598e+02, 2.4162282647888307e+00,
       -9.0475559523548128e+00, -1.4802535732254658e+00,
       -9.8342115446067012e+01, 5.6656534998569882e+01,
       3.5709984865481523e+01, -3.0926144095987581e+01,
       -9.3046963321980802e-01, 2.4162282647888325e+00,
       2.3561296797774087e+01, -2.7984707693028019e+00,
       -2.6939512358779969e+00, 2.4218697436125947e+01,
