%YAML:1.0
means: !!opencv-matrix
   rows: 13
   cols: 7
   dt: d
   data: [ -3.9954648100469239e+00, -2.6093754174738081e+01,
       7.0241804055289547e+00, 3.4631998109514384e+00,
       3.5980108889238004e+01, -1.4292749614788669e+00,
       1.5300388523587074e+00, 9.8967373262216967e+01,
       -4.6507520583176344e+01, -2.2021418538171904e+01,
       3.6792510581541897e+01, -2.7224963185934552e+01,
       2.3841532849386290e+01, 1.2163222018064737e+00,
       3.4757112021432526e+01, 1.2229781293144863e+02,
       -2.6848034436126554e+01, -5.0368692739167720e+01,
       -8.4074029772017340e+00, 7.1308831380760318e-01,
       2.2677823235871282e+00, 1.6389154831579188e+02,
       -1.4008298432064084e+01, -4.0115359635475592e+01,
       2.4571608236113455e+01, -1.5298674718960655e+01,
       -1.2545132568973032e+00, 9.1630819929031704e-01,
       6.2306224689862880e+01, 1.9065298688790413e+01,
       -1.8397593358868555e+01, -7.9225959212097603e+00,
       -9.1631640226748310e+00, -1.0142979106283793e+01,
       -2.4061145283252392e+00, -1.6378029792146401e+02,
       8.5395225465647204e+00, 3.7211199236097784e+01,
       -1.7402903838045756e+01, -9.8769016932072973e-01,
       -1.0537056522821335e+00, 4.7159759171132576e-01,
       8.6891689035907220e+01, -8.0904561299050783e+00,
       -1.7489113978119885e+01, 7.0474701019390862e+00,
       1.3783636999205587e+01, -8.2923742803298133e+00,
       -2.7632547511837691e-01, -1.7316882819761989e+02,
       -1.5352430680927577e+02, 5.2265614749965295e+01,
       4.9880364370572956e+01, -3.9577632661800742e+01,
       -1.8228325781267195e+01, -5.2480196475203780e+00,
       -1.5480902688300858e+02, -5.7118951513675952e+01,
       4.3059159284519652e+01, 2.3769981293618876e+01,
       -1.3888883225584644e+01, 1.2197092115955121e+01,
       -7.3067802417002925e-01, -1.4016147811015648e+01,
       9.1134526039497231e+01, -4.0023363735753410e+00,
       -4.0447541139362080e+01, 1.3053944153590189e+01,
       -1.1610364379308922e+00, -5.2243926178505340e-01,
       7.4304762485309404e+00, -1.7215597470036161e+02,
       1.6592928268051104e+01, 5.9971185993037693e+01,
       1.6732732971466334e+01, -1.0968933344119963e+01,
       -9.3779597196906950e-01, 1.0232862429387108e+01,
       -4.4374682855000593e+01, 1.1721893876680749e+01,
       2.4628775375503928e+01, 1.6501955953582772e+01,
       1.7913565945890454e+01, 1.5510539375499286e+00,
       -1.2669448687013838e+02, 1.1859666991490050e+02,
       1.2198208624324744e+01, -5.2944903321316104e+01,
       -1.4574923521212614e+01, -6.5270128999412258e-01,
       5.5295573510368246e-01 ]
covs: !!opencv-matrix
   rows: 91
   cols: 7
   dt: d
   data: [ 4.9704626099872066e+03, -4.9018009403859628e+02,
       3.0681735030599116e+03, -7.4742440310384950e+02,
       -1.5407334649737666e+02, -2.3939582662139763e+01,
       -3.8003255360965453e+00, -4.9018009403859639e+02,
       7.2759004631446733e+03, 4.7763647177517174e+02,
       1.7740212251277314e+03, -1.0791912825503482e+02,
       -1.4837655010348945e+02, -2.4430152739504109e+01,
       3.0681735030599107e+03, 4.7763647177517174e+02,
       2.4548074735797195e+03, 3.7770661200529325e+01,
       -3.9413036906079277e+01, 2.3713376143284304e+01,
       1.5853630507852433e+01, -7.4742440310384950e+02,
       1.7740212251277314e+03, 3.7770661200529339e+01,
       1.9658697533203767e+03, 1.0489709789989000e+02,
       -1.2734780995942991e+01, 7.6637311376223867e+00,
       -1.5407334649737669e+02, -1.0791912825503482e+02,
       -3.9413036906079292e+01, 1.0489709789989003e+02,
       1.1533094923826660e+02, 1.6978741363762580e+01,
       -3.2270825965259640e+01, -2.3939582662139763e+01,
       -1.4837655010348942e+02, 2.3713376143284304e+01,
       -1.2734780995942991e+01, 1.6978741363762580e+01,
       8.3091426982027187e+01, -1.4364927238647644e+01,
       -3.8003255360965427e+00, -2.4430152739504109e+01,
       1.5853630507852429e+01, 7.6637311376223876e+00,
       -3.2270825965259640e+01, -1.4364927238647644e+01,
       2.0958581330462557e+01, 4.1602946400670871e+03,
       -1.1855935567043612e+02, 2.9149586313994141e+03,
       -8.2413439948815335e+02, -7.9360962299523607e+01,
       -2.7513425677760953e+01, -6.9726562842230393e+01,
       -1.1855935567043608e+02, 5.0871627036921054e+03,
       9.2313108220733841e+02, 2.6802618300561580e+03,
       -4.6476561025239029e+01, -6.0817651852078399e+01,
       -2.8317740190195938e+01, 2.9149586313994146e+03,
       9.2313108220733841e+02, 2.5365484332981086e+03,
       -1.0723681949490177e+02, -9.3386737378471082e+01,
       -8.1836911099720183e+01, 8.3114721284502338e+00,
       -8.2413439948815358e+02, 2.6802618300561580e+03,
       -1.0723681949490177e+02, 1.7482056453594757e+03,
       6.7486700462889345e+01, -1.1796860007687820e+02,
       -1.1279787031478982e+01, -7.9360962299523592e+01,
       -4.6476561025239029e+01, -9.3386737378471068e+01,
       6.7486700462889360e+01, 3.7965128775794255e+01,
       -3.4265816086917155e+01, -1.5301369326796590e+00,
       -2.7513425677760964e+01, -6.0817651852078399e+01,
       -8.1836911099720183e+01, -1.1796860007687820e+02,
       -3.4265816086917155e+01, 1.3460877355018692e+02,
       -2.3240904850259469e+01, -6.9726562842230393e+01,
       -2.8317740190195938e+01, 8.3114721284502284e+00,
       -1.1279787031478982e+01, -1.5301369326796594e+00,
       -2.3240904850259469e+01, 2.1689639014479887e+01,
       7.3222300141295473e+03, -9.2578035058293608e+02,
       2.5961232514812650e+03, -4.5559570494839653e+02,
       4.5900252542074774e+01, -7.2447671747089530e+01,
       -7.1881664059463288e+00, -9.2578035058293619e+02,
       6.5608914180282181e+03, 8.1195653830827246e+02,
       2.4351164814672975e+03, 1.4307642984759825e+01,
       4.6009195667345132e+01, -1.0000877314805538e+02,
       2.5961232514812646e+03, 8.1195653830827234e+02,
       2.5774346724789420e+03, -1.8587251651864486e+02,
       -1.1610538829279795e+02, -5.3744299801068401e+01,
       1.7032449061057616e+01, -4.5559570494839653e+02,
       2.4351164814672979e+03, -1.8587251651864491e+02,
       1.7869550923548009e+03, 7.6833427909462429e+01,
       -1.3899851279526479e+02, 3.4533683748521746e+01,
       4.5900252542074774e+01, 1.4307642984759818e+01,
       -1.1610538829279795e+02, 7.6833427909462429e+01,
       4.9381546457380352e+01, -1.0823605287200223e+01,
       -6.2347117195266604e+00, -7.2447671747089544e+01,
       4.6009195667345132e+01, -5.3744299801068387e+01,
       -1.3899851279526479e+02, -1.0823605287200225e+01,
       4.7156543989129382e+01, -2.0180607428308800e+01,
       -7.1881664059463208e+00, -1.0000877314805538e+02,
       1.7032449061057619e+01, 3.4533683748521746e+01,
       -6.2347117195266595e+00, -2.0180607428308800e+01,
       1.9283148640810676e+01, 7.1297804369056839e+03,
       7.1285392590095989e+02, 2.3271343788789209e+03,
       -1.1052711120236131e+03, 3.1099904527684311e+02,
       -3.9197652569708112e+02, -1.0336687061845731e+02,
       7.1285392590095967e+02, 7.5272616820029971e+03,
       5.3258447267943848e+02, 1.9987543082541624e+03,
       2.1711599198807500e+02, -1.3648577172884953e+02,
       -1.6928134758395551e+01, 2.3271343788789209e+03,
       5.3258447267943859e+02, 2.5192361383300345e+03,
       -6.6072929288826343e-01, -1.8686767244103319e+02,
       5.6077017707792756e+01, 2.9007757333901292e+01,
       -1.1052711120236131e+03, 1.9987543082541624e+03,
       -6.6072929288825988e-01, 1.8665723799052557e+03,
       -4.3320559442180404e+01, -1.7399640458918615e+00,
       -1.2941694005365081e+01, 3.1099904527684305e+02,
       2.1711599198807500e+02, -1.8686767244103325e+02,
       -4.3320559442180404e+01, 9.8529214561675332e+01,
       -8.7692851065810629e+01, -5.2968214580373134e+00,
       -3.9197652569708112e+02, -1.3648577172884953e+02,
       5.6077017707792770e+01, -1.7399640458918655e+00,
       -8.7692851065810629e+01, 1.5542285606124085e+02,
