%YAML:1.0
means: !!opencv-matrix
   rows: 2
   cols: 11
   dt: d
   data: [ 5.0406614404820630e+01, 1.2294912663140813e+01,
       -1.0222029512324529e+01, -1.9777268360865535e-01,
       4.9213015849103448e+00, 3.3016994772507924e+00,
       9.9015146543318266e-01, -1.3293835417425481e-01,
       -3.1810732609399694e-01, 7.7415833615554191e-03,
       2.6490690530014849e-02, -1.0115907243806488e+02,
       -2.4679362358086419e+01, 2.0510143492301864e+01,
       3.9828422821423975e-01, -9.8769591558591472e+00,
       -6.6331437076059823e+00, -1.9876751027804893e+00,
       2.6700825399854261e-01, 6.4128876675275104e-01,
       -9.8406615673692303e-03, -5.3647990804666666e-02 ]
covs: !!opencv-matrix
   rows: 22
   cols: 11
   dt: d
   data: [ 1.0951305191644018e+04, -1.1024520619267230e+03,
       1.2593460856797312e+03, 8.6925207495651122e+01,
       -9.3388156044315770e+02, -2.9115584403987441e+02,
       -9.9500094777108274e+01, 1.2169934187081832e+01,
       -2.9147424072422027e+01, 2.5744887920995505e+00,
       -1.1706343025289347e+00, -1.1024520619267230e+03,
       1.0805717937418216e+04, 2.6282523046733087e+02,
       3.7882026560355837e+02, -3.1812344699574805e+02,
       -3.4607398369429990e+02, -3.8169481594345719e+01,
       -1.2963486544243258e+01, -9.5955785701945668e+00,
       -1.2866859077319646e+01, -1.3551969893369784e+00,
       1.2593460856797317e+03, 2.6282523046733098e+02,
       3.0454232548483669e+03, -5.3399081181989793e+01,
       2.3118157359207575e+02, 7.6646454515502100e+01,
       2.7815732202060495e+01, -3.5575425512137668e+00,
       4.5334171958529073e+00, 1.7050721628382752e+00,
       4.8821856818233325e-02, 8.6925207495651122e+01,
       3.7882026560355848e+02, -5.3399081181989779e+01,
       2.7943447272785975e+03, 5.1657612571568770e+01,
       6.5594705143114865e+01, 6.2951323009094928e-01,
       9.4063088736527387e+00, 5.2880624223129393e+00,
       1.3069734380810132e+00, 6.1843111020135899e-01,
       -9.3388156044315770e+02, -3.1812344699574794e+02,
       2.3118157359207581e+02, 5.1657612571568755e+01,
       4.6215510162120836e+02, -5.3906798988005427e+01,
       -1.0712361344239792e+01, -6.8996108284463569e+00,
       -5.3044160446069526e+00, 1.1027476226297235e+00,
       1.1361091102068004e-01, -2.9115584403987452e+02,
       -3.4607398369429990e+02, 7.6646454515502086e+01,
       6.5594705143114851e+01, -5.3906798988005427e+01,
       2.1849831478499738e+02, -8.7389111868751215e+00,
       9.8436689936574151e-01, 3.9364465174179677e+00,
       -2.0684852551819297e+00, -1.7122942182713130e-01,
       -9.9500094777108274e+01, -3.8169481594345704e+01,
       2.7815732202060495e+01, 6.2951323009094839e-01,
       -1.0712361344239792e+01, -8.7389111868751215e+00,
       2.3699971086153621e+01, 3.8738894122724959e-01,
       3.4876655480352268e+00, 1.2872217369823408e-01,
       -3.5922966394435672e-02, 1.2169934187081827e+01,
       -1.2963486544243258e+01, -3.5575425512137651e+00,
       9.4063088736527405e+00, -6.8996108284463595e+00,
       9.8436689936574195e-01, 3.8738894122724965e-01,
       1.4741621704499867e+01, -8.8830943235269910e-01,
       5.5975719358263742e-01, -1.1320844079138049e-02,
       -2.9147424072422034e+01, -9.5955785701945668e+00,
       4.5334171958529064e+00, 5.2880624223129384e+00,
       -5.3044160446069526e+00, 3.9364465174179677e+00,
       3.4876655480352268e+00, -8.8830943235269910e-01,
       1.2876779729913626e+00, 2.4684547878331606e-02,
       1.9436194082764709e-02, 2.5744887920995509e+00,
       -1.2866859077319646e+01, 1.7050721628382755e+00,
       1.3069734380810132e+00, 1.1027476226297235e+00,
       -2.0684852551819297e+00, 1.2872217369823413e-01,
       5.5975719358263742e-01, 2.4684547878331624e-02,
       3.2256435733927330e-01, 2.0678248364548037e-02,
       -1.1706343025289347e+00, -1.3551969893369782e+00,
       4.8821856818233311e-02, 6.1843111020135899e-01,
       1.1361091102068004e-01, -1.7122942182713125e-01,
       -3.5922966394435658e-02, -1.1320844079138052e-02,
       1.9436194082764709e-02, 2.0678248364548037e-02,
       2.8825721198179981e-02, 1.5719226548988454e+04,
       -1.5278435837254033e+03, 5.8155089021963545e+02,
       -1.1414680575105768e+02, 3.7715517356047854e+02,
       -4.2069794268438056e+02, -1.0155556602836010e+02,
       1.6035391580208614e+01, 1.5554360065487731e+02,
       -6.9469421122100794e+00, -5.7573842538936981e+00,
       -1.5278435837254033e+03, 1.4903345372680185e+04,
       2.3095196317275682e+02, -7.4550697405655728e+02,
       2.7322825140448361e+02, 4.4934501710071584e+02,
       3.1135425733472388e+00, 3.5886071693666651e+01,
       4.2932834110149344e+01, 2.5385643281170029e+01,
       7.4195570961882662e-01, 5.8155089021963545e+02,
       2.3095196317275688e+02, 3.1564026512363034e+03,
       9.4935978103512696e+01, -1.6040381549117717e+02,
       4.9962379063280331e+01, 5.2577623575385317e+00,
       -1.0643145180518363e+00, -2.8775910297359339e+01,
       -3.0626190175530876e+00, 1.5457960752028541e+00,
       -1.1414680575105768e+02, -7.4550697405655728e+02,
       9.4935978103512753e+01, 3.0033615233533037e+03,
       -9.7779815818635001e+01, -1.2768394843657202e+02,
       -7.8664796320349714e-02, -1.9036090199911669e+01,
       -1.0992700873529657e+01, -2.6156433117260618e+00,
       -1.2092864023625554e+00, 3.7715517356047843e+02,
       2.7322825140448361e+02, -1.6040381549117717e+02,
       -9.7779815818635001e+01, 2.7949076752658891e+02,
       1.0057279987206707e+01, -7.9133609219790246e+00,
       1.7796371067490483e+01, 2.0120527965573306e+01,
       -2.3864367427208726e+00, -1.0195071757097496e+00,
       -4.2069794268438056e+02, 4.4934501710071589e+02,
       4.9962379063280345e+01, -1.2768394843657202e+02,
       1.0057279987206703e+01, 2.5291204838087037e+02,
       -2.2079530797846707e+00, 6.7651707937332284e-01,
       -1.5382408033012576e+00, 4.0345355775399971e+00,
       -1.8774951633159595e-01, -1.0155556602836013e+02,
       3.1135425733472419e+00, 5.2577623575385326e+00,
       -7.8664796320350533e-02, -7.9133609219790264e+00,
       -2.2079530797846694e+00, 3.8558985239694927e+01,
       1.7496771145832667e-02, -5.0922637466794445e+00,
       -2.9332784862430933e-01, -8.7188894135136349e-02,
       1.6035391580208614e+01, 3.5886071693666658e+01,
       -1.0643145180518350e+00, -1.9036090199911669e+01,
       1.7796371067490480e+01, 6.7651707937332239e-01,
       1.7496771145832660e-02, 1.8279836791250787e+01,
       1.5268364099995342e+00, -1.1186081978838056e+00,
       4.4094888436283348e-02, 1.5554360065487734e+02,
       4.2932834110149344e+01, -2.8775910297359339e+01,
       -1.0992700873529660e+01, 2.0120527965573306e+01,
       -1.5382408033012576e+00, -5.0922637466794445e+00,
       1.5268364099995342e+00, 1.1916584300812369e+01,
       -3.8287037787915527e-02, 1.2297839599979300e-02,
       -6.9469421122100776e+00, 2.5385643281170029e+01,
       -3.0626190175530850e+00, -2.6156433117260605e+00,
       -2.3864367427208726e+00, 4.0345355775399980e+00,
       -2.9332784862430933e-01, -1.1186081978838056e+00,
       -3.8287037787915500e-02, 2.5135585683639636e+00,
       -4.2427440700588417e-02, -5.7573842538936981e+00,
       7.4195570961882684e-01, 1.5457960752028541e+00,
       -1.2092864023625554e+00, -1.0195071757097494e+00,
       -1.8774951633159598e-01, -8.7188894135136349e-02,
       4.4094888436283328e-02, 1.2297839599979307e-02,
       -4.2427440700588424e-02, 4.6234697748787516e-02 ]
weights: !!opencv-matrix
   rows: 1
   cols: 2
   dt: d
   data: [ 6.6742080884258514e-01, 3.3257919115741141e-01 ]
