%YAML:1.0
means: !!opencv-matrix
   rows: 15
   cols: 3
   dt: d
   data: [ -1.7300634705721595e+02, 1.1746988639388161e+02,
       -8.7052967012847429e+00, 6.6209555129309535e+01,
       1.0444427389494990e+01, 5.6475166849436967e+01,
       -4.9288930612596743e-01, -1.2259629710184660e+02,
       6.9771118843274662e+00, -1.9853926435192565e+02,
       -2.9555178802038089e+00, -5.2489674094148320e-01,
       -4.3796719675001810e+01, 1.7908234674960902e+01,
       -3.0161343696248089e+01, 1.6470565069012758e+02,
       -2.7138541862988916e+01, 1.3477293186485511e+01,
       2.0344898550512156e+02, 4.0715511241424515e+01,
       3.7025047611430395e+01, -1.4353748165265810e+02,
       -6.1525590520059950e+01, 7.9902354966617736e+01,
       6.5298210599532936e+01, 1.1317646684009927e+02,
       1.3406287086304724e+01, -3.0693089721455156e+01,
       -9.4371375281437338e+01, -7.0465534119871080e+01,
       1.0183638686665995e+02, -1.1202549851620246e+02,
       -1.0529107849254430e+01, -4.7353716474658306e+01,
       1.4369074407760516e+02, -5.1561206740149053e+01,
       7.7594989185542531e+01, 3.6164421842060004e+00,
       -5.8632241922385283e+01, -2.6093581799431644e+02,
       -7.7887511759989295e+01, -2.2180610779743004e+00,
       -6.6318663676646594e+01, 3.0249364802342694e+01,
       7.2480887522164437e+01 ]
covs: !!opencv-matrix
   rows: 45
   cols: 3
   dt: d
   data: [ 3.0697375841052444e+03, -1.8824842111114077e+02,
       8.2486115615483470e+02, -1.8824842111114080e+02,
       5.8114403136830233e+03, -2.2117592495128261e+02,
       8.2486115615483436e+02, -2.2117592495128255e+02,
       1.3880151521192411e+03, 2.4260246021060193e+03,
       -1.8280065822247278e+02, 1.5006876333537656e+02,
       -1.8280065822247272e+02, 8.6376111737812589e+03,
       -8.6651821504801660e+01, 1.5006876333537650e+02,
       -8.6651821504801660e+01, 8.5232923041041499e+02,
       4.5369815654999238e+03, -1.2334886301130359e+03,
       2.3773821811642265e+03, -1.2334886301130357e+03,
       1.1655678400451454e+04, 7.2582410653793522e+02,
       2.3773821811642265e+03, 7.2582410653793522e+02,
       1.9294464825635955e+03, 3.5635707336502910e+03,
       -1.8449657456108548e+03, 5.2279651567362430e+02,
       -1.8449657456108548e+03, 6.9261829574948852e+03,
       4.5654699362275420e+02, 5.2279651567362430e+02,
       4.5654699362275409e+02, 1.1888616301712746e+03,
       4.7083463972710560e+03, -5.6473511716204985e+02,
       4.5022859756512355e+02, -5.6473511716204996e+02,
       3.5773713157863663e+03, -3.7073252756321153e+02,
       4.5022859756512355e+02, -3.7073252756321142e+02,
       1.4423509008625565e+03, 3.0017063575043717e+03,
       -3.4850586938764462e+02, -6.6075902615127279e+02,
       -3.4850586938764462e+02, 6.9893648709446979e+03,
       -8.7000592968758963e+02, -6.6075902615127268e+02,
       -8.7000592968758963e+02, 1.0080753260402994e+03,
       4.3232641458425951e+03, -1.2201513640612075e+03,
       -9.1963391277593564e+02, -1.2201513640612072e+03,
       8.1193126592043891e+03, 5.2702788743061330e+02,
       -9.1963391277593564e+02, 5.2702788743061330e+02,
       5.9788766518919863e+02, 2.5285139672068062e+03,
       -1.1560522876380471e+03, 1.0221767548890024e+03,
       -1.1560522876380471e+03, 9.5266435086935326e+03,
       8.3002783225936651e+02, 1.0221767548890024e+03,
       8.3002783225936651e+02, 1.0657196783988431e+03,
       6.0462279331804184e+03, -9.8720278173149200e+02,
       -4.7023935758046656e+02, -9.8720278173149211e+02,
       6.4662385087067059e+03, 7.3070978033178278e+02,
       -4.7023935758046639e+02, 7.3070978033178289e+02,
       1.1944826155246333e+03, 6.6526356804702946e+03,
       -1.2344605151069176e+02, -1.9013318646009827e+03,
       -1.2344605151069180e+02, 3.3441626161405552e+03,
       -2.4363594864155306e+02, -1.9013318646009827e+03,
       -2.4363594864155309e+02, 1.3097575088462618e+03,
       6.1168441062961856e+03, 2.6813104093452984e+02,
       -7.9731945111630228e+02, 2.6813104093452984e+02,
       2.2642281584142506e+03, -5.0120929932910178e+02,
       -7.9731945111630205e+02, -5.0120929932910178e+02,
       1.7403292367696163e+03, 3.5981131079705428e+03,
       -1.9272485272087306e+02, 5.8376361270863761e+01,
       -1.9272485272087306e+02, 4.7105830897894402e+03,
       1.8972817089431157e+02, 5.8376361270863761e+01,
       1.8972817089431152e+02, 1.0783953408385726e+03,
       3.9291214921767623e+03, -5.7906662559659662e+02,
       5.6846324111718468e+02, -5.7906662559659662e+02,
       7.2641341439316811e+03, -2.2420517132064055e+02,
       5.6846324111718468e+02, -2.2420517132064055e+02,
       1.4466884514209435e+03, 2.4034959969662009e+03,
       -1.3798670168091080e+03, 6.2263651053239596e+02,
       -1.3798670168091080e+03, 8.6237633466407078e+03,
       5.5273004140458102e+02, 6.2263651053239596e+02,
       5.5273004140458102e+02, 6.8337632414029588e+02,
       2.2403615730866877e+03, -3.8534870487537472e+02,
       5.1981084295301162e+02, -3.8534870487537444e+02,
       9.3749542170928489e+03, 4.0213966804454566e+02,
       5.1981084295301162e+02, 4.0213966804454583e+02,
       9.1803628529640491e+02 ]
weights: !!opencv-matrix
   rows: 1
   cols: 15
   dt: d
   data: [ 3.4125184405797600e-02, 8.4158961109834965e-02,
       7.4806471533349697e-02, 4.5705071211158639e-02,
       1.0856292724755014e-01, 6.6762060716118482e-02,
       5.5716861017643129e-02, 6.1398962161215057e-02,
       7.9926044899214344e-02, 5.6181748866315433e-02,
       4.3356796173179286e-02, 5.4385762339664231e-02,
       1.3211707807798598e-01, 4.1573305837035293e-02,
       6.1222764403923324e-02 ]
pca_proj: !!opencv-matrix
   rows: 3
   cols: 21
   dt: f
   data: [ 1.02604255e-02, 8.46533298e-01, 5.67100069e-05,
       -5.08859605e-02, 4.68450844e-01, 1.89823491e-04, -5.55210514e-03,
       1.46431834e-01, -1.98076777e-05, -7.31809530e-03, 1.34976640e-01,
       -4.80776835e-05, -6.69380091e-03, 1.46460637e-01, -1.57161594e-05,
       2.11501210e-05, 1.32904761e-05, -3.16381829e-07, -1.62182951e-05,
       4.47223283e-04, 4.04881848e-06, 8.19958210e-01, 1.87153444e-02,
       -7.93817599e-05, 4.28530097e-01, 8.29724409e-03, 8.75842488e-06,
       2.28233948e-01, -2.37727305e-03, -1.84168690e-04, 2.08515689e-01,
       -1.20344283e-02, -2.14158339e-04, 2.18838796e-01, -7.27251405e-04,
       -1.84816250e-04, -3.05604735e-05, -5.04301033e-06,
       -1.27042276e-05, 6.79167337e-04, 1.30049409e-06, -1.63660501e-04,
       -1.48704097e-01, -3.29387456e-01, -1.82470303e-05, 1.08596861e-01,
       1.49965823e-01, -1.77574475e-04, 1.29315495e-01, 5.12750924e-01,
       2.36419466e-04, 1.37444586e-01, 5.11233926e-01, 2.85520800e-04,
       1.36541247e-01, 5.06532609e-01, 2.30281497e-04, -1.19767010e-05,
       -4.37137305e-06, 1.85016711e-06, 4.23374237e-04, 1.63331581e-03,
       1.86568883e-04 ]
pca_mean: !!opencv-matrix
   rows: 1
   cols: 21
   dt: f
   data: [ 4.33646118e+02, 2.44701981e+02, 1.49672687e+00,
       4.18191803e+02, 2.60206879e+02, 1.62062907e+00, 3.68545319e+02,
       2.27059875e+02, 1.69770968e+00, 3.19420807e+02, 1.63929108e+02,
       1.75046074e+00, 3.16613464e+02, 2.25532654e+02, 1.70717156e+00,
       1.08872897e-04, -9.74175637e-05, 6.24380555e-05, -2.17504916e-04,
       -2.50119597e-01, 1.75055194e+00 ]
gamma: !!opencv-matrix
   rows: 15
   cols: 1
   dt: d
   data: [ 8.9224430856123771e-01, 8.5947257662852772e-01,
       8.9512685706461015e-01, 8.9601432729733821e-01,
       8.6176336159192091e-01, 8.3357491759884716e-01,
       8.3331669784112361e-01, 9.1518286145541983e-01,
       8.7296208932827668e-01, 8.2920420452842469e-01,
       8.4771012026932557e-01, 8.7021668143173425e-01,
       8.9219851998851374e-01, 9.0499485952821146e-01,
       8.8147058696705372e-01 ]
