%YAML:1.0
means: !!opencv-matrix
   rows: 6
   cols: 8
   dt: d
   data: [ 8.1619288083952924e+01, 1.5676514664533801e+01,
       -2.3907915559924575e+01, -3.2233278708652776e+01,
       -2.6419350515156573e+01, -1.9757424595500755e+01,
       9.2433540866925268e-01, -2.3129634597560633e+00,
       -4.5659913340982548e+01, -9.5841372164635089e+01,
       8.0932318835329191e+00, 6.0618813520422435e+01,
       -4.6066944782870642e+00, -1.2215807290486325e+00,
       1.5957976314889812e+00, -6.4378728405168395e-01,
       -1.7417641877158772e+02, 2.8093832970711542e+01,
       3.9728472993152742e+01, -1.4788802021174051e+01,
       -1.0097196110155975e+01, 3.8045487151223436e+00,
       -7.7375176424230285e-01, 2.4702182239760895e-01,
       3.0733094689616571e+01, -5.4538055106616019e+00,
       -1.3979907155998343e+00, 9.3532208158795205e-01,
       6.3515052748868959e+00, -2.6494990250129211e+00,
       -2.0233429786356716e+00, -7.4463286449276822e-01,
       8.3975049494503565e+01, 5.0224483208138473e+00,
       -2.0904124249655894e+01, 3.0322576897817517e+00,
       1.0144816993702307e+01, 6.7092881583122450e+00,
       5.1584338576556288e-01, 9.6472911888834978e-01,
       1.2241035820691884e+01, 9.8979517250746468e+01,
       3.0325706250021134e+00, -6.1888201310324519e+01,
       1.2860715388859365e+01, -5.2780104501600107e+00,
       7.3346556439369170e-01, 1.5387829649151887e+00 ]
covs: !!opencv-matrix
   rows: 48
   cols: 8
   dt: d
   data: [ 4.0891237656997710e+03, 8.6494484536703780e+01,
       3.0799980084892954e+03, 1.4533950494411215e+02,
       -1.0416160695383120e+02, -2.1605010324686383e+01,
       -5.2990172212676093e+01, -5.4276185507602381e+00,
       8.6494484536703723e+01, 5.6090717024861933e+03,
       -4.6175629266265823e+01, 2.4716990205453221e+03,
       -4.0854845652046414e+01, -1.3273179557982291e+02,
       4.0851486431608656e+01, -2.5908156324890463e+01,
       3.0799980084892954e+03, -4.6175629266265858e+01,
       2.5772572276537403e+03, 2.9938448023202728e+01,
       -8.2068830279899544e+01, 5.1238092579074014e+01,
       1.6396636654572120e+01, -5.0998288753448771e+00,
       1.4533950494411215e+02, 2.4716990205453221e+03,
       2.9938448023202703e+01, 1.1725599875696194e+03,
       -6.0410906615544384e+01, -8.7073399567691538e+01,
       4.5140862929343477e+00, 1.6872086377260064e+01,
       -1.0416160695383121e+02, -4.0854845652046428e+01,
       -8.2068830279899558e+01, -6.0410906615544370e+01,
       3.5520623150914197e+01, 8.9132476938746592e+00,
       4.3293370508268794e+00, -1.5831905737926501e+01,
       -2.1605010324686376e+01, -1.3273179557982291e+02,
       5.1238092579074014e+01, -8.7073399567691538e+01,
       8.9132476938746592e+00, 8.2109202444517734e+01,
       2.6423823993105884e+01, -7.8271236799631030e+00,
       -5.2990172212676079e+01, 4.0851486431608656e+01,
       1.6396636654572120e+01, 4.5140862929343450e+00,
       4.3293370508268794e+00, 2.6423823993105888e+01,
       2.0061993734918289e+01, -2.5420361679994352e+00,
       -5.4276185507602355e+00, -2.5908156324890456e+01,
       -5.0998288753448771e+00, 1.6872086377260064e+01,
       -1.5831905737926501e+01, -7.8271236799631012e+00,
       -2.5420361679994343e+00, 1.3933482808658599e+01,
       1.0342844330405518e+04, 3.0062751768986004e+02,
       1.8996446888307810e+03, 1.9189787721887328e+02,
       2.3211900407122283e+02, 4.0743037165972602e+01,
       6.0107821840079239e+01, 2.1830599964423804e+01,
       3.0062751768986021e+02, 6.4659522495926203e+03,
       -6.4631323211985872e+01, 2.0609693145608330e+03,
       1.9452578317576524e+01, -1.9486172405699957e+01,
       8.6517714714374904e+01, -2.4361969832264275e+01,
       1.8996446888307810e+03, -6.4631323211985872e+01,
       2.7744830684890694e+03, -8.3816970078343900e+01,
       -1.2314462756521907e+02, 2.5467854696203879e+01,
       -8.3872197228655025e+00, -1.7345415990151480e+00,
       1.9189787721887330e+02, 2.0609693145608335e+03,
       -8.3816970078343886e+01, 1.2302815548465189e+03,
       -1.0366385965231689e+02, -1.2323491095303692e+02,
       -4.0986576822892800e+01, 1.1111224900841659e+01,
       2.3211900407122283e+02, 1.9452578317576531e+01,
       -1.2314462756521907e+02, -1.0366385965231689e+02,
       1.5489098918185391e+02, -1.7280538164058395e+01,
       6.3598170755017636e+00, -8.9764645685745759e-01,
       4.0743037165972581e+01, -1.9486172405699957e+01,
       2.5467854696203879e+01, -1.2323491095303690e+02,
       -1.7280538164058395e+01, 5.5974425972916350e+01,
       2.0784191295834891e+01, -8.1701744638782436e+00,
       6.0107821840079239e+01, 8.6517714714374904e+01,
       -8.3872197228655008e+00, -4.0986576822892800e+01,
       6.3598170755017636e+00, 2.0784191295834891e+01,
       1.9985175314796106e+01, -1.0549807790380457e+00,
       2.1830599964423815e+01, -2.4361969832264293e+01,
       -1.7345415990151480e+00, 1.1111224900841666e+01,
       -8.9764645685745770e-01, -8.1701744638782436e+00,
       -1.0549807790380457e+00, 1.5169106049087453e+01,
       6.6020511412824126e+03, -2.6518013509110318e+02,
       3.0031556538598143e+03, 3.0544401615232118e+02,
       2.4545616868948110e+02, -3.7798915963295246e+02,
       1.1882300863397762e+02, -3.8430431907913707e+01,
       -2.6518013509110318e+02, 9.1458427858028936e+03,
       -6.4456461857676345e+01, 5.1585643837934049e+02,
       -4.6235709901446842e+02, 3.8809639238014603e+02,
       -1.0368462297049915e+02, 1.1936781538538106e+01,
       3.0031556538598138e+03, -6.4456461857676331e+01,
       2.4084760788600911e+03, 1.5098257550974402e+01,
       -5.8941685438950223e+01, 5.5521869468004304e+01,
       -2.4229290108626461e+01, 1.4184866087539554e+01,
       3.0544401615232124e+02, 5.1585643837934049e+02,
       1.5098257550974408e+01, 2.1377074480686310e+03,
       2.0152343762609391e+02, -1.2064808701261116e+02,
       4.7252403020503067e+01, -1.4491136704059429e+01,
       2.4545616868948119e+02, -4.6235709901446842e+02,
       -5.8941685438950223e+01, 2.0152343762609382e+02,
       1.6733337271310901e+02, -9.9982715447748731e+01,
       2.2857908844450051e+01, -1.7429461367012852e+01,
       -3.7798915963295235e+02, 3.8809639238014603e+02,
       5.5521869468004290e+01, -1.2064808701261119e+02,
       -9.9982715447748731e+01, 3.2372850069616885e+02,
       -1.7293816678889396e+01, 1.0991598126986098e+01,
       1.1882300863397761e+02, -1.0368462297049915e+02,
       -2.4229290108626458e+01, 4.7252403020503067e+01,
       2.2857908844450051e+01, -1.7293816678889399e+01,
       3.3559515149530455e+01, -6.8454338078561849e-01,
       -3.8430431907913722e+01, 1.1936781538538106e+01,
       1.4184866087539554e+01, -1.4491136704059421e+01,
       -1.7429461367012852e+01, 1.0991598126986096e+01,
       -6.8454338078561883e-01, 2.0911327587420409e+01,
       1.0546650107614696e+04, 3.1957579992517424e+02,
       1.5406259184517257e+03, -2.5680991002847645e+02,
       -9.3641289295475610e+02, 6.2538300329482070e+02,
       -1.6496023500700241e+02, -6.7495183029822714e+00,
       3.1957579992517412e+02, 7.7825572962889610e+03,
       -1.0828358071855106e+02, 1.1933129253734373e+03,
       7.3411787465664391e-01, -1.7416534589112797e+02,
       6.3671335280439919e+01, -1.1987542439420237e+01,
       1.5406259184517255e+03, -1.0828358071855104e+02,
       3.0348320962595858e+03, 1.2065336825682351e+02,
       2.0967749002887805e+02, -1.3563912092420878e+02,
       1.8065398959402184e+01, -6.1998406689467416e+00,
       -2.5680991002847645e+02, 1.1933129253734373e+03,
       1.2065336825682358e+02, 2.0407389184453834e+03,
       -7.1948589896336642e+01, 4.0325374103311368e+01,
       -5.4041423602088244e+01, -1.0880489808159739e+01,
       -9.3641289295475622e+02, 7.3411787465664791e-01,
       2.0967749002887805e+02, -7.1948589896336699e+01,
       2.9155465953458310e+02, -6.8873782888490837e+01,
       -9.3779267267080080e+00, -1.4454801952656219e+01,
