%YAML:1.0
means: !!opencv-matrix
   rows: 13
   cols: 15
   dt: d
   data: [ -2.2143318688289956e+01, -3.6948623039521533e+00,
       5.4575987919616931e-01, 4.2459516496151289e-01,
       7.6015415547529548e+00, -1.0385969396711678e+01,
       1.7931490277879696e+00, 5.6008330309795362e-01,
       6.8097970991610768e-01, 2.9672734382470223e-01,
       4.1568358177408407e-02, -2.0672795060072004e-02,
       -3.2747734696377023e-03, -5.2270728714950056e-03,
       -2.4739548158230155e-02, 8.1841187298452141e+01,
       1.5216781618655116e+01, -2.4147151122823921e+01,
       -3.2271524680468325e+01, -2.6536757403050345e+01,
       -1.9639853828395037e+01, 8.5756434149133121e-01,
       -2.3308380333455734e+00, 2.0852493808191283e-01,
       -4.2213378337825645e-02, 1.0571496334178083e-01,
       -4.9008985951127558e-03, 7.3294597016576926e-04,
       2.8557536542623699e-03, 1.4974785521886334e-02,
       -1.6756241228836274e+02, 6.7880355487959863e+00,
       3.5982667785177384e+01, 9.8100405825370485e-01,
       -3.4199948458476137e+00, 8.7371000349721069e+00,
       -2.1310153774819143e+00, -3.4557979915620050e+00,
       -1.3711532053072164e+00, 5.5055058898473375e-01,
       -2.0015163329961891e-01, -3.8113342964246261e-02,
       8.4050016190533353e-04, 5.9138104502937374e-03,
       4.9901246388160472e-03, 7.1824538246289890e+01,
       -4.7365025541162726e+00, -1.1880663743710219e+01,
       3.3312961552777396e+00, 1.2979113961224947e+01,
       6.5760892461085438e+00, -4.8569476484370838e-01,
       1.0076463307345209e+00, 3.6145939901263624e-01,
       -7.2273425101925470e-02, 1.8361952710272279e-02,
       2.2039660099825401e-02, 1.0429568133285721e-02,
       1.1812851042208099e-02, 3.4706611219594188e-02,
       8.9031223300839457e+00, 4.0452004814758666e+01,
       2.5176886847698361e+00, -2.1089910633819063e+01,
       2.1165393347307603e+01, -1.1651345531233934e+01,
       2.4702274114313556e+00, 5.6032566459610444e-01,
       2.4827653519419646e-01, 6.8007893810524578e-02,
       -8.5972499039521991e-03, 2.3886768718990144e-02,
       5.5669035830873863e-03, 6.6403333746625284e-03,
       1.7579035534282219e-02, 1.8125366002137969e+01,
       1.4404017402972113e+02, 1.2448287847790573e+00,
       -8.1643939174944578e+01, 1.7823338614098926e+01,
       1.0212677357231058e+01, -1.3057719316527716e-02,
       2.2774248971520978e+00, 1.5729931873572560e+00,
       4.6981434532512334e-01, -4.1703530286713496e-02,
       -2.6583157180321452e-02, -1.0953952779129278e-03,
       -7.9314394261907426e-03, -6.8924507261799009e-02,
       -1.8020567466024966e+02, -1.7423986787561606e+01,
       4.2816159867319314e+01, 1.2375568110265954e+01,
       -7.8321773106585919e+00, -1.2831551874750216e+00,
       9.8951926732551576e-01, 8.7023705004997554e-01,
       3.5948519497107795e-01, -1.0441314064799621e-01,
       2.7300876811260984e-02, -9.0400921194779896e-03,
       3.4782829947283640e-03, -4.2629240905738969e-03,
       -8.0830564744744995e-03, -1.8967041204066373e+02,
       8.4879562540565516e+01, 4.1374013850047689e+01,
       -4.8113019035430042e+01, -2.1694095838884124e+01,
       1.1180057167696543e+01, -2.5342829890206122e+00,
       1.9012192996188444e+00, 6.7731270721078451e-01,
       -2.5100557686361446e-02, 3.6685115903391081e-02,
       7.7989405317311728e-03, 2.8640982992428144e-03,
       4.2225062352404356e-03, 1.3606685826429998e-02,
       1.4861760179931707e+02, 2.7799831959603395e+01,
       -3.8484129700293764e+01, -2.4530978715734982e+01,
       -7.8465346612535800e+00, 1.5994881541231539e+01,
       -3.6429543960745483e+00, -2.6933281766726007e+00,
       -1.9095750031150220e+00, 3.8790073587564811e-01,
       -1.3445675293242995e-02, -1.1533383903549987e-01,
       -1.9298663229791325e-02, -2.3011398085221835e-02,
       -2.1348735516730329e-02, -7.5501024045608261e+01,
       -1.0624017274667946e+02, 1.2028983984952776e+01,
       6.9169197651213182e+01, -1.2995769749701221e+01,
       -1.6879231539397208e+00, 8.3495473990547120e-01,
       -1.4501319336158469e+00, 5.6929088278154660e-01,
       -2.1896787609130514e-01, 4.5546068989710482e-02,
       -9.4856337108300201e-03, 7.6750315290947230e-04,
       -7.5710807499731339e-03, -4.6026069382851488e-03,
       -1.3469508522722990e+01, -6.4288218935617891e+01,
       5.6364579623578646e+00, 4.4010089314268058e+01,
       1.7564764613252450e+00, 3.2948904511330840e-01,
       1.9221888212359179e+00, 5.5163625437828334e-01,
       2.3402127500893549e-01, -1.4708915309219600e-01,
       -1.2108515186541190e-01, 2.4507619281862472e-02,
       4.5505848740378151e-03, 1.1757371500531531e-04,
       -1.4867937082323998e-02, 1.3746409556451397e+02,
       -2.1061360011689150e+01, -3.7320757123912294e+01,
       1.5993482782127391e+01, -4.9374556662652633e+00,
       1.1278019939886644e+01, -4.9878354300881966e-01,
       1.2283196398690035e+00, 1.8466293073549717e-01,
       -8.3940399066407073e-02, 6.4632251594015214e-02,
       -1.8127929305910142e-02, -2.8724902417554235e-03,
       -9.9083382878265257e-03, -1.8225866796114192e-02,
       5.4874548043936118e+00, 8.5946279220966044e+00,
       8.7354822978203845e+00, -1.3926482312678254e+00,
       1.3851398820370045e+01, -3.7369187618474577e+00,
       -6.1071711599136691e+00, -3.4639306338277795e+00,
       -4.7281594605136501e+00, -4.0393747595207324e-01,
       -1.2639812151219501e-01, 5.2407065337613912e-02,
       -4.2191063322021036e-02, -1.7304644547792090e-03,
       -1.1771608479392414e-02 ]
