%YAML:1.0
means: !!opencv-matrix
   rows: 13
   cols: 3
   dt: d
   data: [ 8.7871483113384954e+01, -7.8748344965529597e+01,
       7.4385408495523862e+01, 1.7493573022559332e+02,
       3.6803705260471467e+01, 4.0545903390699436e+01,
       -8.0959018905983996e+01, 9.6886054194020375e+00,
       8.1023515751406819e+01, 5.7733835428265593e+01,
       -7.9606582547567498e+01, -7.6235154192659991e+01,
       -1.9537726664265395e+02, -3.3215199901032286e+00,
       -1.5871480205931312e+00, -7.0046477196455115e+01,
       1.4977755142504442e+01, -5.1223745862161039e+01,
       -1.2337375603268770e+01, -9.9355594728215095e+01,
       -2.4745617173597179e+00, 1.5819027987947936e+02,
       -4.8701195279730932e+01, -2.2664915024045205e+00,
       -1.0487118719556018e+02, 1.2395835836939398e+02,
       -3.8078021246245214e+01, 5.5532086939012956e+01,
       4.1254327856939824e+01, -5.5350557456605877e+01,
       -1.9326097470577091e+02, -6.7592590965683144e+01,
       4.7609984388960633e+01, 3.7389585693399518e+01,
       1.4296672421449369e+01, 2.6677887468723306e+01,
       5.6913708353717944e+01, 1.4949295386342882e+02,
       1.7613222915033415e+01 ]
covs: !!opencv-matrix
   rows: 39
   cols: 3
   dt: d
   data: [ 1.4174781874081962e+03, -1.0074949884169894e+03,
       3.1256711796647409e+01, -1.0074949884169891e+03,
       1.2543524839948750e+04, 1.0722735615657332e+03,
       3.1256711796647391e+01, 1.0722735615657330e+03,
       4.4620932178441410e+02, 5.7176569304522718e+03,
       -1.3871015559239891e+03, -1.0811496802877093e+03,
       -1.3871015559239891e+03, 9.6025211040450213e+03,
       5.6950745264144348e+02, -1.0811496802877093e+03,
       5.6950745264144359e+02, 6.1093788018619182e+02,
       2.8648238012104111e+03, 1.9168447299218246e+02,
       2.4782585236741957e+02, 1.9168447299218241e+02,
       1.0887350895758265e+04, 9.5304917625112537e+01,
       2.4782585236741960e+02, 9.5304917625112509e+01,
       8.8437176379914831e+02, 3.8855350107852337e+03,
       2.8854952494687677e+02, -3.6749838977628762e+01,
       2.8854952494687677e+02, 3.7099117176518726e+03,
       -2.0220524913860302e+02, -3.6749838977628755e+01,
       -2.0220524913860311e+02, 1.1707385031396466e+03,
       5.1753859683712744e+03, 1.4882273459695386e+03,
       8.4088278040461250e+02, 1.4882273459695384e+03,
       9.8089092834015573e+03, 8.5374195159776036e+02,
       8.4088278040461239e+02, 8.5374195159776036e+02,
       8.5423340930308393e+02, 2.5230417951144896e+03,
       1.4293420274255043e+03, -7.0868443955148308e+01,
       1.4293420274255038e+03, 1.0172235913996001e+04,
       -5.6641168559420953e+02, -7.0868443955148280e+01,
       -5.6641168559420953e+02, 8.6995690786519526e+02,
       3.1815161735202582e+03, -3.5155636576960666e+02,
       1.6255020685218713e+03, -3.5155636576960671e+02,
       1.2419120378701620e+04, 1.1081160346489089e+03,
       1.6255020685218713e+03, 1.1081160346489091e+03,
       1.4797444256482690e+03, 3.7929517090544127e+03,
       5.1606029263234689e+02, -2.2246968057013308e+02,
       5.1606029263234711e+02, 5.9848781946208892e+03,
       -1.3895853637230533e+02, -2.2246968057013308e+02,
       -1.3895853637230545e+02, 1.1212069375961009e+03,
       9.1022812030753139e+03, 7.8342588134302639e+02,
       -3.6963726406021237e+02, 7.8342588134302628e+02,
       6.1133881463837342e+03, -1.1754825988190581e+02,
       -3.6963726406021237e+02, -1.1754825988190578e+02,
       1.1716419033263005e+03, 4.1558037634251796e+03,
       4.7738118759699319e+02, 5.7397916995359719e+02,
       4.7738118759699324e+02, 3.9752868677156248e+03,
       -2.8943298638702396e+02, 5.7397916995359719e+02,
       -2.8943298638702385e+02, 1.4760197427592934e+03,
       4.5452640158360064e+03, -1.3893662441780757e+03,
       2.3381625979160244e+03, -1.3893662441780757e+03,
       9.6414028347174080e+03, 8.1588733233714481e+02,
       2.3381625979160249e+03, 8.1588733233714481e+02,
       1.8740810355648809e+03, 4.9839641762885840e+03,
       9.6731703981776002e+02, -1.0400217229906586e+02,
       9.6731703981776013e+02, 7.3071612441121852e+03,
       -1.4545881876893756e+02, -1.0400217229906585e+02,
       -1.4545881876893756e+02, 1.2422080133236864e+03,
       6.2954953472773823e+03, -1.0096372063699048e+03,
       -5.6877658092755337e+02, -1.0096372063699050e+03,
       4.3862187662084498e+03, 2.5595416774840442e+02,
       -5.6877658092755325e+02, 2.5595416774840444e+02,
       1.3043503484671996e+03 ]
weights: !!opencv-matrix
   rows: 1
   cols: 13
   dt: d
   data: [ 3.6813477395487917e-02, 7.6059609299924724e-02,
       7.5909625753445190e-02, 7.9983731159128588e-02,
       8.1551112155289915e-02, 8.3382281299581959e-02,
       7.6566575363160819e-02, 9.7200297542924641e-02,
       6.9494223911704997e-02, 9.7173865787069436e-02,
       6.5822842570372922e-02, 1.1099922126952633e-01,
       4.9043136492371762e-02 ]
pca_proj: !!opencv-matrix
   rows: 3
   cols: 21
   dt: f
   data: [ 1.02604255e-02, 8.46533298e-01, 5.67100069e-05,
       -5.08859605e-02, 4.68450844e-01, 1.89823491e-04, -5.55210514e-03,
       1.46431834e-01, -1.98076777e-05, -7.31809530e-03, 1.34976640e-01,
       -4.80776835e-05, -6.69380091e-03, 1.46460637e-01, -1.57161594e-05,
       2.11501210e-05, 1.32904761e-05, -3.16381829e-07, -1.62182951e-05,
       4.47223283e-04, 4.04881848e-06, 8.19958210e-01, 1.87153444e-02,
       -7.93817599e-05, 4.28530097e-01, 8.29724409e-03, 8.75842488e-06,
       2.28233948e-01, -2.37727305e-03, -1.84168690e-04, 2.08515689e-01,
       -1.20344283e-02, -2.14158339e-04, 2.18838796e-01, -7.27251405e-04,
       -1.84816250e-04, -3.05604735e-05, -5.04301033e-06,
       -1.27042276e-05, 6.79167337e-04, 1.30049409e-06, -1.63660501e-04,
       -1.48704097e-01, -3.29387456e-01, -1.82470303e-05, 1.08596861e-01,
       1.49965823e-01, -1.77574475e-04, 1.29315495e-01, 5.12750924e-01,
       2.36419466e-04, 1.37444586e-01, 5.11233926e-01, 2.85520800e-04,
       1.36541247e-01, 5.06532609e-01, 2.30281497e-04, -1.19767010e-05,
       -4.37137305e-06, 1.85016711e-06, 4.23374237e-04, 1.63331581e-03,
       1.86568883e-04 ]
pca_mean: !!opencv-matrix
   rows: 1
   cols: 21
   dt: f
   data: [ 4.33646118e+02, 2.44701981e+02, 1.49672687e+00,
       4.18191803e+02, 2.60206879e+02, 1.62062907e+00, 3.68545319e+02,
       2.27059875e+02, 1.69770968e+00, 3.19420807e+02, 1.63929108e+02,
       1.75046074e+00, 3.16613464e+02, 2.25532654e+02, 1.70717156e+00,
       1.08872897e-04, -9.74175637e-05, 6.24380555e-05, -2.17504916e-04,
       -2.50119597e-01, 1.75055194e+00 ]
gamma: !!opencv-matrix
   rows: 13
   cols: 1
   dt: d
   data: [ 8.4647383380179764e-01, 8.2872340789827892e-01,
       8.8055673768582388e-01, 8.6319918722255851e-01,
       8.8711019709945194e-01, 8.4898086017595720e-01,
       8.8579287452711075e-01, 8.6749938385807146e-01,
       8.8437334899692954e-01, 8.7001952304471741e-01,
       9.2647972279957413e-01, 8.7215840916621590e-01,
       8.7283731141233256e-01 ]
