%YAML:1.0
means: !!opencv-matrix
   rows: 3
   cols: 5
   dt: d
   data: [ 8.9490659389507044e+01, -1.0297234826810984e+01,
       -2.0763426010046775e+01, 1.0693395687836686e+01,
       -2.7527132285737816e+00, -9.6489976692954798e+01,
       -5.9892373606908031e+01, 3.1454223508050610e+01,
       1.8723758851163467e+01, 5.9828717076756091e+00,
       -3.8816042135668667e+01, 1.0165125387753339e+02,
       -3.4125730433801813e+00, -4.6053471208146775e+01,
       -2.9348193040121502e+00 ]
covs: !!opencv-matrix
   rows: 15
   cols: 5
   dt: d
   data: [ 8.8273110201820291e+03, -5.0661628491978625e+01,
       1.8073639604215887e+03, -2.9123351331548048e+02,
       -7.1228211230510124e+02, -5.0661628491978668e+01,
       8.7021669975321238e+03, 3.7151503948922607e+02,
       1.3787721494322534e+03, 1.5523586826476725e+02,
       1.8073639604215889e+03, 3.7151503948922596e+02,
       2.7837706522452077e+03, -1.2026904688708507e+02,
       8.6897132372884727e+01, -2.9123351331548042e+02,
       1.3787721494322534e+03, -1.2026904688708503e+02,
       2.3202871692543540e+03, -1.6152873497181756e+02,
       -7.1228211230510124e+02, 1.5523586826476722e+02,
       8.6897132372884727e+01, -1.6152873497181756e+02,
       3.7081713380870843e+02, 1.2614208832897682e+04,
       -1.9356332265237818e+03, 1.9233125308071674e+03,
       1.7826703887447005e+02, 1.7465097967324248e+03,
       -1.9356332265237813e+03, 1.0290414396491204e+04,
       1.0010765193549737e+03, 1.0196723428087715e+03,
       4.0173641127061944e+02, 1.9233125308071674e+03,
       1.0010765193549737e+03, 2.6353800330350282e+03,
       -2.0955497679043782e+02, -3.5416866223218597e+02,
       1.7826703887447005e+02, 1.0196723428087713e+03,
       -2.0955497679043776e+02, 2.3451513727222919e+03,
       -3.2122038471403208e+01, 1.7465097967324248e+03,
       4.0173641127061944e+02, -3.5416866223218597e+02,
       -3.2122038471403194e+01, 7.0056529929301485e+02,
       1.1786927613985115e+04, 5.4066474940761691e+02,
       1.4864474609823164e+03, -8.2971386674008295e+02,
       1.1616967228499701e+02, 5.4066474940761691e+02,
       7.2117764946592051e+03, 4.3761141041926555e+02,
       2.3977962491502853e+03, -1.1170122971913386e+02,
       1.4864474609823164e+03, 4.3761141041926555e+02,
       2.9719757823389536e+03, -2.2824714716355388e+01,
       -5.7892779475601614e+01, -8.2971386674008272e+02,
       2.3977962491502858e+03, -2.2824714716355405e+01,
       1.7931758810264112e+03, 1.2015965951536737e+02,
       1.1616967228499701e+02, -1.1170122971913388e+02,
       -5.7892779475601628e+01, 1.2015965951536737e+02,
       1.8616363500314768e+02 ]
weights: !!opencv-matrix
   rows: 1
   cols: 3
   dt: d
   data: [ 4.4633710108475538e-01, 3.1995351707973579e-01,
       2.3370938183549528e-01 ]
pca_proj: !!opencv-matrix
   rows: 5
   cols: 21
   dt: f
   data: [ 1.02604255e-02, 8.46533298e-01, 5.67100069e-05,
       -5.08859605e-02, 4.68450844e-01, 1.89823491e-04, -5.55210514e-03,
       1.46431834e-01, -1.98076777e-05, -7.31809530e-03, 1.34976640e-01,
       -4.80776835e-05, -6.69380091e-03, 1.46460637e-01, -1.57161594e-05,
       2.11501210e-05, 1.32904761e-05, -3.16381829e-07, -1.62182951e-05,
       4.47223283e-04, 4.04881848e-06, 8.19958210e-01, 1.87153444e-02,
       -7.93817599e-05, 4.28530097e-01, 8.29724409e-03, 8.75842488e-06,
       2.28233948e-01, -2.37727305e-03, -1.84168690e-04, 2.08515689e-01,
       -1.20344283e-02, -2.14158339e-04, 2.18838796e-01, -7.27251405e-04,
       -1.84816250e-04, -3.05604735e-05, -5.04301033e-06,
       -1.27042276e-05, 6.79167337e-04, 1.30049409e-06, -1.63660501e-04,
       -1.48704097e-01, -3.29387456e-01, -1.82470303e-05, 1.08596861e-01,
       1.49965823e-01, -1.77574475e-04, 1.29315495e-01, 5.12750924e-01,
       2.36419466e-04, 1.37444586e-01, 5.11233926e-01, 2.85520800e-04,
       1.36541247e-01, 5.06532609e-01, 2.30281497e-04, -1.19767010e-05,
       -4.37137305e-06, 1.85016711e-06, 4.23374237e-04, 1.63331581e-03,
       1.86568883e-04, -4.72028166e-01, 1.25829116e-01, -3.95576280e-05,
       1.75304204e-01, -4.03850079e-02, -1.91588406e-04, 4.72358793e-01,
       -1.55570537e-01, 3.14154240e-05, 4.64089781e-01, -1.42328069e-01,
       9.23298430e-05, 4.71241623e-01, -1.54795542e-01, 4.75230554e-05,
       -2.49870754e-05, 5.87460408e-06, 1.53038200e-05, 1.49897439e-03,
       -5.03496267e-04, 3.15210091e-05, 4.28138897e-02, -3.98029029e-01,
       -1.64866622e-03, -1.49486646e-01, 8.53724658e-01, -7.20556185e-04,
       4.98631820e-02, -1.44551426e-01, -6.16796780e-04, 4.10989933e-02,
       -1.98635340e-01, -7.75538327e-04, 2.98115760e-02, -1.52079150e-01,
       -6.80539582e-04, 2.25883312e-04, -2.69945431e-05, 2.70592113e-06,
       9.03362306e-05, -4.77506634e-04, -7.18366122e-04 ]
pca_mean: !!opencv-matrix
   rows: 1
   cols: 21
   dt: f
   data: [ 4.33646118e+02, 2.44701981e+02, 1.49672687e+00,
       4.18191803e+02, 2.60206879e+02, 1.62062907e+00, 3.68545319e+02,
       2.27059875e+02, 1.69770968e+00, 3.19420807e+02, 1.63929108e+02,
       1.75046074e+00, 3.16613464e+02, 2.25532654e+02, 1.70717156e+00,
       1.08872897e-04, -9.74175637e-05, 6.24380555e-05, -2.17504916e-04,
       -2.50119597e-01, 1.75055194e+00 ]
gamma: !!opencv-matrix
   rows: 3
   cols: 1
   dt: d
   data: [ 9.3285658583488240e-01, 9.2910624312699075e-01,
       9.2399299337219865e-01 ]
