%YAML:1.0
means: !!opencv-matrix
   rows: 4
   cols: 19
   dt: d
   data: [ 5.4292661999475818e+01, -1.3175630520269459e+01,
       -7.2790521313591965e+00, 1.0545503764070773e+01,
       9.8646989282290285e+00, 4.5228474452521823e+00,
       7.9420556331036440e-01, -1.1283763311804688e-01,
       -2.4319067844191555e-01, 4.9241524807044454e-02,
       2.5415301663185393e-02, 1.6919172787495738e-02,
       1.6072983012911215e-03, -7.5927251849463489e-03,
       1.7824225529313616e-02, 4.4836145746543634e-04,
       4.9056177776825554e-04, -2.5217435203718701e-03,
       -6.0157130064460087e-04, -1.4959177317508372e+02,
       -2.8446342156267576e+01, 3.8941110663505398e+01,
       3.6934226013619678e+00, -9.0637190966371080e+00,
       8.4302298276172416e-01, -1.0144326890559138e-01,
       8.2699908557179258e-01, -1.0081567285662516e+00,
       -3.1745152389008088e-02, -1.0015584604164537e-02,
       9.4903989991847997e-03, 1.7006832046537789e-03,
       2.4138993020424878e-04, -7.4311263794117587e-03,
       -8.2709164730437289e-03, 5.8638717034332848e-04,
       -1.9541412446083688e-04, -1.5715392461854456e-03,
       -2.1350414345050250e+01, -4.7601603979077566e+01,
       7.1668880809194180e+00, 9.2717492413405012e+00,
       1.5697185057495719e+00, -9.6315128729167263e+00,
       -3.7438293946891119e+00, 2.2743699335377035e-01,
       3.6208285776018658e+00, 7.4468355979410303e-02,
       -7.1647024444137300e-02, -5.1724739305213610e-02,
       -1.3939975219454715e-02, 9.3387477534218732e-03,
       -7.0116693725691265e-03, 2.7571670201267714e-03,
       1.0943637466850913e-03, 5.1968424434980214e-03,
       2.7627104908273712e-03, 4.6764970173029290e+01,
       6.8903498657095383e+01, -2.4045892653266812e+01,
       -2.4758403982874970e+01, -9.2219889802235890e+00,
       -3.0990529137896279e+00, 7.0603399306628856e-01,
       -6.1581848669498718e-01, -6.1317201036702296e-01,
       -8.3568652617505249e-02, 3.0833638770581162e-03,
       -9.2106814568566411e-03, 3.1006750786314340e-03,
       7.4389607969767612e-03, -1.8979340823162608e-02,
       4.6386871562771048e-03, -1.8842687329619829e-03,
       1.5051460591669807e-03, 8.2958498630000376e-04 ]
covs: !!opencv-matrix
   rows: 76
   cols: 19
   dt: d
   data: [ 8.3227142162149994e+03, -5.6284126675779476e+02,
       1.9363067246227613e+03, -2.7360550596254552e+02,
       -1.1236049351230708e+03, -1.7680496114378276e+01,
       -7.9869497962959031e+01, 3.6183396298623073e+01,
       -1.5577290578192887e+01, 1.7865078325036687e+00,
       -1.1838762318414930e+00, -6.3937977870971038e-02,
       6.8020954502061678e-02, -2.1375277642169033e-01,
       6.6429401057904103e-01, -7.9700510939107211e-02,
       -1.1346042085338931e-01, -3.5880701060474099e-02,
       3.5336928677610575e-02, -5.6284126675779453e+02,
       8.9057417525196106e+03, 4.6944780405734434e+02,
       1.1887596565694298e+03, -3.6012505728534840e+00,
       -5.0735425771309940e+02, -5.4209944650194693e+01,
       -1.7417698290847099e+01, -1.2713494354865787e+01,
       -6.8410574313875818e+00, -1.0266866190076889e+00,
       -5.0701615218245247e-02, 1.0126245429466671e-01,
       -2.7044547170488353e-01, 2.7731271785714490e-01,
       -1.0263757264810018e-01, 1.0228901715298877e-01,
       -1.1918078360620880e-01, 1.8744468476966872e-03,
       1.9363067246227617e+03, 4.6944780405734406e+02,
       2.7873080674774997e+03, -1.0423236663635767e+02,
       2.3303796689145634e+02, 1.4750989908094292e+01,
       2.5093187812959769e+01, -1.2083817051376753e+01,
       1.0341820487473850e+00, 3.7889801884807733e-01,
       2.4904346282539863e-01, -2.9936433962343839e-01,
       2.9738422497332547e-02, 9.4655344095238875e-02,
       -2.4220197089641671e-01, 5.5099085694652425e-02,
       9.7505649673115154e-03, 2.3659717950779407e-02,
       -1.9239460951888758e-03, -2.7360550596254552e+02,
       1.1887596565694298e+03, -1.0423236663635764e+02,
       2.3978026968306613e+03, -1.3576904166679086e+02,
       1.5164850382118803e+02, 1.0670195811098298e+01,
       9.3055977790335103e+00, 9.6520582526038456e+00,
       -9.9030590200684354e-01, 4.5862175944700828e-01,
       -6.1032197618247720e-02, -2.4232973706499000e-02,
       5.2097010294885927e-02, -4.9990073253886658e-02,
       5.8551528573080346e-02, -1.4506190622091757e-02,
       5.7578760669736342e-02, 1.2658280084025433e-02,
       -1.1236049351230708e+03, -3.6012505728534956e+00,
       2.3303796689145642e+02, -1.3576904166679086e+02,
       5.8298333683293129e+02, -1.2854409580610951e+02,
       -1.1333739733465869e+01, -1.5313851109840527e+01,
       -9.0685918309228875e+00, 3.8909828978784428e-01,
       -8.6803523355462788e-03, -5.4212263835026545e-02,
       -1.3903013796734090e-04, 9.2121276014328290e-02,
       -1.9240222388305889e-01, 5.8748106892643329e-02,
       -4.6903928654729648e-03, 3.0325409593129144e-02,
       1.2103176781875092e-03, -1.7680496114378276e+01,
       -5.0735425771309929e+02, 1.4750989908094279e+01,
       1.5164850382118803e+02, -1.2854409580610951e+02,
       2.5814373196180998e+02, -7.5284098366820800e+00,
       1.1787024395298136e+00, 5.1105233424140142e+00,
       -2.2771227598659340e+00, -2.1721900256552193e-01,
       -2.2585278070297729e-01, -1.3975979293725490e-02,
       5.1295218482193657e-02, -1.1504972817893347e-01,
       -5.2653111857420597e-03, 2.2680016021775922e-02,
       2.4191057005156689e-02, 6.9338237501602527e-04,
       -7.9869497962959031e+01, -5.4209944650194686e+01,
       2.5093187812959769e+01, 1.0670195811098298e+01,
       -1.1333739733465872e+01, -7.5284098366820800e+00,
       2.3931226848465283e+01, -8.1689037475849727e-02,
       3.6088555262722064e+00, 1.4609359859485765e-01,
       -8.7394439758367304e-03, 4.9554591224076697e-02,
       -3.2649548313442002e-02, 9.1057356375405813e-03,
       -1.6723498601002900e-02, 1.3097654837618774e-03,
       1.9540418810272942e-03, 5.1074464172418321e-03,
       -1.1427494145997315e-03, 3.6183396298623087e+01,
       -1.7417698290847099e+01, -1.2083817051376753e+01,
       9.3055977790335049e+00, -1.5313851109840527e+01,
       1.1787024395298129e+00, -8.1689037475849796e-02,
       1.4432969322685855e+01, -7.7439846350728181e-01,
       6.6839190936629445e-01, 6.3088671978471858e-03,
       -8.6366370981661150e-03, 7.1095088574043164e-04,
       1.4596795074557462e-02, -4.6041986502536785e-03,
       8.4124511522046513e-03, 2.0115817646819642e-04,
       -5.0870627008762328e-03, -1.1182445940836317e-03,
       -1.5577290578192887e+01, -1.2713494354865791e+01,
       1.0341820487473847e+00, 9.6520582526038492e+00,
       -9.0685918309228839e+00, 5.1105233424140142e+00,
       3.6088555262722064e+00, -7.7439846350728170e-01,
       1.2771303326219676e+00, 4.1375009732919216e-03,
       7.4912517495994953e-03, 1.3658474341120825e-02,
       1.6355370172932704e-02, -1.9144370878612074e-04,
       -5.0941057167518070e-03, -8.7641292460115402e-04,
       5.6330493307175206e-04, -5.6965686323010814e-04,
       -4.2436963140807146e-04, 1.7865078325036687e+00,
       -6.8410574313875818e+00, 3.7889801884807722e-01,
       -9.9030590200684354e-01, 3.8909828978784428e-01,
       -2.2771227598659336e+00, 1.4609359859485757e-01,
       6.6839190936629445e-01, 4.1375009732919216e-03,
       2.7466259090747697e-01, 1.3176021350056062e-02,
       -1.8105099107000084e-04, 3.2000194719486027e-03,
       -1.0927984830764808e-02, -1.2044857241154158e-03,
       -4.5190958693547587e-04, -3.6834706894676831e-04,
       -3.9992442403918122e-04, -2.2150627634412453e-04,
       -1.1838762318414930e+00, -1.0266866190076889e+00,
       2.4904346282539871e-01, 4.5862175944700828e-01,
       -8.6803523355462788e-03, -2.1721900256552193e-01,
       -8.7394439758367356e-03, 6.3088671978471875e-03,
       7.4912517495994988e-03, 1.3176021350056065e-02,
       1.9824375646840805e-02, -1.0364527485612052e-04,
       3.8005153212645971e-04, 5.6086293326326483e-05,
