%YAML:1.0
means: !!opencv-matrix
   rows: 35
   cols: 5
   dt: d
   data: [ 1.0754751389658993e+02, 1.1122737641594331e+02,
       -3.9789623033628985e+01, 2.2823586223323371e+01,
       -2.1374407392137957e+01, -1.1706455912581583e+02,
       -5.4561850370225251e+00, -1.1264658733957347e+01,
       7.3369454540616204e+01, 5.8666874976911032e+00,
       7.1454757061133819e+01, -8.3084989315836566e+00,
       -3.1433985280228281e+01, -3.5297089987354624e+01,
       -2.8113442073580238e+01, -2.0183597045270739e+02,
       6.8370212495185299e+01, 4.0694916018229961e+01,
       -5.9947070829335480e+01, -2.2723704745466637e+01,
       -3.3357698881155621e+01, -9.2743262298336376e+01,
       1.7619118584129790e+01, -1.5009156675606514e+00,
       2.4979486996652845e+01, 2.0704293179952853e+02,
       7.0717607233928348e+01, 2.0355898181521777e+01,
       3.7894689235038506e+01, -8.4390028968864446e+00,
       -1.7024489157071207e+02, -5.7742008987694341e+01,
       5.0957651607011925e+01, -2.5593925121640407e+01,
       -5.6524643787072240e+00, -8.3651463117641867e+01,
       1.1040150957765265e+02, -4.8640517952038437e+01,
       1.6326390713299158e+01, 2.6063164461153253e+01,
       -3.8519603299062830e+01, -6.6534399997210638e+00,
       -8.3231594950194108e+00, -2.1357999830352966e+01,
       9.1860565157028731e+00, 4.6711847832497419e+01,
       -8.1891198230762825e+00, -2.6416521806693943e+01,
       1.2858870853246321e+01, 1.5481157160039132e+01,
       1.1857783078202260e+02, -8.7537829807858486e+01,
       -5.0475544601517974e+01, -3.1592706886452980e+01,
       -3.3749777481303052e+00, 2.9463037042553047e+01,
       -1.5664242990246939e+02, -2.9945780931692749e+01,
       -3.5862211542692672e+00, 4.8830764273869978e+00,
       9.4652417251947554e+01, -3.0603855732332836e+00,
       6.8363543980192759e+01, -1.5319355295294779e+01,
       1.8617138568785890e+01, -1.8572421670546018e+02,
       1.7898289085830504e+02, 3.9499631002167021e+01,
       -1.0731770963000940e+01, -2.3541621049686494e+01,
       1.4410925748210420e+02, -1.0966719783720967e+01,
       2.7346619527103716e+01, -4.3176693348236746e+01,
       -2.7517008206081670e+01, -1.6567069926137438e+02,
       -1.3418131854847434e+02, -3.1867064460974852e+01,
       2.1990031564622878e+01, 5.8903123130609565e+00,
       1.2664743044432977e+02, 4.5029329300510270e+01,
       -6.3455572243411737e+01, 1.7405289097468970e+00,
       -6.2209869194181158e+00, 1.6781064716401616e+02,
       -1.0363009369043328e+02, 4.1201503203513141e+01,
       1.3423099839936718e+01, -3.4361305187234419e+00,
       -9.7660982656568365e+00, 3.5313747931672630e+01,
       8.3655079045307748e+00, -2.5546751799544793e+01,
       3.8085160925846274e+01, -4.1907023385803761e+01,
       1.8298884045623575e+02, 6.8162418403284040e+00,
       -1.0781862721584211e+02, -6.2905176592219867e+00,
       7.2580982375725114e+01, 4.0133300111785061e+01,
       -2.1974158757030935e+01, -4.3285873274899323e+01,
       3.0340845387511304e+00, -1.4060749915945541e+02,
       -1.0240080178857663e+02, 3.0102965872994989e+01,
       6.9384431499334511e+01, -1.9108944748823486e+01,
       -1.3876589880690431e+00, -4.4134810223576174e+01,
       -8.1483429544983139e+01, 4.6577415840869563e+01,
       -3.7883194628859864e+00, -3.4987075350188988e+01,
       2.8765499478765928e+01, 9.3145861252573496e+01,
       -2.7558899727578336e+01, 1.4752440891092611e+00,
       3.5685865910339366e+01, 1.4394386155408435e+02,
       -5.5214066387212020e+00, -8.2672533832087197e+01,
       1.9542718200739131e+01, -1.6758624018245351e+02,
       8.4464426906832770e+01, 4.6891171542819350e+01,
       2.3641830632225183e+01, -7.1583166858297007e+00,
       8.3135350244895037e+01, -6.0755138103959872e+01,
       -2.0628522188067637e+00, 5.8473999080523306e+01,
       -7.6017744445089699e+00, -2.2756326259083131e+01,
       -2.6169248767605918e+01, 7.5424391187124570e+01,
       5.9687655468629004e+01, 2.7517622652435527e+00,
       -5.8104069632668946e+01, -1.6641658342823754e+02,
       5.8237859835100153e+01, 1.3104794591108712e+01,
       2.6809105771486968e-01, 2.2716309083659584e+02,
       -2.3208831178465690e+01, 1.5399895164466185e+01,
       -2.9627170836528474e+01, -7.8499632554390963e+00,
       3.6386523825100262e+01, -1.3765131359434614e+01,
       -5.8792461424020381e+01, -4.7930314305696243e+01,
       -2.3862459718157815e+01, -1.4166336183401168e+02,
       3.7032743075947685e+01, 1.4484236221875507e+01,
       -3.4995577876504889e+01, -6.4721401066609596e-01,
       -2.8709085743533177e+02, 2.4278532948146040e+01,
       -1.6821342821347148e+01, -1.0980923800155349e+01,
       -9.2973918664990567e+00, 4.6273825942190300e+01,
       1.0373085692362343e+02, 1.9988354030196873e+00,
       4.5611531775138381e+01, 1.1592855472657380e+01,
       8.4839728445332085e+01, 9.7964518933578375e+01,
       -2.5331904715300098e+01, 5.6071386590178705e+00,
       -2.7961850845798427e+01 ]
