%YAML:1.0
means: !!opencv-matrix
   rows: 30
   cols: 10
   dt: d
   data: [ 3.1528261434979420e+01, 1.3681540560097216e+02,
       -2.5439535872124996e+01, -5.4601046296215486e+01,
       -1.0114480791078037e+01, 2.8749325582397383e+00,
       2.2971135875547568e+00, 4.5904395826372002e-01,
       -9.2469851285172516e-02, -2.7592151231052536e-01,
       -2.0000808111329775e+02, 1.9323517202808954e+01,
       4.2793535418341492e+01, -2.9452101763679401e+01,
       -7.0446633102403906e+00, -1.5225740064502729e+01,
       -2.3053077459354676e+00, 5.0883884258347156e-01,
       -7.7099615519108111e-01, -1.9510151365331246e-01,
       1.7048194093191267e+01, -6.2559100963665827e+01,
       5.0597746808703796e+00, 4.3776747753480052e+01,
       -3.2033357152430739e+01, 3.0002849969425537e+01,
       2.8312998499247302e+00, 1.9728838317200117e+00,
       1.7935525571255415e-01, -1.0250189200797596e-01,
       1.6834598339739102e+02, -2.5542883862035460e+01,
       -4.2049711761924165e+01, 2.3640472652666904e+01,
       -7.9589718916517000e+00, -9.2826011872232250e+00,
       -1.1741643940455231e+00, -1.6488066587270724e+00,
       -7.1314918272125605e-01, 3.1158457429733460e-01,
       4.3640123820247354e+01, 9.5503538782084775e+01,
       -2.6753812855154788e+01, -3.7869737808482157e+01,
       3.8200778518406189e+00, -6.0450965182327421e+00,
       8.4925534625550059e-01, -1.0138593018242022e-01,
       -6.3508069313677795e-01, 1.9903037205808402e-01,
       6.9260530590529106e+00, -8.4644299318307183e+00,
       -1.0012707746925173e+01, 1.7377193903441004e+00,
       -8.3228459603510370e+00, -8.2983961675123759e+00,
       1.5590271510890175e-01, -3.4944721535676770e-01,
       -1.1697849883545854e+00, -1.2487520407849707e-02,
       -1.3297127444553317e+02, -2.2796014487288584e+01,
       3.7732057872834908e+01, -1.3630237278252290e+01,
       2.9063894917824473e-01, -1.8751136809680244e+01,
       -6.0394490695581304e-01, 1.3838812666632327e-01,
       -1.9382960627469628e+00, -3.5760360132567302e-02,
       1.3012026333696494e+02, -8.7897739736155884e+01,
       -2.6998694597867338e+01, 4.8355386983680610e+01,
       -2.2773064215591276e+01, -1.6144966046058855e+00,
       1.8188377765079056e+00, -2.9590954555374811e+00,
       -9.4708878767368088e-01, 1.1832303911442301e+00,
       -1.0735372044593987e+02, 4.9036017416530157e+01,
       7.4185666029180382e+01, -4.0249662059476499e+01,
       -6.0588439897592998e+00, 4.2021389668121589e+00,
       8.3572204201444800e-01, 1.4097751655321276e+00,
       -7.0616331980992564e-01, -2.1190292503992451e-02,
       1.0052719210470053e+02, -4.5516310891927205e+01,
       -2.1058076157264999e+01, 3.6595512983223962e+01,
       -2.7633275204785740e+01, 2.3353751679993742e+01,
       1.1279510042763756e+00, 1.3257279465713805e+00,
       4.9010341809137903e-01, 4.7652029169242660e-02,
       1.2348121206691697e+02, 7.9705277838877763e+01,
       -4.0338726799337387e+01, -1.7364637406781540e+01,
       -9.6880977619579820e+00, 1.1639546460715018e+00,
       1.6997557792852866e+00, -3.7128323002451509e-02,
       -2.9943871491753499e-01, -2.4025914260842146e-01,
       2.1812843807100641e+00, -1.9349675687652157e+02,
       1.1126870959950853e+01, 5.9834854094284054e+01,
       6.2549761173195328e+00, -2.1518889275663046e+01,
       -3.1833669853916149e+00, -3.3360605179858316e-01,
       2.4277015506791604e+00, -2.9360926050039891e+00,
       -2.1347629418707621e+02, 6.2786191845156139e+01,
       -4.9172558184019319e+00, -2.1207302471971882e+01,
       -3.0261077723100920e+00, 3.9650853454694071e+00,
       1.4303552236839014e+00, 1.3244549690411507e+00,
       -8.1644867626558904e-01, 9.6531103281117164e-02,
       -7.9353177357859597e+00, 1.2315755125895005e+02,
       1.8014922897982263e+01, -3.1238228887661627e+01,
       1.7625334496472352e+01, -1.3947233174234528e+00,
       -1.2898516902475377e+01, 2.6905640897726810e+00,
       6.1198261761850183e+00, 1.9103928162513004e-01,
       -1.1674761594088983e+01, -1.7084885577308859e+02,
       2.4672506560845559e+01, 7.1968762295663609e+01,
       1.6271855439710095e+01, -1.9711921233607594e+01,
       -8.0168587516527645e-01, -2.2273897404625362e+00,
       -2.4181727019623045e+00, 9.3021640219236557e-01,
       -1.6559439563354155e+02, -1.3474679064521578e+02,
       4.7323722606831161e+01, 4.7856091519133329e+01,
       -3.5646728465625330e+01, -9.1790404727230825e+00,
       -5.8053291337301154e+00, -1.4209737574748760e+00,
       -2.2748374695360830e-02, 2.5368460751544047e-01,
       -2.0255130947611594e+01, -1.5544005241696636e+01,
       9.5295149930441614e+00, -8.8630038685871906e+00,
       1.3099489165987288e+01, -1.5226151818067710e+00,
       -3.9186850300394958e+00, 1.6599991158428495e+00,
       6.1521024690412149e+00, -4.2965596595215194e-01,
       1.6619428012086283e+02, -1.3761076096160339e+01,
       -4.5357777011877168e+01, 2.1318246308824495e+01,
       -1.4058621333657644e+01, 6.0148296238167498e-01,
       -4.6324481793024996e-01, 1.1136527243961978e+00,
       -6.6882978790297654e-01, -2.0401735036915392e-01,
       -5.4501472002750212e+01, -4.9096369198727686e+01,
       2.4192364618108847e+01, 2.3872705820131660e+01,
       2.1889187423747625e+01, 1.7059414515291454e+01,
       2.0400292905106556e+00, 2.0225898518318997e-01,
       6.2662024191585425e-02, -1.2080934159065973e-01,
       -1.3157871181685971e+02, 1.3071230116274205e+02,
       9.6687622559156399e+00, -5.4657719043560498e+01,
       -2.4125175883775480e+01, -3.8209261734657320e+00,
       -1.2564939992974331e-01, -1.2606843926690856e+00,
       -5.3066213498518378e-01, -4.4976040581739496e-01,
       -4.8306436678241880e+01, 9.9317320478575567e+01,
       -6.3853602842113846e-02, -5.1337076743270835e+01,
       7.5835746582787236e+00, 3.0892663259769191e+00,
       1.7510083756684214e+00, -5.3494930549080821e-01,
       -2.0611988092668823e-01, -6.4724366680268902e-02,
       1.1449487424860394e+02, 4.0667291326036718e+01,
       -2.5839338857535143e+01, -1.7140689608442642e+01,
       -1.0211858022830436e+01, -1.2099581944681997e+01,
       -1.2172045939631229e+01, 9.9219521124771803e-01,
       7.6290322706797307e+00, 1.6252877955570184e+00,
       7.3314399817344466e+01, -7.0557787259847430e+01,
       -1.2844063026743463e+01, 4.9319248914206931e+01,
       2.6985126328034797e-01, 2.5878367691042207e+01,
       2.4312566525219341e+00, 8.4996796542505179e-02,
       3.3597493702610554e-01, -6.7824574746279481e-02,
       -1.9719125053689251e+02, -1.5364819180378610e+01,
       3.3227958734541907e+01, -1.6560487171874399e+01,
       -2.4885894169823510e+00, -8.4283329272236589e+00,
       -1.8422456334748449e+00, -3.8646638961736235e-01,
       3.9448160169949578e+00, 6.2345498421926937e-01,
       4.2783074545335445e+01, -2.4961625225166010e+01,
       -2.3285248070862430e+01, 1.6550110362417744e+01,
       2.2785664937494513e+01, -6.5040736755459552e+00,
       7.2908874483936556e-02, -9.3619064924718121e-01,
       -8.3581536278160007e-01, 1.1951684196601814e-01,
       1.5390840709894423e+01, 1.9586155195006012e+00,
       -1.3677630310810443e+01, -2.8213923273208902e+01,
       -6.4732879614218390e+00, -2.1489833204995335e+01,
       -2.7936105835207368e+00, 2.0454348537769178e+00,
       5.3940392419260217e+00, 1.6646214649249355e-01,
       -1.8770185633699876e+02, -5.9489012998716788e+01,
       4.9560926816194112e+01, 1.5959558216293892e+01,
       -2.0498347291913259e+01, 2.6214712645863161e+00,
       -6.3706764153835305e-01, 9.9588828282365016e-01,
       -1.1600731214850140e+00, 7.6547385308474020e-02,
       1.2503742255098778e+02, -9.0321314769781331e+00,
       4.9304681997941799e+01, -1.1517811554782684e+01,
       1.4035510461187668e+01, -6.3901335960374983e-01,
       3.8423791540038560e-01, -8.2102597654240661e-01,
       -4.0126246333280480e-01, 8.9052345021894547e-02,
       1.4924941839171794e+02, 2.9509461828663515e+01,
