%YAML:1.0
means: !!opencv-matrix
   rows: 24
   cols: 10
   dt: d
   data: [ 3.5544951179878900e+01, -1.3979313390082179e+01,
       -3.0898586917768874e+01, 1.2198013369763647e+01,
       2.1682345012102637e+01, -7.2325451268897520e+00,
       1.9869142640902357e-01, -7.8046052095418583e-01,
       -7.9412532923815593e-01, 1.2432173626330424e-01,
       -8.7508331299936437e-01, -4.5157904394016455e+01,
       1.6936076660543891e+00, 3.0037478345814089e-01,
       9.0244386581995943e+00, -1.4264834355585268e+01,
       -3.0496810988389043e+00, 3.8245799299437908e+00,
       5.2513826791659532e+00, -1.6853258467605226e+00,
       -1.1586876224772877e+02, 1.2873665665781306e+02,
       8.1641396267007487e+00, -5.5938782199555170e+01,
       -1.6899392914496730e+01, -1.0854531755333598e+00,
       5.1806314891590299e-01, -5.6767685819633906e-01,
       -4.7639050588672899e-01, -3.9669084491120227e-01,
       -1.4795693343725051e+02, 2.9829943987864578e+01,
       3.7148575992266316e+01, -3.0066908835664325e+01,
       1.9115420675485690e+00, -1.1495472851784607e+01,
       -3.6504229112430070e-01, 1.1564902282422487e+00,
       -1.4150639264866205e+00, -2.4123718434866473e-01,
       5.7120245478328741e+01, 3.5622267722107068e+01,
       -2.1910176192061172e+01, -2.5449045519923484e+01,
       -1.4501341183213595e+01, -1.0435114854887681e+01,
       -6.9711258855584459e+00, -3.9742769065051997e-01,
       6.1283525604316367e+00, 1.8727230097631411e+00,
       8.1287116958310257e+00, 7.1074476406123580e+01,
       1.2354699117837924e+01, -2.5632716773450507e+01,
       2.0603660931581544e+01, -3.2804436424313312e+00,
       -1.1005566341114211e+01, 1.9205027173752816e+00,
       7.2572870634209732e+00, 7.8830143124619367e-01,
       -2.1276291348087588e+02, -5.1725684939919752e+01,
       4.1240287785276657e+01, 1.3651237291416873e+00,
       -8.4736893476543145e+00, -4.1413700479581719e+00,
       -2.6951637814004110e+00, -6.0628656666918745e-01,
       3.1175142565874334e+00, 5.9149750855027183e-01,
       1.2869093974690338e+02, 3.7002993331783141e+00,
       -3.9951098578682426e+01, 1.2094341653349872e+01,
       -1.4245618127752749e+01, -5.3149091769273582e+00,
       -2.1678106387904341e+00, 9.2428214101036721e-01,
       -5.7235531904640902e-01, 1.5232054699098266e-01,
       -1.4308494954561968e+02, -4.5085228142035810e+01,
       4.2332516027240061e+01, 1.4509620708449830e+01,
       -5.6187405057587707e+00, 1.0841560832368584e+01,
       7.5680085924485518e-01, 1.3498666927511827e+00,
       -6.2036509802913153e-01, -7.9996633920952673e-02,
       5.6824859680522025e+01, -6.7964707982080469e+01,
       -8.0206600023200334e+00, 4.7713160727945635e+01,
       -6.8313882549106060e+00, 2.7212749720126663e+01,
       2.4599076629087921e+00, 7.5560891529386576e-01,
       2.1405492759362246e-01, -1.1273241475644755e-01,
       -1.7012518536750454e+02, -1.2266454618622508e+02,
       4.7186459783779348e+01, 4.4870683164582047e+01,
       -3.4669849207430502e+01, -5.8738159766068128e+00,
       -4.8627612156774678e+00, -1.2311081497516982e+00,
       -2.1421076894033036e-01, 1.5069573085368299e-01,
       -1.6083738496704163e+02, 5.5643192707319940e+01,
       3.1972459166895270e+01, -3.0721805134174492e+01,
       -4.0873664062798563e+00, 4.7329054922712297e+00,
       1.2338885980878633e+00, 1.3460948215490980e+00,
       -7.5009979073339395e-01, 1.7856062742390259e-02,
       1.0002781686342696e+02, -4.5087229038086967e+01,
       -2.1799480324285170e+01, 3.6653001507550911e+01,
       -2.7520479171318200e+01, 2.3346550145984356e+01,
       1.0921676653233299e+00, 1.3093076401812318e+00,
       4.8391482469936625e-01, 4.0209367408987250e-02,
       3.4114719245390027e+01, 1.2979964560758776e+02,
       -2.6045250776048267e+01, -5.4174700085813200e+01,
       -9.5418779757943977e+00, 2.1171593024802360e+00,
       2.2195544393192246e+00, -8.1354302957362679e-02,
       -1.4089908537663956e-01, -2.0050905414211986e-01,
       1.9014564980858620e+02, 1.2883918975164434e+01,
       -4.9857622394504887e+01, 1.3341256739492426e+01,
       -9.6597557263639580e+00, -6.7609745269886607e+00,
       9.4887935760128439e-01, -4.7318292532664796e-01,
       -9.3750650332453633e-01, -2.4333107434054246e-01,
       1.3935674539925202e+02, -5.8498178291856933e+00,
       4.3496034379422909e+01, -1.0431728388444354e+01,
       1.0059324286582925e+01, -1.6077028880722446e+00,
       3.1002050715967472e-01, -7.8607176038739135e-01,
       -4.4444332223231953e-01, 8.8510565247304940e-02,
       -1.5680946294169109e+02, -6.0997131346591232e+01,
       4.5850390398445406e+01, 6.5391527903584370e+00,
       -8.1940607640242646e+00, -2.7265424810569158e+01,
       -2.6741707465309088e+00, -8.1709976093140391e-01,
       -2.4120686270211729e+00, 4.6230936576792003e-01,
       -1.7221472609535869e+02, 3.1910942259420818e+01,
       2.6602008128195912e+01, -3.6702744570424450e+01,
       2.6667997445228444e+00, -1.2628837446962031e+01,
       -5.2528158413839088e-01, -2.5413494414924837e-01,
       3.2849580021987541e+00, 3.8952454317505586e-01,
       2.3528571039310866e+00, -2.0478992679661042e+02,
       1.1769584242278125e+01, 6.9170280610982601e+01,
       6.0539384985877858e+00, -2.1452034036487728e+01,
       -2.2008196208731152e+00, -7.9769711478618288e-01,
       7.4368141435990698e-01, -1.7748294510473468e+00,
       -1.6445997460641173e+01, -3.8125546072662345e+01,
       9.7168850980946910e+00, 1.5891653962302005e+01,
       3.0964370967859558e+01, 9.7623930524421638e+00,
       1.5088214132791280e+00, -9.8128721281712095e-01,
       6.0111522426612572e-02, 1.5084482783507979e-02,
       7.2132423319751098e+01, 8.1335352243356184e+01,
       -3.7418194707494393e+01, -2.1252200792831989e+01,
       -4.8080876999570288e+00, -3.6087756429977089e+00,
       2.8783124808615757e-01, -6.4268113615888212e-01,
       -5.1064359584256380e-01, 2.4093025210712282e-01,
       -7.7279489797921572e+00, 8.9642286509350896e+01,
       -9.1521527789650197e+00, -4.3717525455162033e+01,
       1.2095913761300576e+01, -1.5101864270633436e+00,
       1.4938993568828580e+00, -2.3392792844600460e-01,
       -2.8420749567650794e-01, 3.3229238757965768e-02,
       2.8702436346005196e+00, 3.5892177390181148e+00,
       -1.0860491659398946e+01, -2.6442134402660522e+00,
       -8.4178019748327522e+00, -8.0327141697468072e+00,
       2.5698156925873800e-01, -2.8909722697945905e-01,
       -1.1245099127246936e+00, -9.2730989855265678e-02,
       8.6320305424863889e+01, -1.0602690198966863e+02,
       -8.0714262434594932e+00, 5.1849517277146091e+01,
       -2.6204836985302480e+00, -4.9923582552427010e+00,
       1.3648155074596393e+00, -2.7243954777299653e+00,
       -1.2154865117503848e+00, 1.1632731000201271e+00 ]
