%YAML:1.0
means: !!opencv-matrix
   rows: 25
   cols: 1
   dt: d
   data: [ 4.9140155615498912e+01, -1.7232297778528141e+02,
       1.6329299916991252e+02, -3.4085348704612457e+01,
       2.6521452934273600e+02, -2.9695252557437084e+02,
       -9.8766025844988363e+01, 1.1104163292191829e+02,
       -1.9971324224361143e+02, -2.2994282586032293e+02,
       8.5785352726401261e+00, -7.7507002110121931e+01,
       2.2725477717356753e+02, 1.9365825489452587e+02,
       -1.2302415562983917e+02, 8.9836800859773945e+01,
       -1.2492348474736122e+01, -2.6450320781671854e+02,
       1.3490565960013225e+02, 6.9277291366252712e+01,
       -5.5726730432425576e+01, 3.0113600916252716e+02,
       2.9086097668478018e+01, -3.3028633052602424e+02,
       -1.4715488397443184e+02 ]
covs: !!opencv-matrix
   rows: 25
   cols: 1
   dt: d
   data: [ 1.0445726283761527e+02, 1.7396506806074916e+02,
       1.8695591289888463e+02, 1.1169998940697155e+02,
       4.9286215405529492e+02, 4.9830195700903221e+02,
       1.3356466383159724e+02, 1.4945782632319003e+02,
       1.7108904189001152e+02, 1.9401213640365890e+02,
       1.0058031256091157e+02, 1.3296021998851890e+02,
       3.2090585868575079e+02, 2.3312103665769547e+02,
       1.5090780448555395e+02, 1.2645625371974891e+02,
       1.0825295084014826e+02, 2.8186592332458594e+02,
       1.7142517731562199e+02, 1.0680057138418181e+02,
       1.2188832030561261e+02, 8.9983813850609158e+02,
       1.0426460078212230e+02, 8.4119360540358014e+02,
       1.6835027425036637e+02 ]
weights: !!opencv-matrix
   rows: 1
   cols: 25
   dt: d
   data: [ 5.8614920804282940e-02, 3.1352305559201918e-02,
       4.7155526334857548e-02, 5.4393306809479493e-02,
       1.4366720504531123e-02, 1.2712971934363028e-02,
       4.9157707952738987e-02, 5.7898738865450258e-02,
       3.0489356769128107e-02, 2.7652318631030723e-02,
       5.9711320975593292e-02, 5.1011266938986340e-02,
       2.4928069459057685e-02, 3.6125317660974987e-02,
       4.3831946399206484e-02, 5.5963622476127427e-02,
       5.6473853113042982e-02, 2.0342744298114546e-02,
       5.2872574488349734e-02, 5.6310872020046324e-02,
       5.3014773001342178e-02, 7.4859894410362953e-03,
       5.6826991782324102e-02, 6.3509024431402774e-03,
       3.4955881337577273e-02 ]
pca_proj: !!opencv-matrix
   rows: 1
   cols: 21
   dt: f
   data: [ 1.02604255e-02, 8.46533298e-01, 5.67100069e-05,
       -5.08859605e-02, 4.68450844e-01, 1.89823491e-04, -5.55210514e-03,
       1.46431834e-01, -1.98076777e-05, -7.31809530e-03, 1.34976640e-01,
       -4.80776835e-05, -6.69380091e-03, 1.46460637e-01, -1.57161594e-05,
       2.11501210e-05, 1.32904761e-05, -3.16381829e-07, -1.62182951e-05,
       4.47223283e-04, 4.04881848e-06 ]
pca_mean: !!opencv-matrix
   rows: 1
   cols: 21
   dt: f
   data: [ 4.33646118e+02, 2.44701981e+02, 1.49672687e+00,
       4.18191803e+02, 2.60206879e+02, 1.62062907e+00, 3.68545319e+02,
       2.27059875e+02, 1.69770968e+00, 3.19420807e+02, 1.63929108e+02,
       1.75046074e+00, 3.16613464e+02, 2.25532654e+02, 1.70717156e+00,
       1.08872897e-04, -9.74175637e-05, 6.24380555e-05, -2.17504916e-04,
       -2.50119597e-01, 1.75055194e+00 ]
gamma: !!opencv-matrix
   rows: 25
   cols: 1
   dt: d
   data: [ 7.7784759226121269e-01, 8.4909659716136243e-01,
       8.4524291212334479e-01, 7.7134944432094021e-01,
       8.8959314344594353e-01, 8.9827240905648653e-01,
       8.0640816019538486e-01, 8.1491734083911638e-01,
       8.6187590955739446e-01, 8.7445207222033183e-01,
       7.6526989300071047e-01, 7.9349246651196925e-01,
       8.7518899211813528e-01, 8.6045584047155166e-01,
       8.2155860015228266e-01, 8.0137660100821473e-01,
       7.6586814491728161e-01, 8.8721550611961930e-01,
       8.2951190245720607e-01, 7.8858802791957561e-01,
       7.8110418105958468e-01, 9.0247662298337339e-01,
       7.6977794441594505e-01, 9.0850137838715972e-01,
       8.3578009250937291e-01 ]
