%YAML:1.0
means: !!opencv-matrix
   rows: 21
   cols: 10
   dt: d
   data: [ 3.3484705849359500e+01, -9.7365589083044597e+01,
       -9.1138819810256990e+00, 6.9044835409141442e+01,
       -4.0303133834124196e+00, -1.3592111529247652e+00,
       2.0950148182601431e+00, -3.5435718768400837e-01,
       -8.4417597963022478e-02, -1.4334650236384075e-01,
       1.0127141125333397e+02, 4.2967040931593443e+00,
       -3.3161996893203792e+01, -2.4528701710728306e+01,
       -2.5409313394864018e+01, -1.2639061064178724e+01,
       7.9437013117872901e-01, -5.8393555118125395e-01,
       4.4844560945677236e-01, -4.8137868556061128e-02,
       -5.3286623157660493e+00, 1.7223526865198430e+01,
       1.4971633325207081e+01, -7.7425128409502229e+00,
       1.5758544234524013e+01, -8.3073972474547801e+00,
       -5.9841239215046151e+00, -3.3885867787220869e+00,
       -5.0291747164552243e+00, -1.0520357908339726e+00,
       1.0609239207867380e+02, -3.9948737330900888e+00,
       -1.6202513278166560e+01, 8.6065810110358392e+00,
       -7.3695858364702915e-01, 1.7380228942582189e+01,
       -1.2533885183468536e+01, -7.0446371276132833e+00,
       -5.8765290921992204e+00, 2.5098065811751469e+00,
       -4.0822557009041802e+01, 2.5808076275208528e+01,
       2.0637672965371081e+01, -2.0988743705583630e+01,
       2.7138841095301665e+01, -1.4788886901014221e+01,
       2.3595028352078145e+00, 1.4184856785727148e-01,
       2.2562680316406422e-01, 1.0550839609364170e-01,
       8.2754998910748270e+01, -6.0783720408804037e+01,
       -2.8081108790689409e+01, 3.7786181707501285e+01,
       -4.4267458461903360e+00, 9.2274908581950044e+00,
       -3.2398879016384630e-01, 5.6115445032039313e-01,
       6.7166554876952356e-01, -1.4148460503425036e-02,
       -4.3986952138675171e+01, 1.0677553627521249e+01,
       7.2514074952709917e+00, -3.5952045657313252e+00,
       -8.0242440007268823e-01, 7.4829330976907427e+00,
       -1.4579616624543454e-01, 1.0308733775893733e+00,
       4.2617292127734374e-01, 9.9451717618970994e-02,
       3.3377279604267621e+01, 1.4816275053242015e+02,
       -2.3121670043632783e+00, -8.0755537640924473e+01,
       2.0772489327738391e+01, 9.9122573686423276e+00,
       8.9931931570546164e-01, 2.4817457912290490e+00,
       1.9164415149516694e+00, 6.7875653037102723e-01,
       -1.4570036675434295e+02, -6.4795203630325346e+00,
       3.5172946129015642e+01, 1.6042647891043714e+01,
       -2.5382272733195781e+00, 1.4802218301814234e+01,
       4.2344583882021614e-01, 2.3887006374914566e+00,
       7.8063411307920638e-01, -2.7844359368772886e-01,
       -1.8626135516003461e+02, 4.7937759460407712e+01,
       3.5253682180416362e+01, -3.1370315191078188e+01,
       -5.8820821848904590e+00, -3.5151406631130451e+00,
       -4.1173685518895766e+00, -7.1119589074932339e+00,
       -2.9862493960916527e+00, 1.1965622411671353e+00,
       8.3391621864811555e+01, 1.9163344377390931e+01,
       -2.1851664137419025e+01, -3.1572557119576956e+01,
       -2.5826452004811294e+01, -2.0034525657994141e+01,
       1.1347129019649163e+00, -2.6382624523694336e+00,
       2.7729879080243658e-01, 6.1477077078307379e-02,
       1.3375606116431246e+02, 2.4441334327552863e+01,
       -4.6548076222227486e+01, -3.9470037862646684e+01,
       -1.3852619163127969e+01, -8.8266717419611807e-01,
       1.7587369614759190e+00, -4.7364852594926825e+00,
       -6.3422747597314491e-02, 1.5232999880903160e+00,
       -2.0368194911331082e+02, 9.8947183377360460e+01,
       4.3182534071123676e+01, -5.2112534216493735e+01,
       -2.4254201860806226e+01, 2.0404452695741064e+01,
       -4.6196609249085352e+00, 1.8346783604769430e+00,
       9.4483413811449402e-01, -1.5010889276462841e-01,
       -1.4709960857387625e+02, 5.1865776762994010e+01,
       3.5586243999858553e+01, -3.6937537256085847e+01,
       -1.0334815974044389e+01, -1.0350948513896363e+01,
       1.5997271282151402e+00, 1.4806780498300551e+00,
       1.7223328581440978e-01, 9.8908147576702188e-02,
       4.5799553525736599e+01, 8.9967683739210624e+00,
       -7.0371285655908009e+00, 1.3863817653662458e+00,
       1.8973755852639290e+01, 2.9499169529774969e+00,
       4.5970356452459654e-01, 9.9307523047366664e-01,
       3.7545233093244329e-01, -7.8934860152460110e-03,
       -9.4521079546641118e+01, -9.1021994471195967e+01,
       2.1799413395504352e+01, 5.6489028685032686e+01,
       -2.5009638245014831e+00, -2.7332915345380582e+00,
       1.1688318884211797e+00, -7.7998368101830651e-01,
       4.9079634334981420e-01, -1.5520860552656740e-01,
       -1.9950014158948790e+02, -3.3005322615701580e+01,
       4.1062247401725209e+01, 2.6400157052253778e+01,
       -7.5091136507781284e+00, 1.3458726345083187e+01,
       -1.4734224733228583e+00, -3.0336502946299175e+00,
       -1.1502615307811739e+00, 2.2375869985991251e-01,
       4.2453373321590306e+01, 4.5651411630123540e+01,
       -9.6291179105791933e+00, -4.2116934404756812e+01,
       -6.2515328682855698e+00, -2.2211725503556153e+01,
       2.9571398781880207e+00, 1.2195794994085107e+00,
       1.9436576336486253e-02, 4.7836965710710271e-02,
       1.4870793737287437e+02, 1.6422625088376626e+00,
       -3.8839133677241627e+01, 4.6066249398090848e+00,
       -5.4567451883874734e+00, 1.2959674157758192e+01,
       -9.9097855594262407e-01, 1.6726021179231669e+00,
       1.5106193731913536e-01, 2.7732453511373745e-03,
       -1.8888534511865510e+02, -1.1137127712483727e+01,
       4.4126601418309775e+01, 8.1268337131395416e+00,
       -8.5383754903524132e+00, -4.7548865850182204e-01,
       8.3088686754734797e-01, 1.0582277361400216e+00,
       5.6028230833775872e-01, -7.7000854897803020e-02,
       1.5910466866178132e+02, 2.3429925166410161e+01,
       -4.2331209078070458e+01, -3.0212858562112860e+01,
       -7.7978497780049150e+00, 1.6464320856492257e+01,
       4.8568327668703098e-01, -2.9349866164547476e+00,
       -3.1852751243042934e+00, -2.3557430003784319e+00 ]
