%YAML:1.0
means: !!opencv-matrix
   rows: 49
   cols: 3
   dt: d
   data: [ -1.2744755483292762e+02, 7.1766024375071098e+01,
       7.0111963815947476e+01, 5.4790537372739294e+01,
       1.5951360045788634e+00, -8.4985944032225277e+01,
       9.9397155051845019e+01, -5.5199760216491590e+01,
       8.0415635194948976e+01, 8.7034618107234735e+01,
       4.3330779487456830e+01, -1.6023733696183506e+01,
       -8.7212387897759172e+01, -1.4810085039112693e+02,
       6.7524531372434950e+01, -9.0172726670727130e+01,
       8.4727249407480187e+01, -5.3125897748136190e+01,
       -2.1938376283012360e+02, -5.5976261524391973e+01,
       -1.2505764792569405e+01, -2.8600655927932723e+02,
       8.3222410755971794e+01, -2.8673755639738616e+01,
       2.2315039343416305e+02, -3.2335571669889632e+01,
       9.7956299089479906e+00, -1.6508692746898888e+00,
       -7.1596798389072518e+01, -9.2049317048052956e+01,
       1.6052873283281068e+02, 3.0121876080087624e+01,
       3.3530547388766372e+01, 1.7705599871937912e+02,
       -1.0693764651165064e+02, 4.9525380770799266e+01,
       8.4933969581054725e+01, 1.1476034776512194e+02,
       -2.3262605354683540e+01, 7.1900904767856701e+01,
       1.9678360710816614e+02, 1.0863512672854970e+01,
       7.6301030617789971e+00, 1.0166381037052120e+02,
       -8.3980070078962925e+01, -1.9378293614317917e+02,
       6.1995527014360476e+01, 5.5717471184570940e+01,
       -9.3006604032179354e+01, -2.3241650329533812e+01,
       -6.2499631781204350e+01, -6.0690484186726836e+00,
       1.3672099805282620e+01, -9.0219522542288800e+01,
       1.1359527916251042e+02, -1.1342023552917760e+02,
       -6.4983630369516865e+00, 1.3799580718608217e+02,
       -5.2028882482512238e+01, 2.5304066523491993e+01,
       -8.6885995691536607e+01, -9.3351423132935693e+01,
       -3.3483341110370667e+01, 3.2089141209318690e+01,
       -5.3521750951199976e+01, 4.2030559185075937e+01,
       -1.3248239813334348e+02, -9.8403759798693500e+00,
       3.3379778514337488e+01, 1.4583317344077250e+02,
       1.1671322471264052e+02, 3.3394665786864138e+01,
       2.0802980211897128e+02, 3.1514968197475863e+01,
       4.7652426468955902e+01, -4.1519120830657734e+01,
       -1.5308010012187660e+02, -6.6474659716347077e+01,
       -1.7158153812079189e+02, -1.5743539900621951e+02,
       4.3541224671798977e+00, 6.3176435235409791e+01,
       -5.4148883061219358e+01, -3.2932842207187043e+01,
       -2.3796191263512648e+02, 1.3570136382625722e+02,
       8.1129741018182617e+00, -2.0133119931271423e+01,
       -2.6779703559906505e+01, 9.9235720252954039e+01,
       -2.8682910268732587e+02, 1.0736745312586654e+01,
       -1.4252139380431061e+01, 8.6960644212751092e+01,
       2.8072942474082797e+01, 6.8801291472800088e+01,
       3.8896812894521261e+01, 2.7333572306154487e+01,
       3.3220739757767944e+01, -3.8862840207656603e+01,
       -1.7466216368594651e+01, -1.5037845400569893e+01,
       1.7258811083491594e+02, 9.1809492639607925e+01,
       5.1774947199603197e+01, -2.3785635527166132e+01,
       6.9766274828578034e+01, 3.6738417379144175e+00,
       -7.6292422694914066e+01, -1.5554265091904657e+01,
       7.9563597251753933e+01, -8.6442915376452149e+01,
       1.0900765884147688e+02, 1.1027204724665340e+02,
       5.6667977243863611e+01, -1.6314059087139725e+02,
       5.0540658933901788e+01, 1.2794477948014379e+01,
       1.2827717437521773e+02, 1.2569213387926014e+01,
       -6.6682933790643002e+00, -1.3766315825592457e+02,
       -8.3180736499997732e+00, 1.3702432207145660e+02,
       -8.9958895129336831e+00, -3.5970262398209023e+01,
       7.0821444350370768e+01, 8.5277317125861089e+01,
       -9.8891939572454405e+01, -1.4514198052568983e+02,
       -8.2720137119521482e+01, 4.0763543983488830e+01,
       8.4262172753989290e+01, -7.3993894820832509e+01,
       -8.7488885334061266e+01, -3.2091576287553735e+01,
       1.3323819836798566e+02, -3.6369929008130384e+01,
       1.6264423759684234e+02, 8.5302067005479685e+01,
       -3.4354693429247106e+01, -1.8804772266157312e+02,
       5.5251903184585160e+01, -4.4670167579334050e+00,
       -2.5953531481201105e+02, -1.2076748957880444e+02,
       -3.9688837625873539e+01 ]
