%YAML:1.0
means: !!opencv-matrix
   rows: 25
   cols: 9
   dt: d
   data: [ 4.9658392017649113e+01, 1.4817636289311153e+02,
       -8.1566867863873718e+00, -8.0829646291844654e+01,
       1.7585450749697568e+01, 5.4666524785642503e+00,
       1.7248716548423935e+00, 3.1003044515026503e+00,
       1.6189770652376168e+00, -1.9747890621505215e+02,
       6.1976721601110663e-01, 4.1979402694776638e+01,
       2.6672323796114377e+00, -8.9091043758978170e+00,
       4.1397878892579776e+00, -1.9880816333918201e+00,
       -2.4116575208795887e+00, -8.7262288990917636e-01,
       8.1666566075958812e+01, 1.9347793134489713e+01,
       -2.2044096595519399e+01, -3.2952975545356821e+01,
       -2.4396276634264318e+01, -2.1390606632605728e+01,
       1.3290784108976188e+00, -3.2015283267835728e+00,
       3.7736223612295011e-01, -1.2486700742732207e+01,
       -1.2743570780690499e+00, 6.7313601993506227e+00,
       5.9123748104854235e+00, 3.1078369948290035e+01,
       -8.9350057390960058e-01, 4.2958735459941877e-01,
       3.5746847590004190e-02, 3.8199983299083629e-01,
       7.2500855635179576e+01, -6.3861842562176015e+01,
       -2.7943541166346218e+01, 3.8245331103319252e+01,
       -4.9295323934288433e+00, 8.2168013644709532e+00,
       -3.6489674513277581e-01, 4.2662764359253796e-01,
       6.8087814689332837e-01, -1.3834379712259181e+02,
       -6.6303258521010893e+00, 3.6924614501764253e+01,
       1.2383096064860228e+01, -1.0959497876387043e+00,
       1.4507177280719066e+01, -9.7655377814755617e-01,
       5.6752861742470839e-01, 1.6932025452727875e-01,
       4.7667761181127226e+01, 2.0271885918808952e+01,
       -2.3112489432146202e+00, -6.6287352441595688e+00,
       9.9440240032795657e+00, 9.3172413618008161e+00,
       -8.6614421613458372e+00, -4.1273699590109834e+00,
       -5.2900585243514353e+00, 3.5275505470130426e+01,
       -9.6158409545325540e+01, -1.0013632638023426e+01,
       6.8921543311438469e+01, -4.1327672130379387e+00,
       -1.1793777328223387e+00, 2.1070377735702897e+00,
       -3.6950512947481284e-01, -6.3018423507234536e-02,
       1.6206054678345649e+02, 2.5154866726747294e+01,
       -4.1752767387563807e+01, -3.1519891252458319e+01,
       -1.0092228700852766e+01, 1.4654629003635307e+01,
       -1.4893562249174985e+00, -4.5012673206344651e+00,
       -2.5548634684449767e+00, -2.0026236072965523e+02,
       9.7375834854657199e+01, 4.0785599649256660e+01,
       -5.3331824522974507e+01, -2.4594020294483247e+01,
       1.7346890748768107e+01, -4.2643077676101013e+00,
       1.7492379952944035e+00, 8.6441691260024922e-01,
       1.3638022938699257e+02, -1.8776971410832907e+01,
       -3.7707629927176399e+01, 1.7720045341170795e+01,
       -5.9789295047446522e+00, 1.2143927198299084e+01,
       6.7022382751194015e-02, 2.2403467366088226e+00,
       1.4000127565277668e-02, -5.1419541024181676e+01,
       2.8884701074429149e+01, 2.1138767975450108e+01,
       -2.3504936727214872e+01, 2.5356689394846970e+01,
       -1.6017175882992507e+01, 2.4266278069887171e+00,
       2.3408306974762039e-01, 1.9202125630760308e-01,
       -1.5856182138783345e+02, 4.0494857462232062e+01,
       3.8896226771784100e+01, -2.6848724468096940e+01,
       -8.4230009192247994e+00, -7.3573399318258641e+00,
       1.9492173892930227e+00, 1.4533953114766394e+00,
       3.6500598948392576e-01, 3.3292670414698293e+01,
       1.8122649380934096e+01, -3.1116201874021606e+01,
       -9.1377223759121962e-01, 1.8148640028017180e+01,
       4.4289174366729016e+00, 8.3713164697270004e-01,
       1.2207650990782282e+00, 3.2930424066339153e-01,
       3.2646220276203408e+01, 2.6141669369624051e+01,
       2.8398409143212597e+00, -2.7168167682260940e+01,
       7.9110863454802711e+00, -1.2206715640262066e+01,
       -4.1013179010820568e+00, -2.5495419121797185e+00,
       -5.3365778136497513e+00, 1.3290978215755379e+02,
       4.0010356315858886e+01, -3.8160539836850475e+01,
       -1.2692991944804717e+01, -2.0568841379681797e+00,
       1.7171892414805846e+01, -3.6161394907691222e+00,
       1.9685985811290050e+00, 3.6882987714970933e-01,
       -1.4812439706089110e+01, 1.6193537724073323e+02,
       1.0569239883383462e+01, -9.2796872568503389e+01,
       1.7150253062470576e+01, 2.9919923813943459e+01,
       -2.8691436051866668e+00, 1.9908792621379683e+00,
       2.3988313492427444e+00, 8.3082519816458074e+01,
       1.0950009296499712e+01, -2.6636192240223966e+01,
       -3.0788510025045895e+01, -2.9533167091420868e+01,
       -1.6915582420055749e+01, 2.6809536040571319e-01,
       -1.0947516114077105e+00, -3.2374200522482535e-02,
       -7.0400484695831182e+01, -7.9379375236907677e+01,
       1.9189305002461179e+01, 4.8695834060182037e+01,
       6.4100495746780881e+00, -5.0596484287056640e+00,
       2.1788307310359940e+00, -1.7716783789572652e-01,
       2.1806472639517221e-01, -3.9866430003521501e+01,
       -2.3400283504598995e+01, 3.4043318502553085e+01,
       3.9860559489789189e+01, 2.4399790482049696e+01,
       -9.0869736888669870e+00, -1.0903025411393811e+01,
       -6.0739955500693892e+00, -5.4888222372540643e+00,
       1.3863825529745256e+02, 7.6453875586533941e+00,
       4.9283630762324250e+01, 1.3042551012802026e+00,
       1.3246330978873532e+01, 3.3293524148225027e+00,
       -1.7114110329892940e-01, 1.7557953502086379e+00,
       4.3723974495797829e-01, -1.4878016808184915e+01,
       2.4766658246979876e+01, 5.0415493479931496e-02,
       -1.5374803501426829e+01, -1.1122762383196310e+01,
       1.3479539695718494e+00, 1.3092561991316607e+00,
       1.4039229051261168e+00, 6.1963405702310015e-01,
       -1.4923849834793955e+02, -1.0312006615315025e+02,
       2.7421506566995774e+01, 6.6246494842254521e+01,
       -1.9574601446489304e+01, 6.0578368299174656e-01,
       -1.9403563954657743e-01, -1.4203323299149890e+00,
       1.0121086819267302e+00, 1.6821818429518143e+02,
       1.1016631817895872e+01, -4.7708393810554064e+01,
       -7.4686161926929806e+00, -6.9100614743211626e+00,
       1.1672031346126131e+01, -5.1825887437196838e-01,
       3.7267975968240463e-01, 5.2880351971006356e-01,
       6.8856075622310257e+01, 3.2270445417651516e+01,
       -2.1350389824946578e+01, -3.4146030903337596e+01,
       -3.5667468416230217e+00, -1.5513015151415491e+01,
       2.0748140870772231e+00, 9.1699059965722662e-01,
       2.0872776035538165e-01 ]
