%YAML:1.0
means: !!opencv-matrix
   rows: 11
   cols: 14
   dt: d
   data: [ 1.3605943889022819e+02, -3.0131461124048691e+01,
       -3.2177781288148168e+01, 3.0967491394383394e+01,
       -1.9204945783060001e+01, 9.2005852924646980e+00,
       1.2120432050030833e-01, 3.3014222638224555e-01,
       -1.5203349227029694e-01, 3.9498013020569420e-02,
       1.5862595669167456e-01, -1.1720931090031576e-02,
       -2.6269518538560782e-04, 1.1769924834209265e-03,
       -1.5189858066616307e+02, -1.4478942563459142e+01,
       4.1110108024746523e+01, -8.8054736229193353e-01,
       -3.4883864023059941e+00, 6.2160881354653110e+00,
       8.0949320505821543e-01, 1.3245565490037208e+00,
       -7.9328438999063866e-01, -4.9345904426901066e-02,
       -8.3385453878501367e-03, 2.4638969877108017e-03,
       3.1710036235527020e-03, 1.0779794767159729e-03,
       5.2420234899521290e+01, -1.2930417014215013e+01,
       -5.0504022982080663e+00, 9.0119678879057350e+00,
       1.6917600767114088e+01, 8.0763952675922124e-01,
       7.0863392337321507e-01, -5.6044810729099326e-01,
       -3.7615260521384541e-01, 5.8396501538501518e-02,
       7.0354095929538018e-03, 2.2975323220200426e-02,
       2.1833315534185408e-03, -8.8005150958445910e-03,
       2.6926071385511317e+00, -7.9627760787483084e+01,
       4.2168358634646417e+00, 1.4334728440047178e+01,
       4.2630924093681442e+00, -1.6617107447449406e+01,
       -3.5879157033056437e+00, 1.4771223064646830e+00,
       4.1449035598749786e+00, -1.6998347374761298e+00,
       -8.0937230343652078e-02, -6.5651198978474268e-02,
       -8.1836870131905010e-03, -1.8831765980239390e-02,
       4.3436766888329544e+01, 1.1042678160823755e+02,
       -2.6437744138677040e+01, -4.4322428529024009e+01,
       -4.1688629764607947e+00, 4.1638961794725637e-01,
       1.6115076575283331e+00, -3.3046772197710311e-01,
       -2.7641139188890607e-01, -8.1677449604859606e-02,
       3.8264761309308559e-02, -1.6370901548055906e-02,
       4.9134013843377677e-03, 7.3295546006711294e-03,
       -1.8853119151239039e+02, -2.4566391231951091e+01,
       3.4352739351288555e+01, -9.6039417650092300e+00,
       -4.5007142864257181e+00, -4.0560492906940047e+00,
       -2.7919481435055871e+00, -1.5672295886484000e-01,
       4.3630777429902183e+00, 7.7029047074537438e-01,
       -1.4597344501549650e-01, -8.8037726466661845e-02,
       -5.3313738988993433e-03, 1.3587921929461833e-02,
       7.0063021043490863e+01, 4.8711493281343458e+01,
       -9.3537366325299907e+00, -1.8604653748593204e+01,
       4.4399132398182353e+00, -7.6731181437300684e+00,
       -1.1667087882427701e+01, 2.0834912138138399e+00,
       6.6339998153947368e+00, 1.1231423306779664e+00,
       -2.8774853728309149e-02, 1.3600219892705720e-01,
       -6.9385798272072641e-02, 2.7189253647041160e-02,
       -1.2707687109381669e+02, 1.1317201154797337e+02,
       1.2318823084290806e+01, -5.1554941909484285e+01,
       -1.1493643325263271e+01, 8.5192686232958481e-01,
       5.9169336220312230e-01, -1.6503445827893035e-01,
       -5.0386595867820205e-01, -2.3539232925321696e-01,
       1.1071086303239731e-01, -3.1453935032400254e-03,
       2.8999710973912221e-03, -7.9534313266387197e-04,
       -1.7304060417931998e+02, -1.2063069317642838e+02,
       4.8626062491859010e+01, 4.2453735810332880e+01,
       -3.6147117387409153e+01, -5.9634537848633737e+00,
       -3.9072044478852095e+00, -1.0968258771831572e+00,
       -9.8168342574173117e-01, -6.2114915428242767e-02,
       1.3571249591221496e-01, 3.6970780000862895e-02,
       -5.4408745723793584e-03, -5.1023175891930809e-03,
       2.6845686294912415e+01, -3.0331783967576495e+01,
       -8.6198691751865990e+00, 2.0887974839659165e+01,
       -1.5014156956745959e+01, 8.1144801054389699e+00,
       1.7096683873341201e+00, -6.6551712435006660e-01,
       1.3034864702123281e+00, 1.3802462929647483e+00,
       -6.2244200570368051e-02, -1.4584861324482809e-01,
       6.9839471600622672e-03, 2.3429302011618653e-02,
       4.8355282416074665e+00, -2.7913582689871031e+01,
       -4.2354069989481467e+00, 5.7376219265323281e+00,
       -2.1017379917038390e+00, -1.0184670443027104e+01,
       2.1663591221497136e-01, -4.4505254953815487e-01,
       -1.4286605419780161e+00, 1.2525914966231425e-01,
       -2.2484990648582145e-01, 2.9011431517223765e-03,
       2.5554608491493440e-03, 1.1112259753249323e-02 ]
