%YAML:1.0
means: !!opencv-matrix
   rows: 43
   cols: 1
   dt: d
   data: [ -9.4178253409260037e+01, 1.6013516612050537e+02,
       -3.4643962476462229e+00, -2.6850560680211566e+02,
       9.5297746817550944e+01, -1.8147933082112431e+02,
       2.4029560160449279e+02, -6.6348247297822809e+01,
       6.0040065232138154e+01, -3.3336833690818577e+02,
       -2.1749812523573704e+02, 3.4213472801749027e+01,
       1.3310398786004006e+02, -1.3705314610955239e+02,
       -1.5616445253490056e+01, -4.1008111415302430e+01,
       2.0166416721600555e+02, 8.3756955734680176e+01,
       2.1740745453091467e+01, 2.6225818844092555e+02,
       -1.5093804170293919e+02, 1.4669928041724128e+02,
       -3.0948779032837621e+02, -7.9827636480916539e+01,
       -1.9895040513357057e+02, 9.0740560025814130e+00,
       1.1977704498430398e+02, -2.3527027941234945e+02,
       -1.0906802743619846e+02, -1.6508984273695393e+02,
       1.8861582624805413e+02, 7.1965422519148163e+01,
       4.7061641626315925e+01, 2.8684042139918819e+02,
       -2.8336126710549991e+01, -1.2317817987203058e+02,
       -3.5694170620707700e+02, 1.0709463278131365e+02,
       -2.8689826942117662e+02, 1.7427422817752358e+02,
       2.1922088989362226e+02, -2.5237685243231823e+02,
       -5.3616693112749232e+01 ]
covs: !!opencv-matrix
   rows: 43
   cols: 1
   dt: d
   data: [ 4.5810775611434259e+01, 5.5151306934124136e+01,
       3.4749255687509702e+01, 8.4547736780023342e+01,
       3.1838445004031072e+01, 5.7993845366156471e+01,
       1.1080154954735276e+02, 3.9927419199811638e+01,
       3.7757894040904361e+01, 1.8309387211642311e+02,
       7.5298053857506076e+01, 4.4204937547010381e+01,
       4.4056113791445298e+01, 4.8206018065049292e+01,
       3.3224930100438279e+01, 3.3940840894968282e+01,
       5.2153991226570199e+01, 3.1416930197904524e+01,
       4.1542580879276649e+01, 1.6341226414059645e+02,
       4.8708290308937229e+01, 5.0029140420518779e+01,
       1.1458066008334171e+02, 4.2724309311340384e+01,
       7.0562894045035222e+01, 3.7084590031865922e+01,
       3.6435223501857273e+01, 8.2922175918872512e+01,
       4.9420402588998520e+01, 5.4781836239021487e+01,
       5.7206859112606914e+01, 3.2429274356082971e+01,
       4.0641751015650513e+01, 4.1742040806221132e+02,
       3.3555421178184098e+01, 5.1097305467154790e+01,
       4.6606775100537516e+02, 3.3192409897823460e+01,
       8.1532481908588196e+01, 5.6756099326134198e+01,
       6.5390717151102209e+01, 9.0567541358422957e+01,
       3.7031190406324072e+01 ]
weights: !!opencv-matrix
   rows: 1
   cols: 43
   dt: d
   data: [ 2.9351812286905754e-02, 2.6230076243465881e-02,
       3.2135132720903382e-02, 1.0273033274161724e-02,
       3.3879893903066588e-02, 1.9955941933560182e-02,
       1.1900445771284462e-02, 2.8498019293778109e-02,
       3.7794773779752898e-02, 3.4799919002802058e-03,
       1.8726685740223913e-02, 3.6029401456806928e-02,
       2.9719331959488497e-02, 2.1893565024381827e-02,
       3.3356883866646314e-02, 2.7929001665046554e-02,
       1.3789572006587304e-02, 3.3762306435947333e-02,
       3.5738423427694926e-02, 5.8215590113604955e-03,
       2.0125831963237216e-02, 2.8354798011070180e-02,
       7.4092367099510116e-03, 2.7433396451088464e-02,
       2.0414970447106016e-02, 3.5972577960364606e-02,
       3.2451612760847875e-02, 1.4938121152115499e-02,
       2.7146300034284421e-02, 1.9578286170845206e-02,
       1.9084270311557617e-02, 3.5338040938523482e-02,
       4.0507609395056085e-02, 4.8443610531705384e-03,
       3.1719335888296910e-02, 2.3256828795913523e-02,
       2.5286808530347133e-03, 3.3248377155533609e-02,
       9.2595410384710766e-03, 2.2801785013127490e-02,
       1.4468846161478708e-02, 1.2254251836657371e-02,
       2.6597088196916054e-02 ]
pca_proj: !!opencv-matrix
   rows: 1
   cols: 21
   dt: f
   data: [ 4.36961316e-02, 8.50134730e-01, 1.73015636e-04,
       6.54514134e-02, 4.60692108e-01, 2.29939164e-04, 7.67599978e-03,
       1.46649793e-01, -1.37564148e-05, 1.21663406e-03, 1.30500361e-01,
       -5.45994153e-05, 8.06188770e-03, 1.42052382e-01, -2.12945142e-05,
       -2.45414903e-05, 9.56867734e-06, -1.94090262e-06, 3.13729906e-05,
       4.34020360e-04, 2.32224409e-07 ]
pca_mean: !!opencv-matrix
   rows: 1
   cols: 21
   dt: f
   data: [ 2.07625534e+02, 2.55653595e+02, 1.54502928e+00,
       2.18915131e+02, 2.60592743e+02, 1.67241716e+00, 2.65274475e+02,
       2.24016678e+02, 1.71669352e+00, 3.19420807e+02, 1.63929108e+02,
       1.75046074e+00, 3.16613464e+02, 2.25532654e+02, 1.70717156e+00,
       1.08872897e-04, -9.74175637e-05, 6.24380555e-05, -2.17504916e-04,
       -2.50119597e-01, 1.75055194e+00 ]
gamma: !!opencv-matrix
   rows: 43
   cols: 1
   dt: d
   data: [ 8.0898607597044569e-01, 8.4819070330828783e-01,
       7.7120902483135312e-01, 8.9160008604879459e-01,
       8.1032768982558989e-01, 8.5796487756784834e-01,
       8.8319846441271022e-01, 7.9242405869808030e-01,
       7.8982136085205146e-01, 9.0926159845322518e-01,
       8.7376216464768008e-01, 7.7818543753483438e-01,
       8.3324683346553163e-01, 8.3464323985212219e-01,
       7.7236037668911506e-01, 7.7984551540057068e-01,
       8.6766698922386620e-01, 8.0328849701865435e-01,
       7.7425516565946528e-01, 8.9089386039883700e-01,
       8.4235360760954359e-01, 8.4096839862395467e-01,
       9.0317209307210433e-01, 8.0025537966906879e-01,
       8.6603780120269236e-01, 7.7180733299783277e-01,
       8.2529628967317803e-01, 8.8054913911408117e-01,
       8.1814818050181948e-01, 8.4988079997410426e-01,
       8.6201129050914771e-01, 7.9632788568635282e-01,
       7.8341171490991335e-01, 9.0005188993188601e-01,
       7.7534078929299988e-01, 8.2664927850598768e-01,
       9.1583917980236151e-01, 8.1757546382358726e-01,
       8.9694926715977930e-01, 8.5528814586847268e-01,
       8.7496410272546254e-01, 8.8653096449552371e-01,
       7.8564755866752700e-01 ]
