%YAML:1.0
means: !!opencv-matrix
   rows: 18
   cols: 2
   dt: d
   data: [ -3.4954273828136317e-01, -7.3000159854649425e+01,
       -1.9021961403653930e+02, 1.4146757770526106e+00,
       9.6360239405204979e+01, 3.5398937449660956e+01,
       6.2611931197106383e+00, 8.7668381680955775e+01,
       1.6471328460881696e+02, -1.0399884497914449e+02,
       -1.1425155508090893e+02, -7.2286724598577138e+01,
       1.7425926261965941e+02, 8.1193469320231372e+01,
       -1.1321577639292317e+02, 7.6273470086317687e+01,
       9.3717265591545271e+01, 1.1551235575034546e+02,
       9.3490878930706032e+01, -6.0288193027042972e+01,
       -2.3225582061958497e+02, 1.0540577020537897e+02,
       3.6978141140767079e+01, -1.5327853153970455e+02,
       3.4108309063909090e+01, -2.8478317310358858e+00,
       -2.2560932623323205e+02, -9.8970487766312459e+01,
       -4.4538687568262191e+01, 1.6598702158587184e+02,
       1.7416650801677108e+02, -1.2465212780757929e+01,
       -5.3674878322673237e+01, -2.2588673553763119e+00,
       -7.7906559506645024e+01, -1.5732494797157537e+02 ]
covs: !!opencv-matrix
   rows: 36
   cols: 2
   dt: d
   data: [ 2.1227661881208314e+03, -1.3944548625167610e+02,
       -1.3944548625167613e+02, 1.9308551169068153e+03,
       4.7693149650079640e+03, 6.8745541799769057e+01,
       6.8745541799769100e+01, 2.4415912094387018e+03,
       2.1058325236749965e+03, -3.2924983067756057e+02,
       -3.2924983067756057e+02, 1.9014041986484751e+03,
       2.3952106759231856e+03, -2.5320665240804928e+02,
       -2.5320665240804931e+02, 1.9791518406862199e+03,
       3.2133559400912718e+03, 3.8644386080770232e+02,
       3.8644386080770215e+02, 2.3525673593102415e+03,
       2.7646643057921769e+03, -2.4412803960127087e+02,
       -2.4412803960127079e+02, 2.4776876319281973e+03,
       2.9203684479396056e+03, 2.0011458407186365e+02,
       2.0011458407186365e+02, 1.7538722405051440e+03,
       2.3581795856700228e+03, 4.2963402511914461e+02,
       4.2963402511914467e+02, 3.4320993943103631e+03,
       2.3648062301381033e+03, 3.1747287307475290e+01,
       3.1747287307475279e+01, 1.5900297869637016e+03,
       2.0070291052788280e+03, 1.7933544848167034e+02,
       1.7933544848167034e+02, 2.1016871988798657e+03,
       3.2219848861868509e+03, 8.5534887202663214e+01,
       8.5534887202663214e+01, 4.5098134053657623e+03,
       4.6609160919931182e+03, -3.3211240746139612e+02,
       -3.3211240746139612e+02, 2.7630351624612740e+03,
       1.9220892519758133e+03, -2.9182040086569862e+02,
       -2.9182040086569873e+02, 1.7472292586683941e+03,
       3.4774190050742664e+03, -9.8451609107585250e+02,
       -9.8451609107585284e+02, 5.2066954061405195e+03,
       9.0625395046272552e+03, 1.8183129588688153e+03,
       1.8183129588688153e+03, 4.0053852795588564e+03,
       2.7211020233269328e+03, 2.5397308315173294e+02,
       2.5397308315173302e+02, 2.4881426222974142e+03,
       2.4387653718144929e+03, -1.0471841779909062e+02,
       -1.0471841779909057e+02, 1.7860543907030885e+03,
       3.6072631662422582e+03, 2.1060297413537320e+01,
       2.1060297413537338e+01, 2.7577840554380682e+03 ]
weights: !!opencv-matrix
   rows: 1
   cols: 18
   dt: d
   data: [ 6.7300364674153054e-02, 4.7609600402898446e-02,
       7.0246272485311206e-02, 7.4098218937195592e-02,
       4.1216899032784762e-02, 5.6438025412575227e-02,
       5.4694885261037510e-02, 5.7909257525370079e-02,
       5.4068538219328874e-02, 8.2826551155361750e-02,
       4.6244240123426462e-02, 4.0791551799570766e-02,
       7.3822237229689738e-02, 3.8617467594402460e-02,
       3.7551449711819077e-02, 5.3236409584704499e-02,
       6.5895333743610882e-02, 3.7432697106750290e-02 ]
pca_proj: !!opencv-matrix
   rows: 2
   cols: 21
   dt: f
   data: [ 4.36961316e-02, 8.50134730e-01, 1.73015636e-04,
       6.54514134e-02, 4.60692108e-01, 2.29939164e-04, 7.67599978e-03,
       1.46649793e-01, -1.37564148e-05, 1.21663406e-03, 1.30500361e-01,
       -5.45994153e-05, 8.06188770e-03, 1.42052382e-01, -2.12945142e-05,
       -2.45414903e-05, 9.56867734e-06, -1.94090262e-06, 3.13729906e-05,
       4.34020360e-04, 2.32224409e-07, 7.68702388e-01, -5.10314330e-02,
       1.14127281e-04, 4.21110362e-01, -3.83849256e-02, 4.02935693e-05,
       2.81941950e-01, -1.35209868e-02, 1.95932400e-04, 2.66951323e-01,
       -4.70317341e-03, 2.29704310e-04, 2.76557714e-01, -1.55316098e-02,
       2.11025646e-04, -3.74769334e-05, 5.54774260e-06, -7.89335627e-06,
       8.86836962e-04, -5.85095040e-05, 1.91629806e-04 ]
pca_mean: !!opencv-matrix
   rows: 1
   cols: 21
   dt: f
   data: [ 2.07625534e+02, 2.55653595e+02, 1.54502928e+00,
       2.18915131e+02, 2.60592743e+02, 1.67241716e+00, 2.65274475e+02,
       2.24016678e+02, 1.71669352e+00, 3.19420807e+02, 1.63929108e+02,
       1.75046074e+00, 3.16613464e+02, 2.25532654e+02, 1.70717156e+00,
       1.08872897e-04, -9.74175637e-05, 6.24380555e-05, -2.17504916e-04,
       -2.50119597e-01, 1.75055194e+00 ]
gamma: !!opencv-matrix
   rows: 18
   cols: 1
   dt: d
   data: [ 8.1516704158382547e-01, 8.6160362826554426e-01,
       8.2160479452252200e-01, 8.2200393065833777e-01,
       8.6752143154908878e-01, 8.4759507581377824e-01,
       8.4753959665107492e-01, 8.6075444286428604e-01,
       8.3548590763947106e-01, 8.3256225558499208e-01,
       8.9842547723081301e-01, 8.6871354060804828e-01,
       7.9728177370472386e-01, 8.9991239486006946e-01,
       8.9985533161172326e-01, 8.5955300963996639e-01,
       8.0760255468365072e-01, 8.6885637102113888e-01 ]
