%YAML:1.0
means: !!opencv-matrix
   rows: 3
   cols: 21
   dt: d
   data: [ 2.0434837151380148e+02, 3.1434612942510500e+02,
       1.5820472402898573e+00, 2.2100089973430869e+02,
       2.9171912272931587e+02, 1.7180950688019270e+00,
       2.6449823660760063e+02, 2.2492962223491941e+02,
       1.7170050630206719e+00, 3.1860458128702629e+02,
       1.6407255043848605e+02, 1.7431127253732626e+00,
       3.1629192322891640e+02, 2.2601965253407906e+02,
       1.7040563531680117e+00, -1.7368574132487543e-04,
       1.0772728834484613e-03, 1.7823964404852966e-04,
       -5.4256383356089807e-04, -2.4845672315354198e-01,
       1.7512216130208920e+00, 1.9505758600171947e+02,
       1.3623193652264854e+02, 1.4955793995218913e+00,
       2.0645340759080432e+02, 1.9597449041043205e+02,
       1.6107165444939857e+00, 2.6604912401714898e+02,
       2.2076552900911136e+02, 1.7235085139734139e+00,
       3.2210763037095074e+02, 1.6479837775538428e+02,
       1.7712271921780764e+00, 3.1764821485328514e+02,
       2.2347615204444571e+02, 1.7127740761742876e+00,
       7.4905146229685264e-04, -2.3740973323213483e-03,
       -2.9420931147505709e-04, 3.1522456736517634e-04,
       -2.5311743519857183e-01, 1.7520870866797553e+00,
       2.4439392030138058e+02, 2.5181165469162468e+02,
       1.4934219969803255e+00, 2.3438834963630953e+02,
       2.6100402526512886e+02, 1.6101766774818516e+00,
       2.6686109527835708e+02, 2.2659919248414667e+02,
       1.7024319611845198e+00, 3.1752133730744930e+02,
       1.6170806239850444e+02, 1.7399570761995478e+00,
       3.1592212713274125e+02, 2.2751542361192870e+02,
       1.7088985137087287e+00, 3.3753121303561459e-06,
       -3.8971897109832626e-04, 2.8476163751183512e-04,
       4.8150018815195263e-05, -2.5096277069967710e-01,
       1.7449657057777046e+00 ]
covs: !!opencv-matrix
   rows: 63
   cols: 21
   dt: d
   data: [ 5.2339538540740068e+03, 5.0378371404891686e+02,
       1.3320072795770050e+00, 2.1420394823707379e+03,
       2.1250811109637945e+02, 9.8912489597685649e-01,
       1.4094966684027531e+03, 3.2481391617750049e+01,
       1.3660041486245336e+00, 1.3119696657042907e+03,
       6.6938619879428785e+01, 1.5538348003308533e+00,
       1.3817669178583740e+03, 6.5476864067971334e+00,
       1.5099678549155939e+00, -3.7763339789241818e-01,
       3.6131221265887845e-02, -7.5864556713246892e-02,
       4.4819394956202352e+00, -4.7555694652696372e-02,
       1.4965289663660819e+00, 5.0378371404891703e+02,
       5.7708577426531201e+03, 3.1463753963779723e-01,
       3.8126639019325313e+02, 2.1561315024919522e+03,
       -4.7814030090841997e-01, -7.4379195328793752e+00,
       1.4064659155654485e+03, -9.8701538703192804e-01,
       -1.6781626496302760e+01, 1.3129525329236703e+03,
       -1.0662970241289815e+00, 2.1670628499661373e+01,
       1.3838627724769624e+03, -1.0399118544193888e+00,
       -2.6527008575984234e-01, 2.2709818158640330e-02,
       -8.0353719918606265e-02, 8.0292980324477015e-02,
       4.3977616624127167e+00, -1.0578299555310302e+00,
       1.3320072795770050e+00, 3.1463753963779750e-01,
       3.5421820776053652e-02, 8.6152873259627671e-01,
       -1.1016467054111743e+00, 2.6717879219628347e-02,
       5.7548861740667656e-01, 5.7408357071151966e-02,
       2.0122433456015724e-02, -1.3469962683152706e-01,
       6.6554480401452498e-01, 1.9374990969498556e-02,
       -3.7957286860346100e-02, 4.7407185024269383e-03,
       2.0042517249602817e-02, 2.4907549263498949e-05,
       1.0699996867976533e-03, 8.6610521183994439e-04,
       1.1166712357086476e-04, -4.1350744741478683e-04,
       2.0776811601150767e-02, 2.1420394823707379e+03,
       3.8126639019325307e+02, 8.6152873259627671e-01,
       1.8345927474896528e+03, 2.6727030855387147e+02,
       1.1380231291850507e+00, 1.3458848409225832e+03,
       -2.2346476758598155e+00, 1.1913644418249671e+00,
       1.2734336954446719e+03, 2.7518889674613053e+01,
       1.2057574731415439e+00, 1.3193082562539130e+03,
       -1.6307602737143323e+01, 1.1814389191782932e+00,
       -3.1413941345522595e-01, 2.7104907161444092e-02,
       2.5655860883082651e-02, 4.1205170809870069e+00,
       -7.3818099624188602e-02, 1.1876694205586136e+00,
       2.1250811109637945e+02, 2.1561315024919522e+03,
       -1.1016467054111740e+00, 2.6727030855387153e+02,
       1.6172564837934794e+03, -8.9050893922921615e-01,
       4.4787302004491110e-02, 1.2711172827901821e+03,
       -6.2952631983489982e-01, 7.1885106232878959e+00,
       1.2211132184359437e+03, -5.8702717586735731e-01,
       1.9343770545443505e+01, 1.2692446187832759e+03,
       -6.3368937396251568e-01, -2.4400337232286470e-01,
       -3.1803460307753634e-02, -5.2732807721216461e-02,
       -4.8466752973138454e-03, 4.0727968258146179e+00,
       -6.7839815795327729e-01, 9.8912489597685671e-01,
       -4.7814030090842030e-01, 2.6717879219628347e-02,
       1.1380231291850504e+00, -8.9050893922921615e-01,
       2.4902984700229017e-02, 6.6266246748091440e-01,
       7.5567768635268484e-02, 2.0713961385817839e-02,
       -2.5959846556408549e-02, 7.3337704182875485e-01,
       2.0070642487070616e-02, 2.7558523197614586e-02,
       4.2419432170923546e-02, 2.0504843042886647e-02,
       7.3372793270271763e-06, 9.5267531677083379e-04,
       7.8697332126133226e-04, 1.1376405090801916e-04,
       -3.6158422673964428e-04, 2.0751488379669520e-02,
       1.4094966684027531e+03, -7.4379195328793797e+00,
       5.7548861740667656e-01, 1.3458848409225832e+03,
       4.4787302004483054e-02, 6.6266246748091417e-01,
       1.3174619331157398e+03, 3.0015677001246646e+00,
       6.8670921859249412e-01, 1.2684222691698376e+03,
       1.9398959647677810e+01, 6.7009169295538595e-01,
       1.3059267459451842e+03, -4.6146611469753731e+00,
       6.6809670224762807e-01, -1.5611625083771660e-01,
       1.0514874489896476e-02, 4.5381728997087372e-03,
       4.0987681447954385e+00, -3.4213521219768180e-02,
       6.6454333944822941e-01, 3.2481391617750042e+01,
       1.4064659155654485e+03, 5.7408357071151918e-02,
       -2.2346476758598186e+00, 1.2711172827901821e+03,
       7.5567768635268484e-02, 3.0015677001246694e+00,
       1.2870132990499319e+03, 1.6566163008602933e-01,
       -1.2364377318211229e+01, 1.2642010522963603e+03,
       1.6291892759263443e-01, -2.0686172063143973e+00,
       1.2878007326895736e+03, 1.6404375903263571e-01,
       -1.4597695379495518e-01, 3.2361358271025736e-02,
       -1.1108446658461051e-02, -3.4663415914378569e-02,
       4.1061041377139498e+00, 1.3931351282980703e-01,
       1.3660041486245336e+00, -9.8701538703192804e-01,
       2.0122433456015724e-02, 1.1913644418249671e+00,
       -6.2952631983489993e-01, 2.0713961385817839e-02,
       6.8670921859249412e-01, 1.6566163008602935e-01,
       2.1238163723735666e-02, 2.2177245220615760e-02,
       8.9915031234731058e-01, 2.0999826667353918e-02,
       3.5854634072379932e-02, 1.5521405323603196e-01,
       2.1054802926801574e-02, -1.8286263393772810e-05,
       4.9316362397828118e-04, 4.6127966860289683e-04,
       -8.6103625859328347e-06, -1.0275412810023869e-04,
       2.0724972237721108e-02, 1.3119696657042907e+03,
       -1.6781626496302746e+01, -1.3469962683152703e-01,
       1.2734336954446719e+03, 7.1885106232878879e+00,
       -2.5959846556408518e-02, 1.2684222691698376e+03,
       -1.2364377318211226e+01, 2.2177245220615760e-02,
       1.2538754331496032e+03, -8.0747600143583949e+00,
       1.2328214710505096e-02, 1.2769244929602114e+03,
       -9.1558122275405900e+00, 5.1566220103501318e-03,
       1.5478923350493849e-03, -4.0385246554579196e-03,
       1.0403627674344995e-02, 4.0372908394328766e+00,
       -2.9126384616710223e-02, 7.2279142526003011e-03,
       6.6938619879428785e+01, 1.3129525329236703e+03,
       6.6554480401452476e-01, 2.7518889674613060e+01,
       1.2211132184359437e+03, 7.3337704182875485e-01,
       1.9398959647677810e+01, 1.2642010522963603e+03,
       8.9915031234731069e-01, -8.0747600143583949e+00,
