%YAML:1.0
means: !!opencv-matrix
   rows: 11
   cols: 8
   dt: d
   data: [ 3.8345769508977689e+01, -9.7017708874278682e+01,
       -1.2486549043445752e+01, 6.5099008158188710e+01,
       -3.9749855296038947e+00, -1.3022234176612815e-01,
       2.0581362488669548e+00, -3.1414560801107139e-01,
       -9.2557946896254009e+01, -9.1548381138600632e+01,
       2.0373485473143901e+01, 5.7195493683286799e+01,
       -2.7213278808169310e+00, -2.1592015457960514e+00,
       1.2523903253200395e+00, -8.0475200795261415e-01,
       -1.2527582862479676e+02, 3.2959118539493041e+01,
       3.4326111920997874e+01, -2.1223780506042125e+01,
       3.2093334498280814e+00, -7.7928994868886896e+00,
       2.6142308922471597e-01, -9.3944749256898363e-01,
       2.8875332241616420e+01, -2.5017074357468442e+01,
       1.9383936148952479e+00, 1.4735132180806191e+01,
       4.3576634344156364e+00, 3.3386051525317179e-01,
       -3.4620821703865974e+00, -1.1462685915262312e+00,
       8.1845891730320787e+01, 1.7878697047426229e+01,
       -2.2542496951195286e+01, -3.2096695640560327e+01,
       -2.5588004005002521e+01, -2.0364784477284921e+01,
       1.1956804960756711e+00, -2.5518957744306783e+00,
       1.2234327399754241e+01, 1.0318927980232554e+02,
       1.0965479308782309e+00, -6.3903976311257573e+01,
       8.8536294036697569e+00, -3.3068991207338172e+00,
       4.5587541114305657e-01, 1.4802960528939186e+00,
       -1.7999213194992120e+02, -2.9591423179661323e+01,
       4.0573846257639289e+01, 2.0203953792499604e+01,
       -5.9317101904566920e+00, 3.2973226588932607e+00,
       5.2818597286310742e-01, -1.2874780577068265e-01,
       -1.9705175559940531e+02, 9.1014306423832053e+01,
       4.0209189993430407e+01, -5.1324739388646577e+01,
       -2.3679607463163588e+01, 1.4632520839113072e+01,
       -3.1294960821609097e+00, 2.0202370363384188e+00,
       1.4385057788198043e+02, -3.7265269377210055e+00,
       -3.9749024074149283e+01, 6.2810602266797293e+00,
       -5.5481932678108494e+00, 1.2696929669485669e+01,
       -4.5102782359661031e-01, 1.2413330342210069e+00,
       4.0501740448999790e+01, 1.6986404841116997e+01,
       -7.5113779666799685e+00, -5.2278757203309674e+00,
       1.9944952041360033e+01, 2.4987718067066356e-01,
       1.0123701499452473e+00, 9.2124661808256203e-01,
       9.9893358957486640e+01, 1.1731749890548791e+01,
       -3.1189457976528068e+01, -3.2215057766522264e+01,
       -2.5247175977201593e+01, -1.2019590870065004e+01,
       2.8740233386815872e-01, -2.2770067918028061e+00 ]
covs: !!opencv-matrix
   rows: 88
   cols: 8
   dt: d
   data: [ 5.7746439517079607e+03, 5.0781416652692030e+02,
       2.8527483747111696e+03, -1.1826441786016220e+02,
       -8.4048184809056181e+01, 1.3965537524018748e+02,
       -3.6761824895837854e+01, 1.2944164217782662e+01,
       5.0781416652692030e+02, 6.1948615883842695e+03,
       -2.1272231353966194e+02, 2.1196489704984483e+03,
       -5.6726824435498855e+01, -1.6885764593841220e+01,
       6.8949360628754690e+01, -1.2520720329551116e+01,
       2.8527483747111696e+03, -2.1272231353966203e+02,
       2.5788733810896374e+03, -1.5362768374468375e+01,
       -1.1631211943637379e+02, 2.3054451646549783e+01,
       1.6758638371624450e+01, 2.9279903953135111e+00,
       -1.1826441786016224e+02, 2.1196489704984483e+03,
       -1.5362768374468370e+01, 1.2269841409840237e+03,
       -4.6532614281826518e+01, -1.7140537222679589e+02,
       -3.8295283485708580e+01, 1.5943584051889829e+01,
       -8.4048184809056153e+01, -5.6726824435498855e+01,
       -1.1631211943637378e+02, -4.6532614281826518e+01,
       3.3142871883921778e+01, 9.7607053405832609e+00,
       -4.8363021560016612e+00, -3.2458244513489429e+00,
       1.3965537524018748e+02, -1.6885764593841220e+01,
       2.3054451646549790e+01, -1.7140537222679589e+02,
       9.7607053405832609e+00, 5.7038229595124754e+01,
       2.0530757589841159e+01, -7.0986058935170151e+00,
       -3.6761824895837854e+01, 6.8949360628754704e+01,
       1.6758638371624453e+01, -3.8295283485708588e+01,
       -4.8363021560016612e+00, 2.0530757589841159e+01,
       1.8646959740808214e+01, -1.5852056126013943e+00,
       1.2944164217782662e+01, -1.2520720329551116e+01,
       2.9279903953135138e+00, 1.5943584051889829e+01,
       -3.2458244513489429e+00, -7.0986058935170151e+00,
       -1.5852056126013945e+00, 1.4132286127990843e+01,
       7.2220132030297500e+03, 6.2159690410610858e+02,
       2.8186412905527272e+03, -2.6775292141293727e+02,
       6.1454650542859747e+02, -1.1063351610793962e+01,
       6.8584491724695056e+01, -3.4884493075618725e+00,
       6.2159690410610858e+02, 6.5942460227586480e+03,
       -1.4194568401772383e+02, 2.0211710358916775e+03,
       1.0938400912025068e+02, -2.9521563814482114e+01,
       9.6686784203314787e+01, -1.9175207812903107e+01,
       2.8186412905527272e+03, -1.4194568401772389e+02,
       2.5398308471523196e+03, 2.2668852406137896e+00,
       -1.7081076469334766e+02, 2.9539734402996363e+01,
       -9.8276264616222910e+00, 5.5705364115224540e+00,
       -2.6775292141293716e+02, 2.0211710358916775e+03,
       2.2668852406137998e+00, 1.2191819256870663e+03,
       -1.6732176427960181e+02, -9.7122414846509031e+01,
       -4.5840256771482352e+01, 1.1843142780534346e+00,
       6.1454650542859736e+02, 1.0938400912025068e+02,
       -1.7081076469334764e+02, -1.6732176427960181e+02,
       2.5878804168971419e+02, -3.3332650217894610e+01,
       1.4943305571795282e+01, 7.0765372206346777e+00,
       -1.1063351610793962e+01, -2.9521563814482125e+01,
       2.9539734402996366e+01, -9.7122414846509017e+01,
       -3.3332650217894603e+01, 5.4668826841764911e+01,
       1.9919302413596021e+01, -8.7451376798162794e+00,
       6.8584491724695056e+01, 9.6686784203314772e+01,
       -9.8276264616222839e+00, -4.5840256771482352e+01,
       1.4943305571795278e+01, 1.9919302413596021e+01,
       2.0696804988197428e+01, -1.0406569525571896e+00,
       -3.4884493075618725e+00, -1.9175207812903114e+01,
       5.5705364115224558e+00, 1.1843142780534359e+00,
       7.0765372206346804e+00, -8.7451376798162812e+00,
       -1.0406569525571900e+00, 1.4273143978233204e+01,
       7.1396051356377684e+03, -3.8251442399845894e+02,
       2.8408408456922998e+03, 3.2782025567385131e+02,
       5.1618530007760830e+02, -3.1097717234320618e+02,
       1.2245967565216733e+02, 1.9113640403989205e+01,
       -3.8251442399845905e+02, 6.6806692134367158e+03,
       -1.3947212757733490e+02, 2.0579737849804465e+03,
       -2.3059320836322851e+02, 1.8987690131422985e+02,
       -2.0238898285033127e+01, -2.1685763849217722e+01,
       2.8408408456922998e+03, -1.3947212757733499e+02,
       2.4519424199656378e+03, -2.9874938367108761e+01,
       -1.4071353401464603e+02, 8.1363835217364098e+01,
       -1.9983447058596127e+01, 1.5665216808307909e+01,
       3.2782025567385136e+02, 2.0579737849804469e+03,
       -2.9874938367108761e+01, 1.2616711688999133e+03,
       7.1711098049632568e+01, 2.4882773650023680e+01,
       9.8179978184044590e+00, 1.5764794732052996e+01,
       5.1618530007760830e+02, -2.3059320836322848e+02,
       -1.4071353401464603e+02, 7.1711098049632554e+01,
       2.1783718696926175e+02, -8.6047173653135644e+01,
       1.2421856612208181e+01, -3.3179566166251169e+00,
       -3.1097717234320618e+02, 1.8987690131422988e+02,
       8.1363835217364112e+01, 2.4882773650023672e+01,
       -8.6047173653135644e+01, 2.9728918930334794e+02,
       3.0862669232472375e+00, 2.1623238571224830e+00,
       1.2245967565216733e+02, -2.0238898285033116e+01,
       -1.9983447058596127e+01, 9.8179978184044590e+00,
       1.2421856612208181e+01, 3.0862669232472375e+00,
       3.1848603037998519e+01, 5.4453563916956940e+00,
       1.9113640403989208e+01, -2.1685763849217711e+01,
       1.5665216808307903e+01, 1.5764794732052996e+01,
       -3.3179566166251164e+00, 2.1623238571224834e+00,
       5.4453563916956940e+00, 2.2810732458440420e+01,
