%YAML:1.0
means: !!opencv-matrix
   rows: 12
   cols: 2
   dt: d
   data: [ -8.5417422736118979e+01, -7.3365050150398588e+01,
       6.1828408300697376e+01, 1.4293668104538426e+01,
       1.9247333224551997e+02, -8.9195459208751515e+00,
       2.9917439147321993e+01, -9.5708420109724671e+01,
       9.0513187137576594e+00, 1.4914608417541643e+02,
       -1.2862858215543471e+02, 1.5722757647261588e+02,
       -2.3144283198192713e+02, -1.0465100970908860e+02,
       1.0590708866642640e+02, 9.3622698502558791e+01,
       1.2246000046890519e+02, -9.5627711683884925e+01,
       -2.0242881451710190e+02, 1.6320804258121026e+01,
       -6.7768018118052481e+01, 5.0072650585063478e+01,
       -3.1276658725146731e+01, -1.8482199176575020e+02 ]
covs: !!opencv-matrix
   rows: 24
   cols: 2
   dt: d
   data: [ 2.8430499225192812e+03, 5.9022471093841816e+01,
       5.9022471093841844e+01, 5.3432358134993219e+03,
       4.0879913606094542e+03, 6.2741671416599516e+01,
       6.2741671416599530e+01, 3.1279450526157862e+03,
       4.1580567895037329e+03, -1.4181798601824178e+02,
       -1.4181798601824173e+02, 6.2339564875800652e+03,
       2.6516410002728940e+03, -7.7350684403652508e+02,
       -7.7350684403652508e+02, 3.8228227204546233e+03,
       6.4704149988799718e+03, 2.1487954120446747e+02,
       2.1487954120446747e+02, 4.2336736186808530e+03,
       7.1911144766771913e+03, 1.0156816488271012e+03,
       1.0156816488271013e+03, 4.2092237746642004e+03,
       3.0795714993841061e+03, -3.6121422965716039e+02,
       -3.6121422965716039e+02, 5.8174630538352285e+03,
       6.5321086832121591e+03, 1.5809145363006880e+02,
       1.5809145363006874e+02, 4.6844135039859430e+03,
       3.6766548585435253e+03, 4.9363847475875019e+01,
       4.9363847475874977e+01, 3.2304449131754482e+03,
       4.4583669347523091e+03, -4.4218450658669866e+02,
       -4.4218450658669855e+02, 4.7204610848183092e+03,
       3.6865994256607773e+03, 2.7474252781149568e+02,
       2.7474252781149568e+02, 3.1940783992801239e+03,
       7.5474504535651431e+03, -2.6557542807749323e+03,
       -2.6557542807749323e+03, 8.1603001733923993e+03 ]
weights: !!opencv-matrix
   rows: 1
   cols: 12
   dt: d
   data: [ 1.0571685397568389e-01, 1.7457025437758286e-01,
       7.9810817981723250e-02, 8.5124646138036025e-02,
       8.3283808090369213e-02, 4.9732329026719806e-02,
       4.4342656177590638e-02, 8.0751910272733984e-02,
       8.2640747680380322e-02, 6.9881919887023428e-02,
       1.0370813588002570e-01, 4.0435920512124912e-02 ]
pca_proj: !!opencv-matrix
   rows: 2
   cols: 21
   dt: f
   data: [ 1.02604255e-02, 8.46533298e-01, 5.67100069e-05,
       -5.08859605e-02, 4.68450844e-01, 1.89823491e-04, -5.55210514e-03,
       1.46431834e-01, -1.98076777e-05, -7.31809530e-03, 1.34976640e-01,
       -4.80776835e-05, -6.69380091e-03, 1.46460637e-01, -1.57161594e-05,
       2.11501210e-05, 1.32904761e-05, -3.16381829e-07, -1.62182951e-05,
       4.47223283e-04, 4.04881848e-06, 8.19958210e-01, 1.87153444e-02,
       -7.93817599e-05, 4.28530097e-01, 8.29724409e-03, 8.75842488e-06,
       2.28233948e-01, -2.37727305e-03, -1.84168690e-04, 2.08515689e-01,
       -1.20344283e-02, -2.14158339e-04, 2.18838796e-01, -7.27251405e-04,
       -1.84816250e-04, -3.05604735e-05, -5.04301033e-06,
       -1.27042276e-05, 6.79167337e-04, 1.30049409e-06, -1.63660501e-04 ]
pca_mean: !!opencv-matrix
   rows: 1
   cols: 21
   dt: f
   data: [ 4.33646118e+02, 2.44701981e+02, 1.49672687e+00,
       4.18191803e+02, 2.60206879e+02, 1.62062907e+00, 3.68545319e+02,
       2.27059875e+02, 1.69770968e+00, 3.19420807e+02, 1.63929108e+02,
       1.75046074e+00, 3.16613464e+02, 2.25532654e+02, 1.70717156e+00,
       1.08872897e-04, -9.74175637e-05, 6.24380555e-05, -2.17504916e-04,
       -2.50119597e-01, 1.75055194e+00 ]
gamma: !!opencv-matrix
   rows: 12
   cols: 1
   dt: d
   data: [ 8.6626188821062622e-01, 8.4890661873235607e-01,
       8.9887111926992858e-01, 8.4826871244330304e-01,
       8.8979947758816791e-01, 8.9648095567905772e-01,
       9.0105965506234964e-01, 8.9149679233217083e-01,
       8.6562967891092568e-01, 8.9238247249382185e-01,
       8.4960416060148058e-01, 9.1818197944481339e-01 ]
