%YAML:1.0
means: !!opencv-matrix
   rows: 18
   cols: 7
   dt: d
   data: [ -1.7095050154679259e+02, 4.8248091972552402e+01,
       3.8939000118480486e+01, -3.1680136203938957e+01,
       -1.0779730602899743e+01, -5.8889210766160867e+00,
       -6.6419132298220074e-01, 8.4056929654640996e+01,
       -2.9993457236371587e+01, -2.6848793500178040e+01,
       1.9523295158562455e+01, -1.8599560302647089e+00,
       1.1910096705788176e+01, -5.3795540420074088e+00,
       3.0716425187511486e+01, -9.9437517133897288e+01,
       -1.0313969504386549e+01, 6.8021531402040310e+01,
       -4.0215793417532852e+00, -1.2787676237721397e+00,
       2.0410120549096442e+00, 8.2714299690843291e+01,
       1.7758876222752896e+01, -2.2553688797941518e+01,
       -3.2559299997401922e+01, -2.5488881503184949e+01,
       -2.0147316026728891e+01, 1.1741756105508212e+00,
       -1.9728345908256429e+02, 9.9835875379013970e+01,
       3.9813070011913950e+01, -5.5281653836682068e+01,
       -2.5073515257633723e+01, 1.7991933481310561e+01,
       -3.7781225437143466e+00, -1.4060396603409168e+02,
       -1.0245991770725793e+02, 2.6778230138002922e+01,
       6.7111919540366273e+01, -1.8172071386924504e+01,
       -4.4132539943616650e-01, 5.0883389040097135e-02,
       1.6932565064852092e+01, 2.1196003046961184e+01,
       -1.3258794203008620e+01, -1.6828716358752331e+01,
       1.3536930125919078e+00, -9.6453322827430448e+00,
       1.4335383978844756e+00, -1.9215479397653755e+01,
       1.1512782787140459e+02, 5.9542541023383384e+00,
       -6.2684871530191892e+01, 1.6346892220606232e+01,
       8.0367221325222218e+00, -2.6811937059297044e+00,
       -9.1526578809024969e+01, 1.0423489323521961e+01,
       2.6073415491959221e+01, -1.0440239361519716e+01,
       1.6999367646267636e+01, -1.4965224682824839e+01,
       1.9618256883621978e+00, -4.6373351947803743e+00,
       2.8803563001793616e+01, 8.6938416836720993e+00,
       -1.6772407377782052e+01, 3.8340771751202034e+01,
       -3.7916827183507222e+00, 4.9026965510750875e-01,
       1.2309880624574581e+02, 7.1094791348431457e+01,
       -3.3890661354983926e+01, -3.8286713693738747e+01,
       -3.7908638724557848e+00, 2.1178499435377591e+00,
       2.3807576249970612e+00, 1.2967389422702726e+02,
       -3.7123397199636345e+00, 5.9487302929498142e+01,
       -3.6912404707182085e+00, 1.0178811862459954e+01,
       -1.5629737114164528e+00, -1.2579406349698354e+00,
       -1.9610337887999918e+02, -1.3115879379540827e+01,
       4.1522236897168412e+01, 1.5600751084151570e+01,
       -9.2380768173846253e+00, 1.2714520025071659e+01,
       -8.3767148538385339e-01, 1.5510791956054737e+02,
       1.0587798562409938e+01, -4.3867247609246895e+01,
       -5.1148507375122856e+00, -6.4179073110957452e+00,
       1.2408651926015509e+01, -3.4142585148912052e-01,
       -6.2648892371811350e+01, -7.2161908085178069e+01,
       1.9368903461189991e+01, 4.6750820443582299e+01,
       1.0351814543774289e+01, -5.1113006672065895e+00,
       4.8544077079756753e-01, 7.2512755799470455e+01,
       1.4963022310822954e+01, -2.8789149261459990e+01,
       -3.1680295122414577e+01, -2.8906643995772274e+01,
       -1.6196537885028278e+01, 5.6076702949067281e-01,
       4.1754622041322868e+01, 9.9862964583139853e+00,
       -1.9602062219224091e+01, 5.1077298309792747e+00,
       1.8268614709055733e+01, 5.5320769104629735e+00,
       1.0527957508963901e+00, 9.7106121067034792e+01,
       -5.5766831521023242e+01, -2.8984909051498402e+01,
       3.7131039231194450e+01, -5.7799723034599495e+00,
       1.1419972774429423e+01, 1.7534871254005160e-01 ]
covs: !!opencv-matrix
   rows: 126
   cols: 7
   dt: d
   data: [ 6.4151588236446387e+03, 1.1783583501167641e+02,
       3.0355325604047466e+03, 9.8716320452269883e+01,
       1.3911614106604557e+02, -3.7409223196473670e+02,
       1.3282967974379116e+02, 1.1783583501167629e+02,
       6.5014131611289667e+03, -9.4352800685234783e+01,
       2.2116444922664855e+03, -1.3669126190963570e+02,
       1.3250127269940762e+02, -1.7818713740313171e+01,
       3.0355325604047466e+03, -9.4352800685234698e+01,
       2.4554715637467093e+03, 5.3549503504940319e+01,
       -7.6051585293296753e+01, 7.8425035866124830e+01,
       -7.7169412637360653e+00, 9.8716320452269883e+01,
       2.2116444922664855e+03, 5.3549503504940361e+01,
       1.2040715822385982e+03, 2.6141923189028596e+01,
       6.6259214100159713e+00, 1.2966747176102025e+01,
       1.3911614106604551e+02, -1.3669126190963567e+02,
       -7.6051585293296753e+01, 2.6141923189028596e+01,
       9.2693703352109409e+01, -6.3035676070264493e+01,
       1.0207559304627523e+01, -3.7409223196473681e+02,
       1.3250127269940765e+02, 7.8425035866124816e+01,
       6.6259214100159713e+00, -6.3035676070264493e+01,
       2.0410097735114118e+02, 9.4071571804221339e+00,
       1.3282967974379116e+02, -1.7818713740313171e+01,
       -7.7169412637360679e+00, 1.2966747176102025e+01,
       1.0207559304627523e+01, 9.4071571804221357e+00,
       3.2313823518156134e+01, 5.4981288381382701e+03,
       1.5765321253774803e+03, 2.6966756773495640e+03,
       -5.0581090324165638e+02, -3.6290831938410304e+02,
       1.9032698509202129e+02, -1.8673607821624555e+02,
       1.5765321253774803e+03, 7.3963477009658754e+03,
       -1.7569567138580464e+01, 1.4743650283192121e+03,
       -1.3738983536886641e+02, 1.0335897303008100e+02,
       -4.6345002209010772e+01, 2.6966756773495640e+03,
       -1.7569567138580449e+01, 2.5488908923537692e+03,
       1.3995244317482363e+02, -6.8678242558765945e+01,
       7.9999886362314356e+01, 1.6121055496744020e+01,
       -5.0581090324165626e+02, 1.4743650283192121e+03,
       1.3995244317482357e+02, 1.7859215374605758e+03,
       -1.5802316093528768e+01, -2.2803374997832961e+02,
       2.9960358639968000e+01, -3.6290831938410304e+02,
       -1.3738983536886639e+02, -6.8678242558765945e+01,
       -1.5802316093528768e+01, 1.3031466480090839e+02,
       4.3697146549385650e+01, 2.4079809691982481e+00,
       1.9032698509202129e+02, 1.0335897303008097e+02,
       7.9999886362314356e+01, -2.2803374997832961e+02,
       4.3697146549385657e+01, 1.3387991027259443e+02,
       -2.5603933025957623e+01, -1.8673607821624555e+02,
       -4.6345002209010772e+01, 1.6121055496744020e+01,
       2.9960358639968003e+01, 2.4079809691982481e+00,
       -2.5603933025957620e+01, 5.7875741765134265e+01,
       5.8520800240463977e+03, 5.7950063176275967e+02,
       2.9229159864019962e+03, -2.5510062975592362e+01,
       -7.2703365189301621e+01, 1.2617251997314931e+02,
       -3.1265074622021583e+01, 5.7950063176275967e+02,
       6.2075090027738470e+03, -1.7585114816288097e+02,
       2.1421769811567337e+03, -7.4073826525374699e+01,
       -2.2759712754971883e+01, 7.4585833431598331e+01,
       2.9229159864019962e+03, -1.7585114816288086e+02,
       2.5463455877269162e+03, -3.0313616708496088e+01,
       -1.2062376184426039e+02, 2.8461063011417956e+01,
       1.6458448030153988e+01, -2.5510062975592362e+01,
       2.1421769811567337e+03, -3.0313616708496077e+01,
       1.1894382256536460e+03, -5.2171338836595687e+01,
       -1.5807560302809708e+02, -3.9373435904079926e+01,
       -7.2703365189301621e+01, -7.4073826525374727e+01,
       -1.2062376184426041e+02, -5.2171338836595687e+01,
       2.4988190588419972e+01, 7.9798084959566751e+00,
       -3.9332599802292880e+00, 1.2617251997314931e+02,
       -2.2759712754971883e+01, 2.8461063011417956e+01,
       -1.5807560302809708e+02, 7.9798084959566795e+00,
       5.1701547443905440e+01, 2.1701857002456215e+01,
       -3.1265074622021583e+01, 7.4585833431598331e+01,
       1.6458448030153992e+01, -3.9373435904079926e+01,
       -3.9332599802292880e+00, 2.1701857002456219e+01,
       1.8548037060791554e+01, 4.0394558694259890e+03,
       3.3268574592906049e+01, 3.0805303580666032e+03,
       1.2305480257463154e+02, -1.1617941048882535e+02,
       -3.1178515801102787e+01, -5.1879202171930487e+01,
