%YAML:1.0
means: !!opencv-matrix
   rows: 14
   cols: 10
   dt: d
   data: [ 3.1381945577494552e+01, 2.4033472589797437e+01,
       1.3265920931009356e+00, -2.1663411018478911e+01,
       4.2726543099159606e+00, -6.5437516865652654e+00,
       -4.7282862866513025e+00, -1.3382937256508545e+00,
       -4.8680706359389472e+00, -1.9329612493173982e+00,
       1.6072872696097792e+02, 2.7510723197813821e+01,
       -4.4670885273666556e+01, -3.4828055312593328e+01,
       -9.6002137076288978e+00, 1.2588431714824187e+01,
       7.3511839209531848e-01, -3.9228338182558966e+00,
       -1.7555113337413488e+00, -2.8817917571748108e-01,
       -1.3919712770854520e+02, -2.6690350053490151e+00,
       3.6277924137978438e+01, 4.4282352489088561e+00,
       8.3896617290289544e-01, -4.6878204966860357e+00,
       1.5308236529126535e+00, 9.0962933569204218e-01,
       3.7394189219801854e-01, -7.1669011235612604e-02,
       1.1214687235070505e+02, 4.0070558908951426e+01,
       -2.7571910793750991e+01, -2.6396201497504336e+01,
       -5.0913816451138265e+00, -1.2235576567436610e+00,
       -4.5839302999159554e-01, 1.1512003710287182e+00,
       3.8113948696325445e-01, 3.8185141695584734e-02,
       -1.8991781331065775e+02, 4.7108786673145575e+00,
       4.0372047274027615e+01, -5.7821764223136558e+00,
       -6.5586800463948398e+00, 4.0605975386744255e+00,
       -2.7038484813759394e+00, -4.6747124643721900e+00,
       -1.8630633693138805e+00, 6.6774900398901704e-01,
       1.3654739000132022e+02, 5.2363584169358539e+00,
       -2.4623172843837590e+01, 2.7044802823332228e+00,
       -6.0415803029087263e+00, 2.2920472460065966e+01,
       -1.4380437729791613e+01, -7.4062859653063304e+00,
       -6.5961669078589029e+00, 2.3464604981147255e+00,
       -1.3985168286554725e+02, -1.0246855447842715e+02,
       2.6397945407916051e+01, 6.5240167928375456e+01,
       -1.7040989048266159e+01, -9.1422373058811013e-01,
       1.8230007803573658e-01, -1.2871899121126147e+00,
       7.9608619519545509e-01, -3.3412133190444865e-01,
       8.1702293780401916e+01, 1.5694048436668867e+01,
       -2.3959340650179211e+01, -3.2247193659843731e+01,
       -2.6510690728091568e+01, -1.9717408036532063e+01,
       9.0871951291079078e-01, -2.3247960911319554e+00,
       2.0151670464706889e-01, -3.0568489820961376e-02,
       1.5496208730207345e+01, -7.7506530289710113e+01,
       -4.9726284948561368e+00, 5.1785605822200431e+01,
       -6.0657670911517747e-01, 4.8341773233944008e-01,
       1.5966104023203298e+00, 2.4669397425582110e-02,
       2.9023466497156797e-01, -3.5278467039552820e-02,
       2.4400063781772658e+01, 7.5840067167808103e+00,
       8.6572733045973072e-01, -1.1397678921999934e+00,
       2.4535654424581917e+01, -7.2849727484786533e-02,
       8.3793027512837803e-01, 8.2483354158346378e-01,
       4.0716505159232164e-01, 5.4301428124588415e-02,
       9.6583984876630602e+00, 1.1222440227846701e+02,
       -6.9540705204815856e-01, -6.7433013875100372e+01,
       5.8587093471650684e+00, 1.2614663364274969e+00,
       3.6360468401129298e-01, 1.6048497695139270e+00,
       1.2091691429212057e+00, 2.5708095313076429e-01,
       -1.9407977263207022e+02, 8.7166852897266409e+01,
       4.0130299531937816e+01, -5.0046347296767394e+01,
       -2.3030318066366640e+01, 1.2447110730726692e+01,
       -2.8895919951583817e+00, 1.9276072415061465e+00,
       6.9687274681814448e-01, -5.4821934671115513e-02,
       1.4307911698396330e+02, -1.1997130327050067e+01,
       -3.9724681228025013e+01, 1.1639986027812562e+01,
       -5.1850942747294040e+00, 1.2060714194325481e+01,
       -2.1826329090473154e-01, 1.5469208714934934e+00,
       2.4260409741237479e-01, -4.5133264035671534e-02,
       -5.6064439550092672e+01, -1.9427655302059126e+01,
       1.8856158158341454e+01, 2.1311751539661628e+01,
       2.0006400374237838e+01, -4.4384698598053296e+00,
       -5.2070885999964291e+00, -4.4492226205648819e+00,
       -3.4196287878569795e+00, 8.4366271898032663e-01 ]
covs: !!opencv-matrix
   rows: 140
   cols: 10
   dt: d
   data: [ 7.0338460356703918e+03, -1.0861280570543011e+03,
       3.0792514822196463e+03, 7.3351989913100306e+02,
       -4.2569309602337535e+02, 1.3241786327484047e+02,
       -1.5535973294793092e+02, -1.2244542693489069e+02,
       2.3813563961407134e+01, 3.5531641374012324e+01,
       -1.0861280570543011e+03, 9.3855833677941591e+03,
       1.8423759394854721e+02, 8.6699552267461149e+02,
       5.1324850246141955e+02, -3.0751374664926522e+02,
       1.0530830517356334e+02, -2.4747438871734612e+01,
       -6.5253421270133771e+01, -6.7362455563344781e+01,
       3.0792514822196463e+03, 1.8423759394854721e+02,
       2.6021610162301972e+03, -3.6191554758124323e+02,
       1.5028795621757939e+02, -6.8349351761400911e+01,
       1.1186477169141338e+00, 6.8425332075053316e+00,
       -2.6632528304850704e+00, -6.5634751804462624e+01,
       7.3351989913100329e+02, 8.6699552267461149e+02,
       -3.6191554758124323e+02, 1.9402963651397297e+03,
       -3.3513149877413667e+02, 2.9131857753557472e+02,
       -5.7436603419619367e+01, -5.2958736565393018e+01,
       1.4265553470732637e+01, 6.2857549226392820e+01,
       -4.2569309602337535e+02, 5.1324850246141966e+02,
       1.5028795621757945e+02, -3.3513149877413667e+02,
       2.8131039988275614e+02, -1.4304676704873385e+01,
       -1.6603421325758990e+01, 2.8752128369732781e+00,
       -1.4217640477296827e+01, -3.6001550922847599e+01,
       1.3241786327484050e+02, -3.0751374664926522e+02,
       -6.8349351761400925e+01, 2.9131857753557472e+02,
       -1.4304676704873390e+01, 2.6142853208164706e+02,
       -4.2717179688824114e+00, -3.4982258578263377e+01,
       5.8751716617030070e+00, 1.2979221204753697e+01,
       -1.5535973294793092e+02, 1.0530830517356334e+02,
       1.1186477169141331e+00, -5.7436603419619360e+01,
       -1.6603421325758990e+01, -4.2717179688824105e+00,
       4.0446570779002613e+01, 4.8457396073531189e+00,
       1.3126330596565143e+00, 4.3622561153668967e-03,
       -1.2244542693489069e+02, -2.4747438871734598e+01,
       6.8425332075053422e+00, -5.2958736565393018e+01,
       2.8752128369732781e+00, -3.4982258578263369e+01,
       4.8457396073531180e+00, 2.1875841217967363e+01,
       -2.3241567312594746e+00, -7.1707962135924967e+00,
       2.3813563961407134e+01, -6.5253421270133771e+01,
       -2.6632528304850718e+00, 1.4265553470732637e+01,
       -1.4217640477296827e+01, 5.8751716617030070e+00,
       1.3126330596565146e+00, -2.3241567312594746e+00,
       4.9444526350056917e+00, 2.9665822244293714e+00,
       3.5531641374012324e+01, -6.7362455563344810e+01,
       -6.5634751804462624e+01, 6.2857549226392820e+01,
       -3.6001550922847599e+01, 1.2979221204753701e+01,
       4.3622561153669427e-03, -7.1707962135924967e+00,
       2.9665822244293709e+00, 1.1666450917082305e+01,
       4.4927079410015767e+03, 1.5037189621446990e+02,
       3.0893214586562581e+03, 1.3642859512736862e+02,
       -8.6570658681137601e+01, -8.3204539924177922e+01,
       -7.4883046305586291e+01, -8.4799941319150758e+00,
       2.5165364673879417e+01, 6.1805658465190350e+00,
       1.5037189621446996e+02, 5.7780366387457016e+03,
       2.5984963007408975e+01, 2.3210897110482724e+03,
       -4.5137017863999688e+01, -6.7377501248665311e+01,
       3.2284018207234695e+01, -6.1315006885316045e+01,
       -1.0098107644829636e+01, -1.4096402151343823e+00,
       3.0893214586562581e+03, 2.5984963007409018e+01,
       2.5534095018479507e+03, 3.4323392168950981e+01,
       -6.0260513105774450e+01, 5.3785689572537493e+01,
       2.6003205847274177e+01, -1.3229828806468822e+01,
       2.8944006545403931e+00, -5.4573037421842550e+00,
       1.3642859512736860e+02, 2.3210897110482724e+03,
       3.4323392168950974e+01, 1.0852967949868328e+03,
       -3.3168853220224072e+01, -4.4856431298051689e+01,
       1.1006926900731329e+00, 1.4412403498141130e+01,
       -1.6145110958889905e+01, -1.6159406271489008e+01,
