%YAML:1.0
means: !!opencv-matrix
   rows: 46
   cols: 6
   dt: d
   data: [ 4.1446314904979985e+01, -6.6894872076575197e+01,
       -6.0248709743572135e+00, -4.3135954224222409e+01,
       1.5362511801932182e+01, 4.0715981831417460e+00,
       7.5679754314351925e+01, -7.8675598732960310e+01,
       -3.5441389934532292e+00, 4.8586829981512807e+01,
       3.5854143228155930e+00, 2.3076192876643841e+01,
       -8.6552592865463239e+01, -3.4187006732192323e+01,
       -5.1946828052306245e+01, 1.9616734856678374e+01,
       2.9310651709588566e+01, 4.4888609171702010e+00,
       1.4761803712426334e+02, 6.7388944817219837e+01,
       -3.8183170636284963e+01, -7.0321783489389835e+00,
       -1.2134371921763288e+01, -6.8049383736600415e+00,
       9.9518834840357997e+01, -4.6505127552024710e+01,
       -2.1717603983486359e+01, 3.6501131659207537e+01,
       -2.7397097581668081e+01, 2.3233957985080583e+01,
       5.8086173907866716e+01, 7.8058682222201512e+01,
       5.9003576874152692e+01, -5.2952178334655805e+01,
       1.3800473960195468e+01, -6.0827970060799674e-01,
       -9.6152355523603433e+01, 5.2960467067314546e+01,
       4.9437219999503348e+01, 2.4596644863475628e+01,
       1.1318244330663052e+01, 7.7864973153568657e+00,
       -9.7660202989428512e+01, 3.1950532988503653e+01,
       1.3542225717057551e+01, -7.8833892637285956e+01,
       2.1994766568861993e-01, 6.8396829332243101e+00,
       4.8372223310007954e+01, 1.6430284697633149e+02,
       -1.7396540204266486e+01, -4.9580779775276564e+00,
       2.0020006780522179e-01, -8.0366445012567400e+00,
       -1.5720975313836590e+02, 1.2485441150574339e+01,
       2.9515117130215028e+01, -2.2057209236340100e+01,
       -3.3690985366381652e+00, -2.3838261724159914e+01,
       1.4020481923811977e+02, -8.9517612212194678e+01,
       -2.4189990454637357e+01, 4.9020572035077954e+01,
       -2.2062848061582471e+01, -2.7346314488719283e+00,
       4.2121754231583978e+01, 3.8067262073344381e+01,
       -3.8803145326780701e+01, -7.7576421073576100e+01,
       -2.3675395494404543e+00, -1.7970545131689328e+00,
       -2.0439181248596523e+02, -1.6075022241797480e+01,
       5.9620597201838294e+01, -5.3917252605434722e+00,
       -1.8029808871746607e+01, -9.9348639169100483e+00,
       -1.4842500640897745e+02, 1.1507684425698129e+02,
       -4.3670024331254119e+01, -3.2703897257541037e+01,
       6.0209893176305478e+00, 5.3246868867237822e+00,
       -3.3612223222951805e+00, -1.3963133047400936e+02,
       3.1252477997024819e+01, 5.9805114091499775e+01,
       3.3086794649439028e+01, -1.5517075434854961e+01,
       -1.8025236810331643e+02, -1.3157040130290261e+02,
       5.5148939292137101e+01, 4.6421208543016014e+01,
       -3.5148143519340117e+01, -1.5909125928419547e+01,
       1.1577550015106770e+01, -2.2004448377531011e+02,
       1.1798583522735907e+01, 7.8463753255286662e+01,
       -4.4426459095519757e+00, -2.3273427816181108e+01,
       2.4170862805386818e+02, 1.6665864049900417e+01,
       -5.2022549170266954e+00, 1.4172237026076578e+01,
       -1.4019871886529367e+01, -9.0124334798406025e+00,
       -9.4423433245497407e+01, -2.4842210316879839e+01,
       2.3674103107844246e+01, 2.6033995204987143e+01,
       8.6382381065080747e+00, 2.4487182694746974e+01,
       1.6833917248370295e+02, -8.6187625663018622e+01,
       -6.0347343947085299e+01, -3.5563228522857180e+01,
       -1.2363480890680560e+01, -6.7848689263327211e+00,
       -1.0428412176412083e+01, -7.1839245314255322e+00,
       1.8024436872388356e+00, -9.8701280097090063e+00,
       3.7307686489328226e+01, -9.1264144822132938e+00,
       3.4331214799342020e+00, 7.6930398638118930e+01,
       2.1069996273136439e+01, 5.7635593625573051e+01,
       2.9263959411346551e+01, -4.4561789763318260e-01,
       9.0094158897500691e+01, -4.0056985895010243e+01,
       -1.3390245551869249e+01, 2.0620375129207943e+01,
       1.4498901816855106e+01, -7.0683175349267930e+00,
       -1.8696739672340203e+02, -3.9145208551519090e+01,
       5.4803989189988776e+01, 8.3143181823739827e+00,
       -6.7961237117322479e+00, -8.8736036863102496e-01,
       -1.3081425467005892e+02, -1.5433233010007061e+02,
       2.1748275668962023e+01, -3.0527221488910495e+01,
       -1.1590242079960835e+00, 8.3276129508405372e+00,
       -2.5408319498787046e+02, -2.9670521233536560e+00,
       -2.0602653110645051e+01, 4.0748712563901188e+00,
       -6.0040378607398981e-01, 1.5628549123573534e+00,
       1.7858812190595405e+01, -1.5224451842559017e+01,
       1.2477365082352683e+00, 7.5130582654761202e+00,
       -1.0228994542469838e+01, -6.1151086651091822e+00,
       1.9221414258718376e+01, -2.0753971766229835e+01,
       -1.4345446727933352e+01, -2.3301813265563258e+01,
       -5.4414446457023669e+00, -2.6451969066697917e+01,
       -1.7652486979866512e+02, -7.6957562672097652e+01,
       3.4864894649023405e+01, 4.2842354276747798e+01,
       -2.9673523994298080e+01, 7.2356712060866322e+00,
       1.3887944962177289e+02, -4.5414015591865526e+00,
       -3.5151003748311226e+01, 1.2625555212720689e+01,
       -1.1019988131858792e+01, -2.9426108166346499e+00,
       2.9670746367949668e+01, -2.4947848713673019e+02,
       7.0193206606701857e+00, 6.8669766434773351e+01,
       5.4789527197331758e+00, -4.4809901889237160e+01,
       1.2147847848300439e+02, 1.0468149836208079e+02,
       1.7892802086326210e+01, -5.5532002953206010e+01,
       -1.1857542396962849e+01, 9.5294925587877755e-01,
       1.0497072129699038e+02, -3.3501114666693283e+01,
       7.3729537326163808e+01, -5.1617462126953351e+00,
       2.7240154465058733e+01, 2.1893590686816551e+00,
       -2.5461504276047165e+01, 9.6171505556141156e+01,
       -1.4723010849856351e+01, -3.4614995465247297e+01,
       1.5517449229698503e+01, -2.4368463569445193e+00,
       6.7152883421667227e+01, -4.1049556454646122e+01,
       1.2734892957321797e-01, 2.9543282387471177e+01,
       -7.7218388328336873e+00, -1.9720031140000902e+01,
       -1.4035280794628619e+02, 1.2429409188406422e+02,
       3.6054434488429848e+01, -9.9524629300184930e+00,
       -1.3259953878387154e+00, 4.5168978547223890e+00,
       -1.2500422149986764e+02, -4.7385625027156834e+01,
       3.7300678460990277e+01, -5.9315140317598825e+01,
       2.5292200990810336e+00, 5.2798540601071799e+00,
       -1.0128238918079841e+01, 1.0629708649873753e+02,
       -7.1770178190842003e+01, -2.3844069135470004e+01,
       -8.9308313614325900e+00, 8.8627867661757920e-01,
       2.1815170242989350e+01, -6.6029642016721937e+01,
       1.8549726460974467e+00, 4.7191848532374735e+01,
       -3.7059933364470666e+01, 2.9152833798230329e+01,
       1.1570973604203369e+01, 1.8036959603852772e+01,
       -8.2291593595692248e+01, 9.0900642478493356e+00,
       7.3871184330706718e+00, -4.9152687048040349e+00,
       -1.6008036521079205e-01, -9.3354403771890816e+01,
       1.8115988731168606e+01, 2.6515925036327399e+01,
       3.8232847901487901e+01, 9.0007605109799496e+00,
       7.9368018049588045e+01, 7.5080936850609348e+01,
       1.9257716753714398e+01, 1.4839346191830934e+01,
       8.6241403205213363e+00, -5.3758040447242506e-01,
       -8.4525282451049435e+01, 1.3431270081876752e+02,
       2.2668245947270260e+00, -5.7570869535197915e+01,
       -2.0892460071298203e+01, -1.5834580523920985e+00,
       -2.9246201075154016e+01, -3.8324639842540037e+01,
       9.6595792987328991e+01, 1.8975943597829967e+00,
       -4.2706090575965994e-01, 1.5967568529845671e+01,
       -1.2100139152884850e+02, 1.0527724830296428e+02,
       2.3366349715885008e+01, -5.5711886669202705e+01,
       -1.2448491436166986e+01, -6.9965625814440646e-01,
       1.1751817958997725e+02, 2.3261120846632451e+01,
       -8.9490065059372753e+01, 3.7010977378710372e+01,
       -1.0364717977341265e+01, -9.4108893207071187e+00 ]
