%YAML:1.0
means: !!opencv-matrix
   rows: 20
   cols: 2
   dt: d
   data: [ 3.2759539668006632e+01, -1.1374643122877495e+02,
       -7.1711138304143844e+01, 1.4039633253114732e+02,
       -2.3503009020088473e+02, -1.2231453963299032e+02,
       8.4654859541899683e+01, 8.1560594960390048e+01,
       2.2343338782783860e+02, -3.6779756530841532e+01,
       -3.3460063223433977e+01, -4.0850415540760082e+01,
       3.2243698883778293e+00, -2.6474987364949436e+02,
       4.0300461721272121e+01, 1.7097426974111488e+02,
       -8.3184273128706664e+01, 3.5442586294375609e+01,
       1.3987076659338402e+02, 1.7141420325885953e+01,
       -1.7401170438175990e+02, 4.8329523723401358e+01,
       1.8896369577435038e+02, 1.0521289653491168e+02,
       -8.5787205836420497e+01, -1.3714960610610518e+02,
       -1.7567582481509267e+00, 5.7856613866958632e+01,
       -2.5038793357196721e+02, -2.3772090457469086e+00,
       1.2096481024273382e+02, -7.2195664911185560e+01,
       -1.9618605608697524e+02, 1.5336425942604041e+02,
       5.6598061553568911e+01, -6.8825732311506949e+00,
       1.3070863801125512e+02, -1.4777888100395853e+02,
       -1.3053373106152929e+02, -5.1075825874280767e+01 ]
covs: !!opencv-matrix
   rows: 40
   cols: 2
   dt: d
   data: [ 2.2869009100021653e+03, 1.8075319347988224e+02,
       1.8075319347988216e+02, 2.3605872546354458e+03,
       2.4100840997314876e+03, 1.9888647629732193e+02,
       1.9888647629732199e+02, 4.3868999775783886e+03,
       2.9303111919273174e+03, -5.7204745929840703e+02,
       -5.7204745929840703e+02, 5.2338046640185203e+03,
       1.8631745632113907e+03, 3.8398251231038483e+02,
       3.8398251231038483e+02, 2.5562974448842633e+03,
       2.7417449570291060e+03, -1.3950650673035250e+02,
       -1.3950650673035256e+02, 4.8700335223206139e+03,
       2.3693208396383629e+03, 3.9404570113487887e+02,
       3.9404570113487898e+02, 2.7222550594400500e+03,
       6.9685005045982380e+03, -7.9845910620242660e+02,
       -7.9845910620242660e+02, 3.8176983356759065e+03,
       3.6810221089412767e+03, 9.1395365650974114e+01,
       9.1395365650974156e+01, 3.4305403065715345e+03,
       1.4720166558485537e+03, 1.9015724474994400e+02,
       1.9015724474994397e+02, 2.7067414764105756e+03,
       2.3229160060362838e+03, 7.7758385327227259e+01,
       7.7758385327227288e+01, 2.0517221255171767e+03,
       1.9609148866749242e+03, 5.0588154780550906e+02,
       5.0588154780550917e+02, 3.3889634311207642e+03,
       4.1295397563100405e+03, -1.0179003767416090e+03,
       -1.0179003767416090e+03, 4.5269413994158413e+03,
       2.4248451376914031e+03, -1.9892583605011271e+02,
       -1.9892583605011271e+02, 3.1548004739675298e+03,
       1.4126131134766770e+03, 9.0498475632360979e+01,
       9.0498475632360950e+01, 3.2071192189504272e+03,
       2.7503932226549609e+03, -6.8429064354197556e+02,
       -6.8429064354197556e+02, 4.8782523665411527e+03,
       2.4662382979642994e+03, 2.3585131816279602e+02,
       2.3585131816279593e+02, 1.9209055355392272e+03,
       4.2238539949726728e+03, 1.3174225557314637e+03,
       1.3174225557314637e+03, 4.3345638932531810e+03,
       2.0998257575176008e+03, 2.9647067681085707e+02,
       2.9647067681085713e+02, 2.2611839001990184e+03,
       3.8732555806131791e+03, 1.1902303278475868e+03,
       1.1902303278475868e+03, 2.4011642220908625e+03,
       2.5317323519472038e+03, 1.2741940859904047e+02,
       1.2741940859904047e+02, 3.5192070383954047e+03 ]
weights: !!opencv-matrix
   rows: 1
   cols: 20
   dt: d
   data: [ 6.9290432966415474e-02, 5.8855111366709637e-02,
       3.4498878256684330e-02, 6.1821079103770632e-02,
       3.7710444237107503e-02, 6.0522752655032361e-02,
       1.5736968291253827e-02, 4.9335765686768021e-02,
       6.2743308655672084e-02, 5.9900311732843672e-02,
       4.1941310142498273e-02, 3.9861187540747210e-02,
       4.4582965762159643e-02, 7.3173701043659362e-02,
       3.2728550657150253e-02, 5.9343291787548408e-02,
       2.6067655900835700e-02, 8.2683030645225544e-02,
       3.8430798678377023e-02, 5.0772454889528758e-02 ]
pca_proj: !!opencv-matrix
   rows: 2
   cols: 21
   dt: f
   data: [ 1.02604255e-02, 8.46533298e-01, 5.67100069e-05,
       -5.08859605e-02, 4.68450844e-01, 1.89823491e-04, -5.55210514e-03,
       1.46431834e-01, -1.98076777e-05, -7.31809530e-03, 1.34976640e-01,
       -4.80776835e-05, -6.69380091e-03, 1.46460637e-01, -1.57161594e-05,
       2.11501210e-05, 1.32904761e-05, -3.16381829e-07, -1.62182951e-05,
       4.47223283e-04, 4.04881848e-06, 8.19958210e-01, 1.87153444e-02,
       -7.93817599e-05, 4.28530097e-01, 8.29724409e-03, 8.75842488e-06,
       2.28233948e-01, -2.37727305e-03, -1.84168690e-04, 2.08515689e-01,
       -1.20344283e-02, -2.14158339e-04, 2.18838796e-01, -7.27251405e-04,
       -1.84816250e-04, -3.05604735e-05, -5.04301033e-06,
       -1.27042276e-05, 6.79167337e-04, 1.30049409e-06, -1.63660501e-04 ]
pca_mean: !!opencv-matrix
   rows: 1
   cols: 21
   dt: f
   data: [ 4.33646118e+02, 2.44701981e+02, 1.49672687e+00,
       4.18191803e+02, 2.60206879e+02, 1.62062907e+00, 3.68545319e+02,
       2.27059875e+02, 1.69770968e+00, 3.19420807e+02, 1.63929108e+02,
       1.75046074e+00, 3.16613464e+02, 2.25532654e+02, 1.70717156e+00,
       1.08872897e-04, -9.74175637e-05, 6.24380555e-05, -2.17504916e-04,
       -2.50119597e-01, 1.75055194e+00 ]
gamma: !!opencv-matrix
   rows: 20
   cols: 1
   dt: d
   data: [ 8.3467658124953337e-01, 8.6108218802214009e-01,
       9.0070838879085680e-01, 8.2630932457534167e-01,
       8.9017420500151734e-01, 8.2117694656984996e-01,
       9.0737598968485844e-01, 8.7217073952716440e-01,
       8.2308223557190430e-01, 8.3626254582168402e-01,
       8.6244840266339140e-01, 8.9462395516633864e-01,
       8.5822091800563227e-01, 8.1406741460881715e-01,
       8.9578440833461337e-01, 8.3579512711977033e-01,
       8.9364158165911045e-01, 8.1378331117312053e-01,
       8.6465665503047595e-01, 8.5671481133618921e-01 ]
