%YAML:1.0
means: !!opencv-matrix
   rows: 23
   cols: 1
   dt: d
   data: [ 3.6401235507992510e+01, -2.2453385830557565e+02,
       1.5848815903701620e+02, 1.0452551244129030e+02,
       -8.0678697579793706e+01, 2.5546681649656946e+02,
       -1.5817169524435320e+02, -1.0083355646952043e+01,
       -3.2399156150401274e+02, -3.3885911460579287e+01,
       2.1949271624555377e+02, 1.2938285008298718e+02,
       8.1175552175055884e+01, -1.2905138089489415e+02,
       -2.8899335619651094e+02, 2.9280500829879099e+02,
       1.2886118461284671e+01, 5.8780482950176683e+01,
       1.8806092240719860e+02, -1.9084818608193416e+02,
       -5.7428674032705679e+01, -2.5961701303832797e+02,
       -1.0285281324940375e+02 ]
covs: !!opencv-matrix
   rows: 23
   cols: 1
   dt: d
   data: [ 1.2153502218594815e+02, 2.6393320270379706e+02,
       1.9170041345687341e+02, 1.3599319469501501e+02,
       1.4255152173492181e+02, 5.8783760187600728e+02,
       2.0399388417222789e+02, 1.3112914678022955e+02,
       9.2018773022132473e+02, 1.3288388898282133e+02,
       3.5013613372396748e+02, 1.5806359453580882e+02,
       1.3041983701264533e+02, 1.6695329240807129e+02,
       5.8164999509026404e+02, 1.0335874798687560e+03,
       1.2195801916670926e+02, 1.2491002410991939e+02,
       2.3807900562315686e+02, 2.3741149582628444e+02,
       1.3461747104438032e+02, 3.7446080265804534e+02,
       1.5392718975767667e+02 ]
weights: !!opencv-matrix
   rows: 1
   cols: 23
   dt: d
   data: [ 6.4956619772504082e-02, 3.0862257150210109e-02,
       4.9945657236584597e-02, 6.2433762644145886e-02,
       5.2978311734246129e-02, 1.7057714824091106e-02,
       4.0568728391128052e-02, 6.2464159075071954e-02,
       8.2740411773364365e-03, 6.0365418196717598e-02,
       2.6411496937800753e-02, 5.7587915689125073e-02,
       6.2579413079371135e-02, 4.6171324648114027e-02,
       1.3945602859278398e-02, 1.0130970267421461e-02,
       6.7034620572799533e-02, 6.4633490748870676e-02,
       3.6265922669257315e-02, 3.7735913648172428e-02,
       5.6424741515465004e-02, 2.0505496025332030e-02,
       5.0666421136940178e-02 ]
pca_proj: !!opencv-matrix
   rows: 1
   cols: 21
   dt: f
   data: [ 1.02604255e-02, 8.46533298e-01, 5.67100069e-05,
       -5.08859605e-02, 4.68450844e-01, 1.89823491e-04, -5.55210514e-03,
       1.46431834e-01, -1.98076777e-05, -7.31809530e-03, 1.34976640e-01,
       -4.80776835e-05, -6.69380091e-03, 1.46460637e-01, -1.57161594e-05,
       2.11501210e-05, 1.32904761e-05, -3.16381829e-07, -1.62182951e-05,
       4.47223283e-04, 4.04881848e-06 ]
pca_mean: !!opencv-matrix
   rows: 1
   cols: 21
   dt: f
   data: [ 4.33646118e+02, 2.44701981e+02, 1.49672687e+00,
       4.18191803e+02, 2.60206879e+02, 1.62062907e+00, 3.68545319e+02,
       2.27059875e+02, 1.69770968e+00, 3.19420807e+02, 1.63929108e+02,
       1.75046074e+00, 3.16613464e+02, 2.25532654e+02, 1.70717156e+00,
       1.08872897e-04, -9.74175637e-05, 6.24380555e-05, -2.17504916e-04,
       -2.50119597e-01, 1.75055194e+00 ]
gamma: !!opencv-matrix
   rows: 23
   cols: 1
   dt: d
   data: [ 7.7288182323073451e-01, 8.7315727668326704e-01,
       8.4282461090568750e-01, 8.1063305122702312e-01,
       7.9562555165957327e-01, 8.8744337065312917e-01,
       8.4232492735489606e-01, 7.6632327189211313e-01,
       9.0763021497944152e-01, 7.7194522811583799e-01,
       8.7257139752405877e-01, 8.2605794560599144e-01,
       7.9621795636378667e-01, 8.2544241633069027e-01,
       8.9679249632067148e-01, 9.0140593720579731e-01,
       7.6651864607854614e-01, 7.8330118305169338e-01,
       8.5800221169027979e-01, 8.5879640663315360e-01,
       7.8234476204818326e-01, 8.8649929375348102e-01,
       8.0939171052553149e-01 ]
