%YAML:1.0
means: !!opencv-matrix
   rows: 23
   cols: 2
   dt: d
   data: [ 7.4529936128121307e+01, 6.4149107799663099e+01,
       1.2073117095709607e+01, -7.9909668128243467e+01,
       -1.7615508354336941e+02, -5.5392918682509212e+01,
       -2.6281746214542670e+02, 1.1339746943801721e+00,
       1.9099391004908284e+02, -7.2764371513497224e+01,
       -8.1308562521622008e+01, 3.6626111225176366e+01,
       -9.6288566933877874e+01, -1.2606207731014116e+02,
       1.5110525509425779e+02, 9.7380437088530670e+01,
       -3.0267265332763650e+01, 1.8878344195960932e+02,
       1.0924418763860280e+02, -7.0180032215686310e+01,
       -2.3151435544280636e+02, 1.2143482992727908e+02,
       -1.6853283527374412e+01, -1.5589920677348996e+02,
       -6.5144844958667369e-01, 5.6707464458404733e+00,
       1.3888883929492289e+02, 1.4530075935205957e+01,
       2.1663588174573431e+02, 5.5060297249181055e+01,
       6.4588769079331399e+01, 1.1896130112929742e+02,
       -7.7923203798369528e+01, -3.9937388593857108e+01,
       6.7177315817795233e+01, -1.9209721406112543e+01,
       -1.0369486809736188e+02, 1.1948017660076714e+02,
       1.0070712688988564e+02, -1.3939668224279674e+02,
       -2.7383482410182580e+00, 9.8459811612104446e+01,
       -1.5912323702996474e+02, 2.5196878607657474e+01,
       -2.1416958921389667e+02, -1.4197127676425060e+02 ]
covs: !!opencv-matrix
   rows: 46
   cols: 2
   dt: d
   data: [ 1.1304048274246870e+03, 2.0379528222723710e+02,
       2.0379528222723710e+02, 2.3054597275090978e+03,
       1.9949476751586494e+03, -6.0653580798910774e+01,
       -6.0653580798910774e+01, 1.9651398265287653e+03,
       2.3815568433074845e+03, -3.9453724524422444e+02,
       -3.9453724524422438e+02, 2.6524650020914587e+03,
       2.2621948992310927e+03, -6.3422918151572674e+01,
       -6.3422918151572688e+01, 3.5643408781498129e+03,
       2.3708984162796269e+03, 3.1067167407359983e+02,
       3.1067167407359995e+02, 3.3813289083372420e+03,
       1.6438637139301891e+03, -1.7007012371350822e+02,
       -1.7007012371350825e+02, 1.6775551783537833e+03,
       2.2245652073801079e+03, -1.2621801218304138e+02,
       -1.2621801218304138e+02, 3.3915143050227798e+03,
       1.7039989848516607e+03, 5.1274693859250725e+01,
       5.1274693859250725e+01, 1.3488170652140493e+03,
       7.7594524919293835e+03, 9.6809153792151506e+02,
       9.6809153792151506e+02, 3.3816465161341898e+03,
       1.9163831635329743e+03, 2.6708438137038155e+02,
       2.6708438137038155e+02, 1.5253569875723349e+03,
       3.1263719754757017e+03, -9.1780764468530151e+01,
       -9.1780764468530151e+01, 3.7640744609602534e+03,
       2.7677188604836947e+03, 1.4815592173231374e+02,
       1.4815592173231380e+02, 2.6139158503865133e+03,
       1.2009679230610957e+03, 2.8166822564759536e+02,
       2.8166822564759531e+02, 1.9158402509751222e+03,
       1.5127835387922996e+03, 6.3077894722463924e+01,
       6.3077894722463903e+01, 1.6993197738266704e+03,
       1.8495648415700316e+03, 4.5456657204165532e+02,
       4.5456657204165532e+02, 2.6964338229878026e+03,
       2.3402431161138047e+03, 8.9745887667112811e+02,
       8.9745887667112811e+02, 2.2540721728694589e+03,
       1.9057646732258108e+03, -9.1561457700765303e+01,
       -9.1561457700765303e+01, 2.0540974847839761e+03,
       1.2164667914263466e+03, 2.2495679399020437e+02,
       2.2495679399020437e+02, 1.5817672026651048e+03,
       2.7151686133450003e+03, 9.7821829147367751e+01,
       9.7821829147367723e+01, 1.8446367483968640e+03,
       2.7870640386526816e+03, 5.9606003169011001e+02,
       5.9606003169011001e+02, 3.1437937003879674e+03,
       1.6436314513978873e+03, -2.7312288655095816e+01,
       -2.7312288655095802e+01, 1.8433131468571046e+03,
       2.0063553986695038e+03, -5.4440865390946817e+02,
       -5.4440865390946817e+02, 2.1754103516418800e+03,
       3.8423518375934545e+03, -1.0126876678784439e+03,
       -1.0126876678784440e+03, 3.6641317537614818e+03 ]
weights: !!opencv-matrix
   rows: 1
   cols: 23
   dt: d
   data: [ 6.3491435728491932e-02, 6.5520659424349190e-02,
       3.9627776825193972e-02, 2.8863483075658853e-02,
       4.3210070572141338e-02, 4.3209141851878977e-02,
       4.0664345485828396e-02, 4.6137481031232677e-02,
       2.4220811292182905e-02, 5.7680162503033282e-02,
       3.5727375140387742e-02, 3.0678911561285410e-02,
       6.8204470864908481e-02, 5.6959706580389770e-02,
       2.7205686448329137e-02, 3.1609623867649171e-02,
       5.0687689721369854e-02, 6.0832503744106765e-02,
       3.7689956625817950e-02, 3.5536490655694697e-02,
       5.1332093804542012e-02, 3.7124092450236949e-02,
       2.3786030745272250e-02 ]
pca_proj: !!opencv-matrix
   rows: 2
   cols: 21
   dt: f
   data: [ 4.36961316e-02, 8.50134730e-01, 1.73015636e-04,
       6.54514134e-02, 4.60692108e-01, 2.29939164e-04, 7.67599978e-03,
       1.46649793e-01, -1.37564148e-05, 1.21663406e-03, 1.30500361e-01,
       -5.45994153e-05, 8.06188770e-03, 1.42052382e-01, -2.12945142e-05,
       -2.45414903e-05, 9.56867734e-06, -1.94090262e-06, 3.13729906e-05,
       4.34020360e-04, 2.32224409e-07, 7.68702388e-01, -5.10314330e-02,
       1.14127281e-04, 4.21110362e-01, -3.83849256e-02, 4.02935693e-05,
       2.81941950e-01, -1.35209868e-02, 1.95932400e-04, 2.66951323e-01,
       -4.70317341e-03, 2.29704310e-04, 2.76557714e-01, -1.55316098e-02,
       2.11025646e-04, -3.74769334e-05, 5.54774260e-06, -7.89335627e-06,
       8.86836962e-04, -5.85095040e-05, 1.91629806e-04 ]
pca_mean: !!opencv-matrix
   rows: 1
   cols: 21
   dt: f
   data: [ 2.07625534e+02, 2.55653595e+02, 1.54502928e+00,
       2.18915131e+02, 2.60592743e+02, 1.67241716e+00, 2.65274475e+02,
       2.24016678e+02, 1.71669352e+00, 3.19420807e+02, 1.63929108e+02,
       1.75046074e+00, 3.16613464e+02, 2.25532654e+02, 1.70717156e+00,
       1.08872897e-04, -9.74175637e-05, 6.24380555e-05, -2.17504916e-04,
       -2.50119597e-01, 1.75055194e+00 ]
gamma: !!opencv-matrix
   rows: 23
   cols: 1
   dt: d
   data: [ 8.1950123940093111e-01, 8.1751890523293758e-01,
       8.6212891281560144e-01, 8.9185275979948708e-01,
       8.7876934307778931e-01, 8.0850686909715019e-01,
       8.5958739133189699e-01, 8.3691942024538235e-01,
       8.9589872482885302e-01, 8.2808623909510604e-01,
       8.9265092658737932e-01, 8.5721849232382419e-01,
       7.9682299284179348e-01, 8.3141530433961053e-01,
       8.7242435955696962e-01, 8.3232987082607601e-01,
       8.2074574192313610e-01, 8.0412951450953685e-01,
       8.4624337744714917e-01, 8.7051284655087846e-01,
       8.1712616635772828e-01, 8.3932216210945565e-01,
       8.9361760608763574e-01 ]
