%YAML:1.0
means: !!opencv-matrix
   rows: 15
   cols: 9
   dt: d
   data: [ 1.3697700797551752e+02, -1.0548691077985017e+01,
       4.6829589271033619e+01, -9.2953299094430903e+00,
       6.6866794899798059e+00, 4.0119181834543607e+00,
       4.9006730523053404e-01, -6.0986172691588025e-01,
       -3.7361453124662825e-01, 2.7950218132500385e+01,
       1.2117220541755574e+02, -2.6673563281370882e+01,
       -5.1165018860785189e+01, -7.6359433073289358e+00,
       7.4257701043500102e-02, 1.8203754242442938e+00,
       -5.4483012288249610e-01, -2.2162840375673984e-01,
       -1.3738195806432104e+01, -3.3946530018047682e+01,
       6.7217067430906603e+00, 1.1174726241359531e+01,
       3.4836046503677906e+01, 3.2918472928277844e+00,
       1.3089168166659728e+00, -8.2468280176891429e-01,
       -1.4770840633923910e-01, 5.4299517071274110e+01,
       -2.3804846511767472e+01, -2.9867367614170643e+01,
       2.0519635440385770e+01, 1.1595920993486377e+01,
       5.9192654305522019e-01, 3.9876444997708776e-01,
       -4.1235302952672009e-01, -4.9335813814202584e-01,
       -1.8833949433780001e+02, -6.5249434366125058e+01,
       4.3789624949617497e+01, 2.1274413709299171e+01,
       -1.9997743593756979e+01, 6.2393029586164781e+00,
       -1.8599997997176285e+00, 5.5137449303133490e-01,
       9.6777829771963841e-01, 9.8771569251178704e+01,
       -4.4759756276672810e+01, -2.2177898339716364e+01,
       3.7057165930988170e+01, -2.7548498792486082e+01,
       2.3467278765067455e+01, 1.1512260710536995e+00,
       1.2853668664439453e+00, 5.0529741250024873e-01,
       1.0598610295479256e+00, -1.9338028634390230e+02,
       1.5367491014697073e+01, 6.6971370796661475e+01,
       1.1200123338398772e+01, -2.0389830039014345e+01,
       -1.7437895125204017e+00, -9.9821942724854640e-01,
       2.0811776359012699e-01, -1.5229004299370757e+02,
       -4.5831068622118826e-01, 4.0574647222629459e+01,
       -8.9561549050485034e+00, 3.3156610278373871e-01,
       4.2084921277105254e+00, 8.6565011164914352e-01,
       1.2638625850022120e+00, -7.7991343886754450e-01,
       2.6026955966955512e+01, 1.7972092067721228e+01,
       -3.8393686365815580e+00, -1.7310627280069777e+01,
       2.8067939285461039e+00, -1.0484481744720313e+01,
       -6.7790126554913330e+00, 1.8567053676992049e+00,
       6.4029310445599199e+00, 1.1916797886214107e+02,
       8.3801494418068572e+01, -3.8854381343950962e+01,
       -2.2053517048850328e+01, -1.0215384173764340e+01,
       1.8535485732330061e+00, 2.0771094897428850e+00,
       -2.2533998012932846e-01, -2.2794823009880633e-01,
       -2.3194319815818405e+00, -3.2006304315101808e+01,
       -1.9183818236974921e+00, 1.2539906151501338e+01,
       -1.2370041604814904e+01, -8.0659560858348449e+00,
       -1.0308183476312566e-01, -3.3296817199207762e-01,
       -1.3450170726206903e+00, -1.4179560435446757e+02,
       -1.0804511304348772e+02, 4.3834148159272338e+01,
       4.1242861306867987e+01, -2.5170037381393676e+01,
       -2.7373003905260285e-01, -2.6181301767119813e+00,
       -4.5566559220356151e-01, -8.4449039273105275e-01,
       -2.9145211722147344e+01, 9.2945534546480062e+01,
       -3.9127215240319733e+00, -4.3736446010884656e+01,
       1.0696712869631057e+01, 3.8200920649580783e-01,
       1.6579186537705091e+00, 5.8667946881656059e-02,
       -3.2168665117352735e-01, 1.6672316507482122e+02,
       2.6562127606085766e+00, -4.6215531705257909e+01,
       1.7416826424810708e+01, -1.0858127771489899e+01,
       -9.9760964251789961e+00, -1.0544346685437904e+00,
       -1.7455994251389720e-01, -9.5165699720941233e-01,
       -1.5062728665353563e+02, 9.4675410117696799e+01,
       1.7365637367874662e+01, -4.7683091059800951e+01,
       -1.2749057227877865e+01, -4.6576671646544048e+00,
       -2.0723792120208079e-01, -3.4985602480335526e-01,
       3.2386830061713107e-01 ]
covs: !!opencv-matrix
   rows: 135
   cols: 9
   dt: d
   data: [ 4.8293947560520110e+03, -1.1570294682659659e+02,
       -8.6328731273012988e+02, 2.7742813181589509e+02,
       -6.1736525424219872e+02, -2.2001507519544597e+02,
       -1.0942686004916874e+02, 2.2789619553341229e+01,
       -2.7590731096420466e+01, -1.1570294682659659e+02,
       8.4088124727077920e+03, 4.5299177321103400e+02,
       1.3135635426791546e+03, -1.0573652583528148e+02,
       -4.7633598964205976e+02, -7.3366363688022815e+01,
       -2.2812741052090519e+01, -1.6482056763548002e+01,
       -8.6328731273012988e+02, 4.5299177321103389e+02,
       8.4484636065445295e+02, 5.0519888070093799e+02,
       2.7336189255749014e+02, 1.1241641513378944e+02,
       1.5125699123594503e+01, 5.7945227651105247e-01,
       5.2866076642133395e+00, 2.7742813181589509e+02,
       1.3135635426791546e+03, 5.0519888070093799e+02,
       2.2462381544020391e+03, -7.0829479799565789e+01,
       1.5558254836871819e+02, 3.2427564222963589e+01,
       1.6245574654088035e+01, 1.1981103272518501e+01,
       -6.1736525424219872e+02, -1.0573652583528153e+02,
       2.7336189255749014e+02, -7.0829479799565789e+01,
       3.4900068004481130e+02, -2.2912091733143090e+01,
       -1.0752682062598996e+01, -4.1969995320045506e+00,
       -4.1859091569284885e+00, -2.2001507519544597e+02,
       -4.7633598964205976e+02, 1.1241641513378944e+02,
       1.5558254836871819e+02, -2.2912091733143086e+01,
       2.3677995817771546e+02, -6.5510440849942659e+00,
       4.0586877299910146e-02, 4.9005947120598137e+00,
       -1.0942686004916874e+02, -7.3366363688022787e+01,
       1.5125699123594508e+01, 3.2427564222963589e+01,
       -1.0752682062598996e+01, -6.5510440849942633e+00,
       2.3952786294999434e+01, 5.2372237694163160e-01,
       3.8328257865390949e+00, 2.2789619553341225e+01,
       -2.2812741052090537e+01, 5.7945227651105236e-01,
       1.6245574654088028e+01, -4.1969995320045514e+00,
       4.0586877299909903e-02, 5.2372237694163171e-01,
       1.4553120123734759e+01, -1.1153185154386811e+00,
       -2.7590731096420466e+01, -1.6482056763547995e+01,
       5.2866076642133395e+00, 1.1981103272518501e+01,
       -4.1859091569284868e+00, 4.9005947120598137e+00,
       3.8328257865390949e+00, -1.1153185154386813e+00,
       1.1072227811417188e+00, 6.5478035272136949e+03,
       -5.7585297596953285e+02, 2.6221911800692938e+03,
       -4.5520900259900071e+02, 6.7684150547051885e+01,
       -9.6440594868481853e+01, -3.3980742106760445e+01,
       4.5895954216716888e+01, -2.5808301812777572e+01,
       -5.7585297596953285e+02, 6.7150173617621822e+03,
       8.3036243266385668e+02, 2.4615902858322643e+03,
       -4.2150997923716353e+00, 5.7978233482094488e+01,
       -9.4339889796372532e+01, 1.8721526539422428e+01,
       -1.4551812095827909e+01, 2.6221911800692938e+03,
       8.3036243266385668e+02, 2.5749894391639973e+03,
       -1.8187312103296642e+02, -1.2502613959042201e+02,
       -4.9112979901613869e+01, 2.0259677936255176e+01,
       -1.4595525755761411e+01, 4.2256111992048959e+00,
       -4.5520900259900094e+02, 2.4615902858322643e+03,
       -1.8187312103296642e+02, 1.8198376960516464e+03,
       9.0383128971619172e+01, -1.5523899495111098e+02,
       3.0949082718913836e+01, 2.1364894396456702e+01,
       1.0052580920968739e+00, 6.7684150547051885e+01,
       -4.2150997923716362e+00, -1.2502613959042201e+02,
       9.0383128971619143e+01, 5.6952743277217188e+01,
       -1.3540800713070361e+01, -6.1361923354779080e+00,
       1.8887451018594035e+00, -3.0957781971841047e+00,
       -9.6440594868481853e+01, 5.7978233482094502e+01,
       -4.9112979901613869e+01, -1.5523899495111098e+02,
       -1.3540800713070357e+01, 5.1612201937141435e+01,
       -1.9898589234393651e+01, -1.8823826459764181e+00,
       -2.0205260170356731e+00, -3.3980742106760438e+01,
       -9.4339889796372532e+01, 2.0259677936255173e+01,
       3.0949082718913843e+01, -6.1361923354779080e+00,
       -1.9898589234393651e+01, 2.0077192489419115e+01,
       4.3771216521690792e-01, 2.9561025077134873e+00,
       4.5895954216716888e+01, 1.8721526539422424e+01,
