%YAML:1.0
means: !!opencv-matrix
   rows: 14
   cols: 11
   dt: d
   data: [ 8.2674628446820108e+01, 1.2825522331259119e+01,
       -1.9458674398757470e+01, -1.3759092628168708e+00,
       1.0742195502947936e+01, 7.2222843347468162e+00,
       -1.4407976004093362e-01, 1.8593274190439668e+00,
       7.1345599340190441e-02, -4.3901682635117463e-02,
       -1.1640669366193112e-02, 1.9856024990489530e+01,
       3.3704173153369275e+01, 4.3671968294361774e+00,
       -2.7809044398237287e+01, 9.7253861133913944e+00,
       -6.7377520745599462e+00, -4.0314062572257994e+00,
       -1.7315495541749255e+00, -5.0003778478819321e+00,
       -2.2262707533509629e+00, -2.5603677637305799e-01,
       -1.3973123981936752e+02, -6.2308979198136925e+00,
       3.5504824797477788e+01, 6.5529457752546083e+00,
       3.7726131750879655e-01, -4.9592135687283250e+00,
       1.7619063806526256e+00, 9.1040792937373438e-01,
       4.0067969086225264e-01, -5.5914844438445070e-02,
       -6.1437493860181602e-02, 8.2222006886479733e+01,
       1.5929121748638083e+01, -2.3911710301341603e+01,
       -3.1922097458752837e+01, -2.6455756828188317e+01,
       -1.9441177817119577e+01, 9.0927290706254182e-01,
       -2.3222816218790698e+00, 2.1158176652912811e-01,
       -2.3051743267166861e-02, 1.0588797840656639e-01,
       -2.0311139371637086e+02, 8.0264343927218178e+00,
       4.1911036368885121e+01, -7.8106835827326071e-01,
       -9.5871403329241573e+00, 7.4146958065476571e+00,
       -2.8136092423713848e+00, -3.3897016915328830e+00,
       -1.4078571267703064e+00, 4.0543726878366343e-01,
       -1.9844904513690156e-02, 1.0987215970574859e+02,
       -8.7679362872101407e+00, -1.6886421133642617e+01,
       1.3942954963109432e+01, 3.6416403027074257e-01,
       2.1497274548631889e+01, -1.3804318797130611e+01,
       -7.3621622239007811e+00, -6.3554853030426548e+00,
       2.3463889877681332e+00, 2.6572261694303996e-02,
       -1.3403532873281887e+02, -1.0381921123617450e+02,
       2.4835026429480770e+01, 6.5373149939081983e+01,
       -1.6094022355851887e+01, -1.3288658720217512e+00,
       2.8222780033535561e-01, -1.3150957311874016e+00,
       7.4339053652299070e-01, -3.1441026887916451e-01,
       6.9846357756136498e-02, 1.6242628422731138e+02,
       2.7021321630401797e+01, -4.3215664669724340e+01,
       -3.4801797597124434e+01, -9.5307513147928962e+00,
       1.2915274319541634e+01, 6.6842456129164052e-01,
       -3.8385102913598650e+00, -1.7353729912969913e+00,
       -3.3903077268208781e-01, -2.3770991144352960e-01,
       -1.2002670519892598e+01, -1.4949288664248607e+01,
       1.1467263019404466e+01, 1.0184157346261708e+01,
       2.5672479987534587e+01, -5.3984900230486579e+00,
       1.6256889637887137e+00, 2.2299242974922315e-01,
       3.4976032394244116e-01, 8.8651388932936559e-02,
       4.3640039261169494e-02, -4.6669591011286244e+01,
       -3.1611339095635267e+00, 3.0379978896597713e+01,
       1.1806211044631418e+01, 2.3778766194676873e+01,
       -1.3232726439384773e+01, -6.9312089784533724e+00,
       -5.2664612177287502e+00, -3.7470686578971435e+00,
       1.2639072101283766e+00, 1.8568355882849913e-01,
       2.7789417117565922e+01, 1.0050906648188693e+02,
       -5.6183419144344429e+00, -6.4030782536059931e+01,
       5.2068582579142921e+00, -4.4368361784826007e+00,
       1.3526491595328101e+00, 1.6921617313657393e+00,
       9.4831289110255679e-01, 2.1880827323045945e-01,
       -4.5128345273168433e-02, -1.9345133075690984e+02,
       8.6370605583440749e+01, 4.0805447873490316e+01,
       -4.9715408001334545e+01, -2.2944156540949148e+01,
       1.2421687306480168e+01, -2.8449452307509469e+00,
       1.9068332871332707e+00, 7.0830922227941684e-01,
       -5.2033443878520054e-02, 4.5608326580035427e-02,
       1.0854797446969283e+02, -3.6100228384237312e+01,
       -2.9884344552660814e+01, 2.6723853554595625e+01,
       -4.6621843772352269e+00, 8.4635721517421576e+00,
       -9.4517485199570525e-02, 5.0034230622516418e-01,
       4.1153920914995895e-01, -6.9595246910847994e-02,
       6.5365602723613275e-02, 2.6838129118056425e+01,
       -2.8885138442217613e+01, -1.1415265279616822e+01,
       1.6336896889178888e+01, -8.3070590889388747e+00,
       6.1530214384299498e-01, 1.2450781485888742e+00,
       6.6369855224967766e-01, 4.7304911924923820e-01,
       1.5287445697174645e-01, -2.5589995088821405e-01 ]
