%YAML:1.0
means: !!opencv-matrix
   rows: 2
   cols: 10
   dt: d
   data: [ -1.0454274166020717e+02, 1.1740821314228505e+01,
       2.0882597928596727e+01, -5.6465704063015796e+00,
       -5.7428789370815778e+00, 3.8280325363498946e+00,
       -1.5218257210741375e+00, -4.8665744689766366e-01,
       -5.2681652832375914e-01, -7.8790124708030609e-03,
       5.8599408486782856e+01, -6.5780349767820470e+00,
       -1.1707411604908053e+01, 3.1648163518459453e+00,
       3.2206645679254042e+00, -2.1479062228727401e+00,
       8.5365289972452518e-01, 2.7069753928640039e-01,
       2.9654356852743841e-01, 5.1193298866087774e-03 ]
covs: !!opencv-matrix
   rows: 20
   cols: 10
   dt: d
   data: [ 1.6070148808172540e+04, 6.8895900768705280e+02,
       4.9781809770825271e+02, -4.7765144956331181e+02,
       6.2353298342119763e+02, -8.6099683764771537e+00,
       -6.2594320090114479e+01, -1.2529651031826620e+02,
       -1.1582587560838428e+02, 1.6459858909085345e+00,
       6.8895900768705280e+02, 1.1897061635282709e+04,
       8.7983384831741140e-01, -1.0224506706497775e+03,
       -4.7638367867831705e-01, 3.9369529445678637e+02,
       -3.5905740731251527e+01, 3.4988605022572521e+01,
       3.7917780386348330e+00, 2.8526079996430624e+00,
       4.9781809770825271e+02, 8.7983384831744582e-01,
       3.1587338610118736e+03, 9.5023956678708402e+01,
       -1.3511167553456403e+02, 1.7391613121317040e+01,
       -1.2177034181530171e+01, 1.9171013704943920e+01,
       1.6415661636786396e+01, -5.5384957328365187e+00,
       -4.7765144956331193e+02, -1.0224506706497775e+03,
       9.5023956678708402e+01, 3.1269595612526432e+03,
       -4.8479680437402862e+01, -1.9997809290106451e+02,
       1.2231163070461889e+01, -3.5510296594235726e+01,
       -2.0766631562748876e+00, 4.9661146471994835e+00,
       6.2353298342119763e+02, -4.7638367867831988e-01,
       -1.3511167553456403e+02, -4.8479680437402862e+01,
       2.7536413968919317e+02, -5.6127629259230758e+01,
       -6.8271077744763291e+00, -1.7542621137534645e+01,
       -1.2418891388702841e+01, -2.7530024678203879e-01,
       -8.6099683764771378e+00, 3.9369529445678637e+02,
       1.7391613121317032e+01, -1.9997809290106451e+02,
       -5.6127629259230758e+01, 2.7633117764513378e+02,
       -2.4354908209124573e+00, 1.7518100419329676e+00,
       5.1032002734435977e+00, 1.2503790032835678e+00,
       -6.2594320090114493e+01, -3.5905740731251527e+01,
       -1.2177034181530161e+01, 1.2231163070461889e+01,
       -6.8271077744763273e+00, -2.4354908209124573e+00,
       3.9351865855369859e+01, 3.8486423488961705e+00,
       3.6524776252218629e+00, -5.7106571985107657e-01,
       -1.2529651031826620e+02, 3.4988605022572521e+01,
       1.9171013704943920e+01, -3.5510296594235726e+01,
       -1.7542621137534645e+01, 1.7518100419329681e+00,
       3.8486423488961705e+00, 2.4102093456823336e+01,
       3.5002194095604899e+00, -1.1660686191678844e+00,
       -1.1582587560838428e+02, 3.7917780386348339e+00,
       1.6415661636786396e+01, -2.0766631562748876e+00,
       -1.2418891388702841e+01, 5.1032002734435995e+00,
       3.6524776252218629e+00, 3.5002194095604890e+00,
       7.2650718904637195e+00, 1.8207959015134223e-01,
       1.6459858909085330e+00, 2.8526079996430624e+00,
       -5.5384957328365187e+00, 4.9661146471994817e+00,
       -2.7530024678203868e-01, 1.2503790032835678e+00,
       -5.7106571985107657e-01, -1.1660686191678840e+00,
       1.8207959015134229e-01, 2.4750925730480184e+00,
       8.7622426524666589e+03, 6.8729801110523908e+02,
       1.6307357314569504e+03, -2.4860560555532030e+02,
       -8.7478443939931947e+02, 3.5501810835443155e+02,
       -1.0411675137406206e+02, 2.5853260856526106e+01,
       1.6675821237998651e+01, -1.6835901557623065e+00,
       6.8729801110523920e+02, 8.4582446994835809e+03,
       -2.1493826067901006e+02, 6.3110468754926660e+02,
       5.9247334220355214e+01, -2.6000435964631947e+02,
       3.5757885774041753e+01, -1.4628827784712600e+01,
       3.2910296678591955e+00, -1.5133610673385549e+00,
       1.6307357314569504e+03, -2.1493826067901011e+02,
       2.9597963464576510e+03, 4.9883259429040578e+01,
       1.8066541188067808e+02, -7.9704594459218669e+01,
       3.4633594259278105e+01, -1.8801107387296019e+00,
       4.3636393603055745e-01, 3.2573392988547805e+00,
       -2.4860560555532030e+02, 6.3110468754926660e+02,
       4.9883259429040592e+01, 2.3249516896005566e+03,
       -1.1951314030746296e+00, 1.3101037729393764e+02,
       -1.4374334887194005e+01, 1.7508078314098594e+01,
       -1.4425601726606427e+00, -2.8248266909501965e+00,
       -8.7478443939931924e+02, 5.9247334220355214e+01,
       1.8066541188067808e+02, -1.1951314030746261e+00,
       4.3457461067040805e+02, 5.0702598595562456e+01,
       -3.8215224667705741e+00, 7.3949527207339862e+00,
       4.3103890587929472e+00, 1.1251583552384392e-01,
       3.5501810835443155e+02, -2.6000435964631947e+02,
       -7.9704594459218669e+01, 1.3101037729393764e+02,
       5.0702598595562456e+01, 2.1985655479567484e+02,
       6.4641851716964318e+00, 6.4379569305376272e-01,
       -1.0929857424066836e+00, -6.7294481874031431e-01,
       -1.0411675137406206e+02, 3.5757885774041746e+01,
       3.4633594259278119e+01, -1.4374334887194008e+01,
       -3.8215224667705727e+00, 6.4641851716964283e+00,
       2.2956229555950991e+01, -2.8034552033833160e+00,
       -2.7499176873265361e+00, 3.0899648319969669e-01,
       2.5853260856526109e+01, -1.4628827784712602e+01,
       -1.8801107387296028e+00, 1.7508078314098597e+01,
       7.3949527207339880e+00, 6.4379569305376338e-01,
       -2.8034552033833160e+00, 1.5142352929742547e+01,
       -2.1860648144077062e+00, 6.5017661776373570e-01,
       1.6675821237998655e+01, 3.2910296678591973e+00,
       4.3636393603055779e-01, -1.4425601726606414e+00,
       4.3103890587929472e+00, -1.0929857424066838e+00,
       -2.7499176873265361e+00, -2.1860648144077062e+00,
       1.5704877023342536e+00, -1.0585930325240649e-01,
       -1.6835901557623072e+00, -1.5133610673385545e+00,
       3.2573392988547796e+00, -2.8248266909501973e+00,
       1.1251583552384378e-01, -6.7294481874031431e-01,
       3.0899648319969680e-01, 6.5017661776373559e-01,
       -1.0585930325240649e-01, 3.2025340420315679e-01 ]
weights: !!opencv-matrix
   rows: 1
   cols: 2
   dt: d
   data: [ 3.5919735240434086e-01, 6.4080264759565309e-01 ]
