%YAML:1.0
means: !!opencv-matrix
   rows: 3
   cols: 11
   dt: d
   data: [ 6.1666810259706331e+01, -6.8254588204401081e+00,
       -1.3539178235867247e+01, 2.9612311094207637e+00,
       3.3574530051559188e+00, -1.8527998441431344e+00,
       7.5952005511005027e-01, 2.5160500069516101e-01,
       2.9512907066863353e-01, -5.1820695248523500e-03,
       3.6759187521671399e-02, -1.4963999665195067e+02,
       -5.3805356912011497e+00, 3.2873804588983532e+01,
       6.7896808792224244e+00, -1.0092790476405410e+01,
       3.3914191092233490e+00, 1.4439023086554550e-02,
       5.0099530097290002e-01, 3.7227509571439538e-01,
       -4.0855733085758378e-02, -4.0655042733852745e-02,
       1.6194237014129719e+01, 4.9152278265566743e+01,
       -3.6131252545466119e+00, -3.1659215122349067e+01,
       5.4062393326364999e+00, 2.0649424729646029e+00,
       -4.1081114194076811e+00, -2.5253239210168341e+00,
       -2.4416923353613145e+00, 1.2655874545390486e-01,
       -1.0313168884489249e-01 ]
covs: !!opencv-matrix
   rows: 33
   cols: 11
   dt: d
   data: [ 8.4714548538624513e+03, 6.2877728776268373e+02,
       1.7771452448038053e+03, -1.8778023150806200e+02,
       -9.0797247888481240e+02, 3.2989725891072925e+02,
       -9.4033341048374780e+01, 2.7796736189171547e+01,
       1.5346185286263195e+01, -1.2385448746741921e+00,
       -1.8175008224843709e+00, 6.2877728776268361e+02,
       8.4155650189829594e+03, -1.5910488710938077e+02,
       6.7062547500530491e+02, 5.2711832227602812e+01,
       -2.6641155400452914e+02, 3.9130610131653512e+01,
       -1.6881322078967422e+01, 2.6569254206884785e+00,
       -2.0939116957838984e+00, 1.2001298757773182e+00,
       1.7771452448038053e+03, -1.5910488710938083e+02,
       2.9233853635155374e+03, 1.6547530332689831e+01,
       1.8942517869953593e+02, -7.2454654593502653e+01,
       3.2014757771207847e+01, -2.5764416069931717e+00,
       9.3919245636365312e-01, 3.3247107104557347e+00,
       4.3905011466775321e-02, -1.8778023150806200e+02,
       6.7062547500530479e+02, 1.6547530332689828e+01,
       2.2993970366537806e+03, 3.9738303445223004e+00,
       1.3183574557472878e+02, -1.7011562604438417e+01,
       1.9524372568246488e+01, -1.1289006636949210e+00,
       -2.9482929907314976e+00, -4.5962058477202961e-01,
       -9.0797247888481252e+02, 5.2711832227602812e+01,
       1.8942517869953599e+02, 3.9738303445223022e+00,
       4.4263896872190077e+02, 5.2551609352320668e+01,
       -3.6033218021019042e+00, 7.4696552714371443e+00,
       4.3255215831397571e+00, 1.1686844187033993e-01,
       8.3783294777187059e-02, 3.2989725891072919e+02,
       -2.6641155400452902e+02, -7.2454654593502653e+01,
       1.3183574557472880e+02, 5.2551609352320675e+01,
       2.2079834297936173e+02, 6.7201691433236714e+00,
       1.1137179533948687e+00, -1.2604753984966934e+00,
       -6.2268639912451695e-01, 1.4615603316798872e-01,
       -9.4033341048374780e+01, 3.9130610131653512e+01,
       3.2014757771207847e+01, -1.7011562604438417e+01,
       -3.6033218021019029e+00, 6.7201691433236697e+00,
       2.2946503676166305e+01, -2.8607464219474319e+00,
       -2.7285745826739305e+00, 2.9412776625172210e-01,
       2.9636887628133678e-02, 2.7796736189171558e+01,
       -1.6881322078967422e+01, -2.5764416069931708e+00,
       1.9524372568246488e+01, 7.4696552714371434e+00,
       1.1137179533948682e+00, -2.8607464219474319e+00,
       1.5177793459380300e+01, -2.2011496623440721e+00,
       6.4142893906317300e-01, -4.8466669941445092e-02,
       1.5346185286263195e+01, 2.6569254206884785e+00,
       9.3919245636365301e-01, -1.1289006636949213e+00,
       4.3255215831397589e+00, -1.2604753984966932e+00,
       -2.7285745826739305e+00, -2.2011496623440721e+00,
       1.5801869502503294e+00, -1.0825629585134924e-01,
       -3.8417771790901861e-02, -1.2385448746741921e+00,
       -2.0939116957838988e+00, 3.3247107104557361e+00,
       -2.9482929907314954e+00, 1.1686844187033991e-01,
       -6.2268639912451718e-01, 2.9412776625172210e-01,
       6.4142893906317300e-01, -1.0825629585134927e-01,
       3.2392232969860935e-01, 8.9446350794070741e-03,
       -1.8175008224843709e+00, 1.2001298757773182e+00,
       4.3905011466775293e-02, -4.5962058477202966e-01,
       8.3783294777187031e-02, 1.4615603316798872e-01,
       2.9636887628133685e-02, -4.8466669941445106e-02,
       -3.8417771790901847e-02, 8.9446350794070741e-03,
       2.0273983755524562e-02, 8.3710210551093587e+03,
       -1.3140914808325563e+03, 2.3623910599202609e+03,
       1.0785604954054561e+03, 2.5574145363163930e+02,
       -2.9124511829980958e+02, 1.2525329836712919e+02,
       -2.6319120045068775e+01, -6.7072009235710759e+00,
       5.1053362165207892e+00, -4.9867987781375298e+00,
       -1.3140914808325570e+03, 1.1408021821891027e+04,
       3.9856650628750526e+02, -7.9239888823486467e+02,
       -3.0453499787921646e+02, 4.3343299036853296e+02,
       -7.2722989702420051e+01, 4.5204469468062335e+01,
       7.5141936869342604e-02, 9.8994508766550329e+00,
       1.1001931133412923e+00, 2.3623910599202609e+03,
       3.9856650628750532e+02, 2.5976730469944755e+03,
       -2.8887029078919386e+02, -8.6322021445923070e+01,
       5.9386682036618254e+01, -3.4762080284021657e+01,
       6.6967556203232128e+00, -5.9467865449155188e-01,
       -4.8535206516143181e-01, 1.1505247120896818e+00,
       1.0785604954054556e+03, -7.9239888823486456e+02,
       -2.8887029078919380e+02, 2.8938256134761737e+03,
       1.1878711464290616e+02, -2.1702583060756567e+02,
       3.4683259661052446e+01, -4.0644864973383648e+01,
       3.8847420767991943e+00, 8.6673564175168039e-01,
       -1.0889131393161859e+00, 2.5574145363163930e+02,
       -3.0453499787921646e+02, -8.6322021445923099e+01,
       1.1878711464290616e+02, 1.5515868386089835e+02,
       -7.4775137554011749e+01, 2.0288001004089921e+01,
       -7.9845648422262805e+00, -2.1815147334674552e+00,
       1.2563171280530183e+00, -1.0118969395825825e+00,
       -2.9124511829980958e+02, 4.3343299036853296e+02,
       5.9386682036618254e+01, -2.1702583060756569e+02,
       -7.4775137554011749e+01, 2.4870685591574909e+02,
       -1.1923508281788978e+01, 1.5443238998844204e+00,
       2.5315441181928422e-01, -6.4589736167904566e-01,
       -4.8835355638347643e-02, 1.2525329836712919e+02,
       -7.2722989702420051e+01, -3.4762080284021650e+01,
       3.4683259661052446e+01, 2.0288001004089921e+01,
       -1.1923508281788978e+01, 2.8580270821284429e+01,
       -2.4786179789625864e+00, -2.6033837895576304e+00,
       4.9867311908724510e-01, -7.1868449635917625e-02,
       -2.6319120045068768e+01, 4.5204469468062321e+01,
       6.6967556203232164e+00, -4.0644864973383655e+01,
       -7.9845648422262805e+00, 1.5443238998844195e+00,
       -2.4786179789625864e+00, 1.7642976526406752e+01,
       -8.2235804898454656e-01, 4.5846491349213453e-01,
       -4.8729800602285267e-02, -6.7072009235710714e+00,
       7.5141936869342008e-02, -5.9467865449155188e-01,
       3.8847420767991938e+00, -2.1815147334674561e+00,
       2.5315441181928428e-01, -2.6033837895576308e+00,
       -8.2235804898454667e-01, 2.2239243423011557e+00,
       -2.8708592769808428e-01, -2.2164449959886683e-02,
       5.1053362165207874e+00, 9.8994508766550311e+00,
       -4.8535206516143126e-01, 8.6673564175168039e-01,
       1.2563171280530183e+00, -6.4589736167904566e-01,
       4.9867311908724510e-01, 4.5846491349213447e-01,
       -2.8708592769808428e-01, 6.1407143017077270e-01,
       -3.4880505969051394e-02, -4.9867987781375298e+00,
       1.1001931133412926e+00, 1.1505247120896818e+00,
       -1.0889131393161857e+00, -1.0118969395825825e+00,
       -4.8835355638347643e-02, -7.1868449635917625e-02,
       -4.8729800602285267e-02, -2.2164449959886683e-02,
       -3.4880505969051394e-02, 2.9653131595136113e-02,
       1.4629596606113653e+04, -7.3086703110443671e+02,
       9.3374777354690320e+02, 3.9527758079913804e+02,
       -4.2294017291129614e+02, 6.6254201664762627e+02,
