%YAML:1.0
means: !!opencv-matrix
   rows: 11
   cols: 13
   dt: d
   data: [ 1.3635778249893252e+02, -3.0550710442237797e+01,
       -3.2388769799707198e+01, 3.1122248565052587e+01,
       -1.9211524843956013e+01, 9.0929908237437758e+00,
       1.1550098901664180e-01, 3.1410993762709821e-01,
       -1.5986696755633939e-01, 3.5057891541835133e-02,
       1.5390318069843018e-01, -1.0723028975875591e-02,
       -3.4568734962145555e-04, -1.5473746667478673e+02,
       -1.3660434829431239e+01, 4.2016196585834763e+01,
       -2.6632029910767572e+00, -3.8054643281010869e+00,
       5.0432002946031513e+00, 7.1677813049101424e-01,
       1.2974564363602847e+00, -8.3299490588519953e-01,
       -3.8957969310025591e-02, -1.6920386329364025e-02,
       5.0252163370959951e-03, 3.1143857092169932e-03,
       4.9195927782606418e+01, -3.0439437661995763e+00,
       -6.0509550436338255e+00, 3.3606135043621026e+00,
       1.6100727294950815e+01, 3.3909842002809637e-01,
       7.0948784448347613e-01, -4.5188800474468405e-01,
       -3.7817756118420409e-01, 6.3258523770060540e-02,
       5.9086728321182409e-03, 2.1545905305134307e-02,
       2.6702900701913324e-03, 1.4949822252435965e+01,
       -8.6986877516529091e+01, -7.3323073569488348e-02,
       1.6780316095415085e+01, 2.7731205989089411e+00,
       -1.8232017540288641e+01, -3.8613534042825193e+00,
       1.7330065479805348e+00, 3.9937079001078279e+00,
       -1.8143515628716560e+00, -6.0459940028995053e-02,
       -6.7314258236100002e-02, -9.0335478039322223e-03,
       6.0160316132727161e+01, 1.1570791915720349e+02,
       -3.1530018393570501e+01, -4.2732083175454669e+01,
       -8.9223817210937852e+00, 1.6522769470969407e+00,
       1.7431181487259562e+00, -2.4959329786817450e-01,
       -2.8813425357784250e-01, -1.4091653537083473e-01,
       4.5393614899935562e-02, -2.7057615913029444e-02,
       4.1236646040279682e-03, -1.8290025909114794e+02,
       -1.7672500426106652e+01, 3.2506791113503624e+01,
       -1.2950773860997312e+01, -2.6365949623193532e+00,
       -5.0236740540002351e+00, -2.4577129198046901e+00,
       -2.2259506578913477e-01, 4.2479386768816374e+00,
       6.8610321342773217e-01, -1.6710491451668899e-01,
       -9.1241145244378874e-02, -3.7691183079281328e-03,
       5.9635613589693158e+01, 4.9085386382999026e+01,
       -3.6662100397049460e+00, -1.7778460196466884e+01,
       8.1370767226289757e+00, -6.6776239452498229e+00,
       -1.2407694234777187e+01, 1.4369740356775504e+00,
       7.6615077886267740e+00, 1.1999765658324020e+00,
       -3.8640952380003250e-02, 1.5107368640527769e-01,
       -7.5190078081570605e-02, -1.2032284757482429e+02,
       1.1361414584855797e+02, 1.0377381663752738e+01,
       -5.2229200667641173e+01, -1.0259807254754763e+01,
       1.1342631683654110e+00, 6.6680932113981983e-01,
       -3.4817268760189501e-01, -4.4281479716407152e-01,
       -2.1598757548235098e-01, 1.0934638276742074e-01,
       -3.7064182414332197e-03, 2.4335863105253816e-03,
       -1.7055410666113119e+02, -1.1727030036839007e+02,
       4.8077613457190267e+01, 4.1619819770198774e+01,
       -3.4526894820182889e+01, -4.3389541833760692e+00,
       -3.8915447649252308e+00, -1.0283984948575609e+00,
       -7.3287296692686843e-01, 1.6007427696912106e-02,
       1.2731206416779278e-01, 3.8406909167855365e-02,
       -6.6348913991838444e-03, -6.2874644570163429e+00,
       -2.6331538864992492e+01, -6.2394707985889464e-01,
       2.2951675128409168e+01, -8.7215295614026900e+00,
       1.3503283974118336e+01, 1.8763040420269723e+00,
       4.3387160089162081e-02, 1.2002423015094634e+00,
       1.0052357469184372e+00, 1.3794956009398601e-02,
       -1.3186100903568479e-01, 5.1574719492789569e-03,
       6.4364722755343360e+00, -3.0176751880654546e+01,
       -4.1606824606770108e+00, 8.1808748988327338e+00,
       -3.4922246380295019e+00, -1.0882350497200651e+01,
       2.9060568375939927e-01, -6.8035721943178051e-01,
       -1.4494233238769159e+00, 1.6425171509528344e-01,
       -2.3793634054465987e-01, 3.2933369732250357e-03,
       3.1328962934417909e-03 ]
