%YAML:1.0
means: !!opencv-matrix
   rows: 3
   cols: 20
   dt: d
   data: [ 6.4190532631685585e+01, -6.3309606936088434e+00,
       -1.4583680174724817e+01, 2.1253923467537987e+00,
       3.5784473353053312e+00, -1.6634797137492630e+00,
       6.5962766278269480e-01, 2.0321684393803327e-01,
       3.1278490299103939e-01, -1.5932206053140958e-02,
       4.5941583271147890e-02, 1.8948892338792721e-03,
       3.4918243716596064e-03, 1.0471510251260411e-03,
       8.2598163498975533e-03, 6.1989354921172866e-04,
       6.8821861685559589e-04, 5.3898070277376257e-04,
       4.0081150386606280e-04, -7.6321871772551441e-04,
       -1.3489888854685259e+02, -5.5000246940969557e+00,
       2.9757727054456502e+01, 5.9849594888208628e+00,
       -9.7742863989184539e+00, 1.1726276439366532e+00,
       4.6497414658441016e-01, 9.1756149286180488e-01,
       5.1229158154182308e-01, -1.0319226846045537e-01,
       -3.0505818708627886e-02, 9.0518892499093419e-03,
       1.9470692649843006e-03, -6.6865033444418200e-04,
       -9.2807418578863179e-03, -4.0653939427269230e-03,
       -5.3283342607532830e-05, 6.5051791818509206e-04,
       -1.2645970599138563e-03, 8.1941963613881095e-04,
       -1.3894016580628415e-01, 3.4561641605314740e+01,
       1.6577898538962548e+00, -1.9199976472873978e+01,
       4.1386658634017985e+00, 4.2609166871588791e+00,
       -3.3984963871161300e+00, -2.4788091061370294e+00,
       -2.1433213660596415e+00, 2.5405050235452092e-01,
       -1.2147580382781001e-01, -2.3913843162766912e-02,
       -1.7015571793592723e-02, -2.7421151028182681e-03,
       -1.4768138818825506e-02, 5.1686128520786502e-03,
       -2.5954625304020294e-03, -3.3326948053266580e-03,
       7.6083375645779423e-04, 1.5341875244448300e-03 ]
covs: !!opencv-matrix
   rows: 60
   cols: 20
   dt: d
   data: [ 8.0526559393681700e+03, 6.1415893327029846e+02,
       1.8692553915623141e+03, -1.8822420810393271e+02,
       -9.0973515865175966e+02, 2.8774304587921154e+02,
       -8.8686479034991621e+01, 2.2350062372587317e+01,
       1.6171048496276015e+01, -1.9742435929187374e+00,
       -1.8431287578594990e+00, -2.0353500272647099e-02,
       -4.0186783738554784e-02, -5.8300794365411114e-02,
       -2.8433582577105165e-01, -1.6564421131406556e-01,
       8.6690835046096579e-02, 1.4357686939169535e-02,
       5.5078881764480295e-02, 6.0749345304574681e-02,
       6.1415893327029846e+02, 8.2713182986265947e+03,
       -1.7794014422458781e+02, 7.3399959694492270e+02,
       4.0070719521515009e+01, -2.6423951818385308e+02,
       3.9708284479353082e+01, -1.5966953708170392e+01,
       2.4722269011954356e+00, -2.5550517879046839e+00,
       9.9102669926764175e-01, 5.4614033452144639e-01,
       4.5273584553801316e-02, 1.3511595196480389e-01,
       2.1816874657195814e-01, -6.7383975314399394e-02,
       -8.3016021632964551e-02, 1.9521264454148774e-02,
       4.1046400354986752e-02, -2.3037210720952783e-02,
       1.8692553915623141e+03, -1.7794014422458775e+02,
       2.8866644503379371e+03, 3.6591612460435734e+01,
       1.9207873195844928e+02, -6.3229583373825513e+01,
       2.9924741315039324e+01, -1.0531769378197728e-01,
       9.2594600106582159e-01, 3.4044003279827768e+00,
       7.8657951246907443e-02, -1.8814241439619245e-01,
       1.0148751327523255e-01, 4.1796247235759809e-02,
       1.5137102336115313e-01, -2.0376267120809095e-02,
       -2.5925464416114086e-02, 3.1392551842903435e-03,
       -1.5900074010057993e-02, -3.9276963254243319e-02,
       -1.8822420810393271e+02, 7.3399959694492270e+02,
       3.6591612460435734e+01, 2.2716968871045829e+03,
       1.6434058602156398e+01, 1.3123497392113279e+02,
       -1.4346055625206697e+01, 1.6261737320238570e+01,
       -6.6621452802877879e-01, -3.3397919375628145e+00,
       -3.9954770793983002e-01, -2.1176156131843121e-01,
       -1.9859317597013586e-02, -1.0999012914926727e-01,
       -1.3156911080717221e-01, 1.9820156229578147e-02,
       3.9308028681645159e-02, -6.1787145069365432e-03,
       -1.0372215029989663e-03, 1.5774893739113442e-02,
       -9.0973515865175966e+02, 4.0070719521515031e+01,
       1.9207873195844920e+02, 1.6434058602156384e+01,
       4.5807918419756408e+02, 6.0176135239075279e+01,
       -3.7254699053154154e+00, 9.4186092653684241e+00,
       4.3456877671237333e+00, 2.5338794059625708e-01,
       1.5897507398703072e-02, -2.2466271638099524e-02,
       2.5894721450678001e-02, 2.4371709906806972e-02,
       6.4710342019659056e-02, -3.3325054977340479e-02,
       -2.2068483108645735e-02, 1.5074093857938727e-03,
       6.9406403723373516e-03, -7.2350097738163848e-03,
       2.8774304587921159e+02, -2.6423951818385308e+02,
       -6.3229583373825527e+01, 1.3123497392113279e+02,
       6.0176135239075272e+01, 2.2168004792716536e+02,
       6.6835035759207466e+00, 7.3866085915336310e-01,
       -8.4663566417117841e-01, -6.3012818660623593e-01,
       1.6564589041388744e-01, 3.6617241458555876e-02,
       3.4692220186043859e-03, -3.9688542883264879e-04,
       -3.3419101114496301e-02, -3.1324610128283192e-02,
       -7.4584231785583405e-03, -1.5828285637222801e-03,
       1.5103860512414692e-02, 6.3557427458108533e-03,
       -8.8686479034991621e+01, 3.9708284479353090e+01,
       2.9924741315039324e+01, -1.4346055625206697e+01,
       -3.7254699053154146e+00, 6.6835035759207457e+00,
       2.2842549276752461e+01, -2.7686380853987140e+00,
       -2.8428922298152650e+00, 2.7562979728613513e-01,
       3.4874943406666067e-02, 4.4475504527375746e-02,
       -2.9520435808133228e-02, 7.7860968866937429e-03,
       1.0777958507013899e-03, 1.8260156019076913e-03,
       2.2560598441303450e-03, -2.7866401662825172e-03,
       -3.6754141558817690e-03, 1.1528439148139169e-03,
       2.2350062372587317e+01, -1.5966953708170385e+01,
       -1.0531769378197765e-01, 1.6261737320238566e+01,
       9.4186092653684241e+00, 7.3866085915336266e-01,
       -2.7686380853987149e+00, 1.4899264352677481e+01,
       -2.0835887033482576e+00, 6.1828493763303460e-01,
       -4.3332401016179738e-02, -1.6894273154137832e-02,
       -1.2837600044780198e-02, 1.9771786259294480e-03,
       3.1221703380321314e-03, 5.9292793805859100e-03,
       8.1932431528431682e-05, -7.0708885295284424e-04,
       2.8853991860186739e-03, 2.1991706450327801e-03,
       1.6171048496276015e+01, 2.4722269011954352e+00,
       9.2594600106582103e-01, -6.6621452802877801e-01,
       4.3456877671237333e+00, -8.4663566417117797e-01,
       -2.8428922298152650e+00, -2.0835887033482576e+00,
       1.5071802332219773e+00, -1.0925466629614684e-01,
       -3.2774684297499336e-02, 1.6715639563589840e-04,
       -1.7037006954348184e-02, -4.4616278935448155e-03,
       -1.7801081897270152e-03, -1.8388760264753596e-03,
       -1.5375694248911660e-03, -3.2597644902877549e-04,
       2.3704941461890266e-04, 9.4039596269819125e-04,
       -1.9742435929187390e+00, -2.5550517879046830e+00,
       3.4044003279827768e+00, -3.3397919375628145e+00,
       2.5338794059625680e-01, -6.3012818660623582e-01,
       2.7562979728613513e-01, 6.1828493763303438e-01,
       -1.0925466629614683e-01, 3.1476422206149957e-01,
       1.1518856741307688e-02, 1.5568835701040295e-03,
       9.6628922570723952e-04, -1.1540084760766980e-02,
       6.7223420970128950e-04, 4.5625954013979225e-04,
       -1.8198950255303959e-03, 1.1142405733101572e-05,
       -6.3040567103424462e-05, 1.1259010987938244e-04,
       -1.8431287578594990e+00, 9.9102669926764198e-01,
       7.8657951246907457e-02, -3.9954770793983002e-01,
       1.5897507398703086e-02, 1.6564589041388747e-01,
       3.4874943406666060e-02, -4.3332401016179731e-02,
       -3.2774684297499329e-02, 1.1518856741307690e-02,
       1.8979760058570098e-02, -2.7711511695584397e-03,
       2.5520677484443976e-04, -5.4177952512050485e-04,
       -7.8101529218070457e-04, 1.7269201612274090e-04,
       -5.8540863742772176e-04, -3.5103338250503730e-05,
       3.2136971362763945e-06, -1.2364257251818323e-05,
