%YAML:1.0
means: !!opencv-matrix
   rows: 8
   cols: 7
   dt: d
   data: [ -1.6898727439982861e+02, 6.7461484834066226e+01,
       3.7013490736427663e+01, -4.0023213238266571e+01,
       -1.2650144157099342e+01, 3.9869580678344816e+00,
       -1.6997335926665980e+00, 9.0222282237702260e+01,
       2.3976170989289432e+01, 2.9315390470178059e+01,
       -1.0843146140491717e+01, 1.9542980718503888e+01,
       7.6451244892556047e-01, 1.6787116916970277e+00,
       -4.1421584230395155e+01, -1.5037516939992088e+01,
       8.6759661750304389e+00, 1.2100559942466742e+01,
       2.4625542878689732e+01, -7.2085449603132892e+00,
       3.6585586861169889e-01, 4.4653744765249790e+01,
       2.1312419756232014e+01, -2.0431730498998501e+01,
       -1.2438603958054118e+01, 3.2192085241683701e+00,
       8.6698655367161215e-01, -1.3380293611400491e+00,
       1.4485553676257504e+02, -9.1622035200316132e-01,
       -4.0662838623631337e+01, 3.5310121088329782e+00,
       -5.8579394955127615e+00, 1.2320603663618449e+01,
       -2.5243397497395759e-01, 8.1716848675787290e+01,
       1.6013409959695622e+01, -2.3562048187238830e+01,
       -3.2579966159015299e+01, -2.6131084686928325e+01,
       -1.9859964770692514e+01, 1.0010473215374609e+00,
       -1.6057701350757949e+02, -5.6632638635973599e+01,
       3.3213139541731600e+01, 3.8405410238174881e+01,
       -9.3175511775099267e+00, 3.7184014009553348e+00,
       5.0710271260019879e-01, 4.2221285617817628e+01,
       -9.3030055231981279e+01, -1.3552877035788619e+01,
       5.9916593397573152e+01, -3.9711258085707772e+00,
       1.9396586904806290e+00, 1.8609656790378075e+00 ]
covs: !!opencv-matrix
   rows: 56
   cols: 7
   dt: d
   data: [ 7.2073161438002535e+03, 3.4786651354220817e+02,
       2.8086183621398336e+03, -5.8285257837005808e+01,
       3.0454940215572657e+02, -2.7289213777607296e+02,
       1.0264724051572421e+02, 3.4786651354220817e+02,
       7.8807637315947750e+03, -1.5634286978260775e+02,
       1.4834425169300171e+03, -3.3593436119034220e+02,
       6.9332680802343646e+02, -1.1846875152946990e+02,
       2.8086183621398336e+03, -1.5634286978260792e+02,
       2.5114987659991366e+03, 1.1651414855088171e+02,
       -7.9797928449908923e+01, 7.4453119835915686e+01,
       -2.0105103311766058e+01, -5.8285257837005787e+01,
       1.4834425169300171e+03, 1.1651414855088171e+02,
       1.5442013406136714e+03, 1.3477016028152181e+02,
       -2.6563025426222072e+02, 4.6859842816034892e+01,
       3.0454940215572657e+02, -3.3593436119034220e+02,
       -7.9797928449908923e+01, 1.3477016028152181e+02,
       1.9441958248912636e+02, -1.1228072360620988e+02,
       2.4454567959069234e+01, -2.7289213777607301e+02,
       6.9332680802343657e+02, 7.4453119835915672e+01,
       -2.6563025426222066e+02, -1.1228072360620988e+02,
       4.2629131509192177e+02, -3.2884967792953269e+01,
       1.0264724051572423e+02, -1.1846875152946990e+02,
       -2.0105103311766065e+01, 4.6859842816034892e+01,
       2.4454567959069234e+01, -3.2884967792953269e+01,
       3.6563807109742797e+01, 3.7689401729857350e+03,
       3.1097066272547926e+02, 7.2600699240820222e+02,
       9.4996464039401161e+01, -5.9658930159866611e+02,
       1.6664024347988999e+01, -6.9756344849035315e+01,
       3.1097066272547949e+02, 7.3666936331420175e+03,
       -1.8697708525224715e+02, 1.1115186884923014e+03,
       -5.7418405499410845e+01, -3.6771555908842305e+02,
       4.1452083337177228e+01, 7.2600699240820222e+02,
       -1.8697708525224715e+02, 1.3928875974208554e+03,
       -4.3561457627860619e+01, 2.0762022906561589e+02,
       -1.0673397611346631e+02, -2.0960964419626848e+01,
       9.4996464039401204e+01, 1.1115186884923014e+03,
       -4.3561457627860641e+01, 1.7896776587792742e+03,
       -9.5411902754193619e+01, 1.7273624805857810e+02,
       -2.2016821303346251e+01, -5.9658930159866611e+02,
       -5.7418405499410845e+01, 2.0762022906561589e+02,
       -9.5411902754193633e+01, 2.6534200105545693e+02,
       -3.3540587994059116e+01, -1.6673841223873627e+01,
       1.6664024347989010e+01, -3.6771555908842299e+02,
       -1.0673397611346628e+02, 1.7273624805857810e+02,
       -3.3540587994059116e+01, 1.7674571534342516e+02,
       7.8631514464964010e+00, -6.9756344849035315e+01,
       4.1452083337177243e+01, -2.0960964419626844e+01,
       -2.2016821303346244e+01, -1.6673841223873627e+01,
       7.8631514464964010e+00, 1.8521951534470023e+01,
       4.7066583591961971e+03, 1.6710107014969472e+02,
       2.5060543830534098e+03, 2.1460132690938431e+02,
       -3.6011295599416066e+01, 1.6299727813480499e+02,
       -1.0188811306977088e+01, 1.6710107014969486e+02,
       8.5679169569106143e+03, -5.2157732679674837e+02,
       8.4226981150027041e+02, 3.0736680725318109e+02,
       -1.8366987707553324e+02, 4.5726050075888161e+01,
       2.5060543830534098e+03, -5.2157732679674825e+02,
       2.6984272949948108e+03, 1.5260727680979051e+02,
       -2.6954887443621260e+02, -8.7650430529794960e+01,
       -8.3987465047730190e+00, 2.1460132690938431e+02,
       8.4226981150027041e+02, 1.5260727680979056e+02,
       2.0660218275197876e+03, -2.6008541022458820e+02,
       3.1085046859815769e+01, -3.8708363534175234e+01,
       -3.6011295599416080e+01, 3.0736680725318109e+02,
       -2.6954887443621260e+02, -2.6008541022458820e+02,
       1.7914307521236378e+02, 1.3094868261169072e+01,
       -2.2207724491436480e+01, 1.6299727813480499e+02,
       -1.8366987707553326e+02, -8.7650430529794974e+01,
       3.1085046859815769e+01, 1.3094868261169074e+01,
       1.2652774840518113e+02, 1.8836225072483067e+01,
       -1.0188811306977088e+01, 4.5726050075888146e+01,
       -8.3987465047730119e+00, -3.8708363534175234e+01,
       -2.2207724491436487e+01, 1.8836225072483064e+01,
       3.3344570350765608e+01, 6.8540303265115890e+03,
       -3.7172895399802337e+02, 2.2718067849818494e+03,
       3.8440897619236603e+02, -4.1233149228606203e+02,
       1.3984249450458984e+02, -1.7329807880210655e+02,
       -3.7172895399802354e+02, 1.0674661037606953e+04,
       1.9701112601947710e+02, -1.4612955064468764e+02,
       3.9676676404154534e+02, -1.1673394511207624e+02,
       9.1523906912284289e+01, 2.2718067849818494e+03,
       1.9701112601947696e+02, 2.7847691397073922e+03,
       -1.8758622142346820e+02, -5.8671315730043814e+00,
       1.7062141113768025e+01, 2.0578045948952735e+00,
       3.8440897619236603e+02, -1.4612955064468764e+02,
       -1.8758622142346820e+02, 2.6202382985978988e+03,
       -2.3077383904686744e+02, 7.9938310500000469e+01,
       -4.9985899218138293e+01, -4.1233149228606203e+02,
       3.9676676404154534e+02, -5.8671315730043769e+00,
       -2.3077383904686744e+02, 3.0684579807914702e+02,
       6.6483537042020430e+01, -5.8503983166548759e+00,
       1.3984249450458984e+02, -1.1673394511207624e+02,
       1.7062141113768025e+01, 7.9938310500000483e+01,
       6.6483537042020458e+01, 2.4758963927362097e+02,
       -1.4641484095560484e+01, -1.7329807880210643e+02,
       9.1523906912284289e+01, 2.0578045948952761e+00,
       -4.9985899218138286e+01, -5.8503983166548776e+00,
       -1.4641484095560484e+01, 4.0846175679705226e+01,
       4.8869852442496795e+03, 2.5896813232334864e+02,
       2.8737758733583787e+03, -1.2902568878052730e+02,
       -1.6384231486520557e+02, -1.0730852418053043e+02,
       -6.7442742581352533e+01, 2.5896813232334853e+02,
       6.5531505719172155e+03, -1.9946529973419521e+02,
       1.7593947090901986e+03, -9.8348375752428879e+01,
       -7.6481360506474402e+01, 2.8379167513818626e+01,
       2.8737758733583787e+03, -1.9946529973419524e+02,
       2.5248918402792060e+03, 1.1109055677843692e+02,
       -8.2863576973794011e+01, 5.0090261258096675e+01,
       2.7255738979142471e+01, -1.2902568878052736e+02,
       1.7593947090901991e+03, 1.1109055677843693e+02,
       1.5820166548016025e+03, -1.6624092225698526e+01,
       -9.3906101258520849e+01, -8.5757972596359746e+00,
