%YAML:1.0
means: !!opencv-matrix
   rows: 3
   cols: 12
   dt: d
   data: [ 4.8781627994257036e+01, 1.3884044383687952e+01,
       -1.0661809999123072e+01, -1.0471112153434166e+00,
       4.6425789013823007e+00, 3.5607914024332770e+00,
       1.0611184851541178e+00, -1.2486088340929231e-01,
       -3.0836380821099996e-01, -1.3304248283644602e-02,
       2.3141204980681784e-02, 5.6497612819161602e-03,
       2.9295964602499058e+01, -9.1589882498491434e+01,
       -5.7225588613978413e+00, 3.1879315162186050e+01,
       -2.1465059974422665e-01, -1.4666000085605379e+01,
       -1.3759083371654306e+00, 3.0939853207378765e-01,
       5.3850689296892806e-01, -6.3123396962667544e-01,
       -1.4001236113764653e-01, -5.5665938758488777e-02,
       -1.4036601588352173e+02, -3.5257259630913387e+00,
       3.0425128374992422e+01, -8.8369681993816336e+00,
       -1.2264782807855946e+01, -4.1288860511160701e+00,
       -2.3201113571439773e+00, 2.1943532222265097e-01,
       6.2732270579846294e-01, 2.7312171484070319e-01,
       -1.1124177192840453e-02, 4.8630184594622324e-03 ]
covs: !!opencv-matrix
   rows: 36
   cols: 12
   dt: d
   data: [ 1.1103714961485657e+04, -1.1407867780363802e+03,
       1.2802246577538644e+03, 1.1961659222536541e+02,
       -9.0738201021603948e+02, -2.9906322712718003e+02,
       -9.7690455047008996e+01, 1.0083560758651226e+01,
       -2.8696332131461276e+01, 3.4253249865900748e+00,
       -8.9055128019995500e-01, -2.6768521402134576e-01,
       -1.1407867780363806e+03, 1.0679238501821195e+04,
       2.9359023831084193e+02, 4.1852020662378385e+02,
       -2.8634548385299325e+02, -3.7574719231500626e+02,
       -4.1362088869570393e+01, -1.5496503756326289e+01,
       -1.2334923467192603e+01, -1.1792879834804985e+01,
       -1.3532975978191106e+00, -6.7398363641981962e-01,
       1.2802246577538647e+03, 2.9359023831084193e+02,
       3.0198807872867037e+03, -6.8579495080288339e+01,
       2.2277377612705271e+02, 8.1581041946309909e+01,
       2.7774271402405628e+01, -1.5314210216737951e+00,
       4.6717029885554089e+00, 1.2711449100671259e+00,
       1.5645670364094241e-02, -8.9172449630712344e-02,
       1.1961659222536549e+02, 4.1852020662378391e+02,
       -6.8579495080288368e+01, 2.7588001893894825e+03,
       3.5095810197286646e+01, 7.9783155633381767e+01,
       2.6493467525375780e+00, 1.1205827359947174e+01,
       6.3214739817138863e+00, 3.5621499686061697e-01,
       5.6644572257449788e-01, 2.1072343254597764e-01,
       -9.0738201021603948e+02, -2.8634548385299325e+02,
       2.2277377612705283e+02, 3.5095810197286646e+01,
       4.5691489928379553e+02, -5.2171002187844422e+01,
       -1.1026179402086736e+01, -6.4766546426041485e+00,
       -5.0478503106918096e+00, 8.5928976646901378e-01,
       9.9333748276596731e-02, 6.2409127900811247e-02,
       -2.9906322712717991e+02, -3.7574719231500632e+02,
       8.1581041946309881e+01, 7.9783155633381767e+01,
       -5.2171002187844422e+01, 2.1760359717993799e+02,
       -9.7941154857328758e+00, 1.1385455109732747e+00,
       3.6419514530769632e+00, -1.8718850757813807e+00,
       -1.0722308803603510e-01, -1.7933166265963518e-01,
       -9.7690455047008996e+01, -4.1362088869570393e+01,
       2.7774271402405635e+01, 2.6493467525375807e+00,
       -1.1026179402086740e+01, -9.7941154857328740e+00,
       2.3434514038515211e+01, 5.1491388246733982e-01,
       3.4179759197316382e+00, 1.5997669461202177e-01,
       -2.9085379759613530e-02, 5.1662702929966386e-02,
       1.0083560758651220e+01, -1.5496503756326296e+01,
       -1.5314210216737936e+00, 1.1205827359947174e+01,
       -6.4766546426041485e+00, 1.1385455109732743e+00,
       5.1491388246734016e-01, 1.4585622325052970e+01,
       -9.1452237362761257e-01, 5.6685228587273340e-01,
       -9.5465274055639444e-03, -4.2382541224800386e-03,
       -2.8696332131461276e+01, -1.2334923467192603e+01,
       4.6717029885554071e+00, 6.3214739817138854e+00,
       -5.0478503106918096e+00, 3.6419514530769623e+00,
       3.4179759197316382e+00, -9.1452237362761257e-01,
       1.2624509439573528e+00, 3.6209207419711939e-02,
       2.3337188268599734e-02, 1.6820562610536254e-02,
       3.4253249865900757e+00, -1.1792879834804987e+01,
       1.2711449100671255e+00, 3.5621499686061719e-01,
       8.5928976646901400e-01, -1.8718850757813807e+00,
       1.5997669461202174e-01, 5.6685228587273329e-01,
       3.6209207419711925e-02, 3.0516566837246467e-01,
       1.9877651342591146e-02, 7.3198400035160978e-04,
       -8.9055128019995500e-01, -1.3532975978191106e+00,
       1.5645670364094238e-02, 5.6644572257449777e-01,
       9.9333748276596648e-02, -1.0722308803603511e-01,
       -2.9085379759613537e-02, -9.5465274055639478e-03,
       2.3337188268599738e-02, 1.9877651342591150e-02,
       2.8263972205042922e-02, -8.7079353030811602e-04,
       -2.6768521402134565e-01, -6.7398363641981962e-01,
       -8.9172449630712330e-02, 2.1072343254597764e-01,
       6.2409127900811247e-02, -1.7933166265963515e-01,
       5.1662702929966373e-02, -4.2382541224800386e-03,
       1.6820562610536258e-02, 7.3198400035160956e-04,
       -8.7079353030811613e-04, 1.9681333566081505e-03,
       8.4436864213219342e+03, 4.0118535063643628e+02,
       2.1849278704394587e+03, -9.7833993332646241e+02,
       -5.9991890503184504e+02, 1.7079367053273710e+01,
       -6.7832418365155007e+01, 8.5569598849406709e+00,
       8.6976116592144574e+00, 5.4923071816813263e+00,
       3.3219175784107907e-01, 1.3968891590009275e-02,
       4.0118535063643606e+02, 1.4897217973039868e+04,
       -4.4804057307200043e+02, -3.0181433410092973e+02,
       -1.2472303678396794e+02, 5.5803991633558917e+02,
       4.1217306942459466e+01, 1.2929721215943130e+02,
       5.1807054995252578e+01, 4.3821531530018504e+01,
       -6.2565376456299946e+00, 7.1759309461740051e-01,
       2.1849278704394583e+03, -4.4804057307200043e+02,
       2.8454774025305092e+03, 3.8121637334828296e+02,
       1.5977237737872613e+02, -6.2266637432564352e+01,
       8.6557940136395448e+00, -1.0891584996352837e+01,
       1.2140576298701234e+01, -9.2915726715948175e+00,
       1.2368885872356483e+00, -1.8225358930679356e-01,
       -9.7833993332646241e+02, -3.0181433410092973e+02,
       3.8121637334828296e+02, 2.8939874601588162e+03,
       9.2644018964105030e+01, -7.3017805601201118e+01,
       4.9643176144436953e+00, -7.7840170305682776e+01,
       -3.5738141362695124e+01, 1.8720048980129324e+01,
       8.1322315179979632e-01, -7.3104793275144275e-01,
       -5.9991890503184504e+02, -1.2472303678396791e+02,
       1.5977237737872613e+02, 9.2644018964105030e+01,
       3.0705691443109708e+02, 1.4105546537767994e+01,
       -5.4550399249282169e+00, 1.4767312057849066e+01,
       1.1055132609597022e+01, -3.6242965455497123e+00,
       2.2366130499956807e+00, -7.3917362699788636e-01,
       1.7079367053273717e+01, 5.5803991633558917e+02,
       -6.2266637432564380e+01, -7.3017805601201147e+01,
       1.4105546537767994e+01, 2.7207920672187521e+02,
       1.0293017825780602e+01, -1.1665759258631420e+01,
       -5.6493345508625659e+00, 1.0017239683162934e+01,
       -2.5367116496176170e+00, 3.9368726297951834e-01,
       -6.7832418365155007e+01, 4.1217306942459466e+01,
       8.6557940136395430e+00, 4.9643176144436918e+00,
       -5.4550399249282142e+00, 1.0293017825780602e+01,
       2.8735810682864507e+01, -4.3363226384407447e+00,
       1.8865587973244982e-01, 2.4375784018441236e+00,
       -3.8530036162222053e-01, 5.5357105620173118e-02,
       8.5569598849406709e+00, 1.2929721215943130e+02,
       -1.0891584996352831e+01, -7.7840170305682761e+01,
       1.4767312057849066e+01, -1.1665759258631416e+01,
       -4.3363226384407438e+00, 2.6134134170889833e+01,
       8.1199716307441019e+00, -4.3728483160883691e+00,
       3.1073030637097460e-01, -6.6210074391881549e-02,
       8.6976116592144610e+00, 5.1807054995252578e+01,
       1.2140576298701236e+01, -3.5738141362695124e+01,
