%YAML:1.0
means: !!opencv-matrix
   rows: 22
   cols: 11
   dt: d
   data: [ 2.0291488100820708e+01, 6.1859822455888462e+01,
       3.9332199962665340e+00, -3.8502122653253259e+01,
       2.8383766054134121e+01, -1.2691501905588014e+01,
       2.5384414943057889e+00, 1.2223195205729933e+00,
       4.3508650200515775e-01, 1.4341160511597764e-01,
       1.5899525390740053e-02, 1.7332453450184069e+01,
       -6.8733346881936626e+01, -2.4861047509490311e+00,
       4.2472167986911217e+01, 1.2136769170179312e+01,
       4.9142076195227160e+00, 4.4193789287203805e-01,
       -1.4184038856538689e-01, 5.8241262790174331e-01,
       4.9330654831118176e-02, 7.1058637282787718e-02,
       -7.6715318467405211e+01, 8.1158139400496808e+01,
       2.3543239610004910e+01, -4.9376609382715515e+01,
       1.9674292405734908e-01, 1.8838444137277719e+01,
       -4.6518907395573317e+00, -1.5845642541812002e+00,
       2.5209851697047631e-01, -4.6528062507371276e-01,
       -1.9615030329728689e-01, 3.3346396250989933e+01,
       1.4863825639676955e+02, -2.1509390695738677e+00,
       -8.0648228336547007e+01, 2.0766095458562752e+01,
       1.0120434410894683e+01, 8.9331914692485748e-01,
       2.5023955810930536e+00, 1.9147197399949369e+00,
       6.7478929337253613e-01, -5.3860813021684724e-02,
       3.5413071354046750e+01, -9.7055383438202782e+01,
       -1.0081282542220782e+01, 6.8081316182592701e+01,
       -4.1844120646408509e+00, -1.0627283198663908e+00,
       2.0960104989804749e+00, -3.6334964001015796e-01,
       -4.6928199455461103e-02, -1.3430636823257922e-01,
       1.6096287099973849e-02, -1.3251649361666529e+02,
       -9.6851808930678061e+01, 2.8723279182195622e+01,
       6.4545772117019325e+01, -1.3758657015857695e+01,
       -2.2204841610182728e+00, 8.3895315776611867e-01,
       -1.0859214300544628e+00, 5.5875871458216275e-01,
       -1.8429194209658745e-01, 6.1519311580311542e-02,
       -1.9931879914848412e+02, 9.2575612675199167e+01,
       4.2565693479113932e+01, -5.0048164173964715e+01,
       -2.3932153509915736e+01, 1.6224741288132098e+01,
       -3.8297626341848696e+00, 1.6393960765924815e+00,
       8.1663030206070286e-01, -2.6460648785522012e-02,
       6.8859038137085063e-02, -1.2702787381842322e+02,
       2.9074525379925255e+01, 3.2986602604262004e+01,
       -2.1170982859408191e+01, 2.0904392852191918e+00,
       -1.4226449350071295e+01, 2.3503000594995047e+00,
       7.4598085787917023e-01, 7.6012829469145116e-02,
       -1.8747308160662911e-02, 1.6173790246594259e-03,
       1.2700916959591841e+02, -8.2072829566721198e-02,
       -3.6379636469669016e+01, 4.7161780236753339e+00,
       -5.0666801556120697e+00, 1.0670703196573974e+01,
       -2.1860437195544500e+00, 1.0717227734757968e+00,
       4.3197382893337583e-01, 2.0880250490644903e-01,
       2.7445367101487611e-01, -3.1059528373089499e+01,
       2.9960891431180707e+00, 1.2066950164163325e+01,
       -9.0455107153765812e+00, 1.5622342956868083e+01,
       -1.2718727729849324e+01, 1.5897634987002081e+00,
       5.1024970078389942e-01, 2.0681450714076643e-01,
       1.0702070119389874e-01, 8.4922299548463726e-02,
       1.4758209355163839e+02, -1.0438207177856686e+01,
       -4.0687706701172566e+01, 9.4660254786250917e+00,
       -5.4780129766553554e+00, 1.2567240330211193e+01,
       -3.8605785885769467e-01, 1.1137172420636707e+00,
       3.0159513075653338e-01, -1.8556315089771305e-01,
       1.2567988585603592e-02, -1.8893407280084384e+02,
       1.5232392141442165e+01, 3.5684018023476575e+01,
       -8.0115440223219032e+00, -3.8971890670505629e+00,
       3.7749180774975941e+00, -3.0413609134428334e+00,
       -6.6262246498311352e+00, -2.5828584995976041e+00,
       9.3093198679551048e-01, -1.4223871287250778e-01,
       2.7624170827269793e+01, 2.2852044606707668e+01,
       4.1003240094694773e+00, -1.7354589012350488e+01,
       1.1963797335264950e+01, -2.6257644414251882e+00,
       -5.5695975869258225e+00, -3.0515740466061070e+00,
       -5.1762403624948981e+00, -1.2217625682227056e+00,
       -1.9609140778835621e-01, -5.8516704242857870e+01,
       -1.6960642564196139e+01, 3.0415761172185313e+01,
       3.3021428059628064e+01, 1.7571569587890966e+01,
       -1.2876119181277350e+01, -7.8264673753593508e+00,
       -5.3321901891206007e+00, -4.4202730650422524e+00,
       1.6678680320367332e+00, 9.3633644797226093e-02,
       8.1714333915765920e+01, 1.5597484243850069e+01,
       -2.4004269809011777e+01, -3.2252357096624650e+01,
       -2.6524003459025597e+01, -1.9673444567222056e+01,
       8.9704813309631770e-01, -2.3389742884395424e+00,
       2.0383823909299534e-01, -3.2678685034006852e-02,
       1.0581842675406260e-01, 1.1214244426804213e+02,
       3.3918708869171958e+01, -3.0734350853405861e+01,
       -1.8676962308999116e+01, -5.6975835505572086e+00,
       -2.0877394917852592e+00, 3.6940716358821790e-01,
       1.1388173477307104e+00, 5.0872693816288794e-01,
       -3.3001552291633471e-03, -7.1002096668373427e-02,
       -2.0630241015481320e+02, -2.4949568778525709e+01,
       4.2854788005827920e+01, 1.8332516799625115e+01,
       -1.6211478524983921e+01, 7.7967426267226605e+00,
       -1.1059660198583037e+00, 6.1215395903839209e-01,
       7.6147432761005307e-01, -3.1938673684208246e-01,
       6.7043818820666123e-02, 1.3456437363627217e+02,
       -1.4898252996822560e+01, -2.7245167964550401e+01,
       1.6975683707250202e+01, -8.2216350328776127e+00,
       1.8458409377880880e+01, -9.3152628981943071e+00,
       -8.8705879582860603e-01, -4.6891565858449864e+00,
       1.6147922088885964e+00, 8.3220849950808529e-02,
       4.2086948931199736e+01, -6.3275281877884404e-01,
       -3.6212837395639017e+00, 6.6902861315371718e+00,
       2.2906175050925174e+01, 5.1903147843197663e+00,
       5.5988690900561711e-01, 9.7994480125654893e-01,
       2.5835382601539114e-01, -5.6237456065166010e-02,
       6.8186303687596149e-03, -2.0468006579727003e+01,
       -5.8962719800039388e+01, 1.3635406197104807e+00,
       3.6719943170391517e+01, -2.5900979112541216e+00,
       -2.4353164079076819e-01, 1.7237071228713245e+00,
       1.0126473998924994e+00, 4.6290978033027591e-01,
       1.0419417053621254e-01, -2.0158225841110830e-01,
       -1.4637286987020141e+02, -2.7727885240438187e+01,
       3.8174767580612986e+01, 2.1948781220739232e+01,
       -2.8743332097516472e+00, 7.2432783223356312e+00,
       1.9623253964262359e+00, 2.0996038519159708e+00,
       5.5318151096167034e-01, -2.2731028704971878e-01,
       -2.1248073228900519e-01, 1.6215551564190341e+02,
       2.7525036675742935e+01, -4.3673884299095221e+01,
       -3.4968867907012317e+01, -9.6226737069778565e+00,
       1.2732770872828537e+01, 6.6681302385851726e-01,
       -3.9181759936868277e+00, -1.7749016686808359e+00,
       -3.1689086104270642e-01, -2.4737994733730748e-01 ]
