%YAML:1.0
means: !!opencv-matrix
   rows: 26
   cols: 6
   dt: d
   data: [ 4.7212530839229041e+00, -3.8210446010792566e+01,
       1.2558432215611180e+01, 8.7339816137933486e+00,
       3.7544847441607232e+01, -2.5583839505336594e+00,
       -2.3328981857019382e+01, 8.5301239159972297e+01,
       -1.5633446862459483e+01, -3.4600075524149311e+01,
       1.7189107752690461e+01, -3.6719209620946618e+00,
       -1.8880786818230658e+02, -5.6429510743991692e+01,
       1.5217930644063349e+01, -5.1493469155989288e+01,
       -4.1965089819917090e+00, -2.7541594513569114e+00,
       1.0197674994561702e+02, -3.3717028057108365e+01,
       2.9178088149551701e+01, -8.3260227416446817e+00,
       9.2852721506327374e+00, 4.6361916989066003e+00,
       1.6070716316720222e+01, 3.9601570932237934e+01,
       -2.4177701115926929e+01, -1.0788865349293310e+01,
       -1.3234800468354599e+01, -6.4984117592143429e+00,
       -1.8251925312629147e+01, -9.6387788058531271e+01,
       -5.4046941880323821e+01, -2.4320151621174166e+01,
       1.6960138342585989e+01, 5.6082946983576738e+00,
       2.6337883744186360e+01, 9.6568597518871670e+01,
       2.5677925200896606e+01, 4.2152204680724800e+01,
       1.7308612751563444e+01, -1.4960729285981023e+00,
       1.6537010039304297e+02, 2.0146953062740227e+01,
       -5.1631511427818111e+01, 1.7321405325712732e+01,
       -1.1863089356438499e+01, -9.0791720674448442e+00,
       -5.7721355305970746e+01, 7.4034385840414965e+00,
       9.8136932378499637e+01, -2.0206795060292926e+01,
       2.0002065356088381e+00, 4.6354110719674519e+00,
       -3.9294742361124735e+00, -1.0281827604598276e+02,
       1.5814340088766684e+01, 3.1768580149215296e+01,
       1.9734987845402163e+00, -1.8166286233388402e+00,
       1.0157437449966953e+02, -3.0604227725163145e+01,
       -1.8093487234064789e+01, 3.6661688066489859e+01,
       -2.8132837778167232e+01, 2.7389963899266679e+01,
       -3.8933173622056664e+01, 2.3723818610366894e+01,
       -4.8239747847846914e+01, 4.2821066125447615e+01,
       1.7617475817290455e+01, 2.9357806072933244e+00,
       -1.1523185409702575e+02, -7.0831183578860873e+01,
       8.8087594207600191e+01, 1.3081076891764839e+01,
       -2.4193285550027536e+01, 6.9042921156663724e+00,
       -1.9212144925674539e+02, 6.8791786846743534e+01,
       3.4310785026425357e+01, 1.3730055792289399e+01,
       -3.6720434678955729e+00, -4.9687134768588770e+00,
       1.8117433100007065e+02, 5.4656963322942964e+01,
       3.3504242587718679e+01, -2.8040264974462783e+01,
       -1.0953589997262137e+01, -3.3310077606917488e+00,
       9.7063505564537749e+01, -5.4873607955287333e+01,
       -2.5170882047104790e+01, 3.7387640292087063e+01,
       -2.6300269527463648e+01, 2.0554478025893825e+01,
       1.1318873728980168e+02, -2.4206845322658406e+01,
       -3.4595143346732101e+01, 1.9756824492866560e+01,
       -9.5795037027159164e+00, -9.4946835719523044e+00,
       -1.2955174061797564e+02, 1.0653604505436702e+02,
       3.6488789242571533e+00, -5.3244553819768058e+01,
       -9.8726816567789211e+00, 5.8611415264395639e-01,
       -1.2850924206749821e+02, -4.0924580607321005e+01,
       2.3992522655485519e+01, 2.3835835706657225e+01,
       1.5886322838242672e-01, 1.8112607781382795e+01,
       -3.0220003429766006e+01, 1.2590301217852156e+02,
       -1.5247459759932440e+01, -6.1300360700693773e+01,
       -1.5395292169064495e+01, 8.9512264975100542e-01,
       1.3492176700970059e+01, -1.6644788277452412e+02,
       1.9007638191236442e+01, 6.0726374085259565e+01,
       1.6431806592187570e+01, -1.0470403232623470e+01,
       6.1185032908213508e+01, -7.8736438395929909e+01,
       -5.4410790640415252e+00, 4.7931339257439951e+01,
       -9.8262073560531000e+00, 2.8885852962720246e+01,
       -1.9243266739032643e+02, -1.2667221750918972e+02,
       4.4840375408828038e+01, 4.2454352345350415e+01,
       -3.4078400131005694e+01, -1.2286411700747880e+01,
       7.7720698315068176e+01, -5.5565432805036492e+00,
       -5.1170483434281493e+01, -7.3154941714874823e+01,
       -6.8163945795099359e+00, -1.5717742768922964e+00,
       3.9662342525100520e+01, 7.9089309576621019e+01,
       4.8094102311507619e+01, -5.8181419856286141e+01,
       7.1241527475441258e+00, 7.6554772999877985e-01,
       4.6944385302898702e+01, 1.3847492180598101e+02,
       -2.7394834411571175e+01, -1.8328760329070640e+01,
       -1.7636228865942654e+00, -6.2386930755190733e+00 ]
