%YAML:1.0
means: !!opencv-matrix
   rows: 42
   cols: 8
   dt: d
   data: [ 8.9195848157722565e+01, 4.5310696975516173e+01,
       -2.9851369710438821e+01, -2.7262477960849957e+01,
       -1.6879089013450446e+00, -4.2368361168224808e+00,
       1.9423559729874976e-01, 8.8191899770051441e-01,
       -2.0066917264411565e+01, 9.7509821250529427e+00,
       8.7054941858683517e+00, -2.6405246529800346e+00,
       1.3605726265151569e+01, -1.3305942323444002e+00,
       -1.7488530828483015e+00, -1.4065101783908764e+00,
       7.9469667230302022e+01, -3.3231801603794189e+01,
       -1.5632546567583285e+01, 2.8096993215136742e+01,
       1.0529300955218000e+01, 1.4148075608324953e+01,
       -4.5777547678724986e+00, -1.3368733167413216e-01,
       -1.6982290481987766e+02, 1.8445180451484833e+02,
       3.7993674828888409e+01, -8.7159686960023876e+01,
       -3.8441972278683224e+01, 4.6065587976697266e+01,
       -1.2987940241957613e+01, 3.4089472654166610e+00,
       1.4876034614824957e+02, 1.6669492121926051e+01,
       3.0533202546202414e+01, -3.1021914842785321e+01,
       -2.8009472949031341e+01, -1.9635603083424513e+01,
       9.1169889817862282e-01, -2.7612700790362390e+00,
       -2.5101731816082353e+01, -2.9384065092462435e+00,
       8.2184818298073807e+00, 6.0130737078239846e+00,
       3.4171799200587074e+01, -4.9261534648475713e-01,
       4.6931582112764225e-01, 4.5235127747656023e-01,
       -1.4116427164776207e+01, 1.6101019420759994e+02,
       1.0655112337854963e+01, -9.2348768070481029e+01,
       1.7793397491579665e+01, 2.9703057902602360e+01,
       -2.8027131211401093e+00, 1.9923978011266492e+00,
       -1.7646123614314521e+02, 1.2271522891626484e+01,
       3.9660315028468830e+01, -1.2471457782110356e+01,
       -7.7145573823873690e+00, -6.3850772692839035e+00,
       5.7890866036284061e-01, -3.5068936749115270e-01,
       -2.1920791174334985e+02, 8.7606020322761566e+01,
       4.9608794217481744e+01, -4.2665665607400321e+01,
       -1.8579263416863718e+01, 2.4537324498555705e+01,
       -3.8540793688112607e+00, 2.3765668062589924e+00,
       1.0043563762738873e+02, -1.2876645143965177e+02,
       -3.1594154259676277e+01, -6.2235996988494442e+00,
       -8.1584196350808931e+00, 1.0192796730795296e+01,
       -2.8290451391493948e-01, 8.6909843562426914e-01,
       1.2344512286633942e+02, -3.3218659267065270e+01,
       -3.1782571565897719e+01, 3.4140666057804680e+01,
       -4.1945249033155170e+00, 1.3454720372451542e+01,
       -1.1566636782647487e-01, 2.0708127847380555e+00,
       1.1075334935175290e+02, -7.5573693053166039e+01,
       6.6664296954010325e+01, -4.5633613602252872e+01,
       1.4681430150671275e+01, -3.6103410311969411e+00,
       -8.5751869427578165e-01, 9.8895422379923947e-01,
       -4.1104929335218614e+01, -7.8014051885506319e+01,
       3.4924196617203876e+01, 4.8586310086145765e+01,
       5.4562751160233081e+00, -3.1500460882930774e+00,
       1.5165864945987733e+00, -2.8143179336521544e-02,
       8.3179801072588845e+01, 8.5396204863662550e+00,
       -2.8614619892232739e+01, -3.1112960456147192e+01,
       -2.9172182617956508e+01, -1.6806352584413151e+01,
       -7.4468160307739215e-02, -1.1845438332910203e+00,
       -9.4284179087159590e+00, 2.2978711235360681e+01,
       -3.9427710704182800e+01, -1.0628448398351986e+00,
       2.5196665734912528e+01, 2.4886568760621541e+00,
       1.3166818938004385e+00, 1.0081846652006008e+00,
       -1.6350615668217367e+02, 6.5172711811853276e+01,
       3.6524206108000214e+01, -4.3627777023148710e+01,
       -1.3121077949415440e+01, -8.7631850870604691e+00,
       -2.2983265818544938e+00, -3.7634186359411395e+00,
       7.7007045380341694e+01, 2.6803752560281744e+01,
       -1.6643845318021139e+01, -2.9647815356558937e+01,
       -7.0358683973172766e+00, -1.5816425833076929e+01,
       -8.6610573564466220e-01, -1.1056328597259828e+00,
       -4.4102633475568602e+01, -2.8556635723094420e+01,
       3.3927307967038601e+01, 4.4701762015840053e+01,
       2.2720073831830291e+01, -9.7520275941927395e+00,
       -1.1328404825011370e+01, -5.8408649582362298e+00,
       -1.3468368427005910e+02, 1.2491564408113746e+01,
       3.6978064401816319e+01, 5.5223574395314337e+01,
       7.7433031095313720e-01, -7.5892045446889993e+00,
       2.2533949400521283e+00, 6.0704542665055490e-02,
       3.1298416063585677e+01, 1.5178107385377447e+02,
       -6.2468622131126068e+00, -8.2664889624265854e+01,
       1.4027445511062062e+01, 8.8834720259090982e+00,
       8.2786985078917319e-01, 2.5001426665781654e+00,
       -1.3771295252685725e+01, -9.9693535298529525e+01,
       1.3076048455431291e+01, 5.8709170646260382e+01,
       8.9694408404973522e+00, -3.1142195880987416e+00,
       2.3907056666492830e+00, -1.8084335831708748e-01,
       -1.8327080467920669e+02, 8.2179925758417127e+01,
       3.3853433393569759e+01, -5.3934774164090868e+01,
       -2.8204097581415954e+01, 2.8157787179944682e+00,
       -2.0324145085546270e+00, 1.0855195011712586e+00,
       1.4510612755224037e+02, 2.5146567268967509e+01,
       -3.9840867404685469e+01, 5.8973396066543426e-01,
       -4.3783334281485740e+00, 1.3499557149202348e+01,
       -1.6620423457363402e+00, 1.7280614564392929e+00,
       -1.4036389603025731e+02, -1.1677951488811782e+02,
       3.6947999102813782e+01, 6.0333220672804111e-01,
       2.7293048613865656e+00, -6.5445728186066088e+00,
       2.4224849816479459e+00, -6.1367412680607969e-02,
       -2.1308135163055769e+02, -1.0948921976622692e+01,
       4.3945961598956274e+01, 1.4679536362702949e+01,
       -9.5396262999302017e+00, 1.0946809762340738e+01,
       -1.8880898415072376e+00, -1.6378696809967606e+00,
       6.2391590166581999e+01, -4.7237781706179163e+01,
       -2.1448143120664088e+01, 5.1799961547714190e+01,
       -1.1464316024141196e+01, 4.6716301650442125e+00,
       -1.3078689004241912e+00, -4.4202870731088956e-01,
       5.1486339280019422e+01, 1.9992944187969510e+01,
       -4.6169940559791293e+01, -3.2825582043310668e+01,
       -2.3772200134684628e+01, -2.1060450867100553e+01,
       1.4938381171044222e+00, -2.8641647178616711e+00,
       1.3801313627064803e+02, 2.0315426998235257e+01,
       -3.9891432329303086e+01, -1.8006384654221144e+00,
       -2.8439717440800978e+00, 8.8683670371206862e+00,
       -1.7620390022651941e-01, 2.0052110272185306e+00,
       -7.3647747878852750e+00, 5.0213907879082718e+01,
       7.3599711009732438e+00, -2.4015443316236418e+01,
       7.0750985519782930e+00, -1.1136771717956000e+01,
       -5.5786664772858492e-03, 1.2329293562611119e+00,
       2.9010849606816279e+01, 5.8726261241162170e+01,
       -6.0918174542727064e+00, -4.2668700119852716e+01,
       -4.1357322409006967e+00, -2.1641387160063289e+01,
       2.8631705854289216e+00, 1.1757299183230541e+00,
       1.6442918065079996e+02, 1.7385756748462764e+01,
       -4.6357510860807963e+01, -1.5383249137585858e+01,
       -7.4800289641468991e+00, 1.3065096343338428e+01,
       -4.5322377674389802e-01, -5.7818504378891133e-01,
       -1.3830539051305252e+02, -7.5819702952799943e+01,
       -3.6118044376671179e+01, 5.4061821450457920e+01,
       8.1210075584802865e+00, -5.4353490169549845e+00,
       1.8039712914716859e+00, -9.9315466738868985e-01,
       8.9484283113108631e+01, -6.1616857503282453e+01,
       3.1806241228807854e+00, 4.0734379388215494e+01,
       7.6068439485146948e+00, 1.4028657966670192e+01,
       -6.3714886793140801e-01, 3.2319000563886063e-01,
       -1.9823031418079406e+01, 4.7671869318713910e+01,
       1.3669467160129864e+01, -3.7177857592154261e+01,
       3.3824022643763996e+01, -1.4656575434804843e+01,
       2.5453352904130493e+00, 2.0615862002871471e-01,
       -1.0578748576739370e+02, 3.5679548958743844e+01,
       3.2780657717486534e+01, -2.1572519147216187e+01,
       8.2000318946907012e+00, -1.5438485775253218e+01,
       2.1517520744420584e+00, 4.0986328432833913e-01,
       1.6137827841927310e+02, 2.5333013507146148e+01,
