%YAML:1.0
means: !!opencv-matrix
   rows: 22
   cols: 3
   dt: d
   data: [ -7.7267715342909227e+01, 1.2812342416322731e+00,
       9.8335372141155077e+01, 7.5440778730729761e+01,
       1.0154893220477533e+02, -5.1976657860020211e+01,
       -1.2104368526155935e+02, -1.1907881650643002e+02,
       3.9664436351294633e+01, 1.0075469366723087e+02,
       -6.5566397538467911e+01, -2.1726450822159318e+01,
       -7.6042272481869318e+01, 1.0765420237866667e+02,
       -3.9414467365826766e+01, -2.1036013969677049e+02,
       -4.5911845417771197e+01, -2.8244585590932925e+01,
       -8.9464675283669919e+01, -6.4197482738162490e+00,
       -4.4903292518778265e+01, 1.2648856998444856e+02,
       -1.7139113178128213e+01, 6.7764645522057393e+01,
       -2.7806155537548193e+02, 5.4245245549466986e+01,
       -1.6506195660572025e+01, 4.5978851208178746e+00,
       4.2654435692433310e+01, -9.4343759250791024e+01,
       1.6600466696631810e+02, -8.3084583358023394e+01,
       3.1881414513246241e+01, 2.5247915309697319e+01,
       -5.0860000348127052e+01, -8.1092093010513125e+01,
       -1.8689105646216183e+02, 8.6532343154927972e+01,
       5.2212538501838694e+01, -5.2970192991587908e+01,
       -1.3516470825057817e+02, -3.7112180211637586e+01,
       1.6480031803023891e+02, 2.0107979513487027e+01,
       2.9330975804971729e+01, 2.8102121815816410e+01,
       6.6907182575780780e+01, 3.0644652368746691e+01,
       -7.9789446827628892e+00, -2.5373420142329568e+01,
       3.1525338218139801e+01, 1.5109417687391127e+02,
       8.5629447770443406e+01, 8.1267055023413661e+00,
       -1.4730702718687590e+02, 1.3473119054885838e+00,
       3.8048545100929317e+01, 5.3539854505562325e+01,
       -1.5510038867032270e+02, 2.5586803937942427e+01,
       6.2530138683363759e+01, 1.5167692294543716e+02,
       1.1946846021560933e+01, 8.1492401039606193e+01,
       1.6292870950302518e+01, -3.3904554327183590e+01 ]
covs: !!opencv-matrix
   rows: 66
   cols: 3
   dt: d
   data: [ 2.1680994306619245e+03, -4.0861217302578160e+02,
       -2.4673918018434733e+02, -4.0861217302578160e+02,
       1.0565333547829588e+04, 3.4569928371035303e+02,
       -2.4673918018434730e+02, 3.4569928371035292e+02,
       3.2551141765339992e+02, 2.9722078414418329e+03,
       1.2010373684647918e+02, 3.8736980175070607e+02,
       1.2010373684647918e+02, 1.2908468335224295e+03,
       -4.9213981613124305e-02, 3.8736980175070607e+02,
       -4.9213981613118990e-02, 1.1985010837105165e+03,
       2.9315817670715433e+03, 6.8509212877895334e+02,
       1.6080030233813911e+03, 6.8509212877895334e+02,
       4.4863996555864123e+03, -4.9810748401247722e+01,
       1.6080030233813911e+03, -4.9810748401247722e+01,
       1.2789086886901680e+03, 3.9654107174261298e+03,
       5.3650500265798840e+01, 5.6984306244782874e+02,
       5.3650500265798840e+01, 2.4956862816276353e+03,
       1.8326281526445928e+02, 5.6984306244782874e+02,
       1.8326281526445931e+02, 1.0102431054987014e+03,
       3.2395967555740904e+03, 1.4578104079016784e+03,
       9.3110963517802929e+01, 1.4578104079016784e+03,
       6.3966999993146201e+03, -6.6814724364371375e+02,
       9.3110963517802915e+01, -6.6814724364371375e+02,
       5.4610107965305531e+02, 2.0487560970658260e+03,
       1.1400377991604537e+03, 2.7716400897426945e+02,
       1.1400377991604539e+03, 8.7861984116567619e+03,
       3.9702618301871206e+02, 2.7716400897426951e+02,
       3.9702618301871206e+02, 3.6705707857907811e+02,
       1.8583847191781956e+03, 1.1264303083117397e+03,
       3.9152205803897880e+02, 1.1264303083117397e+03,
       6.2564948807792471e+03, 2.7198541510151205e+02,
       3.9152205803897880e+02, 2.7198541510151199e+02,
       4.7456462429482497e+02, 6.0372926325239041e+03,
       6.7342358880079087e+02, -1.5020344297356514e+03,
       6.7342358880079087e+02, 8.9660294029316574e+03,
       2.0655705057663575e+01, -1.5020344297356514e+03,
       2.0655705057663567e+01, 5.0756214876611580e+02,
       1.9841890811109261e+03, 7.2625327484651393e+02,
       3.1151269935963433e+02, 7.2625327484651393e+02,
       8.6533625445889538e+03, 6.8359488434909021e+00,
       3.1151269935963433e+02, 6.8359488434908986e+00,
       3.4164975763488962e+02, 2.4211335629399173e+03,
       3.3831401231140444e+02, -5.6390975755899058e+02,
       3.3831401231140444e+02, 4.4854204954645384e+03,
       1.8140358676624825e+02, -5.6390975755899058e+02,
       1.8140358676624825e+02, 5.0020258509029611e+02,
       3.2878575024407642e+03, 2.2432314515908706e+02,
       -3.9240903025764970e+02, 2.2432314515908715e+02,
       2.7730763536657660e+03, 1.8971422982393712e+01,
       -3.9240903025764970e+02, 1.8971422982393712e+01,
       3.1344991929323146e+02, 3.0179878765741423e+03,
       4.9018964746192410e+02, -1.5950023026468818e+02,
       4.9018964746192427e+02, 3.2376824946952529e+03,
       4.9726785751934699e+02, -1.5950023026468818e+02,
       4.9726785751934699e+02, 6.7403514003239161e+02,
       2.7625068397707073e+03, 5.4747223932973930e+02,
       1.3153677865805619e+03, 5.4747223932973930e+02,
       5.8769839798878820e+03, -2.2168701990386231e+02,
       1.3153677865805619e+03, -2.2168701990386225e+02,
       1.1903525065714639e+03, 4.2820795124476426e+03,
       2.7706395389484800e+02, -5.8719852253894601e+01,
       2.7706395389484794e+02, 3.5780793993242532e+03,
       6.2252604539593756e+02, -5.8719852253894622e+01,
       6.2252604539593756e+02, 1.1752182950283886e+03,
       3.7692854503362146e+03, 1.4116430268995589e+03,
       -2.0527307407792128e+02, 1.4116430268995589e+03,
       3.5464817096470069e+03, 2.4866583305879803e+02,
       -2.0527307407792128e+02, 2.4866583305879803e+02,
       3.1563349410403788e+02, 2.4533076242651223e+03,
       -4.0837992725993803e+02, 1.5109900019897709e+03,
       -4.0837992725993809e+02, 7.8076657811466375e+03,
       -7.1888268211233168e+01, 1.5109900019897709e+03,
       -7.1888268211233196e+01, 1.1654110359426627e+03,
       2.7466556360768532e+03, 8.9286591668956476e+01,
       9.2015575100762896e+02, 8.9286591668956461e+01,
       4.9714599054290657e+03, 1.3414250249531517e+02,
       9.2015575100762885e+02, 1.3414250249531520e+02,
       1.1786050459507937e+03, 2.5535136687190211e+03,
       6.7784335756320090e+01, -1.8731480616059977e+02,
       6.7784335756320104e+01, 1.9061885544033178e+03,
       2.3722489414210148e+02, -1.8731480616059977e+02,
       2.3722489414210148e+02, 7.7111888387689226e+02,
       4.2165794802295004e+03, 1.9105733544568684e+03,
       9.8697229343999459e+02, 1.9105733544568684e+03,
       5.9678066401171891e+03, -1.5841911547067653e+02,
       9.8697229343999459e+02, -1.5841911547067645e+02,
       1.0960269523126433e+03, 4.5282056230273511e+03,
       4.8850380177651834e+02, -4.7316148918054546e+02,
       4.8850380177651834e+02, 2.8698409163441811e+03,
       -9.2144812474433007e+00, -4.7316148918054546e+02,
       -9.2144812474433113e+00, 1.1977805620769404e+03,
       2.7526761057432914e+03, 1.0620764689859434e+03,
       9.9670497958379985e+02, 1.0620764689859434e+03,
       3.5458703478420221e+03, 3.0310746361606110e+01,
       9.9670497958379985e+02, 3.0310746361606125e+01,
       1.0801307182332903e+03, 3.3942134414187071e+03,
       7.2226660009875033e+01, 4.8020692348199242e+02,
       7.2226660009875047e+01, 1.7758844552548783e+03,
       -1.4853782867842813e+02, 4.8020692348199242e+02,
       -1.4853782867842813e+02, 1.1890553615811475e+03 ]
