%YAML:1.0
means: !!opencv-matrix
   rows: 48
   cols: 7
   dt: d
   data: [ 5.8748188520989775e+00, -1.5549186853042180e+01,
       8.6682562507313392e+01, -4.8587605682216362e+00,
       1.7451886283656091e+01, 1.3478428732237273e+01,
       8.0087227180213361e-01, 1.8519656637407283e+02,
       1.6637005965486068e+01, -5.0228163353180307e+01,
       1.1896572713405680e+01, -9.1085753053344103e+00,
       -6.4790180469102951e+00, 1.7031945459429700e+00,
       2.7758817569734308e+01, -1.0749671457562684e+02,
       -1.0359947989706127e+01, 3.0854000681910396e+01,
       -6.1663191530113570e+00, -7.3387574453093629e+00,
       -1.4555459229254204e+00, -2.1993378910781300e+02,
       2.1847160189105846e+01, 4.7567124801269991e+01,
       -2.6769245836950144e+01, -1.4680175761762378e+01,
       -1.4436699144464217e+01, -2.2623899419230176e+00,
       1.7527078385484916e+02, -3.9011535678039031e+01,
       4.2890716950888077e+00, -7.3288487724328775e+01,
       -1.1091217256491005e+01, -4.2316716001356056e+00,
       -1.7648477007032737e+00, -1.3118116406594496e+02,
       -5.8414361337091258e+01, 3.9593808309959400e+01,
       3.0542431752273952e+01, -1.7761219625694611e+01,
       1.8350337407458245e+01, 8.1471332637881999e-01,
       -7.1869557751941230e+01, 4.9393163076860155e+01,
       -4.5815305679291541e+01, 5.7489924772451076e+01,
       2.6350015954845272e+01, 2.5668155883306962e+00,
       8.4814649345057547e-01, 3.6018516555056102e+01,
       -1.2087777272052723e+02, -1.5152904403803021e+01,
       -1.7189404202785020e+01, 2.5493014223105764e+01,
       5.8831795696083622e-01, 1.3175134322161547e-01,
       4.6364731030513816e+01, 1.9291285388771023e+01,
       2.1111306893818018e+01, 5.2392738534010270e+01,
       2.8332199592377197e+01, -4.6964838201455583e+00,
       -8.2148665953956909e-02, -1.6285004488185095e+02,
       5.2207332273245200e+01, 2.1823826740747645e+01,
       -4.2632033077869281e+01, -2.5824273419361190e+00,
       -2.0098848266479411e+01, -1.8614899288954315e-01,
       -1.5406840358066884e+02, -1.2697984007918269e+02,
       4.7496714758009915e+01, 4.5338334778932150e+01,
       -3.4107079533853835e+01, -4.9322824861529808e+00,
       -8.0870034129246076e+00, 1.2989459477115091e+02,
       -2.5678963582603096e+01, -3.4655872579663260e+01,
       1.7597505442861223e+01, -1.0848300025671231e+01,
       -1.3263192035470086e+01, -6.5589349685613438e+00,
       3.2947295497547181e+01, 1.2257716596438954e+02,
       -2.5982183311926118e+01, -5.3737062222493456e+01,
       -1.3211689223092224e+01, 2.1626993016641860e+00,
       2.1120021149258310e+00, 9.3866252053851209e+00,
       -4.8555709764696708e+01, 7.2311920668853951e+00,
       1.9218387019935339e+01, -1.0996477556717005e+01,
       -1.4881143793350843e+01, -3.9648039043176697e-01,
       1.0188681114333559e+02, 1.3829891211459849e+02,
       -2.0851262605708914e+01, 2.1825530628137333e+01,
       -6.6841703985640164e+00, -1.3863329304430847e+01,
       -2.5162084965548983e+00, 2.7276358739809542e+01,
       4.8876989845354380e+01, -3.4742219185684533e+01,
       -3.1246462892500869e+01, -3.7576464197767425e+00,
       -6.9134933712807314e+00, -5.0412841662036421e+00,
       1.6423538982856903e+02, 1.6362264555084472e+01,
       -4.7659112175892957e+01, 6.5946671143225064e+00,
       -1.7212034326029585e+01, -1.0390987015603454e+01,
       -3.2141526749977136e-03, -1.5097097916763420e+02,
       -1.1608868652154797e+02, 1.7691816323629190e+01,
       -4.6294278835728846e+01, 4.4661223211831729e+00,
       7.0087590330496763e+00, -5.9440375991582077e-02,
       -1.6674209138448776e+02, 1.2697982644830947e+02,
       -5.3506623274152659e+01, -4.5915266531806196e+01,
       -7.5627170278430880e+00, 1.8128293665963016e+00,
       2.3870352402311639e+00, 1.0127504059690899e+02,
       -4.8334953631053260e+01, -2.1280593641439687e+01,
       3.5781138797800054e+01, -2.7410606083613928e+01,
       2.2640276128057589e+01, 1.1318158507988008e+00,
       -4.9337154920757689e+00, -1.3932911407458806e+02,
       3.1006773721250593e+01, 6.0299923326586551e+01,
       3.2747279021999837e+01, -1.5236864787856678e+01,
       4.2652948031901346e-02, -1.8252236909003662e+02,
       -1.3408910694176561e+02, 5.3994298896986244e+01,
       4.4142314741759108e+01, -3.5786577478681650e+01,
       -1.4341192593051334e+01, -3.9658272582501071e+00,
       7.4257046454999070e+01, 1.4241614982062961e+02,
       -2.3785708781672461e+01, 3.2818929349021467e+01,
       -7.9484396141506881e+00, -1.0590098105685004e+00,
       5.0839063008999019e-01, -4.8912622246447199e+00,
       -4.5057757815010753e+01, 1.1926533850439617e+01,
       8.5029029936652378e+00, 4.1212257155275708e+01,
       -1.8028861478156470e+00, 1.2349616719837222e+00,
       1.8058734691404325e+01, -7.8640168790589755e+01,
       8.6892051773867003e+00, 3.8957136318085510e+01,
       1.2866425757559241e+00, 2.5238849811960705e+01,
       2.7774565624231267e+00, -8.5110419327030762e+00,
       1.1988417727092852e+02, 1.7684348582382615e+01,
       -3.0506477305467048e+01, 1.8362125744263182e+01,
       -1.3364724661639016e+00, -1.2829986811939129e+01,
       1.0938857907798217e+02, -1.8671220361921534e+01,
       -3.3916514058786426e+01, 1.8146519168111588e+01,
       6.7453176393001000e+00, -4.3688371638048960e+00,
       3.4376554537594678e-01, -1.0492379215130267e+01,
       -1.9199188401514828e+00, 1.0924085974202645e+01,
       -5.7778833822888354e+00, 3.5563204407005621e+01,
       -7.2430194054076509e+00, -2.0086171541527023e+00,
       1.4052510530590379e+02, -2.8378599080676626e+01,
       5.5817459101419921e+01, -7.3887693984000711e+00,
       1.1262373738224008e+01, 7.3460848061604942e+00,
       -8.8014177007774225e-02, 1.0963462955918983e+01,
       -2.3789671808952593e+02, 7.4438712797548217e+00,
       7.6491539536441309e+01, -1.2204863418894074e+00,
       -3.2088828140694304e+01, -2.9442633081913137e+00,
       8.3178539729683891e+01, 2.3089512797733089e+01,
       -5.1150683125606967e+01, -2.7204880723911021e+01,
       -7.5529637842857804e+00, -3.2264647217475240e-01,
       3.9933266679247459e-01, 2.1875730300176649e+01,
       -1.4365800287311282e+01, -1.3179338887872088e+01,
       -2.5157129064230705e+01, -4.4951492809761087e+00,
       -2.5111887689664222e+01, -2.8678973078837533e+00,
       -9.6712125503297734e+00, 8.7694961135736520e+01,
       -1.3975926916885065e+01, -4.2825837456836553e+01,
       1.4703308200250863e+01, -2.7472643400185297e+00,
       2.0998995667041878e+00, -7.2154684115958744e+01,
       9.9975232310080912e+01, 1.0638777437212939e+01,
       -5.1665235613463260e+01, 4.8193749855045249e+00,
       5.5282305061733261e+00, 1.5828225383683248e+00,
       -1.2997107020221927e+02, -7.6487149511156304e+01,
       4.3027029136884160e+01, 1.1607327957796640e+01,
       -5.9195643413809069e+00, -2.8491892735140084e+01,
       -3.2794305816984362e+00, -1.4702233989493473e+02,
       1.1733751527155898e+02, 1.9764702410621304e+01,
       -5.1803300303604907e+01, -2.4323366542749142e+01,
       -5.2281596893240545e+00, -7.1886914345050035e-01,
       -1.6237643060707700e+02, -3.6761995219480163e+01,
       7.4520767183676341e+01, 3.4706471963038110e+00,
       -1.4301806395319161e+01, -6.4430562391990009e-01,
       -8.6512104955461910e-01, -4.1410957710136183e+00,
       8.3915183241621580e+00, -7.1830820657894270e+00,
       -1.2732360408165675e+01, 2.1055529241343038e+01,
       2.5161346906333502e+00, 1.8932490047493924e+00,
       1.0575737454755417e+01, 1.3007487913839947e+02,
       -2.5569083761389454e+01, -5.8143179488154381e+01,
       -7.6934530760819673e+00, 2.3511549545845742e+00,
       2.5743847745166071e+00, -2.7921115155951304e+02,
       -4.2491707607850202e+01, -6.0846856138963537e+00,
       2.4595538271136938e+01, -1.2707720611955034e+01,
       1.8784274088847977e-01, -9.4803337500740725e-01,
       1.3284474836881409e+02, -9.0629600756182398e+01,
