%YAML:1.0
means: !!opencv-matrix
   rows: 11
   cols: 8
   dt: d
   data: [ -1.6836032503889777e+02, -1.1114535557078946e+02,
       4.8145690436104488e+01, 3.9686152277997515e+01,
       -3.2583998404369538e+01, -2.1226681236969802e+00,
       -3.5327948704224554e+00, -4.9516533136669655e-01,
       -1.4309134932470724e+02, -4.0126361862430286e+01,
       4.1323257414584113e+01, 1.0029491895853111e+01,
       -7.1666755903082191e-01, 8.2648888239021687e+00,
       2.5019534230616308e-01, 8.4828309841075444e-01,
       9.8933926317088350e+01, -4.4426422131078311e+01,
       -2.2160087194498406e+01, 3.7170087145144691e+01,
       -2.7498698091829102e+01, 2.3398597727702349e+01,
       1.1201264392165400e+00, 1.2699182997089216e+00,
       -1.5624191929740423e+01, -2.2518480449076208e+01,
       -4.1063817325494519e+01, 2.0203716857074248e+01,
       2.1915648179958001e+01, 1.4669535102448470e+00,
       1.0760045834771508e+00, -4.8884310517925605e-01,
       -6.3458422065668238e+01, 1.0603630161108605e+02,
       2.8646345134629976e+00, -4.7624082350908360e+01,
       1.5362703537270539e+00, -2.6298877800304260e-01,
       -1.0728264155217630e-01, -2.4657087094455232e-01,
       1.6628653550601098e+02, 2.0440492379465493e+01,
       -4.5727167811916722e+01, 7.3205529779213263e+00,
       -1.2139827581723155e+01, -8.4532973271344360e+00,
       -8.7784356896047944e-01, 8.0805800847226661e-02,
       -1.6764399772754646e+02, 4.0878319325916046e+01,
       3.3860651454911448e+01, -2.9271671789575898e+01,
       -2.4559611640271779e+00, -2.5393894321151707e+00,
       5.3568071225156400e-01, 1.0734055186711247e+00,
       5.7528847412576987e+00, -1.5839418732393298e+02,
       1.4330957647527555e+01, 5.9276284875750299e+01,
       2.4556409644930284e+00, -7.5619652060168940e+00,
       -6.3109275105121410e-01, -4.5028842680501308e-01,
       1.0024231115114820e+02, -2.4929534927064534e+01,
       3.8399348280273365e+01, -1.8943791313322592e-01,
       1.7391607887404074e+01, 2.2133206481575765e+00,
       6.7760166373999375e-01, -6.5081359085018475e-01,
       5.5544093875338071e+01, 7.9225538735848511e-01,
       -1.5720572288060996e+01, 4.7845103468253630e-01,
       -8.5910678484739069e+00, -1.0151623391210569e+01,
       -2.3075198126743874e+00, 1.0490981949366188e-01,
       3.4474952335095637e+01, 1.1991908458931707e+02,
       -2.5793872200478209e+01, -4.9993153043527002e+01,
       -7.1078051503117301e+00, 1.0817228587751471e-01,
       2.0952963963312801e+00, -3.7502887248678290e-01 ]
covs: !!opencv-matrix
   rows: 88
   cols: 8
   dt: d
   data: [ 5.4994386882566114e+03, -2.0368050321142317e+02,
       3.1535283019831095e+03, -9.2385673729868313e+02,
       3.1812806565321893e+01, 3.3060539471933353e+01,
       4.1771964345175505e+01, 1.9422474212461410e+01,
       -2.0368050321142323e+02, 7.5495540382508243e+03,
       8.0926257892696276e+02, 2.2433453203953241e+03,
       3.7838066078850539e+02, 7.7096218587332908e+02,
       9.9903208497291828e+01, 4.7914822724276647e+01,
       3.1535283019831095e+03, 8.0926257892696265e+02,
       2.5235849189698383e+03, -6.4498760393606020e+01,
       -3.9550259352883280e+01, -7.8459198707484191e+01,
       -3.1550032959351768e+01, -4.3169487898518213e+00,
       -9.2385673729868290e+02, 2.2433453203953241e+03,
       -6.4498760393605991e+01, 1.8679078901256601e+03,
       -1.1820914300758901e+02, -2.0761515308893715e+02,
       -3.8897282266684712e+01, -2.9669402603383862e+01,
       3.1812806565321903e+01, 3.7838066078850539e+02,
       -3.9550259352883295e+01, -1.1820914300758901e+02,
       1.2816952540860029e+02, 1.3983887526049693e+02,
       1.5891653282067761e+01, 1.9999133127461416e+01,
       3.3060539471933339e+01, 7.7096218587332896e+02,
       -7.8459198707484148e+01, -2.0761515308893712e+02,
       1.3983887526049693e+02, 3.5179699656050599e+02,
       1.4264076435341893e+01, 2.0211425702294274e+01,
       4.1771964345175491e+01, 9.9903208497291828e+01,
       -3.1550032959351782e+01, -3.8897282266684712e+01,
       1.5891653282067763e+01, 1.4264076435341893e+01,
       3.8629110718077762e+01, 3.8012917350183688e+00,
       1.9422474212461427e+01, 4.7914822724276654e+01,
       -4.3169487898518240e+00, -2.9669402603383862e+01,
       1.9999133127461416e+01, 2.0211425702294274e+01,
       3.8012917350183679e+00, 1.5223745422336297e+01,
       8.4424259475022973e+03, 3.6674155026387029e+02,
       2.6736538602570022e+03, -7.7244097858736473e+02,
       7.2780707523217256e+02, 5.4393868912825667e+02,
       1.3936084057806315e+02, 2.6651763939194030e+01,
       3.6674155026387041e+02, 6.6450825819750207e+03,
       8.7632787295386970e+02, 2.5026921012644098e+03,
       2.3519636700117849e+02, 2.0623699753142071e+02,
       1.4970419857942263e+01, -6.3090478077362340e+00,
       2.6736538602570022e+03, 8.7632787295386947e+02,
       2.4022981290883067e+03, -1.0509532830259984e+02,
       -1.4921871310811130e+02, -5.9736564272489801e+01,
       -2.0047657346423229e+01, -3.0381052006042326e+00,
       -7.7244097858736484e+02, 2.5026921012644098e+03,
       -1.0509532830259988e+02, 1.7357844054617267e+03,
       -2.6259317069174656e+01, 2.1616982777038686e+01,
       1.9331186269513484e+01, -1.2579842098677703e+00,
       7.2780707523217268e+02, 2.3519636700117849e+02,
       -1.4921871310811127e+02, -2.6259317069174667e+01,
       2.7244754563058700e+02, 1.1451248036362995e+02,
       6.2316682205587020e+00, 4.1687211666682478e+00,
       5.4393868912825667e+02, 2.0623699753142074e+02,
       -5.9736564272489787e+01, 2.1616982777038675e+01,
       1.1451248036362995e+02, 2.1388638565645240e+02,
       -7.6522480647292097e+00, 5.8650209705162182e-01,
       1.3936084057806315e+02, 1.4970419857942257e+01,
       -2.0047657346423229e+01, 1.9331186269513491e+01,
       6.2316682205587002e+00, -7.6522480647292097e+00,
       2.6611414992197531e+01, 2.3172207963284714e+00,
       2.6651763939194037e+01, -6.3090478077362340e+00,
       -3.0381052006042335e+00, -1.2579842098677707e+00,
       4.1687211666682460e+00, 5.8650209705162160e-01,
       2.3172207963284706e+00, 1.3325003388471799e+01,
       4.1725156966756476e+03, -9.9395866356265600e+01,
       2.9199327003174371e+03, -8.2307993964723175e+02,
       -8.2514424698471601e+01, -2.5073734662474564e+01,
       -7.0575348423930322e+01, 2.6880315404857291e+00,
       -9.9395866356265600e+01, 5.1190627140744946e+03,
       9.3024582675294016e+02, 2.7049212234926131e+03,
       -3.7821144997840939e+01, -7.5698694620642911e+01,
       -2.7049612722701283e+01, -4.1973046143542838e+01,
       2.9199327003174371e+03, 9.3024582675294039e+02,
       2.5425524035502453e+03, -1.0345864890307250e+02,
       -9.3967406523039230e+01, -7.8831371282679882e+01,
       7.8889983368088528e+00, -1.1772862005173610e+00,
       -8.2307993964723175e+02, 2.7049212234926131e+03,
       -1.0345864890307254e+02, 1.7602320975196644e+03,
       6.6826546940570040e+01, -1.2175985624068493e+02,
       -1.0579099503998316e+01, 6.1253749046402017e+00,
       -8.2514424698471586e+01, -3.7821144997840939e+01,
       -9.3967406523039216e+01, 6.6826546940570040e+01,
       3.4595131132441892e+01, -3.2914661071939740e+01,
       -1.9642238702481492e+00, 1.2105911653284581e+01,
       -2.5073734662474550e+01, -7.5698694620642897e+01,
       -7.8831371282679882e+01, -1.2175985624068493e+02,
       -3.2914661071939740e+01, 1.3597014560833577e+02,
       -2.2925077081365711e+01, -1.9124607421447983e+00,
       -7.0575348423930336e+01, -2.7049612722701283e+01,
       7.8889983368088528e+00, -1.0579099503998316e+01,
       -1.9642238702481478e+00, -2.2925077081365711e+01,
       2.1655938053148731e+01, -3.4064937837679599e-01,
       2.6880315404857242e+00, -4.1973046143542831e+01,
       -1.1772862005173623e+00, 6.1253749046402017e+00,
       1.2105911653284581e+01, -1.9124607421447977e+00,
       -3.4064937837679582e-01, 1.4392045222302036e+01,
