%YAML:1.0
means: !!opencv-matrix
   rows: 16
   cols: 8
   dt: d
   data: [ -1.9029731187568643e+02, -2.1952057173360000e+01,
       4.1900049188694808e+01, 1.5963706280774927e+01,
       -7.4192694180815026e+00, 3.5122709671015970e+00,
       2.7327429371609069e-01, -2.7802222341900601e-01,
       5.5200550510447023e+01, 2.0472200934602537e+01,
       1.7755347446332696e+01, -7.8388338305044618e+00,
       2.5322129384385402e+01, 4.8639464259652992e-01,
       1.2719296536272691e+00, 1.3343915672939626e+00,
       1.1101070349124824e+02, -4.6556634543422328e+00,
       -1.6514823878332077e+01, 5.6003641036817635e+00,
       5.5633955559849591e-01, 2.1117569409104235e+01,
       -1.1237170006394100e+01, -4.2297501370608499e+00,
       -1.4514314946684689e+02, 2.4645738019234442e+00,
       3.7881785298266458e+01, 1.2584348256670861e+01,
       -4.0598192689388135e+00, 1.9459111714366610e+01,
       -7.6841001725031099e-01, 2.0196424705576845e+00,
       3.4214672093951528e+01, -9.7791645424747401e+01,
       -1.1014703669973256e+01, 6.7275037559130084e+01,
       -3.9839983565320467e+00, -8.6400827304258487e-01,
       2.1005728242708139e+00, -3.1685198026715106e-01,
       -2.7112371419546211e+01, 1.9712367564358622e+01,
       -6.7270775673029476e+01, -8.2190507919924882e-01,
       2.0295477637009753e+01, 1.4854015461648946e+00,
       9.5543515491087594e-01, 7.8435528805294441e-01,
       7.4585188251432228e+01, -6.4763874267046361e+01,
       -2.2406850353119466e+01, 3.9204181837773170e+01,
       -5.1837005089231010e+00, 8.3053357285321070e+00,
       -4.7288724392540804e-01, 6.1692418610683408e-01,
       8.1660792821190938e+01, 1.5503089750414336e+01,
       -2.3856829241562416e+01, -3.2335408958947852e+01,
       -2.6467298590559672e+01, -1.9759389737680568e+01,
       9.1530705740025131e-01, -2.3173838253850105e+00,
       -1.8755931213799457e+02, 6.6673831831850478e+01,
       3.8165837687239446e+01, -4.2484114950828307e+01,
       -1.9612866131197283e+01, 1.4624322766811413e+00,
       -2.1268734790729482e+00, -6.2506065940631428e-01,
       1.6536020533051490e+02, 1.5622552230219352e+01,
       -4.6788243266754506e+01, -1.3454028390933868e+01,
       -7.1096730755997442e+00, 1.2941573902588068e+01,
       -2.6273297730859774e-01, -4.5826976052137536e-01,
       1.4163694906039456e+02, -6.3329471105233806e+00,
       -3.7238239536028139e+01, 9.6494043297646748e+00,
       -5.8152026995286121e+00, 1.1824672815261476e+01,
       -2.1162522476796547e-01, 1.5444346247548788e+00,
       -1.6597713451570201e+02, 8.2026467140040140e+01,
       4.2414885211443561e+01, -4.2976322116181436e+01,
       -1.0586929736570381e+01, 1.0670031476376343e+01,
       -1.7646852513057401e+00, 2.3795984625665723e+00,
       -4.4971410538764964e+01, -8.8103978655494668e+00,
       2.3546170844671988e+01, 4.8599404331660834e+00,
       2.1370192980440962e+01, -1.0881851696096899e+01,
       -2.6057068111942622e-01, -1.5082836812333644e+00,
       -9.2828280902870688e+01, -9.3432199281810853e+01,
       2.0193630080452682e+01, 5.7656922337155741e+01,
       -3.5298852984014832e+00, -1.9179962272146058e+00,
       1.2962809048657489e+00, -7.2032322648235081e-01,
       5.8359986446433105e+01, 3.1075387362441024e+01,
       -4.7658613621108659e+00, -2.3877612606531635e+01,
       -2.2125575895662677e+00, -7.8512824038269171e+00,
       -5.3122282980440916e-01, 8.5617379818718498e-01,
       1.6967505973991518e+01, 1.2168666714456701e+02,
       -8.9941824814921434e-01, -7.1610821344545499e+01,
       6.9541094189418349e+00, 3.9871236519995148e+00,
       5.8148537866416783e-01, 1.4346375021818540e+00 ]
covs: !!opencv-matrix
   rows: 128
   cols: 8
   dt: d
   data: [ 5.9080134962773209e+03, -5.1434480559597228e+02,
       2.9461913279925775e+03, 4.5813507664887481e+02,
       1.6751400573009738e+02, -2.4982869026950232e+02,
       1.2923459569790504e+02, -4.5289679365492766e+01,
       -5.1434480559597228e+02, 6.8953145942348638e+03,
       -9.6465202957555647e+00, 1.6582767487417734e+03,
       -2.0478251038938632e+02, 1.4625036611167317e+02,
       4.5112318954456914e+00, 3.7062996204720107e+00,
       2.9461913279925775e+03, -9.6465202957555469e+00,
       2.3765416508090098e+03, -3.0342382602861640e+01,
       -8.5301310245649390e+01, 1.6306120356147762e+01,
       -2.6055317719020358e+01, 1.9538775020024481e+01,
       4.5813507664887481e+02, 1.6582767487417734e+03,
       -3.0342382602861651e+01, 1.3520110938505161e+03,
       2.4217004106103627e+01, -8.6132439628198910e+01,
       -1.1658818435111483e+01, -1.3184814437673838e+01,
       1.6751400573009738e+02, -2.0478251038938632e+02,
       -8.5301310245649390e+01, 2.4217004106103630e+01,
       7.9655239533116713e+01, -5.1870729821564147e+01,
       9.6639120062402117e+00, -1.5996823468906239e+01,
       -2.4982869026950229e+02, 1.4625036611167317e+02,
       1.6306120356147765e+01, -8.6132439628198881e+01,
       -5.1870729821564147e+01, 1.4493927413560988e+02,
       -3.8832850607814349e+00, -1.2670769605104026e+01,
       1.2923459569790504e+02, 4.5112318954456949e+00,
       -2.6055317719020358e+01, -1.1658818435111481e+01,
       9.6639120062402135e+00, -3.8832850607814362e+00,
       2.7153375393508320e+01, -1.5665304033818510e+00,
       -4.5289679365492759e+01, 3.7062996204720093e+00,
       1.9538775020024488e+01, -1.3184814437673841e+01,
       -1.5996823468906239e+01, -1.2670769605104027e+01,
       -1.5665304033818517e+00, 1.9118370292666121e+01,
       4.7254700228598067e+03, 1.7457024535908863e+02,
       1.7223946920812173e+03, 2.7115412558726212e+02,
       -5.7634920537768528e+02, 1.2952992293095295e+02,
       -4.6011056461676858e+01, 8.2608050195904816e+00,
       1.7457024535908863e+02, 7.4549620140535353e+03,
       -1.2677176757856893e+02, 1.2045176922181781e+03,
       -1.0080908612465427e+01, -3.5465560432993874e+02,
       5.0279969528742939e+01, -2.0917541391718014e+01,
       1.7223946920812175e+03, -1.2677176757856900e+02,
       1.7510299575373640e+03, 2.3864330223749867e+01,
       2.8711503638774147e+01, -3.1044285564947607e+01,
       -1.3368179097762772e-01, 3.2002845153186793e-01,
       2.7115412558726212e+02, 1.2045176922181784e+03,
       2.3864330223749889e+01, 1.7211258315640432e+03,
       -1.1492638842993776e+02, 1.2951937899849440e+02,
       -2.6064223755770854e+01, -1.0116043408245807e+00,
       -5.7634920537768528e+02, -1.0080908612465398e+01,
       2.8711503638774150e+01, -1.1492638842993776e+02,
       2.1261755245607321e+02, -3.6005164762764373e+01,
       -1.9636000375423254e+01, -3.3343936026255632e+00,
       1.2952992293095298e+02, -3.5465560432993874e+02,
       -3.1044285564947607e+01, 1.2951937899849440e+02,
       -3.6005164762764359e+01, 1.6011709767332732e+02,
       6.7330407320307231e+00, -1.6320297298190379e+01,
       -4.6011056461676837e+01, 5.0279969528742953e+01,
       -1.3368179097762806e-01, -2.6064223755770850e+01,
       -1.9636000375423254e+01, 6.7330407320307240e+00,
       2.0634116266594091e+01, -2.8369385120354580e+00,
       8.2608050195904816e+00, -2.0917541391718018e+01,
       3.2002845153186676e-01, -1.0116043408245801e+00,
       -3.3343936026255636e+00, -1.6320297298190379e+01,
       -2.8369385120354575e+00, 1.2446870880020848e+01,
       5.6428919389317480e+03, 1.0366070995509338e+03,
       2.4903138887725463e+03, -3.7099979383863177e+02,
       -6.1753425735601706e+02, 2.7563522309165865e+01,
       -8.4972716533202231e+01, -9.7858630072757133e+00,
       1.0366070995509338e+03, 6.4461908463223854e+03,
       -3.7627588485632094e+02, 1.6843950986684140e+03,
       -3.0337717396508071e+02, -1.1959445267121475e+02,
       8.0263508867961022e+01, 3.7690479336252993e+00,
       2.4903138887725463e+03, -3.7627588485632106e+02,
       2.9039589309368184e+03, 2.8633221732538408e+02,
       6.1799635411944017e+01, 2.9436617895472281e+01,
       7.0909856045735310e+01, 2.1566251772949556e+01,
