%YAML:1.0
means: !!opencv-matrix
   rows: 8
   cols: 2
   dt: d
   data: [ -2.8268517290112079e+01, -1.0614650450433454e+02,
       1.2482507768298474e+02, 8.5254827345986214e+01,
       -9.2699949407919817e+01, 7.2304625842314403e+00,
       1.2896607398192177e+02, -4.9802383500223812e+01,
       -2.3231658704078590e+01, 1.0637260250137857e+02,
       3.6079095278174591e+01, -1.3154832215377492e+00,
       -2.0140626815472262e+02, -6.7459435067439998e+01,
       -2.2019821152728414e+02, 7.8889879948366300e+01 ]
covs: !!opencv-matrix
   rows: 16
   cols: 2
   dt: d
   data: [ 6.4752754816404158e+03, -2.1229292843416790e+01,
       -2.1229292843416825e+01, 4.9342687881408456e+03,
       5.1359955291274218e+03, -3.7036382409095523e+02,
       -3.7036382409095529e+02, 2.2269769647033340e+03,
       3.1820330078767579e+03, -3.3997262740567925e+02,
       -3.3997262740567930e+02, 5.9919875382097362e+03,
       4.3080941708007767e+03, 2.2060397084772231e+02,
       2.2060397084772234e+02, 4.6781219662232052e+03,
       7.7844938215287793e+03, 5.9594212031968914e+02,
       5.9594212031968937e+02, 5.6180498389303375e+03,
       3.1996032129320724e+03, -4.6235255185833829e+01,
       -4.6235255185833807e+01, 4.5275262414021417e+03,
       4.7122719426936992e+03, -8.6867468736960996e+02,
       -8.6867468736960996e+02, 6.5884263508375616e+03,
       3.7855098895018250e+03, -1.9730912019089374e+02,
       -1.9730912019089374e+02, 6.0883243503270269e+03 ]
weights: !!opencv-matrix
   rows: 1
   cols: 8
   dt: d
   data: [ 1.3241463364484435e-01, 1.2727363557049834e-01,
       1.1482808519026529e-01, 1.8755118230873455e-01,
       1.1151970193722735e-01, 1.8478562151376901e-01,
       7.5678949930771858e-02, 6.5948189903889495e-02 ]
pca_proj: !!opencv-matrix
   rows: 2
   cols: 21
   dt: f
   data: [ 4.36961316e-02, 8.50134730e-01, 1.73015636e-04,
       6.54514134e-02, 4.60692108e-01, 2.29939164e-04, 7.67599978e-03,
       1.46649793e-01, -1.37564148e-05, 1.21663406e-03, 1.30500361e-01,
       -5.45994153e-05, 8.06188770e-03, 1.42052382e-01, -2.12945142e-05,
       -2.45414903e-05, 9.56867734e-06, -1.94090262e-06, 3.13729906e-05,
       4.34020360e-04, 2.32224409e-07, 7.68702388e-01, -5.10314330e-02,
       1.14127281e-04, 4.21110362e-01, -3.83849256e-02, 4.02935693e-05,
       2.81941950e-01, -1.35209868e-02, 1.95932400e-04, 2.66951323e-01,
       -4.70317341e-03, 2.29704310e-04, 2.76557714e-01, -1.55316098e-02,
       2.11025646e-04, -3.74769334e-05, 5.54774260e-06, -7.89335627e-06,
       8.86836962e-04, -5.85095040e-05, 1.91629806e-04 ]
pca_mean: !!opencv-matrix
   rows: 1
   cols: 21
   dt: f
   data: [ 2.07625534e+02, 2.55653595e+02, 1.54502928e+00,
       2.18915131e+02, 2.60592743e+02, 1.67241716e+00, 2.65274475e+02,
       2.24016678e+02, 1.71669352e+00, 3.19420807e+02, 1.63929108e+02,
       1.75046074e+00, 3.16613464e+02, 2.25532654e+02, 1.70717156e+00,
       1.08872897e-04, -9.74175637e-05, 6.24380555e-05, -2.17504916e-04,
       -2.50119597e-01, 1.75055194e+00 ]
gamma: !!opencv-matrix
   rows: 8
   cols: 1
   dt: d
   data: [ 8.9529781360602401e-01, 8.5373429925279520e-01,
       8.7692617140028650e-01, 8.8568129657874617e-01,
       9.0687526740097923e-01, 8.6060601388046054e-01,
       9.0751169209942417e-01, 9.0461483164043677e-01 ]
