%YAML:1.0
means: !!opencv-matrix
   rows: 35
   cols: 8
   dt: d
   data: [ -2.3862075835887978e+01, 7.5437867945253068e+00,
       1.7169784215932005e+01, -2.1948254717880222e+00,
       2.8600331732447668e+01, -9.5042408211333864e+00,
       -2.0340154201081768e+00, -3.9211987119533527e+00,
       3.2431377168504746e+01, -9.9263142833787313e+01,
       -1.2574833512736522e+01, -3.1242645350939721e+01,
       2.2713544601843971e+01, 8.4956922863764319e+00,
       3.9772415846835157e-01, 9.0074205339048774e-01,
       1.1814199311237449e+02, -4.4895735617139160e+01,
       -2.9009081073973853e+01, 3.6290527690829158e+01,
       -2.8622586551515483e+00, 1.3448852813804850e+01,
       -3.0835561320976551e-01, 2.3691727510939495e+00,
       1.4252650778840004e+02, -4.5794247551924601e+00,
       -4.1414720302627970e+01, 1.3135399973973120e+01,
       -4.6938070618785659e+00, 1.1775380143817225e+01,
       -1.2280173918170423e-01, 1.7309311759562971e+00,
       -1.9684676691187741e+02, 4.1938068001739815e+01,
       4.2978431387909431e+01, -2.6569903477439301e+01,
       -1.2494500622415542e+01, 6.5259217337793984e-01,
       -2.6255523571970287e+00, -2.4174407169717775e+00,
       1.5243635642428231e+02, 3.1609206319466846e+01,
       -4.1508870694907678e+01, -1.4534468632264492e+01,
       -1.2738443695788000e+01, 1.5870889724650084e-01,
       2.6329387143395135e+00, 2.5643238256640712e+00,
       -2.2010914402655697e+01, -9.8614742465155292e+00,
       1.9957118340988945e+01, 2.2464969254094996e+01,
       3.4309567348181560e+01, 1.1232162001228989e+00,
       -5.4542248880819262e+00, -1.3534624747206625e+00,
       8.2238094672165147e+01, 1.9354627824360175e+01,
       -2.1544640008018575e+01, -3.2684391233126142e+01,
       -2.4678610721213083e+01, -2.0844107396985965e+01,
       1.4125415743517480e+00, -3.0761874780885221e+00,
       1.4706712068469162e+02, -6.8463668318109763e+00,
       6.0635712612108222e+01, -3.1472172416500871e-01,
       1.1151412375015704e+01, 2.7650556654949702e-02,
       -2.2729931023682948e+00, 2.0493442212631034e+00,
       -1.2434776736367919e+01, 4.4251053694007588e+01,
       -5.9989430617404004e+01, 3.8079159995165783e+00,
       2.0111905123842959e+01, 2.5592080225505587e+00,
       1.2216405159567452e+00, 1.2770620168528999e+00,
       -1.9245131207513197e+02, 8.6241758879729616e+01,
       3.6175476373509404e+01, -5.1579331638833949e+01,
       -2.7246619951404575e+01, 7.0482032565867954e+00,
       -2.3757610195460686e+00, 1.2972222644113807e+00,
       -1.3023012424137983e+02, 3.8570834933185338e+01,
       3.6131254314112965e+01, -2.8689695409769428e+01,
       -2.8181195526939291e+00, -1.4928888453712341e+01,
       2.8578722555680884e+00, 1.2420143984501255e+00,
       8.1001708602493323e+01, -6.0042997988190741e+01,
       -3.1483571542353875e+01, 3.5561297299627270e+01,
       -9.5850274148451469e+00, 6.5092632422682195e+00,
       -3.3472697412163549e-02, -3.9946312679426466e-03,
       -1.4906002204658381e+02, -1.0353562154881041e+02,
       2.7522309395077070e+01, 6.6272742616160471e+01,
       -1.9677206566774760e+01, 6.5690175119063954e-01,
       -2.1867269898644756e-01, -1.4211151629717711e+00,
       -2.0546981778011636e+02, 1.2019475968556223e+02,
       5.0543970854120708e+01, -5.7607942453545597e+01,
       -2.0122284231698462e+01, 3.6601222397788234e+01,
       -6.5243846926831885e+00, 3.1492237977857429e+00,
       8.8575391681348890e+01, 3.6532721995112858e+01,
       -2.1334578675741792e+01, -3.4130218267103473e+01,
       -5.9969116906553657e+00, -1.2637225707567572e+01,
       5.0810270403588154e-01, 1.1635965961961389e-01,
       -2.0914680962503033e+02, -1.9350487140765903e+01,
       4.3268949902388634e+01, 1.8852250377210197e+01,
       -9.9313979506488064e+00, 1.0233042419417631e+01,
       -1.3448802459851679e+00, -1.1098769316518646e+00,
       2.4413029325132097e+01, -3.4987668536543765e+01,
       1.7128186029591335e+00, 2.5130116539698449e+01,
       -8.2594950178456248e+00, 7.3236156699429813e+00,
       1.0680675675372182e+00, 2.4480251681262271e+00,
       -4.3221187572422089e+01, -7.6592049892313639e+01,
       1.3977353804886317e+01, 4.7627199660838819e+01,
       1.2468371938911575e+01, -3.6481943982193692e+00,
       2.1331125972132181e+00, -3.7867521504153201e-01,
       -1.6215915290350841e+02, 3.1948848783820396e+00,
       3.6321266763248950e+01, 1.2429453871311528e+01,
       -7.1567723187125383e+00, 2.5564166718809364e+01,
       -6.0443741454162125e-01, 3.0077774767597059e+00,
       9.4640254098129148e+01, 4.3748771029876679e+01,
       2.1909607617671593e+01, 5.3264401500264755e+00,
       1.7206497523095823e+01, 3.5603954793329526e+00,
       1.1776684894099971e+00, 1.5925131492056659e+00,
       6.3482189383041280e+01, -5.9491616814898840e+01,
       -2.4346045454399665e+01, 4.0068903452564825e+01,
       5.1416261680051747e+00, 1.2963540826325785e+01,
       -9.7746220079597190e-01, 3.7520366887788376e-01,
       1.1206344804109362e+02, -1.6910226657322134e+01,
       -1.9216028557552679e+01, 1.6319236000800654e+01,
       -4.4631736985291903e+00, 2.1274277298189794e+01,
       -1.3330522383762943e+01, -6.4505653603627566e+00,
       -1.4927550321416893e+01, -2.4024248032790512e+00,
       1.0512502846395311e+01, 3.4039807172019576e+00,
       9.1075552914940214e+00, -1.3493302837676170e+01,
       2.7430632500297354e+00, 6.0202248198319641e-01,
       -3.2178530885972649e+00, 4.6563421834741661e+01,
       1.3080951835584605e+01, -3.0607124078305386e+01,
       3.6992751755591478e+01, -1.1025052335500128e+01,
       2.4704857128287117e+00, 7.4007671952246179e-01,
       -9.7809881317675504e+01, 8.4834218044173664e+00,
       2.6897990945408942e+01, -8.5967639576438728e+00,
       1.6139519928060096e+01, -1.3095878500272923e+01,
       1.9525709744566071e+00, -4.3038265894829614e-01,
       1.6181501784777456e+01, 1.5665813746771934e+02,
       -1.6542199852599984e-01, -8.6350345385075741e+01,
       1.5725822875599247e+01, 1.6205089952219854e+01,
       -4.4740319824666019e-01, 2.3440895682075871e+00,
       8.1936307538317479e+01, 9.4379773989373632e+00,
       -2.7953357945966935e+01, -3.1126612638033905e+01,
       -2.9649511053239795e+01, -1.7485146333321993e+01,
       -1.9840350915401279e-02, -1.0214186812909236e+00,
       1.7463641237862848e+01, 5.1867620280144322e+01,
       -1.0369187592165041e+01, -4.7810530093904156e+01,
       -3.6693659804541994e+01, -1.8676609943438496e+01,
       2.7480786942352178e+00, -1.4127117197496908e-01,
       1.6391291117094593e+02, 1.6869283382883776e+01,
       -4.6422289431643193e+01, -1.9056522802230798e+01,
       -7.7692586067807898e+00, 1.2767571346229623e+01,
       -1.3951849893145363e-01, -1.1453574554084183e+00,
       1.3517277587860096e+02, 3.8524407741772585e+01,
       -3.7262203676235714e+01, -1.2741144577919830e+01,
       -2.2079776904585726e+00, 1.7075472993454238e+01,
       -3.4520729663111251e+00, 1.8757739213461149e+00,
       2.9987251535073050e+01, -2.3457049092499286e+01,
       -1.2248407964163064e+01, 1.0060731411845653e+01,
       -9.8481642838152332e+00, -5.2931045464640031e-02,
       -9.1849877108168543e-01, -1.1495340136779508e+00,
       5.3299955164328672e-01, 6.4700234646352840e+01,
       3.8604300091203840e+00, -4.3365665966736678e+01,
       1.4518211576065111e+01, -1.3093058141829339e+01,
       -1.4582591984652538e+00, 1.0082925889913177e+00,
       2.4773696495403001e+01, -1.0141235182097635e+02,
       -9.4218904412760693e+00, 6.9123423798612336e+01,
       -4.4950511506884236e+00, -1.8716023663337868e+00,
       2.1380460383149522e+00, -3.9494354703238110e-01,
       -1.1534758497893941e+02, -8.0537133839583220e+01,
       2.8060368618428182e+01, 5.2247925758545946e+01,
       -3.4818079360373773e+00, -4.1462533066302667e+00,
       1.4046513312515305e+00, -5.6662197960196214e-01 ]
