%YAML:1.0
means: !!opencv-matrix
   rows: 31
   cols: 7
   dt: d
   data: [ -1.5379446101699563e+02, 5.2230057360140087e+01,
       5.5846317910761371e+01, -3.3323611983210363e+01,
       -1.2390848020764336e+01, -3.4166163304044632e+00,
       -7.4159629958475293e-01, 8.6763005305338353e+01,
       2.6920171639492652e+00, -8.9892185760716245e+01,
       -8.7164770957100512e-01, -4.5102780906473630e+00,
       1.2046778845843624e+01, 2.3132224842169868e-01,
       -1.4819801109342112e+02, -1.0390145353132156e+02,
       2.7645240356887779e+01, 6.6453801498377246e+01,
       -1.9831598277319660e+01, 7.4452940849798888e-01,
       -2.3259306613759020e-01, 7.6818609596843757e+01,
       -1.8372769317609798e+01, -2.4891271017372755e+01,
       -5.0510278512315679e+01, -2.3405363609510022e+01,
       -1.9239459914442186e+01, 1.3796766278840040e+00,
       -1.7634475638653504e+02, 1.0766982520557887e+02,
       3.1446431709851343e+01, -6.4375603872856459e+01,
       -3.2885994262696556e+01, 1.1408427097864196e+01,
       -4.0233320705652114e+00, -1.3354788509713231e+02,
       -5.5221197362307137e+01, 3.6379937794667597e+01,
       3.1422225423825360e+01, 1.9945061074823631e+00,
       -7.7259681288428848e+00, 2.6925963129074235e+00,
       -8.3594278214854256e+01, 1.9951235053198069e+01,
       2.8914735202889783e+01, -1.7367999285870912e+01,
       1.6217527594289326e+01, -1.7351487567436568e+01,
       1.9381471985448424e+00, 1.3704516003572200e+01,
       1.5827797789991374e+02, 5.2301463567208939e-01,
       -8.6533954575533272e+01, 1.5953899294672071e+01,
       1.6944710816156068e+01, -6.1151326341654177e-01,
       -2.5861742781867923e+02, 3.8936664616555973e+01,
       -2.0181448475300328e+01, -2.3217759428778493e+01,
       -7.5874299308641948e+00, -4.8761520542696539e+00,
       -1.2136348628771580e+00, -8.0100713488616648e+00,
       -3.5782403279098325e+01, 9.4254117725345647e+00,
       -5.3858396161748331e+01, 3.9645133332148795e+01,
       -4.0886391558690738e+00, 1.8104799385856127e+00,
       1.0648273096539452e+02, -2.7404015213340966e+01,
       -2.9139964147101402e+01, 2.3541311067926923e+01,
       -1.0082799446276169e+01, 8.9733082232543797e+00,
       -6.3186829207006259e+00, 1.2281186062138612e+02,
       4.0029979727947911e+01, 1.6744467000627040e+01,
       -3.7708079470511336e+01, -1.7448772684761102e+00,
       -1.5265937793696201e+01, 5.2481708519971104e-01,
       -2.1297854292057767e+02, 8.5495715130976151e+01,
       5.3402848451935974e+01, -4.1885415534169049e+01,
       -1.8679784307159618e+01, 2.4382404243419355e+01,
       -3.6500136391618101e+00, 1.4797487134902951e+02,
       2.8319540437968254e+01, -4.6228632652032822e+01,
       -5.6809477132775648e+00, -4.1083548950844717e+00,
       1.3720794696642518e+01, -2.1359736898311827e+00,
       9.7782565503953435e+01, -5.5957952381140267e+01,
       -2.7457322444535265e+01, 3.8392190642502406e+01,
       -1.2384551958534575e+00, 1.2979490578844397e+01,
       -3.8635907666273889e-01, 5.2084211221007948e+01,
       3.3742773309101612e+00, -1.8408861631381896e+01,
       -3.1792721707881355e-01, -7.9047119298986210e+00,
       1.0616079428545879e+00, 3.3241259969024273e-01,
       4.4101400476125043e+01, -7.0191835654939055e+01,
       -1.8368283240302880e+01, 4.1327368642256261e+01,
       8.8877359119746246e-01, 1.0632171959738534e+01,
       -3.4785420370633884e+00, 1.1503892969105519e+02,
       -2.1012624303052050e+01, 6.4168527169494027e+01,
       1.4967055794487452e+01, 1.4087484716875389e+01,
       1.2540008537315170e+00, 4.7050014363634318e-01,
       -3.2887345861579158e+00, 6.1371681818205239e+01,
       -2.6991904862733893e+00, -4.2310522739961968e+01,
       4.2228941065078569e+00, -1.8566930042015787e+01,
       6.1707841221515536e-01, -2.0447360387162249e+02,
       -1.5696801758938131e+01, 4.8239728225754966e+01,
       1.6957432602892144e+01, -1.0415822300085198e+01,
       1.0082747341353922e+01, -1.3729868703430508e+00,
       -1.5189978093621988e+02, 6.3534569269067944e+00,
       3.8117275223111143e+01, 1.0894106551746534e+01,
       -6.5034494639003402e+00, 2.5438194085038422e+01,
       -1.6022622364868964e+00, 5.2357314937695314e+01,
       -6.8862043674414522e+01, -2.5811656775836934e+01,
       -4.2013973077500694e+01, 1.5088033927163647e+01,
       6.7404275936854550e+00, 1.0198661706238130e+00,
       8.0167310518885685e+01, 1.0762870421775954e+01,
       -2.9888538666166916e+01, -3.0010750293111986e+01,
       -2.9078657796691267e+01, -1.7353731301376150e+01,
       4.1313395202342722e-02, 1.9834113470800156e+02,
       -2.8466766815473834e+00, -5.1586966010130864e+00,
       -1.5677961954276016e+00, -8.1436725058658617e+00,
       1.2274131960488480e+01, -3.1903424278454495e-02,
       -5.6779574257588614e+01, -2.9550403783553147e+01,
       3.8591262593901860e+01, 3.7474007065333495e+01,
       1.7173342115895206e+01, -9.8578297619979267e+00,
       -9.4693132686824431e+00, -2.7284686989763993e+00,
       9.1738661656707151e+01, 1.0868740976478103e+01,
       -2.1686127855284352e+00, 3.7273855662796265e+01,
       -8.0449323999350497e+00, 2.1786487291137102e+00,
       -5.8286229728780228e+01, -8.4603255042657281e+01,
       1.2453428740574768e+01, 5.1862135695374974e+01,
       7.5742516305782388e+00, -3.4102881197810690e+00,
       1.7832052498012585e+00, 2.7911035183053738e+01,
       -9.9190451513862996e+01, -9.9963442306111912e+00,
       6.9658268511582790e+01, -4.7752237075427004e+00,
       -1.7725170109388673e+00, 2.2236563642740417e+00,
       5.7412252347136700e+01, 6.9670750842510500e+01,
       -2.5962973061479122e+01, 1.1890273852947114e+01,
       1.3735925414031554e+01, 2.5605113939466793e+00,
       1.1601624400112975e+00, -1.6668294311771824e+01,
       -6.7339447659732663e+00, 5.0138447300566664e+00,
       7.1452863253231467e+00, 2.6846931336361877e+01,
       -3.7157465455769914e+00, -1.0139249282466292e+00,
       9.2327079976989197e+01, 8.7341169301858756e+01,
       -1.7679282537979002e+01, 2.3690741611027843e-01,
       -2.7776559785597716e+01, -2.2551410584549060e+01,
       1.2232049514061221e+00 ]
