%YAML:1.0
means: !!opencv-matrix
   rows: 47
   cols: 2
   dt: d
   data: [ 8.5059649981766640e+01, -4.6918564651765642e+01,
       -1.9625425927718757e+02, -1.0850042009347112e+02,
       5.0156656962199257e+01, 1.2067088025702468e+02,
       -1.1216161825829171e+02, 1.4377836823566255e+02,
       -4.2628090821359116e+01, -1.2633604873165762e+01,
       1.6719460080611356e+02, 1.1127314920452433e+02,
       8.2307414488569975e+01, -1.0968320521768851e+02,
       -2.7929944211336351e+02, 1.2827694817490382e+02,
       -1.8909404431937051e+02, 1.8774381124452830e+01,
       1.7600226892705024e+02, -4.6644416525326463e+01,
       3.4785131354800178e+01, -7.6864975075994636e+01,
       -8.8820186176700290e+01, -1.9508986419544911e+02,
       1.3735151575922563e+02, -8.4590876762476313e+01,
       1.3231414705021061e+02, 6.7195526523084879e+01,
       5.3775669204317758e+01, 1.2459003814984902e+01,
       -2.7853353920491531e+02, 1.9895874908743185e+01,
       1.2588555923222808e+02, -1.5703890651100929e+02,
       -1.2102163979623680e+02, 7.2411512469239639e+01,
       2.2910169524286118e+02, 8.4725040048595503e+01,
       1.1689325504100037e+01, -1.2483107824874283e+02,
       -1.9931104107220742e+02, -1.8520702950398444e+02,
       2.2901390897561382e+02, -1.3031258342523019e+01,
       2.7204661305907045e+00, 7.5461453889405746e+01,
       -1.1998859021628196e+02, 9.0695925507289683e+00,
       -4.7421728340021787e+01, 1.7440781527350504e+02,
       2.1023707255373040e+02, -9.3336460859464196e+01,
       -2.2005804243622254e+02, -3.9535885835855396e+01,
       1.0286052361972193e+02, 1.6985420719498965e+01,
       -6.5799948384272255e+01, 1.0550996478722497e+02,
       -5.7912979918614562e+00, 1.2901827368030820e+02,
       2.7045751691886601e+00, 1.7966116686919651e+01,
       4.7404568586501853e+01, 2.1516733775448364e+02,
       -4.6583536432078425e+01, -1.3669862892199367e+02,
       -8.6782161672765994e+01, -4.6071025433272943e+01,
       -2.1132795180329941e+02, 8.9583533150783794e+01,
       -1.0897047087109065e+02, -1.1999563195423070e+02,
       1.7783398513037827e+02, 3.6461787725118306e+01,
       1.3978886065206299e+02, -1.6091956343725244e+01,
       -1.9518395077928872e+02, 1.6565524111413328e+02,
       2.5057406984423299e+01, -2.9040727036327212e+01,
       -2.7676766956246922e+02, -9.8343084847797599e+01,
       -5.6602968598115751e+01, 3.9860768671427437e+01,
       -2.4517928714203027e+01, -6.6008478711564265e+01,
       3.0261546623539797e+01, -1.9040972248129884e+02,
       1.0245614508258757e+02, 1.2218382349812957e+02,
       7.3179997168115690e+01, 6.6682941417181553e+01,
       -1.4309599381891758e+02, -5.1022242400802767e+01 ]
covs: !!opencv-matrix
   rows: 94
   cols: 2
   dt: d
   data: [ 7.4070719255145855e+02, -5.3986969154590454e+01,
       -5.3986969154590433e+01, 8.7124477986866270e+02,
       1.6111942239726816e+03, -1.6727118531525129e+01,
       -1.6727118531525129e+01, 1.0934916282258339e+03,
       6.6740260294037523e+02, 3.8630082018843943e+01,
       3.8630082018843972e+01, 1.1136399335921851e+03,
       1.8363414537031269e+03, 4.7364185155151972e+02,
       4.7364185155151972e+02, 1.3704792790004110e+03,
       8.6822178412944209e+02, -9.7973437126293049e+01,
       -9.7973437126293049e+01, 6.9512747175306333e+02,
       9.4220539918726115e+02, -1.1828239481128783e+02,
       -1.1828239481128783e+02, 1.1756474569266018e+03,
       8.4774307035533684e+02, -2.3857687523033636e+01,
       -2.3857687523033654e+01, 1.0050338784787888e+03,
       1.8999829503251119e+03, 2.4940332383424285e+02,
       2.4940332383424285e+02, 3.5920372769641781e+03,
       1.2188985504431600e+03, 9.2758403511047661e+01,
       9.2758403511047675e+01, 1.1828895360574522e+03,
       7.3233315865642430e+02, 1.7082240689671562e+02,
       1.7082240689671565e+02, 1.3340527392858994e+03,
       6.9581265761242594e+02, -6.1990868771856142e+01,
       -6.1990868771856164e+01, 6.1434808213311203e+02,
       2.2508794660689755e+03, 1.5823599389643240e+02,
       1.5823599389643246e+02, 1.8428474809497527e+03,
       9.4526822666267014e+02, -2.0802595125355140e+02,
       -2.0802595125355134e+02, 1.4855095118440452e+03,
       7.7263659531929113e+02, -8.8698447864200716e+01,
       -8.8698447864200716e+01, 1.2438591957919700e+03,
       4.8348229555110856e+02, -1.8285595149836104e+02,
       -1.8285595149836104e+02, 9.1891227689211905e+02,
       1.6179373586761931e+03, 1.9945515319878231e+02,
       1.9945515319878226e+02, 2.1673700688122876e+03,
       3.0142641601175610e+03, -6.1505691913733337e+01,
       -6.1505691913733315e+01, 1.4937338576193508e+03,
       1.2025825004944220e+03, 1.8793923838731055e+00,
       1.8793923838731075e+00, 9.7682363246316788e+02,
       1.4626641253503863e+03, 1.9002503139772412e+02,
       1.9002503139772412e+02, 1.6252889419087614e+03,
       9.2296653218263020e+02, -2.9931516906452754e+02,
       -2.9931516906452754e+02, 8.9649031207972268e+02,
       2.2854040564789289e+03, 5.0116037225440266e+02,
       5.0116037225440266e+02, 1.6587186673322869e+03,
       1.3882876341618769e+03, 1.9187345365014795e+02,
       1.9187345365014798e+02, 1.7547886648502806e+03,
       9.1245146754891596e+02, -1.7519808418399119e+01,
       -1.7519808418399105e+01, 7.8600295245320024e+02,
       1.1212970751087853e+03, -4.4157609829478105e+01,
       -4.4157609829478091e+01, 8.0775274787066166e+02,
       6.4030566066465399e+03, -2.7487915214451359e+03,
       -2.7487915214451359e+03, 4.2984030005141676e+03,
       1.7145707484194463e+03, -1.5648312653212574e+02,
       -1.5648312653212577e+02, 1.3323042170974766e+03,
       1.5472878567069704e+03, -1.6023543738743135e+02,
       -1.6023543738743135e+02, 8.7400678260425400e+02,
       4.1837377826095235e+02, 2.9604100498773773e+00,
       2.9604100498773831e+00, 7.8305078685136277e+02,
       8.3782589445324072e+02, 6.9659664224349640e+01,
       6.9659664224349669e+01, 1.3442903287134939e+03,
       9.0480624651458595e+02, -1.5353955938984035e+02,
       -1.5353955938984035e+02, 1.1368365420148209e+03,
       6.0612152359839774e+02, 3.1553613161648691e+01,
       3.1553613161648681e+01, 5.8936920298518760e+02,
       5.7211181971864980e+03, -7.3253787072013392e+02,
       -7.3253787072013392e+02, 2.2171071210271848e+03,
       1.0076251878286688e+03, -4.3313848288208101e+02,
       -4.3313848288208095e+02, 1.6997861250427773e+03,
       5.7982833662399264e+02, -3.8776778655129917e+01,
       -3.8776778655129910e+01, 1.0866172906081963e+03,
       1.5897636243188185e+03, 8.3986807341813616e+01,
       8.3986807341813602e+01, 1.1908595130422741e+03,
       1.2492385558574344e+03, 1.0410276674890723e+02,
       1.0410276674890723e+02, 1.3896499522276929e+03,
       9.0984545915546221e+02, -2.5025507190598727e+01,
       -2.5025507190598745e+01, 1.2469162298210306e+03,
       5.7472417759107168e+02, 2.2399520847469634e+02,
       2.2399520847469628e+02, 1.2783329038239601e+03,
       2.2706883769180031e+03, -1.7390691866865276e+02,
       -1.7390691866865276e+02, 1.1092133043098522e+03,
       8.9959683174871736e+02, -4.3922207271833656e+01,
       -4.3922207271833656e+01, 5.3453244995577927e+02,
       2.2118852876981646e+03, -2.3732415510475684e+02,
       -2.3732415510475690e+02, 2.1544316867523862e+03,
       1.0953423258876439e+03, 6.8892292500164231e+01,
       6.8892292500164260e+01, 7.2249346177677535e+02,
       7.2613872834526535e+02, 5.6847466666677214e+01,
       5.6847466666677235e+01, 7.9292768985630084e+02,
       3.0976701172706585e+03, -2.9511806857676663e+02,
       -2.9511806857676652e+02, 1.9775964733228695e+03,
       6.1452024642019103e+02, -4.7284935503494090e+01,
       -4.7284935503494104e+01, 1.2425861101468713e+03,
       5.8107931017700298e+02, 7.9645085994904861e+01,
       7.9645085994904903e+01, 8.7162408202547374e+02,
       7.9257487383635691e+02, -7.5447795888584196e+01,
       -7.5447795888584196e+01, 1.0610405168339285e+03 ]
