%YAML:1.0
means: !!opencv-matrix
   rows: 11
   cols: 9
   dt: d
   data: [ -1.7752631550366206e+02, 7.4748794285859603e+01,
       3.9617641453149830e+01, -4.3766746346455463e+01,
       -1.7163821264233047e+01, 6.1315610448705504e+00,
       -1.5390884580129385e+00, 1.7130259818379572e+00,
       6.0371960574065253e-01, 1.4119195057144162e+02,
       -6.9927407249320366e+00, -3.7843358339208216e+01,
       8.0058481562931121e+00, -4.7113992723594231e+00,
       1.2957253466940127e+01, -7.7929431716755748e-01,
       1.3795259357439063e+00, 2.7988331447512860e-01,
       1.1271193456580857e+01, -9.2878185166016337e+01,
       -2.4822018367614360e+00, 6.0015516592634370e+01,
       1.6193116584072922e+00, -1.3537803737139362e+00,
       1.9833851757545249e+00, -4.7220434804606598e-01,
       1.5882001363633588e-01, 1.5360067375230710e+01,
       1.1231993220718790e+02, -8.5143426454179882e-01,
       -6.8689053680469797e+01, 5.4599734373520334e+00,
       7.9636806448717989e-01, 6.1904193112304884e-01,
       1.6676358216678202e+00, 1.1867982031321422e+00,
       3.9918659395421955e+01, 1.4635302358933904e+01,
       -4.7204150950649124e+00, -5.4903239373949697e+00,
       1.9768493761668541e+01, -4.0880153391413387e-01,
       7.8931377253495771e-01, 9.0030620401667072e-01,
       3.8251442941284819e-01, -2.0407350024521890e+02,
       5.9414774947572342e+00, 4.2198662058639187e+01,
       -1.7434074423683488e-01, -1.0277948737129043e+01,
       5.7957860341577190e+00, -1.9453881120524870e+00,
       -2.1161390891856842e+00, -7.2282601143576719e-01,
       -9.7062638983219287e+01, -1.8658074297985301e+01,
       2.6746978061560245e+01, 1.3819376959725686e+01,
       6.4307359518594351e+00, -5.2760826551518960e+00,
       2.0285461999608394e+00, 8.4747706864438499e-01,
       2.6065495141727130e-01, 8.1797655365453764e+01,
       1.5603550344544848e+01, -2.3945124685420357e+01,
       -3.2200767842013754e+01, -2.6458746405074635e+01,
       -1.9698224499563011e+01, 9.0797347888551660e-01,
       -2.3078639951374327e+00, 1.9611661056059226e-01,
       9.7729160052370830e+01, -2.1724406401392280e+01,
       -3.0528919333053523e+01, 7.2506567929960495e+00,
       -1.1846129131864744e+01, 5.7170658737580711e+00,
       -2.3031347847052603e+00, -1.9458723053989264e+00,
       -1.4978597995979366e+00, -1.7541053365769447e+01,
       1.5886215696587849e+01, 2.0045923837236561e+01,
       -6.4634834325708406e+00, 1.8871649901164687e+01,
       -7.6532468436917274e+00, -6.0714575638094219e+00,
       -4.1223871229266402e+00, -5.0984419724338021e+00,
       -1.3985649168572107e+02, -1.0289384772959367e+02,
       2.6549151282427069e+01, 6.5194521706965915e+01,
       -1.7080343301630290e+01, -8.7742440544600653e-01,
       1.3625732537576016e-01, -1.2969892885764485e+00,
       7.9614122960404254e-01 ]
covs: !!opencv-matrix
   rows: 99
   cols: 9
   dt: d
   data: [ 6.2908523165281904e+03, -3.0445873453634658e+02,
       3.0341700141476090e+03, 3.4221384388618338e+02,
       1.7117252739432433e+02, -5.0589327156702609e+02,
       1.2541177023288093e+02, -3.8066433346558547e+01,
       -2.6160257594016336e+01, -3.0445873453634647e+02,
       7.3465471064970779e+03, 2.7880441029913232e+01,
       1.8732443950805678e+03, -3.6175314621513814e+02,
       6.3153016227583294e+02, -1.3346175992224556e+02,
       -1.3742041665005613e+00, 1.0162235871160613e+01,
       3.0341700141476090e+03, 2.7880441029913250e+01,
       2.4782389058274453e+03, 5.8866440624348868e+01,
       -3.6504098927347997e+01, 1.1795761081925838e+02,
       -3.4697263842123583e+01, 8.3279616313667049e+00,
       2.7310150136863611e+00, 3.4221384388618344e+02,
       1.8732443950805680e+03, 5.8866440624348868e+01,
       1.3048426015150737e+03, 1.4299166002017188e+02,
       -1.9770842962424803e+02, 4.4999669206889202e+01,
       -1.7675647387150885e+01, 4.8334823529220845e+00,
       1.7117252739432433e+02, -3.6175314621513820e+02,
       -3.6504098927348011e+01, 1.4299166002017185e+02,
       1.6711643044086054e+02, -1.0753689914624516e+02,
       3.2182108496818060e+01, -5.6732510343317006e+00,
       1.7781506272778349e+00, -5.0589327156702609e+02,
       6.3153016227583294e+02, 1.1795761081925838e+02,
       -1.9770842962424800e+02, -1.0753689914624516e+02,
       4.4569631850597222e+02, -4.6593830089335178e+01,
       7.1739916478000172e+00, 4.6550403192964636e+00,
       1.2541177023288094e+02, -1.3346175992224556e+02,
       -3.4697263842123576e+01, 4.4999669206889187e+01,
       3.2182108496818053e+01, -4.6593830089335178e+01,
       3.6853817606048899e+01, -3.6683101852626891e+00,
       -3.0602661656491383e+00, -3.8066433346558554e+01,
       -1.3742041665005653e+00, 8.3279616313667049e+00,
       -1.7675647387150882e+01, -5.6732510343316989e+00,
       7.1739916478000172e+00, -3.6683101852626896e+00,
       1.3781816880120752e+01, -1.5711246997186126e+00,
       -2.6160257594016336e+01, 1.0162235871160613e+01,
       2.7310150136863620e+00, 4.8334823529220854e+00,
       1.7781506272778353e+00, 4.6550403192964636e+00,
       -3.0602661656491388e+00, -1.5711246997186130e+00,
       2.0794814059697067e+00, 4.8614823647958474e+03,
       3.1655243768270964e+02, 2.8083019433295535e+03,
       -1.4778188344420849e+02, -1.8489180226173806e+02,
       -1.0752538387057668e+02, -5.9314704957541494e+01,
       3.3159498223615413e-01, 2.4303212477867302e+01,
       3.1655243768270964e+02, 6.6815480878654025e+03,
       -2.6210063460199285e+02, 1.7413496370089176e+03,
       -1.1105911985217612e+02, -7.7585131189474808e+01,
       1.8120522689405121e+01, -4.7200315755157675e+01,
       9.3418906548751757e+00, 2.8083019433295535e+03,
       -2.6210063460199291e+02, 2.5992623832237837e+03,
       1.0522099462397740e+02, -8.6070545327390150e+01,
       5.9010913082166596e+01, 2.6971489519646553e+01,
       4.7537068813613610e+00, -2.3101007290774005e+00,
       -1.4778188344420849e+02, 1.7413496370089176e+03,
       1.0522099462397745e+02, 1.5855652111489796e+03,
       -2.5515920508162775e+01, -1.0770870798048131e+02,
       9.1327816944564577e-01, 3.7272366361422833e+01,
       -5.9964609578812320e+00, -1.8489180226173806e+02,
       -1.1105911985217612e+02, -8.6070545327390150e+01,
       -2.5515920508162765e+01, 3.0241496514536625e+01,
       1.7930421791795634e+01, -6.2086772735470053e+00,
       -3.7465208798499847e+00, 1.0779648140671525e+00,
       -1.0752538387057670e+02, -7.7585131189474808e+01,
       5.9010913082166596e+01, -1.0770870798048131e+02,
       1.7930421791795634e+01, 5.4534722178262506e+01,
       1.1100528224525572e+01, -1.0132724672839700e+01,
       -1.8367918291457701e+00, -5.9314704957541480e+01,
       1.8120522689405121e+01, 2.6971489519646560e+01,
       9.1327816944564510e-01, -6.2086772735470053e+00,
       1.1100528224525572e+01, 2.4022630089346563e+01,
       -3.3814923599806437e+00, -2.5524469058246431e+00,
       3.3159498223615574e-01, -4.7200315755157675e+01,
       4.7537068813613610e+00, 3.7272366361422826e+01,
       -3.7465208798499843e+00, -1.0132724672839700e+01,
       -3.3814923599806437e+00, 1.4837930207589025e+01,
       -2.5898793216484601e+00, 2.4303212477867302e+01,
       9.3418906548751739e+00, -2.3101007290773992e+00,
       -5.9964609578812329e+00, 1.0779648140671527e+00,
       -1.8367918291457701e+00, -2.5524469058246426e+00,
       -2.5898793216484592e+00, 1.9087077895325750e+00,
       6.5570034233235101e+03, 1.8168430089776842e+02,
       2.5996280318376148e+03, 2.0299165336478939e+02,
       -3.4658607611044732e+02, 1.3712547370734484e+02,
       -1.8571367286582337e+01, 1.9818390930214729e+01,
       8.6914979536063051e+00, 1.8168430089776842e+02,
       6.4168563637660482e+03, -1.2174285844904830e+02,
       2.0440006495405428e+03, 2.4132717172949434e+01,
       -2.7996702351428681e+01, 7.4626271823108056e+01,
       -1.7344779138018882e+01, -5.1966171201000906e+00,
       2.5996280318376153e+03, -1.2174285844904833e+02,
