%YAML:1.0
means: !!opencv-matrix
   rows: 7
   cols: 15
   dt: d
   data: [ -4.0437096011290762e+01, -1.0214384475674440e+02,
       4.9542604628124502e+00, 6.8040290522250416e+01,
       -9.6722583745873365e+00, -1.0418462939756226e+00,
       1.3021065847642546e+00, -7.6527216963807598e-01,
       3.1568389495592963e-01, -2.2956193097149125e-01,
       3.6593856154858315e-02, -9.8054996878413642e-03,
       1.2748958845935055e-03, -8.6475060654907458e-03,
       -6.8818630357957754e-03, -1.0804989043231396e+02,
       -1.6534041155758398e+01, 2.7694792476529091e+01,
       1.1373282438932288e+01, -1.8344057606099293e+00,
       -3.1876190174085011e+00, 1.6715057092693211e+00,
       9.9039436698381045e-01, 3.3045499885034302e-01,
       -4.8055937273476117e-02, -8.4008271826796183e-02,
       1.3734272653292441e-02, 3.7629964343307847e-03,
       -5.1136551293901457e-04, -1.9783434788204889e-02,
       8.1605640804557638e+01, 1.5343484133454307e+01,
       -2.4146216450978830e+01, -3.2242308547287486e+01,
       -2.6491769617099159e+01, -1.9678396184991172e+01,
       8.8314735891732254e-01, -2.3269080722685946e+00,
       2.0651915670967069e-01, -4.2003912363239353e-02,
       1.0529231742330095e-01, -4.6979825847763921e-03,
       6.5040994177059468e-04, 2.9178931032998166e-03,
       1.5135979422203147e-02, -1.9883249549863717e+02,
       6.0787430343467996e+01, 4.0094737398720930e+01,
       -3.2660226671469836e+01, -1.6845800568573512e+01,
       1.1368076531999099e+01, -3.3147892974208024e+00,
       -8.4439993854472495e-01, -1.6735860396502586e-01,
       2.6090559748284409e-01, 7.5213412372023836e-03,
       -2.2914940653087117e-02, 1.1006481980052271e-03,
       5.4554534646808744e-03, 2.5381853339091785e-02,
       4.8197856046365949e+01, 2.8672407126648864e+00,
       -1.0582699427477028e+01, -5.1524237389759850e+00,
       4.8540466805443128e+00, 1.6217236324223852e+00,
       -4.4763664817137805e+00, -3.0712239260794796e+00,
       -3.4805298495725139e+00, -3.6742291314311698e-02,
       -1.4240579975849585e-01, -6.1692185673107641e-03,
       -2.8777537090554903e-02, -1.6208280392174925e-03,
       -8.2207352773793433e-03, 2.2668813445637021e+01,
       1.2411377099566715e+02, -1.8776178780278574e+00,
       -7.3979347517327966e+01, 9.0073089736694598e+00,
       2.3384280831994038e+00, 9.5826752516664704e-01,
       1.8827028853006402e+00, 1.3780962029512975e+00,
       4.1093682665729248e-01, -5.3420634484123958e-02,
       -2.4171933371788273e-02, -4.8777160278793634e-04,
       -6.9715752596952807e-03, -6.5344196371637006e-02,
       6.9390803935015299e+01, -9.9739242715092502e-01,
       -1.4461961048869025e+01, 3.7214057781815231e+00,
       1.0451251394722027e+01, 3.2362177971094770e+00,
       2.9859511212506201e-01, 8.5056151166224936e-01,
       3.6753583124743971e-01, -8.3248090900429703e-03,
       4.1436601041463517e-02, 4.9749435526587477e-03,
       3.6774894922755722e-03, 1.1572828879732188e-03,
       9.8621097818247655e-03 ]
covs: !!opencv-matrix
   rows: 105
   cols: 15
   dt: d
   data: [ 1.1643175449025463e+04, 6.7853935987530008e+02,
       1.5945911814964941e+03, 1.2403414100506292e+02,
       4.8958467229016622e+02, 3.1751462950623055e+00,
       8.1603103322306382e+01, 4.0196359331050175e+01,
       -3.4128760768308098e+01, 1.4057960700196308e+01,
       -2.1280359067715313e+00, -8.7652684898662647e-01,
       2.7324453472163857e-01, 8.5063634197501653e-02,
       -1.4403503752278946e-01, 6.7853935987529974e+02,
       6.2278989516512229e+03, -1.5738701722862692e+02,
       2.1734011386883544e+03, -7.7104555896929071e+01,
       -1.8796190508484138e+01, 8.3007117127276459e+01,
       -1.9082190703030367e+01, -1.0278808717298263e+01,
       -1.1122677895148383e+00, 1.2034020975404671e+00,
       2.0577420007947150e-01, 6.3036757794126930e-02,
       5.7031653306325793e-02, -9.5336984702051319e-02,
       1.5945911814964941e+03, -1.5738701722862692e+02,
       2.8445062919513716e+03, -3.2232490703667295e+01,
       -2.2511584919233974e+02, 3.8879936473721749e+01,
       -1.2109256746030018e+01, -1.7844963389400076e-01,
       5.5545859061801455e+00, 2.3362012978368307e+00,
       6.0170691043000823e-01, 4.0961527579683091e-02,
       -3.9847998298079945e-02, -8.6265394485413056e-03,
       1.0880501089013125e-01, 1.2403414100506295e+02,
       2.1734011386883544e+03, -3.2232490703667281e+01,
       1.1763860139331109e+03, -4.4461328432868910e+01,
       -1.3889345863886953e+02, -4.0141163346060054e+01,
       8.6313091657619410e+00, 7.8504322654760212e+00,
       -1.1903336230062834e-02, -3.7046358604459906e-01,
       -2.7454022419229250e-02, -1.7958044019928260e-02,
       -5.4714221570213446e-02, -1.3184423058216627e-03,
       4.8958467229016628e+02, -7.7104555896929057e+01,
       -2.2511584919233974e+02, -4.4461328432868910e+01,
       8.6632073354907291e+01, -7.8873623403191999e+00,
       8.2249321722390150e+00, 3.7550505468895672e+00,
       -3.9674332640798786e+00, 1.2964612310468739e+00,
       -2.9319491244167528e-01, -4.5400517487675290e-02,
       1.6548341391470642e-02, 4.8336499173399064e-02,
       1.0979952150267534e-02, 3.1751462950623059e+00,
       -1.8796190508484148e+01, 3.8879936473721749e+01,
       -1.3889345863886950e+02, -7.8873623403192008e+00,
       4.9065906052598713e+01, 2.0787165917069768e+01,
       -7.0514313920235150e+00, -2.2801493579779426e+00,
       -5.0088476298011775e-01, 2.6158634301821859e-01,
       5.0244547296970234e-02, 6.1773849367448095e-03,
       5.5947475135257191e-03, -2.3910328627734154e-02,
       8.1603103322306353e+01, 8.3007117127276430e+01,
       -1.2109256746030011e+01, -4.0141163346060054e+01,
       8.2249321722390150e+00, 2.0787165917069768e+01,
       2.0407656295127950e+01, -1.1293512885926476e+00,
       -3.1540023964753243e+00, 6.4072281593171254e-01,
       9.6083978086336924e-02, 2.7449547645875177e-02,
       -2.8591426480160248e-02, 1.2093166530456341e-02,
       1.2151073686247391e-02, 4.0196359331050175e+01,
       -1.9082190703030371e+01, -1.7844963389400192e-01,
       8.6313091657619410e+00, 3.7550505468895663e+00,
       -7.0514313920235150e+00, -1.1293512885926471e+00,
       1.4728073069392142e+01, -3.0570877240833583e+00,
       6.1716126309145769e-01, 9.1878878514168059e-05,
       -2.8033118011393701e-02, -1.0477481367171261e-02,
       4.7881480567536685e-03, 1.5039620182398751e-02,
       -3.4128760768308098e+01, -1.0278808717298265e+01,
       5.5545859061801455e+00, 7.8504322654760204e+00,
       -3.9674332640798786e+00, -2.2801493579779422e+00,
       -3.1540023964753243e+00, -3.0570877240833583e+00,
       1.9591557756169693e+00, -2.5462693568247458e-01,
       -3.4646187306386800e-02, 1.3671478527358695e-03,
       -2.0396755208589492e-02, -7.4727781777870319e-03,
       -1.2051340140157884e-03, 1.4057960700196304e+01,
       -1.1122677895148383e+00, 2.3362012978368312e+00,
       -1.1903336230062827e-02, 1.2964612310468742e+00,
       -5.0088476298011775e-01, 6.4072281593171243e-01,
       6.1716126309145769e-01, -2.5462693568247458e-01,
       4.0971480252923032e-01, -1.8041200238438717e-02,
       2.9529477426246810e-03, 2.8376465662829399e-03,
       -9.8901005173944734e-03, 5.9749423929705238e-03,
       -2.1280359067715313e+00, 1.2034020975404671e+00,
       6.0170691043000812e-01, -3.7046358604459917e-01,
       -2.9319491244167528e-01, 2.6158634301821859e-01,
       9.6083978086336924e-02, 9.1878878514167585e-05,
       -3.4646187306386800e-02, -1.8041200238438717e-02,
       6.7713160395378594e-03, -1.6851406131993197e-04,
       5.8651238052930313e-04, 1.0173502026806734e-03,
       -5.8179378180718425e-04, -8.7652684898662614e-01,
       2.0577420007947150e-01, 4.0961527579683119e-02,
       -2.7454022419229274e-02, -4.5400517487675297e-02,
       5.0244547296970220e-02, 2.7449547645875181e-02,
       -2.8033118011393701e-02, 1.3671478527358695e-03,
       2.9529477426246805e-03, -1.6851406131993197e-04,
