%YAML:1.0
means: !!opencv-matrix
   rows: 30
   cols: 5
   dt: d
   data: [ 2.7410622574610969e+01, 7.6565026436240862e+00,
       -4.1178847888039151e+01, -7.4971283232614240e+01,
       -6.8599845183469652e+00, -1.3788379138452245e+02,
       5.0192403698310372e+01, 5.2360868992932986e+01,
       4.8819845641965092e+00, 2.6216358276079826e-01,
       -1.0483918544874619e+01, 1.8779789079523491e+02,
       9.6323723064334636e+00, 1.1836517840959890e+00,
       6.7013129177295268e+00, 9.3704124579869003e+01,
       -1.0966386566034834e+02, -2.3071151461441248e+00,
       -4.1406776450695489e+01, 9.7688006139802237e+00,
       -2.9262306902413808e+01, 4.3059656090603355e+01,
       -2.1404586665943771e+01, -6.6692215545923432e+01,
       1.0339444231811214e+01, 1.9241013601936680e+02,
       7.5830967086992914e+01, -1.6141193296900425e+00,
       4.8017557359890731e+01, -1.3151944346715640e+01,
       -8.3880810194095776e+00, -2.4692492465554860e+01,
       -6.9745937544188422e+01, 1.7276076567960800e+01,
       1.9281537161420644e+01, 1.5783959892342054e+00,
       -7.8830017724216344e+00, 6.4040622699295353e+00,
       -7.0090141686475453e+00, 3.6098804136263276e+01,
       -2.5727077377226823e+02, 1.8097695133750729e+01,
       -1.9917496128437325e+01, 3.6355634518793073e-01,
       -2.2743028490525985e+00, 5.0044996182864615e+01,
       1.1643626669517593e+02, -2.9112398226200806e+01,
       -4.6425099016664603e+01, -1.0943926352333232e+01,
       -1.7318894390983456e+01, 9.7125923362844816e+01,
       7.2684344592008557e+01, -6.0318521510755325e+01,
       -3.6934065357088794e+00, -1.0261821910480111e+02,
       -3.2974366083270546e+01, 3.8361382164184946e+01,
       2.4405133551973996e+01, 1.8795584481460927e+00,
       -2.0603124025637771e+02, -1.5165820293324973e+02,
       2.2973262143157697e+01, -6.5431819829013556e+00,
       -2.4641438443132024e+01, 4.5718763586988649e+00,
       -8.6274903062091752e+01, 2.4465106957752223e+01,
       3.0726504982074125e+01, 3.7703138302730949e+01,
       5.7690359292184866e+01, 1.6592578697795467e+01,
       1.9408887581214170e+01, 5.2702155726559958e+00,
       -1.0926775635437282e+01, 5.4142294999773746e+01,
       -7.7706563118416426e+01, -3.0723466872680967e+00,
       5.1120556623130021e+01, -4.2386194797555161e+00,
       2.0964413291550244e+02, -3.7913909608902131e+01,
       -2.2624873302437283e+01, -1.4527510798645435e+01,
       -1.3052227068623694e+01, -8.0743153077666591e+01,
       -7.3957131588548222e+01, -5.4793872277213573e+01,
       -1.1937581897359037e+01, 1.3976343315323858e+01,
       -1.5925083480422919e+02, 9.3836698174933531e+01,
       3.0104407279071692e+00, -4.4515683182500055e+01,
       -1.3554917223332033e+01, 7.7905858011253244e+01,
       3.9574640809182021e+01, 2.2185981027968296e+01,
       1.3572265335532144e+01, 1.4671129838750172e+01,
       8.9703359389848359e+01, 3.4573946453795784e+01,
       -8.3929423520900315e+01, 5.2027642710201739e+01,
       -9.5172791196985873e+00, 1.5431734820095076e+02,
       -8.9210919593518956e-02, 5.0611486587861194e+01,
       -1.7409342670023008e+01, 1.6534330867364793e+00,
       1.0812102384921282e+01, -2.3411788658034686e+02,
       7.4913114170620254e+00, 7.5568416678762091e+01,
       -2.0569267582567785e+00, -7.2801758541779051e+01,
       5.6111518878719515e+01, -2.5351444773881649e+01,
       6.3166168074621083e+01, 2.0304646232355072e+01,
       -1.2836716109983675e+02, -9.2230496810583404e+01,
       2.6345697363286597e+01, -5.7102746903905668e+01,
       2.2030023257799582e+00, 9.9195314890239715e+01,
       -9.0210368952501568e+01, -9.3536169199188805e+01,
       -1.0063152746729582e+01, -1.2660119334727288e+01,
       -1.0055270779577386e+02, -6.6840871134939917e+01,
       1.0821518338827639e+02, 1.4421343736857697e+00,
       -2.2814927615364994e+01, -2.1212907824352479e+02,
       -2.6658676757001686e+01, 4.5886561711853801e+01,
       6.0970516653022401e+01, -2.5029726772000132e+01,
       -2.0391911164785320e+01, 1.2404541130369630e+02,
       -5.8983351418020554e+01, 1.0608159224294603e+01,
       6.0627733608427743e+00, 1.0001681122284090e+02,
       -4.4319286270691336e+01, -2.1073524886639476e+01,
       3.7520814756689127e+01, -2.7432393792167375e+01 ]
