%YAML:1.0
means: !!opencv-matrix
   rows: 22
   cols: 10
   dt: d
   data: [ 1.7533597612594787e+02, 7.5202259487591938e+00,
       -4.7053706837612893e+01, 1.4436344091456109e+01,
       -8.6345293687485452e+00, -7.6434715238042230e+00,
       1.6243230550318641e-01, -6.6526140820525625e-01,
       -8.5322665665450736e-01, -8.3230627766476162e-02,
       -2.2499470561002493e+01, 8.3201449039532953e+00,
       8.0714711597629361e+00, -8.6204833138688368e+00,
       2.5711626669226035e+01, 3.8183390756355347e+00,
       1.5049989037208054e+00, -7.3070767228313960e-01,
       -8.0252482499649516e-02, -2.0508992089286276e-02,
       -1.7808267348471566e+02, 1.5859603508654569e+01,
       4.0479119288979540e+01, -1.6252135846224736e+01,
       -6.7994013328132858e+00, 4.4022829848625893e+00,
       1.4200913035606999e+00, 1.3234983681537076e+00,
       -8.9605948024747462e-01, 4.7410896656859221e-02,
       2.9811195179919906e+01, -1.9939542790594967e+01,
       -4.6416413503828863e+01, 2.3197034517370607e+01,
       1.0431472759118474e+01, 1.4366810656237650e+00,
       3.6786450231935947e-01, -4.2917504737378603e-01,
       -4.5562566167289748e-01, 7.1104325244058131e-02,
       9.5433338000321413e+01, 5.8743940040782938e+01,
       -3.5232475421658080e+01, -1.6704593095859760e+01,
       -1.6239586879594871e+01, -2.8211785105320568e+00,
       -9.8640613484545636e-01, 1.0868759066494940e+00,
       -3.8272211498314307e-01, -1.8470395956235862e-02,
       1.5774687839225439e+00, -2.4904008396553643e+01,
       -3.3698377692367272e+00, 7.9360923087808981e+00,
       -8.1162265860786249e+00, -1.0428198672885458e+01,
       3.5725905410365098e-02, -4.1503403219586471e-01,
       -1.2774681982270639e+00, -2.2293031297896993e-02,
       -1.2037308734046684e+02, 1.1698528461366362e+02,
       9.7943537881171121e+00, -5.5266569634140758e+01,
       -1.3600694756369526e+01, 8.5184274913996827e-02,
       6.8237184296444753e-01, -4.4053918175509188e-01,
       -4.1671462253213370e-01, -2.9987483460341580e-01,
       -1.4286039095854471e+02, 5.7668013126895310e+01,
       3.2102226980011736e+01, -3.2014198428592252e+01,
       1.3787390586395614e+00, -3.8333217159139523e+00,
       -7.7377290987415664e-02, 1.1550264584404517e+00,
       -1.2142533438701089e+00, -1.5992460063436470e-01,
       -1.4798177635684530e+02, -6.7551769518510724e+01,
       4.3635813952146741e+01, 8.4840441683110992e+00,
       -6.7204215844507811e+00, -2.5030809562694188e+01,
       -2.8483883283210654e+00, -9.2190217785921591e-01,
       -1.8461544973190993e+00, 2.4654139766091848e-01,
       1.3894392521584956e+02, -1.3093846555511622e+01,
       3.3846316905360062e+01, -7.8768320893734334e-01,
       7.3936479499033796e+00, 8.9627020488945733e-02,
       1.3052215543665335e-01, -6.6594145105591884e-01,
       -4.4731054393009723e-01, 8.2275016464231104e-02,
       1.2923501890965941e+01, 6.6738827302898599e+01,
       -5.7758272445627048e+00, -3.2019874817563633e+01,
       -7.5950803660100630e-01, -7.8764899498953049e+00,
       -7.2190935323543863e+00, 4.1900141584768247e-01,
       5.8907865874315739e+00, 1.3402013418354430e+00,
       3.2109325657331214e+00, -1.9288844683025152e+02,
       1.4935715811971308e+01, 6.5246165819055776e+01,
       1.3139919544159349e+01, -2.0686209351207392e+01,
       -1.7604602098051290e+00, -1.0974114939472812e+00,
       5.2741158350939954e-01, -1.4860440796217353e+00,
       -1.6915331594696877e+02, -1.2838855935512441e+02,
       4.7527101630801937e+01, 4.5438626310670678e+01,
       -3.3920652239446056e+01, -7.7410318331501005e+00,
       -5.3942556355357043e+00, -1.3144502680062442e+00,
       -7.2442786989687327e-02, 2.4199732539194854e-01,
       -1.9684850417930778e+02, -1.5020285792816333e+01,
       3.3211904220242282e+01, -1.6884440826985387e+01,
       -2.4458233237788694e+00, -8.4855437595055498e+00,
       -1.8275788488181977e+00, -3.9271409256317696e-01,
       3.9358613417096704e+00, 6.2452010867451191e-01,
       9.9157422277807882e+01, -4.4704704462724791e+01,
       -2.2044550215010926e+01, 3.6810319285834389e+01,
       -2.7565559786825716e+01, 2.3514863009537724e+01,
       1.1079780714622940e+00, 1.2856684180728943e+00,
       4.9448816157250486e-01, 3.0935941385750964e-02,
       8.4926775076105358e+01, -8.0688684523236631e+01,
       -1.3724546055816356e+01, 4.9791871064911078e+01,
       -1.4044456772644265e+01, 1.5776606011338725e+01,
       2.4806219915968803e+00, -6.7845146019319058e-01,
       -3.9210898570340769e-01, 4.3121656006546083e-01,
       -1.7090496702220297e+00, 8.9283724057908856e+01,
       -8.8741345960560363e+00, -4.3431363677821594e+01,
       1.1926630928002441e+01, -2.0572104904739907e+00,
       1.4521577129889993e+00, -2.5397280555121082e-01,
       -2.8607894091691627e-01, 3.4320243211299152e-02,
       7.4032798775485684e+00, -2.9371134247825040e+01,
       2.4151701640798282e+00, -7.3434863831625661e+00,
       1.4842186383823980e+01, -1.5311280396428792e+01,
       -3.3214812963663678e+00, 4.5033067885770350e+00,
       6.0232126015540075e+00, -1.8039394517178369e+00,
       3.6765654206933633e+01, 1.2666197963289616e+02,
       -2.8621994606853455e+01, -5.1447720493362482e+01,
       -8.4324621539694373e+00, 1.3769000150215074e+00,
       2.1514589950173639e+00, 3.6995117167262148e-03,
       -2.7348786071548886e-01, -1.0774399136593847e-01,
       -1.0987250058413929e+00, -4.5719956555183693e+01,
       1.0571111001313170e+01, 1.8179795057536072e+01,
       4.0352642239466228e+01, 5.5651107065664340e-01,
       9.4367137725800410e-01, -9.1586775104372065e-01,
       -3.7143065539930809e-01, 1.9428425737365598e-01,
       -1.4184371262094479e+02, -5.6239619915251723e+01,
       4.1298275334036582e+01, 1.9265948069007081e+01,
       -8.4447970760126925e+00, 1.1253948480640279e+01,
       6.0209527572338351e-01, 1.2338864830323177e+00,
       -5.8820246101250762e-01, -1.0353834665109408e-01,
       5.5129996784057120e+01, -1.1661294966610043e+00,
       -8.8336349315869356e+00, -8.2102872063493599e+00,
       -6.1250185319900412e+00, -7.3884359463156688e+00,
       -8.7735080743178564e+00, 6.3646158415828546e-01,
       6.9005302944769804e+00, 9.1268452304049064e-01 ]
