%YAML:1.0
means: !!opencv-matrix
   rows: 21
   cols: 8
   dt: d
   data: [ -1.5085668376667752e+02, 1.4439730901616299e+00,
       3.8172939205583340e+01, 1.3183990862755273e+01,
       -6.3711159914620090e+00, 2.3852238234362694e+01,
       -1.2541060231395504e+00, 2.5355811894618570e+00,
       1.4952850218988675e+02, 7.9027968408974747e+00,
       -3.8831472788239402e+01, -2.0001343944557335e+00,
       -7.8556903056659086e+00, 8.5412248409416662e+00,
       5.0465295082451356e-01, 4.1283372454076006e-01,
       4.0034536763639309e+01, -4.4643552571519713e+01,
       -1.6229954254515846e+01, 3.1665937731509217e+01,
       -8.3576202186244455e+00, 5.7687726643796671e+00,
       5.5747145839578038e-01, 8.2425437707685123e-01,
       8.2025022748032882e+01, 1.8869505522926794e+01,
       -2.2101501597255684e+01, -3.2200423950795852e+01,
       -2.5216094213461872e+01, -2.0523420353556503e+01,
       1.3033178976346578e+00, -2.7764042267355094e+00,
       -1.9653453717162532e+02, 9.4242880083107295e+01,
       4.1375710083276601e+01, -5.2231298842254425e+01,
       -2.4274395023811774e+01, 1.5783831397131392e+01,
       -3.5274480636717658e+00, 1.9752459229694987e+00,
       -1.4871111925105166e+02, -1.0375243386518109e+02,
       2.7608470978474902e+01, 6.6264424905179027e+01,
       -1.9752118924331700e+01, 7.2647691211127730e-01,
       -2.3080658297558135e-01, -1.4361343496949830e+00,
       1.4389451634810714e+01, 6.1922405330157048e+01,
       7.2081442538256779e-01, -3.9762690058875634e+01,
       4.3304679223924207e+00, -1.7919684831704309e+01,
       3.0396708591095745e-01, 5.7122418020868138e-01,
       1.5728395210584912e+01, 1.5682191519552364e+02,
       1.2023145147839950e-01, -8.6272998093671617e+01,
       1.5772215234979740e+01, 1.6300487006974741e+01,
       -4.8699213486229087e-01, 2.2989364558730028e+00,
       -2.0908993616052328e+02, 2.2757567886328633e+01,
       4.4377926033356395e+01, -1.0740767066968846e+01,
       -1.3895741021092618e+01, 5.5058325235257826e+00,
       -2.4770356720509761e+00, -1.2274499278464126e+00,
       -3.5167689113066977e+01, -8.5277038891861103e+00,
       2.0245663142238023e+01, 1.6111463880687889e+01,
       2.3529017084028673e+01, -8.7491377810495621e+00,
       -2.7768194865675500e+00, -2.5015900157255633e+00,
       3.1078106462671002e+01, -9.9375715848979425e+01,
       -1.0389872880829346e+01, 6.8144429623673929e+01,
       -4.1905644587708597e+00, -1.3148269277955840e+00,
       2.0720674456452932e+00, -4.1089709791942575e-01,
       4.8641365141233720e+01, -8.7487738945240679e+01,
       -1.1735028709438026e+01, -4.0881318797401512e+01,
       1.3895276660006790e+01, 2.1276198649852818e+00,
       -1.0456486083164143e-01, 8.8892161720394958e-01,
       -1.0922756678499356e+02, 2.9886946233579668e+01,
       3.3007501239705022e+01, -2.1187114662212217e+01,
       6.6409328688113849e+00, -1.5271231507833631e+01,
       2.1915941278107627e+00, -1.5468194857482462e-01,
       1.6004457443849103e+02, 1.4880927599701346e+01,
       -4.7280781745639658e+01, -1.1327953694668741e+01,
       -6.3188178584466881e+00, 1.2991016622925013e+01,
       -5.5129451597014500e-01, 5.5761799363255926e-01,
       6.0038894982912353e+01, 3.6404633554431406e+01,
       -1.1018325113928617e+01, 8.7698587687002494e+00,
       1.5996820123922483e+01, 3.4651927563593263e+00,
       9.4256771488035240e-01, 1.3482821221911170e+00,
       8.4390943661446002e+01, 9.1663565582915361e+00,
       -2.8465020631799057e+01, -3.0333643293842893e+01,
       -2.8702227430176805e+01, -1.6653127498843023e+01,
       2.0805668625113717e-02, -1.2697573205181953e+00,
       -4.4415743267986363e+00, 3.8584506318403463e+01,
       1.0496331727668611e+01, -1.8412955463706222e+01,
       3.8641369079394998e+01, -5.1984605275886109e+00,
       1.5415268422885589e+00, 9.1717178771432395e-01,
       9.3170618066620705e+01, 1.3179171692904704e+01,
       -1.5631450778843270e+01, 5.1756981734544905e+00,
       -4.2332973283733466e+00, 5.5241313462579820e+00,
       -5.2116613101364111e+00, -1.5157977947908781e+00,
       -1.6037972912087872e+02, -4.0987055457384336e+01,
       3.8233727925118188e+01, 2.4511248212024750e+01,
       -1.3303660237358780e-01, -1.9260553739749695e+00,
       1.4227908139947623e+00, -1.3247092361122159e+00,
       -5.7912925771082968e+01, -8.3061061925718263e+01,
       1.4901027903487627e+01, 5.1150858951931930e+01,
       7.6455182814102765e+00, -3.6646639801956868e+00,
       2.0726848243176534e+00, -3.2337461250436916e-01,
       1.1377257139505730e+02, -4.2663138758232421e+01,
       -3.0292343325755603e+01, 3.4289233462650230e+01,
       -2.9268478490384866e+00, 1.3429579080145931e+01,
       -6.6706936415751455e-02, 1.8878097713186357e+00 ]
