%YAML:1.0
means: !!opencv-matrix
   rows: 26
   cols: 3
   dt: d
   data: [ -7.7205748127259781e+01, -3.2299951300141587e+00,
       9.3259168532661349e+01, 1.6960864703918741e+01,
       7.4873532913024121e+01, -9.5267454218376002e+01,
       1.3291831809092903e+02, -4.3688472107459290e+01,
       2.1179735216573686e+01, -1.8685108029436711e+02,
       1.1686675485335263e+01, 2.2137625810858301e+00,
       4.6140478745259719e+00, 3.3292023470217373e+01,
       1.1444197736155770e+01, 2.0470946482662078e+00,
       -4.1972882543214141e+01, -8.6386979321121032e+01,
       -1.8507483767618820e+02, -1.1780783090597414e+02,
       -9.2804315614024127e+00, 1.7893043425824874e+02,
       -8.6650588594463514e+01, 3.6962862592458883e+01,
       -2.7990186054421304e+02, 5.5565910206540678e+01,
       -1.9187132885164157e+01, 1.0084787693138459e+02,
       1.0524269470637822e+02, -4.4914251614503506e+01,
       -1.1282059334491249e+01, -1.3438789937517868e+02,
       -3.1293931461440881e+01, 4.5150484245937541e+01,
       9.0917304682920161e+01, 4.0776493042278595e+01,
       -1.9613895406521388e+02, 1.2688625024746067e+02,
       4.0056498050704604e+01, 1.6579530096569187e+02,
       7.8893489009286867e+01, 1.9765005487219195e+01,
       -1.5866969843622587e+02, 2.8266856076564860e+01,
       7.0790885611873620e+01, -2.1785672525780782e+01,
       1.2180477763759301e+02, -1.9121931822537000e+01,
       1.1210064449271879e+02, -6.4725831279581229e+01,
       -5.6051315273252769e+01, 6.8481950595014354e+01,
       -4.5766659781367691e+00, -2.8344848455860884e+01,
       -9.0115174310615402e+01, -9.7936891438321894e+01,
       6.1604827128384024e+01, -9.0843483980874311e+01,
       4.4345287848344867e+01, -5.1357924349196047e+01,
       -8.1384549710993596e+01, -5.3523059249202383e+01,
       -3.2380637919809622e+01, 1.9921918472761197e+02,
       9.7620186620790665e+00, 4.7289483440725206e+01,
       6.2177222948695835e+01, -1.4959361405148476e+02,
       2.7867798992511048e+01, 8.1644781464908817e+01,
       -1.3046943992385063e+00, 8.0329919993131981e+01,
       -2.6346745771009030e+00, -4.6996464131329304e+01,
       1.7248351383054150e+01, 1.1321276063206409e+02,
       2.4435498132186673e+01, -4.3014132611806524e+01 ]
covs: !!opencv-matrix
   rows: 78
   cols: 3
   dt: d
   data: [ 2.4293182352423664e+03, 9.3800460347223054e+02,
       -1.1420611958879195e+02, 9.3800460347223054e+02,
       6.8808252911583932e+03, -4.5907046123818155e+01,
       -1.1420611958879192e+02, -4.5907046123818155e+01,
       4.5361785313452731e+02, 2.3616191585367915e+03,
       9.7067545874378851e+01, -4.6760059935443508e+02,
       9.7067545874378794e+01, 2.9106515024639380e+03,
       1.9591431683555012e+02, -4.6760059935443513e+02,
       1.9591431683555012e+02, 4.9417693050159392e+02,
       2.8698857466275058e+03, -6.5461756897928547e+02,
       -5.8848348182375935e+02, -6.5461756897928547e+02,
       3.1464278652823123e+03, 3.4949439462883009e+02,
       -5.8848348182375935e+02, 3.4949439462883009e+02,
       6.7512552677102201e+02, 3.4621148607494597e+03,
       1.4716796035374005e+03, 5.2867297909267666e+02,
       1.4716796035374002e+03, 5.1522378581677649e+03,
       1.5063590666742320e+02, 5.2867297909267666e+02,
       1.5063590666742317e+02, 1.0270392210206535e+03,
       2.1712694726435188e+03, -9.3724699816820362e+02,
       2.2432319857738077e+02, -9.3724699816820350e+02,
       3.6504081049524407e+03, 2.2440545264910230e+02,
       2.2432319857738077e+02, 2.2440545264910233e+02,
       1.5320009652673727e+03, 2.5895505656838604e+03,
       2.2469973861781304e+02, -4.0157892637925823e+02,
       2.2469973861781310e+02, 3.7145536572923934e+03,
       4.7704189140772723e+02, -4.0157892637925818e+02,
       4.7704189140772712e+02, 5.9829790758632544e+02,
       2.8967820472935514e+03, 1.1392201656681352e+03,
       1.1372530059010103e+03, 1.1392201656681352e+03,
       4.3862101886104174e+03, 5.1824852642140945e+02,
       1.1372530059010105e+03, 5.1824852642140945e+02,
       8.5485593158872939e+02, 2.5687599464885661e+03,
       8.4994715565565014e+02, -6.8082205646006639e+02,
       8.4994715565565025e+02, 4.6993131730814985e+03,
       -5.8469665580242656e+02, -6.8082205646006639e+02,
       -5.8469665580242656e+02, 4.0865177959731528e+02,
       1.9268111645151309e+03, 8.4270479353031146e+02,
       2.1723417560506650e+02, 8.4270479353031146e+02,
       9.0231023228194899e+03, 1.2054668585414879e+02,
       2.1723417560506653e+02, 1.2054668585414875e+02,
       3.0973247008157381e+02, 3.5786742374015203e+03,
       -9.2999076557078979e+01, 7.7547690706629055e+02,
       -9.2999076557078993e+01, 1.1644979015755246e+03,
       -5.9211122743041024e+01, 7.7547690706629055e+02,
       -5.9211122743041010e+01, 1.2169549219747910e+03,
       3.9579640611184950e+03, 1.4199044554629693e+03,
       1.3625064775139376e+02, 1.4199044554629688e+03,
       3.5427352637043400e+03, 4.1177847687502964e+02,
       1.3625064775139381e+02, 4.1177847687502975e+02,
       1.4132990744436327e+03, 1.6821781341824792e+03,
       -3.4913052054253524e+02, 7.4377677200252526e+02,
       -3.4913052054253529e+02, 6.6642161347070260e+03,
       -3.2288828123622130e+02, 7.4377677200252526e+02,
       -3.2288828123622125e+02, 6.5997204866889126e+02,
       3.0510805334943484e+03, 7.9696361838605787e+02,
       1.4395563611639304e+03, 7.9696361838605787e+02,
       3.3131565345238937e+03, 3.4251232228720755e+02,
       1.4395563611639302e+03, 3.4251232228720761e+02,
       1.2747723021978743e+03, 2.6983970011463666e+03,
       -4.0404892991208851e+02, -1.7770313913171910e+02,
       -4.0404892991208851e+02, 2.7621049715752492e+03,
       1.2607225028555897e+02, -1.7770313913171915e+02,
       1.2607225028555894e+02, 5.1564072688276531e+02,
       2.5033942744292476e+03, 2.4499039560270990e+03,
       9.5500905529685190e+02, 2.4499039560270990e+03,
       7.5621656854768562e+03, 1.2660319269513591e+03,
       9.5500905529685190e+02, 1.2660319269513591e+03,
       9.0169955584684590e+02, 4.0108699897278116e+03,
       7.8383499991463418e+02, 9.0813201522298186e+02,
       7.8383499991463430e+02, 5.5553629102140740e+03,
       -8.7179343684173807e+02, 9.0813201522298186e+02,
       -8.7179343684173807e+02, 1.0103846913728444e+03,
       2.1215320939169987e+03, -8.1812308689158883e+01,
       8.8671803526839642e+02, -8.1812308689158897e+01,
       2.6696946721742138e+03, -2.1156122046758355e+02,
       8.8671803526839642e+02, -2.1156122046758358e+02,
       1.2521038390188542e+03, 2.2011975743689713e+03,
       1.6709263638123181e+02, 1.6065587919969535e+03,
       1.6709263638123187e+02, 5.7883332157184104e+03,
       1.8175189117193142e+02, 1.6065587919969535e+03,
       1.8175189117193142e+02, 1.3667425838177012e+03,
       2.4374107007612552e+03, 6.9901747704299930e+02,
       1.0583674796337200e+03, 6.9901747704299953e+02,
       6.1600097172487121e+03, -2.2004188520233109e+02,
       1.0583674796337200e+03, -2.2004188520233109e+02,
       8.0194259340383599e+02, 1.5600588543192357e+03,
       8.1435101647374745e+02, 2.2831861583678565e+02,
       8.1435101647374745e+02, 7.6332454561012428e+03,
       4.2721364912117292e+02, 2.2831861583678565e+02,
       4.2721364912117292e+02, 3.2529072423956285e+02,
       3.6324274803100643e+03, 1.6938342144702140e+03,
       4.5121127882664990e+02, 1.6938342144702140e+03,
       5.4256436284549909e+03, 9.3881978525592945e+02,
       4.5121127882664990e+02, 9.3881978525592933e+02,
       6.8750769891760899e+02, 2.7959334822557998e+03,
       2.8434237344491777e+02, -5.6131377918205465e+02,
       2.8434237344491783e+02, 6.6878945244083652e+03,
       -1.0952791696548479e+01, -5.6131377918205465e+02,
       -1.0952791696548493e+01, 2.1027333698953643e+02,
       4.2262537976808526e+03, 6.3572154547830837e+02,
       -6.4003308841546391e+02, 6.3572154547830837e+02,
       2.9958512344352221e+03, -1.5490604184854098e+02,
