%YAML:1.0
means: !!opencv-matrix
   rows: 29
   cols: 6
   dt: d
   data: [ 5.3778716149015239e+01, 8.3996051860592686e+01,
       5.6314446648925511e+01, -5.2673002840417332e+01,
       1.0456973528191028e+01, 3.2638411782106397e-01,
       -1.9498608582263756e+01, -5.7573624319280023e+00,
       2.4571278561613750e+00, -6.0948944701897148e+00,
       3.7417635049911553e+01, -6.7944946134672017e+00,
       -4.2108668513151204e-01, -1.0363226038000887e+02,
       -1.0297740367542212e+00, -1.5856569903144379e+01,
       2.9795252055995981e+01, 7.6363999155314817e+00,
       1.0137627295969338e+02, 9.5501450069236014e+01,
       8.7011877985947770e+00, -6.0498230598855926e+01,
       -4.3624143158276301e+00, -2.5572508892905113e+00,
       3.6287455832567628e+00, 4.0979367636568355e+01,
       2.3734129730551846e+01, 4.7214403966637178e+01,
       2.9157678356071791e+01, 3.8580728371199386e+00,
       1.6806311932620130e+02, 1.8440403310426035e+01,
       -4.7341800194541094e+01, 8.2315760922571428e+00,
       -1.1976166468789041e+01, -8.5051860543016495e+00,
       -1.5380703999402559e+02, 4.1044072230231929e+00,
       2.7383466758003880e+01, -2.0967284123741145e+01,
       -4.1340209115366173e+00, -2.5899313019314228e+01,
       -7.0010689659707168e+01, 1.2820828092255394e+02,
       -8.5999704423224248e+00, -5.9338574424518079e+01,
       -1.8638595221883897e+01, -7.2395016039688331e-01,
       7.7813426561550102e+01, -8.6344006188505233e+01,
       -5.0451329432634438e+01, -3.1856147842707436e+01,
       5.3091131793723658e+00, -1.6241735302370028e+00,
       1.0003538451734148e+02, -4.8259207663322563e+01,
       -2.1835851221259052e+01, 3.6082165927040656e+01,
       -2.7228626642435326e+01, 2.3403164557371085e+01,
       -1.8764938800045218e+02, -1.1978490104086923e+02,
       4.9076690083486497e+01, 3.9331800118499643e+01,
       -3.2510939665175144e+01, -1.0896523644709564e+01,
       -1.3811217772499995e+02, -5.7697131592501641e+01,
       3.6325846234156707e+01, 3.1421424486841804e+01,
       -1.6393737341929665e+01, 1.8728390366246501e+01,
       6.7396019823135333e+01, -7.6208670496505732e+01,
       -2.4227660187704161e+00, 4.9120707111021765e+01,
       2.9433834565616386e+00, 2.4359816461310341e+01,
       -9.8719807752772169e+01, 1.0597852523816938e+02,
       -7.3730554596134390e-01, -5.7667508565860224e+01,
       -3.2435066938296488e+00, 3.5005581103467587e+00,
       -1.6962568420361069e+02, 5.9527081240939872e+01,
       3.1772263693911729e+01, -2.8599943728420541e+01,
       -5.1909645626192376e+00, 3.7056312912876290e+00,
       5.3980799841332832e+01, 2.0137752473365701e+01,
       -2.1606971005926361e+01, -6.1593505504108679e+00,
       -1.2427052138180194e+01, -6.8727933580387308e+00,
       4.6886864828073122e+01, 1.8702341772779769e+02,
       -2.3245484943441880e+01, 3.6952144383735042e+00,
       -5.9202764810239499e+00, -5.0253400736329610e+00,
       -3.4619303955737465e+01, 8.9481643789822087e+01,
       -2.1808329494847460e+01, -3.0169598337113168e+01,
       1.8147810100578493e+01, -3.3260914881937027e+00,
       1.4300708659119016e+01, -2.9207403396171255e+01,
       -5.3141170770772428e+00, 1.0134374650258428e+01,
       -8.9282252184713169e+00, -8.4473618140114013e+00,
       5.0517373875219747e+01, -1.7011861223607625e+02,
       4.5860370962003060e+01, 5.3935037735175037e+01,
       1.8310706193634719e+01, -1.3850238339591266e+01,
       1.2526611899055946e+02, -2.9994684066013111e+01,
       -3.1814868789131918e+01, 4.2848454780846318e+01,
       -2.1847535288139063e+01, 5.6759682374646587e+00,
       -1.9608623933941061e+02, 1.5764888741965711e+01,
       4.1360871929446894e+01, -2.3366366635649246e+01,
       -3.3445154862430853e+00, -1.3390095773563578e+01,
       3.1224488667540353e+01, 4.1530056088411207e+01,
       -5.2866781365706316e+01, -3.9664145488160607e+01,
       -1.0319751031732898e+00, -1.2069873837158299e+01,
       -1.5448860872594611e+02, 1.3367706320618478e+01,
       2.9217927175980510e+01, 2.9927884698592813e+01,
       5.1246395993578906e+00, 6.9018537691231492e+00,
       6.7213004311211861e+01, 2.7939620646651367e+01,
       -1.9225529398976832e+01, 3.6664673641086004e+01,
       1.5241292645757918e+01, -9.3832519257479738e+00,
       1.5598574422796722e+02, -3.3741205630853962e+01,
       4.4374448524209711e+01, -2.8076434850012237e+01,
       6.4932254308308819e+00, -1.0911760309890216e-01,
       -1.4955700334411017e+02, -1.0878681573197142e+02,
       1.6191954355648992e+01, -4.2571689218528832e+01,
       2.9612228780156538e+00, 6.7068047285483452e+00,
       -7.4902219468073923e+01, -1.4332547214612126e+02,
       -3.6478292003860247e+01, 7.1570675755144563e+01,
       2.2723311735767886e+01, -7.0433432339270539e+00,
       -4.8803145135446073e+01, -2.2876946742396061e+01,
       1.0234622538952463e+02, -3.6014980279296744e+00,
       4.1988412044207818e-01, 9.0151948705371119e+00 ]
