%YAML:1.0
means: !!opencv-matrix
   rows: 26
   cols: 2
   dt: d
   data: [ 3.3370589776224875e+01, -7.3024860246448640e+01,
       2.6764924118487638e+01, 2.0628047307736264e+02,
       1.3538384602703044e+02, 2.9522512245854177e+01,
       -1.9541533914880426e+02, -4.4394805397653030e+01,
       -8.2204920551494112e+01, 5.0773342684457361e+01,
       -2.1906348187493330e+02, 1.4552146967624822e+02,
       7.3956117025165355e+01, -1.8248991311340413e+02,
       8.9880203430864100e+01, 1.1617199972098193e+02,
       1.3617778135875955e+02, -5.2584809370535993e+01,
       -2.9361296634086198e+01, -1.5824844014097425e+02,
       2.0217826070982454e+02, 8.3169857685708504e+00,
       -1.0707295098636160e+02, -1.0706949605483574e+02,
       -9.2444770839976940e+01, -2.4788400143048126e+01,
       1.8326474022236310e+00, 9.3302734992599255e+01,
       -1.5281274110338310e+02, 3.4813038490625658e+01,
       -2.7281462406151911e+02, -3.1441215171760195e+01,
       -8.6438217538289493e+01, 1.3673403453928634e+02,
       7.5254187320741025e+01, -2.4833800253472706e+01,
       -1.9399328644292370e+02, -1.4946200128354974e+02,
       1.8979961190608000e+02, -9.9097670896662436e+01,
       6.5329351131228506e+01, 5.0043739294129793e+01,
       9.4634886057974711e+01, -1.0573770213545963e+02,
       -3.0775629593494671e+01, -6.9847600309856247e+01,
       -1.9966901514693387e+00, 3.3066691575031650e+00,
       -2.4942696374751756e+02, 6.0167024076085738e+01,
       1.7676292359908828e+02, 9.6952866634254775e+01 ]
covs: !!opencv-matrix
   rows: 52
   cols: 2
   dt: d
   data: [ 1.1003125426503154e+03, 1.9215099326075168e+02,
       1.9215099326075173e+02, 2.1917006413433810e+03,
       8.9101211556637500e+03, -1.4914968370245231e+03,
       -1.4914968370245231e+03, 2.8444024868980650e+03,
       1.5443766277330453e+03, 2.0722283519483585e+02,
       2.0722283519483585e+02, 1.4551511112883420e+03,
       1.7764005365885571e+03, 2.7670744609646331e+01,
       2.7670744609646317e+01, 2.8140269777798007e+03,
       1.3630124975110969e+03, -2.1166519124582089e+02,
       -2.1166519124582089e+02, 1.6892677151485427e+03,
       3.5708008542503399e+03, -4.1341554717482597e+02,
       -4.1341554717482597e+02, 2.4570909123581873e+03,
       3.7771584923260125e+03, 5.4961724088465132e+02,
       5.4961724088465132e+02, 2.2051311161410381e+03,
       2.2203474448133002e+03, -1.1643609883680405e+02,
       -1.1643609883680405e+02, 1.3682034080021613e+03,
       1.5322163520458012e+03, 4.1278166533794305e+01,
       4.1278166533794277e+01, 1.3800185947005757e+03,
       3.4915088174770885e+03, 1.2163819583010145e+03,
       1.2163819583010147e+03, 2.5703755667806527e+03,
       1.9790934770295491e+03, 1.8106100937841879e+02,
       1.8106100937841879e+02, 2.0375017328270885e+03,
       1.5819684558743652e+03, -6.6009717518077366e+01,
       -6.6009717518077352e+01, 1.8371948469905144e+03,
       1.7248443773970712e+03, 2.2846990987434478e+02,
       2.2846990987434478e+02, 1.4619690686500128e+03,
       1.4701605056637302e+03, -1.6242180090727529e+00,
       -1.6242180090727580e+00, 1.6624639531322575e+03,
       1.5805376543482691e+03, -1.5818727234485135e+02,
       -1.5818727234485141e+02, 2.1139027294545658e+03,
       2.0600638086224694e+03, 5.4244760536884348e+02,
       5.4244760536884348e+02, 3.1980212125889047e+03,
       2.9876167029162220e+03, 7.8463296285261166e+01,
       7.8463296285261194e+01, 1.6113747436962972e+03,
       1.1111890574440531e+03, 4.1570938953690614e+01,
       4.1570938953690636e+01, 1.5391970846291103e+03,
       3.3527620751564291e+03, -8.9378206241161664e+01,
       -8.9378206241161706e+01, 2.9401868259147695e+03,
       2.4361466221935302e+03, 4.4234560159783786e+02,
       4.4234560159783786e+02, 2.4803986544402824e+03,
       1.1223811110192196e+03, 1.6510505126574560e+02,
       1.6510505126574563e+02, 1.3200321500396344e+03,
       1.6049796920873755e+03, -1.7138120356924322e+01,
       -1.7138120356924329e+01, 1.6003964056293319e+03,
       1.1370876095234853e+03, 8.4676058461051753e+01,
       8.4676058461051753e+01, 1.7564113417046251e+03,
       1.1622707775567567e+03, -2.8620668987144904e+00,
       -2.8620668987144873e+00, 1.7634041157041379e+03,
       2.7671451442420553e+03, 1.7875698163037328e+02,
       1.7875698163037328e+02, 2.6130696626551353e+03,
       2.9553368888151704e+03, -8.7840717119740024e+00,
       -8.7840717119740059e+00, 1.2765467761851910e+03 ]
weights: !!opencv-matrix
   rows: 1
   cols: 26
   dt: d
   data: [ 4.6509421503251311e-02, 1.8866114042269892e-02,
       5.3942959998467974e-02, 3.6261647487264327e-02,
       3.8564410460767369e-02, 2.5483320166442201e-02,
       1.8496789004970999e-02, 5.3385722910232469e-02,
       4.5257414425694094e-02, 3.8444385950347389e-02,
       2.9264049236431916e-02, 3.4729423311220739e-02,
       4.7652532809085053e-02, 5.2667344332524603e-02,
       3.6929163481811696e-02, 1.6881157343682986e-02,
       3.6332168680337569e-02, 5.8262506303723219e-02,
       2.2795687111536216e-02, 3.0363101339092174e-02,
       4.9245298532835310e-02, 3.5239389151971168e-02,
       4.2796260471550496e-02, 6.5327049175935861e-02,
       2.7622219766797379e-02, 3.8680463001729365e-02 ]
pca_proj: !!opencv-matrix
   rows: 2
   cols: 21
   dt: f
   data: [ 4.36961316e-02, 8.50134730e-01, 1.73015636e-04,
       6.54514134e-02, 4.60692108e-01, 2.29939164e-04, 7.67599978e-03,
       1.46649793e-01, -1.37564148e-05, 1.21663406e-03, 1.30500361e-01,
       -5.45994153e-05, 8.06188770e-03, 1.42052382e-01, -2.12945142e-05,
       -2.45414903e-05, 9.56867734e-06, -1.94090262e-06, 3.13729906e-05,
       4.34020360e-04, 2.32224409e-07, 7.68702388e-01, -5.10314330e-02,
       1.14127281e-04, 4.21110362e-01, -3.83849256e-02, 4.02935693e-05,
       2.81941950e-01, -1.35209868e-02, 1.95932400e-04, 2.66951323e-01,
       -4.70317341e-03, 2.29704310e-04, 2.76557714e-01, -1.55316098e-02,
       2.11025646e-04, -3.74769334e-05, 5.54774260e-06, -7.89335627e-06,
       8.86836962e-04, -5.85095040e-05, 1.91629806e-04 ]
pca_mean: !!opencv-matrix
   rows: 1
   cols: 21
   dt: f
   data: [ 2.07625534e+02, 2.55653595e+02, 1.54502928e+00,
       2.18915131e+02, 2.60592743e+02, 1.67241716e+00, 2.65274475e+02,
       2.24016678e+02, 1.71669352e+00, 3.19420807e+02, 1.63929108e+02,
       1.75046074e+00, 3.16613464e+02, 2.25532654e+02, 1.70717156e+00,
       1.08872897e-04, -9.74175637e-05, 6.24380555e-05, -2.17504916e-04,
       -2.50119597e-01, 1.75055194e+00 ]
gamma: !!opencv-matrix
   rows: 26
   cols: 1
   dt: d
   data: [ 8.1157151911853320e-01, 8.8906555624948336e-01,
       8.2391743826846187e-01, 8.6839966031129923e-01,
       8.0807427906056095e-01, 8.7537225180653966e-01,
       8.7335455609308676e-01, 8.3070951215213695e-01,
       8.2612059710726460e-01, 8.5653879541151989e-01,
       8.5920862523534869e-01, 8.3645800018668370e-01,
       8.0790636746336841e-01, 8.1072869105978340e-01,
       8.4242007141784137e-01, 8.9112154135077892e-01,
       8.4576193058980942e-01, 8.0431900948296742e-01,
       8.8386317205931553e-01, 8.7354378922560472e-01,
       7.9805972119761825e-01, 8.2881983266826997e-01,
       8.0330207190829694e-01, 7.9208852143354025e-01,
       8.8201431579797462e-01, 8.3957512037374171e-01 ]
