%YAML:1.0
means: !!opencv-matrix
   rows: 15
   cols: 2
   dt: d
   data: [ 8.8980053708541277e+01, -8.1322196738119654e+00,
       -2.2798425838102523e+02, -1.3279792386299802e+01,
       -9.7890411544053819e+00, -4.2419888134321813e+00,
       -2.2439213172604224e+02, 1.0907274875115246e+02,
       -4.0413786701192954e+01, -1.4908920319692129e+02,
       1.7238840896576019e+02, 6.7401797082957458e+01,
       1.7787401702817607e+02, -5.1542223023789177e+01,
       1.4364398128861206e+01, 7.9734937957186119e+01,
       -1.0079649972582622e+02, -5.4606673015426722e+01,
       1.0196335217174298e+02, -1.0764624292789080e+02,
       -6.5106808680353879e+01, 1.4394307024280980e+02,
       -1.0664277160396003e+02, 4.6563963001519106e+01,
       2.6722302289936639e+01, -7.4028630501275273e+01,
       -1.8154826662486980e+02, -1.3348450747232647e+02,
       9.3454948767451626e+01, 1.0486648601165733e+02 ]
covs: !!opencv-matrix
   rows: 30
   cols: 2
   dt: d
   data: [ 2.1899306009683337e+03, -2.2793437917772519e+02,
       -2.2793437917772528e+02, 2.6182354394156209e+03,
       3.5165187112769549e+03, -9.3547249185759412e+01,
       -9.3547249185759412e+01, 3.7144296272336614e+03,
       2.3902001778487047e+03, 5.8551258994063403e+01,
       5.8551258994063389e+01, 1.6162890346384470e+03,
       3.5595198598137022e+03, -2.0096665047532122e+02,
       -2.0096665047532127e+02, 4.3833921055126975e+03,
       4.1020729265074515e+03, -4.8211156793951460e+01,
       -4.8211156793951453e+01, 2.8629235742388714e+03,
       3.0035597385205670e+03, 2.6816043011486551e+02,
       2.6816043011486551e+02, 2.3349717545554959e+03,
       2.7138537107199122e+03, -4.6492072071884415e+01,
       -4.6492072071884365e+01, 3.9666811980290595e+03,
       2.4670726033610208e+03, -5.2445647794015008e+02,
       -5.2445647794015008e+02, 2.1473063349367517e+03,
       3.1546250202605111e+03, -2.6027796898455762e+02,
       -2.6027796898455756e+02, 2.8504891065575835e+03,
       2.9549884980607144e+03, 5.5428743114540725e+02,
       5.5428743114540725e+02, 4.0486369010772773e+03,
       9.1873671127651887e+03, 2.3636600720345668e+03,
       2.3636600720345673e+03, 4.7680577388558468e+03,
       2.5067863613175859e+03, 4.3749137892139720e+02,
       4.3749137892139709e+02, 3.7942940018025006e+03,
       2.9306329911424414e+03, 1.2835695239630391e+02,
       1.2835695239630388e+02, 1.7302891676410832e+03,
       4.8570910435863252e+03, -4.8739834050212505e+02,
       -4.8739834050212494e+02, 3.7865777205048139e+03,
       2.4317478800699123e+03, -1.8282753211462918e+01,
       -1.8282753211462921e+01, 1.9520776149133530e+03 ]
weights: !!opencv-matrix
   rows: 1
   cols: 15
   dt: d
   data: [ 1.0861175292549774e-01, 5.1373842303669301e-02,
       8.4327581475184335e-02, 4.3413921533156784e-02,
       5.4575800377631316e-02, 6.9757554770765090e-02,
       6.4889608533720763e-02, 7.6318696741261613e-02,
       6.7425186232556583e-02, 6.2335271394661766e-02,
       5.4991351449695143e-02, 7.4949935442319177e-02,
       7.8260195753207168e-02, 3.6677762083717799e-02,
       7.2091538982946193e-02 ]
pca_proj: !!opencv-matrix
   rows: 2
   cols: 21
   dt: f
   data: [ 4.36961316e-02, 8.50134730e-01, 1.73015636e-04,
       6.54514134e-02, 4.60692108e-01, 2.29939164e-04, 7.67599978e-03,
       1.46649793e-01, -1.37564148e-05, 1.21663406e-03, 1.30500361e-01,
       -5.45994153e-05, 8.06188770e-03, 1.42052382e-01, -2.12945142e-05,
       -2.45414903e-05, 9.56867734e-06, -1.94090262e-06, 3.13729906e-05,
       4.34020360e-04, 2.32224409e-07, 7.68702388e-01, -5.10314330e-02,
       1.14127281e-04, 4.21110362e-01, -3.83849256e-02, 4.02935693e-05,
       2.81941950e-01, -1.35209868e-02, 1.95932400e-04, 2.66951323e-01,
       -4.70317341e-03, 2.29704310e-04, 2.76557714e-01, -1.55316098e-02,
       2.11025646e-04, -3.74769334e-05, 5.54774260e-06, -7.89335627e-06,
       8.86836962e-04, -5.85095040e-05, 1.91629806e-04 ]
pca_mean: !!opencv-matrix
   rows: 1
   cols: 21
   dt: f
   data: [ 2.07625534e+02, 2.55653595e+02, 1.54502928e+00,
       2.18915131e+02, 2.60592743e+02, 1.67241716e+00, 2.65274475e+02,
       2.24016678e+02, 1.71669352e+00, 3.19420807e+02, 1.63929108e+02,
       1.75046074e+00, 3.16613464e+02, 2.25532654e+02, 1.70717156e+00,
       1.08872897e-04, -9.74175637e-05, 6.24380555e-05, -2.17504916e-04,
       -2.50119597e-01, 1.75055194e+00 ]
gamma: !!opencv-matrix
   rows: 15
   cols: 1
   dt: d
   data: [ 8.3269556984429116e-01, 8.8793248849277584e-01,
       7.9819770172567306e-01, 8.9575869112826811e-01,
       8.6839510823402599e-01, 8.5810579221876393e-01,
       8.7853377355935103e-01, 8.2029017759057821e-01,
       8.5012235278501180e-01, 8.7346503599508962e-01,
       9.0378219145003902e-01, 8.6054338065252811e-01,
       8.1991699445147526e-01, 8.9261900025433560e-01,
       8.3974662136443223e-01 ]
