%YAML:1.0
means: !!opencv-matrix
   rows: 8
   cols: 14
   dt: d
   data: [ -1.7194388961870459e+02, 1.6997463289979720e+01,
       3.6626280251258102e+01, -1.5176097290896896e+01,
       -1.5552168449724052e+01, 1.2148842210648105e+00,
       -1.2497822192380379e-02, 6.7315123676262423e-01,
       -9.3456705381928817e-01, -7.0033127230324316e-02,
       4.9178576884688935e-02, 7.7162787691817079e-03,
       3.6517163123494325e-03, -4.7273840543838753e-03,
       1.1403107762962609e+01, -1.2579440667196401e+02,
       5.9057996606372427e+00, 3.8249676695245228e+01,
       9.8120008725690919e+00, -1.9152748933040982e+01,
       -1.9281485919862484e+00, 9.9052976957765348e-01,
       2.0416272737659145e+00, -1.4470504638704882e+00,
       -1.9404968164628850e-02, -9.7208640618332953e-02,
       3.0402460161047672e-03, -1.1258816998107529e-02,
       4.0973750819313061e+01, 4.9102693247330400e+01,
       -9.4382340397747839e+00, -2.4968208124745559e+01,
       -1.1484241385295972e+00, -8.4361840511084480e+00,
       -8.9232175962326892e+00, 4.6999653531399760e-01,
       6.6977145616849008e+00, 1.4704426596022926e+00,
       3.6086375761568777e-02, 2.2101371547641975e-02,
       -5.0265096107632523e-02, 3.1951656921658883e-02,
       1.4117770339066365e+02, -8.0518096818256186e+00,
       -3.5707330190646026e+01, 2.1645770391670283e+01,
       -1.7415334838881389e+01, 6.0784491120708637e+00,
       -1.1861110126989836e-01, 5.6221014472111785e-01,
       -2.9637804899859954e-01, -3.4555352095068971e-03,
       1.1604780022336471e-01, -1.1235189521310170e-02,
       -1.0934629564568509e-03, 3.9072311469047286e-03,
       -2.9161832969503987e+01, -1.5505598560317543e+01,
       8.7193726931699302e+00, 4.9878313856303427e+00,
       -1.3627695325914710e+00, 3.0676917981808085e+00,
       1.2243764329709454e+00, 2.5450410756036729e-01,
       -7.5860436424367783e-01, -9.9844230135755652e-03,
       -1.7350432183778877e-01, 1.7844286628641171e-03,
       2.3274225893140064e-03, 7.4032542661615752e-03,
       -1.6580988739544298e+02, -7.3388714592290839e+01,
       4.0973531128434608e+01, 1.4468042285341504e+01,
       -1.5289813055078097e+01, -7.7081686797966906e+00,
       -4.1326255054993686e+00, -9.7586080896198213e-01,
       2.0713175769064551e+00, 4.2980148289717940e-01,
       -5.6595736563707116e-02, -1.5992618320853452e-02,
       -9.3499222735256328e-03, 8.1645903352731003e-03,
       4.8078388710520898e+01, -1.7633545657409968e+01,
       -3.5026854553446798e+00, 9.7516812353479736e+00,
       1.9355660344935654e+01, 1.0506448755008928e-01,
       7.9231848901779089e-01, -7.5130921488290447e-01,
       -3.7899804010730026e-01, 7.6079828027075580e-02,
       1.2797952521640916e-02, 2.4372874738426139e-02,
       2.0592264410148968e-03, -9.0934654912220372e-03,
       1.3209372792880044e+01, 1.1436110944374126e+02,
       -1.9505006972272906e+01, -4.9241799619176923e+01,
       -1.3045863939938684e+00, 7.1533567048281987e-01,
       1.6588594670671815e+00, -1.2324997379356867e-01,
       -2.8496177760155744e-01, -5.5911693955870728e-02,
       2.9957561094651104e-02, -1.2366806202161514e-02,
       5.5821639421356553e-03, 3.9656638036050127e-03 ]
covs: !!opencv-matrix
   rows: 112
   cols: 14
   dt: d
   data: [ 6.4915860026211121e+03, 1.1550427687235726e+03,
       2.6226446042125190e+03, -1.3520611125076514e+03,
       5.9887970901370096e+01, 1.8526274637022161e+02,
       9.4734218732455219e+01, 1.7347098773958258e+01,
       2.5720197135142662e+01, -5.6226107245052648e-01,
       2.1721714907280762e-01, -1.5336085818165293e-01,
       -4.6401268279244498e-02, 1.2302733842760005e-01,
       1.1550427687235726e+03, 1.1370384542746460e+04,
       -1.9704703276684745e+02, 3.7644351298782811e+02,
       2.6896752896307186e+02, -1.0043384072779509e+02,
       -1.7152308843200423e+01, -6.4149790524325567e+01,
       1.2178466022660068e+01, -5.7045649450451119e+00,
       1.2608666882460169e+00, -9.3001341940002979e-01,
       2.4652400175246354e-02, 4.1102085836764740e-01,
       2.6226446042125190e+03, -1.9704703276684745e+02,
       2.6803010390016079e+03, 3.1191879131260208e+02,
       -6.6017975446737466e+01, -2.3418832537273655e+01,
       -3.5292932663754840e+01, 6.7093114519566894e+00,
       -2.4030733633092756e+00, 5.4016726247097937e+00,
       -4.9392613354802040e-01, 1.8882802043365868e-01,
       -8.8177602816747108e-02, 4.7148598315312019e-02,
       -1.3520611125076512e+03, 3.7644351298782794e+02,
       3.1191879131260208e+02, 2.5721174481024477e+03,
       -1.0596911442713213e+02, 3.5186770416528979e+01,
       6.6209275395338372e+00, 6.8443133260299751e+00,
       1.1237485770289799e+00, 8.1832877415098153e+00,
       -9.8015143564524798e-01, 1.0663957545909428e-01,
       3.3051576615718253e-02, 7.4077602975024396e-03,
       5.9887970901370117e+01, 2.6896752896307186e+02,
       -6.6017975446737481e+01, -1.0596911442713213e+02,
       1.2676379311493189e+02, 3.4509476688860403e+01,
       8.5720144424238693e+00, 1.0885975884985358e+01,
       -8.0566163567972837e-01, 8.2433712174531659e-01,
       -6.7498823481698111e-01, -1.0896498779714821e-01,
       5.4650069428058487e-02, 3.0582528179445095e-02,
       1.8526274637022161e+02, -1.0043384072779509e+02,
       -2.3418832537273655e+01, 3.5186770416528965e+01,
       3.4509476688860403e+01, 1.3816944267127960e+02,
       -8.6329904939055524e+00, 4.5425022916798383e+00,
       -8.1842254347339760e-01, -7.9290667707479523e-01,
       -2.7172536402589154e-01, -1.8413345411768747e-01,
       3.4185628889815710e-02, -4.4149344633689101e-02,
       9.4734218732455219e+01, -1.7152308843200426e+01,
       -3.5292932663754840e+01, 6.6209275395338398e+00,
       8.5720144424238729e+00, -8.6329904939055524e+00,
       2.5380478004272668e+01, 2.0749061542348191e+00,
       3.0217161752770760e+00, 2.7657700469505769e-01,
       -1.8038715936753772e-02, 2.0239223895361921e-02,
       -3.2595224218870483e-02, 1.3104136939384139e-02,
       1.7347098773958262e+01, -6.4149790524325581e+01,
       6.7093114519566903e+00, 6.8443133260299751e+00,
       1.0885975884985358e+01, 4.5425022916798365e+00,
       2.0749061542348191e+00, 1.5522814903238428e+01,
       -1.2601375454637378e+00, 7.0595453835875488e-01,
       -1.1452424651112293e-01, -2.7179070606550476e-02,
       1.4449977373175524e-02, 2.2757248529397794e-02,
       2.5720197135142655e+01, 1.2178466022660068e+01,
       -2.4030733633092760e+00, 1.1237485770289799e+00,
       -8.0566163567972782e-01, -8.1842254347339760e-01,
       3.0217161752770760e+00, -1.2601375454637378e+00,
       1.5263827662361651e+00, 5.4391951891132627e-02,
       4.5558752621273686e-02, 3.0932402092446069e-02,
       1.7096012555129450e-02, 1.0530731063384401e-03,
       -5.6226107245052592e-01, -5.7045649450451119e+00,
       5.4016726247097937e+00, 8.1832877415098153e+00,
       8.2433712174531670e-01, -7.9290667707479467e-01,
       2.7657700469505780e-01, 7.0595453835875488e-01,
       5.4391951891132613e-02, 5.4009654223793857e-01,
       -2.4733811248007893e-02, -3.1758588833470103e-03,
       2.7147907300619791e-03, -1.4058445613217537e-02,
       2.1721714907280762e-01, 1.2608666882460169e+00,
       -4.9392613354802040e-01, -9.8015143564524798e-01,
       -6.7498823481698111e-01, -2.7172536402589154e-01,
       -1.8038715936753776e-02, -1.1452424651112293e-01,
       4.5558752621273686e-02, -2.4733811248007893e-02,
       1.3756800932826300e-02, 1.5093080142937918e-03,
       -1.2563947909261712e-03, -1.7017726596247070e-04,
       -1.5336085818165293e-01, -9.3001341940002979e-01,
       1.8882802043365859e-01, 1.0663957545909428e-01,
       -1.0896498779714821e-01, -1.8413345411768745e-01,
       2.0239223895361924e-02, -2.7179070606550480e-02,
       3.0932402092446062e-02, -3.1758588833470103e-03,
       1.5093080142937918e-03, 2.1715423213777433e-03,
       6.1404497792757378e-04, 3.7356123678243346e-04,
