%YAML:1.0
means: !!opencv-matrix
   rows: 8
   cols: 1
   dt: d
   data: [ -1.0024133909799401e+02, 1.4953166399888889e+02,
       2.2584764486005394e+01, -1.7764953800248841e+02,
       -3.8787907229055307e+01, -2.5662539008511777e+02,
       8.5440746551531518e+01, 2.2350815293932541e+02 ]
covs: !!opencv-matrix
   rows: 8
   cols: 1
   dt: d
   data: [ 1.1665900375774440e+03, 1.5578012056883492e+03,
       9.9409492349171569e+02, 1.6998893913729560e+03,
       1.0701636761882653e+03, 2.3430387078706954e+03,
       1.0963145283322920e+03, 2.6616115465627918e+03 ]
weights: !!opencv-matrix
   rows: 1
   cols: 8
   dt: d
   data: [ 1.4337520135237636e-01, 1.2796402027673995e-01,
       1.7620794314207477e-01, 9.6266377964952229e-02,
       1.5227136551290707e-01, 6.0845592980562448e-02,
       1.7707778307920768e-01, 6.5991715691163105e-02 ]
pca_proj: !!opencv-matrix
   rows: 1
   cols: 21
   dt: f
   data: [ 1.02604255e-02, 8.46533298e-01, 5.67100069e-05,
       -5.08859605e-02, 4.68450844e-01, 1.89823491e-04, -5.55210514e-03,
       1.46431834e-01, -1.98076777e-05, -7.31809530e-03, 1.34976640e-01,
       -4.80776835e-05, -6.69380091e-03, 1.46460637e-01, -1.57161594e-05,
       2.11501210e-05, 1.32904761e-05, -3.16381829e-07, -1.62182951e-05,
       4.47223283e-04, 4.04881848e-06 ]
pca_mean: !!opencv-matrix
   rows: 1
   cols: 21
   dt: f
   data: [ 4.33646118e+02, 2.44701981e+02, 1.49672687e+00,
       4.18191803e+02, 2.60206879e+02, 1.62062907e+00, 3.68545319e+02,
       2.27059875e+02, 1.69770968e+00, 3.19420807e+02, 1.63929108e+02,
       1.75046074e+00, 3.16613464e+02, 2.25532654e+02, 1.70717156e+00,
       1.08872897e-04, -9.74175637e-05, 6.24380555e-05, -2.17504916e-04,
       -2.50119597e-01, 1.75055194e+00 ]
gamma: !!opencv-matrix
   rows: 8
   cols: 1
   dt: d
   data: [ 8.3065431166448944e-01, 8.6046610802254009e-01,
       7.9588092805506894e-01, 8.7286129036478832e-01,
       8.0202402186857524e-01, 9.0248269714259077e-01,
       8.2242005628293846e-01, 8.9748798698323062e-01 ]
