%YAML:1.0
means: !!opencv-matrix
   rows: 22
   cols: 2
   dt: d
   data: [ -2.1400725702944615e+02, -1.0791413355629608e+02,
       1.5950498025423551e+02, -4.5434778221095591e+01,
       -8.4782707996026062e+01, 8.7352876332602023e+01,
       4.2925477586887659e+00, -7.3695073272270648e+01,
       1.5536803284535731e+02, 1.0066955139955191e+02,
       -2.5580764211148974e+02, 3.1655705028388232e+00,
       3.9239439221249306e+00, 7.5265881033112024e+01,
       -4.8059574791985526e+01, -5.2662463594764013e+00,
       -4.6415413402595370e+01, -1.3813656028483587e+02,
       -1.5336141057788154e+02, 1.7308416217586000e+01,
       -1.1203519505389632e+02, -6.7207304986161134e+01,
       7.7903529160537204e+01, 8.7471255306983082e+01,
       1.7495811974651525e+02, -1.1122953375277777e+02,
       4.9939886580110176e+01, -4.2191971177841703e+00,
       2.9476213024038728e+01, 1.3457213003550805e+02,
       9.4056556643306777e+01, -6.5609839363614583e+01,
       -1.0228457699787840e+02, 1.4148493549614713e+02,
       2.1597108583979502e+02, 4.8788583946247932e+01,
       1.2935993112251680e+02, 2.0851980572582349e+01,
       -1.1734039326951040e+02, -1.6100671771646662e+02,
       -2.1811707341021918e+02, 1.1764706258196824e+02,
       5.9831017078434080e+01, -1.4031894714481871e+02 ]
covs: !!opencv-matrix
   rows: 44
   cols: 2
   dt: d
   data: [ 3.3115863468649322e+03, -3.2418576381136603e+02,
       -3.2418576381136597e+02, 4.7447865007962728e+03,
       2.5190435233172602e+03, 1.6132118094989744e+02,
       1.6132118094989744e+02, 1.5590062252673026e+03,
       1.7856569796115332e+03, 1.8445097792978791e+02,
       1.8445097792978785e+02, 2.8475480266329628e+03,
       1.8178986842424563e+03, -4.1525128327909397e+02,
       -4.1525128327909403e+02, 1.9429003942940712e+03,
       1.5194579830886034e+03, -1.0738241636693017e+02,
       -1.0738241636693017e+02, 1.4581501522266362e+03,
       2.5988309376196685e+03, -6.9909880062681808e+01,
       -6.9909880062681822e+01, 3.9453760257368558e+03,
       1.1650704166709820e+03, -1.1629453856799708e+01,
       -1.1629453856799699e+01, 2.4833768473894088e+03,
       2.3833130805003038e+03, -1.3731845105691238e+02,
       -1.3731845105691238e+02, 1.5627717458345339e+03,
       2.1490800175785871e+03, -6.9236339554751964e+02,
       -6.9236339554751964e+02, 2.9170383231895539e+03,
       2.1995121520466350e+03, 1.7174333242943374e+02,
       1.7174333242943371e+02, 2.4770499696889060e+03,
       2.9530746245837086e+03, -3.3791311580309360e+02,
       -3.3791311580309343e+02, 2.1304224808654471e+03,
       1.0881808905926150e+03, 7.6715601568136805e+01,
       7.6715601568136805e+01, 2.0475559408090098e+03,
       3.0600319256714879e+03, 7.1341742629709336e+02,
       7.1341742629709358e+02, 2.6597265179198462e+03,
       1.5573342478635559e+03, 4.2065870912576084e+00,
       4.2065870912576164e+00, 1.6922234951550397e+03,
       4.6808890242750385e+03, 1.3932771073713282e+03,
       1.3932771073713282e+03, 4.6676408985177750e+03,
       1.7871568220227862e+03, -1.3932364422615285e+02,
       -1.3932364422615285e+02, 1.7613809300890587e+03,
       4.9029492164634430e+03, 2.0608011401458289e+03,
       2.0608011401458289e+03, 5.2267054486027646e+03,
       1.8736386259255066e+03, 4.9232981808617467e+02,
       4.9232981808617467e+02, 3.0065149187343804e+03,
       1.7061281280679364e+03, 1.5607144694937969e+02,
       1.5607144694937961e+02, 1.4973927279836125e+03,
       2.5471342036554220e+03, -5.8168971791762215e+02,
       -5.8168971791762203e+02, 2.9693627070197108e+03,
       3.6249951225228024e+03, -3.0436793676772862e+02,
       -3.0436793676772862e+02, 3.8760616614783089e+03,
       2.6454689866214298e+03, -1.8541700224044098e+02,
       -1.8541700224044098e+02, 3.1372380779449422e+03 ]
weights: !!opencv-matrix
   rows: 1
   cols: 22
   dt: d
   data: [ 3.3207167078476846e-02, 3.6807588177008556e-02,
       4.4055409531479739e-02, 6.1354042067927987e-02,
       4.3093159704304392e-02, 3.2461552283604589e-02,
       6.4012513075732885e-02, 6.5512560729833150e-02,
       3.7165711907444408e-02, 4.1968725896850238e-02,
       5.1963017079371850e-02, 6.5773721465840998e-02,
       3.3843024212507476e-02, 6.9763552949394625e-02,
       3.2464888481103606e-02, 6.5634373065836027e-02,
       2.8657227230557712e-02, 3.0708418750480908e-02,
       6.0035545256691289e-02, 2.2980713907850225e-02,
       4.2933568179399299e-02, 3.5603518968288277e-02 ]
pca_proj: !!opencv-matrix
   rows: 2
   cols: 21
   dt: f
   data: [ 4.36961316e-02, 8.50134730e-01, 1.73015636e-04,
       6.54514134e-02, 4.60692108e-01, 2.29939164e-04, 7.67599978e-03,
       1.46649793e-01, -1.37564148e-05, 1.21663406e-03, 1.30500361e-01,
       -5.45994153e-05, 8.06188770e-03, 1.42052382e-01, -2.12945142e-05,
       -2.45414903e-05, 9.56867734e-06, -1.94090262e-06, 3.13729906e-05,
       4.34020360e-04, 2.32224409e-07, 7.68702388e-01, -5.10314330e-02,
       1.14127281e-04, 4.21110362e-01, -3.83849256e-02, 4.02935693e-05,
       2.81941950e-01, -1.35209868e-02, 1.95932400e-04, 2.66951323e-01,
       -4.70317341e-03, 2.29704310e-04, 2.76557714e-01, -1.55316098e-02,
       2.11025646e-04, -3.74769334e-05, 5.54774260e-06, -7.89335627e-06,
       8.86836962e-04, -5.85095040e-05, 1.91629806e-04 ]
pca_mean: !!opencv-matrix
   rows: 1
   cols: 21
   dt: f
   data: [ 2.07625534e+02, 2.55653595e+02, 1.54502928e+00,
       2.18915131e+02, 2.60592743e+02, 1.67241716e+00, 2.65274475e+02,
       2.24016678e+02, 1.71669352e+00, 3.19420807e+02, 1.63929108e+02,
       1.75046074e+00, 3.16613464e+02, 2.25532654e+02, 1.70717156e+00,
       1.08872897e-04, -9.74175637e-05, 6.24380555e-05, -2.17504916e-04,
       -2.50119597e-01, 1.75055194e+00 ]
gamma: !!opencv-matrix
   rows: 22
   cols: 1
   dt: d
   data: [ 8.9686939673096422e-01, 8.3647932707249062e-01,
       8.4270333482205351e-01, 8.0733858407432413e-01,
       8.4343607167324275e-01, 8.9366064526793043e-01,
       8.1078537288095454e-01, 7.9859698821759695e-01,
       8.4548013073693007e-01, 8.5224643704989811e-01,
       8.3979361672278918e-01, 8.2130211371846129e-01,
       8.7661777488946513e-01, 8.0090987654521884e-01,
       8.8288880994294905e-01, 8.2050553531318338e-01,
       8.9570654245399206e-01, 8.7545794641459596e-01,
       8.2234231377849776e-01, 8.6974090947151816e-01,
       8.9059648830891347e-01, 8.5748479823403800e-01 ]
