%YAML:1.0
means: !!opencv-matrix
   rows: 30
   cols: 9
   dt: d
   data: [ 3.0805692756171371e+01, 1.7398290562991463e+01,
       2.4199201218105724e+01, -1.1747305693913128e+00,
       1.8706645580567582e+01, 4.0800835275469600e+00,
       1.3106661503544652e+00, -6.6793315110117624e-01,
       -1.1909486195384326e-01, -1.0580089258592012e+02,
       -4.6734537726458747e+01, 3.1150238573387142e+01,
       2.8411380354600851e+01, -3.9515170610117165e+00,
       2.5221788049059423e+01, -9.4684772056107624e-01,
       9.9854200166035734e-01, 2.3712917238283802e+00,
       1.0051242798618367e+02, 4.2968407409687508e+01,
       -5.0822496039786031e+01, 1.6166394580553369e+00,
       -8.3814923033738680e+00, -7.6380741831531047e+00,
       -1.2019305111470024e+00, 3.9779161718221118e-01,
       -7.0273980351984289e-01, 3.4900731541221881e+00,
       -1.3442084766079368e+01, -5.5243030486241391e+00,
       2.9755852606802140e+00, -9.2698873256241932e+00,
       -8.8447390361031779e+00, 2.0448821870262396e-01,
       -3.7838845106684837e-01, -1.1221155498686466e+00,
       -1.4275226227884704e+02, 7.6944677299049218e+01,
       2.5179991512512409e+01, -3.9031913227430209e+01,
       -2.5442195059378858e+00, 4.5930519048871332e+00,
       1.4483366518916569e+00, 1.1328854346627606e+00,
       -6.3623250729146952e-01, 2.1846792404923367e+01,
       1.1158738821120306e+02, -2.7093474250634856e+01,
       -5.2390230777992009e+01, -6.2581911398612426e+00,
       -1.1359649821719391e+00, 1.8333991694572678e+00,
       -1.6676278175777370e+00, -2.6246798503186247e-01,
       7.7136447924542821e+01, -1.0641925599662650e+02,
       -2.4225033758660569e+01, -3.6726433114538196e+01,
       1.5195188920799030e+01, 1.2238472979805521e+00,
       5.6887950425629774e-01, -8.6587682489255591e-01,
       -5.0096967066275488e-01, 1.8866095887129654e+02,
       3.1488463255939514e+01, 2.6236318706448568e+01,
       -1.6466597380590510e+01, -6.9681475730123896e+00,
       -4.5383896065615232e+00, -9.4088134200065721e-01,
       -7.6219358491329992e-01, -6.7235446307932989e-01,
       -2.0862736064237751e+02, -6.4272225874520274e+01,
       4.7851878326591994e+01, 1.2674511068559918e+01,
       -1.6593404285901165e+01, -3.8561061500864408e-01,
       -2.5851173311559217e+00, 1.7457582049054116e-01,
       1.6204928227472721e+00, 1.3087420506894953e+01,
       -2.3695111051957156e+02, 8.7975106310876949e+00,
       7.5835474501206363e+01, -9.6462235262381391e-01,
       -3.1668239260719808e+01, -3.3125598596409005e+00,
       -1.1819959488107306e+00, 4.6869276711038055e-01,
       -1.3440070716665676e+02, -2.3491744450537553e+01,
       3.5002834444177452e+01, -1.2029966109137916e+01,
       -3.4720330844698837e+00, -2.5258118403538955e+01,
       -1.9680028927745190e+00, -2.9210499811262347e-01,
       -2.0101049884080342e+00, 5.1271316324333647e+01,
       1.3939173936784596e+02, -2.8084767409008972e+01,
       -4.7721631796545566e+01, -1.0021998293835182e+01,
       3.0139499535531984e+00, 2.5198609867702486e+00,
       1.2895932085399473e+00, -2.2069822501227743e-01,
       -8.4918336997540127e+00, -1.3979221064839331e+02,
       2.9505360168684220e+01, 6.0296282911060821e+01,
       3.2000613728147997e+01, -1.4846920399446699e+01,
       -4.7342715861965479e-02, -2.6961944018800703e+00,
       -1.7922666608070992e+00, 1.8263757105705960e+00,
       2.0856742556452414e+01, -1.2027779674064265e+01,
       -3.2294627430893136e+01, -1.0733403441085406e+01,
       -1.4167362901249966e+01, -2.5110154790434529e+00,
       -5.6243179161717571e-01, 5.3546825252519259e+00,
       -1.7769182564674290e+02, 1.9214464352675520e+01,
       2.7105865844317393e+01, -3.4076335666466790e+01,
       2.5742798022341384e+00, -1.1979639639555129e+01,
       -9.3187849326939576e-01, -3.2933480986855734e-01,
       3.4204510641827603e+00, 7.3957926090045987e+01,
       -6.4142335272885433e+01, 1.6151236170300411e+00,
       4.3227206642002329e+01, 4.5442022999167957e+00,
       1.3651664356168096e+01, 9.1868950417822237e-01,
       -8.4154700841332697e-02, -5.9927305655915288e-02,
       -1.5922675987991008e+02, -1.4528837524929752e+01,
       4.2690995903453839e+01, -3.5872477559154734e+00,
       -1.5216693559600927e+00, 3.0475298160500937e+00,
       5.3715752446570175e-01, 1.1318875109286217e+00,
       -8.7912156203219849e-01, -1.2010245016490663e+02,
       1.3030379898968451e+02, 8.1914587754002426e+00,
       -5.6287199624980140e+01, -1.9941113298155685e+01,
       -2.0628671958238685e+00, 2.4397844594597273e-01,
       -6.3126886366515167e-01, -5.2705874996246949e-01,
       9.9600212086198269e+01, -4.4748365841488145e+01,
       -2.1652387468953670e+01, 3.6895412626092778e+01,
       -2.7596148449597543e+01, 2.3400525856217399e+01,
       1.1091957286159497e+00, 1.3055095740991622e+00,
       4.9660719790167468e-01, 6.9027339175000677e+01,
       2.6386744844985628e+01, -1.8885763715994432e+01,
       -2.6492065691921045e+01, -1.4893312010796609e+00,
       -2.3355814013123592e+01, -6.9437103279572030e+00,
       4.8479800701218387e+00, 6.1739929584275606e+00,
       -1.7019363902611784e+02, -1.1048716372482255e+02,
       4.8176933338641057e+01, 3.9614563186698625e+01,
       -3.2525349935503250e+01, -2.6104462363234053e+00,
       -2.7002984863444559e+00, -2.8032409616728032e-01,
       -1.1763197500069451e+00, 5.3985269462300828e+01,
       -8.4311130617930317e+01, -3.2257965168996696e+00,
       4.7877726715893473e+01, -8.3132028848881223e+00,
       2.7734165327403833e+01, 3.5018073286071827e+00,
       8.6057401208132278e-01, 6.3170713969634196e-02,
       -9.8331018237697378e+00, 8.7973825273050494e+01,
       -6.9238753289197925e+00, -4.2771675918440096e+01,
       1.2797354249261764e+01, -1.6736810637987019e+00,
       1.5545071796474679e+00, -1.1544600409372093e-03,
       -2.9319510849257258e-01, 1.9039957940087115e+02,
       1.1749434212792979e+01, -5.0450243368992645e+01,
       1.4502669279176560e+01, -9.6564473591610973e+00,
       -6.9832155894052077e+00, 1.0629316056824194e+00,
       -4.9876839490127223e-01, -9.2735087327722487e-01,
       -6.0496430594401225e+01, -9.7491960392507053e+00,
       -5.6216639623013450e+01, 2.6471781246570032e+01,
       2.4420133149757092e+01, 3.7097050585917342e+00,
       7.0378227549870442e-01, -5.3916414887277064e-01,
       -3.1034125232914805e-01, -3.0013694874523926e+00,
       8.0094829977598678e+01, 1.7141008807601175e+01,
       -2.6544556958753084e+01, 2.3702665953909008e+01,
       -2.8471517808774678e+00, -1.1294474612372730e+01,
       2.2325268218913590e+00, 7.0574828278621027e+00,
       -1.6093717797720430e+01, 3.1898714973220010e+00,
       -5.2023811364189569e+00, -8.2882726864950946e+00,
       3.7293191875480758e+01, -6.0316536731474732e+00,
       1.6480130138697511e+00, -1.2465578745172401e+00,
       -6.5254710142524019e-01, 4.2812901718845175e+01,
       -3.2351656928655849e+01, -5.6288859642347355e-01,
       9.4738019851183886e+00, 2.9063391570739197e+00,
       -2.8195792142661436e+00, -5.9585331750865018e+00,
       1.7695539241563698e+00, 6.6752440868330440e+00,
       1.9560351315266253e+01, -4.2050852672571125e+01,
       2.1712569753136318e+01, 2.0786725039101135e+01,
       3.8832803602884056e+01, 2.3065004381904994e-01,
       6.1754725712455683e-01, -8.5307955714672590e-01,
       -3.3451887804990815e-01, 1.2924672705722787e+02,
       -5.5720234776482485e+01, -3.3355676151255828e+01,
       4.6760356491369805e+01, -1.4252423973929808e+01,
       -7.2997293297420320e+00, -1.3952032077455179e+00,
       -1.9201629391242978e+00, -9.0892933875374315e-01 ]
