%YAML:1.0
means: !!opencv-matrix
   rows: 7
   cols: 9
   dt: d
   data: [ 2.2161768312896486e+00, 9.2058508964869276e+01,
       -1.1759715673351943e+01, -4.3174025331077090e+01,
       7.1050380201450238e+00, -2.2631880155423407e+00,
       1.5467680155470125e+00, -6.5411348943182523e-01,
       -3.3129986157026159e-01, -1.5826709719641124e+02,
       -6.9186267621469739e+01, 4.3834046242322998e+01,
       2.1643839150323799e+01, -1.3906737672372893e+01,
       4.0213567462128212e+00, -1.3160391806542429e+00,
       3.7673020063261037e-01, -4.7755200201687421e-02,
       4.7145077286622502e+01, -4.1168688338760617e+01,
       -1.8384892998432336e+00, 2.2681010219914821e+01,
       9.9951095285464735e+00, 9.2748790828344614e+00,
       1.0780095455597634e+00, -1.4848680673523698e-01,
       -9.8722979174754422e-02, 2.9309417773649617e+01,
       4.1797353682565301e+00, -2.5744062847130351e+00,
       -1.1219020990537345e+01, 3.4406733939938849e+00,
       -1.0674071704167572e+01, -6.6802289579247560e+00,
       2.4014061148600141e+00, 6.5044183178343271e+00,
       -1.5912357908748410e+02, 6.6268429582508674e+01,
       2.7745776439021501e+01, -3.6522852588165300e+01,
       -8.0735877057657035e+00, -1.3712805983235010e+00,
       4.0071206863707309e-01, 4.5028700358086676e-01,
       -3.3856430014186972e-01, 1.3393019815395050e+02,
       4.2769344665672371e+01, -4.0262220359786987e+01,
       -4.6396314835352053e+00, -8.6334194624584875e+00,
       -5.8770370834148826e+00, -5.3397866763878039e-02,
       -8.6528465452612738e-02, -7.2649301134562616e-01,
       -1.9318617649457561e+01, -8.5032533263627357e+01,
       7.2775703754292902e+00, 2.4175333791507054e+01,
       -2.5962329543796883e+00, -1.7992023445426572e+01,
       -8.1181333214886930e-01, -1.0019334642324043e+00,
       -1.4606094896173261e+00 ]
covs: !!opencv-matrix
   rows: 63
   cols: 9
   dt: d
   data: [ 6.2850396572027767e+03, -4.7746969622191409e+02,
       2.6090920465929871e+03, -6.5620255806453781e+02,
       -9.2984845293174686e+01, -2.0239668091870445e+02,
       -2.7322151393043178e+01, 9.8594736788936324e+00,
       -1.7961040193874886e+01, -4.7746969622191415e+02,
       7.4977961106078974e+03, 6.0531721400294623e+02,
       2.1315763525797079e+03, -3.7956217071537446e+02,
       9.6505536518560717e+01, -7.7413608741446311e+01,
       4.0263636591906113e+00, -7.4598063233793379e+00,
       2.6090920465929871e+03, 6.0531721400294623e+02,
       2.5563218505075129e+03, -8.6357865519323369e+01,
       -3.6286238313778519e+01, -1.4832069171222528e+01,
       2.2743695411856290e+01, -1.1724496325026315e+00,
       2.3865320423660843e+00, -6.5620255806453781e+02,
       2.1315763525797079e+03, -8.6357865519323440e+01,
       1.8676427505364502e+03, 2.2007617832965002e+02,
       -1.8951847102710724e+02, 2.5212018158984755e+01,
       1.3966165712964186e+01, 1.8970431431615973e+00,
       -9.2984845293174672e+01, -3.7956217071537446e+02,
       -3.6286238313778526e+01, 2.2007617832964996e+02,
       2.5403985647135005e+02, -4.1263363395550016e+01,
       -1.5252914943182201e+01, 6.7134649774521717e+00,
       -6.0782500877307921e+00, -2.0239668091870445e+02,
       9.6505536518560717e+01, -1.4832069171222537e+01,
       -1.8951847102710724e+02, -4.1263363395550016e+01,
       8.0202015333973804e+01, -1.4945144593115726e+01,
       -4.1986743800255688e+00, -6.6772474461637821e-01,
       -2.7322151393043171e+01, -7.7413608741446311e+01,
       2.2743695411856294e+01, 2.5212018158984755e+01,
       -1.5252914943182198e+01, -1.4945144593115730e+01,
       2.1203242305763681e+01, 1.1532503007772448e+00,
       3.1214556530181201e+00, 9.8594736788936377e+00,
       4.0263636591906087e+00, -1.1724496325026312e+00,
       1.3966165712964187e+01, 6.7134649774521700e+00,
       -4.1986743800255697e+00, 1.1532503007772450e+00,
       1.6428860580290308e+01, -1.5469486691453391e+00,
       -1.7961040193874886e+01, -7.4598063233793335e+00,
       2.3865320423660847e+00, 1.8970431431615968e+00,
       -6.0782500877307912e+00, -6.6772474461637810e-01,
       3.1214556530181192e+00, -1.5469486691453391e+00,
       1.1639421006844872e+00, 7.0917332988112421e+03,
       4.1144518803694433e+02, 2.8827735191823190e+03,
       -8.8742445743387952e+02, 4.6293362734094620e+02,
       3.7372108623906382e+02, 1.0901819368789927e+02,
       3.5782700657419106e+01, 1.8781924825430266e+01,
       4.1144518803694444e+02, 7.8983562209205411e+03,
       7.1966642957522799e+02, 2.0357123106283373e+03,
       7.2470077659019387e+02, 6.0260958899651530e+02,
       1.0765879587194456e+02, 3.8310703299215497e+01,
       3.0978576805701191e+01, 2.8827735191823190e+03,
       7.1966642957522834e+02, 2.4700824894350471e+03,
       -4.5236477318620068e+01, -1.4520765500019471e+02,
       -8.4961596154458121e+01, -2.9886356013511385e+01,
       -6.4067881634487245e+00, -8.6910689957987408e+00,
       -8.8742445743387952e+02, 2.0357123106283373e+03,
       -4.5236477318620068e+01, 1.9593489906175294e+03,
       -2.4037529822826764e+02, -1.1769142797352647e+02,
       -2.4945925679340185e+01, -2.0034175182651744e+01,
       -4.2643331173307208e+00, 4.6293362734094615e+02,
       7.2470077659019364e+02, -1.4520765500019471e+02,
       -2.4037529822826767e+02, 3.8359766733332197e+02,
       1.8262705469133428e+02, 3.1788118849395055e+01,
       2.0393088423555568e+01, 1.3780280782876073e+01,
       3.7372108623906371e+02, 6.0260958899651530e+02,
       -8.4961596154458121e+01, -1.1769142797352649e+02,
       1.8262705469133425e+02, 2.9927648757430632e+02,
       1.1467710535489021e+01, 1.3645789020735865e+01,
       8.8187334428080870e+00, 1.0901819368789928e+02,
       1.0765879587194456e+02, -2.9886356013511403e+01,
       -2.4945925679340185e+01, 3.1788118849395058e+01,
       1.1467710535489021e+01, 3.4889429345198792e+01,
       4.4527929513611291e+00, 3.2797585374492316e-01,
       3.5782700657419085e+01, 3.8310703299215511e+01,
       -6.4067881634487227e+00, -2.0034175182651747e+01,
       2.0393088423555575e+01, 1.3645789020735862e+01,
       4.4527929513611291e+00, 1.4718313735359729e+01,
       -8.5846883603365953e-01, 1.8781924825430270e+01,
       3.0978576805701188e+01, -8.6910689957987390e+00,
       -4.2643331173307208e+00, 1.3780280782876073e+01,
       8.8187334428080870e+00, 3.2797585374492327e-01,
       -8.5846883603365942e-01, 6.1872010278979932e+00,
       7.9972437928532681e+03, -5.2320257374912921e+02,
       2.0339160099802641e+03, -3.3403221792993008e+02,
       -1.1359262101451582e+03, 8.2534385300823558e+01,
       -5.5507826741314723e+01, 3.0599338633165580e+01,
       -9.1504379213833289e+00, -5.2320257374912921e+02,
       7.1197119645812872e+03, 7.0126236363040459e+02,
       1.9398399636820627e+03, -3.2987454217371055e+00,
       -2.4908339750073674e+02, -4.1734700707449264e+01,
       -2.4529340191417177e+01, -9.1118150973887102e-01,
       2.0339160099802639e+03, 7.0126236363040459e+02,
       2.7724315859668282e+03, -1.8251929890526225e+02,
       2.7476213475739763e+02, -5.3478205004134843e+01,
       1.6695383861190368e+01, -1.2938261529989990e+01,
       -9.5939987840069862e-01, -3.3403221792993020e+02,
       1.9398399636820632e+03, -1.8251929890526222e+02,
       2.0933721574569545e+03, -1.6000616367196986e+02,
       8.6210788525235685e+01, 9.6637425602479983e+00,
       9.4655160308619291e+00, 6.6657956822781461e+00,
       -1.1359262101451582e+03, -3.2987454217371082e+00,
       2.7476213475739752e+02, -1.6000616367196989e+02,
       7.0219742379050365e+02, -1.8083577082196729e+02,
       -1.9275132654548340e+01, -1.4921935220497284e+01,
       -1.0837400614014381e+01, 8.2534385300823573e+01,
       -2.4908339750073677e+02, -5.3478205004134843e+01,
       8.6210788525235685e+01, -1.8083577082196726e+02,
       2.4555367655425508e+02, -9.6347604692989499e+00,
       2.2267073055240738e+00, 4.2533366009080957e+00,
       -5.5507826741314751e+01, -4.1734700707449257e+01,
