%YAML:1.0
means: !!opencv-matrix
   rows: 11
   cols: 1
   dt: d
   data: [ -4.8992646846059948e+01, 1.2810759222381020e+02,
       -2.0740247514673382e+02, 4.2184986856595671e+01,
       2.4379146408453681e+02, -9.5925695735897591e+01,
       -2.7211069741463575e+02, 8.5789608702870851e+01,
       -1.8996376989522596e+00, -1.4711799385480725e+02,
       1.7942735767451873e+02 ]
covs: !!opencv-matrix
   rows: 11
   cols: 1
   dt: d
   data: [ 5.5110568303348714e+02, 7.1857738579969475e+02,
       1.0797643329625328e+03, 5.1669137475067157e+02,
       2.0067116893467683e+03, 6.0450531845435694e+02,
       1.8594905142660996e+03, 5.8029717087434233e+02,
       5.1035156826911162e+02, 8.1154264151571465e+02,
       1.0176174442784682e+03 ]
weights: !!opencv-matrix
   rows: 1
   cols: 11
   dt: d
   data: [ 1.1552630767231846e-01, 9.9040541032254126e-02,
       6.3703373902115445e-02, 1.2478234123990860e-01,
       4.4411357230177965e-02, 1.0749171665498404e-01,
       4.4469444838639786e-02, 1.1999395407056036e-01,
       1.2501225090075613e-01, 7.7985824965539116e-02,
       7.7582887492722866e-02 ]
pca_proj: !!opencv-matrix
   rows: 1
   cols: 21
   dt: f
   data: [ 1.02604255e-02, 8.46533298e-01, 5.67100069e-05,
       -5.08859605e-02, 4.68450844e-01, 1.89823491e-04, -5.55210514e-03,
       1.46431834e-01, -1.98076777e-05, -7.31809530e-03, 1.34976640e-01,
       -4.80776835e-05, -6.69380091e-03, 1.46460637e-01, -1.57161594e-05,
       2.11501210e-05, 1.32904761e-05, -3.16381829e-07, -1.62182951e-05,
       4.47223283e-04, 4.04881848e-06 ]
pca_mean: !!opencv-matrix
   rows: 1
   cols: 21
   dt: f
   data: [ 4.33646118e+02, 2.44701981e+02, 1.49672687e+00,
       4.18191803e+02, 2.60206879e+02, 1.62062907e+00, 3.68545319e+02,
       2.27059875e+02, 1.69770968e+00, 3.19420807e+02, 1.63929108e+02,
       1.75046074e+00, 3.16613464e+02, 2.25532654e+02, 1.70717156e+00,
       1.08872897e-04, -9.74175637e-05, 6.24380555e-05, -2.17504916e-04,
       -2.50119597e-01, 1.75055194e+00 ]
gamma: !!opencv-matrix
   rows: 11
   cols: 1
   dt: d
   data: [ 7.9054356574106699e-01, 8.3614148663282484e-01,
       8.7598541016795584e-01, 7.8718612847167846e-01,
       8.9676416140480808e-01, 8.1578290923705432e-01,
       9.0233377638623324e-01, 8.1018714923578528e-01,
       7.7817694025091089e-01, 8.4685100196515972e-01,
       8.6485292909856126e-01 ]
