%YAML:1.0
means: !!opencv-matrix
   rows: 19
   cols: 8
   dt: d
   data: [ -1.6792138173067366e+02, 4.2398413918534651e+01,
       3.8197342208449335e+01, -2.8856853672829697e+01,
       -9.0350557661437527e+00, -6.8235827420718111e+00,
       -3.9343936083944309e-01, -1.1241959139977551e+00,
       9.6140020623344242e+01, 1.5049908496218091e+01,
       -2.0762435044062254e+01, -1.7515734909267426e+01,
       -8.1821588021213429e+00, -4.0258304728425687e+00,
       -3.3261273174449451e+00, -1.8114044048441829e+00,
       -1.4832857314213430e+02, -1.0404029431819339e+02,
       2.7458168636360067e+01, 6.6476004392605603e+01,
       -1.9919911646781017e+01, 8.0971375049947159e-01,
       -2.5435214110340271e-01, -1.4683150481066973e+00,
       4.5491949703978385e+01, 2.4536551471887840e+01,
       -8.5197963459657924e+00, -5.3152088408922475e+00,
       2.0891898207931781e+01, 1.9705636081241222e+00,
       1.0233732773347473e+00, 1.4401871966126050e+00,
       1.6658050977936767e+02, 1.6119503135179333e+01,
       -4.5254515773165537e+01, -1.7773121040197360e+01,
       -7.5730224364338401e+00, 1.2418123259400117e+01,
       -1.7605352870880059e-01, -1.0636737662649529e+00,
       1.1899612986350598e+02, -4.3317306699999101e+01,
       -2.9038393282728521e+01, 3.6065301379016084e+01,
       -3.2205499733867935e+00, 1.3285471623720566e+01,
       -1.8904075236094009e-01, 2.1757870430183806e+00,
       -1.9916817608597628e+02, 9.9156036770305150e+01,
       4.1654030128502825e+01, -5.3842950529794329e+01,
       -2.4729180690952326e+01, 1.8619805889083413e+01,
       -3.9839199417472506e+00, 2.0467884821014128e+00,
       1.4227418985849074e+01, 1.3809926951341961e+02,
       -8.0988618809530788e-01, -7.6568472091452819e+01,
       1.6526925305593203e+01, 8.8652412298934813e+00,
       2.8303697356988462e-02, 1.8703069369948360e+00,
       9.3629627823164512e+01, -3.5730067166148928e+01,
       -2.8975269058046276e+01, 2.2479072220414732e+01,
       -8.4175164724634381e+00, 9.1414194200130510e+00,
       -1.4056460171496183e+00, 8.4751669027938525e-01,
       -1.9348709517059677e+02, -2.5071695303913508e+01,
       4.5224690650768501e+01, 1.8019659995391962e+01,
       -1.0171032104810470e+01, 3.7177815220354544e+00,
       4.2067139639274387e-01, 1.1481562313402596e+00,
       2.7070505266188412e+01, -1.0002573527101268e+02,
       -1.0040758621383976e+01, 6.9124495595899731e+01,
       -4.6888606255052192e+00, -1.6983292161790604e+00,
       2.1675494950163134e+00, -4.1394527621956795e-01,
       -6.3315546916096274e+01, -8.1959138274111410e+01,
       1.7250810707389501e+01, 4.9825572984551044e+01,
       7.4918361475788329e+00, -4.2776587724356681e+00,
       1.9560137612140400e+00, -3.4414160665050691e-01,
       7.6980828536392867e+00, 1.8936617407322846e+01,
       1.2545593170038320e+01, -1.7828934742115631e+01,
       9.4374414524465386e+00, -6.9795893359129435e+00,
       -6.0321274530032964e-01, 5.5526881741381251e-01,
       6.1330852287925282e+01, -6.4735441942133306e+01,
       -1.8233305807322829e+01, 4.0331426176690655e+01,
       6.6220285757933013e+00, 1.2296981202660227e+01,
       -1.0095842692494421e+00, 8.4795170274320611e-02,
       1.4078453107872980e+02, -1.9095615147499074e+00,
       -4.2095403136541137e+01, 9.5034504313472414e+00,
       -5.6978269881676500e+00, 1.0224604586013221e+01,
       7.3988166922177745e-01, 1.7659516190745486e+00,
       -1.6224469401213602e+02, -1.2938628370034863e+01,
       3.6638044092527544e+01, 1.9158942797939094e+01,
       -3.1492064320711441e+00, 1.8330742799898417e+01,
       -1.2019126459509952e+00, -8.2616058898237399e-01,
       -3.1736991953234284e+01, -2.5186580351082867e+01,
       1.8694676963757512e+01, 2.6083306376880206e+01,
       2.2410034389751814e+01, -5.5018832843217140e+00,
       -3.4524960011041728e+00, -2.6212913813242942e+00,
       -5.7382862689461142e+01, 2.7789728963193220e+01,
       2.2606662548528750e+01, -2.2569371510717694e+01,
       2.4127727647470202e+01, -1.4912525258414034e+01,
       2.1915125721957374e+00, -1.6583297350879175e-01,
       8.1572416535984516e+01, 1.5674723349179054e+01,
       -2.3747694388308702e+01, -3.2280799726921671e+01,
       -2.6483633043300834e+01, -1.9800166597992131e+01,
       9.4352407288416285e-01, -2.3161171102034510e+00 ]
