%YAML:1.0
means: !!opencv-matrix
   rows: 18
   cols: 5
   dt: d
   data: [ -1.8900397347383694e+02, -8.6044941087509258e+01,
       5.0066573821192364e+01, 2.4763505824791135e+01,
       -2.5510498168931697e+01, 9.9903999929056752e+01,
       -4.4873821474546737e+01, -2.1727883856415779e+01,
       3.7689496873559285e+01, -2.7236033843412077e+01,
       -5.7600156395218711e+00, 9.3127181421576111e+01,
       -3.5333868132053077e+01, 7.7090554054027374e+00,
       1.0867048017113412e+01, 1.2169091265817218e+00,
       -1.1381068982654470e+02, -4.6855255580530901e+01,
       -2.1558866937495015e+01, 1.0646777382662581e+01,
       -1.8399904977132909e+01, 8.4948179255105444e+01,
       7.5517030794240313e+01, -5.2665915862102729e+01,
       -4.0502758146359702e-01, -1.2657244759872853e+01,
       2.4692625696923390e+01, -4.0874192268256422e+01,
       -7.1725684713690455e+01, 8.1097442651005647e+00,
       3.1411049534984961e+01, 1.3066126333032506e+02,
       -2.0711562645128605e+01, -4.0240974542734108e+01,
       -1.1380643817578989e+01, 1.1346565520244030e+02,
       7.6353641136862649e+01, 4.6710871657003054e+01,
       2.3374926275527088e+01, 4.4127018523092305e+00,
       -1.0951886005583209e+00, -4.5741224234425474e+01,
       1.3375743919117655e+01, 2.0207081869763662e+01,
       3.6834834488233469e+01, 8.1394990253741497e+00,
       -4.5776573145403390e+01, -2.1463614964144302e+01,
       5.7911583915587265e+01, -3.8859880508284023e-01,
       8.4858597931028790e+00, -2.3176992834898599e+02,
       6.4051288910214348e+00, 7.6400588591497637e+01,
       -2.4693039486288875e+00, 1.2805093551502094e+02,
       -6.2312729198215912e+01, 3.5823817585360985e+01,
       -3.7506160045003853e+01, 4.4221132384453732e+00,
       2.2812496853940829e+02, 7.8375543923434119e+00,
       -2.1833372497207559e+00, 8.0617100934551722e+00,
       -1.4077897460572162e+01, -1.0275783055807467e+02,
       -3.7274832942553950e+01, 3.9184403847522795e+01,
       2.1267829498939264e+01, 1.6605207607433106e+00,
       1.1013576833012291e+02, 2.1133464770418932e+01,
       -7.7253099213596727e+01, 3.3126243847911297e+01,
       -9.8973401173321420e+00, -1.7756595757140929e+02,
       4.1669694141037583e+00, 3.1572920827851558e+01,
       -1.2288873289898980e+01, -3.0179857403739128e+00,
       1.0128566728020461e+02, -4.3490192999848517e+01,
       -5.1124053908170879e+01, -6.4328660376777989e+01,
       -1.0267084550178968e+01, -1.5902588578990841e+02,
       9.8390883512024772e+01, -5.7251776784826056e+00,
       -4.2068671980711144e+01, -8.9260707061176419e+00 ]
covs: !!opencv-matrix
   rows: 90
   cols: 5
   dt: d
   data: [ 5.7107632264206841e+03, -1.1378905519788361e+03,
       3.1718700965496828e+03, -5.5915316307799276e+02,
       -2.0598832958095875e+02, -1.1378905519788361e+03,
       8.9253082101588443e+03, 9.1557436739892375e+02,
       1.4199146866400272e+03, 7.0696799293422418e+02,
       3.1718700965496837e+03, 9.1557436739892375e+02,
       2.4579415325145142e+03, -5.4120734008046384e+01,
       -4.4145958719109032e+01, -5.5915316307799287e+02,
       1.4199146866400270e+03, -5.4120734008046391e+01,
       2.2252203875386458e+03, -2.9908777296826878e+02,
       -2.0598832958095875e+02, 7.0696799293422441e+02,
       -4.4145958719109032e+01, -2.9908777296826878e+02,
       2.1709997392139181e+02, 4.0944095216887426e+03,
       -6.9290269180689521e+01, 2.8934062278343222e+03,
       -7.9425100101024134e+02, -8.3117353644626291e+01,
       -6.9290269180689506e+01, 5.0629469742634719e+03,
       9.1939685221448303e+02, 2.6743758336780147e+03,
       -3.8982458147260125e+01, 2.8934062278343222e+03,
       9.1939685221448303e+02, 2.5261246632926723e+03,
       -1.0697671208824066e+02, -9.3776058406449280e+01,
       -7.9425100101024134e+02, 2.6743758336780147e+03,
       -1.0697671208824070e+02, 1.7498538019403816e+03,
       6.8971266502107923e+01, -8.3117353644626291e+01,
       -3.8982458147260125e+01, -9.3776058406449280e+01,
       6.8971266502107923e+01, 3.4842841161506932e+01,
       5.4431160916725385e+03, -1.7585048587980602e+03,
       5.3527849689135473e+02, -6.9375124597978498e+01,
       -3.0003885998995628e+02, -1.7585048587980602e+03,
       6.5245588298239763e+03, 1.7513885457880986e+02,
       4.5058642745069210e+02, -1.2748657260526489e+01,
       5.3527849689135473e+02, 1.7513885457880991e+02,
       1.4049840728097824e+03, -1.1337014924852140e+02,
       5.4923954712016716e+01, -6.9375124597978498e+01,
       4.5058642745069210e+02, -1.1337014924852134e+02,
       9.9195951403026027e+02, 6.2278098356239120e+01,
       -3.0003885998995628e+02, -1.2748657260526489e+01,
       5.4923954712016716e+01, 6.2278098356239120e+01,
       1.7595949637811654e+02, 7.0621693839797881e+03,
       -9.1099001106967216e+02, 6.6828808858208413e+02,
       3.1897595385974563e+02, -6.9340213189971473e+02,
       -9.1099001106967205e+02, 4.3570612690587077e+03,
       -5.9530328299971734e+02, -1.1106387677866560e+03,
       4.2102926725893305e+01, 6.6828808858208413e+02,
       -5.9530328299971734e+02, 1.3845593148348960e+03,
       4.4177927472927166e+01, -7.9520204774632948e+00,
       3.1897595385974563e+02, -1.1106387677866562e+03,
       4.4177927472927152e+01, 9.0315090718581700e+02,
       -1.0203640822022663e+02, -6.9340213189971473e+02,
       4.2102926725893319e+01, -7.9520204774632939e+00,
       -1.0203640822022660e+02, 3.2693658611861986e+02,
       5.0301710148322982e+03, 8.3845654435192409e+02,
       -5.7824889224205015e+02, -1.0145845635886614e+02,
       6.5390154499210530e+02, 8.3845654435192421e+02,
       7.9597884810755859e+03, 2.8354206622837489e+02,
       1.9475821622653293e+03, -2.1582145175168617e+02,
       -5.7824889224205015e+02, 2.8354206622837484e+02,
       6.8692608024751826e+02, 5.5827165573600769e+02,
       6.0057716631651659e-01, -1.0145845635886614e+02,
       1.9475821622653289e+03, 5.5827165573600769e+02,
       1.7309963485014202e+03, 1.8986493173319764e+02,
       6.5390154499210530e+02, -2.1582145175168617e+02,
       6.0057716631651525e-01, 1.8986493173319766e+02,
       2.5926539143325118e+02, 5.6771764494652580e+03,
       -1.0425170151202444e+03, 1.5322386805518261e+03,
       -6.2879843703548147e+01, 2.0056302741740840e+01,
       -1.0425170151202447e+03, 2.6933606134842344e+03,
       -3.3679201874908716e+02, 2.9986884476033356e+02,
       -1.9967489367013167e+02, 1.5322386805518261e+03,
       -3.3679201874908716e+02, 2.1634664823339867e+03,
       -2.0210252969891837e+02, 8.2400992411990970e+01,
       -6.2879843703548175e+01, 2.9986884476033362e+02,
       -2.0210252969891832e+02, 6.9718482787235496e+02,
       9.1095530303407330e+01, 2.0056302741740833e+01,
       -1.9967489367013164e+02, 8.2400992411990998e+01,
       9.1095530303407330e+01, 1.4925521699373994e+02,
       7.4633696527611792e+03, -1.6882687467492630e+02,
       2.4198972054868846e+03, -1.8025123466179264e+02,
       9.5208776332085961e+01, -1.6882687467492616e+02,
       6.0259588454690629e+03, 4.5575114764599078e+02,
       1.9348972532660193e+03, 1.1878758533192629e+02,
       2.4198972054868846e+03, 4.5575114764599073e+02,
       2.3893223557381002e+03, -3.2853535542540607e+02,
       -8.7327975002765541e+01, -1.8025123466179264e+02,
       1.9348972532660193e+03, -3.2853535542540612e+02,
       1.6541704966123491e+03, 7.7624816685459180e+01,
       9.5208776332085961e+01, 1.1878758533192629e+02,
       -8.7327975002765541e+01, 7.7624816685459166e+01,
       3.6291254558803615e+01, 4.7348827879308510e+03,
       -4.4369959018921844e+02, -2.0901978356416012e+02,
       5.1283533614229202e+02, -3.7560832824817965e+02,
       -4.4369959018921844e+02, 6.7695369797962612e+03,
       -4.2699206091603418e+02, -1.5324490441474657e+03,
       -5.8959338881501019e+01, -2.0901978356416012e+02,
       -4.2699206091603412e+02, 8.0350909897819213e+02,
       1.3442312349179736e+02, 1.2094840269075681e+02,
