%YAML:1.0
means: !!opencv-matrix
   rows: 42
   cols: 6
   dt: d
   data: [ 2.4262426516737314e+01, -4.6462848271525772e+00,
       -2.6954291407144932e+01, -8.5085441204283342e+01,
       7.1236304680894138e+00, -1.9538348144064253e+00,
       7.6609302905264087e+01, -2.9974258488022546e+01,
       -3.4552675541392524e+01, 4.5611941632928598e+01,
       -2.7007104385867539e+01, 1.6231494932008598e+01,
       -1.1735114759098258e+02, -9.1130253795890638e+01,
       4.0522140908951052e+01, 9.0370248798263066e+00,
       -2.6311873999294582e+00, -2.2162064043701186e+01,
       1.0522259326988141e+02, -7.8316330835946930e+00,
       -2.9060679462597037e+01, 2.6239386414519746e+01,
       7.5088628915092448e+00, -1.1095560595174124e+01,
       8.7866311973792239e+00, 1.0112690677780327e+02,
       2.2435536664452322e+00, -3.2727186436523645e+01,
       1.6520025251093504e+01, -5.4702048476108143e+00,
       -1.1299417516835156e+02, -1.3688008801436320e+02,
       2.5795799244145325e+01, -2.8422608216009188e+01,
       -2.6162042703807455e+00, 1.7218332695646922e+01,
       -1.1322821270293034e+02, 1.0788096124850922e+02,
       1.3443385248466365e+01, -5.8424905814469199e+01,
       -1.2213583619443591e+01, 4.5167602532609907e-01,
       8.4908066070320800e+01, -1.7172043130601961e+02,
       -2.4853324419762984e+01, 7.7557708744613763e+00,
       -4.2502798118827814e+00, 1.4108624041796585e+01,
       2.1363586335056993e+01, 4.1309970454838798e+01,
       2.7357319021292327e+01, 5.2539693940764167e+01,
       3.5072639165171040e+01, -3.6427596945577085e+00,
       -2.0573580848442268e+02, 3.9619992381883215e+01,
       2.2049427568394261e+01, -1.9260450488252101e+01,
       -4.6508057841526549e+00, -1.7960136721061641e+01,
       1.4628982359854086e+02, -5.6920488186403901e+01,
       5.2849257935197265e+01, 4.2755534149291009e+01,
       -1.5693879037162961e-01, 2.2662950747370790e+01,
       -2.3157536927990723e+01, 9.9593445207250738e+01,
       4.6445426927813259e+01, -5.9599131598381987e+01,
       3.7083139073613101e+00, 4.7147183558566317e+00,
       -2.0171794692823272e+02, -1.2693688134461192e+02,
       3.3997689894301729e+01, -4.2335380275937766e+01,
       -1.2901702565049037e+01, -2.6820165118793455e+00,
       1.2287416663066544e+02, -5.7963081902876652e+01,
       -5.9242471804233865e+01, -5.3885061060695165e+01,
       -9.0765685055072591e+00, -1.4712371402666233e+00,
       1.0096464399896253e+02, -4.8803117593523559e+01,
       -2.1498653704235327e+01, 3.5620308490690313e+01,
       -2.7288115280130164e+01, 2.3332559857829338e+01,
       1.1997061441192999e+02, 5.1911688187748757e+00,
       5.6281411931500450e+01, -2.6152832060276264e+01,
       1.0935706170102712e+01, 7.4231838965470731e-01,
       -1.3769959668256988e+02, 1.0196469179433485e+02,
       -3.7616599956305762e+01, -3.5306306859396386e+01,
       6.8361906693117191e+00, 4.4990470935560687e+00,
       -7.7061821883041148e+01, 1.3191030572822322e+02,
       2.9114647296590550e+00, -5.8867746281294572e+01,
       -2.0539350433423206e+01, -1.4945890957066965e+00,
       1.0339552678818739e+01, 3.5046851467434081e+01,
       -1.1987425295330809e+01, 1.7345814580868311e+01,
       1.0054809405881239e+01, 5.7302571989314970e+00,
       2.0105473675818612e+02, 2.1648254828983498e+00,
       1.0591729900695531e+01, -8.0682958644789853e+00,
       -1.3426889930367867e+01, -2.9478760614290023e+00,
       1.7203706465102204e+02, 1.3966694497489611e+01,
       -4.6118712610749206e+01, 1.0994223877161861e+01,
       -1.3383175349051935e+01, -9.6416736594738222e+00,
       -1.9783061462602541e+02, 2.2703837914206431e+01,
       1.5525759261587334e+01, 3.5560762214328271e+01,
       1.2046800320203128e+00, 5.2553549332252079e+00,
       -9.1954587256715115e+01, 3.0876486819823963e+01,
       9.6372482343192019e+01, -1.5277238600883694e+00,
       -2.3802746288297860e+00, 1.9643966327331732e+00,
       -8.3264124556391064e+00, -2.7839211307886099e+01,
       -5.6183407108690622e+00, -4.7796707058630714e+00,
       -1.3347905563169178e+01, -1.4247653093019348e+01,
       1.4256571032248379e+01, -8.3202486746695527e+01,
       2.2924114557675583e+00, -1.5983703157267048e+01,
       3.4716218274531307e+01, -1.3106276433747701e+00,
       1.0033106100137326e+00, -9.9438092073144034e+01,
       -3.7548092624873441e+01, -2.9758526873539459e+01,
       1.4763182521426174e+01, 7.8610215187231249e+00,
       4.6701157687111206e+01, -5.5562081507762372e+01,
       -3.0508835094713564e+01, 7.3929070998174922e+01,
       4.1341687592007217e+00, 1.7843162007525933e+01,
       5.3822084867369988e+01, 1.1724699773204439e+02,
       -2.9306695479237984e+01, -4.0453383919694936e+01,
       -4.0840956264491028e+00, -2.6606222029915099e+00,
       -1.6533715637535641e+02, 6.5588008366467648e+01,
       2.6276658724333071e+01, -3.0908141545555438e+01,
       -4.0432089003355731e+00, 4.5406052839129636e+00,
       -2.9511282882338346e+01, -5.3312529938898319e+00,
       1.4720895050244518e+01, 8.3255363462665177e-01,
       3.2202956552422812e+01, -7.9986137045940453e-01,
       5.1028248787920120e+01, 5.1378578372102197e+00,
       -1.2339004818313542e+01, -2.7316604485622282e+01,
       2.0529207309082205e+00, -2.6416844528506946e+01,
       -7.4947778045954507e+01, 8.3700631557366862e+01,
       -6.6333645057632921e+01, -8.2789746112661788e+00,
       1.5324681608113243e+01, -5.7105665509195456e+00,
       -8.5005740886751752e+01, -6.5215428254045435e+01,
       -3.5338324732651614e+01, 4.6095346406163721e+01,
       4.1914506355126107e+01, 6.4506019504237617e+00,
       1.3296428684793858e+01, -2.1656821727842495e+02,
       1.0626612268414664e+01, 7.3006508553454310e+01,
       -4.7113539643547862e+00, -2.4170410674197736e+01,
       -1.6212201548032840e+02, -8.1948693061670426e+01,
       4.7912930036680905e+01, 4.1257492445215540e+01,
       -3.2062641843061044e+01, 2.8942249173454195e+00,
       9.3351574415454248e+00, -1.0074733254319224e+02,
       3.0597102098974030e+01, 3.1743815349252422e+01,
       3.2385450393189494e+01, 1.0566892352603315e+01,
       1.2139395417044993e+01, -1.6835887513726036e+02,
       2.2544799312388523e+01, 6.0487633736920159e+01,
       2.8364465534741839e+01, -2.7150090976058895e+01,
       4.1817275701860659e+01, 7.5706106948140558e+01,
       -7.1720229681144076e+01, 8.1870563029022314e+00,
       -7.8203047759082889e+00, -2.9032064622140958e+00,
       -1.8391582852159453e+02, -1.2143961936919311e+02,
       5.5632995158304219e+01, 4.2274214554780450e+01,
       -3.3592483428717451e+01, -1.4417955294201439e+01,
       1.2050260542150103e+02, 1.4633465577801934e+02,
       1.8014226056565224e+01, 1.7634929166206092e+01,
       -9.6926133518441855e+00, -4.8335484228172101e+00,
       -1.3439904871580907e+02, -5.3518430890757763e+01,
       2.1503398695670690e+01, -5.4760619168020384e+01,
       5.2031467731758871e+00, 5.8755098223713640e+00,
       -1.2772963232491985e+02, -3.5171889247078390e+01,
       4.0550211992286840e+01, 4.2080983341251859e+01,
       -1.3559942227775304e+01, 1.9688808217905812e+01 ]
