%YAML:1.0
means: !!opencv-matrix
   rows: 8
   cols: 4
   dt: d
   data: [ -1.7041458062245746e+02, 3.7788021586084533e+01,
       3.9522000904178952e+01, 2.6183009325392764e+01,
       7.1782864667188420e+01, 1.1259707251912585e+02,
       3.5099813709370693e+01, -5.2703098293979011e+01,
       3.1475488626782457e+01, -7.5372679091591664e+01,
       -3.1923161071743593e+01, -5.0109195320776657e+01,
       -1.9413503232820091e+01, -4.8415283460385346e+01,
       1.0278659891733464e+00, 3.3197521245189790e+01,
       4.3610955287252633e+00, 1.0153055239405592e+02,
       -4.6032809408600443e+01, -1.0328140190619667e+01,
       1.0335430405568617e+02, -2.5625705481555798e+01,
       -3.6890153234892118e+01, 4.3112742235260349e+01,
       -1.7715557567968284e+02, -9.6990402124524934e+01,
       2.3405657962734388e+01, -3.2745361425321065e+01,
       1.0971469251995063e+02, -1.1689263697518673e+01,
       5.8908804710633632e+01, -1.2970843547361093e+00 ]
covs: !!opencv-matrix
   rows: 32
   cols: 4
   dt: d
   data: [ 6.2222754877394118e+03, 3.9360022778883973e+02,
       2.2571078637003870e+03, -7.3737080375824098e+02,
       3.9360022778883973e+02, 8.1573013685716269e+03,
       -3.1821203581237347e+02, -1.1652372635186416e+03,
       2.2571078637003875e+03, -3.1821203581237359e+02,
       2.1463384457348375e+03, -5.9772278446605270e+01,
       -7.3737080375824098e+02, -1.1652372635186416e+03,
       -5.9772278446605277e+01, 1.6357315103461658e+03,
       6.7286307488141938e+03, -3.2314344600282243e+02,
       -7.2785626770851297e+02, 4.7059392384650209e+02,
       -3.2314344600282260e+02, 6.4415409345430080e+03,
       7.4151134738911446e+02, 2.0984286941383020e+03,
       -7.2785626770851286e+02, 7.4151134738911435e+02,
       9.0957107932868723e+02, 1.5895111713104521e+02,
       4.7059392384650209e+02, 2.0984286941383020e+03,
       1.5895111713104515e+02, 1.6595219785843194e+03,
       1.1427074331426080e+04, -1.4590943475602771e+03,
       9.5315706816541638e+02, 4.8357810070793806e+02,
       -1.4590943475602771e+03, 5.5085701716671829e+03,
       -6.1238001564663500e+02, -1.9877325958756353e+03,
       9.5315706816541649e+02, -6.1238001564663500e+02,
       2.5209756580950948e+03, -2.8933619018590105e+02,
       4.8357810070793823e+02, -1.9877325958756353e+03,
       -2.8933619018590105e+02, 1.3660715177882637e+03,
       4.8345017887604172e+03, -1.9177723254506311e+03,
       2.3301553214657929e+03, -3.6389133120577969e+02,
       -1.9177723254506316e+03, 1.3965570475153398e+04,
       1.3040370299744788e+02, -1.7419979537785065e+02,
       2.3301553214657924e+03, 1.3040370299744791e+02,
       1.8678622859550940e+03, 7.1052759481314339e+01,
       -3.6389133120577969e+02, -1.7419979537785071e+02,
       7.1052759481314368e+01, 1.9680008931756965e+03,
       9.8823892349727976e+03, -1.3768409558409103e+03,
       7.0616147784415352e+02, 1.5612342020695701e+03,
       -1.3768409558409107e+03, 6.0788387827212364e+03,
       3.9566010290252029e+02, 1.0431664102612951e+03,
       7.0616147784415352e+02, 3.9566010290252029e+02,
       1.5047419841374597e+03, 1.7628202679271986e+01,
       1.5612342020695705e+03, 1.0431664102612951e+03,
       1.7628202679271979e+01, 1.8289079175287707e+03,
       5.5265678408915255e+03, 6.3061034274890619e+02,
       1.5658291916107205e+03, -9.3652179654197039e+02,
       6.3061034274890619e+02, 5.1151111169365086e+03,
       4.5894430735829980e+02, 1.7535257888208932e+03,
       1.5658291916107203e+03, 4.5894430735829980e+02,
       2.3175774382766099e+03, 1.5401704756139154e+02,
       -9.3652179654197050e+02, 1.7535257888208930e+03,
       1.5401704756139148e+02, 1.5945131587972946e+03,
       5.8230525637757528e+03, 1.4393840824953738e+01,
       2.5812616823347544e+03, -5.5822205929932443e+02,
       1.4393840824953697e+01, 6.9135464761709654e+03,
       -4.1203339117785151e+02, -1.4833903685224411e+03,
       2.5812616823347544e+03, -4.1203339117785140e+02,
       2.1055323905513219e+03, -2.4668756651369324e+02,
       -5.5822205929932477e+02, -1.4833903685224411e+03,
       -2.4668756651369316e+02, 1.3657012650906991e+03,
       1.1630841658596331e+04, 5.3669961627924465e+02,
       -2.7784286862852805e+03, 5.1983362934529021e+02,
       5.3669961627924476e+02, 7.8885248137920362e+03,
       2.1920952138699079e+02, 1.1711201806072290e+03,
       -2.7784286862852796e+03, 2.1920952138699079e+02,
       1.2003934343571864e+03, 3.4764203435464913e+02,
       5.1983362934528998e+02, 1.1711201806072293e+03,
       3.4764203435464913e+02, 1.9038270505347423e+03 ]
weights: !!opencv-matrix
   rows: 1
   cols: 8
   dt: d
   data: [ 1.2804090585329994e-01, 7.7598515884219232e-02,
       1.2767999610255387e-01, 1.5726620058122118e-01,
       1.6227630870270035e-01, 1.4672634109726071e-01,
       7.8702826267832829e-02, 1.2170890551088927e-01 ]
pca_proj: !!opencv-matrix
   rows: 4
   cols: 21
   dt: f
   data: [ 1.02604255e-02, 8.46533298e-01, 5.67100069e-05,
       -5.08859605e-02, 4.68450844e-01, 1.89823491e-04, -5.55210514e-03,
       1.46431834e-01, -1.98076777e-05, -7.31809530e-03, 1.34976640e-01,
       -4.80776835e-05, -6.69380091e-03, 1.46460637e-01, -1.57161594e-05,
       2.11501210e-05, 1.32904761e-05, -3.16381829e-07, -1.62182951e-05,
       4.47223283e-04, 4.04881848e-06, 8.19958210e-01, 1.87153444e-02,
       -7.93817599e-05, 4.28530097e-01, 8.29724409e-03, 8.75842488e-06,
       2.28233948e-01, -2.37727305e-03, -1.84168690e-04, 2.08515689e-01,
       -1.20344283e-02, -2.14158339e-04, 2.18838796e-01, -7.27251405e-04,
       -1.84816250e-04, -3.05604735e-05, -5.04301033e-06,
       -1.27042276e-05, 6.79167337e-04, 1.30049409e-06, -1.63660501e-04,
       -1.48704097e-01, -3.29387456e-01, -1.82470303e-05, 1.08596861e-01,
       1.49965823e-01, -1.77574475e-04, 1.29315495e-01, 5.12750924e-01,
       2.36419466e-04, 1.37444586e-01, 5.11233926e-01, 2.85520800e-04,
       1.36541247e-01, 5.06532609e-01, 2.30281497e-04, -1.19767010e-05,
       -4.37137305e-06, 1.85016711e-06, 4.23374237e-04, 1.63331581e-03,
       1.86568883e-04, -4.72028166e-01, 1.25829116e-01, -3.95576280e-05,
       1.75304204e-01, -4.03850079e-02, -1.91588406e-04, 4.72358793e-01,
       -1.55570537e-01, 3.14154240e-05, 4.64089781e-01, -1.42328069e-01,
       9.23298430e-05, 4.71241623e-01, -1.54795542e-01, 4.75230554e-05,
       -2.49870754e-05, 5.87460408e-06, 1.53038200e-05, 1.49897439e-03,
       -5.03496267e-04, 3.15210091e-05 ]
pca_mean: !!opencv-matrix
   rows: 1
   cols: 21
   dt: f
   data: [ 4.33646118e+02, 2.44701981e+02, 1.49672687e+00,
       4.18191803e+02, 2.60206879e+02, 1.62062907e+00, 3.68545319e+02,
       2.27059875e+02, 1.69770968e+00, 3.19420807e+02, 1.63929108e+02,
       1.75046074e+00, 3.16613464e+02, 2.25532654e+02, 1.70717156e+00,
       1.08872897e-04, -9.74175637e-05, 6.24380555e-05, -2.17504916e-04,
       -2.50119597e-01, 1.75055194e+00 ]
gamma: !!opencv-matrix
   rows: 8
   cols: 1
   dt: d
   data: [ 9.0675781052421145e-01, 8.7420807026546143e-01,
       8.2659073819994822e-01, 9.0310358199823182e-01,
       9.0454368915935957e-01, 9.0459644712258103e-01,
       8.8628792665515044e-01, 8.2839354305647817e-01 ]
