%YAML:1.0
means: !!opencv-matrix
   rows: 36
   cols: 3
   dt: d
   data: [ -9.0353681829584318e+01, -1.2135850155318592e+02,
       -4.9495510159435675e+01, 3.3382999027985697e+01,
       1.8700903744235137e+02, 1.6424108753049619e+01,
       -7.3098718126970297e+01, 9.3344946589302367e+01,
       -4.2714924864401276e+01, 2.4955940653296160e+01,
       -9.3333971194378336e+01, -8.6859716974863517e+01,
       1.6729424888520867e+02, -1.2013819070149631e+02,
       1.4969097234454637e+01, -2.6074209243882123e+01,
       -7.9491322651166229e+01, -1.9786609551465585e+01,
       1.6393513035101412e+02, 2.0348239476207318e+01,
       4.2527002879270299e+01, -1.8401950934851286e+02,
       -1.4405684272089400e+02, 3.4300030792270967e+01,
       -2.1837477063442844e+02, -2.5635134576183178e+00,
       4.3484485839309109e+01, -1.8776615427041796e+02,
       1.4256797737089073e+02, -5.3087574488880884e+00,
       7.8403390217592147e+01, 8.8273329054470349e+00,
       -2.3614773694927194e+01, -6.7364447201399372e+01,
       1.7031609603233281e+02, 6.5557419932429767e+01,
       2.1601054065303799e+02, -2.7765525599009049e+01,
       -2.1079193977117125e+01, -5.6212243166886768e+00,
       -1.4254117450458747e+02, 7.8835064769498553e+00,
       -4.4381113674943947e+01, 3.3123723402219568e+01,
       6.9951348328093232e+01, -1.1192738120425348e+02,
       -7.2938310841427693e+01, 9.9838426590187439e+01,
       -7.8699171725528188e+01, -3.6707164132259322e+00,
       -4.0416348014596458e+01, -6.5813238066909520e+01,
       1.7982642526226940e+02, -6.1888836564002808e+01,
       6.4254409091553924e+01, -7.7578768062992765e+01,
       4.1327662265320200e+01, -3.2655277923347370e+01,
       -2.4982923569073854e+01, 9.5376052707370633e+01,
       -1.2479876516341531e+02, 3.8705428156917726e+01,
       4.1390243764003159e+01, -1.5732147541945818e+02,
       -6.4863014985484398e+01, 1.2926054229144453e+01,
       1.1313834916026023e+02, 2.4587386277209308e+01,
       -7.1749935103060807e+01, 8.0845906763231511e+01,
       4.9951504400848115e+01, 6.4162933240248407e+01,
       2.3058182765813825e+01, 9.0968752204245163e+01,
       1.0974187353124981e+01, 1.4257919411607185e+02,
       1.2315256181709907e+02, 2.5982784723995596e+01,
       1.0518965830288917e+02, -9.9618642127022582e+01,
       -4.6924752592928215e+01, -3.8483827225988079e+00,
       -2.3082634395177513e+02, -3.6688826604523670e+00,
       6.5741845708720817e+01, 1.3983497415466195e+02,
       -5.8020310619407361e+01, 2.5188447595518178e+02,
       2.7644379793653759e+01, 2.4417724410949791e+01,
       -2.7887138267281290e+02, -6.6521447333894983e+01,
       -1.7145627064568338e+01, 3.5472683403711613e+00,
       3.3080761928136248e+01, -7.7552464926887438e+01,
       1.9795987019150985e+00, 1.0355888553102785e+01,
       7.6677619874490190e+00, -1.9433509671631916e+02,
       3.3293353518265242e+01, -2.7427235148447437e+01,
       9.8644106562377459e+01, -1.1573722647976135e+02,
       7.7175494716381266e+01, 1.5197450157788001e+02,
       -2.6724216800212602e+01, 2.0927053971240142e+01 ]
covs: !!opencv-matrix
   rows: 108
   cols: 3
   dt: d
   data: [ 2.1474138432577215e+03, -1.0423174376915522e+03,
       -1.4260391285640170e+00, -1.0423174376915522e+03,
       4.0160068489274518e+03, 1.2525849626428662e+02,
       -1.4260391285640166e+00, 1.2525849626428662e+02,
       4.4453123061942500e+02, 2.9213699574882194e+03,
       -6.3059198428218920e+01, 6.1722249816122132e+02,
       -6.3059198428218920e+01, 3.3563605518924169e+03,
       -3.2591173287374039e+02, 6.1722249816122132e+02,
       -3.2591173287374028e+02, 1.2234434744024993e+03,
       2.0612793037964830e+03, 5.2626641708721070e+02,
       4.1837790627898733e+02, 5.2626641708721047e+02,
       2.5139885007358698e+03, -2.0625001269084621e+01,
       4.1837790627898733e+02, -2.0625001269084613e+01,
       1.0640128474477222e+03, 9.6400037700517976e+02,
       -3.7024566193484929e+02, 2.6813482558183489e+02,
       -3.7024566193484929e+02, 2.8843699788350059e+03,
       1.3520181134350477e+02, 2.6813482558183489e+02,
       1.3520181134350477e+02, 5.5276669643515379e+02,
       1.4296460264605391e+03, -4.6429813064503190e+02,
       4.7698256966198755e+02, -4.6429813064503196e+02,
       2.0293532717890753e+03, -1.0890756233015732e+02,
       4.7698256966198755e+02, -1.0890756233015732e+02,
       5.3971202873224604e+02, 1.7940397878506055e+03,
       -2.7738582684071429e+02, 1.0368121620959732e+03,
       -2.7738582684071429e+02, 2.2347168421545875e+03,
       1.5159943721262377e+02, 1.0368121620959730e+03,
       1.5159943721262377e+02, 1.3243257011813757e+03,
       1.2753423756449349e+03, -6.9253131578252493e+01,
       3.0258572319332734e+02, -6.9253131578252535e+01,
       3.0991662452377477e+03, 1.0678381996794339e+02,
       3.0258572319332734e+02, 1.0678381996794334e+02,
       3.7807208481077834e+02, 3.4602584939313260e+03,
       -1.9440098898048012e+02, 1.5032469878991810e+03,
       -1.9440098898048021e+02, 4.4350047204162674e+03,
       4.1554691282902741e+02, 1.5032469878991810e+03,
       4.1554691282902741e+02, 1.1440009522991122e+03,
       2.7436818438119876e+03, -9.2468200370565182e+02,
       1.2444500152001056e+03, -9.2468200370565205e+02,
       5.8852482482019095e+03, 2.2064891243689377e+02,
       1.2444500152001056e+03, 2.2064891243689374e+02,
       1.0694581294784352e+03, 4.6138453614166301e+03,
       1.0182652306431429e+03, 5.5858081218915072e+02,
       1.0182652306431429e+03, 4.8002360754557021e+03,
       -5.8979790514480055e+02, 5.5858081218915083e+02,
       -5.8979790514480055e+02, 1.0164258862357435e+03,
       2.0451393885946354e+03, 1.3162687766032926e+02,
       7.2186903879409181e+02, 1.3162687766032917e+02,
       3.2802627938220394e+03, 3.1743866597778089e+02,
       7.2186903879409181e+02, 3.1743866597778089e+02,
       7.8311310598391503e+02, 3.6935411295714161e+03,
       4.8969366559918024e+02, 3.3772826835370444e+02,
       4.8969366559917995e+02, 3.3823726726236810e+03,
       -1.3644250411284719e+02, 3.3772826835370449e+02,
       -1.3644250411284719e+02, 9.1466339276034228e+02,
       2.0027694121349803e+03, -3.8745404676354696e+02,
       3.4889059152436369e+02, -3.8745404676354701e+02,
       4.9437228563098997e+03, 3.6494495098644944e+02,
       3.4889059152436380e+02, 3.6494495098644944e+02,
       7.6217842970484378e+02, 3.8940796867328727e+03,
       -1.3556235872918264e+03, -3.8382830056730126e+02,
       -1.3556235872918264e+03, 1.9622675776669303e+03,
       4.6256714226182226e+02, -3.8382830056730126e+02,
       4.6256714226182214e+02, 1.5869877992729660e+03,
       1.7638784745369874e+03, -5.1830128397487715e+02,
       4.2769854748044492e+02, -5.1830128397487738e+02,
       4.5874041140982190e+03, 7.6964474726191418e+02,
       4.2769854748044474e+02, 7.6964474726191406e+02,
       7.9822288708311953e+02, 1.4087535578188144e+03,
       -1.2337367589780627e+03, 2.6542699884234770e+02,
       -1.2337367589780627e+03, 8.8978218579794539e+03,
       6.5508729908667601e+02, 2.6542699884234764e+02,
       6.5508729908667601e+02, 5.0309054579694788e+02,
       1.2887996610669481e+03, -1.8779317717874778e+02,
       2.0342682424059987e+02, -1.8779317717874778e+02,
       2.3767900735628186e+03, -2.6074893279367000e+01,
       2.0342682424059987e+02, -2.6074893279366993e+01,
       1.1550797117482930e+03, 3.6007179692242016e+03,
       -2.2581382589100110e+02, -3.7404418616462601e+02,
       -2.2581382589100110e+02, 3.0684558471454088e+03,
       -1.2736238109955777e+02, -3.7404418616462596e+02,
       -1.2736238109955777e+02, 7.6449289961040415e+02,
       1.8906046062536620e+03, -3.5058135793768912e+02,
       4.6345745050176276e+02, -3.5058135793768901e+02,
       4.6486858097424674e+03, 2.4384201138962021e+02,
       4.6345745050176276e+02, 2.4384201138962021e+02,
       5.2124721003268519e+02, 2.8330856619790934e+03,
       -1.9876998316848542e+03, -6.1600910653207950e+02,
