%YAML:1.0
means: !!opencv-matrix
   rows: 28
   cols: 6
   dt: d
   data: [ 2.8924142128548027e+01, -5.6812190674648747e+01,
       -2.6898997741982352e+01, -3.2848757626198562e+01,
       1.8268626483374018e+01, 6.4374140686800532e+00,
       8.5443337573834384e+01, -5.6820702686924491e+01,
       -2.5583360769812604e+01, 4.2345314444805886e+01,
       6.0998600825794980e-01, 1.1837743659075111e+01,
       7.2463784419363648e+01, 8.4151373501205796e+01,
       -2.4604895727486955e+01, 2.6064153050961576e+01,
       1.0053052313371694e+01, 4.0395705853173842e+00,
       -1.0281510943891971e+02, 2.5324378529784354e+01,
       -4.7332854358452046e+01, 4.0527784986764628e+00,
       2.1296315923278605e+01, -5.1066498747172417e+00,
       -1.3628077531942407e+02, -3.4104263457604624e+01,
       4.2745375725613613e+01, -4.3562300817574432e+01,
       2.2893639602820341e+00, -6.9542556978621262e+00,
       1.1310556460087007e+02, 2.5126209221741430e+01,
       -7.7400763368637470e+01, 5.9116563158124324e-01,
       -5.5735292510975309e+00, 1.2732529810408542e+01,
       9.8114044983797541e+01, 1.1610243828119684e+01,
       -3.1102390409806702e+01, -2.4833344465506968e+01,
       -2.5247176185893476e+01, -9.7537151119536833e+00,
       1.2466685164662197e+01, -8.2188658566181232e+01,
       6.6543531805768779e+01, 4.8213968244126868e+01,
       7.7769386656834856e+00, -3.5799007876503941e+00,
       1.3489794726687410e+02, -1.7063681416862146e+01,
       5.6674368253978528e+01, -1.7267701542329227e+01,
       1.2296108916600577e+01, 1.9044137256589435e+00,
       -1.6082757074124535e+02, -3.3114690609088733e+01,
       3.7901441436018445e+01, 2.8175612376105182e+01,
       -5.8306226581286236e+00, 2.0878679912216036e+01,
       -2.8768351231605544e+02, 1.4282790523913711e+01,
       -1.0814099437445222e+01, 3.3978988943032724e+00,
       -9.1249417616676869e+00, 1.0304527310633185e+01,
       -1.7183177986454160e+02, -9.5485706711626491e+01,
       4.6273940070332678e+01, -2.6942577193290447e+00,
       -5.4751987438937100e+00, 8.0770737309171214e-01,
       2.1614363712101894e+02, 1.2517896624650705e+01,
       7.9135391569718472e+00, 5.7769959897478911e+00,
       -8.4921314291874523e+00, 1.2373311612926344e+01,
       -1.3379902721466547e+02, 1.0827256767099668e+02,
       4.0720388679124063e+01, 8.1384821059002412e+00,
       2.2514029833819180e-01, -6.9210149375054364e+00,
       2.0399513844643582e+01, -1.0320575284460925e+02,
       -1.0043127487138641e+01, 7.0235388693991467e+01,
       -5.5192341582746947e+00, -2.4560261969032160e+00,
       2.3092036353835045e+01, 5.5276298686567721e+01,
       -3.4279023653600724e+00, -4.0422892838968501e+01,
       9.4436758202998461e-02, -2.2152581751900826e+01,
       -1.5269300715828223e+02, 6.7277236608842003e+01,
       3.1496656583575611e+01, -4.9255035554769250e+01,
       -1.9181155430494403e+01, -8.2309640312590524e+00,
       -4.9805244619085345e+00, 3.5398185897554818e+01,
       9.8412718424326293e+00, -2.4011465890861608e+01,
       3.8578020485540620e+01, -4.9368199842217297e+00,
       1.3300798519392612e+02, -7.6690666023518588e+01,
       -4.2289693485415967e+01, -3.1427416637918704e+01,
       -3.8345398122423329e+00, 1.3753021969724774e+01,
       7.1239589907463568e+01, -5.5583561752571811e+01,
       -2.8167396392366644e+01, 4.1015474355216455e+01,
       -9.8903525706285311e+00, 6.2852464646942101e+00,
       -1.4819961006452286e+02, -1.0286799625284686e+02,
       2.8138433141168523e+01, 6.6331783705028855e+01,
       -1.9539886244114797e+01, 7.9506000330279636e-01,
       -9.3018654018852089e+01, -7.6291891749263726e+01,
       -1.8613642458124911e+01, 4.8776124010673016e+01,
       1.1617890546216351e+01, -2.7003708701728684e+00,
       -2.0523718059470716e+02, 9.4240303841373972e+01,
       4.5545670212095068e+01, -5.1309977295910166e+01,
       -2.1248866979477313e+01, 2.3946285556674987e+01,
       7.6545202953952739e+01, 2.4558383201585073e+01,
       -1.7333716972228718e+01, -1.3259180720004434e+01,
       -7.9660082874980489e+00, -2.5419301562643599e+00,
       -1.5331129493510127e+02, 3.4600041410606039e+01,
       4.7768461000830257e+01, 5.2449019124649951e+01,
       -4.6290322030167230e+00, -1.4218925855648217e+00,
       8.2410994711742447e+01, 1.7752654908170438e+01,
       -2.2849654516217733e+01, -3.2539489063608272e+01,
       -2.5480361144417657e+01, -2.0117770189984753e+01,
       2.2330231501969799e+00, 1.1754054294624570e+01,
       3.0117759539344647e+01, 1.6204503858687609e+01,
       2.0774646444492134e+01, -7.6563962118157622e+00,
       1.7139613424342336e+01, 1.5621940517781775e+02,
       -6.6534340142777748e-01, -8.4987062868729538e+01,
       1.5701318494254570e+01, 1.5734156181090860e+01 ]
