%YAML:1.0
means: !!opencv-matrix
   rows: 21
   cols: 3
   dt: d
   data: [ 5.2444153448836715e+01, -6.7995933281835121e+01,
       -8.0974360089437084e+01, -5.2380695377339535e+01,
       6.7171541364160319e+01, 7.7909188517866525e+01,
       -2.0680401958586685e+02, -1.1989793758004741e+02,
       2.9621335958169716e+01, 1.4878509866662137e+02,
       -1.0664246064346696e+02, -1.5511199232890869e+01,
       7.7381434083706651e+01, 4.5758652029236139e+01,
       -3.5401741336988884e+01, -6.3043768211472987e+01,
       1.5288926252898361e+02, -6.9216505830845733e+01,
       -2.7402542585188905e+02, -4.4711940782507831e+01,
       -1.2403354541538082e+01, -9.0212652332677791e+01,
       5.9951407320639349e-01, -4.7983982126611878e+01,
       5.7102822758227894e+01, 5.7850695355258615e+01,
       5.3942927729095416e+01, 6.3382110743644617e+01,
       -1.1051085144291278e+02, 4.9385995886224826e+01,
       -3.4969644086435608e+01, 6.3960695651142210e+01,
       -4.0973133550149576e+01, 3.0491840440284420e+01,
       1.6897997933216053e+02, -1.7448639876871304e+00,
       -1.8248700843310758e+02, 3.8595593684919578e+01,
       -1.0099956358068713e+01, 1.4740868708435136e+02,
       1.0850513784519499e+02, 3.2841439930452900e+01,
       -1.6746705134014380e+02, -1.2194340098209102e+01,
       4.9276973661534505e+01, -1.1806644940937527e+02,
       -6.6879243484704915e+01, 9.7772070211959331e+01,
       -5.2789519105999744e+01, -1.1140838446314217e+02,
       -3.1950541952060380e+01, 6.5263767232886734e+00,
       -2.6051248620294160e+02, -3.1574089499767082e+00,
       1.3369577260935978e+02, -5.9769541698935447e+00,
       3.0554679189837866e+00, -9.8401291515112952e+00,
       -1.5142908041025455e+01, 1.5937958172832989e+01,
       1.9362430576195840e+02, -2.5231382232884638e+01,
       4.2331855783467013e+01 ]
covs: !!opencv-matrix
   rows: 63
   cols: 3
   dt: d
   data: [ 3.7500189536623884e+03, 3.8873991432826870e+02,
       -1.7071688262049062e+02, 3.8873991432826887e+02,
       4.2494177269201864e+03, -7.5300664286804588e+00,
       -1.7071688262049062e+02, -7.5300664286804642e+00,
       9.6597913203800840e+02, 2.5515896215761459e+03,
       -9.3094351326207186e+02, 4.3401994329441987e+02,
       -9.3094351326207186e+02, 6.9821881494983809e+03,
       -7.9781478817546770e+01, 4.3401994329441982e+02,
       -7.9781478817546756e+01, 7.9394164779681500e+02,
       2.8959117247048912e+03, -5.1305465301313268e+02,
       1.1699108114656817e+03, -5.1305465301313268e+02,
       6.1421510852717374e+03, 7.1314978682529181e+02,
       1.1699108114656815e+03, 7.1314978682529181e+02,
       9.7912164437123442e+02, 5.1971871417467555e+03,
       1.0489273771797375e+03, 1.2003371099553954e+02,
       1.0489273771797375e+03, 2.6230957615654111e+03,
       -1.4429514874687331e+02, 1.2003371099553949e+02,
       -1.4429514874687322e+02, 9.9416963888121654e+02,
       3.0730464944810565e+03, 1.2282878351632771e+03,
       4.7372052918846526e+02, 1.2282878351632774e+03,
       3.5620545116978565e+03, -2.0126270286106973e+02,
       4.7372052918846509e+02, -2.0126270286106973e+02,
       1.7478507371257376e+03, 6.5238658847920542e+03,
       -1.1763870294079200e+03, -9.6904415530557492e+02,
       -1.1763870294079200e+03, 4.5136744090751381e+03,
       2.9530470799243255e+02, -9.6904415530557492e+02,
       2.9530470799243244e+02, 7.3190715468624398e+02,
       2.0357209742953389e+03, -1.0680706101294400e+03,
       2.2784050319773638e+02, -1.0680706101294400e+03,
       9.2702297245277787e+03, 7.5218321964273230e+02,
       2.2784050319773638e+02, 7.5218321964273230e+02,
       4.6074291235578335e+02, 1.7941298132102540e+03,
       8.2620282586174866e+01, -1.1791297882692776e+02,
       8.2620282586174838e+01, 5.4929824664281468e+03,
       -4.8059433714622600e+02, -1.1791297882692778e+02,
       -4.8059433714622600e+02, 1.1500074189957481e+03,
       1.6841014877644777e+03, -2.5046701239020541e+02,
       6.1608705725688526e+02, -2.5046701239020541e+02,
       3.9036792687511997e+03, -4.1622280446303921e+02,
       6.1608705725688526e+02, -4.1622280446303921e+02,
       9.5844351856126104e+02, 1.7311763239123591e+03,
       -5.4762879238467656e+02, 7.1987022790840183e+02,
       -5.4762879238467656e+02, 5.7048680508961015e+03,
       1.4339158302584676e+02, 7.1987022790840183e+02,
       1.4339158302584676e+02, 8.1651571786198122e+02,
       3.2596400686189077e+03, -9.0219409904567135e+02,
       -1.0496710754774031e+03, -9.0219409904567135e+02,
       4.1720312697349209e+03, 5.8784685707130166e+02,
       -1.0496710754774033e+03, 5.8784685707130177e+02,
       1.9274163404962767e+03, 5.8269444666392674e+03,
       -7.9598107092146211e+02, -1.2612291823884883e+02,
       -7.9598107092146222e+02, 3.5894666772029773e+03,
       2.3901957531355296e+02, -1.2612291823884883e+02,
       2.3901957531355296e+02, 1.4173063889727023e+03,
       2.7532982833896867e+03, -6.1900337205599806e+02,
       6.0725547804203995e+02, -6.1900337205599806e+02,
       9.1909421678029321e+03, 8.9846438652143476e+01,
       6.0725547804203995e+02, 8.9846438652143476e+01,
       1.2535305463033237e+03, 4.7184040829000660e+03,
       -2.1253137428767286e+03, -1.2780411600512566e+03,
       -2.1253137428767286e+03, 6.4675530067192876e+03,
       1.1366823353377270e+03, -1.2780411600512566e+03,
       1.1366823353377270e+03, 9.4214076284855685e+02,
       4.0351155489017665e+03, -1.4586791894676403e+03,
       8.5720512719379269e+02, -1.4586791894676403e+03,
       6.5359807722943160e+03, 6.5240725186485690e+02,
       8.5720512719379269e+02, 6.5240725186485690e+02,
       9.4595149109983208e+02, 1.6446688434924606e+03,
       -9.7582719977703846e+02, 4.0470369854923769e+02,
       -9.7582719977703846e+02, 9.4015534386820564e+03,
       9.5212890948340009e+02, 4.0470369854923769e+02,
       9.5212890948340021e+02, 6.2332148939524313e+02,
       2.1045506902087627e+03, -6.2241099233688011e+01,
       7.1480854501457202e+02, -6.2241099233688068e+01,
       4.7555558531054221e+03, 2.9120682224005867e+02,
       7.1480854501457202e+02, 2.9120682224005873e+02,
       7.3018670253173491e+02, 4.9409298431126663e+03,
       -8.1410689433694006e+02, 2.4423635741332059e+03,
       -8.1410689433694029e+02, 4.9700796163765181e+03,
       7.4310465597793529e+02, 2.4423635741332059e+03,
       7.4310465597793529e+02, 1.9717731510717128e+03,
       3.0555081482871515e+03, 6.3034047908981165e+02,
       -3.8225833883833963e+02, 6.3034047908981165e+02,
       3.0142365774987429e+03, -1.5572058183845033e+02,
       -3.8225833883833963e+02, -1.5572058183845024e+02,
       1.4586178634322471e+03, 2.2008598768517768e+03,
       1.2918338425440277e+02, -2.7348944922112958e+02,
       1.2918338425440277e+02, 6.6545106069162075e+03,
       -1.2130757186047465e+03, -2.7348944922112963e+02,
       -1.2130757186047463e+03, 1.6766283695203244e+03,
       4.6618165173256075e+03, 1.9144971612444601e+03,
       -1.0286845299091249e+03, 1.9144971612444601e+03,
       9.3414354503699687e+03, 1.8804050806709238e+01,
       -1.0286845299091249e+03, 1.8804050806709231e+01,
       5.7333816415735907e+02 ]
weights: !!opencv-matrix
   rows: 1
   cols: 21
   dt: d
   data: [ 7.6351401742218258e-02, 4.6714696940540756e-02,
       2.5033483855852474e-02, 5.1199371904692446e-02,
       6.7891034370170633e-02, 3.2468606787622610e-02,
       3.1357845009705336e-02, 5.1013522300521759e-02,
       4.3568428041911522e-02, 4.0051054412384234e-02,
       6.0814772264199866e-02, 4.7269940063037058e-02,
       6.4829899261306903e-02, 4.3716096620760661e-02,
       3.6635508743885270e-02, 3.6081800419205452e-02,
       4.0469910943605018e-02, 1.2471104999426831e-02,
       7.2607618813653782e-02, 6.5620133388380936e-02,
       5.3833769116899750e-02 ]
