%YAML:1.0
means: !!opencv-matrix
   rows: 31
   cols: 9
   dt: d
   data: [ -3.1172287740564499e+00, -7.4455215540771489e+00,
       1.2759797759210375e+01, 4.0479679464814105e+00,
       2.5200757594148772e+01, 9.2579103184156093e+00,
       1.4243070608442008e+00, -1.0696535392263404e+00,
       7.3293547930605649e-02, -1.6114381187173336e+02,
       5.9587497623581314e+01, 3.3517866749450150e+01,
       -3.1566363356709939e+01, -4.5319260794185379e+00,
       4.1430356366931402e+00, 1.1485889245223870e+00,
       1.5336789196168132e+00, -7.5071400843183744e-01,
       1.3355940224622953e+01, 6.2877375145691239e+01,
       -8.0226831368525069e+00, -3.3963168527682612e+01,
       -3.3350313840976278e+00, -7.5885362152771476e+00,
       -5.1871006366347183e+00, 1.4732576677737781e+00,
       5.2175187302611219e+00, -1.9098011140798619e+02,
       -4.2866747148642467e+01, 5.0234822119727809e+01,
       7.5906362292416292e+00, -1.7578855636758227e+01,
       4.1093439738980129e+00, -3.0338634713386653e-01,
       1.1936390319695585e+00, -1.0713644145756300e+00,
       9.0235763724902711e+01, 1.1864661465280355e+00,
       -2.3875639234393699e+01, -1.4074752008301479e+01,
       -1.9414747906342655e+00, -2.3273103334989976e+01,
       -1.0037060257371094e+01, 3.9727706232857902e+00,
       7.4665886591430155e+00, 1.8830739371596692e+02,
       1.3071360623719768e+01, -5.1104687651926682e+01,
       1.3842460623701401e+01, -9.5658451065806176e+00,
       -6.7499270732111460e+00, 1.0597776271343184e+00,
       -5.1486880461153917e-01, -9.1359498521883542e-01,
       -1.7327063722828476e+02, -7.1751071203495016e+01,
       3.9859523642012469e+01, 2.8036789892343158e+01,
       -2.0723087264507782e+01, 1.0964969656506900e+01,
       -2.3632385662135276e+00, 3.7735879611701151e-01,
       1.9477150264824241e+00, -1.0037891807770583e+01,
       1.2437721740250268e+02, 1.9709477033452117e+01,
       -3.0670786459822658e+01, 1.7731674870896132e+01,
       -5.2798769665491818e-01, -1.2807646564951376e+01,
       2.6271138702659438e+00, 5.9238141249313356e+00,
       -1.9335237164160098e+01, 1.3422516399143644e+01,
       -1.0037296319136111e+01, -3.5534818874713295e+01,
       -1.9692202530239236e+01, -9.3651151337359444e+00,
       7.5625622087372224e-01, -3.3346180133926859e+00,
       4.5504388694366265e+00, -1.3316462182112946e+02,
       1.3116992193489622e+02, 1.0796933674310978e+01,
       -5.4071315370794530e+01, -2.5088645161909117e+01,
       -4.1686111321639023e+00, -2.9173165311286664e-01,
       -1.1489153672267192e+00, -5.8258439094263248e-01,
       5.9626786944124470e+00, -7.9827582157784382e+00,
       -5.2023268371522580e+00, 4.0043217151712263e+00,
       -9.2013464008767940e+00, -8.2280893733925886e+00,
       3.1802897176736650e-01, -3.1605942502425849e-01,
       -1.2583734492428689e+00, -1.7444520569755855e+02,
       -1.4747397670347667e+02, 5.1303315479458142e+01,
       4.7479991956166586e+01, -4.0793296147065284e+01,
       -1.5221822170276591e+01, -3.9842448293703945e+00,
       -2.0385931836170843e+00, -1.7078478920944200e+00,
       6.1955559510848957e+01, -8.0361030487441852e+01,
       -9.0464878151447081e+00, 4.6090321271337686e+01,
       -1.1031448043281888e+01, 2.9202373417849881e+01,
       3.5005109778874850e+00, 7.7437861709055988e-01,
       2.7553269406438946e-01, 3.4623774495352677e+01,
       1.2568249838220756e+02, -2.9686343761512934e+01,
       -5.0697223028097390e+01, -8.1664112422831927e+00,
       1.2465759675541717e+00, 2.1381417363830617e+00,
       -2.0166427899225151e-01, -2.3750399875288331e-01,
       -1.4961759024449449e+02, -1.0885513636521193e+02,
       4.7448173396127352e+01, 2.8850509497015910e+01,
       -1.6005905670635276e+01, -2.8317519864372986e+01,
       -6.0491396520011262e+00, -1.0997104691537065e+00,
       -1.6624499202218257e+00, 9.4131955695045633e+01,
       3.2316326005008136e+01, -4.8302507009445080e+01,
       1.2046242280980253e+00, -1.3064570946622663e+01,
       -6.4199610246050911e+00, -1.9661730167885474e+00,
       7.9480102683943810e-01, -5.1067436413052858e-01,
       7.5062661545083657e+01, 3.5965106612030702e+01,
       -1.5517154376004525e+01, 2.8360779402568223e+01,
       1.5555757591408197e+01, -1.0811429766302359e+01,
       -3.9322239152089089e-01, -8.8163550848566719e-01,
       -8.2597498539325798e-01, 9.9392802942996369e+01,
       -4.5531945908087160e+01, -2.1634427143294790e+01,
       3.6607375837096797e+01, -2.7609168558266962e+01,
       2.3653414886029005e+01, 1.1320465809604676e+00,
       1.3402400655347033e+00, 5.0763365378895930e-01,
       4.0520187372954091e+00, 9.1110480714911574e+01,
       -1.1905322105807848e+01, -4.1849637828615677e+01,
       1.2643277055364921e+01, -3.4951447593410814e+00,
       1.4567832319347724e+00, 6.5691482786759361e-02,
       -3.9577021136206708e-01, 2.1694717215619647e+01,
       -1.6803914334710970e+02, 1.4878323222386150e+01,
       5.2784258518384966e+01, 6.7768631086494295e+00,
       -7.0492885805201180e+00, -2.1731453418892537e+00,
       3.3971844630147032e+00, 4.7527741945948154e+00,
       -6.4469884289368721e+01, -4.6684188582042708e+01,
       2.7332513237939867e+01, 2.2158983094084086e+01,
       1.7412112741397031e+01, 1.8197629402093018e+01,
       2.1043994428891253e+00, 6.0007354748735398e-01,
       1.0439004931953921e-01, -7.9489279186230384e+00,
       -3.5374273515650124e+01, 7.1637488217755445e+00,
       1.2116408882014831e+01, 4.0239602513350938e+01,
       -2.8195256692853454e+00, 1.0585636669642706e+00,
       -9.0041698604760279e-01, -4.6116176124364061e-01,
       7.6305882783855836e+01, -9.3562502580565095e+01,
       -3.0954281989142000e+01, -3.4511618750196504e+01,
       1.5699601523226589e+01, -3.3460894255355016e+00,
       -7.1985328647360167e-02, -8.7024275999536149e-01,
       -7.9616753735593648e-01, -2.8456145121341741e+01,
       -2.0226647132037236e+01, 2.0429989078081967e+01,
       -6.2517867544177497e-01, 2.1225059281602359e+01,
       1.0575882013099651e+00, -4.7602800002527523e+00,
       9.0487133352869631e-01, 6.4477963722577973e+00,
       6.5606843250192384e+01, -6.1558838031305420e+01,
       3.1516486331191613e+00, 4.6059989112894080e+01,
       3.6201211911880177e-01, 2.2303435710977663e+01,
       1.8441997053742250e+00, 2.7929312175744569e-01,
       3.0024066916123970e-01, -7.8028497441273984e+01,
       1.0219001006345844e+02, 5.1814330252665046e+00,
       -5.2316344395008670e+01, 3.9401163108343300e+00,
       5.3499782367430289e+00, 1.6806730043328195e+00,
       -8.1863938608809292e-02, -2.1914113208914349e-01,
       -1.6944087508859087e+02, -2.0091741352289681e+01,
       4.7957063520255204e+01, -1.0517371190613494e+01,
       -3.2632300439248474e+00, -9.7181636437690901e+00,
       -5.8489881467670024e-01, 8.2586639490024416e-01,
       -1.4193303417744858e+00, 3.9701236130907622e+00,
       -2.0525678893162814e+02, 1.5290115418522129e+01,
       7.1993940739929670e+01, 1.1511225081571368e+01,
       -2.8775724795627362e+01, -1.7171053043846074e+00,
       -2.9347039686989267e+00, -1.2898311023173081e+00,
       -1.7882015089418567e+02, 2.2854857972306874e+01,
       2.8605450262116538e+01, -3.3841200309054926e+01,
       -5.0035791394454721e-01, -1.6536583806565773e+01,
       -7.5786192287468868e-01, 1.1026919232434139e-01,
       1.5548089165707606e+00, 1.7916425993854611e+02,
       4.8705217430112988e+01, 1.7261696741620923e+01,
       -2.4553773643823785e+01, -8.7201208257810539e+00,
       -5.9304836165433938e+00, -9.2613306482990998e-01,
       -6.9239866691630714e-01, -7.1752777736417150e-01,
       1.3230998947156485e+02, -5.3300150900807367e+01,
       -3.5206625790068507e+01, 3.5589783666045577e+01,
       -2.1166004340641358e+01, 3.6678269705564497e+00,
       8.0542088880348517e-01, -6.8907968946881892e-01,
       -5.5035876523584715e-01 ]
