%YAML:1.0
means: !!opencv-matrix
   rows: 29
   cols: 9
   dt: d
   data: [ 1.1632472076402726e+01, -7.1425274329728808e+01,
       4.0260931503455089e+00, 2.7755558806456545e+01,
       -9.8014666783821607e+00, -8.4956075525349100e+00,
       -2.7846207419547664e-01, -5.0129359758198343e-02,
       -1.1942064474157157e+00, -1.9476730302877013e+02,
       8.6079566015120239e+00, 3.0285590297133382e+01,
       -2.9954150293725117e+01, -1.4602898091986863e-01,
       -1.2669371964104695e+01, -1.2008851006216001e+00,
       -3.2590706598049751e-01, 3.5621768721892355e+00,
       1.2055688863716396e+02, 3.8858222993467450e+01,
       -2.8467291616523028e+01, -1.7812681847347442e+01,
       -1.3497070468903127e+01, -1.1467863563264407e+01,
       -1.1756846283827970e+01, 1.3665488569082491e+00,
       7.4927774990813205e+00, -1.2324855081469043e+01,
       1.1748124929396468e+02, 7.1851141961543901e+00,
       -3.4864831910064567e+01, 2.0049529692176755e+01,
       -2.3012710790571628e-01, -5.9104821958137714e+00,
       1.7114315371106483e+00, 2.9321344488634522e+00,
       -1.3728271927658997e+02, -2.3557461759692796e+01,
       3.6002803039751520e+01, -1.5112744394144444e+01,
       -1.9522183691645867e+00, -2.3135976537415729e+01,
       -7.0931332603710873e-01, 2.9683435326492857e-01,
       -2.2908465363760451e+00, 2.2226767067497796e+01,
       3.0538154369868873e+00, -1.1178043885323673e+01,
       -2.1668210567368739e+01, -3.9833122849869782e+00,
       -1.8840936666598335e+01, -4.2739536259152633e+00,
       2.4255030826049579e+00, 6.0295366202858816e+00,
       1.1450087742654821e+02, 4.6042729452132470e+01,
       -3.9359387882648122e+01, -5.5198394286891261e+00,
       -6.6850514719941296e+00, -1.3115940838130602e+01,
       -1.7853880274439806e+00, 2.7694660841175450e-01,
       -1.0662224066571515e+00, -1.7287215344933637e+02,
       -1.4774251981761392e+02, 5.2925629420780773e+01,
       5.0366611221145725e+01, -3.8224712382014893e+01,
       -1.6956117875985765e+01, -5.1815425423207673e+00,
       -1.9037366189203140e+00, -1.4605246119987025e+00,
       -1.0957103188213841e+01, 5.6241122907065936e+01,
       1.8739287045375452e+01, 4.7316671999122867e+01,
       3.2511295887527865e+01, 2.6302973592908159e+00,
       1.1778950927127887e+00, -6.3424579277507631e-01,
       -4.7278054637585186e-02, 1.5972163518675151e+02,
       -2.7230153503639105e+00, -4.1726194249878553e+01,
       2.1885834019382017e+01, -8.8004958453127973e+00,
       -1.5432928936182864e+00, -7.1473638378089188e-01,
       5.3584142831619341e-01, -6.6886152452896164e-01,
       8.4601474646853831e+01, -6.2903838531013179e+01,
       -1.8501331223132578e+01, 4.4418527372257458e+01,
       -2.3394975538289873e+00, 1.7676847185585569e+01,
       1.2588733823241038e+00, -1.1224376270833952e-01,
       -4.2524211473564666e-02, 9.9938736783598230e+01,
       -7.5638727113721117e+01, -2.1310360428061799e+01,
       4.8987248015925218e+01, -2.6996796460556155e+01,
       7.4469762767787682e+00, 1.5988550913190906e+00,
       -1.3111360518631556e+00, -5.6284485104791426e-01,
       1.7493901740679995e+01, 8.6614833534550854e+01,
       -2.9728377033191848e+01, -3.5070307720559931e+01,
       -9.8516246958320490e+00, 1.4317188716421863e+00,
       6.2863299685392093e-01, -6.7245466798444509e-01,
       -4.5147710012752718e-01, -1.3284607672815471e+02,
       1.3098208449030741e+02, 1.0495484565327859e+01,
       -5.4345593853989939e+01, -2.5026244808297900e+01,
       -4.0982021035064200e+00, -2.6985342985542810e-01,
       -1.1721002097499751e+00, -5.7561805418709711e-01,
       2.7872858233894005e+00, -1.9815689231168491e+02,
       1.4984185097906080e+01, 6.8019389026841864e+01,
       1.1057771747214726e+01, -2.2605021152539162e+01,
       -1.9465089157278068e+00, -9.2677497615756854e-01,
       2.9323873532780464e-01, 1.9102020080150032e+02,
       1.1589048599489296e+01, -5.0175706699091499e+01,
       1.3947390152255291e+01, -9.6741104317897708e+00,
       -6.9127930338057064e+00, 1.1515277231261172e+00,
       -4.7147484038062726e-01, -9.1941469704242607e-01,
       -9.8348350728431100e+01, -9.1396740698175194e+01,
       3.2466667169661825e+01, 2.3641588067208225e+01,
       -3.5213149131810856e-01, -5.1693482340727162e+00,
       -3.3189711773519859e+00, -7.6477753001916493e-01,
       2.2282218778729206e+00, 3.8915194386674116e+01,
       1.2543044942874492e+02, -2.7687395060454719e+01,
       -5.0343180054126265e+01, -8.0327645629747302e+00,
       1.1631514677275312e+00, 2.4165254689277029e+00,
       -4.8800705370835203e-02, -1.8632135638101727e-01,
       1.3165890292606181e+02, -5.9669927875433881e+00,
       4.7825321512484727e+01, -1.9107297308512464e+01,
       9.3031929641042979e+00, 2.7562583066270880e+00,
       6.8970175675750189e-01, -6.9704731692476851e-01,
       -3.5009038447058999e-01, -1.6327866301548275e+02,
       5.3514071725508089e+01, 3.4518541165536831e+01,
       -3.1116515896476496e+01, -3.3856375677311044e+00,
       4.7789169591445607e-01, 4.9962669835639861e-01,
       1.3777572275652044e+00, -8.9286307883164806e-01,
       1.2322966550696877e+02, -2.9336704790604941e+01,
       -3.5307734847611975e+01, 2.3233664821160062e+01,
       -6.3778414114788573e+00, -1.1461225507986033e+01,
       -3.5559092194640525e+00, -2.0953413663138707e+00,
       -4.9946145966980376e-01, 1.0003797694553873e+02,
       -4.6103560088924731e+01, -2.1284597854913912e+01,
       3.6479100237832135e+01, -2.7587734286663554e+01,
       2.3473816014735991e+01, 1.1605065647116657e+00,
       1.3425748557054924e+00, 5.1051059642306840e-01,
       -3.5065188688810188e+01, 9.4690727662773085e+01,
       -4.5172429614147926e+00, -4.7599157780689566e+01,
       7.4973501390751309e+00, 3.0736175632231566e-01,
       1.5413798290447154e+00, -7.3460501990707555e-02,
       -2.5057910582404958e-01, -7.1318292453859371e+01,
       -3.7555079697679609e+01, 2.7688762416297791e+01,
       1.8331460669881885e+01, 1.5308128164081182e+01,
       1.9066838279139983e+01, 2.1321323451074994e+00,
       8.3700087529928902e-01, 1.6850857880261244e-01,
       -1.9387319184505475e+02, -3.6929659217680879e+01,
       5.0651559892535239e+01, 3.5893014626390376e+00,
       -1.4568668295560579e+01, -4.8403895738980622e-02,
       -3.2970257825100124e-01, 1.0686188350406984e+00,
       -1.2569931409185131e+00, -1.6923192001873551e+02,
       -7.0356790212102922e+01, 4.1389569096736999e+01,
       2.8776321688934402e+01, -2.1471393246589056e+01,
       1.1730038035003062e+01, -1.8680219433853191e+00,
       6.7792788485886890e-01, 1.3882102118200808e+00,
       -9.0788238356032895e+00, -7.5800150624914536e+01,
       -2.0870248798640070e+00, -1.5142290702443370e+01,
       3.2455182594131806e+01, 5.3660120533935673e+00,
       1.5195284552236241e+00, -1.0614474935567928e+00,
       -7.4349186446613119e-02, -2.0784919866521580e+01,
       1.4826840852938371e+01, 1.8960553280388467e+01,
       -1.7593224758839039e+01, 2.2346931134808763e+01,
       -5.0275086769253079e+00, -5.3371062922105414e+00,
       1.1569514480613692e+00, 6.6481388358056321e+00,
       3.4480121188609935e+01, -2.1726410576686231e+01,
       -1.9552348007457802e+01, 1.2444659037003142e+01,
       2.4614503129898406e+01, -7.3573560841267707e+00,
       2.5915870276823361e-01, -9.1221292445836533e-01,
       -8.2557679872382983e-01 ]
