%YAML:1.0
means: !!opencv-matrix
   rows: 15
   cols: 9
   dt: d
   data: [ -1.3787618975310045e+02, -1.0381572937954915e+02,
       2.5784832747592525e+01, 6.5221393175944286e+01,
       -1.6751146754187172e+01, -1.0713710892408275e+00,
       1.7127725978440983e-01, -1.2257518998856323e+00,
       7.6984634424106624e-01, 4.2350723497584042e+01,
       -4.9421299737604855e+01, -9.2088572631159451e+00,
       2.7774054189106527e+00, 1.7454787433226819e+01,
       8.0645518334008859e+00, -1.0823982418405464e-01,
       6.9593666096492468e-01, 4.5494320957123130e-01,
       8.1836043429007958e+01, 1.5899224857807980e+01,
       -2.3814801501011441e+01, -3.2303260672377490e+01,
       -2.6421481449640563e+01, -1.9713142077805951e+01,
       9.4255548078166107e-01, -2.3607358403828176e+00,
       2.0246151812085031e-01, 5.4106390138512857e+01,
       8.5444867623837354e+01, -8.3228469503899341e+00,
       3.6104677740046277e+01, 1.7774829681800430e+01,
       9.5500211435718674e-01, 8.4261212670007357e-01,
       1.2065291385530710e+00, 4.1012719936703423e-01,
       -2.0181574545691797e+02, 8.3490437808108922e+01,
       4.2585626801994067e+01, -4.5652392468311270e+01,
       -1.4125157581028022e+01, 1.7914683270048648e+01,
       -5.3540051914922104e+00, -1.2899535805344597e+00,
       -5.9812604046322138e-01, 9.7636499494060338e+00,
       1.1131062660204691e+01, 1.1153515043489255e+01,
       -3.5002122070718840e+00, 1.2694581691778897e+01,
       -4.0482300916813676e+00, -7.0305125828909132e+00,
       -4.2889195707164385e+00, -5.0799688025942329e+00,
       -4.3978937294119277e+01, -1.2566520054774655e+01,
       2.0302301591654984e+01, 3.4689141915255299e+00,
       2.1664966624632633e+01, -1.0834827738770542e+01,
       2.1259783162823389e+00, -1.1152157652662809e-01,
       2.2267384569659271e-01, 9.5868284768128248e+01,
       4.0129803282686808e+01, -2.3709854534195852e+01,
       -3.6748075155305116e+01, 1.2054636871946882e+00,
       -3.7838700853848826e+00, 3.1097678760112341e-01,
       1.6922153215133486e+00, 2.9417671647068488e-01,
       -1.6695197214092303e+02, 6.1764887818650614e+01,
       3.7786591473837539e+01, -3.8807288089354849e+01,
       -1.6375745972097860e+01, -3.3400090273277749e+00,
       -1.0963165099683261e-01, 1.1518938153051552e+00,
       3.7163836180391385e-01, 3.3611436754566768e+01,
       -9.8783136197501463e+01, -1.0942423415260961e+01,
       6.6781307473971069e+01, -4.2047656187795841e+00,
       -8.8207004580861093e-01, 2.0993965506460226e+00,
       -3.2856832771451194e-01, 5.6309369969102935e-02,
       2.0474546810952791e+01, -3.4380371269427052e+01,
       -7.1241873735609484e+00, 1.6835800511487111e+01,
       -1.2123758736952814e+01, -7.7615661646038552e+00,
       9.8401969475410700e-01, 2.0805171770076253e-01,
       3.8374317183324186e-01, -1.9247570070332011e+02,
       -2.2354033134843707e+01, 4.1893411218712288e+01,
       1.7322382144630819e+01, -7.8179656191998879e+00,
       4.3785560576642695e+00, 1.1868946277998328e-01,
       -2.6844774602129379e-01, 3.6346982938973101e-02,
       -4.3371684349370497e+01, 7.2115555969055919e+01,
       1.1140453274110810e+01, -3.5578839300228687e+01,
       6.4111058399431116e+00, 1.3145982557211594e+01,
       1.6670472864148120e-01, 2.3867335483668928e+00,
       1.2550776022111376e+00, 1.4403852009421837e+02,
       -1.0519718447286516e+01, -4.0505365365053876e+01,
       1.0728675677904249e+01, -5.5175916288330171e+00,
       1.1937605923233862e+01, -1.7054721016223071e-01,
       1.6026656857766679e+00, 2.3287218757059028e-01,
       1.6235948615492237e+02, 2.5288713361339138e+01,
       -4.0435186058640078e+01, -3.0643665218849538e+01,
       -9.9806446843119083e+00, 1.5410440374390054e+01,
       -1.9433616787933083e+00, -4.7580741038195953e+00,
       -2.7189838264848172e+00 ]
covs: !!opencv-matrix
   rows: 135
   cols: 9
   dt: d
   data: [ 5.1661839567150782e+03, 3.1216236412127216e+02,
       3.1083233443524050e+03, 1.5776729790839980e+02,
       -1.5948482103890777e+01, -4.2227394464473855e+00,
       2.7188931414091421e+01, -4.9782161391699063e+01,
       -4.3275340676060896e+00, 3.1216236412127222e+02,
       6.2447873083679478e+03, -4.6174526535872801e+01,
       2.2370071121349993e+03, -8.5601907468750895e+01,
       -1.8325479245506049e+01, 8.9763891507485965e+01,
       -2.8262246320118130e+01, -1.5298313496297142e+01,
       3.1083233443524045e+03, -4.6174526535872758e+01,
       2.5155971032278176e+03, 1.0046750905934283e+01,
       -9.0229853401135202e+01, 1.7672111722915211e+01,
       -1.4722846818491762e+01, 1.5083159187305666e+01,
       -3.3201592856578337e+00, 1.5776729790839980e+02,
       2.2370071121349993e+03, 1.0046750905934305e+01,
       1.2194447594639225e+03, -5.4359951379171520e+01,
       -1.1205914600594001e+02, -4.0499163294757523e+01,
       -6.4569773302556017e+00, 9.4112248864935815e+00,
       -1.5948482103890774e+01, -8.5601907468750909e+01,
       -9.0229853401135202e+01, -5.4359951379171520e+01,
       5.0451948419571742e+01, -1.9899803333912825e+01,
       7.0396605770731524e+00, 2.4208346132997076e+00,
       -3.1638623279696101e+00, -4.2227394464473775e+00,
       -1.8325479245506049e+01, 1.7672111722915208e+01,
       -1.1205914600594001e+02, -1.9899803333912828e+01,
       5.0385509008759541e+01, 2.0656985251351337e+01,
       -6.5407878739709133e+00, -2.0454886485527424e+00,
       2.7188931414091421e+01, 8.9763891507485937e+01,
       -1.4722846818491758e+01, -4.0499163294757523e+01,
       7.0396605770731524e+00, 2.0656985251351337e+01,
       2.0589705859228690e+01, -2.1532519580527048e+00,
       -2.9103350200481715e+00, -4.9782161391699077e+01,
       -2.8262246320118130e+01, 1.5083159187305668e+01,
       -6.4569773302556017e+00, 2.4208346132997085e+00,
       -6.5407878739709133e+00, -2.1532519580527052e+00,
       1.4975510827784705e+01, -2.8969060114788996e+00,
       -4.3275340676060914e+00, -1.5298313496297141e+01,
       -3.3201592856578328e+00, 9.4112248864935815e+00,
       -3.1638623279696101e+00, -2.0454886485527424e+00,
       -2.9103350200481719e+00, -2.8969060114788991e+00,
       1.9484768754202766e+00, 5.9260073431457531e+03,
       -2.5892845660443840e+02, 2.5279925102782727e+03,
       4.0908183926935283e+02, -7.2749747030234016e+02,
       1.5658477084604607e+02, -5.9255774012881801e+01,
       3.0024181039996898e+00, 9.9595498946083403e+00,
       -2.5892845660443840e+02, 5.4964926583015085e+03,
       1.3440546869888257e+02, 7.9141562280433402e+02,
       1.9944475197071088e+02, -4.5475794306962989e+01,
       4.8551700691783829e+01, -3.1230878433444424e+01,
       -3.8308775027193280e+00, 2.5279925102782727e+03,
       1.3440546869888266e+02, 2.7221971642756143e+03,
       -1.1268178104082098e+02, 9.2960807065147677e+01,
       -6.4903064262176713e-01, 2.0926215547990637e+01,
       5.4122621165625677e+00, 8.1474840705667728e-01,
       4.0908183926935283e+02, 7.9141562280433402e+02,
       -1.1268178104082098e+02, 1.3250400697179441e+03,
       -2.9000378805857849e+02, -6.5383261127100365e+00,
       -1.8916821154159155e+01, 8.3403748356395035e-01,
       2.7231476667924102e+00, -7.2749747030234016e+02,
       1.9944475197071091e+02, 9.2960807065147677e+01,
       -2.9000378805857855e+02, 3.3841416419319370e+02,
       -2.2901593367145740e+01, -1.0946199920774532e+01,
       1.1244463663878657e+00, 4.1196269808478121e+00,
       1.5658477084604610e+02, -4.5475794306962996e+01,
       -6.4903064262176124e-01, -6.5383261127100392e+00,
       -2.2901593367145740e+01, 8.6981235093960535e+01,
       6.1397419047484423e+00, -1.0553264741065496e+01,
       -1.6797975567604778e-01, -5.9255774012881801e+01,
       4.8551700691783829e+01, 2.0926215547990637e+01,
       -1.8916821154159155e+01, -1.0946199920774529e+01,
       6.1397419047484414e+00, 2.4397128969371202e+01,
       -2.6656407136740738e+00, -2.9569995818497770e+00,
       3.0024181039996924e+00, -3.1230878433444431e+01,
