%YAML:1.0
means: !!opencv-matrix
   rows: 44
   cols: 8
   dt: d
   data: [ -1.6888964185329399e+02, -1.5995253257414291e+02,
       5.2701845600992094e+01, 5.2569176411054748e+01,
       -4.1419370048282957e+01, -1.9768146718688989e+01,
       -5.6873267006343768e+00, -1.9257498802274857e+00,
       1.1440364137565419e+02, 1.0359476479356532e+02,
       1.6954366942192589e+01, -6.3763362385460674e+01,
       -1.4278581583932910e+01, 1.5422971444085594e+00,
       1.7469563370391699e+00, -1.8753959726336946e+00,
       1.0042441998614433e+02, -4.6786808135485060e+01,
       -2.1166060037735903e+01, 3.6274023478394163e+01,
       -2.7583595775656718e+01, 2.3225811062881682e+01,
       1.1214353506174310e+00, 1.3668462336360929e+00,
       -1.2535963442445782e+02, -2.0629042860691715e+01,
       8.1567428934286895e+01, -1.0031580276084858e+01,
       -1.2841376036905816e+01, 8.0504410350224589e+00,
       2.4557449241635795e-01, 1.3399065995525012e+00,
       1.9252898953433249e+01, -7.4055165413325668e+01,
       1.0191576914981454e+01, 4.0421228533773117e+01,
       7.0244150039901516e+00, 2.3616483703731451e+01,
       2.4403445764273615e+00, 2.5234664577242394e-01,
       1.4892738495335561e+02, -1.2476853187400193e+01,
       -3.8143454002473895e+01, 1.9759431516881531e+01,
       5.1842260980954158e-01, -1.0452264474671658e+01,
       -2.6269212940114345e-01, -1.0867830760964188e+00,
       -7.4877435988605683e+01, 9.5867045830941066e+01,
       9.5277675547048695e+00, -5.0434564180045030e+01,
       5.7169538835766929e+00, 5.7141651259983997e+00,
       2.0942738598089568e+00, -5.7753061669511019e-01,
       1.4181628619240118e+02, -8.8362792454874949e+01,
       -2.7381850922034413e+01, 5.0854319097327362e+01,
       -2.0326502733329320e+01, -1.1689147300836222e+00,
       1.1579218596018164e+00, -2.0555587497390548e+00,
       2.3417111647098807e+01, 9.5814178807608769e+01,
       -2.7347213769063835e+01, -2.9276270110815108e+01,
       -9.6380900649843255e+00, 1.6545297549954141e+00,
       8.5983785363691900e-01, -1.9692435338269418e-01,
       1.8336963531043189e+01, -3.8754275377026161e+01,
       4.8337358231470529e-01, 1.3456718597217765e+01,
       3.2684078765973481e+01, -7.9978374998551631e+00,
       -1.6229088105912898e-01, -1.0023869329229465e-01,
       -1.3749757304299706e+02, 5.8203744906833599e+01,
       2.7439982367288437e+01, -3.3336464505099222e+01,
       3.0138900690171249e+00, -3.0641559190211480e+00,
       8.0058326337399033e-01, 6.5638598808790138e-01,
       -1.0997754580830850e+00, -4.6594848614486992e+01,
       -3.2342991762960485e+00, 8.2797567032390393e+00,
       -1.1722991847079651e+01, -1.3159934201555002e+01,
       -7.9476200102586225e-01, -4.9302730774790443e-01,
       4.8968629716578000e+01, -1.9256914577523926e+01,
       -1.5311055966810525e+01, -2.0927247636334247e+01,
       5.2965153038792678e+00, -3.4290390230711722e+01,
       -5.4584100421566690e+00, 7.1799296849399212e+00,
       1.3513491798999468e+01, -2.3734247422595351e+02,
       6.9379368232206602e+00, 7.5636658107415244e+01,
       -1.3720419784058140e+00, -3.0615501997262403e+01,
       -3.1366099801900034e+00, -1.7702972292983907e+00,
       1.4164990268867135e+02, 7.7799420335324969e+00,
       -3.9395793945638751e+01, 1.1027782750740155e+01,
       -2.0155584385056507e+01, 5.7018795633508690e+00,
       -7.6366391910263198e-01, 2.2916906537278705e+00,
       -3.8717386127904430e+00, -6.2436824046920506e+01,
       1.7554251311679678e+01, 1.5140611874945529e+01,
       4.1999475936110890e+01, 2.4147985806541685e+00,
       1.3878271880556452e+00, -1.4198639887891933e+00,
       -1.7342549970036746e+01, -1.0499329174545787e+02,
       2.0539025982462174e+01, 4.3218303113625474e+01,
       2.3610036187007790e+01, 1.4449967745604054e+01,
       1.8866191292073000e+00, 1.4183183142592098e-01,
       -9.0763994657058518e+01, 5.3372176438871989e+01,
       -5.4759479494002321e+01, -1.7416593773739056e+01,
       2.5898023193117194e+01, -9.8877848077963815e-01,
       1.4598181411508335e+00, -3.9436471935810641e-01,
       -8.2275148431794236e+01, -3.1287747393484949e+01,
       2.7399720597220362e+01, 2.8664354007296634e+01,
       3.5273482074939451e+00, 2.8580653359451858e+01,
       2.6390981811639751e+00, 1.2787188562904390e+00,
       -1.0395229077239399e+02, 1.3454440541851457e+02,
       3.5106366494939620e+00, -6.1758472258716935e+01,
       -1.8081403167624821e+01, -1.9599002862838949e-01,
       1.1594367745239240e+00, -8.9886754530564994e-01,
       6.0689782916685147e+01, -8.9008893959197422e+01,
       -3.9411443751044992e+01, -1.7577515413468685e+01,
       6.7657213133261518e+00, 5.4533052858526565e-01,
       3.3686388797208794e-01, -4.0909573933078053e-01,
       -6.2343411820943562e+00, 1.4108562246140457e+02,
       -2.1079231344878206e+01, -6.0646843397059506e+01,
       -1.0529232136365746e+01, 3.6062050759663551e+00,
       2.1565466774422504e+00, -2.5329083369949351e-01,
       4.1642847547839267e+01, 2.0890860086126338e+01,
       -2.5741142252763257e+01, -6.4967214336711749e+01,
       1.0521442342547559e+01, -5.3649527536734904e+00,
       6.5484552207992364e-01, -2.4737638201251874e-01,
       -1.2848258778856666e+02, -7.3213225686656884e+01,
       4.0436345125272830e+01, 9.1971310377869990e+00,
       -5.5387940731028706e+00, -2.8284777049097475e+01,
       -3.0930165241108067e+00, -1.1207769606350539e+00,
       -2.0742080213554954e+02, 6.6839911356716030e+01,
       5.3552999564307349e+01, 2.0178693208848544e+00,
       -8.8378653484598537e+00, -8.4268554603396861e+00,
       -4.3223682416562492e-01, 1.1116923154143250e+00,
       1.2258576615099805e+02, 4.3674591048023430e+01,
       -3.7951815151506459e+01, -7.6225749614806722e+00,
       -1.8200316398445953e+01, -1.1982449528667365e+01,
       -2.5610215051098528e+00, 1.5822291842330511e+00,
       -1.8737962899811498e+02, -7.7390397149435515e+01,
       4.5231556148898676e+01, 2.6647219473620360e+01,
       -3.0104162891880367e+01, 5.8530380915844900e+00,
       -1.3125063696912056e+00, 6.2997448945169598e-01,
       1.4118172155034497e+02, -5.6671922043931602e+00,
       4.9097121758757055e+01, -2.1129526194959091e+01,
       8.1035928813534834e+00, 3.7078254543643308e+00,
       -9.5558048361265805e-03, -7.3962193283260491e-01,
       -1.4849906546196130e+00, 1.0905735304454846e+02,
       3.9727331011558009e+00, -3.1397543451980461e+01,
       1.4253869469974546e+01, -3.7280274272255660e+00,
       -1.8017807774208623e+00, 7.6296780163659006e-01,
       1.8818003282369179e+02, 1.7717379794316823e+01,
       -4.9849477687293394e+01, 1.1972565405074517e+01,
       -9.3545454239163899e+00, -6.2941285730035421e+00,
       1.3412392797560377e+00, -2.3426541528923053e-01,
       6.0500810223156911e+01, 1.1470040340381749e+02,
       -3.7897495372570155e+01, -3.4167416096265626e+01,
       -2.0472307893291011e+00, -2.9079820311312186e+00,
       2.1179631504518284e+00, 1.9814312602933862e-01,
       5.8502379632824024e+01, 7.5607186094086188e+01,
       -1.8376382190437699e+01, 4.3900365124097277e+01,
       6.1709634724464770e+00, -4.0106809121182456e+00,
       -4.1232079413826095e-01, -1.5942195342101892e-01,
       -2.2403084422344076e+01, -8.8636643736251290e+00,
       3.0022514849767488e+00, -8.8190685561670179e+00,
       2.6632678625006349e+01, 4.9110171108369576e+00,
       1.4593834213458692e-01, -8.2989653277839892e-01,
       8.4051446581764324e+01, -6.2728810613427854e+01,
       -1.3753529916197694e+01, 5.0012179108794378e+01,
       -3.0312264020313426e+00, 2.5519680293635254e+01,
       2.4427795759294502e+00, 3.8836426453098877e-01,
       -6.9122754178672821e+01, -1.0671835493770956e+01,
       4.6243918045595521e+01, 7.1949496875936507e+00,
       1.8050925533544419e+01, 1.6474565420772194e+01,
       1.5080021339289735e+00, 9.5945847638826443e-01,
       2.1307571142790508e+01, 8.3836188250888469e+01,
