%YAML:1.0
means: !!opencv-matrix
   rows: 7
   cols: 20
   dt: d
   data: [ -7.0472348756512104e-01, 1.2415876969297958e+02,
       -1.9745489673923846e+01, -5.1758790672124668e+01,
       -4.9108435784895326e+00, 1.1208796482811838e+00,
       1.5704121249970775e+00, -1.1685562217564785e-01,
       -4.0512702549599272e-01, -2.1857007675478715e-01,
       1.5607363096012043e-02, -1.7893317624850451e-02,
       5.8646216615616279e-03, 2.9216534798889313e-03,
       -1.0561971250370701e-02, 5.1819428480232993e-03,
       -1.0952202648807144e-03, 3.8642693631411840e-04,
       -1.4067503418444798e-03, 9.8190033070247101e-04,
       -1.7097354720018572e+02, -7.5342582553362647e+01,
       4.1974372172994720e+01, 1.4764380782282716e+01,
       -1.6272139626419307e+01, -1.2056386082408697e+01,
       -3.9201794610907164e+00, -9.5984679007878904e-01,
       1.2158181814311639e+00, 4.2727750586570229e-01,
       -8.1834196680817373e-02, -1.2490957364775256e-02,
       -5.4566050451473952e-03, 6.1839082472616566e-03,
       1.1581979774889426e-02, 1.1132819817017189e-02,
       -4.0474755985632034e-03, 1.2177401893415181e-03,
       7.3931577732067400e-03, -6.7120266566070147e-03,
       6.1906338730904132e+01, -1.6574319063862678e+01,
       -5.0638605830280179e+00, 6.7686463029610593e+00,
       3.8548716560004421e+00, -1.4412999313548480e+00,
       4.5389125561195360e+00, 5.0804515524587285e-02,
       2.4819498115034022e-01, 1.3465473769085046e-01,
       3.6522136280648015e-02, 2.8268966766010602e-02,
       1.3122528949443101e-03, -3.6784459265492681e-03,
       5.3158906706742611e-03, 1.6396348892863189e-03,
       3.2235385628601413e-06, -1.6255150854875638e-03,
       1.8022743129794550e-04, -8.8750882449898001e-04,
       2.4602267131518012e+01, 2.1401682932215795e+01,
       -5.1333777235006686e+00, -1.8643454373870231e+01,
       3.3260898902491420e+00, -9.5371964407934335e+00,
       -5.4773674273653850e+00, 1.4844571324191440e+00,
       5.3609656724056194e+00, 2.9729288058684944e-01,
       -2.9382026246852579e-02, -2.4789682242249977e-02,
       -2.6209332157414202e-02, 5.4204363492301420e-03,
       9.5951549905892979e-03, -6.5781636107086414e-03,
       4.2389630781883613e-03, 1.0309706165622682e-02,
       -2.7541216462156261e-03, 1.8528504623890225e-03,
       -1.5827348088308037e+02, 5.2622945494578381e+00,
       3.7357918742146872e+01, -9.7436393683633060e+00,
       -8.9447628996331794e+00, 3.0518428195976095e+00,
       4.3790433663643308e-01, 1.0530162243628529e+00,
       -8.7845920860186499e-01, -8.0985901779380837e-02,
       1.6145567001950935e-02, 3.7163390898514990e-03,
       2.1110930935207758e-03, -5.2985284359190524e-04,
       -6.2139579969007928e-03, -8.3558603785518007e-03,
       -5.2962254447583418e-05, -4.5263126609201414e-04,
       -1.3413407038752017e-03, 2.8054617103171219e-03,
       6.7514180733827189e+01, 6.6423119723682467e+00,
       -2.0681522204338879e+01, 9.6060024018926633e+00,
       7.1790098725479190e+00, 7.3198947090016793e+00,
       -3.2129180959497927e+00, -5.2265446716484398e-01,
       -9.4677692444505590e-01, -8.5417985528162405e-02,
       1.0166735421084754e-02, -6.1906308190451606e-03,
       1.2091594945099859e-03, -1.9634303144741056e-03,
       6.5137771946724996e-03, -3.9280457353589257e-04,
       -6.5762313949708663e-05, -1.9189890760312849e-03,
       2.9332155669360233e-04, -1.3146779265423014e-03,
       3.1472516000516997e+01, -1.3833612501056240e+02,
       3.9116544868789496e+00, 5.2520805756954324e+01,
       -1.2618326077092747e+00, -1.4596278613699043e+01,
       -6.4182146006653740e-01, -1.3331579756485892e+00,
       -4.4565602164740475e-01, -3.1052134418364391e-01,
       -1.7278956627916953e-01, -4.1639508909179307e-02,
       4.9100601234658182e-03, 1.0207171768404419e-02,
       -3.7065875268169110e-02, 4.6179380395899991e-03,
       1.8540837117560134e-03, 4.1093513997286111e-03,
       -4.4759741861602530e-04, 5.1085936160523626e-03 ]
covs: !!opencv-matrix
   rows: 140
   cols: 20
   dt: d
   data: [ 9.2832967516109966e+03, -7.1174695383803942e+02,
       2.1374267622906941e+03, -4.8971277265028698e+02,
       1.1552817791194718e+02, -2.1684431217866962e+01,
       -1.4998668418666391e+01, 5.4957740519451690e+01,
       -1.1075887226244141e+01, 1.0819603953318589e+01,
       -2.3136515533426008e+00, -8.8359933658031631e-01,
       6.1765792152326179e-02, 2.5827220509847693e-01,
       -2.6210718182486792e-01, -4.3691555572264751e-01,
       1.7459891583619480e-01, 3.3066110275118958e-02,
       -9.2333991126470213e-02, 1.0249928116462584e-01,
       -7.1174695383803930e+02, 6.4357411108344459e+03,
       8.6625888304278737e+02, 2.4593695130615729e+03,
       -1.0503363681640383e+02, 2.0403485159115025e+01,
       -8.6776740094889561e+01, -1.2020343588510000e+01,
       -1.3031428831121669e+01, -1.0930108200509162e+01,
       -3.3773790657238606e-01, -2.5153303001618144e-01,
       -8.0689549366622954e-02, 7.9338018146438496e-02,
       -2.5313341076689333e-01, -1.5575958325398298e-02,
       -1.0970132824739348e-01, 6.1093882916001464e-02,
       6.4927741359498539e-02, -1.4636262661846493e-02,
       2.1374267622906941e+03, 8.6625888304278726e+02,
       2.6736448162492638e+03, -1.7938887803561641e+02,
       -9.0671329812091415e+01, -4.3259156689368126e+01,
       5.0323242089243847e-01, -1.1240080925375038e+01,
       1.0641529351945405e+00, 7.6481630713142490e-01,
       6.3006231384891731e-01, 4.9619804441745935e-02,
       1.3754593180708851e-02, -1.0885168527266266e-01,
       1.9187343406242907e-01, 4.6766783244526045e-02,
       -2.5310485361719190e-02, -3.0035451666736837e-02,
       -3.5369693732564260e-02, -4.2303987736889988e-02,
       -4.8971277265028687e+02, 2.4593695130615729e+03,
       -1.7938887803561639e+02, 1.7711525571488507e+03,
       1.0606996184387016e+02, -1.3134212651090007e+02,
       2.9746077182218073e+01, 1.7071292858245883e+01,
       2.8533726621057518e+00, 2.0380127637878012e+00,
       1.1982661150719934e-01, 1.3275236564481782e-01,
       4.9433056154790855e-03, -1.0483220478149390e-01,
       1.0794150797849179e-01, -1.3023642834295096e-01,
       -5.5875879136659456e-04, 1.4071845855861409e-02,
       6.8446941412554207e-03, 1.4177016087667357e-02,
       1.1552817791194718e+02, -1.0503363681640384e+02,
       -9.0671329812091415e+01, 1.0606996184387016e+02,
       1.4643805169849091e+02, -1.4693401144447204e+01,
       -7.8557564597067122e+00, 7.8244996677340684e+00,
       -2.1826849798652308e+00, 2.0722773871318170e+00,
       -2.3110483041735697e-01, 4.6751606401519312e-02,
       -3.3446912225972500e-03, -5.9634926386870506e-02,
       2.0548495364158556e-01, -7.5044254145136879e-02,
       4.1166911324773146e-02, 2.6664721640746766e-03,
       -1.1051319734855363e-02, 1.0678655307586651e-02,
       -2.1684431217866958e+01, 2.0403485159115025e+01,
       -4.3259156689368126e+01, -1.3134212651090007e+02,
       -1.4693401144447204e+01, 4.4500400440652712e+01,
       -1.6265276796826363e+01, -4.8764496094365875e+00,
       -2.0435420891948795e+00, -1.2925776921747938e+00,
       -9.6407029842609376e-02, -9.5551815124082146e-02,
       1.7431769531723786e-03, 1.9830093302318528e-02,
       -6.7703482120168218e-02, 4.4309418760222867e-03,
       -4.8456369433994900e-03, 6.7793287859051450e-03,
       2.9680197517278784e-03, 6.0413743785773322e-03,
       -1.4998668418666391e+01, -8.6776740094889561e+01,
       5.0323242089244047e-01, 2.9746077182218073e+01,
       -7.8557564597067122e+00, -1.6265276796826360e+01,
       1.8928681811809259e+01, -4.6508469246892064e-03,
       2.6631210086404740e+00, 2.5112809827554328e-01,
       6.8429162123019541e-02, 3.6537340539157200e-02,
       -3.4600389227931024e-02, 1.2318426473275393e-02,
       -3.1732275343088999e-03, -3.0823977223478098e-03,
       -6.0968006812987504e-03, -2.8530723847555485e-03,
       -3.6997926260199016e-03, 1.2496838317521991e-03,
