%YAML:1.0
means: !!opencv-matrix
   rows: 44
   cols: 2
   dt: d
   data: [ 1.1823942875316450e+02, 1.6218225915384910e+01,
       -1.9725662373855650e+02, 3.6338606589834711e+01,
       3.1757035942540681e+00, -2.3060498238336756e+01,
       8.7353390709031231e+01, -5.2555776325811237e+01,
       -2.1918182937293017e+02, -4.9919683842462220e+01,
       -7.8688125821120325e+00, 1.5774545657269300e+02,
       -8.7861460167143619e+01, -1.8360748567521105e+02,
       2.5522557834685912e+02, -6.1147600199321879e+01,
       1.3947299481737156e+02, 1.1695486643755480e+02,
       3.8028347909236064e+00, 9.2983269252962714e+01,
       7.0434176626813908e+01, -2.2879482282386937e+02,
       1.2897454611398793e+01, 3.9996662733671293e+01,
       -8.8010503055627581e+01, 1.6773082490638242e+02,
       -5.9777366349346920e+01, -6.2516392448530809e+01,
       -2.5173748368301980e+02, 1.1496296579147462e+02,
       -7.2141811965947625e+01, 1.0519423058104164e+02,
       -1.5338256716542247e+02, -1.0837491523217062e+02,
       -1.1553921406637184e+02, 3.6758037342276225e+01,
       5.9230468151604946e+01, 5.7993281294127623e+00,
       1.7706308712209935e+02, 5.2164045876948926e+01,
       1.4070906913337996e+02, 1.8017475656112521e+02,
       1.2768373846148904e+02, -9.8420034677559144e+01,
       1.4241562529051610e+01, -9.0916581645957436e+01,
       7.2838304066350673e+01, 1.4323010676417005e+02,
       -2.1012205009940266e+02, -1.7967634901323737e+02,
       -7.1938959993866249e+01, -1.1838236394778156e+02,
       2.4040578676049290e+02, 1.6006323634138816e+01,
       1.9580374134943719e+00, -1.5966727545749038e+02,
       -3.7320563324254628e+01, -2.8822810430327252e+02,
       -7.7949825297970492e+01, -1.0727770790135706e+01,
       -1.6724417827109147e+02, 1.8951696625989962e+02,
       -2.6512048837437982e+02, -1.1506698476577270e+02,
       8.3460169215159283e+01, 6.9556008422540671e+01,
       1.6892946029253366e+02, -2.4094312703779206e+01,
       -1.3553236215971751e+02, -4.0214818544372044e+01,
       -1.6210552067352927e+02, 1.0846813534210996e+02,
       1.9374720650487490e+02, -1.0901237385107100e+02,
       -2.7917371210504865e+02, 1.5137560372057974e+01,
       4.6998084568873210e+01, 2.1955160894341057e+02,
       2.4011340516047517e+02, 1.0258249114214060e+02,
       -5.8019937163827905e+01, 2.2717929463929050e+02,
       1.3316538030321723e+02, -1.6109321366151966e+02,
       7.2385652355934624e+01, -1.2807090126102733e+02,
       -4.9370058552732978e+01, 4.4035502671642604e+01 ]
covs: !!opencv-matrix
   rows: 88
   cols: 2
   dt: d
   data: [ 7.4354744423557702e+02, 1.8576119363906409e+02,
       1.8576119363906409e+02, 1.3555010609479450e+03,
       1.2351535074193762e+03, 5.1019122619441127e+01,
       5.1019122619441120e+01, 1.3996362707523331e+03,
       1.1492543510576659e+03, -2.4110180215403778e+02,
       -2.4110180215403778e+02, 8.7776322798780870e+02,
       1.2135352040138391e+03, 2.1107422644292581e+02,
       2.1107422644292583e+02, 8.5874497482573452e+02,
       1.3537068715101400e+03, -2.5775748503962884e+01,
       -2.5775748503962884e+01, 1.4888004406485613e+03,
       1.5091547528074602e+03, 6.9054017754320668e+01,
       6.9054017754320682e+01, 1.4840913120288180e+03,
       1.9745334006713174e+03, -5.1040523803314903e+02,
       -5.1040523803314903e+02, 1.6371734211480491e+03,
       2.0222521988414574e+03, -2.7442260425017162e+02,
       -2.7442260425017162e+02, 2.4486988335449141e+03,
       1.8621598489624218e+03, 2.4710842044579499e+02,
       2.4710842044579499e+02, 1.1547767125062453e+03,
       1.5776740099219660e+03, 5.1698617431540761e+01,
       5.1698617431540747e+01, 8.0186422671237403e+02,
       2.4704632830247592e+03, -1.5442423709754717e+03,
       -1.5442423709754717e+03, 4.7376456590066427e+03,
       1.0728661341488273e+03, 1.5354515809336345e+02,
       1.5354515809336343e+02, 7.1444490247866804e+02,
       1.5163805688388757e+03, 3.0294947039308795e+02,
       3.0294947039308795e+02, 1.4959456065415379e+03,
       1.3302450267860788e+03, 3.0506924218086755e+01,
       3.0506924218086759e+01, 8.2763028137581159e+02,
       2.6223147525068462e+03, -7.1166298466368502e+01,
       -7.1166298466368445e+01, 2.0580713289689998e+03,
       1.8635872225370761e+03, 2.5098074508715140e+02,
       2.5098074508715132e+02, 9.2256741610200299e+02,
       1.4510961037738291e+03, -1.4847949659033654e+02,
       -1.4847949659033651e+02, 1.0120514800105747e+03,
       1.1600794656212840e+03, 1.6837324995646676e+02,
       1.6837324995646676e+02, 9.0500818602512140e+02,
       8.0290212727711207e+02, 8.5687121674189555e+01,
       8.5687121674189527e+01, 7.8572872855765092e+02,
       1.2592168988959777e+03, 1.3862573525022219e+02,
       1.3862573525022219e+02, 1.1884826103173277e+03,
       1.9921051496187190e+03, 3.2188374023039728e+02,
       3.2188374023039739e+02, 2.1513172481316005e+03,
       1.4200863669634282e+03, 1.4136627959664489e+02,
       1.4136627959664489e+02, 8.8185596936186266e+02,
       9.6452327547866673e+02, 4.4101847290827330e+01,
       4.4101847290827301e+01, 1.2152312633387962e+03,
       1.5862317662841710e+03, 2.7330119794691317e+01,
       2.7330119794691321e+01, 1.4713178793802804e+03,
       3.4049749727929825e+03, -6.0065801109996137e+01,
       -6.0065801109996116e+01, 3.2136217115048785e+03,
       1.3951606797683598e+03, -2.6218535226089145e+01,
       -2.6218535226089152e+01, 1.1637245732550316e+03,
       1.8026790118975839e+03, 6.8104090201960275e+02,
       6.8104090201960275e+02, 2.3584525042258661e+03,
       1.5321732347693992e+03, -4.3921673167396904e+02,
       -4.3921673167396904e+02, 1.5844025736858782e+03,
       3.7296099183788465e+03, -1.0239812093386053e+03,
       -1.0239812093386050e+03, 2.7930631676091944e+03,
       1.0879563885814603e+03, 2.3828921579445225e+01,
       2.3828921579445240e+01, 7.1531467718588874e+02,
       3.0093087188672707e+03, -4.6953465084211285e+02,
       -4.6953465084211285e+02, 2.3051298000993634e+03,
       2.2624985530322929e+03, -9.4150851256491671e+02,
       -9.4150851256491671e+02, 2.7934437923394180e+03,
       1.1441056236023894e+03, -6.7063592273073724e+01,
       -6.7063592273073724e+01, 1.0494307538614000e+03,
       1.0658512185489683e+03, 3.6103855904917204e+01,
       3.6103855904917204e+01, 1.1893910026787194e+03,
       1.4394700591227891e+03, -4.9238465194519108e+02,
       -4.9238465194519119e+02, 1.2217357609096532e+03,
       2.1163945793679259e+03, -2.1224749353765688e+02,
       -2.1224749353765682e+02, 1.6656340916040119e+03,
       1.5283055442330615e+03, -1.6883287070941972e+02,
       -1.6883287070941978e+02, 2.7547054555922887e+03,
       1.7149855917901614e+03, -2.1297180332579651e+02,
       -2.1297180332579651e+02, 2.1545254475556753e+03,
       2.1894480999135012e+03, 1.6009922235999616e+02,
       1.6009922235999622e+02, 2.2310637540361117e+03,
       2.1433600397402874e+03, -1.1540294383218867e+02,
       -1.1540294383218873e+02, 3.3786286385057251e+03,
       2.7300511146977910e+03, -4.3195670434557991e+02,
       -4.3195670434557991e+02, 2.1718764680180020e+03,
       1.7821721644062075e+03, 7.6067293970939613e+02,
       7.6067293970939613e+02, 1.7050278607036062e+03,
       9.9809848718303624e+02, 8.0774511295414896e+01,
       8.0774511295414896e+01, 1.2033261656781970e+03,
       1.2029008250541126e+03, -3.8431229748107143e+01,
       -3.8431229748107143e+01, 8.6837045138589303e+02 ]
