%YAML:1.0
means: !!opencv-matrix
   rows: 26
   cols: 1
   dt: d
   data: [ -7.0454257425553521e+01, -2.6060251112807737e+02,
       1.6824659757687220e+02, 7.2226067103393078e+01,
       -2.4226747979049463e+01, -1.4656754745512322e+02,
       9.0424266896113807e+01, 2.7650143777692006e+02,
       2.1700892532196013e+02, 5.4541492927733252e+01,
       -2.0202780377922898e+02, -1.1969988761148210e+02,
       -3.3100279294395352e+02, 3.7184134904031538e+01,
       -3.3308578962391153e+00, 1.0812291352695637e+02,
       -4.7025788669368509e+01, 1.2669979964822708e+02,
       -2.9399047811501697e+02, -1.7487127075967683e+02,
       1.9110513004514010e+02, 2.4406478850420612e+02,
       1.7167160490793282e+01, -2.2922782330061324e+02,
       -9.5079782077547762e+01, 1.4736103737303208e+02 ]
covs: !!opencv-matrix
   rows: 26
   cols: 1
   dt: d
   data: [ 1.3693478313620489e+02, 2.8658765729067142e+02,
       1.1272011639251221e+02, 7.6677274719064258e+01,
       1.2579687652450063e+02, 1.7557201759494308e+02,
       7.8576563274563895e+01, 5.4626487575178248e+02,
       1.4658187944841205e+02, 8.3266113920234559e+01,
       2.0711353837073827e+02, 1.5952853314078067e+02,
       8.4339222513033224e+02, 9.3815829284483556e+01,
       1.1631724431069762e+02, 8.5437504414563634e+01,
       1.3849586907613784e+02, 9.4653958566021103e+01,
       4.5411322929203919e+02, 1.9724450661432451e+02,
       1.1977645660059430e+02, 2.2703551246010548e+02,
       1.0233435420743299e+02, 2.2690678415895493e+02,
       1.4000706766819337e+02, 1.0155045001323775e+02 ]
weights: !!opencv-matrix
   rows: 1
   cols: 26
   dt: d
   data: [ 5.0399602313814351e-02, 2.1521127800003956e-02,
       3.7431709380394543e-02, 5.3832839319895028e-02,
       5.6290933457489110e-02, 4.2215136066420675e-02,
       5.2322835916797178e-02, 7.9014380159295964e-03,
       1.9533192610010779e-02, 5.2407029359194258e-02,
       2.9210868609132457e-02, 4.4199065642624887e-02,
       7.4912336185121685e-03, 5.4022382186499206e-02,
       5.5902938661911206e-02, 4.9268126159294566e-02,
       5.0504705254345937e-02, 4.5676666832250988e-02,
       1.5640360459477469e-02, 3.3998104677016222e-02,
       3.1175919175343892e-02, 1.3894162161707422e-02,
       5.8115784775077658e-02, 2.6393664378876736e-02,
       4.7397226250456920e-02, 4.3252946917507716e-02 ]
pca_proj: !!opencv-matrix
   rows: 1
   cols: 21
   dt: f
   data: [ 4.36961316e-02, 8.50134730e-01, 1.73015636e-04,
       6.54514134e-02, 4.60692108e-01, 2.29939164e-04, 7.67599978e-03,
       1.46649793e-01, -1.37564148e-05, 1.21663406e-03, 1.30500361e-01,
       -5.45994153e-05, 8.06188770e-03, 1.42052382e-01, -2.12945142e-05,
       -2.45414903e-05, 9.56867734e-06, -1.94090262e-06, 3.13729906e-05,
       4.34020360e-04, 2.32224409e-07 ]
pca_mean: !!opencv-matrix
   rows: 1
   cols: 21
   dt: f
   data: [ 2.07625534e+02, 2.55653595e+02, 1.54502928e+00,
       2.18915131e+02, 2.60592743e+02, 1.67241716e+00, 2.65274475e+02,
       2.24016678e+02, 1.71669352e+00, 3.19420807e+02, 1.63929108e+02,
       1.75046074e+00, 3.16613464e+02, 2.25532654e+02, 1.70717156e+00,
       1.08872897e-04, -9.74175637e-05, 6.24380555e-05, -2.17504916e-04,
       -2.50119597e-01, 1.75055194e+00 ]
gamma: !!opencv-matrix
   rows: 26
   cols: 1
   dt: d
   data: [ 7.9747208826204874e-01, 8.9099842726024281e-01,
       8.5320761998908801e-01, 7.9771167539734666e-01,
       7.7727573490886004e-01, 8.4227251945492165e-01,
       8.0852990637719635e-01, 8.9831913579136780e-01,
       8.7505012643640512e-01, 7.8832946919495084e-01,
       8.6911774151332966e-01, 8.2690779582537721e-01,
       9.1291861967743693e-01, 7.8090090977747484e-01,
       7.7398789225984521e-01, 8.1939357293845227e-01,
       7.8570263640083982e-01, 8.3057039413381517e-01,
       9.0176519558926926e-01, 8.5691445691479207e-01,
       8.6398548203253722e-01, 8.8565566076589142e-01,
       7.7527491829348372e-01, 8.7991905976497453e-01,
       8.1187269246672444e-01, 8.4225128234555979e-01 ]
