%YAML:1.0
means: !!opencv-matrix
   rows: 11
   cols: 9
   dt: d
   data: [ 1.2172603250999298e+02, -4.5051755686632831e+01,
       -2.8002963005768851e+01, 3.5667155537198219e+01,
       -2.3578444819770016e+01, 1.3932059484313069e+01,
       1.1165019204390361e+00, 6.2792000087183419e-01,
       3.5836424360153038e-02, -1.5303401606533561e+02,
       -1.5439864164013590e+01, 4.3460346271578103e+01,
       -1.5050906186244528e+00, -2.3515243801843471e+00,
       4.9430139435872666e+00, 7.2799589386593366e-01,
       1.2066706020191442e+00, -7.8224496734011006e-01,
       7.4182093714026990e+01, 1.5459494227802018e+01,
       -2.3128454076114046e+01, 1.4586081969670630e+00,
       -7.9067710802310831e+00, -9.9678325725187804e+00,
       -2.9939095637949698e-01, -4.5647014036099043e-01,
       -1.2369060382666932e+00, -1.4475587367501918e+01,
       -1.4304506406602152e+02, 1.5396048839583491e+01,
       5.2478029548022924e+01, 7.7599869916584590e+00,
       -5.7402714707101854e+00, -1.1085783686644632e+00,
       -3.2752076101079064e-01, 8.4589154871035199e-01,
       1.1993861439565242e+02, 3.7510597138134926e+01,
       -3.6987982040009172e+01, -1.0090415325851451e+01,
       -1.7974687830043383e+01, -1.1722437663220893e+01,
       -7.0254445063607607e+00, 1.8926299098906163e+00,
       2.8682033232888595e+00, -1.4162369267656052e+02,
       6.8207771189127854e+01, 2.1711458424689337e+01,
       -4.0698824160742184e+01, -6.6596278477330606e-01,
       9.3563724479000721e-01, 8.2112341856431670e-01,
       4.5497599583516180e-01, 4.7474141261430858e-01,
       2.1091700018866934e+01, 3.2283300247204963e+01,
       -3.6100494560181846e+00, -2.3544733779255910e+01,
       4.7253682786557141e+00, -1.4123012441934790e+01,
       -6.7792767773710993e+00, 2.2383070084231784e+00,
       6.2946425715142116e+00, -1.6763091223674866e+01,
       1.2486132489664195e+02, -1.4921983714987295e+01,
       -5.4889541031670305e+01, -1.1920971587779919e+01,
       2.7771966924827706e-02, 1.5811226897560835e+00,
       -7.4377471825357500e-01, -1.8942222382480842e-01,
       -1.7573080562072681e+02, -1.0351014840546486e+02,
       4.6509065180869591e+01, 3.5954596985632868e+01,
       -2.8732752037501051e+01, -1.1800361449669818e+00,
       -3.5073228349967684e+00, -4.7243119939791661e-01,
       2.1710986515027697e-01, -1.6090618589599075e+01,
       -9.2643059338251355e-01, -4.4948528330786601e+01,
       1.2241083318642779e+01, 1.9215317791089134e+01,
       9.1309338885147306e-01, 9.5943088988752512e-01,
       -3.4589962337430602e-01, -2.8771052487152426e-01,
       1.0132005817363674e+02, -2.1390849308343487e+00,
       3.3501929372911725e+01, -8.2894838865294549e+00,
       1.4016588769265645e+01, 9.4483901342896248e-01,
       6.2819115988206631e-01, -6.1036891570006058e-01,
       -4.2592225285129470e-01 ]
covs: !!opencv-matrix
   rows: 99
   cols: 9
   dt: d
   data: [ 6.2809313368695239e+03, 2.4407812706724653e+02,
       2.3436929634020694e+03, -1.0203123182681031e+03,
       2.6825537147118683e+02, -5.6997494024043408e+02,
       -7.8025331465285447e+01, -2.2217662804008338e+01,
       -4.1342787786432027e+01, 2.4407812706724647e+02,
       5.5663319467361544e+03, 8.5732344662114679e+02,
       2.5332647577353246e+03, 2.9095591812311767e+01,
       -7.5597590673607399e+01, -2.6315828282390196e+01,
       -2.3046782539052597e+01, 5.8599402177913200e+00,
       2.3436929634020694e+03, 8.5732344662114690e+02,
       2.5794444709048444e+03, -4.7370356145168159e+01,
       -1.7636365936765964e+02, 7.6238210243116697e+01,
       1.8115512984354645e+01, 6.8424415044333493e+00,
       6.7967203008372223e+00, -1.0203123182681034e+03,
       2.5332647577353246e+03, -4.7370356145168138e+01,
       1.7438758707239533e+03, 1.5855573042812923e+01,
       -4.7059110247061483e+01, -1.0733351491459024e+01,
       3.5954554411284829e+00, 2.3500063412119490e-01,
       2.6825537147118683e+02, 2.9095591812311781e+01,
       -1.7636365936765961e+02, 1.5855573042812926e+01,
       9.2199578988424264e+01, -1.2211186814477637e+02,
       -3.5321626619799371e+00, 6.7584226526042128e+00,
       -5.6509988211390407e+00, -5.6997494024043385e+02,
       -7.5597590673607399e+01, 7.6238210243116711e+01,
       -4.7059110247061476e+01, -1.2211186814477634e+02,
       2.9805443284211782e+02, -2.0017111318696450e+01,
       8.5589549579191875e+00, 7.2649770326013368e+00,
       -7.8025331465285433e+01, -2.6315828282390196e+01,
       1.8115512984354638e+01, -1.0733351491459024e+01,
       -3.5321626619799371e+00, -2.0017111318696450e+01,
       2.1223610120116490e+01, -4.9559947251110220e-01,
       3.0641153110985795e+00, -2.2217662804008338e+01,
       -2.3046782539052604e+01, 6.8424415044333493e+00,
       3.5954554411284811e+00, 6.7584226526042128e+00,
       8.5589549579191875e+00, -4.9559947251110209e-01,
       1.5320858282188107e+01, -3.7304818396765599e-01,
       -4.1342787786432034e+01, 5.8599402177913182e+00,
       6.7967203008372206e+00, 2.3500063412119521e-01,
       -5.6509988211390407e+00, 7.2649770326013385e+00,
       3.0641153110985786e+00, -3.7304818396765593e-01,
       1.3774477645205643e+00, 8.1572277905878746e+03,
       -4.0273480038930694e+02, 2.7263152269069637e+03,
       -4.3911226287990462e+02, 6.4759576042623212e+02,
       5.5880760365689571e+02, 1.2503852839160034e+02,
       3.3059420759335083e+01, 4.8039541131382123e+01,
       -4.0273480038930711e+02, 7.2302279290413335e+03,
       7.8067961528628291e+02, 2.1603290217265653e+03,
       1.5308657284700925e+02, 6.0581679379252812e+01,
       -1.9401065186161230e+01, -2.6762765615398266e+01,
       6.3223901816330672e+00, 2.7263152269069637e+03,
       7.8067961528628280e+02, 2.3916474433827279e+03,
       -6.4044866480876109e+01, -1.3187458323477964e+02,
       -4.6610762155788763e+01, -3.4739288051932228e+01,
       -4.0031895187073188e+00, -2.9438108106407683e+00,
       -4.3911226287990462e+02, 2.1603290217265653e+03,
       -6.4044866480876152e+01, 1.8425509412763254e+03,
       2.8893510530145928e+01, 8.0838316985068786e+01,
       3.1530839561117673e+01, -9.0319349438017138e+00,
       1.1587399409032233e+01, 6.4759576042623212e+02,
       1.5308657284700931e+02, -1.3187458323477966e+02,
       2.8893510530145928e+01, 2.2195577151260377e+02,
       1.1867532552849205e+02, 8.9301535342338649e+00,
       5.8814239816622242e+00, 5.5935594758069538e+00,
       5.5880760365689582e+02, 6.0581679379252819e+01,
       -4.6610762155788748e+01, 8.0838316985068772e+01,
       1.1867532552849205e+02, 2.1755845711262978e+02,
       -4.5729126914177831e-01, 1.6486156279831607e+00,
       5.4485518968574596e+00, 1.2503852839160034e+02,
       -1.9401065186161230e+01, -3.4739288051932228e+01,
       3.1530839561117684e+01, 8.9301535342338649e+00,
       -4.5729126914177798e-01, 2.4904263905831439e+01,
       1.7990146113629299e+00, 3.7605112337673896e+00,
       3.3059420759335083e+01, -2.6762765615398266e+01,
       -4.0031895187073188e+00, -9.0319349438017102e+00,
       5.8814239816622242e+00, 1.6486156279831614e+00,
       1.7990146113629295e+00, 1.2797054392181547e+01,
       -1.0369267703281069e+00, 4.8039541131382116e+01,
       6.3223901816330672e+00, -2.9438108106407688e+00,
       1.1587399409032239e+01, 5.5935594758069538e+00,
       5.4485518968574587e+00, 3.7605112337673896e+00,
       -1.0369267703281069e+00, 1.7781892450979726e+00,
       1.8171681942415711e+04, 1.1674210705494602e+03,
       -3.8447425597857972e+02, 2.9440914476827788e+02,
       -2.2105926492158494e+02, 6.8274993278182956e+02,
       -5.4036395580245141e+01, -1.6913528502522020e+01,
       3.9529668016068520e+01, 1.1674210705494606e+03,
       1.0698235998870583e+04, -1.4769459610291896e+01,
       1.3235665047172395e+03, 4.7587042963678343e+01,
       3.9152072689577079e+02, 3.9157896865524059e+01,
       2.6622187390998548e+00, 8.0134958829809033e+00,
       -3.8447425597857989e+02, -1.4769459610291948e+01,
