%YAML:1.0
means: !!opencv-matrix
   rows: 29
   cols: 4
   dt: d
   data: [ -1.5874676975285493e+02, 8.9898063416744254e+00,
       7.3156104821851912e+01, -4.8275665506732942e+01,
       1.1584318761871427e+02, 7.0145171162289905e+00,
       5.1374152548363687e+00, -3.6076058165855365e+01,
       2.0970006498783860e+01, -1.6705863014793429e+01,
       -6.6975195278549577e+01, 5.7908239991706722e+01,
       -1.4004267155729929e+02, -1.4474312154961191e+02,
       -2.7712646799011242e+01, 2.8699040524942951e+01,
       1.6072320055628822e+02, 1.0473902662121651e+02,
       6.4501265886729913e+00, 1.4635052606050380e+01,
       -2.3539722490795918e+02, 5.6890411111035064e+00,
       -1.1308751616830548e+01, -5.9356624242570611e+01,
       1.2188069733757791e+02, 8.9031286365565894e+00,
       4.8638190598256532e+00, 6.5059294878959392e+01,
       1.0595770313144730e+01, -1.1922857640980925e+02,
       -7.4264742367567621e+01, 8.6948688627450869e-03,
       7.3408839896556600e+01, 1.1359984859882410e+02,
       -7.0459279180721012e+01, 3.1713280970869540e+01,
       5.6101910478585431e+01, -5.4419718900226542e+01,
       -3.6170763702580992e+01, -7.4378634043660639e+01,
       2.1307376085324125e+02, -3.6597400467685524e+01,
       2.8309059211422152e+01, -1.4737372065922710e+01,
       4.8742534990563966e+00, -8.8776898203588797e+00,
       4.5877160233236040e+01, -4.5299867267526494e+01,
       -1.2783263510877939e+02, 1.2454068953015037e+02,
       3.9801081044130328e+01, -5.2429730769908800e-01,
       -2.6357220732644038e+02, 1.2651205104400267e+02,
       -4.4968223000683345e+00, -4.8249685641189046e+00,
       -8.5573973869835640e+01, 8.3379424097402094e+01,
       -5.4560854889308054e+01, 2.3322123665877260e+01,
       1.0084061261870637e+02, -1.7550837947493122e+01,
       7.2846547361096086e+01, -1.9325825348492232e+00,
       2.5742970849296743e+01, -7.9098771440808278e+01,
       3.1424859814551272e+01, 1.6457208324604764e+00,
       -9.4033235841522540e+01, -1.3135703673948947e+02,
       6.6814383045775088e+01, 2.3563684407975238e+01,
       1.2226707995834596e+01, 2.2104805546523753e+01,
       -7.8307989500568254e+01, -3.2480522369765346e+01,
       -1.7846701369738733e+02, 4.6983614469600383e+01,
       2.8945375042025155e+01, 5.8304453796796167e+01,
       2.1649632912462135e+01, 1.3933041614482994e+02,
       -1.7687145924687395e+00, -9.3924353062569409e+01,
       -6.4254820010009084e+01, 5.7219835361071148e+01,
       1.0185247960936165e+02, 2.8566583566458920e+01,
       2.1184134927521617e+02, 7.5723647909630671e+01,
       4.3321394337486964e+01, 3.7602706070627640e+01,
       -6.3162445974598810e+01, -1.1994216538650763e+01,
       -3.4960414270000378e+01, -3.0667087393446096e+01,
       -2.3680777479130489e+02, -7.9059099665056777e+01,
       -6.1355544882212953e+00, 9.8518425315124105e+00,
       -9.0000645515758407e+01, -2.4391455846609986e+01,
       3.2052083282427866e+01, 8.2116718967133849e+01,
       1.2845751974266211e+01, 1.0208515789449135e+02,
       1.6719422184244031e+01, 2.9076109109417420e+01,
       1.3021828619046246e+02, 8.9458003504294421e+00,
       -5.5334410672105477e+01, -2.0775497355921225e+01,
       1.2190851640057650e+02, -1.1585948997303986e+02,
       -3.0035922039926499e-01, 9.0170336427741216e+00 ]
covs: !!opencv-matrix
   rows: 116
   cols: 4
   dt: d
   data: [ 2.6545204885981384e+03, 1.2510094048221659e+02,
       1.1083989399556515e+03, -2.6737822468814392e+02,
       1.2510094048221664e+02, 5.5104504221452162e+03,
       -3.7035203402427760e+02, -7.3412563047922305e+01,
       1.1083989399556515e+03, -3.7035203402427760e+02,
       1.0059748473252515e+03, 6.2660066287692736e+01,
       -2.6737822468814392e+02, -7.3412563047922262e+01,
       6.2660066287692736e+01, 1.3315214698534114e+03,
       1.9987177147702714e+03, -1.2299825889586178e+02,
       1.3858377959180548e+03, -2.4832098773919885e+01,
       -1.2299825889586178e+02, 4.9704887897616181e+03,
       -9.2445182785056232e+01, 2.1052858945548883e+03,
       1.3858377959180550e+03, -9.2445182785056218e+01,
       1.1522451484928652e+03, -4.7121328938558655e+01,
       -2.4832098773919881e+01, 2.1052858945548883e+03,
       -4.7121328938558669e+01, 9.7514762639281048e+02,
       3.3702450967594023e+03, 1.0959433563670698e+03,
       1.3859721731633163e+01, -1.0123080778849090e+03,
       1.0959433563670698e+03, 3.4348528858721834e+03,
       -4.0913919977599159e+02, 1.7907392001554010e+02,
       1.3859721731633146e+01, -4.0913919977599159e+02,
       1.0035677124130580e+03, 1.9575324336046538e+02,
       -1.0123080778849090e+03, 1.7907392001554010e+02,
       1.9575324336046540e+02, 1.3047991282721707e+03,
       4.6946069563706060e+03, 1.7095646129915544e+03,
       3.8294889968774174e+02, -2.3900951876679446e+01,
       1.7095646129915540e+03, 3.1594427468214185e+03,
       2.0848248305330044e+00, 3.8669951772447598e+02,
       3.8294889968774174e+02, 2.0848248305330155e+00,
       8.6191444914159035e+02, -1.2341333350679368e+02,
       -2.3900951876679454e+01, 3.8669951772447604e+02,
       -1.2341333350679362e+02, 4.7741093006167011e+02,
       3.0940373689203984e+03, -2.1205587409340072e+02,
       1.1214020127254402e+02, 5.6311586952123969e+02,
       -2.1205587409340080e+02, 1.5368208469797833e+03,
       1.5378687715340979e+02, -4.3722999700883918e+01,
       1.1214020127254403e+02, 1.5378687715340982e+02,
       8.8800906251126412e+02, -1.5107410212853554e+02,
       5.6311586952123969e+02, -4.3722999700883918e+01,
       -1.5107410212853560e+02, 5.8185718504824274e+02,
       3.5857912790014657e+03, -7.3834792262375402e+02,
       6.0468298314175649e+02, 4.4871987303032279e+02,
       -7.3834792262375413e+02, 3.4422309101765877e+03,
       -9.2877624499319452e+01, 3.2329630343638377e+02,
       6.0468298314175649e+02, -9.2877624499319438e+01,
       5.6669668740890609e+02, -1.4441349704376742e+01,
       4.4871987303032267e+02, 3.2329630343638377e+02,
       -1.4441349704376732e+01, 8.2703517058150680e+02,
       3.2633084813354035e+03, 1.0600449590515686e+03,
       1.2141856543564366e+02, -6.7415565667564101e+02,
       1.0600449590515686e+03, 2.9938455654552226e+03,
       -6.7050472416504522e+02, -3.2443162350672827e+02,
       1.2141856543564369e+02, -6.7050472416504522e+02,
       1.1419068335341201e+03, 3.4061994262724238e+02,
       -6.7415565667564101e+02, -3.2443162350672827e+02,
       3.4061994262724238e+02, 1.0168103860623112e+03,
       3.7908425779510476e+03, 1.8934095679862862e+03,
       -3.2170746695673751e+02, -1.0828898988926583e+03,
       1.8934095679862858e+03, 4.1267007112622814e+03,
       -4.2715637596924125e+02, -7.3785043234490638e+02,
       -3.2170746695673751e+02, -4.2715637596924125e+02,
       9.8379374169772746e+02, 2.4887380816932756e+02,
       -1.0828898988926583e+03, -7.3785043234490615e+02,
       2.4887380816932756e+02, 9.4072999979076906e+02,
       2.0788064510885852e+03, 9.3162835205922832e+01,
       2.8301925063076652e+02, 1.2695832520048263e+02,
       9.3162835205922832e+01, 1.2213990320863688e+03,
       1.2774317746767498e+02, -3.8630804488448422e+02,
       2.8301925063076652e+02, 1.2774317746767495e+02,
       1.1318236749469629e+03, -1.1651504169910437e+02,
       1.2695832520048263e+02, -3.8630804488448422e+02,
       -1.1651504169910434e+02, 6.4139098466759447e+02,
       3.6451111314695922e+03, -5.9881665441807593e+02,
       8.1500064243593351e+02, 2.0777710893585950e+02,
       -5.9881665441807593e+02, 1.2417364287247201e+03,
       4.6196193234324215e+02, -4.8829272667617571e+00,
       8.1500064243593351e+02, 4.6196193234324215e+02,
       2.5793758641547161e+03, -1.8078712235149993e+02,
       2.0777710893585950e+02, -4.8829272667617536e+00,
       -1.8078712235149993e+02, 2.1938055249584392e+02,
       1.9125364642538973e+03, 1.7831126678116258e+00,
       -1.3106871001641849e+02, -1.8109090400572066e+02,
       1.7831126678116005e+00, 4.3419496834752581e+03,
