%YAML:1.0
means: !!opencv-matrix
   rows: 12
   cols: 3
   dt: d
   data: [ -1.5933651126503926e+02, 5.2776912206741237e+01,
       7.3113263620717461e+01, 6.8480590800770457e+01,
       -1.5429611787139510e+01, -5.1753490263802185e+01,
       1.4657601043201933e+02, 6.6788596930299846e+01,
       1.0853508514272839e+01, -7.6724079820509189e+01,
       -4.2203944402738472e+01, 6.8484099675318788e+01,
       -7.4645062746105324e+01, 1.0918716080547464e+01,
       -3.7150332900762535e+01, 1.2089305217764753e+02,
       -7.0802787411525969e+01, 9.3706811264257457e+00,
       2.9347986645363974e+01, 9.2158891114386634e+01,
       -5.6847358797129523e+01, -1.8058199204523024e+02,
       -3.5321239529641112e+01, -7.6368192444326155e+00,
       1.2566400009551568e+02, -1.7524744858808262e+01,
       6.3290546542275038e+01, 1.8374743003434649e+01,
       1.8129392071970763e+01, 3.2478646685698735e+01,
       -2.6766991940437617e+02, 6.1447421315785000e+01,
       -8.0808180196965100e+00, -6.3493434247634628e+00,
       -1.4909070570869435e+01, -9.1107773091442198e+01 ]
covs: !!opencv-matrix
   rows: 36
   cols: 3
   dt: d
   data: [ 2.6456089119225885e+03, 9.9445428263906740e+02,
       1.1608616456024490e+03, 9.9445428263906740e+02,
       8.0980247594426046e+03, 7.0246901383199258e+01,
       1.1608616456024490e+03, 7.0246901383199287e+01,
       1.0669729759288614e+03, 3.2297389462638062e+03,
       1.2719274086538690e+03, 1.7984824483893598e+02,
       1.2719274086538690e+03, 6.9852042319241309e+03,
       1.7266028982514690e+01, 1.7984824483893598e+02,
       1.7266028982514683e+01, 9.4869841043018369e+02,
       3.1384918228536303e+03, -1.8811866677541420e+02,
       1.1299082518628018e+02, -1.8811866677541425e+02,
       3.3716290805498943e+03, -9.7469169441184285e+00,
       1.1299082518628019e+02, -9.7469169441184409e+00,
       7.0301940406098288e+02, 2.3389611678999922e+03,
       8.5924749930594601e+02, 5.5870853542627435e+02,
       8.5924749930594601e+02, 9.0933492722019164e+03,
       1.7260138160945073e+02, 5.5870853542627435e+02,
       1.7260138160945073e+02, 7.8184371130730892e+02,
       2.2661882815429517e+03, 4.5793267815785504e+02,
       5.7277871007372869e+02, 4.5793267815785504e+02,
       1.1074188525980682e+04, 2.9898502972451508e+00,
       5.7277871007372869e+02, 2.9898502972451424e+00,
       5.6066194178188732e+02, 4.3962445116890949e+03,
       7.7751433967390392e+02, 5.1200624506896844e+01,
       7.7751433967390392e+02, 4.5125608140871673e+03,
       -9.0462865395658540e+01, 5.1200624506896816e+01,
       -9.0462865395658511e+01, 7.2796982271003151e+02,
       2.3990842250632404e+03, -8.8255428330287236e+02,
       2.2690763558719797e+02, -8.8255428330287236e+02,
       4.6740169676783771e+03, 2.9399227682706089e+02,
       2.2690763558719789e+02, 2.9399227682706089e+02,
       1.0017638423653364e+03, 3.1494094207836392e+03,
       1.1341004743949527e+03, 7.6683430425452934e+02,
       1.1341004743949532e+03, 9.0287668300340029e+03,
       4.7538240639123842e+02, 7.6683430425452957e+02,
       4.7538240639123853e+02, 8.5386455913328325e+02,
       6.9646158533741236e+03, 1.2011342758999640e+03,
       -1.6984077003814191e+03, 1.2011342758999635e+03,
       9.2705397701663151e+03, -7.2625863605445815e+01,
       -1.6984077003814191e+03, -7.2625863605445858e+01,
       6.1560163628776490e+02, 2.6004881108782629e+03,
       1.3155944615858784e+03, 1.0523496970998765e+03,
       1.3155944615858787e+03, 1.0492355612951362e+04,
       1.2585917806982407e+02, 1.0523496970998765e+03,
       1.2585917806982403e+02, 8.9474520753228808e+02,
       2.2200582385877760e+03, 9.1218745181244060e+02,
       5.7659022943984462e+02, 9.1218745181244060e+02,
       8.3081749639292429e+03, 7.2175071617290172e+01,
       5.7659022943984462e+02, 7.2175071617290200e+01,
       5.5453971573824890e+02, 3.3022204906616339e+03,
       1.7198395937978153e+03, -7.4047151402531767e+02,
       1.7198395937978150e+03, 8.4105698851067045e+03,
       -1.1878498913748969e+02, -7.4047151402531767e+02,
       -1.1878498913748969e+02, 5.7888238388009995e+02 ]
weights: !!opencv-matrix
   rows: 1
   cols: 12
   dt: d
   data: [ 6.6124905949321466e-02, 1.4884618961234694e-01,
       8.3842607376066330e-02, 7.5310599980870557e-02,
       8.6914575881301401e-02, 1.0291962366318715e-01,
       4.2460350234042293e-02, 8.1515928160693835e-02,
       9.7539224659958110e-02, 9.4642366355247379e-02,
       4.5477926841140520e-02, 7.4405701285804510e-02 ]
pca_proj: !!opencv-matrix
   rows: 3
   cols: 21
   dt: f
   data: [ 4.36961316e-02, 8.50134730e-01, 1.73015636e-04,
       6.54514134e-02, 4.60692108e-01, 2.29939164e-04, 7.67599978e-03,
       1.46649793e-01, -1.37564148e-05, 1.21663406e-03, 1.30500361e-01,
       -5.45994153e-05, 8.06188770e-03, 1.42052382e-01, -2.12945142e-05,
       -2.45414903e-05, 9.56867734e-06, -1.94090262e-06, 3.13729906e-05,
       4.34020360e-04, 2.32224409e-07, 7.68702388e-01, -5.10314330e-02,
       1.14127281e-04, 4.21110362e-01, -3.83849256e-02, 4.02935693e-05,
       2.81941950e-01, -1.35209868e-02, 1.95932400e-04, 2.66951323e-01,
       -4.70317341e-03, 2.29704310e-04, 2.76557714e-01, -1.55316098e-02,
       2.11025646e-04, -3.74769334e-05, 5.54774260e-06, -7.89335627e-06,
       8.86836962e-04, -5.85095040e-05, 1.91629806e-04, 1.28585771e-02,
       -3.46314937e-01, -1.22481215e-04, -4.01510373e-02, 1.58088982e-01,
       -1.45607672e-04, 1.89476740e-02, 5.27356327e-01, 2.33430081e-04,
       1.79703757e-02, 5.36674440e-01, 2.90960423e-04, 1.17339585e-02,
       5.35117626e-01, 2.47836346e-04, -7.02231409e-06, -3.17391914e-06,
       2.59759432e-08, 1.54912759e-05, 1.72088097e-03, 2.08691781e-04 ]
pca_mean: !!opencv-matrix
   rows: 1
   cols: 21
   dt: f
   data: [ 2.07625534e+02, 2.55653595e+02, 1.54502928e+00,
       2.18915131e+02, 2.60592743e+02, 1.67241716e+00, 2.65274475e+02,
       2.24016678e+02, 1.71669352e+00, 3.19420807e+02, 1.63929108e+02,
       1.75046074e+00, 3.16613464e+02, 2.25532654e+02, 1.70717156e+00,
       1.08872897e-04, -9.74175637e-05, 6.24380555e-05, -2.17504916e-04,
       -2.50119597e-01, 1.75055194e+00 ]
gamma: !!opencv-matrix
   rows: 12
   cols: 1
   dt: d
   data: [ 9.1855544605673334e-01, 8.7110607403111984e-01,
       8.4840781059740977e-01, 8.8573955515886171e-01,
       8.6239250688065494e-01, 8.5409480817412331e-01,
       8.5956442260155141e-01, 8.9147810766800173e-01,
       8.0672021551125561e-01, 8.8184301768803863e-01,
       8.9906935459810211e-01, 8.1774672085852229e-01 ]
