%YAML:1.0
means: !!opencv-matrix
   rows: 24
   cols: 2
   dt: d
   data: [ -6.8108675882229406e+01, -1.7273341709375589e+02,
       -1.4867468822429176e+01, 4.3992845992191697e+01,
       1.9959604261767868e+02, 8.3426266796798430e+01,
       -2.1051785579660523e+02, 1.4283778132130752e+02,
       7.2410451978358566e+01, 2.1302474951318771e+01,
       3.6209739639189969e+01, -1.5183545593275278e+02,
       -1.8316811303860030e+02, -2.2775926926329610e+01,
       -6.9421695680417855e+01, 1.3082586926371505e+02,
       3.3652567916821226e+01, 1.0002935319110033e+02,
       2.1113209287446497e+02, -5.6805602287346566e+01,
       -1.1323716888643445e+02, -9.5316462323445776e+01,
       -1.2945128893288162e+02, 5.8889320891900887e+01,
       1.1928090007475539e+02, 1.0613300608918438e+02,
       -8.9135055308289495e+01, -1.2382326617389682e+01,
       1.2830731505089136e+02, -5.0003839767311135e+01,
       1.1831752568950043e+02, -1.1839148938073686e+02,
       -1.9891021139687743e+02, -1.2917677398268250e+02,
       2.5044215071896325e+01, 2.0312338854238610e+02,
       -2.6876617941862963e+02, -3.9291934239241670e+01,
       -7.8467664161392419e+00, -2.3547274114523102e+01,
       1.5332871121112893e+02, 1.9721001560611192e+01,
       -2.1817713748448792e+01, -9.3105390991574055e+01,
       -2.5142983197298764e+02, 5.7874576153634429e+01,
       5.7890630361175717e+01, -6.2453078584841577e+01 ]
covs: !!opencv-matrix
   rows: 48
   cols: 2
   dt: d
   data: [ 3.2606498975966419e+03, 4.3535677891519180e+02,
       4.3535677891519180e+02, 2.3316140940022819e+03,
       2.0776045587885433e+03, -1.2796558822022793e+02,
       -1.2796558822022797e+02, 1.3824287456916954e+03,
       2.3533678990337239e+03, 2.9251548089430202e+01,
       2.9251548089430209e+01, 1.7183647025857019e+03,
       3.8555189567764510e+03, -6.0922136440787847e+02,
       -6.0922136440787847e+02, 2.4621901738459342e+03,
       1.5545653173899796e+03, 3.0230248923884957e+01,
       3.0230248923884950e+01, 1.7810923850392010e+03,
       2.9037023052026711e+03, -3.7351561254977213e+02,
       -3.7351561254977213e+02, 3.1161094496171381e+03,
       1.9334562563849561e+03, 3.2345827415715598e+02,
       3.2345827415715598e+02, 2.4428059550038483e+03,
       2.9939406654663949e+03, -3.8160097889895042e+02,
       -3.8160097889895047e+02, 1.7389112358839498e+03,
       2.1838259479145318e+03, -2.6838543815227439e+02,
       -2.6838543815227439e+02, 1.5648560162292590e+03,
       1.8305317910102031e+03, 2.7200786118307025e+02,
       2.7200786118307036e+02, 4.0082247657733160e+03,
       1.6297315517746883e+03, -9.0072673453250260e+01,
       -9.0072673453250204e+01, 2.0729258951958918e+03,
       2.4989644183232945e+03, 1.1049783726509580e+02,
       1.1049783726509578e+02, 1.7880971167537161e+03,
       2.4023630029369510e+03, -4.0649645392413163e+02,
       -4.0649645392413146e+02, 1.6292013656029269e+03,
       1.5804114452471608e+03, -2.3606292865392309e+01,
       -2.3606292865392319e+01, 1.7212075567261788e+03,
       1.6245810791520705e+03, -3.5055890056926023e+02,
       -3.5055890056926023e+02, 1.5637258815082610e+03,
       2.0094852996249938e+03, -2.4084923829745725e+02,
       -2.4084923829745725e+02, 2.2601782272825239e+03,
       2.2641723418220827e+03, 5.1511401085365526e+02,
       5.1511401085365503e+02, 3.4631482567279691e+03,
       8.6770849596678672e+03, -1.4423083915322165e+03,
       -1.4423083915322168e+03, 2.9732899106338541e+03,
       2.2049470896701423e+03, 5.1960456468128757e+02,
       5.1960456468128746e+02, 3.5356107578274032e+03,
       1.2437154941355593e+03, 1.0406308327882307e+02,
       1.0406308327882306e+02, 1.5155706459440671e+03,
       1.6800074394203621e+03, -1.9580897993894740e+02,
       -1.9580897993894737e+02, 1.3703627315224821e+03,
       1.8569919419397179e+03, -2.2380643513385735e+02,
       -2.2380643513385735e+02, 1.7994162163914787e+03,
       2.6768093378991584e+03, 1.2626908958038445e+02,
       1.2626908958038445e+02, 2.8539010315902824e+03,
       1.2866974165357281e+03, -5.2858348050217316e+01,
       -5.2858348050217280e+01, 1.7758766383620982e+03 ]
weights: !!opencv-matrix
   rows: 1
   cols: 24
   dt: d
   data: [ 3.0438522112057130e-02, 5.0567382238693302e-02,
       3.0434630432713355e-02, 2.7815624601583544e-02,
       7.9507941896237264e-02, 3.1177549839171769e-02,
       3.7360451958894030e-02, 3.9306327571982831e-02,
       5.8398050253191648e-02, 3.3065448840274472e-02,
       3.6639381750972158e-02, 4.2999505849766653e-02,
       6.1105337137998712e-02, 5.2258835004528284e-02,
       5.6009928234799361e-02, 3.4542447220443230e-02,
       2.4163860811133010e-02, 1.9902063774703289e-02,
       1.9007045334473196e-02, 5.6315934382683695e-02,
       4.2595788555193734e-02, 4.3436623440607475e-02,
       2.8935497517561203e-02, 6.4015821240318502e-02 ]
pca_proj: !!opencv-matrix
   rows: 2
   cols: 21
   dt: f
   data: [ 4.36961316e-02, 8.50134730e-01, 1.73015636e-04,
       6.54514134e-02, 4.60692108e-01, 2.29939164e-04, 7.67599978e-03,
       1.46649793e-01, -1.37564148e-05, 1.21663406e-03, 1.30500361e-01,
       -5.45994153e-05, 8.06188770e-03, 1.42052382e-01, -2.12945142e-05,
       -2.45414903e-05, 9.56867734e-06, -1.94090262e-06, 3.13729906e-05,
       4.34020360e-04, 2.32224409e-07, 7.68702388e-01, -5.10314330e-02,
       1.14127281e-04, 4.21110362e-01, -3.83849256e-02, 4.02935693e-05,
       2.81941950e-01, -1.35209868e-02, 1.95932400e-04, 2.66951323e-01,
       -4.70317341e-03, 2.29704310e-04, 2.76557714e-01, -1.55316098e-02,
       2.11025646e-04, -3.74769334e-05, 5.54774260e-06, -7.89335627e-06,
       8.86836962e-04, -5.85095040e-05, 1.91629806e-04 ]
pca_mean: !!opencv-matrix
   rows: 1
   cols: 21
   dt: f
   data: [ 2.07625534e+02, 2.55653595e+02, 1.54502928e+00,
       2.18915131e+02, 2.60592743e+02, 1.67241716e+00, 2.65274475e+02,
       2.24016678e+02, 1.71669352e+00, 3.19420807e+02, 1.63929108e+02,
       1.75046074e+00, 3.16613464e+02, 2.25532654e+02, 1.70717156e+00,
       1.08872897e-04, -9.74175637e-05, 6.24380555e-05, -2.17504916e-04,
       -2.50119597e-01, 1.75055194e+00 ]
gamma: !!opencv-matrix
   rows: 24
   cols: 1
   dt: d
   data: [ 8.6360578318046721e-01, 7.9240065190223841e-01,
       8.5562371449342611e-01, 8.7067770752773099e-01,
       8.1014587138649707e-01, 8.5893299929652256e-01,
       8.5954034470329166e-01, 8.3633772871926237e-01,
       8.1859707274510141e-01, 8.8459365522778022e-01,
       8.3934208958259460e-01, 8.3553132256902518e-01,
       8.4010997708822710e-01, 8.1277321078349862e-01,
       8.1777446700093548e-01, 8.4518358245626490e-01,
       8.7890547431664423e-01, 8.8970038690491282e-01,
       8.9296628306101433e-01, 7.8971948092625577e-01,
       8.2576017923779443e-01, 8.1642639045412568e-01,
       8.8499776364223781e-01, 8.0856207584469597e-01 ]
