%YAML:1.0
means: !!opencv-matrix
   rows: 42
   cols: 5
   dt: d
   data: [ 9.7050279235905478e+01, -5.3076182419369594e+01,
       6.1407335377386353e+01, -2.5263066212898227e+01,
       1.0349829925325105e+01, -8.9788876230992201e+01,
       3.7527951501872359e+01, -5.4050603220900832e+01,
       -7.8736073496217660e+00, 1.9794928731610760e+01,
       5.7833415530073196e+01, 1.3205918021785638e+02,
       -1.7377690086872617e+00, 7.8796914225912831e+00,
       1.9969574152266350e+01, -2.1029870299630963e+02,
       -1.2943627329985230e+02, -1.3755299867721535e+01,
       2.5344675604370170e+01, -7.1681104899021193e+00,
       1.3740055631142988e+01, 4.9910710924866592e+01,
       -1.0727263460159723e+01, -4.7467868640655908e+01,
       -3.7727127142046832e+01, 9.7617417563621132e+01,
       2.4837062817969105e+01, 7.5725631685070226e+01,
       -1.0251455369439576e+01, 2.9368243224038842e+01,
       -1.7679836087428407e+00, -1.4591016025383101e+02,
       3.7871860256562144e+01, 1.5416596551251564e+01,
       1.3536786084195361e+01, -9.5315460007287413e+01,
       -1.5338779616815521e+02, 6.5824221531309192e+01,
       2.9711454651027296e+01, -1.2134075374495756e+01,
       2.1959526831078918e+02, 5.2247618544848171e+00,
       1.6181403837651750e+01, 3.2162771246440895e+00,
       -8.5144713688682501e+00, 1.3763940784192414e+02,
       3.7921878593730547e+01, 1.8630794527871966e+01,
       -3.5453177905180411e+01, -4.6399231006152988e+00,
       1.8281598534342194e+01, 8.2261804688774362e+01,
       -6.8917016344090939e+01, -2.2282420391067237e+01,
       -2.3340678632491190e+00, -2.7422817723647643e+02,
       6.3956668534173197e+01, -1.8957394889174065e+01,
       -5.6026721973423896e+01, -2.0160236626315228e+01,
       7.5594293101808860e+00, 4.8903453505781982e+01,
       5.8635988063239868e+00, -5.2860571960120360e+01,
       3.1641793834957550e+01, 1.4015871195681265e+02,
       6.9816323886197182e+01, -5.6085399709322658e+01,
       8.7474353311887416e+00, -6.8897549829669220e+00,
       3.5515322306055232e+01, -4.5547948222303155e+01,
       -5.3618806466322297e+01, -7.1206541323277079e+01,
       -4.6766697673288933e+00, 1.5096710697506956e+02,
       8.3738739502510427e+01, 1.1764473003426570e+00,
       5.6834180613248627e+01, -4.6190281853734003e+00,
       -1.8455778940099808e+02, 5.9662627437169817e+01,
       5.9629376166661530e+01, -5.4089714749797018e+01,
       -1.9853899505182966e+01, 1.0591333668600215e+02,
       -1.4982483042057564e+02, -4.0784317860855417e+00,
       2.0130968596308005e-01, -5.4598304702965921e+00,
       -1.4218201740718492e+01, -1.2220850099593802e+01,
       7.7023403647001089e+01, 7.5350762974245185e+01,
       3.1483780360735347e-01, 1.9158292450348227e+01,
       1.5652234097786612e+02, -6.0837664574504604e+00,
       -9.9738680147878227e+01, 5.4316064672345208e+00,
       -6.9171140880116852e+01, 8.5297096221050509e+01,
       9.4410617612226943e+01, 2.6642803676123432e+01,
       -1.8955903496720234e+00, -1.0693782683210337e+02,
       -4.7490040790178760e+01, 8.6627811516705492e+01,
       -2.0705735324858352e+01, -4.3832143076562522e+00,
       -9.6288243041574376e+01, -1.9873696108181033e+01,
       -2.4654644314024928e+01, 6.1286004379659552e+01,
       1.6790007215336246e+01, 4.7353867739187294e+01,
       7.7548227610447199e+01, -8.6160807355285186e+01,
       5.3682854178406274e+01, -2.6094783481305345e-01,
       8.0220939247829705e+01, -4.7797956853306879e+01,
       -1.2735931040092929e+01, 5.8250128636565577e+01,
       -7.1176442663342936e+00, -1.9642177832829308e+01,
       1.1861859350210136e+02, -9.5717012993371320e+00,
       4.0374554567601876e+01, 1.6828582458987157e+01,
       -2.2850930817711409e+02, -5.2372141180189310e+01,
       4.9534480029560717e+00, -2.9363703265545578e+01,
       -4.4129429467425672e+00, 1.2659755919755253e+00,
       -5.8759608910423736e+01, -8.3876790282545699e+01,
       3.3318527705488904e+01, -4.0632505249553388e+00,
       2.0995666308170886e+01, 6.2933345038080020e+01,
       2.2670586376342534e+01, 8.4067258270610115e+00,
       1.7151498734325390e+01, -3.2272349507218642e+01,
       -7.3766160845321380e+01, -1.0142854362896665e+01,
       -4.7183189334331253e+01, 1.9781387398155992e+01,
       -4.0312072703278666e+01, 1.3103403685975687e+01,
       6.6424040648605285e+00, -1.7332621997329156e+01,
       3.5623697372823123e+01, -9.4350481876667246e+01,
       -1.6340443876901284e+02, -5.0316788035724763e+01,
       2.1201410181262229e+01, 9.9414748434832827e+00,
       -1.5636377602689589e+02, -2.1339588530112440e+01,
       1.3271342522969459e+01, 8.4732019208397020e+01,
       -1.3211528632912680e+01, -1.8742505518220159e+02,
       1.8890001016143469e+02, 4.4052144613813013e+01,
       -6.0902604933776514e+00, -2.1975983310044409e+01,
       8.4272498150299597e+01, 1.6305011012876431e+01,
       -2.1251986907091741e+01, -3.2249488452134131e+01,
       -2.6379220385296879e+01, 1.4203796454702260e+02,
       -4.8999384800531743e+01, -5.4634727089940775e+01,
       -4.6654941913608099e+01, -5.2340564733434940e+00,
       1.9243161440241798e+02, -5.7656783656059133e+01,
       4.3898179043219592e+01, 2.7364457975412670e+01,
       -7.9853277873729871e+00, -2.1113180671196361e+02,
       7.8560971605443399e+01, 1.4268826558224612e+01,
       2.6161427697201717e+01, -5.8521607350290754e+00,
       -1.2206143862611806e+02, 4.3114054310145733e+01,
       3.6516912424704962e+01, -3.7074102091159311e+01,
       -4.6398224431263975e+00, 4.3948571036662596e+00,
       -4.9875344322200924e+01, 1.2208669036973259e+01,
       7.9005211527853163e+01, 2.3613603317700611e+00,
       6.8974316944357426e+01, -4.8978948039237522e+01,
       -3.1392466003690455e+01, 6.9319896192429766e+00,
       8.3640225137675230e+00, 1.1870110568625567e+02,
       5.7349730348751713e+01, -3.7876269881310741e+01,
       6.5028152663567047e+00, -2.2311550546956603e+01 ]
