%YAML:1.0
means: !!opencv-matrix
   rows: 12
   cols: 8
   dt: d
   data: [ 2.2090762273139845e+01, -1.7552760449788334e+01,
       -6.6623042653195590e+00, 4.4430732624375130e-01,
       -1.0402077814746390e+01, -1.1418415751836015e+01,
       -5.3198884635446475e-01, 5.5758123081267907e-01,
       3.4171083490599173e+01, 1.2437666119089209e+02,
       -2.6939674910857430e+01, -5.1671258191768686e+01,
       -9.2858603286032455e+00, 1.4260492806730172e+00,
       2.3316443252254682e+00, -2.2114579392577188e-01,
       -5.5981148307597195e+01, 4.5515267981892773e+00,
       -5.1881336949355273e+01, 5.1139920938264520e+00,
       2.5566079807017509e+01, -4.5859222072267158e-01,
       1.6168700799091962e+00, -4.0126064934036026e-01,
       -1.5550801098849982e+02, -9.6515536277857947e+01,
       4.5066234293754299e+01, 3.7115273226470698e+01,
       -2.6930041074111802e+01, 3.5320136369752451e+00,
       -2.5784808712133325e+00, -1.0966432281309796e-01,
       -1.0919497015122343e+02, 5.8146160230625457e+00,
       3.3300701528042147e+01, -8.9037049176803933e+00,
       1.0313240878042638e+01, 8.8695429701947930e+00,
       1.6216919333881821e+00, 9.5975857112400409e-01,
       -2.0403414554570742e+02, -2.7337905878128570e+01,
       4.7691669973494605e+01, -4.8087144782924387e+00,
       -1.2273121449246307e+01, -4.0635896246826926e+00,
       -1.1557723590447619e+00, 8.1033554850024370e-01,
       1.2291325843412638e+02, 3.6153444996724971e+01,
       -3.0971888033970941e+01, -3.3268826490946255e+00,
       -4.1357817205709368e+00, -7.7511695433522618e+00,
       -2.2355718342585829e+00, -1.8864389439922963e-01,
       9.9413293147519454e+01, -4.5472050243755376e+01,
       -2.1949956340966160e+01, 3.6679268634043908e+01,
       -2.7556709215186324e+01, 2.3380308256937141e+01,
       1.1473028267937551e+00, 1.3065835042201042e+00,
       7.2753103851196357e+01, -6.9864056476038243e+01,
       -3.1022462800092554e+00, 4.3784410557511904e+01,
       -2.3184912098702565e-01, 1.7627617607004435e+01,
       1.8622513087748984e+00, 6.2670955736586417e-02,
       4.0754389661090194e+01, -3.1933332175757250e+00,
       2.8074524392429140e+01, -9.0221020367577989e+00,
       2.7374133552706347e+01, -1.3971158644717871e+00,
       8.2791292212871215e-01, -7.2019029397443823e-01,
       -1.1179249982265229e+02, 1.0880403462721718e+02,
       1.1145435869636563e+01, -5.1939809692480068e+01,
       -8.1791001474010248e+00, 1.2433553411799647e+00,
       8.0985278996977084e-01, -5.3818453137075362e-01,
       6.9143097637635265e+00, -1.7081233778170801e+02,
       1.5440447502099952e+01, 6.1068354619486456e+01,
       1.7747800771325689e+01, -1.0339876938761471e+01,
       -1.1077189941174692e+00, -1.2572782609031070e+00 ]
covs: !!opencv-matrix
   rows: 96
   cols: 8
   dt: d
   data: [ 1.5559202100927361e+04, -1.1739118018973459e+03,
       8.5541791299806130e+02, 4.5815365385173072e+02,
       -4.5879107462642747e+02, 7.2810675666327791e+02,
       1.5720356685128779e+01, 7.0283739266811111e+01,
       -1.1739118018973454e+03, 1.1285795605380274e+04,
       3.0368587259941228e+02, 5.2517930468589429e+02,
       4.5115415535095167e+01, 3.1058336740358891e+02,
       5.5461915503145605e+01, 2.1827172806535639e+01,
       8.5541791299806152e+02, 3.0368587259941228e+02,
       2.8254419613196137e+03, -8.5955250578088538e+01,
       -6.5285787359033232e-01, -2.2902758309166842e+02,
       -8.8867601790110022e+00, -2.6269617950330939e+01,
       4.5815365385173078e+02, 5.2517930468589441e+02,
       -8.5955250578088538e+01, 2.4269516151547487e+03,
       -2.6618159177241200e+01, -5.3621684815308221e+01,
       -2.4840783019129455e+00, -7.5075927304280974e+00,
       -4.5879107462642725e+02, 4.5115415535095167e+01,
       -6.5285787359033653e-01, -2.6618159177241200e+01,
       6.7791252037607237e+01, -6.9368236165833594e+01,
       -1.4795476467579626e+01, 1.6483191458068404e+01,
       7.2810675666327791e+02, 3.1058336740358891e+02,
       -2.2902758309166833e+02, -5.3621684815308228e+01,
       -6.9368236165833594e+01, 2.4272661967317541e+02,
       2.6970434908166516e+00, -1.6784923972458181e+01,
       1.5720356685128786e+01, 5.5461915503145605e+01,
       -8.8867601790109987e+00, -2.4840783019129495e+00,
       -1.4795476467579622e+01, 2.6970434908166516e+00,
       2.7055223545442356e+01, -2.1788267417880083e+00,
       7.0283739266811082e+01, 2.1827172806535639e+01,
       -2.6269617950330936e+01, -7.5075927304280965e+00,
       1.6483191458068404e+01, -1.6784923972458181e+01,
       -2.1788267417880083e+00, 2.1218099170180736e+01,
       7.5320914331996992e+03, -9.5341011051776707e+02,
       2.5365579653232267e+03, -4.7703257450663608e+02,
       6.4280523832435591e+01, -5.7896519247174297e+01,
       -9.5286372100045664e+00, 4.2847280560750505e+01,
       -9.5341011051776684e+02, 6.6005589865603224e+03,
       8.2869060767432336e+02, 2.4641021139967243e+03,
       1.3105796622503604e+01, 4.6534038998447350e+01,
       -1.0381326767209718e+02, 1.0154663135326990e+01,
       2.5365579653232262e+03, 8.2869060767432336e+02,
       2.5905712523021871e+03, -1.8288538771086422e+02,
       -1.1610671577913197e+02, -5.3669716306282865e+01,
       1.7821256751634532e+01, -1.1275587370567678e+01,
       -4.7703257450663608e+02, 2.4641021139967243e+03,
       -1.8288538771086425e+02, 1.7589698611184217e+03,
       6.5341882184601658e+01, -1.2548050554631951e+02,
       3.5434049235711001e+01, 1.8350953288552507e+01,
       6.4280523832435591e+01, 1.3105796622503618e+01,
       -1.1610671577913196e+02, 6.5341882184601630e+01,
       4.4890316424734912e+01, -7.6833759062648106e+00,
       -4.6790173324021609e+00, 2.2558281819433423e+00,
       -5.7896519247174297e+01, 4.6534038998447350e+01,
       -5.3669716306282865e+01, -1.2548050554631951e+02,
       -7.6833759062648106e+00, 4.3125717745215454e+01,
       -2.1364912031840298e+01, -2.2525087193241782e+00,
       -9.5286372100045682e+00, -1.0381326767209720e+02,
       1.7821256751634525e+01, 3.5434049235711001e+01,
       -4.6790173324021618e+00, -2.1364912031840298e+01,
       1.9300921306582897e+01, 1.1701048651805433e-01,
       4.2847280560750505e+01, 1.0154663135326988e+01,
       -1.1275587370567685e+01, 1.8350953288552503e+01,
       2.2558281819433428e+00, -2.2525087193241782e+00,
       1.1701048651805436e-01, 1.5527903316426888e+01,
       2.8174484034441230e+03, -4.7677741055641337e+02,
       9.2912677664601251e+00, -1.9982835015279210e+02,
       -3.3387759803687544e+02, -2.3107932206010625e+02,
       2.2591517716046539e+01, 2.6406872236414802e+01,
       -4.7677741055641320e+02, 9.1272682604842012e+03,
       1.3924444879366783e+02, 1.0831149649337979e+03,
       -3.1377038796290856e+02, -2.6306546381834011e+02,
       -4.0408979995702644e+01, -2.2999540306614089e-01,
       9.2912677664601127e+00, 1.3924444879366789e+02,
       8.0997505244610920e+02, 5.8359586933186074e+02,
       8.1334268002409104e+01, 1.6712477801444308e+01,
       4.8707550608458682e+01, 4.2587012874711982e+00,
       -1.9982835015279213e+02, 1.0831149649337981e+03,
       5.8359586933186085e+02, 2.1468467391425143e+03,
       1.9415029926124251e+02, 3.0441602040178828e-01,
       1.1219045513059024e+01, -5.5441948814651845e+00,
       -3.3387759803687544e+02, -3.1377038796290856e+02,
       8.1334268002409090e+01, 1.9415029926124251e+02,
       2.1207059418762742e+02, 1.2492273730635755e+01,
       -2.6011398351285575e+01, -2.2297361343542050e+00,
       -2.3107932206010622e+02, -2.6306546381834011e+02,
       1.6712477801444308e+01, 3.0441602040178495e-01,
       1.2492273730635757e+01, 1.2022586050836966e+02,
       -1.4073743291326913e+01, -8.0128604999473669e+00,
       2.2591517716046535e+01, -4.0408979995702644e+01,
       4.8707550608458689e+01, 1.1219045513059024e+01,
       -2.6011398351285575e+01, -1.4073743291326908e+01,
       2.0404095934626557e+01, 5.8852073217279477e-01,
