%YAML:1.0
means: !!opencv-matrix
   rows: 18
   cols: 10
   dt: d
   data: [ -1.8734744156430475e+02, 1.3471484650578921e+01,
       3.5591255249486252e+01, -7.1132184603134290e+00,
       -3.7834571490709519e+00, 3.5518507026616306e+00,
       -2.9891991772172992e+00, -6.6057461192174998e+00,
       -2.5729517015897363e+00, 9.4622553044457602e-01,
       5.6660372938349347e+01, -2.0996634033276603e+01,
       1.3215523018972485e+01, 1.7502638459752767e+01,
       1.4562799381939781e+01, 3.9448994168530853e+00,
       1.4696756536684699e-01, 4.8246517359433272e-01,
       3.9992826751614891e-01, 1.8395115620829350e-02,
       -4.0030036731013176e+01, -1.0645851594368150e-01,
       1.1547849116724873e+01, 6.5651293246396918e+00,
       1.0111835257632411e+01, -2.5037092961160261e+00,
       -3.1826407658296447e+00, -1.4686749458668038e+00,
       -2.3503795219362820e+00, -5.9799994903325659e-01,
       4.5475043565754106e+01, 5.4551862885412818e+00,
       -2.2405006322342045e+00, -8.3061141993837548e+00,
       5.6408499131421248e+00, -3.0822644127771128e+00,
       -6.0157690985228180e+00, -3.9037652974635129e+00,
       -5.2395207062443951e+00, 3.6165613026273824e-01,
       -1.8080955787854518e+02, -6.6827458513983196e+00,
       4.2541157858404318e+01, 9.5211733941552712e+00,
       -8.0044287002379910e+00, 6.0183811916793060e+00,
       1.6700071765555474e-01, 1.3595801541206212e+00,
       6.0346157145829382e-01, -1.5019791254712930e-01,
       -6.0441013681811242e+01, -8.2717330247062932e+01,
       2.0158492841301438e+01, 5.0196067553061788e+01,
       7.1855143027973272e+00, -4.5981344657400518e+00,
       2.1016933800317124e+00, -4.1187103371731221e-01,
       2.0538186120333732e-01, 2.7196173725543383e-02,
       2.0808051209574540e+01, 1.3068723580767801e+02,
       -3.1674286770262658e+00, -7.7270671065770728e+01,
       5.9690037409786241e+00, 7.1551925447909088e+00,
       4.1834545018057889e-01, 1.9298030062852165e+00,
       1.5444655039526927e+00, 3.5848154901718449e-01,
       7.9532012762354469e+01, 4.5075928868460160e+01,
       -1.0631961834274696e+01, -3.3277812552000512e+01,
       -2.8692351785612309e-02, -1.2363683435659842e+01,
       1.4101580053628986e+00, 1.1055897741588019e+00,
       1.4612466073576666e-01, -2.3551392934341799e-02,
       1.4938569528259986e+00, -3.0874245457326195e+00,
       -4.7741880682368866e+01, 8.0549013865060033e+00,
       2.0322181489578643e+01, 3.3050497390630542e+00,
       7.6398874735548450e-01, 1.0933844005902595e+00,
       5.7667093108951373e-01, 3.3019708714786501e-03,
       1.6122147533991333e+02, 2.1773784517016690e+01,
       -4.4564774482564182e+01, -1.0995807068629979e+01,
       -8.9214581163095552e+00, 6.9744809117957489e+00,
       6.2798799251580628e-01, 1.4053068663210404e+00,
       5.5559587138281485e-01, -3.7642085515168021e-03,
       8.1973758261528360e+01, 1.6152809048079909e+01,
       -2.3625631517446113e+01, -3.2293654295123780e+01,
       -2.6456436258379401e+01, -1.9717875055218265e+01,
       9.5191867252504325e-01, -2.3851850263936347e+00,
       2.1101601136088860e-01, -1.8292335995720777e-02,
       -5.8331480212403449e+01, 3.0345935611070733e+01,
       2.1745521776480125e+01, -2.5052610808392711e+01,
       2.2366877697124853e+01, -1.6895182579579977e+01,
       2.5441762145541444e+00, 2.3168488337229909e-01,
       1.9405300848708845e-01, 9.6085235118053280e-02,
       1.6145411988337986e+02, 2.6850187708935909e+01,
       -4.4242865693106793e+01, -3.4873778153270663e+01,
       -9.5932760808748192e+00, 1.2602983610459376e+01,
       7.0294154912747930e-01, -3.8925303275699017e+00,
       -1.7569045261788649e+00, -2.9769769024610099e-01,
       1.3853617421611779e+02, -9.6806468939280705e+00,
       -3.5019688165171175e+01, 1.2311737372846970e+01,
       -4.2356141619968648e+00, 1.3649217574255886e+01,
       -1.0374127765517789e+00, 1.7207041598887540e+00,
       1.6605659580745699e-01, -4.7513853094974670e-03,
       -1.4871832439658007e+02, -1.0313340039634905e+02,
       2.7366262175816392e+01, 6.6523144820710854e+01,
       -1.9798950374228273e+01, 7.5830004542446072e-01,
       -2.0977231668572771e-01, -1.4622257027980030e+00,
       1.0240370198369098e+00, -4.4901477843906640e-01,
       1.4437729406741329e+02, 6.4445582861917510e+00,
       -2.9271967205296072e+01, -4.5453535666356432e-02,
       -9.8216524793171853e+00, 2.2394171779384376e+01,
       -1.4905803948339685e+01, -7.0862862991500517e+00,
       -6.4034710964862223e+00, 2.3777960623579122e+00,
       -1.9210825968908591e+02, 8.4960535403878566e+01,
       3.9875468421274249e+01, -4.9309725064942114e+01,
       -2.2533082319045175e+01, 1.1004033247413860e+01,
       -2.6876871893478542e+00, 1.9273174018708745e+00,
       6.5385408638673825e-01, -5.8223814843569220e-02,
       3.6889645850653579e+01, -9.7951342284840322e+01,
       -1.0851059985960436e+01, 6.7295747912941977e+01,
       -4.3290020483096407e+00, -8.8725834471892784e-01,
       2.0826973560945876e+00, -3.9378738967810911e-01,
       2.5544581910309873e-02, -1.0520235300494538e-01 ]
