%YAML:1.0
means: !!opencv-matrix
   rows: 42
   cols: 6
   dt: d
   data: [ 7.7927406570505710e+01, -5.9791829794815825e+01,
       -2.4575055362887127e+01, -6.8350117328029143e+01,
       -2.3905654275861860e+01, -1.7234133302665761e+01,
       7.8093187297954557e+01, 1.7505934082518323e+01,
       -2.6780734336173779e+01, -2.8983933384291479e+01,
       -2.9041446730036739e+01, -1.5642396129216694e+01,
       8.5560922694797483e+01, 6.2740364256059692e+01,
       -2.1983422003395173e+01, -1.1422349926930384e+01,
       -2.6663923645765784e+01, -2.1879730189864500e+01,
       -1.3927511215788132e+02, 2.0929499522114682e+01,
       3.5870989557021744e+01, -4.8136697531099252e+01,
       -5.0258140394166864e+00, -9.1019858504033344e+00,
       -1.3847484895537144e+02, 1.4582903716430991e+02,
       4.1853674819651879e+01, 2.1376101262266864e+00,
       -1.0126119935074000e+01, -8.3473012164074110e+00,
       7.9692442094360160e+01, 1.2690009086548271e+01,
       6.5448065450008258e+01, 3.4526659530692534e+00,
       2.2596202198458059e+01, -2.5864892859700408e+00,
       -8.8442703904691371e+01, -1.4846125926266538e+02,
       -1.1722260827319667e+01, 1.8119875661574575e+01,
       1.2189774877640367e+01, 8.7504253348069244e-02,
       1.2947751089650336e+02, -2.9836437158930870e+01,
       3.0603886865197996e+01, 2.4357638647766734e+01,
       5.6860615380970687e+00, 8.0696400308157052e+00,
       1.5151806279003600e+02, 1.5832366105705745e+01,
       -5.4419559164133659e+01, -1.3458108486255119e+01,
       -6.5852931668466725e+00, 1.4377630583773202e+01,
       4.0407504957846356e+01, 4.5979176463512403e+01,
       -1.1921114697675179e+01, -4.1780278693558067e+01,
       2.6516110605720393e+00, -1.9955426096726523e+01,
       1.5390513044678889e+02, 1.0614438778135907e+02,
       -3.8592524719407486e+01, 2.0808099491818584e+01,
       -7.0869302394596856e+00, 9.6162781654061735e+00,
       -2.5848024267004405e+02, 3.7545786093287061e+00,
       -2.0936746153735484e+01, -6.5087796425185895e-01,
       -3.1938351961785734e+00, -2.2820332225487983e+00,
       -2.1614559618917747e+02, 9.1572418387188236e+01,
       5.0736839894776423e+01, -4.5351047963374462e+01,
       -1.8256248393362632e+01, 2.7072844324547507e+01,
       -2.9632742250238000e+01, -9.7609433448433975e+01,
       1.1330198135852736e+00, 6.7625311210687727e+01,
       -2.7213912531345907e+00, -2.0557871735627713e+00,
       1.3989054344901527e+01, 1.5600260764382021e+00,
       -2.1428071041798027e+01, -1.8473481368144739e+01,
       2.5159123184932810e+01, 4.5304247885086122e+00,
       1.3109590158989425e+02, -2.2491707486910992e+00,
       -5.3651557538721683e+01, -7.2495348355015592e+00,
       -5.7649048089536157e+00, 1.1565277332859811e+01,
       2.1806137081202217e+00, -1.4897103459419139e+02,
       7.8811892812416502e+01, 2.2220781843793834e+01,
       6.4527412486977127e+00, -4.0115648548632912e+00,
       5.7628800729191759e+01, -6.9924291138819967e+01,
       -2.9487750992504402e+01, 4.3791826183032299e+01,
       -1.0987060243689951e+01, 5.2093847337865125e+00,
       -1.0169724188002210e+02, 1.2487481503804707e+01,
       -4.5517782294258488e+01, -1.0031410760706367e+01,
       3.7850431233205761e+01, -4.9702470441191045e+00,
       -1.9415846050003839e+02, -8.9047754394878481e+01,
       4.1306347684042620e+01, -1.0784613708882096e+01,
       -7.3145655091607242e+00, 1.4869471256924825e+01,
       5.1964782737590006e+01, 1.1713838885010105e+02,
       -1.5863686111354035e+01, 3.8637507410316637e+01,
       1.5651328806439746e+01, -4.5600723666707400e-02,
       -1.7766080766670748e+02, 5.5307140730709008e+01,
       4.7057618757508443e+01, 3.7713397290032582e+01,
       -8.1224301136298696e+00, 1.4963618640090010e+01,
       9.6774714751407757e+01, -1.0569079616219163e+01,
       -3.1651651886778637e+01, 5.2916885585439353e+01,
       -8.4615615296673963e-01, 1.3314628264078003e+01,
       -1.2877422459490032e+02, -4.8087355970199745e+01,
       3.5763414508849465e+01, 2.8781202915071145e+01,
       2.3118301707824851e+00, -8.6349639605835726e+00,
       -4.5751888534271885e+01, -3.5331806316905677e+01,
       -2.6884296234095171e+00, 6.0264066612043379e+01,
       1.7119225563343260e+01, -3.6691261908421140e+00,
       3.3944489124663441e+01, -1.0061492973912571e+02,
       -1.1355183289622717e+01, 6.8561130943307347e+01,
       -5.2932644177762178e+00, -1.5988379045825214e+00,
       3.4004733451969718e+00, 6.0804941779714767e+01,
       1.6885288387957328e+01, -4.6210500758207012e+01,
       3.5296135642445563e+01, -1.4283355804793347e+01,
       7.6410870391259165e+00, -7.2262888334154285e+00,
       7.6903987905576926e+01, 7.7900571000207478e+01,
       4.6337830251314331e+00, -6.3219638050240743e+00,
       1.4549050161529922e+02, -7.6703861598468066e+01,
       5.3231864061516632e+01, -4.6614982059689083e+01,
       1.0611408729753963e+01, 2.7219005647798080e+00,
       -4.3535492550840452e+01, 1.7972183639416858e+02,
       6.4832721736426597e+00, -1.0684114751784890e+02,
       -6.4142224357288606e+00, 3.6684487290671051e+01,
       1.1153682569144486e+02, -1.0956286843969190e+02,
       -3.4491872485027550e+01, -4.7564269809474080e+00,
       -6.3005812314470033e-01, 1.8316411272120536e+01,
       4.9607687471684670e+01, -2.2312240302980836e+01,
       -5.4903541127034316e+01, -8.3954820232293788e+00,
       -5.1892670010799546e-01, 2.5485135112978043e+00,
       -1.8052220345839302e+02, 1.0458118937533538e+02,
       2.7248295308425654e+01, -6.8334351030783608e+01,
       -3.2992552756380974e+01, 1.3417871731569313e+01,
       -1.7983909206982321e+02, 1.3813140560167643e+01,
       5.8963345946487912e+01, -1.3067328882328058e+01,
       -1.3069534180002703e+01, 7.4812212432062197e-01,
       -4.9493864964207930e+01, 8.1322638745280784e+01,
       -6.9815117230956920e+00, 3.1864336000107773e+01,
       6.3352291598036903e+00, -2.7147625288354895e+00,
       2.1508259133081219e+02, -1.8549194730211859e+01,
       1.7865902203514366e+01, 1.3314320279956831e+01,
       -8.8588264894389077e+00, 1.1589035616958204e+01,
       3.1408952299875736e+01, 1.4848790831251648e+02,
       -1.9967050063093676e+00, -8.2631584192817428e+01,
       2.0765866206789809e+01, 1.1975318841787004e+01,
       1.8761072849762061e+02, 6.2830222661064738e+01,
       4.0014825244283934e+01, -1.3156716948221459e+00,
       -2.4548587422481511e+00, 2.0551529729972859e+00,
       -1.4890073198182446e+02, -1.0231947607246920e+02,
       2.6596069647278224e+01, 6.6949440848752701e+01,
       -2.0167039373311006e+01, 1.2263608051191066e+00,
       -2.6288964909607728e+01, -4.6143226862114474e+01,
       3.4022921343658751e+01, -2.8483153197175245e+01,
       3.0568669024438726e+01, -6.1901271395010546e+00,
       -2.7174353024271380e+01, 8.3514873604635511e+01,
       2.3129082402036609e+01, 3.1024227611477787e+01,
       3.0058826043308983e+01, -8.4954635686152109e+00,
       -5.2607763417990277e+01, -5.7224242978601026e+01,
       -1.0050815659232629e+01, -1.7476444164210871e+01,
       8.1826879874660552e+00, -2.6472764357893597e-01 ]
