%YAML:1.0
means: !!opencv-matrix
   rows: 8
   cols: 12
   dt: d
   data: [ -1.4920065003015310e+02, 8.0922264284616347e+01,
       2.4631633944029531e+01, -4.0175672786485649e+01,
       -9.4370053577398174e+00, 3.1478385299272860e-01,
       6.9823314901685196e-01, 4.2851378040485966e-01,
       -7.0600072269335545e-01, -1.4434286643219482e-01,
       6.5029417603550119e-02, 2.7295365916119164e-03,
       7.4128472717002092e-01, -1.0828212245979356e+02,
       8.0645262256009058e+00, 3.1354484454376873e+01,
       9.6465044695712745e+00, -1.6558696448937344e+01,
       -2.3497474203850111e+00, 9.0710041942822794e-01,
       2.4626970116110471e+00, -1.2073650531161371e+00,
       -5.4678608744457631e-02, -8.0001390890492047e-02,
       4.3317021661533580e+01, 4.8545567050172501e+01,
       -8.9355245370581127e+00, -2.4571516972085039e+01,
       -1.3313953200936461e+00, -8.5660240488170771e+00,
       -9.1204067710409600e+00, 3.7689892693126797e-01,
       6.7386896031422241e+00, 1.5279358392339866e+00,
       4.6542717602200412e-02, 2.3361943048638544e-02,
       1.4022908235466124e+02, -1.4025657493836711e+01,
       -3.4875701704043614e+01, 2.5007833542274540e+01,
       -1.7545151846762053e+01, 7.2572417889916832e+00,
       2.2100257110508695e-01, 2.3896927009301647e-01,
       -2.5393909219914196e-01, -1.8934275933086969e-02,
       1.3760405155169358e-01, -1.3639437558621048e-02,
       -4.0744046549687972e+01, -2.4153665386913534e+01,
       1.2850434986197913e+01, 8.4384764020484351e+00,
       -2.7951989177179595e+00, 4.0330914868614967e+00,
       1.2056703915149165e+00, 3.7692371283129106e-01,
       -7.6819778248738879e-01, -1.5976988640685048e-02,
       -1.6331609574117276e-01, 2.7470855820632980e-03,
       -1.8898533484982426e+02, -6.9809785612873270e+01,
       4.4503798733459789e+01, 1.6237313722115204e+01,
       -2.1480507639029192e+01, -4.1155892448743998e+00,
       -2.8074738150212002e+00, -3.4588630380232988e-01,
       4.2655133550862562e-01, 2.6282280607739256e-01,
       1.8264823555467605e-02, -6.2577678429425092e-03,
       5.3044868933121762e+01, -1.3203756202989481e+01,
       -5.2617503675626711e+00, 7.6656433830388400e+00,
       1.7541274254592238e+01, -4.3658635473149771e-01,
       5.4212786403201352e-01, -4.6061883728715131e-01,
       -4.1331581865611755e-01, 8.2684693194352871e-02,
       7.1622559947830183e-03, 2.3700944331800092e-02,
       2.2797365683834066e+01, 1.1479549996623429e+02,
       -2.2732739567651301e+01, -4.8800675259484663e+01,
       -2.1596325205127131e+00, 4.5508275194771070e-01,
       1.7005659922405756e+00, -2.6971287745089112e-01,
       -2.7765892045513441e-01, -4.7754448271840083e-02,
       3.0376511591404781e-02, -1.4473613853447470e-02 ]
covs: !!opencv-matrix
   rows: 96
   cols: 12
   dt: d
   data: [ 6.7547075835478627e+03, 1.0368010416577733e+03,
       2.4217130024192447e+03, -1.3273393846601703e+03,
       1.2747156637353010e+02, 1.9549712166994246e+02,
       9.0524237379180107e+01, 8.8655371404627488e+00,
       1.9897555264367071e+01, -2.5314656048483615e+00,
       4.0412058286419827e-01, -4.0874183346671394e-01,
       1.0368010416577731e+03, 7.7314116089413646e+03,
       1.6561830751695717e+02, 1.9148566558360053e+03,
       -7.1901701981464157e+01, 5.8388983197620398e+01,
       -7.6380491155459168e+01, -4.4272136507737130e+01,
       2.3998477042002764e-01, -8.8258125318188174e+00,
       8.4116658415316392e-01, -9.7364264162981207e-01,
       2.4217130024192452e+03, 1.6561830751695717e+02,
       2.7175444344280450e+03, 1.4357724661280142e+02,
       -5.4609900074555341e+01, -7.6486088770199331e+01,
       -2.6306368552838649e+01, 5.0855447629088388e+00,
       -2.4092768201875541e+00, 3.9697903032690367e+00,
       -3.3137115480155027e-01, 2.0624301265707745e-01,
       -1.3273393846601700e+03, 1.9148566558360058e+03,
       1.4357724661280139e+02, 1.8435243994719237e+03,
       6.3328608539356878e+01, -9.9854577421967647e+01,
       2.7189564643552842e+01, 6.3665090652829441e+00,
       4.7174034454754583e+00, 6.7880401435426689e+00,
       -8.5168698564628131e-01, 9.0260797806107268e-02,
       1.2747156637353010e+02, -7.1901701981464157e+01,
       -5.4609900074555327e+01, 6.3328608539356878e+01,
       1.5120650262825114e+02, 7.9082539261424301e+01,
       9.2523231815225255e+00, 1.1581455860977526e+01,
       -1.7305565366155043e-01, 1.2876575714521699e+00,
       -6.8530671686837596e-01, -1.1163989737038163e-01,
       1.9549712166994249e+02, 5.8388983197620362e+01,
       -7.6486088770199345e+01, -9.9854577421967619e+01,
       7.9082539261424301e+01, 9.8399913220672772e+01,
       -7.3604200494067378e+00, 1.5052769846090246e+00,
       -1.9322145278871261e+00, -7.7601092689453632e-01,
       -2.4681018962752441e-01, -1.9693525347341434e-01,
       9.0524237379180107e+01, -7.6380491155459183e+01,
       -2.6306368552838642e+01, 2.7189564643552835e+01,
       9.2523231815225255e+00, -7.3604200494067378e+00,
       2.5543244598378088e+01, 1.6881013113037222e+00,
       3.0225888859327412e+00, 2.9445793482649629e-01,
       -1.8077630743783140e-02, 2.2703913728195274e-02,
       8.8655371404627452e+00, -4.4272136507737130e+01,
       5.0855447629088353e+00, 6.3665090652829468e+00,
       1.1581455860977526e+01, 1.5052769846090250e+00,
       1.6881013113037231e+00, 1.6322159977321395e+01,
       -1.4895615668528708e+00, 6.8060162965660731e-01,
       -8.5723104043079437e-02, -1.4101676412171343e-02,
       1.9897555264367064e+01, 2.3998477042002611e-01,
       -2.4092768201875541e+00, 4.7174034454754565e+00,
       -1.7305565366155057e-01, -1.9322145278871263e+00,
       3.0225888859327412e+00, -1.4895615668528708e+00,
       1.3846666116958795e+00, 1.3043314335058193e-01,
       3.5934987368339437e-02, 2.5613835855604700e-02,
       -2.5314656048483606e+00, -8.8258125318188174e+00,
       3.9697903032690385e+00, 6.7880401435426689e+00,
       1.2876575714521699e+00, -7.7601092689453632e-01,
       2.9445793482649651e-01, 6.8060162965660709e-01,
       1.3043314335058190e-01, 4.7307154616581198e-01,
       -9.8038115799744113e-03, -4.9817298722977803e-04,
       4.0412058286419833e-01, 8.4116658415316392e-01,
       -3.3137115480155033e-01, -8.5168698564628131e-01,
       -6.8530671686837596e-01, -2.4681018962752441e-01,
       -1.8077630743783133e-02, -8.5723104043079451e-02,
       3.5934987368339430e-02, -9.8038115799744113e-03,
       1.1428469162055067e-02, 8.6038115443153170e-04,
       -4.0874183346671394e-01, -9.7364264162981229e-01,
       2.0624301265707745e-01, 9.0260797806107310e-02,
       -1.1163989737038164e-01, -1.9693525347341437e-01,
       2.2703913728195278e-02, -1.4101676412171346e-02,
       2.5613835855604707e-02, -4.9817298722977814e-04,
       8.6038115443153192e-04, 2.0607330524326996e-03,
       7.2562535706364215e+03, -1.1371185310138230e+03,
       2.6091043968557574e+03, -6.5183467908438683e+02,
       -3.3548663774380424e+02, -4.6294079554148863e+02,
       -6.2721581423943142e+01, 6.1707774144485548e+01,
       2.7557974326355581e+01, -5.2340953820540669e+01,
       5.5200004195465997e+00, -1.3724740617905378e+00,
       -1.1371185310138230e+03, 1.6369018880971274e+04,
       4.2416392658246428e+02, -1.2704451042397880e+03,
       3.5842402470250323e+02, 8.4012299351470290e+02,
       2.0156809104762978e+01, 2.1553751841340602e+02,
       2.1053168986663775e+02, 5.0749744696660194e+01,
       -7.5821753510078418e+00, 8.1104018740698292e-01,
       2.6091043968557578e+03, 4.2416392658246428e+02,
       2.7170108835926676e+03, 2.1247576463169037e+02,
       7.8970066426378921e+01, 1.3204968999715882e+02,
       1.1471617419730183e+01, -3.7327864486860271e+01,
       -8.8626386465820168e+00, 6.1234106076803263e+00,
       -4.0016377661199589e-03, 7.2350972247413725e-01,
       -6.5183467908438729e+02, -1.2704451042397880e+03,
       2.1247576463169042e+02, 3.3025936940628771e+03,
