%YAML:1.0
means: !!opencv-matrix
   rows: 37
   cols: 9
   dt: d
   data: [ -2.4848676333861011e+01, -4.8471942867377059e+01,
       8.0461690543715019e+00, 3.1658557439060200e+01,
       7.1704842222559826e+00, -3.4935464086864219e+00,
       1.7277782324078299e+00, 1.5023006156952398e-01,
       3.0048993054157586e-01, 1.2194234853358832e+02,
       4.2445534071257541e+01, -3.8259979787424676e+01,
       -1.6550654644627002e+01, -1.8795567554832608e+00,
       1.9064135948471169e+01, -3.9943957245731792e+00,
       2.0231471838597743e+00, 3.6051503046116490e-01,
       -1.4116043771884534e+02, -8.0163634926049454e+00,
       3.7483867506893354e+01, 1.3606204543291176e+01,
       -2.1555944244955629e+00, 1.6663019732431216e+01,
       -1.0308128436377826e+00, 8.5375857216747630e-01,
       2.9854648405030965e-01, 3.9941656734610405e+01,
       -9.5601027111198320e+01, -1.1113123599379151e+01,
       6.9125620798944041e+01, -4.7266107756229632e+00,
       -1.1388879982759992e+00, 2.1136784669819755e+00,
       -3.8404975331640739e-01, -5.4828481483393594e-02,
       1.5786582099854951e+02, 2.9475947519165221e+01,
       -4.0355036999432343e+01, -1.4273347105144417e+01,
       -1.0660315988748120e+01, 2.2801002776727142e+00,
       1.3075697201719818e+00, 2.2429222437269614e+00,
       7.6651467418266883e-01, -1.9241452534762226e+02,
       4.4934287412862673e+01, 3.5478890070430580e+01,
       -2.8540420150826868e+01, -5.6758606887705207e+00,
       -8.2651022595445200e-01, -4.0978087320553067e+00,
       -7.0603928049169031e+00, -2.9408529564777743e+00,
       -1.4905311271254462e+02, -1.0396597978565217e+02,
       2.7150401859898967e+01, 6.6291340578778787e+01,
       -1.9854367868741825e+01, 8.1336746119322834e-01,
       -2.0830488835458888e-01, -1.4648458409267029e+00,
       1.0460848464255985e+00, 8.2759217603144563e+01,
       1.0980999823089496e+01, -2.6680916737874334e+01,
       -3.0824162397706441e+01, -2.9558924101370661e+01,
       -1.6955650830516785e+01, 2.7336772348227040e-01,
       -1.0919416407659248e+00, -3.7211211888219922e-02,
       8.1833865686718667e+01, 1.9214350758946509e+01,
       -2.1907314129073093e+01, -3.3067903219537151e+01,
       -2.4343340357297244e+01, -2.1472073022986802e+01,
       1.3234896418123014e+00, -3.2260068409323113e+00,
       3.8421049867237655e-01, 2.7323485704504598e+01,
       8.4202293117369877e+01, -1.3843414545458832e+00,
       -4.3634086679135827e+01, 2.3936460659856710e+01,
       -1.5215600984761148e+01, 1.5327125961307115e+00,
       1.6654138396583478e+00, -1.2863416636373244e+00,
       1.2775558023457663e+02, -3.3214135554113106e+01,
       -2.9317137280709890e+01, 3.1601302226045824e+01,
       -4.1361421371329676e+00, 1.4395647953510274e+01,
       -3.4010151076074219e-01, 2.2206419281238765e+00,
       -6.1665109020448849e-01, -1.2979325822475309e+02,
       3.1360837506780630e+01, 3.6359181360724193e+01,
       -1.9533399282598488e+01, 5.0703286078536012e+00,
       -1.3449974727851584e+01, 1.7759383757819167e+00,
       6.1291862485915327e-01, 1.3449869515766225e-01,
       6.8398165057907619e+01, -6.4651498778587893e+01,
       -2.5475760524403913e+01, 4.1598082374043472e+01,
       2.8166311784344926e+00, 1.1196868824892515e+01,
       -5.3012775844651017e-01, 5.1785815369030197e-01,
       8.3064284574008895e-01, -9.0608146346007914e+01,
       -7.4467948560035424e+01, 2.7879075802989266e+01,
       4.7533464295946764e+01, 3.6380592068368598e+00,
       -6.4924309530596807e+00, 1.9131999069194141e+00,
       -3.1262324042961132e-01, 1.9503483591489090e-01,
       -2.1833571334876563e+01, 3.1719501179713365e+00,
       1.0924239435396087e+01, 4.2766808354396941e+00,
       3.6847591629382158e+01, 5.1987155961182960e-02,
       3.0485982203947881e-01, 4.5408522117848277e-01,
       5.4739153377741256e-01, 1.0977414223286026e+02,
       -1.9328692970120003e+00, 2.3293316488910584e+01,
       2.0300118274036219e+01, 1.2925939319278578e+01,
       7.0329400677609408e+00, 9.8478330114158164e-01,
       1.4984073094757475e+00, 2.7899070222039546e-01,
       -2.0576996914909279e+02, -2.6906181801892554e+01,
       4.3363298182250283e+01, 2.5386147922637246e+01,
       -9.6233681994101623e+00, 1.3638411960407764e+01,
       -1.8136905406363424e+00, -1.9167028982439123e+00,
       -8.0591682639317475e-01, 4.4764114607800884e+01,
       -2.3216382901008938e+01, 5.3472856071455954e+00,
       2.8796261547324026e+01, 2.1888238302005490e+01,
       1.7116712827188199e+01, -1.2158160514662434e+01,
       -7.9215287875869080e+00, -6.9531365142491062e+00,
       2.0925238951391613e+01, 4.1449472122203538e+01,
       1.0595349236307644e+01, -3.6299902788297452e+01,
       1.5491448133297130e+01, -1.1557015811649068e+01,
       -4.5529988298260573e+00, -1.8798519067967576e+00,
       -5.8545799111847820e+00, -4.9855222428107822e+01,
       -2.6963483970815737e+01, 3.6258580027683983e+01,
       4.6486856507713085e+01, 1.9997746482787068e+01,
       -1.2709284258996060e+01, -1.1252302756064658e+01,
       -5.3521774333973982e+00, -5.0604911412467883e+00,
       -3.9214437186196839e+01, 3.5512889728807416e+01,
       2.0229047438798840e+01, -2.7710369234066174e+01,
       2.7161003565686997e+01, -1.6571538729286203e+01,
       2.7243168576226271e+00, 2.1851719615889301e-01,
       2.2923549914718716e-01, -1.7588502134652211e+02,
       1.1375679130304951e+02, 3.2211457460091523e+01,
       -6.5942690842103701e+01, -3.3747103447497800e+01,
       1.3386933482200948e+01, -4.8016004565912569e+00,
       1.1485318856617865e+00, 4.2215676751666564e-01,
       8.9922654351256114e+01, 4.8695151085877988e+01,
       -2.0158589687761857e+01, -2.9186599287770377e+01,
       -4.1193600109792916e+00, -1.1465452600484245e+01,
       1.1751093107345194e+00, 6.5171637130584514e-01,
       2.3882999273408026e-01, -4.3784804465112224e+00,
       3.0425929809281442e+01, 3.1856196855224685e+00,
       -1.6659562256559077e+01, -7.4929297770125585e+00,
       -7.0149238984299416e+00, 1.9161905101735845e+00,
       1.4918775163816578e+00, 4.0782507477269903e-01,
       -7.8412062674919518e+00, 1.0795699036624855e+01,
       -6.2085786589236356e+01, 1.4355659989469871e+01,
       1.8979640612727252e+01, 5.7101699255051379e+00,
       1.0248637068670245e+00, 1.0994244685738179e+00,
       2.5930076586117806e-01, 1.0515900567019305e+02,
       -1.2372357843597735e+01, -1.9873644168956663e+01,
       9.6285349527652837e+00, -1.0807674623559468e+01,
       1.2833467344635027e+01, -1.0747741943593073e+01,
       -5.2862724947634971e+00, -4.8641248099459737e+00,
       -1.9057570510955202e+02, -1.3167981191492949e+01,
       4.3305895390239947e+01, 9.0663254116456446e+00,
       -8.4476075571410369e+00, -4.7973603537796594e-01,
       8.8670127447487201e-01, 9.2558480794602460e-01,
       6.0471447253179922e-01, -2.7422597509574693e+01,
       -9.8379322341005135e+01, 5.4003579822485381e+00,
       6.0823239696665148e+01, 7.5327635280884602e+00,
       -3.5412406883286436e+00, 2.2848247699545579e+00,
       -3.7392013650711564e-01, 4.0168793519887287e-02,
       -2.1958940983904705e+02, 8.5881590830411966e+01,
       4.9488572766796210e+01, -4.3188635586427779e+01,
       -1.8530815363879199e+01, 2.4994025309982440e+01,
       -3.9227455666355913e+00, 2.4332462385504847e+00,
       1.1947800545211020e+00, 1.7915784951923630e+01,
       1.5711707190556328e+02, -4.6983848389706151e-02,
       -8.6166500142087884e+01, 1.6012379311557925e+01,
       1.6024117260932393e+01, -4.3208798490594519e-01,
       2.3632318691736467e+00, 1.9133713148522693e+00,
       5.7408371502751628e+01, -9.2860301489809586e+01,
       -1.9183718251387859e+01, -4.0565374672818656e+01,
       1.4018922440083610e+01, 3.5535385557795176e+00,
       -1.3244983218523061e+00, 1.9963492927994668e+00,
       5.8749028727891106e-01, -1.6167782162195334e+02,
       5.8284369747073228e+01, 3.4775025778427370e+01,
