%YAML:1.0
means: !!opencv-matrix
   rows: 13
   cols: 12
   dt: d
   data: [ -8.8228043292901532e+01, 1.2812510704729951e+02,
       -1.8297682982176616e-01, -5.7077076230102115e+01,
       -1.2817370965972174e+01, 1.3683607655636809e+00,
       1.0448555245439199e+00, -5.3622824414035208e-01,
       -2.9992694194032443e-01, -2.8427474298714922e-01,
       7.6936979573138622e-02, -8.1194594667814320e-03,
       -3.8123270643488385e+00, -1.7972091562586890e+01,
       4.3123759151903901e-01, 4.2203811904516568e+00,
       -1.1704195618718485e+01, -6.5027739783823932e+00,
       5.6727677715732272e-01, -3.1551335529132363e-01,
       -1.1953546755076756e+00, 1.2698088912880928e-01,
       -2.9007271524174383e-01, 1.2861570232414582e-02,
       -1.8822353265164193e+02, -2.4134106921341107e+01,
       3.4264833118834041e+01, -9.8881268018209205e+00,
       -4.4333228966209965e+00, -4.1054562002750403e+00,
       -2.7753938732034111e+00, -1.6646792025022683e-01,
       4.3546793000544666e+00, 7.7120903252461614e-01,
       -1.4680398042433823e-01, -8.8151762845087009e-02,
       1.5448113615670209e-01, -5.9403274416720908e+00,
       -3.2000713839571979e+00, -1.4734512003371195e+01,
       2.6771463487750786e+00, -1.2747853020367231e+01,
       -3.8523006121690280e+00, 2.6826723230164329e+00,
       5.2371351700296227e+00, -9.8070646589425114e-01,
       -1.1029992126276832e-01, -5.3011294038203344e-02,
       5.0670828625253606e+01, -3.0623686496069165e+01,
       -3.4835262876574205e+00, 1.5693165131627167e+01,
       1.7155944531519559e+01, 4.1825228879017935e+00,
       1.0493349328040542e+00, -5.7846652304859048e-01,
       -2.5828416500544288e-01, 3.3861469944082769e-02,
       -2.1948644553758324e-02, 2.4862543082177384e-02,
       5.9237088232696124e+01, 4.8232787153863775e+01,
       -2.6782688840980398e+00, -1.7042818528966482e+01,
       8.8063612583047028e+00, -6.7161833391303896e+00,
       -1.2462658293940889e+01, 1.4552643197860533e+00,
       7.6678388915248590e+00, 1.1918640850114062e+00,
       -4.1455369698092111e-02, 1.5275181447777905e-01,
       2.4520388394883536e+01, 8.4657892689731227e+01,
       -1.6561707835771685e+01, -3.7083805413324498e+01,
       9.8699763603870654e+00, -4.4806214145572403e+00,
       9.3006807666612734e-01, -3.7606672967733012e-01,
       -5.5506948655786958e-01, 9.3778527095628950e-02,
       7.6456148256762058e-02, -4.1604264179853599e-03,
       9.9189821565620392e+01, -4.3987546080922563e+01,
       -2.1979175786354705e+01, 3.6956341063150177e+01,
       -2.7659353225613913e+01, 2.3396142252155066e+01,
       1.0653897376361583e+00, 1.2860973113048617e+00,
       4.8918753450996572e-01, 3.0026895073327935e-02,
       1.4739775624881385e-01, -3.1599811034195547e-03,
       -1.7466151595769540e+02, -1.0605207191277718e+02,
       4.8614829321967299e+01, 3.6522972520969851e+01,
       -3.1411657242358352e+01, -2.0516161083866771e+00,
       -2.7782824873385721e+00, -2.2307094674649930e-01,
       -1.1226458376089277e+00, -5.9000623029810502e-03,
       8.2403861486774407e-02, 2.6104602036773516e-02,
       1.5955501210410884e+02, 3.0879460252597394e+01,
       -4.3431741853504953e+01, 4.6205937513298059e+00,
       -1.0366805920195368e+01, -6.3227707202804124e+00,
       -5.2849627455741344e-01, -3.1869244233238662e-02,
       -8.1400677109528796e-01, -6.6137645486152322e-02,
       7.5917103802181890e-02, -1.5273343870151794e-02,
       -1.4857550955530027e+02, 2.7202527901809934e+00,
       3.8563517718905878e+01, -8.2486212638861982e+00,
       -4.7625005474287829e-01, 5.9726160484771729e+00,
       9.1049627824437440e-01, 1.1469666060375436e+00,
       -6.7577661984755910e-01, -5.7961756439157526e-02,
       5.9354322386901874e-03, 1.8122866372826446e-03,
       5.4546181976728381e+00, -1.8944219566496795e+02,
       1.5879846339372950e+01, 6.6637694366139613e+01,
       1.1374990230198895e+01, -1.8710895044704195e+01,
       -1.6678092849435362e+00, -1.0754722793754909e+00,
       2.0431421092842894e-01, -1.1474655206764501e+00,
       2.0187655722976608e-02, -7.9366440927229637e-02,
       -7.3447841392820958e+00, 7.1238390805904483e+00,
       -3.8133779231748632e+00, -1.4250160255059152e+01,
       -1.5386094966362061e+00, -7.1317669251627418e+00,
       5.8875988497320175e-01, -1.3537664628194233e+00,
       3.1546386046676074e+00, 2.2066061235287617e+00,
       1.6185935551996816e-01, -2.6694254256280481e-01 ]
