%YAML:1.0
means: !!opencv-matrix
   rows: 3
   cols: 9
   dt: d
   data: [ -5.2394839193674088e+01, 8.5096639389620719e+01,
       -2.9944694321611731e+00, -4.4091195464723718e+01,
       -7.0419655573752111e+00, -4.7460630187997506e+00,
       -2.0475303217279635e+00, 1.6834281661845138e-01,
       1.9864221494142973e+00, 6.0873425332801538e+01,
       3.4921100395296518e+00, -1.2352339555596242e+01,
       4.5159378113911757e+00, 4.7561087703305418e+00,
       2.5540780068114239e+00, 9.1066410519906771e-01,
       -1.9452457063851028e-01, -3.6335318430744951e-01,
       -1.3610144942517184e+02, -6.2474155098830806e+01,
       3.6065269799123101e+01, 1.4848007702327028e+01,
       -8.8056007460100698e+00, -4.1403005104366155e+00,
       -1.2529433395870377e+00, 4.3467226428103878e-01,
       -2.2172574096591641e-01 ]
covs: !!opencv-matrix
   rows: 27
   cols: 9
   dt: d
   data: [ 1.2936983488615409e+04, -2.0874103949785008e+03,
       1.5171226811973327e+03, -1.4289190164088330e+02,
       9.2570367129897576e+01, -2.7309021132265201e+02,
       -2.6574831584435526e+02, 8.1110203539743864e+01,
       1.9364953988859054e+02, -2.0874103949785012e+03,
       8.9575515095404917e+03, 9.1736829791317803e+02,
       1.6938288064334706e+03, -1.2335830380390554e+02,
       4.2548110708151972e+02, 2.2383802402482399e+01,
       -4.3825252325647099e+01, -1.3038411823649270e+02,
       1.5171226811973327e+03, 9.1736829791317803e+02,
       2.9490939939530490e+03, -9.1189875715387188e+01,
       -5.6530831462971996e+01, -5.0126836221339566e+01,
       3.2464471138643788e+01, -1.6742411761974807e+01,
       -1.5103007815154252e+01, -1.4289190164088328e+02,
       1.6938288064334706e+03, -9.1189875715387259e+01,
       2.0079256865683944e+03, 1.0584201950598877e+02,
       -2.4550396185571066e+02, -3.4893782982870661e+01,
       4.2811245292755132e+01, 6.2253065172063145e+01,
       9.2570367129897534e+01, -1.2335830380390551e+02,
       -5.6530831462971996e+01, 1.0584201950598876e+02,
       1.9310373911418216e+02, -8.3774975925774715e+00,
       -3.0897356777318187e+01, 1.9334283709577495e+01,
       1.7183031785473592e+01, -2.7309021132265195e+02,
       4.2548110708151972e+02, -5.0126836221339566e+01,
       -2.4550396185571066e+02, -8.3774975925774680e+00,
       1.6445537143171290e+02, -9.4390620609125828e-02,
       -2.1382134622408842e+01, -2.4459874194020468e+01,
       -2.6574831584435526e+02, 2.2383802402482381e+01,
       3.2464471138643788e+01, -3.4893782982870661e+01,
       -3.0897356777318183e+01, -9.4390620609125481e-02,
       4.8932674130362358e+01, -4.8238999500543347e+00,
       -1.2088929034530981e+01, 8.1110203539743878e+01,
       -4.3825252325647106e+01, -1.6742411761974811e+01,
       4.2811245292755132e+01, 1.9334283709577491e+01,
       -2.1382134622408842e+01, -4.8238999500543347e+00,
       2.1995514897191896e+01, 2.4446098596551855e+00,
       1.9364953988859054e+02, -1.3038411823649267e+02,
       -1.5103007815154250e+01, 6.2253065172063145e+01,
       1.7183031785473595e+01, -2.4459874194020468e+01,
       -1.2088929034530981e+01, 2.4446098596551855e+00,
       1.2407389720031629e+01, 1.0057016500865038e+04,
       -5.5607448733922115e+02, 1.4107807261461805e+03,
       -1.9028648282041695e+02, -1.0404012360431584e+03,
       -2.3405891327913946e+02, -9.5086643497071179e+01,
       1.5955201267262579e+01, -2.8154872943924687e+01,
       -5.5607448733922115e+02, 1.0294327694229021e+04,
       2.4741224074472262e+02, 6.8149304157860206e+02,
       -1.8754708274924172e+02, -3.7887209224393376e+02,
       -3.6994972188134504e+01, -7.8332980548383286e+00,
       -9.9033129217709526e+00, 1.4107807261461803e+03,
       2.4741224074472257e+02, 2.9993519438362996e+03,
       -5.5664688703553963e+01, 2.5332345155550254e+02,
       7.0504554271037662e+01, 2.7618856432689249e+01,
       -4.9714153042726004e+00, 5.2467829756662994e+00,
       -1.9028648282041709e+02, 6.8149304157860217e+02,
       -5.5664688703553935e+01, 2.6070506353239680e+03,
       -1.9829918631519380e+01, 8.1827661087945032e+01,
       2.5682992245144462e-02, 3.9844715770564596e+00,
       5.6559256586306992e+00, -1.0404012360431584e+03,
       -1.8754708274924181e+02, 2.5332345155550260e+02,
       -1.9829918631519380e+01, 4.8908213791283009e+02,
       -5.1918879179737090e+01, -1.0467073012998156e+01,
       -7.0617846754484237e+00, -4.6930088169953272e+00,
       -2.3405891327913955e+02, -3.7887209224393365e+02,
       7.0504554271037662e+01, 8.1827661087945060e+01,
       -5.1918879179737075e+01, 2.2498990969010171e+02,
       -7.8628188083240254e+00, 6.7160768221336387e-01,
       4.4744738008543390e+00, -9.5086643497071179e+01,
       -3.6994972188134497e+01, 2.7618856432689249e+01,
       2.5682992245145014e-02, -1.0467073012998162e+01,
       -7.8628188083240236e+00, 2.3831869612932536e+01,
       1.8909270400700459e-01, 3.5612620388510630e+00,
       1.5955201267262572e+01, -7.8332980548383313e+00,
       -4.9714153042726013e+00, 3.9844715770564605e+00,
       -7.0617846754484273e+00, 6.7160768221336453e-01,
       1.8909270400700467e-01, 1.4444635321986263e+01,
       -7.9315798700398799e-01, -2.8154872943924687e+01,
       -9.9033129217709490e+00, 5.2467829756663011e+00,
       5.6559256586307001e+00, -4.6930088169953272e+00,
       4.4744738008543390e+00, 3.5612620388510625e+00,
       -7.9315798700398799e-01, 1.3167829184182085e+00,
       1.1053460832521521e+04, -3.4903147396851182e+03,
       2.0451531928316956e+03, 4.4192358731427885e+02,
       5.9494899765950299e+02, -3.3069658610908590e+02,
       3.7606640508221361e+01, 2.9175216001869040e+00,
       5.3496583909353625e+01, -3.4903147396851182e+03,
       1.2254372577896158e+04, 1.2763173321209163e+03,
       2.7327557511673558e+02, 3.7162863362420592e+02,
       7.5261375509118920e+02, 1.0959033236588444e+02,
       6.9036678674348451e+01, -6.8873296620080726e+00,
       2.0451531928316956e+03, 1.2763173321209163e+03,
       2.5863141878323740e+03, -2.5215591370671387e+02,
       -1.9935090492207146e+02, 6.3706188953031962e+01,
       -2.4098132229466074e+01, 2.1370412681914943e+00,
       -5.9063977280649178e+00, 4.4192358731427885e+02,
       2.7327557511673558e+02, -2.5215591370671393e+02,
       2.6234968986546005e+03, -1.3210892869416310e+02,
       -1.7462604912110484e+02, -2.7217933301768976e+01,
       -3.7012329642662564e+01, 7.8881441926834359e+00,
       5.9494899765950299e+02, 3.7162863362420592e+02,
       -1.9935090492207149e+02, -1.3210892869416304e+02,
       3.3023386403527036e+02, 5.8160928744003954e+01,
       1.6185052613056389e+01, 1.4689939337285384e+01,
       1.3850381517238322e+01, -3.3069658610908596e+02,
       7.5261375509118943e+02, 6.3706188953031962e+01,
       -1.7462604912110484e+02, 5.8160928744003975e+01,
       3.3128995449552434e+02, 4.1777887784390337e+00,
       1.5076608925037437e+01, 1.0282839467556853e+01,
       3.7606640508221354e+01, 1.0959033236588444e+02,
       -2.4098132229466078e+01, -2.7217933301768976e+01,
       1.6185052613056389e+01, 4.1777887784390311e+00,
       3.1548892237101228e+01, 3.7181323368113399e+00,
       7.9818833923486932e-01, 2.9175216001869013e+00,
       6.9036678674348451e+01, 2.1370412681914948e+00,
       -3.7012329642662564e+01, 1.4689939337285383e+01,
       1.5076608925037437e+01, 3.7181323368113399e+00,
       1.6074485133764313e+01, 3.7375355065301297e-01,
       5.3496583909353646e+01, -6.8873296620080700e+00,
       -5.9063977280649160e+00, 7.8881441926834341e+00,
       1.3850381517238322e+01, 1.0282839467556853e+01,
       7.9818833923486932e-01, 3.7375355065301302e-01,
       7.8614510668803739e+00 ]
weights: !!opencv-matrix
   rows: 1
   cols: 3
   dt: d
   data: [ 1.4131585624751111e-01, 6.3089974874622778e-01,
       2.2778439500625144e-01 ]
