%YAML:1.0
means: !!opencv-matrix
   rows: 14
   cols: 3
   dt: d
   data: [ -2.8623323884908970e+01, 1.5173513002362565e+01,
       -8.0047892292761873e+01, 1.7112951655631954e+02,
       -4.7454672135650064e+01, 4.9146131319508669e+01,
       -1.8433879407152898e+02, -3.5859196035983345e+01,
       -9.5686060389735061e+00, 6.7408613665062887e+01,
       5.7985143776920527e+00, 6.6995318235297447e+01,
       1.2321678130416710e+02, -6.1303782295600271e+01,
       5.8690346803523541e+00, 1.7552638223007696e+02,
       7.5512727244831567e+01, 3.0451491878589419e+01,
       -2.5312606682525484e+02, 5.6271946817673886e+01,
       2.5344666055689182e+00, 9.1775989815052071e+01,
       6.4905268676463095e+01, -3.9867101874001605e+01,
       2.3050215408066602e+01, 7.9270824379972424e+01,
       1.6558517594037205e+01, -4.8242280409743323e+01,
       -1.2742188875333379e+02, -3.3626800056541938e+01,
       -4.3759231414160524e+01, 2.1944223001671268e+01,
       -1.2046804470851724e+01, 5.3174785088819611e+01,
       -5.2163373280543873e+01, -5.8588420028002034e+01,
       -1.5216525123908582e+02, 6.2730345597122806e+01,
       8.3039234111132004e+01, -7.6011470560965293e+01,
       -3.4865915819626949e+01, 7.3089626516274862e+01 ]
covs: !!opencv-matrix
   rows: 42
   cols: 3
   dt: d
   data: [ 4.1538243759926090e+03, 5.6598085522243014e+02,
       -1.1434969179374395e+03, 5.6598085522243014e+02,
       9.1223071913666718e+03, 5.1627603778948867e+02,
       -1.1434969179374395e+03, 5.1627603778948878e+02,
       7.7524684062121469e+02, 3.6649620512976594e+03,
       9.9528475990489801e+02, -8.6420943537350786e+02,
       9.9528475990489812e+02, 6.6781022935561432e+03,
       -1.0813784169907555e+02, -8.6420943537350786e+02,
       -1.0813784169907558e+02, 4.0151370913684769e+02,
       3.0597172328556840e+03, 1.1119804322176608e+03,
       8.5510470410320272e+02, 1.1119804322176608e+03,
       9.0742628620387404e+03, 2.7674145065269460e+02,
       8.5510470410320261e+02, 2.7674145065269460e+02,
       7.9183751582828540e+02, 1.3897869056073023e+03,
       1.1994328261284918e+03, 2.6955921731367800e+02,
       1.1994328261284918e+03, 1.0320043288048728e+04,
       2.2567796425870617e+02, 2.6955921731367806e+02,
       2.2567796425870623e+02, 3.7484869255458301e+02,
       3.5040835207110094e+03, 7.9163135288727426e+02,
       -1.8243065626176210e+02, 7.9163135288727437e+02,
       4.7521237436808915e+03, -1.0132771452764482e+02,
       -1.8243065626176210e+02, -1.0132771452764486e+02,
       7.0995856283358296e+02, 2.7821377567218951e+03,
       9.6659829630588533e+01, -1.9882947335971303e+02,
       9.6659829630588561e+01, 2.6574449120973431e+03,
       1.4436243215164015e+02, -1.9882947335971303e+02,
       1.4436243215164021e+02, 4.3754206500560446e+02,
       2.8104503359611917e+03, 6.8827129144034859e+02,
       9.9330979555773320e+02, 6.8827129144034859e+02,
       8.3344987634698446e+03, -1.0702767988670209e+02,
       9.9330979555773320e+02, -1.0702767988670206e+02,
       8.0509798889537512e+02, 3.6573648218044518e+03,
       1.6315536366328024e+02, 9.7399729886094224e+02,
       1.6315536366328016e+02, 2.8205073135290786e+03,
       -9.1344351162482468e+01, 9.7399729886094224e+02,
       -9.1344351162482511e+01, 1.5608189719565401e+03,
       3.5970208562748958e+03, 1.5502637592528570e+03,
       5.3209382433067367e+02, 1.5502637592528567e+03,
       7.4182574934535478e+03, -2.8342322079226449e+02,
       5.3209382433067367e+02, -2.8342322079226454e+02,
       1.1292974508689902e+03, 5.2093636124421882e+03,
       -2.9937871829303043e+02, 5.7776378680169262e+02,
       -2.9937871829303043e+02, 3.9801889341819306e+03,
       4.5859175427434428e+02, 5.7776378680169285e+02,
       4.5859175427434434e+02, 9.9172298798936367e+02,
       2.9918711452390417e+03, -9.8795315245454191e+01,
       1.3669816651027863e+03, -9.8795315245454233e+01,
       9.6773366894590017e+03, -6.4622714270401013e+02,
       1.3669816651027861e+03, -6.4622714270401002e+02,
       1.0836802954031268e+03, 2.7724174668544870e+03,
       -1.4011074445367606e+02, 9.5438095755532046e+01,
       -1.4011074445367606e+02, 2.6830376345526438e+03,
       1.6592344213870362e+02, 9.5438095755532075e+01,
       1.6592344213870362e+02, 9.6371270251854685e+02,
       2.1499590831749310e+03, 8.8496197049586965e+02,
       8.8854281511912723e+02, 8.8496197049586965e+02,
       7.8987096123809570e+03, -1.1634710697433125e+02,
       8.8854281511912700e+02, -1.1634710697433123e+02,
       8.5197595944036527e+02, 3.4859075187131398e+03,
       2.3010091118104941e+02, 6.6847048606277247e+02,
       2.3010091118104958e+02, 9.4067822567687090e+03,
       2.3833125264849360e+02, 6.6847048606277247e+02,
       2.3833125264849360e+02, 7.8540616001367073e+02 ]
weights: !!opencv-matrix
   rows: 1
   cols: 14
   dt: d
   data: [ 9.1051774597311022e-02, 6.0618854088209322e-02,
       7.1622316548580409e-02, 5.1451153566973856e-02,
       1.0199749016885484e-01, 4.0619885072640499e-02,
       5.9376298135356852e-02, 1.2259320444464274e-01,
       5.0412700060036154e-02, 3.8388551191402921e-02,
       8.4337266142512898e-02, 8.4505133610536368e-02,
       4.1946305708302122e-02, 1.0107906666462241e-01 ]
pca_proj: !!opencv-matrix
   rows: 3
   cols: 21
   dt: f
   data: [ 4.36961316e-02, 8.50134730e-01, 1.73015636e-04,
       6.54514134e-02, 4.60692108e-01, 2.29939164e-04, 7.67599978e-03,
       1.46649793e-01, -1.37564148e-05, 1.21663406e-03, 1.30500361e-01,
       -5.45994153e-05, 8.06188770e-03, 1.42052382e-01, -2.12945142e-05,
       -2.45414903e-05, 9.56867734e-06, -1.94090262e-06, 3.13729906e-05,
       4.34020360e-04, 2.32224409e-07, 7.68702388e-01, -5.10314330e-02,
       1.14127281e-04, 4.21110362e-01, -3.83849256e-02, 4.02935693e-05,
       2.81941950e-01, -1.35209868e-02, 1.95932400e-04, 2.66951323e-01,
       -4.70317341e-03, 2.29704310e-04, 2.76557714e-01, -1.55316098e-02,
       2.11025646e-04, -3.74769334e-05, 5.54774260e-06, -7.89335627e-06,
       8.86836962e-04, -5.85095040e-05, 1.91629806e-04, 1.28585771e-02,
       -3.46314937e-01, -1.22481215e-04, -4.01510373e-02, 1.58088982e-01,
       -1.45607672e-04, 1.89476740e-02, 5.27356327e-01, 2.33430081e-04,
       1.79703757e-02, 5.36674440e-01, 2.90960423e-04, 1.17339585e-02,
       5.35117626e-01, 2.47836346e-04, -7.02231409e-06, -3.17391914e-06,
       2.59759432e-08, 1.54912759e-05, 1.72088097e-03, 2.08691781e-04 ]
pca_mean: !!opencv-matrix
   rows: 1
   cols: 21
   dt: f
   data: [ 2.07625534e+02, 2.55653595e+02, 1.54502928e+00,
       2.18915131e+02, 2.60592743e+02, 1.67241716e+00, 2.65274475e+02,
       2.24016678e+02, 1.71669352e+00, 3.19420807e+02, 1.63929108e+02,
       1.75046074e+00, 3.16613464e+02, 2.25532654e+02, 1.70717156e+00,
       1.08872897e-04, -9.74175637e-05, 6.24380555e-05, -2.17504916e-04,
       -2.50119597e-01, 1.75055194e+00 ]
gamma: !!opencv-matrix
   rows: 14
   cols: 1
   dt: d
   data: [ 8.1234076327036020e-01, 8.0916802129143506e-01,
       8.9265892524012225e-01, 8.4572229182714231e-01,
       8.4317416947692325e-01, 8.2152568553285155e-01,
       9.1187344778610457e-01, 8.7485496769459647e-01,
       8.8190815842821924e-01, 8.6752271926715641e-01,
       8.8594001787480670e-01, 8.4118908534562953e-01,
       9.1586684307081934e-01, 8.9219004492367082e-01 ]
