%YAML:1.0
means: !!opencv-matrix
   rows: 36
   cols: 9
   dt: d
   data: [ -1.7719989012516282e+02, -6.7426449825618178e+01,
       4.7755289826430833e+01, 2.4159555486952570e+01,
       -2.4211010633576546e+01, 7.9215214210857186e+00,
       -5.1833011597695644e-01, 1.0731699639597891e+00,
       -8.2494510260206133e-01, 9.6542438564941563e+01,
       -7.9728258157925438e+01, -8.3925419814316644e+00,
       4.2588333497222493e+01, 1.1766407549026832e+01,
       -1.6327718233989790e+00, -5.7329334873205096e-01,
       -6.6361511764501846e-01, -7.2127166246527463e-01,
       4.1270024381673309e+01, 1.2483255977998753e+02,
       -3.1903846706665234e+01, -4.9164151743009391e+01,
       -7.1492778222733007e+00, 1.2488738887374287e+00,
       2.3500089854967747e+00, 5.4517932360336897e-02,
       -2.6577112131801062e-01, -7.9762835566037509e+01,
       1.0154528946211792e+02, 6.5653825326250619e+00,
       -5.1736321106915533e+01, 4.0837635672977664e+00,
       5.4888260389196359e+00, 1.7985066691730620e+00,
       7.1235396168341167e-02, -1.7474736595933094e-01,
       -2.0453956055911905e+02, 2.0525716758194122e+01,
       4.6329234363972105e+01, -2.1803981452021745e+01,
       -1.0885488910434523e+01, -6.1875198710606440e+00,
       -6.5083306380738948e-02, 1.3178725265803801e+00,
       -1.4384736046186088e+00, 9.3856944956427611e+01,
       7.8917995597536972e-01, 5.2152651323871041e+01,
       -2.1973115736626060e+01, 1.9054148162685234e+01,
       1.6798350212644273e+00, 9.1654323381994696e-01,
       -8.9230410404640836e-01, -3.1773536666838620e-01,
       -4.4288880751214236e+01, -4.4257523326442332e+01,
       2.2364849989088654e+01, 1.0207265491129569e+01,
       1.5525218801619047e+01, 2.7423605513608513e+00,
       -9.2429735103539135e-01, 1.7175884599961668e+00,
       5.0658754773341181e+00, 1.2335412806736077e+01,
       -2.3690498188061213e+02, 8.6845459483310865e+00,
       7.5702854110009724e+01, -1.0686279376312036e+00,
       -3.1604186738224435e+01, -3.2812889283381059e+00,
       -1.1655270833386662e+00, 4.2206054219460359e-01,
       -9.8897361021563725e+01, -6.8530686655578180e+01,
       3.1088137181514934e+01, 2.5077399183361383e+01,
       -3.6549524753338116e+00, 9.5388907822118298e+00,
       -3.7734151815395620e+00, -8.8225813436576728e-01,
       1.4676084189016894e+00, 3.3042631650078040e+00,
       -8.3538424083410519e+00, -1.0565088950507073e+01,
       1.7911785243770539e+00, -7.8361755893286347e+00,
       -6.3359906313894756e+00, 5.8173595907578124e-01,
       -6.7939847404264397e-01, -1.0001026155838595e+00,
       1.0670545646663706e+02, 5.5167770523569388e+01,
       -4.2022986917394704e+01, -7.6690540044244191e+00,
       -4.8208153286275977e+00, -1.2264166318425465e+01,
       -2.0554248021338077e+00, 2.2455509037624358e-01,
       -9.7837350272381851e-01, -1.7173702342527770e+02,
       -1.5654358014715345e+02, 5.2490874545076132e+01,
       5.1752428253810116e+01, -4.0696761049231192e+01,
       -1.9194780804893149e+01, -5.6134426144073961e+00,
       -1.8796864129776898e+00, -1.6408749407485426e+00,
       -1.6383650786292162e+02, 4.2981448263540877e+01,
       2.8760126600622325e+01, -4.0347668775478390e+01,
       -3.4072693988231628e-01, -8.4323855214159220e+00,
       1.4373132291350157e-01, -3.6573508432790020e-01,
       2.2404080993217552e+00, 1.2899323600481861e+02,
       -8.3642770558868289e+00, -3.4052094211824382e+01,
       1.6820699110882451e+01, 5.2176453140641348e+00,
       -1.0050382115920677e+01, -2.7769171894836525e-01,
       -8.5917873956036939e-01, -9.0678623291894833e-01,
       1.3893397961706282e+02, 2.6700966034306724e+01,
       -3.3651557553717709e+01, -1.1911171563493285e+01,
       -1.7438129073750957e+01, -1.0905013615938008e+01,
       -1.3052460405708889e+01, 1.0698832698055769e+00,
       8.2531227446610664e+00, 1.8742708696984721e+02,
       1.5235948876922253e+01, -5.1631323194514238e+01,
       1.3493103488806371e+01, -9.7064969275257038e+00,
       -6.5714074849535900e+00, 1.1579296750252595e+00,
       -3.7202057896902307e-01, -9.0276457351640715e-01,
       1.1619108219789096e+01, -1.1621244209902635e+02,
       1.6337121261071371e+01, 5.3607208936869043e+01,
       8.0852306835162508e+00, 7.2701304752646951e+00,
       1.3564228060988703e+00, -7.8219462860729339e-01,
       -7.4317359382444492e-01, -4.6192932109609810e+00,
       8.7953356039688089e+01, 1.6595653925750732e+01,
       -2.7916345727150993e+01, 2.3480604274913709e+01,
       -3.1019687758902856e+00, -1.1739315642509505e+01,
       2.3223660184885242e+00, 6.9689576926438406e+00,
       8.3694046260200381e+01, -5.7365125867784322e+01,
       -1.4575643054076837e+01, 4.8958039022851722e+01,
       -5.6834029946412068e+00, 2.7476986801519644e+01,
       2.4114566711804919e+00, 4.8822436774211997e-01,
       3.6338405498737508e-01, -7.1489845501343837e+01,
       1.3534109538047477e+02, -7.8664491072308591e+00,
       -6.4033020593031665e+01, -2.0354713299114053e+01,
       9.6952859078448972e-01, 1.5882893076482245e+00,
       -1.7238208462738831e+00, -3.1587508397829417e-01,
       -1.4424396966603774e+02, -2.6552871235473397e+01,
       3.4798299693873389e+01, -1.2007843443539619e+01,
       -4.7927697674703253e+00, -2.8868279887260361e+01,
       -1.1472496577766331e+00, 1.6785746849134095e-01,
       -2.7505733408994324e+00, -1.7319031547483260e+02,
       -3.2817783146533515e+01, 4.3174011453062597e+01,
       1.6953964795807004e+00, -5.3233581263542176e+00,
       1.4613894766753819e+00, -2.6941284457648904e-02,
       9.9056350177599595e-01, -1.0798824443850623e+00,
       -1.3008950270882730e+02, 6.0099691292339571e+01,
       2.9181201217747006e+01, -2.9926569113640760e+01,
       5.1236420496719690e+00, 3.5831631883586352e+00,
       1.3153238139595986e+00, 1.4050416832059864e+00,
       -9.5187134488617364e-01, 1.0208686589955759e+02,
       -4.7481599786582919e+01, -2.0534927566949662e+01,
       3.6143150545784330e+01, -2.7337133883586414e+01,
       2.2687345417580367e+01, 1.1249385111823020e+00,
       1.3560135550893153e+00, 4.8352866401996658e-01,
       -5.3378345429609695e+01, -4.8106492142225832e+01,
       2.6298300097662796e+01, 2.2722855771115235e+01,
       2.1682010144898687e+01, 1.7723224678450165e+01,
       2.0703870550991601e+00, 2.6863664910370216e-01,
       1.6092044376398076e-01, 3.6742251538535480e+00,
       9.0364215216355078e+01, -1.1835753974131171e+01,
       -4.2270532226598171e+01, 1.2028082215438500e+01,
       -3.6419704949004315e+00, 1.4885087163025599e+00,
       -2.1607330676045759e-02, -3.6312776147298881e-01,
       -1.6998792883479206e+02, 1.0259526668950730e+02,
       2.4878965131494443e+01, -4.6345955574014752e+01,
       -2.3464115159423372e+01, -6.6648564541004403e+00,
       -1.4227402487466423e+00, 3.8245539163008951e-01,
       -5.6227184896904914e-01, 1.6873331248200037e+02,
       6.5696591721020425e+01, 2.2690238836587110e+01,
       -3.7260464282013324e+01, -1.2240313557107713e+01,
       -1.2458814363743191e+00, -3.9525303702284365e-01,
       -5.3011805486529651e-01, -6.0063880287691163e-01,
       -6.2165989790123923e+00, -2.4087217910222492e+01,
       -5.8104274219336673e+00, -8.2032065056325898e+00,
       -1.4988366917049246e+01, -1.5786119225283191e+01,
       -3.0539733310867151e-02, -1.1447395293501001e+00,
       1.4039128657149409e+00, 1.3086391657309832e+02,
       -4.6102198882554497e+01, -3.7288867896247723e+01,
       3.2393926623855890e+01, -2.0643516361679421e+01,
       3.6194575172992609e+00, 6.9102841986144381e-01,
       -3.6575686591917145e-01, -5.4768215629158545e-01,
       1.7922745441505853e+01, -3.7364946362250848e+01,
       1.8936449417522756e+01, 1.5284152342122409e+01,
       3.8421349260711217e+01, -2.7409945570877237e+00,
       3.9393688974889057e-01, -7.7388814107137127e-01,
       -4.0097471236532228e-01, -1.7284895790382624e+00,
       -1.0294818372043066e+00, -2.3191429020007430e+01,
