%YAML:1.0
means: !!opencv-matrix
   rows: 37
   cols: 8
   dt: d
   data: [ -1.2481457107126119e+00, 9.2092383896803653e+01,
       -1.4844664563578840e+01, -4.1309407026759118e+01,
       1.2929171537691396e+01, -3.7815394107780276e+00,
       1.7230902329039040e+00, 1.4033429285432461e-01,
       9.8786214212343424e+01, 4.6327195451774472e+01,
       -3.0260759112185841e+01, -2.0386168789464062e+01,
       -1.1816065027767804e+01, -1.1951277373617215e+01,
       -7.4692113231551334e+00, 1.8262018511569111e+00,
       -1.0933436961720011e+02, -5.5618635047687910e+01,
       3.4818506309124601e+01, 2.7425127653326111e+01,
       -7.9936428896415670e+00, 2.3442406271586883e+01,
       -8.9045149967569648e-01, 1.0947119136517249e+00,
       1.2541987078293648e+02, -6.9476874982260867e+01,
       -3.1097957372193495e+01, 4.3658467710924405e+01,
       -2.3274212565535528e+01, 1.7436267006873687e+00,
       1.4159454741134605e+00, -1.9022893211658669e+00,
       -6.3662409652715679e+00, 1.3927776858617443e+02,
       -2.0867805924763260e+01, -6.1147695150279326e+01,
       -1.0697961049944958e+01, 3.4453073479982921e+00,
       2.1418938766810904e+00, -3.7568024240787851e-01,
       -1.8136088715042106e+02, -8.0071938329175580e+01,
       4.4872788428099966e+01, 2.8334581105830228e+01,
       -3.0608790260323318e+01, 7.0979418153437290e+00,
       -1.1094460986119943e+00, 5.7442732173277489e-01,
       2.1603184708367763e+01, -6.7712071309819123e+01,
       2.4833515746052650e+00, 4.4533019547968799e+01,
       -3.8095880259542490e+01, 2.8948797404048022e+01,
       2.5890435977293422e+00, 1.6566594250718616e+00,
       4.5847328207609074e+01, -1.1538845974992869e+01,
       -1.5704928016397400e+01, -2.1730902379322885e+01,
       5.1482373253345930e+00, -3.1924073181982390e+01,
       -5.7457455722399500e+00, 6.5782442238357044e+00,
       3.3178636735150402e-01, -6.2445717000038584e+01,
       -2.2546736835646692e+00, 9.1084481937174004e+00,
       -1.0655330902071210e+01, -1.2275097001362186e+01,
       -9.8708955260135167e-01, -3.0267754452361284e-01,
       1.4893213904769436e+02, -1.8702265814949250e+01,
       -4.2679554092651010e+01, 1.4755234903985235e+01,
       -1.0278072491777033e+01, -1.0153436959663891e+01,
       -2.0900410714786792e+00, -1.4868177613207354e+00,
       7.2440104682721525e+01, 1.0913815018293450e+02,
       -3.6045233900226322e+01, -4.1216525509549051e+01,
       -4.2710816753409446e+00, -1.5076193826373143e+00,
       2.2259764477528998e+00, 1.4795051827160119e-01,
       -7.5056384394059322e+01, 1.0272884729954389e+02,
       -2.1558754667065494e-01, -4.4857725918081449e+01,
       7.6288748465462861e+00, 3.5541146069448466e+00,
       -1.5124786615391979e+00, 3.0220793943937801e-01,
       9.9724890744249052e+01, -4.6092406593683627e+01,
       -2.1291340456876124e+01, 3.6319979689425097e+01,
       -2.7683889480639692e+01, 2.3646510793925586e+01,
       1.1228070468369173e+00, 1.3687077914757759e+00,
       1.9560968846358834e-01, -4.3618646207187126e+01,
       6.1476736653698012e+00, 6.3418200122547255e+00,
       1.3156372281445686e+01, 1.7332453450617052e+01,
       2.3629080816081864e+00, -8.3605553217342721e-01,
       1.4798913281703088e+02, -2.0501120556464528e+01,
       3.4886235974334717e+01, -2.1884927700191632e+01,
       7.4627987614667806e+00, -3.2873711725534656e+00,
       -1.2144931856290324e+00, -1.5854793619737814e-01,
       1.1890247953519982e+01, -2.4279696052902790e+02,
       6.8130967034611007e+00, 7.8660101102770653e+01,
       -8.2527182738719174e-01, -3.5511234453029914e+01,
       -2.7054256868623519e+00, -3.1561789137550336e+00,
       7.0974880358459032e+01, 1.4826532821470443e+02,
       -1.8699880403090198e+01, 3.1523134104266418e+01,
       -9.2333551346949445e+00, -5.2042750260082133e+00,
       -6.0094434374667005e-01, 4.3513731484033763e-01,
       -1.9405695534898862e+02, 4.0557910863897973e+01,
       6.4249729512835174e+01, 5.6257953549450882e+01,
       -1.3012338255322936e+01, 6.6361221735802867e-01,
       -1.1325516660395933e+00, 8.9347330249130874e-01,
       1.8393537370712536e+02, 2.6229509882799963e+01,
       -4.7911028905485992e+01, 7.2763785446459046e+00,
       -8.9327545981720728e+00, -5.6207409843007170e+00,
       1.9115949320435979e+00, -6.6999753116390767e-02,
       -9.4896740942539068e+00, -3.9685078934382574e+01,
       9.6956102479735051e+00, 6.7316930378686362e+00,
       4.0235017088229171e+01, -1.1850042370167446e+00,
       1.4014804067430104e+00, -1.1774318703585429e+00,
       1.0347058660028691e+02, -6.8002721470789666e+01,
       -1.4314588280638327e+01, 5.1705345229004422e+01,
       -2.8428677305182579e+00, 2.0685445577451350e+01,
       1.7581894880840789e+00, 2.5403130581135852e-01,
       1.4200648889055029e+02, -1.4116119609296691e+01,
       -3.7033185016196569e+01, 1.6005898498779299e+01,
       2.2038301127514539e+00, -1.0525221019483613e+01,
       1.3205144948602865e-01, -1.1375056239403962e+00,
       6.6710174924373177e+01, 5.0450332696983040e+01,
       -3.2137310826837741e+01, -2.1722611471940326e+01,
       1.5063656361993695e+01, -1.7142981343452195e+01,
       -4.1365691762566581e-01, -1.7113893309911412e+00,
       8.1569666024827470e+01, 5.5828374090737796e+01,
       -3.4870006225063754e+01, -2.6448521501031458e+01,
       -1.3100542874383819e+01, 6.3568085931440557e+00,
       5.6300199946630813e-01, 4.9441743366468249e-01,
       1.5605891682225614e+00, -1.2325082019011592e+02,
       2.3417878515898483e+01, 4.7075818007218970e+01,
       3.3549973933820773e+01, 4.0747054416434798e+00,
       9.9716947516528875e-01, -1.3971916999569429e+00,
       -1.6931077475685757e+02, 1.2263799877926816e+02,
       5.2282887951866257e+01, 1.0981618373400106e+01,
       -3.2348157598615659e+00, -2.0446077847414359e+00,
       5.8709234161527046e-01, 8.9152079847728227e-01,
       -1.1741694089275154e+02, 2.5291877306772733e+01,
       5.7087912494351919e+01, -5.9196224850962636e+01,
       -4.8679974515170894e+00, -5.5935554739940470e+00,
       -4.9032885174530513e-02, 6.0032023928441181e-01,
       -1.6964595527388042e+02, -1.5861436817341888e+02,
       5.2606278423105927e+01, 5.1685692131357570e+01,
       -4.1032246627550414e+01, -1.9304430595356781e+01,
       -5.5728968127240313e+00, -1.8882633713465402e+00,
       4.9142155066878786e+01, 8.1405022839086968e+01,
       5.2490049702516565e+01, -6.5092298417693769e+01,
       1.2066157452160378e+00, 2.1962293937635309e+00,
       1.6262976565935290e+00, -1.0183473487987140e+00,
       -8.0804701341025748e+01, -2.5173432961470173e+01,
       3.1473130587725997e+01, 4.8099366047118499e+00,
       1.7992085555123925e+01, 1.4594167339291069e+01,
       1.9715138752481027e+00, 1.0419636210339158e+00,
       2.7412726032538810e+01, -2.6190380640003408e+01,
       -5.5855649181956288e+01, -1.6611791814697545e+00,
       9.1462669353710186e+00, -1.9503863490082272e+00,
       -6.5914528077134260e-01, -2.8553257188647624e-01,
       2.4877104301266730e+01, -5.3280597620184544e+01,
       5.0228490983947349e+00, 2.5579053561203828e+01,
       3.2766329863629224e+01, -3.0763794074582469e+00,
       -1.5100723975000233e-01, -3.9819886064018351e-01,
       -2.3930610616306839e+02, 1.7771363754958514e+01,
       -1.6912394561235494e+01, -3.2913336395545052e+01,
       -2.3491670745277782e+00, -5.2665337731829958e+00,
       3.1238047524623463e-01, 1.0489414637668413e+00,
       -1.5278724381375505e+02, 1.1429088337402388e+02,
       1.7169450646482780e+01, -5.1423514674445457e+01,
       -2.3816239851121992e+01, -4.9598431054437198e+00,
       -5.4923743921474022e-01, -3.7517848244618518e-01,
       -1.9375892003812100e+02, -7.4990810124171787e+01,
       4.4620021418172655e+01, -8.9530161554719694e+00,
       -1.3620740432867185e+01, 5.7029246439249344e-02,
       -7.6497400022169582e-01, 6.8746871253177133e-01,
       3.3717999445632585e+00, 8.2489392151224990e+01,
