%YAML:1.0
means: !!opencv-matrix
   rows: 17
   cols: 4
   dt: d
   data: [ -1.4704085533292843e+02, 1.0569564885374167e+01,
       6.9802876037182813e+01, -3.2496585167339127e+01,
       1.1122215453892720e+02, -4.0100507445299144e+01,
       -4.7921535021108909e+01, -5.2309371720937392e+01,
       -1.4150229489127162e+02, -9.6189579549061548e+01,
       2.4864947909617239e+01, 5.4293353812725869e+01,
       9.8276320089038123e+00, -5.7835052452829146e+01,
       -8.3203917627032681e+01, 3.0894106454221262e+01,
       5.5020772108824310e+01, 5.6975428015158244e+01,
       5.4507088647616364e+01, 1.1154074036018509e+01,
       2.5999024398613923e+01, 8.4304671873300805e+01,
       -6.8925670107784374e+00, 6.3121461575118644e+01,
       7.8630579283293173e+01, 8.3995972864057116e+00,
       -2.3161294470155326e+01, -3.6753431182433559e+01,
       -5.6309404092571164e+01, 7.3425132705304080e+01,
       -2.9365932212828440e+01, 1.0812812321161369e+01,
       1.1050105353827914e+02, -5.5931656882471934e+00,
       -3.2291050658480205e+00, 6.1607375099025887e+01,
       5.7243398869277918e+01, -7.5832053653840703e+01,
       6.8863501865395307e+01, -2.7951865156502869e+01,
       -3.9908290117858215e+01, -5.2580052942823592e+01,
       -1.3659973540638454e+01, -3.4757774205361486e+01,
       -2.5146694574572510e+02, 1.4724804436710663e+01,
       -1.1419818812768780e+01, -2.6184592328622767e+01,
       -1.6572395807738781e+02, 1.1423566775291629e+02,
       4.2387850602695572e+01, 2.5170718087146572e+01,
       1.0945125491640476e+02, -1.1120554602691831e+02,
       -1.0015747458252207e+01, 6.5058269127925987e+00,
       1.7298578243845785e+02, 8.3589971491562707e+01,
       5.5650716402965572e-01, 1.0210539913197724e+01,
       6.2990190082320801e+01, 8.9300786992475850e+01,
       -8.1423703219500126e+01, 7.7347323049812164e+00,
       2.1902193054984730e+02, -8.3618415518315174e+00,
       3.3383431880811067e+01, -1.8419910284861871e+00 ]
covs: !!opencv-matrix
   rows: 68
   cols: 4
   dt: d
   data: [ 3.2747702192340994e+03, 5.4822466129632664e+02,
       1.1240596699245159e+03, 1.6120244722128646e+02,
       5.4822466129632664e+02, 6.6969388697347986e+03,
       2.7269931838871804e+02, 1.4492277578560842e+02,
       1.1240596699245159e+03, 2.7269931838871804e+02,
       1.1184394220018150e+03, 1.0353222315649288e+02,
       1.6120244722128643e+02, 1.4492277578560837e+02,
       1.0353222315649286e+02, 1.6193446834165488e+03,
       4.7774095608123771e+03, -3.3391196111022782e+02,
       2.0680049946583872e+03, 3.6145083611281535e+02,
       -3.3391196111022776e+02, 2.1522624768573992e+03,
       1.0884674988609094e+01, 4.8968001470876823e+02,
       2.0680049946583872e+03, 1.0884674988609092e+01,
       2.0875884646006107e+03, -4.7926127386402989e+01,
       3.6145083611281547e+02, 4.8968001470876823e+02,
       -4.7926127386402989e+01, 5.5746917078196054e+02,
       4.7190109137076952e+03, 7.7826236862431472e+02,
       2.8828682617778090e+03, 9.1215384604816762e+01,
       7.7826236862431472e+02, 5.9566493938005879e+03,
       1.2706596197464297e+02, 1.8153011748506742e+03,
       2.8828682617778090e+03, 1.2706596197464293e+02,
       2.3094610973697613e+03, -5.6977800122469837e+01,
       9.1215384604816776e+01, 1.8153011748506742e+03,
       -5.6977800122469802e+01, 1.1932228163788636e+03,
       3.5238046462844122e+03, 1.8276260989410987e+03,
       -3.9901920844106456e+02, -1.0884343848438136e+03,
       1.8276260989410987e+03, 6.4274943232006444e+03,
       -2.1361923645539923e+02, 9.7021130027098047e+02,
       -3.9901920844106456e+02, -2.1361923645539929e+02,
       6.9162273144986477e+02, 3.2057426321427687e+02,
       -1.0884343848438136e+03, 9.7021130027098047e+02,
       3.2057426321427687e+02, 1.7873609831909064e+03,
       3.3471814740252362e+03, 1.5268259085896543e+03,
       1.5359580489696421e+02, -6.3948863322283239e+02,
       1.5268259085896543e+03, 7.1393439272573805e+03,
       -2.7537088477413386e+02, -1.8750409612896524e+03,
       1.5359580489696418e+02, -2.7537088477413386e+02,
       7.7407152248490513e+02, 2.7758617726388064e+02,
       -6.3948863322283228e+02, -1.8750409612896526e+03,
       2.7758617726388070e+02, 1.9144471400725379e+03,
       8.7379688305576565e+03, 1.4038204816231844e+03,
       5.2217474109596083e+02, -9.6818533853804706e+02,
       1.4038204816231844e+03, 3.1217647770659237e+03,
       -1.3688722474446075e+02, -1.8132217530759797e+03,
       5.2217474109596083e+02, -1.3688722474446075e+02,
       2.6451060464450525e+03, -8.7508218450332379e+01,
       -9.6818533853804718e+02, -1.8132217530759801e+03,
       -8.7508218450332393e+01, 1.3301985418271806e+03,
       3.7554355805331725e+03, 2.0857445725591148e+01,
       2.8408259971593270e+03, 8.3816000109219530e+01,
       2.0857445725591159e+01, 5.0496469302093110e+03,
       -9.9638490439383656e+00, 2.1673147846194806e+03,
       2.8408259971593270e+03, -9.9638490439383638e+00,
       2.3412220948019694e+03, 2.4406312853988513e+01,
       8.3816000109219530e+01, 2.1673147846194806e+03,
       2.4406312853988513e+01, 1.0093917531045885e+03,
       3.6353901387102610e+03, 1.2833427506437299e+03,
       5.6880963844042992e+02, -6.4865376007323403e+02,
       1.2833427506437292e+03, 7.5453596524723289e+03,
       -2.8451590530375307e+02, -2.1124496393282889e+03,
       5.6880963844042992e+02, -2.8451590530375313e+02,
       9.0751324888669910e+02, 1.0105109319291083e+02,
       -6.4865376007323403e+02, -2.1124496393282889e+03,
       1.0105109319291084e+02, 1.8809164106510318e+03,
       3.8221881837240912e+03, 1.4333026247313471e+03,
       6.7827901464540651e+02, -4.3807884658883245e+02,
       1.4333026247313471e+03, 3.2733791786810730e+03,
       -5.8137809965491283e+02, -2.3995331529850120e+02,
       6.7827901464540651e+02, -5.8137809965491283e+02,
       1.5996275309098596e+03, 4.6710423134766853e+02,
       -4.3807884658883245e+02, -2.3995331529850120e+02,
       4.6710423134766853e+02, 9.6763797648427408e+02,
       5.8616510669771314e+03, 1.4936573467391108e+03,
       -9.4779649235293255e+02, -7.5152195927959360e+02,
       1.4936573467391108e+03, 5.7302557546841263e+03,
       -1.5058063906776243e+02, -1.8271518870382922e+03,
       -9.4779649235293277e+02, -1.5058063906776243e+02,
       5.9928995713854806e+02, 1.0919027097402368e+02,
       -7.5152195927959360e+02, -1.8271518870382922e+03,
       1.0919027097402359e+02, 1.8372800764952876e+03,
       5.1304994980771835e+03, 1.3888849133978663e+03,
       1.4465457246480807e+03, -5.8103432328538781e+02,
       1.3888849133978663e+03, 6.7250383175511579e+03,
       4.9649845422296721e+00, -2.2879235617416211e+03,
       1.4465457246480807e+03, 4.9649845422296819e+00,
       1.5369709924735168e+03, 2.2488997327462677e+01,
       -5.8103432328538793e+02, -2.2879235617416211e+03,
       2.2488997327462691e+01, 2.0378268650572320e+03,
       2.9083805945220784e+03, 4.2919252438219942e+01,
       4.2572578765564833e+02, 1.7933628809676884e+02,
       4.2919252438219942e+01, 7.8046165852870481e+03,
       2.3830679403101488e+01, -2.5376394460279798e+01,
       4.2572578765564850e+02, 2.3830679403101438e+01,
       4.7976269366683817e+02, 3.4294888245976296e+01,
       1.7933628809676887e+02, -2.5376394460279805e+01,
       3.4294888245976296e+01, 1.8505738182016207e+03,
       6.0751777683130213e+03, -9.2139727968803152e+02,
       2.7048399967534574e+03, 4.5113099701141138e+01,
       -9.2139727968803152e+02, 4.6413801098566364e+03,
       -6.2698695429186294e+01, -1.9221802792530495e+03,
       2.7048399967534579e+03, -6.2698695429186252e+01,
       2.1504287888742028e+03, -6.0489222749059294e+01,
       4.5113099701141124e+01, -1.9221802792530495e+03,
       -6.0489222749059294e+01, 1.3900614738647841e+03,
       4.1250806065324305e+03, 1.0069444250136143e+03,
       7.6248868077122495e+02, -5.7076903452730778e+02,
       1.0069444250136143e+03, 4.3042844348054286e+03,
