%YAML:1.0
means: !!opencv-matrix
   rows: 22
   cols: 10
   dt: d
   data: [ -1.3215283218537788e+00, 3.7565700462044276e+01,
       1.0326589168041140e+01, -2.0573231375824577e+01,
       3.8422303764789788e+01, -5.0812357301786246e+00,
       1.4422476537105466e+00, 8.1750482215397990e-01,
       4.5649206374254098e-01, 5.4899143570624552e-02,
       -6.1198114906068994e+01, -8.4306249174702373e+01,
       1.8433956227590670e+01, 5.1348921799199275e+01,
       6.3008883239347471e+00, -4.1841386943558785e+00,
       1.9344886597068676e+00, -4.6661854327230218e-01,
       2.2252759506346007e-01, 2.7915094814022195e-02,
       -7.1031538172732809e+01, 8.4791187557488428e+01,
       2.2547751228644163e+01, -5.4562849457491076e+01,
       5.2613928994748296e+00, 7.3749473561199803e+00,
       -4.0759999166464631e+00, -3.4260738325740618e+00,
       -1.0706382928391689e+00, 2.5580102155324902e-01,
       3.4035472350070030e+01, 1.4798244358794386e+02,
       -2.5200978375494327e+00, -8.0615325413985587e+01,
       2.0684072760522220e+01, 9.8042371605416498e+00,
       9.1793916037853807e-01, 2.4959363445934732e+00,
       1.9057796237337896e+00, 6.7375092287574800e-01,
       3.6911998990182752e+01, -9.5860810196896196e+01,
       -1.0153943739831290e+01, 6.8661287650086251e+01,
       -4.1745799270547321e+00, -1.0687180908719989e+00,
       2.1149013398463334e+00, -3.8079498439953147e-01,
       -6.1371669145350624e-02, -1.4285863368387600e-01,
       -1.5001106405163156e+02, -1.0232389309913398e+02,
       2.7945304305626806e+01, 6.7775553188042409e+01,
       -1.8045783111521661e+01, 2.8362137783285191e-01,
       1.5737364162144923e-01, -7.2778758858269532e-01,
       7.4488416599999074e-01, -2.6013672526238935e-01,
       -1.9522195984136184e+02, 9.3910233112955837e+01,
       3.9699974318026911e+01, -5.2784523706994506e+01,
       -2.4369793377154735e+01, 1.4567224707803799e+01,
       -3.4700044998602033e+00, 1.9684441256714171e+00,
       7.4165188258304027e-01, -6.7368434846974468e-02,
       -1.7204083385991055e+02, 2.1485073290351487e+01,
       4.2702213694549570e+01, -1.3349957390188797e+01,
       -7.3558915161744229e+00, -4.2750968476029918e+00,
       1.2885090493797733e+00, 1.0537596040179102e+00,
       4.2525593888019442e-01, -3.1856921930424255e-02,
       1.4918180868927959e+02, 2.3585113468592040e+00,
       -3.7112289736189425e+01, 5.2413295136033815e+00,
       -5.4112255179521247e+00, 1.3318483036866752e+01,
       -8.8539744432510825e-01, 1.5850376838303066e+00,
       8.9530499141035322e-02, -3.1583170507971160e-03,
       -2.9401741814229585e+01, 1.3471645554203404e+01,
       8.9346629342849013e+00, -1.4573281235606080e+01,
       2.6375124321425314e-01, -1.1172875301041477e+01,
       1.9106419934401986e+00, 1.3190291021341722e+00,
       3.2962540176755922e-01, -2.9984853192705401e-03,
       9.0051183989841135e+01, -5.4266408818790367e+01,
       -3.2847899634912707e+01, 3.0639590772514296e+01,
       -5.2965971833610794e+00, 8.2237301294797973e+00,
       -4.2131608619071020e-01, 7.7581616252562080e-01,
       7.3329704161201081e-01, 2.2949270488469998e-02,
       -1.9258712519563073e+02, 2.5842878354595825e+01,
       3.6078805903678678e+01, -1.5376851507534662e+01,
       -4.5393172170489509e+00, 3.5561879972694892e+00,
       -3.5128660752384788e+00, -6.6124092057334973e+00,
       -2.6979641572318411e+00, 8.9486656183570357e-01,
       2.7468264503755975e+01, 4.5814018291311299e+01,
       3.9823877299841812e+00, -3.4699182199643765e+01,
       7.4104135329347862e+00, -1.0814539765324845e+01,
       -4.1822884620401588e+00, -1.0764316744036653e+00,
       -5.2510068948336306e+00, -2.3280108959203059e+00,
       -9.4406584151188923e+01, -3.8130791396700403e+01,
       3.4727396031831752e+01, 4.3185784032856411e+01,
       1.2467105810990567e+01, -5.0610094221895361e+00,
       -6.9633898775575158e+00, -5.6265707892218044e+00,
       -3.6455149756759200e+00, 1.0492722304281354e+00,
       8.1794154456559269e+01, 1.5636013616106807e+01,
       -2.3823409833706439e+01, -3.2363324062156607e+01,
       -2.6481223769014299e+01, -1.9750826541380132e+01,
       9.1477108227153170e-01, -2.3458171230269715e+00,
       2.0072378598143112e-01, -3.2558344045932754e-02,
       9.4403941062343961e+01, 4.6193787545993288e+01,
       -2.4251257399924608e+01, -3.3351171233585475e+01,
       -2.2952480583830539e+00, -9.6896600163564273e+00,
       1.1360790716527693e+00, 1.2418874883015600e+00,
       3.4611844940904707e-01, 3.9766493978234839e-03,
       -1.9048100290637589e+02, -5.3781342870425732e+01,
       3.7619524145299202e+01, 3.9350285847921285e+01,
       -2.0962453973944438e+01, 9.7026333680781320e+00,
       -2.0729701644697855e+00, -1.0526767516495188e+00,
       8.3951085457954289e-01, -6.4709465464118832e-01,
       1.2731451731812024e+02, -8.6170076918217759e+00,
       -2.5180204044521613e+01, 1.0784275930042304e+01,
       -8.6882596373795682e+00, 2.1134936596492651e+01,
       -1.3983164419257200e+01, -6.9052599756962501e+00,
       -6.0476307547305810e+00, 2.1505437486257666e+00,
       3.3163692979167301e+01, -3.7209218215565315e-01,
       -1.6277250762014814e+00, 8.7007193236473839e+00,
       1.9199953437603504e+01, 2.1935564620230967e+00,
       9.8446348971572517e-01, 7.0482073617356134e-01,
       2.9989978586642163e-01, 2.8844753519084713e-02,
       -1.5094349139158616e+01, -2.0221459009479755e+01,
       3.8114817882541363e+00, 2.0884515798860374e+01,
       1.8481083321462819e+01, 3.8171853033144374e+00,
       -4.7193360373576647e+00, -3.2488148311861562e+00,
       -3.8471752992261923e+00, 4.0628499842126031e-01,
       -1.3921891428323013e+02, -2.7055237855202733e+01,
       3.6320120376702747e+01, 1.7644645669274318e+01,
       1.1536706724749963e+00, 1.2880872543853055e+00,
       1.0271849232208121e+00, 1.1312858459413913e+00,
       4.8863321790601966e-01, -1.4405044746152856e-01,
       1.6112406013496275e+02, 2.6959730441704249e+01,
       -4.4206046413670300e+01, -3.4868886359979953e+01,
       -9.5977099688623468e+00, 1.2713870078510059e+01,
       7.2699725534012771e-01, -3.8458974945466062e+00,
       -1.7540115105923644e+00, -3.1333959264141686e-01 ]
