%YAML:1.0
means: !!opencv-matrix
   rows: 22
   cols: 8
   dt: d
   data: [ 1.3249234202276652e+01, 1.9802638045019005e+01,
       -1.9351616577517742e+01, 4.7234545292037545e+01,
       1.4976731460925011e+01, 4.3814915163498478e+00,
       1.0856683117295347e+00, -2.0163101748577980e-01,
       1.9020629300425063e+02, 1.5621270970733116e+01,
       -4.9276296589787535e+01, 1.2530172208570111e+01,
       -9.9363945212533515e+00, -6.8120821722821638e+00,
       1.1411024637854854e+00, -5.2443068100390677e-01,
       -1.2264496773122791e+00, -3.9954719310311745e+01,
       1.0688671532716832e+01, 1.2553770915956884e+01,
       3.8053994753862099e+01, -8.4472775772011910e-01,
       1.5517373097486491e+00, -8.8037586669598800e-01,
       -1.1808416333888844e+02, 1.2850526408365175e+02,
       8.2935792524463210e+00, -5.6165223844251827e+01,
       -1.7707039700821824e+01, -1.4720189338642624e+00,
       3.7096583666525074e-01, -5.9171001679019997e-01,
       -1.6386098586498079e+02, -1.3911506306705565e+01,
       2.0013211746283293e+01, -6.5176249388440823e+01,
       -3.1668568847902212e+00, -2.7274468157984288e+00,
       6.2658612966470267e-02, 7.5278579962203895e-01,
       -1.3684139999721020e+02, -1.1085565032417186e+02,
       4.6549742179091218e+01, 2.6119813959498149e+01,
       -1.9509065216094832e+01, -3.0489142579247311e+01,
       -5.2517064109260820e+00, -1.1549871590037994e+00,
       1.0890381789792731e+02, -5.3218910184882688e+01,
       -2.5679511220667777e+01, 4.8709270922387972e+01,
       -2.5523333976461185e+01, 9.2778291523100052e+00,
       7.0430971461823755e-01, -7.9021817082573398e-01,
       -1.4000464484256281e+02, -6.1553978993678861e+01,
       3.9564848258290183e+01, 2.8698158110522758e+01,
       -1.7310331058536665e+01, 1.7431814029345393e+01,
       -4.2485455737100652e-01, 1.2589506770836030e+00,
       1.5891704663697972e+00, 8.6820716022572554e+01,
       -1.0576685832814496e+01, -4.3122508375025781e+01,
       1.1109460112657448e+01, -3.2782227003837239e+00,
       1.7943705873316591e+00, -4.1493192963122633e-01,
       3.4445100803422370e+01, -1.0456455594246761e+02,
       -3.2122994178327176e+01, -2.4004803766395625e+01,
       1.3414321993364128e+01, 6.8340575018967753e+00,
       8.6716693740262529e-01, -7.3647082090053650e-01,
       1.0493949425833105e+02, 5.1602074699985593e+01,
       -4.0457774536998393e+01, -6.5843625715062215e+00,
       -6.1118901463111248e+00, -3.5600975841583646e+00,
       -5.4011226020852710e-01, -1.6605199220793013e-01,
       5.6329404958368805e+00, -1.6759448716866277e+02,
       1.4425154151322971e+01, 6.0155352216396743e+01,
       2.1804821504256562e+01, -1.1476006775682492e+01,
       -3.6924795209700734e-01, -2.3262589256487178e+00,
       -1.6632342100165161e+02, 1.1109212990925407e+02,
       4.2917819308442816e+01, -1.8615716548097658e+00,
       -2.8206445647148519e+00, -4.3686503249651745e+00,
       6.0557780271968775e-01, 1.0091903374553575e+00,
       3.4676432128849939e+01, 1.2806609256909479e+02,
       -2.8105428498135314e+01, -5.1727803034764861e+01,
       -8.5663280624225031e+00, 1.6613680874427750e+00,
       2.3221349459280822e+00, 1.1608129856262488e-01,
       -1.4623938000084101e+02, -3.3338307623998972e+01,
       4.0606789958168392e+01, 4.8819937247119052e+00,
       1.4742208481286843e+00, 6.3720203538434941e+00,
       4.5626124325859219e-01, 8.0976582110671380e-01,
       2.8565706640544800e+01, 4.6530745982646103e+01,
       -1.7616314686649929e+01, -3.6122938545577050e+01,
       -6.8537293133684363e-01, -1.7901093559629654e+01,
       -4.8482213186510110e+00, 2.1488155123597354e+00,
       -1.8467393222800249e+02, -1.2317943402599295e+02,
       5.4201939185874508e+01, 4.0555602028059361e+01,
       -3.4812818714115672e+01, -1.1778774006495492e+01,
       -3.6266542991587105e+00, -1.3322154007135554e+00,
       2.0018075203886703e+00, -5.9837732188495934e+01,
       8.8827498053860676e-01, 1.4159354690627669e+01,
       -1.0487120246438529e+01, -1.2611410367431942e+01,
       -8.2427967000217628e-01, -2.3663661923648083e-01,
       1.2270305719986675e+02, 2.4077675194129210e+01,
       -3.5452112381576605e+01, 1.6024554153368822e+00,
       -1.4958237738304881e+01, -1.1202597107669341e+01,
       -5.0897712835501911e+00, 1.0350793941320831e+00,
       9.8863200805731637e+01, -4.7200381892550418e+01,
       -2.2093075031315195e+01, 3.6139999911014939e+01,
       -2.7529053432747801e+01, 2.3766243011087163e+01,
       1.2017123575812196e+00, 1.3635010261346732e+00,
       -1.6149522517640470e+01, 6.4946962417714005e+01,
       9.6463147382001715e+00, -2.2388379911589485e+01,
       2.5556461779679164e+01, -4.1598164013238961e+00,
       -3.8393462876466855e+00, 2.3901518973066171e-01,
       1.3418825331431140e+02, -1.0702634749449320e+01,
       5.1503864704368162e+01, 4.9892156482616346e-01,
       8.6498117610726855e+00, 4.6140729368360835e+00,
       -1.1899956651249445e-01, -3.9413646913384864e-01 ]
