%YAML:1.0
means: !!opencv-matrix
   rows: 13
   cols: 7
   dt: d
   data: [ 8.6997302116957556e+01, -4.5168562760203017e+01,
       -2.2814367466822475e+01, 2.8387811444926033e+01,
       -4.4335847635902397e+00, 1.0313742167374006e+01,
       -2.9905903357819872e+00, 5.3320093561348481e+00,
       3.1525084102701094e+01, -2.8824832323580907e+01,
       -9.9560361368383052e+00, 2.3405411112823316e+01,
       1.2998271650297075e-02, 1.4754572614809900e+00,
       -1.9534022701405314e+02, 9.3297444240566961e+01,
       4.0051701362559406e+01, -5.2355503512678077e+01,
       -2.3726933321074739e+01, 1.5067376791675088e+01,
       -3.2208811492427087e+00, 9.4348323286324018e+01,
       1.5507031750903918e+01, -3.3283124817606584e+01,
       -2.7525231104124320e+01, -2.4471726826829602e+01,
       -1.1912115957356276e+01, 9.8059204004779066e-01,
       3.5373557010665628e+01, -9.8149229495486878e+01,
       -1.1428428009565021e+01, 6.6570692272767630e+01,
       -3.9667409698486420e+00, -6.6839720019568061e-01,
       2.0615011144611342e+00, -1.0186119230499752e+02,
       -9.5922120331364056e+01, 2.1576165595177997e+01,
       5.9080942992654620e+01, -5.8618680125405893e+00,
       -1.8636810226484115e+00, 1.1823213218850486e+00,
       1.4660032125892187e+02, -1.0136283201909260e+00,
       -4.0638438569147134e+01, 3.2932145109923043e+00,
       -5.8885812326574642e+00, 1.2682837183818211e+01,
       -5.0574095933440401e-02, -2.1409352775598755e+01,
       -5.0240088061348523e+01, 1.3010489741258869e+01,
       3.7158457175459461e+01, 2.2903295523225172e+01,
       -1.0906659329091966e+00, -2.3831380012019170e+00,
       -2.5798557493044942e+01, 8.4770833971790921e+01,
       -1.3325828321893407e+00, -4.4293822842802037e+01,
       1.2859379859623422e+01, 3.9357947895164203e+00,
       -5.8990697296571681e-01, 8.2491955339905772e+01,
       1.7223477892105947e+01, -2.2784543654041968e+01,
       -3.2608443526530095e+01, -2.5582321533745141e+01,
       -2.0157683938533790e+01, 1.1171557625761355e+00,
       -1.3750601828520573e+02, 3.3161279917818419e+01,
       3.3834853055068685e+01, -2.2615352841205652e+01,
       1.7339829562777842e+00, -9.7857631752859753e+00,
       4.0830425534402559e-01, -1.7779747544384477e+02,
       -3.3296691660289959e+01, 3.9212553311888612e+01,
       2.3085433519593405e+01, -5.4527789410674252e+00,
       3.9025976843771271e+00, 6.4865501108256907e-01,
       8.5551800217581814e+01, 1.7813675384026673e+01,
       4.2504992722253327e+01, -1.6405368704379637e+01,
       1.4148458499441206e+01, -6.9302408359147165e+00,
       2.0499250131858002e-01 ]
covs: !!opencv-matrix
   rows: 91
   cols: 7
   dt: d
   data: [ 6.3611378940951645e+03, 1.2313087178168691e+03,
       2.8945220951845431e+03, -4.8953003676390369e+02,
       -4.4183913456898225e+01, 1.4470105440156311e+02,
       -1.8352354159922228e+02, 1.2313087178168691e+03,
       7.9374155787446171e+03, -1.9864877338586183e+02,
       1.4426305301157615e+03, -3.8520973067246311e-01,
       1.0058573038915912e+02, -6.9490550383789369e+01,
       2.8945220951845431e+03, -1.9864877338586189e+02,
       2.6259987704914956e+03, 6.1161347390263892e+01,
       -8.5615770962821912e+01, 4.9362037279301454e+01,
       3.1610062744599343e+01, -4.8953003676390364e+02,
       1.4426305301157615e+03, 6.1161347390263892e+01,
       1.6896315623861969e+03, -1.0783178723567319e+02,
       -2.1715948390953872e+02, 4.5808523104827131e+01,
       -4.4183913456898232e+01, -3.8520973067247233e-01,
       -8.5615770962821941e+01, -1.0783178723567319e+02,
       9.4470057200191789e+01, 3.6264660340108669e+01,
       -4.3511656366983509e+00, 1.4470105440156311e+02,
       1.0058573038915910e+02, 4.9362037279301447e+01,
       -2.1715948390953872e+02, 3.6264660340108655e+01,
       1.0530819503731236e+02, -1.1657182709366106e+01,
       -1.8352354159922228e+02, -6.9490550383789369e+01,
       3.1610062744599340e+01, 4.5808523104827131e+01,
       -4.3511656366983527e+00, -1.1657182709366106e+01,
       4.7171943277752483e+01, 4.6172639074627205e+03,
       5.9607107786406652e+02, 1.1928777182897779e+03,
       8.5119077365010270e+01, -6.5563232672258346e+02,
       2.1651843717217960e+02, -7.7720185277163987e+00,
       5.9607107786406652e+02, 7.2794267702616653e+03,
       1.1183446623206623e+02, 1.2836681239588040e+03,
       -6.3017342562175550e+01, -3.3262292163326549e+02,
       3.7604473546017950e+01, 1.1928777182897779e+03,
       1.1183446623206628e+02, 1.7842211758541732e+03,
       -1.9123432493005584e+01, 1.4126824397980624e+02,
       4.8961093473754778e+00, 5.2325671325071568e+01,
       8.5119077365010227e+01, 1.2836681239588040e+03,
       -1.9123432493005595e+01, 1.6699499649040094e+03,
       -5.2759530686397106e+01, 9.4006942172881466e+01,
       -2.5488401538796371e+01, -6.5563232672258346e+02,
       -6.3017342562175557e+01, 1.4126824397980621e+02,
       -5.2759530686397092e+01, 2.5252254821608591e+02,
       -3.5267935386924528e+01, -1.4609875383815108e+01,
       2.1651843717217960e+02, -3.3262292163326549e+02,
       4.8961093473754760e+00, 9.4006942172881494e+01,
       -3.5267935386924513e+01, 1.4125529436270475e+02,
       7.7596332595170052e+00, -7.7720185277163987e+00,
       3.7604473546017964e+01, 5.2325671325071561e+01,
       -2.5488401538796364e+01, -1.4609875383815108e+01,
       7.7596332595170043e+00, 2.1017802889909827e+01,
       5.4192605221623244e+03, 3.3025897779442056e+02,
       3.1207438485238586e+03, 4.5403190725824068e+01,
       -1.6412437398269742e+02, -1.3111860115053904e+02,
       5.5423282964663905e+01, 3.3025897779442045e+02,
       6.8233281188866804e+03, 1.2596091490936937e+01,
       2.0592558865279102e+03, -1.7322742992296406e+02,
       3.6636051902527424e+02, -1.1176448023226745e+02,
       3.1207438485238590e+03, 1.2596091490936965e+01,
       2.4687943368435640e+03, 8.1649262872753539e+01,
       -1.9023139023656961e+00, 1.0638788142206086e+02,
       -3.2692083916562709e+01, 4.5403190725824111e+01,
       2.0592558865279102e+03, 8.1649262872753553e+01,
       1.2070514457774987e+03, 6.1229304149835762e+01,
       -9.5265739901391910e+01, 2.9457173957736927e+01,
       -1.6412437398269742e+02, -1.7322742992296409e+02,
       -1.9023139023656988e+00, 6.1229304149835784e+01,
       8.9441925403003012e+01, 2.3923780045232220e+01,
       1.6229385262369519e+01, -1.3111860115053898e+02,
       3.6636051902527424e+02, 1.0638788142206089e+02,
       -9.5265739901391910e+01, 2.3923780045232220e+01,
       3.1463682925709958e+02, -2.7177706289043417e+01,
       5.5423282964663890e+01, -1.1176448023226745e+02,
       -3.2692083916562709e+01, 2.9457173957736945e+01,
       1.6229385262369522e+01, -2.7177706289043410e+01,
       3.4915494962805631e+01, 6.8892526835726212e+03,
       -2.8475811233940294e+02, 2.6375332632002783e+03,
       6.5351068114441421e+02, 3.3968190291816006e+02,
       3.3493329870367972e+02, -7.0802862678341796e+01,
       -2.8475811233940306e+02, 6.5320598302467279e+03,
       1.2890219076754607e+02, 2.2662158109629427e+03,
       -6.1974151952950393e+01, -3.8055084118628699e+01,
       4.3064180025299152e+01, 2.6375332632002783e+03,
       1.2890219076754607e+02, 2.5725891588424506e+03,
       -6.6895770550775197e+01, -1.4112821828067231e+02,
       8.2098467738281822e-01, 1.0182481137751175e+01,
       6.5351068114441421e+02, 2.2662158109629427e+03,
       -6.6895770550775211e+01, 1.3467920569976022e+03,
       1.8106324816816702e+01, 2.3082361419106210e+01,
       1.1669541310284652e+01, 3.3968190291816001e+02,
       -6.1974151952950372e+01, -1.4112821828067231e+02,
       1.8106324816816691e+01, 1.2362280916901470e+02,
       7.5042475127493063e+01, 2.9371745665978124e+00,
       3.3493329870367972e+02, -3.8055084118628692e+01,
       8.2098467738281633e-01, 2.3082361419106206e+01,
       7.5042475127493063e+01, 1.3386473689278165e+02,
       2.5225126932711476e+01, -7.0802862678341825e+01,
