%YAML:1.0
means: !!opencv-matrix
   rows: 25
   cols: 3
   dt: d
   data: [ 4.6267589042254258e+01, -1.0799025923862501e+02,
       -8.1339932121372655e+01, -1.6365726543639275e+02,
       -1.6367772751253732e+01, 3.5708741839071521e+01,
       9.6570005175720169e+01, 7.6417537763219059e+01,
       -5.9984741320540905e+01, -7.0318740856236971e+01,
       2.0584671545713007e+01, -3.5492251831392927e+01,
       5.1950933817630141e+00, 1.8060882912181208e+02,
       -1.6993895142843964e+00, -2.7518266125557886e+02,
       -6.8789410022696146e+01, -1.2089243639210968e+01,
       1.6400874428244560e+01, -4.3570422955111248e+01,
       2.2005321132831416e+01, 1.4751753888852488e+02,
       -1.1012953540092668e+02, -2.0360516499776677e+00,
       1.2808763111193366e+02, 2.1758636093867437e+01,
       3.6477032287334801e+01, -8.6404292157200160e+01,
       7.5157574456841900e+01, 5.6579450360679466e+01,
       1.1499568187151399e+02, -1.6382675534913560e+01,
       -3.3589838401644911e+01, 5.9065243063351872e+01,
       -9.8960065751794119e+01, 4.6109650060350916e+01,
       1.0248055073035877e+02, 1.5398238260870849e+02,
       4.8341094269229885e+01, -3.1509355607610871e+01,
       -1.2322047015608902e+02, -2.1772413196209392e+01,
       3.2343429083745860e+01, 6.9061665295773433e-01,
       -6.0042201359340950e+01, 2.0418963711277942e+02,
       -1.6977315402373495e+01, 4.1342539439697205e+01,
       -6.7614060255231109e+01, -1.2758817595929079e+01,
       1.0458984895067658e+02, -1.7172644860989806e+02,
       1.5892095157920556e+02, -1.4046473284588227e+01,
       -7.9477968955558751e+01, -8.0870784857260659e+01,
       -5.0022154740697687e+01, 9.7124988110963777e+00,
       6.7590161731049605e+01, 2.0042395393210779e+01,
       -1.7078630691140555e+02, -7.8233834416180244e+01,
       6.0644794451289222e+01, -1.9511762913641400e+02,
       1.9710900745548042e+01, -2.3172051586348459e+01,
       -5.9824246972173903e+01, 1.1866957843012386e+02,
       -6.2505810676467448e+01, 2.3994083704998553e+02,
       2.3137032886455369e+01, -6.0691973609469514e+00,
       5.1779307343192890e+01, -2.2495981160906246e+02,
       4.0852181913910059e+01 ]
covs: !!opencv-matrix
   rows: 75
   cols: 3
   dt: d
   data: [ 2.1929069875856489e+03, 8.9939067946240968e+01,
       1.4066075197337352e+02, 8.9939067946240954e+01,
       2.7497419543482256e+03, -3.6685978113632302e+02,
       1.4066075197337355e+02, -3.6685978113632319e+02,
       1.0173807647029413e+03, 2.9368457286192433e+03,
       -7.7210866389615285e+02, 9.8124186458480824e+02,
       -7.7210866389615285e+02, 6.7762240741972591e+03,
       1.3197801305390901e+03, 9.8124186458480847e+02,
       1.3197801305390901e+03, 1.8406970740134557e+03,
       3.0373342755992144e+03, 9.3179038170344128e+01,
       7.1195875469665202e+02, 9.3179038170344100e+01,
       4.2530750829657954e+03, 6.9316890452821974e+02,
       7.1195875469665202e+02, 6.9316890452821951e+02,
       1.6671657996162023e+03, 2.3733161555479383e+03,
       -5.0262240247611163e+02, 1.8677508220091153e+02,
       -5.0262240247611163e+02, 2.5107795176436834e+03,
       -9.9406633311823185e+01, 1.8677508220091153e+02,
       -9.9406633311823185e+01, 1.3970819437240689e+03,
       4.1239432710497604e+03, 9.5182588436881417e+01,
       1.2009428306342741e+02, 9.5182588436881375e+01,
       3.1924978716102446e+03, 7.0743463145739199e+01,
       1.2009428306342741e+02, 7.0743463145739184e+01,
       1.2985933227158539e+03, 1.9477019035403027e+03,
       -1.3245667092224276e+03, 2.5626287151852785e+02,
       -1.3245667092224276e+03, 9.1099041091426716e+03,
       5.5264861927482309e+02, 2.5626287151852785e+02,
       5.5264861927482320e+02, 4.5601361857840692e+02,
       4.6256432180639458e+03, 2.4097676662529002e+03,
       -3.6179934329015475e+02, 2.4097676662529002e+03,
       4.4380114599887593e+03, -7.6157471741240397e+02,
       -3.6179934329015470e+02, -7.6157471741240420e+02,
       1.3357503905563208e+03, 2.9828883870751201e+03,
       4.9532902618239541e+02, -2.2719798490637942e+02,
       4.9532902618239552e+02, 2.6190642047883139e+03,
       -2.7626649506093975e+02, -2.2719798490637942e+02,
       -2.7626649506093975e+02, 1.2804344893895525e+03,
       2.9030820833941407e+03, -5.6581305479510240e+02,
       -1.0010390302889167e+03, -5.6581305479510240e+02,
       4.0200651036834192e+03, 2.4293479271800746e+02,
       -1.0010390302889164e+03, 2.4293479271800751e+02,
       1.3415455038270236e+03, 2.9850148734633503e+03,
       -3.6657752068587081e+02, 8.8714874741228289e+02,
       -3.6657752068587087e+02, 7.2516655785163957e+03,
       1.2500731131460867e+02, 8.8714874741228289e+02,
       1.2500731131460867e+02, 9.3477126569202107e+02,
       2.2410488853429370e+03, -6.1473045820828861e+02,
       -2.9217966587397875e+01, -6.1473045820828861e+02,
       4.2322844355347552e+03, 1.1626406021387754e+03,
       -2.9217966587397864e+01, 1.1626406021387756e+03,
       2.5375731240589730e+03, 1.6575587351562463e+03,
       -5.0667382545064797e+01, 8.5378659733546340e+02,
       -5.0667382545064783e+01, 5.0428463145785445e+03,
       5.6999523885211238e+02, 8.5378659733546317e+02,
       5.6999523885211238e+02, 1.0282529100138706e+03,
       4.2843232254592431e+03, -6.5693262178599150e+02,
       -7.1207589103598764e+02, -6.5693262178599150e+02,
       3.9747818574695357e+03, 2.8589817246250806e+02,
       -7.1207589103598764e+02, 2.8589817246250800e+02,
       7.2129968322654645e+02, 1.7698471074243153e+03,
       9.2376121924060783e+02, 7.2177166699000338e+02,
       9.2376121924060783e+02, 1.0579353096786048e+04,
       1.5941418188134851e+03, 7.2177166699000338e+02,
       1.5941418188134851e+03, 8.6525936253972873e+02,
       1.6836684791680393e+03, -5.9786030640403430e+02,
       8.1918894225084728e+02, -5.9786030640403430e+02,
       3.7474856377995930e+03, -2.1997332535057615e+02,
       8.1918894225084728e+02, -2.1997332535057615e+02,
       1.1574778996083433e+03, 3.2721631955379639e+03,
       1.3432672545798528e+03, -7.2507048052009031e+02,
       1.3432672545798528e+03, 9.6656530618669349e+03,
       1.0992071028431810e+02, -7.2507048052009031e+02,
       1.0992071028431808e+02, 4.6564956684857634e+02,
       2.1934529880761293e+03, -1.5332334966576838e+02,
       -2.3416594565249693e+02, -1.5332334966576849e+02,
       1.0485074691577191e+04, 4.6796872910680622e+02,
       -2.3416594565249693e+02, 4.6796872910680622e+02,
       3.6707328389005670e+02, 5.0056473011069147e+03,
       9.4001571260394428e+02, -2.5799270293317420e+02,
       9.4001571260394428e+02, 4.5265603830925902e+03,
       -9.3423599473184379e+02, -2.5799270293317414e+02,
       -9.3423599473184379e+02, 1.1713232569168395e+03,
       1.8213914669958510e+03, 3.5415707601989874e+02,
       7.7414737336012067e+01, 3.5415707601989862e+02,
       3.2866599908801986e+03, -6.4644499507763143e+01,
       7.7414737336012095e+01, -6.4644499507763129e+01,
       6.5210115563506827e+02, 2.7479698590896733e+03,
       1.6074142078247976e+02, 6.0539840859365790e+02,
       1.6074142078247976e+02, 3.0893655892525630e+03,
       -6.3692188147152467e+02, 6.0539840859365790e+02,
       -6.3692188147152467e+02, 1.5749690173447359e+03,
       3.3058434565658617e+03, -1.2941482516574092e+03,
       1.5294843060812088e+03, -1.2941482516574092e+03,
       8.7690424412168413e+03, 6.9570528298707836e+02,
       1.5294843060812091e+03, 6.9570528298707825e+02,
       1.3289908781555280e+03, 2.6048526687663561e+03,
       -7.7360451618655213e+02, 1.8159684890888698e+02,
       -7.7360451618655202e+02, 6.6158144655724673e+03,
       -3.8272110016034549e+02, 1.8159684890888698e+02,
       -3.8272110016034554e+02, 1.0088503785208076e+03,
       3.1630014730700900e+03, 1.4486099409660113e+02,
       -3.1987886018037068e+02, 1.4486099409660119e+02,
       4.6828066566136176e+03, -2.6282443664546918e+02,
       -3.1987886018037057e+02, -2.6282443664546918e+02,
