%YAML:1.0
means: !!opencv-matrix
   rows: 19
   cols: 1
   dt: d
   data: [ 9.8664419055724636e+01, -1.3039214262540341e+02,
       -7.1498891591582193e+01, 2.7464037601306177e+02,
       -2.6817930467365801e+02, -1.3308342812594359e+01,
       1.9092185605371614e+02, 4.3784930684434656e+01,
       1.4602212833862106e+01, -1.9596014827965209e+02,
       1.5727007966480929e+02, 2.2915893924045690e+02,
       -3.0886607684426048e+02, 7.1356592648645758e+01,
       -9.9619774365485910e+01, -4.2325267701584274e+01,
       1.2565066903616491e+02, -2.2962050589193373e+02,
       -1.6238779600287100e+02 ]
covs: !!opencv-matrix
   rows: 19
   cols: 1
   dt: d
   data: [ 1.7230185575249200e+02, 2.0918374330328959e+02,
       2.1699283317712852e+02, 1.2898573767293788e+03,
       4.2679398034421820e+02, 2.0835048130638214e+02,
       3.6363387343761934e+02, 1.8578646948825474e+02,
       1.9069999782635125e+02, 2.3876191318306886e+02,
       2.5701082189779970e+02, 6.0691068378285888e+02,
       1.0733022823558631e+03, 1.7446813359524114e+02,
       2.0877650274797983e+02, 2.1257172591711955e+02,
       1.9409908142562540e+02, 2.4957421885048151e+02,
       2.2895551516930701e+02 ]
weights: !!opencv-matrix
   rows: 1
   cols: 19
   dt: d
   data: [ 7.1080568892567572e-02, 5.1476916828507233e-02,
       6.8430438853825715e-02, 1.9953864616752262e-02,
       2.3172507122310192e-02, 7.5241042175963696e-02,
       4.1825133957599424e-02, 8.3013592831431227e-02,
       8.1749644739462154e-02, 3.7076057902207277e-02,
       5.5526651015928304e-02, 2.7861093090744724e-02,
       1.6195022758043725e-02, 7.6666516103685897e-02,
       6.3765274100973060e-02, 7.3255272453035924e-02,
       6.3478872628361008e-02, 2.8653626201958934e-02,
       4.1577903726621450e-02 ]
pca_proj: !!opencv-matrix
   rows: 1
   cols: 21
   dt: f
   data: [ 1.02604255e-02, 8.46533298e-01, 5.67100069e-05,
       -5.08859605e-02, 4.68450844e-01, 1.89823491e-04, -5.55210514e-03,
       1.46431834e-01, -1.98076777e-05, -7.31809530e-03, 1.34976640e-01,
       -4.80776835e-05, -6.69380091e-03, 1.46460637e-01, -1.57161594e-05,
       2.11501210e-05, 1.32904761e-05, -3.16381829e-07, -1.62182951e-05,
       4.47223283e-04, 4.04881848e-06 ]
pca_mean: !!opencv-matrix
   rows: 1
   cols: 21
   dt: f
   data: [ 4.33646118e+02, 2.44701981e+02, 1.49672687e+00,
       4.18191803e+02, 2.60206879e+02, 1.62062907e+00, 3.68545319e+02,
       2.27059875e+02, 1.69770968e+00, 3.19420807e+02, 1.63929108e+02,
       1.75046074e+00, 3.16613464e+02, 2.25532654e+02, 1.70717156e+00,
       1.08872897e-04, -9.74175637e-05, 6.24380555e-05, -2.17504916e-04,
       -2.50119597e-01, 1.75055194e+00 ]
gamma: !!opencv-matrix
   rows: 19
   cols: 1
   dt: d
   data: [ 8.0787938181915864e-01, 8.2704854950587725e-01,
       7.9227474711114043e-01, 8.9878654638328859e-01,
       8.8961139787051524e-01, 7.6924904961388563e-01,
       8.6096665747082124e-01, 7.7786305985690551e-01,
       7.6903104906378494e-01, 8.6109808678790878e-01,
       8.4325419412379210e-01, 8.7891021277173931e-01,
       9.0524880897886184e-01, 7.9162024867670666e-01,
       8.0869356472340026e-01, 7.7763431795552007e-01,
       8.2458411267593235e-01, 8.7492658188247696e-01,
       8.4492121643057616e-01 ]
