%YAML:1.0
means: !!opencv-matrix
   rows: 14
   cols: 9
   dt: d
   data: [ 4.0609027270802706e-01, 1.3979489430825241e+01,
       8.2842999361114664e+00, -5.3030413184853042e+00,
       2.9966924949672190e+01, -3.4173161925590736e+00,
       1.5044967295007585e+00, 5.1058245467773311e-01,
       3.6322003290306343e-01, 1.1389650429892659e+02,
       -1.5235116535693169e+01, -3.5499362445256779e+01,
       3.6687500549494678e-01, -1.3737601993827408e+01,
       -6.6688672112136449e-01, 7.0937734917350770e-01,
       -4.6820404645477687e-01, -4.1645031305698119e-03,
       -2.1017685704561856e+02, 2.2162118720843069e+00,
       4.3009975079507960e+01, 3.5001410467203797e+00,
       -1.0328184818799135e+01, 8.6356046535333579e+00,
       -1.7299170452414130e+00, -1.7802865993249475e+00,
       -4.9794514851704835e-01, -9.2594925755356272e+01,
       -9.2226969605783410e+01, 2.0238543742126758e+01,
       5.7006450826057154e+01, -2.5255545798773373e+00,
       -2.4122378025423599e+00, 1.1450588839701443e+00,
       -7.1550604399777562e-01, 4.6748072144833741e-01,
       1.6073714318744290e+01, 1.4105097644245780e+02,
       -3.7601060216215502e-02, -8.0337691457223841e+01,
       1.5501036597304276e+01, 1.0893624517575635e+01,
       -3.3823016006070838e-01, 2.0221241157425376e+00,
       1.6366549903768071e+00, -1.2870915411104238e+02,
       -1.5880450035691153e+01, 3.5108883314980936e+01,
       1.1641871052887833e+01, 4.3561691533201286e+00,
       -3.1100570221837800e+00, 1.5871226988052094e+00,
       8.8276156015369978e-01, 3.3604037299045064e-01,
       1.4100993078787738e+02, -4.9012273974995244e+00,
       -3.9401591827078526e+01, 7.2104232105328077e+00,
       -4.7950174913288439e+00, 1.3092488194970825e+01,
       -6.1452580135870349e-01, 1.4125569080460203e+00,
       2.2475600586068342e-01, -1.8073754923052224e+01,
       1.5538663632465152e+01, 1.9863321478910031e+01,
       -5.6545617282811627e+00, 1.8443420918097782e+01,
       -7.4082460878229268e+00, -6.0462017134387578e+00,
       -4.1609018055356817e+00, -5.0938075132869773e+00,
       -1.5474521240042955e+02, 5.2428031126849731e+01,
       3.7475566011263460e+01, -3.4797839314171235e+01,
       -1.1974494641143110e+01, -7.2584892367543095e+00,
       1.2660175178652238e+00, 1.2128846589543127e+00,
       2.4530745262342568e-01, 1.4198310539864733e+02,
       9.8079705522216152e+00, -3.3714308304695415e+01,
       -1.0949152450711969e+01, -9.2121219443816837e+00,
       1.6783382226720789e+01, -5.6052267067273371e+00,
       -5.7451200486095670e+00, -4.3814418625980442e+00,
       6.5047736662815893e+01, 9.4546717275862932e-02,
       -1.5946882639694275e+01, 6.4272254473141233e-01,
       -3.6605405064744412e-01, -1.8193870127675082e-01,
       1.7587184132593722e-01, 1.2507340406815013e+00,
       4.2649987266903561e-01, 3.7743923121606251e+01,
       -9.6747407815324578e+01, -1.1993299698581342e+01,
       6.6225874374337465e+01, -4.0552694534597835e+00,
       -4.3006656056517545e-01, 2.1071140759897347e+00,
       -3.2885303085791551e-01, 8.7194342536654590e-02,
       8.1764495775315766e+01, 1.5689151600236404e+01,
       -2.3893021887518053e+01, -3.2342101238202019e+01,
       -2.6441124867658033e+01, -1.9739617952818389e+01,
       9.1816279837832626e-01, -2.3511200404791013e+00,
       1.9831923371171151e-01, -2.0053516050741351e+02,
       9.6679853137254781e+01, 4.1264586323504474e+01,
       -5.2994382852973182e+01, -2.1807974057835992e+01,
       1.7988642749147395e+01, -5.5592435445038628e+00,
       8.5487720978086690e-01, 3.9713984402504948e-01 ]
covs: !!opencv-matrix
   rows: 126
   cols: 9
   dt: d
   data: [ 5.1934221534118979e+03, 2.8884548118301888e+02,
       2.8998506115616942e+03, 1.1533217283553952e+02,
       -1.9535850382469761e+02, 1.5685332746920605e+02,
       -1.7936922085913835e+01, 3.8032082458101995e+00,
       5.8815978851932069e+00, 2.8884548118301888e+02,
       7.3778452760556947e+03, -1.2164247892867671e+02,
       1.3242114412221506e+03, 6.1028574461603377e+01,
       -2.7390040913183503e+02, 5.0763760172852827e+01,
       -1.3305151792722478e+00, -4.5370700403232328e-01,
       2.8998506115616942e+03, -1.2164247892867664e+02,
       2.4800366714304882e+03, -7.8491807392569555e+01,
       -8.4403391027873340e+01, -4.0975350309476198e+01,
       8.0575630010972432e+00, 1.2348717814432586e+00,
       2.5146033448978247e+00, 1.1533217283553951e+02,
       1.3242114412221508e+03, -7.8491807392569555e+01,
       1.7199656313945347e+03, -1.2986117230255439e+02,
       1.0933739980423137e+02, -2.7382229735990432e+01,
       -6.0522594598409922e+00, 2.2595492070033987e+00,
       -1.9535850382469766e+02, 6.1028574461603377e+01,
       -8.4403391027873369e+01, -1.2986117230255439e+02,
       1.4121998389189932e+02, -5.7780293771525777e+00,
       -2.4869894631290606e+01, 1.2964058812557837e+00,
       6.5906061298191316e+00, 1.5685332746920605e+02,
       -2.7390040913183492e+02, -4.0975350309476198e+01,
       1.0933739980423135e+02, -5.7780293771525768e+00,
       1.6425091512893567e+02, 9.2596376641159122e+00,
       -1.3745157787664908e+01, -6.0107018648844812e-01,
       -1.7936922085913842e+01, 5.0763760172852820e+01,
       8.0575630010972450e+00, -2.7382229735990428e+01,
       -2.4869894631290613e+01, 9.2596376641159139e+00,
       2.1186382267282287e+01, -1.8543384253600099e+00,
       -2.9864638755255686e+00, 3.8032082458102012e+00,
       -1.3305151792722478e+00, 1.2348717814432590e+00,
       -6.0522594598409896e+00, 1.2964058812557842e+00,
       -1.3745157787664908e+01, -1.8543384253600093e+00,
       1.2597349095239741e+01, -1.8230188521876354e+00,
       5.8815978851932096e+00, -4.5370700403232322e-01,
       2.5146033448978238e+00, 2.2595492070033982e+00,
       6.5906061298191307e+00, -6.0107018648844768e-01,
       -2.9864638755255686e+00, -1.8230188521876358e+00,
       1.4159858174674194e+00, 6.7042054562799503e+03,
       7.4014463192341259e+02, 2.7969763042766908e+03,
       -6.4496802939477973e+01, -2.6230038487519778e+02,
       -1.5661132690262917e+02, 2.0249429773813144e+01,
       8.0282446645637918e+01, 6.8513825815876373e+01,
       7.4014463192341259e+02, 8.2354519701530680e+03,
       -2.1892070293688850e+01, 1.6776104439108381e+03,
       -1.1121004786035877e+02, -1.5584865145565104e+02,
       8.9415633855199999e+01, -2.5934408193156550e+01,
       -1.2469516928972697e+01, 2.7969763042766904e+03,
       -2.1892070293688878e+01, 2.4227875892168522e+03,
       -4.4779793697493560e+01, -2.7471829457579272e+01,
       1.4956210051477559e+01, -3.6582678427156523e+01,
       -4.3145804567913494e+01, -2.5643841579302034e+01,
       -6.4496802939477973e+01, 1.6776104439108381e+03,
       -4.4779793697493581e+01, 1.1834335591765728e+03,
       -2.9256208081878061e+01, 6.6427565242188791e+01,
       -1.2126854544765365e+01, -3.6665303646279224e+00,
       -1.4289211290450894e+00, -2.6230038487519778e+02,
       -1.1121004786035877e+02, -2.7471829457579265e+01,
       -2.9256208081878061e+01, 3.4666908787903388e+01,
       1.4571529140874086e+01, -1.1618347542716974e+01,
       -1.9418087437096556e+01, -3.7758400452690051e+00,
       -1.5661132690262917e+02, -1.5584865145565107e+02,
       1.4956210051477553e+01, 6.6427565242188763e+01,
       1.4571529140874084e+01, 7.5308130465303165e+01,
       2.3879016918717035e+01, -1.3431680388223924e+01,
       1.8357891749918678e+00, 2.0249429773813151e+01,
       8.9415633855199971e+01, -3.6582678427156523e+01,
       -1.2126854544765365e+01, -1.1618347542716974e+01,
       2.3879016918717035e+01, 3.5843170857628415e+01,
       9.6583910886677575e+00, 4.4274050667132316e+00,
       8.0282446645637933e+01, -2.5934408193156550e+01,
       -4.3145804567913494e+01, -3.6665303646279215e+00,
       -1.9418087437096556e+01, -1.3431680388223924e+01,
       9.6583910886677575e+00, 1.9808590222847968e+01,
       2.2760274255718569e+00, 6.8513825815876373e+01,
