%YAML:1.0
means: !!opencv-matrix
   rows: 49
   cols: 6
   dt: d
   data: [ 6.5428340597460135e+01, -1.0228512367208860e+02,
       -2.4060956541477619e+01, -4.4604680545901559e+01,
       8.6270283213479697e+00, 5.8315836995593324e+00,
       -9.4160665270508233e+01, -9.4543316403642450e+00,
       -4.2242185933003853e+01, 1.1084844446449935e+01,
       3.7029253935262233e+01, -6.4355959021541331e-01,
       1.2007963784602757e+02, -1.8878401037341845e+01,
       -1.1243741130060187e+01, 2.5261493264273074e+01,
       8.5641855076396780e+00, -7.6935585579295527e+00,
       2.5434400018262316e+01, 1.2094241607837991e+02,
       -2.9714365132149123e+01, -5.7576345906326551e+01,
       -1.0090860532391408e+01, 1.9254574658931503e+00,
       -1.6117009819170383e+02, -9.2518645013152621e+01,
       4.9403589772878014e+01, 4.4526114534680723e+01,
       -3.5081746053238106e+01, 1.3446699262391990e-01,
       -6.2670136462188765e+01, 9.3315559326939677e+01,
       2.1898119029323492e+01, -6.9063377156149116e+01,
       -9.6508032133769728e-01, 5.1176783354342570e+00,
       8.2967007377053704e+01, -7.8366793800289358e+01,
       -2.7265680016418226e+00, 5.1754077607530931e+01,
       4.9877022299733715e+00, 2.4226779494196101e+01,
       4.1001748734964892e+01, 8.3583785412803920e+01,
       3.3620302225359161e+01, -4.9675498390463609e+01,
       1.2803441740429378e+01, -1.1748716134877240e+00,
       -1.1444918267146569e+02, -2.4681442803113249e+01,
       4.3292975754176680e+01, 4.5737889905821881e+01,
       -1.1938798142383810e+01, 2.1366493327678004e+01,
       1.3253187465785730e+01, -2.1583146975204082e+02,
       1.1224431967278012e+01, 7.4617007898682431e+01,
       -5.4636591022971199e+00, -2.1324803516628588e+01,
       -1.1749094091154944e+02, -1.1136671651734606e+02,
       3.1229988760901183e+01, -5.8945638971053008e+01,
       4.3534429365607696e+00, 1.7756040468391818e+00,
       -1.3625189057867006e+01, 1.7717262430236761e+02,
       9.4109564423613001e-01, 2.5317870356457535e+00,
       1.1157181073507152e+01, -6.9286404284701799e+00,
       2.8536287947241750e+01, -2.5079560167331687e+02,
       6.3965414979065338e+00, 6.9287095520598783e+01,
       5.0210495983090899e+00, -4.4433421638420157e+01,
       1.3685170367188203e+02, 9.5734903371811313e+01,
       2.6546712221397861e+01, -5.0119847164515512e+01,
       -1.1132518963074926e+01, 1.1658745280937484e+00,
       -1.3191802437913211e+02, 1.2921239506221602e+02,
       1.2879873657192791e+01, -5.3833709136381806e+01,
       -2.5170190408379163e+01, -4.6575436362782616e+00,
       -2.5801597258036043e+02, -2.7270698648994909e+01,
       -1.7567854777285785e+01, -1.1418766080659847e+01,
       -3.4489794128325140e+00, -1.5090087980157405e+00,
       3.0042718428422429e+01, -1.5078162173900719e+01,
       -8.1230976227271201e-01, -1.7017423379327344e+01,
       2.4526669697322525e+01, -2.3846681635754599e+01,
       -3.6218409863154825e+01, 2.8293359599834712e+01,
       -7.5327701399678375e+01, 2.8153491556681542e+00,
       7.8009051167253673e+00, -3.7593902190906165e+00,
       -9.6562014958239686e+01, -8.7257127845992827e+01,
       -3.7582114105488188e+01, 5.9177589699547482e+01,
       1.1970366406248004e+01, 4.1516307239611612e+00,
       -1.6175820591892310e+02, -2.7834377666606315e+01,
       7.4442893594750998e+01, -2.0353914590702168e+01,
       -1.0707785454540224e+01, -5.1304304146625910e+00,
       -2.1570171843848257e+02, 8.9709251729843430e+01,
       4.3380922645426587e+01, 2.8652894561982780e+01,
       -6.2489976014947111e+00, -8.7673047880058572e+00,
       5.9873354654956266e+01, 1.8495849864444375e+02,
       -1.9166975527777417e+01, 1.1039508444018919e+01,
       -3.4097562560546661e+00, -8.6341122087884035e+00,
       2.6604653042490341e+01, 2.4258910957004559e+01,
       5.4804193504801315e+00, 1.2334558845810591e+01,
       9.0205749258369501e+00, 9.3408672492429137e+00,
       -1.5538391369817836e+02, 6.7881685391439689e+01,
       3.5930205220460742e+01, -3.4214994871081004e+01,
       -5.0792395671405428e+00, 4.4301381502758694e+00,
       2.4762751021607585e+02, -1.0110430726989422e+01,
       1.6805899083170892e+00, -7.9878524749230886e+00,
       -1.4392705340498038e+01, -9.5682652827714243e+00,
       1.7522080784711900e+01, 8.5390602795864638e+01,
       -5.3192370095291423e+01, -2.8647783219993308e+01,
       -9.3670591599726993e+00, 1.6757530547695161e+00,
       -5.3329405983078168e+01, 7.7968329032786770e+01,
       -3.4875851662532838e+01, -3.3081618763026832e+01,
       2.1612515064689472e+01, -2.8517674400670301e+00,
       1.1201718427234569e+02, -1.8532390177467327e+01,
       6.7712289015943199e+01, -1.3486524473938591e+01,
       2.1426813521881463e+01, 7.5522858718277741e-01,
       -1.5231715083254468e+02, 1.7966483385649470e+00,
       2.6763668081565157e+01, -2.3489572839707545e+01,
       -4.1766328763794993e+00, -2.5496893852724181e+01,
       1.5390808184399586e+02, 9.8692366349297657e+01,
       -3.9105068556103376e+01, 5.8919661695599359e+01,
       -1.0276375724003655e+01, -1.0274842060927835e+01,
       -1.3920127062169303e+02, 1.3459289401651722e+01,
       4.1918428188740180e+01, 4.5168927219985243e+01,
       3.9339238374949375e+00, 5.1095013934494329e+00,
       -1.8546400339190401e+02, -1.2935383520548223e+02,
       5.3104578795873941e+01, 4.2569705588305020e+01,
       -3.4243168828677192e+01, -1.5056964759126220e+01,
       1.1375048240123579e+02, -3.7068485929932095e+01,
       -5.4253318469448068e+01, 3.8758041563884689e+00,
       -5.6998138786895618e+00, -8.8108931525938861e+00,
       8.1911281577439041e+01, -4.2356433240163135e+01,
       8.3133440300292829e+00, 1.4335468868063172e+01,
       -1.2130800690900831e+01, -7.6112498667274728e+00,
       -1.1816054896336185e+02, -1.3173378394590182e+02,
       2.7801470894499268e+01, -2.4396295944588726e+01,
       -4.2106009283824433e+00, 1.5857468330769539e+01,
       1.3741536465538155e+02, -8.5210245834498281e+01,
       -2.5022647665811707e+01, 5.0320907780552623e+01,
       -2.2892459385974384e+01, -2.7228882695691214e+00,
       -1.7308412619478801e+02, 1.0201182146001551e+02,
       -4.8897865035661901e+01, -3.4171367168823942e+01,
       3.0732124632150106e+00, 4.7727260849015032e+00,
       4.3219613978272896e+01, 5.9738569304386722e+01,
       -3.0322643975623912e+01, -5.5844118935648680e+01,
       1.5028097339571627e+00, -5.9363931989427092e+00,
       -2.5006144218283475e+02, -8.3355612411384968e+01,
       -7.2668988107568842e+00, 3.6778246581009782e+01,
       -2.0280609198947271e+01, 7.5804775813655141e+00,
       -5.3804499322920165e+01, 1.8261102527414366e+01,
       4.7416506443901127e+01, -1.3984403933200273e-01,
       1.9132369201259763e+01, 1.1273136292907624e+01,
       -2.3251082655133350e+00, -1.3845874456730240e+02,
       3.1582850125288786e+01, 6.0299924199495948e+01,
       3.3497535514374363e+01, -1.5883630776071936e+01,
       -9.6418555055781781e+00, -1.5047187644995535e+01,
       -6.7856046566614241e+00, -1.1629903722970148e+01,
       -1.5722162366728345e+01, -1.4761759759149442e+01,
       1.3707702194426139e+01, 3.7593671436929462e+01,
       2.4360310493730868e+01, 5.7034121686323317e+01,
       3.5124128583135835e+01, -2.9897540309581054e+00,
       1.0205066949874201e+02, -4.9674257445046216e+01,
       -2.1315120256552241e+01, 3.5640317723910400e+01,
       -2.7110682438440286e+01, 2.2933645754188927e+01,
       -2.1100523913941775e+01, -3.4886651134684371e+01,
       9.9369927186870967e+01, 3.9538790870362217e-01,
       2.7141935493075868e+00, 1.6613874909395701e+01,
       1.3615064100634629e+02, -2.0493289259384955e+01,
       -7.8653876956024419e+01, 1.2083131847634778e+00,
       -1.1542117453091478e+01, -8.7012475813048091e+00,
       9.4578673274699199e+00, -9.5219670388254187e+01,
       -2.1200937181412147e+00, -1.1965004650125911e+01,
       3.3616254865711070e+01, -1.8787220961241968e-01,
