%YAML:1.0
means: !!opencv-matrix
   rows: 37
   cols: 7
   dt: d
   data: [ 1.5445906030375227e+02, 9.6340167593349957e+00,
       4.6786297675737423e+01, -8.4097722329018563e+00,
       4.6678545752188247e+00, 2.1212746577371111e+00,
       -2.6541288521688361e-01, -1.7073381327134452e+01,
       3.1958836926219483e+01, 7.7616630030718492e-01,
       -1.5425525913070864e+01, 6.1587272720310517e+00,
       -5.5471778056422905e-01, -6.9473940341364315e-01,
       -1.2334547682189054e+02, -9.0788281061436081e+01,
       2.0725535497733279e+01, 4.8980567998620337e+01,
       -3.4966747179537885e+00, -1.5301612878549888e+00,
       5.7090609092544609e-01, -1.5549297497410024e+02,
       5.9548087858308882e+00, 3.7061457725227569e+01,
       1.1527635882067434e+01, -6.6281308187009786e+00,
       2.5597680309910626e+01, -1.5414863594540102e+00,
       3.7903551482164950e+01, 3.6512528579530810e+00,
       8.4693430132307583e+01, -1.7146879584534862e+01,
       2.2049589702249797e+01, -1.4405740584101880e+01,
       -1.1871893282154731e+00, 6.5924941812168498e+01,
       1.1176094002625837e+02, -1.4240465054319134e+01,
       3.9436115646808673e+01, 1.4329846449383933e+01,
       5.0831653377375130e-01, 4.8411875696269574e-01,
       -1.2755108491844300e+02, -5.2330952676731584e+01,
       3.8173087474735610e+01, 3.1010526559014320e+01,
       2.3667413730711835e+00, -9.3860004730308955e+00,
       3.4898663276711326e+00, -1.4892129621159262e+02,
       -1.0160034451123336e+02, 2.7911304644604602e+01,
       6.8871755213495945e+01, -1.8228762531114750e+01,
       5.9311798043999342e-01, 3.8313622955551696e-01,
       -2.1454335036056139e+02, 6.2042892999484522e+01,
       3.5220596242547757e+01, -3.4683259927533058e+01,
       -1.5870590604423555e+01, 6.0837227948736761e+00,
       -1.7736634002652376e+00, 8.2815317480680505e+01,
       1.2151147345411710e+01, -2.7259107699969654e+01,
       -2.9277047976153217e+01, -2.9866679185228591e+01,
       -1.7832288167468022e+01, 1.8988162873572512e-02,
       1.3239950651364785e+02, 3.1324887024805523e+01,
       -2.9418109788483150e+01, -1.3578166985528652e+01,
       -5.4806146095887183e+00, 2.0636559606316656e+01,
       -9.1321362730192224e+00, -2.0714310213554680e+02,
       1.2170599950851012e+02, 4.9008381120340928e+01,
       -5.8047955770830363e+01, -2.0331897583020570e+01,
       3.6896725234788462e+01, -6.5776739293179123e+00,
       1.5025276156402285e+02, 3.0699753165835851e+01,
       -4.2095341648056234e+01, -1.6089165927882203e+01,
       -1.2988398013209506e+01, -7.5887353263687496e-01,
       2.7463018967129438e+00, 6.5118688168350815e+01,
       -6.0768477984189495e+01, -2.9098876074418197e+01,
       4.3236701172055803e+01, -1.0638474512306553e+01,
       5.8539935634781957e+00, -1.2234890077054475e-01,
       -2.0837931669252711e+01, -1.2139396375407708e+01,
       2.0368000962436483e+01, 2.6282273870920740e+01,
       3.3386343988817472e+01, 2.0641840774740343e+00,
       -6.5050934904772433e+00, 1.2256424536091599e+01,
       4.1352363025167325e+00, -5.9304307051414320e+01,
       -1.0603533743893127e+01, 1.6250529564621395e+01,
       5.5408503892075123e+00, 6.4234075025537318e-01,
       -9.9823891593451833e+01, 2.0659850084706139e+01,
       1.0300455129701071e+02, -1.7212500936725327e+01,
       -9.5910257226651741e+00, -9.1410773354797581e-01,
       3.4937092598046993e-01, 6.7674663822687080e+01,
       4.2671184285339777e+01, -1.7477441580519319e+01,
       -3.9985357357920357e+01, 1.5878791109702013e+00,
       -1.6215864351615352e+01, 1.3377807083168305e+00,
       -1.3423306126859930e+02, -9.9465805036133318e+01,
       2.7548144761012328e+01, 6.7024348435497700e+01,
       -1.8697824529525874e+01, -1.1545273017332647e+00,
       -1.9378607503319770e-01, 1.0060480452831275e+01,
       1.5814644460232503e+02, -1.8005302613621355e+00,
       -8.6906411434661877e+01, 1.5870957863423767e+01,
       1.7301689252930142e+01, -5.3751066626865962e-01,
       2.9046593033116350e+00, 4.6531111545714793e+01,
       1.6791923477224366e+01, -3.4060592220453685e+01,
       3.7506416644538383e+01, -1.0908363861016483e+01,
       2.4863285791175262e+00, -1.1199296966634027e+02,
       9.5164304698601882e+01, 2.1303921723199821e+01,
       1.4572641869770045e+01, 1.1884941316707621e+01,
       -1.4429773991047711e+01, 1.2130592902448689e+00,
       -1.1956899279696415e+02, -4.0190458720459809e+01,
       1.5849043622927759e+01, -4.1654534109445585e+01,
       1.4919162866839930e+01, -1.2855532098256177e+01,
       1.8135739343215806e+00, -2.2930343825502032e+01,
       -1.3116206583298418e+01, 4.1751391603502253e+00,
       -1.3806317697176262e+00, 2.7823943585434844e+01,
       -4.9531955080534713e+00, 4.7892206058836723e-01,
       8.0697062660483141e+01, -2.3670961595340472e+01,
       3.3138949022429287e+01, -2.7003749856360360e+00,
       2.2672471731612806e+01, 6.7312075304388417e+00,
       1.2407832329813764e+00, -2.1719705460975405e+02,
       -1.3543607894784518e+01, 4.0514020200321475e+01,
       1.6605791787262369e+01, -1.0420299695880129e+01,
       1.0609978155194492e+01, -1.5051469699511164e+00,
       1.0178984553477052e+02, -9.6284133882814146e+01,
       -4.2812851937619669e+01, -2.3747786610284631e+01,
       2.1500414699456352e+00, 1.5097966811417741e+01,
       -9.4968002871234547e-01, 1.1323700522819404e+02,
       -4.4686614001145536e+01, -3.1949226762895766e+01,
       3.5291103985679875e+01, -2.9910911375890730e+00,
       1.3465764166553527e+01, 6.4530901928126133e-02,
       2.8448568964113228e+01, -1.0064152478563682e+02,
       -1.0626097884156382e+01, 6.8200324383131203e+01,
       -4.1481021622899110e+00, -1.4765522877654580e+00,
       2.0663462555726113e+00, 1.3720536311290749e+02,
       1.9975699776535905e+01, -6.0698002064770378e+01,
       -5.6282930910305407e+00, -6.3467287879388810e+00,
       1.3044692633175718e+01, 2.2651351645376469e-01,
       -2.9162812449191019e+01, -7.9520533256849646e+01,
       1.0960326628703404e+01, 4.6982403178443960e+01,
       1.4349451763723682e+01, -1.7975043943752986e+00,
       1.6993674564163661e+00, 8.2268779188905199e+01,
       1.7789114006976877e+01, -2.2218561708419202e+01,
       -3.3165074621194819e+01, -2.4953531210078083e+01,
       -2.0373454212748950e+01, 1.3351485878175260e+00,
       2.2596640741402260e+02, 5.6688678978623050e+00,
       1.0500432284770381e+01, -1.7003066255128423e+00,
       -8.0852228196592382e+00, 1.0675258901557221e+01,
       -1.1566307010848220e+00, -3.2742939291069471e+00,
       4.0262340175582132e+01, -3.7120044737043284e-01,
       -4.1414260211460793e+01, -1.3428425290337136e+01,
       -2.2842745455841847e+01, 2.2042771027193604e+00,
       -1.0031001336896672e+02, 8.3862267016864550e+01,
       -4.3326880482613916e+01, 3.1812099351088207e+01,
       2.9367211036136993e+01, -9.8292524795469127e+00,
       2.3847164511740315e+00, 8.2431394750670620e+01,
       -1.9345095557084043e+01, -2.2696004556188665e+01,
       1.3179625834166574e+01, -3.5354967548834964e+00,
       7.3498530448532966e+00, -5.3944215070125878e+00,
       -1.5717570086034192e+02, 7.0564085397254004e+01,
       2.9914936426969273e+01, -5.1307612734589668e+01,
       -2.1323425326891694e+01, -6.8692043926105990e+00,
       -1.4362306185866327e+00 ]
