%YAML:1.0
means: !!opencv-matrix
   rows: 47
   cols: 7
   dt: d
   data: [ -6.6121780995444610e+01, -3.3010080710051774e+01,
       2.9935969569894873e+01, 1.9981437925959170e+01,
       2.2090317211853868e+01, 1.4429849718641918e+01,
       2.1925742448151406e+00, 1.8532711675351911e+02,
       1.4133235169539704e+01, -5.1351378510764931e+01,
       1.2877042183917526e+01, -9.0394352448243822e+00,
       -6.4705608247939885e+00, 1.4446422217735064e+00,
       -3.6168346571231289e+01, -4.3290911751042700e+01,
       -6.1651244222096274e+01, -1.2033055865344762e+01,
       1.4047447247961657e+01, 8.4492690480439492e-01,
       -4.7141749178424402e-01, -2.1995252283972064e+02,
       2.0938381166023955e+01, 4.7743308653791580e+01,
       -2.5479611496798075e+01, -1.4428957988872709e+01,
       -1.4484203686092103e+01, -2.2796721301515954e+00,
       1.1768709822119332e+02, -6.9084686423175356e+01,
       2.3959862582187302e+01, -2.0102629067276592e+01,
       1.2485403681595205e+01, -1.0025147881239520e+00,
       -6.0065914807447196e-01, -1.2899183508692963e+02,
       -5.6598689311542735e+01, 3.8418243876992712e+01,
       3.1156255275961051e+01, -1.6715926876125742e+01,
       1.8875448384361121e+01, 9.1133370256537227e-01,
       -5.9629387294704358e+01, 5.9844652459000670e+01,
       -5.1939267852433467e+01, 5.9282442831485184e+01,
       2.7699556384256574e+01, -1.9134637834333619e+00,
       9.4217210828092246e-01, -1.1838681447718240e+00,
       -1.2987429303333272e+02, 2.4885898739140163e+01,
       5.4909386809447099e+01, 2.7331673234196685e+01,
       2.2152596018888535e+00, 7.1978553111446086e-01,
       6.2762050902307735e+01, 6.0366748588547544e+01,
       2.9647717411343962e+01, 5.6030905578834805e+01,
       2.3895543140705552e+01, -3.0883269512809894e+00,
       -5.1501448501360003e-01, -1.4548944854689918e+02,
       1.0265564176196925e+01, 3.6901710728449324e+01,
       -1.9421255565581806e+01, 5.9438346066485384e+00,
       -8.0718326701671419e+00, -3.2843301642257050e-01,
       -1.5412728062431992e+02, -1.2646282766651936e+02,
       4.7650721439979861e+01, 4.5691231981142607e+01,
       -3.4267014585707578e+01, -4.9902795725812430e+00,
       -8.0750920533428960e+00, 6.6614840496860012e+01,
       1.1003764617170221e+01, -2.5644773641007269e+01,
       -7.1782997264570856e+00, -1.1709088822713417e+01,
       -6.2222501658866021e+00, -1.7490360013513304e+00,
       4.5918634514555755e+01, 1.0880378537895862e+02,
       -3.1888736525538171e+01, -5.3940190739124212e+01,
       -1.1403234580082270e+01, 1.1616933771984574e+00,
       2.5513583722138975e+00, 1.7176129380270044e+02,
       1.4204233813341565e+02, 1.1885451996978754e+01,
       2.6715678616563473e+01, -5.0450155166739865e+00,
       -1.3576983190403993e+01, -7.1360416399644466e-01,
       1.0782510529315992e+02, 4.3476358166847454e+01,
       -4.0185302960474161e+01, -1.3983163328612884e+01,
       -3.6479878951829892e+00, -1.3287334607691163e+01,
       -4.9426152251616493e+00, 1.5824745551976724e+01,
       1.8181005386377163e+02, -1.3671451463428467e+01,
       7.1983606829171149e+00, -6.6720923984279912e+00,
       -1.4706134489192582e+00, 7.4208342586940490e-01,
       1.6844344812084523e+02, 8.0583504048886390e+00,
       -4.7229669496152844e+01, 4.5532362921528851e+00,
       -1.6791948705733741e+01, -1.1940534597893727e+01,
       4.3459450275030581e-01, -1.4935010163187357e+02,
       -1.2168662170695170e+02, 1.7457576518133077e+01,
       -4.7587210518297972e+01, 4.1741253449385169e+00,
       7.7244917279999701e+00, -1.9104094166393618e-01,
       -1.9622561543362292e+02, 7.6482040353780405e+01,
       3.2124086874840835e+01, -4.4339036321834399e+01,
       -1.9265223879781981e+01, -5.4140330515777126e+00,
       -1.0461195186270436e+00, 1.0103374522839768e+02,
       -4.8598263567039005e+01, -2.1486750241184492e+01,
       3.5627025375557004e+01, -2.7422530074302955e+01,
       2.2641473101562319e+01, 1.1339846310320527e+00,
       9.6113095457276607e+00, -8.0382263393759004e+01,
       2.1642640267689250e+00, 2.2849512003080775e+01,
       -8.8826293981572597e+00, -1.3177789185434788e+01,
       -1.2639915264815575e+00, -1.8229536903358340e+02,
       -1.3568850941701285e+02, 5.3621068372667608e+01,
       4.4581749707086850e+01, -3.5978684726030352e+01,
       -1.4583666838924632e+01, -4.0200463660928643e+00,
       6.9904061891890365e+01, 3.5804438719887539e+00,
       -8.2077091541353923e+01, 2.4926344264450115e+01,
       -7.6327183099093903e+00, -2.2178072142102194e+00,
       -7.8467013119136540e-03, 3.3131509266590080e+00,
       -4.7511139901229505e+01, 1.1361419729498955e+01,
       4.7795802950850375e+00, 3.8327694580181436e+01,
       -1.4860839034229369e+00, 1.3383438554519056e+00,
       2.0986547052277377e+01, -7.4606802047001210e+01,
       1.1866974634257449e+01, 4.0371145403898048e+01,
       -7.6616797254051250e-01, 2.5036873158121359e+01,
       2.6322934277738361e+00, -8.3681533970209276e+00,
       1.2146840369570303e+02, 1.7244858539509810e+01,
       -3.0203758284430883e+01, 1.8235033693940505e+01,
       -1.4944468113480220e+00, -1.2920086902065282e+01,
       1.1583842257561827e+02, -2.4718597272013984e+01,
       -2.5637977059885863e+01, 1.0092649244143272e+01,
       8.2491332497877305e+00, -5.6365320599009223e+00,
       5.7478477215169432e-01, 8.0323658565198990e+00,
       -5.7446186121789413e+00, 3.7326329579689763e+00,
       -6.2421499002494327e+00, 3.7185482617744434e+01,
       -1.7756961532902210e+01, -1.4343365278354168e+00,
       1.0130879560339607e+00, -1.4345223556021546e+01,
       9.2971721513222079e+00, 5.0254591045142636e+00,
       9.6557561238520755e+00, 1.6763257828896634e+01,
       2.2233500161637516e+00, 1.2601276272467496e+01,
       -2.3967747266813143e+02, 8.4371540597472716e+00,
       7.6240693263369934e+01, -8.8430661274439237e-01,
       -3.2931613404087734e+01, -2.9374895453992305e+00,
       8.1713984769190120e+01, 6.7632134825181637e+01,
       -3.2711045356048338e+01, -2.9923452848726320e+01,
       -1.4688645222354964e+01, -4.1921287164977041e+00,
       -4.7427182840062505e+00, 4.4976882820902205e+01,
       -7.3120942912721210e-01, -1.6581002169170752e+01,
       -2.1692226943806503e+01, 5.6876869003815536e+00,
       -2.9638423429236180e+01, -6.5460517680305390e+00,
       9.2134537730916266e-01, 7.4494941522758651e+01,
       -2.1195852798532751e+01, -4.7824497948029780e+01,
       1.2922259576678378e+01, -3.8984132005150234e+00,
       1.6398749976391480e+00, -1.3506917598290531e+02,
       1.3049560176683298e+02, 1.1827295388035377e+01,
       -5.3606437779276590e+01, -2.5197708005847876e+01,
       -4.5289885865444877e+00, -3.6914173178495691e-01,
       -1.3038201313641508e+02, -7.6160757345416812e+01,
       4.2710670816627733e+01, 1.0999627826630350e+01,
       -5.8076543874368571e+00, -2.8521595464918253e+01,
       -3.3211365763544554e+00, -1.5334611536104171e+02,
       6.0365257753761668e+01, 3.1825220816445984e+01,
       -2.8490137641938958e+01, -1.5420583960615730e+00,
       6.8191947590443265e+00, 1.7936391533662683e+00,
       -1.4976143678073853e+02, -4.0445178173548918e+01,
       8.2877149571194025e+01, 7.1585199232494368e-01,
       -1.5243583290389143e+01, -2.9111719255852314e-01,
       -8.9611833923046813e-01, -1.7928056531691443e+01,
       -5.9432511784701711e+00, 8.0116500860114073e+00,
       -1.7785863702658201e+01, 3.1330055385523735e+01,
       1.2822977540630995e+00, -1.0226773710354706e+00,
       1.1333800314971686e+01, 1.3256270590726075e+02,
       -2.4628979854041514e+01, -5.7768736781730738e+01,
       -7.4194236552934827e+00, 2.5196582500188431e+00,
       2.3880767124060571e+00, -2.6974170173047719e+02,
       -4.2926271233724279e+01, 1.7268197185583620e+00,
       2.4947053665717114e+01, -1.3747933563628020e+01,
       4.8852042184324485e-01, -9.6363445655914115e-01,
       1.3271073765078856e+02, -9.1177083836948285e+01,
