%YAML:1.0
means: !!opencv-matrix
   rows: 48
   cols: 6
   dt: d
   data: [ 8.1880810672642440e+01, 5.0232243273129811e+01,
       5.9303046799141207e+01, 6.2574181178585455e+00,
       2.0827085589165780e+01, -1.5909149959284612e+00,
       -1.1837054962645870e+02, -3.9590140098304509e+01,
       4.1498993986290806e+01, 3.8422932187028195e+01,
       -1.3831649248607311e+01, 2.0468087984609760e+01,
       -1.3531883086204047e+02, -7.9446231841423312e+01,
       4.2014903474768019e+01, 1.0504969252954591e+01,
       -6.6048947727231599e+00, -2.9724738945473909e+01,
       1.7088342753200240e+02, -5.2746288902021021e+01,
       -3.9465621958976470e+01, 4.5403284160060373e+01,
       -1.4797567985496542e+01, -7.3189068489739144e+00,
       -2.8722406303654139e+01, -1.1910785112492398e+01,
       1.5045506505802232e+01, -2.7844944593916265e+00,
       3.2459656111196800e+01, 1.0664238578707207e-01,
       -4.8523710328275357e+01, 1.2320899111561984e+02,
       -8.3903385606873996e+01, -2.9979170629427987e+01,
       -3.8271931956554233e+00, -7.0124217393670873e-01,
       1.1227024113395417e+02, -7.5232516594415856e+01,
       2.0229910857370701e+01, 5.2601130409034191e+01,
       1.0222685851808786e+01, 2.5132838788398200e+01,
       4.5488260657216571e+01, 8.6296986531369853e+01,
       6.3497781905848271e+01, -5.3847472336960763e+01,
       1.0740505929877568e+01, 2.5813141522116747e+00,
       2.2191104388057568e+01, 7.5150009940945409e+01,
       8.6706041444626898e+00, 5.9764635471624118e+01,
       2.7658598725258628e+01, -6.1133147499461389e+00,
       9.4567272970407203e+01, -3.6176460147664514e+01,
       -2.1513593781383626e+01, 3.2933567840091165e+01,
       -3.0422797212456167e+01, 2.9363146886808316e+01,
       1.3111396249586488e+02, -5.7629235341210894e+01,
       -1.6115047392612716e+01, 5.7523695265035684e+01,
       -1.3007464877794471e+01, 1.1110550443441545e+01,
       -9.0777350604345159e+01, 8.8506795988435627e+01,
       3.1327590420135614e+01, -5.6582109948607034e+01,
       -1.9282006205772919e+00, 5.0943159538027993e+00,
       1.0435911873135539e+02, -5.5324197098757615e+01,
       -2.1419784801763452e+01, 3.9557559641592277e+01,
       -2.4695822342702513e+01, 1.8061421103462774e+01,
       -2.2449952416653950e+01, 5.8852462756614230e+01,
       -8.1840876303937460e+00, -3.4062184113590199e+01,
       2.4528915774389560e+01, -3.4185616288943099e+00,
       7.7888014947209882e+01, 9.8376865205948263e+01,
       -3.1250006582174084e+01, -5.0466845063653395e+01,
       -9.8181859926980586e+00, 1.8547953362155581e-01,
       -1.7192565629349386e+02, -1.5641889961040692e+02,
       5.1800765721680385e+01, 5.2624132614986372e+01,
       -4.0993295404900152e+01, -1.9415826941267770e+01,
       4.9432502693649134e+01, -6.4540027261327012e+01,
       -1.0724277343698867e+01, 4.1711395063294141e+01,
       -3.2463067337189337e+01, 2.8687872972921284e+01,
       -1.4174664288780368e+01, 1.0867270058573608e+02,
       -2.0625956428616295e+01, -2.1783944381210592e+01,
       1.3415291174729852e+01, -6.7393060579037245e+00,
       2.9686556146857061e+01, 3.9037533666234182e+01,
       -2.4038818631152722e+01, -8.6613386296064164e+01,
       -4.3762408705721354e+00, -7.0723296258807666e-01,
       -1.6128176697325113e+01, -5.8805451309028250e+01,
       -3.8083436173634027e+01, 6.7171813112316315e+01,
       4.7086828591662240e+00, 2.4736822244303497e+01,
       1.3430888606217670e+02, 9.4553839970958251e+01,
       3.8721555451910092e+01, -5.1746012378719463e+01,
       -1.4029481369559763e+01, 1.0792537805486182e+00,
       1.3905964564774757e+02, -1.1894289429188822e+00,
       -3.7275554985538072e+01, 1.6109783919069802e+01,
       -1.8831350889780797e+01, 7.7822361809109069e+00,
       1.0300936660159388e+02, -7.5523379800292602e+01,
       3.6348677188653689e+01, -5.0671316025447886e+01,
       1.6553341868781882e+01, 3.9424298367732318e+00,
       1.1750380663522964e+01, -1.6381573573871381e+02,
       2.4930204207135098e+01, 6.0529172413565149e+01,
       2.8183231449675613e+01, -2.5917500088164019e+01,
       -1.7478363162817024e+02, 4.6202623244406844e+01,
       3.8400937674424306e+01, -3.6809321689756899e+01,
       -9.5274475310524736e+00, -1.7172265774824893e+01,
       1.0756748953142640e+02, -2.8728595504155852e+01,
       -2.1361137170881754e+01, 2.9101753779343266e+01,
       -7.4275884839060069e+00, -1.4734258334255987e+01,
       5.4585398704667924e+01, 1.6780205879135406e+02,
       7.1679347854085105e+00, -2.4912192018969527e+01,
       -4.5977477367044592e+00, -3.8592862358040811e+00,
       -1.3309542972650024e+02, -5.7292885211858291e+01,
       -3.0001858583682562e+01, 4.3182255215114623e+01,
       2.4485566708922789e+01, 1.2372075954759143e+01,
       -2.4892102260718278e+02, -1.1242088850044742e+02,
       -1.4302283479276463e+01, 2.4556470927122913e+01,
       -2.1361072549159179e+01, 7.3718962681636357e+00,
       1.2460387376772448e+02, 1.4952710614490411e+02,
       -2.7180769966540279e+01, 3.5148886723433954e+01,
       -6.8675444826115948e+00, -1.0759599562617581e+01,
       -4.8239649308183893e+01, -1.0366650074785875e+01,
       -3.9829514906278909e+01, 2.5094370173527394e+00,
       2.3350201116285888e+01, 4.0022465920756103e+00,
       -1.3790882171320351e+02, 6.1181905344690016e+01,
       5.3921726657399446e+01, 1.8695454910621457e+01,
       2.7284380525713456e+00, 3.6507064277109560e+00,
       2.6321714269484549e+01, 1.8424114969660994e+01,
       -2.2513570601341677e+01, 8.1916361315216371e+00,
       -9.7998744854332021e+00, -3.2882132737586485e+00,
       -2.1151384134743560e+02, 8.2778321890367963e+01,
       -2.8790126180912800e+01, -2.5017294135953620e+01,
       -1.2974162065670578e+00, 4.8146573371527266e+00,
       8.1662599912985257e+01, -2.8172573217931149e+01,
       -2.1596108033830220e+01, 1.5329287184334285e+01,
       1.4382384781522196e+01, -7.6785615287082605e+00,
       1.0599967672605953e+01, -2.2945534046908125e+02,
       9.3729527876538548e+00, 7.8345973307753482e+01,
       -3.3675580904616362e+00, -2.7306293996198335e+01,
       -5.1666924230316219e+01, -2.1374118809661741e+01,
       1.0655970981310975e+02, -3.7706647208761721e+00,
       -1.8787265206408625e+00, 8.9317592722711332e+00,
       8.0777527066223964e+00, -8.4342922779582139e+01,
       2.5123540249452979e+01, 2.8014739470579173e+01,
       3.8409932787283239e+01, 8.3189744157195680e+00,
       -2.8887841444061678e+02, -1.2237703829967661e+01,
       -1.3573863134952406e+01, 1.7241892219765633e+00,
       -8.1294127631128390e+00, -7.5541724772500922e+00,
       -1.4025702210194748e+02, -7.6386843495872228e+01,
       3.0053662918665776e+01, -4.9716006857925777e+01,
       1.6359786158616156e+00, 4.5064884486010897e+00,
       1.5829562690405112e+01, -1.7298394558893637e+01,
       -1.6077248460556802e+01, -2.3868103368856520e+01,
       -5.9611129780536505e+00, -2.5491131514291041e+01,
       -1.3489763953027347e+02, 1.2856712452119919e+02,
       1.1549868480843717e+01, -5.3955100301594982e+01,
       -2.5217894328436113e+01, -4.7797202062074033e+00,
       -1.7471397603916597e+02, -6.8205612028237397e+01,
       5.7687283452423735e+01, 1.7544263679962423e+01,
       -2.1197849367045961e+01, 3.1036377616781570e+00,
       3.3136663059413280e+01, -1.8238878953024192e+02,
       4.1737793353224428e-01, -1.5914476830852455e+00,
       1.3131418144380460e+01, 1.7758702284754314e+01,
       2.3913078870138679e+02, 6.2822151846631549e+00,
       4.9438417058439796e+00, -9.3290992718192705e+00,
       -1.4380446586924053e+01, -1.0124506053097219e+01,
       9.2010331800069579e+01, -6.2398929674216468e+01,
       -5.4185993708130603e+01, -5.5071808214986838e+01,
       -5.3283002693955206e+00, -5.9424216746293923e-01,
       1.2250517673972185e+02, 2.3917105242790475e+00,
       -7.8191910574451910e+01, 1.0579169710236037e+01,
       -1.2301129755585979e+01, -9.8660045771668941e+00,
