%YAML:1.0
means: !!opencv-matrix
   rows: 6
   cols: 12
   dt: d
   data: [ -1.5417436320914169e+02, 2.1748471829903014e+01,
       3.5361235599572971e+01, -9.7079787327380451e+00,
       -9.0086019105185180e+00, 2.9173927555469414e+00,
       3.9889794043929040e-02, 1.3717604881254437e+00,
       4.8923588549105729e-01, -5.4146804165161877e-02,
       -3.9753882769272525e-02, 9.6563834479501311e-03,
       1.3503445535468160e+02, -1.6671012272246244e+01,
       -3.5762230876087386e+01, 1.2459172723377348e+01,
       -4.4615554243355326e+00, 1.2336048025423056e+01,
       -8.1178699608337190e-01, 1.2247145509688917e+00,
       2.4388717445014316e-01, -6.0091606352278150e-02,
       7.6156121985511777e-02, -1.7762077824425994e-02,
       8.1839771602170842e+01, 1.5367091540585857e+01,
       -2.4114991588876844e+01, -3.2208994846608654e+01,
       -2.6497981748951929e+01, -1.9599880813275593e+01,
       8.7701879863941234e-01, -2.3227590194945846e+00,
       2.0831756608552673e-01, -3.8215950691325606e-02,
       1.0570307754561524e-01, -4.3975402269115825e-03,
       4.0091987641707838e+01, 4.9438414930326424e+01,
       -5.7393577066119983e+00, -2.9544023612963894e+01,
       6.6910670291471046e+00, 3.6486189490713183e+00,
       -3.9796092435198775e+00, -2.1984672063489787e+00,
       -2.5121725724065844e+00, -2.2604533556062033e-02,
       -1.1802136811872328e-01, -1.1463092914009909e-02,
       2.9717253516378978e+01, -1.1553999823218366e+01,
       -3.7635953213656967e+00, 9.5967298492224788e+00,
       1.3137736343366873e+01, -2.2180827832650705e+00,
       1.2785972934013976e+00, 5.8805286281490599e-01,
       3.4705996635090169e-01, 2.5674389991764569e-02,
       9.7850213006096736e-05, 1.2642398003327993e-02,
       -1.5427126340797227e+02, -5.5462907706946851e+01,
       3.0704875856129728e+01, 3.4651727167246371e+01,
       -1.0521863422070847e+01, -1.2972950248124890e-01,
       -1.1611250535275210e+00, -3.5959315050577065e+00,
       -6.2413120730249161e-01, 2.2936449162645550e-01,
       -1.8316535539813751e-02, -3.9910876262992660e-02 ]
covs: !!opencv-matrix
   rows: 72
   cols: 12
   dt: d
   data: [ 8.4091929487910165e+03, -7.1379253476252302e+02,
       2.4755126678927199e+03, 7.0504444987492650e+02,
       4.2487708680172562e+02, -3.9698561778639277e+02,
       1.3971476436120548e+02, -3.4351681503124226e+01,
       -1.7954426448394102e+01, 7.8200277600046091e+00,
       -5.4116450533816680e+00, 9.8001578483726126e-01,
       -7.1379253476252302e+02, 9.7281294721215982e+03,
       1.2241683795634353e+02, 1.6918556406366633e+02,
       -4.6633205328565344e+02, 4.6506228520855666e+02,
       -1.1196092380045533e+02, -3.3819009059810625e+00,
       1.1210494996419255e+01, 9.9889277318387393e+00,
       2.4925573518793223e+00, 2.0205176681682807e-01,
       2.4755126678927199e+03, 1.2241683795634354e+02,
       2.5370174549999401e+03, -1.0703159497375343e+02,
       -1.0125543647495626e+02, 6.9205297243206246e+01,
       -3.8211812742230755e+01, 5.2655589428572727e+00,
       1.1698170623124782e+00, 7.4885511885581388e-02,
       1.3140339809405177e+00, -1.4628805218772470e-01,
       7.0504444987492639e+02, 1.6918556406366631e+02,
       -1.0703159497375343e+02, 2.3452010275060657e+03,
       2.2077106660231476e+02, -1.7703158457126028e+02,
       5.0121393223563913e+01, -1.3250040139413359e+01,
       1.4840776581170130e+00, 3.0928602685997886e+00,
       -1.9487302734205660e+00, -2.5927511821819987e-01,
       4.2487708680172574e+02, -4.6633205328565350e+02,
       -1.0125543647495626e+02, 2.2077106660231476e+02,
       1.8850009595064762e+02, -1.1902127288247479e+02,
       2.6966453422061583e+01, -8.5302526240384946e+00,
       -9.7149143546864908e-02, 6.3864840832823191e-02,
       -9.1469698041537473e-01, 1.6307609105357508e-02,
       -3.9698561778639277e+02, 4.6506228520855666e+02,
       6.9205297243206246e+01, -1.7703158457126028e+02,
       -1.1902127288247479e+02, 3.2527026986851007e+02,
       -2.1654933951118036e+01, 5.8727827457003006e+00,
       2.7934911370036994e+00, -1.0879886313759750e+00,
       -5.8840671117569000e-02, 3.6266322319148064e-01,
       1.3971476436120548e+02, -1.1196092380045533e+02,
       -3.8211812742230755e+01, 5.0121393223563913e+01,
       2.6966453422061583e+01, -2.1654933951118036e+01,
       3.0881072771974683e+01, -3.3695906124537194e+00,
       -2.9437822508671214e+00, 4.3151398448318973e-01,
       -1.1760181098220317e-01, 7.1217090636567894e-03,
       -3.4351681503124226e+01, -3.3819009059810625e+00,
       5.2655589428572718e+00, -1.3250040139413359e+01,
       -8.5302526240384946e+00, 5.8727827457002997e+00,
       -3.3695906124537198e+00, 1.3674179459836830e+01,
       -1.5925867468600685e+00, 6.3306319444659331e-01,
       -1.0600472981552186e-01, -5.0196430314679762e-02,
       -1.7954426448394109e+01, 1.1210494996419261e+01,
       1.1698170623124780e+00, 1.4840776581170119e+00,
       -9.7149143546864908e-02, 2.7934911370037003e+00,
       -2.9437822508671214e+00, -1.5925867468600685e+00,
       1.8257514946268030e+00, -1.2131066256418443e-01,
       -5.0187076287418662e-02, -1.3841977230751113e-03,
       7.8200277600046091e+00, 9.9889277318387393e+00,
       7.4885511885581346e-02, 3.0928602685997877e+00,
       6.3864840832823150e-02, -1.0879886313759750e+00,
       4.3151398448318962e-01, 6.3306319444659331e-01,
       -1.2131066256418443e-01, 5.8892665257314769e-01,
       -1.9422677562419978e-02, 1.6871989109750560e-03,
       -5.4116450533816680e+00, 2.4925573518793231e+00,
       1.3140339809405177e+00, -1.9487302734205660e+00,
       -9.1469698041537473e-01, -5.8840671117568986e-02,
       -1.1760181098220314e-01, -1.0600472981552186e-01,
       -5.0187076287418649e-02, -1.9422677562419985e-02,
       3.0304585202756713e-02, -2.7493046418196566e-03,
       9.8001578483726126e-01, 2.0205176681682818e-01,
       -1.4628805218772470e-01, -2.5927511821819993e-01,
       1.6307609105357508e-02, 3.6266322319148064e-01,
       7.1217090636567920e-03, -5.0196430314679755e-02,
       -1.3841977230751108e-03, 1.6871989109750571e-03,
       -2.7493046418196566e-03, 2.6405431011236871e-03,
       5.1120031980770273e+03, 6.3675904526642580e+02,
       2.7385818826923223e+03, -3.0403564565922437e+02,
       -1.7622247024783056e+02, -4.8894769800496547e+01,
       -6.4209940801037362e+01, 1.0699275029237592e+01,
       2.5450662339859988e+01, 1.8447772803903753e+00,
       -3.0122866804343604e+00, -7.1057787707781525e-02,
       6.3675904526642580e+02, 7.0127764474529567e+03,
       -3.3938732353618155e+02, 1.5621072030014168e+03,
       -1.1921595685327986e+02, -1.8815763975170313e+01,
       1.0721421038690107e+01, -3.6630297461863421e+01,
       8.6479293450080412e+00, -5.1458930369325451e+00,
       2.1464488135229418e+00, 2.7961828817678547e-01,
       2.7385818826923223e+03, -3.3938732353618155e+02,
       2.6411168191646298e+03, 1.4728364828872753e+02,
       -8.2062319531759357e+01, 4.8867835367610148e+01,
       2.8144992886470497e+01, 1.5835749719976611e+00,
       -1.1915586488658139e+00, 5.6418683523395812e+00,
       1.4218268324909461e-01, -2.2489162404067142e-01,
       -3.0403564565922431e+02, 1.5621072030014168e+03,
       1.4728364828872753e+02, 1.6501165422244435e+03,
       -2.6261807030823245e+01, -1.4554671359601099e+02,
       5.4084808997977820e+00, 2.5956779143407381e+01,
       -5.2456834023651560e+00, -2.3676263074711650e+00,
       -2.1008118647792651e-01, 1.0951086387091753e-01,
       -1.7622247024783059e+02, -1.1921595685327986e+02,
       -8.2062319531759329e+01, -2.6261807030823245e+01,
       2.8690152800976239e+01, 1.7253516689937101e+01,
       -5.1398596975283404e+00, -4.0856010239555349e+00,
       1.1978805936548786e+00, -3.1682944556673615e-01,
       1.2891933080839427e-01, -9.9579100385125460e-03,
       -4.8894769800496547e+01, -1.8815763975170324e+01,
       4.8867835367610162e+01, -1.4554671359601099e+02,
