%YAML:1.0
means: !!opencv-matrix
   rows: 7
   cols: 8
   dt: d
   data: [ -4.2140471618285915e+01, -1.0031357400302873e+02,
       5.6719696443401473e+00, 6.3573755948191078e+01,
       -8.2446183787758596e+00, -6.2725249116588067e-01,
       1.4968243543237982e+00, -5.0852687829823506e-01,
       -3.4836232360862610e+01, -4.1843760047290424e+00,
       1.7478342682442726e+01, 4.6798030947777480e+00,
       2.5631240172620984e+01, -7.9168082744130865e+00,
       6.0425491199979031e-01, -6.3639881436165469e-01,
       8.1516545373652193e+01, 1.5653009313687647e+01,
       -2.3859675029115301e+01, -3.2294666180051543e+01,
       -2.6436670428373937e+01, -1.9806653253514952e+01,
       9.3403175686812800e-01, -2.3182204068482446e+00,
       -1.8030843588360881e+02, 3.1519241570237334e+01,
       3.9558218332059184e+01, -1.5853099434053359e+01,
       -1.1640819928758663e+01, 5.5551227185430925e+00,
       -1.0586172023106368e+00, 3.2941521063258955e-01,
       1.4251485376561234e+02, -5.0540424088211742e+00,
       -3.9089057238034080e+01, 6.2501666595608780e+00,
       -5.5325135444952958e+00, 1.2416462409673757e+01,
       -9.4427665932256835e-02, 9.3805365833478582e-01,
       1.4023680779559793e+01, 1.0294416987858784e+02,
       1.0677158834686784e+00, -6.3482469640101442e+01,
       8.5884459394588681e+00, -3.8298578984184779e+00,
       2.9660513958928469e-01, 1.5888143998330444e+00,
       6.8710748477014093e+01, 2.3878226331000709e+00,
       -1.4569672252323533e+01, 5.5399111078682539e-01,
       5.7036583971632657e+00, 3.5292118722962744e+00,
       -8.7094868531175385e-01, 5.1685519678622271e-01 ]
covs: !!opencv-matrix
   rows: 56
   cols: 8
   dt: d
   data: [ 1.1255940384359958e+04, 4.1165216652808886e+02,
       1.7107013129822103e+03, 1.5713579900832795e+02,
       3.1244482307288581e+02, 3.6350894921055811e+01,
       6.2731711043008907e+01, 2.0853726360216200e+01,
       4.1165216652808869e+02, 6.3693288903979674e+03,
       -9.7913064543221338e+01, 2.1342699992775756e+03,
       -5.1176219012530083e+01, -8.6984067064449260e+00,
       8.4356593591969556e+01, -2.2330233177861327e+01,
       1.7107013129822103e+03, -9.7913064543221296e+01,
       2.7991635980635829e+03, -3.8333852808438827e+01,
       -1.5993422201756343e+02, 2.6251489319389496e+01,
       -1.2426031113517254e+01, -1.6713453237737916e+00,
       1.5713579900832804e+02, 2.1342699992775756e+03,
       -3.8333852808438785e+01, 1.2128676925365735e+03,
       -6.0773112963094931e+01, -1.3584560557843167e+02,
       -4.1406266915423942e+01, 8.4423612960807581e+00,
       3.1244482307288587e+02, -5.1176219012530105e+01,
       -1.5993422201756346e+02, -6.0773112963094952e+01,
       9.8385535369232727e+01, -8.2419720874984215e+00,
       7.0610901376070405e+00, 3.5864734058950737e-01,
       3.6350894921055797e+01, -8.6984067064449242e+00,
       2.6251489319389496e+01, -1.3584560557843167e+02,
       -8.2419720874984232e+00, 5.4403616137820912e+01,
       2.1392942870528000e+01, -7.0874427473038857e+00,
       6.2731711043008907e+01, 8.4356593591969570e+01,
       -1.2426031113517258e+01, -4.1406266915423949e+01,
       7.0610901376070423e+00, 2.1392942870528003e+01,
       1.9972358475399787e+01, -1.3467617652834318e+00,
       2.0853726360216211e+01, -2.2330233177861324e+01,
       -1.6713453237737894e+00, 8.4423612960807564e+00,
       3.5864734058950731e-01, -7.0874427473038857e+00,
       -1.3467617652834314e+00, 1.5306515116300721e+01,
       6.0088127315106249e+03, 8.8666634532496289e+02,
       2.8165327660192866e+03, -2.2065391220673487e+02,
       2.2082039618059872e+02, 1.9974157602082752e+02,
       -1.4825752316592492e+01, 6.3995548211934734e+00,
       8.8666634532496312e+02, 8.3001815229841650e+03,
       -2.8457062637681167e+02, 8.9304095273717098e+02,
       2.6678105614856059e+02, -1.3521245760547768e+02,
       5.4354401539544057e+01, -2.8764797612277002e+00,
       2.8165327660192866e+03, -2.8457062637681156e+02,
       2.5975015896834698e+03, 1.1964954397811585e+01,
       -1.8730559638661478e+02, -5.0079726429320900e+01,
       -3.2721611291717729e+00, -4.9063873016876904e+00,
       -2.2065391220673490e+02, 8.9304095273717121e+02,
       1.1964954397811578e+01, 2.0505785116596307e+03,
       -2.2744569283399875e+02, 2.9158934534701526e+01,
       -4.4498793541889427e+01, -7.6601602952758432e+00,
       2.2082039618059872e+02, 2.6678105614856054e+02,
       -1.8730559638661478e+02, -2.2744569283399881e+02,
       1.8413899943735467e+02, 2.8307962531316978e+01,
       -2.1928737424645082e+01, 2.4529340194568188e+00,
       1.9974157602082749e+02, -1.3521245760547771e+02,
       -5.0079726429320921e+01, 2.9158934534701533e+01,
       2.8307962531316971e+01, 1.3139167141751648e+02,
       1.6681963251454579e+01, -1.2314746109530615e+01,
       -1.4825752316592496e+01, 5.4354401539544078e+01,
       -3.2721611291717774e+00, -4.4498793541889427e+01,
       -2.1928737424645082e+01, 1.6681963251454579e+01,
       3.2043135354443045e+01, 3.3922105948560568e+00,
       6.3995548211934770e+00, -2.8764797612276984e+00,
       -4.9063873016876922e+00, -7.6601602952758432e+00,
       2.4529340194568179e+00, -1.2314746109530615e+01,
       3.3922105948560577e+00, 1.6623152068787984e+01,
       4.0866190627020210e+03, 8.5255926448827495e+01,
       3.0808203078298570e+03, 1.4375684252313297e+02,
       -1.0415280089617173e+02, -2.2567987617651159e+01,
       -5.2820779849892851e+01, -5.5795464774814185e+00,
       8.5255926448827424e+01, 5.6050560808315004e+03,
       -4.7487533807864779e+01, 2.4698292268509199e+03,
       -4.1238307844221481e+01, -1.3290262735389587e+02,
       4.0521367981430231e+01, -2.5766043312440544e+01,
       3.0808203078298570e+03, -4.7487533807864743e+01,
       2.5756986843490176e+03, 2.9174914085330919e+01,
       -8.1971935516690095e+01, 5.1522571020474793e+01,
       1.6187503503150687e+01, -5.1907559415931601e+00,
       1.4375684252313295e+02, 2.4698292268509199e+03,
       2.9174914085330894e+01, 1.1708807788468541e+03,
       -6.0618684402983639e+01, -8.7551562260237901e+01,
       4.3769768879767597e+00, 1.6905267543899516e+01,
       -1.0415280089617173e+02, -4.1238307844221481e+01,
       -8.1971935516690095e+01, -6.0618684402983639e+01,
       3.5463376682915602e+01, 8.7972104370805848e+00,
       4.3061096656819053e+00, -1.5864933731050822e+01,
       -2.2567987617651152e+01, -1.3290262735389587e+02,
       5.1522571020474807e+01, -8.7551562260237901e+01,
       8.7972104370805848e+00, 8.1864852485603166e+01,
       2.6512088059582595e+01, -7.8414742800370147e+00,
       -5.2820779849892865e+01, 4.0521367981430217e+01,
       1.6187503503150683e+01, 4.3769768879767605e+00,
       4.3061096656819053e+00, 2.6512088059582588e+01,
       2.0001581375521877e+01, -2.5441001218511419e+00,
       -5.5795464774814176e+00, -2.5766043312440548e+01,
       -5.1907559415931619e+00, 1.6905267543899519e+01,
       -1.5864933731050822e+01, -7.8414742800370147e+00,
       -2.5441001218511419e+00, 1.3941320456294514e+01,
       6.2487500047174299e+03, 3.7824382687108651e+00,
       2.9960186760433598e+03, 2.2630828811182425e+02,
       1.3470554420964595e+02, -2.6710183984294747e+02,
       1.0256666987285780e+02, -3.0823469667110324e+01,
       3.7824382687108464e+00, 9.1118368996036970e+03,
       -4.1461218185544759e+01, 5.0226073242696549e+02,
       -4.1741525595527804e+02, 3.2442910470249251e+02,
       -9.7421139369602543e+01, 1.4559412520615199e+01,
       2.9960186760433598e+03, -4.1461218185544759e+01,
       2.4207436624532211e+03, 1.4919651192255200e+01,
       -6.0760754655361353e+01, 6.2201936838083427e+01,
       -2.5071708273288035e+01, 1.4821122971331572e+01,
       2.2630828811182425e+02, 5.0226073242696538e+02,
       1.4919651192255200e+01, 2.1637288187275108e+03,
       1.9488784805718350e+02, -9.7575085617009108e+01,
       4.5091269715278997e+01, -1.6191148990344356e+01,
