%YAML:1.0
means: !!opencv-matrix
   rows: 23
   cols: 2
   dt: d
   data: [ 3.7202644344225874e+01, -5.6585963776958700e+01,
       -7.8587222044796320e+01, 1.8957346416240267e+02,
       -2.3880530434911753e+02, -1.2789268861811672e+02,
       1.2108155308554652e+02, 4.8341681475712299e+01,
       -5.1781775866842096e+01, 4.2752649398952485e+01,
       2.0541955264270740e+02, -8.5247162958233773e+01,
       8.2335290867364019e+00, -2.6515697773723406e+02,
       3.0416915872109637e+01, 1.9200357776472774e+02,
       4.2025555290540737e+01, 2.8453690710970527e+01,
       -1.3056270892745431e+02, 1.8853467307579248e+01,
       -2.1151066970608289e+02, 1.3113989004902035e+02,
       -8.1747157278252672e+01, -1.4228132893482652e+02,
       1.1574579826107544e+02, -2.3781505696439083e+01,
       -1.0688460025669174e+02, 1.0349345979276598e+02,
       2.1086484583585894e+02, 2.0689534961429306e+01,
       -1.9844340391054615e+01, 1.1477211684821211e+02,
       -2.2940011607022646e+02, -5.3209338837674753e+00,
       1.1477393935668900e+02, -1.1608112290565410e+02,
       -5.7287749032577665e+01, -4.0304545879299354e+01,
       1.5745078509861472e+02, 1.3873621882292497e+02,
       1.4992685334458500e+01, -1.3165471227807541e+02,
       7.6031281938718152e+01, 1.1381394470669798e+02,
       -1.4039623089085876e+02, -7.7665902774916475e+01 ]
covs: !!opencv-matrix
   rows: 46
   cols: 2
   dt: d
   data: [ 1.9419715935734991e+03, -6.6443423308995978e+02,
       -6.6443423308995978e+02, 2.0766458620642420e+03,
       2.8572525224582314e+03, 3.0356049096243976e+02,
       3.0356049096243976e+02, 2.9766185275303128e+03,
       2.8502998704956663e+03, -7.6460509242594924e+02,
       -7.6460509242594912e+02, 5.0509158901783676e+03,
       2.1410239702946096e+03, 1.8501784836610014e+02,
       1.8501784836610011e+02, 1.6490734726674877e+03,
       2.2119693702969621e+03, -2.5518603316019926e+02,
       -2.5518603316019926e+02, 1.6231176499064366e+03,
       3.6642291217850966e+03, 5.7536742376925042e+02,
       5.7536742376925042e+02, 3.1766564416079591e+03,
       6.6144215704208818e+03, -5.9583652025552556e+02,
       -5.9583652025552578e+02, 3.8036131248904526e+03,
       3.0204460034094541e+03, 4.7462353071376697e+02,
       4.7462353071376697e+02, 2.7273402930091602e+03,
       1.9867850316080369e+03, -5.6834529288747291e+01,
       -5.6834529288747333e+01, 1.8703083758857879e+03,
       3.0105459648282490e+03, -7.2400410482675625e+02,
       -7.2400410482675636e+02, 1.7966430489986644e+03,
       4.1751261554193479e+03, 1.3225449883746967e+03,
       1.3225449883746967e+03, 5.0315660505933429e+03,
       2.3241046512230923e+03, -1.4254883357513154e+02,
       -1.4254883357513154e+02, 3.2028026849291723e+03,
       2.3574211586490546e+03, 5.7183009415377121e+01,
       5.7183009415377143e+01, 1.8187387846744589e+03,
       2.7924877492435940e+03, -1.9633863005387764e+02,
       -1.9633863005387764e+02, 1.7877351364450512e+03,
       2.8652861838846452e+03, 1.1104835161528631e+03,
       1.1104835161528629e+03, 3.6060675510870374e+03,
       2.0833779165211017e+03, -2.4740661716317811e+02,
       -2.4740661716317817e+02, 2.2473495791422242e+03,
       3.1941636282061900e+03, -3.0688277369349225e+02,
       -3.0688277369349231e+02, 3.6183591551241943e+03,
       2.3887900062007338e+03, 6.7606622892381225e+01,
       6.7606622892381282e+01, 2.6206816770692017e+03,
       2.4317686076859686e+03, 1.8513507886848046e+01,
       1.8513507886848046e+01, 2.2386173913694820e+03,
       3.7938207434573901e+03, -3.4744227587607770e+02,
       -3.4744227587607770e+02, 3.4751525095079905e+03,
       2.2211594096704039e+03, -8.5606126422163936e+02,
       -8.5606126422163936e+02, 2.4631896877593454e+03,
       2.3308023447491819e+03, 3.3824879263457410e+02,
       3.3824879263457410e+02, 1.9219085215590464e+03,
       2.8064302103186556e+03, -2.2861612046383507e+02,
       -2.2861612046383496e+02, 2.6953069473080222e+03 ]
weights: !!opencv-matrix
   rows: 1
   cols: 23
   dt: d
   data: [ 6.1845907476855796e-02, 2.7886770546595968e-02,
       3.2381907082865910e-02, 5.1205459878108442e-02,
       5.5520148624500686e-02, 3.8991024411358891e-02,
       1.5521075556471621e-02, 2.8993534137052246e-02,
       7.5914730152555676e-02, 4.7368066705223678e-02,
       2.9592327020997115e-02, 4.3008836536840851e-02,
       6.2103944238195215e-02, 3.3077268424769345e-02,
       3.9049790262167094e-02, 4.3797321911706960e-02,
       4.0498183411940746e-02, 5.4502852999174144e-02,
       5.5416569808792823e-02, 2.8969536480899012e-02,
       4.9861434383280362e-02, 4.5247218381191862e-02,
       3.9246091568440479e-02 ]
pca_proj: !!opencv-matrix
   rows: 2
   cols: 21
   dt: f
   data: [ 1.02604255e-02, 8.46533298e-01, 5.67100069e-05,
       -5.08859605e-02, 4.68450844e-01, 1.89823491e-04, -5.55210514e-03,
       1.46431834e-01, -1.98076777e-05, -7.31809530e-03, 1.34976640e-01,
       -4.80776835e-05, -6.69380091e-03, 1.46460637e-01, -1.57161594e-05,
       2.11501210e-05, 1.32904761e-05, -3.16381829e-07, -1.62182951e-05,
       4.47223283e-04, 4.04881848e-06, 8.19958210e-01, 1.87153444e-02,
       -7.93817599e-05, 4.28530097e-01, 8.29724409e-03, 8.75842488e-06,
       2.28233948e-01, -2.37727305e-03, -1.84168690e-04, 2.08515689e-01,
       -1.20344283e-02, -2.14158339e-04, 2.18838796e-01, -7.27251405e-04,
       -1.84816250e-04, -3.05604735e-05, -5.04301033e-06,
       -1.27042276e-05, 6.79167337e-04, 1.30049409e-06, -1.63660501e-04 ]
pca_mean: !!opencv-matrix
   rows: 1
   cols: 21
   dt: f
   data: [ 4.33646118e+02, 2.44701981e+02, 1.49672687e+00,
       4.18191803e+02, 2.60206879e+02, 1.62062907e+00, 3.68545319e+02,
       2.27059875e+02, 1.69770968e+00, 3.19420807e+02, 1.63929108e+02,
       1.75046074e+00, 3.16613464e+02, 2.25532654e+02, 1.70717156e+00,
       1.08872897e-04, -9.74175637e-05, 6.24380555e-05, -2.17504916e-04,
       -2.50119597e-01, 1.75055194e+00 ]
gamma: !!opencv-matrix
   rows: 23
   cols: 1
   dt: d
   data: [ 8.1158488618305213e-01, 8.6945158795181132e-01,
       9.0140663200237248e-01, 8.2134184321453463e-01,
       8.0702151671502631e-01, 8.7803947428534479e-01,
       9.0640057658695539e-01, 8.6233098785613549e-01,
       8.0785653548102521e-01, 8.2675164263609879e-01,
       8.9722933561735385e-01, 8.5720478191206384e-01,
       8.2494556724026069e-01, 8.3733310408323403e-01,
       8.6783641772648790e-01, 8.3167487164756859e-01,
       8.8418452356598720e-01, 8.5274414915519681e-01,
       8.2209412404806481e-01, 8.8285033366312482e-01,
       8.3684074695361976e-01, 8.2885463938277382e-01,
       8.5748552431150415e-01 ]
