%YAML:1.0
means: !!opencv-matrix
   rows: 18
   cols: 12
   dt: d
   data: [ -2.0529768904975484e+02, 2.8980134981045316e+00,
       4.1298258123915843e+01, 2.3160391029859824e+00,
       -8.7213316544388313e+00, 9.4641871719934425e+00,
       -2.3987636757740707e+00, -3.4642316693674520e+00,
       -1.3571787632082215e+00, 3.4443518894987052e-01,
       -2.7869123710078197e-02, -8.7683901972933867e-02,
       5.7047287948203667e+01, 2.5436924058856953e+01,
       -8.9175630232639058e+00, 3.4843680499747025e+00,
       1.3176888904637352e+01, 8.2248929396536941e+00,
       3.6454971972613488e+00, 1.1633889743597781e-01,
       5.4352709011020059e-02, 1.1631184074325800e-02,
       1.7325472079062963e-02, 3.9900333031188645e-02,
       1.1266875043854192e+00, -3.9523493371911073e+01,
       4.6907341322463081e-01, 3.1995117299031222e+01,
       -3.0352052795071884e+00, 2.7385937439423182e+00,
       -2.3174452377521168e-01, 4.8008947168854665e-01,
       -1.2907566839617760e-01, 2.4925072072294741e-01,
       -2.1743949449335692e-01, 8.6113667243454026e-02,
       1.2129298657012045e+02, 2.7953474082124643e+00,
       -1.8782978440365511e+01, 5.8390913453449169e+00,
       -3.2742924589507927e-01, 2.1852955139820935e+01,
       -1.3717167953283196e+01, -7.5686127619318730e+00,
       -6.7427825467777120e+00, 2.2640473781495642e+00,
       6.4102648041178885e-04, 1.5644963898821255e-02,
       -1.5870104966838304e+02, -5.9748010241677010e+00,
       3.9475064097198214e+01, 8.6569217544155634e+00,
       -3.6789363885858597e+00, 3.1725259226596876e-03,
       1.3915377737496046e+00, 1.2491158423909763e+00,
       5.3699062718145774e-01, -9.6650702633338678e-02,
       -9.0386461854037731e-02, 8.5571895119647915e-03,
       -6.0045057723667497e+01, -8.3408199552551636e+01,
       1.6753925130451741e+01, 5.0310864555601114e+01,
       8.2938937466100171e+00, -4.4997287119079568e+00,
       1.8608938394009067e+00, -5.2391498794499036e-01,
       2.2087392667940300e-01, 2.0870681682739766e-02,
       4.3285461202772053e-02, -8.4433747160017371e-03,
       2.1427049103661417e+01, 1.3383571381776321e+02,
       -4.4465406752805654e+00, -7.6828454785970493e+01,
       6.5165548176159769e+00, 7.0939479797350309e+00,
       4.4770259946203456e-01, 1.9496442394014506e+00,
       1.5783140477120579e+00, 3.7144687439266527e-01,
       -7.4223498071591107e-02, -2.3860973635098089e-02,
       1.0017144043816513e+01, 4.5777896881317808e+01,
       1.0813270598562628e+00, -3.0676689932111600e+01,
       1.6440708187570316e+01, -1.7541467210350003e+01,
       2.6789500066849290e+00, 7.7321592741217837e-01,
       2.0596994896351284e-01, 1.6230451258629736e-01,
       3.5147507337791272e-05, 1.1911050323066618e-02,
       6.5143418555637254e+01, -2.4528452948148541e+01,
       -1.2883053337655333e+01, 2.7121862919591346e+00,
       1.6358060250438466e+01, 1.3503540465704356e+00,
       -3.5286912103366745e+00, 1.8876145613888895e+00,
       6.6008462703384907e-01, -1.4345106089590354e-01,
       -1.1476616025747193e-02, 8.0637703569207998e-03,
       1.6182732846285452e+02, 2.1896443130948629e+01,
       -4.4547816127517407e+01, -2.0129204761149989e+01,
       -1.4791618945651148e+01, 2.4672510443867339e+00,
       3.0912112079849963e+00, -1.5828763833085253e+00,
       7.8206528065945047e-01, 1.5816185391918429e+00,
       -3.5367553045859129e-01, -8.5743425082530120e-02,
       8.2383884548071180e+01, 1.5671980063065376e+01,
       -2.4101327263767967e+01, -3.2056925707977875e+01,
       -2.6664140283662690e+01, -1.9358770906345999e+01,
       8.0251975940578868e-01, -2.3509904870170213e+00,
       2.4544035140432172e-01, 1.0146309539585877e-02,
       1.0772415019325224e-01, -3.0645400912960646e-03,
       -9.5384448690636063e+01, 2.4076213277365362e+01,
       2.5443099588772476e+01, -2.1611041938850754e+01,
       1.5314672999392135e+01, -1.6255955554720337e+01,
       4.3017172622066069e-01, -1.1570907348191346e+00,
       -4.0341647272549069e-01, 4.1134011105839136e-01,
       1.5911925205556951e-01, -2.9892789309138357e-02,
       2.4610269786713895e-01, 1.4976460305478767e+01,
       9.9039440991255496e+00, -9.8945730618899397e+00,
       1.3218896345256113e+01, -5.0011342670234793e+00,
       -4.9682943969472779e+00, -3.3984862618450244e+00,
       -4.5996617065082868e+00, -8.4811249150729551e-01,
       -1.8787755255128544e-01, 3.0153960665113611e-02,
       1.4413951716358380e+02, -7.8475475796898015e+00,
       -3.8790889851911395e+01, 7.8846474786235730e+00,
       -6.0894360750814771e+00, 1.1526282408506352e+01,
       -1.2237350952427342e+00, 1.3712358446468811e+00,
       2.1335615604945707e-01, 2.7804261978131807e-03,
       1.0522167305903837e-01, -2.9293088758172419e-02,
       -1.4840868431698894e+02, -1.0418784801948289e+02,
       2.7039448867355745e+01, 6.6878018454486650e+01,
       -2.0118106550260926e+01, 8.9290340161470927e-01,
       -3.1972403607898214e-01, -1.4999245487864930e+00,
       1.0644062217864774e+00, -4.7565022971251425e-01,
       6.8915569374802393e-02, 1.5368367751595669e-03,
       1.4155604466573209e+02, 1.9347688396474538e+01,
       -3.6756329991345666e+01, -3.3356841114515213e+01,
       -1.1665580661262828e+01, 6.5664934126193577e+00,
       7.0355707169409731e-01, -2.6712911657372178e+00,
       -2.2744808125596001e+00, -1.9439763819317974e+00,
       -9.6910990909404651e-02, -1.4050230507870043e-01,
       -1.9221984685572903e+02, 8.6998304861259768e+01,
       4.0657602898948674e+01, -5.0258993204789604e+01,
       -2.3024009669085519e+01, 1.2159277955763315e+01,
       -2.8395490579022269e+00, 1.9312558652342058e+00,
       6.9916298310557368e-01, -5.5925062918278777e-02,
       4.5374053726346300e-02, 7.4238058690242279e-03,
       4.3238506619730970e+01, -9.3238346495137364e+01,
       -1.4877724397376454e+01, 6.4223541322364454e+01,
       -3.5944473286056149e+00, 6.6651141860180985e-01,
       1.9198824514725579e+00, -1.9371810338580792e-01,
       1.2574745425611933e-01, -5.7716054047941216e-02,
       3.2470230721689759e-02, -2.1902929863917658e-02 ]
