%YAML:1.0
means: !!opencv-matrix
   rows: 41
   cols: 2
   dt: d
   data: [ -1.6625747267719152e+02, -2.7076170830072300e+01,
       9.9353916980031073e+01, 1.0746934540510145e+02,
       3.2859304499591914e+01, -4.3986578953453915e+01,
       -1.4372049296308145e+02, 4.3785431728825124e+01,
       -8.1826247634151699e+01, -1.7904385858328109e+02,
       9.4750762797728939e+01, -1.4224125656266796e+02,
       1.0191240587989346e+02, -7.4767792635512549e+01,
       1.7195664590447302e+02, 5.6391886213151267e+01,
       -2.0694985161482734e+02, 3.4321501109718461e+01,
       -8.7100942527101950e+01, 1.6195419936821281e+01,
       -3.0038124617428956e+01, 1.1376248924292531e+02,
       2.5064853343021528e+02, -6.7831546379674919e+01,
       -2.4412303751891521e+01, -2.0872372439143678e+01,
       -1.4024867258919119e+02, -1.0969917763619470e+02,
       1.7320147008576240e+02, 1.4810858247340113e+02,
       -4.4847100460723460e+01, -1.0120890852829200e+02,
       -2.1860951268480540e+02, -1.6747015051970047e+02,
       2.3528204633691420e+01, 1.5474154639892677e+02,
       1.7216124524612428e+02, -1.1537810701282895e+02,
       -1.8783181913940950e+01, 4.0401241271744702e+01,
       4.5948121720332949e+01, 1.6223435312036006e+01,
       -2.4288633781959425e+02, -8.6140060055943735e+01,
       -3.4319841690324807e+01, -2.8471483829335500e+02,
       7.0152121661095501e+00, -1.5852558372788803e+02,
       -2.7639168151508079e+02, 9.1908716088660327e+01,
       1.0781572460293638e+02, 4.8919200268109826e+01,
       2.4984134423265854e+02, 4.0332457358409677e+01,
       7.2774108753475758e+01, -2.1699338039805150e+02,
       3.4477021402838609e+01, 7.8719077061516415e+01,
       4.4275089612192403e+01, 2.2547606201430955e+02,
       -7.8653825325132487e+01, 7.8409394289409335e+01,
       -1.0598047095163916e+02, 1.3980735206978480e+02,
       1.7522023836999503e+02, -2.7116211738672519e+01,
       3.3078733981713405e+01, -1.0491799936092380e+02,
       -1.9319608301890418e+02, 1.1951852196383754e+02,
       -2.7169097406258879e+02, -3.7035611678425626e+00,
       -1.6813816253556897e+02, 1.9545720822835526e+02,
       -9.3333718428452826e+01, -5.5755411692742193e+01,
       1.0630246086483663e+02, -1.2427855447922660e+01,
       -5.8932962289387781e+01, 2.0189770892003654e+02,
       9.1538289058401304e+01, 1.6846399241705492e+02 ]
covs: !!opencv-matrix
   rows: 82
   cols: 2
   dt: d
   data: [ 1.9660064693659431e+03, 4.0896562480936217e+02,
       4.0896562480936217e+02, 1.1804250854956310e+03,
       1.4344531833898316e+03, 1.6926991507393038e+02,
       1.6926991507393038e+02, 7.6404139941540598e+02,
       1.2252440761366568e+03, -5.2114443469039749e+01,
       -5.2114443469039742e+01, 7.8585578516207158e+02,
       9.3473808776862313e+02, 1.5871542998157361e+02,
       1.5871542998157366e+02, 1.5530716802717286e+03,
       1.8797715942299260e+03, -1.9855038498424429e+02,
       -1.9855038498424429e+02, 1.7244019063836395e+03,
       1.3213489634318169e+03, -6.1796105539357413e+01,
       -6.1796105539357434e+01, 1.7208364854426022e+03,
       1.2229637276812668e+03, -2.2252112831089764e+02,
       -2.2252112831089769e+02, 1.1079695996066469e+03,
       1.3956862589268003e+03, 5.0938855944613934e+01,
       5.0938855944613934e+01, 1.5539422028716010e+03,
       1.0071398835770057e+03, 3.2863825139777725e+02,
       3.2863825139777725e+02, 1.4521614543823734e+03,
       1.0323017483379285e+03, -3.1975883467501131e+01,
       -3.1975883467501138e+01, 1.0760144981742994e+03,
       7.9114706352017129e+02, -2.3481372328591382e+02,
       -2.3481372328591382e+02, 1.2139486125691792e+03,
       2.1069607200913370e+03, 4.7564340021974289e+01,
       4.7564340021974317e+01, 3.2585294658175358e+03,
       1.2608534142481822e+03, 2.9677004412796119e+01,
       2.9677004412796080e+01, 9.8608466897987739e+02,
       1.7129578609306218e+03, -2.2817442975930479e+02,
       -2.2817442975930479e+02, 1.1296145655585767e+03,
       2.0592643738381785e+03, -3.1911770196948925e+02,
       -3.1911770196948925e+02, 3.2984729989990324e+03,
       1.6934574011565333e+03, 4.8616608840432338e+02,
       4.8616608840432320e+02, 1.3770906896580802e+03,
       2.9342126611137828e+03, -2.0811513626929573e+02,
       -2.0811513626929573e+02, 3.3602674792735438e+03,
       1.6405402057469933e+03, -6.6887687569805337e+02,
       -6.6887687569805337e+02, 1.4370388621162292e+03,
       1.5072205305229293e+03, 1.8357899616136539e+01,
       1.8357899616136539e+01, 2.2795752902177683e+03,
       8.6799675762365871e+02, 3.3202929129392544e+01,
       3.3202929129392551e+01, 9.3813841761838592e+02,
       1.0414269098668826e+03, 1.0683241993792310e+01,
       1.0683241993792313e+01, 7.8995448928498536e+02,
       2.6220102331431058e+03, 2.4946364263925310e+02,
       2.4946364263925301e+02, 2.2020269865990949e+03,
       3.8287589508366091e+03, -9.3875702274977857e+02,
       -9.3875702274977857e+02, 2.8987057825306356e+03,
       1.5040277490481408e+03, -3.4670892124841782e+02,
       -3.4670892124841782e+02, 1.5964393175122975e+03,
       1.8553601669662769e+03, 1.8917557681427942e+02,
       1.8917557681427942e+02, 3.4507428614381865e+03,
       1.0332547891536487e+03, -2.0262568309154901e+02,
       -2.0262568309154901e+02, 7.6153751200831164e+02,
       1.6859695008163728e+03, 7.1874361821702814e+02,
       7.1874361821702826e+02, 4.5157446910372719e+03,
       2.2488731910612569e+03, -1.4710312228112157e+03,
       -1.4710312228112157e+03, 5.1641873999462450e+03,
       1.0101355792937405e+03, -1.7428382371046578e+02,
       -1.7428382371046575e+02, 1.1547255602458040e+03,
       2.5426475996309509e+03, 1.0343314627585427e+02,
       1.0343314627585427e+02, 1.9285062902724810e+03,
       8.2565721451254183e+02, -4.1268879749256783e+01,
       -4.1268879749256783e+01, 1.0337798652262895e+03,
       1.1857986406900454e+03, 4.1391965290010597e+02,
       4.1391965290010603e+02, 1.7295471601931404e+03,
       1.1006972320760362e+03, 1.3215692316742704e+02,
       1.3215692316742698e+02, 1.6055578583729425e+03,
       1.3382193522467194e+03, -1.5719086362819519e+02,
       -1.5719086362819525e+02, 9.5997381218377609e+02,
       1.4137501410854454e+03, 2.8554718149982779e+02,
       2.8554718149982779e+02, 1.7408286204498293e+03,
       2.0338304139230640e+03, -1.2226069294607143e+02,
       -1.2226069294607143e+02, 2.3669421120976331e+03,
       3.0397239769941393e+03, -2.2861293766162666e+02,
       -2.2861293766162660e+02, 2.2899309172637218e+03,
       1.1034861356627760e+03, -4.8194979265978098e+01,
       -4.8194979265978070e+01, 9.8843428675209429e+02,
       1.1473641574245917e+03, -2.0626513223351843e+01,
       -2.0626513223351843e+01, 8.5026705322805617e+02,
       2.2342560950915572e+03, -4.3532575839119050e+02,
       -4.3532575839119050e+02, 2.7828181877830175e+03,
       1.6030545250125845e+03, -1.0674640064181624e+02,
       -1.0674640064181624e+02, 9.5956355863770330e+02 ]
