%YAML:1.0
means: !!opencv-matrix
   rows: 26
   cols: 10
   dt: d
   data: [ -1.5836587303582530e+02, 5.1620283123868809e+01,
       3.4365808615986317e+01, -3.3772094686843516e+01,
       -2.8385164235628264e+00, -1.4031932686287480e+00,
       5.1809564290198229e-01, 1.1597783836806235e+00,
       -1.0247034147811525e+00, -1.1087165738443647e-01,
       9.7088978936043333e+01, -1.6554952746833596e+01,
       -2.0255142480099810e+01, 1.4857058498162125e+01,
       1.5676973522834827e+00, 3.5791563090620357e+00,
       8.7182558929120901e-01, 2.0981980634166116e-02,
       -3.0388882757882341e-01, -4.7858774677298266e-02,
       -9.8795268211933980e+00, 5.2240287278069118e+01,
       -1.8933111277168216e+01, -1.7027440164081661e+01,
       8.2740427424268792e-01, -3.6783957270868930e+00,
       6.2887860969955112e-01, -7.6597579088006212e-02,
       -7.7104398155636433e-01, -5.9265993771230501e-03,
       -1.7545728019063450e+01, 9.0147032733195829e+01,
       -7.4327941133103144e+00, -5.0677592732588195e+01,
       9.6573171395652562e+00, -2.2793115486027632e-01,
       1.7964673448008577e+00, -9.1603343184260466e-01,
       -1.4915761095024468e-01, 5.6850884144282736e-02,
       5.7019612275046413e+01, 8.5693342149585121e+01,
       -1.9458309775420293e+01, -3.6239523726765313e+01,
       3.7633982248009876e+00, -5.1310492189603281e+00,
       5.9343051279762249e-01, -8.3631969141380302e-01,
       -3.9890636865062779e-01, 9.3240429478839079e-02,
       -1.7073662060527039e+02, -6.9321413259523013e+01,
       4.1872353855525098e+01, 2.7243481436712582e+01,
       -2.0838971162894499e+01, 1.1707745567974586e+01,
       -1.8551013697388685e+00, 7.5081543112780391e-01,
       1.2336816972997353e+00, 4.0924710474254161e-01,
       -1.9491801003264965e+02, 7.6250034358175336e+00,
       3.0566040061479722e+01, -2.9274956854121655e+01,
       -2.6374103053390779e-01, -1.2586414213076480e+01,
       -1.1904250764204207e+00, -3.1462131019004919e-01,
       3.5820386550996699e+00, 5.1360642719509120e-01,
       9.9201544674904952e+01, -4.4985304137792951e+01,
       -2.1989983800543470e+01, 3.6737292503672926e+01,
       -2.7589879876337182e+01, 2.3519177764082386e+01,
       1.1059064081933787e+00, 1.2981937296507537e+00,
       4.9386612722523343e-01, 3.4957749333693798e-02,
       -1.0096116120554607e+01, -3.1007567653021265e+01,
       2.0969100926656875e+01, 6.1175446892903151e+00,
       2.8859489446144064e+01, 8.9160696014828815e+00,
       1.7191572309855589e+00, -1.0003452331304772e+00,
       1.6851918654280121e-01, -8.0122617654844810e-03,
       6.5991102502098908e-01, 1.4619004959955120e+02,
       -1.9308963782855010e+01, -5.9324673507979114e+01,
       -1.1512362523377321e+01, 3.7872091947940025e+00,
       2.0983120061110774e+00, 4.8074085323706056e-01,
       -3.8489829397748208e-03, -2.7922773978522236e-01,
       1.9898768512770266e+02, 2.0980686214333428e+01,
       1.1219260994302148e+01, -6.1665811066797565e+00,
       -1.0200765983553614e+01, -8.3834324018689106e+00,
       -1.6685554592310576e+00, -1.4053053131804655e-01,
       -8.0719516487321308e-01, 2.1324270958500235e-01,
       -1.0065401258655298e+02, -5.6101838225184544e+01,
       3.2560542730575463e+01, 4.0927391626035545e+00,
       6.5115069007496675e+00, -1.2615501390665681e+01,
       -1.0786905417777921e+00, 3.0188128552314897e-01,
       8.2458264265305625e-01, -7.3213180554586443e-01,
       -1.2074102515207326e+02, 1.2288781359992193e+02,
       9.1374050751880045e+00, -5.5046841449316183e+01,
       -1.5452209233707093e+01, -7.0339476314745386e-01,
       6.6436066954563744e-01, -2.6906622642493938e-01,
       -4.4565549726222070e-01, -3.6005047163573811e-01,
       1.0751189757381240e+01, -7.4156991004563167e+01,
       7.6597922593010823e+00, 4.1350279486276818e+01,
       7.5209192648262979e+00, 2.4740457616920377e+01,
       2.5294883319646537e+00, 5.4467927050787412e-01,
       -9.6614154690524440e-03, -1.2296466158000421e-01,
       1.3893776826048423e+01, -3.4932069251940518e+01,
       1.3114957797145657e+00, 1.4455140823884607e+01,
       3.3577439800179221e+01, -5.1245108733175257e+00,
       1.5955738109558948e-01, -9.2958458656737863e-01,
       -7.6207999666312232e-01, 2.2015800591568052e-01,
       8.3534468477759660e+01, -9.1993858594282827e+01,
       -1.1082180639959669e+01, 4.0220756429636289e+01,
       -1.5591984952809185e+01, -9.6952353528260939e+00,
       3.4088393169717535e-01, -2.2203537944059399e+00,
       -1.2229577407713279e+00, 7.4110075629528671e-01,
       1.4287559754893461e+01, 6.5568326186442491e+01,
       9.8406913411668935e+00, -2.2944196314677530e+01,
       1.6964857273858183e+01, -3.1583271324268227e+00,
       -1.0805280817700577e+01, 1.5618178396635796e+00,
       7.0857292761481903e+00, 1.0487508905316776e+00,
       6.1413433097506722e+00, -2.0473773432846860e+02,
       1.4048838500513233e+01, 7.2283398126724236e+01,
       9.3049022944151094e+00, -2.5284209129632416e+01,
       -1.7966693472700865e+00, -2.7349908130923501e+00,
       -1.0789340075244012e+00, -1.7883628050690728e-01,
       -1.7559429505679245e+02, -1.4720167928407065e+02,
       5.2827024637050712e+01, 4.9116598666191358e+01,
       -3.9191530349052535e+01, -1.6972531867821267e+01,
       -5.1681929843009078e+00, -1.7725777690960334e+00,
       -1.5576963593033393e+00, -5.7713049250173912e-02,
       1.6413355742618972e+01, -1.3583216299728644e+00,
       -1.4074868042645456e+01, -2.7278365709633071e+01,
       -6.0353165394229134e+00, -2.2301969361677195e+01,
       -2.8073410459645971e+00, 2.2660213079215752e+00,
       5.5224206810038474e+00, 1.1734888252533195e-01,
       7.8459728602107404e+01, 1.1192447675854042e+02,
       -4.1553903932720345e+01, -4.0944619794046410e+01,
       -5.5954303126446954e+00, -2.3871607434618852e-01,
       2.5860915250601435e+00, 3.6958484911961348e-01,
       -5.8853057979252976e-01, -1.0226081637455449e-01,
       7.9244645578214987e+00, -7.5195632290461091e+01,
       -1.8945173167919052e+00, 2.1947518070441205e+01,
       -7.2854713986701034e+00, -1.2554686946499883e+01,
       -2.5909743078250314e+00, 2.7929214152837623e+00,
       2.8581165894355443e+00, -2.1146016165676307e+00,
       -1.5773753659893660e+02, -2.6924038362327451e+01,
       4.4395176124907479e+01, 3.9027966375911407e+00,
       -3.1405746162627657e+00, 6.1729724275219180e+00,
       6.0635470674387804e-01, 1.1708168577828590e+00,
       -7.8448583083406109e-01, 5.9369032577640353e-03,
       1.9171553540699605e+02, 9.2849001010669312e+00,
       -5.1277193905098869e+01, 1.5466736590765814e+01,
       -9.7319556759197017e+00, -7.1553287434260247e+00,
       9.7107074737412713e-01, -5.0373444970451475e-01,
       -9.4474190352373921e-01, -2.4320792490684173e-01,
       9.3864892220027997e+01, 2.5323285593886453e+01,
       -6.9627118596134082e+01, 1.6231412397461956e+01,
       -8.7361806377973803e+00, -8.7615962262489440e+00,
       -2.1956880634975389e+00, 1.6334812867586804e-01,
       -7.3220047573508629e-01, 1.4623282539175078e-01,
       1.3846874175832403e+02, 2.7207127271330780e+01,
       -3.3852714931953152e+01, -1.1717939393327121e+01,
       -1.7410377453916094e+01, -1.0861358932516096e+01,
       -1.3115943542478327e+01, 1.0693803514815314e+00,
       8.2589934958538969e+00, 1.5082503027019663e+00 ]
