%YAML:1.0
means: !!opencv-matrix
   rows: 9
   cols: 18
   dt: d
   data: [ 4.8015318073528285e+01, -7.6780864050400524e+01,
       -1.3576996439002700e+01, 4.8176060941922074e+01,
       -6.2820139951241794e-01, 2.8305769079441840e+00,
       1.0730987386800164e+00, -4.8523382263010971e-02,
       2.3648608005510802e-01, -1.1765088239449022e-01,
       1.6746530213800671e-02, -9.6194273952205350e-03,
       2.5804870253573011e-03, -5.9669026862159691e-03,
       -1.2728225157951818e-02, 2.3811579494534174e-03,
       3.8001306628282902e-03, -2.0129209972730988e-04,
       -7.2435612715164297e+01, 8.5061906525368798e+00,
       1.7819592534143670e+01, -3.2077740278935041e+00,
       2.8824413786788523e+00, -5.6898970998254770e+00,
       2.1862206815926930e+00, 1.4099681018692884e+00,
       4.8858309511720555e-01, 5.0010112663985418e-02,
       -6.7862913394951652e-02, 1.7013748019370206e-03,
       2.3606083792025055e-03, -2.3009376938954110e-03,
       -2.6390022343564672e-02, -4.9721093805806292e-03,
       2.3538999066732009e-03, 1.5472863779930949e-03,
       1.2964848127723590e+02, 1.8106157106075165e+00,
       -3.3684260223287041e+01, -5.8035297375816004e+00,
       -1.0113623824642112e+01, 9.5467684265708215e+00,
       -2.8063719661635766e+00, -9.6388761763110953e-01,
       -2.7927366136868357e+00, -4.4555065225419094e-01,
       1.2633294183216997e-02, -6.8138498610768816e-02,
       -1.3324434634073453e-02, -1.8279962733607106e-02,
       6.0881452910555361e-03, -2.3941871416639882e-02,
       1.6246488519450288e-02, 9.6994196416675723e-03,
       -7.4474881861524409e+00, 3.4640658743817625e+01,
       1.2197352064382391e+01, -1.6714600396236214e+01,
       1.2334472807241745e+01, 2.2566490726714497e+00,
       -5.2842130476305540e+00, -2.6904628218647120e+00,
       -3.0382861050146164e+00, -1.2201040753469040e-01,
       -1.1890861457677455e-01, 3.6811696358303392e-02,
       -3.1465609137687194e-02, -1.2476683073934691e-03,
       -2.3351261232536863e-02, 9.3984473211558874e-03,
       -1.0783264491981472e-02, -6.6469323489759353e-03,
       1.4381913223470917e+02, 3.3571972288040300e+01,
       -4.1435873846172598e+01, -2.1454874868122765e+01,
       -5.0071790969200904e+00, 1.3938132214490226e+01,
       -2.1630459839336105e+00, -2.4241560336828880e-01,
       3.5114458263622544e-01, 1.0506932537128646e+00,
       1.0521797733408915e-01, -1.0123267129463878e-01,
       -1.5615529102578480e-02, -1.6232260677727074e-02,
       -4.0097329297367250e-02, 1.5047894870630100e-04,
       -2.3979293426897284e-02, -1.0000529599918579e-02,
       -1.9809596223027123e+02, 7.4992307110841949e+01,
       4.1644002261935803e+01, -4.1290752390320883e+01,
       -1.9123690180725919e+01, 1.0826444792103510e+01,
       -3.5778989723815218e+00, -2.3193193253325115e-01,
       6.0481204911491691e-02, 2.3806625610618856e-01,
       2.7502187667383052e-02, -1.3929804807692946e-03,
       1.3442303544741285e-03, 8.6588602255132131e-03,
       2.5468175133071685e-02, -4.3043950692526721e-03,
       1.0076433296638079e-03, -9.6494128847139833e-04,
       -1.6868510158362434e+02, -7.3073253510856617e+01,
       3.3237399615939012e+01, 4.9533147457365587e+01,
       -1.4231588683273893e+01, 4.8822290455135962e+00,
       -5.7253091837742476e-01, -1.9224461264922448e+00,
       2.2210780394092589e-01, -1.4641668173155403e-01,
       3.0473181048814774e-02, -3.4201023290225931e-02,
       1.4413978937639232e-04, -9.7281033484767892e-03,
       5.9400948523846723e-03, 7.0508880995302252e-03,
       -5.5374855833808133e-03, -5.6597236331140145e-03,
       5.5186498941688491e+01, 1.1360601017780729e+01,
       -8.0854047681071748e+00, -4.0414607897424792e+00,
       1.6069972947510028e+01, 1.5873238051057179e+00,
       4.1263550427206280e-01, 9.3730192555537817e-01,
       3.1764354866173738e-01, -2.0319800982159339e-02,
       1.2648113559818415e-02, 2.2820271775982445e-02,
       8.2681981763432690e-03, 9.3414939094449267e-03,
       2.9890793408145450e-02, -1.2558942953537972e-03,
       -1.1463963942716013e-03, 6.8225211865668176e-04,
       1.0435036140205730e+02, 1.3623908597832273e+01,
       -3.0552759941734710e+01, -2.5284743710883056e+01,
       -2.1619529461926984e+01, -1.1579963062831343e+01,
       4.6574127776954249e-01, -1.6057101478084368e+00,
       3.8279531951259571e-01, -1.0810922824976055e-02,
       8.8268853320053825e-02, -4.5450208929975599e-03,
       -1.0389040591539380e-03, 8.2422089072787332e-05,
       3.7256403663780556e-03, 9.1983549319905773e-03,
       1.6957581011657319e-03, 2.2427805491145722e-03 ]
