%YAML:1.0
means: !!opencv-matrix
   rows: 29
   cols: 2
   dt: d
   data: [ 1.7133897423546991e+01, 6.5549766836813447e+01,
       2.2553534123345276e+01, -2.3680952023884124e+01,
       -2.3453637117648114e+02, 1.3990818884421716e+02,
       8.7803514226086236e+01, -2.7826398741684876e+01,
       -9.7448688761456850e+01, -1.1850747288944031e+02,
       -1.1350235693463497e+02, 1.7704011452266371e+01,
       2.2330227505126678e+02, 6.7846217351509537e+01,
       1.5197049105321437e+02, 2.2397991909944942e+01,
       -2.4759974414030413e+02, -4.4190517194229649e+01,
       -1.1998514033497632e+02, 1.3074786849350369e+02,
       6.2989645020404772e+01, -1.6525489291392242e+02,
       7.7093474271927192e+01, 1.1839006620933313e+02,
       1.4747491932558805e+02, -1.2058518702657301e+02,
       -1.5997282613126569e+02, -4.9269612908928615e+01,
       -3.4814411037711421e+00, -1.0776529484561979e+02,
       1.5595324918506523e+02, 9.9407588217168382e+01,
       -6.1255977318058932e+01, -1.8636654605441879e+02,
       -1.9639094306373610e+02, -1.3731155217500759e+02,
       2.5785869339780159e+01, 2.1678053631754537e+02,
       -6.5825006470515916e+01, 7.5415530333826410e+01,
       8.3947310467964840e+01, 4.5987888231637953e+01,
       -2.7895596832112858e+02, 3.7886949408162401e+01,
       -3.0773881900285982e+01, 1.0884351578301047e+01,
       -1.6096633328198603e+01, 1.3397682560079483e+02,
       7.3057550114833731e+01, -8.6823451046393856e+01,
       -1.9336504521171651e+02, 4.2278082416335714e+01,
       1.4570526905887144e+02, -5.7272557027522360e+01,
       -5.6865061417081350e+01, -4.9637887699854737e+01,
       2.1904122499574018e+02, -4.7049530254970549e+01 ]
covs: !!opencv-matrix
   rows: 58
   cols: 2
   dt: d
   data: [ 1.2148008840546279e+03, -1.5127099710149898e+02,
       -1.5127099710149898e+02, 1.6618884901709887e+03,
       1.3259801698614508e+03, 3.8295300719284575e+02,
       3.8295300719284586e+02, 1.6935978096143192e+03,
       2.9700510294648711e+03, -1.6543927283338147e+02,
       -1.6543927283338138e+02, 2.9120727010859814e+03,
       1.1149601983678790e+03, 2.1273905212271478e+02,
       2.1273905212271478e+02, 1.2193127818666749e+03,
       1.8709454017543637e+03, -4.4417459079203027e+01,
       -4.4417459079203020e+01, 1.5150156774510142e+03,
       1.4908020442586173e+03, -1.0912325781630899e+02,
       -1.0912325781630902e+02, 1.6101470454712896e+03,
       1.7134251434267151e+03, 2.7080377409556769e+02,
       2.7080377409556769e+02, 2.2051928556680696e+03,
       1.2421940556474378e+03, -1.0965550507436920e+01,
       -1.0965550507436918e+01, 1.2687768492431817e+03,
       2.8431819301865507e+03, 7.8306215877555564e+02,
       7.8306215877555564e+02, 3.0630898688643174e+03,
       2.5203585500626577e+03, 6.2459624025576034e+01,
       6.2459624025576034e+01, 2.0110203145740386e+03,
       2.7526163116424223e+03, 1.6390014848363512e+02,
       1.6390014848363506e+02, 2.6813213954065204e+03,
       1.4013312410785877e+03, 1.2454623817750009e+02,
       1.2454623817750009e+02, 1.4072106871288636e+03,
       1.8710567539711194e+03, -5.5308256420741962e+01,
       -5.5308256420741962e+01, 2.2190129220412073e+03,
       2.5265959566243955e+03, -4.8853953024947039e+01,
       -4.8853953024947039e+01, 2.0642212340034462e+03,
       1.6650285825072281e+03, 1.4337957146230355e+01,
       1.4337957146230337e+01, 1.7074702590626291e+03,
       1.4111439250527887e+03, 7.6934565888870701e+00,
       7.6934565888870807e+00, 1.2960776480550594e+03,
       3.5614654731469959e+03, 5.4020811668751639e+02,
       5.4020811668751639e+02, 1.9372891643808052e+03,
       2.4790019822693307e+03, 4.7517542655795847e+02,
       4.7517542655795847e+02, 3.1171503732534061e+03,
       7.9968920817446842e+03, -1.2311669082439876e+03,
       -1.2311669082439878e+03, 2.3774023351561068e+03,
       2.3423126175008001e+03, -8.0045137859077357e+01,
       -8.0045137859077343e+01, 9.8080438517497350e+02,
       1.0143130364260536e+03, 1.6552875109950318e+02,
       1.6552875109950318e+02, 1.4940496843688529e+03,
       1.7822804056237285e+03, 4.8042354092090569e+01,
       4.8042354092090548e+01, 2.8044958753538476e+03,
       1.5098074580264461e+03, 8.8917115403807600e+01,
       8.8917115403807571e+01, 9.2553313067066165e+02,
       2.6450639360809555e+03, -3.9082423936305338e+02,
       -3.9082423936305327e+02, 1.2746946055196649e+03,
       1.3942183316624976e+03, -1.1535803646079295e+02,
       -1.1535803646079293e+02, 1.4895388512811940e+03,
       1.5789004293730509e+03, -1.4572098384006409e+02,
       -1.4572098384006409e+02, 2.6569495268024343e+03,
       1.2050114757442809e+03, -2.2176506000818954e+01,
       -2.2176506000818932e+01, 1.3097145340512861e+03,
       2.2683847463132956e+03, -3.1631919787644051e+01,
       -3.1631919787644037e+01, 1.0592135332726511e+03,
       1.5141006748816367e+03, -1.8049203817108238e+02,
       -1.8049203817108241e+02, 3.5097128498721054e+03 ]
weights: !!opencv-matrix
   rows: 1
   cols: 29
   dt: d
   data: [ 5.0215631182202208e-02, 6.0022492724198295e-02,
       2.4918312292392889e-02, 4.7647977595149583e-02,
       3.1762537036404768e-02, 4.2176139632479112e-02,
       2.1195787494731062e-02, 4.1277102711043477e-02,
       2.3051910907240455e-02, 2.9787877349855135e-02,
       2.3408435756135788e-02, 4.1307840794639311e-02,
       2.5383906986692503e-02, 3.4137831612770009e-02,
       4.0368484261257609e-02, 4.0200266940296950e-02,
       2.3571554247494967e-02, 2.2575339168364232e-02,
       1.5573923126547012e-02, 3.1948348559083774e-02,
       5.3153309397265008e-02, 1.7515579047596475e-02,
       4.2601379465558933e-02, 3.2367185161958203e-02,
       4.5640160942651803e-02, 2.9047621293664727e-02,
       3.8064050848086402e-02, 4.5176588764797083e-02,
       2.5902424699416740e-02 ]
pca_proj: !!opencv-matrix
   rows: 2
   cols: 21
   dt: f
   data: [ 4.36961316e-02, 8.50134730e-01, 1.73015636e-04,
       6.54514134e-02, 4.60692108e-01, 2.29939164e-04, 7.67599978e-03,
       1.46649793e-01, -1.37564148e-05, 1.21663406e-03, 1.30500361e-01,
       -5.45994153e-05, 8.06188770e-03, 1.42052382e-01, -2.12945142e-05,
       -2.45414903e-05, 9.56867734e-06, -1.94090262e-06, 3.13729906e-05,
       4.34020360e-04, 2.32224409e-07, 7.68702388e-01, -5.10314330e-02,
       1.14127281e-04, 4.21110362e-01, -3.83849256e-02, 4.02935693e-05,
       2.81941950e-01, -1.35209868e-02, 1.95932400e-04, 2.66951323e-01,
       -4.70317341e-03, 2.29704310e-04, 2.76557714e-01, -1.55316098e-02,
       2.11025646e-04, -3.74769334e-05, 5.54774260e-06, -7.89335627e-06,
       8.86836962e-04, -5.85095040e-05, 1.91629806e-04 ]
pca_mean: !!opencv-matrix
   rows: 1
   cols: 21
   dt: f
   data: [ 2.07625534e+02, 2.55653595e+02, 1.54502928e+00,
       2.18915131e+02, 2.60592743e+02, 1.67241716e+00, 2.65274475e+02,
       2.24016678e+02, 1.71669352e+00, 3.19420807e+02, 1.63929108e+02,
       1.75046074e+00, 3.16613464e+02, 2.25532654e+02, 1.70717156e+00,
       1.08872897e-04, -9.74175637e-05, 6.24380555e-05, -2.17504916e-04,
       -2.50119597e-01, 1.75055194e+00 ]
gamma: !!opencv-matrix
   rows: 29
   cols: 1
   dt: d
   data: [ 7.9850043564895268e-01, 7.9673366677949586e-01,
       8.8589529325670824e-01, 8.0357093917128242e-01,
       8.3364962455573133e-01, 8.1730507837051458e-01,
       8.6938074964868850e-01, 8.2644695082969433e-01,
       8.8278803988586074e-01, 8.5358010342268043e-01,
       8.6424679524157533e-01, 8.2298767373901860e-01,
       8.5537546754385452e-01, 8.4774068611176756e-01,
       8.1886688429235255e-01, 8.3869717403509114e-01,
       8.6383776456530881e-01, 8.7744114718778043e-01,
       8.8565224075043647e-01, 7.9559241407250669e-01,
       8.0731892628245328e-01, 8.9023002996354972e-01,
       7.7085234873744379e-01, 8.2476239993509848e-01,
       8.1189809769406873e-01, 8.6405128898105110e-01,
       8.2829340005861873e-01, 7.8880406068092479e-01,
       8.7901653009082636e-01 ]
