%YAML:1.0
means: !!opencv-matrix
   rows: 24
   cols: 10
   dt: d
   data: [ -1.4881101613073673e+02, -1.0307492237455463e+02,
       2.7396048463190223e+01, 6.6554110455483539e+01,
       -1.9756113970221580e+01, 7.0173975659255161e-01,
       -2.1254846399233118e-01, -1.4386429069757922e+00,
       1.0196399083457626e+00, -4.4346170152428804e-01,
       1.6078820486031822e+02, 2.5041184494913416e+01,
       -4.2753131498076300e+01, -3.1082979906567349e+01,
       -1.0095066030448240e+01, 1.4645166471627205e+01,
       -1.5343748968101409e+00, -4.4639744831790509e+00,
       -2.5759574169193171e+00, 3.6152743650110522e-02,
       -1.4799431852292648e+02, -4.6041337319551765e+00,
       3.5470909205167587e+01, 1.3730579056554122e+01,
       -3.1603253892883267e+00, 1.6950546483390600e+01,
       2.8681042796333656e-02, 2.3023993004138048e+00,
       8.3734793275539809e-01, -3.0299422564197076e-01,
       -9.5100019874352046e+00, -2.4168262498336524e+00,
       2.3776369950792031e+01, 1.0658980304663647e+01,
       2.8115824952428600e+01, -2.4942931895927249e+00,
       -8.0935725983412148e+00, -7.7626961805880521e+00,
       -5.5256843679713930e+00, 1.8018087931813385e+00,
       -1.6462724544062399e+02, 4.0324725434141875e+01,
       3.9027979886205564e+01, -2.7375014943435023e+01,
       -9.4535047519719129e+00, -6.6061548354675317e+00,
       1.4384185329780466e+00, 1.4002157509158604e+00,
       3.7516173855503543e-01, 2.3946179784609872e-02,
       -1.8615161405025162e+02, 1.3923277802660367e+01,
       3.5429449313094672e+01, -7.2028614650870173e+00,
       -3.6557946705238265e+00, 2.9511212939171223e+00,
       -2.9799784596478047e+00, -6.6245377398807221e+00,
       -2.5684679244664657e+00, 9.6881089084187799e-01,
       -1.9880752550248963e+02, 9.9186365463959632e+01,
       4.0864306300664843e+01, -5.3873909793292896e+01,
       -2.4905742990855760e+01, 1.7378611191524186e+01,
       -4.4126671105652857e+00, 1.6828351002412676e+00,
       8.6260349269560410e-01, -6.2390646000467127e-02,
       5.3616829529043677e+01, 1.3784444002584701e+01,
       -4.9531975882698633e+00, -1.5293761957320068e+01,
       1.7169146718364245e+00, -1.7170860866666302e+00,
       -6.9952130420085998e+00, -2.6156085797852069e+00,
       -5.5269317007790368e+00, -1.1296116593003487e+00,
       2.5970495097283301e+01, 3.7342976577408493e+01,
       -9.5650143985654896e+00, -4.2964413205202433e+01,
       -1.3040970195322020e+01, -2.4734592719062583e+01,
       2.8129159954637757e+00, 8.4952862142568863e-01,
       -7.2045454990413232e-02, 1.0431004681493270e-02,
       1.4853565679294814e+01, 5.4831651628357243e+01,
       -3.7428400942282067e+00, -2.7915667317478931e+01,
       7.0144359344432949e+00, 2.7739380760438896e+00,
       2.0442530569211992e+00, 2.5570564013805703e+00,
       1.0492288843736504e+00, 1.9802599490162218e-01,
       -4.5162027446623597e+01, 2.5502441978923120e+01,
       2.0220319500140192e+01, -2.2036186432610272e+01,
       2.6393025083968030e+01, -1.5396484688728941e+01,
       2.3720314174681398e+00, 1.6731296080633895e-01,
       1.7458270423763136e-01, 1.0657639418056961e-01,
       1.1067124912544428e+02, 1.0369878679044522e+00,
       4.7820021248764213e+01, 1.1200050460832209e+01,
       1.5532798683997623e+01, 3.5265642958529462e+00,
       1.7395833987114911e-01, 1.0739424191009910e+00,
       4.2156863501544445e-01, 8.2062579830207566e-02,
       2.6549049980561170e+00, 7.0520136934137454e+01,
       1.4665311554002001e+01, -3.0050388773363192e+01,
       9.6805466356953005e+00, -8.2510517952269069e+00,
       -9.0207658886831843e-01, 6.1974740372600749e-02,
       -2.9427861274397222e+00, -2.5034193311623971e+00,
       4.8752138274973076e+00, 7.6435195690556919e+00,
       -2.9733667144627368e+01, 1.0313144694512200e+00,
       2.4454097060096082e+01, 3.8780764640910577e+00,
       4.8475602559911807e-01, 8.7628232108856030e-01,
       3.5953389477946768e-01, -7.0548369833916338e-02,
       8.0584622825606246e+01, -6.2123187996292337e+01,
       -3.2664714601286498e+01, 3.7272619525760724e+01,
       -4.6319502636399967e+00, 8.9887395133066370e+00,
       -2.2304503752909086e-01, 5.7708794784312445e-01,
       6.6327830702815249e-01, -2.9479386383956703e-02,
       -4.3695303930670853e+01, 1.1629855043966712e+02,
       1.3621359167257292e+01, -6.9544296478849930e+01,
       1.3018454492870639e+01, 1.7783275075844401e+01,
       -2.8998568976896655e+00, -5.6080065270566803e-01,
       9.5835927934290455e-01, 9.5373731653685026e-02,
       -5.9685053830631482e+01, -8.3309665638745173e+01,
       1.3674763581192774e+01, 5.0970307324208761e+01,
       7.7049234389211074e+00, -3.9224380975592208e+00,
       1.8652962260704908e+00, -3.1130597227999857e-01,
       2.1876416842708876e-01, 1.0391200465875186e-01,
       8.3409651744220952e+01, 1.6496617405972867e+01,
       -2.3366371832212799e+01, -3.2177391558097206e+01,
       -2.6269193411858851e+01, -1.9488698692226194e+01,
       8.8191998425815188e-01, -2.4139743260848148e+00,
       2.4710492678289081e-01, 2.3008819683607150e-02,
       1.4914424456257299e+02, 2.1501860724525383e+00,
       -3.9449784762887077e+01, 4.0548634666016437e+00,
       -5.5015049105390155e+00, 1.2875291226656950e+01,
       -9.7386570961572871e-01, 1.6575537361137436e+00,
       1.4463167716342379e-01, 8.3451585795807413e-04,
       -1.8512320346918830e+02, -2.9777674146990666e+01,
       4.3944565663570955e+01, 2.0123656344947815e+01,
       -8.2140395258585794e+00, 1.6626995140236547e+00,
       5.0016954106836109e-01, 7.3685188023019432e-01,
       3.3912773370321653e-01, -1.3478302051231147e-01,
       -4.8645964718752495e+01, -3.1359848476054498e+01,
       3.5937377128231802e+01, 5.1610456135228233e+01,
       1.8119703048470519e+01, -1.1949728166036168e+01,
       -1.2083485155572209e+01, -4.7431950583086513e+00,
       -5.0356797184212834e+00, 1.1526064179123394e+00,
       1.2006614559997172e+02, 1.4382394568735675e+01,
       -4.5741453847118251e+01, -1.2668999128298893e+01,
       -1.7923531585770533e+01, -8.1817063260003184e+00,
       3.4383471438897137e+00, 3.5166518634880706e-01,
       8.7524563111698539e-01, 8.0138013613410330e-02,
       3.5336885504327903e+01, -9.6712905697301224e+01,
       -9.8219443943875202e+00, 6.9067848415577416e+01,
       -4.1141128575115689e+00, -1.2861795416600792e+00,
       2.0773978708239365e+00, -3.8271139253370606e-01,
       -8.4416521984039705e-02, -1.5200224416335739e-01,
       1.0506030997399496e+02, 4.3771781462265125e+01,
       -2.4091261022992146e+01, -3.1364550290747292e+01,
       -7.3798918860648470e+00, -8.7603293924648273e+00,
       7.1438170057933215e-01, 7.5727493697662840e-01,
       1.7764675341821640e-01, -8.6399020638689275e-02 ]
