%YAML:1.0
means: !!opencv-matrix
   rows: 2
   cols: 17
   dt: d
   data: [ 7.9512628202198599e+00, -7.1780881948666648e+00,
       -1.4306632368480574e+00, 3.9154973435620182e+00,
       -1.3838691926715203e-02, -1.4138171664030461e+00,
       8.0534130221198075e-01, 3.6475780719624090e-01,
       3.6438469842454407e-01, -3.6739638668551865e-02,
       1.8582754384135626e-02, 4.8445331708270329e-03,
       3.4228458460125108e-03, 2.6540857400748593e-04,
       1.1599919187744283e-03, -4.9674065054763580e-04,
       5.0207518339546434e-04, -4.1724083702682847e+01,
       3.7675046529766988e+01, 7.4991668288316466e+00,
       -2.0545282017675664e+01, 7.8752921132684131e-02,
       7.4095390544764728e+00, -4.2230735057432192e+00,
       -1.9222094701673780e+00, -1.9069012933134841e+00,
       1.9558013462300022e-01, -9.7588889425366254e-02,
       -2.5393276384883690e-02, -1.7918092348077244e-02,
       -1.3239867809668286e-03, -6.0084931228064908e-03,
       2.6961331618012372e-03, -2.6676388379109619e-03 ]
covs: !!opencv-matrix
   rows: 34
   cols: 17
   dt: d
   data: [ 1.6062802310949188e+04, 7.5129571533734918e+02,
       1.5980258385843817e+02, -2.9117708682758678e+02,
       -7.3906988019415294e+01, 9.7014067228070203e+01,
       -4.0729945588367343e+01, -3.0876349271481880e+00,
       6.6624300067097169e+00, 5.8000519016415542e+00,
       -2.6711896133564395e-01, 6.4579604850813878e-03,
       -3.2175818017965985e-02, 1.5260434069213863e-01,
       2.5315087621770793e-01, 8.7314661167263011e-02,
       1.1857389958302317e-01, 7.5129571533734918e+02,
       9.1051772482667093e+03, -1.4621417625337295e+02,
       2.4175099140855565e+02, 3.3518550699340871e+01,
       -1.4077305627099921e+02, 3.0968287116714471e+01,
       -4.5078735880203800e+00, 6.8797756980282854e-01,
       1.9620186175561176e+00, 8.1202869650505738e-01,
       3.6680369884861413e-01, 1.0627589866737994e-01,
       1.9306887808379888e-01, 1.8939217246314691e-01,
       -6.3160238130147678e-02, 1.6202916980170561e-02,
       1.5980258385843808e+02, -1.4621417625337290e+02,
       3.2216966047890542e+03, 3.5711212332114258e+01,
       2.5297827387491352e+00, -1.6413058077566255e+01,
       1.4416367428752269e+01, 5.7840518716211529e+00,
       1.2650981244946642e+00, 1.3314739269785625e+00,
       -1.8989739288379806e-01, -1.3082410112358492e-01,
       3.5479191161920220e-02, -3.7791523283278762e-03,
       -4.0261541649277283e-02, -6.6648681384836816e-02,
       -2.6408541426194806e-02, -2.9117708682758678e+02,
       2.4175099140855568e+02, 3.5711212332114236e+01,
       2.4862175395348186e+03, -1.1264359678390955e+01,
       7.8357118311138834e+01, -1.3169137964042188e+01,
       3.2037240387629726e+00, 1.3255437518807318e+00,
       -2.8126627829925304e+00, -5.1261680430700107e-01,
       -2.0674020471926441e-01, -2.6346161717678330e-02,
       -8.1773439845826801e-02, -1.0676469416784012e-01,
       8.3830383692084676e-02, -3.0236248734110415e-02,
       -7.3906988019415294e+01, 3.3518550699340892e+01,
       2.5297827387491316e+00, -1.1264359678390960e+01,
       4.0875332467001368e+02, 1.8310468940004998e+01,
       7.9953177389564889e-01, 4.7280129391044712e+00,
       2.7632304828529661e+00, 7.2772013161765292e-01,
       1.0748790379119301e-02, -2.6857270710310185e-02,
       2.0374459217150424e-02, 1.9388861936054130e-02,
       3.7713088047849223e-02, -1.1860659563051532e-02,
       1.9779394169629600e-03, 9.7014067228070203e+01,
       -1.4077305627099915e+02, -1.6413058077566255e+01,
       7.8357118311138834e+01, 1.8310468940004998e+01,
       2.1750675429268526e+02, 6.3346352991358463e+00,
       2.2525433966212427e-01, -4.9656912862997205e-01,
       -7.9278447606671898e-01, 4.5166204276448310e-02,
       1.1918983400055833e-01, 6.0195687022674416e-03,
       9.9084837736006914e-03, 6.4805312522399610e-03,
       -1.2302946020442141e-02, -9.6119662752873168e-03,
       -4.0729945588367357e+01, 3.0968287116714478e+01,
       1.4416367428752276e+01, -1.3169137964042188e+01,
       7.9953177389564922e-01, 6.3346352991358472e+00,
       2.3090877540449146e+01, -2.3323267102815648e+00,
       -2.7536396128310487e+00, 3.6693359095047495e-01,
       -5.1696070606450312e-03, 4.2196584990743330e-02,
       -3.1455231859782773e-02, 9.4944846925910723e-03,
       -1.3403191176268248e-02, 1.1173429095349741e-03,
       3.2032823857837405e-03, -3.0876349271481991e+00,
       -4.5078735880203755e+00, 5.7840518716211538e+00,
       3.2037240387629753e+00, 4.7280129391044712e+00,
       2.2525433966212402e-01, -2.3323267102815644e+00,
       1.4709242513273411e+01, -2.0356581015327042e+00,
       6.6593607686631595e-01, -8.9324008449125816e-02,
       -2.1787247888320704e-02, -8.6263191470148017e-03,
       6.4256331372297996e-03, 2.6762821612218456e-03,
       6.1615752145987579e-03, 2.5009971668311479e-03,
       6.6624300067097169e+00, 6.8797756980282920e-01,
       1.2650981244946646e+00, 1.3255437518807318e+00,
       2.7632304828529670e+00, -4.9656912862997205e-01,
       -2.7536396128310487e+00, -2.0356581015327038e+00,
       1.5442437159570375e+00, -1.2762097902441746e-01,
       -4.0847348524293808e-02, -3.4019680928422407e-04,
       -1.6992242998854566e-02, -4.7212703809085795e-03,
       -1.3423858123258528e-03, -2.2262028928575922e-03,
       -1.4529484530902722e-03, 5.8000519016415568e+00,
       1.9620186175561163e+00, 1.3314739269785620e+00,
       -2.8126627829925304e+00, 7.2772013161765292e-01,
       -7.9278447606671909e-01, 3.6693359095047490e-01,
       6.6593607686631595e-01, -1.2762097902441744e-01,
       3.5842278822840018e-01, 2.7915392407695245e-03,
       2.1032773193363327e-03, 4.8522814585663334e-04,
       -1.2042037925195688e-02, 1.4154887027632776e-03,
       3.4874270405325269e-04, -1.3792122722442073e-03,
       -2.6711896133564383e-01, 8.1202869650505693e-01,
       -1.8989739288379801e-01, -5.1261680430700118e-01,
       1.0748790379119301e-02, 4.5166204276448338e-02,
       -5.1696070606450277e-03, -8.9324008449125802e-02,
       -4.0847348524293808e-02, 2.7915392407695237e-03,
       2.4084717477706720e-02, -3.1048235863684820e-03,
       -4.8258006009597901e-05, -4.1913977864184020e-04,
       4.1503980285157463e-04, 1.5925936093902872e-04,
       -5.2900339981596864e-04, 6.4579604850813176e-03,
       3.6680369884861413e-01, -1.3082410112358492e-01,
       -2.0674020471926444e-01, -2.6857270710310192e-02,
       1.1918983400055833e-01, 4.2196584990743316e-02,
       -2.1787247888320711e-02, -3.4019680928422407e-04,
       2.1032773193363327e-03, -3.1048235863684820e-03,
       2.2776179135418229e-03, 2.7422211650759992e-04,
       -2.9980428382499398e-04, 3.4394782849641637e-04,
       -1.5168222695330820e-05, -1.4443996361797264e-05,
       -3.2175818017965985e-02, 1.0627589866737994e-01,
       3.5479191161920193e-02, -2.6346161717678319e-02,
       2.0374459217150427e-02, 6.0195687022674381e-03,
       -3.1455231859782773e-02, -8.6263191470147983e-03,
       -1.6992242998854566e-02, 4.8522814585663318e-04,
       -4.8258006009597860e-05, 2.7422211650759986e-04,
       2.3310386354682797e-03, 1.9272307391951111e-05,
       -8.7086492776389260e-05, -3.4137481312496026e-05,
       -2.1375401565461203e-05, 1.5260434069213860e-01,
       1.9306887808379880e-01, -3.7791523283278693e-03,
       -8.1773439845826759e-02, 1.9388861936054123e-02,
       9.9084837736006983e-03, 9.4944846925910723e-03,
       6.4256331372297996e-03, -4.7212703809085812e-03,
       -1.2042037925195688e-02, -4.1913977864184031e-04,
       -2.9980428382499398e-04, 1.9272307391951111e-05,
       1.9309136293455230e-03, 4.7686802865900787e-05,
       -9.8458454318838247e-07, -3.0887112913028188e-05,
       2.5315087621770788e-01, 1.8939217246314685e-01,
       -4.0261541649277255e-02, -1.0676469416784011e-01,
       3.7713088047849216e-02, 6.4805312522399584e-03,
       -1.3403191176268252e-02, 2.6762821612218474e-03,
