%YAML:1.0
means: !!opencv-matrix
   rows: 11
   cols: 11
   dt: d
   data: [ 4.1703806600028379e+01, 9.6103538216221651e+01,
       -8.0848260552186417e+00, -6.1848018739972083e+01,
       5.8155844694265673e+00, -6.8668426280322752e+00,
       1.8761135957079376e+00, 1.5868292285286356e+00,
       9.7667927521319309e-01, 3.1944345987437650e-01,
       -3.2394760465678386e-02, -1.3466675379966307e+02,
       1.4388967848201744e+00, 3.5524111158105612e+01,
       -2.9333240941529866e+00, 1.0253868468877407e+00,
       -1.1419012281155613e+01, 2.5366278963567890e+00,
       8.1440684554653886e-01, 1.9653101761890684e-01,
       -4.3233964334082255e-02, -2.0851025905161538e-02,
       4.3171721250837514e+01, 1.2413400530490483e+01,
       -4.1073347228330794e+00, -1.0808591191305592e+01,
       5.8380036803233644e+00, -1.0343207845295836e+00,
       -5.1093219861689594e+00, -3.9916103627350972e+00,
       -4.1656115718948037e+00, -1.2926202818465227e-01,
       -1.3032364816950631e-01, 8.2285403600296092e+01,
       1.6069662614419020e+01, -2.3945970445194245e+01,
       -3.1862068137488279e+01, -2.6451039923002913e+01,
       -1.9438367195512445e+01, 8.9502694832241536e-01,
       -2.3355864499001773e+00, 2.1878335827065978e-01,
       -2.1097807601287006e-02, 1.0605395115294594e-01,
       -9.6701011913317103e+01, 3.5450502032524987e+01,
       2.1240579188439959e+01, -9.9532065855475533e+00,
       -7.0409881223631867e+00, 1.9546671408431980e+01,
       -1.5519936163279806e+00, 2.3485735868804207e+00,
       8.6664350445731797e-01, -4.9941510377479445e-02,
       -2.3488387293788809e-01, -1.7414774266715816e+02,
       -6.8024266555458638e+01, 3.5115812479228943e+01,
       4.6490031132970373e+01, -1.4588674654913824e+01,
       5.9005496217040303e+00, -9.3612272980373390e-01,
       -1.6233605633090671e+00, 2.2225191402748690e-01,
       -1.9336217172372122e-01, 3.1973507370282810e-02,
       -2.2211922835351725e+01, -2.0274608292908436e+00,
       1.5562121193742183e+01, 7.9580210266925799e-01,
       2.7591829787490255e+01, -8.7208306552805173e+00,
       1.9736217992488423e+00, 1.9167934527734676e-01,
       3.5686521460340298e-01, 1.2110967130389524e-01,
       5.7636894305364894e-02, 1.3844690496673613e+02,
       -1.2624223720538179e+01, -3.6455506448087903e+01,
       1.1044532222275226e+01, -4.9952019975600139e+00,
       1.2414387284600265e+01, -9.3311224473721843e-01,
       1.2528865956210244e+00, 2.4334922397302741e-01,
       -3.2385281714554154e-02, 8.9826680901002570e-02,
       7.0419182859554766e+01, 4.4449718376374090e+00,
       -1.6539219303359872e+01, 2.3582514925800822e+00,
       1.1497712950313133e+01, 4.7361322427021513e+00,
       2.5094759900101216e-01, 1.1111092949417372e+00,
       4.4547368786376967e-01, -1.4754561931919570e-02,
       -1.6250654930394834e-02, 4.9679111689273467e+00,
       -9.4852365395382989e+01, -3.9329153875133054e+00,
       6.0917355867666622e+01, -5.1907316750730255e+00,
       -4.2686068408305472e-01, 1.6948551931973768e+00,
       -1.5113891346382632e-01, 9.1409992488325084e-02,
       -9.2899037711515364e-02, -3.6783454165758067e-02,
       -2.0069093024293718e+02, 6.7771573905411316e+01,
       3.9952873222680466e+01, -3.8992621310146106e+01,
       -1.9627801458255579e+01, 6.9976206872713558e+00,
       -2.9227530152451653e+00, -5.5694361789476954e-01,
       -5.0773097971841992e-02, 2.2918328296605353e-01,
       2.2350291819852968e-02 ]
covs: !!opencv-matrix
   rows: 121
   cols: 11
   dt: d
   data: [ 5.2869616194852251e+03, -3.1679787319578111e+02,
       2.7906391425891238e+03, 2.1589749999391188e+02,
       -5.2267598489395368e+01, -2.5151152990787699e+02,
       -2.0806966093392564e+01, 2.4604766283230134e+01,
       -1.1174452014603519e+01, -1.6268144938552464e+01,
       -5.3434401162629397e-01, -3.1679787319578111e+02,
       8.7360080976761565e+03, 8.3999269778391863e+01,
       1.4210461434183067e+03, 8.1087771030304646e+02,
       8.9110172289588456e+02, -5.3932579525174170e+01,
       1.7905914539247803e+01, 5.4693267190765411e+01,
       2.6816643083329105e+01, -2.1979045966273278e+00,
       2.7906391425891238e+03, 8.3999269778391849e+01,
       2.4877178552192895e+03, -6.9832624152748451e+01,
       9.4690294056411673e+01, 1.3048947725200233e+02,
       -6.8484740149638483e+00, -1.2041015602530271e+01,
       2.7242042411485778e+00, 6.6898572794480393e-01,
       8.4979269892832021e-01, 2.1589749999391185e+02,
       1.4210461434183067e+03, -6.9832624152748451e+01,
       1.4104506851994618e+03, -2.8503750354874785e+02,
       -2.9405219294453730e+02, 1.9090610109978794e+01,
       -3.0997121095267826e+01, -2.0740994392659129e+01,
       -1.7751185397489873e+00, 1.5736410912448057e-01,
       -5.2267598489395382e+01, 8.1087771030304646e+02,
       9.4690294056411673e+01, -2.8503750354874785e+02,
       4.8844507026992670e+02, 2.2869004483527945e+02,
       -2.1065220612260859e+01, 1.0787781981099082e+01,
       1.8002209296780897e+01, 6.9671547510332141e+00,
       5.2414814675685828e-01, -2.5151152990787699e+02,
       8.9110172289588456e+02, 1.3048947725200230e+02,
       -2.9405219294453730e+02, 2.2869004483527945e+02,
       3.8279339736017442e+02, -5.1547635070490905e-01,
       -6.6645936009501716e-01, 1.4288687938097267e+01,
       6.7480432076019561e+00, 9.6215704362062782e-02,
       -2.0806966093392564e+01, -5.3932579525174162e+01,
       -6.8484740149638483e+00, 1.9090610109978794e+01,
       -2.1065220612260859e+01, -5.1547635070490927e-01,
       2.1642302348729579e+01, -1.7819271471596529e+00,
       -3.7165972801674432e+00, -3.3804575182580104e-01,
       7.0931414049916014e-02, 2.4604766283230134e+01,
       1.7905914539247807e+01, -1.2041015602530267e+01,
       -3.0997121095267826e+01, 1.0787781981099080e+01,
       -6.6645936009501683e-01, -1.7819271471596529e+00,
       1.5037356996901964e+01, -8.3750321805712746e-01,
       7.6284038399123266e-01, -7.6156869154947474e-02,
       -1.1174452014603519e+01, 5.4693267190765425e+01,
       2.7242042411485778e+00, -2.0740994392659129e+01,
       1.8002209296780897e+01, 1.4288687938097263e+01,
       -3.7165972801674432e+00, -8.3750321805712757e-01,
       2.4180207142094905e+00, 3.1167552643045754e-01,
       -4.2158850961227283e-02, -1.6268144938552464e+01,
       2.6816643083329105e+01, 6.6898572794480438e-01,
       -1.7751185397489873e+00, 6.9671547510332150e+00,
       6.7480432076019561e+00, -3.3804575182580104e-01,
       7.6284038399123288e-01, 3.1167552643045759e-01,
       7.8314388897803044e-01, 5.5251460426606266e-03,
       -5.3434401162629408e-01, -2.1979045966273278e+00,
       8.4979269892832021e-01, 1.5736410912448057e-01,
       5.2414814675685828e-01, 9.6215704362062837e-02,
       7.0931414049916014e-02, -7.6156869154947474e-02,
       -4.2158850961227276e-02, 5.5251460426606266e-03,
       1.1260596701693966e-02, 5.9526382577078384e+03,
       5.6117809070002966e+02, 2.8950327184935736e+03,
       6.1872600081213292e+01, 2.5975169068976811e+02,
       -1.9340245244483594e+02, 3.8993775036505710e+01,
       -3.8091774319091734e+01, -1.2478553128801765e+01,
       5.3946873645545779e+00, 5.0190817885306738e-01,
       5.6117809070002977e+02, 7.6966677528153123e+03,
       -1.6746388735789299e+02, 1.2540287647465111e+03,
       -9.6072137974946017e+01, 2.3057680551519056e+01,
       2.1667522960772160e+01, -1.4418685785459539e+01,
       9.5777385947155047e-01, 9.0992750107114766e+00,
       1.1563195084560919e-01, 2.8950327184935732e+03,
       -1.6746388735789299e+02, 2.4239076921243000e+03,
       4.0080718560502419e+01, -8.7924720402487623e+01,
       4.0821923795049578e+01, -2.1440600962665631e+01,
       8.7329684878042730e+00, 9.7677085450623835e-01,
       2.1161750240243560e+00, 3.6980341451335899e-02,
       6.1872600081213292e+01, 1.2540287647465111e+03,
       4.0080718560502433e+01, 1.7854839309499798e+03,
       4.2653005262224298e+01, 2.8364761261734873e+01,
