%YAML:1.0
means: !!opencv-matrix
   rows: 40
   cols: 5
   dt: d
   data: [ 1.9095019726516491e+00, -1.1774502786469183e+02,
       -1.3665274543560416e+01, -3.0277549899888527e+01,
       3.4232506646050076e+01, -7.9275702103384049e-01,
       4.3265471067939032e+01, -8.4910040397592596e+01,
       6.3243055972746447e+00, 6.8555517701739728e+00,
       1.2649545212781541e+02, 2.9075630357718175e+01,
       4.2889532009679961e+01, -1.8159847113884428e+01,
       -1.1540488116145191e+01, -2.0020478402167700e+02,
       -7.5861002706708945e+01, 4.9271585068806509e+01,
       3.1061302277925126e+01, -2.8290657142613995e+01,
       -1.3501844696549952e+02, -8.3407946807022896e+01,
       -3.7653744388904684e+01, -5.2886789161601362e+00,
       2.5835434654038416e+01, -2.6510405998341491e+02,
       1.7953287305459877e+01, -1.8698561544487109e+01,
       2.3630602373233178e+00, -4.1436936862939682e+00,
       1.0821252889032586e+02, -1.4852828768244880e+01,
       7.0132887692906834e+01, -9.8726200458188842e+00,
       2.4454983768230218e+01, 1.6337909054386497e+01,
       7.8256504588864843e+01, 2.4762066958737204e+01,
       4.6632247500088098e+01, 1.6167866951292986e+01,
       5.5150151479326972e+01, 1.8090844361960504e+02,
       3.8005097301623216e+01, -7.2020625217478100e+00,
       4.4376754569625634e+00, -1.7204233106651347e+02,
       -6.5622880348682129e+00, 1.4616895299609379e+01,
       -6.2754079441952783e+01, -4.5225409537997052e+00,
       -4.1920110168368119e+00, 7.2536846670801381e+01,
       9.0285895637454189e+01, -4.4965439353092108e+01,
       3.9495806026961802e+00, 6.4820179870151833e+01,
       -2.7175019324325199e+01, -2.7658710501862153e+01,
       4.6637605707078180e+01, -2.6252809327950438e+01,
       2.5212499564627967e+02, -6.9670536027247580e+00,
       2.1425053095338367e+01, -2.1900565010770090e+00,
       -1.7112224524463496e+01, -9.1471754850206665e+01,
       -3.0179080862758372e+01, 4.1475251363930788e+01,
       2.2541152958076847e+01, 4.1302717066044243e+00,
       1.2559528985966729e+02, -1.7254295865728542e+02,
       5.0741568999388122e+01, -1.5685645741226111e+01,
       2.2923478262047774e+00, -1.0180930244856334e+02,
       -6.3807251758823554e+01, 1.0658500157452411e+02,
       9.8899246248198516e+00, -2.2786613097797659e+01,
       3.7181548197422920e+01, -2.2242259656123167e+01,
       2.7448674219068437e+01, 3.1360890828626053e+00,
       1.7376622739451157e+01, 1.8969834777087542e+01,
       6.5738163233388093e+01, 9.8513646999934075e+00,
       -6.3274385019864809e+01, 7.2558836353190417e+00,
       2.1040487232040707e+02, 7.5037055047556152e+01,
       -1.7365978309291690e+00, 3.8672899486754396e+01,
       -1.2613451519427221e+01, -1.3374493524705429e+02,
       1.3036119336442320e+02, 1.1711437828483417e+01,
       -5.3501769637648920e+01, -2.5174359387276201e+01,
       -6.4793835024435253e+00, -8.7574678276543196e+01,
       2.0622101325712077e+01, 3.7801847511895858e+01,
       3.6978497278787685e+01, 5.0295957648518140e+01,
       -4.3980316621219238e+01, -6.2178843388231456e+01,
       -4.3381705017291694e+01, 6.8699956147115113e+00,
       3.2065881644698621e+01, 1.1265702366921801e+02,
       -3.2381744855954473e+01, -4.7483274125149670e+01,
       -1.0663851944580243e+01, -8.5739084232451745e+01,
       1.7266718168796396e+02, -4.5949740228163606e+01,
       1.0029081261814705e+01, 8.3012132269724965e+00,
       -7.7832090336707125e+01, 1.4902963746219895e+01,
       -3.6208559577670741e+01, 6.3547937081505275e+01,
       1.9441269908471842e+01, 1.4840437170937946e+02,
       -6.4819385763861860e+01, 2.3264389757413730e+00,
       -6.7652404757184456e+01, -1.4272710362342471e+00,
       -1.5591420163227056e+02, 1.3484082320529421e+02,
       3.5499317640704305e+01, -6.8544986215504577e+00,
       -3.8868677452790474e+00, -5.5967418255101627e+01,
       -1.1806447338008095e+01, -3.5602093814090345e+01,
       -6.2851468623364470e-01, 2.3566505638113846e+01,
       -2.3219570330273035e+02, -5.7472895692745318e+01,
       1.8248118929202057e+01, 4.8993043773456087e+01,
       -2.2507511498334843e+01, 1.5535479470008005e+02,
       -5.7950858311706781e+01, -6.3480415354194406e+01,
       -1.4222098017816467e+01, -1.2085988448436710e+01,
       1.0746059570872016e+02, 6.3658325407002700e+01,
       -7.5563227618553540e+01, 5.3082200311200893e+01,
       -9.3523427038056433e+00, -6.9706554097207118e+01,
       -7.4173568432411798e+01, 5.1657395754685879e+01,
       -5.4162292736805355e+01, 6.5662988826667883e+00,
       1.0272918638419959e+02, -4.7405064468127442e+01,
       -2.0996477894099758e+01, 3.6512896551143214e+01,
       -2.7090764468588425e+01, -1.8709687804605824e+02,
       -1.7779123629654256e+02, 2.1796168134029315e+01,
       -2.3222590937056307e+01, -2.0124757981186111e+01,
       1.1476658231476728e+01, -2.3523635289996031e+02,
       7.2591637526248203e+00, 7.4157856210269102e+01,
       -2.2064788820745012e+00, -1.2885230846240600e+02,
       6.0241438741160003e+01, 5.5531089052111902e+01,
       1.9879047605145107e+01, 2.3478936555285834e+00,
       -9.4350566470759034e+01, 5.2735925698003342e+01,
       -6.2547990092342843e+01, -5.6906136080278444e+01,
       1.0031607039602372e+01, 1.0240787377632944e+02,
       6.8920780861803877e+01, -8.7428121489528081e+00,
       1.0927314504930994e+01, 4.7248470144704209e+00,
       8.9147051768049991e+01, -6.6710103476900670e+01,
       -1.2669595403832423e+01, 6.1428166353924773e+01,
       3.6679669784749653e+00, 1.4985140757806250e+00,
       -1.6201456554188695e+02, -3.4723915940174244e+01,
       6.5952888001875793e+00, -1.4810819872986574e+00 ]
