%YAML:1.0
means: !!opencv-matrix
   rows: 18
   cols: 11
   dt: d
   data: [ -2.0698239592398224e+02, 4.6386292213254752e+00,
       4.3151694375637533e+01, 3.0777138468237033e+00,
       -9.3977399845567273e+00, 9.7002115677200393e+00,
       -2.4138077038810239e+00, -3.0025228141241054e+00,
       -1.1720733843067381e+00, 2.7765173526053871e-01,
       -1.8549969437120332e-02, 3.3896038441538266e+01,
       -3.2571993761442686e+00, 1.0021342345431579e+00,
       8.2968653744663996e+00, 2.2301735390814660e+01,
       3.5734921228559537e+00, 1.8586938506788681e-01,
       5.7243007307822857e-01, 5.0272415025121742e-01,
       1.7515552714065841e-02, 4.0168514730399611e-02,
       -3.5503831069143288e+01, 6.7329789388480430e+00,
       2.3840287242779290e+01, 7.3988639481796294e+00,
       2.2131602862928386e+01, -4.4263312806577479e+00,
       -6.5828662730019456e+00, -4.6456711345784525e+00,
       -4.4496808169163584e+00, -5.6674764724194149e-01,
       -4.9402333099557716e-02, 8.1343597985125129e+01,
       2.0263585762655310e+01, -2.3134547745127200e+01,
       -3.1473170390441116e+01, -2.5363722650713999e+01,
       -2.0514175710517442e+01, 1.2842882802079330e+00,
       -2.8393981893462188e+00, 3.1822081156832460e-01,
       -5.1279227181990628e-03, 1.0228718853020735e-01,
       -1.6466195700427568e+02, -2.6082548898595342e-01,
       3.8682520066788065e+01, 5.1871747778337980e+00,
       -4.6175427695808153e+00, 2.0273831434767127e+00,
       1.1215040932196116e+00, 1.4446262348862875e+00,
       6.3482387679948660e-01, -1.2825104051310149e-01,
       -1.1205632012863499e-01, -6.2378968101765444e+01,
       -7.1576201202476639e+01, 2.1277561284872867e+01,
       4.3427718215658643e+01, 1.0903910409131376e+01,
       -5.8537687229932542e+00, 2.1934731918614565e+00,
       -2.8190297606142078e-01, 2.0046196835066546e-01,
       3.7119574800632327e-02, 1.5066880436341338e-02,
       1.9867667239550375e+01, 1.3195559111555403e+02,
       -3.1479040252393951e+00, -7.6966997536369874e+01,
       6.3307231465294267e+00, 7.4591110841410613e+00,
       1.2592160448130113e-01, 1.9134154045192950e+00,
       1.4920031116538572e+00, 3.3630280161770687e-01,
       -7.3713067885031180e-02, 8.8452725799715619e+00,
       4.4836125323239777e+01, 2.6137597450355732e+00,
       -3.3812180584054232e+01, 1.8718751946507215e+01,
       -1.7342421117468955e+01, 2.6780976091193218e+00,
       9.1028455424263455e-01, 1.5551471107369644e-01,
       1.1058686274533035e-01, 1.6211490420988738e-03,
       1.4076660640388457e+01, -4.7159847184452829e+01,
       -6.9988732826908278e+00, 3.1187949556891851e+01,
       -7.1434901738328396e+00, 4.9174201409040794e+00,
       1.7130057659736422e+00, 1.2579218053498988e+00,
       5.8351169048830043e-01, 1.4885678149807940e-01,
       -3.0120462812416332e-01, 1.1302887442386235e+02,
       1.2969771184953787e+01, -3.6310801066409063e+01,
       -4.3200015098430082e+00, 4.6038136896876858e-01,
       6.9692792335791056e+00, 3.4971746088101585e-01,
       1.9052094624799394e+00, 2.5504452130329036e-01,
       -9.8250201111740001e-02, -8.8276922704117480e-02,
       8.7191234792579465e+01, 5.9679784941290901e+00,
       -2.7037135984064903e+01, -3.1085989909900523e+01,
       -2.7930908093906801e+01, -1.5858253985338649e+01,
       -6.3523230625525826e-02, -1.2931639538664934e+00,
       7.4483017243343982e-02, -1.2101971665941912e-01,
       1.0739952544348344e-01, -9.6170343440625416e+01,
       2.2469932374357075e+01, 2.5949923520028264e+01,
       -2.1007499150828153e+01, 1.4342921527921227e+01,
       -1.7190588610348939e+01, 6.0507484315594473e-01,
       -1.2751493709536594e+00, -4.6331958772162002e-01,
       4.3674485088443443e-01, 1.3651034667450718e-01,
       1.0215324030939074e+02, 2.9726618018369326e+01,
       -2.4644048086805689e+01, -3.8054637691126466e+01,
       -3.1152606262192974e+00, -6.3402013654623376e-02,
       -9.6394319845158816e-01, -2.5196971616429518e+00,
       -3.6189552905034343e+00, -1.3338018470693618e+00,
       -2.8482515868382602e-01, 1.4223489990081984e+02,
       -9.1243360939183784e+00, -3.6998124302349559e+01,
       9.6715718093486043e+00, -5.6136193863319201e+00,
       1.2120316399726239e+01, -1.0747466947537363e+00,
       1.2952355139257781e+00, 2.4010760539438228e-01,
       1.0084300590479364e-02, 1.0331940689504822e-01,
       -1.3732290944610764e+02, -1.0359278825882184e+02,
       2.5323476282917458e+01, 6.6185273174483228e+01,
       -1.7050780105097392e+01, -9.8465782326844664e-01,
       1.5282100491755951e-01, -1.3131092429128139e+00,
       7.9559904124094449e-01, -3.4424085735936633e-01,
       7.0062415531732772e-02, 1.0136987084429158e+02,
       -1.0401506516385894e+01, -1.5859586633101872e+01,
       1.2885669662575731e+01, -1.8110766503169049e+00,
       1.6138031601877284e+01, -1.2122744879389776e+01,
       -6.8045416523191600e+00, -5.6829365680047381e+00,
       2.2953211127130175e+00, -2.8086782136446681e-02,
       -1.9230400434660268e+02, 8.6227151806816138e+01,
       4.0743826698376019e+01, -5.0214856347801785e+01,
       -2.2967030979967909e+01, 1.2142222772569403e+01,
       -2.8060394544479497e+00, 1.9250972989386625e+00,
       6.9118077825903601e-01, -6.3525430125431742e-02,
       4.5432411863591031e-02, 3.5847618174761834e+01,
       -9.7131426053307436e+01, -1.2488926139629800e+01,
       6.6503042313189894e+01, -3.9378640287928959e+00,
       -5.6555649793014906e-01, 2.0133873317882549e+00,
       -2.2736594954654141e-01, 5.6153213139166304e-02,
       -8.5593266726261635e-02, 2.1278580829408530e-02 ]
