%YAML:1.0
means: !!opencv-matrix
   rows: 35
   cols: 3
   dt: d
   data: [ -1.6900125858133799e+02, -1.8005761171351754e+01,
       1.3968012771528707e+01, 2.7553132091296550e+01,
       -3.8815469112044795e+01, 4.9557777526536292e+01,
       1.0489904846124163e+02, 9.7421644665162944e+01,
       -3.1561443486928749e+01, -6.6139544203358767e+01,
       5.0267370638639953e+01, 1.0315751323712335e+02,
       9.8054697850749463e+01, -1.3578858158535317e+02,
       3.0969627555268289e+01, 7.9665089025981601e+01,
       1.9682333733455817e+01, -4.5731504927535070e+01,
       -2.8637344387891273e+00, -1.3763982737599267e+02,
       -1.6111740049672878e+01, -2.5616049894621943e+02,
       9.5431953662064899e+01, -1.8923407006369878e+01,
       4.7245530531838957e+00, 3.3986473831400794e+01,
       1.4947597568423857e+01, 8.9235433762806565e+01,
       2.5888839871298551e+01, 7.5742224836417833e+01,
       -1.1970041003103277e+02, -1.4879795061769184e+02,
       4.4168968356346390e+01, 1.6698616172688673e+02,
       -4.3475208996048423e+01, -2.9865140030658093e+01,
       -7.9914049466720227e+00, -5.4805864885135314e+01,
       -9.1671868490806659e+01, 2.0427623853675595e+02,
       2.3378801029165743e+01, 4.9139372712016318e+01,
       3.6158203886950282e+01, 9.1592537146473646e+01,
       -9.4450675130166047e+01, -2.1382917721098147e+02,
       -1.2914126363159818e+02, -2.6278234136256401e+01,
       2.6661389436337224e+00, 1.8629220414223892e+02,
       -3.2052085782055492e+01, 1.4752144186777275e+02,
       2.7812877965040691e+01, 1.3559070713711657e+01,
       -7.5165310072181185e+01, -4.9786563781772585e+01,
       -2.4440000212903918e+01, 1.0412161656124130e+01,
       2.0420723540840761e+01, -7.4857162545380987e+01,
       9.1819681295972345e+01, 1.5798410123247965e+02,
       2.9985690458468316e+01, -2.4940547834462561e+02,
       6.2785641043917806e+01, 1.4859542675848159e+01,
       1.6652268866520986e-01, -7.7256534194610509e+01,
       9.8515963988938537e+01, -8.8284382913334667e+01,
       -3.5534427195541326e+01, 6.6409695384737276e+01,
       -2.6908188768227024e+02, -1.8235810254701921e+01,
       -3.0233786059133525e+01, -4.9974112458801358e+01,
       9.4098747018764215e+01, -3.7189227169303940e+01,
       1.7011622190376212e+02, -6.0707255851593011e+01,
       4.2080887075171624e+01, 1.7785682790471725e+02,
       9.2892828667787498e+01, 2.7875929723325200e+01,
       -1.6712618932878095e+02, 5.7105377637554106e+01,
       6.3651297190056717e+01, -7.8878039199428784e+01,
       -1.4786730719235899e+02, -6.5341805248188194e+01,
       1.1560015109943564e+02, -5.1027734016506358e+01,
       5.3568103034388557e+00, -9.3191858495060430e+01,
       2.2710287574915046e+01, -5.6902705048302330e+01,
       -1.2613816965651202e+02, 1.4504559032118397e+02,
       7.0021388964466453e+01, 5.5326638387242667e+01,
       -5.5552408631933673e+01, -5.4827862641721055e+01,
       -8.0452948897749401e+00, 1.1196789757430901e+02,
       2.7824404283162075e+01 ]
covs: !!opencv-matrix
   rows: 105
   cols: 3
   dt: d
   data: [ 2.8307262213954004e+03, 1.1132460015811143e+03,
       3.9692951627020017e+02, 1.1132460015811143e+03,
       4.1332747229224660e+03, -4.4994015022217320e+02,
       3.9692951627020017e+02, -4.4994015022217326e+02,
       1.0791034714648004e+03, 1.8780949081049525e+03,
       3.2425589287804303e+02, 7.3202396738085696e+01,
       3.2425589287804291e+02, 4.1198283864282639e+03,
       3.9036845547054287e+02, 7.3202396738085682e+01,
       3.9036845547054293e+02, 6.8679096918773848e+02,
       3.0209742129566421e+03, 8.1706160129799898e+01,
       3.4292009484267135e+02, 8.1706160129799841e+01,
       1.3776129452295354e+03, -3.2080835667909639e+01,
       3.4292009484267135e+02, -3.2080835667909653e+01,
       1.0163185693996811e+03, 2.1842126526124935e+03,
       -6.7007434347937215e+02, -2.6734682133904437e+02,
       -6.7007434347937226e+02, 6.7552768125077873e+03,
       3.8877308991209611e+02, -2.6734682133904431e+02,
       3.8877308991209617e+02, 2.2541650387081532e+02,
       3.5584725086785065e+03, 1.3373602921680501e+03,
       -7.9999591264485809e+02, 1.3373602921680504e+03,
       3.6971558190612222e+03, -3.5129018880971523e+02,
       -7.9999591264485809e+02, -3.5129018880971523e+02,
       7.4152204727568039e+02, 1.5783182279489799e+03,
       -1.9062959405971165e+02, 3.1084649737469607e+02,
       -1.9062959405971165e+02, 1.5880475101003440e+03,
       7.3400034372601851e+01, 3.1084649737469607e+02,
       7.3400034372601866e+01, 1.5862013299138041e+03,
       3.8602894828167864e+03, 4.5106349610324628e+02,
       -3.6255944154546319e+02, 4.5106349610324628e+02,
       3.2268717742939516e+03, -1.7454947226389169e+01,
       -3.6255944154546319e+02, -1.7454947226389159e+01,
       1.4219409647115147e+03, 2.8845979242737385e+03,
       -5.8131136934397466e+02, 2.6471070062518635e+02,
       -5.8131136934397477e+02, 4.9793310294139055e+03,
       -1.2833745193957307e+02, 2.6471070062518635e+02,
       -1.2833745193957304e+02, 2.6911718593537290e+02,
       2.5285770136596857e+03, 3.0181473565714219e+02,
       1.1995502282574557e+03, 3.0181473565714214e+02,
       4.9177133119603823e+03, 2.3868945680282766e+02,
       1.1995502282574557e+03, 2.3868945680282766e+02,
       8.5164724276988352e+02, 7.2562316626067195e+02,
       2.4583048862153737e+02, 1.1461959728438309e+02,
       2.4583048862153737e+02, 9.2561504170468579e+03,
       1.6872014546513668e+02, 1.1461959728438309e+02,
       1.6872014546513668e+02, 1.6939172800489683e+02,
       2.6451495134029587e+03, 3.3984129404607211e+02,
       1.3931316982724509e+03, 3.3984129404607222e+02,
       3.2412285587289539e+03, -1.8878278664138955e+02,
       1.3931316982724509e+03, -1.8878278664138955e+02,
       1.1285363525218675e+03, 2.1223576045010591e+03,
       -1.5061942985771512e+02, 1.0318721907536183e+03,
       -1.5061942985771512e+02, 4.1292691304959935e+03,
       -3.5696343238698034e+02, 1.0318721907536180e+03,
       -3.5696343238698034e+02, 1.0640147604326967e+03,
       1.3381860364303307e+03, -3.9945191653434654e+02,
       -3.0420155287485943e+02, -3.9945191653434648e+02,
       3.2815957586537525e+03, 4.5101495288490798e+02,
       -3.0420155287485949e+02, 4.5101495288490798e+02,
       5.3321961821566276e+02, 2.6072190959724039e+03,
       -8.0683149499390663e+02, -6.2188265850854793e+02,
       -8.0683149499390663e+02, 6.9905488165387642e+03,
       3.2878717956428534e+02, -6.2188265850854793e+02,
       3.2878717956428534e+02, 2.3354365281633466e+02,
       2.1655842468469455e+03, 9.0246988833909299e+01,
       -2.8138955653070354e+02, 9.0246988833909299e+01,
       1.8778863430100748e+03, 1.3189277903247211e+02,
       -2.8138955653070354e+02, 1.3189277903247208e+02,
       5.1672068050720452e+02, 1.6985664513062218e+03,
       6.8139131986235850e+02, 3.9753516074121939e+02,
       6.8139131986235850e+02, 3.8759432306074082e+03,
       3.2069650325680504e+02, 3.9753516074121933e+02,
       3.2069650325680504e+02, 4.8141008730880156e+02,
       2.0025222811415942e+03, -2.9500102807155673e+02,
       6.1000021642995296e+02, -2.9500102807155673e+02,
       3.0911270077166355e+03, -3.0485808783556729e+02,
       6.1000021642995296e+02, -3.0485808783556723e+02,
       1.2058265576549329e+03, 1.9236379488676846e+03,
       4.0656643515494335e+02, -2.9282707187196814e+02,
       4.0656643515494341e+02, 2.0148247373293232e+03,
       -3.4618813304957308e+02, -2.9282707187196809e+02,
       -3.4618813304957308e+02, 7.0409146879635500e+02,
       2.8268262284791394e+03, 9.4433213380921234e+02,
       5.7589895422745440e+02, 9.4433213380921245e+02,
       3.2331307096425708e+03, 3.6935811814899972e+02,
       5.7589895422745440e+02, 3.6935811814899972e+02,
       8.0260101915754228e+02, 6.2435420282591917e+02,
       1.1461351060658262e+02, 4.8501546383324165e+02,
       1.1461351060658266e+02, 5.3487461347793078e+03,
