%YAML:1.0
means: !!opencv-matrix
   rows: 5
   cols: 20
   dt: d
   data: [ 9.7430418998468028e+01, -1.2473750716620245e+01,
       -2.7318104946488404e+01, -1.0427741249400639e+00,
       -1.5770355241647589e+01, -6.1821164055869033e+00,
       7.7071830071825043e-01, -9.4123982871826906e-01,
       2.3681709982285995e-01, -1.0670070180242089e-01,
       5.9203886741594922e-02, -7.1438703256432833e-03,
       1.3159171511761007e-03, -2.0594350242813236e-03,
       1.7573567183360485e-03, 3.1244569643875371e-03,
       5.0429939149267975e-03, 3.3557812043415305e-04,
       -1.2057805228930755e-03, 6.8059633390031267e-04,
       -1.7283529893223840e+02, 2.3694751433139172e+00,
       3.7812609351188378e+01, 2.0711460257730825e+00,
       -1.4026430110834388e+01, 4.6271143567867909e+00,
       -3.7828613113780768e-01, 1.0536159158231941e+00,
       6.2831786700150372e-01, -1.4959777381727157e-01,
       4.2857021548337940e-03, 2.4908374067386199e-03,
       1.9913349743107896e-03, -1.9822311747329864e-03,
       -2.4231370789662139e-03, -5.1253214588166274e-03,
       -1.2338442410918752e-03, 5.2403079944282865e-04,
       -2.1457447371305239e-03, 2.3981600992614791e-03,
       -3.7517788020319124e+01, 3.9162579563097474e+01,
       1.1844568136303669e+01, -1.8803344390769233e+01,
       6.9387181716877055e+00, 3.4358084546904171e+00,
       -4.2013277353959628e+00, -2.9521638648560833e+00,
       -2.3045502646993912e+00, 3.1251376523622154e-01,
       -1.2019672823547227e-01, 1.1937371265994989e-03,
       -2.1511629680474757e-02, 1.2742909827745529e-03,
       -1.7750280932890355e-02, 1.0318757465653512e-02,
       -2.1979507903213229e-03, -3.5358790627141798e-03,
       1.4565169742196259e-03, 3.0590197002826141e-03,
       1.3616660794526533e+02, 4.2030428644787561e+00,
       -3.8839750652200877e+01, -4.6926204264208042e+00,
       -6.2339041688557577e+00, 1.2352457365193883e+01,
       -1.6709390908419370e+00, 1.3037626780490963e-01,
       -6.6576653310119438e-01, 7.7291330589590118e-02,
       8.1180995092502761e-02, -9.3610313838370554e-02,
       -9.4474738128139755e-03, -2.4619633438856980e-02,
       -2.1683357922138012e-02, -1.0181180148648919e-02,
       -4.5316096229667500e-03, 3.5742660124539168e-04,
       2.9064861275736463e-03, -6.2588934823144407e-03,
       2.5609007956434095e+01, -6.8526364383635174e+00,
       -2.7196358061249795e+00, 5.4115156199979717e+00,
       1.2312603613987497e+01, -1.7998649277551240e+00,
       1.2077989075265410e+00, 7.6449637416647198e-01,
       3.4353374171216633e-01, 1.9106658657054437e-02,
       -5.7996805534304323e-03, 1.3881164949269000e-02,
       5.7568579052478929e-03, 4.6639052684255477e-03,
       8.0630808070924920e-03, -6.7802195227011748e-04,
       -5.6323230941484931e-04, 5.3597493545409249e-04,
       7.2052679771452040e-04, -1.3970327724522997e-03 ]
covs: !!opencv-matrix
   rows: 100
   cols: 20
   dt: d
   data: [ 6.1743753436850711e+03, 8.9330208493699047e+02,
       2.5476761601356511e+03, -2.8461957825524354e+02,
       1.9057814683097448e+01, 3.3688362201426395e+02,
       -9.0959390640817162e+01, 4.4863111476503668e+01,
       2.6877221029344394e+01, 1.2365193370295764e+00,
       -1.2819222889394806e+00, -2.5305885427143548e-01,
       -1.3967725523767311e-02, -1.0566048889106425e-01,
       -3.3661246112014215e-01, 3.6605388883328746e-02,
       -1.4318321312959983e-02, 1.4609969050307048e-01,
       4.4467454378683199e-02, 4.2928391144755988e-02,
       8.9330208493699047e+02, 7.4602247342675073e+03,
       -3.5894354512288896e+02, 7.4668968459061853e+02,
       -3.8003151635784297e+02, -3.4810504187042341e+02,
       1.6176530875030974e+01, -5.1318123128082874e+01,
       7.5864284488468714e+00, -4.3639290441731697e+00,
       2.0948895197418378e+00, 5.3380054119987441e-01,
       -4.0458649412027502e-02, 1.2245917411948339e-01,
       2.3062972372433904e-01, 2.6517966287992389e-01,
       -1.9688601236815276e-01, 1.8249306674957672e-01,
       6.8198232071975604e-03, -3.3168571991766531e-02,
       2.5476761601356511e+03, -3.5894354512288896e+02,
       2.6704341184516275e+03, 1.5178350930229976e+02,
       -1.1338613668758758e+02, -3.1778218675869187e+01,
       2.8171594495872810e+01, -9.3046789312777474e+00,
       -1.0282075655065566e+00, 3.4783020594205545e+00,
       2.3828936850702195e-01, -2.5755261819874037e-01,
       1.1605974702057510e-01, 8.6733994868607531e-03,
       1.7383829185239433e-01, -1.1131354813789371e-01,
       -4.7405972717676804e-03, -3.2345602161863038e-02,
       -1.7116135806753655e-02, -3.7183940674690143e-02,
       -2.8461957825524354e+02, 7.4668968459061864e+02,
       1.5178350930229973e+02, 2.6395367003360807e+03,
       2.9078222702772496e+02, 2.1108812343943018e+02,
       4.2892479535111363e+00, 5.1125224419611811e+01,
       -4.1093432536635648e+00, -4.4462676277301751e+00,
       -1.3392999960600582e+00, -1.9283928948665732e-01,
       9.9845243096145196e-03, -2.0246396250690624e-01,
       -3.7746278926535254e-01, -2.4389186534885499e-01,
       1.6478630190495938e-01, -1.1131231600574688e-01,
       2.7777410214202467e-02, 4.2324878573894865e-02,
       1.9057814683097455e+01, -3.8003151635784297e+02,
       -1.1338613668758755e+02, 2.9078222702772496e+02,
       1.3795602179125854e+02, 1.4495934141133193e+02,
       -2.2045899304100322e-02, 3.5978091724530157e+00,
       1.8170977420059022e+00, -1.2953419844722383e+00,
       -4.7991468685588373e-01, -3.1756617641190539e-02,
       2.0286098075260429e-02, -2.6950519497078620e-02,
       -1.3356592565583431e-01, -7.2479770960451398e-02,
       4.5009834837961768e-02, -1.9280317746154230e-02,
       1.0547791809589041e-02, 1.8886239598486333e-02,
       3.3688362201426401e+02, -3.4810504187042341e+02,
       -3.1778218675869198e+01, 2.1108812343943015e+02,
       1.4495934141133193e+02, 2.5714360127573116e+02,
       1.6646640313979773e+01, 1.1279376468064616e+01,
       -2.1497429969762596e+00, -7.4022105387284365e-01,
       -2.8664084855296440e-01, 1.4376254010866099e-02,
       2.7750005061100771e-02, -2.4819984391745032e-02,
       -1.9016099499537681e-01, -5.7491159132221983e-02,
       3.7486927465356493e-02, 1.4346307714265337e-02,
       1.9223584435015206e-02, 2.6424949722777456e-02,
       -9.0959390640817162e+01, 1.6176530875030974e+01,
       2.8171594495872796e+01, 4.2892479535111372e+00,
       -2.2045899304100461e-02, 1.6646640313979773e+01,
       2.0811027162217346e+01, -2.8850436430879185e+00,
       -2.7548409583550271e+00, 2.1715243459603772e-01,
       1.3424181056942749e-01, 3.2748978492103460e-02,
       -3.3954475585885949e-02, -2.5832593218048293e-04,
       4.3141748780852283e-03, -3.7787104851230869e-03,
       -1.2662251269271534e-03, -6.2744050332894765e-03,
       -1.4609600624640082e-03, -2.3872670210058548e-03,
       4.4863111476503654e+01, -5.1318123128082860e+01,
       -9.3046789312777509e+00, 5.1125224419611811e+01,
       3.5978091724530161e+00, 1.1279376468064616e+01,
       -2.8850436430879185e+00, 1.5363786875624891e+01,
       -2.3886237446781560e+00, 2.9801881542143011e-01,
       -5.0934956489507542e-02, -1.5701852666402404e-02,
       -1.7362806187375318e-02, -8.8755532833267453e-03,
       -1.4865786303389255e-02, 3.3458600659902397e-03,
       7.1342399039260864e-03, 1.4521803003878385e-03,
       4.5845598110104977e-03, 4.0674412593440963e-03,
       2.6877221029344394e+01, 7.5864284488468705e+00,
       -1.0282075655065552e+00, -4.1093432536635648e+00,
       1.8170977420059027e+00, -2.1497429969762600e+00,
       -2.7548409583550271e+00, -2.3886237446781560e+00,
       1.5611898153882675e+00, -7.0506431740412698e-02,
       -4.9923371794823916e-02, 3.4283076189215471e-03,
       -1.6719255696390430e-02, -3.1411670189695957e-03,
       -1.0249055184407756e-03, 2.4741813867624296e-03,
       -1.4881813845400989e-03, 2.4048813211472353e-04,
       1.3354055983988051e-04, 4.0877910327833820e-04,
