%YAML:1.0
means: !!opencv-matrix
   rows: 15
   cols: 1
   dt: d
   data: [ 2.1848253939662163e+02, -1.3898295426294780e+02,
       3.6344504695732418e+01, -2.8470612143461153e+02,
       -3.3806198692341070e+01, 1.3799143277231553e+02,
       -2.3217816318827226e+02, 2.6967118026684915e+02,
       6.9419972451254509e+01, -1.0099691018451801e+02,
       2.2553517423567726e+00, -6.8384700663590280e+01,
       -1.8529697491393080e+02, 1.0395341778570484e+02,
       1.7558057694158745e+02 ]
covs: !!opencv-matrix
   rows: 15
   cols: 1
   dt: d
   data: [ 7.1140582585944492e+02, 4.3075932345877749e+02,
       2.9257304956058857e+02, 1.6109867367099305e+03,
       2.9545657325879699e+02, 3.8093611216158160e+02,
       9.4649158367603081e+02, 1.3885237751150414e+03,
       2.9316756966084171e+02, 3.3315070636600785e+02,
       2.8413615097550667e+02, 3.0838092023971404e+02,
       6.1841591388555241e+02, 3.0638858085976148e+02,
       4.7383795262021818e+02 ]
weights: !!opencv-matrix
   rows: 1
   cols: 15
   dt: d
   data: [ 3.6386094190304592e-02, 6.3695731176281481e-02,
       9.6002820537532119e-02, 3.1202396381315223e-02,
       8.9896625764723861e-02, 6.9440110693312809e-02,
       4.2887652749458598e-02, 2.3072117341453414e-02,
       9.5933098381998233e-02, 7.3521652186999423e-02,
       9.8499319201264299e-02, 7.9225747323889581e-02,
       5.3437188143383961e-02, 8.9673374893943503e-02,
       5.7126071034115496e-02 ]
pca_proj: !!opencv-matrix
   rows: 1
   cols: 21
   dt: f
   data: [ 1.02604255e-02, 8.46533298e-01, 5.67100069e-05,
       -5.08859605e-02, 4.68450844e-01, 1.89823491e-04, -5.55210514e-03,
       1.46431834e-01, -1.98076777e-05, -7.31809530e-03, 1.34976640e-01,
       -4.80776835e-05, -6.69380091e-03, 1.46460637e-01, -1.57161594e-05,
       2.11501210e-05, 1.32904761e-05, -3.16381829e-07, -1.62182951e-05,
       4.47223283e-04, 4.04881848e-06 ]
pca_mean: !!opencv-matrix
   rows: 1
   cols: 21
   dt: f
   data: [ 4.33646118e+02, 2.44701981e+02, 1.49672687e+00,
       4.18191803e+02, 2.60206879e+02, 1.62062907e+00, 3.68545319e+02,
       2.27059875e+02, 1.69770968e+00, 3.19420807e+02, 1.63929108e+02,
       1.75046074e+00, 3.16613464e+02, 2.25532654e+02, 1.70717156e+00,
       1.08872897e-04, -9.74175637e-05, 6.24380555e-05, -2.17504916e-04,
       -2.50119597e-01, 1.75055194e+00 ]
gamma: !!opencv-matrix
   rows: 15
   cols: 1
   dt: d
   data: [ 8.7621146076933565e-01, 8.3601726666598164e-01,
       7.7816595090990126e-01, 9.0343851124390595e-01,
       7.7700909699883991e-01, 8.3512336321568847e-01,
       8.8308278533183915e-01, 8.9829168621498712e-01,
       7.9375015174759433e-01, 8.1239875789332539e-01,
       7.7086137329714322e-01, 7.9304504873880799e-01,
       8.6148098395951722e-01, 8.1413727325498064e-01,
       8.5556994350850146e-01 ]
