%YAML:1.0
means: !!opencv-matrix
   rows: 3
   cols: 6
   dt: d
   data: [ 4.9336396016395980e+01, 7.0411065284135020e+01,
       -2.1942213759185385e+01, -2.5450569539511459e+01,
       -5.6561872363327845e+00, -4.4773515936782680e+00,
       5.2750079132309274e+01, -3.8453634237400529e+01,
       -5.1306895641721031e+00, 2.0240595836260042e+01,
       9.1107285227678538e+00, 5.7933888317202955e+00,
       -1.2476357345708071e+02, -4.4541666916321105e+01,
       3.3965015399954112e+01, 8.6548832145887982e+00,
       -3.4925131801201199e+00, -1.1069336882430678e+00 ]
covs: !!opencv-matrix
   rows: 18
   cols: 6
   dt: d
   data: [ 1.4885393359160251e+04, -3.6180738572026903e+03,
       1.0637699512482977e+03, 1.3958387984819290e+03,
       -1.3926600379588047e+02, -2.2322963263696957e+02,
       -3.6180738572026903e+03, 9.0135131238887916e+03,
       1.2529539426633742e+03, 1.1656451468393450e+03,
       7.1566730148013406e+01, 2.1845454461646418e+02,
       1.0637699512482973e+03, 1.2529539426633742e+03,
       2.9131255560483178e+03, -4.7746782630004407e+02,
       -5.1239765985367058e+01, -3.7757290202610321e+01,
       1.3958387984819290e+03, 1.1656451468393450e+03,
       -4.7746782630004407e+02, 2.5176748271297761e+03,
       1.9344185090705228e+01, -2.2127461473648918e+02,
       -1.3926600379588047e+02, 7.1566730148013406e+01,
       -5.1239765985367058e+01, 1.9344185090705221e+01,
       1.4096137220986199e+02, 2.3178300226553468e+00,
       -2.2322963263696951e+02, 2.1845454461646418e+02,
       -3.7757290202610321e+01, -2.2127461473648916e+02,
       2.3178300226553477e+00, 8.7163136281291585e+01,
       7.7093763140412912e+03, -5.7980142996246025e+02,
       2.1023344431175942e+03, -3.4791436344688157e+02,
       -1.1513707802993035e+03, 8.3998806163086726e+01,
       -5.7980142996246036e+02, 7.6174299733022253e+03,
       5.6564081432362593e+02, 1.7009633253240213e+03,
       9.4893998473207603e+01, -3.2829149835174366e+02,
       2.1023344431175942e+03, 5.6564081432362582e+02,
       2.7736515086402178e+03, -1.2429420496117214e+02,
       2.6754078551105982e+02, -2.9066120815714434e+01,
       -3.4791436344688157e+02, 1.7009633253240213e+03,
       -1.2429420496117211e+02, 2.2216731179018248e+03,
       -1.8169547054206652e+02, 1.4953156667337598e+02,
       -1.1513707802993035e+03, 9.4893998473207617e+01,
       2.6754078551105982e+02, -1.8169547054206652e+02,
       6.9989806389521755e+02, -1.7227857535521051e+02,
       8.3998806163086741e+01, -3.2829149835174366e+02,
       -2.9066120815714449e+01, 1.4953156667337595e+02,
       -1.7227857535521051e+02, 3.1253814327018051e+02,
       1.0860291416332535e+04, -2.3115939287558322e+03,
       2.1112505392464172e+03, 5.6286809215109436e+01,
       8.8449031632069511e+02, -2.9821766914918108e+01,
       -2.3115939287558317e+03, 1.2541492374010904e+04,
       9.8915279838459332e+02, 1.0013289260088894e+02,
       5.6039172356319432e+02, 7.2090504501487953e+02,
       2.1112505392464172e+03, 9.8915279838459332e+02,
       2.5852399520208692e+03, -1.2927036736984175e+02,
       -2.3338226112587466e+02, 2.9577053683624793e+01,
       5.6286809215109450e+01, 1.0013289260088889e+02,
       -1.2927036736984178e+02, 2.6781124001500198e+03,
       -1.8093357299845971e+02, -1.6692673359205924e+02,
       8.8449031632069511e+02, 5.6039172356319420e+02,
       -2.3338226112587469e+02, -1.8093357299845974e+02,
       3.9989604528093412e+02, 1.0120817155091291e+02,
       -2.9821766914918133e+01, 7.2090504501487965e+02,
       2.9577053683624776e+01, -1.6692673359205921e+02,
       1.0120817155091291e+02, 3.2420442953885396e+02 ]
weights: !!opencv-matrix
   rows: 1
   cols: 3
   dt: d
   data: [ 3.6942717930136176e-01, 3.4051090045029014e-01,
       2.9006192024832289e-01 ]
pca_proj: !!opencv-matrix
   rows: 6
   cols: 21
   dt: f
   data: [ 1.02604255e-02, 8.46533298e-01, 5.67100069e-05,
       -5.08859605e-02, 4.68450844e-01, 1.89823491e-04, -5.55210514e-03,
       1.46431834e-01, -1.98076777e-05, -7.31809530e-03, 1.34976640e-01,
       -4.80776835e-05, -6.69380091e-03, 1.46460637e-01, -1.57161594e-05,
       2.11501210e-05, 1.32904761e-05, -3.16381829e-07, -1.62182951e-05,
       4.47223283e-04, 4.04881848e-06, 8.19958210e-01, 1.87153444e-02,
       -7.93817599e-05, 4.28530097e-01, 8.29724409e-03, 8.75842488e-06,
       2.28233948e-01, -2.37727305e-03, -1.84168690e-04, 2.08515689e-01,
       -1.20344283e-02, -2.14158339e-04, 2.18838796e-01, -7.27251405e-04,
       -1.84816250e-04, -3.05604735e-05, -5.04301033e-06,
       -1.27042276e-05, 6.79167337e-04, 1.30049409e-06, -1.63660501e-04,
       -1.48704097e-01, -3.29387456e-01, -1.82470303e-05, 1.08596861e-01,
       1.49965823e-01, -1.77574475e-04, 1.29315495e-01, 5.12750924e-01,
       2.36419466e-04, 1.37444586e-01, 5.11233926e-01, 2.85520800e-04,
       1.36541247e-01, 5.06532609e-01, 2.30281497e-04, -1.19767010e-05,
       -4.37137305e-06, 1.85016711e-06, 4.23374237e-04, 1.63331581e-03,
       1.86568883e-04, -4.72028166e-01, 1.25829116e-01, -3.95576280e-05,
       1.75304204e-01, -4.03850079e-02, -1.91588406e-04, 4.72358793e-01,
       -1.55570537e-01, 3.14154240e-05, 4.64089781e-01, -1.42328069e-01,
       9.23298430e-05, 4.71241623e-01, -1.54795542e-01, 4.75230554e-05,
       -2.49870754e-05, 5.87460408e-06, 1.53038200e-05, 1.49897439e-03,
       -5.03496267e-04, 3.15210091e-05, 4.28138897e-02, -3.98029029e-01,
       -1.64866622e-03, -1.49486646e-01, 8.53724658e-01, -7.20556185e-04,
       4.98631820e-02, -1.44551426e-01, -6.16796780e-04, 4.10989933e-02,
       -1.98635340e-01, -7.75538327e-04, 2.98115760e-02, -1.52079150e-01,
       -6.80539582e-04, 2.25883312e-04, -2.69945431e-05, 2.70592113e-06,
       9.03362306e-05, -4.77506634e-04, -7.18366122e-04, -2.83197194e-01,
       -1.15955826e-02, -1.67501986e-03, 8.56651485e-01, 1.54669777e-01,
       -2.37696129e-03, -1.20549113e-01, -2.06198599e-02,
       -3.04474914e-03, -2.70571560e-01, -1.17506422e-01,
       -3.04362620e-03, -2.44462311e-01, -1.05650024e-02,
       -2.97378097e-03, -2.55348248e-04, -4.88344995e-05, 2.20185507e-06,
       -8.00635200e-04, 8.29089622e-05, -2.87367473e-03 ]
pca_mean: !!opencv-matrix
   rows: 1
   cols: 21
   dt: f
   data: [ 4.33646118e+02, 2.44701981e+02, 1.49672687e+00,
       4.18191803e+02, 2.60206879e+02, 1.62062907e+00, 3.68545319e+02,
       2.27059875e+02, 1.69770968e+00, 3.19420807e+02, 1.63929108e+02,
       1.75046074e+00, 3.16613464e+02, 2.25532654e+02, 1.70717156e+00,
       1.08872897e-04, -9.74175637e-05, 6.24380555e-05, -2.17504916e-04,
       -2.50119597e-01, 1.75055194e+00 ]
gamma: !!opencv-matrix
   rows: 3
   cols: 1
   dt: d
   data: [ 9.1354855961189563e-01, 9.2742540200996404e-01,
       9.3395635085955542e-01 ]
