%YAML:1.0
means: !!opencv-matrix
   rows: 10
   cols: 3
   dt: d
   data: [ -1.2107343399194507e+02, -1.2126182771158713e+02,
       1.4049286012651690e+01, 9.2530579801644464e+01,
       2.0717465500390439e+01, -9.6512332297743448e+00,
       -5.0953041199794058e+01, 1.8755328225453489e+01,
       -5.7809794971621526e+00, 1.7059963883989087e+02,
       -1.2669597577507590e+01, 1.3966776107858646e+01,
       -1.5877453536092324e+02, 4.2356713691081275e+01,
       5.7582243446724242e+01, 2.9193235593866930e+01,
       -1.8111135713200635e+01, -7.5652416069585001e+01,
       -2.1020511338042536e-01, -6.8244535549961299e+01,
       4.4822139303479609e+01, -2.5069352647760138e+02,
       1.4301114166097550e+01, -1.8294626144749170e+01,
       1.1910452502763522e+02, -1.2785360173115885e+01,
       6.4832129847387392e+01, -6.4204065462376050e+01,
       5.9523562627213572e+01, -5.5601631038642438e+01 ]
covs: !!opencv-matrix
   rows: 30
   cols: 3
   dt: d
   data: [ 3.2408260995681271e+03, -2.0278846527280621e+02,
       1.3638315303450588e+02, -2.0278846527280626e+02,
       4.3076648980573327e+03, 1.6124543754622172e+02,
       1.3638315303450585e+02, 1.6124543754622175e+02,
       2.2190627158230709e+03, 2.9346133512976157e+03,
       2.6183078605746255e+02, -2.3515000883304572e+02,
       2.6183078605746243e+02, 7.2249014017101599e+03,
       7.2593243390645421e+02, -2.3515000883304572e+02,
       7.2593243390645421e+02, 1.6262453210332080e+03,
       4.7317665128190629e+03, 3.5842410645960381e+03,
       9.4419114087147022e+02, 3.5842410645960381e+03,
       9.6993087136463455e+03, 1.2431639866212242e+03,
       9.4419114087147022e+02, 1.2431639866212242e+03,
       1.2029479588381123e+03, 2.3332319489557326e+03,
       9.0152320381109780e+02, -6.1732060077636177e+01,
       9.0152320381109780e+02, 7.2492148431048254e+03,
       -8.4408941463329597e+01, -6.1732060077636206e+01,
       -8.4408941463329640e+01, 5.8437314269733281e+02,
       3.7220732916578499e+03, 6.8673417648915745e+02,
       1.4615259693786948e+03, 6.8673417648915733e+02,
       8.0397702709870491e+03, 5.4555876885943428e+02,
       1.4615259693786945e+03, 5.4555876885943439e+02,
       1.3239749621678504e+03, 2.8279754013878805e+03,
       1.6619704186194081e+03, -1.0035847084779793e+02,
       1.6619704186194083e+03, 7.9642555961651451e+03,
       -3.1640011145492241e+02, -1.0035847084779793e+02,
       -3.1640011145492235e+02, 9.6639122728858320e+02,
       5.3376818597302281e+03, -6.1201432122089102e+02,
       -1.7993687148223603e+03, -6.1201432122089102e+02,
       6.5314564242538445e+03, 5.0137711882664775e+02,
       -1.7993687148223603e+03, 5.0137711882664780e+02,
       1.5877999028970128e+03, 2.7151740598558690e+03,
       -5.3646456332890534e+02, 2.5489663545056413e+02,
       -5.3646456332890511e+02, 1.1590485969083109e+04,
       4.6619691665483720e+02, 2.5489663545056413e+02,
       4.6619691665483720e+02, 4.2833531861545532e+02,
       7.2810359427475769e+03, 9.7741701618616628e+02,
       -1.7386863641170896e+03, 9.7741701618616628e+02,
       9.4127524740326462e+03, -4.5858638942415858e+01,
       -1.7386863641170896e+03, -4.5858638942415837e+01,
       6.3612158368133817e+02, 4.4908277562464709e+03,
       1.1360946594411148e+03, -6.5355212532459677e+02,
       1.1360946594411146e+03, 8.0770892935065422e+03,
       1.7772566616287719e+02, -6.5355212532459655e+02,
       1.7772566616287716e+02, 6.9691253956247010e+02 ]
weights: !!opencv-matrix
   rows: 1
   cols: 10
   dt: d
   data: [ 3.7544673490029351e-02, 1.7435439071593717e-01,
       1.0051481862437708e-01, 8.4295840525515961e-02,
       1.0433283602467217e-01, 1.4393694633953341e-01,
       9.2132981432455185e-02, 6.5061958188055796e-02,
       1.1208978947952236e-01, 8.5735765179883280e-02 ]
pca_proj: !!opencv-matrix
   rows: 3
   cols: 21
   dt: f
   data: [ 4.36961316e-02, 8.50134730e-01, 1.73015636e-04,
       6.54514134e-02, 4.60692108e-01, 2.29939164e-04, 7.67599978e-03,
       1.46649793e-01, -1.37564148e-05, 1.21663406e-03, 1.30500361e-01,
       -5.45994153e-05, 8.06188770e-03, 1.42052382e-01, -2.12945142e-05,
       -2.45414903e-05, 9.56867734e-06, -1.94090262e-06, 3.13729906e-05,
       4.34020360e-04, 2.32224409e-07, 7.68702388e-01, -5.10314330e-02,
       1.14127281e-04, 4.21110362e-01, -3.83849256e-02, 4.02935693e-05,
       2.81941950e-01, -1.35209868e-02, 1.95932400e-04, 2.66951323e-01,
       -4.70317341e-03, 2.29704310e-04, 2.76557714e-01, -1.55316098e-02,
       2.11025646e-04, -3.74769334e-05, 5.54774260e-06, -7.89335627e-06,
       8.86836962e-04, -5.85095040e-05, 1.91629806e-04, 1.28585771e-02,
       -3.46314937e-01, -1.22481215e-04, -4.01510373e-02, 1.58088982e-01,
       -1.45607672e-04, 1.89476740e-02, 5.27356327e-01, 2.33430081e-04,
       1.79703757e-02, 5.36674440e-01, 2.90960423e-04, 1.17339585e-02,
       5.35117626e-01, 2.47836346e-04, -7.02231409e-06, -3.17391914e-06,
       2.59759432e-08, 1.54912759e-05, 1.72088097e-03, 2.08691781e-04 ]
pca_mean: !!opencv-matrix
   rows: 1
   cols: 21
   dt: f
   data: [ 2.07625534e+02, 2.55653595e+02, 1.54502928e+00,
       2.18915131e+02, 2.60592743e+02, 1.67241716e+00, 2.65274475e+02,
       2.24016678e+02, 1.71669352e+00, 3.19420807e+02, 1.63929108e+02,
       1.75046074e+00, 3.16613464e+02, 2.25532654e+02, 1.70717156e+00,
       1.08872897e-04, -9.74175637e-05, 6.24380555e-05, -2.17504916e-04,
       -2.50119597e-01, 1.75055194e+00 ]
gamma: !!opencv-matrix
   rows: 10
   cols: 1
   dt: d
   data: [ 8.8580154284848067e-01, 8.6801342650101665e-01,
       8.7888765740344621e-01, 8.5177034873693758e-01,
       9.1604882403777055e-01, 8.6330770573848603e-01,
       8.2426054222041290e-01, 8.6800214645521123e-01,
       8.0871627879216290e-01, 8.3526175299078076e-01 ]
