%YAML:1.0
means: !!opencv-matrix
   rows: 18
   cols: 4
   dt: d
   data: [ 1.0958094247149532e+02, 2.3466495231991630e+01,
       -6.2807940980648318e+01, -1.9262950595434713e+01,
       -1.5552660603392445e+02, -8.4556506853710417e+01,
       5.5107953256923786e+01, -3.6809305955709796e+01,
       -1.6016159255903841e+02, 3.6356184242111269e+01,
       5.7886569244004278e+01, 3.0891893050047328e+00,
       1.8502108746764580e+02, 1.2251238588556365e+01,
       4.1020600352568934e+01, -3.0258232232335097e+01,
       -6.2922036913048963e+01, -6.0467127155427484e+01,
       -3.4546916895303951e+01, -3.5124654752071955e+01,
       3.9472222614614147e+01, -2.0500420945315888e+01,
       4.1051351129984660e+01, -2.0995862425662146e+01,
       -1.2661832996132080e+02, 4.9903453983159913e+01,
       4.1638108538765330e+01, -3.7190603975256067e+01,
       7.0679721122987559e+01, 1.1728589849128074e+01,
       -3.0524011924192333e+01, -3.5436019911699738e+01,
       3.8704702859584842e+01, -1.0370264858075603e+02,
       -6.4351005231396272e+01, 6.9849136486155370e+00,
       -1.3422680808959592e+02, -9.2449866657624000e+01,
       2.4835182181428056e+01, 5.6560163309998572e+01,
       -2.6236312574308994e+02, 1.6601815447077538e+01,
       -1.8504267717734763e+01, -1.5271901589602885e+01,
       1.8211947657869905e+02, 8.3430518915382422e+01,
       8.7749360254095112e+00, 3.6830928529751247e+01,
       -1.9290780575796842e+02, 1.5386197795825117e+02,
       4.6615586131002580e+01, 8.4035005467677859e+00,
       1.4628611691322411e+02, -9.1289153969265229e+01,
       1.8383553451465733e+01, 1.4271699407972237e+01,
       3.0232285981620436e+01, 1.0916714582851777e+02,
       2.2722506631222487e+01, 3.3783570158091308e+01,
       -6.3647031142522515e+01, 6.9267068991051204e+01,
       -4.2363886055406887e+01, 1.4325573953773032e+01,
       6.0551785109308810e+01, 2.1052665264217076e+01,
       -5.3259887548257709e+01, 6.2748526974379061e+01,
       4.4877292971149267e+01, 2.1946663857443756e+01,
       8.0644275810275829e+01, 4.7711217973673641e+01 ]
covs: !!opencv-matrix
   rows: 72
   cols: 4
   dt: d
   data: [ 3.2911264784375239e+03, -5.7438590101976502e+02,
       1.5745011551789985e+03, 7.1935233315418927e+01,
       -5.7438590101976502e+02, 5.4110874265374996e+03,
       -1.4801190524549094e+02, 1.9503261788944637e+03,
       1.5745011551789985e+03, -1.4801190524549099e+02,
       1.5745914851055124e+03, -1.4580505917073805e+02,
       7.1935233315418941e+01, 1.9503261788944637e+03,
       -1.4580505917073796e+02, 1.3046509311433517e+03,
       5.8779719338386503e+03, -1.1893294233931688e+03,
       2.1952760184763156e+03, 7.3265153298122470e+02,
       -1.1893294233931688e+03, 4.1500046951673803e+03,
       -3.3648322193286123e+02, -1.7185075155827742e+03,
       2.1952760184763156e+03, -3.3648322193286123e+02,
       1.6639270175896440e+03, 1.0287243964897759e+02,
       7.3265153298122470e+02, -1.7185075155827742e+03,
       1.0287243964897758e+02, 1.5369273294306477e+03,
       3.3056659630811564e+03, 1.6746505627810924e+02,
       1.3686021116197564e+03, -8.8212786545910433e+01,
       1.6746505627810916e+02, 4.1192080240498944e+03,
       -2.4873023039766045e+02, -4.4212377791688027e+02,
       1.3686021116197562e+03, -2.4873023039766042e+02,
       1.4117123606655368e+03, -6.2437872078948271e+02,
       -8.8212786545910390e+01, -4.4212377791688027e+02,
       -6.2437872078948271e+02, 2.3866132949603179e+03,
       3.1689430618449715e+03, -6.2138701751079111e+02,
       -6.9210458736280793e+02, 4.2133342327135438e+02,
       -6.2138701751079111e+02, 5.5661871402415109e+03,
       3.7670962777916657e+02, 1.7970536072606355e+03,
       -6.9210458736280793e+02, 3.7670962777916657e+02,
       4.2073250856541711e+02, -2.8581902407893132e+01,
       4.2133342327135432e+02, 1.7970536072606355e+03,
       -2.8581902407893125e+01, 1.1648652925239562e+03,
       3.9645167720500367e+03, 1.2138433251730655e+03,
       6.1000382651527866e+02, -6.9810490614513071e+02,
       1.2138433251730658e+03, 6.5876571042019996e+03,
       -4.3631484125022112e+01, -2.4822149920274055e+03,
       6.1000382651527866e+02, -4.3631484125022141e+01,
       9.1442925173622291e+02, -3.0317878624276979e+01,
       -6.9810490614513071e+02, -2.4822149920274055e+03,
       -3.0317878624276979e+01, 2.1620831083853664e+03,
       2.9877194634814618e+03, 9.5090889774197115e+02,
       5.8795393698018245e+02, -7.8132115089044282e+02,
       9.5090889774197115e+02, 8.5844122953116566e+03,
       -6.5654335789159222e+02, -1.4300465380670337e+03,
       5.8795393698018245e+02, -6.5654335789159211e+02,
       9.6943058825899641e+02, -5.5499796903006015e+01,
       -7.8132115089044294e+02, -1.4300465380670335e+03,
       -5.5499796903006036e+01, 2.1322728179791325e+03,
       5.7216169830965609e+03, -1.4456200114250928e+03,
       2.0538064857000795e+03, 7.1399952546995337e+02,
       -1.4456200114250926e+03, 5.7657084068324612e+03,
       7.0176514126815420e+01, 1.5207966163085425e+03,
       2.0538064857000795e+03, 7.0176514126815448e+01,
       2.0146784525366074e+03, -9.0716198646884834e+01,
       7.1399952546995337e+02, 1.5207966163085425e+03,
       -9.0716198646884834e+01, 1.1582262836882217e+03,
       3.4500650163847790e+03, -3.8557853765626774e+01,
       2.6042904282443515e+03, 5.7896103095013387e+01,
       -3.8557853765626803e+01, 5.3265769110692381e+03,
       -8.1897598826402657e+01, 2.2969760348375012e+03,
       2.6042904282443515e+03, -8.1897598826402714e+01,
       2.1828427852388277e+03, -1.2975768582176945e+01,
       5.7896103095013387e+01, 2.2969760348375012e+03,
       -1.2975768582176936e+01, 1.0861478207920638e+03,
       4.0368874927257352e+03, 1.2931150582182590e+03,
       4.2124567059857696e+02, -1.0805544472966753e+03,
       1.2931150582182590e+03, 3.9074802827828398e+03,
       -3.1077579218103534e+02, -2.2083444878127736e+02,
       4.2124567059857696e+02, -3.1077579218103540e+02,
       1.2822224074728388e+03, 2.7078320819999135e+02,
       -1.0805544472966753e+03, -2.2083444878127736e+02,
       2.7078320819999135e+02, 1.1557734064610825e+03,
       4.8630161554682418e+03, 6.8859268126988718e+02,
       2.8965661893587198e+03, -7.1642457062130617e+01,
       6.8859268126988718e+02, 6.1540205169850396e+03,
       -1.5241872349066540e+01, 1.8414702318859997e+03,
       2.8965661893587198e+03, -1.5241872349066528e+01,
       2.2772086551068992e+03, -1.1028583083418560e+02,
       -7.1642457062130646e+01, 1.8414702318859997e+03,
       -1.1028583083418559e+02, 1.1559986570188878e+03,
       2.5337338887336969e+03, -2.7689785603427666e+01,
       2.2418511164070489e+02, 3.8527827133784911e+02,
       -2.7689785603427623e+01, 8.3791432871002198e+03,
       1.2962129627836265e+02, -1.6893242906662439e+02,
       2.2418511164070483e+02, 1.2962129627836268e+02,
       3.0619820182490650e+02, -9.1093495731520768e+00,
       3.8527827133784911e+02, -1.6893242906662448e+02,
       -9.1093495731520804e+00, 2.2851686181116820e+03,
       2.7394593843928724e+03, 1.5623169737182636e+02,
       4.3687824906321430e+02, -7.7535317652763549e+00,
       1.5623169737182630e+02, 1.8932255962355607e+03,
       -1.6069419313059967e+02, -5.6757832891301769e+02,
       4.3687824906321424e+02, -1.6069419313059967e+02,
       6.9921905776536039e+02, 5.5688911240430251e+01,
       -7.7535317652763549e+00, -5.6757832891301769e+02,
       5.5688911240430251e+01, 9.0714773430551520e+02,
       5.0086881920931337e+03, 4.3595852402394161e+02,
       2.8419993852997454e+03, -4.9017791937211052e+02,
       4.3595852402394166e+02, 3.0595521074231710e+03,
       -1.3019111907242740e+02, -1.2225535495888985e+03,
       2.8419993852997459e+03, -1.3019111907242745e+02,
       2.2133022147567140e+03, -1.6338377319125016e+01,
       -4.9017791937211052e+02, -1.2225535495888985e+03,
       -1.6338377319125019e+01, 1.0111262311722817e+03,
       3.5315896290647938e+03, 1.1215781335677016e+03,
