%YAML:1.0
means: !!opencv-matrix
   rows: 19
   cols: 1
   dt: d
   data: [ 8.4444481139367547e+00, -1.9149784546001572e+02,
       2.4784098832360741e+02, 8.9282275875436255e+01,
       -9.6274291228930522e+01, -3.1314872674893513e+02,
       1.7498973190000402e+02, -2.7055361459981498e+02,
       -1.2482306743111836e+02, 6.2159811412691994e+01,
       -4.3160743426754536e+01, 2.0889317769733589e+02,
       -1.5534860404125087e+02, -2.2869654945694379e+02,
       1.1547984196902030e+02, 3.5403638291195357e+01,
       -1.7953934840664473e+01, -6.8850046015179302e+01,
       1.4458004529745486e+02 ]
covs: !!opencv-matrix
   rows: 19
   cols: 1
   dt: d
   data: [ 1.6498351267271431e+02, 3.4639633845615936e+02,
       1.0549216339410823e+03, 1.8209369689488403e+02,
       1.8564525381444770e+02, 1.1159421342978728e+03,
       3.1416833106838175e+02, 6.0421367732375609e+02,
       2.3601328586468159e+02, 1.8898089870831089e+02,
       1.5842737735096634e+02, 5.9340283982939150e+02,
       2.7607053739500969e+02, 4.1927037790694862e+02,
       1.8602737474451007e+02, 1.8651665591564287e+02,
       1.5489595142282212e+02, 1.6183424466342555e+02,
       2.1554573499590938e+02 ]
weights: !!opencv-matrix
   rows: 1
   cols: 19
   dt: d
   data: [ 7.3812846234028312e-02, 4.2859372493152470e-02,
       2.1420458726083773e-02, 7.7784526350793332e-02,
       5.4021126457368722e-02, 1.4505261327405884e-02,
       5.2017028592246890e-02, 2.6649199945455778e-02,
       5.0110847281967567e-02, 8.4142350618835293e-02,
       5.4950000460699117e-02, 3.5072802212864740e-02,
       4.5962338657993984e-02, 3.5479666466836417e-02,
       6.9692241842796931e-02, 7.8873157053828719e-02,
       6.7781453387072699e-02, 5.4941171825082104e-02,
       5.9924150065466343e-02 ]
pca_proj: !!opencv-matrix
   rows: 1
   cols: 21
   dt: f
   data: [ 4.36961316e-02, 8.50134730e-01, 1.73015636e-04,
       6.54514134e-02, 4.60692108e-01, 2.29939164e-04, 7.67599978e-03,
       1.46649793e-01, -1.37564148e-05, 1.21663406e-03, 1.30500361e-01,
       -5.45994153e-05, 8.06188770e-03, 1.42052382e-01, -2.12945142e-05,
       -2.45414903e-05, 9.56867734e-06, -1.94090262e-06, 3.13729906e-05,
       4.34020360e-04, 2.32224409e-07 ]
pca_mean: !!opencv-matrix
   rows: 1
   cols: 21
   dt: f
   data: [ 2.07625534e+02, 2.55653595e+02, 1.54502928e+00,
       2.18915131e+02, 2.60592743e+02, 1.67241716e+00, 2.65274475e+02,
       2.24016678e+02, 1.71669352e+00, 3.19420807e+02, 1.63929108e+02,
       1.75046074e+00, 3.16613464e+02, 2.25532654e+02, 1.70717156e+00,
       1.08872897e-04, -9.74175637e-05, 6.24380555e-05, -2.17504916e-04,
       -2.50119597e-01, 1.75055194e+00 ]
gamma: !!opencv-matrix
   rows: 19
   cols: 1
   dt: d
   data: [ 7.7608216306058631e-01, 8.6652062533795216e-01,
       8.9476834742030542e-01, 8.1046441543700687e-01,
       8.1370541227085069e-01, 9.1094620432391749e-01,
       8.5948854683213238e-01, 8.9671519737349359e-01,
       8.3145027596785237e-01, 7.9537109002290007e-01,
       7.8468278209500675e-01, 8.7723293369998800e-01,
       8.4860620816569254e-01, 8.8182177694471653e-01,
       8.2597974557763087e-01, 7.8321464671190499e-01,
       7.7687639384795681e-01, 7.9729321792310215e-01,
       8.4281122993917468e-01 ]
