%YAML:1.0
means: !!opencv-matrix
   rows: 10
   cols: 15
   dt: d
   data: [ -1.7371166823470040e+02, -9.8210585738777951e+01,
       4.7991406747047890e+01, 3.3406399170063608e+01,
       -2.8323545800914204e+01, 7.0737989873351448e-02,
       -2.9730479644439542e+00, 8.4362857505543513e-03,
       -4.4241949647360512e-01, 1.4749303574734779e-01,
       5.9670663322452390e-02, 2.9781673434403737e-02,
       -5.7711337174585061e-03, -2.1637062004754770e-03,
       7.8430804458098670e-03, 3.2179086392905745e+01,
       -8.8025465975207702e+00, -1.0997007727726056e+00,
       4.6830889341932487e+00, 1.7871622659414644e+01,
       2.5645934626957394e+00, 1.0284980516321134e+00,
       -4.5407317421787285e-01, -3.3291594703367727e-01,
       4.2145793788059674e-02, 7.9853030025991076e-03,
       1.8007381192084383e-02, 2.6198871270463608e-03,
       -6.2968497108454825e-03, 1.4300446444191138e-02,
       -1.0766208426208711e+02, 1.1236203642091036e+02,
       6.2928071904051128e+00, -5.1338357910769489e+01,
       -7.1336259221447058e+00, 9.5967334695527684e-01,
       8.3549449993772651e-01, -4.1004089432370583e-01,
       -4.0586335106932564e-01, -1.8114395634509772e-01,
       9.7784726494314550e-02, -2.9251307525995506e-03,
       1.5793938031317051e-03, -1.1509888619483386e-03,
       -1.1404043999348509e-03, 1.4289738686576243e+02,
       -2.1332619176994491e+01, -3.5431005777782893e+01,
       2.7297592905104150e+01, -1.7962164500649909e+01,
       6.2960604976224257e+00, 7.2971529755428311e-04,
       4.1215133947648186e-01, -2.7790111425714897e-01,
       1.5759492132123479e-02, 1.0466409290936976e-01,
       -4.9964607686323170e-03, -8.1993412844175422e-04,
       1.3452455285274499e-04, 1.3753637107463876e-03,
       7.2955301855686614e+01, 5.8683173849110879e+01,
       -1.2044711238632310e+01, -1.9991264364603776e+01,
       9.4033969585967581e-01, -8.2225424549666961e+00,
       -1.1079007308529535e+01, 2.1046656256598681e+00,
       6.1193260562870320e+00, 1.0769252316486959e+00,
       -2.1673639993713429e-02, 1.2651408675153517e-01,
       -6.4290236424980760e-02, 2.6671460216112983e-02,
       -4.2376384020555914e-02, -1.3938736482101239e+01,
       2.4741288555881848e+01, -7.1773992366084363e+00,
       -2.5792704218146000e+01, -1.5894135016547688e+00,
       -5.4694406036390761e+00, 8.6895837056718828e-01,
       -1.9502112190002741e+00, 2.1915278291015503e+00,
       1.3953320888809475e+00, 5.9711412815612312e-02,
       -1.7999965703444532e-01, 9.8794329270780606e-03,
       2.1715068476270118e-02, 3.9524926687034223e-02,
       9.1248256304448763e+00, -2.0616438119621954e+01,
       -3.1125814589708596e+00, 6.9563762422244597e+00,
       -1.3241847583943818e+01, -9.6941709986039033e+00,
       4.2589180849755226e-01, -3.3095315085914656e-01,
       -1.4070934075131505e+00, 1.8409857303479368e-01,
       -3.1272029630024900e-01, 1.3411299869953323e-02,
       6.0608150682875846e-03, 6.1931848580335539e-03,
       -1.8472862520869500e-02, 6.1182277980206464e+01,
       1.1670338569605977e+02, -3.2229562034414613e+01,
       -4.2411588812260995e+01, -8.4290670875500044e+00,
       1.7530951143117846e+00, 1.7404826814232757e+00,
       -1.3754410252651161e-01, -3.0543092892819063e-01,
       -1.6145957382552700e-01, 5.4677322269206068e-02,
       -2.6525152761015441e-02, 3.9667752993636030e-03,
       1.1119720082966980e-02, -2.7241281326374382e-02,
       -1.6629887757781557e+02, 2.4263436144260435e+00,
       3.9300711680280600e+01, -1.3654705424925670e+01,
       -1.7826345575872713e+00, 6.8113784305887393e-01,
       2.2789194776392876e-01, 8.9051105721386514e-01,
       3.0106534899843971e-02, 6.2610698120012770e-02,
       -5.2465995528504845e-02, -1.9346297671847312e-02,
       3.2834413883800532e-03, 2.4043514888792868e-03,
       -1.3600388223543253e-03, 4.0455058292720807e+00,
       -1.1497589806192040e+02, 8.1451377482193656e+00,
       3.3995346323977977e+01, 8.5435271501206405e+00,
       -1.6987824478656542e+01, -2.6688960221741613e+00,
       7.0732211166305858e-01, 2.4585049882454904e+00,
       -1.2785138470389570e+00, -3.8134290209436011e-02,
       -7.3694731707033029e-02, -3.0023447276559634e-03,
       -7.2733360157949851e-03, -1.9422630830653785e-02 ]
