%YAML:1.0
means: !!opencv-matrix
   rows: 24
   cols: 11
   dt: d
   data: [ -1.3706369154914364e+02, -1.0358047575876309e+02,
       2.5486201240881694e+01, 6.6354503988123582e+01,
       -1.7220074767356643e+01, -8.7142591024332361e-01,
       8.6562424724116446e-02, -1.4202542137363672e+00,
       8.3200283998744129e-01, -3.6560237593155676e-01,
       7.2100963391577080e-02, 1.6226420186302624e+02,
       2.7219853622532604e+01, -4.3316716636924745e+01,
       -3.4971765948766723e+01, -9.6114949074164731e+00,
       1.2876056963241549e+01, 6.5662058020921032e-01,
       -3.8651353073957964e+00, -1.7661393149865603e+00,
       -3.4376449056686353e-01, -2.4112397980307654e-01,
       -1.3612605811410793e+02, -7.1008491924212365e+00,
       3.5279050067686100e+01, 1.3725484738177405e+01,
       -2.9986965641660182e+00, 1.6404424472073494e+01,
       -2.8156450553648799e-01, 2.0235254774259910e+00,
       6.9642240990071724e-01, -3.5102747392696493e-01,
       -2.8532106275574742e-01, 5.6203996732849888e+01,
       1.3063353655573755e+00, 1.5283907958608509e+00,
       7.1402986023137744e+00, 1.2197528997504307e+01,
       8.4061469094410111e+00, -1.0944057665005552e+01,
       -7.6819774251114907e+00, -5.8836161768666324e+00,
       2.2512555988363046e+00, -1.0411617850294614e-02,
       -1.7109402718916684e+02, 3.1256635007723453e+01,
       3.9735773207986497e+01, -2.2100458567576052e+01,
       -7.9828575749181727e+00, -6.0101359568015065e+00,
       1.2851508845339392e+00, 1.1495786505808039e+00,
       5.1849311629525596e-01, 5.0186521175829184e-03,
       3.9643748344530376e-03, -1.8731734065655493e+02,
       1.6687001254348882e+01, 3.5454617150228415e+01,
       -9.0019192808694246e+00, -3.7167655094541936e+00,
       2.6481889344773517e+00, -3.0150253984155371e+00,
       -6.6339391091402620e+00, -2.5918982910197541e+00,
       9.7685365265904955e-01, -1.3718278773807055e-01,
       -1.9719714249840644e+02, 9.7454071703654165e+01,
       4.1775612059692875e+01, -5.3646634423819947e+01,
       -2.4805703844840647e+01, 1.7228377982687725e+01,
       -4.2454556174699523e+00, 1.6365708421178551e+00,
       7.8574096374754643e-01, -4.9970668933716475e-02,
       7.7638988416927054e-02, 4.1827652264616502e+00,
       -2.1964624154238908e+00, -3.6756022903073329e+00,
       -4.0410333710165727e+00, 2.7972963176823713e+00,
       -3.1909845161033630e+00, -2.1471432443909664e+00,
       -9.6871137875154101e-01, -2.5221400196281811e+00,
       -1.0694948480359765e+00, -2.6421307786260922e-01,
       -3.6916984228000523e+01, 4.8387393336735649e+01,
       1.1382389383898090e+01, -3.8897420362089008e+01,
       -1.3615718871500473e+01, -2.0373110140352239e+01,
       3.4083710272619276e+00, 1.3386332868673363e+00,
       -1.3957613349565454e-01, -3.9110039393777635e-02,
       -1.1031238502855278e-01, 3.9376547915079975e+01,
       1.0171641624870709e+02, -1.9705412020959729e+00,
       -5.1609763044284705e+01, 1.2028580170122574e+01,
       4.1145497066992389e+00, 2.2730343906810786e+00,
       3.2943491759831529e+00, 1.1489592499432040e+00,
       2.7409541237605128e-01, -2.1109840706955382e-01,
       -6.4151831134057403e+01, -4.4807828791109991e+01,
       2.3233902321094366e+01, 2.7019082195608803e+01,
       1.3248445172145646e+01, -9.1151279457420458e+00,
       2.0542476849474665e+00, -1.1468186010893357e-01,
       4.2795879159526873e-02, 1.0088909966601124e-02,
       -9.4237168534398747e-03, -2.0108620620318256e+01,
       8.5956432344632872e-01, 1.4148482681898505e+01,
       7.7904003183826709e-01, 3.6304423580073610e+01,
       -4.3639800801247280e-01, 3.7553895400573495e-01,
       5.3106883412419714e-01, 5.7161571396491817e-01,
       9.5888203852034781e-02, 2.0423810183573765e-01,
       2.2929047301303790e+01, 5.2371970541217770e+01,
       3.5012344986698709e+00, -3.6140950230562176e+01,
       2.2242974140986760e+01, -1.6090047410849976e+01,
       2.5627108837370729e+00, 8.3525281565966236e-01,
       3.0668029317856316e-01, 1.5414705850491381e-01,
       2.6852421763488642e-02, 6.4506908030355419e+01,
       1.0704413826763778e+01, -1.2962527276405192e+01,
       2.8132185035329913e+00, 1.6074748959294503e+01,
       4.6058148498123446e+00, 4.4854243507739056e-01,
       1.3241073710256612e+00, 3.4976117174216009e-01,
       -3.2011375827467485e-02, -3.2577817003128312e-02,
       1.3622070904902893e+02, -1.9675312369174456e+01,
       -3.9253348343299137e+01, 1.5751278779214489e+01,
       -4.6621981378947321e+00, 1.3564521902242626e+01,
       -5.3059233013186280e-01, 1.8744296865303582e+00,
       -9.9756277453365683e-02, -1.9429182470653172e-01,
       1.1142947227684032e-02, -2.2937669744817654e+01,
       1.5978943379285218e+02, 9.1620407452385546e+00,
       -9.2863949826320450e+01, 1.2832901699517279e+01,
       2.8099939157806197e+01, -2.9688239036362871e+00,
       1.4864061993205615e+00, 2.1598875783359230e+00,
       5.7376588328313072e-01, -4.6613035311201803e-03,
       3.9884231400704550e+01, -9.4229901766201337e+01,
       -1.1080757584309204e+01, 6.2364619861969871e+01,
       -5.9146826789337226e+00, 8.3706223733003993e-01,
       1.8010031947300111e+00, -1.4815519500255103e-01,
       3.1578237378300296e-02, -1.6459003029591304e-01,
       -4.3682746308374092e-02, 8.1648322369082010e+01,
       1.5509602778109917e+01, -2.4028226203923193e+01,
       -3.2280858972268291e+01, -2.6519101270251920e+01,
       -1.9690211722627609e+01, 8.8980935570404118e-01,
       -2.3435733102758607e+00, 2.0432993719462630e-01,
       -3.2345919446613289e-02, 1.0588242544029930e-01,
       1.5861228286199236e+02, 1.9748896334532564e+01,
       -4.1007742936378442e+01, -7.1845121639661116e+00,
       -5.0073485944386844e+00, 1.3146470903694427e+01,
       -1.7442938592851349e+00, 1.1112600863677267e+00,
       5.9258427456368057e-01, 1.4972655991940523e-01,
       1.6423011936703522e-01, -1.8711251344637137e+02,
       -3.5799459339705834e+01, 4.2808500235714092e+01,
       2.4232029580696373e+01, -8.8626813205865780e+00,
       2.9278209988506454e+00, 4.9802015453678439e-01,
       6.7267356457771399e-01, 2.2169026643782860e-01,
       -1.5349623721326688e-01, 1.2381731791227112e-02,
       -4.5360975506329098e+01, -3.4108302592729601e+01,
       3.4743432611179138e+01, 5.1248080412965720e+01,
       1.9181064206838006e+01, -1.0286527843001135e+01,
       -1.2424899534009262e+01, -4.9668920715854057e+00,
       -5.1954370450229295e+00, 1.0699775877926714e+00,
       3.2364107026421424e-01, 1.4740455061094980e+02,
       1.9264656797662592e+01, -4.2904107614107083e+01,
       -6.8447850214533767e+00, -1.7711178425544546e+01,
       -3.5511411015834007e+00, 4.5619245144047582e+00,
       2.4888614000638798e+00, 1.3696637712157993e+00,
       4.5897862515956545e-01, -2.6419831475186839e-01,
       5.0910321020472722e+01, -6.6366894864608113e+01,
       -2.1495061640462907e+01, 4.2643203086702513e+01,
       3.3544040488748257e+00, 6.3542896219333302e+00,
       -3.7028203009657668e-01, -3.1696015268860600e-01,
       8.5530343787209295e-01, 2.3943792585434884e-01,
       1.5732307543494217e-01, 9.3723305979946474e+01,
       -5.7343098650157553e-01, -2.2986341025569327e+01,
       -4.1391789812264435e+00, -3.7694151226144568e+00,
       4.5765044577615637e+00, -1.0259365728670691e+00,
       2.9370795336806699e-01, 3.6874418270728865e-01,
       -1.1096553589863763e-01, 3.7456482334059731e-02 ]
