%YAML:1.0
means: !!opencv-matrix
   rows: 9
   cols: 6
   dt: d
   data: [ 7.2181948385170969e+01, 1.4820438462492437e+01,
       4.9804055595822327e+01, -2.1720407219608042e+01,
       2.1196441182751045e+01, -1.0216183634140663e+00,
       -1.4407925516402918e+02, -7.1143554850952953e+01,
       4.3373987338122404e+01, 2.3710120815279009e+01,
       -1.2749393413226253e+01, 4.9985798927221232e+00,
       9.9385456097380015e+01, -4.5616703959505166e+01,
       -2.2049324180850085e+01, 3.7109619332052169e+01,
       -2.7320775211124360e+01, 2.3112014161482524e+01,
       -4.7353546552238129e+01, 1.8251952303981842e+01,
       -3.1494374747426789e+01, -2.4734441193923788e+00,
       2.5979918172210187e+01, -1.5531481433689831e+00,
       -7.0634987933735909e+00, 1.1768849568779252e+02,
       -1.7190553733300732e+01, -5.0361420377398559e+01,
       -9.6517623897604530e+00, -2.1845974485473802e+00,
       -1.6016431080777008e+02, 3.7522989873531245e+01,
       3.2185725738935439e+01, -2.8155821792067009e+01,
       -3.4309606160814434e+00, -2.9225711570668889e+00,
       8.1461647989427235e+01, -4.1439029509785996e+01,
       -1.5527262799877539e+01, 2.3955003061190283e+01,
       -5.3903869484834974e+00, -8.4753269059844416e-01,
       1.3287425904369729e+02, 3.4865166265750034e+01,
       -4.0348354514427307e+01, -3.6865849679663665e+00,
       -1.0988111425808658e+01, -5.5750906276054337e+00,
       1.5572717419659744e+01, -1.3859200291104480e+02,
       1.3778548906087535e+01, 5.5114023932749191e+01,
       1.9155349678979711e+01, 2.1969554060131205e-01 ]
covs: !!opencv-matrix
   rows: 54
   cols: 6
   dt: d
   data: [ 2.5641748172087741e+03, -2.0408727585471493e+02,
       1.9963236864336707e+02, -1.7118007772656065e+02,
       -1.0858452178724654e+02, -1.7972916210326514e+02,
       -2.0408727585471487e+02, 9.9496656247448973e+03,
       3.2079058616460304e+02, 1.0936392141950309e+03,
       -5.4144274533290172e+02, -2.2266509112391174e+02,
       1.9963236864336707e+02, 3.2079058616460304e+02,
       8.4710016206555429e+02, 5.3091922667170354e+02,
       1.1804606787440919e+02, 7.1560621662566859e+01,
       -1.7118007772656063e+02, 1.0936392141950309e+03,
       5.3091922667170343e+02, 2.0906949724621850e+03,
       2.2297962413838758e+02, -2.9034864190533263e+01,
       -1.0858452178724654e+02, -5.4144274533290172e+02,
       1.1804606787440919e+02, 2.2297962413838758e+02,
       2.4506500916850612e+02, 1.3994953775454931e+01,
       -1.7972916210326514e+02, -2.2266509112391179e+02,
       7.1560621662566845e+01, -2.9034864190533263e+01,
       1.3994953775454931e+01, 1.2762496833478016e+02,
       7.0980030956865148e+03, 8.0500686432306588e+02,
       2.7771088125190213e+03, -1.1235626676345721e+03,
       6.7832562277486534e+02, 3.5654796127302643e+02,
       8.0500686432306588e+02, 8.0824825688367710e+03,
       7.0543535080059473e+02, 2.0504991314001850e+03,
       8.2716350968727681e+02, 7.3960307331687034e+02,
       2.7771088125190213e+03, 7.0543535080059473e+02,
       2.4679861837092617e+03, -4.8071781045904949e+01,
       -1.5325293228694338e+02, -9.4389878341408377e+01,
       -1.1235626676345723e+03, 2.0504991314001850e+03,
       -4.8071781045904906e+01, 1.9221413566615449e+03,
       -2.6445251221347746e+02, -1.3815949624231314e+02,
       6.7832562277486534e+02, 8.2716350968727681e+02,
       -1.5325293228694338e+02, -2.6445251221347752e+02,
       4.4543984133096302e+02, 2.1077016158364810e+02,
       3.5654796127302643e+02, 7.3960307331687056e+02,
       -9.4389878341408377e+01, -1.3815949624231314e+02,
       2.1077016158364810e+02, 3.4140804167555586e+02,
       4.1631119345851721e+03, -1.1716319111085851e+02,
       2.9151587748917427e+03, -8.2011313684316087e+02,
       -7.8234501840932424e+01, -2.9659473049411151e+01,
       -1.1716319111085851e+02, 5.0898681509901253e+03,
       9.1569332872591508e+02, 2.6871826612665063e+03,
       -4.3068502752386621e+01, -7.4000136824670506e+01,
       2.9151587748917432e+03, 9.1569332872591508e+02,
       2.5356003043458677e+03, -1.0985613700858170e+02,
       -9.3090284109810753e+01, -7.8937391310159541e+01,
       -8.2011313684316110e+02, 2.6871826612665063e+03,
       -1.0985613700858167e+02, 1.7564619564645050e+03,
       6.8002175088938301e+01, -1.2966915626127326e+02,
       -7.8234501840932424e+01, -4.3068502752386614e+01,
       -9.3090284109810753e+01, 6.8002175088938301e+01,
       3.6180115286430350e+01, -3.6490397160701576e+01,
       -2.9659473049411154e+01, -7.4000136824670506e+01,
       -7.8937391310159569e+01, -1.2966915626127329e+02,
       -3.6490397160701576e+01, 1.4264225122784742e+02,
       3.2358524867702185e+03, -2.6632110073522597e+02,
       8.0369009401968992e+02, -3.2154286303079499e+02,
       -1.0713971255199405e+02, -2.7443183403745616e+02,
       -2.6632110073522614e+02, 9.6757158437427061e+03,
       2.5087982443455053e+02, 1.2370554326151519e+03,
       -4.6775478328928267e+02, -2.0118218672378234e+02,
       8.0369009401968992e+02, 2.5087982443455047e+02,
       1.2428185994843736e+03, 4.4162272705311017e+02,
       5.6897667327840935e+01, 1.2514058883659851e+01,
       -3.2154286303079499e+02, 1.2370554326151521e+03,
       4.4162272705311017e+02, 2.0967125385359523e+03,
       2.1915175968109432e+02, -4.3198582257080162e+01,
       -1.0713971255199401e+02, -4.6775478328928284e+02,
       5.6897667327840935e+01, 2.1915175968109432e+02,
       2.1105088675138100e+02, 7.0138331137209162e+00,
       -2.7443183403745616e+02, -2.0118218672378234e+02,
       1.2514058883659843e+01, -4.3198582257080162e+01,
       7.0138331137209127e+00, 1.2118039838812903e+02,
       1.1201473219616280e+04, -1.1658752976930750e+03,
       1.6705703607418832e+03, -3.3542595273789561e+02,
       5.9673140978418303e+02, -6.4201703863559544e+01,
       -1.1658752976930750e+03, 6.6438827135569218e+03,
       8.9317266783738205e+02, 2.3441542814353315e+03,
       -9.5495931925032579e+01, 1.0994764705362387e+02,
       1.6705703607418830e+03, 8.9317266783738205e+02,
       2.7864416221192650e+03, -1.8418615215383485e+02,
       -2.1963721397339577e+02, -6.1373908750494849e+01,
       -3.3542595273789561e+02, 2.3441542814353315e+03,
       -1.8418615215383483e+02, 1.8585467485753247e+03,
       1.0501369176771597e+02, -1.7096039191421252e+02,
       5.9673140978418314e+02, -9.5495931925032579e+01,
       -2.1963721397339577e+02, 1.0501369176771597e+02,
       1.1320417988844541e+02, -1.0825353518078826e+01,
       -6.4201703863559516e+01, 1.0994764705362387e+02,
       -6.1373908750494849e+01, -1.7096039191421252e+02,
       -1.0825353518078826e+01, 6.5371316205065426e+01,
       7.8254123876632921e+03, 1.4743060309400846e+03,
       2.5145083647486117e+03, -1.3825268776352768e+03,
       2.9726385564985122e+02, 2.5725925905567181e+02,
       1.4743060309400846e+03, 8.5807444019400136e+03,
       3.0499116730871026e+02, 1.7166352514393643e+03,
       2.1066665247587420e+02, 2.4796140232622182e+02,
       2.5145083647486117e+03, 3.0499116730871020e+02,
       2.4989422706043033e+03, 1.1212792211287805e+02,
       -1.2677636700384249e+02, -4.3347567995260142e+01,
       -1.3825268776352768e+03, 1.7166352514393643e+03,
       1.1212792211287805e+02, 1.9246819949584849e+03,
       -3.3391604841229693e+01, -9.5251656950079024e+01,
       2.9726385564985117e+02, 2.1066665247587420e+02,
       -1.2677636700384254e+02, -3.3391604841229700e+01,
       1.1033336012171814e+02, 5.3668510139812355e+01,
       2.5725925905567181e+02, 2.4796140232622182e+02,
       -4.3347567995260121e+01, -9.5251656950079024e+01,
       5.3668510139812369e+01, 1.7587360993642008e+02,
       7.9696281902030305e+03, -1.3417110540805194e+02,
       2.0907317669022968e+03, -4.6288508064895893e+02,
       -1.4541222955926844e+02, 1.1889779135368165e+02,
       -1.3417110540805186e+02, 7.4058610661779830e+03,
       5.6162202973100909e+02, 1.8237932949640117e+03,
