%YAML:1.0
means: !!opencv-matrix
   rows: 10
   cols: 1
   dt: d
   data: [ -3.3130402026993210e+01, 1.7079242058231290e+02,
       -2.6933925937322556e+02, 6.5550193991949754e+01,
       -8.4377232344529006e+01, 1.1411231884495200e+02,
       2.3817516104859277e+02, -2.0098075013095306e+02,
       1.6416096139660482e+01, -1.3649432040938660e+02 ]
covs: !!opencv-matrix
   rows: 10
   cols: 1
   dt: d
   data: [ 6.4289699077569605e+02, 1.0683767256534609e+03,
       1.9402570107578329e+03, 6.3295262417897266e+02,
       6.8631791257517580e+02, 7.1161101635485215e+02,
       2.1507250701581297e+03, 1.2003149240000880e+03,
       6.1153357997109936e+02, 8.8043657544282212e+02 ]
weights: !!opencv-matrix
   rows: 1
   cols: 10
   dt: d
   data: [ 1.2607467627964339e-01, 9.2209637587654228e-02,
       4.7185571372417232e-02, 1.3930970865783771e-01,
       1.2081421846781194e-01, 1.2400000238887690e-01,
       5.0557694910393941e-02, 7.1507925608023631e-02,
       1.4090425268145404e-01, 8.7436312045862025e-02 ]
pca_proj: !!opencv-matrix
   rows: 1
   cols: 21
   dt: f
   data: [ 1.02604255e-02, 8.46533298e-01, 5.67100069e-05,
       -5.08859605e-02, 4.68450844e-01, 1.89823491e-04, -5.55210514e-03,
       1.46431834e-01, -1.98076777e-05, -7.31809530e-03, 1.34976640e-01,
       -4.80776835e-05, -6.69380091e-03, 1.46460637e-01, -1.57161594e-05,
       2.11501210e-05, 1.32904761e-05, -3.16381829e-07, -1.62182951e-05,
       4.47223283e-04, 4.04881848e-06 ]
pca_mean: !!opencv-matrix
   rows: 1
   cols: 21
   dt: f
   data: [ 4.33646118e+02, 2.44701981e+02, 1.49672687e+00,
       4.18191803e+02, 2.60206879e+02, 1.62062907e+00, 3.68545319e+02,
       2.27059875e+02, 1.69770968e+00, 3.19420807e+02, 1.63929108e+02,
       1.75046074e+00, 3.16613464e+02, 2.25532654e+02, 1.70717156e+00,
       1.08872897e-04, -9.74175637e-05, 6.24380555e-05, -2.17504916e-04,
       -2.50119597e-01, 1.75055194e+00 ]
gamma: !!opencv-matrix
   rows: 10
   cols: 1
   dt: d
   data: [ 7.8753653275661895e-01, 8.6198167704702533e-01,
       9.0229929538229181e-01, 8.0093984180149025e-01,
       8.1148282467277955e-01, 8.2860742056526404e-01,
       8.9658074967039847e-01, 8.7507687481117269e-01,
       7.8284908387804919e-01, 8.4285656639757467e-01 ]
