%YAML:1.0
means: !!opencv-matrix
   rows: 42
   cols: 3
   dt: d
   data: [ -3.4678666648266720e+01, -5.5824640333342984e+01,
       6.6129849752951941e+01, 2.2121389056745019e+02,
       -3.9177259555746730e+01, -2.0851528195554213e+01,
       -8.1567289553051310e+01, 1.0055111164319202e+02,
       -5.7741229371587444e+01, 1.2004518894936952e+02,
       -7.5384432316279330e+01, -7.1514865478739992e+01,
       -1.8711492431005783e+02, -6.6471614868466432e+01,
       -1.7781468644571788e+01, 2.9658192467314809e+01,
       1.8626040481933575e+02, 1.0267360911979178e+01,
       6.0762960197479501e+01, 2.5919029392725035e+00,
       -3.3177225871430558e+01, -2.0112182394168605e+02,
       1.1757331401341095e+02, 4.0629701958869431e+00,
       1.8279591333925392e+01, -2.5551054231802257e+02,
       9.1973929825582381e+00, 1.5447009945667742e+02,
       3.9266964142539372e+01, 3.2122454998049641e+01,
       -7.4834966368087294e+01, -8.6465948471244246e+01,
       -5.5168535498605358e+01, 1.8008583115180122e+02,
       -1.2503097641710227e+02, 2.8862320039402665e+01,
       8.3286202927168020e+01, 1.1456912218166336e+02,
       4.3594218672816297e+01, 6.7309132942595511e+01,
       9.3951030577529224e+01, -7.1619358913209794e+01,
       -7.8448416829800877e+01, -4.8619095260443750e+00,
       -3.5215904478132877e+01, 9.4333040378762476e+00,
       -4.7414557301430683e+01, 8.7498032009536733e+00,
       -1.4224283817502754e+02, -1.0376306521110432e+02,
       5.1382498824876059e+01, 9.5614332642314963e+01,
       -1.2998974492926570e+02, 6.4454820046470303e+01,
       1.2606776552759101e+02, 1.6802270062334765e+02,
       5.6305227069232487e+01, -9.1196596710324997e+01,
       4.6214611342036065e+01, 4.7602487021976465e+01,
       -2.8932368251084125e+02, -8.1445371646511290e+01,
       -1.8683090554347867e+01, -1.0156871931459796e+02,
       -8.0964893382048984e+01, 1.0572321291479349e+02,
       -7.7842565634337191e+01, -2.1135118193387660e+02,
       -5.2687727642245392e+01, 5.1336416541657087e+01,
       4.0185830112489434e+01, 4.6434256120813252e+01,
       3.9139806129520776e+00, 2.3680209707455095e+01,
       -6.9258778281613132e+01, -1.8321664084862905e+02,
       -9.5086318611673581e-01, 6.4279098879292974e+01,
       -1.8292339555855273e+02, 1.7737162580380235e+02,
       -3.6870111207431847e+01, -9.8158311451757640e+01,
       1.7024970080215132e+02, 3.7578552227695319e+01,
       9.6786116501287864e+01, -2.2801549689241728e+01,
       7.1733916965310812e+01, 9.2503010517522824e+01,
       -1.0733650918815820e+02, -3.2728656299185019e+01,
       -2.2307857560512186e+01, 8.0169991857846412e+01,
       -2.8180204097580202e+00, -2.1274876371649850e+02,
       -1.5456999905256106e+02, 1.6810007868034695e+01,
       1.3205177019648318e+00, -1.4225646129744754e+02,
       2.0204773032177448e+00, 1.1737570155339604e+02,
       3.2510472155909994e+01, -2.0733849707980323e+01,
       -1.8180938000427705e+02, 3.4446449679516768e+01,
       -9.7012122781832293e+00, -2.3579839285047694e+01,
       6.2086968142910074e+01, 9.2345413525005853e+01,
       1.6128008821780406e+02, 9.6657311435168381e+01,
       -1.0133598376951682e+01, -4.0325724811360651e+01,
       1.7906552994356758e+02, -6.0869925024710170e+01,
       1.5676141281313326e+02, -3.4173052388861628e+01,
       2.3558976046210525e+01, 2.1924854102706835e+01,
       -9.5242201558878818e+01, -9.1881759605917210e+01,
       -2.6566250663066887e+02, 8.4874544686003066e+00,
       5.4312132974459217e+00, 2.5177972071578958e+02,
       2.3596651434904061e+01, 2.2293464765935202e+01 ]
covs: !!opencv-matrix
   rows: 126
   cols: 3
   dt: d
   data: [ 2.7505532194217694e+03, -1.2820608494701344e+03,
       -3.3013170284666415e+02, -1.2820608494701339e+03,
       4.6985311867466025e+03, 3.4059982601899037e+02,
       -3.3013170284666415e+02, 3.4059982601899037e+02,
       8.1241103366477796e+02, 2.4083947490658934e+03,
       -5.9962247522626660e+02, 4.3655111939125703e+02,
       -5.9962247522626660e+02, 4.3272959927747534e+03,
       6.7433871281575264e+01, 4.3655111939125703e+02,
       6.7433871281575293e+01, 7.0499428996244660e+02,
       2.2992520614713053e+03, 3.1561314184450003e+02,
       -1.5295496215726226e+02, 3.1561314184450015e+02,
       2.9334075879094758e+03, -3.3915220976728108e+01,
       -1.5295496215726229e+02, -3.3915220976728101e+01,
       8.5253188966872301e+02, 2.3984773909559563e+03,
       -3.8620037429984325e+02, 6.1533991016068887e+02,
       -3.8620037429984325e+02, 2.5628881493312597e+03,
       3.7546357574377154e+01, 6.1533991016068887e+02,
       3.7546357574377161e+01, 1.7168443687739193e+03,
       2.6854472477138752e+03, -8.0882910465700445e+02,
       1.3221086628560909e+02, -8.0882910465700445e+02,
       3.4318454842109909e+03, 3.2299186307003197e+02,
       1.3221086628560909e+02, 3.2299186307003197e+02,
       7.9817595502758434e+02, 2.5163560261185157e+03,
       1.8927229398385907e+02, 1.8617585405889483e+02,
       1.8927229398385904e+02, 3.1541736907437380e+03,
       2.1881450185934643e+01, 1.8617585405889483e+02,
       2.1881450185934632e+01, 1.3723831968926395e+03,
       1.2511316281625955e+03, -5.9476018586836503e+01,
       -8.9007488349835754e+01, -5.9476018586836489e+01,
       2.1637650233644749e+03, 1.3370196925347062e+02,
       -8.9007488349835754e+01, 1.3370196925347062e+02,
       2.2263633458259810e+03, 2.6510766914562701e+03,
       -9.5806752234316278e+01, 5.6494062252340723e+02,
       -9.5806752234316278e+01, 2.1742083082081094e+03,
       1.6399373272427604e+02, 5.6494062252340723e+02,
       1.6399373272427604e+02, 1.3667909896776021e+03,
       4.2427183370265411e+03, -1.4155491103671015e+03,
       1.6726162860761328e+03, -1.4155491103671015e+03,
       4.5862262879874424e+03, 2.6855232661708789e+02,
       1.6726162860761326e+03, 2.6855232661708789e+02,
       1.2238063370462748e+03, 1.6006674422981030e+03,
       1.8314317075665775e+02, 4.8040227742900208e+02,
       1.8314317075665770e+02, 2.4341204435030868e+03,
       -5.1598697099803395e+01, 4.8040227742900208e+02,
       -5.1598697099803402e+01, 5.7546726388379784e+02,
       1.5712813096791895e+03, -4.3340666280178283e+02,
       1.4888298841997391e+02, -4.3340666280178283e+02,
       3.6015549810617590e+03, -2.0539155916835105e+02,
       1.4888298841997391e+02, -2.0539155916835108e+02,
       6.1769984997643451e+02, 1.4651049777893595e+03,
       -3.3018443253991762e+02, 7.4294842278976759e+01,
       -3.3018443253991774e+02, 2.0489289006608301e+03,
       4.4186399084417481e+01, 7.4294842278976759e+01,
       4.4186399084417474e+01, 3.2681101164459841e+02,
       1.8536620385672550e+03, 1.4775968999488495e+02,
       -5.3453779536114865e+01, 1.4775968999488492e+02,
       1.8786027131640244e+03, -3.4596093088333134e+02,
       -5.3453779536114844e+01, -3.4596093088333134e+02,
       9.4086255264662395e+02, 2.8258694840743151e+03,
       -1.4994936150884547e+02, -5.2269989246537030e+01,
       -1.4994936150884547e+02, 3.2086912362832991e+03,
       3.3361564682001330e+02, -5.2269989246537016e+01,
       3.3361564682001330e+02, 1.0686843031142239e+03,
       1.8236010723580109e+03, -2.2526485568965251e+02,
       -2.1812824820332345e+01, -2.2526485568965242e+02,
       2.6813976584171373e+03, -6.8017135390314479e+02,
       -2.1812824820332363e+01, -6.8017135390314479e+02,
       1.4724864741735446e+03, 2.3741645370900578e+03,
       -1.0250357878742891e+03, 1.0341306782973606e+03,
       -1.0250357878742889e+03, 2.9597747415940994e+03,
       -4.0711739344000456e+01, 1.0341306782973604e+03,
       -4.0711739344000470e+01, 1.0791432720506557e+03,
       1.7437113289157564e+03, -6.0311080531819482e+02,
       2.5045966228580892e+02, -6.0311080531819482e+02,
       3.4935947469952162e+03, -1.3624508454655853e+02,
       2.5045966228580892e+02, -1.3624508454655856e+02,
       6.5986569651311731e+02, 1.3769721760046016e+03,
       -4.8933108651866917e+02, 7.2552880194273982e+01,
