%YAML:1.0
means: !!opencv-matrix
   rows: 26
   cols: 2
   dt: d
   data: [ -8.4705370485026634e+01, -1.6025869732792523e+02,
       1.3106860045955082e+02, 3.3990358198075214e+01,
       -1.3156235134979116e+02, -9.8008535049355302e+01,
       4.4445799715034937e+01, 1.7422113531719614e+02,
       1.5634633795042998e+02, -3.0668795654406310e+01,
       4.2666931454698744e+00, 2.1238237891251689e+01,
       -5.8778655355183247e+01, 1.8121629055087473e+02,
       -2.3040196563812620e+02, 6.1963745012292321e+01,
       -2.6037643357230417e+02, -5.0616913983417412e+01,
       8.3222036715825453e+01, -1.1897253842548403e+02,
       1.7831920906963617e+01, -6.2638707602873872e+01,
       -2.2638123068063820e+02, -1.5323166629216763e+02,
       7.9899349418703906e+01, -1.9778625185502687e+01,
       2.3704688690808018e+02, -6.9392753038130564e+01,
       1.4538513132734525e+02, 1.2814939962268281e+02,
       -1.6410504388517715e+01, 9.6691496375293227e+01,
       7.6627798530512223e+01, 7.7460914487140542e+01,
       -1.7675348229144805e+02, 1.5879947846882524e+02,
       -1.0761840496220111e+02, 9.9643955667734105e+01,
       2.3112286184382867e+02, 4.1044690273183754e+01,
       1.6522113461169145e+01, -2.6457641926459314e+02,
       -6.4429382685992763e+01, -4.4444644152160699e+01,
       -8.9205260950578804e+00, -1.3461234232884277e+02,
       -8.9742157838543292e+01, 2.4683931788201040e+01,
       -1.8262121285648152e+02, 2.4637281190114280e+00,
       1.5861495389704234e+02, -1.1381588896567357e+02 ]
covs: !!opencv-matrix
   rows: 52
   cols: 2
   dt: d
   data: [ 1.4242818415273493e+03, -2.4719934293526211e+02,
       -2.4719934293526211e+02, 3.2486838265080391e+03,
       1.8594245921185045e+03, 5.4478452835058022e+02,
       5.4478452835058022e+02, 1.4457467667488365e+03,
       2.2853272123982506e+03, -7.4132339310141987e+01,
       -7.4132339310141987e+01, 2.1734934314060638e+03,
       2.5591154717181548e+03, 1.4726640966888934e+02,
       1.4726640966888937e+02, 3.4372615096404083e+03,
       1.7287479505912177e+03, 4.4813896359471869e+02,
       4.4813896359471875e+02, 1.7621408236803354e+03,
       1.6301969409857847e+03, 4.7083909424036513e+01,
       4.7083909424036499e+01, 1.6404291935517231e+03,
       2.5917642849855888e+03, -2.0225549206623390e+02,
       -2.0225549206623390e+02, 3.2089428896464055e+03,
       3.5217971730447471e+03, -2.6614311108537862e+02,
       -2.6614311108537862e+02, 3.7090043004082913e+03,
       2.2970354198612804e+03, -6.7177624580319616e+02,
       -6.7177624580319605e+02, 4.2712571255034090e+03,
       1.4372871379931064e+03, -1.8855060549555111e+02,
       -1.8855060549555111e+02, 3.1057524006648910e+03,
       1.0298742699218258e+03, -2.4523696915435673e+02,
       -2.4523696915435673e+02, 1.9979564271598315e+03,
       3.2052021246228733e+03, -5.9021191642301221e+02,
       -5.9021191642301221e+02, 4.1672937753153683e+03,
       1.2274386078626046e+03, -1.4727146523562965e+02,
       -1.4727146523562959e+02, 2.3859591407470230e+03,
       2.5574922793291148e+03, 2.6718675496257507e+01,
       2.6718675496257529e+01, 2.9857278111827582e+03,
       2.5785082115213390e+03, 2.3849648035145958e+02,
       2.3849648035145958e+02, 3.5956714326061024e+03,
       2.0516711146291882e+03, 3.3319651429045268e+02,
       3.3319651429045268e+02, 2.0388336814643133e+03,
       1.6871530106276296e+03, 4.1187099332879245e+02,
       4.1187099332879245e+02, 2.1866407908290912e+03,
       3.3661396334250744e+03, 8.5355819333825210e+01,
       8.5355819333825195e+01, 3.6528323194677032e+03,
       2.4421630448814217e+03, 5.2336711189463756e+02,
       5.2336711189463756e+02, 2.5407769072162473e+03,
       2.2963678513950972e+03, 7.0319330071194190e+02,
       7.0319330071194190e+02, 4.2194544377183374e+03,
       6.2578035691997202e+03, -2.9782387220153754e+02,
       -2.9782387220153754e+02, 3.9394900293710948e+03,
       1.5684155668720448e+03, 7.7794171918802789e+01,
       7.7794171918802888e+01, 1.7152684756591445e+03,
       1.9623607436556060e+03, -6.9004211210131825e+02,
       -6.9004211210131825e+02, 2.1137000007111101e+03,
       1.6083505200492937e+03, 4.1596018397645315e+02,
       4.1596018397645327e+02, 1.9559353450673584e+03,
       1.8264560785283932e+03, 2.3324157183149842e+02,
       2.3324157183149836e+02, 2.8668701435805306e+03,
       1.8062860036919194e+03, -1.7631771217164936e+02,
       -1.7631771217164939e+02, 2.1052596867625402e+03 ]
weights: !!opencv-matrix
   rows: 1
   cols: 26
   dt: d
   data: [ 2.4293500384137648e-02, 4.2583464194201254e-02,
       3.7615384465502930e-02, 3.8139599431774356e-02,
       4.1083317653112822e-02, 6.6575432838832257e-02,
       3.4490958377232483e-02, 2.8223333350094439e-02,
       2.4792422172062217e-02, 5.2753906156946848e-02,
       4.9083545193204951e-02, 2.3023448732152799e-02,
       5.8730905846100051e-02, 2.1532002020752831e-02,
       3.4598485006733758e-02, 4.8021123762244940e-02,
       5.7284944832771176e-02, 2.2050289196850471e-02,
       3.8975703527365083e-02, 2.9498008349272999e-02,
       1.5010244374780648e-02, 4.4180929435357508e-02,
       4.1608902086241809e-02, 5.4691293864195620e-02,
       3.6951852709606159e-02, 3.4207002038451194e-02 ]
pca_proj: !!opencv-matrix
   rows: 2
   cols: 21
   dt: f
   data: [ 1.02604255e-02, 8.46533298e-01, 5.67100069e-05,
       -5.08859605e-02, 4.68450844e-01, 1.89823491e-04, -5.55210514e-03,
       1.46431834e-01, -1.98076777e-05, -7.31809530e-03, 1.34976640e-01,
       -4.80776835e-05, -6.69380091e-03, 1.46460637e-01, -1.57161594e-05,
       2.11501210e-05, 1.32904761e-05, -3.16381829e-07, -1.62182951e-05,
       4.47223283e-04, 4.04881848e-06, 8.19958210e-01, 1.87153444e-02,
       -7.93817599e-05, 4.28530097e-01, 8.29724409e-03, 8.75842488e-06,
       2.28233948e-01, -2.37727305e-03, -1.84168690e-04, 2.08515689e-01,
       -1.20344283e-02, -2.14158339e-04, 2.18838796e-01, -7.27251405e-04,
       -1.84816250e-04, -3.05604735e-05, -5.04301033e-06,
       -1.27042276e-05, 6.79167337e-04, 1.30049409e-06, -1.63660501e-04 ]
pca_mean: !!opencv-matrix
   rows: 1
   cols: 21
   dt: f
   data: [ 4.33646118e+02, 2.44701981e+02, 1.49672687e+00,
       4.18191803e+02, 2.60206879e+02, 1.62062907e+00, 3.68545319e+02,
       2.27059875e+02, 1.69770968e+00, 3.19420807e+02, 1.63929108e+02,
       1.75046074e+00, 3.16613464e+02, 2.25532654e+02, 1.70717156e+00,
       1.08872897e-04, -9.74175637e-05, 6.24380555e-05, -2.17504916e-04,
       -2.50119597e-01, 1.75055194e+00 ]
gamma: !!opencv-matrix
   rows: 26
   cols: 1
   dt: d
   data: [ 8.4935420282698870e-01, 8.0658674090038873e-01,
       8.4775961363017971e-01, 8.6099466760625432e-01,
       8.3336719722474473e-01, 7.9379320409733267e-01,
       8.6401551248853981e-01, 8.8641432731467806e-01,
       8.9536280703015036e-01, 8.3695771052580470e-01,
       7.9900779983525672e-01, 8.9855146749341397e-01,
       8.1659636369501176e-01, 8.7990470786451147e-01,
       8.6730560354406794e-01, 8.1954133178242716e-01,
       8.1526813172968549e-01, 8.8509066423973315e-01,
       8.4623915583796905e-01, 8.8045547740638352e-01,
       9.0583144847259811e-01, 8.0565942565915882e-01,
       8.3493211179340210e-01, 8.1207138724941808e-01,
       8.5875672461659691e-01, 8.5166232661750763e-01 ]
