%YAML:1.0
means: !!opencv-matrix
   rows: 44
   cols: 1
   dt: d
   data: [ -9.4178173600676743e+01, 1.6013528084130658e+02,
       -4.0717217896518427e+00, -2.6850560680215705e+02,
       9.5351941670116688e+01, -1.8147933083348059e+02,
       2.4029560180392770e+02, -6.6347133729798372e+01,
       6.1815518978744961e+01, -3.3336833690818611e+02,
       -2.1749812523448443e+02, 2.8810236996321528e+01,
       1.3310214447348304e+02, -1.3705314889836075e+02,
       -1.5772372535942294e+01, -4.1005808937018173e+01,
       2.0166416606843592e+02, 8.3866723822209607e+01,
       1.7909717654488286e+01, 2.6225818851595579e+02,
       -1.5093804216244965e+02, 1.4669915783550394e+02,
       -3.0948779032837888e+02, -7.9827381101658020e+01,
       -1.9895040513575040e+02, 7.3761430647688853e+00,
       1.1977443334050709e+02, -2.3527027941200356e+02,
       -1.0906800433112488e+02, -1.6508984278161802e+02,
       1.8861583011544317e+02, 7.2496447003627409e+01,
       5.1002312398259001e+01, 2.8684042142733591e+02,
       -2.8356683135171330e+01, -1.2317818398579440e+02,
       -3.5694170620707706e+02, 1.0710875787648838e+02,
       -2.8689826942117145e+02, 1.7427426281479663e+02,
       2.1922089070114563e+02, -2.5237685243243931e+02,
       -5.3611419172864615e+01, 4.0426356886398487e+01 ]
covs: !!opencv-matrix
   rows: 44
   cols: 1
   dt: d
   data: [ 4.5808558394814355e+01, 5.5149435384158103e+01,
       3.1998746676004544e+01, 8.4547736780297186e+01,
       3.1133687350834236e+01, 5.7993846191682714e+01,
       1.1080154795379998e+02, 3.9906384700370218e+01,
       2.7163877083902577e+01, 1.8309387211644352e+02,
       7.5298053882833727e+01, 2.9053945058604398e+01,
       4.4033562417649776e+01, 4.8205994130870018e+01,
       3.2030614486573441e+01, 3.3746761952870827e+01,
       5.2154036018755193e+01, 2.9850709677730986e+01,
       3.1367112215437267e+01, 1.6341226440505508e+02,
       4.8708297545060766e+01, 5.0020614571283474e+01,
       1.1458066008339968e+02, 4.2716583230637646e+01,
       7.0562894193032406e+01, 3.1836021928390032e+01,
       3.6356042188771482e+01, 8.2922175915566740e+01,
       4.9419700579402758e+01, 5.4781840238976649e+01,
       5.7207035947965366e+01, 2.7538649759985692e+01,
       2.6844763895576165e+01, 4.1742040813394220e+02,
       3.3132076356387508e+01, 5.1097076358962958e+01,
       4.6606775100533844e+02, 3.2885809540493867e+01,
       8.1532481908889835e+01, 5.6756219533992834e+01,
       6.5390714727691744e+01, 9.0567541354860680e+01,
       3.6974815137281198e+01, 2.7967371507452487e+01 ]
weights: !!opencv-matrix
   rows: 1
   cols: 44
   dt: d
   data: [ 2.9352230951185797e-02, 2.6230364450229915e-02,
       3.0441199669816572e-02, 1.0273033274171943e-02,
       3.3785544229655719e-02, 1.9955941831145782e-02,
       1.1900445628416032e-02, 2.8503659018028787e-02,
       3.2355171163515072e-02, 3.4799919002798056e-03,
       1.8726685738689623e-02, 3.2006722788102598e-02,
       2.9728193961700060e-02, 2.1893568670571420e-02,
       3.2742030907217647e-02, 2.7914720947769690e-02,
       1.3789566983728560e-02, 3.3740238262519512e-02,
       2.9893285709071005e-02, 5.8215590000633942e-03,
       2.0125831891069316e-02, 2.8356714830222715e-02,
       7.4092367099487791e-03, 2.7434772000311754e-02,
       2.0414970424151264e-02, 3.1252885970021613e-02,
       3.2463549716148968e-02, 1.4938121152158666e-02,
       2.7146438791318395e-02, 1.9578285826852396e-02,
       1.9084255346914204e-02, 3.3214094446713166e-02,
       3.2154820452610720e-02, 4.8443610417251452e-03,
       3.1651259563392445e-02, 2.3256859346915883e-02,
       2.5286808530346353e-03, 3.3186517213601628e-02,
       9.2595410384696767e-03, 2.2801785084585045e-02,
       1.4468844827718451e-02, 1.2254251836702994e-02,
       2.6615851614300273e-02, 3.3023914935222283e-02 ]
pca_proj: !!opencv-matrix
   rows: 1
   cols: 21
   dt: f
   data: [ 4.36961316e-02, 8.50134730e-01, 1.73015636e-04,
       6.54514134e-02, 4.60692108e-01, 2.29939164e-04, 7.67599978e-03,
       1.46649793e-01, -1.37564148e-05, 1.21663406e-03, 1.30500361e-01,
       -5.45994153e-05, 8.06188770e-03, 1.42052382e-01, -2.12945142e-05,
       -2.45414903e-05, 9.56867734e-06, -1.94090262e-06, 3.13729906e-05,
       4.34020360e-04, 2.32224409e-07 ]
pca_mean: !!opencv-matrix
   rows: 1
   cols: 21
   dt: f
   data: [ 2.07625534e+02, 2.55653595e+02, 1.54502928e+00,
       2.18915131e+02, 2.60592743e+02, 1.67241716e+00, 2.65274475e+02,
       2.24016678e+02, 1.71669352e+00, 3.19420807e+02, 1.63929108e+02,
       1.75046074e+00, 3.16613464e+02, 2.25532654e+02, 1.70717156e+00,
       1.08872897e-04, -9.74175637e-05, 6.24380555e-05, -2.17504916e-04,
       -2.50119597e-01, 1.75055194e+00 ]
gamma: !!opencv-matrix
   rows: 44
   cols: 1
   dt: d
   data: [ 8.0898597189309807e-01, 8.4819073153962343e-01,
       7.7113551085743071e-01, 8.9160008607011043e-01,
       8.1034351884075750e-01, 8.5796487755387074e-01,
       8.8319846444341110e-01, 7.9242283383124135e-01,
       7.9046693966988246e-01, 9.0926159850439336e-01,
       8.7376216461845180e-01, 7.7584378971903267e-01,
       8.3324533482255347e-01, 8.3464324097737197e-01,
       7.7234604998671730e-01, 7.7983836889819835e-01,
       8.6766698942032694e-01, 8.0331362560938058e-01,
       7.7303758966549607e-01, 8.9089386043194652e-01,
       8.4235360802847337e-01, 8.4096817824531545e-01,
       9.0317209307195456e-01, 8.0025501943115063e-01,
       8.6603780122226104e-01, 7.7145368135509584e-01,
       8.2529304822288463e-01, 8.8054913906054177e-01,
       8.1814815039543354e-01, 8.4988080004129674e-01,
       8.6201129472160865e-01, 7.9649945147809775e-01,
       7.8485940107166563e-01, 9.0005188994512741e-01,
       7.7533288608163198e-01, 8.2664927611292860e-01,
       9.1583917980240515e-01, 8.1757702006604305e-01,
       8.9694926721107227e-01, 8.5528816448738632e-01,
       8.7496410299226068e-01, 8.8653096458735181e-01,
       7.8564323565337679e-01, 7.8009265740762401e-01 ]
