%YAML:1.0
means: !!opencv-matrix
   rows: 1
   cols: 21
   dt: d
   data: [ 4.3364511916213991e+02, 2.4470169816736666e+02,
       1.4967351635640860e+00, 4.1818893472213750e+02,
       2.6020557604156494e+02, 1.6206373706972601e+00,
       3.6854474848937991e+02, 2.2706029996215821e+02,
       1.6976995891797544e+00, 3.1942026298919683e+02,
       1.6392823454116822e+02, 1.7504699958431722e+00,
       3.1661499765457154e+02, 2.2553124193481446e+02,
       1.7071898978412152e+00, 1.0887259674904799e-04,
       -9.7416542077919543e-05, 6.2436470098997473e-05,
       -2.1750623958165989e-04, -2.5011988726325335e-01,
       1.7505463921344282e+00 ]
covs: !!opencv-matrix
   rows: 21
   cols: 21
   dt: d
   data: [ 9.1190928882949829e+03, 3.2888077864288516e+02,
       -6.6493743800824556e-01, 4.0189451983738472e+03,
       1.5618410775727853e+02, 6.1163857323544946e-01,
       1.6410673619609042e+03, -3.9665318892642190e+01,
       -1.8540809789224582e+00, 1.4562838290554573e+03,
       -1.5230195851583682e+02, -2.2755996715410474e+00,
       1.5507567918061989e+03, -2.1591986786474536e+01,
       -1.8850415018520699e+00, -2.4765365298660244e-01,
       -5.1934576413927618e-02, -1.5193400716598215e-01,
       4.7671202878281367e+00, -3.8895878745774180e-02,
       -1.6297791157674144e+00, 3.2888077864288516e+02,
       1.3116590747926390e+04, 1.1277879296247322e+00,
       -6.9001561982051965e+02, 6.6651526929099164e+03,
       3.0894337921384287e+00, -8.1039232956613922e+00,
       1.5996752964689526e+03, -4.7080898116919800e-01,
       -4.8931372985207197e+01, 1.4423796503999370e+03,
       -9.0308851820932268e-01, -3.1803614005850900e+01,
       1.6087443066252240e+03, -3.8629396290172141e-01,
       2.7404877674081285e-01, 2.0940640215870679e-01,
       -4.5917920740170858e-03, -1.6448539129769135e-02,
       4.8101688659900814e+00, -3.8142198158089169e-02,
       -6.6493743800824556e-01, 1.1277879296247322e+00,
       4.8791918312415958e-02, -6.8253426812101847e-01,
       -2.0707980286433109e-01, 3.4775278078627785e-02,
       -6.2960158380567055e-01, 4.7381988443673050e-02,
       2.0591889443631328e-02, -1.1292504057247775e-01,
       6.8293538130361953e-01, 1.8632443049411394e-02,
       1.7919636216997267e-02, 7.6505299578640162e-02,
       1.9654411411480225e-02, -3.5755323402687923e-05,
       6.9903861275148196e-04, -8.1993126231815698e-04,
       6.6314131509554768e-05, -2.3280358007290257e-05,
       2.0844245786442141e-02, 4.0189451983738472e+03,
       -6.9001561982051965e+02, -6.8253426812101847e-01,
       2.6580969101484357e+03, -3.6658996707228931e+02,
       -6.7623268671686387e-01, 1.4770367966837189e+03,
       -3.4573773626279142e+01, -1.4073200784470739e+00,
       1.3430117286473644e+03, -8.4107436168142300e+01,
       -1.4808495929683667e+00, 1.4067664671631828e+03,
       -2.5240990434135373e+01, -1.3884101027575853e+00,
       -2.6374719850110973e-01, -4.7346868304539463e-02,
       -5.7544578521128667e-02, 4.3726236314007618e+00,
       -1.7799196197930221e-02, -1.2934156471520579e+00,
       1.5618410775727853e+02, 6.6651526929099164e+03,
       -2.0707980286433109e-01, -3.6658996707228931e+02,
       4.2838720591234769e+03, 1.1705751116558745e+00,
       6.8547425666842343e-01, 1.4235593876890589e+03,
       -3.8665789643000342e-01, -1.9232610493733571e+01,
       1.3031313290631033e+03, -6.6496643897609720e-01,
       -1.7455873906255622e+01, 1.4184637201074768e+03,
       -3.7899599083825314e-01, 2.4367168854400001e-01,
       9.2677386752702665e-02, -3.5057542753422423e-03,
       -2.3483222457558232e-02, 4.3774568951022497e+00,
       -2.4412135275187111e-01, 6.1163857323544946e-01,
       3.0894337921384287e+00, 3.4775278078627785e-02,
       -6.7623268671686387e-01, 1.1705751116558745e+00,
       3.1640443736954724e-02, -6.3250803839217096e-01,
       1.2857768940601752e-01, 2.1012409163213803e-02,
       -9.8549834012476245e-02, 7.2426955966517070e-01,
       1.9108780788549402e-02, 1.8421277484808863e-02,
       1.5498478135895211e-01, 2.0189823814681311e-02,
       -3.1518653612225052e-05, 8.3026264015846987e-04,
       -7.8182010204307551e-04, 1.0868656293507924e-05,
       -3.0829633024524285e-05, 2.0843492362014777e-02,
       1.6410673619609042e+03, -8.1039232956613922e+00,
       -6.2960158380567055e-01, 1.4770367966837189e+03,
       6.8547425666842343e-01, -6.3250803839217096e-01,
       1.3588854296280683e+03, -1.3756605635862948e+01,
       -6.5381812518287075e-01, 1.2835316796232062e+03,
       -2.9586450178025952e+01, -6.2543430155763702e-01,
       1.3248548920586045e+03, -8.4809114158218524e+00,
       -6.3567515656741391e-01, -1.6383215347662630e-01,
       -1.7530533734561069e-02, -2.2777825510541652e-02,
       4.1497297763476704e+00, -1.3690046309581427e-02,
       -6.1557250589549928e-01, -3.9665318892642190e+01,
       1.5996752964689526e+03, 4.7381988443673050e-02,
       -3.4573773626279142e+01, 1.4235593876890589e+03,
       1.2857768940601752e-01, -1.3756605635862948e+01,
       1.3309150469646445e+03, 1.6996341022201161e-01,
       1.6336480663434985e+00, 1.2789357552936387e+03,
       1.4475269486587891e-01, -7.9940384271046465e+00,
       1.3140736059694057e+03, 1.5993589738391811e-01,
       1.1688317314131481e-01, 4.3836256182199947e-02,
       -5.6492584059624849e-03, -1.7649304984881972e-02,
       4.1705701023098118e+00, 1.4382209855981595e-01,
       -1.8540809789224582e+00, -4.7080898116919800e-01,
       2.0591889443631328e-02, -1.4073200784470739e+00,
       -3.8665789643000342e-01, 2.1012409163213803e-02,
       -6.5381812518287075e-01, 1.6996341022201161e-01,
       2.1578180971004050e-02, -2.5355817220787516e-02,
       9.1012522364346204e-01, 2.1111795523222732e-02,
       2.0285328378214496e-02, 1.7990275764475233e-01,
       2.1213615940064112e-02, -2.4523257962998055e-05,
       5.4985523245324331e-04, -3.9491873256269384e-04,
       -2.9289097330217084e-05, -1.9742502668605005e-05,
       2.0802353369245290e-02, 1.4562838290554573e+03,
       -4.8931372985207197e+01, -1.1292504057247775e-01,
       1.3430117286473644e+03, -1.9232610493733571e+01,
       -9.8549834012476245e-02, 1.2835316796232062e+03,
       1.6336480663434985e+00, -2.5355817220787516e-02,
       1.2493204960500202e+03, -1.3757548931187031e+00,
       9.8941157320338920e-03, 1.2730610309806518e+03,
       -3.3858141302422489e+00, -1.0180111024489147e-02,
       1.5447626038824457e-03, -2.2100476878133169e-03,
       8.6930991526287024e-03, 4.0210021467777191e+00,
       -1.3755576485513829e-02, -8.9645804476213078e-03,
       -1.5230195851583682e+02, 1.4423796503999370e+03,
       6.8293538130361953e-01, -8.4107436168142300e+01,
       1.3031313290631033e+03, 7.2426955966517070e-01,
       -2.9586450178025952e+01, 1.2789357552936387e+03,
       9.1012522364346204e-01, -1.3757548931187031e+00,
       1.2788782357976495e+03, 9.5887090438705991e-01,
       -2.6519543965184540e+00, 1.2712297178324015e+03,
       9.1806742667133612e-01, -7.2823374195799748e-03,
       -7.9903370559114757e-04, -2.8482947241664195e-03,
       -1.6740581316880339e-02, 4.0432151378124974e+00,
       8.9445905901564382e-01, -2.2755996715410474e+00,
       -9.0308851820932268e-01, 1.8632443049411394e-02,
       -1.4808495929683667e+00, -6.6496643897609720e-01,
       1.9108780788549402e-02, -6.2543430155763702e-01,
       1.4475269486587891e-01, 2.1111795523222732e-02,
       9.8941157320338920e-03, 9.5887090438705991e-01,
       2.1551444566720753e-02, 2.1132225211162564e-02,
       1.5160864184202777e-01, 2.1151418665961055e-02,
       -2.0282137182527233e-05, 1.3849946894727733e-05,
       8.1344493076193681e-06, -2.7966952680026714e-05,
       -1.9361512232130999e-05, 2.0800047077245969e-02,
       1.5507567918061989e+03, -3.1803614005850900e+01,
       1.7919636216997267e-02, 1.4067664671631828e+03,
       -1.7455873906255622e+01, 1.8421277484808863e-02,
       1.3248548920586045e+03, -7.9940384271046465e+00,
