%YAML:1.0
means: !!opencv-matrix
   rows: 5
   cols: 8
   dt: d
   data: [ 2.1034416111177556e+01, -4.9520148610337237e+01,
       4.3760065365956526e+00, 1.7310530519606672e+01,
       1.9116951900077989e+01, -7.4310344900095460e-01,
       4.0131523546669190e-01, -3.3290377229308216e-01,
       7.3869798887507002e+01, 7.0346516036003976e+01,
       -2.8026370620411036e+01, -2.3985910686781878e+01,
       -4.5367226534640857e+00, -4.6015342260352678e+00,
       -5.2980740112277402e-01, -2.1138727759923395e-01,
       -1.4531970021549932e+02, 6.8785199227440415e+01,
       2.5351749705694786e+01, -3.8600171206196023e+01,
       -5.4713459920759533e+00, -2.2968045213449626e+00,
       5.7455795868202753e-01, 4.2327668236841098e-01,
       1.2830448008316500e+02, -4.0481240221187605e+01,
       -2.8947764253121274e+01, 3.4971013272489451e+01,
       -2.2379643600156474e+01, 1.2620417109395772e+01,
       9.3042425276295571e-01, 4.9785118862171113e-01,
       -1.5080852176637060e+02, -6.3942313351441165e+01,
       4.3284137645466934e+01, 1.9364125321495830e+01,
       -1.1371335081782599e+01, 3.5761130753832804e+00,
       -1.0293981897253126e+00, 3.9061896739477309e-01 ]
covs: !!opencv-matrix
   rows: 40
   cols: 8
   dt: d
   data: [ 6.9514786726420116e+03, -8.1829795588849458e+02,
       2.5583824761325318e+03, -5.6379471562753167e+02,
       -4.3255615496389828e+02, -5.9436753414677881e+00,
       -2.9735630880919420e+01, 1.4827945703751986e+01,
       -8.1829795588849458e+02, 1.0844535382731019e+04,
       4.8968616772797952e+02, 6.4717539120518325e+02,
       3.5067727579801436e+02, 1.4152932800462031e+02,
       1.0575343335970663e+01, 1.0425786623128166e+01,
       2.5583824761325318e+03, 4.8968616772797947e+02,
       2.5767715457124382e+03, -3.6943416894167140e+00,
       4.1086074984229676e+01, 2.4725112513389124e+01,
       1.1658347511030120e+01, -7.6943144657996108e+00,
       -5.6379471562753156e+02, 6.4717539120518325e+02,
       -3.6943416894167029e+00, 2.4762919180687086e+03,
       -8.9072879736439091e+01, -1.4485605402246200e+01,
       5.3829645354662139e+00, -1.1197867761513907e+01,
       -4.3255615496389828e+02, 3.5067727579801436e+02,
       4.1086074984229697e+01, -8.9072879736439077e+01,
       3.7064470609633366e+02, 5.0552747307990650e+01,
       -1.3396425155724311e+01, -3.6140983445100709e+00,
       -5.9436753414677845e+00, 1.4152932800462025e+02,
       2.4725112513389124e+01, -1.4485605402246200e+01,
       5.0552747307990636e+01, 3.1313300214682147e+02,
       5.5031929885561706e+00, -8.1640505740530074e+00,
       -2.9735630880919420e+01, 1.0575343335970668e+01,
       1.1658347511030117e+01, 5.3829645354662157e+00,
       -1.3396425155724311e+01, 5.5031929885561688e+00,
       2.6441244685671840e+01, -1.0755338848584295e+00,
       1.4827945703751986e+01, 1.0425786623128170e+01,
       -7.6943144657996152e+00, -1.1197867761513910e+01,
       -3.6140983445100687e+00, -8.1640505740530038e+00,
       -1.0755338848584295e+00, 1.6211583215272686e+01,
       9.8378751597992523e+03, -2.4376290803825805e+03,
       2.0850221876509195e+03, 6.8491861732527286e+02,
       -3.2800740273609659e+02, -2.0275041414149348e+02,
       -9.7338048806906727e+01, 3.4410355885835926e+01,
       -2.4376290803825805e+03, 8.6012535393635171e+03,
       1.0783658546228469e+03, 1.4444421321427033e+03,
       9.5932637898659934e+01, 1.8348387719489446e+02,
       -1.5759213435820959e+01, 1.0158926724872261e+00,
       2.0850221876509195e+03, 1.0783658546228471e+03,
       2.7122585633263170e+03, -3.5274620424110020e+02,
       -2.1736468408458993e+01, -3.9260970329054189e+01,
       1.4112577780462654e+01, -5.1874577844842324e+00,
       6.8491861732527298e+02, 1.4444421321427030e+03,
       -3.5274620424110020e+02, 2.4168548609261343e+03,
       1.9987124085876257e+01, -2.1877456396724071e+02,
       -1.4477930473289629e+01, 1.5959778138666207e+01,
       -3.2800740273609659e+02, 9.5932637898659920e+01,
       -2.1736468408459000e+01, 1.9987124085876243e+01,
       1.3335079066743128e+02, -1.2409403507469424e+01,
       -9.1100986948195288e+00, 1.9497800061074602e+00,
       -2.0275041414149345e+02, 1.8348387719489446e+02,
       -3.9260970329054203e+01, -2.1877456396724071e+02,
       -1.2409403507469420e+01, 8.8512581773805351e+01,
       -7.4336367870944668e+00, -5.4930173864116290e+00,
       -9.7338048806906741e+01, -1.5759213435820959e+01,
       1.4112577780462658e+01, -1.4477930473289627e+01,
       -9.1100986948195306e+00, -7.4336367870944668e+00,
       3.7812328998049395e+01, -1.7885280438869904e+00,
       3.4410355885835912e+01, 1.0158926724872257e+00,
       -5.1874577844842324e+00, 1.5959778138666209e+01,
       1.9497800061074602e+00, -5.4930173864116281e+00,
       -1.7885280438869904e+00, 1.6542617901611361e+01,
       7.5539111578773545e+03, 1.0488908364379017e+03,
       2.4883753027024654e+03, -1.2651783270218818e+03,
       1.9536398778604746e+02, 2.4712777161456290e+02,
       1.1506250838634168e+02, 8.6438200258826932e+00,
       1.0488908364379015e+03, 7.9828270557080386e+03,
       2.1895679984766693e+02, 2.0211861919955370e+03,
       -1.0379844227058724e+02, 1.6273980890033357e+02,
       -4.1779666296079483e+01, -3.0278980003319823e+01,
       2.4883753027024659e+03, 2.1895679984766693e+02,
       2.5998345792690934e+03, 9.1434530209163782e+01,
       -5.5763843877519164e+01, -4.8699808498159911e+01,
       -2.0919828733396887e+01, 3.1564809910938880e+00,
       -1.2651783270218818e+03, 2.0211861919955368e+03,
       9.1434530209163782e+01, 1.7973926867110649e+03,
       6.3651929733126536e+01, -7.6392457924555103e+01,
       2.6417736644023197e+01, 8.3517692688461480e+00,
       1.9536398778604746e+02, -1.0379844227058724e+02,
       -5.5763843877519143e+01, 6.3651929733126536e+01,
       1.6785211392976197e+02, 5.6991708764046756e+01,
       4.6643270475453402e+00, 9.3600163697019934e+00,
       2.4712777161456290e+02, 1.6273980890033360e+02,
       -4.8699808498159911e+01, -7.6392457924555117e+01,
       5.6991708764046770e+01, 1.4185766944348720e+02,
       -5.0712736039416457e+00, 7.3061431553879663e-01,
       1.1506250838634168e+02, -4.1779666296079498e+01,
       -2.0919828733396887e+01, 2.6417736644023204e+01,
       4.6643270475453411e+00, -5.0712736039416475e+00,
       2.4753745296173371e+01, 1.6929995399875069e+00,
       8.6438200258826932e+00, -3.0278980003319813e+01,
       3.1564809910938920e+00, 8.3517692688461462e+00,
       9.3600163697019934e+00, 7.3061431553879697e-01,
       1.6929995399875069e+00, 1.5282855763480999e+01,
       6.8177277979071005e+03, 4.2781876103883013e+02,
       2.3488507455998028e+03, -1.0575357929048257e+03,
       3.1243040756738748e+02, -6.2318120598418454e+02,
       -9.6728891707031877e+01, -3.4335464176604816e+01,
       4.2781876103883013e+02, 5.6703663411968055e+03,
       7.6208476104425472e+02, 2.4751754283748151e+03,
       6.1698276936209759e+01, -1.4952130112211677e+02,
       -3.1420930987284368e+01, -3.4087400102526253e+01,
       2.3488507455998024e+03, 7.6208476104425472e+02,
       2.6128243750072415e+03, -3.4846944736283739e+01,
       -1.8450626976755026e+02, 8.3300821761763274e+01,
       2.0538772510317994e+01, 8.6066200057517932e+00,
       -1.0575357929048259e+03, 2.4751754283748151e+03,
       -3.4846944736283760e+01, 1.7708704678857825e+03,
       8.5061511206410163e+00, -3.6121198027981606e+01,
       -9.2363256204268414e+00, 3.1131468165848211e+00,
       3.1243040756738742e+02, 6.1698276936209759e+01,
       -1.8450626976755026e+02, 8.5061511206410181e+00,
       9.9147696241016831e+01, -1.2731198468998286e+02,
       -5.9444333450341089e+00, 4.6233300847132535e+00,
       -6.2318120598418454e+02, -1.4952130112211677e+02,
       8.3300821761763260e+01, -3.6121198027981620e+01,
       -1.2731198468998286e+02, 2.9598612613431067e+02,
       -1.6751561120003124e+01, 9.8567380326204166e+00,
