%YAML:1.0
means: !!opencv-matrix
   rows: 31
   cols: 3
   dt: d
   data: [ 2.7333571497866194e+00, 5.1885606919247529e+01,
       1.3839851927133029e+01, -1.1474845752844317e+01,
       -1.3229926932104462e+02, -6.0025706697820247e+01,
       9.1822597456548536e+01, 1.9259062086959133e+01,
       -3.3687592545031151e+01, -1.2916301457318653e+02,
       -3.0626992856587123e+01, 4.1761992636413545e+01,
       6.0699630034298742e+01, -5.7791035563394800e+01,
       -4.2207332167318512e+01, -2.2843033131936139e+02,
       -7.5426959952470995e+01, 3.2823148130312201e+00,
       -1.8038689327100991e+02, -1.0015444165019165e+01,
       -2.5548679972660931e+01, 1.9295075042900055e+02,
       -3.4092452682170958e+01, 4.7807749081961170e+01,
       -9.0984190985513465e+01, -1.3904790004889466e+02,
       6.6238631831852956e+01, -2.4933861571691223e+00,
       -2.5113720428924843e+01, -8.9516771258297226e+01,
       -5.0189673953401410e+01, 1.1717808649167966e+02,
       -3.1326458661220080e+01, 1.1918486101136632e+02,
       9.7329532221633912e+01, -2.3518989573776309e+01,
       -5.6366514865911348e+01, 5.7534156773570267e+01,
       1.0853358196010045e+02, 3.6096988240814738e+01,
       9.1659968964599003e+01, -8.4408317542625070e+01,
       -1.8562472571659818e+00, -1.7700372107264368e+01,
       5.9681433830951903e+01, 9.1244280456400418e+01,
       1.3890368962542183e+02, 1.4044193188024989e+01,
       1.6905440067291124e+01, -1.4138847153551373e+02,
       1.4666422952257301e+01, -2.6535652205392296e+02,
       9.3213662982262790e+01, -4.0348838829167688e+00,
       1.6483031787028025e+02, 3.0428780894423294e+01,
       2.4647884209260653e+01, -1.0395892416027199e+02,
       9.4404985857051713e+00, 9.8095163975847612e+01,
       7.4396820699583870e+01, -3.9510739370770217e+01,
       8.4489613683561728e+01, -1.4879518991307955e+02,
       6.2855031102370631e+01, 3.8484426250928408e+01,
       -9.4393703089161022e+01, 3.7156971611684405e+01,
       -5.3553341886711131e+01, 7.9443800397016730e+01,
       4.4342618891141470e+01, 6.6779578465726019e+01,
       -2.6536878921274501e+02, 2.3099126452631211e+01,
       -2.9695831403957904e+01, 1.9574734705603566e+02,
       9.3005257602634188e+01, 4.5019252115275670e+01,
       1.2459538184956693e+02, -4.8157371177684198e+01,
       6.0010467930782623e+00, -7.0809410989566743e+01,
       -5.6645103974422476e+01, -2.1409583038246414e+01,
       -1.8010879253145177e+02, -1.4736606991569596e+02,
       -8.3387732783187154e+00, 1.6894496110391131e+02,
       -1.0511256199094497e+02, 2.1714831925024882e+01,
       -1.8266043411521824e+02, 1.0025400212784027e+02,
       5.6235117047915985e+01 ]
covs: !!opencv-matrix
   rows: 93
   cols: 3
   dt: d
   data: [ 1.8319349677243606e+03, 1.0506187641591316e+02,
       9.3935121523188923e+02, 1.0506187641591312e+02,
       8.4445485011585333e+03, 4.5596406630340404e+01,
       9.3935121523188923e+02, 4.5596406630340404e+01,
       8.1963713334708984e+02, 3.9035374645732882e+03,
       1.8447984641074131e+03, 2.4762528320452212e+01,
       1.8447984641074131e+03, 3.8106434380657688e+03,
       6.9442288030667868e+01, 2.4762528320452191e+01,
       6.9442288030667868e+01, 9.0834288519062181e+02,
       3.2107978376584224e+03, -2.0817369409509285e+00,
       4.5860984704653788e+02, -2.0817369409509228e+00,
       1.5704273359869267e+03, 8.1566415090303735e+01,
       4.5860984704653788e+02, 8.1566415090303721e+01,
       1.1478449577426454e+03, 2.7126632924547880e+03,
       1.0147710657857640e+03, 1.4636746128584028e+02,
       1.0147710657857640e+03, 3.5126773007270681e+03,
       -5.1963846349738856e+02, 1.4636746128584022e+02,
       -5.1963846349738867e+02, 1.0411909587779260e+03,
       2.3633768118500248e+03, -7.9876630682380039e+02,
       -4.2933456563631104e+01, -7.9876630682380039e+02,
       2.5996340918664605e+03, -2.0630822304152403e+02,
       -4.2933456563631090e+01, -2.0630822304152403e+02,
       1.3366432229273585e+03, 1.9659458079084686e+03,
       4.1932061415699769e+02, 3.4356275252802874e+02,
       4.1932061415699769e+02, 3.0461341379572095e+03,
       5.5744545641484785e+02, 3.4356275252802874e+02,
       5.5744545641484785e+02, 8.8422701911201580e+02,
       2.8075177267624617e+03, 8.9451561785681815e+02,
       -8.6788027789074008e+01, 8.9451561785681815e+02,
       4.5784039052538701e+03, 3.9531407200852692e+02,
       -8.6788027789074036e+01, 3.9531407200852692e+02,
       5.4526670907111941e+02, 2.9963217601533752e+03,
       7.2691793261409077e+02, -5.9507357882296378e+02,
       7.2691793261409077e+02, 6.9178658988115712e+03,
       -2.7272332029418454e+01, -5.9507357882296378e+02,
       -2.7272332029418443e+01, 2.2040625896136766e+02,
       2.1895888587734021e+03, 7.7322721394194969e+02,
       1.0031388348228255e+03, 7.7322721394194934e+02,
       4.0411570628771142e+03, 7.8573719750575719e+01,
       1.0031388348228255e+03, 7.8573719750575734e+01,
       7.5251516624943633e+02, 2.4193984978175613e+03,
       -6.7407822262820474e+01, -5.0574273908640180e+02,
       -6.7407822262820474e+01, 4.5911021191845548e+03,
       2.9488997278198309e+02, -5.0574273908640180e+02,
       2.9488997278198315e+02, 5.7806457851661094e+02,
       3.0917520930530673e+03, 1.3090548718216430e+03,
       1.3166522590188714e+02, 1.3090548718216430e+03,
       5.6644434750117216e+03, -1.0673916982344144e+03,
       1.3166522590188714e+02, -1.0673916982344142e+03,
       7.9465910409633000e+02, 3.4411615286431656e+03,
       -1.3491611302479316e+02, 4.7086101866581714e+02,
       -1.3491611302479316e+02, 1.3247847045514111e+03,
       -1.3036303746711010e+02, 4.7086101866581714e+02,
       -1.3036303746711010e+02, 1.0483756671169481e+03,
       1.7511502747944996e+03, -1.2545142675778313e+03,
       -2.9604070366117122e+02, -1.2545142675778311e+03,
       8.4233244891123031e+03, 3.3667267744296203e+02,
       -2.9604070366117122e+02, 3.3667267744296203e+02,
       1.6001328331958481e+02, 2.3505254293777357e+03,
       -6.1416884309946731e+01, -2.0739857456498592e+02,
       -6.1416884309946788e+01, 1.8388468434544914e+03,
       2.4146400403310636e+01, -2.0739857456498589e+02,
       2.4146400403310643e+01, 6.7737992638662183e+02,
       1.9898277909273365e+03, -3.0103008269439620e+01,
       -2.5616937179560830e+02, -3.0103008269439627e+01,
       6.5876564440972934e+03, -8.7063284292468538e+01,
       -2.5616937179560830e+02, -8.7063284292468552e+01,
       6.0504121762562795e+02, 2.1219413905384054e+03,
       5.2004013953590527e+02, 8.1523230362236029e+02,
       5.2004013953590504e+02, 4.2494963043270509e+03,
       3.7654312468784480e+02, 8.1523230362236029e+02,
       3.7654312468784480e+02, 9.1510194220943254e+02,
       4.2642064976526099e+03, -2.6332531782199146e+02,
       -1.7811353077957003e+02, -2.6332531782199146e+02,
       3.4292007009645690e+03, 2.3700318976278472e+00,
       -1.7811353077957000e+02, 2.3700318976278458e+00,
       1.3989761921202614e+03, 2.1501581739948797e+03,
       2.5120893581932586e+02, 5.4058756327743333e+02,
       2.5120893581932592e+02, 6.2020856369430139e+03,
       -3.5325462615189923e+02, 5.4058756327743333e+02,
       -3.5325462615189940e+02, 4.4752558319033812e+02,
       2.3450390336435503e+03, -3.3858266548796132e+02,
       -3.8241256999267051e+02, -3.3858266548796132e+02,
       4.2939509480480383e+03, -1.3368713971976518e+02,
       -3.8241256999267051e+02, -1.3368713971976518e+02,
       4.1846869186778474e+02, 1.3397972306990205e+03,
       -4.3161044888799711e+02, -1.2158354517457552e+02,
       -4.3161044888799711e+02, 8.8529355455234636e+03,
       -3.5465858044929269e+02, -1.2158354517457552e+02,
       -3.5465858044929269e+02, 3.3568929428169974e+02,
       2.6586744056157941e+03, -1.1518397189038132e+02,
       -5.1653970907846883e+02, -1.1518397189038124e+02,
       8.2305654292293257e+03, 3.3522498558042309e+02,
       -5.1653970907846883e+02, 3.3522498558042309e+02,
