%YAML:1.0
means: !!opencv-matrix
   rows: 22
   cols: 6
   dt: d
   data: [ 1.5867320887948347e+02, -1.3716996228164920e+01,
       -4.0727728469862548e+01, 3.1642608829462972e+01,
       -1.3514666906344530e+01, -3.4613392657624380e+00,
       -2.2484842813385900e+01, -8.8788173310427325e+01,
       -4.6564242129447990e+01, -1.6968395857798775e+01,
       1.9429118262129080e+01, 5.0892788213900895e+00,
       -1.9785186221946472e+02, 1.1976896659360595e+01,
       1.9252878146273169e+01, -1.4234090384125402e+01,
       -3.3557983080734415e+00, -4.3433773470097563e+00,
       1.2645620482427427e+02, -3.5776826200291332e+01,
       -5.1365303079853959e+01, -5.0161876941818512e+01,
       -1.1382779555278617e+01, -3.7540121767487546e+00,
       -2.6904458654705905e+01, 1.0750863023342168e+02,
       -8.0722793072853136e+01, -2.3385522617437584e+01,
       -1.2747370749518492e+00, -4.7664903679762372e+00,
       1.1241854698594136e+02, -7.6404154573147139e+01,
       3.6522370208891061e+01, -3.3564830499174391e+01,
       1.4309899762385607e+01, 3.4067739521698641e+00,
       8.9308670205450042e+01, 1.1024310420958493e+02,
       1.4620779948078402e+00, -4.2732452491408566e+01,
       -3.7303891560190130e+00, -5.2222534634009703e+00,
       -5.2702713139195836e+01, 9.6773668395791177e+01,
       4.8626785469840506e+01, -6.1611250837111761e+01,
       -1.9699017991604904e+00, 5.0006044652437538e+00,
       -6.6470507905605174e+01, 1.3237429276796121e+02,
       -2.1670086142901499e+00, -5.8353062010129044e+01,
       -1.9198564684426685e+01, -9.6305788472494203e-01,
       1.0577054590790559e+02, 6.4047259982412214e+01,
       -2.8106061066351426e+01, 1.4481327183741271e+01,
       -1.2079850115799983e+01, -7.0725219730660402e+00,
       9.9795438566761703e+01, -4.5882393127786727e+01,
       -2.1758668602475115e+01, 3.6889759093166980e+01,
       -2.7271817008050203e+01, 2.3287238180813194e+01,
       -9.3885908700905247e+00, -9.2014628511635138e+01,
       1.1010825016497416e+01, 2.7170020408132046e+01,
       -8.8784123544534292e+00, -1.8210494558584486e+01,
       6.2889840831297661e+01, -7.1757088334679082e+01,
       -5.2882156161397580e+00, 4.9356227155959367e+01,
       -5.8798116550452839e+00, 2.7925675486822975e+01,
       -9.0857962643167323e+00, 9.3310843301867550e+01,
       -3.3891573247980382e+00, -3.7985061367196927e+01,
       1.5154465315096020e+01, -2.4171817745625215e+00,
       6.7474347597104645e+00, -1.5052372800868011e+02,
       1.6004386916391663e+01, 5.4816033194078351e+01,
       2.2253835326018926e+01, -6.5549437939606117e+00,
       -1.5319226975256118e+01, 4.4748604348026944e+01,
       -2.0890261172325154e+01, 4.6660452285636914e+01,
       2.0454918609635001e+01, 3.4953444077221729e-01,
       -7.6230940285888323e+01, -2.1986873668314248e+00,
       9.1416350374612819e+01, -2.2611599145021231e+01,
       -1.3263784946582899e-01, 2.3794070427936176e+00,
       -1.8592150410098901e+02, -1.1286930361983904e+02,
       5.2155961748173851e+01, 3.5311386438728036e+01,
       -3.1522917958848844e+01, -9.9395314878886101e+00,
       -1.2425976765812874e+02, -4.7314670685615567e+01,
       3.6754970185871670e+01, 2.3617385786921091e+01,
       -5.8106105186640908e+00, 1.7266626495689231e+01,
       3.3841276534984681e+00, -1.0842919822034998e+01,
       1.4213826156231675e+00, -4.1871634257480457e+00,
       3.3240805096757377e+01, -1.1407354797206320e+01,
       -1.6637326312036379e+02, 9.9884251413524780e+01,
       -3.4458969536434530e+01, -3.9459508851065621e+01,
       1.8904155637795203e-01, 4.2361121316436963e+00,
       1.1161668632705967e+02, 6.0639504481137763e+01,
       6.0092061575099379e+01, 3.2646670597480622e+01,
       1.4739798840234126e+01, -1.1167728940781556e+00 ]
covs: !!opencv-matrix
   rows: 132
   cols: 6
   dt: d
   data: [ 6.3120185764678154e+03, 6.2979153292537455e+02,
       2.8114025150499979e+03, -9.0493337822505930e+02,
       4.6973102375900924e+00, -3.9519121551455711e+01,
       6.2979153292537444e+02, 7.4269281147270030e+03,
       4.4003880416570945e+02, 1.8268722377990780e+03,
       2.4011632125184232e+02, -9.7819097267492310e+01,
       2.8114025150499970e+03, 4.4003880416570934e+02,
       2.2652891142460817e+03, -2.2073311952965798e+02,
       -1.3944943328146107e+02, -3.8818779154293401e+00,
       -9.0493337822505930e+02, 1.8268722377990780e+03,
       -2.2073311952965798e+02, 1.6347848820697857e+03,
       2.2046831129747822e+01, -9.6010091808531982e+01,
       4.6973102375900924e+00, 2.4011632125184232e+02,
       -1.3944943328146107e+02, 2.2046831129747822e+01,
       7.3546319374591363e+01, -5.8723041554339822e+01,
       -3.9519121551455697e+01, -9.7819097267492324e+01,
       -3.8818779154293379e+00, -9.6010091808531996e+01,
       -5.8723041554339822e+01, 1.2869422002372704e+02,
       5.8979489219858297e+03, -3.7356160481701789e+02,
       1.8044951477194491e+02, 7.7837521724538320e+01,
       -5.0117135726207772e+02, -3.3738693607441957e+02,
       -3.7356160481701778e+02, 4.1239479239975499e+03,
       -2.0868718162268840e+02, -5.4837775762219144e+02,
       -1.3473487002738963e+02, -1.4351543863896003e+02,
       1.8044951477194482e+02, -2.0868718162268831e+02,
       1.1380480902205099e+03, 2.1069951608071445e+01,
       3.5389037594513084e+01, 6.7867601486807402e+01,
       7.7837521724538348e+01, -5.4837775762219144e+02,
       2.1069951608071460e+01, 1.0211896662337075e+03,
       -6.3989338324699254e+00, 4.9294989808794668e+01,
       -5.0117135726207772e+02, -1.3473487002738958e+02,
       3.5389037594513070e+01, -6.3989338324699254e+00,
       2.1867188721320795e+02, -4.2411816274210175e+00,
       -3.3738693607441951e+02, -1.4351543863896006e+02,
       6.7867601486807402e+01, 4.9294989808794654e+01,
       -4.2411816274210192e+00, 1.4404251974332308e+02,
       5.9545677702419907e+03, 6.7305879509735826e+02,
       1.8244164472201358e+03, -9.4713175972887905e+02,
       2.6986098866285693e+02, 8.4192479491256378e+01,
       6.7305879509735826e+02, 8.2180919170734433e+03,
       7.1945347430139395e+02, 1.8088385534053839e+03,
       1.3956293213327464e+02, 3.2583471914767316e+01,
       1.8244164472201353e+03, 7.1945347430139395e+02,
       1.5815839623877457e+03, 8.9418414513089942e+01,
       -1.0821715030816864e+02, -7.0169250513062195e+01,
       -9.4713175972887905e+02, 1.8088385534053839e+03,
       8.9418414513089999e+01, 1.8675242909325530e+03,
       -5.2587896368677631e+00, 7.4058389693608618e+01,
       2.6986098866285693e+02, 1.3956293213327464e+02,
       -1.0821715030816864e+02, -5.2587896368677658e+00,
       1.1183250426155649e+02, 5.3484484030859633e+01,
       8.4192479491256350e+01, 3.2583471914767323e+01,
       -7.0169250513062195e+01, 7.4058389693608603e+01,
       5.3484484030859647e+01, 2.0025173833529448e+02,
       9.3044113270721573e+03, -1.9241490467621945e+03,
       1.9999921430039883e+03, 7.8354667747955193e+02,
       -9.4341514122851706e+01, -1.0330628341940948e+02,
       -1.9241490467621941e+03, 3.8523274091978119e+03,
       5.4234869665340841e+02, -8.7647132024467896e+02,
       -5.8423660719219495e+00, 2.5036082172821810e+02,
       1.9999921430039883e+03, 5.4234869665340818e+02,
       2.4268648457685335e+03, -7.1359789006052722e+02,
       -8.1829912238247687e+01, -5.0254711702043124e+01,
       7.8354667747955205e+02, -8.7647132024467896e+02,
       -7.1359789006052722e+02, 1.1747465702543507e+03,
       2.2885993306211972e+01, -1.4803665084000170e+02,
       -9.4341514122851706e+01, -5.8423660719219459e+00,
       -8.1829912238247715e+01, 2.2885993306211972e+01,
       4.3458738370866662e+01, 3.3251312545930469e+00,
       -1.0330628341940948e+02, 2.5036082172821810e+02,
       -5.0254711702043124e+01, -1.4803665084000170e+02,
       3.3251312545930474e+00, 7.9029655034822483e+01,
       3.1313874708550775e+03, -1.4378921222890517e+03,
       -4.2235563271745555e+01, 4.8944587749778776e+02,
