%YAML:1.0
means: !!opencv-matrix
   rows: 20
   cols: 6
   dt: d
   data: [ -9.5524201858329178e+01, 5.8210952641977043e+00,
       7.9253351569805375e+01, -2.6213989440940871e+01,
       -2.4609710211225888e+00, -2.6447189539141309e+00,
       1.0168445515032590e+02, -9.2831485116736374e+00,
       6.5727070906079632e+01, -1.5051643853053593e+01,
       2.1362391604957704e+01, 2.6243308994929673e+00,
       -4.2629570214208577e+01, 1.0728251753695164e+02,
       -8.4244462043088106e+01, -3.6748016965703819e+01,
       -3.3551731337714683e+00, -6.1108915686223997e-01,
       -2.9339296414884195e+01, -3.7811501569937057e+01,
       -2.0839540402220513e+00, 1.6163588813927070e+01,
       3.2156272814406357e+01, 6.8497580945036267e+00,
       7.0495018461984287e+01, 3.0539087928505985e+01,
       -1.5531448874097592e+01, 3.6435566936475283e+01,
       1.4875276933932895e+01, -9.0488193390708034e+00,
       1.2728794519066525e+02, -3.0532005461862973e+01,
       -3.3847610381493929e+01, 3.9319986848038305e+01,
       -2.0134002125169076e+01, 5.0079349544486877e+00,
       -1.1771929787420044e+02, -4.5064961568318203e+01,
       3.8393704657938230e+01, 2.1673669113751437e+01,
       -3.6618816851224860e+00, 1.7762414986409723e+01,
       9.9937574637363497e+01, -4.7917552842730828e+01,
       -2.1810736071233272e+01, 3.6349051579630213e+01,
       -2.7206354678232870e+01, 2.3311565516563999e+01,
       -1.2220999725921227e+02, 1.1872813859751038e+02,
       9.7081854935511380e+00, -5.6526179889972319e+01,
       -1.6718352887618703e+01, -1.4304350521108951e+00,
       -1.8536352732813813e+02, -1.1111255689093719e+02,
       5.2457254011082313e+01, 3.4805440986979832e+01,
       -3.1364054423259013e+01, -9.2380432871491376e+00,
       8.6667281895750065e+01, -8.5317357789250565e+01,
       -3.6327751765092565e+01, -3.5484724613633070e+01,
       7.1133518446832813e+00, -1.6401414818136351e+00,
       5.4463169208937991e+01, 1.8728234584469840e+02,
       -5.2129832881047102e+00, 4.1858582686896835e+00,
       -3.5487264823920133e+00, -8.0876424672256189e+00,
       2.2616210867199828e+02, 2.1278850452543818e+01,
       -6.8971548632434398e+00, -1.9263048671728478e+00,
       -1.3805758707655190e+01, -8.8721864342375127e+00,
       4.1004294280044903e+01, -9.4266805900894312e+01,
       5.4814338447293816e+00, 4.9109245737146502e+01,
       1.1327909212549281e+01, 1.6140727878170175e+01,
       8.5393366315871511e+00, 2.3337046714487610e+00,
       -8.1087323358424221e+00, -1.3231886351139128e+01,
       2.9768424374168585e+01, -1.8130086174119437e+01,
       8.3337371850514224e+00, -1.6664333420668234e+02,
       5.4757276105223092e+00, 5.3572465422719993e+01,
       -5.1347730231357280e+00, -2.1769755999035780e+01,
       8.2274729054683206e+01, 3.0083491232221544e+01,
       -4.6510849115940609e+01, 3.0547748727742077e+00,
       -1.1200347904766957e+01, -6.0484770688766583e+00,
       -2.3932800086396529e+01, 9.1132050077016785e+01,
       -4.8882021751531131e+00, -4.1014776086436321e+01,
       1.2167865264238106e+01, -8.7433880453564650e-01,
       6.9227470407137375e+01, 8.7935480141693702e+01,
       -9.8299723107680919e+00, -6.5810918441811054e+01,
       -8.8705529244334311e+00, -1.3375567591283279e+00,
       -2.1981345109915918e+02, 6.2487776698707007e+00,
       1.6354150092914359e+00, -7.4514643618848293e+00,
       -1.9402090926508080e+00, -3.5525273255426528e+00 ]
covs: !!opencv-matrix
   rows: 120
   cols: 6
   dt: d
   data: [ 3.9444550134299980e+03, 1.7889402613462153e+02,
       3.9346234532977473e+02, -1.2475540472485876e+02,
       4.4384548485051454e+02, 2.6187578687985979e+02,
       1.7889402613462153e+02, 8.7532377883213339e+03,
       7.1224203577617175e+02, 1.7090125493598778e+03,
       1.6953069147270142e+02, 2.7340196597058838e+02,
       3.9346234532977468e+02, 7.1224203577617175e+02,
       8.3233199643257421e+02, 3.6388570365874773e+02,
       -7.9648511195444172e+01, 1.4839867160416869e+01,
       -1.2475540472485879e+02, 1.7090125493598778e+03,
       3.6388570365874762e+02, 1.7833128433661393e+03,
       -1.3632860743940585e+00, -3.3574369753191434e+01,
       4.4384548485051459e+02, 1.6953069147270139e+02,
       -7.9648511195444158e+01, -1.3632860743940602e+00,
       1.4356102296315811e+02, 8.6761368526279625e+01,
       2.6187578687985979e+02, 2.7340196597058838e+02,
       1.4839867160416864e+01, -3.3574369753191434e+01,
       8.6761368526279639e+01, 2.3679306392648769e+02,
       1.5364441826254449e+03, -9.6175776143936105e+01,
       -1.6245783489557152e+02, -1.3736911441082805e+02,
       -1.2260992822066505e+02, -8.4334649769126500e+01,
       -9.6175776143936204e+01, 8.7312330287913774e+03,
       2.5349657127613187e+02, 1.0982841285905704e+03,
       -4.7555142115527127e+02, -2.6470363892884694e+02,
       -1.6245783489557152e+02, 2.5349657127613187e+02,
       5.7970330937253902e+02, 6.9749448763753139e+02,
       2.2264544563966771e+02, 7.3092285705815613e+01,
       -1.3736911441082805e+02, 1.0982841285905704e+03,
       6.9749448763753128e+02, 2.0733524175170742e+03,
       2.2804977991213110e+02, 7.1249413764860464e+01,
       -1.2260992822066507e+02, -4.7555142115527127e+02,
       2.2264544563966771e+02, 2.2804977991213102e+02,
       3.1639589825413918e+02, 1.0925245158506367e+01,
       -8.4334649769126500e+01, -2.6470363892884694e+02,
       7.3092285705815613e+01, 7.1249413764860464e+01,
       1.0925245158506367e+01, 1.4299961894160535e+02,
       3.4232156919223398e+03, -1.6303541266743218e+03,
       -2.4696762598832453e+02, 2.8071634172277942e+02,
       2.2081570511764090e+02, -1.8034910962908225e+02,
       -1.6303541266743218e+03, 6.3859085571259875e+03,
       6.8726954650408402e+02, 1.9403821246776208e+03,
       -1.4866121328346495e+02, 1.4326120355251527e+02,
       -2.4696762598832453e+02, 6.8726954650408425e+02,
       6.7249066726509648e+02, 3.3256006575921322e+02,
       -5.3462057761101327e+01, -6.2594730179898605e+01,
       2.8071634172277936e+02, 1.9403821246776213e+03,
       3.3256006575921327e+02, 1.5046630548400831e+03,
       7.4708412770123630e+01, -1.7174236144921832e+02,
       2.2081570511764090e+02, -1.4866121328346497e+02,
       -5.3462057761101327e+01, 7.4708412770123630e+01,
       7.6753732969941709e+01, -3.1985000744441763e+01,
       -1.8034910962908222e+02, 1.4326120355251527e+02,
       -6.2594730179898619e+01, -1.7174236144921829e+02,
       -3.1985000744441756e+01, 6.5260764592464184e+01,
       4.3087220809425862e+03, -1.0937153042872421e+03,
       2.2372539189698341e+03, -4.2247138349794773e+02,
       2.7382095186189442e+01, -3.9336601220723523e+01,
       -1.0937153042872421e+03, 7.8513311077502449e+03,
       3.6361712056763020e+02, 1.8184276067078551e+03,
       -2.7357881791766255e+02, -1.1400727312221454e+02,
       2.2372539189698341e+03, 3.6361712056763014e+02,
       1.8496052080251457e+03, 1.1219838344426284e+02,
       1.4047101649615781e+01, -6.4737731387981325e+00,
       -4.2247138349794761e+02, 1.8184276067078551e+03,
       1.1219838344426284e+02, 1.8898542639439499e+03,
       1.1638061610370848e+02, 3.6849680580889626e+01,
       2.7382095186189435e+01, -2.7357881791766255e+02,
       1.4047101649615781e+01, 1.1638061610370848e+02,
       1.8745785055058826e+02, -9.9530002633606198e+00,
       -3.9336601220723537e+01, -1.1400727312221454e+02,
       -6.4737731387981361e+00, 3.6849680580889633e+01,
       -9.9530002633606198e+00, 1.1605178712135998e+02,
       6.8859370328208061e+03, -4.6023166567450841e+02,
       1.8195532294257478e+03, -4.1427190379587813e+02,
       -8.0949126341458020e+02, -1.0626873458617722e+02,
       -4.6023166567450818e+02, 4.3179949777119937e+03,
       7.0928121079099952e+01, 3.8472442679437955e+02,
       7.4101071154308983e+01, -4.0775161041271325e+01,
       1.8195532294257478e+03, 7.0928121079100038e+01,
       2.3984941897948452e+03, -1.4154136994482445e+02,
