%YAML:1.0
means: !!opencv-matrix
   rows: 33
   cols: 8
   dt: d
   data: [ -1.3526244216095427e+02, -5.7592100830169656e+01,
       4.0193519971242914e+01, 3.0009024149592854e+01,
       -1.7387669945309920e+01, 1.7589008096863971e+01,
       5.4519383194178395e-01, 1.2433884506198203e+00,
       9.9418512161054650e+01, -4.4974683403747164e+01,
       -2.1552551870400645e+01, 3.6834897717479997e+01,
       -2.7616576481288632e+01, 2.3616696339573657e+01,
       1.1089110511135540e+00, 1.3304511524464568e+00,
       1.5928463043357418e+01, -8.5555289737081594e+01,
       8.4429936334614020e+00, -2.5352409912840876e+01,
       3.3205087379095147e+01, 2.0622373335627686e+00,
       1.4542115284909445e+00, -1.0673103475791978e+00,
       -9.9792132518212924e+01, -1.5027723645919478e+01,
       -4.5094903174251698e+01, 9.5071331346452297e+00,
       3.3868014095736925e+01, 3.5585038828348239e+00,
       1.9393780171599839e+00, -9.2182768061615916e-01,
       5.2079581815911780e+01, 3.9900424668375969e+01,
       -1.8226401384711757e+01, -3.0344700845222842e+01,
       -1.0151606342701731e+00, -2.0682780890095021e+01,
       -6.7028919905511586e+00, 3.9474557370506282e+00,
       1.3038948205480949e+01, 1.3086312425236770e+02,
       -2.4450423436149773e+01, -5.8208447700678391e+01,
       -7.8022391959284985e+00, 2.4393725989782644e+00,
       2.5425185390694800e+00, -5.0815194159432719e-01,
       -5.5835122154139061e+00, 3.2072029721862208e+01,
       -5.3842800607060724e+01, -1.6217120907465539e+00,
       2.0607862516081896e+00, -2.2812181082351546e-01,
       3.9182383856657588e-01, -8.9873021607269621e-03,
       1.3307822805175920e+02, -4.3659598975233010e+01,
       -3.4176019155920514e+01, 3.2027954185190325e+01,
       -2.0686727963138665e+01, 3.7876163739388060e+00,
       8.1196476219863234e-01, -4.4091744183268461e-01,
       -1.7547489607540425e+02, 7.5018104748083687e+01,
       4.3218077075834060e+01, -6.9589902073075924e+00,
       -2.8145886624474019e+00, -2.6514008884666409e+00,
       4.9969769223359584e-01, 1.0603541734918367e+00,
       -1.3903837325514661e+02, -1.0636705464893922e+02,
       3.9577232729169125e+01, 2.4266786275246783e+01,
       -1.8665801959591658e+01, -2.7646761026215185e+00,
       -6.8591732597700439e+00, -1.0124124193674962e+00,
       1.2194913507249109e+02, -6.6312312938770255e+00,
       -3.2232075725573893e+01, 1.6407612463283556e+01,
       6.7633479955558453e+00, -9.6872173974059113e+00,
       -1.3574842168971785e-01, -8.7029775914864682e-01,
       1.2708441719994789e+02, 2.5923502256456537e+01,
       3.5983991053801439e+01, -2.3764605816701771e+01,
       -1.7919325691557231e-01, 5.6356520913953378e-01,
       -9.8758818722200936e-02, -4.6705142336623529e-01,
       1.3995182487878066e+02, 3.0850441450503578e+01,
       -3.9669114384035574e+01, -1.3447531352247544e+00,
       -1.8848679796790943e+01, -9.9271133446275162e+00,
       -5.1113367752012584e+00, 2.0190238189172209e+00,
       5.7718612424151971e+01, 3.9956368741061119e+01,
       -1.9847609848910391e+01, -1.5880673964840934e+01,
       1.8505048972364261e+01, -1.6346277952179836e+01,
       -1.8734268209064227e+00, -1.5442111019920579e+00,
       9.6885043340459696e+00, -8.9755594334903975e+01,
       4.1204664116970555e+00, 2.3685676804392529e+01,
       -1.0093076491090278e+01, -1.4974686459708636e+01,
       -1.3240511012206033e+00, -2.9501909058612047e-01,
       -1.7805497232802793e+02, -1.3998568131860731e+02,
       5.3275152414325710e+01, 4.7338265359072352e+01,
       -3.6680923384965567e+01, -1.6152106140372577e+01,
       -4.7511188069818306e+00, -1.6979170078711405e+00,
       5.2213429452165030e+01, -9.4203821038392462e+01,
       7.3908086475246471e+00, 4.3746849626047670e+01,
       2.9852357625909569e+01, 1.7223427697303929e+01,
       2.2516956988454742e+00, -4.4846789065277598e-01,
       -1.5057884182201795e+02, 2.5751433830352970e+00,
       2.9004607761242141e+01, -2.3239889445003225e+01,
       -3.9693558580559940e+00, -2.5763366672480199e+01,
       -6.9801426275731060e-01, 2.0009199446083220e-01,
       1.8131939768417176e+00, 9.7313689513868667e+01,
       -6.4387326407318684e+00, -3.9115237745032552e+01,
       1.3941225841412789e+01, -3.4403409630746782e+00,
       -1.0168824896283342e+00, 6.7922187792288347e-01,
       1.3289399528366434e+02, 6.7506971041812989e+01,
       -4.1996867662560390e+01, -1.0674163692992888e+01,
       -9.0311312586598884e+00, -8.7925112234746905e-01,
       1.7790613365466073e+00, 3.4998298762158214e-01,
       1.0115872072572529e+01, 4.1992911085693883e+01,
       2.9466654261561004e+01, 4.2665335512029039e+01,
       3.6271250704725468e+01, -1.6935072895533749e+00,
       1.1015358124328694e+00, -7.7928225840048837e-01,
       -1.6898168455088285e+02, -5.0282380124987114e+01,
       2.3375934416874969e+01, -6.9080543666136634e+01,
       -2.3702507780393396e+00, -5.4183475617782328e-01,
       -3.4497096003698574e-01, 7.0457450396872179e-01,
       -1.7475208778368955e+02, -4.1602212465176891e+01,
       4.3337792014847501e+01, 6.9936431393693086e+00,
       -6.3593482821720526e+00, 3.0961575337308851e+00,
       -9.4429772826201283e-02, 8.0982043221526168e-01,
       4.4871482317108118e+00, -2.0330975289468643e+02,
       1.4041543111677377e+01, 7.1271639811709676e+01,
       1.2664893581320785e+01, -2.8541740281542928e+01,
       -1.5755393848574586e+00, -3.1632708139435226e+00,
       1.7630418016018132e+02, -1.6209002736411371e+01,
       -4.6301000874797538e+01, 1.9768910392534437e+01,
       -9.5760916885015437e+00, -8.8929332935693886e+00,
       -7.8320909400263372e-01, -1.5385711717341528e+00,
       -1.4398141341362660e+02, 9.4842002778781577e+01,
       2.1812613433847218e+01, -5.3919384180885530e+01,
       -1.4365832644949714e+01, -1.9818762317368792e+00,
       4.9463524173214223e-02, 2.6602817069749292e+00,
       4.2869406419527913e+01, 1.1783535322398861e+02,
       -2.7408858218152695e+01, -4.5761000503581108e+01,
       -8.9720515163317742e+00, -1.1193798521684593e+00,
       1.4250131892699363e+00, -3.4996957229510273e-01,
       -8.0750115797313114e+01, 9.9015001630463530e+01,
       5.6295553991831619e+00, -5.0807054416628510e+01,
       4.4092932248082759e+00, 5.2713635262577085e+00,
       2.0201601730913099e+00, -5.2636138542008215e-01,
       1.9542295764200933e+01, -6.3686196395307242e+01,
       5.0951541920632000e+00, 4.4074139235301423e+01,
       -3.3294023554471529e+01, 2.9775272937237951e+01,
       2.8001315002885350e+00, 1.9092806975092449e+00,
       -4.7027878955344534e+01, -2.8274096986684980e+00,
       3.6087446144812468e+01, 1.0840784064602918e-02,
       2.3948994633407604e+01, 1.1915024146556631e+01,
       2.6412128120301270e-01, 6.5859349398064793e-01,
       3.9690953994434636e+01, -8.7012473502112783e+01,
       7.3532545852744713e+00, 4.5594564785730512e+01,
       9.3884051357278615e+00, 1.9598718319954145e+01,
       1.9093067218438453e+00, 3.1581333381791749e-01,
       5.2901364768287067e+01, -5.8514752170497609e+01,
       1.3566330911907895e-01, 3.0854739181526593e+01,
       2.4498938331160254e+01, -2.1949558980381316e+00,
       -6.8009701743013429e-01, -3.1105125037535580e-01,
       -1.3467140805490573e+02, 1.3008507207322245e+02,
       1.1705387991820285e+01, -5.4091199690066070e+01,
       -2.5235192145100665e+01, -4.4586345011734503e+00,
       -3.6082888596488805e-01, -1.2216180758595643e+00 ]
