%YAML:1.0
means: !!opencv-matrix
   rows: 11
   cols: 12
   dt: d
   data: [ 1.4004370207267931e+02, -2.6534896491832203e+01,
       -3.2855225160712159e+01, 2.9205578016730694e+01,
       -1.8640080570368546e+01, 8.0308884011148525e+00,
       2.2559628472465340e-01, 3.2429576795056542e-01,
       -2.0014682471257947e-01, 1.2151067377169358e-02,
       1.4078738495244969e-01, -1.0487914601248012e-02,
       -1.5195490177067308e+02, -1.0560934290829140e+01,
       4.0357766972959936e+01, -5.5441669303301788e+00,
       -3.1002845362620479e+00, 1.9202766080647862e+00,
       5.7312930352130353e-01, 1.1450448784971650e+00,
       -9.8998557682642152e-01, -2.8493844059576150e-02,
       -4.8585791201113573e-02, 7.7589335098707428e-03,
       4.7277548459451275e+01, -2.0978880805945192e+01,
       -2.0782326521429120e+00, 9.6847829533619212e+00,
       1.8387904605297940e+01, 2.5818798346933849e+00,
       1.3552742100773618e+00, -5.5517916178032278e-01,
       -2.3964231467426611e-01, 3.6800696755189918e-02,
       -2.2141753917971740e-02, 2.5566124047312982e-02,
       2.9113423789665291e+00, -9.2421577088683776e+01,
       2.6465162756792009e+00, 2.0716143645792695e+01,
       3.0890095918755085e+00, -1.7578914304929231e+01,
       -3.4310983441908114e+00, 1.2603160777938613e+00,
       3.4864941453279679e+00, -1.5204890749613689e+00,
       -7.3103059105076959e-02, -6.6926580254148577e-02,
       3.5917502563995207e+01, 1.1264627827939792e+02,
       -2.3630627078041151e+01, -4.6445515287873846e+01,
       -3.6895462903370859e+00, 6.4592639391472506e-01,
       1.7201646516603708e+00, -3.4565927120431117e-01,
       -2.2086425126392797e-01, -6.8053141279043439e-02,
       4.3797834277040468e-02, -1.5925901079403587e-02,
       -1.8967142819722656e+02, -2.3932106592932012e+01,
       3.4107138449838395e+01, -1.0722613083554611e+01,
       -4.5109463569941086e+00, -4.8290155591864465e+00,
       -2.7388892543223702e+00, -2.0873055715167049e-01,
       4.3447619955586987e+00, 7.4604329545615367e-01,
       -1.4924115790528864e-01, -9.2984529922563106e-02,
       5.9946639934165802e+01, 4.9483801419909646e+01,
       -3.7693223985015525e+00, -1.7860519074245310e+01,
       7.9912255637179435e+00, -6.6994193071926613e+00,
       -1.2410183720416821e+01, 1.4389907630345800e+00,
       7.6609578383357606e+00, 1.1958932502041324e+00,
       -3.7958691518744946e-02, 1.5115716015190953e-01,
       -1.2675578963531049e+02, 1.1533349928599662e+02,
       1.1278132228730888e+01, -5.2125723906145012e+01,
       -1.2162369590374489e+01, 8.3873246183162586e-01,
       6.2105593338644183e-01, -1.7584283721060914e-01,
       -4.8986101301486185e-01, -2.7481451832639064e-01,
       1.1703691365443668e-01, -3.7642908813965079e-03,
       -1.7418908642551131e+02, -1.1568036704078791e+02,
       4.8506900923850857e+01, 4.0766351376099308e+01,
       -3.4982354258965614e+01, -4.8337499206215186e+00,
       -3.7173709175158463e+00, -8.5351048001510532e-01,
       -8.8856640721567925e-01, -2.4732120642735573e-02,
       1.3261264092296579e-01, 3.6257316319895233e-02,
       -1.3236266658046347e+01, -2.9129574201561645e+01,
       2.4418577383441549e+00, 2.2051719009964302e+01,
       -3.4351247580869115e+00, 1.3277907503257596e+01,
       1.7183553303742365e+00, -2.2303745603685227e-01,
       1.0165147500177669e+00, 8.9338103461121243e-01,
       6.3471803263760590e-02, -1.1622020700527223e-01,
       5.3560717763811198e+01, 3.7851640394312422e+00,
       -1.8444449590853694e+01, 3.4159979944893486e+00,
       -4.3123975177780893e-01, -8.8721281651036676e+00,
       -1.0282789297703903e+00, -4.3312050686909920e-01,
       -1.2365603683527560e+00, 1.7786397186481848e-01,
       -1.0556186304990003e-01, 2.4736138460384068e-03 ]
covs: !!opencv-matrix
   rows: 132
   cols: 12
   dt: d
   data: [ 6.6127191505919836e+03, 7.4786304831661198e+02,
       2.3594381884868781e+03, -1.1626331340347147e+03,
       2.7376099943901175e+02, -6.1435597536302828e+02,
       -9.2534001420536214e+01, -2.5615064619993277e+01,
       -5.2921544559514878e+01, -2.7237184670488923e+00,
       -3.8133782350865850e+00, -7.0687450269101160e-01,
       7.4786304831661221e+02, 5.8682709346696392e+03,
       6.4902290334546296e+02, 2.4363239404455635e+03,
       1.5209891702788892e+02, -3.1497633394901857e+02,
       -3.1273125023029781e+01, -4.7869473991393434e+01,
       -1.1029920748390140e+01, -1.0776847501111126e+01,
       -1.2546980759128603e+00, -1.2651265912045725e-01,
       2.3594381884868776e+03, 6.4902290334546296e+02,
       2.6518628777001099e+03, -4.4092705483010064e+01,
       -1.8744918377898557e+02, 9.1407092530875701e+01,
       1.6452808348927679e+01, 1.0684367108877375e+01,
       7.1569440748211886e+00, 3.5665122967777956e+00,
       7.7046089973532883e-01, 9.3587637400922088e-03,
       -1.1626331340347147e+03, 2.4363239404455635e+03,
       -4.4092705483010050e+01, 1.8719843439772096e+03,
       -1.0978518411458584e+01, 1.2236950162053676e+01,
       -8.2957540202083315e+00, 1.5723762651398200e+01,
       3.6318839626404484e+00, -1.2840427609458545e+00,
       5.2252991546679095e-01, 1.8413779127291091e-01,
       2.7376099943901175e+02, 1.5209891702788892e+02,
       -1.8744918377898557e+02, -1.0978518411458584e+01,
       1.1321791419503931e+02, -1.6433346247581852e+02,
       -1.2616731441788179e+01, 4.9008088076808964e-01,
       -8.0365444146540330e+00, 1.1503438420757826e+00,
       4.3270893279986261e-01, -1.1844643216816272e-01,
       -6.1435597536302828e+02, -3.1497633394901851e+02,
       9.1407092530875730e+01, 1.2236950162053670e+01,
       -1.6433346247581852e+02, 3.4216135295950789e+02,
       -3.9100362276890230e+00, 9.3893644869940918e+00,
       9.9384313372181019e+00, -2.2466755965775707e+00,
       -6.9243936953808083e-01, 7.0866802941127002e-02,
       -9.2534001420536242e+01, -3.1273125023029785e+01,
       1.6452808348927682e+01, -8.2957540202083404e+00,
       -1.2616731441788179e+01, -3.9100362276890230e+00,
       2.3798036297340140e+01, 9.7539889883728570e-01,
       3.6211452335539507e+00, -9.0130926349001911e-02,
       -1.2738515557549623e-01, 6.0105334077933094e-02,
       -2.5615064619993269e+01, -4.7869473991393434e+01,
       1.0684367108877376e+01, 1.5723762651398202e+01,
       4.9008088076809025e-01, 9.3893644869940882e+00,
       9.7539889883728603e-01, 1.5390009555003603e+01,
       -5.6528493919806111e-01, 6.5488762987826177e-01,
       -2.5000594483722310e-02, 1.5052444581102127e-03,
       -5.2921544559514878e+01, -1.1029920748390138e+01,
       7.1569440748211886e+00, 3.6318839626404484e+00,
       -8.0365444146540330e+00, 9.9384313372181019e+00,
       3.6211452335539507e+00, -5.6528493919806111e-01,
       1.4888041229098572e+00, 3.1946492277988743e-02,
       3.4307158882159829e-02, 1.9584557461866849e-02,
       -2.7237184670488919e+00, -1.0776847501111128e+01,
       3.5665122967777969e+00, -1.2840427609458545e+00,
       1.1503438420757826e+00, -2.2466755965775702e+00,
       -9.0130926349001925e-02, 6.5488762987826177e-01,
       3.1946492277988729e-02, 3.6839578828132552e-01,
       5.3619036307812055e-02, -2.5798305915179483e-03,
       -3.8133782350865850e+00, -1.2546980759128601e+00,
       7.7046089973532872e-01, 5.2252991546679095e-01,
       4.3270893279986261e-01, -6.9243936953808083e-01,
       -1.2738515557549626e-01, -2.5000594483722310e-02,
       3.4307158882159822e-02, 5.3619036307812055e-02,
       3.6026872351847983e-02, -4.9570742621276166e-04,
       -7.0687450269101160e-01, -1.2651265912045725e-01,
       9.3587637400922088e-03, 1.8413779127291091e-01,
       -1.1844643216816272e-01, 7.0866802941127016e-02,
       6.0105334077933094e-02, 1.5052444581102110e-03,
       1.9584557461866846e-02, -2.5798305915179474e-03,
       -4.9570742621276166e-04, 1.3526910765160377e-03,
       7.7919805463028160e+03, -1.7860130608724373e+02,
       2.7350395634059337e+03, -6.7902390754081910e+02,
