%YAML:1.0
means: !!opencv-matrix
   rows: 14
   cols: 12
   dt: d
   data: [ 9.3777077598173435e+01, -4.5965165323512416e+01,
       -2.0677565633057640e+01, 3.7526468030667473e+01,
       -2.8683670840164719e+01, 2.3774066524043242e+01,
       1.1944487124319061e+00, 1.2883954941618752e+00,
       4.8746260643617134e-01, 2.2618557080692568e-02,
       1.3136640351174508e-01, -4.5723721662410113e-03,
       4.6431173819571896e+01, -2.4519493987877627e+01,
       -9.3038952130339636e-02, 5.1644150308413685e+00,
       1.3704503435332253e+01, -2.9575039592041805e+00,
       4.6045721293185462e+00, -1.7549604913790465e-01,
       2.3450968639649067e-01, 1.6729681291856793e-01,
       1.2148065076038590e-02, 4.2471276928243491e-02,
       1.9521859638160858e+01, 9.8991501292692462e+01,
       -2.0867147290746669e+01, -4.0688955289289069e+01,
       5.1441365830509875e+00, -8.4491893683274422e-01,
       7.6256968740719500e-01, -4.6186312642979133e-01,
       -4.0329706652471375e-01, 1.5197273597282285e-01,
       1.0368794827256524e-01, -1.6749013829897907e-02,
       3.3974610405656144e+01, 1.3403823789753721e+02,
       -2.6956391400545801e+01, -5.3813212538683885e+01,
       -1.0299752328741327e+01, 2.8845363978905394e+00,
       2.0858538568455844e+00, 6.6625336540150126e-02,
       -1.7099818916360565e-01, -2.5463520134971285e-01,
       -1.4728255170397376e-02, -2.0789114891912652e-02,
       1.7508505717464746e+02, 1.1468147897498445e+01,
       -4.5254716732988747e+01, 1.2400359117670941e+01,
       -1.0172447207503900e+01, -7.9727406658724478e+00,
       -6.2495597439809181e-01, -1.5734437699606743e-01,
       -8.8947997709311843e-01, -1.6336756660079464e-02,
       8.5150154033564920e-02, -1.8691946450853966e-02,
       -7.3369501526045813e+00, -1.2646443744518278e+02,
       1.0929942368295462e+01, 4.1506869985361817e+01,
       1.0231364242176486e+01, -1.4243482110048278e+01,
       -1.4036928266940780e+00, -1.8388337057707743e-01,
       1.4980485889577053e+00, -1.0493327956708813e+00,
       -1.0519568549087253e-01, -7.4017516715169360e-02,
       -1.7153606772369841e+02, -1.0432666181236965e+02,
       4.8365693873548864e+01, 3.6364042846654236e+01,
       -3.0752652741297148e+01, -1.1964806572628297e+00,
       -2.5661235896748993e+00, -1.0220125993263032e-01,
       -1.0938779628156194e+00, -1.0160379296613365e-02,
       7.5618032113875758e-02, 2.5152297457701197e-02,
       1.6512234290395199e+01, 1.3452575363595567e+01,
       -1.3004110993577152e+01, -2.8801202428469544e+01,
       -6.5415048040409625e+00, -2.0332752098651884e+01,
       -3.2189416051553872e+00, 1.8434005874221839e+00,
       5.2977696134253236e+00, 3.0401500686333605e-01,
       2.8411000498627159e-01, -2.0543461924745676e-01,
       1.4945175780836819e+00, -1.2697718775953856e+01,
       -1.8619860089953377e+00, -4.3633723008252806e-01,
       -1.0199822122260256e+01, -1.1488890725736725e+01,
       2.9846639364966288e-01, -5.9798953171463065e-01,
       -1.3574956015983344e+00, 1.6925497398994790e-01,
       -3.1553051725575526e-01, 1.6465460842434023e-02,
       -1.5209446398376892e+02, -7.4599500932752458e-02,
       3.9677118622416906e+01, -7.5097361413324446e+00,
       -1.3083800625812263e+00, 5.4687992314701273e+00,
       9.3731349131304609e-01, 1.1883878731280910e+00,
       -7.0822816764611118e-01, -4.9482891205071905e-02,
       2.5235602461824423e-03, 1.7797439183753138e-03,
       4.8022781804996491e+01, -6.7286169674514928e+00,
       -9.1782457973621518e+00, 1.2596702036605885e+01,
       1.9062612365386048e+01, 6.7607925340453914e+00,
       -2.7049112865115505e+00, -8.6183402115944874e-01,
       -9.2908843537713781e-01, -7.4553323603900407e-02,
       -9.6319667950901834e-03, 3.1461338753447166e-03,
       -1.2338815013208159e+02, 1.1865827228136622e+02,
       1.0241194763702330e+01, -5.3240674233571788e+01,
       -1.2671348776946855e+01, 5.2631171204094884e-01,
       6.5227483202130820e-01, -1.9621567637571705e-01,
       -5.0078952483913797e-01, -2.8748572582636955e-01,
       1.1314366886311671e-01, -4.0647093011524672e-03,
       5.0532065386170288e+01, 4.8352945791006832e+01,
       -2.7763758865704578e+00, -1.8504881491363570e+01,
       6.9859369294852653e+00, -4.5367250578709202e+00,
       -1.1421448904650973e+01, 1.4390196377629492e+00,
       7.5238860757621104e+00, 1.1607579051917907e+00,
       -6.6245484695010196e-02, 1.3374680198424349e-01,
       -1.8819757470558375e+02, -2.4055623875810685e+01,
       3.4218167057850962e+01, -9.8750013106194441e+00,
       -4.4120140574888032e+00, -4.0887393182981295e+00,
       -2.7756134302608682e+00, -1.6220396961624625e-01,
       4.3546612635185706e+00, 7.7203352906600509e-01,
       -1.4682280514039595e-01, -8.8023998496460573e-02 ]
