%YAML:1.0
means: !!opencv-matrix
   rows: 8
   cols: 17
   dt: d
   data: [ -1.5861685116845683e+02, 2.7905188238712384e+01,
       3.3522298648046835e+01, -1.9254618252336311e+01,
       -1.2086080610807901e+01, 1.4624117870504736e+00,
       3.5191567304651061e-01, 8.4103720029404339e-01,
       -9.2548507695040128e-01, -1.0097568272908171e-01,
       2.7644594853283327e-02, 5.0966093728602811e-03,
       4.3440052872512408e-03, -3.0092918442547016e-03,
       1.9319783055786929e-04, -5.1524760375273454e-03,
       -2.5755541913196099e-04, 6.5935219816910742e+00,
       -1.8150628937941622e+02, 1.3679538629112786e+01,
       6.2706780321368498e+01, 5.9411293076578291e+00,
       -2.0467534471542312e+01, -1.8484336575515683e+00,
       -9.7267323450347043e-01, 1.1085233397879447e-01,
       -1.1092796585280027e+00, -4.9687754642134423e-02,
       -6.3002450375000157e-02, 2.5326129446459171e-03,
       5.9400911269131048e-03, -5.1434281501332391e-02,
       5.0476348073850074e-03, 2.4124183512528436e-03,
       2.3583829985855786e+01, 2.5086722379292034e+01,
       -8.0761069325176340e+00, -1.8119928330946664e+01,
       2.9470751356862981e+00, -9.7763526186691809e+00,
       -5.6321823848196564e+00, 1.3715057684696128e+00,
       5.2876002797817359e+00, 3.6684543503706413e-01,
       -2.4467581680922536e-02, -2.7996906612060540e-02,
       -2.7177556638344817e-02, 4.8283335182339052e-03,
       1.0515702933506751e-02, -6.8850092031804153e-03,
       4.2829088290501369e-03, 6.4804430118968540e+01,
       9.1644485798489939e+00, -1.7253246359824171e+01,
       4.7022450150517132e+00, 9.1209378458693475e+00,
       7.3595056754727830e+00, -3.2737907783469247e+00,
       -6.0233254372628886e-01, -8.8638538690825497e-01,
       -6.0690742309086290e-02, 2.1030126063542057e-02,
       2.8386941228280703e-03, 2.0233516745913798e-03,
       -9.2131164875279333e-03, 2.5500412675981105e-02,
       2.8355389088986966e-03, 1.7569447758533560e-03,
       -1.1754676876248860e+01, -3.6040720870719788e+01,
       1.0250817053807561e+01, 1.7172572174710421e+01,
       1.0237058487628625e+01, 8.9142692506119268e+00,
       1.8734137802567195e+00, 8.2633668833214033e-02,
       -3.9352576406134454e-01, 2.8696842763575571e-02,
       -9.9189681105656166e-02, -5.4996488158328910e-03,
       4.2988675538286497e-04, 8.4687469750625698e-03,
       -2.3658275840483450e-02, -4.0209315783897035e-03,
       -1.3261614094267564e-03, -1.6859343122807641e+02,
       -7.4035863616080135e+01, 4.1150715194512252e+01,
       1.4048551548412252e+01, -1.5415346345515994e+01,
       -1.1370309335167214e+01, -3.7884843641496198e+00,
       -8.5665466778927968e-01, 1.1126780504638429e+00,
       3.9431626880822290e-01, -8.4270736994120229e-02,
       -9.4948876909752636e-03, -5.7610922699909721e-03,
       6.0852633059612698e-03, 9.8562418053394305e-03,
       1.0171382717359899e-02, -3.6844550204162265e-03,
       5.6394651029448596e+01, -1.1795931580156390e+01,
       -5.1308089800042103e+00, 5.3736617668246618e+00,
       5.7013740072590684e+00, -1.5308555585652677e+00,
       4.4953624394157297e+00, -2.6136698395451262e-02,
       3.3524663683638722e-01, 1.6432810280727511e-01,
       4.2910433246258789e-02, 3.7346509148515547e-02,
       3.1829402429942545e-03, -9.7111563791183152e-03,
       2.0735479235619525e-02, 3.5761819295932135e-03,
       9.3190913041174734e-04, 9.9156362585568303e+01,
       7.1377149988645812e+01, -3.6966835010067548e+01,
       -2.0733804969174578e+01, -9.9084979630290739e+00,
       -2.9812076452647434e+00, 4.7858627313123070e-01,
       -1.9041157110221713e-01, -5.8018236807711887e-01,
       -8.6526535518035935e-02, 4.0629960683380532e-02,
       -2.0249017716650216e-02, 1.1759741956311753e-03,
       1.2439420319494540e-02, -2.9708270792133305e-02,
       -1.3718921132735297e-03, -2.4444449491755585e-03 ]
covs: !!opencv-matrix
   rows: 136
   cols: 17
   dt: d
   data: [ 6.9898578069810073e+03, 1.5188890254988958e+03,
       2.5134464478900691e+03, -1.4388653255134263e+03,
       1.8684294938560197e+02, 1.8154726231459341e+02,
       9.2598202095739495e+01, 2.5740149955886050e+01,
       2.3814157810299825e+01, 1.2352899961767236e+00,
       -4.1107936783811871e-01, -3.1857313547400717e-01,
       -1.3756852386526146e-03, 1.7541202946619180e-01,
       -5.2650203810484275e-01, 1.2836191072069503e-01,
       -5.1725297395759616e-02, 1.5188890254988958e+03,
       1.1463500069322088e+04, -2.8010826353199349e+02,
       3.8408140528770895e+02, 2.9465467882989020e+02,
       -1.1838329615405503e+02, -1.7547048338999957e+01,
       -5.3830174562977852e+01, 1.0749078171169904e+01,
       -4.0130509098549023e+00, 7.4398624428260551e-01,
       -8.9708269356872605e-01, 4.1571983324497283e-02,
       3.5123523275467411e-01, -4.7863267705391493e-01,
       6.6438992262738117e-01, -3.3030650099465075e-01,
       2.5134464478900691e+03, -2.8010826353199337e+02,
       2.7000367494483012e+03, 3.3611940168731661e+02,
       -8.8361381151958000e+01, -1.6064349753211850e+01,
       -3.1310955298617262e+01, 3.3526805703464415e+00,
       -1.9557700014368633e+00, 4.8946510581679403e+00,
       -3.2808252319860026e-01, 1.7425716822279075e-01,
       -9.4219448514174339e-02, 5.5129689923696781e-02,
       1.4763411248499944e-01, -1.2447183695624119e-01,
       1.1472931532007008e-01, -1.4388653255134257e+03,
       3.8408140528770889e+02, 3.3611940168731650e+02,
       2.5271837241325711e+03, -1.0390961895928909e+02,
       4.1019754595536817e+01, 1.7796403114662954e+01,
       5.3222557658598815e+00, 3.1621535754592589e+00,
       7.5803256155713035e+00, -8.0907141208583400e-01,
       1.2052559332421661e-01, 3.3398195171275652e-02,
       3.1863540974553607e-02, 2.3855249889755817e-01,
       -2.7682642277126881e-02, 1.3068889396282896e-01,
       1.8684294938560197e+02, 2.9465467882989020e+02,
       -8.8361381151958014e+01, -1.0390961895928905e+02,
       1.6188341581984326e+02, 3.2872551867995277e+01,
       8.3995353846189680e+00, 1.1236301559229110e+01,
       -1.2351939227632724e+00, 4.6668830819168788e-01,
       -8.8999710544082877e-01, -1.3288244520629447e-01,
       5.6206483425950471e-02, 5.2835198653051529e-02,
       -8.0040142312412257e-02, -3.8704140327353059e-02,
       4.3512734149841040e-02, 1.8154726231459344e+02,
       -1.1838329615405496e+02, -1.6064349753211861e+01,
       4.1019754595536817e+01, 3.2872551867995277e+01,
       1.4713687214536355e+02, -9.3332391309837650e+00,
       4.1957004373979983e+00, 7.5080887827100193e-02,
       -3.2658172281935849e-01, -2.9536819346621536e-02,
       -2.0537716681115087e-01, 3.0739892713512320e-02,
       -3.8624768808039098e-02, 9.3900129568361107e-02,
       -1.5324608501855134e-02, 2.3289897186205620e-03,
       9.2598202095739495e+01, -1.7547048338999961e+01,
       -3.1310955298617269e+01, 1.7796403114662951e+01,
       8.3995353846189680e+00, -9.3332391309837668e+00,
       2.4577753052763782e+01, 1.8282384045123348e+00,
       3.0545757244170044e+00, 4.1332406100366786e-01,
       -1.8276528421123702e-02, 2.4617504535095678e-02,
       -3.1427164313832537e-02, 1.1904270577805128e-02,
       -1.9109969202944357e-02, -5.6211891230465508e-03,
       1.7286515432876166e-03, 2.5740149955886050e+01,
       -5.3830174562977867e+01, 3.3526805703464415e+00,
       5.3222557658598788e+00, 1.1236301559229110e+01,
       4.1957004373979983e+00, 1.8282384045123345e+00,
       1.5150057463304741e+01, -1.2289982421785921e+00,
       6.7012129640518470e-01, -1.0213862116063444e-01,
       -2.9064727272065462e-02, 1.3977593508613101e-02,
       2.3341825179360801e-02, -7.2591965367073095e-03,
       4.6013601251766734e-03, 9.3214541151716672e-03,
       2.3814157810299825e+01, 1.0749078171169906e+01,
       -1.9557700014368633e+00, 3.1621535754592602e+00,
       -1.2351939227632724e+00, 7.5080887827100137e-02,
       3.0545757244170044e+00, -1.2289982421785919e+00,
