%YAML:1.0
means: !!opencv-matrix
   rows: 37
   cols: 5
   dt: d
   data: [ 6.5369168373530499e+01, -4.6383550744149730e+01,
       -3.0826397039090303e+01, 3.7611818742026188e+01,
       -2.3932512024135349e+01, 1.4446673335755477e+02,
       -9.9551999016708251e+01, 3.1319953089453293e+01,
       -3.0093710272311665e+01, 1.5489954725548221e+00,
       -2.8413261829598795e+01, 4.5101073610402878e+01,
       1.0579236668197028e+02, 4.1020427586326136e+01,
       3.7519547627917818e+00, -3.8802662710713051e+01,
       -2.2280585811999142e+01, 8.8546786351868505e+01,
       -4.2180778149221432e+01, 3.9720267388378758e+00,
       6.4765133380387390e+00, -5.8601531962023650e+01,
       5.6925258801998586e+00, 1.8417566154156415e+01,
       -1.1733571737988150e+01, -1.0876946249372132e+02,
       -4.1959973943709329e+01, 3.1474777724478017e+01,
       2.1233850677957065e+01, 1.8884415739803320e+00,
       2.1912374740488780e+00, -9.9758993119168395e+01,
       -1.8601606623105615e+00, -2.6111831959849564e+01,
       3.5632583320295019e+01, -6.9977843328897947e+01,
       8.8632281557689950e+01, 3.4388463817101282e+01,
       -7.2381527579878252e+01, -1.2007497395992958e+01,
       -3.9283206815641286e+01, 1.9034681916009905e+02,
       4.4868837162039355e+01, -7.1569715623897006e+00,
       1.0861523154779886e+00, 1.3319296287191844e+02,
       1.3757525530018620e+02, 4.1318230368872079e+01,
       -1.6432624724011195e+01, -4.2568312253166107e+00,
       8.3897184823665455e+01, -1.6412835774379869e+02,
       -2.4980297214642139e+01, 1.3159942506725322e+01,
       5.7286522950331618e+00, 5.2668899067853722e+01,
       -5.6451574449435228e+01, -6.8916098721800282e+01,
       -4.5565506947025405e+01, 2.2911819165916389e+00,
       -6.9233322856110917e+01, 6.8587125374548791e+01,
       -6.0304171760407783e+01, -4.8486003795873032e+01,
       8.1462893506253042e+00, -8.3403409974544175e+01,
       -1.1692943528718240e+02, -3.4541535624858064e+01,
       3.7333437243497379e+01, 3.5124889550919391e+01,
       -1.3568782498767985e+02, -6.3438068809683145e+01,
       9.0436050865847434e+01, 1.4285913510565882e+01,
       -2.4053293350300031e+01, -1.8681844243840209e+02,
       -1.8241812379470849e+02, 2.5234851283765526e+01,
       -2.3730817970067921e+01, -2.2425884166489634e+01,
       -2.1502287266294820e+02, 1.0108584749608019e+02,
       -4.0435121349866968e+01, -3.2525037505541697e+01,
       -8.0659566784486660e+00, -8.4095717168975614e+00,
       1.0112356675944353e+01, 1.5309589354054847e+01,
       4.6211584799269545e+01, 3.5687682473664083e+01,
       9.3734086858003792e+01, -3.9360970514072278e+01,
       1.1175963774126216e+00, 7.2034150818491867e+01,
       3.4759141111324405e+00, 1.0867129234849050e+02,
       1.5886188196258242e+00, 7.1345164247495404e+01,
       -1.7649242361924397e+01, 1.9903319187223744e+01,
       -7.5478325566082361e+01, -1.0645439289665831e+02,
       -5.5528845632137191e+01, -3.3922288412950756e+01,
       2.1829013097336997e+01, 9.7868040360372873e+01,
       2.9295648737659858e+00, 7.9005734734829511e+00,
       -8.2058263897453145e+01, 2.2224252554778685e+00,
       2.1942810122751237e+02, -4.8076986421141633e+01,
       -1.5924799241526477e+01, -2.4089067161134210e+01,
       -1.3831212862067451e+01, 4.1553654519774071e+01,
       1.1804828572216802e+02, -2.9705993650127365e+01,
       -4.6973913206404042e+01, -1.0387016253276188e+01,
       2.1135662381596234e+02, 7.5124146829406698e+01,
       1.0413889734299360e+01, 3.6932888511798012e+01,
       -1.2443624685570835e+01, -1.4385187412312973e+02,
       7.3411121483091662e+01, 4.6720027813624696e+01,
       1.0625891120079805e+01, 1.5864901056813672e+00,
       1.1216471304634844e+02, 1.4213324244687533e+01,
       -8.2750939244092237e+01, 2.6845708452797368e+01,
       -1.0360666482412165e+01, -6.5438861924733700e+01,
       1.3334701219168034e+01, -5.6710693143414701e+01,
       3.4093615681006121e+01, 1.6859403193321310e+01,
       -4.8203584926847007e+01, -2.4057194406728544e+02,
       -3.4527728897483563e+01, 8.6833840293014688e+01,
       -3.2403115950346848e+00, -2.6317289659684701e+02,
       3.1648487498382735e+01, 3.1823931354236984e-01,
       5.1735100991591327e+00, -9.7690204412808708e+00,
       -2.4347966690040781e+02, -6.5694927463150364e+01,
       1.4102578226731543e+01, 5.1269551247178676e+01,
       -2.4008394506685036e+01, 5.3036956031548982e+01,
       6.5254378656432976e+01, -1.2152813473832435e+01,
       8.1056554924007234e+00, 1.0099747964171089e+01,
       -5.7725676752970188e+01, 1.8095385520400450e+02,
       -4.6745275461685459e+01, 2.4538528994719929e+01,
       7.6664578343683454e+00, 1.2814643900955039e+02,
       4.7266738591180683e+01, -1.5974865943045703e+01,
       8.2965191660225628e+01, -2.1606669788394186e+01,
       5.6331229568347240e+01, -1.5418924276311799e+02,
       5.0105503673117276e+01, 3.8327361765401328e+01,
       2.2346622602414843e+01, -1.6173982190536714e+02,
       -5.5424469692558624e+01, 1.6280481310207843e+01,
       -5.5564687108448112e+01, -5.5203637492044610e-01,
       1.0251285352671881e+02, -5.1265251719231308e+01,
       -2.1640067434157835e+01, 3.4480945631662536e+01,
       -2.7129864047257186e+01 ]
