%YAML:1.0
means: !!opencv-matrix
   rows: 24
   cols: 3
   dt: d
   data: [ -1.9039094345408301e+02, 1.0729489073022879e+02,
       4.8637291554298834e+01, -1.3581590082663016e+01,
       -2.8771764829031511e+01, 2.5530943180383311e+01,
       -1.0918475441341928e+02, -3.5755114085713267e+01,
       6.5349064854218938e+01, 7.8483982822251008e+01,
       9.9372659777933180e+01, -5.3880364398273038e+01,
       -2.8105619548237325e+02, 5.8469262715218072e+01,
       -1.5550746987135708e+01, 1.6182058749646944e+02,
       8.5478994221015583e+01, 1.5636051041904990e+01,
       -4.2171132626309138e+01, -6.5823150541206061e+01,
       -5.4770141886650599e+01, -1.0387782908081327e+02,
       9.7758998915234958e+00, -5.4430686004695211e+01,
       6.2791157856419687e+01, 1.5201049449724715e+02,
       2.1386785094232906e+01, 6.9957440485637761e+01,
       -4.8907327759229254e+01, -4.3932017222225397e+01,
       7.8254430091997023e+01, -1.4956440101105807e+02,
       2.7675834926703711e+01, 5.8091486713871463e+00,
       1.7629699869990024e+01, -9.3296997824339016e+01,
       -1.7486136409155722e+02, 5.3829275398409386e+00,
       2.6916290177619491e+01, 8.3912324033662262e+00,
       -1.3856037955128522e+02, -3.3227765586314511e+01,
       1.4997179513817707e+02, -1.1590844681666384e+01,
       6.0908713009896644e+01, -5.6987544970798986e+01,
       7.8693129861025483e+01, -2.7589714640071527e+01,
       1.0339358849050083e+02, -2.4605431280060429e+01,
       4.2502521015960262e+01, -7.1521948502503307e+01,
       2.0133747591719462e+01, 1.0377589063861942e+02,
       2.7517799940773610e+01, 7.0879823016005290e+01,
       3.0092677470595728e+01, -4.5653373261918283e+01,
       -1.1200363207959361e+02, 8.2442893421449483e+01,
       1.6214923994883620e+02, -5.6710477236601385e+01,
       1.3004171109648306e+01, 1.0028949365917907e+02,
       2.1134653437403937e+01, -2.9732863003253033e+01,
       -1.5916951463013257e+02, -1.2890949759255841e+02,
       1.1707189574715562e+01, -2.1909366090335874e+02,
       -2.8156527504934598e+01, -3.1485531979539555e+01 ]
covs: !!opencv-matrix
   rows: 72
   cols: 3
   dt: d
   data: [ 2.8231371135896889e+03, 6.6867166724444257e+02,
       1.3817599667705999e+03, 6.6867166724444257e+02,
       4.4667120532130966e+03, -3.0573366165916647e+00,
       1.3817599667705999e+03, -3.0573366165916767e+00,
       1.2466170694733569e+03, 2.2669676384396280e+03,
       1.0316541655700146e+01, 9.0646570683771438e+02,
       1.0316541655700123e+01, 6.7164915516710098e+03,
       5.4746673259772922e+02, 9.0646570683771438e+02,
       5.4746673259772945e+02, 1.2949582158554381e+03,
       1.8994264272011746e+03, 4.3102257270058789e+02,
       -1.5923723758288097e+02, 4.3102257270058789e+02,
       6.2354381940513094e+03, 2.9950061260077348e+02,
       -1.5923723758288094e+02, 2.9950061260077348e+02,
       7.5977563604644843e+02, 3.2604506288154348e+03,
       1.0129350482565835e+02, 5.2595354893618867e+02,
       1.0129350482565835e+02, 1.3433392812402412e+03,
       1.2575313482749909e+01, 5.2595354893618867e+02,
       1.2575313482749905e+01, 1.1730657325033123e+03,
       1.9302474675921064e+03, 7.8108755799157188e+02,
       3.3677874705195057e+02, 7.8108755799157188e+02,
       8.4728277110932268e+03, -2.2465418634917068e+01,
       3.3677874705195057e+02, -2.2465418634917075e+01,
       3.4317668802968620e+02, 3.2776029289400512e+03,
       -2.0424062191030583e+02, 5.1844984717867902e+01,
       -2.0424062191030583e+02, 1.8399167708654675e+03,
       -5.8767006705214611e+00, 5.1844984717867895e+01,
       -5.8767006705214628e+00, 5.9943527284555967e+02,
       4.2094797900099293e+03, 1.4064258753752792e+03,
       -1.1673128502450186e+03, 1.4064258753752790e+03,
       4.7032734447320954e+03, 6.6517638187541866e+02,
       -1.1673128502450186e+03, 6.6517638187541866e+02,
       1.2919488391431437e+03, 1.5876167243993409e+03,
       1.5089129642477396e+03, 1.6767143114896101e+02,
       1.5089129642477396e+03, 8.5280007189414573e+03,
       3.2546183708247725e+02, 1.6767143114896101e+02,
       3.2546183708247725e+02, 2.9448079432099388e+02,
       2.5758252451572343e+03, 1.0591581393189297e+03,
       9.2912188691702511e+02, 1.0591581393189297e+03,
       3.4520727575712863e+03, -2.7406717636268365e+02,
       9.2912188691702511e+02, -2.7406717636268360e+02,
       1.1241543946575382e+03, 2.8351243422626881e+03,
       -4.6715048717442147e+02, 2.9808070978375906e+02,
       -4.6715048717442136e+02, 2.6487583454547112e+03,
       7.6663252736944472e+01, 2.9808070978375912e+02,
       7.6663252736944500e+01, 1.2826040259308240e+03,
       3.5476383615769701e+03, 8.1460230235542599e+02,
       -7.9329341889901252e+02, 8.1460230235542622e+02,
       3.2169266976566928e+03, -3.4675224515800022e+02,
       -7.9329341889901252e+02, -3.4675224515800022e+02,
       1.1341377550210611e+03, 2.3798851648714881e+03,
       3.0025256063285957e+02, -4.7117348451123894e+02,
       3.0025256063285963e+02, 6.2580784200790449e+03,
       2.2644954374855334e+02, -4.7117348451123894e+02,
       2.2644954374855334e+02, 4.8989039352456263e+02,
       3.2829552359476970e+03, 2.1464590487477840e+03,
       6.9946782982690456e+02, 2.1464590487477840e+03,
       5.5706106350227301e+03, 2.6786652846619859e+02,
       6.9946782982690456e+02, 2.6786652846619870e+02,
       1.0760534277684633e+03, 5.1193600893144676e+03,
       1.6686751036756232e+03, 2.1842761060181090e+02,
       1.6686751036756232e+03, 3.4387093308045091e+03,
       2.8264141548452221e+02, 2.1842761060181090e+02,
       2.8264141548452210e+02, 1.1966691320914792e+03,
       4.9107803301122412e+03, 4.1333447747378187e+02,
       -1.3345550151260188e+03, 4.1333447747378187e+02,
       9.0095229695698454e+03, 8.1323507679897389e+01,
       -1.3345550151260188e+03, 8.1323507679897403e+01,
       5.0670925101784667e+02, 3.5184973044042085e+03,
       8.2188640563468095e+02, 2.8306904450033727e+02,
       8.2188640563468084e+02, 7.8467712297485050e+03,
       -1.0957140620625501e+03, 2.8306904450033733e+02,
       -1.0957140620625503e+03, 6.6881387639350646e+02,
       3.3113231777260457e+03, -2.0746062025148012e+02,
       -8.8264152325975272e+02, -2.0746062025148012e+02,
       5.0530871751021150e+03, -2.7049758103464679e+01,
       -8.8264152325975283e+02, -2.7049758103464718e+01,
       7.1360741913137656e+02, 2.0804741194304529e+03,
       -3.6713744856445368e+02, -2.5208593040115142e+02,
       -3.6713744856445373e+02, 9.3498620072955400e+03,
       1.0327679614317746e+02, -2.5208593040115142e+02,
       1.0327679614317748e+02, 2.4008136933506310e+02,
       2.3765910860146569e+03, -4.5215631174509826e+02,
       1.5250558226361945e+03, -4.5215631174509804e+02,
       8.1002936584653617e+03, -2.2184589077904590e+01,
       1.5250558226361945e+03, -2.2184589077904597e+01,
       1.1771272252155575e+03, 1.7004265110206663e+03,
       1.0755877825725270e+03, 2.8352869378025429e+02,
       1.0755877825725270e+03, 5.0870585875456300e+03,
       -7.1383198011096738e+01, 2.8352869378025434e+02,
       -7.1383198011096781e+01, 3.8025250352197435e+02,
       3.0736898580219213e+03, -1.6823157696589721e+01,
       6.9363899950226582e+01, -1.6823157696589714e+01,
       3.1309423214530434e+03, 1.1260992055167948e+02,
       6.9363899950226582e+01, 1.1260992055167952e+02,
       4.7940930834880203e+02, 3.3915550410312735e+03,
       -1.0766115677585265e+02, 5.5714184993595416e+02,
       -1.0766115677585262e+02, 1.7017125749496843e+03,
       -1.2141662482383195e+02, 5.5714184993595393e+02,
       -1.2141662482383195e+02, 1.2084694292729039e+03,
       2.2678772571092254e+03, 4.7833879685403735e+02,
       1.1401932783213638e+03, 4.7833879685403735e+02,
       3.9734235581609801e+03, -1.1097844871905939e+02,
       1.1401932783213638e+03, -1.1097844871905939e+02,
       1.0741471867413777e+03, 2.2030197443940956e+03,
       1.1124583705998548e+03, 1.8423721146788202e+02,
