%YAML:1.0
means: !!opencv-matrix
   rows: 42
   cols: 1
   dt: d
   data: [ -1.1372583458242400e+02, 1.1521839625029158e+02,
       -3.6268751041917319e+01, -2.3007994654927384e+02,
       2.4104114941408784e+02, 5.6263837416718218e+01,
       1.7418238903673821e+02, 2.7208974296460653e+01,
       -6.2144680403640592e+01, -1.6990009723651548e+02,
       3.1062427250665144e+02, -3.1921098613366615e+02,
       1.2843163047851727e+01, 1.4556519627484809e+02,
       8.6624364331784307e+01, -2.7087263178388781e+02,
       -7.4515333059916500e+01, -1.2865068103854887e+02,
       2.0477876230184458e+02, -1.2374682975391243e+01,
       -1.9943615597306200e+02, -1.5658468596550421e+02,
       -2.9329527151387930e+02, -8.7630979774518252e+01,
       2.6470443940781001e+02, -1.4271842376915396e+02,
       1.0119278299945110e+02, -2.1324014292410189e+02,
       7.1693949049928378e+01, 1.2960017622275231e+02,
       4.1348440815543505e+01, -3.4703829748923550e+02,
       -2.4880033765851934e+02, 2.8899435859171507e+02,
       2.2175539784861616e+02, -4.8982413105683996e+01,
       -2.4154554911013239e+01, -4.5324753836853804e-01,
       -1.8431700318931010e+02, 1.8913877481165505e+02,
       1.6085609838838428e+02, -1.0021065762862840e+02 ]
covs: !!opencv-matrix
   rows: 42
   cols: 1
   dt: d
   data: [ 3.7637328606334108e+01, 5.0773045217318547e+01,
       3.3372700674315340e+01, 7.0492792788237352e+01,
       9.2214264182767366e+01, 4.8586927775028677e+01,
       4.5432859872847693e+01, 5.2942674255032820e+01,
       4.1163394703263542e+01, 3.5528949789833980e+01,
       8.3165382180635891e+02, 2.3972720019492854e+02,
       4.5897545964069671e+01, 5.0421710560429183e+01,
       4.9077915331846690e+01, 1.1432828955131549e+02,
       4.1318864303901378e+01, 4.4971147627168655e+01,
       5.0264285020742463e+01, 3.7799824481654028e+01,
       4.7549279600680947e+01, 3.6845172296019939e+01,
       1.6671606974010444e+02, 3.8416365516232844e+01,
       1.6888914325472447e+02, 4.2688402726271583e+01,
       4.6709029999975314e+01, 6.2390545675825436e+01,
       4.9480612830028875e+01, 5.1156180104681326e+01,
       5.1792185881962247e+01, 5.6828561717502589e+02,
       9.0814329088663939e+01, 3.6346222143857113e+02,
       6.1291059215903545e+01, 3.7411277681428459e+01,
       3.3266979106201333e+01, 4.2107176406771451e+01,
       3.9595191828143427e+01, 4.4014950270062236e+01,
       4.6962972713688607e+01, 3.6180370766512183e+01 ]
weights: !!opencv-matrix
   rows: 1
   cols: 42
   dt: d
   data: [ 2.6533915265829110e-02, 3.4094003771308744e-02,
       3.0988370206821020e-02, 1.6618269945244787e-02,
       1.2084483521218206e-02, 4.3813521732832657e-02,
       1.9751193341007847e-02, 4.0375239524898902e-02,
       3.1274401228619894e-02, 1.6193855273968896e-02,
       4.5619165640218553e-03, 6.0181940381494013e-03,
       4.0966383060372431e-02, 2.8623145995789807e-02,
       3.9572437844616871e-02, 1.3267388891862110e-02,
       2.9390105427102492e-02, 2.6500830870422609e-02,
       1.5989721326955163e-02, 3.0609520756337803e-02,
       1.5862270950558113e-02, 1.8000499424187400e-02,
       8.8842603845127859e-03, 3.0986267449900122e-02,
       8.7080133915616170e-03, 2.0242673025277449e-02,
       3.7938417425069343e-02, 1.4071603406822855e-02,
       4.3658048484428905e-02, 3.3400801953510313e-02,
       4.2034674877114805e-02, 3.4054479296314766e-03,
       1.3208908189165465e-02, 6.3798690467507012e-03,
       1.3056490942847639e-02, 3.2372263523816024e-02,
       2.9966623771623818e-02, 3.4829697386240616e-02,
       1.6957781926387170e-02, 1.8256119851416265e-02,
       2.3517314811434997e-02, 2.7035053260352149e-02 ]
pca_proj: !!opencv-matrix
   rows: 1
   cols: 21
   dt: f
   data: [ 1.02604255e-02, 8.46533298e-01, 5.67100069e-05,
       -5.08859605e-02, 4.68450844e-01, 1.89823491e-04, -5.55210514e-03,
       1.46431834e-01, -1.98076777e-05, -7.31809530e-03, 1.34976640e-01,
       -4.80776835e-05, -6.69380091e-03, 1.46460637e-01, -1.57161594e-05,
       2.11501210e-05, 1.32904761e-05, -3.16381829e-07, -1.62182951e-05,
       4.47223283e-04, 4.04881848e-06 ]
pca_mean: !!opencv-matrix
   rows: 1
   cols: 21
   dt: f
   data: [ 4.33646118e+02, 2.44701981e+02, 1.49672687e+00,
       4.18191803e+02, 2.60206879e+02, 1.62062907e+00, 3.68545319e+02,
       2.27059875e+02, 1.69770968e+00, 3.19420807e+02, 1.63929108e+02,
       1.75046074e+00, 3.16613464e+02, 2.25532654e+02, 1.70717156e+00,
       1.08872897e-04, -9.74175637e-05, 6.24380555e-05, -2.17504916e-04,
       -2.50119597e-01, 1.75055194e+00 ]
gamma: !!opencv-matrix
   rows: 42
   cols: 1
   dt: d
   data: [ 8.1350932045068769e-01, 8.1534744594530695e-01,
       7.6968986716449661e-01, 8.7317521713694035e-01,
       8.7786338982617540e-01, 7.7976937574073302e-01,
       8.4860923826599644e-01, 7.6755901850401809e-01,
       7.8216845968101090e-01, 8.4575755406751407e-01,
       9.0425936329525458e-01, 9.0207986504957705e-01,
       7.6402425637750127e-01, 8.3337496777502840e-01,
       7.9747078187897225e-01, 8.8774865686202076e-01,
       7.8927435043361815e-01, 8.2279540517322181e-01,
       8.6300943035119448e-01, 7.6354320634510897e-01,
       8.6016601875077436e-01, 8.3870505325401346e-01,
       8.9478937371088885e-01, 7.9719514781990441e-01,
       8.8660271396465484e-01, 8.3102986063212902e-01,
       8.0651716524331363e-01, 8.6633053856104658e-01,
       7.8842817183123459e-01, 8.2409577603181405e-01,
       7.7272341979457260e-01, 9.1040548586583314e-01,
       8.8024233966526677e-01, 8.9539302643425955e-01,
       8.7021277041036882e-01, 7.7527768710852174e-01,
       7.6576969181350629e-01, 7.6286965158682818e-01,
       8.5301881223430287e-01, 8.5586071039913492e-01,
       8.4172663771796663e-01, 8.0501563883331950e-01 ]
