%YAML:1.0
means: !!opencv-matrix
   rows: 48
   cols: 6
   dt: d
   data: [ -1.3401209920353756e+02, 6.2458365231502896e+01,
       7.2279599000837109e+01, -5.6464817417000191e+01,
       -2.6285363102470811e+01, 4.1443324908979164e+00,
       1.2045177167272929e+02, 1.5355434467934680e+01,
       -6.0980249570924073e+01, -1.3693815421287422e+01,
       -4.0033324960007688e+00, 1.2809436322041527e+01,
       2.2410224870406090e+01, -9.1656500199758710e+01,
       -6.1763258282107767e+00, 4.6333647565277658e+01,
       1.2726917190550049e+01, 6.8749405672090065e+00,
       7.5530007699423365e+01, 1.1514847448394487e+01,
       -2.5427535890534603e+01, -3.2228115251870804e+01,
       -3.0082893511078915e+01, -1.5743236931772861e+01,
       -1.6874725040897604e+02, -7.9231837873676469e+01,
       4.8758530252355364e+01, -3.8294127655011103e+01,
       -5.6345689463350830e+00, -1.8399966977034612e+00,
       2.3114258230285344e+02, -7.8706442304582804e+00,
       2.4105033778769986e+01, -1.7670334713821025e+00,
       -8.1513799190204796e+00, 1.1830734483821718e+01,
       -2.0472591484586125e+01, 1.0815769710768489e+01,
       4.1784670661004473e+00, 8.1681962688439729e+00,
       4.0682155148231098e+00, 2.9286991861020073e-02,
       -2.5961136234000099e+02, 4.6757777779434058e+00,
       -2.0190585977921319e+01, 4.5994943145443594e+00,
       -3.5987932231351039e+00, 3.7675077756843040e-01,
       1.3118882091181257e+01, -1.8761795839885392e+02,
       -9.6728005701366389e+00, 3.1575981836251071e+01,
       -2.6319621849971693e+00, 6.1714260878536387e-01,
       1.0486122914783033e+02, 4.0426591116604364e+01,
       -2.8813006031411092e+01, -3.9865710889845680e+01,
       -2.1490278244548264e+00, -3.7848541586204805e+00,
       3.0612169476314843e+01, 1.5319206400932148e+02,
       -2.2184679129073681e-01, -8.2062986410564989e+01,
       2.1088575984737435e+01, 1.3404999121915926e+01,
       1.5742732980367427e+02, 7.8502631891756806e+01,
       -4.8887827179771271e+01, 2.3398651792965477e+01,
       -7.9132786023328805e+00, 1.1304028906402118e+01,
       -1.6008728721243710e+02, -1.3181060790188027e+01,
       3.6948687195567878e+01, 2.0256856671369309e+01,
       -4.8903313471945538e+00, 2.1384382692865852e+01,
       -1.3690141049419384e+02, 1.5133798196662386e+02,
       4.3347169507158689e+01, 2.0624774131061345e+00,
       -8.8652875112638547e+00, -6.8012325006001841e+00,
       8.6008285200449947e+01, 6.9302072189847152e+01,
       -2.1922684065794037e+01, -8.4257030506924657e+00,
       -2.6784015992258535e+01, -2.2103934197546558e+01,
       -4.9492685890152707e+01, 5.4055715778905622e+01,
       -4.5099653394375110e+01, -4.1702577357751835e+01,
       1.0861051592904010e+01, -1.9053867330172466e+01,
       5.9669921087642930e+00, 1.1871533787519215e+02,
       -4.2615557582445696e+01, 3.6580742063413361e+01,
       1.9545764811653029e+01, -1.7620286776048180e+00,
       3.0051115938799036e+01, 8.8226850166795123e-01,
       -6.4688883979812729e+01, -7.0071020519372844e+00,
       -4.6714871214696254e+00, -2.5019410911563864e+00,
       -1.4257542125470619e+02, -7.8913474728846452e+01,
       3.1446833004315685e+01, 6.3517781608235403e+01,
       -1.4765880952721972e+01, -4.2511879801918923e-01,
       -9.0567049861737289e+01, 1.3090312346029144e+01,
       3.3987746158240327e+01, -2.3836002122928509e+01,
       1.1864139318160301e+01, -1.7111157693877480e+01,
       -5.8041438021820412e+01, -8.4124063617328105e+01,
       -2.5868479429297402e+01, -4.0280049484510506e+01,
       3.3744171633051067e+01, -3.2221150376695668e-01,
       -1.4634278640737605e+02, -1.1090883581929278e+02,
       2.3821190591312504e+01, 6.8704743710012664e+01,
       -2.1465318195175282e+01, 1.2848260539207643e+00,
       -4.4079610796599340e+01, -8.7236994517390603e+00,
       6.8661501001121650e+01, 6.1071028493960796e+01,
       5.5479161141572328e+00, -8.9676540472696828e+00,
       1.6769991775829638e+01, -2.3832903106203331e+00,
       -3.1918511462233234e+01, -8.6033858977716093e+00,
       2.1954283888238116e+01, 5.6794975844066560e+00,
       7.0223866325395420e+01, -7.6951936699304127e+01,
       5.9851203954352485e+01, -3.7470613503030876e+01,
       2.6447456625427144e+01, 6.3923336684571685e-01,
       -1.5559918664432425e+02, 5.6394845504554368e+01,
       5.4895781462380931e+01, 1.5842571849185459e+01,
       -7.9973205450479314e+00, -2.3649614876757834e+00,
       -2.6433380000342421e+01, -8.3845019382491458e+01,
       1.0856247041403357e+01, 4.9044567990828455e+01,
       1.2091466707791193e+01, -1.2760574640969808e+00,
       1.2009715652043874e+02, -2.8007285768329645e+01,
       -4.0808776601632879e+01, 2.8109017664197722e+01,
       -3.7709947298286242e+00, 1.5308239481080438e+01,
       1.5907728998250269e+02, 9.0783856495682770e+01,
       -8.3367615730033184e-01, 4.5799915582191403e+01,
       -2.9997640308539162e+00, 8.9717408464619304e+00,
       -2.5268866997752079e+02, 7.4238617571919605e+01,
       -1.1780545002055920e+01, -5.2094338605002505e+01,
       -2.4407898375628648e+01, 4.5234462869730088e+00,
       1.1623943414506684e+02, 1.4104489664648685e+02,
       1.3404629511827169e+01, 1.2040327630931917e+00,
       -2.2082942466795945e+00, -1.3995198765418650e+01,
       1.4482982178179711e+02, -4.9219706417640296e+01,
       -5.1915057339563084e+01, -3.1101490552219431e+01,
       -5.7157562177179591e+00, 1.4995529749512208e+01,
       6.8402684464269953e+01, -1.2379904722734844e+02,
       -2.7040123935260780e+01, 1.6062810425643335e+01,
       -9.6041768416784432e+00, 7.9360028687061650e+00,
       2.7232732863425806e+01, -7.7453825835884700e+01,
       -1.0408735165966664e+01, 7.9434337977099275e+01,
       -6.0291908298578560e+00, -2.5766864069969282e+00,
       -2.1217452310570312e+02, 9.5891975842452162e+00,
       5.5983788786024405e+01, 6.3812319760100689e-01,
       -9.7970117813267255e+00, 1.0028055000233930e+01,
       7.4222948571256211e+01, 1.0167007701469235e+01,
       -2.7385261431713534e+01, 7.1233795837852355e+01,
       -1.1404151939206725e+01, 4.0931813398190400e+00,
       8.7984518659543880e+01, -5.6663124196606226e+01,
       -2.4820650243892381e+01, 3.8798126759298100e+01,
       7.3937289355193303e-01, 1.3761108782980298e+01,
       -2.0441451844503032e+02, 1.2177315916198854e+02,
       5.0233343074375561e+01, -5.8157947190014859e+01,
       -1.9847061134482519e+01, 3.7602300853105781e+01,
       -4.1783066479519569e+01, 1.5864483450043824e+01,
       -7.8567228820252299e-01, 5.2566457502079365e+00,
       3.6779447104301397e+01, -7.6809695554092716e-01,
       -1.6393005924939960e+01, 1.6295640541544699e+01,
       1.3710158791284350e+01, 8.2343473327253079e+01,
       1.5864292900533394e+01, -4.9580488690177953e+00,
       8.2303116742757084e+01, 2.7704788057311603e+01,
       4.0884234367604655e+01, -4.8820704804663741e+01,
       6.1805988208055229e+00, -2.1248249107630901e+01,
       7.7846179053812477e+01, -5.2859625595703648e+01,
       -2.4739164385982484e+01, -6.5375421212853340e+01,
       -2.3871531705345021e+01, -1.7479630895678198e+01,
       7.5861593208784967e+01, 6.6525002842742836e+01,
       6.3416525483526122e+01, 9.1419053860264547e+00,
       3.1311157603946004e+01, -3.2984815803585619e+00,
       -4.3146243919828748e+01, 1.6378626657382259e+02,
       8.5154519444370091e+00, -1.0202860302683455e+02,
       -6.7397328080450221e+00, 3.3306033443672014e+01,
       1.4455461385164668e+02, -2.0670632644164049e+00,
       4.1383076950379760e+01, 7.0301788960636236e+00,
       4.9041733032746890e+00, 4.3550868052040341e+00,
       -1.4588446781382796e+01, -1.3186167871607032e+02,
       7.2715438017291845e+01, 2.2462071248446790e+01,
       6.9072633063662918e+00, -4.5543972415469662e+00,
       -1.3768365924383201e+02, -7.7821663574261933e+01,
       -1.9930943721737226e+01, 4.1462663276626870e+01,
       9.1306751505151542e+00, -6.1904228449547887e+00,
