%YAML:1.0
means: !!opencv-matrix
   rows: 36
   cols: 6
   dt: d
   data: [ 2.1265566159551881e+02, -6.2229113058226446e+01,
       1.5097940393843386e+01, -1.5101495103074832e+01,
       -6.8362208129296613e+00, 1.2791027207148472e+01,
       -1.9625386425701475e+02, -5.4471340631253476e+01,
       1.0565585028471698e+01, 1.9221847976257013e+01,
       -1.6533209541994331e+00, -1.6729288395090554e+00,
       8.2447434958028126e+01, 1.8262372606511931e+01,
       -2.2983246429189226e+01, -3.2153037971471832e+01,
       -2.5616096244577356e+01, -2.0203684476714503e+01,
       -2.0575113091534732e+02, 1.1255303107957739e+02,
       5.0761982618171302e+01, -5.4374847228984059e+01,
       -2.0464428133883278e+01, 3.3445028164614428e+01,
       2.0121128891991024e+01, -1.0290925827073866e+02,
       -9.9797869889455555e+00, 7.0426368196687719e+01,
       -5.5606034454038165e+00, -2.4840908035626139e+00,
       9.6246173461087103e+00, 4.2937238474969696e+01,
       1.6156588281477831e+01, -3.3179293268076307e+01,
       3.6885404663756631e+01, -7.3330660452451122e+00,
       1.2940792018727427e+02, -5.1166075005136896e+01,
       -5.9265260024468688e+01, -2.4277541798268512e+01,
       -5.0907730760352274e+00, 1.4234552818633125e+01,
       -1.0578955050277816e+02, 7.7365546112908721e+00,
       -2.5787443377230947e+01, 8.2649956123757676e+01,
       1.0191798152417800e+01, -5.9443336420414914e+00,
       5.6185965751184277e+00, -2.4807214580561308e+00,
       6.2003234715248993e+01, 8.2417919221698327e+01,
       5.9987862207282019e+00, -6.3091763826801293e+00,
       2.2430836454846346e+02, 7.1929726382026246e+01,
       2.5454365460219094e+01, 4.3380130154188755e+01,
       -9.8058698901426826e+00, 9.6329237308871996e+00,
       1.2783125905157236e+01, 5.2030513503154530e+01,
       6.0941330338998012e-01, -3.9011505816271921e+01,
       6.9249858804606310e+00, -2.3550662955663096e+01,
       -1.7855295955455256e+02, 1.0375236727632084e+02,
       4.7364770900691191e+01, 1.9384099785716117e+01,
       -1.0710620018718593e+01, 1.7046083185913186e-01,
       -6.9667946776501651e+01, -6.0851417083014525e+01,
       9.3160117946334196e+01, 2.3968474137241063e+01,
       -2.3224905771045701e+00, -2.4405807462632723e+00,
       1.3720139151222742e+02, 8.4319825838770470e+01,
       1.7244189557743031e+01, -2.3547230497586042e+01,
       -2.0534504142663099e+00, -8.7705117877905092e+00,
       2.9356762481111971e+01, 5.5497807293564186e+01,
       -6.6432288927093197e+01, -1.6809823162034355e+01,
       -1.0968094400719279e+00, -5.2784946919004092e+00,
       -4.3620680349619157e+01, 1.7898016253051020e+02,
       6.4764102104005437e+00, -1.0692118813695897e+02,
       -6.4163632176422469e+00, 3.6615414332831833e+01,
       1.4716965675526936e+02, 3.2299940254545241e+01,
       -3.9802021213262805e+01, -2.7466060098613092e+01,
       -7.9031176031453318e+00, 1.1956770555982056e+01,
       -5.9182358540467234e+01, 1.3908897376134252e+01,
       4.9096834243969795e+01, -1.7982891140623821e+01,
       1.5137899074065118e+01, -1.6616907792856495e+01,
       6.7359087971863602e+01, -5.6802179443755549e+01,
       -3.2659261904297573e+01, 3.6758600333345662e+01,
       -9.2372617904348644e+00, 6.5786989693063624e+00,
       7.6868832853483113e+01, -4.4114514848682916e+01,
       -1.5968407184032921e+01, -7.2811886018656594e+01,
       3.3011572487458425e+00, -7.5537736328655916e+00,
       -1.6686548555959683e+02, 8.2669607510153682e+01,
       3.4279345864754681e+01, -5.5792146812255609e+01,
       -2.8277125099978722e+01, 4.7899044088685505e-01,
       -4.5780154580720925e+01, -4.5253282996516823e+01,
       -8.6958841408034235e+00, -1.4022691403641424e+01,
       9.0962302693988448e+00, -1.6425944927356662e-01,
       -1.8992985743758922e+02, -2.0309651781350269e+01,
       5.5580199088001308e+01, -4.2815986337735630e+01,
       -1.3583442044559163e+01, 5.5572406793092517e+00,
       -1.0229428656818571e+01, 1.1223570821088448e+02,
       3.7071118114041854e+00, 2.6359919268909774e+01,
       1.4864901559338044e+01, -6.2080717193238408e+00,
       -1.4843929720463018e+02, -1.0428120122534325e+02,
       2.7310925729283284e+01, 6.6215501864260929e+01,
       -1.9669208701814568e+01, 8.3322972056173195e-01,
       -1.6466188999868152e+02, -7.4155610073214318e+00,
       3.9839601905768930e+01, 1.4645400711727888e+01,
       -3.8840119014068000e+00, 2.1595131694217969e+01,
       8.3107512136957240e+01, -6.1331032924903305e+01,
       -2.7161500182289128e+01, 4.1690712257860682e+01,
       7.9060024625973724e-01, 1.1568346231178861e+01,
       -5.1581696451047677e+01, -1.2358493524759854e+02,
       1.1440645015939104e+01, 2.9776748535061333e+01,
       1.2056537727614815e+01, -1.3364198843637296e+00,
       1.1439900498898820e+02, 7.0428868091116783e+01,
       3.2263559919896167e+01, 3.7158661933306199e+01,
       1.2239340471900588e+01, 3.4344887407373861e+00,
       -7.6041049616113156e+01, 6.5598032697048811e+00,
       -2.5262365297147703e+01, -1.2910504724444827e+00,
       3.8411467037341509e+01, -2.1632619487449811e+00,
       7.7832593971936987e+01, 1.0393198442609009e+01,
       -2.9031968004791079e+01, -3.1429062161269329e+01,
       -2.9242449835548030e+01, -1.4819249921665119e+01,
       1.4508334444702061e+02, 7.3298012044476337e+01,
       -5.2569937336436510e+01, 3.0978739474478534e+01,
       -7.3373187064137424e+00, 1.0378204565365523e+01,
       9.6342677721141527e+01, -6.1627085561741886e+01,
       5.0055602177037663e+01, -1.4685904985997826e+01,
       1.6459100371410504e+01, 4.8894735672477090e+00,
       1.4899813954229852e+01, -7.2837409664117843e+00,
       -4.9862807608380692e+01, 7.6335765706547241e+00,
       1.7694430128297171e+01, 8.6210331292313125e+00,
       -2.3614990394366833e+02, 4.7995162612242034e+01,
       -2.4289941048669323e+01, -2.9340946369088442e+01,
       -2.8995853460316532e+00, -7.9293041134654372e+00,
       3.5128213272127851e+01, 1.4859723087927222e+02,
       2.3595161167301446e-01, -8.2740180718431517e+01,
       2.0630516653674615e+01, 1.2071427196625990e+01 ]
