%YAML:1.0
means: !!opencv-matrix
   rows: 22
   cols: 4
   dt: d
   data: [ -1.8420257570280931e+01, 1.2481220689732251e+02,
       -6.9397007077197685e+01, 1.4045661937703219e+01,
       6.9967183478889041e+01, -1.0028435838468607e+02,
       -7.7999222820989004e+01, 1.2297084245023080e+00,
       -1.9143407545107451e+02, -1.5803309036052755e+02,
       1.8961494994882536e+01, -3.6444729069126240e+01,
       4.9316237856890957e+01, 1.5809211232724874e+02,
       8.8099235979138495e+00, -1.1513936504646351e+01,
       -1.4121650186083585e+01, 4.0978698086033269e+01,
       -5.8386512667980654e+01, -6.6786194394962450e+01,
       -7.1786593319813321e+01, 4.2888896909171876e+01,
       2.8363454495773226e+01, 4.7866687501839529e+01,
       2.0008838192058542e+02, -1.4327830460268938e+01,
       -2.2276132185866697e+01, -5.1917370159371057e+00,
       4.0592928401627972e+01, -4.5440369491559707e+01,
       3.8139030224900345e+01, 3.3081556869005780e+01,
       -7.8439031925786367e+01, -5.4055247010106115e+01,
       -4.0569169484781611e+01, 3.9184302490473691e+01,
       1.6254301839443897e+02, -1.1908177422857543e+02,
       6.6696066767081916e+00, -2.9082456394822309e+01,
       -2.6961968358534483e+02, -4.7107749186843108e+01,
       -6.1589829062014259e+00, 3.5247234042156286e+01,
       -6.0891411718524552e+01, -7.1317976709874756e+01,
       -1.3703950859096096e+01, -2.0095937293188861e+01,
       1.0242946342567616e+02, 2.0429800769643421e+01,
       6.7896672997295099e+01, -1.0990061410877503e+01,
       -1.5393358009808972e+02, -5.1996670827104317e+01,
       7.7404746133473537e+01, 2.2939992104727501e+01,
       3.1922011646252749e+01, -1.5567256868520337e+02,
       1.3265468438590778e+01, -2.9399200648253561e+01,
       8.4331435680933680e+01, 4.0952632790391540e+01,
       1.8595569409129119e+01, -8.4682866198020065e+01,
       -6.4891509619526587e+01, -7.6485572779040481e+01,
       7.6684503703793865e+01, -5.4192278543553606e+01,
       -1.5248904548792171e+02, 1.3437783803627457e+02,
       3.4868865575786401e+01, -1.1386388698714514e+00,
       1.3194179892346546e+02, -2.9634521495269841e+01,
       9.5341378913244661e+00, 4.3342079886971398e+01,
       1.8520537457977360e+02, 8.8297660099462206e+01,
       -4.1068155420173963e-01, 5.1557531305666828e+01,
       -1.7583168995701993e+02, 1.8371831128673794e+01,
       -2.4550746375273711e+00, -5.6836859083418730e+01,
       4.3600212283317390e+01, 3.3029058396686688e+00,
       -5.9092724165176257e+01, 7.6708917044450970e+01 ]
covs: !!opencv-matrix
   rows: 88
   cols: 4
   dt: d
   data: [ 7.6598066068296102e+03, -2.5957236712244662e+03,
       -7.3402501890145584e+02, 1.3932954975570299e+03,
       -2.5957236712244662e+03, 5.6344021914911336e+03,
       2.6729570541390325e+02, 1.2010664013085916e+02,
       -7.3402501890145584e+02, 2.6729570541390331e+02,
       7.4203628677524728e+02, -9.0641882607217241e+01,
       1.3932954975570299e+03, 1.2010664013085911e+02,
       -9.0641882607217241e+01, 1.1049994659929366e+03,
       3.5162343246808255e+03, 4.5211758169717774e+02,
       1.4834037708069047e+02, -4.2439719263152080e+02,
       4.5211758169717774e+02, 3.1445739010803841e+03,
       -3.4264673625136783e+02, -9.1213154527787552e+01,
       1.4834037708069047e+02, -3.4264673625136771e+02,
       1.2370529924801117e+03, 1.4403624523141121e+02,
       -4.2439719263152080e+02, -9.1213154527787538e+01,
       1.4403624523141121e+02, 7.3519763690809407e+02,
       4.8020765659038316e+03, -1.3642859815059381e+02,
       2.1347243249652706e+03, -4.4440952901242321e+02,
       -1.3642859815059364e+02, 4.1961625575351291e+03,
       1.5037287992483982e+01, -1.6548178247397993e+03,
       2.1347243249652706e+03, 1.5037287992483979e+01,
       1.6135417011079780e+03, -4.0591491863012067e+02,
       -4.4440952901242321e+02, -1.6548178247397993e+03,
       -4.0591491863012067e+02, 1.0973404441168702e+03,
       5.4977945979154956e+03, -4.7757791722022517e+02,
       6.9375786794732483e+02, -7.0940180681709791e+01,
       -4.7757791722022529e+02, 4.1425118617811431e+03,
       3.9629074973114558e+02, 1.7556876774364605e+02,
       6.9375786794732505e+02, 3.9629074973114558e+02,
       1.4199615079794921e+03, -1.7844385715334235e+02,
       -7.0940180681709819e+01, 1.7556876774364605e+02,
       -1.7844385715334235e+02, 6.7119120858044880e+02,
       5.5588999396878617e+03, -6.0966895868904282e+02,
       6.3931041762998768e+02, 2.7139523023826695e+02,
       -6.0966895868904282e+02, 3.0905667519249118e+03,
       1.4851477212004303e+02, 3.7127781935522643e+02,
       6.3931041762998791e+02, 1.4851477212004303e+02,
       1.4582423667498556e+03, -7.9290310292449391e+01,
       2.7139523023826695e+02, 3.7127781935522637e+02,
       -7.9290310292449405e+01, 7.7512483269887491e+02,
       9.0428778489031265e+03, 1.3177762035979110e+03,
       5.5909564619856053e+02, -1.1572999037798602e+03,
       1.3177762035979108e+03, 2.4245211076076148e+03,
       -3.2282687829260010e+02, 1.7102546142424234e+02,
       5.5909564619856053e+02, -3.2282687829260004e+02,
       2.2718837670393154e+03, -1.6989770288419979e+02,
       -1.1572999037798602e+03, 1.7102546142424231e+02,
       -1.6989770288419979e+02, 6.4971862287999795e+02,
       3.8174195199521123e+03, -1.3257542232485239e+03,
       7.6634192721786451e+02, -5.0306452073021921e+02,
       -1.3257542232485239e+03, 3.8088623087552110e+03,
       1.4805991685325213e+02, 1.0917040437246635e+03,
       7.6634192721786451e+02, 1.4805991685325216e+02,
       9.4298685442012686e+02, -7.0823382684262839e+01,
       -5.0306452073021916e+02, 1.0917040437246635e+03,
       -7.0823382684262853e+01, 1.1569929854347017e+03,
       2.6750284640719033e+03, -3.9997905240224287e+02,
       1.2447960113655392e+03, -3.0567880668878939e+01,
       -3.9997905240224298e+02, 8.8656905303054009e+03,
       2.0314257767171642e+02, -6.1897540166732335e+02,
       1.2447960113655392e+03, 2.0314257767171637e+02,
       1.1803249970736106e+03, 2.8344521676772308e+02,
       -3.0567880668878939e+01, -6.1897540166732335e+02,
       2.8344521676772308e+02, 1.9194982615932727e+03,
       1.5004833940387336e+03, -1.1438585888643929e+03,
       2.4229184498840573e+02, 1.1958629179328607e+02,
       -1.1438585888643929e+03, 1.3666393305989359e+04,
       6.1444895449549449e+02, -7.6536078576514819e+02,
       2.4229184498840573e+02, 6.1444895449549449e+02,
       5.5311368817129858e+02, 4.8156454411474442e+02,
       1.1958629179328614e+02, -7.6536078576514819e+02,
       4.8156454411474448e+02, 2.3874220561100965e+03,
       2.4637341186382255e+03, -1.5354447143484575e+02,
       -5.6825940010358401e+01, -6.8643862163764817e+00,
       -1.5354447143484575e+02, 2.2096538105838758e+03,
       -1.5444012045134397e+02, -5.4299273049452779e+02,
       -5.6825940010358423e+01, -1.5444012045134403e+02,
       8.8117268297607313e+02, -4.3121242520914052e+01,
       -6.8643862163764817e+00, -5.4299273049452768e+02,
       -4.3121242520914059e+01, 8.6537187945165090e+02,
       2.0875839861163727e+03, -1.0702650642265078e+03,
       3.5615412919786405e+02, 2.9817776493547962e+02,
       -1.0702650642265073e+03, 7.4266492618028524e+03,
       4.6049181888855458e+02, 5.4911641751447473e+02,
       3.5615412919786405e+02, 4.6049181888855458e+02,
       4.5184943169934593e+02, 4.1752560655137768e+02,
       2.9817776493547962e+02, 5.4911641751447451e+02,
       4.1752560655137762e+02, 1.9868080401577658e+03,
       8.1936234165981859e+03, 1.8090595053043717e+03,
       -2.3443995431441178e+02, -1.3032635157771651e+03,
       1.8090595053043717e+03, 2.5662097141709787e+03,
       -1.5364211867920787e+02, 1.5503557253063192e+02,
       -2.3443995431441172e+02, -1.5364211867920787e+02,
       2.2756617112248591e+03, 4.2946687871953810e+02,
       -1.3032635157771651e+03, 1.5503557253063195e+02,
       4.2946687871953810e+02, 8.4837979476628038e+02,
