%YAML:1.0
means: !!opencv-matrix
   rows: 17
   cols: 10
   dt: d
   data: [ -5.7493901347164325e+01, 9.8523709888707884e+01,
       5.1830739724856345e-01, -4.6302021757591987e+01,
       9.6371580627650459e+00, 3.7021946583672087e+00,
       1.8609711067777330e+00, -2.3997315194136903e-01,
       -2.7359861122828760e-01, -2.5784645455740354e-02,
       4.3841992141959931e+00, -3.6279368199735060e+01,
       2.0062822388511446e+01, 5.6738121607215497e+00,
       3.1271804350417948e+01, 5.1364196824196808e+00,
       1.7032108078207604e+00, -9.7486485452257288e-01,
       4.0707075384185651e-02, 5.2999423759972256e-02,
       -1.5792679875301843e+02, -3.7273807969427702e-01,
       4.1615381082849510e+01, -9.7279607359883133e+00,
       -1.6470078301730116e+00, 3.7859724360302649e+00,
       7.6210611120522609e-01, 1.2240149872397779e+00,
       -7.8509605649116376e-01, -3.6331720849086493e-02,
       1.7402942949667668e+01, -2.4178185058586092e+01,
       2.3599024678554023e-01, 1.9986571181434748e+01,
       -8.4193865239739574e-01, 2.0052024803961700e+01,
       1.9054368676020239e+00, 3.5086860488508742e-01,
       9.3991323943605473e-02, -2.4793947844448555e-01,
       6.5539997995675122e+01, 7.5813856554028220e+01,
       -1.7952233958038796e+01, -3.4356871182956027e+01,
       3.4348042432430641e+00, -5.7928002348067062e+00,
       5.9081860088474281e-01, -3.8507852859112002e-01,
       -4.4627594374730084e-01, 1.0172625521443336e-01,
       3.4049437602878967e+01, 1.2766996739327664e+02,
       -2.8943259994589059e+01, -5.2451621646269693e+01,
       -8.9117348405787293e+00, 1.7870971826212398e+00,
       2.2134606206932950e+00, -3.0530356130085409e-02,
       -2.3414651638247785e-01, -1.1101806452534575e-01,
       3.1402697699443429e+01, 4.7174425761154865e+01,
       -8.2223125684618878e+00, -2.3680724461210854e+01,
       -3.1140505990065765e+00, -8.0428362440567067e+00,
       -8.1000354451757062e+00, 5.4358326082395958e-01,
       6.3221895829739800e+00, 1.2833207751671554e+00,
       -8.0298262833425440e+00, -3.4811698609900212e+01,
       5.2417155786872955e+00, -4.4584157410121659e+00,
       1.3731454962004731e+01, -1.2746445531234572e+01,
       -3.6104087710404689e+00, 3.5166442515465435e+00,
       5.6269190619492182e+00, -1.2849601621805826e+00,
       5.3419885019470179e+01, -3.1525642970351353e+01,
       -1.3754936476645250e+01, 2.1686856464356971e+01,
       2.1890379566602647e+01, -3.3798902596182425e+00,
       -9.5198994479941332e-03, -7.3021755091453844e-01,
       -7.9681052074653658e-01, 2.0439535092341882e-01,
       9.9524802106379937e+01, -4.4988533610193372e+01,
       -2.1938731322205506e+01, 3.6757963813384400e+01,
       -2.7516041322500698e+01, 2.3421389016765868e+01,
       1.1171262297935032e+00, 1.3049087326679079e+00,
       4.9279592765673924e-01, 3.6680212789669479e-02,
       1.8975905745815376e+02, 1.4291878699256765e+01,
       -4.9318236380278144e+01, 1.2436568755429278e+01,
       -9.5641480573291862e+00, -6.7152173101911714e+00,
       1.1144195646793003e+00, -4.5060706254192323e-01,
       -9.2276063048368795e-01, -2.4574627289483644e-01,
       -1.3601554934838745e+02, 1.2027551298603508e+02,
       1.3254203197084097e+01, -5.3330315220349938e+01,
       -1.9743363095988300e+01, -2.8016161956910062e+00,
       7.0980955487205066e-02, -2.7292242209880513e-01,
       -5.5924857544278417e-01, -3.5062609212181212e-01,
       -5.4510128441082397e+00, -2.4476376198825267e+01,
       -4.0485702791920621e+00, 7.7702562058246034e+00,
       -9.8239006639963868e+00, -1.1782994096092548e+01,
       -9.9427851634964023e-02, -8.0153117808786023e-01,
       -1.4657657238254769e+00, 1.6769187844659306e-01,
       2.7403106070018413e+00, -1.9003837375237703e+02,
       1.5190187659290540e+01, 6.5586475251621323e+01,
       1.1602823757980476e+01, -1.9154031874634271e+01,
       -1.7316158795587555e+00, -9.5584679172568987e-01,
       4.6433360461762230e-01, -1.3756798387346241e+00,
       -1.8880198909692189e+02, -2.4183553663618049e+01,
       3.4354426348890478e+01, -9.8126984738623051e+00,
       -4.5375333833683973e+00, -4.3061045527901589e+00,
       -2.7680739640708985e+00, -1.6649862585179140e-01,
       4.3559971955794055e+00, 7.6136723934814499e-01,
       -1.7465883934995219e+02, -1.0291111834167943e+02,
       4.9015461337886002e+01, 3.6200756587936674e+01,
       -3.0933761971931421e+01, -1.7980409324682753e+00,
       -2.6091748239715513e+00, -1.2724684905286612e-01,
       -1.1313574462739435e+00, 2.4231102148466006e-03,
       1.4420945931096668e+02, 1.1064535789568950e+01,
       -3.5343143977174122e+01, 1.0936978487700129e+01,
       -1.1734485242555875e+01, -7.8610656417971700e+00,
       -2.1812286712209676e+00, 4.4177353664205782e-01,
       -7.1829377209661549e-01, 1.5987037560121256e-01 ]
