%YAML:1.0
means: !!opencv-matrix
   rows: 33
   cols: 3
   dt: d
   data: [ -1.8650561876117322e+02, -4.9234957161036533e+01,
       5.1849009827364618e+01, 1.2218857378011739e+02,
       7.3912924702510907e+01, -3.4196921026502345e+01,
       2.1090724314826858e+01, -1.5152702930766839e+02,
       9.7638108160850425e+00, -3.2725958987776458e+01,
       1.4912591421729977e+02, -6.8228549919031636e+01,
       2.2780317921191522e+02, -5.5533092186643316e+01,
       -2.4942782553314636e+01, 9.7665882397746998e+01,
       -6.7380016441466609e+01, 6.0686113673608922e+01,
       -1.1857504994482207e+02, 3.1923173091867142e+01,
       3.4738295212815565e+01, 5.1749871047690705e+00,
       9.3103660242543484e+01, 7.4081045210435770e+00,
       -2.7482080461945799e+02, -4.3370438415565502e+01,
       -1.2914885130719586e+01, -5.0709162682919668e+01,
       -7.0888391165001332e+00, -2.6494754494936434e+01,
       2.3826524777413837e+02, 1.5084052330678908e+01,
       1.3448793156013599e+01, -1.4727095580881888e+02,
       1.5896698335345457e+02, 1.1037167351832622e+01,
       -2.0109392582560741e+02, 6.5879749730330985e+01,
       -2.9956722043959772e+01, 3.2346982810256684e+01,
       -1.0447225963203475e+02, -8.5598379065874283e+01,
       -7.6547906608167750e+01, -1.1106756540807460e+02,
       -4.7724574940899579e+01, 8.2070076164582204e+01,
       1.7827296273249189e+02, 7.9307512147035970e+00,
       -2.3361302222139318e+02, -1.4966286270959927e+02,
       1.0620199530827648e+00, -1.0966116614441907e+02,
       -9.1525477094180886e+01, 1.0103407279208713e+02,
       -5.4266067335661958e+00, -2.7177587372652170e+02,
       -1.1821124082059765e+01, 8.1927053828376799e+01,
       8.3535532262029889e+01, 6.6119182414362200e+01,
       9.2504214862186316e+01, -1.4995152239188792e+02,
       7.9812908308113876e+01, -8.3843502531318734e+01,
       7.1948898287311522e+01, -4.7545988043095036e+01,
       -3.8179572069727968e+01, 7.1841760159553161e+01,
       8.4716754886367355e+01, 1.7085909322848187e+02,
       1.3997536867987196e+02, 4.7220594811032448e+01,
       1.5683851126194412e+01, 1.7083905077929114e+01,
       -6.3663622882666310e+01, 1.1842921945510265e+02,
       -9.9887824781155388e+01, -1.5802280162552073e+01,
       7.0897583043799330e+01, 2.0051689743695590e+01,
       1.5665700291510461e+01, -2.5788047203602662e+01,
       1.8756840081098323e+02, 3.8433497681186239e+01,
       -6.0416973865682287e+01, -3.1894153347404366e+01,
       9.4591025819205427e+01, 1.6263035404784029e+02,
       -7.2173825227367798e+00, 3.3900193213494958e+01,
       -1.5246960474719418e+02, -5.4878633668743127e+01,
       -1.9427674656689016e+00, 1.9826151341909277e+01,
       -6.7239443668700645e+01, 1.7634113678948424e+01,
       1.0864549878523114e+02, -3.9436100352839347e+01,
       -7.2905046867489318e+01 ]
covs: !!opencv-matrix
   rows: 99
   cols: 3
   dt: d
   data: [ 2.6895339457660052e+03, -1.3663387854392279e+03,
       8.9956269756525512e+02, -1.3663387854392279e+03,
       8.7199067521345878e+03, 5.2755684027821030e+02,
       8.9956269756525535e+02, 5.2755684027821030e+02,
       8.3539139105743732e+02, 3.8470930639533190e+03,
       1.1853526398507531e+01, 1.0719362821320747e+03,
       1.1853526398507515e+01, 3.3897645676411175e+03,
       7.3127466998774835e+01, 1.0719362821320747e+03,
       7.3127466998774793e+01, 1.8296805916777521e+03,
       2.4896434799888361e+03, -4.7879058594722557e+02,
       9.4136202775830395e+02, -4.7879058594722557e+02,
       2.1269858941333155e+03, -8.5174679400772945e+01,
       9.4136202775830395e+02, -8.5174679400772945e+01,
       1.0475780995281516e+03, 5.2925849051665673e+03,
       -1.7512037249535899e+03, -6.5179284328609981e+02,
       -1.7512037249535897e+03, 4.6058421863901476e+03,
       3.7840602666620964e+02, -6.5179284328609981e+02,
       3.7840602666620964e+02, 8.3855801282499306e+02,
       2.7414266969414211e+03, -4.2702461352563529e+02,
       6.8935343380591451e+02, -4.2702461352563529e+02,
       3.6810789850466599e+03, -1.7840530717130105e+02,
       6.8935343380591462e+02, -1.7840530717130105e+02,
       7.4412256793227027e+02, 1.3146849571906121e+03,
       -5.7117153074808868e+02, 3.2402330268348180e+01,
       -5.7117153074808857e+02, 5.2125117704421136e+03,
       6.7287263224546462e+02, 3.2402330268348180e+01,
       6.7287263224546450e+02, 4.7772319751822846e+02,
       3.0551049144323160e+03, -1.2841242930844901e+03,
       5.8030271806954261e+02, -1.2841242930844905e+03,
       4.7402994449129201e+03, -8.6528992105459750e+01,
       5.8030271806954249e+02, -8.6528992105459722e+01,
       8.7624457681184003e+02, 2.2692957005962539e+03,
       2.5148900452779546e+02, 2.9852004954961740e+02,
       2.5148900452779532e+02, 3.1961872047509064e+03,
       -5.6564869102044474e+02, 2.9852004954961745e+02,
       -5.6564869102044452e+02, 1.0986419429730261e+03,
       2.0361105683309522e+03, -9.9025493608330817e+02,
       1.7840187799723032e+02, -9.9025493608330794e+02,
       7.9258876143566386e+03, 7.1248136301778425e+02,
       1.7840187799723029e+02, 7.1248136301778425e+02,
       4.3482800465671096e+02, 1.5230428652285234e+03,
       1.5948464402365042e+02, 7.1281281919019079e+02,
       1.5948464402365042e+02, 2.7107019197205109e+03,
       5.3516902674795597e+02, 7.1281281919019079e+02,
       5.3516902674795597e+02, 1.2609128208863019e+03,
       1.9646239105680513e+03, 5.8581077694818555e+02,
       2.0829134718374189e+02, 5.8581077694818578e+02,
       6.4439828111040742e+03, 1.6472770213577621e+02,
       2.0829134718374189e+02, 1.6472770213577616e+02,
       3.8624197758273277e+02, 3.6112705514829299e+03,
       -7.5466950337364881e+02, 1.1396944713651728e+03,
       -7.5466950337364892e+02, 3.5165131447475173e+03,
       -8.0046918398881326e+02, 1.1396944713651728e+03,
       -8.0046918398881292e+02, 1.5107274559357913e+03,
       3.1169548727208949e+03, -7.9790310460796115e+02,
       -2.6329834531712493e+02, -7.9790310460796138e+02,
       4.8023421894258936e+03, -1.2640216593187053e+02,
       -2.6329834531712493e+02, -1.2640216593187053e+02,
       9.8584269378311058e+02, 1.1961799917642488e+03,
       -4.1122558029321880e+02, 3.6925808847026877e+02,
       -4.1122558029321880e+02, 2.6301922045053925e+03,
       -6.1490548279761583e+01, 3.6925808847026877e+02,
       -6.1490548279761562e+01, 6.1778765851368769e+02,
       2.0762979815566373e+03, -5.1938867729470178e+02,
       1.2979294642755860e+02, -5.1938867729470189e+02,
       4.3678891071833950e+03, 1.2348241468933826e+02,
       1.2979294642755863e+02, 1.2348241468933823e+02,
       5.1722053549646432e+02, 4.2485010714746804e+03,
       -1.1702681323441602e+03, 1.6291101730408363e+02,
       -1.1702681323441600e+03, 3.6678483569918603e+03,
       3.7234004391336647e+01, 1.6291101730408366e+02,
       3.7234004391336626e+01, 1.2025872798967448e+03,
       2.7448063181570747e+03, -4.1233542933055782e+02,
       9.1910984320354908e+02, -4.1233542933055782e+02,
       4.6376320834115286e+03, 1.8904826388866792e+02,
       9.1910984320354885e+02, 1.8904826388866792e+02,
       6.8427191632528627e+02, 1.3691745075188255e+03,
       -1.1706710543568968e+03, 2.4117556742129440e+02,
       -1.1706710543568965e+03, 8.2138185182693414e+03,
       7.5926986562481693e+02, 2.4117556742129440e+02,
       7.5926986562481693e+02, 4.9317430277109480e+02,
       3.6296682138550909e+03, -3.7255792741583116e+02,
       1.8220236620800429e+03, -3.7255792741583110e+02,
       3.8349440236835349e+03, 7.7013077175347360e+02,
       1.8220236620800429e+03, 7.7013077175347394e+02,
       1.6425221057722922e+03, 1.3087068158801828e+03,
       -4.4704828377133873e+02, 1.9665437478197785e+02,
       -4.4704828377133896e+02, 4.2084974699825489e+03,
       -3.4496341615660191e+02, 1.9665437478197788e+02,
       -3.4496341615660197e+02, 5.7868423524337129e+02,
       1.4717439934203464e+03, -1.5431749985748800e+03,
