%YAML:1.0
means: !!opencv-matrix
   rows: 38
   cols: 4
   dt: d
   data: [ 1.8453255747764953e+01, -1.2283776855628700e+02,
       -2.3085694968451172e+01, -4.2778014089519779e+01,
       3.1390066525362094e+01, 6.8607080745138205e+01,
       4.3380521403886391e+01, 5.5633079520043594e+01,
       4.4290071121057352e+01, 1.8006457991214270e+02,
       1.8958205902940055e+01, -2.1701216613401071e+00,
       -2.5701761711634441e+02, 8.0650622188900442e+01,
       -4.6444364248824094e+01, -2.6356108562345536e+01,
       1.4717624175366845e+02, -3.1206284929427575e+01,
       2.0335342183742160e+01, 3.7024653710516198e+01,
       -7.2549686604854287e+01, 2.0706360892970523e+01,
       6.4159277456535563e+01, -7.4637742031728521e+01,
       4.9896095056737799e+01, -5.1835956672753669e+00,
       -4.8284279198880583e+01, 7.8372682006846290e+01,
       -2.9187620249419570e+01, -3.0457063154644270e+01,
       9.3651705382155455e+01, 5.2393856412138096e+00,
       -7.8647725190585971e-01, 1.0692156471370035e+02,
       -7.2030292676984004e+01, 1.5699440487541604e+01,
       -1.3862151344683986e+02, -3.8960133390104744e+01,
       2.3772409320318825e+01, 2.7606362970021106e+01,
       4.3224330294201508e+01, -1.0494479202154398e+02,
       -7.6389635801181342e+01, 1.5077500437466403e+01,
       1.3929455899345669e+02, -5.2216982350461102e+01,
       4.9071583792629156e+01, -4.7647058405916390e+01,
       -4.0027282944006046e+01, -9.6219145289067754e+01,
       -1.7735449837567696e+01, 2.9473137881648181e+01,
       1.3025861210681012e+02, 1.2377505668167785e+02,
       4.8573239492839868e+01, -2.3898505553497746e+01,
       1.4510466152468379e+02, -1.2882814135002258e+02,
       -1.0694841006329687e+01, -1.0826781315226574e+01,
       -6.1478304033989183e+01, -3.9138862889339066e+01,
       -5.1859430441709762e+01, -9.1512266537030431e+00,
       9.5826668126613512e+01, 1.4898894291451331e+01,
       8.4360579447285275e+01, 2.7288002472400336e+01,
       -1.0892714464114567e+02, 1.0893588776485421e+02,
       -7.7329876702751150e+01, -3.3290398707476648e+01,
       -1.4942696356441184e+02, -2.0813398749322268e+01,
       8.9055707837365063e+01, 3.3252309898319417e+01,
       -9.2313954635241828e+01, 2.1794826985360800e+02,
       -2.5753754178490940e+01, 1.6197057135151471e+01,
       -1.8512618559738220e+02, -6.3106993420447912e+00,
       4.4495443737044038e+00, -5.4001363008119334e+01,
       -2.6367540660245351e+02, -6.0277932825339334e+01,
       4.4665617598316896e+00, 4.0717682060875575e+01,
       1.1551027796319302e+02, -3.0293311332053957e+01,
       -7.6955405077905382e+01, 4.1212523203077858e+00,
       1.9754751164327189e+02, -2.4290472816310917e+01,
       -7.1633585728268336e+00, -2.2375885709771151e+01,
       -9.0587055365045501e+01, -9.9450525387617319e+01,
       -4.9778409607657842e+01, 2.2591197222970997e+01,
       1.3505215923312178e+02, 9.4104023978712064e+01,
       -3.5554595274242573e+01, 4.8326368265358859e+01,
       -3.2580701380158146e+01, 2.7029587827177711e+01,
       -7.1892424466835166e+01, -6.1128104852172775e+01,
       -8.3572313564117934e+01, 1.3209950756416478e+02,
       7.8130284908494986e+01, -1.7433910314229195e+01,
       -1.2785299927314188e+02, -1.5000431793840499e+02,
       7.4137125368032969e+01, -3.1711719074976912e+01,
       5.1376224548087016e+01, 9.3497530364968526e+01,
       -6.0259699625392189e+00, -5.0114818920797411e+01,
       -2.3756181158683052e+02, -1.6467482688346922e+02,
       -9.4018317991637694e+00, -2.2039006768233918e+01,
       6.2457417602698342e+01, -4.6233306363749689e+00,
       -2.0507253122831976e+01, -9.0651442465501333e+01,
       9.2255371150559959e+00, -2.1551241214491264e+02,
       2.5907523767901610e+00, -1.4697376628201482e+00,
       3.9890979251251451e+01, -4.4209151927739200e+01,
       3.2456380698296911e+01, 9.9008502635758351e+00,
       -1.9638627613109736e+02, 1.0362798671990809e+02,
       1.1611333592528011e+01, 9.2794138234653101e+00,
       4.1491056573564784e+01, -2.3377044694721087e+02,
       2.5448396770994361e+01, 7.8122488288587491e+01,
       2.3320881455371949e+02, 2.5237171506031242e+01,
       2.4140996957737485e+01, 4.0624262643902313e+01,
       -7.3082832234414994e+01, 4.2885140169087464e+01,
       -2.7039138316439981e+01, 6.5834083396375220e+01 ]
