%YAML:1.0
means: !!opencv-matrix
   rows: 12
   cols: 8
   dt: d
   data: [ 8.0987497155984087e+01, -5.2438182656973581e+01,
       -2.2594653736491949e+01, 3.1738979687682424e+01,
       -4.8126348075989860e+00, 1.0337338088184582e+01,
       -3.1898995099938654e+00, -6.7216789200585447e-01,
       4.0634778829881775e+01, 1.3940568103467552e+01,
       -2.8105271602726285e+00, -1.7568250656885937e+01,
       -3.4119794525056673e+00, -8.7732742416937946e+00,
       1.5599092457901945e-01, 5.7282796516480339e-01,
       4.4561986858712473e+01, 1.9063495927750694e+01,
       -1.0751289646253440e+01, -2.2547347469612466e+00,
       1.9972383610722591e+01, 3.0573434073091637e+00,
       1.0666081802089453e+00, 1.2946843039139986e+00,
       3.5971789047212674e+01, -9.7699975307904069e+01,
       -1.1388486710271751e+01, 6.6538527568204898e+01,
       -3.9804762946585650e+00, -6.3538804990605136e-01,
       2.0630777281342572e+00, -3.2346749657212354e-01,
       1.4671109935122647e+02, -1.1392087373546378e+00,
       -4.0079575439613663e+01, 3.5914520573271069e+00,
       -5.9321492752155436e+00, 1.2499537539685729e+01,
       -2.6367104532653290e-01, 9.7239303121956489e-01,
       -1.9266136875680792e+02, 8.8167498490195783e+01,
       3.9267605487166982e+01, -5.0325536016605369e+01,
       -2.2096130494216009e+01, 1.1226171371308725e+01,
       -3.3451347666534068e+00, 9.4739349537222894e-01,
       6.7151051027068025e+00, 1.2769037447539650e+02,
       3.6319457452967390e+00, -7.0652578666574584e+01,
       1.6776373962421530e+01, 6.8079498919735517e+00,
       -9.8009525230406314e-01, 1.2875182328087411e+00,
       -8.7151817865899915e+01, -9.1061989990283848e+01,
       1.9368736245039297e+01, 5.7391081950739469e+01,
       -2.0499097858772255e+00, -2.1472063118277354e+00,
       1.2349784006041857e+00, -7.3156975364971688e-01,
       -1.4789408366625872e+02, 3.0915081791697705e+01,
       3.8638642002516271e+01, -1.9428058403584068e+01,
       -1.8251633997184655e+00, -4.3404416707664684e+00,
       4.8351792937489663e-01, -8.6144392363041902e-02,
       -3.0378571857264369e+01, 9.6420726375712018e+00,
       2.0323627923442849e+01, -7.0068389249732608e+00,
       2.8428127484003678e+01, -1.1317061835061159e+01,
       -5.0768869605545131e-01, -1.3272995614663146e+00,
       8.1970345932164392e+01, 1.6225429925678203e+01,
       -2.3542768506666629e+01, -3.2190527529065221e+01,
       -2.6341551467197753e+01, -1.9745936353989290e+01,
       9.8161696345680383e-01, -2.3647175312636950e+00,
       -1.8150513246825378e+02, -3.3426510648938184e+01,
       4.0226953698597491e+01, 2.3262572537684186e+01,
       -6.2873844582327676e+00, 4.0609472503320436e+00,
       5.6417069175294332e-01, -1.8542980956748970e-01 ]
covs: !!opencv-matrix
   rows: 96
   cols: 8
   dt: d
   data: [ 5.9682133932909355e+03, 1.2579812551202074e+03,
       2.8801130965711104e+03, -4.8483387315132512e+02,
       -1.0961011857735313e+02, 1.3259538060575133e+02,
       -1.8249410616234542e+02, -5.4364167136801640e+01,
       1.2579812551202074e+03, 7.6887483479459897e+03,
       -9.8807107904675021e+01, 1.5231135943215238e+03,
       -1.6584538925835393e+00, 1.3869703308779782e+02,
       -8.2053113630495687e+01, -8.4789430347435371e+01,
       2.8801130965711095e+03, -9.8807107904675064e+01,
       2.6874702926760356e+03, 8.7918345595261513e+01,
       -8.6426529147966292e+01, 4.6590609967014750e+01,
       2.6301613254737209e+01, 3.3118213887366217e+00,
       -4.8483387315132512e+02, 1.5231135943215238e+03,
       8.7918345595261499e+01, 1.6397919470751635e+03,
       -9.8424488670421439e+01, -2.2859669316288668e+02,
       5.2363088494470468e+01, 4.3382150865057319e+01,
       -1.0961011857735318e+02, -1.6584538925835326e+00,
       -8.6426529147966278e+01, -9.8424488670421439e+01,
       1.1054712009484646e+02, 4.4208472387757219e+01,
       -9.5760102007203169e+00, -4.2034326917313427e+00,
       1.3259538060575130e+02, 1.3869703308779782e+02,
       4.6590609967014771e+01, -2.2859669316288665e+02,
       4.4208472387757219e+01, 1.1171870392072736e+02,
       -1.7245157891210983e+01, -2.1777362500517739e+01,
       -1.8249410616234542e+02, -8.2053113630495702e+01,
       2.6301613254737212e+01, 5.2363088494470460e+01,
       -9.5760102007203169e+00, -1.7245157891210987e+01,
       5.2510555237008667e+01, 1.1791362046123513e+01,
       -5.4364167136801655e+01, -8.4789430347435371e+01,
       3.3118213887366230e+00, 4.3382150865057341e+01,
       -4.2034326917313427e+00, -2.1777362500517739e+01,
       1.1791362046123508e+01, 2.1963429638302618e+01,
       8.1709290427993665e+03, 2.2997602100135373e+02,
       2.3998849455925047e+03, -2.0391246500715076e+02,
       -2.5222965802026073e+02, 3.9234350084310215e+01,
       -1.3090295554743028e+02, -3.8661529584487745e+01,
       2.2997602100135373e+02, 7.3567134827074105e+03,
       -1.9524669478438858e+02, 1.5679304168328736e+03,
       -1.0574942180234115e+02, -1.7263673522234470e+02,
       4.8596811530404672e+01, -2.8226364546389743e+01,
       2.3998849455925047e+03, -1.9524669478438852e+02,
       2.6698718548560410e+03, 1.3703601283958264e+02,
       1.4166150884066585e+02, 8.0199093745332817e+01,
       9.4281912299130965e+00, 1.1274054326840382e+01,
       -2.0391246500715076e+02, 1.5679304168328736e+03,
       1.3703601283958261e+02, 1.7057258433686543e+03,
       5.4809913216419332e+01, 1.7140812024795474e+02,
       -6.3181333600641727e+00, -7.6874128198009373e-01,
       -2.5222965802026073e+02, -1.0574942180234116e+02,
       1.4166150884066585e+02, 5.4809913216419318e+01,
       3.0439444930602855e+02, 6.9122833908754174e+01,
       -1.5245991498098110e+01, 2.5565559426783535e+00,
       3.9234350084310229e+01, -1.7263673522234475e+02,
       8.0199093745332817e+01, 1.7140812024795471e+02,
       6.9122833908754174e+01, 2.4857189432486632e+02,
       4.6110166095504086e+00, -7.7873951639811221e+00,
       -1.3090295554743031e+02, 4.8596811530404686e+01,
       9.4281912299131001e+00, -6.3181333600641709e+00,
       -1.5245991498098112e+01, 4.6110166095504086e+00,
       2.9728864342365707e+01, 3.7845554656476899e-01,
       -3.8661529584487752e+01, -2.8226364546389746e+01,
       1.1274054326840382e+01, -7.6874128198009339e-01,
       2.5565559426783517e+00, -7.7873951639811221e+00,
       3.7845554656476921e-01, 1.6578398556200870e+01,
       6.4912054097240934e+03, 7.0344781205674019e+02,
       2.3011693718723332e+03, -1.9109690842930857e+02,
       -7.9654861428913352e+02, 5.9603566336742780e+01,
       -3.4937998408828122e+01, 1.5958845124436412e+01,
       7.0344781205673996e+02, 7.8569402663395076e+03,
       -1.5082556195191322e+02, 1.1082943391182455e+03,
       -1.5223782044647757e+02, -3.1210092395639219e+02,
       4.2710055792221816e+01, -1.0023408411198265e+01,
       2.3011693718723332e+03, -1.5082556195191319e+02,
       2.6728905483082999e+03, 5.1893810863564788e+01,
       1.2825440786885369e+02, 1.1847580326706964e+01,
       2.0070010583749962e+01, -3.2391786675922187e+00,
       -1.9109690842930851e+02, 1.1082943391182457e+03,
       5.1893810863564774e+01, 1.6868056909330512e+03,
       1.5186684624085524e+01, 2.7941447690566360e+01,
       -2.4244853414344441e+01, -4.2835219659901904e+00,
       -7.9654861428913341e+02, -1.5223782044647757e+02,
       1.2825440786885369e+02, 1.5186684624085524e+01,
       2.8180825072524595e+02, 3.1844033691249893e+00,
       -1.9323859355139618e+01, -4.7601126161933491e+00,
       5.9603566336742794e+01, -3.1210092395639219e+02,
       1.1847580326706963e+01, 2.7941447690566370e+01,
       3.1844033691249902e+00, 1.0982938884710329e+02,
       6.9808060051110310e+00, -1.5135391976353468e+01,
       -3.4937998408828129e+01, 4.2710055792221830e+01,
       2.0070010583749966e+01, -2.4244853414344441e+01,
       -1.9323859355139614e+01, 6.9808060051110328e+00,
       2.1394987128652090e+01, -2.8200897370438858e+00,
