%YAML:1.0
means: !!opencv-matrix
   rows: 41
   cols: 1
   dt: d
   data: [ -5.0597201582230767e+01, 1.8873963554801421e+02,
       9.1900565061596069e+01, -2.3749588351318070e+02,
       1.5050067849886823e+01, -1.3097810085746437e+02,
       2.6630018824530993e+02, 1.3781492093902608e+02,
       -3.2188500596943487e+02, -8.9500253059558275e+01,
       -2.0240022654008172e+02, 2.7785002243411694e+00,
       -1.6516272194094390e+02, 6.6537553595525395e+01,
       1.5439177650770648e+02, -2.5705883131433291e+02,
       3.1351549442516512e+02, 4.0543846670321663e+01,
       1.2189749657535872e+02, -2.3135054355966847e+01,
       2.4226690600914063e+02, -1.0166225088832915e+02,
       -6.4385985797389168e+01, -2.9851024662811750e+02,
       1.0588387605416061e+02, 2.2260402156806512e+02,
       -3.6839770602215083e+01, 5.3767654433153083e+01,
       1.7092612720903909e+02, 2.9070131368834495e+02,
       -2.2131104146480126e+02, -3.4764776720535980e+02,
       -1.1506374150930610e+02, 2.0528532352155685e+02,
       2.8018015277620556e+01, -7.7034963575260988e+01,
       -1.4780937690279035e+02, 7.8709934835037856e+01,
       -9.7031703603282864e+00, -1.8387534816631526e+02,
       -2.7636400565320326e+02 ]
covs: !!opencv-matrix
   rows: 41
   cols: 1
   dt: d
   data: [ 4.1592522146848758e+01, 5.6252320513521823e+01,
       4.7731536536447692e+01, 9.7117973122644855e+01,
       3.9999062349225284e+01, 5.6974401912189940e+01,
       1.6050162969328181e+02, 7.3077086607605949e+01,
       2.1264393396681709e+02, 4.2780944794326714e+01,
       7.0050602941182788e+01, 4.1830200015879065e+01,
       7.2909775404205050e+01, 3.6559664997474499e+01,
       7.6633250532700330e+01, 1.0425283531815053e+02,
       8.0726269914842214e+02, 3.6974566596968842e+01,
       6.1778087052022535e+01, 4.1329305486589696e+01,
       9.2844233146489529e+01, 4.2793183382980985e+01,
       4.2553676283995898e+01, 1.4071470673001153e+02,
       5.2534542452904326e+01, 6.6693827723152921e+01,
       4.1305260973468499e+01, 3.4212510404371734e+01,
       6.6981413310334105e+01, 3.6956775583081833e+02,
       8.7961331125547687e+01, 5.5823991594315362e+02,
       4.6449608199250385e+01, 5.5345559599862391e+01,
       3.9825098877683835e+01, 4.5171664545945667e+01,
       6.9267913563776318e+01, 4.1311876779004301e+01,
       4.1451487386980922e+01, 6.7532653353461200e+01,
       1.0968262381189365e+02 ]
weights: !!opencv-matrix
   rows: 1
   cols: 41
   dt: d
   data: [ 3.3908535958099582e-02, 2.0223701074103654e-02,
       3.6227146307225407e-02, 1.4917368991206980e-02,
       3.7091735408910892e-02, 2.8583937296335959e-02,
       8.4472948106766900e-03, 3.1682915698272855e-02,
       5.1375253265876488e-03, 2.9635272646994990e-02,
       2.0102652483681760e-02, 3.4630724549972423e-02,
       2.3423294083572251e-02, 3.4593883685864031e-02,
       2.8834445125282649e-02, 1.1431584872955385e-02,
       3.9291242384850936e-03, 3.7325713017576471e-02,
       3.8052962588746873e-02, 3.5041832605563032e-02,
       1.1973410067134233e-02, 2.5667490890617910e-02,
       3.2070793628490649e-02, 7.2252482764885093e-03,
       3.9282819338081365e-02, 1.3354523662585530e-02,
       3.4815370172287058e-02, 3.7775549018207032e-02,
       2.6228652082565647e-02, 6.5348187407428477e-03,
       1.6153545580282862e-02, 3.3315873908954115e-03,
       2.7010006389854953e-02, 1.5892169364333100e-02,
       3.5371398664177808e-02, 2.8673068760228432e-02,
       2.3975016283790611e-02, 3.4932265018147980e-02,
       3.4395173647421007e-02, 2.0618004014038276e-02,
       1.1497438239504427e-02 ]
pca_proj: !!opencv-matrix
   rows: 1
   cols: 21
   dt: f
   data: [ 1.02604255e-02, 8.46533298e-01, 5.67100069e-05,
       -5.08859605e-02, 4.68450844e-01, 1.89823491e-04, -5.55210514e-03,
       1.46431834e-01, -1.98076777e-05, -7.31809530e-03, 1.34976640e-01,
       -4.80776835e-05, -6.69380091e-03, 1.46460637e-01, -1.57161594e-05,
       2.11501210e-05, 1.32904761e-05, -3.16381829e-07, -1.62182951e-05,
       4.47223283e-04, 4.04881848e-06 ]
pca_mean: !!opencv-matrix
   rows: 1
   cols: 21
   dt: f
   data: [ 4.33646118e+02, 2.44701981e+02, 1.49672687e+00,
       4.18191803e+02, 2.60206879e+02, 1.62062907e+00, 3.68545319e+02,
       2.27059875e+02, 1.69770968e+00, 3.19420807e+02, 1.63929108e+02,
       1.75046074e+00, 3.16613464e+02, 2.25532654e+02, 1.70717156e+00,
       1.08872897e-04, -9.74175637e-05, 6.24380555e-05, -2.17504916e-04,
       -2.50119597e-01, 1.75055194e+00 ]
gamma: !!opencv-matrix
   rows: 41
   cols: 1
   dt: d
   data: [ 7.7618018692618285e-01, 8.5584040165262010e-01,
       8.0072098983709439e-01, 8.7624845980412303e-01,
       7.6419658474892482e-01, 8.2442403142587273e-01,
       8.8703418963145420e-01, 8.2934660631903701e-01,
       9.0255010386942025e-01, 7.9846674910025484e-01,
       8.6177120795399198e-01, 7.6292337224270579e-01,
       8.4387935341271869e-01, 7.8507712683317499e-01,
       8.3873167967050022e-01, 8.8319265253045653e-01,
       9.0476800174849548e-01, 7.7192518106755648e-01,
       8.1966912439620276e-01, 7.6576615362138900e-01,
       8.7831070771404052e-01, 8.0608188092213129e-01,
       7.8345070308821285e-01, 8.9602980428404944e-01,
       8.0958644200332297e-01, 8.7061118471592513e-01,
       7.7015598993774637e-01, 7.7805399436029410e-01,
       8.4728657557816567e-01, 8.9590749901641709e-01,
       8.6992949085955940e-01, 9.1047353267894315e-01,
       8.1452965450625070e-01, 8.6329228873091624e-01,
       7.6738915078958481e-01, 7.9088417670179401e-01,
       8.3439991158507831e-01, 7.9240998091247916e-01,
       7.6333839491938227e-01, 8.5320070914082990e-01,
       8.8940219399981968e-01 ]
