%YAML:1.0
means: !!opencv-matrix
   rows: 12
   cols: 4
   dt: d
   data: [ -2.5265158594993991e+02, 1.5761671717062907e+01,
       -1.8915257745691466e+01, -4.0568783625705560e+00,
       1.6408633472080348e+02, 8.7446777517327220e+01,
       -1.1310488801560675e+01, 3.3622825088656995e+01,
       3.4364354213005328e+01, 8.0160758205624219e+01,
       -8.6991919167106587e+01, 2.1461706392934822e+01,
       7.9512250169730791e+01, 8.0889226143213993e+00,
       -2.4890753862946454e+01, -3.7495991353660628e+01,
       -7.1602217554935933e+01, -1.3740214219992544e+02,
       5.6543732754501415e+00, 3.0278853021822645e+01,
       -2.3844926943232387e+00, -1.3959040262032570e+01,
       -9.4941681502621424e+00, -5.3518527682027226e+01,
       -8.6437792809865314e+01, -3.1374215375818423e+01,
       9.6434981953722758e+00, -3.6424397568109576e+01,
       -3.9078615349323172e+01, -2.8893817423660995e+00,
       2.3284807596208426e+00, 8.9485250745028523e+01,
       -1.6623576194024702e+02, 5.0059583106863322e+01,
       5.9544319662064630e+01, -1.7785246468515560e+01,
       1.0750863407000217e+02, -5.2729436806631661e+01,
       -4.1414389456932760e+01, -1.6477689985622805e+00,
       9.3953654160113786e+01, -2.1146940848132456e+01,
       6.3876105386340420e+01, 2.1383499693172432e+00,
       -1.4109664881139757e+01, 1.0582384237578390e+02,
       -9.4748319378173324e-02, 9.8428143396190091e+00 ]
covs: !!opencv-matrix
   rows: 48
   cols: 4
   dt: d
   data: [ 2.8016757670620004e+03, -5.1932985539143249e+02,
       2.4862369886198584e+02, 6.8562389648940416e+02,
       -5.1932985539143249e+02, 1.1433034546917099e+04,
       2.9336515509569239e+02, -6.8445792555594062e+02,
       2.4862369886198584e+02, 2.9336515509569244e+02,
       3.4937269612684071e+02, -5.7744403311160291e+01,
       6.8562389648940416e+02, -6.8445792555594062e+02,
       -5.7744403311160291e+01, 2.5385228577877042e+03,
       3.4396185452959239e+03, -1.0567986137234131e+02,
       1.2096408593643034e+03, -9.0140779146953207e+01,
       -1.0567986137234131e+02, 1.6777560189254239e+03,
       -1.5754852189279319e+02, -2.8367901626410338e+02,
       1.2096408593643034e+03, -1.5754852189279319e+02,
       1.4122633284864860e+03, 2.9373600556186343e+01,
       -9.0140779146953179e+01, -2.8367901626410338e+02,
       2.9373600556186343e+01, 7.7308520294197001e+02,
       2.6882572386556640e+03, 1.4292102794769315e+02,
       -4.0043277313966382e+02, 1.6030337800758576e+02,
       1.4292102794769315e+02, 2.4788328084355589e+03,
       5.7533469168067235e+01, -6.0803663927930813e+01,
       -4.0043277313966377e+02, 5.7533469168067207e+01,
       6.2505430726641850e+02, -1.0202333244389581e+02,
       1.6030337800758576e+02, -6.0803663927930806e+01,
       -1.0202333244389578e+02, 1.1703249934599821e+03,
       3.7634297693378594e+03, 1.8302056053200562e+02,
       2.7990078974771259e+03, 1.6945868122256314e+02,
       1.8302056053200565e+02, 5.1055321958714167e+03,
       1.3540994616148782e+02, 2.1876800315022483e+03,
       2.7990078974771259e+03, 1.3540994616148777e+02,
       2.3309104775037827e+03, 9.8312712052612767e+01,
       1.6945868122256317e+02, 2.1876800315022483e+03,
       9.8312712052612767e+01, 1.0357523618461805e+03,
       7.1521327704557152e+03, -1.8315022327749855e+02,
       7.7392824294819445e+02, 8.7158797429396387e+01,
       -1.8315022327749858e+02, 3.6210070649813088e+03,
       6.5619459383439690e+01, 4.3956879278435008e+02,
       7.7392824294819468e+02, 6.5619459383439690e+01,
       2.7198172825014135e+03, -1.7788215382278722e+02,
       8.7158797429396401e+01, 4.3956879278435008e+02,
       -1.7788215382278730e+02, 6.4726745226890944e+02,
       4.8409251581847238e+03, 1.0919368370128089e+02,
       2.0494658739435195e+03, -6.5361064518503255e+01,
       1.0919368370128083e+02, 6.2392829736719214e+03,
       -1.8544139041619133e+01, -1.4064821306315430e+03,
       2.0494658739435195e+03, -1.8544139041619154e+01,
       1.9499752349680898e+03, -6.9222901773508696e+01,
       -6.5361064518503284e+01, -1.4064821306315430e+03,
       -6.9222901773508667e+01, 1.5366844235972967e+03,
       6.7901571376161583e+03, -8.4603382343831720e+02,
       7.3449526286217565e+02, 1.6869810826887576e+03,
       -8.4603382343831720e+02, 2.8941254138341069e+03,
       1.3550669131955502e+02, 2.6125449632738923e+02,
       7.3449526286217565e+02, 1.3550669131955502e+02,
       2.3611291321644585e+03, -6.0272275545921889e+02,
       1.6869810826887576e+03, 2.6125449632738929e+02,
       -6.0272275545921889e+02, 1.2425996599079317e+03,
       9.6808211477971763e+03, 2.7275152392364896e+02,
       7.7441558534495073e+02, 6.6619860606834720e+01,
       2.7275152392364896e+02, 1.8914757686566306e+03,
       -6.6123170076546955e+01, 4.1845188781344351e+00,
       7.7441558534495061e+02, -6.6123170076546884e+01,
       2.7874683705187349e+03, -8.7311898400003173e+01,
       6.6619860606834720e+01, 4.1845188781344298e+00,
       -8.7311898400003216e+01, 4.9609752096490746e+02,
       3.8348764122125845e+03, 5.6673582854917936e+02,
       1.6820739233024060e+03, -1.1421467314241415e+01,
       5.6673582854917959e+02, 8.5439574174577265e+03,
       -1.1199785242727057e+01, 6.6441374588200802e+02,
       1.6820739233024060e+03, -1.1199785242727067e+01,
       1.4181328688620340e+03, -1.0237404315427996e+02,
       -1.1421467314241420e+01, 6.6441374588200802e+02,
       -1.0237404315427995e+02, 1.7461927245957579e+03,
       4.9304414737535726e+03, 8.0734047170922463e+02,
       2.0271850476669463e+03, -7.8935114922509047e+02,
       8.0734047170922452e+02, 4.4954061349303847e+03,
       -4.0765138449518638e+01, 3.7979821987660716e+02,
       2.0271850476669456e+03, -4.0765138449518616e+01,
       2.1882386044303184e+03, 3.7327702858091772e+02,
       -7.8935114922509047e+02, 3.7979821987660716e+02,
       3.7327702858091772e+02, 1.6981384756971470e+03,
       8.8845172850262843e+03, 5.5103025001089778e-01,
       -1.9863014402516283e+03, -7.2920270841126614e+02,
       5.5103025001091288e-01, 8.8733165339584175e+03,
       2.3792737752677303e+02, -1.2054329651357445e+02,
       -1.9863014402516276e+03, 2.3792737752677294e+02,
       7.6813563408173923e+02, 1.6230093883279113e+02,
       -7.2920270841126637e+02, -1.2054329651357448e+02,
       1.6230093883279119e+02, 2.3043694421909195e+03,
       6.4045919584734111e+03, 1.2071822788724783e+03,
       1.8765473576988209e+03, -6.2323756209014562e+02,
       1.2071822788724783e+03, 5.1429169931338365e+03,
       -2.8790417952548393e+02, -1.4891055002594942e+03,
       1.8765473576988209e+03, -2.8790417952548404e+02,
       1.8696791033552729e+03, 1.3065052748071520e+02,
       -6.2323756209014573e+02, -1.4891055002594942e+03,
       1.3065052748071525e+02, 1.4616649410276380e+03 ]
weights: !!opencv-matrix
   rows: 1
   cols: 12
   dt: d
   data: [ 5.5116764844803955e-02, 5.3070986418532660e-02,
       4.1398925974224919e-02, 9.5652111891760219e-02,
       8.7844340251881078e-02, 8.8877084833920164e-02,
       5.2535714281789853e-02, 6.4434447002041623e-02,
       9.3403450920223050e-02, 1.4337258923614127e-01,
       1.2054875783608882e-01, 1.0374482650857236e-01 ]
