%YAML:1.0
means: !!opencv-matrix
   rows: 49
   cols: 1
   dt: d
   data: [ 7.2959714721694994e+01, -2.5184382394895886e+02,
       -4.4836520795689509e+01, 2.4064717199248207e+02,
       -1.5398461462840879e+02, 1.3705550582996753e+02,
       6.3236128877867630e+00, -1.1271851020818204e+02,
       4.0253532119834738e+01, 2.0481322273219470e+02,
       -6.6716907262181778e+01, 2.8735643369209902e+02,
       -3.0634423309707313e+02, -2.0225141875189885e+02,
       9.3195812054364325e+01, 1.6367353956524076e+02,
       -1.8507880191098224e+02, -8.9161778556607672e+01,
       -1.4609765828492513e+01, 1.1384687230988158e+02,
       -3.5234358652603805e+02, -2.1932343742236088e+02,
       1.6859381165631039e+01, 8.3159770011001854e+01,
       5.2520375012797288e+01, -2.6962462747372052e+02,
       -3.4656133679204544e+01, 2.6342348778203774e+02,
       3.1441556680292325e+02, 1.4986592310492864e+02,
       -1.3885472913039712e+02, -1.0047691221587456e+02,
       1.8992857883731747e+02, -3.2839830211516011e+02,
       -7.8068686018594363e+01, -2.3445813306073404e+02,
       -2.4415140086468302e+01, -1.6888883907754527e+02,
       6.3119707470348189e+01, -1.2572822811879922e+02,
       1.7640627242029623e+02, 1.0326800813540376e+02,
       -5.5210005601082536e+01, 2.8537441166091860e+01,
       1.2516647415297179e+02, -2.8607083021086578e+02,
       2.2140156111399014e+02, -4.4264554843295691e+00,
       3.3957322405788148e+02 ]
covs: !!opencv-matrix
   rows: 49
   cols: 1
   dt: d
   data: [ 2.8387338940135830e+01, 6.6523088731542472e+01,
       2.6331674380394055e+01, 8.3740546737695752e+01,
       4.7373543615054857e+01, 3.9692498531745784e+01,
       2.7829957579201714e+01, 2.8031256527464720e+01,
       3.2696970579224299e+01, 4.4174610920154727e+01,
       3.2534626508602820e+01, 1.1685681689853070e+02,
       1.3865793215383667e+02, 5.8309299910697113e+01,
       2.5485769760105430e+01, 3.7974530835721090e+01,
       5.1876513401431339e+01, 3.1570775350632434e+01,
       2.5316523458562262e+01, 2.8768871988279571e+01,
       5.1169035984596252e+02, 7.0074456492520625e+01,
       3.1208045103165290e+01, 2.7018656793348942e+01,
       3.0482784992868570e+01, 6.2370538234123416e+01,
       2.3219534360701932e+01, 1.1658922690972332e+02,
       1.0887673347628073e+02, 3.8713367863209520e+01,
       4.4012185372938930e+01, 2.8427682840586428e+01,
       3.6939481455402152e+01, 2.0667948242648498e+02,
       3.5373321785012457e+01, 6.6087279852012969e+01,
       2.3303216881119969e+01, 4.9519436247790466e+01,
       3.0574104943011314e+01, 3.6967862157487133e+01,
       3.5543613267159287e+01, 2.5333788113614997e+01,
       3.0921316036168097e+01, 3.3938949208479158e+01,
       3.3112025297919345e+01, 8.5210605017702505e+01,
       5.7865807896887723e+01, 2.5828877993661536e+01,
       4.0020101774263202e+02 ]
weights: !!opencv-matrix
   rows: 1
   cols: 49
   dt: d
   data: [ 2.8778371504300723e-02, 1.1229366563068497e-02,
       2.4992698046891654e-02, 1.2355932007711568e-02,
       2.0539541421997359e-02, 2.4487311335127195e-02,
       3.0074209311871661e-02, 2.3469595360466045e-02,
       3.5252068701306982e-02, 1.5342967165918132e-02,
       2.8064869528111689e-02, 6.0862583927136895e-03,
       6.4569340701420997e-03, 1.8950039703576293e-02,
       2.6094716918477114e-02, 2.2683453022913427e-02,
       1.8783592271766261e-02, 2.6814508709231653e-02,
       2.5671652957219546e-02, 2.6101792591482618e-02,
       2.6020748051599719e-03, 1.4778454398923250e-02,
       3.2334651155128340e-02, 2.7608925383525353e-02,
       3.3938304482100841e-02, 9.6450806375746878e-03,
       2.5775749962078053e-02, 9.2290713540842863e-03,
       2.7904649458397913e-03, 2.3201090195592418e-02,
       2.2325920260687960e-02, 2.4634813678188868e-02,
       1.7010619440822421e-02, 3.8605256185165072e-03,
       2.5891757701684091e-02, 1.4120515412643421e-02,
       2.5465821583545243e-02, 1.8761521115117412e-02,
       2.7998433774371282e-02, 2.2953440231777738e-02,
       1.6982964397452022e-02, 2.7591443824588512e-02,
       2.6965900526984964e-02, 3.2953162274791795e-02,
       2.6990773855162898e-02, 7.8117454259580181e-03,
       1.3244128449835829e-02, 2.8870029941175424e-02,
       1.4327355823853698e-03 ]
pca_proj: !!opencv-matrix
   rows: 1
   cols: 21
   dt: f
   data: [ 1.02604255e-02, 8.46533298e-01, 5.67100069e-05,
       -5.08859605e-02, 4.68450844e-01, 1.89823491e-04, -5.55210514e-03,
       1.46431834e-01, -1.98076777e-05, -7.31809530e-03, 1.34976640e-01,
       -4.80776835e-05, -6.69380091e-03, 1.46460637e-01, -1.57161594e-05,
       2.11501210e-05, 1.32904761e-05, -3.16381829e-07, -1.62182951e-05,
       4.47223283e-04, 4.04881848e-06 ]
pca_mean: !!opencv-matrix
   rows: 1
   cols: 21
   dt: f
   data: [ 4.33646118e+02, 2.44701981e+02, 1.49672687e+00,
       4.18191803e+02, 2.60206879e+02, 1.62062907e+00, 3.68545319e+02,
       2.27059875e+02, 1.69770968e+00, 3.19420807e+02, 1.63929108e+02,
       1.75046074e+00, 3.16613464e+02, 2.25532654e+02, 1.70717156e+00,
       1.08872897e-04, -9.74175637e-05, 6.24380555e-05, -2.17504916e-04,
       -2.50119597e-01, 1.75055194e+00 ]
gamma: !!opencv-matrix
   rows: 49
   cols: 1
   dt: d
   data: [ 7.8860582700960802e-01, 8.8106470209167931e-01,
       7.7302444463616338e-01, 8.7763543357721330e-01,
       8.3745642466423798e-01, 8.2828109116076021e-01,
       7.6267043679241264e-01, 8.1267299371790547e-01,
       7.7167077537951756e-01, 8.6294874487085960e-01,
       7.8448542397597831e-01, 8.9301072094413503e-01,
       8.9811290772758434e-01, 8.6155679281143294e-01,
       8.0099016069142859e-01, 8.4307719821039862e-01,
       8.5355865375577811e-01, 7.9797616790664361e-01,
       7.6346815049548444e-01, 8.1402546478520887e-01,
       9.1117216622373920e-01, 8.6892500468726630e-01,
       7.6424971459147018e-01, 7.9476637343535672e-01,
       7.7730897023713519e-01, 8.8690611081047477e-01,
       7.6877008357881205e-01, 8.8572871622555516e-01,
       9.0024887511808072e-01, 8.3558830878081136e-01,
       8.2881756986041166e-01, 8.0500112365505705e-01,
       8.5613467407191624e-01, 9.0406837459593714e-01,
       7.9124740363223167e-01, 8.7479299746770756e-01,
       7.6551755020656376e-01, 8.4545138713063506e-01,
       7.8297333196908780e-01, 8.2087100026445770e-01,
       8.4957687645396796e-01, 8.0732718506665091e-01,
       7.7817511865143452e-01, 7.6736500460724388e-01,
       8.2107003018195102e-01, 8.9209331249461898e-01,
       8.7003282383863056e-01, 7.6242182705218164e-01,
       9.0803936165628618e-01 ]
