%YAML:1.0
means: !!opencv-matrix
   rows: 7
   cols: 17
   dt: d
   data: [ -1.6047318473613740e+02, -3.1470167324623311e+01,
       3.7992763639768505e+01, 2.0994133868857940e+01,
       -1.1244951594318406e+01, 1.2064150713862740e+00,
       9.6615014966920221e-01, 8.9444160804864636e-01,
       5.1755385559034839e-01, -2.1678536455571515e-01,
       -2.2147876164301368e-02, -8.7982007153861088e-04,
       3.7269404219468752e-03, -5.4912686846163208e-03,
       -1.2778797317232455e-02, -5.0079710115858685e-03,
       -3.7233613603137889e-04, -1.2256027594347618e+01,
       1.1350071188507282e+01, 3.1692556326231371e+00,
       -3.3035133471714371e+00, 1.0468147884438405e+01,
       -8.6064366608173710e+00, 2.0946117201830390e+00,
       1.0419216787662133e+00, 4.8448065802396501e-01,
       1.7235407640705552e-01, -4.2042616510807658e-02,
       7.1162291859413092e-03, 2.6105396343731918e-05,
       -7.8436645553749205e-04, -1.7153098016092803e-02,
       -1.3556492489793983e-03, -6.4847279583577129e-04,
       8.8285978477418652e+01, 1.5951187616614943e+01,
       -2.5851770464657008e+01, -3.2075198400520264e+01,
       -2.4880143533608436e+01, -1.6547556535848759e+01,
       8.3140486780606637e-01, -2.3941481384487027e+00,
       -1.1588251379759687e-01, -2.6555484386659550e-01,
       8.1175605407255269e-02, -2.1057407459866506e-02,
       8.3223769688150053e-04, -3.0929970940969612e-03,
       1.6737265674386197e-02, 6.5704357545299684e-03,
       4.4462873527345275e-03, -1.9667117405664862e+02,
       6.2839748595592255e+01, 3.9549099980999415e+01,
       -3.3677628406346543e+01, -1.6511831180859126e+01,
       1.1159840509615639e+01, -3.5248837990689972e+00,
       -1.1558759960525862e+00, -2.3883464344278818e-01,
       2.9442114074785319e-01, 4.0032312813414201e-03,
       -2.3598732683630344e-02, 5.9064972574962972e-04,
       5.9487729680887990e-03, 2.4190058579557427e-02,
       -3.7199117237615091e-04, 2.3683549024715003e-03,
       1.1032008735543089e+02, -1.7144549936898638e+01,
       -3.2398184663651435e+01, 1.8115383845857345e+01,
       -5.9453408812235891e+00, 1.2344287510482395e+01,
       -3.7587005527819510e+00, 1.0141752218031372e+00,
       -1.2677382486405187e+00, 4.6243377106498029e-01,
       2.0495522147744100e-01, -3.6549174076504855e-02,
       -2.3493837537689480e-02, -1.2991748682992294e-02,
       -3.5595990725487421e-02, -2.7609865763138050e-02,
       -1.7470369271449977e-03, 4.0653231301212047e+00,
       3.2142661137358040e+01, 6.9804138577022732e+00,
       -1.9035927394034594e+01, 9.9713186067995938e+00,
       2.5480249524870624e+00, -4.4052195503636948e+00,
       -2.9676851314134876e+00, -2.5247388475818764e+00,
       1.1077516459025874e-01, -1.5373694163526772e-01,
       1.3629529368979590e-02, -2.6066876562054940e-02,
       1.7313974652314527e-04, -1.9906375052494967e-02,
       1.4172185869288522e-02, -1.5385124513742854e-02,
       7.4508025554187327e+01, -1.9718146329634934e+01,
       -1.5546051953170268e+01, 1.3586811400187088e+01,
       7.8352929367925181e+00, 5.2835859119204924e+00,
       3.5950790951441514e-01, 5.1334042942309854e-01,
       3.2354105957590423e-01, -1.0205973098183957e-01,
       1.6301761215309116e-02, 9.8483630089584804e-03,
       7.2919265981078530e-03, 4.0130667477542587e-03,
       1.4725727746509551e-02, 1.5751443823113019e-03,
       2.3380978961539426e-03 ]
covs: !!opencv-matrix
   rows: 119
   cols: 17
   dt: d
   data: [ 6.4208084892717443e+03, -6.9409056270720021e+02,
       2.9281925511586478e+03, 6.2385876872131189e+02,
       9.9006441212345067e+01, -2.1398867653226756e+02,
       8.5369711487579622e+01, -5.7819934756103713e+01,
       -9.6078838746036190e+00, 3.1996222212878993e+00,
       -7.3426044723102402e-01, 3.2947160562576538e-01,
       1.2352834041425477e-01, 1.9203700328555626e-01,
       -3.9243405092134620e-01, 4.7832955574230458e-02,
       1.7055519935295992e-02, -6.9409056270720021e+02,
       9.6813300549710257e+03, 2.3956827201457833e+02,
       3.5432548833679043e+01, -7.8800580175315265e+00,
       1.2052804876938026e+02, 4.2743207028983832e+01,
       5.6332952099678124e+01, -7.5951621447649922e+00,
       1.6789549311012742e+01, -2.0199706790418444e+00,
       -1.0282518564471996e-01, 2.2443259260252532e-01,
       3.1454212764068712e-01, -1.2652723798761689e-01,
       -2.7057012308288231e-01, 3.1162945987756802e-01,
       2.9281925511586478e+03, 2.3956827201457833e+02,
       2.4253409778641567e+03, -1.5773393569639168e+02,
       -3.2204757614824771e+01, 1.5175649101259426e+01,
       -2.5834526367698622e+01, 1.6322201700371963e+01,
       -4.3848167472277604e+00, 3.3934330583732399e+00,
       3.5263089428929956e-01, 9.4705734547006898e-03,
       -7.0930082605796252e-02, 6.5288203314896792e-02,
       -4.2397273205380072e-03, -9.2591675339859625e-02,
       1.8397643478279012e-02, 6.2385876872131178e+02,
       3.5432548833679036e+01, -1.5773393569639177e+02,
       2.4398459999426314e+03, -6.9956171300705648e+01,
       -4.0784335635173818e+01, -4.5896096963787407e+01,
       -5.2576937428124566e+01, 1.3170125842473942e+01,
       5.7973460098022200e-01, 1.0018258051047146e+00,
       -8.4811993679513920e-02, -3.3574915127079899e-02,
       1.9901001025213649e-02, 1.3883875340505672e-01,
       4.5575022091662498e-01, -2.3235099086338803e-01,
       9.9006441212345052e+01, -7.8800580175315273e+00,
       -3.2204757614824771e+01, -6.9956171300705648e+01,
       9.6424415990546663e+01, -3.9241898485011035e+01,
       1.1660475931189302e+01, 2.8004909992008303e-01,
       -1.1588635575042510e+00, 4.4348195920098304e-01,
       -6.6504076693617276e-01, 3.6747162742589171e-02,
       3.9871146555513770e-02, 9.0194045532354852e-03,
       -8.4072218198944615e-02, -3.9695388846886587e-02,
       5.9069582651676215e-02, -2.1398867653226756e+02,
       1.2052804876938025e+02, 1.5175649101259426e+01,
       -4.0784335635173818e+01, -3.9241898485011035e+01,
       1.8648976054752845e+02, 2.6855246113468936e+00,
       -1.5629159703488740e-01, -2.9721856667489333e-01,
       -2.0332686364172856e-01, -1.9433460008796996e-01,
       2.8333520751567770e-01, -2.2152147068909001e-02,
       2.3884450296660430e-02, 5.2043110812485145e-02,
       5.0663184482142493e-02, -1.6322243110825783e-02,
       8.5369711487579622e+01, 4.2743207028983853e+01,
       -2.5834526367698622e+01, -4.5896096963787407e+01,
       1.1660475931189302e+01, 2.6855246113468936e+00,
       2.3591018895084606e+01, -2.3549972369498851e+00,
       -2.8686229914510242e+00, 5.4145063338559440e-01,
       -7.0370645044048209e-03, 2.7170650866896552e-02,
       -2.5873812173025486e-02, 1.6721507557735802e-02,
       -2.1325521945087744e-02, -7.3768947839861643e-03,
       9.4803246498811854e-03, -5.7819934756103713e+01,
       5.6332952099678145e+01, 1.6322201700371963e+01,
       -5.2576937428124573e+01, 2.8004909992008309e-01,
       -1.5629159703488738e-01, -2.3549972369498846e+00,
       1.4986413111784149e+01, -2.1350557745004557e+00,
       8.7859620257506676e-01, -1.5870546967132390e-01,
       -5.1528708515481664e-02, 2.5568613785927204e-04,
       2.0916714981839529e-02, 1.6884086202732285e-02,
       1.2648078704682491e-03, 1.3810597098338978e-02,
       -9.6078838746036208e+00, -7.5951621447649957e+00,
       -4.3848167472277586e+00, 1.3170125842473942e+01,
       -1.1588635575042512e+00, -2.9721856667489338e-01,
       -2.8686229914510242e+00, -2.1350557745004557e+00,
       1.7137321349201879e+00, -1.9533015289360356e-01,
       -4.0300974643733944e-02, -9.1572108558885391e-04,
       -2.1256134023455806e-02, -7.6965041506224510e-03,
       3.4470491022894653e-03, -6.7545793680747759e-04,
       -2.5204024339912224e-03, 3.1996222212878984e+00,
       1.6789549311012742e+01, 3.3934330583732399e+00,
       5.7973460098022178e-01, 4.4348195920098304e-01,
       -2.0332686364172856e-01, 5.4145063338559429e-01,
       8.7859620257506665e-01, -1.9533015289360361e-01,
