%YAML:1.0
means: !!opencv-matrix
   rows: 12
   cols: 4
   dt: d
   data: [ 6.1038103305385739e+01, -2.4497108470172396e+01,
       -6.4890527030494496e+01, 5.4485214386881829e+01,
       8.6101106574236098e+01, -1.2777762542803062e+01,
       6.8384589657287037e+01, -1.5548421091374115e+01,
       -1.5688895036961509e+02, 8.7129925277682119e+01,
       1.6558276337439203e+01, -3.7656902111756885e+01,
       -1.4528187168234726e+02, -7.4812353917729496e+01,
       7.4712387452396982e+01, 4.6006382740273146e+00,
       -4.9074486656972908e+01, 5.6861156879950570e+01,
       1.7177065551386825e+01, 4.3959133268995103e+01,
       9.9112268407694600e+01, 1.0240410373085230e+02,
       2.6370477827513408e+01, -4.7771611543692146e+01,
       -8.1900434662923161e+00, -7.6117440671898791e+01,
       3.4859239475908930e+00, 2.8064011728596235e+01,
       1.7156234197225407e+02, -1.3736453509457142e+01,
       1.2875786289571341e+01, 3.3724765688308835e+01,
       -3.9705140430175781e+01, -4.8527863837373019e+01,
       -2.3098197464473394e+01, -4.7088992853341693e+01,
       1.1949607984930739e+02, -1.1915032945148485e+02,
       -4.3775195026958940e+01, -2.2278127222742896e+01,
       -2.5660238320262300e+02, -6.1652049261711397e+01,
       -5.3754309931597772e+00, 2.1727798899301902e+01,
       1.3365571193182511e+01, 1.1039311658261028e+02,
       -5.2474715035542630e+01, -7.6578197419402168e+00 ]
covs: !!opencv-matrix
   rows: 48
   cols: 4
   dt: d
   data: [ 3.4260213445636718e+03, 9.3896175367476667e+02,
       6.0907749653803968e+01, -3.3960204114570433e+02,
       9.3896175367476690e+02, 5.0901406687068975e+03,
       8.5658937178212867e+01, 1.6305284911408103e+03,
       6.0907749653803982e+01, 8.5658937178212838e+01,
       1.1523438162865780e+03, 3.0190336497262786e+02,
       -3.3960204114570445e+02, 1.6305284911408103e+03,
       3.0190336497262786e+02, 1.3446996277907895e+03,
       1.0255134336802284e+04, -1.3304007573801521e+03,
       -2.3457651121403560e+03, 4.0474790111412227e+02,
       -1.3304007573801521e+03, 9.3320272686867520e+03,
       6.1758127667743440e+02, 4.8891612682284841e+02,
       -2.3457651121403560e+03, 6.1758127667743440e+02,
       9.8506278262532703e+02, 5.5348025764298359e+02,
       4.0474790111412239e+02, 4.8891612682284841e+02,
       5.5348025764298359e+02, 2.2610698010344527e+03,
       5.2044619953359370e+03, 8.5308962991167016e+02,
       2.0707102298805498e+03, -7.3050630706055199e+02,
       8.5308962991167027e+02, 7.7328825596358593e+03,
       9.2188270063375725e+01, 2.2156111576187463e+03,
       2.0707102298805494e+03, 9.2188270063375668e+01,
       2.3956435255511674e+03, 1.4868469302326207e+02,
       -7.3050630706055199e+02, 2.2156111576187468e+03,
       1.4868469302326207e+02, 1.5753704345384929e+03,
       2.7527987450000014e+03, -9.4096645921645609e+02,
       1.1440178355340313e+03, -1.2006359550732499e+00,
       -9.4096645921645609e+02, 8.1115183857376587e+03,
       6.5974032785501799e+02, 1.0657559109379927e+03,
       1.1440178355340313e+03, 6.5974032785501788e+02,
       1.0538253978675637e+03, 3.1626818905693375e+02,
       -1.2006359550732570e+00, 1.0657559109379927e+03,
       3.1626818905693381e+02, 2.2011346613092360e+03,
       1.1461555685064310e+04, 7.2734351771437412e+02,
       1.3381500066773191e+02, -2.7135609146489128e+02,
       7.2734351771437412e+02, 3.7245069381231260e+03,
       -2.2031509731242724e+02, -5.0697319297864459e+02,
       1.3381500066773191e+02, -2.2031509731242730e+02,
       2.2309574184795888e+03, -2.8419264427038911e+02,
       -2.7135609146489128e+02, -5.0697319297864459e+02,
       -2.8419264427038911e+02, 1.0089329504473376e+03,
       6.3913677256590836e+03, -8.8834722911875099e+02,
       -5.7409934646388672e+02, 9.1453477938972514e+02,
       -8.8834722911875099e+02, 7.0023795732906192e+03,
       9.8674797059047637e+02, 1.9613679551633545e+03,
       -5.7409934646388672e+02, 9.8674797059047637e+02,
       8.3147403492459557e+02, 1.1516614837100174e+02,
       9.1453477938972469e+02, 1.9613679551633545e+03,
       1.1516614837100175e+02, 1.8637744799101092e+03,
       4.7179068303241975e+03, -1.5752990897309337e+03,
       2.5112356281644152e+03, -5.4440540221138951e+02,
       -1.5752990897309337e+03, 1.3977469807709045e+04,
       2.6439719384533686e+02, -6.5478336334999074e+02,
       2.5112356281644152e+03, 2.6439719384533686e+02,
       1.9916191132731697e+03, -8.1702404943169409e+00,
       -5.4440540221138951e+02, -6.5478336334999074e+02,
       -8.1702404943169480e+00, 2.2922246273282026e+03,
       4.3623521163196356e+03, 1.2996328592235543e+03,
       -1.0201551358386844e+02, -4.8324231200964778e+02,
       1.2996328592235543e+03, 4.7526178877582925e+03,
       3.0466315184377601e+02, 1.3570587135624769e+03,
       -1.0201551358386844e+02, 3.0466315184377601e+02,
       9.9744963550921284e+02, 3.9404772894123249e+02,
       -4.8324231200964778e+02, 1.3570587135624769e+03,
       3.9404772894123249e+02, 1.3599962194247398e+03,
       7.6366741757970840e+03, 1.1930133681197999e+03,
       2.2205606623044915e+02, -9.1937282811189232e+02,
       1.1930133681197999e+03, 5.2606772396065053e+03,
       -1.2149598524515441e+03, -1.3203400142330420e+03,
       2.2205606623044912e+02, -1.2149598524515441e+03,
       2.5695637433807819e+03, 2.4075610252768038e+02,
       -9.1937282811189232e+02, -1.3203400142330418e+03,
       2.4075610252768038e+02, 1.4040148059369099e+03,
       6.2117867924900838e+03, 8.8559432831932361e+02,
       1.5110571209849409e+03, -7.5438486812398469e+02,
       8.8559432831932372e+02, 2.8188140173047609e+03,
       -5.5221307777991774e+02, -6.8210441564850146e+02,
       1.5110571209849409e+03, -5.5221307777991763e+02,
       2.4625053957115001e+03, -2.7286430987424075e+02,
       -7.5438486812398469e+02, -6.8210441564850146e+02,
       -2.7286430987424075e+02, 7.1967760295830647e+02,
       2.4782344816097916e+03, -1.0110836653020136e+03,
       4.5403243081043479e+02, 7.4351334540928448e+01,
       -1.0110836653020136e+03, 9.3707760547231392e+03,
       5.4108837864594273e+02, 1.1041328811237875e+03,
       4.5403243081043479e+02, 5.4108837864594261e+02,
       5.7196421101740020e+02, 4.3093036769609245e+02,
       7.4351334540928434e+01, 1.1041328811237875e+03,
       4.3093036769609245e+02, 2.1697585152353586e+03,
       8.0727623408995132e+03, -1.9394354760183412e+03,
       5.3916380251006012e+02, 1.1527503208319715e+03,
       -1.9394354760183414e+03, 6.4379340645181201e+03,
       6.0784209271437226e+02, 9.4170562165357921e+02,
       5.3916380251006012e+02, 6.0784209271437226e+02,
       1.3402051408350876e+03, -3.7651688599688327e+01,
       1.1527503208319717e+03, 9.4170562165357921e+02,
       -3.7651688599688306e+01, 1.5588081858673070e+03 ]
weights: !!opencv-matrix
   rows: 1
   cols: 12
   dt: d
   data: [ 7.6048186217535507e-02, 9.2674873073658778e-02,
       6.7275140583718029e-02, 5.3794144519808684e-02,
       1.0100500535091300e-01, 7.7488949606649316e-02,
       1.1556240997967668e-01, 7.3690240132046614e-02,
       1.2231976071304794e-01, 5.6268960701262166e-02,
       4.7149948462351633e-02, 1.1672238065931281e-01 ]
