%YAML:1.0
means: !!opencv-matrix
   rows: 21
   cols: 12
   dt: d
   data: [ -1.5289333531253186e+02, -3.3028975612088665e+01,
       4.4254547181109068e+01, 6.5786010753156550e+00,
       -3.1903584526857842e+00, 6.8699211395470154e+00,
       5.9466428153547790e-01, 1.2088180184694566e+00,
       -7.4695681976322792e-01, 2.1081007937920492e-04,
       -1.3741891470823546e-02, 4.3800025510986494e-03,
       1.6126291196852105e+02, 2.6441848376610999e+01,
       -4.3681309987536515e+01, 9.2459362764296653e+00,
       -7.9216038209230391e+00, -5.0623822778980117e+00,
       -3.3984568547603444e-01, -4.2487739012623271e-01,
       -6.9243927604173039e-01, 1.5109694348786043e-02,
       2.1800270530774560e-01, -3.4658132420177852e-02,
       4.3805411550786868e+00, -1.2348135072267201e+01,
       3.3444493686444893e-01, 1.8269287931802038e+00,
       -1.0277408169266256e+01, -1.4508033875249275e+01,
       -5.1976015346619137e-02, -2.7837252209053248e-01,
       -1.5591083228692297e+00, 8.4479097514064808e-02,
       -3.1727831982740978e-01, 2.7159835172173828e-02,
       -7.8070896523540609e+00, 1.1455028527762997e+02,
       1.8619335267379888e+01, -2.9351156341392077e+01,
       1.8963970417250859e+01, -8.6869878326334127e-01,
       -1.2796944020922023e+01, 2.3734589765867184e+00,
       6.2296975923384768e+00, 3.4533249849654352e-01,
       1.0368499033377716e-01, 3.0011524214480445e-01,
       -4.1138559517409064e+01, 3.5525397342624359e+01,
       1.2333208937537883e+00, -3.3073770856881801e+01,
       2.6413009441080550e+00, 3.4636042350011178e+00,
       -2.5131887494523825e-01, -5.5715676878154696e-01,
       1.6691437330738639e+00, 4.1867703361795509e-02,
       -2.3142625576910711e-01, -3.0228818178065203e-03,
       -1.8888985958806509e+02, -2.4284265789463518e+01,
       3.4339594419237834e+01, -9.7812636100504964e+00,
       -4.5484385462639239e+00, -4.2817525151135420e+00,
       -2.7766388863727576e+00, -1.7750443608970035e-01,
       4.3581797451807889e+00, 7.6199564948376242e-01,
       -1.4666923942735235e-01, -8.9352452087800752e-02,
       -1.7185212644013757e+02, -1.1455658018794115e+02,
       4.8088752235082431e+01, 4.0748154584134646e+01,
       -3.4488533282328831e+01, -3.7058250331748059e+00,
       -3.2910943167092026e+00, -6.4200644833422293e-01,
       -1.0664448612894619e+00, -3.0135672294398907e-02,
       1.1066340439730858e-01, 3.0113357689073635e-02,
       8.1563589889286348e+01, -7.2096120598844180e+01,
       -9.7400059311796099e+00, 4.9371248691867500e+01,
       -8.7840729142731711e+00, 2.1467218137638572e+01,
       2.2051095881576877e+00, 9.1996862630594242e-02,
       -6.0069176591498304e-02, 2.6221851022650955e-01,
       -1.1630213368027982e-01, -1.3663117368952501e-02,
       9.9368161417289031e+01, -4.4193306095816190e+01,
       -2.1654677511621760e+01, 3.7220282158887564e+01,
       -2.7695353871332703e+01, 2.3474687656618862e+01,
       1.0335407447946066e+00, 1.3193951326162432e+00,
       4.8272027337002638e-01, 3.7127223537722180e-02,
       1.4986737876008305e-01, -4.0635196623959738e-03,
       1.5481656426172023e+01, -5.5265683032818469e+00,
       -9.9596033656259522e+00, -1.6766209101206133e+01,
       2.1036996682587983e-01, -1.9727440812543104e+01,
       -1.8942098421553950e+00, 2.3678468933882320e+00,
       4.6966173545277279e+00, 2.7544696498828430e-01,
       2.6599737889907399e-01, -2.3523168345622819e-01,
       3.2538146434796609e+01, 1.3343951267278044e+02,
       -2.6706614812534326e+01, -5.4254431263837006e+01,
       -1.0248937579410640e+01, 3.0283727671155001e+00,
       2.0662414580214068e+00, -9.2891580646141017e-02,
       -1.3124950105659211e-01, -2.4932749252936828e-01,
       -7.9258133214351410e-03, -2.1459829216597514e-02,
       -1.1684855987360211e+02, 1.2979784456150821e+02,
       6.4276244857035350e+00, -5.5824454318505261e+01,
       -1.6611965626003805e+01, -8.0389020911246900e-01,
       4.8104816586529736e-01, -6.0322973892528209e-01,
       -4.9251540351852818e-01, -4.1269210678786727e-01,
       1.2218445988808671e-01, -4.2992387510617392e-03,
       1.6403311982197533e+02, -1.2608736436836359e+01,
       -4.3111375897225543e+01, 1.9651965191687513e+01,
       -1.3306870240594048e+01, -2.6666773050598787e+00,
       7.6985443458531244e-01, -5.4414410660622980e-01,
       -6.3285411915203504e-01, -1.5757115181388615e-01,
       -4.8922929168452520e-02, 1.7365642767641600e-02,
       -3.4426471768798756e+01, -1.3601299551861350e+01,
       1.4261949583371909e+01, 4.4522721165026784e+00,
       2.5195306700077236e+01, 4.1156452869865312e+00,
       4.9088631332116550e-01, -4.0175463020733415e-01,
       -4.7434540148391802e-01, 4.8609492580524688e-02,
       2.6787797788854723e-01, -8.5206588435877469e-03,
       2.1130455547879048e+01, 8.4600955077578163e+01,
       -1.6568827003010068e+01, -3.7525211750058567e+01,
       1.1137474547934412e+01, -4.9548216401065028e+00,
       8.8175307485728616e-01, -5.2865734460392788e-01,
       -5.5052444564784742e-01, 1.5251277351197473e-01,
       6.9344571473017508e-02, -1.9131530323777610e-03,
       5.2533733488592098e+00, -4.1821620732212814e+01,
       1.1924720487451809e+01, 1.4919649973247246e+01,
       2.9888699444786543e+01, 6.3936725694183290e+00,
       1.6055067765105067e+00, -8.9730608974853066e-01,
       -1.1926188059844717e-01, 3.5440270114144704e-02,
       -2.1257814643932057e-02, 1.6402258696353270e-02,
       -1.2598934103177278e+01, -8.3759587881013744e+01,
       8.8173429687776750e+00, 1.9346668296034299e+01,
       6.2309853455716109e+00, -6.4135602250452202e+00,
       -2.2718904706423424e+00, 2.5380250800790782e+00,
       4.6735838953813467e+00, -2.8471103614968105e+00,
       -2.8932286997848861e-01, -3.8534361807914877e-02,
       1.1013170651671831e+02, 3.9503980335323128e+00,
       -2.5716607887095506e+01, 5.6919666707835201e+00,
       2.4021701002766545e+00, -6.1689159474055328e+00,
       -7.9805218597449223e-01, 1.3079207409307572e-01,
       -6.6852577518296974e-01, 7.7110781198013734e-02,
       -3.2965038452590030e-02, 3.9268309039388181e-02,
       -1.5884943267630013e+02, 5.5187012269764985e+01,
       3.2574685244469535e+01, -3.3401986689984248e+01,
       -3.0141995190717434e+00, 8.1524650685420108e-01,
       7.0455783790094351e-01, 1.1278333364336919e+00,
       -8.4071073396785967e-01, -4.0048303163477544e-02,
       1.3338234379659602e-02, 4.7052194720968053e-03,
       7.9239876999051271e+00, -2.0291455938800007e+02,
       1.4695994331503956e+01, 7.2332633686290052e+01,
       9.9164050584300298e+00, -2.4923432712465249e+01,
       -1.7984541858567371e+00, -2.7618680683119532e+00,
       -1.0689057190528131e+00, -1.8493478034320587e-01,
       5.7964312053726125e-02, -9.7220107051593466e-02,
       9.6601011408452493e+01, 3.7004985932699796e+01,
       -2.2334011903774073e+01, -1.9925342166720846e+01,
       -5.4332384521642902e+00, -1.1785187902853281e+01,
       -1.1246121290302497e+01, 1.1172255512857090e+00,
       7.6216686207704383e+00, 1.5405202008521941e+00,
       -8.2320367050180018e-02, 6.5503308814927538e-02 ]
