%YAML:1.0
means: !!opencv-matrix
   rows: 10
   cols: 17
   dt: d
   data: [ -1.7441876157908635e+02, -4.5084409445916968e+01,
       4.5237988279165464e+01, 7.0887757866104097e+00,
       -1.6405289803065855e+01, -3.9457399576738847e+00,
       -1.1189024249377011e+00, 6.2485042031693427e-01,
       -1.2767144107425270e+00, 3.1605010340589081e-03,
       -1.4152879847660008e-02, 1.9372781997177731e-02,
       2.3600916132085511e-03, -3.1993349172841552e-03,
       1.9799470397543449e-03, -6.4827442303399992e-03,
       2.2554336945126759e-03, -2.2286878915599186e+01,
       -2.5605703085865716e+01, 1.2996819567040200e+01,
       1.2293821854879022e+01, 1.6836307135472158e+01,
       1.1059750717940915e+01, 2.0997671031132237e+00,
       3.4840003497769256e-01, -2.6971847680450145e-01,
       -5.3515971424224151e-02, -3.9660489915158935e-02,
       -7.5885043793775988e-04, -9.1589654315941797e-04,
       5.0304825061403650e-03, -1.8276827333124440e-02,
       -5.4611701236111747e-03, -8.1045565032222757e-04,
       -1.2480359081222456e+02, 1.1298996505057353e+02,
       1.1782665661076496e+01, -5.1979283821305025e+01,
       -1.1459687129891329e+01, 9.7665814860121658e-01,
       5.7619238687260521e-01, -2.7929831834143098e-01,
       -4.3733831745030510e-01, -2.2710813161608179e-01,
       1.1433987586496605e-01, -1.8682608103589337e-03,
       2.6469519142213894e-03, -9.2247174478370293e-04,
       -4.0263359155010923e-03, 8.0872149178898966e-03,
       -7.4971427141419409e-03, 9.8879357719404396e+01,
       -4.3825287977951774e+01, -2.2113744889817482e+01,
       3.7054131938584057e+01, -2.7643560572195675e+01,
       2.3463789888891991e+01, 1.0640500754146258e+00,
       1.2842643376413976e+00, 4.8934232235908109e-01,
       2.6521102718581418e-02, 1.4693679517950456e-01,
       -3.1601147536076137e-03, -2.6268958407850169e-03,
       -7.6157088122453202e-03, 1.9898822240695849e-02,
       1.4628545290696818e-04, 3.1748456280849655e-03,
       2.3883607945644151e+01, 2.0419570141096159e+01,
       -3.5863425921561363e+00, -1.6798001625875852e+01,
       5.4562258084426976e+00, -9.7485537894649710e+00,
       -7.3352832811374489e+00, 2.2574091822654681e+00,
       6.2501281409405935e+00, -6.8564304313995864e-03,
       -7.5494830869791862e-02, 2.8977402415288234e-02,
       -3.8553841300649268e-02, 5.3700887187653566e-04,
       -9.2534936681023681e-04, -1.0418674972686283e-02,
       2.3394264111177062e-03, -1.0460272671975194e+01,
       2.3174282881082007e+01, -5.4002934933566955e+00,
       -2.2417799074994768e+01, 1.0117636372456310e-01,
       -5.4343521053745896e+00, 9.2488338587391150e-01,
       -1.6929759591340983e+00, 2.1316566938888286e+00,
       1.2986078333183004e+00, 5.6745807923941169e-02,
       -1.7277473752040692e-01, 9.8056477799305930e-03,
       1.9290379389778983e-02, 3.9574325886827216e-02,
       1.1693512576151555e-02, 6.9052157251134304e-03,
       6.2272818364639299e+01, 1.1349434179182508e+01,
       -1.1721937917705933e+01, -2.2778450183280290e+00,
       1.1721604556805433e+01, -2.3160906989992358e+00,
       3.8230155501611274e-01, -6.5382941665330219e-01,
       -4.2266646020846005e-01, 6.5014648113082205e-02,
       1.2247163472747747e-02, 2.5756966638430034e-02,
       4.4523547358739490e-03, -1.1404625550543076e-02,
       2.8190719326003623e-02, 4.5630052345243966e-03,
       9.3024137079135677e-04, 1.0121605023677644e+02,
       7.0511758775871328e+01, -3.7399775065135749e+01,
       -1.9983957289973191e+01, -9.8431291559390282e+00,
       -3.1556027034911982e+00, 4.8950125768311775e-01,
       -1.5956803572185235e-01, -5.9137916147999581e-01,
       -9.0456557202667140e-02, 4.2113636069369353e-02,
       -1.9128598778625938e-02, 1.2738146236612932e-03,
       1.2147035236438434e-02, -2.9711828362286020e-02,
       -1.7997585089162703e-03, -2.3955442216856012e-03,
       -1.8824832034262491e+02, -2.4445117988736889e+01,
       3.4412277316469172e+01, -9.7487115427088540e+00,
       -4.4833237342116519e+00, -4.0639203536313158e+00,
       -2.7885548690229220e+00, -1.5712828597409803e-01,
       4.3587663620900772e+00, 7.7099803770929209e-01,
       -1.4631170317640493e-01, -8.8059480322607908e-02,
       -5.2281093142879497e-03, 1.3653380378638245e-02,
       2.5819170053289386e-02, 1.5677982742432421e-02,
       -6.6947365531115207e-03, 3.2525801512670697e+01,
       -1.4268158343495503e+02, 4.0529202323340883e+00,
       5.3704622849529777e+01, -1.1184429451188225e+00,
       -1.4779852679845581e+01, -8.6437758232003159e-01,
       -1.3985702445482642e+00, -3.7057561056535993e-01,
       -3.9714144407771501e-01, -1.6465175069361571e-01,
       -4.3222826379387860e-02, 4.8838827547864555e-03,
       9.2118938430364311e-03, -3.7592175004074115e-02,
       5.9939401989336557e-03, 2.0684724559534564e-03 ]
