%YAML:1.0
means: !!opencv-matrix
   rows: 17
   cols: 6
   dt: d
   data: [ -1.9762877787824047e+02, 8.7568392256595160e+01,
       3.8664648967944629e+01, -5.0205619943126791e+01,
       -2.2214691641937456e+01, 1.3988156871754283e+01,
       1.2138776347503193e+02, 6.8884954389777233e+00,
       4.7040015648814418e+01, -1.2285380101066510e+00,
       1.3350193849443917e+01, 2.9052775744532444e+00,
       9.0473320935477261e+01, 1.4046181233001091e+01,
       -2.8798276958005502e+01, -2.4879442018312655e+01,
       -2.6994031566775554e+01, -1.2970403806988537e+01,
       -2.4451903328253824e+01, 1.0030259971124510e+01,
       8.9286179178343705e-01, -4.6389652484418846e+00,
       2.6653488422188804e+01, -1.5346906279809622e+00,
       7.7863455449403318e+01, -5.1208306031983639e+01,
       -2.4631555897841650e+01, -6.4353988865171033e+01,
       -2.4161451363675443e+01, -1.7525145201681909e+01,
       8.6359014013775621e+01, 7.1304190272553654e+01,
       -2.1862257738992064e+01, -7.2936640269169093e+00,
       -2.6954873627045529e+01, -2.2195687258761279e+01,
       -9.8793563691782964e+01, 3.1231212446414023e+01,
       3.3282273300967866e+01, -2.3083482314795457e+01,
       7.5714541592221618e+00, -1.5436322834584820e+01,
       -9.2989869432606980e+01, -1.3236749181501932e+02,
       2.0107480930669116e+01, 3.5822481878735871e+01,
       4.3387809478141498e-02, -1.5409083340588470e+00,
       6.8096478254564062e+01, 4.4506209140924298e+01,
       -1.4620328212793545e+01, -3.7764747018798495e+01,
       -1.6589568256158329e+00, -1.6332477724398061e+01,
       -1.6147279248502727e+02, -4.5655154083021046e+00,
       4.0283200300686929e+01, 2.0152560124581256e+00,
       -2.9630185579985069e+00, -4.8782003446541111e+00,
       -1.9632397371140405e+02, -5.5289467554496010e+00,
       4.2989154921723568e+01, 1.3067340228319571e+01,
       -8.8811694898518017e+00, 1.5681768573277466e+01,
       8.7335407808609105e+01, -5.7680148410372674e+01,
       -2.6964153497390807e+01, 3.7282111621270509e+01,
       -6.6266918201850622e+00, 1.0085514967152760e+01,
       2.1878212193278202e+01, 5.1015052199768727e+00,
       -4.9384563527721262e+01, 2.8307745352167459e+00,
       1.3445644793152429e+01, 5.8788293851593165e+00,
       1.5316835403125404e+02, 9.5631604903467231e+00,
       -4.1679912526694132e+01, -2.5748321881677216e+00,
       -6.4618825923408032e+00, 1.2558399311185548e+01,
       3.6878080161340293e+01, -9.5584887027617256e+01,
       -1.2749712004480992e+01, 6.4788699659337482e+01,
       -3.1708891126996672e+00, 2.8480119839935009e-01,
       -8.2042342538734331e+01, -1.8187838178361349e+00,
       2.2828348285564612e+01, 8.8015880494601987e+01,
       -8.6509195441296483e-01, -4.9362032221919740e+00,
       4.7461941471673370e+00, 1.1708248304316170e+02,
       1.0434646809580228e+00, -6.9268580268235112e+01,
       2.2742665383408635e+01, 1.9640306534657455e+00 ]
covs: !!opencv-matrix
   rows: 102
   cols: 6
   dt: d
   data: [ 5.1905530247545239e+03, 4.4580351458417101e+02,
       3.0990728155110251e+03, 5.6326649144819896e+01,
       -1.6917251432912883e+02, -5.7788672209515205e+01,
       4.4580351458417101e+02, 7.1668938385741922e+03,
       2.1248425149666062e+01, 1.9042712619139049e+03,
       -2.7246939638828269e+02, 4.5211692736935561e+02,
       3.0990728155110251e+03, 2.1248425149666058e+01,
       2.4577346078202991e+03, 7.0486581930293582e+01,
       -8.2305457007221072e+00, 1.2148336567024262e+02,
       5.6326649144819918e+01, 1.9042712619139049e+03,
       7.0486581930293610e+01, 1.2568564353461102e+03,
       9.2889783307979854e+01, -1.4944879728264951e+02,
       -1.6917251432912880e+02, -2.7246939638828275e+02,
       -8.2305457007221108e+00, 9.2889783307979854e+01,
       1.1121870076560630e+02, -7.8780194489863113e+00,
       -5.7788672209515184e+01, 4.5211692736935561e+02,
       1.2148336567024259e+02, -1.4944879728264948e+02,
       -7.8780194489863096e+00, 3.2803211747175294e+02,
       2.8790431240614662e+03, 4.0102881698023276e+02,
       -3.9267368452498323e+02, 1.1505621329412772e+02,
       -5.6183194110812758e+02, 2.1716046939513987e+02,
       4.0102881698023282e+02, 8.0911456821125012e+03,
       -3.3429783959337641e+01, 8.8638214346476195e+02,
       6.1767163779409309e+01, -3.1425340039857315e+02,
       -3.9267368452498323e+02, -3.3429783959337655e+01,
       7.3665656464108929e+02, -5.5050370983998704e+01,
       2.3759565983818342e+02, -1.2747551875170127e+02,
       1.1505621329412773e+02, 8.8638214346476195e+02,
       -5.5050370983998683e+01, 1.8672055238886205e+03,
       -1.4236717940841396e+02, 5.4932558235511380e+01,
       -5.6183194110812758e+02, 6.1767163779409323e+01,
       2.3759565983818345e+02, -1.4236717940841393e+02,
       2.6931988235459966e+02, -6.0549115321101013e+01,
       2.1716046939513981e+02, -3.1425340039857315e+02,
       -1.2747551875170132e+02, 5.4932558235511394e+01,
       -6.0549115321101020e+01, 1.6500643406463203e+02,
       6.5602893041977986e+03, -5.8145149805161350e+02,
       2.5525449120794947e+03, 8.7912755048889403e+02,
       2.8990148144131655e+02, 3.0788969979219547e+02,
       -5.8145149805161350e+02, 6.1783360675011363e+03,
       6.0067600281719784e+01, 2.1531914489793967e+03,
       -1.0434185468801613e+02, -3.0738781146834597e+01,
       2.5525449120794947e+03, 6.0067600281719763e+01,
       2.5812441772087054e+03, -9.5665222197031710e+01,
       -1.4304704843409286e+02, -1.2241636076907620e+01,
       8.7912755048889403e+02, 2.1531914489793962e+03,
       -9.5665222197031753e+01, 1.3546569980242662e+03,
       6.1096326075611287e+01, 6.6646311409529261e+01,
       2.8990148144131661e+02, -1.0434185468801613e+02,
       -1.4304704843409283e+02, 6.1096326075611287e+01,
       1.0581471964035548e+02, 6.7915011337120802e+01,
       3.0788969979219559e+02, -3.0738781146834611e+01,
       -1.2241636076907614e+01, 6.6646311409529247e+01,
       6.7915011337120802e+01, 1.3800089386642554e+02,
       4.4087928440061223e+03, 4.1187232353487559e+02,
       2.4978075693499923e+03, 1.8446294320840158e+02,
       -6.0494137511327644e+01, 2.1677984300654060e+02,
       4.1187232353487576e+02, 7.3748853994953197e+03,
       -1.3964439563448221e+02, 1.4219272504932574e+03,
       8.2484909349325790e+01, -1.1911554302704486e+02,
       2.4978075693499923e+03, -1.3964439563448215e+02,
       1.9250094429150324e+03, 5.2303445129758686e+01,
       -1.0896582191716547e+02, 4.1143959117301925e+01,
       1.8446294320840153e+02, 1.4219272504932571e+03,
       5.2303445129758707e+01, 1.4745728907031787e+03,
       -1.5615513240076811e+02, 2.9814536359254937e+01,
       -6.0494137511327644e+01, 8.2484909349325804e+01,
       -1.0896582191716548e+02, -1.5615513240076814e+02,
       2.9226475366125891e+02, -3.9649944144042877e+00,
       2.1677984300654060e+02, -1.1911554302704486e+02,
       4.1143959117301925e+01, 2.9814536359254930e+01,
       -3.9649944144042895e+00, 1.4630223081647429e+02,
       3.9067738043434456e+03, -3.2778540357838551e+02,
       3.0075787523771355e+03, -4.7900755052175491e+01,
       -1.0731827680939460e+02, -1.8032445359714970e+01,
       -3.2778540357838551e+02, 1.8032690609642841e+03,
       -1.3082488832583269e+02, 6.6873069015911256e+02,
       5.5186090819590675e+01, 5.1204897687163374e+01,
       3.0075787523771346e+03, -1.3082488832583269e+02,
       2.5123380068004535e+03, -9.1554538265218568e+00,
       -7.9997566284547830e+01, 5.6241517599352818e+01,
       -4.7900755052175505e+01, 6.6873069015911256e+02,
       -9.1554538265218639e+00, 3.1709830401583093e+02,
       -1.7257607879145780e+01, -5.0631665183370407e+00,
       -1.0731827680939460e+02, 5.5186090819590675e+01,
       -7.9997566284547830e+01, -1.7257607879145780e+01,
       3.1754563533273970e+01, 1.9279644627848394e+00,
       -1.8032445359714970e+01, 5.1204897687163374e+01,
       5.6241517599352818e+01, -5.0631665183370442e+00,
