%YAML:1.0
means: !!opencv-matrix
   rows: 15
   cols: 8
   dt: d
   data: [ -5.5357842514401938e+01, -7.5312952051694651e+01,
       1.8187716670534371e+01, 4.9402448600274717e+01,
       9.6247584762538096e+00, -4.2871079413244804e+00,
       7.3115563508631265e-01, -6.2582702096918075e-01,
       8.8257193134644211e+01, -3.9833742743662121e+01,
       -2.4824222070058028e+01, 2.7247204094432547e+01,
       -9.2677086557165289e+00, 9.0910544172247967e+00,
       -2.6937679888174286e+00, -1.8934216498919698e-01,
       4.1446852926454056e+01, 2.0676713033304623e+01,
       -8.3201624424200293e+00, -4.2251783136591863e+00,
       2.1546275889679873e+01, 2.2864521321406213e+00,
       9.7726633683160202e-01, 1.2449796641184288e+00,
       -2.5262814949523655e+01, 1.4769942775817139e+01,
       1.6699934469244077e+01, -1.2754021051937263e+01,
       2.2818978662045467e+01, -8.8058414411763710e+00,
       2.0168694765119904e-01, -5.2730827576851980e-01,
       3.8091570145120365e+01, -9.6785554899350899e+01,
       -1.2246699116615149e+01, 6.5789281644566927e+01,
       -3.6795828409071478e+00, -2.5463019441617096e-01,
       1.9455814502781854e+00, -3.6679077640837932e-01,
       -1.5027826499331007e+02, 3.9753895947925894e-01,
       3.7406533687969059e+01, 1.4238941264619896e+01,
       -6.1754489394081080e+00, 2.3310306661787429e+01,
       -1.2108809877336453e+00, 2.4313987382920446e+00,
       -1.8921062212388765e+02, -1.9148003539643600e+01,
       4.2330085524103296e+01, 1.3877830480707848e+01,
       -7.0924786026383755e+00, 3.1604828360009711e+00,
       2.6548676585296871e-01, -2.4899763912114070e-01,
       8.1604823744288453e+01, 1.5731779202245209e+01,
       -2.3716461826830752e+01, -3.2307610567435148e+01,
       -2.6459093350969120e+01, -1.9789196811952955e+01,
       9.5336795171086719e-01, -2.3319226698574371e+00,
       -1.3136651687577722e+02, 3.8383340935042362e+01,
       3.5414219749517251e+01, -2.5930467001338837e+01,
       8.7407930470855377e-02, -1.2516577248124964e+01,
       4.9604075216529803e-01, -1.3871686947716770e+00,
       9.6595899093344144e+01, 1.1257594449819348e-01,
       -7.9414042984884702e+01, 4.1218755307397750e+00,
       -4.3013933479972160e+00, 1.2437041359942151e+01,
       1.1273331125612365e-02, 7.4504230453342213e-01,
       2.0266558992512458e+02, -8.4095121302313238e+00,
       3.2740040318257311e+00, 4.7811188582143469e+00,
       -7.8352440985278031e+00, 1.2158984050606010e+01,
       -2.1584594761792744e-01, 1.0741362583982410e+00,
       -1.4865038956521062e+02, -1.0359089537543920e+02,
       2.7550251307753950e+01, 6.6292669922351280e+01,
       -1.9650262451047354e+01, 6.4574479145448127e-01,
       -2.0144341811584948e-01, -1.4218879345359641e+00,
       1.2600892938622772e+01, 1.1163372736983091e+02,
       -1.0955689879378800e+00, -6.7295332811372447e+01,
       7.3812011259946937e+00, -7.0524985330712206e-02,
       3.4057595147498509e-01, 1.6547041240471021e+00,
       7.4050114135612844e+01, -2.9748659030005622e+00,
       -1.2002954148898825e+01, -9.8897860860503730e+00,
       -3.2370199404675706e+00, -4.1621716391461439e+00,
       -2.2925825337353460e+00, -9.5560125979945121e-01,
       -1.9949483134732685e+02, 9.3362929374649468e+01,
       4.1912854162642979e+01, -5.1878302429555767e+01,
       -2.4171932204276725e+01, 1.6818986267854505e+01,
       -3.6659598893253285e+00, 1.9655157216752503e+00 ]
covs: !!opencv-matrix
   rows: 120
   cols: 8
   dt: d
   data: [ 6.6055484471424252e+03, 3.0942461343072091e+02,
       2.8190618845738941e+03, 1.0957126182838667e+02,
       2.3603399567888627e+02, 1.7393217141342504e+02,
       -1.9092822167429070e+01, -2.0430548801471328e+01,
       3.0942461343072091e+02, 6.9299564401257830e+03,
       -1.7142538829179038e+01, 1.9923739088882437e+03,
       9.2783999671650164e+01, -4.5738411250036620e+01,
       2.5143874407132000e+01, -3.3379360507905020e+01,
       2.8190618845738941e+03, -1.7142538829179081e+01,
       2.6356527283821961e+03, -8.7590727695634698e+01,
       -1.2446491476640023e+02, -2.2371145029475574e+01,
       -1.0361027861755970e+01, 2.4979311440688896e+00,
       1.0957126182838668e+02, 1.9923739088882437e+03,
       -8.7590727695634698e+01, 1.2221182812135080e+03,
       -1.0299032076803188e+02, -1.0483016492977680e+02,
       -3.6485871409689210e+01, 1.1753282324807326e+01,
       2.3603399567888624e+02, 9.2783999671650193e+01,
       -1.2446491476640021e+02, -1.0299032076803188e+02,
       1.5045833331352455e+02, 3.2669860558543129e+00,
       -1.9290606481736599e+01, -6.9621842466357950e+00,
       1.7393217141342507e+02, -4.5738411250036606e+01,
       -2.2371145029475574e+01, -1.0483016492977680e+02,
       3.2669860558543138e+00, 6.9729904753745956e+01,
       2.6105909719911239e+01, -8.6357106867894320e+00,
       -1.9092822167429080e+01, 2.5143874407131992e+01,
       -1.0361027861755970e+01, -3.6485871409689210e+01,
       -1.9290606481736596e+01, 2.6105909719911239e+01,
       3.3048585882310675e+01, 2.8654246059067034e+00,
       -2.0430548801471325e+01, -3.3379360507905020e+01,
       2.4979311440688918e+00, 1.1753282324807330e+01,
       -6.9621842466357968e+00, -8.6357106867894320e+00,
       2.8654246059067039e+00, 1.4863919285748512e+01,
       6.2925281299893750e+03, 1.8811560267857876e+03,
       2.7030862956763945e+03, -8.2240649055725964e+02,
       3.1052470718662530e+01, 1.9873402371894130e+02,
       -2.3124999261755138e+02, -4.3883619798089235e+01,
       1.8811560267857876e+03, 8.4510916931905140e+03,
       -2.2567893525375769e+02, 9.8816583205116058e+02,
       1.1489908095585680e+02, 2.5529053970470434e+02,
       -1.3069649069779302e+02, -4.6757982358533546e+01,
       2.7030862956763945e+03, -2.2567893525375769e+02,
       2.5610222787379630e+03, 9.0450174688565482e+01,
       -1.0533706413250643e+02, 3.1557732939655953e+01,
       3.8854113913149781e+01, 1.0197223267837474e+01,
       -8.2240649055725964e+02, 9.8816583205116069e+02,
       9.0450174688565411e+01, 1.9436629121410222e+03,
       -1.4886187902908341e+02, -2.8476603602023658e+02,
       7.7338480226822256e+01, 3.3072822332751464e+01,
       3.1052470718662537e+01, 1.1489908095585683e+02,
       -1.0533706413250643e+02, -1.4886187902908341e+02,
       3.8379287736639206e+01, 1.9523363380729307e+01,
       -4.4438383799356087e+00, -3.4776661073327475e-01,
       1.9873402371894133e+02, 2.5529053970470434e+02,
       3.1557732939655953e+01, -2.8476603602023658e+02,
       1.9523363380729307e+01, 1.0401246818277042e+02,
       -1.3359553992976736e+01, -1.6432395890815332e+01,
       -2.3124999261755138e+02, -1.3069649069779300e+02,
       3.8854113913149781e+01, 7.7338480226822256e+01,
       -4.4438383799356105e+00, -1.3359553992976736e+01,
       5.1459298993007891e+01, 9.5651299371031300e+00,
       -4.3883619798089235e+01, -4.6757982358533553e+01,
       1.0197223267837471e+01, 3.3072822332751471e+01,
       -3.4776661073327458e-01, -1.6432395890815336e+01,
       9.5651299371031300e+00, 2.1794799708313622e+01,
       6.5147948096868658e+03, 3.8106864460951772e+02,
       2.3322280617720799e+03, 6.2605338663764556e+01,
       -7.8568397482065586e+02, 1.2781690573099497e+02,
       -4.9132337114588857e+01, 1.9720229118805388e+01,
       3.8106864460951783e+02, 7.9155299957272391e+03,
       -7.6637778789773236e+01, 1.1187011138557345e+03,
       -6.3262784100250293e+01, -3.7630180976753184e+02,
       5.2405765919831730e+01, -1.6866512261853931e+01,
       2.3322280617720799e+03, -7.6637778789773279e+01,
       2.6551777600103023e+03, -1.6282290320441760e+01,
       1.1045859426297793e+02, -1.9931296851958482e+01,
       2.4597734620712288e+01, -3.0726478223885234e+00,
       6.2605338663764591e+01, 1.1187011138557345e+03,
       -1.6282290320441774e+01, 1.6729487357000010e+03,
       -6.1480497900974747e+01, 7.4246328098178196e+01,
       -2.9711063160529370e+01, 1.2942071289311277e+00,
