%YAML:1.0
means: !!opencv-matrix
   rows: 22
   cols: 8
   dt: d
   data: [ 1.6442251323317817e+02, 1.6960999112385853e+01,
       -4.5837839373824281e+01, -1.4848832076949513e+01,
       -7.3232055469870749e+00, 1.1858480361726418e+01,
       -2.0460605431769840e-01, -5.1034734812936577e-01,
       -2.1084237138485273e+02, -8.2059607322285633e+00,
       4.4802255559494348e+01, 1.1229668696377869e+01,
       -1.0835859181804521e+01, 9.9071642176652990e+00,
       -1.1693467593271021e+00, -6.8021256412233544e-01,
       8.1896149660833345e+01, 1.6404792846152795e+01,
       -2.2989694994450542e+01, -3.2229012745646720e+01,
       -2.6421046302146273e+01, -1.9906047793786652e+01,
       1.0398682473487673e+00, -2.3839195258289596e+00,
       1.9264194477502105e+01, 1.5669012997473200e+02,
       3.5475017768825723e-01, -8.6397702820839498e+01,
       1.6270370677677388e+01, 1.5984181287333824e+01,
       -3.9407601764823974e-01, 2.4249162673980242e+00,
       7.1055300147973441e+01, -6.4322459856854479e+01,
       -2.2533800547994140e+01, 4.0378469887931992e+01,
       3.2389959035427873e+00, 1.2088052968527624e+01,
       -2.4831848596378317e-01, 5.3409664156831427e-01,
       -1.0142126929621239e+02, 2.4196099874311255e+01,
       2.9318613515950315e+01, -1.9182731678279378e+01,
       1.1448169705316259e+01, -1.5666691112178613e+01,
       2.1225893447813267e+00, -4.5397863371515829e-01,
       -4.7236610994608794e+00, -6.1482567731931432e+00,
       1.4698416233958026e+01, 7.8918007240410395e+00,
       2.9680912516384478e+01, -1.8135598135453277e+00,
       7.1559438949521759e-01, 5.5043947975026319e-01,
       -1.4938242626971999e+02, -1.0228293393484689e+02,
       2.8262098461139907e+01, 6.8019904507944105e+01,
       -1.8088984039682199e+01, 2.5976478183962748e-01,
       1.5186670185302109e-01, -7.1445196740884331e-01,
       -1.9249412398925298e+02, 8.1058364097408514e+01,
       4.1223437964091126e+01, -4.6511909429549732e+01,
       -2.1645354085728229e+01, 9.5885450701248747e+00,
       -2.1490299690788075e+00, 1.6224278768630507e+00,
       1.3085256331297796e+02, -2.6940222878188390e+01,
       -3.3849896657367509e+01, 2.6064716444803505e+01,
       -4.8274384940151904e+00, 1.3491209801002414e+01,
       3.2411323977308726e-02, 1.9692698082918132e+00,
       1.1422954602455441e+02, 4.0453047566177052e+00,
       -2.3413600460688759e+01, 3.2372957348594062e+00,
       -1.8689169143252042e+00, 2.0127081408433391e+01,
       -9.1163852293896692e+00, -2.0271624881876988e+00,
       7.9237332910877853e+01, 3.4050958364365897e+01,
       -1.8383634112843193e+01, -3.3975181790181082e+01,
       -6.1764972994539553e+00, -1.6048048377015697e+01,
       8.3390291919273984e-01, 1.0165002684070132e-01,
       -5.8582535219228788e+01, -8.2026749200393866e+01,
       1.6967684803904874e+01, 5.1262429549225850e+01,
       7.4167179558243808e+00, -3.8710775551843795e+00,
       1.9817677852427669e+00, -3.2124984428975811e-01,
       -1.4392130660598585e+02, -1.0535306449199074e+02,
       2.4727693883240999e+01, 6.4986837724706390e+01,
       -2.7172608811216914e+01, 3.9123071478838849e+00,
       -1.5553785677999079e+00, -3.8252906607528305e+00,
       1.2913844318664490e+01, 4.8846734915554009e+01,
       1.5619667150929022e+01, -3.2264484736379806e+01,
       3.6259861665925726e+01, -9.1415221808834684e+00,
       7.6249553984371288e-01, -7.2740412591083836e-01,
       3.1816450243143237e+01, -9.8766799769490859e+01,
       -1.0529611500041126e+01, 6.8129951569394564e+01,
       -4.4191509745915205e+00, -1.2485841672269538e+00,
       2.1313557135619696e+00, -3.8267975358340262e-01,
       5.8851384681726408e+01, -3.7606622468590047e+01,
       -1.4971804949974548e+01, 2.2474853727403254e+01,
       -7.7955411596196544e+00, 5.3034064672390340e+00,
       -3.9002791785073965e-01, 6.2906133956496624e-01,
       -1.5987513218159856e+02, 6.0862532419975430e+01,
       3.6976416077850779e+01, -3.1503990854240243e+01,
       -8.3574346685679881e+00, 1.2115448215511506e+01,
       -4.6808011669046659e+00, -2.1649287002419668e+00,
       -2.2497366176545835e+01, 2.6112631948377480e+01,
       -7.3844271855985781e+01, -4.4336098084775194e-01,
       1.8648630919236567e+01, 2.6629568497494600e+00,
       9.8006131536279939e-01, 1.1600278006392553e+00,
       -1.1616838608664520e+02, -5.1598423770204256e+01,
       3.6377945105377499e+01, 3.4833657754554451e+01,
       4.4504499318675288e+00, -5.4274589780047027e+00,
       -1.0153416536468298e+00, -5.9075340270439736e-01,
       1.0907021524468766e+02, 1.7731845490439714e+01,
       -7.2482136459634425e+00, -4.9176615960966403e+00,
       8.0164760044210617e+00, 4.9384720501775146e+00,
       7.9021463870235653e-01, 2.0467676235054815e+00,
       -3.2080928772453601e+00, 5.2223429715684105e+01,
       7.1895675115287947e+00, -4.0390932009762182e+01,
       1.0708798379415976e+00, -1.6537233799777891e+01,
       -7.2984113301986830e-01, 4.4217560237850911e-01 ]
