%YAML:1.0
means: !!opencv-matrix
   rows: 37
   cols: 6
   dt: d
   data: [ 8.3110878100379026e+01, 1.8512849682295435e+01,
       -2.3524549156917843e+01, -3.3194064205854694e+01,
       -2.4934076488987998e+01, -2.0273643654567241e+01,
       -4.0987571003750283e+00, 4.2294290636540637e+01,
       -2.0646039837271033e+00, -4.1484506785134869e+01,
       -1.5024854425631450e+01, -2.3290913777360291e+01,
       -6.4995724541443408e+01, -1.7996484269207701e+02,
       4.2951624583376990e+01, 1.2903039184206291e+01,
       3.3242625739466409e+00, -2.9700832126665180e+00,
       1.1071933493734072e+02, -5.5319891902493037e+00,
       -7.6741167040195378e+01, -1.1688787351758188e+01,
       -5.0320135197468634e+00, 1.3610006827371397e+01,
       -2.1025728417430278e+02, 2.4378176497485324e+01,
       3.6748594767538940e+01, -8.1033652259662446e+01,
       -2.1824354115472513e+01, 2.0627740823170189e+01,
       -1.5008469356214309e+02, -1.0141163948136376e+02,
       2.8515078052057095e+01, 6.8339547732746112e+01,
       -1.8235621916765247e+01, 4.4288772548211314e-01,
       -6.2725224932687873e+01, 1.0169567296182237e+02,
       -2.2229813510968079e+01, 3.2599105555138159e+01,
       1.7775510072056885e+01, -5.8146240077537970e+00,
       2.0669865891738120e+01, -5.1779908485065803e+01,
       3.8568707604838856e+01, -1.6096739125777042e+01,
       1.6874933119896049e+01, -1.8818983110898766e+00,
       7.9423299401576060e+01, 1.0032772293670435e+02,
       4.1033973693634074e+01, 3.1361020895836607e+01,
       1.2623444045407128e+01, -5.3764314961731969e+00,
       6.2164728480851075e+01, -7.2763750393807229e+01,
       -2.6148583460392754e+01, 4.3636995250636346e+01,
       -1.1219452226921874e+01, 5.7096531633688228e+00,
       -2.0519211475560232e+02, 1.6212369772535251e+02,
       3.8934545974423756e+01, -2.5323519483231948e+01,
       -2.3209850087930462e+01, 2.0666850498167079e+01,
       -2.3471240933439379e+01, -6.8898132078926849e+01,
       -1.3053248674650682e+01, 4.5037851543957501e+01,
       1.9881592964446348e+01, 4.1659172851869171e+00,
       7.6535323687021020e+01, 7.0162312907258935e+00,
       -2.2245842141606456e+01, -2.9845219922665880e+01,
       -3.1538036932493313e+01, -1.8604058001988832e+01,
       9.3572316638817753e+01, 6.1362586624054025e+01,
       -1.9785436544902925e+01, 5.7656329446801401e+01,
       1.0084752056379080e+00, 6.3430206014546267e+00,
       1.3613232986919743e+02, -1.3010160912561768e+00,
       6.1757017586977625e+01, -9.4612771763229624e+00,
       1.4314473887469658e+01, 1.9313949806068913e+00,
       -1.8231096854276780e+02, -7.8424089814363938e+01,
       4.2934856253865853e+01, -4.6408857950912733e+01,
       -5.8421509191034922e+00, -3.3620281117762425e+00,
       9.9914571853067841e+01, -4.9295173395852458e+01,
       -2.9799604690149827e+01, 3.6432624802705718e+01,
       -4.5640876237983607e-01, 1.4250135672569643e+01,
       1.1242871207728797e+01, 3.9290024664363450e+01,
       -8.0639510309672815e+01, -1.4059569779470953e+00,
       1.3549315574051701e+00, -1.6584806942441152e-01,
       -7.3973691083135291e+00, 3.3966250510025674e+01,
       1.0120469067737297e+01, -2.5645009422852670e+01,
       3.8359190222796606e+01, -6.0969901830278861e+00,
       1.9338479136153566e+01, 1.5184975728317997e+02,
       -1.1229165436835526e+00, -8.6296058330529803e+01,
       1.5793903041383828e+01, 1.5267579305140499e+01,
       -1.0394671846695131e+02, -6.4640103411599057e+01,
       1.4693408330626363e+01, 6.0613144718501481e+01,
       -1.8524449948104484e+00, -3.4560655503701345e+00,
       2.5343998498086496e+01, 1.4472651469949307e+01,
       -2.0259804466469138e+01, -3.4393242949616929e+00,
       2.2616523724084484e+01, 4.7561489943794486e+00,
       -1.9225543893005784e+02, 6.8227148949338201e+01,
       4.4007323973324972e+01, 2.2981779182753190e-01,
       -1.1785780439024915e+01, 7.0958532031969390e-01,
       6.3763408807635415e+01, -5.0818297306773999e+01,
       -1.6810280828429143e+01, -7.3495461808170219e+01,
       3.9031785525443805e+00, -9.5125620005767946e+00,
       1.6694640522536969e+02, 2.6006374451667835e+01,
       -3.3124784647369438e+01, -2.3829870579199156e+01,
       -1.2106819239511266e+01, 7.2916311740871018e+00,
       4.0708613853592404e+01, -6.9124911381921166e+01,
       7.3286104008254469e+01, 5.3345090454195862e+01,
       8.9640261001324788e+00, -3.3488972410786126e+00,
       -1.3187575317366037e+02, -2.2996736288940525e+01,
       6.4199941275292815e+01, 2.9925665744270884e+01,
       -4.0103580376660091e+00, -2.3098899051241903e+00,
       -2.3432177724689006e+02, -2.6371576776202435e+01,
       -1.5172533703663248e+01, 2.2712951287196436e+01,
       -6.0474483378113864e-01, -1.1670381004059889e+00,
       -1.6036666617500504e+02, -9.8383429160014924e+00,
       4.0963383081065807e+01, 2.0415266415793582e+01,
       -4.1484696498477156e+00, 2.0309796790949147e+01,
       9.9185725959423394e+01, -8.0125163152991703e+01,
       -3.4294252360303098e+01, -1.4370069440023263e+01,
       2.0709449850991007e-01, 1.1376915137110899e+01,
       1.5479625776505998e+02, 8.9337432090487297e+01,
       -4.3406693112202859e+01, 3.5548200294860543e+01,
       -6.2178566983341446e+00, 9.5484794127405408e+00,
       8.6040264640859661e+01, 6.5937175822769859e+01,
       -1.8944362602563615e+01, -2.5610788690589466e+01,
       -4.1169883861298011e+00, -1.4474891984249576e+01,
       2.4080022380089002e+01, -1.0300153423545834e+02,
       -9.7898210541150572e+00, 6.8882153599551188e+01,
       -5.0502438481994432e+00, -2.0034670884263184e+00,
       2.1046485364143885e+02, -1.8092373484740811e+01,
       8.8732669939201276e+00, -5.1881827268670166e+00,
       -7.5986111005903991e+00, 1.3246818596675318e+01,
       -1.0112993355771027e+02, -5.7346525410915035e+01,
       -4.0607200050705394e+01, -2.3020140415759453e+01,
       1.9476807644625818e+01, -1.6190338076906736e+00,
       -1.3955600937939644e+02, 5.1873795120142169e+01,
       1.7374267589673270e+01, -2.8707940470725120e+01,
       -1.2576759815399983e+00, -1.2887911887601552e+01,
       -4.9198499617103657e+01, 4.5734502495745375e+01,
       9.6898640212033357e+01, -2.9023758963514517e+01,
       -4.1296140837563602e+00, -1.0392006751033128e+01 ]
