%YAML:1.0
means: !!opencv-matrix
   rows: 9
   cols: 6
   dt: d
   data: [ 1.1781536428723632e+02, 7.7338583182534464e+00,
       4.5494384345613547e+01, -5.2827027529252621e+00,
       1.2108745498650780e+01, -3.5765692954497726e-03,
       -2.0069169445146909e+02, 4.7966165091551023e+00,
       4.2514583709748713e+01, 5.6870217891111086e+00,
       -1.0682259780634654e+01, 1.4421847579790979e+01,
       -2.4880206930641320e+00, -9.7024783209134497e+01,
       -6.2817497304192678e+00, 6.3243614102869920e+01,
       -8.1230709753890160e+00, 1.0021371331237310e+00,
       8.2632583560755066e+01, 1.6286483678267661e+01,
       -2.2948847473895377e+01, -3.2390282070690326e+01,
       -2.6116037160790771e+01, -1.9951640793075605e+01,
       8.5272775690722362e+00, 1.4124525163324527e+01,
       -3.3210516087154460e+01, -7.1776961394611858e+00,
       9.7337001211965131e+00, -1.4811244551403702e+00,
       -1.5416631783355834e+02, 5.6044063647000996e+01,
       3.6498673485134688e+01, -3.7093893210562484e+01,
       -1.0538659320632915e+01, -3.6934174881007111e+00,
       -3.5209082057005650e+00, 1.1041266623563969e+02,
       -5.4730740636997577e-01, -6.4410650052199927e+01,
       2.4472306003787931e+01, 6.2555566155440756e-01,
       -7.0567752483415333e+01, -5.0933185144247958e+01,
       1.9270627020229060e+01, 3.3784539342190556e+01,
       1.2991996288466142e+01, -5.8185690846005480e+00,
       1.4129551912971465e+02, -2.1850923599018799e+00,
       -3.9269656714241371e+01, 4.8717679242807463e+00,
       -5.7243996122103029e+00, 1.2783748422430156e+01 ]
covs: !!opencv-matrix
   rows: 54
   cols: 6
   dt: d
   data: [ 3.4375719640625744e+03, 4.5866333331067045e+02,
       -4.0599145577160812e+02, 2.3079430859185688e+01,
       -6.7752854154860245e+02, 1.1678210930956276e+02,
       4.5866333331067068e+02, 8.2351282495354953e+03,
       -7.0207536667347341e+01, 8.9833293509703469e+02,
       1.0752475472268220e+02, -3.1725302808830071e+02,
       -4.0599145577160812e+02, -7.0207536667347341e+01,
       7.8125482473714817e+02, -2.9771456248157776e+01,
       2.4554040288210899e+02, -9.0844249967239577e+01,
       2.3079430859185702e+01, 8.9833293509703469e+02,
       -2.9771456248157765e+01, 1.9744292420281149e+03,
       -1.3410091174885389e+02, 1.4014481963547334e+02,
       -6.7752854154860245e+02, 1.0752475472268220e+02,
       2.4554040288210894e+02, -1.3410091174885392e+02,
       3.3779256126622874e+02, -8.9940004619964125e+00,
       1.1678210930956276e+02, -3.1725302808830071e+02,
       -9.0844249967239577e+01, 1.4014481963547328e+02,
       -8.9940004619964071e+00, 2.0464969092721012e+02,
       5.7544223646182854e+03, -3.0281630074113821e+02,
       3.0034850649671266e+03, 5.3695884658126874e+02,
       2.0236042576782857e+01, 3.4532862522024558e+01,
       -3.0281630074113821e+02, 9.2852042512546086e+03,
       2.1430196565706916e+02, 5.1076242675844878e+02,
       -1.2218451249114652e+02, 4.0476494857725532e+02,
       3.0034850649671266e+03, 2.1430196565706908e+02,
       2.3587383699455918e+03, -1.6334608723508617e+02,
       -8.1504958639837440e+01, 1.8494623028203645e+01,
       5.3695884658126874e+02, 5.1076242675844890e+02,
       -1.6334608723508620e+02, 1.9340907328883932e+03,
       2.4920084005572811e+01, -2.4254770924236365e+02,
       2.0236042576782868e+01, -1.2218451249114652e+02,
       -8.1504958639837426e+01, 2.4920084005572811e+01,
       6.1659837262579863e+01, -1.0365469144229293e+01,
       3.4532862522024566e+01, 4.0476494857725527e+02,
       1.8494623028203637e+01, -2.4254770924236365e+02,
       -1.0365469144229296e+01, 1.6062817127000764e+02,
       1.1596819025986097e+04, 8.2314005743500104e+02,
       1.7076002989357635e+03, -2.8664745077763359e+02,
       4.0480209182464637e+02, 1.2602714691785357e+02,
       8.2314005743500081e+02, 6.5012273736941315e+03,
       -2.7084489814815339e+02, 2.1015812380667426e+03,
       -2.5285470937406036e+01, 1.5807305766459018e+01,
       1.7076002989357637e+03, -2.7084489814815339e+02,
       2.8289898465575279e+03, 6.7287263065441508e+01,
       -2.0502223363458265e+02, 5.0744160878198725e+00,
       -2.8664745077763359e+02, 2.1015812380667426e+03,
       6.7287263065441508e+01, 1.2505133539331944e+03,
       -5.3401241947174526e+01, -1.7396747202376591e+02,
       4.0480209182464637e+02, -2.5285470937406032e+01,
       -2.0502223363458265e+02, -5.3401241947174519e+01,
       8.3671651054765945e+01, 3.3737028416607799e+00,
       1.2602714691785357e+02, 1.5807305766459031e+01,
       5.0744160878198645e+00, -1.7396747202376591e+02,
       3.3737028416607808e+00, 6.1595648964804816e+01,
       4.0618361651544083e+03, 6.7022947225368810e+01,
       3.0896656348480055e+03, 1.3720381345456920e+02,
       -1.1142009699502994e+02, -2.6580303799673331e+01,
       6.7022947225368753e+01, 5.5861928208587324e+03,
       -4.8880902656453060e+01, 2.4639967520224836e+03,
       -4.4761289794133177e+01, -1.3969630123457048e+02,
       3.0896656348480055e+03, -4.8880902656453046e+01,
       2.5819942673025575e+03, 2.8693546111915239e+01,
       -8.3693373886091990e+01, 5.3647516491747687e+01,
       1.3720381345456920e+02, 2.4639967520224836e+03,
       2.8693546111915222e+01, 1.1710906488413962e+03,
       -6.4731608381922925e+01, -8.9993086544871943e+01,
       -1.1142009699502997e+02, -4.4761289794133177e+01,
       -8.3693373886092004e+01, -6.4731608381922911e+01,
       3.5741124934785148e+01, 6.5860767781230241e+00,
       -2.6580303799673324e+01, -1.3969630123457048e+02,
       5.3647516491747702e+01, -8.9993086544871929e+01,
       6.5860767781230241e+00, 8.0640029398719690e+01,
       4.7319566994076022e+03, 3.2999194205900483e+02,
       7.9160238859046001e+02, -4.6854805445703898e+00,
       -6.1628893952436363e+02, 1.0256526568365399e+02,
       3.2999194205900500e+02, 8.0654938223421268e+03,
       1.5258229358964155e+02, 1.0971952696837604e+03,
       4.7315814940618658e+01, -3.0732750389569316e+02,
       7.9160238859046001e+02, 1.5258229358964164e+02,
       1.8454697628339832e+03, -6.8805073856431818e+01,
       5.5871170822338428e+01, -3.5988920111834908e+01,
       -4.6854805445703933e+00, 1.0971952696837604e+03,
       -6.8805073856431804e+01, 1.8371753796552166e+03,
       3.0028985192733249e+01, 1.5004071653383232e+02,
       -6.1628893952436363e+02, 4.7315814940618672e+01,
       5.5871170822338399e+01, 3.0028985192733238e+01,
       4.4852428486664638e+02, 8.1074325795429374e+01,
       1.0256526568365396e+02, -3.0732750389569321e+02,
       -3.5988920111834901e+01, 1.5004071653383232e+02,
       8.1074325795429374e+01, 2.0790055921650494e+02,
       6.9050149535919336e+03, -7.1528049814272265e+02,
       3.1002383365606129e+03, 5.7982929082880787e+02,
       5.2230913476669673e+02, -4.4536757661707645e+02,
       -7.1528049814272299e+02, 7.6458532492335798e+03,
       -9.5111725392926047e+01, 1.7081524734883394e+03,
       -5.8296523486338992e+02, 6.0182780708725500e+02,
       3.1002383365606129e+03, -9.5111725392926076e+01,
       2.4850173734033051e+03, 2.7168865829158619e+01,
       -5.4699552442939300e+01, 6.6940908495754670e+01,
       5.7982929082880787e+02, 1.7081524734883394e+03,
       2.7168865829158609e+01, 1.4252167830761459e+03,
       2.4925503359016326e+02, -2.3842005938034069e+02,
       5.2230913476669673e+02, -5.8296523486338992e+02,
       -5.4699552442939300e+01, 2.4925503359016326e+02,
       2.8461287825256068e+02, -1.9344778634864056e+02,
       -4.4536757661707645e+02, 6.0182780708725500e+02,
       6.6940908495754698e+01, -2.3842005938034069e+02,
       -1.9344778634864056e+02, 3.4576186577721734e+02,
       5.7330791165550709e+03, 1.0227815439032155e+03,
       2.7255490710753970e+03, -1.7751399492719710e+02,
       -1.7306475044782521e+00, 4.1359967640517858e+01,
       1.0227815439032155e+03, 8.7753257779615233e+03,
       -2.5166208186493941e+02, 1.2638323195848388e+03,
       -5.1239871122035936e+02, 9.4259057464033378e+02,
