%YAML:1.0
means: !!opencv-matrix
   rows: 6
   cols: 14
   dt: d
   data: [ 3.2676470686613723e+00, -1.1025736338008842e+02,
       5.9176666072278676e+00, 3.8456868995628426e+01,
       4.5242580687359961e+00, -1.4425505369913578e+01,
       -8.2035499745517904e-01, -3.8846256895453130e-01,
       -1.7101814139421776e-02, -7.4145710266588416e-01,
       -1.5045881147497869e-01, -4.0420358654900353e-02,
       2.5642285365934528e-03, -6.9727901186449892e-05,
       -1.6683867302674605e+02, -7.4171109423730655e+01,
       4.0851234227428044e+01, 1.5033987020726469e+01,
       -1.5666612425975107e+01, -1.0252568672085715e+01,
       -3.8220689392629650e+00, -9.8721485301664735e-01,
       1.3073136197183122e+00, 3.9859804086521100e-01,
       -7.9577455394632499e-02, -1.2015936972805882e-02,
       -6.2794650476909091e-03, 6.0552718563850342e-03,
       1.0512293639509272e+02, 6.5971578043207330e+01,
       -3.6380935326540147e+01, -1.7870211431149929e+01,
       -9.5380118397014826e+00, -3.8406742337998199e+00,
       5.4591736820337378e-01, -3.6256153991348561e-01,
       -6.2108598477741062e-01, -8.7052858823473439e-02,
       2.8869440515590442e-02, -1.5506740702126503e-02,
       2.6785728787097757e-03, 1.0260240867982336e-02,
       4.7484296201409379e+01, -1.2588113276246471e+01,
       -5.9898348760872722e+00, 9.0600733291887785e+00,
       1.0160308241467039e+01, 5.1979287370312752e+00,
       9.7089936129260834e-01, -1.9116520328128447e-01,
       -2.0732222272267939e-01, 5.2016559049521419e-02,
       2.5057893254404686e-02, 1.6234190103345231e-02,
       1.8530651503337139e-03, -7.4375698541833801e-03,
       5.2807904983396540e+01, 6.9733746660396312e+00,
       -1.3063819851037586e+01, -7.1499421401740610e+00,
       -3.2174410249722332e+00, -8.8004267017844935e+00,
       -5.4021138875770278e+00, 8.3473566049029924e-01,
       4.6322600184339304e+00, 7.2322614336157087e-01,
       -6.5821831594367206e-02, -2.0514883366649830e-02,
       -2.6227212095578101e-02, 1.5595040942134590e-02,
       -1.4491572994115825e+02, 2.2701583532368865e+01,
       3.1566549053485062e+01, -1.6548024481875700e+01,
       -7.2668434933716561e+00, 3.2310633904552679e+00,
       6.2536472748093963e-01, 8.3886554713169559e-01,
       -7.9494506627911321e-01, -1.1771732035580161e-01,
       1.5757062237883049e-02, 3.2297561020780876e-03,
       2.8507957055843489e-03, -4.2537129168278737e-04 ]
covs: !!opencv-matrix
   rows: 84
   cols: 14
   dt: d
   data: [ 6.2754394543278677e+03, -1.3597165245041201e+03,
       3.1187303382151485e+03, -6.5622152203507858e+02,
       -1.8921464846192347e+02, -1.9787104335661124e+02,
       -6.0953625432180004e+01, 9.8746615493338368e+00,
       3.8362110548896041e+01, -1.8228873009644687e+01,
       -4.6830749239553543e-01, -6.1723242367144349e-01,
       1.9687340915241899e-01, -6.0864253810275291e-02,
       -1.3597165245041201e+03, 1.6027795786392153e+04,
       8.7434202384595110e+01, -5.8815162335530692e+02,
       1.0629757217812459e+01, 9.5821982522386747e+02,
       1.7230043588268546e+02, 6.2106386412897407e+01,
       -9.8249918124911826e+00, 5.8287982511509384e+01,
       -1.3237506087591010e+01, 2.9578672730973614e+00,
       -1.6060854119872370e-01, -5.9775010808300011e-01,
       3.1187303382151476e+03, 8.7434202384595082e+01,
       2.5061964201990390e+03, 2.9118767918332679e+02,
       5.4224359673344395e+01, -7.3344390520711977e+00,
       -4.7218472662650601e+00, 5.2625995344400422e+00,
       6.6434508874613307e+00, 6.5759513828203824e+00,
       1.5335562115728067e+00, -7.6391875079971069e-02,
       -1.6393849627573104e-01, 2.9362940676393307e-01,
       -6.5622152203507858e+02, -5.8815162335530692e+02,
       2.9118767918332679e+02, 2.8321067638656809e+03,
       1.1010954969912081e+02, -2.1516737520105957e+02,
       -4.4133382093880648e+01, -3.6818002226030444e+01,
       -7.8496585811310577e+00, 9.5605625202071796e+00,
       4.3104720266251944e+00, -1.2675577571488743e+00,
       1.5881358799119338e-01, 5.5597148586949940e-01,
       -1.8921464846192350e+02, 1.0629757217812468e+01,
       5.4224359673344395e+01, 1.1010954969912072e+02,
       3.2125385470635530e+02, 8.7537706421933621e+01,
       -1.2949260356202326e+00, 6.4555753215916063e+00,
       2.8782743255181504e+00, 4.0616229957275314e+00,
       2.4808893639283256e+00, -6.7868544506003448e-01,
       -2.1757033552134261e-03, 1.7723758490229205e-01,
       -1.9787104335661130e+02, 9.5821982522386747e+02,
       -7.3344390520711933e+00, -2.1516737520105957e+02,
       8.7537706421933621e+01, 2.6097321130065797e+02,
       4.2203556104045070e+00, 9.3409476092415371e+00,
       5.9551323300733001e+00, 3.3529319041922534e+00,
       -1.2451066713769559e+00, 4.1087526272593639e-01,
       -2.9131213897664168e-02, -1.7345444837425084e-01,
       -6.0953625432180004e+01, 1.7230043588268546e+02,
       -4.7218472662650557e+00, -4.4133382093880641e+01,
       -1.2949260356202332e+00, 4.2203556104045052e+00,
       2.5284990695415960e+01, 1.5916920719813440e-01,
       1.9666350216840471e+00, 1.9198396426496140e+00,
       -5.2191296574099683e-02, 1.0345605966704251e-01,
       -4.2853588379777853e-02, 1.3421984292865133e-02,
       9.8746615493338403e+00, 6.2106386412897400e+01,
       5.2625995344400422e+00, -3.6818002226030458e+01,
       6.4555753215916063e+00, 9.3409476092415371e+00,
       1.5916920719813418e-01, 2.1159116462009909e+01,
       5.2481371605113596e+00, -3.3836982461905323e+00,
       -1.8124519610581044e-01, 6.2931655051633112e-03,
       -2.5579829152379114e-03, -7.4302053057081222e-02,
       3.8362110548896041e+01, -9.8249918124911826e+00,
       6.6434508874613325e+00, -7.8496585811310551e+00,
       2.8782743255181504e+00, 5.9551323300733019e+00,
       1.9666350216840474e+00, 5.2481371605113596e+00,
       9.9084964631890653e+00, -5.2465142049089657e+00,
       -6.9641634333582794e-02, -8.3654621516983829e-02,
       1.3276073816191688e-02, -8.1734634879082613e-02,
       -1.8228873009644690e+01, 5.8287982511509384e+01,
       6.5759513828203842e+00, 9.5605625202071796e+00,
       4.0616229957275305e+00, 3.3529319041922538e+00,
       1.9198396426496140e+00, -3.3836982461905314e+00,
       -5.2465142049089657e+00, 5.8618311908993457e+00,
       -6.3241689012679984e-03, 3.6946791754207869e-02,
       7.2500434096005560e-03, 6.1486800281486342e-02,
       -4.6830749239553515e-01, -1.3237506087591010e+01,
       1.5335562115728072e+00, 4.3104720266251926e+00,
       2.4808893639283256e+00, -1.2451066713769559e+00,
       -5.2191296574099648e-02, -1.8124519610581047e-01,
       -6.9641634333582808e-02, -6.3241689012680036e-03,
       5.2008308533515908e-02, -7.5187630139741920e-03,
       2.0239153214464861e-04, 3.8162575519777300e-03,
       -6.1723242367144360e-01, 2.9578672730973614e+00,
       -7.6391875079970986e-02, -1.2675577571488743e+00,
       -6.7868544506003436e-01, 4.1087526272593639e-01,
       1.0345605966704247e-01, 6.2931655051633156e-03,
       -8.3654621516983829e-02, 3.6946791754207869e-02,
       -7.5187630139741928e-03, 1.0289444994438509e-02,
       2.7481311155696077e-04, -2.5090265494140884e-04,
       1.9687340915241902e-01, -1.6060854119872378e-01,
       -1.6393849627573104e-01, 1.5881358799119333e-01,
       -2.1757033552134300e-03, -2.9131213897664161e-02,
       -4.2853588379777867e-02, -2.5579829152379105e-03,
       1.3276073816191683e-02, 7.2500434096005551e-03,
       2.0239153214464861e-04, 2.7481311155696077e-04,
       2.1701276363887316e-03, 1.7946784253208801e-04,
       -6.0864253810275375e-02, -5.9775010808300022e-01,
       2.9362940676393329e-01, 5.5597148586949940e-01,
       1.7723758490229205e-01, -1.7345444837425084e-01,
       1.3421984292865138e-02, -7.4302053057081208e-02,
       -8.1734634879082613e-02, 6.1486800281486342e-02,
       3.8162575519777300e-03, -2.5090265494140889e-04,
       1.7946784253208798e-04, 3.3679730623743863e-03,
