%YAML:1.0
means: !!opencv-matrix
   rows: 6
   cols: 19
   dt: d
   data: [ -1.6170541964969820e+02, 6.1214215307828908e+01,
       3.5109963865209458e+01, -3.2856037215756665e+01,
       -7.5997309328474598e+00, 1.2891426695346194e+01,
       -3.8610871999777934e+00, -2.6460271552396111e+00,
       -7.4100823794070736e-01, 4.9901350821780921e-01,
       -1.1300169594790574e-01, -3.5247316606315499e-02,
       -2.6938196981146621e-03, 4.8880015363100679e-03,
       6.1323940890357486e-03, 1.5168316845188977e-02,
       5.3264268639518723e-03, 2.1302379781360240e-05,
       7.8881008938843904e-03, 9.3824190550628330e+01,
       1.2403042792558317e+01, -2.7183381297799759e+01,
       -2.7450689201231889e+01, -2.2710961736205100e+01,
       -1.2848248868397526e+01, 5.2337387744903385e-01,
       -1.8434667557000506e+00, -2.3888729685460655e-01,
       -2.1855172685709193e-01, 8.0004899171726818e-02,
       -2.4006997005313883e-02, 3.4510991373607678e-04,
       -3.4174228698114024e-03, 1.4601299547677858e-02,
       1.8182645406939026e-03, 4.6145276286978709e-03,
       4.2003166000610711e-03, -1.5584417209651888e-03,
       4.1903047906684485e+01, -1.7045934170135463e-01,
       -4.8076109354190211e-01, 7.4082979131143647e+00,
       6.7222651337948802e+00, 4.2875201255835016e+00,
       4.3679321480923807e+00, -3.9084674026988858e-01,
       -8.8580889031430021e-02, 2.2493434890148531e-02,
       3.5639905603939107e-02, 1.9333336212802747e-02,
       3.2916918561791018e-03, 8.8448083830393071e-04,
       9.9715683049751572e-04, -9.3638115646875149e-04,
       3.4757408164786936e-04, -3.5109678012207940e-05,
       1.0249060354981898e-03, 4.0691531010545084e+01,
       4.2126046806269166e+01, -3.2037384810038434e+00,
       -1.9186251195885788e+01, 1.0043565140708104e+01,
       2.8284113919085492e+00, -4.3457713570682177e+00,
       -2.1940862589224519e+00, -2.6273198705173657e+00,
       3.8944595132534959e-01, -1.1039373165782931e-01,
       1.3720563750271610e-02, -3.0268771682066310e-02,
       6.5863028970685183e-04, -2.9000724045044248e-02,
       3.1791367835758795e-03, -1.4134740531831331e-02,
       -9.1041472519297721e-03, -7.6844078918850735e-03,
       4.0074549169768481e+01, -2.6271225247013966e+01,
       -1.6416297482311148e+01, 1.2000991649582168e+01,
       9.1004265955982930e+00, -4.8333407977204113e+00,
       -2.7363893213820800e+00, 1.8447660838336277e+00,
       7.8624550441645524e-01, -2.8002129896370243e-02,
       -1.4749781727548357e-02, -7.4567602215140439e-03,
       3.9859957648511373e-03, 1.0832927736552896e-03,
       6.4871978988182268e-04, -9.5717975435469531e-04,
       1.2525491922037409e-03, 1.7066178591628193e-04,
       8.2110559474184337e-04, -1.7472226092126971e+02,
       -7.4640795943821754e+00, 3.7620074659652118e+01,
       7.4066667706387417e+00, -1.4398877913582576e+01,
       3.3935257986977434e+00, 6.9220890292894258e-02,
       9.3493782678701209e-01, 5.7814068498882576e-01,
       -2.2533716667716605e-01, 2.3222407055501324e-03,
       1.3988162127370211e-03, 3.0816004905469983e-03,
       -3.2800495538112700e-03, -1.1019915584146124e-03,
       -5.3425125220007809e-03, -1.1170123176091633e-03,
       1.3073493436867299e-03, -1.4193261667963717e-03 ]
covs: !!opencv-matrix
   rows: 114
   cols: 19
   dt: d
   data: [ 8.2184603689718115e+03, 9.4520259612568464e+02,
       2.6965312607147594e+03, -4.8050836253082082e+02,
       1.8972832157825189e+02, -8.1826403794069549e+01,
       5.9626772789107136e+01, -2.4042449221238662e+01,
       1.0501845347090113e+01, -1.5938774469668969e+01,
       -2.2393728555103696e+00, 1.4555769535543697e+00,
       1.0024808603229918e-01, -1.3037090047273131e-01,
       -1.0988378818074693e+00, 8.7249111952729608e-01,
       -2.1626156451219951e-02, 1.1361365278054573e-01,
       1.3170286289596195e-01, 9.4520259612568464e+02,
       1.1186999423034962e+04, -1.4975751619868740e+02,
       -3.9980150078432206e+02, -6.0306116064607090e+02,
       8.0626235304563272e+02, -1.4462119999320069e+02,
       2.4888010709720115e+02, 7.0051335100032887e+01,
       -2.8207785911189493e+01, 5.2078387469461536e+00,
       3.3232267380649114e+00, -4.4907958967218753e-01,
       -3.1678097144426315e-01, -1.0366571045200237e+00,
       -2.9993846326758916e-01, -1.8809199095395576e-01,
       4.9837633381752559e-02, -4.4491268196360190e-01,
       2.6965312607147594e+03, -1.4975751619868743e+02,
       2.5385442958033950e+03, 1.5812088813944058e+02,
       -8.6253061805335804e+01, 2.0201667042306642e+01,
       -1.2238106790201503e+01, 2.0795403217299992e+01,
       1.1588003724770855e+01, -2.6492628491906611e+00,
       8.6235233916104970e-01, -1.3842714304610243e-01,
       7.7818499359350410e-02, -4.0013113101203829e-03,
       2.6488309015359596e-01, -6.9269373609423035e-02,
       -2.1033995123373565e-02, -8.0727832223634763e-02,
       -8.9696757758827794e-02, -4.8050836253082093e+02,
       -3.9980150078432206e+02, 1.5812088813944052e+02,
       2.6887445601703566e+03, 2.6468739935844440e+02,
       -3.4659728083766731e+02, 7.3983881670785209e+01,
       -1.1499819074588918e+02, -3.9865331237307466e+01,
       4.6935362144403943e+00, -2.2946912253853027e+00,
       -2.1404573159517466e+00, 1.4954257952771724e-01,
       -1.5872077663411988e-01, 7.0153017386663497e-01,
       2.8395241268473020e-02, 4.6675426701496704e-03,
       4.5699820614705705e-02, 1.5755914014436886e-01,
       1.8972832157825181e+02, -6.0306116064607090e+02,
       -8.6253061805335790e+01, 2.6468739935844434e+02,
       2.0028331407876971e+02, -1.0234310034132658e+02,
       2.2999276156106006e+01, -4.2082189968441092e+01,
       -9.1331238670905890e+00, -1.5599477635386991e-01,
       -1.5237773148242593e+00, -5.5850333767853877e-01,
       8.5738939671482439e-02, -7.6606112760967363e-02,
       1.1986273523079101e-01, 1.4761016503570687e-01,
       7.9929944911435302e-03, 1.9143928955357829e-02,
       1.0829542076160527e-01, -8.1826403794069577e+01,
       8.0626235304563272e+02, 2.0201667042306642e+01,
       -3.4659728083766731e+02, -1.0234310034132658e+02,
       4.2327232570686203e+02, -7.7934862545277435e+00,
       6.8340032481526762e+01, 2.7061720331072316e+01,
       -1.1957036407265479e+01, 1.2564184181738898e+00,
       3.1008246968459624e-01, 3.1057871521819908e-02,
       -1.9845094383949838e-01, -9.8974332226550041e-02,
       -6.0855587494374704e-02, -4.4450861655606896e-02,
       -6.2468374353180617e-02, -1.6632935983174768e-01,
       5.9626772789107129e+01, -1.4462119999320069e+02,
       -1.2238106790201499e+01, 7.3983881670785209e+01,
       2.2999276156106006e+01, -7.7934862545277435e+00,
       3.3542171279212148e+01, -8.8368501026074551e+00,
       -2.4310232976249924e+00, 2.7226170487917584e-01,
       -1.3676415958456423e-01, -1.1451984264225756e-01,
       6.0419465822773265e-03, -7.6123805974173970e-03,
       1.7568105771616604e-02, 2.5593599121709328e-02,
       -1.3415021512219839e-02, -4.3677874262921966e-03,
       7.6906349397027557e-03, -2.4042449221238662e+01,
       2.4888010709720115e+02, 2.0795403217299981e+01,
       -1.1499819074588918e+02, -4.2082189968441092e+01,
       6.8340032481526762e+01, -8.8368501026074551e+00,
       3.2326097797711078e+01, 6.7145778831955987e+00,
       -1.7936592799373308e+00, 4.0715594618555306e-01,
       1.8112329135802099e-01, -1.1472385091051243e-02,
       -1.2458196410432647e-02, -2.3312411750574080e-02,
       1.1259304804355072e-03, -2.3186446441243225e-02,
       -1.5350073722317698e-02, -5.9812170513594810e-02,
       1.0501845347090113e+01, 7.0051335100032887e+01,
       1.1588003724770855e+01, -3.9865331237307466e+01,
       -9.1331238670905890e+00, 2.7061720331072316e+01,
       -2.4310232976249933e+00, 6.7145778831955987e+00,
       5.7877022542757208e+00, -1.0585819421038951e+00,
       6.3308585040710574e-02, 6.7337788400407855e-02,
       3.2754307189382728e-03, -4.9108526906937984e-03,
