%YAML:1.0
means: !!opencv-matrix
   rows: 24
   cols: 9
   dt: d
   data: [ -3.5164606687022562e+01, -3.6255236903701977e+01,
       -1.3956852875512160e+00, 2.1550722903706060e+01,
       3.0812203207657454e+01, 9.8420904118140591e+00,
       1.7044875338692895e+00, -7.5302447672102468e-01,
       1.7280980544222041e-01, -3.9917467034842922e+00,
       -4.3734119061612162e+01, 8.0966614055376525e+00,
       1.8807732073801220e+00, 7.2695211245383904e+00,
       -1.0834396431360229e+01, -2.1577637393897069e+00,
       2.8824764590978429e+00, 5.7594380416956978e+00,
       -1.1764823670370534e+02, 1.2710605070154456e+02,
       8.2490377444092537e+00, -5.6649891739769295e+01,
       -1.7947097475814907e+01, -1.4890238041055521e+00,
       5.2436009327603883e-01, -5.8899290375902669e-01,
       -4.9837395954398694e-01, -1.1106890144678145e+02,
       7.6418363004537497e+01, 2.2639598581398008e+01,
       -3.8936014523603120e+01, 5.2588564381657514e+00,
       -4.0320098806479061e+00, 4.9023413766708809e-02,
       5.2847224898738510e-01, -1.1311880416042261e+00,
       1.1574004683620207e+02, 4.0028164277137115e+01,
       -2.9694954938978938e+01, -1.9049316058524621e+01,
       -1.4788384342789367e+01, -1.1460533301795905e+01,
       -1.0912337150581596e+01, 1.7380471963451265e+00,
       7.2600603302847588e+00, 1.2115017785554530e+01,
       6.3945585856516495e+01, 3.9626215365977119e-01,
       -3.0138347425962188e+01, 1.0207542541729252e+01,
       -6.3901673888758985e+00, -9.0655796500634303e+00,
       1.1115555687801280e+00, 6.4779762327003461e+00,
       -2.1520534799541349e+02, -2.4578526305809575e+01,
       4.5339793076644142e+01, -7.5166254655250055e+00,
       -1.0314847045141637e+01, -7.6818272037857591e+00,
       -1.9832355077004413e+00, -6.0014298136520705e-02,
       8.9553296258805148e-01, 1.0880362204752788e+02,
       3.9529215154675200e+01, -3.5769294761260248e+01,
       -4.8206329470664162e+00, -1.5088532173706433e+01,
       -6.3176359115958256e+00, -2.0597084142302204e+00,
       7.5020691088676816e-01, -5.3964874697389364e-01,
       -1.4242296186307325e+02, -5.2338405717796689e+01,
       4.3202196409606891e+01, 1.7994998922295448e+01,
       -7.9121321082126590e+00, 1.0823538620132688e+01,
       5.5762311209498605e-01, 1.3135791352295438e+00,
       -6.0656312956674929e-01, 9.9481350055982944e+01,
       -4.5358323500738940e+01, -2.1884685787414760e+01,
       3.6614205779006141e+01, -2.7559721442237244e+01,
       2.3499115124257827e+01, 1.1433064440069463e+00,
       1.3204574248217693e+00, 5.0102319532540107e-01,
       -1.6671691037961688e+02, -1.2959154314383605e+02,
       4.8999411432815499e+01, 4.5639476024165248e+01,
       -3.4383810777303673e+01, -8.5320802613257971e+00,
       -5.6611954558229352e+00, -1.3316418532699608e+00,
       5.4513644238591528e-02, -1.6276161651670796e+02,
       5.1840790501260081e+01, 3.2989749880576873e+01,
       -3.3570426544244555e+01, -5.1001867232844482e+00,
       4.1511384056243523e+00, 1.3614365749152670e+00,
       1.4506130029756283e+00, -7.9128498566239636e-01,
       8.5780522826748040e+01, -7.5478062889810246e+01,
       -1.4479699652670828e+01, 4.8569098080825079e+01,
       -1.0649378889990803e+01, 1.7927907516896767e+01,
       1.9997764722146780e+00, -3.1760377102191623e-01,
       -1.9020366782886969e-01, 3.3278612332159682e+01,
       1.2471594968568975e+02, -2.6595957648279928e+01,
       -5.1786048425011664e+01, -8.6419179964434658e+00,
       1.0900787590687198e+00, 2.1055057398753778e+00,
       -3.9839103860031944e-01, -2.1931441302593485e-01,
       1.9101623642072551e+02, 1.3310219446159635e+01,
       -4.9540797350071713e+01, 1.3557152125880542e+01,
       -9.9077537371824462e+00, -6.9755750746297931e+00,
       1.0330627767605378e+00, -5.0088684693198193e-01,
       -9.2850499882367965e-01, 5.0261102751774594e+01,
       -8.8738790077965973e+01, -2.5878111824825023e+01,
       -2.9029793074575608e+01, 2.2118091334251080e+01,
       -3.5098537527124525e+00, 5.3929816877674008e-01,
       -8.1084177680837122e-01, -7.0061463092048937e-01,
       -1.3472524596709735e+02, -6.0526332086506642e+01,
       3.9540837769960604e+01, 4.3282916771588669e+00,
       -2.8857639469396723e+00, -2.3578290438721723e+01,
       -1.8989187345210137e+00, -8.1037232003460213e-01,
       -1.8859774527062587e+00, -1.4782476717005181e+02,
       4.1054290470849701e+01, 2.6133916067545037e+01,
       -2.4621731385323823e+01, 3.8783933415563121e+00,
       -5.1384987654677715e-02, 1.0673996166303596e+00,
       6.0681612074750590e-01, 1.6582705009464378e+00,
       1.1653020653998228e+01, -2.3661003763301684e+02,
       8.2250469259925989e+00, 7.5242908012871254e+01,
       -1.3475314853434577e+00, -3.1082752368920222e+01,
       -3.2779763504687534e+00, -1.1807390286733230e+00,
       4.2097242546021679e-01, 8.5881560913487121e+01,
       -2.3737498031590508e+01, 6.3650041613826993e+01,
       -8.6369644822995486e+00, 2.1381666849072321e+01,
       7.9145953621118412e+00, 1.2745587476161884e+00,
       -9.8957328197831607e-01, -1.0928056111554282e-01,
       1.2471876993977834e+02, 2.1803559540181617e+01,
       -3.5432162716701299e+01, 6.1020951681416067e+00,
       -7.1890709057827031e+00, -4.9013602265404703e+00,
       -9.2969165011336630e-01, -2.6833844652543798e-01,
       -7.1170171063840981e-01, -5.2756780968395702e+00,
       8.8514071044678218e+01, -1.0002794330188468e+01,
       -4.2588306831281251e+01, 1.2359430071558426e+01,
       -2.2916788368217089e+00, 1.4885889401674040e+00,
       -1.9793904530378031e-01, -2.8175403088772000e-01,
       4.4899700075659844e+01, 3.8874932654949788e+01,
       -3.2437980723962592e+00, 3.3488138202792008e+01,
       2.4456507917065448e+01, -1.0217867644541313e+01,
       1.5587792126371244e-01, -8.0429061509105826e-01,
       -7.5216738117573212e-01, -2.3824767613403490e+00,
       -4.3905217579752737e+01, -1.0594162871097013e+00,
       1.8297195969765454e+01, 1.6672832503115624e+00,
       -8.0062599188463413e+00, 8.7831572719414525e-02,
       -5.7125749842854723e-01, -1.2861170515698144e+00 ]
