%YAML:1.0
means: !!opencv-matrix
   rows: 15
   cols: 10
   dt: d
   data: [ -4.5544248052046534e+01, -5.8473412598386245e+00,
       2.7363037893678481e+01, 1.3971464971337847e+01,
       2.3182036788189833e+01, -6.7959403526297164e+00,
       -7.0453332242572229e+00, -6.4491432836069924e+00,
       -4.5011482507645182e+00, 1.0109300805065051e+00,
       3.5100539953427493e+01, -7.1895848737354839e+01,
       -7.5781640074180743e+00, -2.1867990329801515e+01,
       1.8057018491957958e+01, 4.1659491432755864e+00,
       3.5630578154787823e-01, 5.4999015168891974e-01,
       4.3663598642111834e-01, -9.6821004901557380e-03,
       8.2448035795387739e+01, 1.5929224266166814e+01,
       -2.3578936170726074e+01, -3.2108667684736965e+01,
       -2.6486118192117114e+01, -1.9548494130740529e+01,
       9.1108089524632097e-01, -2.3325375630220964e+00,
       2.1520314485081693e-01, -1.1796290592551674e-02,
       5.0110046225208229e+01, 6.0603538840683314e+01,
       -3.3213202755113302e+00, 2.7384482747571941e+01,
       1.5470890658787171e+01, -3.3238892007029747e-01,
       6.8932771953393346e-01, 7.2710640912402402e-01,
       3.7689675610336365e-01, -1.3320715136414472e-02,
       -1.9340654183197790e+02, 8.9976634194842575e+01,
       4.0067574997028800e+01, -5.1228389801069518e+01,
       -2.3561442653469641e+01, 1.2923728612347292e+01,
       -3.1015426970953617e+00, 1.9510865781485884e+00,
       7.0064756264636507e-01, -4.6692008126251627e-02,
       8.5202196531857680e+01, 4.0363473091126522e+01,
       -1.9070013564591093e+01, -3.9772951756655274e+01,
       1.8799981417026477e+00, -3.1763510632714043e-01,
       -1.5684956793566045e+00, -2.1443424424915771e+00,
       -3.9313074466412310e+00, -2.0706227691963557e+00,
       -1.0115989681658284e+02, -8.8514275384019768e+01,
       2.3780629412275164e+01, 5.5997579528092174e+01,
       -3.2116317866326951e+00, -3.1988804321535840e+00,
       1.3112330030010082e+00, -7.2722638270533746e-01,
       4.6308926686541863e-01, -1.6029864906386904e-01,
       1.4246505080615185e+02, -4.5763123853989747e+00,
       -3.7979417237345167e+01, 8.5086043886193821e+00,
       -4.8035568250406948e+00, 1.3049641235144170e+01,
       -8.0355423242338275e-01, 1.4959999633172492e+00,
       2.4896441172353057e-01, -2.2893667546995927e-02,
       -1.7651969647265634e+02, -1.4153022952479916e-01,
       4.3470612516112539e+01, 8.1260225959307641e-01,
       -6.4005783303568125e+00, -2.2089532518995614e+00,
       9.9344711317231194e-01, 9.6575750302303376e-01,
       3.9058183138716013e-01, -9.2641545662894953e-02,
       3.6515292736436919e+01, -9.7802838557952597e+01,
       -1.1252946409624203e+01, 6.6731691315965946e+01,
       -4.2617784976083914e+00, -7.3111195385345040e-01,
       2.0868541763363351e+00, -3.3474641756488471e-01,
       4.8060906652086212e-02, -8.6998070591203527e-02,
       -2.3992275817478387e+01, 3.7867530069300500e+01,
       1.1614988991705280e+01, -3.4075895104808531e+01,
       1.2882662534106021e+01, -1.9617416826101330e+01,
       2.3447821213878237e+00, 7.2059146326552503e-01,
       1.4408787604520509e-01, 1.0462901235324490e-01,
       -1.8825540747321205e+02, 1.3804573903176392e+01,
       3.5510191758850439e+01, -7.2759191690975751e+00,
       -3.8190744305549420e+00, 3.7594050317488681e+00,
       -3.0115310041760321e+00, -6.6152616406121441e+00,
       -2.5766775302888720e+00, 9.3699946587041916e-01,
       -3.7307685344233185e+01, 4.1357988987082372e+01,
       4.8126553422977407e+00, -1.6173922426147719e+01,
       1.9410429183449533e+00, 1.1662847075662668e+01,
       3.0448695918859392e-01, 2.2726814262626016e+00,
       1.0797091098583551e+00, 1.8662589282012540e-01,
       8.9277614872026618e+01, -1.4539279436900706e+01,
       -3.7802846671558569e+01, -1.2381245032794628e+00,
       -1.3217899772781966e+01, -2.1797209981111902e+00,
       -1.8006722678000298e+00, -1.0688758028637158e+00,
       -9.4702790093387612e-01, 5.0188462870888118e-01,
       1.3585182013778476e+02, 5.3573270199267036e+00,
       -2.4290572740413140e+01, 3.0465221666327151e+00,
       -5.7093268548573288e+00, 2.2917641554467643e+01,
       -1.4358293084344487e+01, -7.4387361585157867e+00,
       -6.6022182468329618e+00, 2.3447544892412018e+00 ]
