%YAML:1.0
means: !!opencv-matrix
   rows: 24
   cols: 5
   dt: d
   data: [ 1.1179943820192760e+01, -2.3636673382022624e+02,
       6.6964126460951023e+00, 7.4176227716844267e+01,
       -2.5031697465469134e+00, -1.4525791355774196e+01,
       2.7132314599462788e+01, -4.9373436792664357e+01,
       -6.3018597964910740e+01, 8.1368558423393598e+00,
       7.8160770863706688e+01, -1.3082124802742979e+02,
       -1.1627958901245554e+01, 2.8159051579440117e+01,
       3.6486975614835521e-01, -4.4261075629106386e+01,
       1.5063797976138247e+02, 7.3388150991010363e+01,
       -5.0619364785355971e+00, 2.3234299718491753e+00,
       -1.6439325456731007e+02, -6.4352944482080110e+00,
       4.1758500820402070e+01, -4.0032595188067802e+01,
       -5.9717932065316042e+00, 4.5534513364269564e+01,
       -1.7256155285759192e+01, -6.2131169502023013e+01,
       2.2183862815657420e+01, 9.2106929525876424e+00,
       1.2910719491473924e+02, -8.0455344151355419e+01,
       1.3357780672153241e+01, -6.1013760145729947e+01,
       4.3374913046362487e+00, 1.3946495208323543e+02,
       5.1706789981964477e+01, 2.9630808519301446e+01,
       2.9348299380288165e+00, 1.9271766592176811e+00,
       9.0452486451277423e+01, -2.6249114744468780e+01,
       6.6064404480500656e+01, 7.6327455689134167e+00,
       9.8894957173566844e+00, -5.8013332449260339e+01,
       -9.2621974507251224e+01, -5.1713989607782004e+01,
       -1.7790398994552977e+01, 1.5207732749858542e+01,
       -2.2517233047204601e+02, 3.5547155438483891e+01,
       -5.8908778647563045e+00, 1.1991095722867936e+01,
       1.4088686617200523e+00, 1.5326473517470680e+02,
       7.9331148706297668e+01, -3.2079955185382680e+01,
       5.5892598777212271e+01, -1.1469185821611878e+01,
       5.8464142356392337e+01, -3.2654374351777811e+01,
       -7.9385478725608422e+01, 5.1326039155295817e+01,
       -2.1602768612463439e+01, 3.8126482230214165e+01,
       1.1900063491654907e+02, -2.1137869948629575e+01,
       -4.7609692207194399e+01, -1.1310306199210656e+01,
       -9.7903124790122945e+01, -1.5100207235314707e+01,
       4.7402288191017618e+01, 3.2143310744842495e+01,
       1.5530891504432225e+00, -1.8628072174852196e+02,
       -8.2158008170593419e+01, 5.1806070109092779e+01,
       2.8951851766214958e+01, -2.6066380391855571e+01,
       -1.6107733172357479e+02, 1.1194880694967257e+02,
       -1.7754899415766449e+01, -4.3603746038031495e+01,
       -1.1097722744509161e+01, 1.0351967240879048e+02,
       -4.6141805081841476e+01, -1.9000937681387065e+01,
       3.6393537705932580e+01, -2.7293333683071936e+01,
       -9.5090218309947994e-01, -5.0887881338095099e+01,
       1.3877408618228648e+01, 1.7917282948551208e+01,
       3.7058435739823913e+01, -1.0382208015840028e+01,
       4.3692236704766181e+01, 5.9493481226555055e+01,
       -7.9584452759109141e+01, -3.6177739346967203e-01,
       -5.3991661756938463e+01, 2.9161311282027398e+01,
       -2.0127972721965360e+01, 5.9957990957393790e+01,
       1.4430893341852457e+01, 1.6530697140812052e+02,
       -4.4441815458339541e+01, -5.0629509279298816e+01,
       -1.1371826211895016e+01, -1.2236387870598309e+01,
       -1.4590286267104043e+01, 1.4173425702385686e+02,
       -3.5690443949073199e+01, 7.8924483527311651e+00,
       9.4636162447074312e+00, -1.1710260946563113e+02,
       -1.4024060457703777e+02, 2.5768521854537344e+01,
       -3.2968859335963131e+01, 3.8196445228113640e-01 ]
covs: !!opencv-matrix
   rows: 120
   cols: 5
   dt: d
   data: [ 5.3973869215347477e+03, -6.8361313106937178e+02,
       2.8748463185435489e+03, -9.8808238203909491e+02,
       1.5807247860182483e+02, -6.8361313106937178e+02,
       6.2544081981395202e+03, 1.0655544202193723e+03,
       2.5829219970110253e+03, -1.0636542479082694e+02,
       2.8748463185435489e+03, 1.0655544202193726e+03,
       2.3695691475874073e+03, -6.8289750903701176e+01,
       9.0714658581168521e+00, -9.8808238203909491e+02,
       2.5829219970110257e+03, -6.8289750903701176e+01,
       1.7641630256925775e+03, -4.8867529162872252e+01,
       1.5807247860182483e+02, -1.0636542479082691e+02,
       9.0714658581168521e+00, -4.8867529162872245e+01,
       5.1519397703947547e+01, 4.7865596524450029e+03,
       -9.2288983984973390e+02, 9.6249001686374925e+02,
       9.9258463698221760e+01, -8.0463596507728226e+01,
       -9.2288983984973402e+02, 2.6790348210262637e+03,
       -1.6494286716273552e+02, 3.0771075314277994e+02,
       -9.6299623787124062e+01, 9.6249001686374925e+02,
       -1.6494286716273550e+02, 1.7803682116287898e+03,
       -4.0340295715235515e+00, 9.3092972872699292e+01,
       9.9258463698221732e+01, 3.0771075314277988e+02,
       -4.0340295715235568e+00, 7.8971485715507947e+02,
       1.1622598794720950e+02, -8.0463596507728198e+01,
       -9.6299623787124062e+01, 9.3092972872699320e+01,
       1.1622598794720950e+02, 1.5368376680184784e+02,
       6.2821931110527439e+03, 1.4349374732744363e+02,
       1.5048594022564707e+03, -3.3918695668144625e+02,
       -4.4134117763823173e+02, 1.4349374732744363e+02,
       3.6979083410102758e+03, 5.1261991346754553e+02,
       1.4883526121518960e+03, -9.5847364293823869e+00,
       1.5048594022564707e+03, 5.1261991346754542e+02,
       2.1738300898332141e+03, -3.4307138474968207e+02,
       1.8405329183532450e+02, -3.3918695668144630e+02,
       1.4883526121518960e+03, -3.4307138474968207e+02,
       9.4797299243453267e+02, 6.0253010244581375e+00,
       -4.4134117763823161e+02, -9.5847364293823851e+00,
       1.8405329183532450e+02, 6.0253010244581358e+00,
       3.0371653779346263e+02, 6.4602443937106464e+03,
       6.5537538403635210e+02, -1.2445636836098716e+02,
       -3.2468064676462336e+02, 6.9779457829502394e+02,
       6.5537538403635222e+02, 3.9864493543732015e+03,
       -3.1104146859444319e+02, -3.9390627245520227e+02,
       -2.4487247435453472e+02, -1.2445636836098713e+02,
       -3.1104146859444319e+02, 9.2421094823321368e+02,
       6.5953273721714112e+01, -7.6937938597341031e+01,
       -3.2468064676462336e+02, -3.9390627245520221e+02,
       6.5953273721714126e+01, 6.5034784456013529e+02,
       1.6274117801733075e+02, 6.9779457829502383e+02,
       -2.4487247435453469e+02, -7.6937938597341045e+01,
       1.6274117801733075e+02, 2.6502283724022431e+02,
       4.9913035732252447e+03, 5.3650915182242454e+02,
       2.2041269628665177e+03, -8.2547177531974697e+01,
       1.7494578568891470e+02, 5.3650915182242454e+02,
       4.9141618087527959e+03, 3.9736790859411246e+02,
       1.3746882231137540e+03, 9.4365182080893263e+01,
       2.2041269628665177e+03, 3.9736790859411263e+02,
       2.2419914328264927e+03, 5.0618922799751692e+02,
       -1.4587771226299571e+02, -8.2547177531974654e+01,
       1.3746882231137540e+03, 5.0618922799751704e+02,
       1.3572381476812473e+03, -5.0917938840354573e+01,
       1.7494578568891467e+02, 9.4365182080893291e+01,
       -1.4587771226299571e+02, -5.0917938840354573e+01,
       9.1401881873933746e+01, 2.6947450063797996e+03,
       3.1786738130150684e+02, 2.3340819022189652e+02,
       -1.4478856999685021e+02, -3.5418731927508884e+02,
       3.1786738130150684e+02, 5.8456606445857315e+03,
       -1.4396620162165783e+01, 1.1266714967603602e+03,
       -2.4018285831468938e+02, 2.3340819022189652e+02,
       -1.4396620162165787e+01, 1.5181182452321818e+03,
       6.2552407371825097e+02, 2.0515994826272106e+02,
       -1.4478856999685021e+02, 1.1266714967603602e+03,
       6.2552407371825097e+02, 2.2957090409174511e+03,
       1.3826263621226406e+02, -3.5418731927508884e+02,
       -2.4018285831468941e+02, 2.0515994826272103e+02,
       1.3826263621226408e+02, 1.5634224800737331e+02,
       4.9772452812765805e+03, -1.1568813679026286e+02,
       -8.8547759137721926e+01, 2.2367394039070311e+02,
       -6.1186737513539208e+02, -1.1568813679026280e+02,
       4.5834339602040682e+03, -3.8407644902519831e+02,
       -1.6546069515097033e+03, -1.7569447751596257e+02,
