%YAML:1.0
means: !!opencv-matrix
   rows: 9
   cols: 4
   dt: d
   data: [ 9.0253887398239243e+01, -5.2895505505932313e+01,
       6.1867350100896459e+01, -1.2156388627406484e+01,
       -2.5722382524137555e+02, 9.2169382491139995e+00,
       -2.1511487676984078e+01, -5.8259397071276959e+00,
       -1.0901936299820309e+02, -4.5377750234350266e+01,
       2.0968982349760108e+01, 6.9342141600179289e+01,
       8.6015108045001483e+01, 1.2665256225881926e+01,
       -2.9936200464050756e+01, -3.4356646156380641e+01,
       9.7104256556646661e+01, -4.7367920394887989e+01,
       -3.9287387658787324e+01, 1.8612677512228547e+01,
       -1.7832593309219232e+02, 4.7630032135610598e+01,
       5.5137739173997304e+01, -2.8987525123232217e+01,
       -4.5643850042663367e+01, -4.4621110885531763e+01,
       -6.3676398522437401e+00, -2.4173996528581146e+01,
       7.6185175263095545e+01, 8.5609291211842859e+01,
       4.3204390731387413e+01, 3.4824600640488143e+01,
       -3.3299410235235484e+01, 9.3355117331111927e+01,
       -4.3749551314156335e+01, 2.9300004588090051e+01 ]
covs: !!opencv-matrix
   rows: 36
   cols: 4
   dt: d
   data: [ 9.0478540836401990e+03, 9.9611723853894409e+02,
       -1.9424065300800455e+03, -5.1868949253688697e+02,
       9.9611723853894409e+02, 7.4087604043135016e+03,
       3.1484236946960058e+00, -9.9291468508886044e+02,
       -1.9424065300800455e+03, 3.1484236946960147e+00,
       8.0826460517708358e+02, 1.0148377852203089e+02,
       -5.1868949253688697e+02, -9.9291468508886044e+02,
       1.0148377852203086e+02, 2.0074137528450835e+03,
       2.5814954615336314e+03, -6.8531499359545739e+02,
       1.6720353175048146e+02, 5.3441460538371723e+02,
       -6.8531499359545739e+02, 1.1742257413653051e+04,
       3.0856316680540897e+02, -6.8940270062925867e+02,
       1.6720353175048146e+02, 3.0856316680540897e+02,
       3.0728136283356690e+02, -5.2183280284206631e+01,
       5.3441460538371734e+02, -6.8940270062925890e+02,
       -5.2183280284206631e+01, 2.5327192915440792e+03,
       5.5479391677745789e+03, -3.3950290228794313e+02,
       1.6299472837320425e+03, -1.1034988630216444e+02,
       -3.3950290228794307e+02, 3.7803704439198891e+03,
       6.7930063262001239e+00, 9.4780485832029922e+02,
       1.6299472837320425e+03, 6.7930063262000848e+00,
       2.3362982471799291e+03, -2.1769119205821443e+02,
       -1.1034988630216438e+02, 9.4780485832029922e+02,
       -2.1769119205821443e+02, 8.8167076811762547e+02,
       4.1899538971257844e+03, 2.2172246091766866e+02,
       2.4765609500542400e+03, 2.8506432755374561e+02,
       2.2172246091766854e+02, 5.0202061652023394e+03,
       -3.0951620803051714e+01, 2.1795259453902117e+03,
       2.4765609500542400e+03, -3.0951620803051732e+01,
       2.3819399401772216e+03, -2.0308262677791060e+01,
       2.8506432755374561e+02, 2.1795259453902122e+03,
       -2.0308262677791060e+01, 1.1053594773632819e+03,
       6.1249218007604713e+03, 2.2780050144444353e+03,
       1.8913719340913312e+03, -9.6542111605450691e+02,
       2.2780050144444353e+03, 7.1447481335573611e+03,
       -1.9444241906141124e+02, 8.2864545276755871e+02,
       1.8913719340913312e+03, -1.9444241906141136e+02,
       2.2788963813168266e+03, 4.2716217843287785e+02,
       -9.6542111605450680e+02, 8.2864545276755871e+02,
       4.2716217843287785e+02, 1.7819841370243321e+03,
       4.0198342323403849e+03, 5.6318958340248184e+02,
       2.0303475307118017e+03, -1.2331475966033956e+02,
       5.6318958340248184e+02, 8.0917913413550114e+03,
       -3.4970319273916464e+00, 1.0505040196791829e+03,
       2.0303475307118017e+03, -3.4970319273916388e+00,
       1.6640453019128322e+03, 1.7542757584000896e+01,
       -1.2331475966033953e+02, 1.0505040196791829e+03,
       1.7542757584000871e+01, 1.7478081054259251e+03,
       6.5830905500191966e+03, 2.4366802079533954e+03,
       7.1813642013563037e+02, -7.7116347812835829e+02,
       2.4366802079533959e+03, 8.3130822113920385e+03,
       -4.0072437498687555e+02, -2.0636424111634924e+03,
       7.1813642013563037e+02, -4.0072437498687555e+02,
       2.0509070021645584e+03, 1.6603111806321846e+02,
       -7.7116347812835841e+02, -2.0636424111634924e+03,
       1.6603111806321846e+02, 2.0097731873993046e+03,
       9.4486756445726278e+03, 4.2699207048489455e+02,
       -1.3305775773849434e+03, -1.0241044489623188e+02,
       4.2699207048489444e+02, 4.4213651416259381e+03,
       -1.2091291710161669e+02, -2.0055388389768684e+03,
       -1.3305775773849434e+03, -1.2091291710161669e+02,
       1.2018390090069859e+03, 5.3147583647850688e+01,
       -1.0241044489623189e+02, -2.0055388389768684e+03,
       5.3147583647850695e+01, 1.7427251016894993e+03,
       6.7171428296329123e+03, 4.0088534952183522e+02,
       -1.1779194678332340e+03, 1.2780283160849508e+02,
       4.0088534952183539e+02, 4.7503781153100344e+03,
       1.4467037981939029e+02, -1.9433853401744179e+03,
       -1.1779194678332342e+03, 1.4467037981939023e+02,
       1.4624433611067348e+03, -1.9390255666613038e+02,
       1.2780283160849513e+02, -1.9433853401744179e+03,
       -1.9390255666613038e+02, 1.8340025442347567e+03 ]
weights: !!opencv-matrix
   rows: 1
   cols: 9
   dt: d
   data: [ 1.1158050856243862e-01, 4.6590211903401291e-02,
       5.2217003892878130e-02, 1.3298602860616157e-01,
       1.7196541652107838e-01, 9.1326924344469054e-02,
       1.8824561086246225e-01, 1.0207403698227699e-01,
       1.0301425832480926e-01 ]
pca_proj: !!opencv-matrix
   rows: 4
   cols: 21
   dt: f
   data: [ 4.36961316e-02, 8.50134730e-01, 1.73015636e-04,
       6.54514134e-02, 4.60692108e-01, 2.29939164e-04, 7.67599978e-03,
       1.46649793e-01, -1.37564148e-05, 1.21663406e-03, 1.30500361e-01,
       -5.45994153e-05, 8.06188770e-03, 1.42052382e-01, -2.12945142e-05,
       -2.45414903e-05, 9.56867734e-06, -1.94090262e-06, 3.13729906e-05,
       4.34020360e-04, 2.32224409e-07, 7.68702388e-01, -5.10314330e-02,
       1.14127281e-04, 4.21110362e-01, -3.83849256e-02, 4.02935693e-05,
       2.81941950e-01, -1.35209868e-02, 1.95932400e-04, 2.66951323e-01,
       -4.70317341e-03, 2.29704310e-04, 2.76557714e-01, -1.55316098e-02,
       2.11025646e-04, -3.74769334e-05, 5.54774260e-06, -7.89335627e-06,
       8.86836962e-04, -5.85095040e-05, 1.91629806e-04, 1.28585771e-02,
       -3.46314937e-01, -1.22481215e-04, -4.01510373e-02, 1.58088982e-01,
       -1.45607672e-04, 1.89476740e-02, 5.27356327e-01, 2.33430081e-04,
       1.79703757e-02, 5.36674440e-01, 2.90960423e-04, 1.17339585e-02,
       5.35117626e-01, 2.47836346e-04, -7.02231409e-06, -3.17391914e-06,
       2.59759432e-08, 1.54912759e-05, 1.72088097e-03, 2.08691781e-04,
       -5.93480825e-01, -8.48098937e-03, -8.88030772e-05, 2.05370650e-01,
       3.40346433e-02, 1.63823628e-04, 4.45453286e-01, -5.44621795e-03,
       -1.30590008e-04, 4.45820451e-01, -1.72652975e-02, -2.10900864e-04,
       4.54801619e-01, -3.90723068e-03, -1.75610170e-04, -1.74471352e-05,
       -6.38676829e-06, 1.65030560e-05, 1.38473080e-03, -5.51051289e-06,
       -1.34489819e-04 ]
pca_mean: !!opencv-matrix
   rows: 1
   cols: 21
   dt: f
   data: [ 2.07625534e+02, 2.55653595e+02, 1.54502928e+00,
       2.18915131e+02, 2.60592743e+02, 1.67241716e+00, 2.65274475e+02,
       2.24016678e+02, 1.71669352e+00, 3.19420807e+02, 1.63929108e+02,
       1.75046074e+00, 3.16613464e+02, 2.25532654e+02, 1.70717156e+00,
       1.08872897e-04, -9.74175637e-05, 6.24380555e-05, -2.17504916e-04,
       -2.50119597e-01, 1.75055194e+00 ]
gamma: !!opencv-matrix
   rows: 9
   cols: 1
   dt: d
   data: [ 8.2762269952321810e-01, 8.6166494175527208e-01,
       9.0644553968098318e-01, 8.7392371361949783e-01,
       9.2084271404550511e-01, 9.2950869785776513e-01,
       8.9634127053926460e-01, 8.2665463455933064e-01,
       8.3849487763233843e-01 ]
