%YAML:1.0
means: !!opencv-matrix
   rows: 32
   cols: 3
   dt: d
   data: [ 1.5772109111224327e+02, 2.5305179961467264e+01,
       1.6251761044342729e+01, -1.0224334994429741e+02,
       1.1836431602539166e+01, 6.1597105422947294e+01,
       -1.7641625066386186e+02, 7.4432470847208108e+01,
       6.2624810154975357e+01, -9.1368432914183472e+01,
       5.0294395706936328e+01, -5.9093756485322906e+01,
       4.9828632061026283e+00, -2.2951975700134362e+01,
       -9.7573865996508445e+01, -7.5629283039066422e+01,
       -1.4128818442070784e+02, -4.2372067133213569e+01,
       7.8904001075228621e+01, 1.5723824778846881e+02,
       1.1160876541241098e+01, -6.6288780797515345e-01,
       -1.5933586796990869e+02, 1.0881375828554946e+01,
       -2.2235699303237098e+02, -1.2385198062915532e+02,
       -3.1470586538180932e+01, 1.3904231971659405e+02,
       -6.3203584498647551e+01, 6.9547780835970405e+00,
       9.0095649696121512e+01, 2.4007113029368470e+00,
       -3.9227995928044095e+01, -1.9449366258709654e+02,
       1.4835488710624487e+01, -3.1763673964526467e+00,
       2.3374569152535192e+00, -9.6353295585581089e-01,
       2.1496442444659191e+01, -6.7699205045497422e+01,
       -2.4679321306895801e+01, -3.7663158288094202e+01,
       -2.4463450611116940e+02, 1.1159521744737320e+02,
       5.0213972946449168e+00, 9.0386960014176637e+01,
       8.3664471013783697e+00, 7.8868773993625581e+01,
       3.8794853363103661e+00, 1.0303891965848614e+02,
       1.3080022103581086e+01, 6.9625385475291182e+01,
       9.0394283205289113e+01, -7.4296546348224226e+01,
       7.4331517710837957e+01, -8.5391805555713404e+01,
       -5.8051228817294763e+01, 2.0019564718181880e+02,
       4.2747640599073598e+01, 4.8961320424920615e+01,
       -1.2632908079065182e+02, -1.4658644384818524e+02,
       3.9658840104591185e+01, 1.3653008070626998e+02,
       9.7990128519124582e+01, -7.8847660152072034e+00,
       -2.4364226331065307e+01, -4.1100996812887516e+01,
       9.1031943399120408e+01, -1.6558746815537447e+02,
       -5.5344758673584074e+01, 2.1919131517720654e+01,
       1.7319634210713107e+02, -6.0830318032196466e+01,
       4.1929274533266664e+01, -3.9068608538097898e+01,
       1.2707947165405290e+02, -3.7154406788161786e+01,
       -7.9130989487812315e+01, 2.6828500014498225e+01,
       1.1179722343779957e+02, -2.7667671311649127e+02,
       3.2769311009231664e+01, -2.6527997269803382e+01,
       1.8250237389168408e+01, 2.4104054463257476e+01,
       -6.8458855740690737e+01, 5.3896945102193072e+01,
       5.2679500891500922e+01, 5.0904630144733019e+01,
       -1.3667271630589684e+00, -7.2015539535371744e+01,
       1.5489050187417874e+01, 1.1486757622105428e+02,
       -1.4052349071504065e+02, 1.1497866699571782e+01 ]
covs: !!opencv-matrix
   rows: 96
   cols: 3
   dt: d
   data: [ 2.8049306878069947e+03, 1.1182517444846001e+03,
       -2.4957965131812395e+02, 1.1182517444846001e+03,
       2.8758179353702644e+03, 1.5994609352573499e+02,
       -2.4957965131812395e+02, 1.5994609352573499e+02,
       5.3888460747497982e+02, 1.8273984803465385e+03,
       9.2500161320253676e+02, -2.1955125691401190e+02,
       9.2500161320253699e+02, 6.4132265783014973e+03,
       -3.0125930499322214e+02, -2.1955125691401190e+02,
       -3.0125930499322214e+02, 9.4284432535170458e+02,
       2.4666244161648374e+03, 1.1627355338122625e+03,
       1.0382626544730729e+03, 1.1627355338122625e+03,
       6.7423333830942911e+03, 2.3843177624792074e+02,
       1.0382626544730729e+03, 2.3843177624792071e+02,
       9.1093202849432339e+02, 2.6789057136224010e+03,
       1.2156954115375177e+03, -3.2818937784045750e+02,
       1.2156954115375177e+03, 5.8625917532162521e+03,
       5.4478443924314000e+01, -3.2818937784045750e+02,
       5.4478443924314000e+01, 3.7809055476550441e+02,
       2.3164564503397378e+03, 1.0954496149152717e+03,
       -4.8043529931879914e+02, 1.0954496149152719e+03,
       6.4102585910482458e+03, 3.9862250897477722e+01,
       -4.8043529931879914e+02, 3.9862250897477715e+01,
       4.4829867191808410e+02, 3.8376071425224000e+03,
       4.6154123800121602e+02, -3.1125567833471871e+02,
       4.6154123800121590e+02, 3.1828519361757235e+03,
       5.1090992237681508e+02, -3.1125567833471865e+02,
       5.1090992237681508e+02, 1.0255040786438963e+03,
       3.4435475347686465e+03, -6.8989369473590864e+02,
       7.3142878984030267e+02, -6.8989369473590875e+02,
       4.7102157552467143e+03, 5.2646241878126250e+02,
       7.3142878984030267e+02, 5.2646241878126239e+02,
       8.8623454568088403e+02, 3.2290511951408957e+03,
       -1.1661804768752356e+02, -1.0357248239785953e+02,
       -1.1661804768752340e+02, 2.7382261201189558e+03,
       1.3066137121547587e+02, -1.0357248239785953e+02,
       1.3066137121547587e+02, 1.7458651726283040e+03,
       1.5043424058658034e+03, 7.3592961631229025e+02,
       3.0968963753695868e+02, 7.3592961631229002e+02,
       4.2610777057632567e+03, 2.6758140394564225e+02,
       3.0968963753695863e+02, 2.6758140394564225e+02,
       3.6728845340910760e+02, 3.0501438145764541e+03,
       -4.2649229867557551e+02, -1.0601528941027091e+02,
       -4.2649229867557551e+02, 1.8845355492523483e+03,
       -4.6257104998563761e+01, -1.0601528941027092e+02,
       -4.6257104998563761e+01, 6.9934652757578192e+02,
       2.5558687189089428e+03, 6.0646826876635112e+02,
       3.5347414526302180e+02, 6.0646826876635112e+02,
       2.2922063003057942e+03, 3.5490039777991251e+02,
       3.5347414526302180e+02, 3.5490039777991251e+02,
       1.2573051247802800e+03, 3.4195770173278188e+03,
       2.2445377297373971e+03, 2.5793908772662547e+02,
       2.2445377297373971e+03, 4.7925721059494308e+03,
       5.6215118239121352e+01, 2.5793908772662547e+02,
       5.6215118239121374e+01, 7.2610118562230957e+02,
       2.3511023786931214e+03, -4.9637559817613925e+02,
       9.5710865371267494e+02, -4.9637559817613936e+02,
       2.9274225162595408e+03, -4.1834068081274171e+02,
       9.5710865371267471e+02, -4.1834068081274171e+02,
       1.0099460485304837e+03, 2.8872358534139498e+03,
       1.5364034766788582e+03, 3.2124020169678738e+02,
       1.5364034766788582e+03, 4.3366499800106849e+03,
       5.0491170047944951e+02, 3.2124020169678744e+02,
       5.0491170047944951e+02, 5.8977664151429246e+02,
       2.8863998599009587e+03, -2.4331963002368667e+01,
       8.5039194026805433e+02, -2.4331963002368663e+01,
       4.7381122544228147e+03, -3.3867889826893196e+02,
       8.5039194026805421e+02, -3.3867889826893196e+02,
       5.8335161404803455e+02, 8.3747066999251444e+02,
       6.5944436237155355e+02, 4.7959882954106831e+01,
       6.5944436237155355e+02, 9.8864237622050696e+03,
       1.6255564964890854e+02, 4.7959882954106845e+01,
       1.6255564964890851e+02, 1.3234344009392950e+02,
       2.5457059305354046e+03, -2.4636908477563614e+02,
       1.5336235765165279e+03, -2.4636908477563614e+02,
       3.5854376095995099e+03, -1.2472431137889548e+02,
       1.5336235765165279e+03, -1.2472431137889551e+02,
       1.1827616765870491e+03, 1.5696957137966037e+03,
       1.5226549811080986e+02, 1.2090377382934923e+02,
       1.5226549811080983e+02, 1.7478771784907433e+03,
       1.0846240195690006e+01, 1.2090377382934922e+02,
       1.0846240195690019e+01, 1.0164212759452046e+03,
       2.1784122808998350e+03, 3.8760197313236660e+01,
       2.3131758939506136e+02, 3.8760197313236638e+01,
       1.9783720014476021e+03, -8.4383664439678597e+01,
       2.3131758939506133e+02, -8.4383664439678611e+01,
       1.2408534146416248e+03, 2.7390883875118302e+03,
       1.5593450719894400e+02, -5.7994307906686572e+02,
       1.5593450719894400e+02, 4.3929878132087051e+03,
       -1.6521011075412751e+01, -5.7994307906686572e+02,
       -1.6521011075412762e+01, 2.1977030952553349e+02,
       2.4757764903589136e+03, 5.2131764320499803e+02,
       1.4030065467037498e+03, 5.2131764320499803e+02,
       3.4678655979258497e+03, -8.0780677405960404e+01,
