%YAML:1.0
means: !!opencv-matrix
   rows: 43
   cols: 7
   dt: d
   data: [ -1.4781534406894477e+02, -4.9312983074522826e+01,
       2.9844317667930262e+01, -7.7464066517774526e+01,
       -5.1186395920349692e-01, -1.7434528779202427e+00,
       -9.5184723233674517e-01, 1.3938799821995906e+02,
       2.2557361290028886e+01, -4.2086148772218429e+01,
       1.8270472660587697e-01, -1.9572184280678968e+01,
       -1.0997328581435465e+01, -5.0900176439523346e+00,
       1.5187653488226351e+00, -4.2802533715478255e+01,
       5.2829791914455804e-01, 1.2509784570788064e+01,
       -9.4426708187191188e+00, -1.2079819398288102e+01,
       -7.0203434601793147e-01, -1.5502235759371152e+02,
       5.5269657278567017e+01, 6.2644000107275595e+01,
       -2.1710562845140000e+01, -5.7527004524099077e+00,
       -3.6953338704252916e+00, 3.6882643836505385e-02,
       8.5995927420185808e+01, 5.6599919288627333e+01,
       -2.6255273239314207e+01, -2.5083523939453670e+01,
       -6.0284897797518964e+00, -1.3974292094693141e+01,
       -5.7630196831355294e+00, -1.3179328049587281e+02,
       -5.7673853776640669e+01, 3.9137599435479615e+01,
       3.1945486659832113e+01, -1.8243071448542526e+01,
       1.8193899289467549e+01, 9.2313361747384703e-01,
       -7.6988090279451900e+00, 6.1551844949624375e+01,
       -8.9741123951007591e+00, 2.2141591582466297e+01,
       1.0214387146578801e+01, 6.8419360018153919e+00,
       -1.2174782355463500e+00, 3.8336243426569226e+01,
       -1.0605636278325382e+02, 1.4062152294495130e+01,
       -1.1892616827951837e+01, 3.3798228311878873e+01,
       5.9206073860169450e-01, 7.2596790929270660e-01,
       3.4402225822379712e+01, 2.7322421081122577e+01,
       2.8544951275775208e+01, 5.2378541521603800e+01,
       3.3646938037619208e+01, -4.4909323793263303e+00,
       -4.1054196729107637e-02, -1.4311050727579951e+02,
       6.6259770339992443e+01, 2.1507516915774897e+01,
       -4.7706777231629523e+01, -3.0526496158786411e+00,
       -2.0015064832723358e+01, 2.4884288804043964e-01,
       -1.5373631132924493e+02, -1.2535740755530838e+02,
       4.6933545678396378e+01, 4.4584519900464237e+01,
       -3.3254994434445784e+01, -4.1287529047496019e+00,
       -8.0051984156467331e+00, 6.2688388000826997e+01,
       1.3262583286421947e+01, -2.7273084551366903e+01,
       -3.3437022037199320e+00, -1.1590770390115136e+01,
       -6.7074959659982820e+00, -1.7850723314339858e+00,
       7.7182855415944278e+00, 1.3433626282201391e+02,
       -2.2948528762984026e+01, -5.9650381678721381e+01,
       -8.2867152259076029e+00, 2.9060218943775507e+00,
       2.3881013935411750e+00, 3.2891767707344492e+01,
       1.1548139321883082e+02, -2.8128598666785361e+01,
       -5.3558033671414307e+01, -1.2865112286930581e+01,
       1.2183338016009739e+00, 2.3130536337999792e+00,
       8.6939660171286093e+01, 1.6898489169147697e+02,
       -2.0372034318653977e+01, 2.6910027107452898e+01,
       -6.3116575327289670e+00, -8.0221554800689177e+00,
       -2.5234217617288007e-01, 5.2153839445067661e+01,
       8.4364097792061699e+01, -3.1200148325663012e+01,
       -3.9453695659410933e+01, 4.1012924662496095e+00,
       -5.6864907283827817e+00, 7.2074256234745415e-01,
       1.9026924658939205e+02, 9.6412973877147348e+00,
       -4.9966002172717772e+01, 1.3404136960007488e+01,
       -9.8013470402143863e+00, -7.2892565354751282e+00,
       1.1892772716618911e+00, -1.2789212575885031e+02,
       -8.1184052214416127e+01, 2.1664171338199122e+01,
       -2.7884058672303254e+01, 8.1837126645057996e+00,
       8.4254334515301252e+00, 9.0835198422767038e-01,
       -2.5586053361315010e+02, 4.2529382341663876e+01,
       -1.8998837768649516e+01, -9.6709260325319342e+00,
       -1.3528020395296594e+00, -3.0636613695397874e+00,
       6.4630379160491858e-01, 1.0091156246879309e+02,
       -4.8152294284269615e+01, -2.1500906707700477e+01,
       3.5783870203879431e+01, -2.7448354895821119e+01,
       2.2768538777044672e+01, 1.1412017310527236e+00,
       -4.6103888824231953e+00, -1.3930429729344229e+02,
       3.1235012008840958e+01, 6.0253817903140771e+01,
       3.2753494870487749e+01, -1.5210183498942117e+01,
       3.6687151785333973e-02, -1.8260091110864414e+02,
       -1.3532333092029194e+02, 5.3783645721914375e+01,
       4.3994066299738840e+01, -3.5836190217852725e+01,
       -1.4442779032446660e+01, -3.9906893937776671e+00,
       1.3174017136708170e+02, 2.2886734984984237e+01,
       -4.3026611331794093e+01, 3.2707482000867877e+01,
       -1.2572253999090426e+01, 2.1502008009467891e-02,
       -7.6401297444064944e-02, -4.3914286268125018e+01,
       -6.7876963020082727e+01, 2.9167687998510381e+01,
       2.5967930424858988e+01, 2.0543278488963978e+01,
       1.6200450714036045e+01, 1.9737493572895857e+00,
       1.9496427127863743e+01, -8.0398203101737309e+01,
       8.4041700462082289e+00, 3.7603474993125644e+01,
       4.1106672704274496e+00, 2.4382791111576267e+01,
       2.6213762559404130e+00, 2.8777318656663149e+00,
       7.5218969971134186e+01, 1.4015312373248499e+01,
       -2.7233640441885299e+01, 2.3630075555585510e+01,
       -6.6670692147405326e+00, -1.0680215697447387e+01,
       1.2123769914649026e+02, -8.8346085518147120e+01,
       -2.5897108936811691e+01, 4.7630024245577928e+01,
       -2.1190173569929541e+01, -3.8418742634620893e+00,
       1.6689312312999098e+00, -1.4295805068545933e+01,
       -7.4889441970391770e+00, 5.0837759562908262e+00,
       -8.0538755173973566e+00, 2.4727518486710306e+01,
       5.4548093540947189e+00, 1.1994216088535155e+00,
       1.0081121431400047e+02, -1.7535866567592084e+01,
       -2.9962272669797514e+01, 1.7979242048201591e+01,
       9.5196303160157143e+00, -5.3880745837527124e+00,
       5.6269505382892826e-01, 1.6319453075381123e+01,
       -2.3384339867528169e+02, 9.1797639619171694e+00,
       7.5677230753578471e+01, -1.1582358372056971e+00,
       -3.0064025698961274e+01, -3.2595986374360679e+00,
       4.6119296632372240e+01, -1.6816091119895486e+01,
       -1.6546541236523069e+01, -2.2418174408604916e+01,
       5.0350272686263349e+00, -3.2171294251981259e+01,
       -6.0571294216180851e+00, 1.5710820269053357e+02,
       -4.6076476072533366e+00, 4.6086959467941796e+01,
       -2.0998671505825499e+01, 4.3284925482346557e+00,
       -1.3624668813001026e+00, -1.2993492059503775e+00,
       -7.9696591279753308e+00, 1.0384130617190667e+02,
       -1.2560733425302569e+01, -3.5598408602027142e+01,
       1.4831933272039031e+01, -4.0963246866695036e+00,
       2.2676120196117902e+00, -8.7020303202076022e+01,
       1.0736427465338798e+02, 5.6084798860141616e+00,
       -5.2254776956093501e+01, 1.6085879650570001e+00,
       4.9995458468951828e+00, 1.8268410604152427e+00,
       -1.3021626623173864e+02, -7.2471288337697217e+01,
       4.2128010761235302e+01, 1.0538477114170213e+01,
       -5.5038113896917418e+00, -2.7929591743877342e+01,
       -3.1464763364751809e+00, -1.5189110443455712e+02,
       1.1627477454082037e+02, 1.8007250422918833e+01,
       -5.0680333717562732e+01, -2.4013767653923473e+01,
       -5.2161171773404389e+00, -6.5808098422193528e-01,
       -1.3693555166920930e+02, 6.8132692554221663e+01,
       5.4027120119010505e+01, 3.9111546050291686e+01,
       4.3896296971620901e+00, 6.6348738624746817e+00,
       1.8056041797796374e+00, -6.6672908609107736e+01,
       -3.3332105262445630e+01, -3.1233999865742220e+01,
       1.4604242941362381e+01, 4.0694453170923531e+01,
       -2.5780867820818352e+00, 1.7631762863996969e+00,
       -2.9240172929165347e+01, 4.0470534674298499e+01,
       -1.0251411767465276e+01, -4.4096892838221720e+01,
       1.8908563143401910e+01, 3.0812067425880389e+00,
       1.8542601174375060e+00, -1.9686842383849131e+02,
       -6.0074737870506105e+01, 4.8826715967588363e+01,
       8.0676504476606077e+00, -1.5811726469502975e+01,
       1.0020375480154775e+00, -1.2870038946968640e+00,
       1.0383103052924243e+02, -7.5357580087687452e+01,
