%YAML:1.0
means: !!opencv-matrix
   rows: 31
   cols: 5
   dt: d
   data: [ -3.4474527074223118e+01, -2.2264917609959003e+01,
       -2.0959763106889362e+01, 2.1183489523536657e+01,
       3.6476564244202812e+01, 1.3536048215195802e+02,
       2.2131823989785868e+01, 4.4767743873258546e+01,
       -2.2124010838709903e+01, -1.1444677468613595e+01,
       -1.3399549894264931e+02, 1.2980247072659907e+02,
       1.0645937375802898e+01, -5.3583542479801260e+01,
       -2.5127030904481526e+01, 6.5456675890960767e+01,
       -3.1089494349187238e+01, -2.8876598806645937e+01,
       4.5148156583785948e+01, -2.4985006199784298e+01,
       7.1060370025211753e+01, 1.7609640765639845e+01,
       -2.9748380303205415e+01, -1.0564218404434087e+01,
       7.8547264537165891e+00, -3.6544918920365255e+01,
       1.0335923549174851e+02, -8.4471887916475069e+01,
       -2.0181639504501700e+01, 4.8394979393868803e-01,
       -2.5189353574064737e+02, -6.1528132309555161e+01,
       8.9962509162989885e+00, 4.6101074841609041e+01,
       -2.3527194908448525e+01, -1.9642148032831577e+00,
       -9.1916781787488532e+01, 2.4497776235278106e+01,
       3.2910578746094259e+01, 3.6790377117202070e+01,
       1.1266356115072972e+02, -6.0926485962909226e+01,
       3.7149866615126626e+01, -5.5464003455563343e+01,
       1.6443016083275825e+01, 9.2370759715967907e+01,
       -6.8756256427033279e+01, -9.1422703593148498e+00,
       6.0720129784663008e+01, 4.8245664602150873e+00,
       2.3290969163059995e+02, 4.6971777685663803e+01,
       1.0404356337241447e+01, 2.5857155959901966e+01,
       -1.4803210716670389e+01, 8.1516866407096074e+01,
       1.5641489458459839e+02, 4.6891696255940637e+01,
       -2.1262515543275114e+01, 3.4596465415302760e+00,
       6.2726801387914598e+01, 8.6216684760946549e+01,
       5.7812936942780881e+00, 5.0232882781357851e+01,
       2.0608261972116635e+00, -6.9229447098490837e+01,
       -1.1435846109870454e+01, -5.5553810685621556e+01,
       3.1441908405244046e+01, 1.0088137323611209e+01,
       -2.7795972951463305e+01, 7.2481709545764801e+01,
       7.0685034428577552e+01, -4.9748849896205783e+01,
       3.4079563852239065e+00, 1.0329228967460168e+02,
       -4.7302895150123490e+01, -2.0615000605129527e+01,
       3.6380186118766375e+01, -2.7124476611407939e+01,
       1.0975555234666683e+00, -8.5909848835797050e+01,
       -4.7801758778473754e+01, -5.1743782483859704e+01,
       1.7258811519637767e+01, -7.3540321273165375e+01,
       1.8431415236650295e+02, -1.5812086546140957e+01,
       1.2559225058562216e+01, 1.1350446883232578e+01,
       -1.0547345500744619e+02, 6.9904103086143735e+01,
       -3.3719888965621372e+01, -4.7728651513005829e+01,
       9.2160412977777728e+00, -1.2741727654058052e+02,
       -6.3747138429950965e+01, 9.6166985375386488e+01,
       1.4918273203034573e+01, -2.5672777024457655e+01,
       1.1708370780487144e+02, 9.2193694342438750e+00,
       -8.0878608957916356e+01, 2.4810882982631991e+01,
       -1.0330480635871474e+01, 4.5092280473602123e+01,
       4.4949651918041738e+01, -3.7317024291558944e+01,
       -8.4275822157296460e+01, -1.0830617607741122e+01,
       2.1494900189792841e+02, -7.2330207782826818e+01,
       -1.9615353018636608e+01, -3.5384830080059629e+01,
       -1.3905195745473423e+01, -1.8470754081074205e+02,
       -1.8329849505783281e+02, 2.7311379363483233e+01,
       -2.3993507907827198e+01, -2.2621017332196143e+01,
       3.3049737490562464e+01, 1.6141098372246779e+02,
       -2.1681212047885648e+01, -1.6256662351547465e+01,
       -9.9023560485121607e+00, 4.0670840439163285e+01,
       -6.8233519838747343e+00, 3.4025721134155454e+01,
       7.1273888250047230e+00, 1.4984077136272299e+01,
       -1.8445178726146435e+02, 7.1283748912528594e+01,
       3.6722682906436773e+01, 1.0252414267193251e+01,
       -3.7123060589033239e+00, -9.0119584499132685e+01,
       -3.1639079291018977e+01, 4.0342369533864364e+01,
       1.9364745582710864e+01, 5.5079622200453375e+00,
       5.9679811576246479e+01, -1.7859327722295214e+02,
       -5.3443857204701359e+00, -3.0339642450758078e+00,
       4.2188791381030599e-01, -1.6463718235747305e+02,
       -5.6450336761133968e+01, 1.9614676733962028e+01,
       -5.5369959227114016e+01, -1.8637011132645627e+00,
       1.1889513481031329e+01, -2.3468178757337131e+02,
       7.4178559390216892e+00, 7.4456471580530376e+01,
       -2.1582984196422013e+00 ]
