%YAML:1.0
means: !!opencv-matrix
   rows: 8
   cols: 9
   dt: d
   data: [ -1.4759847298668961e+02, 7.3359151459116632e+01,
       2.6208777195120803e+01, -3.8790351279456743e+01,
       -7.7083192878573090e+00, -1.4813506341652178e+00,
       5.7269878901312299e-01, 5.7212984702593295e-01,
       -8.8357578655878499e-01, 2.7222519041121629e+00,
       -1.5858985405756059e+02, 1.2986160410306875e+01,
       5.5276172772945152e+01, 5.4560980943113284e+00,
       -1.8753358620472920e+01, -1.5395130748194852e+00,
       -4.3764865501962080e-01, 2.7757190744785543e-01,
       1.3593514992891338e+00, 3.5686639696258943e+01,
       -3.1598610740545099e+00, -2.6168205948404324e+01,
       5.8559188104523596e-01, -1.3996361865004220e+01,
       -6.6141226826005646e+00, 1.6308168582543152e+00,
       5.9888396386632872e+00, 1.4330263332590147e+02,
       3.4182959221624508e+01, -4.1646444275254602e+01,
       -6.8938278727255042e-01, -9.1997837531440929e+00,
       -5.6151668707092091e+00, 1.2215777096836133e-01,
       3.2783304394152724e-02, -6.3688198241428418e-01,
       2.6892365830584808e+01, -1.3942558099238575e+01,
       -2.8648391406127023e+00, 1.6377289749244589e+01,
       1.0451016099059050e+01, 4.2897126778679073e+00,
       -6.6787421609573772e-01, -4.8859571820239184e-01,
       -8.7444589867352218e-01, -1.6242974995258467e+02,
       -6.8515672099600593e+01, 4.4225287712538645e+01,
       1.8751076639338059e+01, -1.4071132900327910e+01,
       3.0760259549830177e-01, -1.5448780124027965e+00,
       2.0533112715207497e-01, -9.2466692531917164e-04,
       5.4208062591447963e+01, -4.8631403604684266e+01,
       -2.2130172578896428e+00, 2.1569052065310704e+01,
       7.7172381171283693e+00, 1.0278982085960019e+01,
       2.0571133154256049e+00, 1.0560219166816820e-02,
       2.2650885200978493e-01, 1.0668981314242542e+01,
       9.7869843291714133e+01, -1.6257140719484255e+01,
       -4.5714562336604907e+01, 3.6658277817813194e+00,
       -2.2045462380917091e+00, 1.6801099595136404e+00,
       -6.1362985024990158e-01, -2.9552623137635375e-01 ]
covs: !!opencv-matrix
   rows: 72
   cols: 9
   dt: d
   data: [ 7.0800589158027678e+03, 9.8908109051054316e+02,
       2.5132484916363951e+03, -1.2527266710996535e+03,
       1.6256282716232610e+02, 1.9854912309292629e+02,
       9.4032942130897780e+01, 1.4841044498664699e+01,
       2.1975319695271153e+01, 9.8908109051054328e+02,
       8.1117321543300231e+03, 1.5111066028761110e+02,
       1.9736957069732978e+03, -9.4281269524402987e+01,
       1.4077424087955555e+02, -5.8579283238767594e+01,
       -4.8227934790762909e+01, 4.7735646687620381e+00,
       2.5132484916363951e+03, 1.5111066028761118e+02,
       2.6586078449380320e+03, 1.2271617486085619e+02,
       -3.8163947873456202e+01, -5.4970607868390637e+01,
       -2.5631736314205249e+01, 5.5739786045583823e+00,
       -8.9578288452008470e-01, -1.2527266710996532e+03,
       1.9736957069732978e+03, 1.2271617486085619e+02,
       1.8156412296099395e+03, 7.0890857043437521e+01,
       -7.8787930023124659e+01, 3.0018993119849004e+01,
       4.2700067857423916e+00, 5.4311198673110779e+00,
       1.6256282716232613e+02, -9.4281269524402987e+01,
       -3.8163947873456195e+01, 7.0890857043437492e+01,
       1.5705007374087998e+02, 6.4527147301353523e+01,
       7.1039315609563776e+00, 1.1811378598173279e+01,
       -1.1045869822011987e+00, 1.9854912309292635e+02,
       1.4077424087955552e+02, -5.4970607868390630e+01,
       -7.8787930023124659e+01, 6.4527147301353523e+01,
       1.3686643958724227e+02, -5.4462754019081947e+00,
       8.1768165929882897e-01, 1.3866894214109045e+00,
       9.4032942130897752e+01, -5.8579283238767594e+01,
       -2.5631736314205245e+01, 3.0018993119849004e+01,
       7.1039315609563785e+00, -5.4462754019081947e+00,
       2.4922485418715613e+01, 1.7112114938179608e+00,
       3.2046676458905590e+00, 1.4841044498664699e+01,
       -4.8227934790762909e+01, 5.5739786045583815e+00,
       4.2700067857423907e+00, 1.1811378598173279e+01,
       8.1768165929882897e-01, 1.7112114938179614e+00,
       1.5611891995530334e+01, -1.3936784693272701e+00,
       2.1975319695271153e+01, 4.7735646687620390e+00,
       -8.9578288452008537e-01, 5.4311198673110779e+00,
       -1.1045869822011987e+00, 1.3866894214109040e+00,
       3.2046676458905581e+00, -1.3936784693272701e+00,
       1.6052254732955562e+00, 6.1459032602464167e+03,
       -1.4779303355941086e+03, 3.0158758209679468e+03,
       -7.5746363103650322e+02, -1.0335057155586482e+02,
       -1.9332100175668793e+02, -7.5098211619630405e+01,
       -8.4402375759980828e+00, 4.3127006328691884e+01,
       -1.4779303355941090e+03, 1.1443899455468552e+04,
       9.9424697066094927e+02, 1.1943953787140963e+03,
       3.3161519725897199e+02, 8.2196377351296985e+02,
       1.4992146725339714e+02, 8.1602314603108439e+01,
       2.1233638659156735e+01, 3.0158758209679468e+03,
       9.9424697066094905e+02, 2.3784129371053064e+03,
       -7.4322246491891306e+01, 1.3229084911882703e+02,
       1.0570577934644099e+02, 4.4377130399699611e+00,
       9.4538609096641899e+00, 3.3982800478703137e+00,
       -7.5746363103650322e+02, 1.1943953787140968e+03,
       -7.4322246491891306e+01, 2.0634032558185750e+03,
       -2.2760771894428309e+01, -1.3262503684600316e+02,
       -2.6010783255541181e+01, -4.8286793133571130e+01,
       -2.1615693962944796e+01, -1.0335057155586485e+02,
       3.3161519725897199e+02, 1.3229084911882703e+02,
       -2.2760771894428323e+01, 2.9745621164203163e+02,
       9.6233480915307865e+01, 7.5788187025348828e+00,
       7.3192997490098000e+00, 5.9880342757439600e+00,
       -1.9332100175668788e+02, 8.2196377351296996e+02,
       1.0570577934644099e+02, -1.3262503684600316e+02,
       9.6233480915307865e+01, 2.7473933477947992e+02,
       3.8850642300129841e+00, 2.0746427516777686e+01,
       1.5483686095817662e+01, -7.5098211619630391e+01,
       1.4992146725339711e+02, 4.4377130399699611e+00,
       -2.6010783255541181e+01, 7.5788187025348810e+00,
       3.8850642300129850e+00, 2.7148192634423154e+01,
       4.4245436189818299e-01, 2.4392121773975441e+00,
       -8.4402375759980792e+00, 8.1602314603108439e+01,
       9.4538609096641935e+00, -4.8286793133571123e+01,
       7.3192997490098008e+00, 2.0746427516777686e+01,
       4.4245436189818310e-01, 2.2841378142029168e+01,
       7.9323088989797972e+00, 4.3127006328691905e+01,
       2.1233638659156735e+01, 3.3982800478703137e+00,
       -2.1615693962944796e+01, 5.9880342757439600e+00,
       1.5483686095817662e+01, 2.4392121773975441e+00,
       7.9323088989797972e+00, 1.3405726318929332e+01,
       1.5092349539388846e+04, -1.3069973141379628e+03,
       1.1142526814309624e+03, 1.9452950705282154e+02,
       -5.0593791525422569e+02, -1.3964160536284834e+02,
       -3.7076098886617552e+02, 9.1764287315873489e+01,
       1.4498432222210587e+02, -1.3069973141379633e+03,
       8.1152125460502548e+03, 1.2139424193659991e+03,
       1.9316376779843742e+03, 2.5134698811752730e+02,
       3.1104768608323536e+02, -1.4091431258211867e+02,
       -2.7494770974369978e+00, -2.9053642237164329e-01,
       1.1142526814309624e+03, 1.2139424193659991e+03,
       2.9034807091824277e+03, -2.7227661618673341e+02,
       6.8230958438054756e+01, 2.7655641163405242e+01,
       9.1908285530964278e+01, -3.8371762535106662e+01,
       -3.1600038035539242e+01, 1.9452950705282163e+02,
       1.9316376779843747e+03, -2.7227661618673335e+02,
       1.8185761693664344e+03, 2.3583415235147395e+01,
       -1.5719599664273719e+02, -1.1612408133975268e+01,
       4.3050847477377872e+01, 4.1229544225844592e+01,
       -5.0593791525422557e+02, 2.5134698811752722e+02,
       6.8230958438054742e+01, 2.3583415235147395e+01,
       2.5428895520973037e+02, 2.8986000175240786e+01,
       -3.0042898419143452e+01, 2.3318081927704991e+01,
       3.3827368582960475e+00, -1.3964160536284834e+02,
       3.1104768608323536e+02, 2.7655641163405228e+01,
