%YAML:1.0
means: !!opencv-matrix
   rows: 44
   cols: 4
   dt: d
   data: [ -2.2152247796906093e+02, 4.0622838364118834e+01,
       -3.0448808263288296e+01, -4.9043652200789765e+01,
       1.2262869790548218e+02, 4.4885427421214189e+01,
       1.9411206710646393e+01, 8.0713870582195597e+01,
       1.8855632365800972e+01, -7.5740717468477499e+01,
       -8.9935818119027473e+01, 3.5882632288778133e+01,
       -2.5981185297536342e+02, -1.5944846349364704e+02,
       -1.5065948199515585e+01, -8.9774592564412501e+00,
       -2.9498348729814040e+01, -7.3549323923757228e+01,
       2.7900183779634272e+01, -2.4134264247858624e+01,
       2.1378165746139410e+02, -4.8995093526390278e+01,
       3.8244324068163650e+01, 3.0401014120538035e+00,
       6.0395201178938379e+01, 1.8652990956189916e+02,
       3.7557950397318480e+00, 1.1428164082085665e+01,
       -7.3982893597465136e+00, 1.3283630797384748e+02,
       -7.7490161613936294e+01, 3.5203076130697767e+01,
       7.3929726702336918e-01, 6.0294108770406439e+01,
       2.2622428234992054e+01, 5.6018610105782493e+01,
       5.9004557360407993e+01, -3.2682281163205005e+01,
       -4.4917837752726506e+01, 6.1237220585164749e+01,
       2.1469235644002612e+01, -2.4459069383902454e+02,
       8.4808464632378762e+00, 7.3553284796110162e+01,
       1.7897073438791074e+02, -1.2112742607260506e+02,
       4.2800766155275953e+00, -4.1460002170381216e+01,
       -6.8426967624189729e+01, 1.1422112518839536e+02,
       -5.0325200576974801e+01, -3.0488832726527484e+01,
       -8.7643190777584834e+01, -6.5119086161121444e+01,
       -5.2371046293037409e+01, -1.1876930644396435e+01,
       8.3697399334880174e+01, -1.1448115615653208e+02,
       6.7127341277577557e+01, 8.8018308712914841e+00,
       -6.4771406171793515e+01, 4.4834879630803471e+01,
       -9.0331586786980822e+01, -5.0302432409348704e+01,
       -1.2368875497673130e+02, 1.1879570707911533e+02,
       5.7235738241626734e+01, -1.2508517846836755e+01,
       -1.6172983329438281e+02, -3.4618363872019081e+01,
       7.7336675529326484e+01, 3.1344434622514434e+01,
       -1.0006352085570214e+02, 1.7459161485504740e+01,
       5.0236925353062524e+01, -6.8096197355583683e+01,
       1.3899551736885442e+02, 1.0168389704941957e+02,
       -3.7719663230696462e+01, 5.3421620286835868e+01,
       4.9019445517219836e+01, -2.1931431011089622e+00,
       4.1304561069360460e+01, 1.5041781969119192e+01,
       -1.3499400805390255e+02, -1.5013544024183003e+02,
       6.9112721395500856e+01, -3.0026220856145326e+01,
       5.5015517888366070e+01, -1.7616649350487216e+02,
       3.6989218121489635e+01, -1.6637874494887367e+01,
       6.4278614813192007e+01, -4.6181825567661456e+01,
       7.3086875552984139e+01, -3.0666147356047979e+01,
       6.1482199277705220e+01, 8.7368678532590579e+01,
       7.2573840494903621e+01, -4.6256039536792407e+01,
       -9.3822861980915402e+00, -1.3489132539689325e+02,
       -2.2765924179842131e+01, -4.1661212251063027e+01,
       -1.9434336454781518e+02, -2.9765466164980662e+01,
       -2.8268300998712763e+00, -2.4530426851018664e+01,
       1.3048625886498706e+02, -8.5109048034960360e+00,
       -4.9821708926229391e+01, 6.4859756347488977e+00,
       -2.2768578654522676e+02, 1.2570411800928231e+02,
       -8.7151341493155279e+00, 1.6895868647369092e+01,
       -2.7751527038615944e+02, -3.9353238285290615e+01,
       -5.0825802387620724e+00, 4.6113332233128467e+01,
       -3.0151603224422736e+01, -1.1908828413869693e+02,
       -1.3736605386520397e+01, 2.9070208381074842e+01,
       1.5659536547108866e+02, 1.3335499314244359e+02,
       3.5461055460069240e+01, -9.6436661861609019e-01,
       -1.4396779625680423e+02, 3.7195217510744861e+01,
       1.1799233944392910e+01, 5.9475942136964392e+01,
       8.3779555492515541e+01, -1.2827848861747790e+02,
       -6.5013429706923304e+01, -1.0602088515194636e+01,
       -1.4262068020598133e+02, -1.2345659521759572e+02,
       1.8606486448921075e+01, -5.6185506521332037e+01,
       2.3590361486730507e+02, -1.8291059047095906e+01,
       -2.2238836588252520e+00, 2.3244902383680614e+01,
       -1.4080732541481288e+01, 1.8989332018469810e+02,
       3.1023983452090398e+01, -1.7021319788375550e+01,
       -6.7456459269843506e+01, 5.7203518765385368e+00,
       -3.2777034304922161e+01, 5.1352160540551793e+01,
       -9.8705424235709444e+01, 2.1546113169342891e+02,
       -2.0535623926380243e+01, 1.4998386754925884e+01,
       1.4902551085105247e+02, -3.8369916056324307e+01,
       1.9012365075829592e+01, 3.0692457546429154e+01,
       1.2073408189355897e+02, 3.5810856684705378e+01,
       1.7703874193269552e+01, -7.3602832675795440e+01,
       -5.5832552293447534e+01, 3.0508141590752011e+01,
       8.8051212982613464e+01, 3.9816419795846706e+01,
       3.4505595243520197e+01, 9.7785166060946622e+01,
       -2.4760995853000935e+01, -3.9193647965383221e+01,
       2.4859498238737654e+01, 7.7028190526943141e-01,
       -3.7661026935316805e+01, -8.6401588505722884e+01 ]
