%YAML:1.0
means: !!opencv-matrix
   rows: 9
   cols: 8
   dt: d
   data: [ 1.4178489791050632e+02, -5.6617309114313787e+00,
       -3.9472541183098436e+01, 6.7269529837283670e+00,
       -5.5028298827390181e+00, 1.2383530898468905e+01,
       -1.4282802117325777e-01, 9.2842348084099635e-01,
       -2.0178965498494449e+02, -1.1024444758209526e+01,
       4.4189564743310733e+01, 1.0601743414156465e+01,
       -9.4853564951442273e+00, 7.3640943148879314e+00,
       -2.9858696609675611e-01, -5.5204066266511065e-01,
       1.1744727940062038e+01, 9.9885626492232745e+01,
       2.5517722116023065e+00, -6.3704364476980608e+01,
       9.6005213459301952e+00, -4.0124837130561239e+00,
       2.2552942397382497e-01, 1.4450713382435081e+00,
       -3.7795129459218359e+01, -1.0024521915378280e+02,
       5.1762548420503105e+00, 6.3766963821678729e+01,
       -7.0956813066228746e+00, -9.5144025846924141e-01,
       1.5523343371201443e+00, -6.5150896169293426e-01,
       8.1616241859689978e+01, 1.5649860778298542e+01,
       -2.3841660034439215e+01, -3.2241424930901786e+01,
       -2.6450970913924877e+01, -1.9761265957530373e+01,
       9.3452335924719665e-01, -2.3079248239553745e+00,
       -8.4308902842583890e+01, -2.1095782636168021e+01,
       2.7353725321064271e+01, 1.5074547982845626e+01,
       1.3067580692748328e+01, -6.2788911834632826e+00,
       -2.6470275895829926e-01, -8.3421764727215675e-01,
       3.3089760286544944e+01, 1.3354947692580055e+01,
       -5.0246673470685792e+00, -1.6187866502249415e+00,
       2.2174477468659589e+01, 1.1594376885008553e+00,
       1.2127990758024627e+00, 8.8948481491762954e-01,
       7.6330275927622836e+01, -8.9111128550415657e+00,
       -1.4479512472081307e+01, 1.5195525265874628e+00,
       -5.6300269180312039e+00, 1.6121318948268133e+00,
       -2.6207036519937668e+00, -3.8028282208438589e-02,
       -1.7668800469147300e+02, 7.1997453910351979e+01,
       3.9186765286810861e+01, -4.3070206980130870e+01,
       -1.5818613137666912e+01, 4.0488988069250391e+00,
       -2.0229144785701689e+00, 4.2037656884487462e-01 ]
covs: !!opencv-matrix
   rows: 72
   cols: 8
   dt: d
   data: [ 4.8550346620513847e+03, 3.9447721243228023e+02,
       2.8189836645130695e+03, -1.9667953111790624e+02,
       -1.7458718214933918e+02, -9.3211222186307296e+01,
       -6.1795473209852716e+01, -7.4620045228202301e+00,
       3.9447721243228023e+02, 6.7687557600166974e+03,
       -2.6241008220348755e+02, 1.6199800657266626e+03,
       -1.1858476970542530e+02, -6.7295930521730540e+01,
       2.6651045585470555e+01, -6.4941762983567656e+01,
       2.8189836645130695e+03, -2.6241008220348766e+02,
       2.5605908198634279e+03, 1.4078366074754729e+02,
       -8.1736812673483300e+01, 5.4267807771530784e+01,
       3.1764069531680068e+01, 4.6748930041738097e+00,
       -1.9667953111790629e+02, 1.6199800657266626e+03,
       1.4078366074754729e+02, 1.6416639449102458e+03,
       -9.2117808383944659e+00, -1.0448292038413847e+02,
       -9.8731828219389239e+00, 5.1299226234071746e+01,
       -1.7458718214933918e+02, -1.1858476970542533e+02,
       -8.1736812673483286e+01, -9.2117808383944659e+00,
       3.2415787942659406e+01, 1.8750130479366803e+01,
       -6.5226979739428188e+00, -2.4498821901193963e+00,
       -9.3211222186307296e+01, -6.7295930521730540e+01,
       5.4267807771530805e+01, -1.0448292038413847e+02,
       1.8750130479366803e+01, 5.6163855775673639e+01,
       1.1399213748489432e+01, -9.8272833313491379e+00,
       -6.1795473209852716e+01, 2.6651045585470552e+01,
       3.1764069531680050e+01, -9.8731828219389239e+00,
       -6.5226979739428188e+00, 1.1399213748489430e+01,
       2.2405632819379200e+01, -4.2457835910714783e+00,
       -7.4620045228202310e+00, -6.4941762983567671e+01,
       4.6748930041738053e+00, 5.1299226234071732e+01,
       -2.4498821901193963e+00, -9.8272833313491379e+00,
       -4.2457835910714783e+00, 1.7261557139050005e+01,
       5.5208980169960332e+03, -3.2973411251962733e+02,
       2.9957096883464801e+03, 3.7386999287380189e+02,
       9.1735167141581172e+01, -1.1865103161914328e+02,
       1.1540746684608979e+02, -6.8115370887367703e+01,
       -3.2973411251962739e+02, 6.6633578854334555e+03,
       -7.5919828768950183e+01, 1.6435455006809220e+03,
       -1.7706445538305201e+02, 4.4038564806825114e+01,
       1.7870153455699580e+01, 2.3981486334496736e+01,
       2.9957096883464801e+03, -7.5919828768950140e+01,
       2.3487046158699450e+03, -3.1356196243357942e+01,
       -7.7714336688123680e+01, -1.1789928942463060e+01,
       -2.1476145051522241e+01, 2.0571438566762374e+01,
       3.7386999287380206e+02, 1.6435455006809216e+03,
       -3.1356196243357964e+01, 1.3722826596666755e+03,
       2.5398295690603970e+01, -5.3676861184311186e+01,
       -1.3926634801840155e+01, -1.9059719943888691e+01,
       9.1735167141581172e+01, -1.7706445538305204e+02,
       -7.7714336688123694e+01, 2.5398295690603966e+01,
       6.8886767111207732e+01, -2.2626336845755123e+01,
       5.1872379778159985e+00, -2.1966345339438877e+01,
       -1.1865103161914331e+02, 4.4038564806825093e+01,
       -1.1789928942463062e+01, -5.3676861184311186e+01,
       -2.2626336845755127e+01, 9.3995270967119865e+01,
       3.6756939828298094e+00, -5.5977369180106553e+00,
       1.1540746684608975e+02, 1.7870153455699580e+01,
       -2.1476145051522241e+01, -1.3926634801840160e+01,
       5.1872379778159994e+00, 3.6756939828298107e+00,
       2.5608312617052800e+01, -2.8851455584403145e+00,
       -6.8115370887367689e+01, 2.3981486334496747e+01,
       2.0571438566762367e+01, -1.9059719943888691e+01,
       -2.1966345339438877e+01, -5.5977369180106544e+00,
       -2.8851455584403145e+00, 2.0427658317121107e+01,
       6.1788878668568950e+03, 4.0882439562120493e+02,
       2.9601001166628116e+03, 1.1105830765674585e+02,
       1.2234357905595681e+02, -1.8836957598573207e+02,
       2.5392594070700682e+01, 3.8801692349197261e+01,
       4.0882439562120487e+02, 9.2762049333189225e+03,
       -4.0714740974461148e+02, 1.2041748178302635e+03,
       3.0378126213398036e+02, 1.1776685618215927e+03,
       -7.3664145729101492e+01, 1.2314606166867769e+01,
       2.9601001166628125e+03, -4.0714740974461154e+02,
       2.5404924761293328e+03, 5.7084820045288005e+01,
       8.6786633677858248e+01, 3.3330956058598815e+00,
       -2.5397817772274468e+01, -2.2973487298221730e+01,
       1.1105830765674588e+02, 1.2041748178302632e+03,
       5.7084820045287984e+01, 1.5478538163480905e+03,
       -9.6777737119790658e+01, -4.2297042583485648e+02,
       3.1216008524346964e+01, -3.5510545584576313e+01,
       1.2234357905595685e+02, 3.0378126213398031e+02,
       8.6786633677858333e+01, -9.6777737119790658e+01,
       4.4576485785551750e+02, 5.5884571200166747e+01,
       -1.6155421395929462e+01, 1.8354593515655016e+00,
       -1.8836957598573210e+02, 1.1776685618215929e+03,
       3.3330956058598966e+00, -4.2297042583485648e+02,
       5.5884571200166747e+01, 5.2776860703069758e+02,
       -1.2006463896477648e+01, -2.0505047940739929e+00,
       2.5392594070700682e+01, -7.3664145729101492e+01,
       -2.5397817772274465e+01, 3.1216008524346972e+01,
       -1.6155421395929462e+01, -1.2006463896477650e+01,
       2.9294364483505529e+01, -1.3680692824513530e+00,
       3.8801692349197268e+01, 1.2314606166867765e+01,
       -2.2973487298221716e+01, -3.5510545584576313e+01,
       1.8354593515655009e+00, -2.0505047940739933e+00,
       -1.3680692824513530e+00, 1.6113082905345319e+01,
       1.0747257029880553e+04, 4.2311255432425298e+02,
       1.8213674027172924e+03, 8.7017492433500436e+01,
       3.1717086223946740e+02, 3.8420510234851925e+01,
       5.9036114778981435e+01, 3.2231884585720010e+01,
       4.2311255432425332e+02, 6.3281502686233152e+03,
       -9.0695135854391623e+01, 2.1338831780572427e+03,
       -3.0700544236394013e+01, -1.8761085246802619e+01,
       8.3818916352526344e+01, -2.3087384100441358e+01,
