%YAML:1.0
means: !!opencv-matrix
   rows: 4
   cols: 16
   dt: d
   data: [ -1.8834756848743353e+02, 2.0572697342736674e+01,
       3.9606510587026236e+01, -8.7352697775887176e+00,
       -1.4096846981056794e+01, 8.0209851869400985e+00,
       -1.1427800921130276e+00, 6.5855339552056302e-01,
       2.3606422735773835e-01, 1.8396624930280891e-02,
       -2.3047936919198105e-02, -1.3886879068757981e-02,
       2.7753702434781102e-03, -1.3644995956143565e-04,
       5.6489270434996047e-03, -6.1822567575282039e-03,
       1.1243421716225878e+02, -2.6505018193103469e+00,
       -3.0804112145561362e+01, -5.6553040997390873e+00,
       -1.4576783482328983e+01, -2.5444846983437208e+00,
       2.5351438064591914e-01, -3.3014759986652009e-01,
       1.8066715029082892e-01, -8.6240060246794800e-02,
       6.5051895019956757e-02, -4.8222804226510339e-03,
       4.7538642551479804e-04, -2.2994360861888878e-03,
       1.9125087955720538e-03, 9.5283179387186233e-05,
       4.0047952368794286e+00, -1.6734240937604341e+01,
       3.0021982326405721e+00, 1.2139005003562103e+01,
       1.0693416960562606e+01, -2.9702336631744379e+00,
       1.3737954342377228e+00, 4.2576330300562837e-01,
       3.6732503707393721e-01, -1.7398099647363541e-03,
       -1.8156034136869571e-03, 1.0422772270635856e-02,
       5.2019590022612857e-03, 2.4767917001236508e-03,
       3.6094564329326186e-03, 4.7947544334641805e-04,
       3.3591987547096664e+01, 3.9656194641578473e+01,
       -8.4515615476075485e+00, -2.3328650218651752e+01,
       5.3642547054475163e+00, 4.9335299704254725e+00,
       -4.0462497560046851e+00, -1.8804485384101608e+00,
       -2.0046050048702289e+00, 1.4135106946116577e-01,
       -8.0144922525572246e-02, -1.1519698878603837e-02,
       -2.3900370414301271e-02, -4.8023412164909674e-03,
       -2.4360245818126462e-02, 6.4192495015683243e-03 ]
covs: !!opencv-matrix
   rows: 64
   cols: 16
   dt: d
   data: [ 5.7110012737126081e+03, -2.5949207136591303e+02,
       3.0292776802909839e+03, 3.9830453761972905e+02,
       -3.4821174445394338e+00, -1.1755849638048346e+02,
       8.6834153533603399e+01, -2.3814435598486458e+01,
       -1.0961539979789727e+01, 3.7900234114655436e+00,
       -1.1866662026322603e+00, 3.2998962632344914e-01,
       1.3259914406818568e-02, 1.3600646430912136e-01,
       -6.2156332457556451e-01, -1.8997802638171545e-03,
       -2.5949207136591303e+02, 1.0705122616177970e+04,
       1.2739240058073372e+02, -3.4890209987818957e+02,
       -4.1482078361922134e+02, 4.0059621348062012e+02,
       -1.0256207691860597e+02, 2.0275091554240017e+01,
       1.0454529340248859e+01, 9.2158197105728519e+00,
       2.2714945204747812e+00, 6.9514724939727135e-01,
       -2.0330055388328338e-02, 2.7075848247223933e-01,
       6.3528991153957970e-01, 9.3438428022393105e-02,
       3.0292776802909834e+03, 1.2739240058073372e+02,
       2.4217392252602031e+03, -9.8702949877930877e+01,
       -4.7608308303900827e+01, 4.4946885988442162e+01,
       -2.6731435585418421e+01, 1.1732778275007522e+01,
       2.5114790242193767e+00, -2.2859592966620546e-01,
       4.6133257605757316e-01, 7.1162427795175435e-03,
       -3.4708923824246965e-02, 6.7214156044536233e-02,
       3.7001123196159814e-02, -6.7750150310180775e-03,
       3.9830453761972905e+02, -3.4890209987818969e+02,
       -9.8702949877930905e+01, 2.6629295671378736e+03,
       1.8761775977568178e+02, -1.7650620757715055e+02,
       4.6175849922269812e+01, -2.4151519391675251e+01,
       1.3214663882829972e-01, 1.0880270176659264e+00,
       -1.6061917762389235e+00, -5.8166759798697720e-01,
       2.1724125610359746e-02, -1.0672013797814131e-01,
       -2.7302518845581142e-01, 1.6145260388535024e-01,
       -3.4821174445394298e+00, -4.1482078361922134e+02,
       -4.7608308303900827e+01, 1.8761775977568178e+02,
       1.1699747130334408e+02, -3.2989253008287214e+01,
       1.6570899593910081e+01, -1.5027935662210568e+01,
       -2.6185391173035031e+00, 9.4116155702343585e-01,
       -1.0167819091101737e+00, -2.4792687355190374e-01,
       4.4118160494644995e-02, -4.4079570355867639e-02,
       -1.1075278372921432e-01, 4.6398830130733607e-02,
       -1.1755849638048342e+02, 4.0059621348062012e+02,
       4.4946885988442190e+01, -1.7650620757715055e+02,
       -3.2989253008287214e+01, 2.4015454401174159e+02,
       -1.0071899140605082e+01, 4.1918512939143806e+00,
       1.1165620984160256e+00, -1.0231628894828864e+00,
       1.6205136107601387e-01, 2.6991121305679866e-01,
       -1.9384142695703169e-02, 2.7904731746762456e-02,
       1.1830594869909868e-01, 4.5078709031709852e-02,
       8.6834153533603399e+01, -1.0256207691860598e+02,
       -2.6731435585418424e+01, 4.6175849922269812e+01,
       1.6570899593910081e+01, -1.0071899140605085e+01,
       2.9805654294122519e+01, -2.2027547013143391e+00,
       -1.8415388674108573e+00, 1.9459075985113150e-01,
       -6.4813506817133840e-02, 2.1662231432679969e-02,
       -2.4342362046984527e-02, 9.7032640288466075e-05,
       -5.6220533626484319e-02, 3.0668559577364334e-03,
       -2.3814435598486451e+01, 2.0275091554240014e+01,
       1.1732778275007522e+01, -2.4151519391675251e+01,
       -1.5027935662210568e+01, 4.1918512939143806e+00,
       -2.2027547013143396e+00, 2.0294934078318121e+01,
       9.9030950728895994e-01, -2.9581261907681683e-01,
       7.7505244003134494e-02, 7.1381375919068582e-02,
       -6.0982929692890084e-03, 1.3150719120366189e-02,
       -6.0055061511120151e-03, 3.2152789876667229e-03,
       -1.0961539979789727e+01, 1.0454529340248859e+01,
       2.5114790242193785e+00, 1.3214663882829997e-01,
       -2.6185391173035031e+00, 1.1165620984160256e+00,
       -1.8415388674108573e+00, 9.9030950728895983e-01,
       2.6844297874032574e+00, -3.5419319903153584e-01,
       3.0772573272831181e-03, 3.8037003870086974e-02,
       -1.4682567474486943e-02, -1.2541528244080899e-03,
       4.2649736505274505e-03, -1.3589054173516454e-02,
       3.7900234114655440e+00, 9.2158197105728537e+00,
       -2.2859592966620523e-01, 1.0880270176659264e+00,
       9.4116155702343585e-01, -1.0231628894828864e+00,
       1.9459075985113147e-01, -2.9581261907681683e-01,
       -3.5419319903153584e-01, 6.5908179175840276e-01,
       -3.7008320303844017e-02, -1.0654911500317150e-02,
       -1.7810094860587276e-03, -1.2947914691243142e-02,
       1.8111026354851304e-03, 4.1088935207595377e-03,
       -1.1866662026322605e+00, 2.2714945204747812e+00,
       4.6133257605757305e-01, -1.6061917762389235e+00,
       -1.0167819091101737e+00, 1.6205136107601381e-01,
       -6.4813506817133840e-02, 7.7505244003134521e-02,
       3.0772573272831215e-03, -3.7008320303844017e-02,
       2.3747701971711898e-02, 2.2373278100204317e-03,
       -8.7223585322123798e-04, 7.4023603746084098e-04,
       1.5439525117740796e-03, -6.6424661997686407e-04,
       3.2998962632344914e-01, 6.9514724939727157e-01,
       7.1162427795175495e-03, -5.8166759798697709e-01,
       -2.4792687355190374e-01, 2.6991121305679866e-01,
       2.1662231432679969e-02, 7.1381375919068582e-02,
       3.8037003870086974e-02, -1.0654911500317152e-02,
       2.2373278100204317e-03, 4.5610815933949953e-03,
       4.6865537704955673e-04, -2.8590601658806924e-04,
       -4.2265136152705050e-04, -1.9551545115035590e-04,
       1.3259914406818599e-02, -2.0330055388328258e-02,
       -3.4708923824246972e-02, 2.1724125610359739e-02,
       4.4118160494645002e-02, -1.9384142695703176e-02,
       -2.4342362046984530e-02, -6.0982929692890119e-03,
       -1.4682567474486947e-02, -1.7810094860587270e-03,
       -8.7223585322123776e-04, 4.6865537704955673e-04,
       2.3087498994468127e-03, 3.6806535609373198e-05,
       -1.6733533301859806e-04, 6.7318932874036911e-05,
       1.3600646430912142e-01, 2.7075848247223933e-01,
       6.7214156044536261e-02, -1.0672013797814134e-01,
       -4.4079570355867626e-02, 2.7904731746762456e-02,
       9.7032640288466712e-05, 1.3150719120366186e-02,
