%YAML:1.0
means: !!opencv-matrix
   rows: 24
   cols: 4
   dt: d
   data: [ -6.1158141387976322e+01, 2.6406345680756321e-01,
       1.0214976255502063e+02, -1.5794009775534512e+01,
       1.7065731355016118e+02, 8.2174717670847471e+01,
       -2.1164463774074637e+01, 4.4843416706005002e+01,
       9.4547264292564392e+01, 8.6812760259740600e+01,
       4.0500828239323532e+01, -6.5559616307611819e+01,
       7.8242060167936671e+01, -1.0184360677933536e+02,
       4.9883962665613666e+00, -5.6532134243299268e+01,
       -6.3405264827670777e+01, -3.1400360160661808e+01,
       -3.0277978137002354e+01, 3.6952373524884017e+01,
       1.2004259421829683e+02, -1.4055937974846822e-01,
       7.2651324170409755e+00, 6.4069687991675309e+01,
       -1.4462007589368046e+01, 6.4045583641928062e+01,
       4.6609034461195236e+01, 4.4163435951300976e+01,
       -4.5067023896921810e+01, -9.2868675551903124e+01,
       -7.6490531258597372e+01, -2.9327801700115316e+01,
       -2.8088797741021711e+01, 1.1778716753782567e+02,
       -7.0786406802007846e+01, 1.1961580512780767e+01,
       1.7393650991192655e+02, -3.2442796490398798e+01,
       4.8195106613707779e+01, -3.9141520799275336e+00,
       4.9386798471267880e+01, -5.8222612888087689e+01,
       4.4299292489214686e+01, 2.4817377268946597e+01,
       -2.3302725289221550e+02, 8.4185736011175948e+01,
       -3.6501566457538040e+01, -2.0913071906137336e+01,
       -5.3187307960322194e+01, -5.8996696547956340e+01,
       2.6591069509902930e+01, -1.1160837046945097e+01,
       -2.7321876144185808e+02, -1.1942762806604797e+02,
       -2.3067279872540446e+01, 1.6229551991235623e-02,
       3.5339471953173522e+01, -1.2376104480437583e+01,
       -7.1609929017483665e+01, 7.0926598944295975e+01,
       1.2646132172978575e+02, -7.5491076487876910e+01,
       -3.8449934067861797e+01, -5.1982693130697599e-01,
       -1.4111483873347993e+02, 1.3527567586134131e+02,
       4.2907619715656743e+01, -4.1154225072221449e+00,
       -1.8661619772161018e+02, 1.0209551390062304e+01,
       -4.4419726567038449e+00, 5.0686355200305726e+01,
       -1.9531019567012495e+02, -3.5527319048684561e+01,
       5.3954530082898771e+01, 3.8890954389225868e+01,
       -1.4505635499666468e+02, 1.0242155002513941e+01,
       2.4615277015223899e+01, -6.2265528633971044e+01,
       3.2416434899776199e+01, 1.6815020166758455e+02,
       7.7124225817995962e+00, -6.9631916561047440e+00,
       2.2384027942873583e+01, -2.4688834956850789e+02,
       7.3928546174104399e+00, 7.3527533483236596e+01,
       9.2694912674490446e+00, 5.1351024289167114e+01,
       -3.8836016249398746e+01, -6.2471149771540105e+01,
       -1.6653575277149559e+02, -1.6177236543172660e+02,
       4.3209218315861094e+01, -3.2629928268224177e+01 ]
covs: !!opencv-matrix
   rows: 96
   cols: 4
   dt: d
   data: [ 2.5981705095033644e+03, 4.8442784347164712e+02,
       -3.2159461192470900e+02, -1.9498314880981718e+02,
       4.8442784347164712e+02, 9.8312051092503680e+03,
       2.1603980892980496e+02, 2.6465077937189977e+02,
       -3.2159461192470900e+02, 2.1603980892980496e+02,
       4.2509968051680431e+02, 5.7072082489624688e+02,
       -1.9498314880981727e+02, 2.6465077937189966e+02,
       5.7072082489624688e+02, 1.9990721053674285e+03,
       4.7559191804968168e+03, -3.9474109241576889e+02,
       1.5815660314509580e+03, 3.5751195415305162e+01,
       -3.9474109241576889e+02, 3.8046994549888182e+03,
       4.6562393607344596e+01, -8.1562704081678305e+01,
       1.5815660314509580e+03, 4.6562393607344568e+01,
       1.4878896276943078e+03, -1.8560416369111198e+02,
       3.5751195415305169e+01, -8.1562704081678234e+01,
       -1.8560416369111195e+02, 7.7536928833719128e+02,
       5.0274327558330388e+03, 9.7412250411390986e+01,
       -6.7709787504285805e+02, 5.1544330492736356e+02,
       9.7412250411391071e+01, 5.0640389524777329e+03,
       6.3451191882465014e+02, 1.5143985285739436e+03,
       -6.7709787504285805e+02, 6.3451191882465014e+02,
       6.3934988225761026e+02, 2.8300434732061694e+02,
       5.1544330492736367e+02, 1.5143985285739436e+03,
       2.8300434732061694e+02, 1.5030191698324086e+03,
       9.5193429045357061e+03, -6.7728647915351416e+01,
       -6.5631051657434989e+02, 2.2014720797443798e+02,
       -6.7728647915351374e+01, 4.7903042994587358e+03,
       -5.9529277293317102e+02, -1.8958376107749568e+03,
       -6.5631051657435012e+02, -5.9529277293317057e+02,
       1.5771883722201726e+03, -4.6652867904084353e+01,
       2.2014720797443798e+02, -1.8958376107749568e+03,
       -4.6652867904084339e+01, 1.1084771708632734e+03,
       1.8730291245446313e+03, -4.1097973682570904e+02,
       5.9396712562973767e+02, -2.5126878585136646e+02,
       -4.1097973682570904e+02, 7.8901984993517444e+03,
       6.9637368879174062e+01, 4.2662394542883453e+02,
       5.9396712562973767e+02, 6.9637368879174062e+01,
       6.8402094308324035e+02, 3.9280706039533482e+02,
       -2.5126878585136646e+02, 4.2662394542883442e+02,
       3.9280706039533476e+02, 2.0313221726858687e+03,
       2.5639055070782374e+03, 1.8426501345970317e+02,
       1.5028592924175164e+03, -2.7338014619991816e+02,
       1.8426501345970311e+02, 2.4724904414197326e+03,
       3.0918351057198407e+02, 8.6729926741463385e+02,
       1.5028592924175166e+03, 3.0918351057198407e+02,
       1.3467369035179306e+03, -6.4020062811558773e+01,
       -2.7338014619991810e+02, 8.6729926741463385e+02,
       -6.4020062811558759e+01, 7.1540936449786705e+02,
       8.2307843379793067e+03, 1.7868617975257998e+03,
       -6.7783298722061340e+02, -1.0687049557644441e+03,
       1.7868617975257998e+03, 2.2506217348916380e+03,
       -5.5029528028413540e+02, -2.0455516987828591e+02,
       -6.7783298722061352e+02, -5.5029528028413540e+02,
       1.9566954838877348e+03, -1.3480814212631460e+01,
       -1.0687049557644441e+03, -2.0455516987828588e+02,
       -1.3480814212631470e+01, 5.4122192511619562e+02,
       8.4974848406570618e+03, -3.8121793106863987e+02,
       -2.0592049253020714e+03, 5.2900339411268715e+02,
       -3.8121793106864004e+02, 4.8803130083128790e+03,
       -5.2739511440743911e+02, -1.5727711413159022e+03,
       -2.0592049253020709e+03, -5.2739511440743911e+02,
       1.2557908726104019e+03, 9.3704477910793400e+01,
       5.2900339411268715e+02, -1.5727711413159022e+03,
       9.3704477910793400e+01, 1.0570640303339896e+03,
       6.2074369278954755e+03, -2.5242792294437627e+03,
       -1.0014801792544745e+03, 1.0434505277099843e+03,
       -2.5242792294437622e+03, 6.2652895363076505e+03,
       4.0869973652951660e+02, 2.8382466237129466e+02,
       -1.0014801792544748e+03, 4.0869973652951660e+02,
       8.2403393051791511e+02, -4.0565862849874122e+01,
       1.0434505277099838e+03, 2.8382466237129472e+02,
       -4.0565862849874122e+01, 1.1347261356228930e+03,
       5.6468141097917132e+03, 1.1202169378620715e+03,
       -1.5838334273538353e+03, 3.1234337529820846e+02,
       1.1202169378620711e+03, 7.6356301910407374e+03,
       -1.5633889955834114e+01, 1.1747520025001340e+03,
       -1.5838334273538353e+03, -1.5633889955834132e+01,
       8.0017237686244664e+02, 3.6735573737960584e+02,
       3.1234337529820846e+02, 1.1747520025001340e+03,
       3.6735573737960578e+02, 1.6967951973465847e+03,
       2.0527961342085691e+03, 4.1776736867655774e+02,
       1.0147754258575758e+03, -9.2477218906391258e+01,
       4.1776736867655791e+02, 6.5661927464613373e+03,
       6.3772496704884111e+02, 1.0228802097113486e+03,
       1.0147754258575757e+03, 6.3772496704884099e+02,
       1.0901708015551305e+03, 3.7270446057094279e+02,
       -9.2477218906391300e+01, 1.0228802097113486e+03,
       3.7270446057094279e+02, 1.7639808429260697e+03,
       3.4649626746728977e+03, 8.1783491747527671e+02,
       -4.4343322254883674e+02, -6.2720352599279761e+02,
       8.1783491747527648e+02, 6.4844009379455247e+03,
       -1.4797934773728511e+02, 1.6724638319002195e+03,
       -4.4343322254883668e+02, -1.4797934773728505e+02,
