%YAML:1.0
means: !!opencv-matrix
   rows: 5
   cols: 2
   dt: d
   data: [ -3.8797552237719316e+01, -5.6837042482661040e+01,
       1.2832484527559188e+02, -5.8505693857472217e+01,
       7.9440319036866171e+01, 4.5843739904140151e+01,
       -2.1002772956449044e+02, -2.7658655019977573e+01,
       -4.6601510611483988e+01, 9.1449082296876625e+01 ]
covs: !!opencv-matrix
   rows: 10
   cols: 2
   dt: d
   data: [ 7.9548252498230831e+03, -1.6624882752001504e+03,
       -1.6624882752001495e+03, 1.1634835728089622e+04,
       6.8056975108142888e+03, 1.0676942188425185e+03,
       1.0676942188425185e+03, 5.8909605206367078e+03,
       7.4565436081703629e+03, 9.1032037181947771e+02,
       9.1032037181947771e+02, 7.4158942472490226e+03,
       4.5574775288279507e+03, -2.3441729701072782e+02,
       -2.3441729701072782e+02, 1.0955572247436743e+04,
       7.7180948755397558e+03, 2.8308122850992896e+02,
       2.8308122850992879e+02, 8.1673483190869920e+03 ]
weights: !!opencv-matrix
   rows: 1
   cols: 5
   dt: d
   data: [ 2.6368987780867709e-01, 1.8166847520516594e-01,
       2.5031606570755538e-01, 1.1495213394052892e-01,
       1.8937344733807157e-01 ]
pca_proj: !!opencv-matrix
   rows: 2
   cols: 21
   dt: f
   data: [ 1.02604255e-02, 8.46533298e-01, 5.67100069e-05,
       -5.08859605e-02, 4.68450844e-01, 1.89823491e-04, -5.55210514e-03,
       1.46431834e-01, -1.98076777e-05, -7.31809530e-03, 1.34976640e-01,
       -4.80776835e-05, -6.69380091e-03, 1.46460637e-01, -1.57161594e-05,
       2.11501210e-05, 1.32904761e-05, -3.16381829e-07, -1.62182951e-05,
       4.47223283e-04, 4.04881848e-06, 8.19958210e-01, 1.87153444e-02,
       -7.93817599e-05, 4.28530097e-01, 8.29724409e-03, 8.75842488e-06,
       2.28233948e-01, -2.37727305e-03, -1.84168690e-04, 2.08515689e-01,
       -1.20344283e-02, -2.14158339e-04, 2.18838796e-01, -7.27251405e-04,
       -1.84816250e-04, -3.05604735e-05, -5.04301033e-06,
       -1.27042276e-05, 6.79167337e-04, 1.30049409e-06, -1.63660501e-04 ]
pca_mean: !!opencv-matrix
   rows: 1
   cols: 21
   dt: f
   data: [ 4.33646118e+02, 2.44701981e+02, 1.49672687e+00,
       4.18191803e+02, 2.60206879e+02, 1.62062907e+00, 3.68545319e+02,
       2.27059875e+02, 1.69770968e+00, 3.19420807e+02, 1.63929108e+02,
       1.75046074e+00, 3.16613464e+02, 2.25532654e+02, 1.70717156e+00,
       1.08872897e-04, -9.74175637e-05, 6.24380555e-05, -2.17504916e-04,
       -2.50119597e-01, 1.75055194e+00 ]
gamma: !!opencv-matrix
   rows: 5
   cols: 1
   dt: d
   data: [ 9.2875738086297965e-01, 8.9956211576947886e-01,
       9.0915092851097579e-01, 9.1770172105097314e-01,
       9.1673871659640294e-01 ]
