%YAML:1.0
means: !!opencv-matrix
   rows: 28
   cols: 7
   dt: d
   data: [ 7.1804082639148092e+01, 1.6108076473793169e+01,
       -2.8465676801037990e+01, -3.1223261001158541e+01,
       -2.9444931543726458e+01, -1.6210095502443469e+01,
       7.1813166748248747e-01, -2.0023769687943593e+02,
       3.0888393560643610e+01, 4.7472268455149340e+01,
       -1.8088279394545228e+01, -1.4198208928559707e+01,
       3.5280522922797015e+00, -7.1250663854205823e-02,
       8.6896795728278803e+01, -3.7271087672413330e+01,
       -2.8039900215512382e+01, 2.4055732930184600e+01,
       -8.9624326390127926e+00, 9.4795147103843096e+00,
       -3.2472122168507198e+00, -1.4658570294233576e+02,
       2.9517182418303634e+01, 4.9675636924576615e+01,
       -9.7431322421510096e+00, -2.3368931419725918e+00,
       1.2493348810045958e+01, -2.2253710768494894e+00,
       6.5951713633232131e+01, 4.3187717948317996e+01,
       -1.3772998674190184e+01, -4.1753079790209497e+01,
       3.7972486291301881e+00, -1.7386331240870316e+01,
       1.5788051928767093e+00, 7.9646496258882763e+01,
       2.9951753494656380e+01, -1.8635370648633469e+01,
       -4.7025179551186671e+00, 1.1565857344150102e+01,
       4.3153273007725703e+00, 1.1037970957965377e+00,
       -4.3960424049539597e+00, -7.8152144443647728e+01,
       -7.0758240546589363e+01, -3.9753518212479527e+01,
       1.6095114659053166e+01, 6.9952121689125741e+00,
       8.2387419952445928e-01, -1.4781235141146720e+02,
       -1.0369138258714418e+02, 2.7585958090616714e+01,
       6.6798846966759655e+01, -1.9958022075468833e+01,
       7.8683586162997843e-01, -2.6152368787334790e-01,
       -2.6314041770020520e+00, -1.2788459273801122e+01,
       1.1597351532978712e+01, 5.0355999712971888e+00,
       2.6787822769354392e+01, -2.3985829228460864e+00,
       -6.4228862973237233e-01, 1.1743323627242127e+02,
       -4.5942680811940818e+01, -3.0843560435486545e+01,
       3.4383255791718490e+01, -3.6372166696139043e+00,
       1.3047327725249064e+01, -9.1106190467911598e-03,
       -2.2846156901575404e+02, -2.5631506179930788e+01,
       -1.6340584105832431e+01, 1.6165076485131525e+01,
       3.6982114480733452e+00, -2.3033689231368695e+00,
       9.2876407949963713e-01, 3.3411277259216568e+01,
       1.5213895484712518e+02, -1.1848660452196520e+00,
       -8.2775112393491042e+01, 2.0219318904621051e+01,
       1.2469502392217882e+01, 8.8931644353066486e-01,
       -1.5013862574454064e+01, 9.0041464714200998e+01,
       1.1996850155603161e+01, -6.3782385653122859e+01,
       5.1994020992304577e+00, -2.8715048207375240e+00,
       -2.4213689893332004e+00, -1.6633393266000982e+02,
       7.4450406976062837e+01, 3.3899179134096570e+01,
       -4.9186181215011352e+01, -2.0319144817654244e+01,
       -3.3832700366099480e+00, -1.5703177590358859e+00,
       1.5669880151835275e+02, 1.2025378957804145e+01,
       -4.4503007075562422e+01, -6.1167764558945850e+00,
       -6.7014433963050193e+00, 1.2411884461021520e+01,
       -1.1512323977834260e-01, 2.9859542970552699e+01,
       -9.9996316492294540e+01, -1.0684801414788634e+01,
       6.8573828985538881e+01, -4.3802740830565368e+00,
       -1.5250927752602568e+00, 2.0840604457054246e+00,
       -8.4637482342977336e+01, 1.8531166264541184e+01,
       2.7948088140665774e+01, -1.7644999767421449e+01,
       1.6518550194326991e+01, -1.7139649488787047e+01,
       1.9807240349732813e+00, 1.1810038762536577e+02,
       9.6324843277087140e+01, 4.6393569168326920e+01,
       3.8755072293772642e+01, 9.1272379287153402e+00,
       -4.2072481703915727e+00, 6.6921784039357834e-02,
       -5.5201370426839418e+01, -8.4566228935207292e+01,
       1.3762205922604556e+01, 5.1419388391832364e+01,
       7.7764023721131430e+00, -3.5562224236511022e+00,
       1.7816742950538551e+00, -3.5347014131092891e+01,
       2.3593151215266552e+01, -4.7056114485558041e+01,
       -2.4682794597643327e+00, -7.4221013289670471e-02,
       -1.2234780285902282e-01, -2.9480350008889478e-01,
       -1.1689368187201880e+02, -6.4881000033572676e+01,
       4.8509555862075892e+01, 3.7586320814826927e+01,
       -1.2763176007977775e+00, -3.8798467887558226e+00,
       2.4259396812939369e+00, -3.5194793527066579e+01,
       -3.4432182087482090e+01, 3.2952313213497717e+01,
       4.6433846386573862e+01, 2.0436494324893829e+01,
       -6.2620355131502761e+00, -1.1790251302661236e+01,
       1.3705636178574926e+02, -1.3086179727582481e+01,
       2.5585269152112200e+01, -2.1228346330168479e+00,
       -7.3979826646802129e+00, 4.2649354025552748e+00,
       -1.5591874470299061e+00, -2.1139181293583505e+02,
       1.0669112569713971e+02, 4.7990750743619103e+01,
       -5.2394462519680019e+01, -2.1516405087810693e+01,
       2.9350511045070078e+01, -5.5759842030014282e+00,
       -2.0072634361492456e+02, -2.3775596360128983e+01,
       4.7623235560402890e+01, 2.5793484715915802e+01,
       -1.0058299600189942e+01, 1.1846136588122482e+01,
       -1.8092818066408807e+00, 6.1411501401250582e+01,
       -5.4648499143668865e+01, -1.7123237592667060e+01,
       3.4840503882798167e+01, 9.7599488360480340e+00,
       1.5594618399937639e+01, -2.3613534035419250e+00,
       8.2788464660508822e+01, 1.7594610887271358e+01,
       -2.2549329244958955e+01, -3.2409770154348891e+01,
       -2.5663612276334415e+01, -2.0122893093623297e+01,
       1.1397883443284051e+00, -5.0840239582624882e+00,
       4.2113592104359554e+01, 1.0854871601635029e+01,
       -2.3710471082141687e+01, 3.8066214517771876e+01,
       -7.5230119846910632e+00, 2.0745854505923687e+00 ]
