%YAML:1.0
means: !!opencv-matrix
   rows: 10
   cols: 14
   dt: d
   data: [ -1.1889158530814458e+02, -4.6974010473633363e+01,
       2.8642628433268602e+01, 2.7744199278942496e+01,
       -1.4915187656318583e+00, -7.7249461465914857e+00,
       1.8554442294803517e+00, -9.6160014385143433e-02,
       3.3831479873134912e-01, -1.1854687490572584e-01,
       -4.6606241875564560e-03, 6.5057451105882667e-04,
       7.8128531588278960e-04, -5.4973330396836618e-03,
       2.4365513792821602e+01, 1.2767577400505147e+02,
       -3.3894695038211289e+00, -7.5098907486994719e+01,
       6.1111855319715653e+00, 4.4981541717235380e+00,
       7.4226418930823312e-01, 1.8291351388550585e+00,
       1.5000023086339993e+00, 3.4475298342500371e-01,
       -6.6934186480650193e-02, -2.2855218378585184e-02,
       5.2240276578518954e-04, -7.1508393788025926e-03,
       3.2255891438465191e+01, -6.6778424913190770e+00,
       -3.5523185718028190e+00, 6.6432022517407940e+00,
       1.5119018013197048e+01, -1.8015475544737474e+00,
       1.0384377364481749e+00, 6.3612458600888888e-01,
       2.9880256063031546e-01, 2.9904949191853148e-04,
       1.7727413973644236e-02, 1.2703227728577741e-02,
       6.1314997238120757e-03, 4.9543281704804926e-03,
       -6.4006790613372104e+01, -7.1590497194086069e+00,
       1.6789563034959201e+01, 1.4734210919726792e+01,
       -9.2585269610991672e-01, 3.7943646100529937e+00,
       -1.8541207930729298e+00, -5.2605918384120010e-01,
       -6.6817828067616891e-01, 5.0722785984123497e-01,
       -2.1729441551577028e-01, 7.6948316424814062e-02,
       -7.2173075107248696e-03, 2.2135814004482682e-02,
       1.2872380980065140e+02, -2.0981982312876156e+01,
       -3.4402715163944556e+01, 1.7041414574423325e+01,
       -4.6026455676120008e+00, 1.0801420286138999e+01,
       -3.9016682785291307e-01, 8.2385864501522521e-01,
       4.4039514961946374e-01, -4.6222543247065845e-02,
       6.1851933104279902e-02, -1.5108083876607118e-02,
       -1.5550238731932078e-03, -8.5801597195344116e-03,
       1.2823424960541709e+02, -2.4157001783100991e+01,
       -2.8819514851071819e+01, 1.8464348054363533e+01,
       -6.4441415281819587e+00, 1.8508516563360043e+01,
       -7.5861192777533804e+00, 7.1471568729073454e-02,
       -3.9606241474726787e+00, 1.2523455187303916e+00,
       7.8479103303016329e-02, -1.0408617447505578e-02,
       -3.3131503530667239e-02, 1.1280263483487062e-02,
       -1.9354859631263398e+02, 8.2275163510198283e+01,
       4.1113045046917932e+01, -4.6080974823977044e+01,
       -2.1519734646684338e+01, 1.1257781656533348e+01,
       -2.4354150452877743e+00, 1.9455172011636472e+00,
       7.0841137346969441e-01, -2.1131568494127131e-02,
       3.3375965165406821e-02, 6.3064474819180599e-03,
       2.9480635118929572e-03, 4.4385300799262136e-03,
       6.4599898324985375e+01, 1.8852221909545094e+01,
       -1.4373458550992757e+01, -1.9765959608673743e+01,
       6.1710189749859152e+00, 9.9571676198586845e-01,
       -3.0670282373190334e+00, -2.9681250173011366e+00,
       -3.4706707798502490e+00, -6.8752281544219007e-01,
       -2.1374608545407070e-01, -3.4477010770544846e-02,
       -2.3170231339340527e-02, -1.5132290687467898e-02,
       8.1885192565627023e+01, 1.5394084982193055e+01,
       -2.4064454384891764e+01, -3.2255331232986826e+01,
       -2.6560191876655260e+01, -1.9670130523832949e+01,
       8.6183847631091581e-01, -2.3425529981337299e+00,
       2.1007893204288891e-01, -4.2082549376964103e-02,
       1.0591563046040381e-01, -5.0496394754474712e-03,
       6.5841683950572708e-04, 2.7979912818144803e-03,
       -2.0894525593437348e+02, 1.8138551598037518e+00,
       4.3136238286213661e+01, 4.7581484071402134e+00,
       -9.7904431539766481e+00, 8.9399653618324511e+00,
       -1.8456432992977667e+00, -2.1019907401967584e+00,
       -6.8846716984010015e-01, 2.2600312602333575e-01,
       -2.7771870132086273e-02, -6.3809227203157001e-02,
       2.4085376078521923e-03, -6.3723733001783784e-03 ]
covs: !!opencv-matrix
   rows: 140
   cols: 14
   dt: d
   data: [ 5.9275223327807453e+03, 7.8188205685025184e+02,
       2.8489210683027786e+03, -1.1584133468993639e+02,
       2.1532166356253262e+02, -9.7868508273184943e+01,
       4.9148417021250822e+01, -1.7898537883063785e+01,
       -7.9256479488593072e+00, 5.7435391307683279e+00,
       -9.0485811343226541e-01, 2.9143806120835941e-01,
       4.7311316534090944e-02, 1.2834023593539867e-01,
       7.8188205685025173e+02, 9.0038964928198948e+03,
       2.5921868713164077e+01, 4.0091149857953985e+02,
       3.8297328932831988e+02, -2.9783697157040979e+02,
       9.7879413019825620e+01, -5.4050861143271138e+00,
       -1.8016853511111012e+01, 1.0585353062687174e+01,
       -2.7467811170288109e-01, -6.0396370390709365e-02,
       2.6062974896739203e-02, 1.3519092300985991e-01,
       2.8489210683027786e+03, 2.5921868713164098e+01,
       2.5086055761434241e+03, -8.6492208681047785e+01,
       -7.8171654871416123e+01, 1.2752771116436904e+01,
       -1.1786535015073683e+01, 1.1936614417090611e+01,
       -8.4936973298546026e-01, 1.3542441681368109e+00,
       1.0688949594706329e-01, -1.0317705556218654e-01,
       -7.4696210605758803e-02, -3.1310193718321680e-02,
       -1.1584133468993639e+02, 4.0091149857953997e+02,
       -8.6492208681047742e+01, 2.2965380248567012e+03,
       -3.1224156830007792e+02, 1.5513175664100700e+02,
       -5.3694597342869422e+01, -1.7255596954560556e+01,
       1.3445087657299336e+01, -1.3405438631507631e+00,
       3.6320318722912376e-01, -1.1995484804358367e-01,
       3.8655306395665126e-02, 1.4963724720023722e-02,
       2.1532166356253265e+02, 3.8297328932831988e+02,
       -7.8171654871416123e+01, -3.1224156830007792e+02,
       1.8840563491513416e+02, -8.4099401616788782e+01,
       6.8869802867014167e+00, 2.0668018493407834e+00,
       -2.5395016997495317e+00, 1.7475765650746231e+00,
       -4.2554196349661955e-01, 4.2596288864091739e-02,
       -2.5677481464196185e-03, 1.8912850672538072e-02,
       -9.7868508273184943e+01, -2.9783697157040984e+02,
       1.2752771116436904e+01, 1.5513175664100703e+02,
       -8.4099401616788782e+01, 1.3738756502099375e+02,
       1.5377555798986920e+01, -1.0156861116814056e+01,
       -5.6138440876474793e-01, -1.4564813314242218e+00,
       2.6133419117046808e-02, 2.0066769856887082e-01,
       -1.0294854657893525e-02, 3.7029236055320198e-03,
       4.9148417021250829e+01, 9.7879413019825677e+01,
       -1.1786535015073683e+01, -5.3694597342869407e+01,
       6.8869802867014140e+00, 1.5377555798986920e+01,
       2.1601187062621850e+01, -1.0027484842690808e+00,
       -2.8467614020711731e+00, 5.6349151279544651e-01,
       5.0691185340661620e-03, 3.3082133383581395e-02,
       -2.4668069950930276e-02, 1.5002403161615583e-02,
       -1.7898537883063796e+01, -5.4050861143271156e+00,
       1.1936614417090617e+01, -1.7255596954560556e+01,
       2.0668018493407838e+00, -1.0156861116814058e+01,
       -1.0027484842690804e+00, 1.3467108939385305e+01,
       -2.3676850983113109e+00, 7.7682017493318567e-01,
       -1.0173098874767658e-01, -3.9125491879374724e-02,
       -4.6760616573296443e-03, 1.7743351270809699e-02,
       -7.9256479488593072e+00, -1.8016853511111016e+01,
       -8.4936973298546103e-01, 1.3445087657299338e+01,
       -2.5395016997495317e+00, -5.6138440876474771e-01,
       -2.8467614020711731e+00, -2.3676850983113109e+00,
       1.6406095277840089e+00, -2.5445414183541087e-01,
       -2.1977846532789124e-02, -5.7861036438550621e-03,
       -1.9116390878888900e-02, -8.0537908204952637e-03,
       5.7435391307683306e+00, 1.0585353062687174e+01,
       1.3542441681368103e+00, -1.3405438631507627e+00,
       1.7475765650746231e+00, -1.4564813314242218e+00,
       5.6349151279544640e-01, 7.7682017493318545e-01,
       -2.5445414183541093e-01, 4.2851844179943593e-01,
       -9.0712217841724448e-03, 4.7042274312700362e-03,
       -5.5257016699009585e-04, -1.2904965530028747e-02,
