%YAML:1.0
means: !!opencv-matrix
   rows: 22
   cols: 9
   dt: d
   data: [ 8.2651184972518450e+01, 5.3190784611577094e+01,
       -1.5521852090038838e+01, -3.6965711940306619e+01,
       8.4722042846492709e+00, -4.6705028804565645e+00,
       1.6209674831263142e-02, 1.5002313025263718e+00,
       1.4844549992445061e-01, 1.0251520646409215e+01,
       -4.5235460084334271e+01, 4.1870993488433322e-01,
       2.2944255227141532e+01, 5.4387701565475712e+00,
       -6.1629267402675636e-01, -2.7214525544676038e-01,
       7.6857681365051933e-01, 4.3810918720610820e-01,
       -3.0030971657996308e+00, 1.5384978076175341e+02,
       5.0214666677633346e+00, -8.6912500905129463e+01,
       1.6134787967305286e+01, 1.9018496527889702e+01,
       -1.5967750796274713e+00, 1.1968161266806301e+00,
       2.0459766926459855e+00, 3.5181469684749004e+01,
       1.0383970820365775e+02, -5.5024241179444378e+00,
       -5.1880412345943192e+01, 9.6552692618286429e+00,
       8.0131874380828911e+00, 1.5232709307446937e+00,
       4.2919028566660176e+00, 9.9820102848596937e-01,
       3.3816518944193753e+01, -9.6793805618429232e+01,
       -9.7709788322381304e+00, 6.9536201870550798e+01,
       -4.1568127450691925e+00, -1.4340700757375362e+00,
       2.0941349805557188e+00, -3.8535675251144097e-01,
       -8.2636901925494652e-02, -6.1345506308106906e+01,
       -8.1517950872075488e+01, 1.7808116651260100e+01,
       5.1275754719166535e+01, 7.0308813309421900e+00,
       -4.1805020843816072e+00, 2.0499582294989156e+00,
       -4.4409902545091767e-01, 1.5058990385746543e-01,
       -1.9715847631810919e+02, 8.7824437191748217e+01,
       4.1247402821166290e+01, -4.9501336160563021e+01,
       -2.3140440822101692e+01, 1.3830242416267277e+01,
       -3.1717895970412897e+00, 1.8523064353466316e+00,
       7.5776064836583368e-01, -1.0235193289388005e+02,
       2.8376404340400917e+01, 3.0973990155308893e+01,
       -2.2080294081338199e+01, 8.8310946786656199e+00,
       -1.6380590359181653e+01, 2.3409365786081016e+00,
       3.1721736113668081e-01, 8.9353038108898900e-02,
       1.5100089813317913e+02, 2.4228902794699150e+00,
       -4.1676594633207181e+01, 4.4747101321188412e+00,
       -5.8627152600672705e+00, 1.2450054513132851e+01,
       -7.3494422530966119e-01, 1.6719536532295511e+00,
       1.5192680484187424e-01, -2.1083076873226418e+00,
       4.3776112951379936e+01, 8.6664846754294462e+00,
       -3.5711087780463806e+01, 6.6478101890533825e+00,
       -9.1091628555457209e+00, -2.9639084143196146e+00,
       -2.2061451835084656e+00, -3.8433762852605700e+00,
       9.0944084956783485e+01, -5.6768430257287072e+01,
       -2.9330369156913051e+01, 3.6311343373677779e+01,
       -3.3023427071762854e+00, 1.0504990892511255e+01,
       -1.1755072650637780e-01, 5.9320258679094662e-01,
       5.1493320298523926e-01, -1.8634632843046481e+02,
       1.4321851913902245e+01, 3.5403371722541635e+01,
       -7.4443369334881044e+00, -3.6613076483556548e+00,
       2.9093478308259031e+00, -2.9927786564204983e+00,
       -6.6389877008526321e+00, -2.5712156205335348e+00,
       3.5651007499008998e+01, -1.4898590013988374e+01,
       6.7342244207959103e+00, 2.1534757235437098e+01,
       8.1081312396861982e+00, 4.3406274868987165e+00,
       -1.1026393108196343e+01, -6.4043923246861141e+00,
       -5.4087522737169369e+00, -1.8812890943010407e+02,
       -1.9375664932553370e+01, 4.3325118806462370e+01,
       1.3954382983872152e+01, -8.4472601781224004e+00,
       9.9755001883057060e-01, 5.6968916106027234e-01,
       8.2842987414942604e-01, 3.8607585749089507e-01,
       8.2147455824712253e+01, 1.6140502657556240e+01,
       -2.3478360174952357e+01, -3.2387436044309425e+01,
       -2.6363217857862246e+01, -1.9715036030691632e+01,
       9.6230585916693823e-01, -2.4140071859790528e+00,
       2.0499891405391396e-01, 6.7956832204929910e+01,
       2.4487244793576473e+01, -1.8872426646964673e+01,
       -3.1328100794390519e+01, -1.2888473152613740e+01,
       -1.8528024545059470e+01, 2.0121951520344914e+00,
       -9.1849593481473073e-03, 2.5400855464986721e-01,
       -1.4864624520663872e+02, -1.0364648605653626e+02,
       2.7437788930685656e+01, 6.6456895028848393e+01,
       -1.9756723406546094e+01, 6.9758936548104666e-01,
       -2.1927884338355624e-01, -1.4454139116980653e+00,
       1.0314868401035651e+00, 1.4036599164232533e+02,
       -5.6882179216401694e+00, -3.8500375602258437e+01,
       7.1584185588623637e+00, -1.5645695431654028e+01,
       2.1638503467651646e+00, 1.1911209979456199e+00,
       -1.7302863894909276e-01, 2.1503523966505819e-01,
       6.3193621096989496e+01, 1.5730383445640054e+01,
       -1.3238276737144972e+01, 1.7324043672017924e+00,
       1.5422743415904794e+01, 4.3363789254181428e+00,
       9.1969668048732967e-01, 1.5025536466917297e+00,
       3.2566513978354283e-01, -8.5049622736213006e+00,
       2.9134336772120651e+01, 1.2139341726015800e+01,
       -1.6748114010879998e+01, 3.6672368282650829e+01,
       -5.9975639543397437e+00, 1.3799455132135403e+00,
       5.8007454236983080e-01, 4.5463975737076628e-01,
       -1.4948623278796478e+02, -4.5442690994327855e+00,
       3.7869097656183143e+01, 1.4778811148154823e+01,
       -5.1930884112953324e+00, 2.0906665578988456e+01,
       -2.7699266967470748e-01, 2.4740944221768997e+00,
       9.0144868322999416e-01, 1.6096339151033143e+02,
       2.6614159350422245e+01, -4.3235522964157674e+01,
       -3.5408242135462203e+01, -9.7596227212465543e+00,
       1.3160563603117463e+01, 6.9316878476255983e-01,
       -3.7494118396435612e+00, -1.8414256092823491e+00 ]
