%YAML:1.0
means: !!opencv-matrix
   rows: 8
   cols: 8
   dt: d
   data: [ -1.8053474500337111e+02, 6.7625639226621800e+01,
       3.9487568435376424e+01, -4.0112436841616258e+01,
       -1.5388989228659744e+01, 4.3234945548012451e+00,
       -1.8732875983827841e+00, 4.1376542924141091e-01,
       1.4475008566206924e+02, -2.4368025678789160e+00,
       -3.9785170388022046e+01, 4.3350498493331395e+00,
       -5.7703395167680007e+00, 1.2455507899983738e+01,
       -3.3951095570477285e-01, 9.8356014628478894e-01,
       8.1622290949486342e+01, 1.5746648219786175e+01,
       -2.3868047749218302e+01, -3.2221492034060212e+01,
       -2.6421555878345128e+01, -1.9742120831728315e+01,
       9.4071951984623192e-01, -2.3165752805981756e+00,
       -5.7289899225717598e+01, -3.0644314434248599e+01,
       2.1543832335230682e+01, 1.9162070001690008e+01,
       1.7126044108532572e+01, -8.8155192483883429e+00,
       6.9269112252380327e-01, -1.0796095865196713e+00,
       3.2741876411445162e+01, 3.0481343385867032e+01,
       -2.6863975643346518e+00, -1.8579138707079967e+01,
       -5.9049335275879564e-02, 2.4317071612672159e+00,
       -2.1525381593087367e+00, 3.8731776600650408e-01,
       4.3919894216798085e+01, 1.7336698806423080e+01,
       -8.3680407434052402e+00, -5.8832476037591208e+00,
       1.8588861897928542e+01, 6.6145491916459509e-01,
       1.1293480633506121e+00, 1.1430139728553463e+00,
       3.5964682171669132e+01, -9.8368233530171381e+01,
       -1.1819553321381628e+01, 6.3712166784424184e+01,
       -4.1959235120791076e+00, 1.0929701429528398e-01,
       2.0434437870408182e+00, -3.4087075368694364e-01,
       -1.7493924970568204e+02, -5.5494746760479977e+01,
       3.5648714649257407e+01, 3.7642143961461521e+01,
       -1.2140014844866441e+01, 5.1106779656849577e+00,
       -9.3171821872333693e-02, -7.1695971407092374e-01 ]
covs: !!opencv-matrix
   rows: 64
   cols: 8
   dt: d
   data: [ 6.1650592877182953e+03, -1.6304962599703384e+02,
       3.0524764538391942e+03, 2.3686826125567191e+02,
       1.2492316132901288e+02, -4.1298658687345539e+02,
       1.1261599038348851e+02, -3.5747363862977515e+01,
       -1.6304962599703379e+02, 7.3128180370511818e+03,
       -4.8255498131908510e+01, 1.8370968937096691e+03,
       -3.4360928387978362e+02, 5.3491004395290065e+02,
       -9.6906575472380268e+01, 2.3023245344344481e+01,
       3.0524764538391942e+03, -4.8255498131908482e+01,
       2.4578141120972314e+03, 5.3968404102912245e+01,
       -4.4891072302667226e+01, 9.6940609969656194e+01,
       -2.1056236465116235e+01, 1.6497699320528813e+01,
       2.3686826125567191e+02, 1.8370968937096691e+03,
       5.3968404102912224e+01, 1.3406932960326249e+03,
       1.3419238443570154e+02, -1.6992082681777825e+02,
       3.5859870471495306e+01, -2.0529780045340186e+01,
       1.2492316132901287e+02, -3.4360928387978362e+02,
       -4.4891072302667212e+01, 1.3419238443570157e+02,
       1.5624083793789089e+02, -1.0088156966022011e+02,
       2.2817762934695832e+01, -1.7463721868982095e+01,
       -4.1298658687345539e+02, 5.3491004395290065e+02,
       9.6940609969656194e+01, -1.6992082681777825e+02,
       -1.0088156966022009e+02, 3.9312131396385331e+02,
       -2.4507297145287321e+01, 2.0436191009036467e+01,
       1.1261599038348847e+02, -9.6906575472380268e+01,
       -2.1056236465116235e+01, 3.5859870471495313e+01,
       2.2817762934695832e+01, -2.4507297145287328e+01,
       3.5189024888810252e+01, -2.9972986386264593e-02,
       -3.5747363862977515e+01, 2.3023245344344481e+01,
       1.6497699320528820e+01, -2.0529780045340178e+01,
       -1.7463721868982095e+01, 2.0436191009036467e+01,
       -2.9972986386264545e-02, 2.3028352579160366e+01,
       4.8277289602547207e+03, 3.0073827304366461e+02,
       2.8576797262361588e+03, -1.3902585504635530e+02,
       -1.6664835706319204e+02, -1.0518565903529131e+02,
       -6.1609231290677300e+01, -1.0232592556210166e+01,
       3.0073827304366461e+02, 6.6513369467934881e+03,
       -2.0237531222298932e+02, 1.7225634957435500e+03,
       -1.0111897473139925e+02, -7.4397328553892123e+01,
       2.7260378506595810e+01, -6.8348554845946140e+01,
       2.8576797262361588e+03, -2.0237531222298927e+02,
       2.5629696706245090e+03, 1.2057560267431106e+02,
       -8.1672987206246333e+01, 5.7446195107658006e+01,
       2.8496136772752600e+01, 5.0379197978799031e+00,
       -1.3902585504635525e+02, 1.7225634957435500e+03,
       1.2057560267431104e+02, 1.6051324349414924e+03,
       -1.6869874342308389e+01, -9.5457878334975732e+01,
       -9.3017414656609745e+00, 5.4103245014433917e+01,
       -1.6664835706319204e+02, -1.0111897473139925e+02,
       -8.1672987206246319e+01, -1.6869874342308385e+01,
       3.1973534214910927e+01, 2.0861620979887284e+01,
       -6.9756529564044376e+00, -2.4829055547893373e+00,
       -1.0518565903529131e+02, -7.4397328553892109e+01,
       5.7446195107657999e+01, -9.5457878334975717e+01,
       2.0861620979887284e+01, 5.7674323031058798e+01,
       1.1160668401229156e+01, -1.0141285336992146e+01,
       -6.1609231290677279e+01, 2.7260378506595814e+01,
       2.8496136772752592e+01, -9.3017414656609763e+00,
       -6.9756529564044385e+00, 1.1160668401229156e+01,
       2.3155756567137875e+01, -4.2404466744437466e+00,
       -1.0232592556210173e+01, -6.8348554845946126e+01,
       5.0379197978799031e+00, 5.4103245014433917e+01,
       -2.4829055547893373e+00, -1.0141285336992146e+01,
       -4.2404466744437466e+00, 1.7703853663306450e+01,
       4.0843011943281272e+03, 8.2388251825176113e+01,
       3.0773393093232821e+03, 1.4375011681751758e+02,
       -1.0487672895948715e+02, -2.2234817494667080e+01,
       -5.3153192583327396e+01, -5.3417930972332375e+00,
       8.2388251825176098e+01, 5.6007449050700407e+03,
       -5.0319081090329924e+01, 2.4687010826946616e+03,
       -4.1495594142756360e+01, -1.3314922004889291e+02,
       4.0255487004917590e+01, -2.5551030834433480e+01,
       3.0773393093232821e+03, -5.0319081090329938e+01,
       2.5746519705771379e+03, 2.8131035861712895e+01,
       -8.2326032176042375e+01, 5.0872173848234148e+01,
       1.6120958753745480e+01, -5.1074930857050287e+00,
       1.4375011681751764e+02, 2.4687010826946616e+03,
       2.8131035861712860e+01, 1.1711521443927847e+03,
       -6.0643079384592355e+01, -8.7217816359095863e+01,
       4.2905457262154858e+00, 1.6998919098082350e+01,
       -1.0487672895948717e+02, -4.1495594142756360e+01,
       -8.2326032176042403e+01, -6.0643079384592355e+01,
       3.5354010095313939e+01, 8.8753109575514646e+00,
       4.3265507812569446e+00, -1.5825248656603984e+01,
       -2.2234817494667059e+01, -1.3314922004889294e+02,
       5.0872173848234148e+01, -8.7217816359095863e+01,
       8.8753109575514628e+00, 8.2163108918410416e+01,
       2.6386735567584775e+01, -7.8123875061398156e+00,
       -5.3153192583327410e+01, 4.0255487004917605e+01,
       1.6120958753745480e+01, 4.2905457262154885e+00,
       4.3265507812569455e+00, 2.6386735567584775e+01,
       1.9964165857676267e+01, -2.5428145240041777e+00,
       -5.3417930972332375e+00, -2.5551030834433487e+01,
       -5.1074930857050260e+00, 1.6998919098082347e+01,
       -1.5825248656603984e+01, -7.8123875061398156e+00,
       -2.5428145240041777e+00, 1.3924765628285801e+01,
       6.5988652546392250e+03, 5.2877474138074638e+02,
       2.8391878972667382e+03, 2.7354624921875903e+01,
       2.6315583021272272e+02, 1.9364786012561891e+02,
       -3.5292524509880955e+01, -3.5498016761658832e+01,
       5.2877474138074615e+02, 8.4685232844875900e+03,
       -9.1626406227867847e+01, 8.1060384894181152e+02,
       2.8920630017229882e+02, -1.6982569958611305e+02,
       3.0059685306661112e+01, -5.2329495537675967e+01,
       2.8391878972667378e+03, -9.1626406227867946e+01,
       2.5744772515894147e+03, -8.1106401099209720e+01,
       -1.2633485935315575e+02, -3.4397645204730495e+01,
       -8.1897867282351324e+00, 3.5586509516625853e+00,
