%YAML:1.0
means: !!opencv-matrix
   rows: 26
   cols: 6
   dt: d
   data: [ -9.0402194172929711e+01, -2.0993488428583080e+00,
       3.2523580483116795e+01, 8.8981076640784735e+01,
       -4.0137259868126929e+00, -5.6234333365366647e+00,
       1.5319468773463865e+02, 1.0531363633211752e+01,
       -4.4920482364864611e+01, -3.5515870160105227e+00,
       -6.5168323644804467e+00, 1.2601313712924391e+01,
       6.1663508223758321e+01, -5.1123067589951482e+01,
       5.7754920701587572e+01, -1.9244924522157262e+01,
       2.1341150106483681e+01, -1.1582930128624009e+00,
       -2.1030857044466569e+02, 1.0274302882700300e+02,
       4.9259285401420094e+01, -4.9582395824071014e+01,
       -2.0471953224114714e+01, 2.9540385439740923e+01,
       -4.8119499412689315e+01, -1.2356337239592212e+02,
       5.2666142262995535e+01, 3.5054282027763307e+01,
       1.1429919686781218e+00, -2.0534965633601927e+00,
       2.0041559455932600e+01, 1.5206480967511229e+02,
       -1.2248998070637118e+00, -8.5195590022268007e+01,
       1.5645592989464017e+01, 1.4466261239150752e+01,
       7.0325813273279877e+01, 5.7748307223803138e+01,
       -2.8948842108860067e+01, 3.8463591789054135e+01,
       9.2047010142823282e+00, 8.0796440839375876e+00,
       -2.5029157663114600e+02, -2.2230377925544200e+00,
       -1.2806808970595442e+01, -1.7255909027391623e+00,
       -5.0107239836012196e+00, -1.5087977205919822e+00,
       7.8089645139091004e+01, 1.1739860746393939e+01,
       -2.7860429399351030e+01, -3.1682856511134471e+01,
       -2.9591386903784073e+01, -1.5485616831155758e+01,
       1.7217693843682531e+02, -1.3509617464188302e+01,
       4.0488460484554984e+01, 9.0298967993725199e-01,
       -6.8930852919567789e+00, 5.9315291994207113e+00,
       -1.4844287190854183e+02, 5.2023882086455359e+01,
       3.3283302710842690e+01, -4.9821316494608574e+01,
       -1.5364393807122164e+01, -7.2442060495998986e+00,
       7.2110946742142900e+01, 8.4249437100680424e+01,
       5.4863619847771382e+01, 3.8529180200147842e+01,
       1.8061996785966603e+01, -4.1799939049050305e+00,
       2.6561570800276588e+01, -1.0127841640426740e+02,
       -9.6696574553915937e+00, 6.8181843542650384e+01,
       -4.1295436528867242e+00, -1.5552933798518671e+00,
       -6.7721654954867844e+01, 7.1948133766459685e+00,
       -2.7481954450471132e+01, -4.3091736424394735e+00,
       1.7858091872315413e+01, -3.9389520018557200e+00,
       -1.3183818981996504e+02, -1.1535952799904781e+01,
       7.2614923560922236e+01, -4.6880738633459984e+00,
       -6.0771743430803546e+00, -3.5963861822875325e+00,
       1.4099642060742097e+01, 4.9432707472092680e+01,
       7.7726049753820348e-01, -4.1118482921370223e+01,
       7.5862257717267800e+00, -2.2918858764431626e+01,
       1.0655978522460541e+02, -4.5509510825373816e+01,
       -2.9384529005645788e+01, 3.5794642774679161e+01,
       -1.4082958747006553e+00, 1.4376934159751574e+01,
       8.2731362379308479e+01, 1.7934983990521889e+01,
       -2.2675441767847442e+01, -3.2297840516606087e+01,
       -2.5631239029869189e+01, -2.0192560573930184e+01,
       -1.5121879752832214e+02, -9.9933226757410694e+01,
       -3.4501344721215091e+01, 4.9131566568962803e+01,
       2.6645131709140286e+00, -1.6662161659240111e+00,
       1.3182710438544146e+02, 2.4728751740709853e+01,
       -4.6166902908775306e+01, -2.0270734340249653e+01,
       -1.1600369669900610e+01, 3.8599427895100674e-01,
       7.7305903837239768e+01, 4.9753790557213655e+01,
       -2.2678061367018191e+01, -3.7635835817522128e+01,
       9.8896761887056106e-01, -9.9750571825101186e+00,
       6.2796648736198399e+01, -8.0507621500503546e+01,
       -3.1884402637922115e+01, -1.8559041288731876e+01,
       1.1049641897333313e+01, 1.4780963048832795e+01,
       7.0915276262824563e+01, -6.1692188918538989e+01,
       -2.9849182652213333e+01, 3.8405945636716901e+01,
       -9.7972003368772906e+00, 6.3850733439595047e+00,
       -8.2754516417986608e+00, 3.2679702681273774e+01,
       6.5791281515885345e+00, -2.2005086743591999e+01,
       3.8522844739248697e+01, -4.2257998415819520e+00,
       -1.1135486453566283e+02, 1.0393798013212989e+02,
       3.8830986720420199e+01, 8.5713202294612785e+00,
       6.0323639899695554e+00, -1.0077201315943507e+01,
       -1.8821901061966904e+02, -1.0985193355670159e+01,
       4.1409340590826908e+01, 1.1933146397004093e+01,
       -7.1847185697120644e+00, 1.6300008001135112e+01 ]
