%YAML:1.0
means: !!opencv-matrix
   rows: 10
   cols: 16
   dt: d
   data: [ -1.1018263650486053e+02, -6.2247943303879850e+01,
       2.5116997219938618e+01, 3.8014465331045280e+01,
       1.5781421733255778e+00, -5.8762931985313802e+00,
       1.0706643302620842e+00, -5.4982444869858949e-01,
       4.9966862035992599e-01, -4.7293426552250897e-02,
       8.8923217614562927e-02, -1.2589719079883915e-02,
       -2.1285400452292972e-03, -8.2504894473675889e-03,
       -9.6945959540750744e-03, 1.7617442625528226e-03,
       1.3893093548429780e+01, 7.5743205234259676e+01,
       2.1615262254005452e+00, -4.6866629873772659e+01,
       1.6993826856061538e+01, -1.1666321663653909e+01,
       2.3712152773439259e+00, 1.3408494353165359e+00,
       6.0162044449599816e-01, 2.6293403589985836e-01,
       -2.6462555228192720e-02, 2.2499348049648726e-04,
       1.7627269687802692e-03, 2.5666367595454545e-04,
       -2.2627868460159142e-02, -4.8147770727030895e-04,
       5.9084388525887654e+01, -2.4521576280234520e+01,
       -1.2445969314411125e+01, 1.9580624014899151e+01,
       8.9934474947891445e+00, 3.8932686753124992e+00,
       5.4356521209428754e-01, 6.1439138499997781e-01,
       3.0844175916583966e-01, -7.9945696834059873e-02,
       7.3119978747610889e-03, 1.2417045539106133e-02,
       6.9115448176869480e-03, 4.4479778869862732e-03,
       1.7601003926055861e-02, -5.1670221204461349e-04,
       -7.3874064919012753e+01, -1.3616537689766513e+01,
       1.8922734564046753e+01, 1.4799569666598314e+01,
       -5.6177279263572855e+00, 3.2869669063221725e+00,
       2.0637076077542393e+00, 2.0252889062759434e+00,
       5.6152941816603386e-01, -8.1581266007723363e-02,
       -1.9604444171168206e-01, 2.5057645016615549e-02,
       6.4008863917162373e-03, 1.1995801744748690e-03,
       -3.2255400383939856e-02, -1.9711596184124945e-03,
       1.2042665295416023e+02, -2.3179270041893638e+01,
       -3.2997594629463549e+01, 1.3405774838349302e+01,
       -6.6644547446806870e+00, 1.4815074541130839e+01,
       -4.4465293005410906e+00, -6.1104504450303843e-01,
       -3.0883593659573636e+00, 9.6932551096660352e-02,
       7.2014794379451241e-02, -6.9929894648700530e-02,
       -2.2661587785179842e-02, -1.5057624154493880e-02,
       -1.0395551052286884e-02, -2.9113885206061185e-02,
       8.1844013288614633e+01, 1.5253624485951468e+01,
       -2.4131917380623271e+01, -3.2243207064781991e+01,
       -2.6492993250419715e+01, -1.9613185104606455e+01,
       8.6688846155245447e-01, -2.3348174935646409e+00,
       2.1093128569836511e-01, -4.3058163643479884e-02,
       1.0567638116817313e-01, -4.8107435016846445e-03,
       7.5279492210325485e-04, 2.9323749030088601e-03,
       1.5140637659728475e-02, 7.2890862758023039e-03,
       -1.8174060798411796e+02, 7.3737609681414597e+01,
       3.9673570531687318e+01, -4.3039400672058470e+01,
       -1.8140097727303527e+01, 8.3623095468127460e+00,
       -1.8142029854730628e+00, 1.7580407460773946e+00,
       7.1306166944329052e-01, -2.5534154013298362e-02,
       2.6302216141621811e-02, 4.4160803875160992e-03,
       4.2370291631674117e-03, 2.6810672840472788e-03,
       8.2548972816709094e-03, -9.7127725133603487e-03,
       -8.7282765305740639e+00, 5.9544047137034095e+00,
       9.5361503192417505e+00, -2.7184768941146196e+00,
       1.0285904294551029e+01, -1.7512085490463070e+00,
       -5.0266635833871796e+00, -3.1165596734677106e+00,
       -3.3932449027234055e+00, -3.5282575167108376e-01,
       -1.5778390093416139e-01, 5.4643309923542015e-02,
       -3.0962235598303654e-02, 2.9426570935578676e-03,
       -9.0652533290841910e-03, 9.3621846515267483e-03,
       1.5930593815265584e+02, 1.7601402938531688e+01,
       -4.3954497851147401e+01, -1.3235148490932618e+01,
       -6.3067311582803889e+00, 1.2491838953334279e+01,
       -1.1675832644761011e+00, 1.0761606632342767e-01,
       3.9929624144037285e-01, 2.0908477993508756e-01,
       6.4604173808952406e-02, -5.4203322218421342e-02,
       -9.0583070812178743e-03, -1.6116215369655108e-02,
       -3.1328933612059628e-02, 7.1230040881770252e-03,
       -1.9105693830670683e+02, 5.5336202076040086e+00,
       3.8754334981745679e+01, -1.4497653752637834e+00,
       -6.9200669689206427e+00, 4.5199425957698089e+00,
       -2.7869577641033159e+00, -4.6740364307165381e+00,
       -1.9018560647838514e+00, 7.0890281700729540e-01,
       -5.1375450970700440e-02, -7.5531071622108870e-02,
       -2.9922142762440298e-03, 6.9992483879806366e-04,
       1.6542326417171075e-02, 5.1024734875859158e-03 ]
