%YAML:1.0
means: !!opencv-matrix
   rows: 2
   cols: 12
   dt: d
   data: [ -1.0445678870348237e+02, -3.1968467414203754e+01,
       2.2310325386121772e+01, 2.8212983826836608e+00,
       -9.7761331898188377e+00, -7.4765623177586003e+00,
       -2.4243061332567155e+00, 2.5577392747287830e-01,
       7.8125590777740506e-01, 9.3857708008448018e-03,
       -4.5344327469778754e-02, -1.1745163392174572e-02,
       4.5148220475260977e+01, 1.3815002006225036e+01,
       -9.6448931423423616e+00, -1.2187932017386491e+00,
       4.2251446378429005e+00, 3.2281437265353992e+00,
       1.0475608075797098e+00, -1.1044558660016816e-01,
       -3.3629803638251315e-01, -1.3440516640575622e-03,
       1.9367605340654920e-02, 4.9299063361883666e-03 ]
covs: !!opencv-matrix
   rows: 24
   cols: 12
   dt: d
   data: [ 1.6081024328257616e+04, -1.5527919261757359e+03,
       6.2361867162833630e+02, -1.0494456657204442e+02,
       5.0190551110703763e+02, -4.4235074834369772e+02,
       -1.2440843569012769e+02, 2.6572911747190464e+01,
       1.8039523532868415e+02, -7.8524320033400574e+00,
       -4.5016457099105756e+00, -1.1336203670245020e+00,
       -1.5527919261757359e+03, 1.4725863615896014e+04,
       3.2101877504029557e+02, -6.5997063216600134e+02,
       2.7234262716438963e+02, 4.4566870658228675e+02,
       -2.0209243825270836e+01, 3.7794044911017814e+01,
       5.9598080005781945e+01, 3.0626992418346074e+01,
       6.0475920422229035e-01, 8.6957591193711326e-01,
       6.2361867162833630e+02, 3.2101877504029557e+02,
       3.1338457636071134e+03, 8.4306778894338166e+01,
       -1.7692326109431610e+02, 6.0810106985749094e+01,
       1.1354406509968374e+01, -5.0756015332905600e+00,
       -3.4953312291184652e+01, -3.5033540602179158e+00,
       1.3642001059007653e+00, 6.1936528746545028e-01,
       -1.0494456657204447e+02, -6.5997063216600134e+02,
       8.4306778894338137e+01, 3.0284914108060411e+03,
       -8.5389481658101758e+01, -1.2312030637249013e+02,
       6.1268290853828340e+00, -2.0838214578887719e+01,
       -1.6523034235444488e+01, -3.1552397259896430e+00,
       -1.0367288588237973e+00, -3.3187934192660928e-01,
       5.0190551110703768e+02, 2.7234262716438963e+02,
       -1.7692326109431610e+02, -8.5389481658101744e+01,
       3.0410579530998479e+02, 4.1263684891117611e+00,
       -8.6153339500002186e+00, 1.8262748764019868e+01,
       2.2145855493365584e+01, -2.1830169334291236e+00,
       -1.0986951396349243e+00, -2.5030373067543049e-01,
       -4.4235074834369772e+02, 4.4566870658228675e+02,
       6.0810106985749073e+01, -1.2312030637249009e+02,
       4.1263684891117594e+00, 2.5577456029243956e+02,
       -4.5715189437039685e+00, 7.9356753594680321e-02,
       -2.5879237137618172e-01, 4.5470394413050732e+00,
       -2.4934081118599122e-01, 2.6402298726511586e-01,
       -1.2440843569012766e+02, -2.0209243825270836e+01,
       1.1354406509968369e+01, 6.1268290853828358e+00,
       -8.6153339500002168e+00, -4.5715189437039685e+00,
       3.8403220994660842e+01, -1.5923392182069035e-01,
       -5.2322057351623235e+00, -3.1356646441631059e-01,
       -7.3730207688168209e-02, -1.6361117359050145e-01,
       2.6572911747190464e+01, 3.7794044911017799e+01,
       -5.0756015332905600e+00, -2.0838214578887719e+01,
       1.8262748764019868e+01, 7.9356753594680196e-02,
       -1.5923392182069052e-01, 1.8659148469770823e+01,
       1.8301676421100050e+00, -1.2917914050957888e+00,
       3.8305562047649198e-02, 1.1284106929139621e-02,
       1.8039523532868415e+02, 5.9598080005781931e+01,
       -3.4953312291184652e+01, -1.6523034235444488e+01,
       2.2145855493365588e+01, -2.5879237137618155e-01,
       -5.2322057351623235e+00, 1.8301676421100050e+00,
       1.2809763309735379e+01, -7.0862050020865291e-02,
       -6.7046072106284093e-03, -2.7907262930036963e-02,
       -7.8524320033400556e+00, 3.0626992418346074e+01,
       -3.5033540602179158e+00, -3.1552397259896430e+00,
       -2.1830169334291236e+00, 4.5470394413050723e+00,
       -3.1356646441631059e-01, -1.2917914050957888e+00,
       -7.0862050020865291e-02, 2.7309820307356016e+00,
       -4.3307981706496482e-02, 1.0117852591758803e-03,
       -4.5016457099105764e+00, 6.0475920422229024e-01,
       1.3642001059007653e+00, -1.0367288588237973e+00,
       -1.0986951396349240e+00, -2.4934081118599119e-01,
       -7.3730207688168223e-02, 3.8305562047649171e-02,
       -6.7046072106284093e-03, -4.3307981706496482e-02,
       4.6778217062822515e-02, 1.4752423827734734e-03,
       -1.1336203670245020e+00, 8.6957591193711326e-01,
       6.1936528746545028e-01, -3.3187934192660928e-01,
       -2.5030373067543049e-01, 2.6402298726511586e-01,
       -1.6361117359050145e-01, 1.1284106929139621e-02,
       -2.7907262930036963e-02, 1.0117852591758803e-03,
       1.4752423827734747e-03, 1.4991095462602981e-02,
       1.1553783318016129e+04, -1.3959198829736142e+03,
       1.1732051895137295e+03, 2.2776685849533123e+02,
       -8.4908494846731219e+02, -2.9211074940659296e+02,
       -1.0297928945074335e+02, 5.0489417099035361e+00,
       -2.7516122920675738e+01, 3.8776312640338166e+00,
       -9.7590568917872655e-01, -2.6280745300099845e-01,
       -1.3959198829736142e+03, 1.0865158764109190e+04,
       3.0276943146271361e+02, 3.4108325240112697e+02,
       -3.1117055297334656e+02, -3.4053479972498309e+02,
       -3.9235593879482991e+01, -1.1275169382433875e+01,
       -1.0318550709563882e+01, -1.3090548254099941e+01,
       -1.1555394692297405e+00, -6.0625844417791641e-01,
       1.1732051895137295e+03, 3.0276943146271367e+02,
       3.0521573019338698e+03, -7.5401527939644382e+01,
       2.1149699851010649e+02, 7.6949452647763309e+01,
       2.8573759001701745e+01, -1.3379726174659436e+00,
       4.3306569225721248e+00, 1.4100685875989216e+00,
       3.4425144751550542e-02, -1.0686028202379876e-01,
       2.2776685849533123e+02, 3.4108325240112697e+02,
       -7.5401527939644438e+01, 2.7878870779150916e+03,
       5.3979150581689375e+01, 6.6268097660774643e+01,
       1.5848832520721055e+00, 8.5602590357048012e+00,
       5.7797150533251980e+00, 1.3508100795409808e+00,
       5.2696170334831705e-01, 1.6374940127704066e-01,
       -8.4908494846731219e+02, -3.1117055297334656e+02,
       2.1149699851010649e+02, 5.3979150581689375e+01,
       4.5391831269435454e+02, -4.7015554903136312e+01,
       -1.0946304417690857e+01, -6.3462815842243074e+00,
       -4.8500174512807570e+00, 9.8901112116113998e-01,
       2.0145113154314340e-01, 3.7725952954312893e-02,
       -2.9211074940659290e+02, -3.4053479972498303e+02,
       7.6949452647763309e+01, 6.6268097660774657e+01,
       -4.7015554903136312e+01, 2.1557473485251890e+02,
       -9.2401782786344047e+00, 1.1488019676790973e+00,
       3.7221633610057956e+00, -1.9306784062664055e+00,
       -1.0128104502796567e-01, -1.6798675244086600e-01,
       -1.0297928945074335e+02, -3.9235593879482984e+01,
       2.8573759001701749e+01, 1.5848832520721072e+00,
       -1.0946304417690859e+01, -9.2401782786344029e+00,
       2.3603904967757504e+01, 4.5255542953219596e-01,
       3.4324852526125933e+00, 1.4674566187189653e-01,
       -3.5937885371029182e-02, 5.3241029412897378e-02,
       5.0489417099035396e+00, -1.1275169382433875e+01,
       -1.3379726174659430e+00, 8.5602590357048047e+00,
       -6.3462815842243101e+00, 1.1488019676790968e+00,
       4.5255542953219602e-01, 1.4744077283812596e+01,
       -9.1444329234722654e-01, 5.5717829151760778e-01,
       -9.4122300265874967e-03, -3.0402304366627620e-03,
       -2.7516122920675738e+01, -1.0318550709563878e+01,
       4.3306569225721230e+00, 5.7797150533251980e+00,
       -4.8500174512807561e+00, 3.7221633610057960e+00,
       3.4324852526125933e+00, -9.1444329234722654e-01,
       1.2860399338459920e+00, 2.7006126865098547e-02,
       2.4717347450991599e-02, 1.7681122087494398e-02,
       3.8776312640338175e+00, -1.3090548254099938e+01,
       1.4100685875989212e+00, 1.3508100795409803e+00,
