%YAML:1.0
means: !!opencv-matrix
   rows: 11
   cols: 12
   dt: d
   data: [ 1.3563038395818051e+01, 1.0299137973601417e+02,
       2.7467441003648614e+00, -6.4636214331474378e+01,
       8.7201110827433812e+00, -5.0043986088348840e+00,
       1.5940520269010023e+00, 7.3908178279612324e-01,
       1.2711943691371526e+00, 7.0739554058276177e-01,
       3.5024767061600311e-03, -4.2205508359227470e-02,
       -1.3198994895261927e+02, 3.1686016623619526e+00,
       3.3615998059901557e+01, -6.2113666948185449e+00,
       3.8369024226252062e+00, -1.2959406364810832e+01,
       1.0471598489424601e+00, -1.5357402927397166e+00,
       -6.6414495873769785e-01, 2.7087188701192971e-01,
       -3.3617954330262156e-02, -2.2250593079432515e-02,
       5.0852941876555931e+01, 1.3461071170269211e+01,
       -5.4359956508863103e+00, -8.7746451928852931e+00,
       6.9409509346027756e+00, 1.5793042789630745e+00,
       -5.5667699404803201e+00, -4.0289637322247929e+00,
       -4.3887204197013556e+00, -1.4166509039511069e-01,
       -1.3886349194869674e-01, -4.0723042843807799e-03,
       8.1734907320154718e+01, 1.5312743831980420e+01,
       -2.4055322659964855e+01, -3.2324907184104319e+01,
       -2.6519234069191516e+01, -1.9655831932421854e+01,
       8.8939160179342369e-01, -2.3361032187731543e+00,
       2.0298740759244643e-01, -3.9951708249752735e-02,
       1.0576772972277124e-01, -4.8127510648924808e-03,
       -3.6869394769197392e+01, 5.0917169598312007e+01,
       4.8705895879407661e+00, -1.9066506290063156e+01,
       -2.8244350457869971e+00, 1.2834732645816258e+01,
       1.3502775808560047e-01, 2.6359947150493275e+00,
       9.9942041750029198e-01, -9.3326581281798944e-03,
       -2.4726891858163286e-01, 4.0979041608202232e-02,
       -1.7836318937672181e+02, -6.2363718972209995e+01,
       3.6331508573121106e+01, 4.2461361838879384e+01,
       -1.4413533396640876e+01, 5.8834502926879608e+00,
       -8.0679245896677676e-01, -1.2304624065566967e+00,
       2.9185390309757214e-01, -1.8706599892058892e-01,
       2.9681269983174836e-02, -2.5845608563678981e-02,
       4.1896607295963342e+01, 2.8863896532058728e+01,
       -3.2907996664313277e+00, -1.7465154106985121e+00,
       1.4237565545809314e+01, 3.4809438100631294e+00,
       4.2695658506460976e+00, -1.4698364348386117e-01,
       4.0320181284233484e-03, 5.7619424530764275e-02,
       2.0692300668226381e-02, 3.8232183063019655e-02,
       1.4501783996041192e+02, -8.0173174218476273e+00,
       -3.8470029638634514e+01, 7.2149139215778835e+00,
       -5.2402311658620482e+00, 1.2848710346143488e+01,
       -9.1793511200483413e-01, 1.3840717520472634e+00,
       2.3055388976978922e-01, -4.8233391731456542e-02,
       6.9668241718736645e-02, -2.2951270423068056e-02,
       4.1986356422955431e+01, -1.5241313988546237e+01,
       -9.0541696306916162e+00, 9.5652695217441852e-02,
       1.7097144944558000e+01, -4.2482760472862848e+00,
       -2.3152377161712479e+00, 1.5211946032141206e+00,
       6.8979340976666759e-01, -1.3427914549416929e-02,
       3.8029366399558902e-02, -4.9319935196921790e-03,
       -8.6796290766470658e+00, -9.0847117304291729e+01,
       1.6088000783969540e+00, 5.8664999404356834e+01,
       -1.5414339355869009e+00, -1.6242933778178481e+00,
       2.0143293955356394e+00, -2.2320307824715954e-01,
       1.0776534827285265e-01, -6.7075566618781307e-02,
       -3.1258302354692825e-02, 4.5394617362591480e-04,
       -1.9450296788698034e+02, 6.8691884442920582e+01,
       4.2556629420962288e+01, -3.9134602535234876e+01,
       -1.9454967444613050e+01, 8.3091717105499914e+00,
       -1.4943323963233146e+00, 1.7423613662294037e+00,
       7.7563223358722699e-01, -3.7416425638609661e-02,
       2.7429026887220969e-02, 3.4380916708236062e-03 ]
covs: !!opencv-matrix
   rows: 132
   cols: 12
   dt: d
   data: [ 4.4818124696863761e+03, -1.1006080671121124e+02,
       2.9666811027801295e+03, 2.7905290951616018e+02,
       -4.7610896022436307e+01, -2.4333038416207077e+02,
       8.8702026632752784e-01, -1.4363002317654077e+01,
       -7.0674367596480918e+00, -1.6909650223662020e+01,
       1.0203599005038777e-01, 5.1820294042938031e-01,
       -1.1006080671121128e+02, 7.4585753339815583e+03,
       1.3108188063826552e+02, 1.8335813390102358e+03,
       9.1200152282875104e+02, 7.9656199000673030e+02,
       -8.8994669505042168e+01, -3.2191535589267531e+01,
       3.9840026896337911e+01, 3.0812626349514876e+01,
       2.7821241113291545e-01, -2.6217048200872530e+00,
       2.9666811027801300e+03, 1.3108188063826560e+02,
       2.4561954622273975e+03, -4.5436200174887261e+01,
       2.7630979476126544e+02, 1.2471859032828007e+02,
       -8.5227892445642528e+00, -5.6170249850196452e+00,
       2.1639028590353528e+00, -3.7026856954969203e+00,
       1.4918695410955474e+00, -8.6018745502564789e-02,
       2.7905290951616035e+02, 1.8335813390102358e+03,
       -4.5436200174887247e+01, 1.3065488030161491e+03,
       -3.3221123501993281e+02, -2.3041884375993092e+02,
       2.7790624439208507e+01, -1.9224411994699711e+01,
       -1.9837778867327337e+01, -3.6581849125510413e+00,
       -1.1663062411003386e+00, 9.4974628518291138e-02,
       -4.7610896022436336e+01, 9.1200152282875092e+02,
       2.7630979476126544e+02, -3.3221123501993281e+02,
       8.5144168779152153e+02, 2.5494002764419591e+02,
       -2.9432151492710879e+01, 1.0956932499984680e+01,
       2.0722448747817072e+01, 1.4150201852364482e+01,
       1.9665316525580310e+00, -9.6003928926220305e-01,
       -2.4333038416207077e+02, 7.9656199000673030e+02,
       1.2471859032828010e+02, -2.3041884375993098e+02,
       2.5494002764419591e+02, 4.5396600892863461e+02,
       -1.9999655114335507e+01, -1.0364430027057852e+01,
       1.6840921488752898e+01, 9.3446762234767746e+00,
       7.8643977306729695e-01, -5.9636110932450492e-01,
       8.8702026632752784e-01, -8.8994669505042197e+01,
       -8.5227892445642546e+00, 2.7790624439208507e+01,
       -2.9432151492710876e+01, -1.9999655114335496e+01,
       2.2726232475115737e+01, -2.6116566580851912e+00,
       -4.5541624048031943e+00, -8.2783304448368689e-01,
       5.6465706776442644e-02, 1.1207371027880184e-01,
       -1.4363002317654074e+01, -3.2191535589267531e+01,
       -5.6170249850196443e+00, -1.9224411994699711e+01,
       1.0956932499984680e+01, -1.0364430027057853e+01,
       -2.6116566580851908e+00, 1.1454664728600408e+01,
       -1.2325642976315858e+00, 1.0873510147271273e+00,
       5.9095797498742754e-02, -5.5699907784523744e-02,
       -7.0674367596480963e+00, 3.9840026896337911e+01,
       2.1639028590353528e+00, -1.9837778867327337e+01,
       2.0722448747817072e+01, 1.6840921488752905e+01,
       -4.5541624048031943e+00, -1.2325642976315860e+00,
       2.4835672001995044e+00, 3.9496219098678881e-01,
       -8.6056175397996402e-03, -4.8007643250386374e-02,
       -1.6909650223662016e+01, 3.0812626349514876e+01,
       -3.7026856954969203e+00, -3.6581849125510413e+00,
       1.4150201852364482e+01, 9.3446762234767782e+00,
       -8.2783304448368689e-01, 1.0873510147271273e+00,
       3.9496219098678892e-01, 8.3723036290610586e-01,
       2.5440652754425964e-02, -3.4915968951505311e-02,
       1.0203599005038777e-01, 2.7821241113291567e-01,
       1.4918695410955474e+00, -1.1663062411003389e+00,
       1.9665316525580310e+00, 7.8643977306729695e-01,
       5.6465706776442644e-02, 5.9095797498742754e-02,
       -8.6056175397996384e-03, 2.5440652754425964e-02,
       9.9515190305171988e-03, -7.4524668336060711e-04,
       5.1820294042938042e-01, -2.6217048200872530e+00,
       -8.6018745502564803e-02, 9.4974628518291082e-02,
       -9.6003928926220305e-01, -5.9636110932450492e-01,
       1.1207371027880184e-01, -5.5699907784523765e-02,
       -4.8007643250386374e-02, -3.4915968951505311e-02,
       -7.4524668336060711e-04, 3.3362881700281671e-03,
       6.1385352963650485e+03, -4.6669745843090467e+01,
       3.0375871471065216e+03, 1.9483070085084631e+02,
