%YAML:1.0
means: !!opencv-matrix
   rows: 5
   cols: 3
   dt: d
   data: [ -1.7946447575622290e+02, 1.7284472897336855e+01,
       3.8067769389833984e+01, 8.4914181529845578e+01,
       -6.2471967258166616e+00, 5.1589494253656255e+01,
       1.0413018043075819e+02, 4.3811111657541177e+00,
       -3.5928188611903010e+01, -5.6791409324743626e+01,
       -4.7250136147876134e+01, -8.3285583137752557e+00,
       -2.1982541909813420e+01, 2.3198316525622310e+01,
       -5.4304772750171260e+01 ]
covs: !!opencv-matrix
   rows: 15
   cols: 3
   dt: d
   data: [ 5.5648882777586414e+03, -1.2056886252429219e+03,
       2.5999950662444689e+03, -1.2056886252429219e+03,
       1.1060476022975678e+04, -8.9956432743646914e+01,
       2.5999950662444689e+03, -8.9956432743646857e+01,
       2.1341973435711657e+03, 9.2047957485671595e+03,
       9.6862941572044815e+02, -1.5284315876084067e+03,
       9.6862941572044792e+02, 9.9107243437943689e+03,
       -1.4351169246616377e+02, -1.5284315876084067e+03,
       -1.4351169246616377e+02, 9.4571728417448264e+02,
       3.8759380350975480e+03, 3.8303762181964709e+02,
       1.4823332748451471e+03, 3.8303762181964709e+02,
       6.7804510692717349e+03, -7.3186473774305284e+01,
       1.4823332748451471e+03, -7.3186473774305313e+01,
       1.9647039606460178e+03, 1.4160517343719959e+04,
       8.8499920642972791e+02, 1.5001313029661096e+03,
       8.8499920642972791e+02, 8.3578660006059108e+03,
       5.5294191422728977e+02, 1.5001313029661096e+03,
       5.5294191422728989e+02, 9.2136997246660917e+02,
       4.6584906421915284e+03, 1.0166193551320069e+02,
       -4.7352342573099236e+02, 1.0166193551320073e+02,
       1.0066528852281201e+04, 9.2855309792089167e+02,
       -4.7352342573099230e+02, 9.2855309792089179e+02,
       1.3168928446115704e+03 ]
weights: !!opencv-matrix
   rows: 1
   cols: 5
   dt: d
   data: [ 1.7142486003256899e-01, 2.6220259833642184e-01,
       2.0748095204550757e-01, 1.4986255680470495e-01,
       2.0902903278077467e-01 ]
pca_proj: !!opencv-matrix
   rows: 3
   cols: 21
   dt: f
   data: [ 4.36961316e-02, 8.50134730e-01, 1.73015636e-04,
       6.54514134e-02, 4.60692108e-01, 2.29939164e-04, 7.67599978e-03,
       1.46649793e-01, -1.37564148e-05, 1.21663406e-03, 1.30500361e-01,
       -5.45994153e-05, 8.06188770e-03, 1.42052382e-01, -2.12945142e-05,
       -2.45414903e-05, 9.56867734e-06, -1.94090262e-06, 3.13729906e-05,
       4.34020360e-04, 2.32224409e-07, 7.68702388e-01, -5.10314330e-02,
       1.14127281e-04, 4.21110362e-01, -3.83849256e-02, 4.02935693e-05,
       2.81941950e-01, -1.35209868e-02, 1.95932400e-04, 2.66951323e-01,
       -4.70317341e-03, 2.29704310e-04, 2.76557714e-01, -1.55316098e-02,
       2.11025646e-04, -3.74769334e-05, 5.54774260e-06, -7.89335627e-06,
       8.86836962e-04, -5.85095040e-05, 1.91629806e-04, 1.28585771e-02,
       -3.46314937e-01, -1.22481215e-04, -4.01510373e-02, 1.58088982e-01,
       -1.45607672e-04, 1.89476740e-02, 5.27356327e-01, 2.33430081e-04,
       1.79703757e-02, 5.36674440e-01, 2.90960423e-04, 1.17339585e-02,
       5.35117626e-01, 2.47836346e-04, -7.02231409e-06, -3.17391914e-06,
       2.59759432e-08, 1.54912759e-05, 1.72088097e-03, 2.08691781e-04 ]
pca_mean: !!opencv-matrix
   rows: 1
   cols: 21
   dt: f
   data: [ 2.07625534e+02, 2.55653595e+02, 1.54502928e+00,
       2.18915131e+02, 2.60592743e+02, 1.67241716e+00, 2.65274475e+02,
       2.24016678e+02, 1.71669352e+00, 3.19420807e+02, 1.63929108e+02,
       1.75046074e+00, 3.16613464e+02, 2.25532654e+02, 1.70717156e+00,
       1.08872897e-04, -9.74175637e-05, 6.24380555e-05, -2.17504916e-04,
       -2.50119597e-01, 1.75055194e+00 ]
gamma: !!opencv-matrix
   rows: 5
   cols: 1
   dt: d
   data: [ 9.2954405478305291e-01, 8.4786524879815806e-01,
       9.1036119583736674e-01, 8.8574802415752873e-01,
       8.7293233195102116e-01 ]
