%YAML:1.0
means: !!opencv-matrix
   rows: 19
   cols: 7
   dt: d
   data: [ 3.0849678012122094e+01, 1.2423973855222745e+02,
       -2.6521946326258494e+01, -5.2608140537605912e+01,
       -8.7539865052126782e+00, 1.2809447129810694e+00,
       2.2573970363270290e+00, -3.3225858919196128e+01,
       4.0098611636942580e+00, -3.9859854913515576e+01,
       7.0197255643790220e+00, 1.7676277594141322e+01,
       4.3884095652629984e+00, 1.7005425860673529e+00,
       5.3833502663840607e+00, -1.6766911482218424e+02,
       1.5902177246828217e+01, 6.0585942388750723e+01,
       1.8514530718929151e+01, -9.4964258077677108e+00,
       -8.9690736822933248e-01, 7.9881205979359663e+01,
       -1.2657337047140048e+02, -1.3071879807945992e+01,
       -1.1772416832071638e+01, 1.4293572575703307e+01,
       6.8931971674594532e+00, -3.1351351859128140e-01,
       9.9236267868215890e+01, -4.6604872078928345e+01,
       -2.1728434923057875e+01, 3.6635384878151086e+01,
       -2.7227492366240156e+01, 2.3895124075096085e+01,
       1.2423328121645976e+00, 1.1153462296247520e+02,
       4.4707464458843326e+01, -3.9173313720262193e+01,
       -6.3252738458789937e+00, -6.6133364331866842e+00,
       -1.3379715008477488e+01, -3.3535586243624422e+00,
       -1.2486422392363946e+02, 1.2090661929004754e+02,
       1.0113676900521062e+01, -5.4562659131690410e+01,
       -1.5623162844167211e+01, -8.9222847252370163e-01,
       5.5812593144096245e-01, 2.3711185661502623e+02,
       1.0025596421039431e+01, -1.1892779098858943e+01,
       4.0752841948922098e+00, -1.0875558449036401e+01,
       -7.2875950409650496e+00, 1.1385977206010272e+00,
       -1.4207658342746214e+01, 9.1548470046085399e+01,
       -5.4604312851949217e+00, -4.0144653963417284e+01,
       1.3070465408412415e+01, -1.6381744779959448e+00,
       -3.4477290904165964e-01, -2.0504176359801500e+02,
       -4.6060921694930670e+01, -2.1988673983010014e+00,
       2.4009514424706598e+01, -1.1487955557569691e+00,
       8.7613464209602778e+00, 4.9554530624690163e-01,
       1.2352975946068418e+02, -3.1553149296270611e+01,
       -5.3638804849009944e+01, 3.7869321910901533e+01,
       -1.7954781442896863e+01, 2.7160976611581038e+00,
       4.1189991839865148e-01, -1.0568688616750006e+00,
       -3.7885852635664165e+01, 1.1138423507472140e+01,
       1.0644927812497635e+01, 3.8853236438757186e+01,
       -1.9963232628464400e+00, 1.3931031129224705e+00,
       -2.0403601677313182e+02, 3.6753384256888282e+01,
       1.2646053071751307e+01, -2.2996852102607036e+01,
       -2.7973155073550307e+00, -3.6547741672547067e+00,
       7.3102914298379551e-01, -9.8596821837495568e+01,
       -4.1380476018648586e+01, 7.6578762084000189e+01,
       7.2997885765086701e-01, -2.8971255824352835e+00,
       7.4539559159212523e+00, 1.0497820131941728e-01,
       -1.6740967381482693e+02, -1.1344193753781970e+02,
       4.8673152386660490e+01, 4.0198423112645990e+01,
       -3.3118854136205861e+01, -2.5921886318758003e+00,
       -3.7168038296434789e+00, 7.4190956750447398e+01,
       2.6281045197881965e+00, 5.7121537969904832e+00,
       6.1854144891803372e+01, 1.5688955203511121e+01,
       2.3934319179171206e+00, -2.6383192945963010e-03,
       -7.5992318011449910e+01, 4.4865005405110630e+01,
       8.4081310530103181e+01, -4.4492035448770849e+01,
       -7.7063407677146212e-01, -9.8860590659841074e-01,
       1.0161085513834647e-03, 8.8456821294127437e+01,
       7.5371483128418246e+00, 4.5789785660929034e+01,
       -1.6260079593257700e+01, 1.2399909861991551e+01,
       4.5571474660279163e+00, 1.1074294727888525e+00,
       2.3262537558466171e+01, 2.0834283614604203e+00,
       -1.1034242467170550e+01, -3.6908197675221479e+00,
       -9.6762209192968509e+00, -8.8918707965654509e+00,
       -1.1488337301462910e+00 ]
covs: !!opencv-matrix
   rows: 133
   cols: 7
   dt: d
   data: [ 7.1152384331802778e+03, -8.5811530862595043e+02,
       2.6021860500627740e+03, -5.5658832602587859e+02,
       4.9349596222426769e+01, -6.1544259263501502e+01,
       -1.1924932127401659e+01, -8.5811530862595032e+02,
       6.5236901957862528e+03, 8.4574679766531813e+02,
       2.4697657569273629e+03, 1.4561121191006498e+01,
       3.6100763665463710e+01, -9.8863053892229345e+01,
       2.6021860500627740e+03, 8.4574679766531779e+02,
       2.6027639167901007e+03, -1.7507990041308821e+02,
       -1.2026651162849724e+02, -5.2369925720848194e+01,
       1.6983979732176380e+01, -5.5658832602587859e+02,
       2.4697657569273629e+03, -1.7507990041308821e+02,
       1.7458280795043788e+03, 7.0217476755162650e+01,
       -1.2971006605056306e+02, 3.5336774620972783e+01,
       4.9349596222426769e+01, 1.4561121191006492e+01,
       -1.2026651162849724e+02, 7.0217476755162650e+01,
       4.7837420059187217e+01, -8.0463170433736639e+00,
       -5.8497747468973262e+00, -6.1544259263501502e+01,
       3.6100763665463717e+01, -5.2369925720848194e+01,
       -1.2971006605056306e+02, -8.0463170433736639e+00,
       4.2397573601125018e+01, -2.0508708865510194e+01,
       -1.1924932127401664e+01, -9.8863053892229345e+01,
       1.6983979732176376e+01, 3.5336774620972790e+01,
       -5.8497747468973262e+00, -2.0508708865510194e+01,
       1.9338963060175349e+01, 4.4543625349566928e+03,
       -2.0615195525809466e+02, 6.4389389144479964e+01,
       -3.3571198751205338e+02, -4.6340291513859427e+02,
       -3.9223886459262843e+02, 4.1729656741275697e+01,
       -2.0615195525809457e+02, 6.8758424675461101e+03,
       4.9680609627041775e+02, 1.7441259110632257e+03,
       2.0253849802044724e+02, -3.6103986612704512e+02,
       -7.3858197486317223e+01, 6.4389389144479964e+01,
       4.9680609627041758e+02, 1.2881600727771740e+03,
       4.0846288603622492e+02, 4.0387787995099778e+01,
       9.5606180039448972e+01, 3.3037557235958360e+01,
       -3.3571198751205350e+02, 1.7441259110632257e+03,
       4.0846288603622492e+02, 1.8925149133291109e+03,
       -8.6577134638635656e+01, 1.2025999049177042e+02,
       1.7270452153244243e+01, -4.6340291513859444e+02,
       2.0253849802044724e+02, 4.0387787995099771e+01,
       -8.6577134638635641e+01, 2.4492197889328725e+02,
       -4.9393597311392163e+01, -3.2959448729408336e+01,
       -3.9223886459262843e+02, -3.6103986612704512e+02,
       9.5606180039448944e+01, 1.2025999049177044e+02,
       -4.9393597311392178e+01, 2.0541320220537060e+02,
       -1.2793851163104513e+01, 4.1729656741275697e+01,
       -7.3858197486317223e+01, 3.3037557235958360e+01,
       1.7270452153244243e+01, -3.2959448729408336e+01,
       -1.2793851163104517e+01, 2.1452261681759374e+01,
       5.3351886255468535e+03, -8.3756311082577577e+02,
       2.9856435716840392e+03, -9.0535402196233497e+02,
       3.3043419052007273e+01, -1.2519327620738977e+02,
       -5.2710484192587451e+01, -8.3756311082577577e+02,
       9.1688760770955087e+03, 1.3136028170187508e+03,
       1.8483171528912897e+03, 9.5908080060702093e+02,
       1.3045504473946960e+03, 1.6751746483755045e+02,
       2.9856435716840392e+03, 1.3136028170187508e+03,
       2.4945012255006600e+03, -1.9328035304339571e+02,
       1.2497679432679172e+02, 1.1368182008873380e+02,
       8.2623086180693015e+00, -9.0535402196233497e+02,
       1.8483171528912899e+03, -1.9328035304339571e+02,
       1.9454790322647809e+03, -2.6724676821771948e+02,
       -2.3798841320983490e+02, -2.9983158674931794e+01,
       3.3043419052007259e+01, 9.5908080060702093e+02,
       1.2497679432679172e+02, -2.6724676821771953e+02,
       3.8473356937848990e+02, 2.8735549278655185e+02,
       1.5229063096052098e+01, -1.2519327620738974e+02,
       1.3045504473946958e+03, 1.1368182008873380e+02,
       -2.3798841320983490e+02, 2.8735549278655185e+02,
       5.3340206680591302e+02, 1.8339596594570082e+01,
       -5.2710484192587437e+01, 1.6751746483755045e+02,
       8.2623086180693051e+00, -2.9983158674931786e+01,
       1.5229063096052101e+01, 1.8339596594570082e+01,
       2.6283144210253191e+01, 6.9520254489991830e+03,
