%YAML:1.0
means: !!opencv-matrix
   rows: 17
   cols: 2
   dt: d
   data: [ -5.2886382706117566e+01, 5.1693712906524141e+00,
       6.3966888780725668e+01, 1.0757031509085227e+01,
       -2.4503009909818513e+02, 6.9736687652675835e+00,
       1.6006556501624138e+02, 8.8077706830050726e+00,
       -2.3946266409151160e-01, -5.8599614052014651e+01,
       7.8300764241526721e+01, 1.0254390941158468e+02,
       -1.4532700439628299e+00, 8.3215710731199522e+01,
       -1.2394276058309228e+02, -4.9525989411982501e+01,
       9.4171809098357897e+01, -6.3059899116466617e+01,
       -2.2594761713104756e+02, 1.2080518656612335e+02,
       -8.0116740572588625e+01, -1.4143394001464881e+02,
       3.7741118197311707e+01, -1.4298295893391253e+02,
       -1.2085124995597202e+02, 6.7857108669934789e+01,
       -5.7008749389192829e+01, 1.5300313266022295e+02,
       -2.0542112829582527e+02, -1.1785272216870224e+02,
       1.7099334356801421e+02, -9.4001389199226566e+01,
       1.6499138469703902e+02, 8.8559218320666716e+01 ]
covs: !!opencv-matrix
   rows: 34
   cols: 2
   dt: d
   data: [ 2.6358411331076477e+03, -2.8084265624811977e+01,
       -2.8084265624811952e+01, 1.5572362135876281e+03,
       2.6053998880650270e+03, 3.2402802109411573e+02,
       3.2402802109411579e+02, 1.7582175416388156e+03,
       2.9358874883189819e+03, 2.3645394154448476e+02,
       2.3645394154448471e+02, 3.9681395622286991e+03,
       3.0614380196793845e+03, 1.1539782325653087e+02,
       1.1539782325653087e+02, 2.1280510345524381e+03,
       2.3729612724435774e+03, 8.4454425833517462e+01,
       8.4454425833517490e+01, 2.1441223000530827e+03,
       2.3295262104971762e+03, 2.7811038370915594e+02,
       2.7811038370915594e+02, 2.0500373047510739e+03,
       2.0245990138576733e+03, -2.0274049543747290e+02,
       -2.0274049543747287e+02, 2.1059615990935417e+03,
       3.0636717139133889e+03, -4.1184069173424535e+02,
       -4.1184069173424524e+02, 2.5178469641494339e+03,
       2.2991793228062779e+03, 2.3732322043021679e+02,
       2.3732322043021685e+02, 1.8901697168196370e+03,
       3.4264201077510124e+03, -2.0235599365078772e+02,
       -2.0235599365078772e+02, 3.7911003210576873e+03,
       3.0729998198134444e+03, -1.8904937455495761e+02,
       -1.8904937455495755e+02, 3.3103510548459108e+03,
       4.0087074090371234e+03, -2.9520576839867834e+02,
       -2.9520576839867834e+02, 3.0182500749066298e+03,
       2.6015902524280750e+03, 1.0568947695144250e+03,
       1.0568947695144250e+03, 3.5465976728905539e+03,
       9.5427704603474540e+03, 2.0218235109397347e+03,
       2.0218235109397347e+03, 4.5156519075899141e+03,
       3.5718902685721064e+03, -4.2078251951718858e+02,
       -4.2078251951718852e+02, 4.3344996444401895e+03,
       3.0228743598745705e+03, 5.2247551474356067e+02,
       5.2247551474356067e+02, 2.8783273870216622e+03,
       3.3132108531550043e+03, 1.3016279119555725e+02,
       1.3016279119555730e+02, 1.5915241921351746e+03 ]
weights: !!opencv-matrix
   rows: 1
   cols: 17
   dt: d
   data: [ 6.2661464229486957e-02, 9.4173455400236666e-02,
       4.0874639154596618e-02, 6.3061677864481899e-02,
       7.8587119962781241e-02, 7.3150641771080091e-02,
       6.3594973000569543e-02, 5.9343614807457597e-02,
       8.4379282040862230e-02, 3.5345158868126295e-02,
       4.8161774349375207e-02, 4.9457999607731742e-02,
       5.9349082260487560e-02, 4.6771397184313258e-02,
       3.4437292344519248e-02, 4.9625985756822817e-02,
       5.7024441397060185e-02 ]
pca_proj: !!opencv-matrix
   rows: 2
   cols: 21
   dt: f
   data: [ 4.36961316e-02, 8.50134730e-01, 1.73015636e-04,
       6.54514134e-02, 4.60692108e-01, 2.29939164e-04, 7.67599978e-03,
       1.46649793e-01, -1.37564148e-05, 1.21663406e-03, 1.30500361e-01,
       -5.45994153e-05, 8.06188770e-03, 1.42052382e-01, -2.12945142e-05,
       -2.45414903e-05, 9.56867734e-06, -1.94090262e-06, 3.13729906e-05,
       4.34020360e-04, 2.32224409e-07, 7.68702388e-01, -5.10314330e-02,
       1.14127281e-04, 4.21110362e-01, -3.83849256e-02, 4.02935693e-05,
       2.81941950e-01, -1.35209868e-02, 1.95932400e-04, 2.66951323e-01,
       -4.70317341e-03, 2.29704310e-04, 2.76557714e-01, -1.55316098e-02,
       2.11025646e-04, -3.74769334e-05, 5.54774260e-06, -7.89335627e-06,
       8.86836962e-04, -5.85095040e-05, 1.91629806e-04 ]
pca_mean: !!opencv-matrix
   rows: 1
   cols: 21
   dt: f
   data: [ 2.07625534e+02, 2.55653595e+02, 1.54502928e+00,
       2.18915131e+02, 2.60592743e+02, 1.67241716e+00, 2.65274475e+02,
       2.24016678e+02, 1.71669352e+00, 3.19420807e+02, 1.63929108e+02,
       1.75046074e+00, 3.16613464e+02, 2.25532654e+02, 1.70717156e+00,
       1.08872897e-04, -9.74175637e-05, 6.24380555e-05, -2.17504916e-04,
       -2.50119597e-01, 1.75055194e+00 ]
gamma: !!opencv-matrix
   rows: 17
   cols: 1
   dt: d
   data: [ 8.0114819204859267e-01, 8.1151657426597990e-01,
       8.9317334375520185e-01, 8.4742952928258186e-01,
       8.2021522799565094e-01, 8.3569212274570770e-01,
       8.1948447103755706e-01, 8.4737387757010996e-01,
       8.3086214786889079e-01, 8.9173620997188585e-01,
       8.6738344794397682e-01, 8.6608504090771288e-01,
       8.6419106410771618e-01, 9.0427456060989309e-01,
       8.9467915599277892e-01, 8.7464526262406050e-01,
       8.4277809703862105e-01 ]
