%YAML:1.0
means: !!opencv-matrix
   rows: 3
   cols: 4
   dt: d
   data: [ 5.4044806986501008e+01, 7.0378804539559212e+01,
       -1.0200431941419122e+01, 2.9499612821111644e+01,
       -1.6908337437097384e+02, 3.4250501412416562e-01,
       3.6199638638140783e+01, 9.4132694080325888e-02,
       4.9034681813806998e+01, -5.5628212431217037e+01,
       -1.1580635654169329e+01, -2.3292540428886980e+01 ]
covs: !!opencv-matrix
   rows: 12
   cols: 4
   dt: d
   data: [ 9.8121181046232559e+03, 1.1235053628952589e+02,
       1.4641180642099314e+03, -2.6921098872492371e+02,
       1.1235053628952598e+02, 4.9134923901816937e+03,
       -1.2419717423795939e+02, -1.6640495967818620e+03,
       1.4641180642099318e+03, -1.2419717423795939e+02,
       2.9693085952548990e+03, -1.0893253648657446e+01,
       -2.6921098872492360e+02, -1.6640495967818620e+03,
       -1.0893253648657431e+01, 1.8492677205973423e+03,
       6.6074374867189954e+03, -1.1998512074570649e+03,
       2.9251510633925095e+03, 8.0836956599831046e+02,
       -1.1998512074570651e+03, 1.1313884630018198e+04,
       2.6511250554541147e+02, -7.5870743598481022e+02,
       2.9251510633925091e+03, 2.6511250554541158e+02,
       2.4834376589866629e+03, -1.6635098931333846e+02,
       8.0836956599831046e+02, -7.5870743598481022e+02,
       -1.6635098931333849e+02, 2.8383000909261868e+03,
       9.2938426208986712e+03, 3.2405343022505633e+02,
       1.5801766185427107e+03, -3.3119971085790132e+02,
       3.2405343022505616e+02, 5.7643798218726015e+03,
       -1.3114021141840243e+02, -1.2093169900738874e+03,
       1.5801766185427109e+03, -1.3114021141840237e+02,
       3.0203074604711819e+03, 6.4196995803662077e+01,
       -3.3119971085790144e+02, -1.2093169900738874e+03,
       6.4196995803662077e+01, 1.9061811179467090e+03 ]
weights: !!opencv-matrix
   rows: 1
   cols: 3
   dt: d
   data: [ 3.3817652813308885e-01, 2.3257959175472120e-01,
       4.2924388011218451e-01 ]
pca_proj: !!opencv-matrix
   rows: 4
   cols: 21
   dt: f
   data: [ 4.36961316e-02, 8.50134730e-01, 1.73015636e-04,
       6.54514134e-02, 4.60692108e-01, 2.29939164e-04, 7.67599978e-03,
       1.46649793e-01, -1.37564148e-05, 1.21663406e-03, 1.30500361e-01,
       -5.45994153e-05, 8.06188770e-03, 1.42052382e-01, -2.12945142e-05,
       -2.45414903e-05, 9.56867734e-06, -1.94090262e-06, 3.13729906e-05,
       4.34020360e-04, 2.32224409e-07, 7.68702388e-01, -5.10314330e-02,
       1.14127281e-04, 4.21110362e-01, -3.83849256e-02, 4.02935693e-05,
       2.81941950e-01, -1.35209868e-02, 1.95932400e-04, 2.66951323e-01,
       -4.70317341e-03, 2.29704310e-04, 2.76557714e-01, -1.55316098e-02,
       2.11025646e-04, -3.74769334e-05, 5.54774260e-06, -7.89335627e-06,
       8.86836962e-04, -5.85095040e-05, 1.91629806e-04, 1.28585771e-02,
       -3.46314937e-01, -1.22481215e-04, -4.01510373e-02, 1.58088982e-01,
       -1.45607672e-04, 1.89476740e-02, 5.27356327e-01, 2.33430081e-04,
       1.79703757e-02, 5.36674440e-01, 2.90960423e-04, 1.17339585e-02,
       5.35117626e-01, 2.47836346e-04, -7.02231409e-06, -3.17391914e-06,
       2.59759432e-08, 1.54912759e-05, 1.72088097e-03, 2.08691781e-04,
       -5.93480825e-01, -8.48098937e-03, -8.88030772e-05, 2.05370650e-01,
       3.40346433e-02, 1.63823628e-04, 4.45453286e-01, -5.44621795e-03,
       -1.30590008e-04, 4.45820451e-01, -1.72652975e-02, -2.10900864e-04,
       4.54801619e-01, -3.90723068e-03, -1.75610170e-04, -1.74471352e-05,
       -6.38676829e-06, 1.65030560e-05, 1.38473080e-03, -5.51051289e-06,
       -1.34489819e-04 ]
pca_mean: !!opencv-matrix
   rows: 1
   cols: 21
   dt: f
   data: [ 2.07625534e+02, 2.55653595e+02, 1.54502928e+00,
       2.18915131e+02, 2.60592743e+02, 1.67241716e+00, 2.65274475e+02,
       2.24016678e+02, 1.71669352e+00, 3.19420807e+02, 1.63929108e+02,
       1.75046074e+00, 3.16613464e+02, 2.25532654e+02, 1.70717156e+00,
       1.08872897e-04, -9.74175637e-05, 6.24380555e-05, -2.17504916e-04,
       -2.50119597e-01, 1.75055194e+00 ]
gamma: !!opencv-matrix
   rows: 3
   cols: 1
   dt: d
   data: [ 8.8275814891228188e-01, 9.3544404871749676e-01,
       9.0794491240068398e-01 ]
