%YAML:1.0
means: !!opencv-matrix
   rows: 44
   cols: 4
   dt: d
   data: [ -3.7496176293770588e+01, 1.1785462114201822e+02,
       -3.0694023045932983e+01, 4.2166340069967987e+01,
       1.5823380628845129e+02, 5.4893895530055353e+01,
       1.9057327880194734e+01, 7.6017053680586258e+01,
       -1.5917115426923024e+02, -8.2868161867074434e+01,
       1.3486113044224670e+01, 7.4228921341256338e+01,
       3.6693479103915088e+01, -5.6639995901637064e+01,
       -7.5560540997076515e+01, -7.0954200407148122e+01,
       1.0158371989738131e+02, -2.5007964765084978e+01,
       7.3676231562033692e+01, -5.7758882757447970e-02,
       6.4848275323057734e+01, 1.1067937623477518e+02,
       -7.7321560091465770e+01, 1.7370392192335714e+01,
       5.8922640127098084e+01, 3.1483109349212729e+01,
       -5.3849806501074326e+01, 7.4766313637404352e+01,
       -5.8992336992206937e+01, 4.1112650659620080e+01,
       9.9216478396769261e+01, -3.1579430146698247e+01,
       1.1651651181923070e+02, -1.3145438723753921e+02,
       -1.2831876390410329e+01, -1.2305533315621037e+01,
       7.6941642296325199e+01, 1.2277570676326846e+02,
       4.3780089467154049e+01, 3.3083851927220437e+01,
       1.1358636546729687e+02, 6.5821099803265298e+01,
       2.2923704064695825e+00, -9.5895082501961664e+00,
       1.0244873114941674e+01, 6.5159831912187926e+01,
       -7.8747075568653571e+01, -3.1549523204826951e+01,
       -2.3361357562235060e+02, 1.4941553712904283e+02,
       1.0953511800207814e+01, 2.2250737842522639e+01,
       3.3781442717102190e+00, -1.2755789678783718e+02,
       -7.5479529607207468e+01, -5.7023580247423453e+00,
       1.4157693612105990e+02, -5.4616486841655938e+00,
       -4.6724154059908066e+01, -2.5368263711277791e+01,
       -4.0074839091262810e+01, -5.5775761820519577e+01,
       5.3683007847393341e+01, 6.3062025690579503e+01,
       1.9866316248380156e+02, 1.7172998084419213e+01,
       3.1931082418608248e+01, -2.5815812030452964e+01,
       -2.8136495079221664e+01, 2.2931321600878789e+01,
       7.6310771656603592e+01, 8.0532673314776019e+01,
       2.2073924069516596e+02, 7.3218666993330672e+01,
       4.3147173547903094e+01, 2.7319976142821648e+01,
       -8.9887967945615927e+01, -1.6548498942031918e+02,
       6.9994893686994558e+01, 1.9197836209352300e+01,
       1.0338472086971555e+02, -5.5956121421149831e+01,
       -3.1919785927483062e+00, -6.5636948887607957e+01,
       -1.1823411801874259e+02, 1.1829942734883677e+02,
       3.9028448138844539e+01, 1.1203523461831841e+00,
       -2.8696156168969748e+02, 5.3655793221581035e+01,
       -2.1147421466468696e+01, -3.5967300729275692e+01,
       -6.4372166431457245e+01, -8.1112203247019366e+01,
       -2.5759591386380862e+01, -4.6148619431820016e+01,
       2.0270937268700413e+02, -1.0407653260627602e+02,
       2.8147463186200650e+01, -1.6643183242434233e+01,
       3.9932423612871013e+01, -3.3904232344803098e+01,
       2.6316779530937410e+01, -2.7291661577348410e+01,
       7.1632812245501611e+00, 8.4536827747801567e+01,
       1.3451648563856814e+01, 7.2341749766243453e+00,
       -2.0005226857160733e+02, 2.7178488272560124e+01,
       -1.9088629039471965e+00, 6.4294628866273143e+01,
       -1.8147134560657705e+02, -1.7483159810775550e+02,
       -1.3443927634867388e+01, 1.3065795901199587e+01,
       -9.4255636128577379e+01, 3.6043051473528649e+01,
       -5.9998461633826565e+01, 6.1423741579895204e+00,
       -1.4536154614702775e+02, -1.2150694462473913e+01,
       2.0331239877916687e+01, -5.2719722628282049e+01,
       -6.3992095100241819e+01, 6.7753121975141295e-01,
       -3.3967995096649261e+01, -1.8695150620602245e+01,
       -9.7646713434754759e+01, -7.2153247270339506e+01,
       -5.1816041435981489e+01, 6.1689719422378758e+01,
       1.4028773820001746e+02, -3.9367724880254762e+01,
       1.4873767314494154e+01, 3.9348500339939676e+01,
       1.9287962013911077e+01, 1.4339817705591113e+02,
       -3.8950308028556426e+00, -9.0659453694190930e+01,
       3.9545705166723245e+01, 3.6796544758841321e+01,
       3.2255403486131144e+01, -4.9827524547253461e+01,
       1.5203248034609665e+01, -1.6532345291775465e+02,
       2.7130612097777991e+01, 2.5704117253662908e+01,
       -1.1757558407890772e+02, -2.6648174570689870e-01,
       8.0913368892378287e+01, 3.1981497710417070e+01,
       1.6537041055865788e+02, 1.0219816515292413e+02,
       -1.6077783541821507e+01, 2.0537435182935219e+01,
       -1.8750255019547870e+02, 6.1834897638154601e+01,
       5.5834039934984396e+01, -3.6313035221277715e+01,
       -1.3595720825370702e+02, -7.1400087851914066e+01,
       8.6410913703012895e+01, -4.9390628868484058e+01,
       -2.2052968223422394e+02, -7.7477086623784132e+01,
       1.1804416012268832e+00, 7.0223839931106866e+00,
       4.6477217872944301e+01, -4.6362425849889298e+01,
       -5.8977509107985455e+01, 3.1781783426802939e+01,
       8.0972563079396558e+00, 2.2515389976886226e+01,
       -8.0673253497915894e+01, -3.1384532954796871e+01 ]
