%YAML:1.0
means: !!opencv-matrix
   rows: 11
   cols: 2
   dt: d
   data: [ -1.1605735464094852e+02, -4.0933966314472956e+00,
       1.5657243036295685e+02, -5.8386037947361565e+01,
       7.5505500440719274e+01, -2.2024849616058013e+01,
       -8.9126721318796612e+01, -1.2465891520556825e+02,
       4.9830198763620295e+01, 8.8479383032904451e+01,
       -2.3704094232144783e+02, -3.5983840042971686e+01,
       -1.4455105271051620e+01, -2.2338577713162600e+01,
       1.5700680635683358e+02, 6.9126043034698810e+01,
       -6.7623323496555329e+01, 1.1237107093874026e+02,
       -2.1012009085919817e+02, 1.0573261730438195e+02,
       4.1675202998051830e+01, -1.1369636655484025e+02 ]
covs: !!opencv-matrix
   rows: 22
   cols: 2
   dt: d
   data: [ 2.6435045631135117e+03, 5.2976448390093458e+02,
       5.2976448390093447e+02, 4.2088185117329067e+03,
       3.3511150476512898e+03, 1.9416154314839784e+02,
       1.9416154314839790e+02, 3.9422103593330744e+03,
       2.3025131073977432e+03, 1.3684678173478071e+02,
       1.3684678173478073e+02, 2.9747423115133215e+03,
       4.4695547549718340e+03, -5.7312658165419592e+01,
       -5.7312658165419556e+01, 4.0473144424190386e+03,
       3.7114867350659042e+03, 7.1332443262399761e+02,
       7.1332443262399761e+02, 2.3750796099312925e+03,
       3.1156500916055584e+03, -7.2294617547602434e+02,
       -7.2294617547602422e+02, 7.8374354018540898e+03,
       2.2096803017746065e+03, 2.0659286525498567e+02,
       2.0659286525498570e+02, 3.1868857753480920e+03,
       3.5447704538733947e+03, 1.4634823217964208e+02,
       1.4634823217964211e+02, 2.4103446591349643e+03,
       7.1277210501607869e+03, 2.3025596036312618e+03,
       2.3025596036312618e+03, 5.4858232868283312e+03,
       4.1023373097872400e+03, -2.4522326370799445e+02,
       -2.4522326370799445e+02, 4.9169307021572886e+03,
       4.5425249991100563e+03, -1.2242559168788603e+00,
       -1.2242559168788496e+00, 4.0746817472475636e+03 ]
weights: !!opencv-matrix
   rows: 1
   cols: 11
   dt: d
   data: [ 8.8242713111821622e-02, 1.0219319034300225e-01,
       1.3161849802979170e-01, 7.4321793641542885e-02,
       1.1608336868971753e-01, 6.3242291797352315e-02,
       1.0455576977276730e-01, 9.3036338917281927e-02,
       9.6681498871065100e-02, 4.7039784600152929e-02,
       8.2984752225497241e-02 ]
pca_proj: !!opencv-matrix
   rows: 2
   cols: 21
   dt: f
   data: [ 4.36961316e-02, 8.50134730e-01, 1.73015636e-04,
       6.54514134e-02, 4.60692108e-01, 2.29939164e-04, 7.67599978e-03,
       1.46649793e-01, -1.37564148e-05, 1.21663406e-03, 1.30500361e-01,
       -5.45994153e-05, 8.06188770e-03, 1.42052382e-01, -2.12945142e-05,
       -2.45414903e-05, 9.56867734e-06, -1.94090262e-06, 3.13729906e-05,
       4.34020360e-04, 2.32224409e-07, 7.68702388e-01, -5.10314330e-02,
       1.14127281e-04, 4.21110362e-01, -3.83849256e-02, 4.02935693e-05,
       2.81941950e-01, -1.35209868e-02, 1.95932400e-04, 2.66951323e-01,
       -4.70317341e-03, 2.29704310e-04, 2.76557714e-01, -1.55316098e-02,
       2.11025646e-04, -3.74769334e-05, 5.54774260e-06, -7.89335627e-06,
       8.86836962e-04, -5.85095040e-05, 1.91629806e-04 ]
pca_mean: !!opencv-matrix
   rows: 1
   cols: 21
   dt: f
   data: [ 2.07625534e+02, 2.55653595e+02, 1.54502928e+00,
       2.18915131e+02, 2.60592743e+02, 1.67241716e+00, 2.65274475e+02,
       2.24016678e+02, 1.71669352e+00, 3.19420807e+02, 1.63929108e+02,
       1.75046074e+00, 3.16613464e+02, 2.25532654e+02, 1.70717156e+00,
       1.08872897e-04, -9.74175637e-05, 6.24380555e-05, -2.17504916e-04,
       -2.50119597e-01, 1.75055194e+00 ]
gamma: !!opencv-matrix
   rows: 11
   cols: 1
   dt: d
   data: [ 8.6491200164698001e-01, 8.7882570331089727e-01,
       8.3942885567773295e-01, 8.8204925692803071e-01,
       8.4112757889543022e-01, 9.0787407972855150e-01,
       8.3178117882565228e-01, 8.5774091312199796e-01,
       9.0065006161199401e-01, 8.9886197167392345e-01,
       8.7794227516056345e-01 ]
