%YAML:1.0
means: !!opencv-matrix
   rows: 35
   cols: 8
   dt: d
   data: [ 6.0077708807865150e+01, 1.3611666844953726e+02,
       -2.9599033053237779e+01, -4.7752609387983334e+01,
       -9.8474091857219062e+00, 2.9827108639790163e+00,
       2.4825082177102216e+00, 1.5273588648492540e+00,
       -6.9435150151809879e+01, -4.9461825967639200e+01,
       2.7854116118204541e+01, 1.7756835566844632e+01,
       1.9152248046911581e+01, 1.5118513646751923e+01,
       2.1336523543386554e+00, 7.7860382623249502e-01,
       1.2939689625136640e+02, 1.7866974551329747e+01,
       -1.3734682053671547e+01, 1.0272703487268275e+01,
       6.3561967553145564e+00, -8.3423137023657201e+00,
       -2.4619026523170093e-02, -6.8417265810187389e-01,
       6.8242774242286481e+00, 1.1743459884597831e+02,
       -2.6719459617390996e+01, -5.6746900843234279e+01,
       -6.8050188403755882e+00, 9.0915659126220161e-01,
       2.6959194916374778e+00, -1.5368335920369525e+00,
       -1.1980237389103335e+02, -5.2147332765955852e+01,
       3.7045716307113267e+01, 3.0969032757946398e+01,
       -1.1555074845793539e+01, 2.1902074302437541e+01,
       -7.6390896723077384e-01, 1.2834038684717113e+00,
       6.4400702148891881e+01, 3.5857267620466544e+01,
       -2.6281009111977450e+01, -1.6066761734558209e+01,
       4.6840936889437002e+00, -2.1814267212835354e+01,
       -5.6051230735056308e+00, 1.8183032204953591e+00,
       2.4037377355123944e+01, -3.4727560088809255e+01,
       2.1548078419054836e+01, 1.7064303919473659e+01,
       3.7012473685468279e+01, -3.4616311342963697e+00,
       2.8143704692999150e-01, -7.3069320244289637e-01,
       -1.5281635965167419e+02, 1.1270467205363553e+02,
       4.4444250060715184e+01, 2.0567492335542912e+01,
       6.0068951207579371e+00, 1.5827934276205142e+00,
       6.2860486906521829e-01, 7.5506017651506985e-01,
       -7.8360457831592001e+01, 9.9781308795414532e+01,
       3.4888356037371677e+00, -5.1405951018680497e+01,
       4.4726746686805727e+00, 4.9929517521553581e+00,
       1.7972529726002133e+00, -3.6451702816639849e-02,
       -1.8427002888165174e+02, -1.0081896427575076e+02,
       4.9089155084684414e+01, 3.3996768165846127e+01,
       -3.2283476368932675e+01, -1.6491849983754747e+00,
       -2.1967360434818879e+00, -4.1926817654972476e-01,
       1.1824125844386579e+02, -3.0962955088401149e+01,
       -3.5250234555188740e+01, 2.6049303666747232e+01,
       -1.7919634669634853e+01, 2.1415984180687055e+00,
       9.5162170842495875e-01, -4.4897809505378405e-01,
       -1.5617982760627189e+02, -1.7759319431513433e+02,
       5.2380328080919050e+01, 5.7096771531623290e+01,
       -4.5614463476257434e+01, -2.3848534724244505e+01,
       -7.1698175592723867e+00, -1.9278785943638062e+00,
       -1.3466363822282614e+02, 1.3004322193737195e+02,
       1.1319246289821960e+01, -5.4048017784256764e+01,
       -2.5202579750531012e+01, -4.4146243288308700e+00,
       -3.3851032867227082e-01, -1.2271932437428441e+00,
       1.1794840359257122e+02, 6.0082412933742958e+01,
       -3.5191446574740738e+01, -9.6116267294316451e+00,
       -1.7572108640361847e+01, -7.1329517213219766e+00,
       -3.8314148554014205e+00, 2.8019618878786212e+00,
       2.7872309666589604e+01, -8.6247740101415900e+01,
       -1.8436116686307980e+01, 4.9311370977715377e+01,
       5.4313357618672873e+00, 1.9641838882228143e+01,
       1.8874396659196189e+00, -1.5287482305810079e-01,
       -2.3634048855016822e+01, 1.3637741036029944e+01,
       9.5418515990789619e+00, -5.9998082576614049e+00,
       3.0039685126400798e+01, 1.8608017735039364e+00,
       -9.8310186559216486e-02, -6.9559365464121248e-01,
       -6.4935882669817770e+00, -1.3921533683570493e+02,
       3.0634777741549126e+01, 6.0550622391466227e+01,
       3.2377682781345790e+01, -1.5562791586826394e+01,
       -2.7206135915415930e-02, -2.7244642351036408e+00,
       1.8953288946161980e+01, -6.2841272407844471e+01,
       5.3340671927135110e+00, 4.3442316123517308e+01,
       -3.3744171000151205e+01, 2.9752203915733148e+01,
       2.7094205454493818e+00, 1.8802526507485748e+00,
       -1.5974780019280010e+02, 5.4324913723795966e+01,
       3.1397807475284548e+01, -3.5711899317807323e+01,
       -4.9141429772101715e+00, 4.2848862511383388e+00,
       1.3605535057499720e+00, 1.6131619054471433e+00,
       -1.9747992550939205e+02, -4.8755614827601043e+01,
       4.8024271190203919e+01, 3.6947152973541955e+00,
       -1.2878193277156285e+01, -6.3224496006627717e-01,
       -9.0209101598713115e-01, 7.3730623300090536e-01,
       1.1515115550390306e+02, -8.5968660619203533e+01,
       -1.0217527329530302e+01, 5.5051325171176750e+01,
       4.8246539006589870e+00, 1.7707872176877370e+01,
       2.2547723138966034e+00, 3.8389829421177979e-01,
       -6.3991341269496740e+00, 9.8770172696078149e+01,
       -9.8538534345413069e+00, -3.5893371490641378e+01,
       1.4068017590405050e+01, -3.6799508547110453e+00,
       -1.0764818523593755e+00, 6.8911740892095785e-01,
       1.2771897337453913e+02, -3.1513061367818608e+01,
       -3.4699225992433533e+01, 1.7047633226429216e+01,
       -9.1924107448741506e+00, -1.3603022063099342e+01,
       -5.4802610559907023e+00, -1.5385292309410268e+00,
       1.5058525917171224e+02, -6.2829528043722995e+01,
       4.6467679596668127e+01, 2.6017208086774254e+01,
       5.4553700805471284e-01, 1.1583670047005510e+01,
       -1.4035583840138291e-01, -3.2229602065080443e-01,
       3.8342055062233844e+00, -6.1078096962844839e+01,
       -1.4676585554478949e+00, 1.5726486152032026e+01,
       -9.1622971953277368e+00, -1.2613468938033648e+01,
       -1.2841078278280667e+00, -1.0787221879181966e-02,
       1.0999388257050519e+01, -1.6013250182898709e+01,
       1.1939983549191394e+01, 1.2929074701604170e+01,
       1.9299900007017314e+01, 1.4357754253058637e+01,
       1.9358425612193162e+00, -1.1464972115396763e+00,
       1.2158804988304835e+01, -2.4225821186558707e+02,
       7.1096940632685097e+00, 7.9184785255797664e+01,
       -7.9604587376768432e-01, -3.5716927085287217e+01,
       -2.7184057532543613e+00, -3.1227180888393908e+00,
       -2.0784908129662053e+01, -7.6279827530874291e+00,
       -7.0162678970566063e+01, 2.4925904258474027e+01,
       2.2423745527677276e+01, -4.0365312891683125e+00,
       7.7984204052767581e-01, -5.5189024202172443e-01,
       1.2214366880194704e+02, 6.8439697373597767e+01,
       4.1939266822434980e+01, -4.5242721115659826e+01,
       4.1079863938745280e+00, -5.8576106744639587e+00,
       1.4162619600643807e-02, -5.0261393407938437e-01,
       4.4301233807346293e+01, -8.7977912075468581e+01,
       -2.4048141409750222e+01, -5.3281845663291861e+01,
       1.9374751690970541e+01, 1.2940079830187434e+00,
       8.5432743256028121e-01, -8.7765730795911590e-01,
       9.9146743945812446e+01, -4.5155406383182907e+01,
       -2.1803841174175034e+01, 3.6874091397632391e+01,
       -2.7620850719322263e+01, 2.3457837885029672e+01,
       1.1184864530494589e+00, 1.3266062525304110e+00,
       3.5472637716223247e+01, 1.0299171492350753e+02,
       -2.9385430865030706e+01, -4.0970224872781664e+01,
       -9.7216099517697447e+00, 2.7806548182030788e-01,
       5.6497672429782975e-01, -1.1744765845435792e+00,
       1.9158551420423083e+02, 1.1333246569723162e+01,
       -4.9652468542205938e+01, 1.4468385942611924e+01,
       -9.7938533917130890e+00, -7.0550824505870722e+00,
       1.0384531941465620e+00, -4.3144232561068036e-01,
       -1.2523484527156984e+02, -4.6705622527515253e+01,
       3.6971036048157501e+01, -1.5156005315614433e+01,
       1.8713679241413221e+00, -1.6192026829426986e+01,
       -1.4930012667070713e+00, -3.4330038111381966e-01,
       -1.8942233494068790e+02, 3.1645883473110647e+01,
       3.3575868820540052e+01, -3.7966582968780465e+01,
       -7.1002022045356963e+00, -1.8033569517684771e+01,
       -1.2953667441204961e+00, 4.8084203735342496e-01 ]
