%YAML:1.0
means: !!opencv-matrix
   rows: 7
   cols: 17
   dt: d
   data: [ -8.0224129436546967e+00, 1.1609242821164445e+02,
       -1.6115146781338410e+01, -5.1261565002483067e+01,
       -3.0451564997948410e+00, 1.0676616213614987e+00,
       1.6521869197604890e+00, -2.7493655308500325e-01,
       -3.2176381592594849e-01, -1.3188271219474956e-01,
       2.8122312380746580e-02, -1.0726987969075870e-02,
       5.0598867027504312e-03, 2.9927416300876194e-03,
       -7.4329488006059635e-03, 6.5638008647611792e-03,
       6.5185838954938597e-04, -1.5954099696220592e+02,
       -3.4058357184768553e+01, 4.2432809314287397e+01,
       5.4451587443725860e+00, -1.1360888282064574e+01,
       9.9610188540560932e-02, -3.1302362535490785e-01,
       7.7728762467083390e-01, -1.1051071061411342e+00,
       -5.7028821881089264e-02, -4.0944535225162313e-03,
       8.6408342858612583e-03, 2.3856212856990093e-03,
       1.4226190760834501e-04, -7.8542659209696990e-03,
       -8.1991784308178065e-03, 6.4805149354683433e-04,
       1.9371799543694365e+01, -2.9883117063601535e+01,
       5.2228668031865402e+00, 1.3041784863616419e+01,
       1.5833673066382559e+01, 5.1662435264390609e+00,
       1.5754334815760647e+00, -4.2246052136417550e-01,
       -3.5125837461882098e-01, 9.4775872401450540e-03,
       -1.0258460839796150e-01, 1.4233673982747001e-02,
       2.1015672317699781e-03, 1.2596126492145968e-03,
       -8.8897146022762670e-03, 9.8923572839870722e-04,
       7.1758215000302598e-04, 2.7574853715569994e+01,
       3.5155214743553486e+01, -8.0202842057987649e+00,
       -1.5163736674775421e+01, 2.0088200697100969e+00,
       -4.5227882881049277e+00, -5.8738267240550028e+00,
       1.0646985951259533e+00, 4.4828063586684417e+00,
       1.0142494526028762e+00, -5.6881436214299023e-02,
       -3.2502903270515515e-03, -3.2205367076794167e-02,
       2.0905927556161726e-02, -4.5227287831118984e-03,
       -1.0645592508471581e-02, -3.2660672772122290e-03,
       -1.8348302419200772e+02, 2.2509200608815149e+01,
       3.2444703762413702e+01, -2.2650996436191242e+01,
       -1.2339656158092039e+01, -3.3773437448455619e+00,
       -2.1813114548630783e+00, -2.3760088361791918e-02,
       1.9489799444482709e+00, 4.2008477974964314e-01,
       8.3217813496359976e-03, -3.2216066665267211e-02,
       -3.7063457687483703e-03, 5.6397049234889153e-03,
       1.7335363704630725e-02, 1.0061757496158473e-02,
       -6.5485078781457812e-03, 1.0499379211076595e+02,
       -1.8345440509383193e+00, -2.5158364355025629e+01,
       1.1567417701982533e+01, -2.8105224980160881e+00,
       5.4244902927483429e-01, 1.4647600686338139e-01,
       -2.3156083851353523e-01, -4.1967780387547454e-01,
       4.3129459948259348e-02, 8.8499472043092595e-02,
       9.0114583776294936e-03, 1.6358246717651241e-03,
       -6.5395221716469422e-03, 1.7349471750742234e-02,
       1.0405188796783081e-03, -5.1767830672029905e-04,
       1.9320522588044863e+01, -1.3535514413114103e+02,
       3.0085693224507488e+00, 4.4577333973316406e+01,
       2.5151953219009338e+00, -1.9095463714249387e+01,
       -2.2910134542196019e+00, 1.7316583619491763e-01,
       1.2375742943113122e+00, -1.1916949924590348e+00,
       -5.9812460269769552e-02, -7.1387609449410347e-02,
       2.6072073388976042e-04, -6.3955888426036681e-03,
       -2.2087738140870904e-02, -2.0440306222741479e-04,
       5.4603327227998053e-03 ]
covs: !!opencv-matrix
   rows: 119
   cols: 17
   dt: d
   data: [ 8.8882207545362799e+03, -3.5818830960709778e+02,
       2.1266324156381997e+03, -5.8087571114861146e+02,
       -2.2833790378710102e+01, -9.6724889834421759e+01,
       -5.9545601086864455e+00, 4.9441692753952893e+01,
       -1.1722270006441857e+01, 8.3051331910638932e+00,
       -2.0690064466176046e+00, -5.9770082570767502e-01,
       4.4176350959717357e-02, 2.1778277358378478e-01,
       -2.8656700957664244e-01, -3.2818919839798466e-01,
       1.4602306459392764e-01, -3.5818830960709778e+02,
       6.5760916035350801e+03, 7.2481845602985914e+02,
       2.4933529481885303e+03, -1.2947702612527110e+02,
       2.2878448265608000e+00, -8.7681122106544805e+01,
       -4.4199433069619660e+00, -1.4621391331931937e+01,
       -1.3894473037475354e+01, -1.0902001296121644e+00,
       -5.5858505526429647e-01, -7.6777405058025106e-02,
       1.3427651722726486e-01, -3.9007400566509004e-01,
       -5.0748270914202177e-02, -1.1441494824280081e-01,
       2.1266324156381997e+03, 7.2481845602985902e+02,
       2.7274887829174932e+03, -1.5471867781214647e+02,
       -7.2069888835395858e+01, -3.4009743292705281e+01,
       1.3731805388049233e+01, -9.6823673326926532e+00,
       2.5603211317106078e+00, 6.1251231831198705e-01,
       6.2961371299894742e-01, 6.3431600418287201e-02,
       3.2236860028019986e-03, -8.1160570588571165e-02,
       2.2155017001418834e-01, 2.5828412075163034e-02,
       -2.8185398777336498e-02, -5.8087571114861157e+02,
       2.4933529481885303e+03, -1.5471867781214641e+02,
       1.7586546404619719e+03, 9.5964753782885396e+01,
       -1.3299247793265900e+02, 3.2494708979008330e+01,
       1.6808300702541075e+01, 4.4832099728887815e+00,
       1.3013089299442613e+00, 1.0008504205195815e-01,
       1.6330858037296206e-01, -1.0253254450230580e-02,
       -8.2360482068572924e-02, 8.3505872246244270e-02,
       -1.0509601942373288e-01, 1.9547475856837946e-03,
       -2.2833790378710109e+01, -1.2947702612527110e+02,
       -7.2069888835395858e+01, 9.5964753782885452e+01,
       1.4991523337035179e+02, -7.8576808544756895e+00,
       -8.6223651245713420e+00, 8.2555709742543737e+00,
       -2.3181400315906613e+00, 1.7747985794009782e+00,
       -8.0559871714491513e-02, 7.2487629170667867e-02,
       -1.1277566987680784e-02, -5.9664266924286322e-02,
       1.8772573754743735e-01, -6.9158291572883654e-02,
       3.8606604783934823e-02, -9.6724889834421759e+01,
       2.2878448265608022e+00, -3.4009743292705288e+01,
       -1.3299247793265900e+02, -7.8576808544756904e+00,
       5.2037622275431765e+01, -1.8959633527615217e+01,
       -5.0862021921607692e+00, -2.2345282791202012e+00,
       -1.2429075814173722e+00, -2.1250992346499298e-03,
       -1.1804751550767296e-01, 3.3324578818346227e-03,
       1.9262264604780859e-02, -4.6206972580791955e-02,
       6.2022201365541782e-03, -7.7289934343395868e-03,
       -5.9545601086864464e+00, -8.7681122106544819e+01,
       1.3731805388049233e+01, 3.2494708979008330e+01,
       -8.6223651245713402e+00, -1.8959633527615214e+01,
       2.0875590278094958e+01, 6.4786761209347132e-01,
       2.8912750534910487e+00, 3.2506054740869667e-01,
       7.3556066747534357e-02, 5.4737121509964362e-02,
       -3.1276086866318394e-02, 7.9578992009008784e-03,
       -1.0195888174783882e-03, -9.9060034229249277e-03,
       -6.1812236461684690e-03, 4.9441692753952893e+01,
       -4.4199433069619642e+00, -9.6823673326926532e+00,
       1.6808300702541075e+01, 8.2555709742543737e+00,
       -5.0862021921607692e+00, 6.4786761209347132e-01,
       1.6592931354177480e+01, -1.5121067301954458e+00,
       5.8490258078904600e-01, -1.0889063363913662e-02,
       6.9695766799805778e-03, 3.6244228475165088e-03,
       8.9591548870141570e-03, -6.9856101145109031e-03,
       -2.3159634010889319e-02, -1.1984825827129637e-02,
       -1.1722270006441855e+01, -1.4621391331931937e+01,
       2.5603211317106069e+00, 4.4832099728887815e+00,
       -2.3181400315906613e+00, -2.2345282791202012e+00,
       2.8912750534910483e+00, -1.5121067301954458e+00,
       1.1637258439793483e+00, 1.1084770069606951e-01,
       1.7575153958239536e-02, 2.0648328618360013e-02,
       1.7386449940594281e-02, 1.0413648863150586e-03,
       -2.1268492469258401e-03, 3.9271177136506975e-03,
       1.0791018850384744e-03, 8.3051331910638932e+00,
       -1.3894473037475354e+01, 6.1251231831198649e-01,
       1.3013089299442613e+00, 1.7747985794009775e+00,
       -1.2429075814173725e+00, 3.2506054740869667e-01,
       5.8490258078904611e-01, 1.1084770069606951e-01,
