%YAML:1.0
means: !!opencv-matrix
   rows: 6
   cols: 7
   dt: d
   data: [ -1.6293327447311810e+02, 6.0748447562601271e+01,
       3.7425686542738916e+01, -3.6555744683344628e+01,
       -1.0202051927446460e+01, 2.6104518384849409e+00,
       -1.3172991528792344e+00, 1.1090047464319854e+02,
       -3.0530329557463975e+01, -3.2021564818572344e+01,
       2.2601343375476787e+01, -5.3100467140484504e+00,
       8.9447085535159765e+00, 3.3043662804990964e-01,
       1.1781234202294355e+01, 9.0556034478115315e+00,
       3.0896122949842564e+00, -1.6840578726109652e+00,
       2.8031838592322949e+01, -6.1394130868528174e-01,
       1.4762067249880366e+00, 4.4224412835305436e+01,
       3.0576170662113434e+01, -5.0221297559296438e+00,
       -1.8726945315347628e+01, 5.7611736624962768e+00,
       -2.9638892769330720e+00, -1.9627840997027268e+00,
       8.1673373250565518e+01, 1.6051769070031671e+01,
       -2.3613100006909633e+01, -3.2576487845380370e+01,
       -2.6112250431738786e+01, -1.9868979030833668e+01,
       9.9334561504141794e-01, -1.2551281786503020e+02,
       -6.4920932465133959e+01, 2.8895699961293243e+01,
       4.3048815988234836e+01, -3.8009634417153282e+00,
       8.4586643566098541e-01, 9.1228622974386064e-01 ]
covs: !!opencv-matrix
   rows: 42
   cols: 7
   dt: d
   data: [ 7.6967774121289240e+03, 6.9281382063988715e+01,
       2.8027121325857051e+03, 4.8149150059257749e+01,
       4.6969217241713551e+02, -3.8451944776880254e+02,
       1.1936017236459625e+02, 6.9281382063988744e+01,
       8.0267095383759197e+03, -2.0188330653216414e+02,
       1.3728831988310476e+03, -4.1807754758695705e+02,
       6.9849085959565616e+02, -1.2008462365365432e+02,
       2.8027121325857042e+03, -2.0188330653216423e+02,
       2.4895184980976233e+03, 1.1172702586217976e+02,
       -8.0236313713665950e+01, 5.8954732377370192e+01,
       -2.0642501066839557e+01, 4.8149150059257785e+01,
       1.3728831988310476e+03, 1.1172702586217977e+02,
       1.5899923937810427e+03, 1.6863710727997847e+02,
       -2.7661580080295028e+02, 4.9256887772384040e+01,
       4.6969217241713540e+02, -4.1807754758695722e+02,
       -8.0236313713665950e+01, 1.6863710727997847e+02,
       2.3946916908865077e+02, -1.4133462845305777e+02,
       2.9407046594415736e+01, -3.8451944776880254e+02,
       6.9849085959565605e+02, 5.8954732377370178e+01,
       -2.7661580080295028e+02, -1.4133462845305772e+02,
       4.1955669771443706e+02, -3.2564307564846111e+01,
       1.1936017236459624e+02, -1.2008462365365436e+02,
       -2.0642501066839557e+01, 4.9256887772384040e+01,
       2.9407046594415736e+01, -3.2564307564846118e+01,
       3.6062766174517961e+01, 6.7742641691044455e+03,
       1.9920093073940673e+03, 2.3887363395866728e+03,
       -1.1542047715197371e+03, -1.5438170729015849e+02,
       1.7561929334021087e+02, -9.0189490696380730e+01,
       1.9920093073940673e+03, 8.0682329663454611e+03,
       -6.2219145144873426e+02, 8.7128724578824290e+02,
       -9.5242759143224504e+01, 1.3156946615835653e+02,
       7.8834635999762162e+00, 2.3887363395866728e+03,
       -6.2219145144873426e+02, 2.6855850222899471e+03,
       3.5240731450525993e+02, -8.9126392545170518e+01,
       -5.3562157424764223e+00, 3.7221919715442041e+01,
       -1.1542047715197373e+03, 8.7128724578824313e+02,
       3.5240731450525993e+02, 2.0702309220542975e+03,
       -1.9291129721451913e+01, -2.3828677086422016e+02,
       2.5126914537238538e+00, -1.5438170729015846e+02,
       -9.5242759143224504e+01, -8.9126392545170518e+01,
       -1.9291129721451931e+01, 3.9183796122313616e+01,
       1.7300264565401427e+01, -6.0518535643377538e+00,
       1.7561929334021093e+02, 1.3156946615835653e+02,
       -5.3562157424764223e+00, -2.3828677086422016e+02,
       1.7300264565401424e+01, 8.4285454076326630e+01,
       9.2349192643230005e+00, -9.0189490696380730e+01,
       7.8834635999762241e+00, 3.7221919715442041e+01,
       2.5126914537238538e+00, -6.0518535643377556e+00,
       9.2349192643230005e+00, 2.2607828587384247e+01,
       5.2750476897751787e+03, 1.7126020338810886e+02,
       2.7283175433183037e+03, 1.1720295221244734e+02,
       -3.4052897122010506e+02, 1.6567496391248412e+02,
       -1.6653880448385586e+01, 1.7126020338810898e+02,
       7.8815048671635932e+03, -8.6330986553775197e+00,
       1.0593075554004517e+03, 1.0644477772285737e+02,
       -3.2469467405633122e+02, 5.3529377686596256e+01,
       2.7283175433183033e+03, -8.6330986553775393e+00,
       2.5376008097660147e+03, -1.4783947478468977e+02,
       -2.6531865186084264e+01, -5.5944175634522139e+01,
       1.5006550039414858e+01, 1.1720295221244734e+02,
       1.0593075554004517e+03, -1.4783947478468971e+02,
       1.7940754753168637e+03, -1.5906966740963165e+02,
       1.0658214454938133e+02, -2.6155725376529084e+01,
       -3.4052897122010506e+02, 1.0644477772285737e+02,
       -2.6531865186084264e+01, -1.5906966740963165e+02,
       1.5910038267545769e+02, -3.6893759782088253e+01,
       -2.2884224108688468e+01, 1.6567496391248409e+02,
       -3.2469467405633122e+02, -5.5944175634522132e+01,
       1.0658214454938133e+02, -3.6893759782088253e+01,
       1.4836421203403353e+02, 7.6354535153900187e+00,
       -1.6653880448385589e+01, 5.3529377686596256e+01,
       1.5006550039414858e+01, -2.6155725376529087e+01,
       -2.2884224108688471e+01, 7.6354535153900187e+00,
       2.0530275408568077e+01, 9.3797665073472308e+03,
       4.7117537983509595e+02, 2.0341449356494779e+03,
       -1.1069366734472349e+02, -5.8997816485924375e+02,
       3.5211410249379861e+02, -9.4053367799172733e+01,
       4.7117537983509601e+02, 9.9841807520862785e+03,
       -2.3881844666958207e+02, 2.9829990999296905e+02,
       2.2916859709040335e+02, 2.1277001606223120e+01,
       1.3463443599667386e+02, 2.0341449356494772e+03,
       -2.3881844666958224e+02, 2.8811815980495976e+03,
       1.2782806173174627e+02, 1.5119689245175286e+02,
       -5.3072618156485923e+01, -7.7873802642388439e+00,
       -1.1069366734472349e+02, 2.9829990999296905e+02,
       1.2782806173174627e+02, 2.4242633329754663e+03,
       -1.2957752262337175e+02, -2.6003218411714539e+00,
       -9.1750219136285537e+01, -5.8997816485924352e+02,
       2.2916859709040335e+02, 1.5119689245175286e+02,
       -1.2957752262337175e+02, 3.3323356325489289e+02,
       1.5758446480558048e+01, -2.1142109860534585e+01,
       3.5211410249379850e+02, 2.1277001606223109e+01,
       -5.3072618156485937e+01, -2.6003218411714619e+00,
       1.5758446480558050e+01, 2.7270925371706102e+02,
       -1.1302667513483051e+01, -9.4053367799172705e+01,
       1.3463443599667383e+02, -7.7873802642388403e+00,
       -9.1750219136285523e+01, -2.1142109860534578e+01,
       -1.1302667513483051e+01, 4.5548187296461634e+01,
       4.0886392647522825e+03, 8.3795332155962654e+01,
       3.0835264518121389e+03, 1.4331306985410632e+02,
       -1.0407687069345879e+02, -2.3900691134691893e+01,
       -5.2826084949225979e+01, 8.3795332155962640e+01,
       5.5910552299141445e+03, -4.3843122625571063e+01,
       2.4570586762566290e+03, -3.7147520131393783e+01,
       -1.3276720256028935e+02, 4.0286776354883258e+01,
       3.0835264518121389e+03, -4.3843122625571013e+01,
       2.5738910387948631e+03, 3.0333968206983617e+01,
       -8.0735807980703399e+01, 5.1905395725505578e+01,
       1.6019022734482157e+01, 1.4331306985410640e+02,
       2.4570586762566290e+03, 3.0333968206983606e+01,
       1.1717893944334996e+03, -6.5617379685881929e+01,
       -8.6729421721120332e+01, 3.2315649877032961e+00,
       -1.0407687069345879e+02, -3.7147520131393790e+01,
       -8.0735807980703399e+01, -6.5617379685881900e+01,
       4.0084814005361181e+01, 8.0300967635371983e+00,
       4.9893154058243283e+00, -2.3900691134691900e+01,
       -1.3276720256028938e+02, 5.1905395725505578e+01,
       -8.6729421721120332e+01, 8.0300967635371983e+00,
       8.1185706310504855e+01, 2.6566498546578416e+01,
