%YAML:1.0
means: !!opencv-matrix
   rows: 10
   cols: 7
   dt: d
   data: [ 2.2296003027236480e+01, -1.4513946037221023e+01,
       9.6859962404920950e+00, 2.8821332655747351e+01,
       2.4225218357172555e+01, 3.0154854810219649e+00,
       8.2835731129168622e-01, 3.3299969091323881e+01,
       -8.2828924824276243e+01, -1.8417352654361121e+01,
       -3.7123201907444781e+01, 1.8244171542887774e+01,
       3.2726077923265020e+00, 1.5279759735306495e+00,
       -1.6942122180613947e+02, -1.1437225140974429e+02,
       4.7930943185725653e+01, 4.0648805988941312e+01,
       -3.3358367166479375e+01, -3.0036800696736403e+00,
       -3.7610610313722534e+00, -1.4439174538626182e+02,
       -4.1972687601130644e+01, 4.1613835573166767e+01,
       1.1562894913797198e+01, -2.0024041414871001e+00,
       8.7515138667493257e+00, 2.4049936354746551e-01,
       3.2945774773624166e+01, -5.2898335189235709e+01,
       -3.1002657919584640e+00, 1.6723723300872404e+01,
       -9.9475841608717150e+00, -1.1575614689460091e+01,
       -1.1335137441708178e+00, -1.6843346452639156e+02,
       3.9934016000631452e+01, 3.4322172026379810e+01,
       -2.9095472488228438e+01, -2.7139032505722862e+00,
       -2.5716633530438995e+00, 4.8455680744833340e-01,
       1.4231052793907634e+02, 2.7052645061827647e+01,
       -3.9216352103841643e+01, 3.9147750408841540e+00,
       -7.7064834167997525e+00, -1.0712336870237422e+01,
       -2.0792595758685501e+00, 3.3926883696642776e+01,
       1.2091241149273024e+02, -2.5428034658172145e+01,
       -4.9045898455909587e+01, -6.2793764948327535e+00,
       -1.8776581815318247e-01, 2.0859665814961468e+00,
       9.5514657804163718e+01, -4.5437476339540794e+01,
       -2.1139554306682012e+01, 3.8095279132062551e+01,
       -2.7748584542349928e+01, 2.3079417024607331e+01,
       1.2804629385170945e+00, -6.9248565108531722e+01,
       1.1019829320434573e+02, 3.9034807089912498e+00,
       -4.6459687168167314e+01, 7.5395592031923253e-01,
       -9.3372426670438061e-02, -2.5409204760293824e-01 ]
covs: !!opencv-matrix
   rows: 70
   cols: 7
   dt: d
   data: [ 6.7256636108351959e+03, -4.8506425677215861e+02,
       2.5591479264058016e+03, -6.2796354807853947e+02,
       -4.4451052649731849e+02, -5.3296288511809253e+00,
       -2.3546212211184912e+01, -4.8506425677215873e+02,
       8.7021829313859635e+03, 1.5082430746436617e+02,
       8.0256560948504080e+02, -6.5745194180967658e+01,
       -3.3965240351255363e+02, -4.2456520998093040e+01,
       2.5591479264058016e+03, 1.5082430746436609e+02,
       2.5643217311088597e+03, -2.4316526107120401e+02,
       5.1176539358967091e+01, 3.1006490954971703e+01,
       9.7995316076082908e+00, -6.2796354807853947e+02,
       8.0256560948504080e+02, -2.4316526107120401e+02,
       1.7995441904991801e+03, -4.1210356286017742e+00,
       1.2188744513748595e+02, 2.3616768009067449e+01,
       -4.4451052649731849e+02, -6.5745194180967701e+01,
       5.1176539358967098e+01, -4.1210356286017813e+00,
       2.8654290246215362e+02, -5.7432766672985537e+01,
       -2.9734580529664385e+01, -5.3296288511809280e+00,
       -3.3965240351255363e+02, 3.1006490954971728e+01,
       1.2188744513748595e+02, -5.7432766672985537e+01,
       2.3996179253333136e+02, -5.2183083354759479e+00,
       -2.3546212211184905e+01, -4.2456520998093040e+01,
       9.7995316076082961e+00, 2.3616768009067457e+01,
       -2.9734580529664385e+01, -5.2183083354759479e+00,
       2.4635637603057432e+01, 7.6663923965613785e+03,
       -5.5770125521106092e+02, 2.2335281213826652e+03,
       -3.7780736118692005e+02, -7.5699089381574368e+02,
       -8.5840049180777740e+01, -3.7208045779226559e+01,
       -5.5770125521106092e+02, 4.2498088252692105e+03,
       -4.3778657538997476e+02, -9.2752577884414654e+02,
       -2.3333781484195760e+02, -2.7543574311571825e+02,
       -6.4652397894184874e+00, 2.2335281213826647e+03,
       -4.3778657538997476e+02, 2.5098347810397777e+03,
       -2.9300493922534986e+02, 9.7509378277495642e+01,
       4.6331533244789100e+01, 3.3431919112728515e+01,
       -3.7780736118692005e+02, -9.2752577884414654e+02,
       -2.9300493922534986e+02, 1.1429113591443665e+03,
       1.7605366262458990e+01, 8.2576310464160173e+01,
       3.4645338492802878e+01, -7.5699089381574356e+02,
       -2.3333781484195754e+02, 9.7509378277495642e+01,
       1.7605366262458990e+01, 3.2463204889400583e+02,
       -2.7488383674087288e+01, -1.9789908841411680e+01,
       -8.5840049180777768e+01, -2.7543574311571831e+02,
       4.6331533244789100e+01, 8.2576310464160173e+01,
       -2.7488383674087302e+01, 1.3943274901582194e+02,
       -1.3946554387124978e+01, -3.7208045779226566e+01,
       -6.4652397894184856e+00, 3.3431919112728522e+01,
       3.4645338492802885e+01, -1.9789908841411684e+01,
       -1.3946554387124984e+01, 2.0851286378711642e+01,
       5.4265447254222399e+03, -2.5799535336846583e+02,
       3.1623922075121386e+03, -9.0633601767402320e+02,
       8.5050472813263287e+00, 9.5212871612875460e-01,
       3.6409710059372344e+01, -2.5799535336846589e+02,
       7.5483846984244155e+03, 7.9529612391011995e+02,
       2.2551011915930580e+03, 3.6166279707938185e+02,
       7.8031506422440771e+02, 9.8961355814405792e+01,
       3.1623922075121386e+03, 7.9529612391011972e+02,
       2.5313574248643226e+03, -5.5454937548241631e+01,
       -4.3222830906056132e+01, -8.5606942675940175e+01,
       -3.2177783356150023e+01, -9.0633601767402320e+02,
       2.2551011915930580e+03, -5.5454937548241624e+01,
       1.8713266394456939e+03, -1.1651874584227447e+02,
       -2.0922604246270876e+02, -3.8849682989463396e+01,
       8.5050472813263251e+00, 3.6166279707938190e+02,
       -4.3222830906056146e+01, -1.1651874584227448e+02,
       1.2389157759805350e+02, 1.3633321301156710e+02,
       1.4513349284534087e+01, 9.5212871612878436e-01,
       7.8031506422440771e+02, -8.5606942675940175e+01,
       -2.0922604246270873e+02, 1.3633321301156710e+02,
       3.5673635930472244e+02, 1.3608513844765307e+01,
       3.6409710059372337e+01, 9.8961355814405763e+01,
       -3.2177783356150023e+01, -3.8849682989463396e+01,
       1.4513349284534087e+01, 1.3608513844765310e+01,
       3.8802102130953138e+01, 8.2877209718689355e+03,
       3.9680464216442800e+02, 2.6842521404966383e+03,
       -7.5015703765795115e+02, 6.8599684539795226e+02,
       5.4838809836879273e+02, 1.3988961508968313e+02,
       3.9680464216442812e+02, 6.5426700892237350e+03,
       8.5269968171082007e+02, 2.5162433037563351e+03,
       2.5878946250904863e+02, 2.0905717447503329e+02,
       1.5745786533250621e+01, 2.6842521404966387e+03,
       8.5269968171082007e+02, 2.4247121446798033e+03,
       -1.2296090606810303e+02, -1.4416227167546356e+02,
       -6.9191991124727295e+01, -2.1207911950217049e+01,
       -7.5015703765795081e+02, 2.5162433037563351e+03,
       -1.2296090606810303e+02, 1.7439342988038975e+03,
       -3.0038707362908632e+01, 3.0711222637797793e+01,
       1.9763624276467517e+01, 6.8599684539795214e+02,
       2.5878946250904858e+02, -1.4416227167546356e+02,
       -3.0038707362908646e+01, 2.7094564762269317e+02,
       1.1323933427013321e+02, 6.7023027679015259e+00,
       5.4838809836879273e+02, 2.0905717447503329e+02,
       -6.9191991124727338e+01, 3.0711222637797803e+01,
       1.1323933427013321e+02, 2.1497802922618814e+02,
       -7.5274595757212559e+00, 1.3988961508968310e+02,
       1.5745786533250621e+01, -2.1207911950217042e+01,
       1.9763624276467517e+01, 6.7023027679015277e+00,
       -7.5274595757212568e+00, 2.6561789920272805e+01,
       1.2401862721878460e+04, 1.9987271532482498e+02,
       1.4471880455933010e+03, -2.8560499107902533e+01,
       -2.9206787842304351e+02, 6.8223094114088269e+02,
       -9.6322280905614246e+00, 1.9987271532482498e+02,
       1.8190797883885392e+04, -1.8841837490251219e+01,
       -1.5168311790555510e+03, -3.1813404925690264e+02,
       1.1419122854035290e+03, 1.1406676862992130e+02,
