%YAML:1.0
means: !!opencv-matrix
   rows: 6
   cols: 3
   dt: d
   data: [ 1.2687013775206479e+01, 3.4113073097692559e+00,
       1.3993384678729983e+01, -3.4454733900259519e+01,
       5.6578767475048775e+00, -6.5876188447361059e+01,
       -2.4425650891407889e+02, 6.2929705846069659e+00,
       -1.7482600497008278e+01, 1.1495977701352498e+02,
       -4.2625048639757059e+00, -2.3957864429355610e+01,
       -1.3912479539029022e+02, 4.8172224488995630e+00,
       6.1613527246585967e+01, 1.1319192808068139e+02,
       -1.3805410501525275e+01, 6.0347160887214983e+01 ]
covs: !!opencv-matrix
   rows: 18
   cols: 3
   dt: d
   data: [ 4.8747381382581316e+03, 1.4152386099614837e+03,
       5.2808907086222041e+02, 1.4152386099614837e+03,
       1.0925137765740754e+04, 9.2172560730903925e+01,
       5.2808907086222030e+02, 9.2172560730903911e+01,
       1.0578132384880228e+03, 5.8795734524893987e+03,
       7.5037611181059492e+02, -1.3726009342851025e+03,
       7.5037611181059492e+02, 9.9830733327374965e+03,
       2.5253600048302496e+02, -1.3726009342851025e+03,
       2.5253600048302511e+02, 1.0773880866244353e+03,
       2.9877505963009990e+03, -9.2529978181046249e+02,
       2.2564306487969350e+02, -9.2529978181046283e+02,
       1.1827112716743108e+04, 5.2366058862550165e+02,
       2.2564306487969344e+02, 5.2366058862550165e+02,
       4.9721165788134408e+02, 3.9326685095018179e+03,
       6.0180913674118710e+02, 1.2164793533575635e+03,
       6.0180913674118722e+02, 7.1754689628549677e+03,
       -1.2073126083501209e+02, 1.2164793533575635e+03,
       -1.2073126083501212e+02, 1.5456714077767811e+03,
       3.7468941215529194e+03, -6.5328940909736536e+02,
       1.1836980434884383e+03, -6.5328940909736536e+02,
       1.0956363936962569e+04, 4.0236883181464412e+02,
       1.1836980434884385e+03, 4.0236883181464412e+02,
       1.2313120694669096e+03, 7.9726375066210067e+03,
       1.1929663460407619e+03, -1.8576585989718926e+03,
       1.1929663460407619e+03, 9.4174003416419855e+03,
       -4.7185206841637793e+01, -1.8576585989718926e+03,
       -4.7185206841637815e+01, 7.5526542888366987e+02 ]
weights: !!opencv-matrix
   rows: 1
   cols: 6
   dt: d
   data: [ 1.9894153048236951e-01, 2.0642344078526281e-01,
       7.6369120372574303e-02, 2.2901604038112988e-01,
       1.4199319446863992e-01, 1.4725667351000360e-01 ]
pca_proj: !!opencv-matrix
   rows: 3
   cols: 21
   dt: f
   data: [ 4.36961316e-02, 8.50134730e-01, 1.73015636e-04,
       6.54514134e-02, 4.60692108e-01, 2.29939164e-04, 7.67599978e-03,
       1.46649793e-01, -1.37564148e-05, 1.21663406e-03, 1.30500361e-01,
       -5.45994153e-05, 8.06188770e-03, 1.42052382e-01, -2.12945142e-05,
       -2.45414903e-05, 9.56867734e-06, -1.94090262e-06, 3.13729906e-05,
       4.34020360e-04, 2.32224409e-07, 7.68702388e-01, -5.10314330e-02,
       1.14127281e-04, 4.21110362e-01, -3.83849256e-02, 4.02935693e-05,
       2.81941950e-01, -1.35209868e-02, 1.95932400e-04, 2.66951323e-01,
       -4.70317341e-03, 2.29704310e-04, 2.76557714e-01, -1.55316098e-02,
       2.11025646e-04, -3.74769334e-05, 5.54774260e-06, -7.89335627e-06,
       8.86836962e-04, -5.85095040e-05, 1.91629806e-04, 1.28585771e-02,
       -3.46314937e-01, -1.22481215e-04, -4.01510373e-02, 1.58088982e-01,
       -1.45607672e-04, 1.89476740e-02, 5.27356327e-01, 2.33430081e-04,
       1.79703757e-02, 5.36674440e-01, 2.90960423e-04, 1.17339585e-02,
       5.35117626e-01, 2.47836346e-04, -7.02231409e-06, -3.17391914e-06,
       2.59759432e-08, 1.54912759e-05, 1.72088097e-03, 2.08691781e-04 ]
pca_mean: !!opencv-matrix
   rows: 1
   cols: 21
   dt: f
   data: [ 2.07625534e+02, 2.55653595e+02, 1.54502928e+00,
       2.18915131e+02, 2.60592743e+02, 1.67241716e+00, 2.65274475e+02,
       2.24016678e+02, 1.71669352e+00, 3.19420807e+02, 1.63929108e+02,
       1.75046074e+00, 3.16613464e+02, 2.25532654e+02, 1.70717156e+00,
       1.08872897e-04, -9.74175637e-05, 6.24380555e-05, -2.17504916e-04,
       -2.50119597e-01, 1.75055194e+00 ]
gamma: !!opencv-matrix
   rows: 6
   cols: 1
   dt: d
   data: [ 8.9012937178557316e-01, 8.3854787300701561e-01,
       8.7128547161275627e-01, 9.0650649599264932e-01,
       9.1356272592387255e-01, 8.1423239138143633e-01 ]
