%YAML:1.0
means: !!opencv-matrix
   rows: 23
   cols: 5
   dt: d
   data: [ 8.2706298655827659e+00, -5.1836753645252990e+01,
       -2.7712718550421442e+01, 5.9316225862879762e+01,
       1.9692422230437372e+00, -8.8336445534626705e+01,
       -3.3960559136635183e+01, 4.3134198198327887e+01,
       1.6887489683788658e+01, 5.5714562737657234e+00,
       2.3919274640239468e+01, 1.0184435975956623e+02,
       -1.3417837746954318e+01, -3.8501457650233995e+01,
       -1.2481777446400306e+01, 1.6271234666040610e+02,
       2.7064900920831407e+00, -4.8616517793492015e+01,
       1.1619981864304387e+01, -1.1533025578532982e+01,
       1.3721203990784497e+02, -5.2729226490204283e+01,
       4.6551099141847260e+01, 3.1528633971867052e+01,
       -3.5116244372688037e+00, -2.1349999872558143e+02,
       1.0302046479886258e+01, 4.1800799751361923e+00,
       -3.7767759874608084e+00, -1.2770092693575661e+00,
       1.0221495191880858e+02, -4.6569829328328254e+01,
       -2.0100430893928845e+01, 3.6622830684802153e+01,
       -2.7239243759879077e+01, 2.0178196309958478e+00,
       4.3338811990826983e+01, -4.4590240621786208e+01,
       -6.7209037580791900e+01, 2.0426509640602939e+00,
       -1.0895991169190161e+02, 1.3528007158459772e+02,
       3.8626427132150546e+01, -1.7640434263402113e+01,
       -4.7430659731684086e+00, -2.5186412240399173e+02,
       -8.5818133001126498e+01, 3.3370394466507598e+00,
       3.8533611353292493e+01, -2.4524771566895168e+01,
       1.2220752542301643e+00, -1.5712580783931998e+02,
       1.3859395245549932e+01, 6.4083229492687636e+01,
       1.4875310230458862e+01, -1.7128761903693427e+01,
       -8.1034482056383155e+01, -8.3877139423996638e+01,
       -2.5203911794573202e+01, 5.8035138341357815e+00,
       1.1808493977481236e+02, 6.5791504785142607e+01,
       4.4687698527190655e+01, -5.1182440417861415e+01,
       4.4609709339587682e-02, 1.7937835250521579e+02,
       1.2289408976968417e+02, 1.2250920878819846e+01,
       3.0064020649468297e+01, -1.0088336531278406e+01,
       9.7789495283689263e+01, -3.8856845122883961e+01,
       7.8250885223699001e+01, 1.0573263993212303e+00,
       3.3764500438634471e+01, -7.5425240848756104e+01,
       6.9152468407497434e+00, -3.8565201114727465e+01,
       3.3554395286392577e+01, 3.6590685220527071e+01,
       -1.3309170879207966e+02, -6.3096190889076873e+01,
       8.7811561983763511e+01, 6.3705857439804934e+00,
       -2.2214368740468220e+01, 1.0457999886616572e+02,
       -9.8738778573159593e+01, -6.5809571373897056e+00,
       -4.4097471548014049e+01, 2.7327425361702460e+00,
       4.4324787735671137e+01, 6.7862796779070734e+01,
       2.5441257493920762e+01, 1.5581458009958929e+01,
       2.1600421561815409e+01, -1.3258166472004351e+02,
       -2.8595388597232883e+00, 1.7725249125622103e+01,
       -7.9997293756322364e+01, -6.7721372974287268e+00,
       -1.0554658476772927e+01, 1.1054648909705196e+02,
       -5.6543451197003698e+01, 1.7075172013751310e+01,
       6.0737624893598072e+00, 6.9315225896709990e+01,
       -4.3548124274985270e+01, -5.8477732918039734e+01,
       4.8900061251661292e+01, -2.4615197379119344e+01,
       2.5030983015194042e+00, -9.5471881042430482e+01,
       -1.4849733737287465e+00, -2.8327809440971993e+01,
       3.5495458656859348e+01 ]
covs: !!opencv-matrix
   rows: 115
   cols: 5
   dt: d
   data: [ 6.6548213241964449e+03, -1.8072174505731130e+02,
       4.6492782435227747e+02, 2.1745274384191526e+02,
       -2.4236149470670134e+02, -1.8072174505731124e+02,
       5.3329568092018862e+03, 3.0801934236878139e+02,
       1.8678820244897295e+03, -8.1619937206478838e+01,
       4.6492782435227747e+02, 3.0801934236878139e+02,
       1.1161219776806981e+03, -9.7208480216857296e+01,
       1.3481309615118718e+01, 2.1745274384191529e+02,
       1.8678820244897297e+03, -9.7208480216857296e+01,
       1.2562417361982584e+03, 7.2159954587157600e+01,
       -2.4236149470670136e+02, -8.1619937206478838e+01,
       1.3481309615118722e+01, 7.2159954587157600e+01,
       2.6014600701286361e+02, 5.7039952354965380e+03,
       4.4770854272813352e+02, 2.2947665482110669e+03,
       -1.2603130203776591e+03, 6.7016946641778554e+02,
       4.4770854272813352e+02, 6.0089885575575609e+03,
       4.2090721335325418e+02, 2.3468857257396021e+03,
       5.3475754593412580e+02, 2.2947665482110669e+03,
       4.2090721335325418e+02, 2.1726090772178295e+03,
       -1.4782050429333967e+02, -1.6563705125835398e+02,
       -1.2603130203776593e+03, 2.3468857257396021e+03,
       -1.4782050429333967e+02, 1.6810977646731146e+03,
       -1.7612065036991987e+02, 6.7016946641778554e+02,
       5.3475754593412580e+02, -1.6563705125835398e+02,
       -1.7612065036991984e+02, 4.1158386936350593e+02,
       6.4183799524920823e+03, -2.3001005079427475e+02,
       1.9101324339244525e+03, -2.6678605186379605e+02,
       1.4276463834963977e+02, -2.3001005079427489e+02,
       8.1427559716453106e+03, 6.4339405355720078e+02,
       1.3326779724163293e+03, 1.1128760401585812e+02,
       1.9101324339244525e+03, 6.4339405355720089e+02,
       2.1055740997949474e+03, -2.8549445139134800e+01,
       -8.5454408164119357e+01, -2.6678605186379593e+02,
       1.3326779724163293e+03, -2.8549445139134789e+01,
       1.8066765408090289e+03, 7.2753688147707408e+01,
       1.4276463834963974e+02, 1.1128760401585811e+02,
       -8.5454408164119357e+01, 7.2753688147707408e+01,
       3.7192476693772598e+01, 5.7618477631825881e+03,
       -1.3342651338085013e+03, 2.3701474794169785e+03,
       -1.0395912066362362e+03, -7.1815259548969735e+01,
       -1.3342651338085013e+03, 5.9756562580719756e+03,
       -1.3172624761653097e+02, 2.0883279494302642e+03,
       1.2891835584604140e+01, 2.3701474794169785e+03,
       -1.3172624761653100e+02, 1.9713628235874401e+03,
       -4.5649149994209051e+02, -1.0023661615099302e+02,
       -1.0395912066362362e+03, 2.0883279494302642e+03,
       -4.5649149994209063e+02, 1.7786703412833608e+03,
       9.7891394795987026e+01, -7.1815259548969749e+01,
       1.2891835584604147e+01, -1.0023661615099302e+02,
       9.7891394795987026e+01, 4.5716279652245298e+01,
       4.9239081167248078e+03, 7.0433187682189498e+02,
       -4.7997153955044286e+02, 3.7610202924189718e+02,
       -2.2079519932876568e+02, 7.0433187682189498e+02,
       6.2195945514522400e+03, 2.5796507426605666e+02,
       1.9852913966819042e+03, -1.9272921676992382e+02,
       -4.7997153955044291e+02, 2.5796507426605666e+02,
       6.9072837305410690e+02, 1.4349811632045694e+02,
       8.7557390333430973e+01, 3.7610202924189741e+02,
       1.9852913966819042e+03, 1.4349811632045697e+02,
       1.3553204747944662e+03, 2.3465680022748273e+01,
       -2.2079519932876565e+02, -1.9272921676992382e+02,
       8.7557390333430973e+01, 2.3465680022748280e+01,
       2.6472741711216219e+02, 4.7233364274397509e+03,
       -5.4760729631331810e+02, 8.9375666057183605e+02,
       -2.3540709342597302e+02, 4.3518517831929006e+02,
       -5.4760729631331833e+02, 9.7349973592170682e+03,
       1.6285674872222728e+01, 1.7722967464240101e+03,
       2.2207692713976360e+02, 8.9375666057183628e+02,
       1.6285674872222710e+01, 1.1303485341955779e+03,
       3.0581486916779926e+02, -1.2674845811371009e+02,
       -2.3540709342597293e+02, 1.7722967464240098e+03,
       3.0581486916779937e+02, 1.3818168928238501e+03,
       1.7131416325397328e+01, 4.3518517831929006e+02,
       2.2207692713976360e+02, -1.2674845811371009e+02,
       1.7131416325397335e+01, 1.4040370201895496e+02,
       3.9878099065546830e+03, -5.3290540596570814e+01,
       2.8246355770780938e+03, -7.9590671724362687e+02,
       -9.3626575358777785e+01, -5.3290540596570814e+01,
       5.0083353221635525e+03, 9.2836893893225465e+02,
       2.6551406046861930e+03, -3.7411461525158188e+01,
       2.8246355770780933e+03, 9.2836893893225465e+02,
       2.4687081610560572e+03, -1.0481834167942397e+02,
       -9.8740750007605612e+01, -7.9590671724362710e+02,
