%YAML:1.0
means: !!opencv-matrix
   rows: 13
   cols: 8
   dt: d
   data: [ -1.2336291214915026e+02, 1.2061050973422259e+02,
       1.0803785584501256e+01, -5.4032717676427190e+01,
       -1.4587038941146803e+01, -5.2162058336235317e-01,
       6.2153192318887562e-01, -6.0672128934557167e-02,
       9.8499111228720551e+01, -4.5567816514817039e+01,
       -2.2073850632461809e+01, 3.6971154660432653e+01,
       -2.7573212227777471e+01, 2.4021975333251405e+01,
       1.1563186166118533e+00, 1.3296559756321324e+00,
       -1.6265251189216073e+02, 4.0862096559247703e+01,
       3.3953014716094422e+01, -3.0223179347483065e+01,
       -1.8355112170099142e+00, -2.6916263186151728e+00,
       5.4424917495294356e-01, 8.6815435312978273e-01,
       5.0537942536088870e+01, -3.8291533632912163e+01,
       1.6065341651929277e+01, 1.9686937828405060e+01,
       1.4906924410392929e+01, 1.1440388831481540e+01,
       4.0980482627681653e-01, -1.1067639272588328e-01,
       -2.8362195158328123e+00, 1.2952014344632962e+01,
       3.1147187698112244e+00, -1.6027969105066681e+01,
       2.7591583740488840e+01, -1.2674653278618653e+00,
       1.9283305345372495e+00, -4.9972478074423832e-01,
       3.4992983222213155e+01, 1.2341796938156030e+02,
       -2.7264150032560760e+01, -5.0975410889398475e+01,
       -8.6977764225762311e+00, 9.2108006288646493e-01,
       2.2835111931594341e+00, -2.7289403750578162e-01,
       6.9413237076789827e+01, 6.3659235036441750e+01,
       -1.9259296343645314e+01, -2.4571036891210412e+01,
       -4.2187109976693247e+00, -5.4012768796458737e+00,
       -2.6547898000443193e+00, -7.0454400409487181e-02,
       1.6367101177366163e+02, -1.1022463988019387e+01,
       -4.0805744036620808e+01, 2.3317819641716302e+01,
       -1.5400937891595150e+01, -6.1528635414361332e-01,
       7.4314254661628587e-01, -2.2075907502888059e-01,
       -1.6916937054090010e+02, -1.1265885770610222e+02,
       4.7948967853866478e+01, 4.0075488108653637e+01,
       -3.2909800500335265e+01, -2.5665016646586678e+00,
       -3.6394010294547896e+00, -5.9065691573460988e-01,
       4.1725254991230564e+01, -4.7615012864449412e+01,
       -3.9155712125893678e+00, 1.7174510703739600e+01,
       -6.6289655564196757e+00, -1.8322143601478370e+01,
       -2.0102584171293927e+00, 2.9084897699531365e-01,
       -1.4523375128615066e+02, -4.2053394924483669e+01,
       4.1603026647619998e+01, 1.0786781643215383e+01,
       -1.8066263038097847e+00, 8.3543776451898211e+00,
       3.1221263734380517e-01, 8.8642191163909967e-01,
       8.2382316856030684e+00, -1.6643638635696269e+02,
       1.7232716317741822e+01, 5.7409398015515734e+01,
       1.9045340352355215e+01, -8.8046609229863897e+00,
       -6.1449650554998625e-01, -1.1583643498473355e+00,
       2.6178328699751514e+01, -1.8443526250743535e+01,
       -4.6019661817738800e+01, 2.1987252441249435e+01,
       1.9766407826790090e+01, -7.6360169364075032e+00,
       8.8931272795230121e-01, -8.0198776320268228e-01 ]
covs: !!opencv-matrix
   rows: 104
   cols: 8
   dt: d
   data: [ 5.9977530785159161e+03, 1.4635905282392187e+02,
       2.7679784200730815e+03, -1.0619552755932284e+03,
       1.8374642680398554e+02, 1.1777128470691338e+02,
       6.1725953909680861e+01, 3.6812183121148465e+01,
       1.4635905282392201e+02, 6.0322725917957841e+03,
       7.6090948568941394e+02, 2.4596402909130938e+03,
       1.0497579290858901e+01, 2.5263635422261647e+01,
       -9.8026098273562084e+01, -3.4424143862374414e+01,
       2.7679784200730815e+03, 7.6090948568941394e+02,
       2.6195765448966199e+03, -1.0309616192212482e+01,
       -1.0252353686436322e+02, -7.1594254245477458e+01,
       -2.2800910684136472e+01, -3.7439676388432193e+00,
       -1.0619552755932284e+03, 2.4596402909130948e+03,
       -1.0309616192212493e+01, 1.7275576406782320e+03,
       1.3221880793305326e+01, -1.0697213204321383e+02,
       2.3841314142614074e+01, -6.3568203428614094e+00,
       1.8374642680398551e+02, 1.0497579290858894e+01,
       -1.0252353686436321e+02, 1.3221880793305330e+01,
       1.3938488055633297e+02, 6.1359922855546074e+01,
       1.0661226136890793e+01, 1.6217883835551373e+01,
       1.1777128470691338e+02, 2.5263635422261650e+01,
       -7.1594254245477458e+01, -1.0697213204321382e+02,
       6.1359922855546074e+01, 5.9292723660718764e+01,
       -1.2446671249279037e+01, 3.3707316232727758e+00,
       6.1725953909680861e+01, -9.8026098273562056e+01,
       -2.2800910684136472e+01, 2.3841314142614074e+01,
       1.0661226136890793e+01, -1.2446671249279035e+01,
       2.4025854187071626e+01, 1.2013824780946452e+00,
       3.6812183121148458e+01, -3.4424143862374414e+01,
       -3.7439676388432224e+00, -6.3568203428614058e+00,
       1.6217883835551373e+01, 3.3707316232727766e+00,
       1.2013824780946447e+00, 1.8037561435853195e+01,
       4.1338276697978990e+03, -1.1438258360126790e+02,
       2.9163059297942100e+03, -8.2117047821689073e+02,
       -8.1037287619671929e+01, -2.2910218578631895e+01,
       -6.8616941708990524e+01, 1.4103000705583379e+00,
       -1.1438258360126790e+02, 5.0711907588125232e+03,
       9.2955948305942036e+02, 2.6900574106022950e+03,
       -3.9459396335187662e+01, -6.5268343596992935e+01,
       -2.7375094941167347e+01, -3.8229131413269286e+01,
       2.9163059297942100e+03, 9.2955948305942013e+02,
       2.5490646127028322e+03, -1.0630481569090156e+02,
       -9.4650696656935963e+01, -8.0177345703409841e+01,
       8.6501110886161712e+00, -2.1466108128127996e+00,
       -8.2117047821689073e+02, 2.6900574106022950e+03,
       -1.0630481569090159e+02, 1.7578373434091109e+03,
       6.8704935513577240e+01, -1.2140591008915162e+02,
       -1.2050065642103824e+01, 8.5554773560814610e+00,
       -8.1037287619671929e+01, -3.9459396335187662e+01,
       -9.4650696656935963e+01, 6.8704935513577226e+01,
       3.5780839201588670e+01, -3.4325971514775887e+01,
       -2.1991308643082341e+00, 1.2380267508134022e+01,
       -2.2910218578631909e+01, -6.5268343596992921e+01,
       -8.0177345703409841e+01, -1.2140591008915166e+02,
       -3.4325971514775894e+01, 1.3252980781677172e+02,
       -2.2971031692317553e+01, -2.3991946822631620e+00,
       -6.8616941708990524e+01, -2.7375094941167347e+01,
       8.6501110886161676e+00, -1.2050065642103824e+01,
       -2.1991308643082350e+00, -2.2971031692317556e+01,
       2.1458736138407065e+01, -2.9274377364400328e-01,
       1.4103000705583375e+00, -3.8229131413269279e+01,
       -2.1466108128128010e+00, 8.5554773560814628e+00,
       1.2380267508134022e+01, -2.3991946822631625e+00,
       -2.9274377364400334e-01, 1.4149134667379727e+01,
       7.2823203821551815e+03, 4.7376773670279306e+02,
       2.7630988326502288e+03, -1.0098539884561799e+03,
       3.0498193519627358e+02, 2.9366111668615292e+02,
       1.2337761645389047e+02, 1.9617153736459493e+01,
       4.7376773670279306e+02, 6.9100835126564234e+03,
       6.0575164122167803e+02, 2.3389783398637192e+03,
       1.7061220047177204e+02, 1.4339035994649541e+02,
       -3.0870255858318469e+01, -2.6318260847889925e+00,
       2.7630988326502288e+03, 6.0575164122167780e+02,
       2.4066858221544931e+03, -1.4736583055411074e+01,
       -1.0997956892416961e+02, -7.6049640266298999e+00,
       -1.7388992877559776e+01, -3.8813776518567216e+00,
       -1.0098539884561799e+03, 2.3389783398637192e+03,
       -1.4736583055411069e+01, 1.6676596387025791e+03,
       3.4541782319885272e-01, -3.0556430020942624e+01,
       3.3162522711825332e+01, 5.4371511056087751e+00,
       3.0498193519627358e+02, 1.7061220047177204e+02,
       -1.0997956892416958e+02, 3.4541782319885356e-01,
       1.1261540995117389e+02, 6.5738374630640038e+01,
       2.6407895322301043e+00, 4.2981479294578309e+00,
       2.9366111668615292e+02, 1.4339035994649547e+02,
       -7.6049640266298937e+00, -3.0556430020942624e+01,
       6.5738374630640038e+01, 1.8692750548057884e+02,
       1.0896694706827256e-01, 2.8208001317892077e+00,
