%YAML:1.0
means: !!opencv-matrix
   rows: 27
   cols: 7
   dt: d
   data: [ 3.8256566255874347e+01, 8.0811000648539689e+01,
       -2.2412123560846819e+01, -3.8371850074285476e+01,
       9.6367694900859089e+00, -7.5873546502126388e+00,
       5.5299265411422072e-01, -1.3883331793339487e+01,
       -3.3366159418007022e+01, 5.5456821702571908e+00,
       8.5341803063244424e+00, 4.0086030626507643e+01,
       -2.9105620755903634e+00, 1.5026385873156125e+00,
       6.8246771808523704e+01, -3.9868144767843830e+01,
       -1.4453261772372223e+01, 3.9648361349246585e+01,
       -3.0258853132194830e+01, 2.3848532294464917e+01,
       1.2462793401193497e+00, 7.2028490816284133e+01,
       2.5138180542185783e+01, 6.6939236669554191e+01,
       1.5459789643922173e+01, 1.7069522566325031e+01,
       9.4241848662121193e+00, 1.2922358318597333e+00,
       -1.5548062683444275e+02, -1.8118493293297925e+02,
       5.0574976582500277e+01, 6.0058360227675372e+01,
       -3.9728503902543764e+01, -2.6393555163674094e+01,
       -6.7354449127946845e+00, -6.0939516164719556e+01,
       1.3574716412344982e+01, -1.4296367726926835e+01,
       3.8959441466123884e+01, 2.1378866769261407e+01,
       1.1004456729706691e+01, 1.2559050488902568e+00,
       1.0009462281756687e+02, -4.7393814379042205e+01,
       -2.1756829095702511e+01, 3.5987449226603246e+01,
       -2.7527415998589959e+01, 2.3166262882756140e+01,
       1.1496128015591525e+00, -1.5107058936288396e+02,
       1.1717182541252589e+02, 1.6074141949591311e+01,
       -5.1433022810421534e+01, -2.3920685015255792e+01,
       -4.9570844699499927e+00, -5.5679419079161296e-01,
       2.8823196230082832e+01, -4.0856271091977959e+01,
       1.1000488386324294e+01, 2.2166276163399640e+01,
       3.3118699917553194e+01, -3.2841110333248942e+00,
       -4.3116082846041287e-01, -8.5278812562367477e+01,
       4.0004767040000971e+01, 8.5202856762413475e+01,
       -4.4358316791678440e+01, -1.8356524910806051e+00,
       -1.3471671247818697e+00, -1.3631883347449159e-01,
       -6.4591479410493790e+01, 8.9341273965760564e+01,
       3.3644486670612594e+00, -5.4639998660264979e+01,
       6.7948174451155348e+00, 3.4187709788711755e+00,
       -2.1580741547217368e+00, 2.4432378663699357e+01,
       1.2875729540388082e+02, -2.7689103659612023e+01,
       -5.4738815651936207e+01, -7.7183162959163774e+00,
       1.7305192401943250e+00, 2.2508196682951240e+00,
       -1.5134863649373639e+02, -3.3883943436535198e+01,
       4.0671339020590793e+01, 5.3066442999422652e+00,
       6.4582749273219653e-01, 5.7956645013251444e+00,
       3.7209255896826321e-01, -1.2197626887708088e+01,
       -9.6036486202905294e+01, -1.5080961484032459e+01,
       -3.1442709726000011e+01, 2.1039917719384839e+01,
       1.1986785842386869e+01, 1.6733534182598633e+00,
       9.1142248027560257e+01, 1.3785037846176170e+01,
       -2.8646679145811756e+01, -1.3667010270309217e+00,
       -4.6668037077265998e+00, -1.1338670319457902e+01,
       -4.3774323345618731e+00, -1.8214414338050307e+02,
       -1.1798957318009238e+02, 5.0941842435979645e+01,
       3.9351773865308004e+01, -3.3774977838055811e+01,
       -6.9238821890168198e+00, -2.8353947394654426e+00,
       1.4172265683743365e+02, -7.4177609981193129e+01,
       3.6127708332880012e+01, -5.9017597487817270e+01,
       5.8974818111173892e+00, 1.6945103249894939e+00,
       -7.2748996649328956e-01, -1.4511920936190097e+02,
       -5.9216231457554443e+01, 4.2171090371466889e+01,
       2.6761229889225127e+01, -1.7381079507156162e+01,
       1.5691104954570415e+01, -8.3852962373355111e-01,
       1.7880217177207058e+02, -1.9734781265064630e+01,
       -4.5587564694237976e+01, 2.8325971271214293e+01,
       -1.2101664181933536e+01, -6.4120657272014476e+00,
       8.7878725971692984e-01, 8.8528709542325913e+01,
       -7.1265662857355196e+01, -1.1939341162560906e+01,
       5.0795816396538456e+01, 2.8508349301102021e-01,
       2.5875292901528422e+01, 2.7401249312170419e+00,
       1.0558753688661011e+02, -5.2315715575850907e+00,
       -3.0948075223729088e+01, 1.7702814826092510e+01,
       8.1541712300941143e+00, -6.8247916425281803e+00,
       1.4515176551191963e-01, 5.9575778340142298e+00,
       -1.8215314094230555e+02, 1.5156404817649486e+01,
       6.1060356387998496e+01, 1.7690493060734848e+01,
       -1.4696693746534550e+01, -1.0320619100684811e+00,
       -1.6643636122168367e+01, -4.6035169904464908e+01,
       2.5515480745906873e+00, 9.8173902911040098e+00,
       -8.9316957823945913e+00, -1.4614103304930996e+01,
       -7.8604992904055215e-01, 3.4485951440227879e+01,
       1.0213552101438138e+02, -2.6546317667265534e+01,
       -4.4462218314093150e+01, -1.4945025282161179e+01,
       4.3917528168286353e+00, 1.3892402798801986e+00,
       1.4537255139250283e+02, 5.5858814316827825e+01,
       -4.2186185397916041e+01, -7.2156415593276053e+00,
       -1.4394110915241553e+01, -6.9590545810255220e+00,
       -1.7190833561889904e+00, -2.0888239653815259e+02,
       3.7129890243130234e+01, 1.0468123485795905e+01,
       -2.4181387907899371e+01, -2.7659916131669968e+00,
       -4.5390571376922635e+00, 5.2608450687499719e-01,
       -3.8509396680363231e+01, 1.5097566859540873e+02,
       7.1902183232815995e+00, -1.6169674384716000e+01,
       9.6384185367814723e+00, -4.3397252836958872e-01,
       2.5600265273134322e+00 ]
