%YAML:1.0
means: !!opencv-matrix
   rows: 41
   cols: 4
   dt: d
   data: [ 1.6459071798566956e+02, -4.5185035887728510e+01,
       2.8821528959411904e+01, 2.2327473740551479e+01,
       -2.1901945193980108e+01, 7.5389596129321149e+01,
       -6.0097092973082496e+01, -4.8344737791102645e+01,
       -1.2830357706887852e+02, -1.4173054900341893e+02,
       7.5732542800393858e+01, -3.0350929100130340e+01,
       2.4639475481115259e+01, -5.1438597700965801e+01,
       -7.7709269094499192e+01, 6.0621211577225338e+01,
       -2.3889767736636182e+02, 1.3947878662945368e+02,
       -2.1658588928655981e+01, 1.5214173325224017e+01,
       -5.1318370346056525e+00, 6.9122642827578048e+01,
       5.1471991629450621e+01, 4.3933329206321247e+01,
       6.7059322985171406e+01, -2.1903026819120413e+01,
       -9.1387600811689254e+01, 3.6397829334810341e+00,
       3.9865144052208571e+01, 1.6061376958174861e+02,
       1.1340690796088783e+01, -1.0791928807553562e+01,
       5.2852007316104235e+01, 5.0597514609171881e+01,
       -3.0218882633702315e+00, -7.3156053763661802e+01,
       -2.5673409693821111e+02, -6.8654982773453526e+01,
       6.6004443176376180e+00, 3.6504425970753275e+01,
       1.4074033513940185e+02, -1.5686101376622645e+02,
       4.1138995557139104e+01, -1.5228944822337027e+01,
       6.0291264653213851e+01, -2.3908563384313146e+02,
       3.5373096086876451e+01, 6.8728861730048479e+01,
       -1.8061994692526419e+01, -4.1691737545443850e+01,
       3.2602691539628090e+01, -1.2103702424847862e+01,
       -1.4929367044811221e+02, -2.4133647870082488e+01,
       8.6970781809595735e+01, 3.5274705177575015e+01,
       -2.5293461220728349e+02, 1.0644484865600488e+01,
       -4.5468179923179548e+01, -4.8397856616919348e+01,
       5.2940716634487984e+01, -8.5030356588657369e+01,
       -6.3748791157770611e+01, 2.4675462980791288e+01,
       8.8468016943739499e+01, 1.9149518010086375e+01,
       -1.1934269031922943e+01, 8.4172652878303481e+01,
       -6.3584078182378725e+01, 7.3216547008790513e+01,
       9.7044887181311069e+01, -1.7889004036955711e+01,
       2.3314453662396315e+02, -2.7460712213111080e+01,
       -6.6133513396664139e+00, -1.9677884913983199e+01,
       1.2273103493644112e+02, -1.1407925972601902e+02,
       -4.8580736294524854e+01, -3.4299435162984523e+01,
       -7.0960541715239074e+01, 2.3598567389211848e+01,
       -2.8406703280739364e+01, 5.9756954780312434e+01,
       2.9040882736203816e+01, -6.4194834552725354e+01,
       3.1898106130411833e+01, 3.7306567758509772e+01,
       -2.2199066621770513e+01, 1.5792809984586253e+02,
       -5.7036121839841748e+01, 2.8936149208517584e+01,
       -8.3448127020227744e+01, 1.3931181068646677e+02,
       -7.8923786770399175e+01, -1.1014656574461110e+01,
       -1.8918943824586441e+02, -9.3158720233496368e+01,
       -1.8269941896477430e+01, -6.3018638923254180e+00,
       2.2698081814373239e+02, 4.6961780359328714e+01,
       2.9621527336562750e+01, 4.7080074829420965e+01,
       1.3530855926911693e+02, 1.3219613329900079e+02,
       4.9768439971504435e+01, -3.2260801704897602e+01,
       -4.8689455471197604e+01, -5.9077681140179756e+01,
       -5.8732374233482801e+01, -5.7470339135828254e+01,
       -1.5119406697275522e+02, 6.7534835144409641e+01,
       -5.8995167790130637e+01, -6.4097704407539254e+01,
       1.2695189207982246e+02, -5.3577768554208575e+01,
       -2.6245125140424964e+01, 1.1611045590212868e+01,
       -5.7742450183003662e+01, -2.4648785024236435e+02,
       -4.6302681633783870e+01, 9.0318843516271343e+01,
       1.2414262569865681e+02, -5.2625530119512788e+01,
       5.8371562632119677e+01, -3.4321130197607339e+01,
       2.5844888754150112e+01, -1.4611372606576037e+02,
       8.6369774683926881e+00, -3.3948945415768002e+01,
       -1.5156174397970346e+02, 1.2327041395184597e+02,
       3.4754213618091995e+01, -4.8232918864239904e+00,
       -1.5814114228264751e+02, -1.3707149319634576e+02,
       2.0910802549743433e+01, -4.8879678940467748e+01,
       9.3935387639508079e+01, 3.1375059009453501e+01,
       8.1395624072208605e+01, 2.9754101630330062e+01,
       1.2264504873056670e+02, 1.5050263779635389e+00,
       1.9429513461321221e+01, -9.1882565873316480e+01,
       1.4288119835445889e+02, 1.0148636915218410e+02,
       -3.4080748120133109e+01, 5.1883475653019921e+01,
       -1.3749985779524286e+02, 9.7305004940599353e+00,
       2.9262300493655747e+01, -6.8482039154572135e+01,
       -7.5965023647304676e+01, -7.9881667792641736e+01,
       -4.9298720221871982e+01, 7.8370453788754286e+00,
       -1.8360482861526197e+02, 1.4159280219222850e+01,
       4.7189153245517659e+00, 5.8476455893547531e+01 ]
