%YAML:1.0
means: !!opencv-matrix
   rows: 4
   cols: 2
   dt: d
   data: [ -1.5102818958663772e+01, 8.3378759824912549e+01,
       1.2628446642269002e+02, -1.0127294577150916e+01,
       4.0484141789838368e+00, -5.8010038014801260e+01,
       -1.7826708056173399e+02, -2.1190571383656415e+01 ]
covs: !!opencv-matrix
   rows: 8
   cols: 2
   dt: d
   data: [ 9.2672023914254005e+03, -4.3253986207391527e+01,
       -4.3253986207391513e+01, 8.1693891086684007e+03,
       6.6882518237448794e+03, 3.1757942955267509e+02,
       3.1757942955267504e+02, 8.6610636525086338e+03,
       7.5684333702377326e+03, 1.7770636509048142e+01,
       1.7770636509048124e+01, 1.0788335071103189e+04,
       6.3334194973044323e+03, 4.0985348945686027e+01,
       4.0985348945686042e+01, 1.1061859870576887e+04 ]
weights: !!opencv-matrix
   rows: 1
   cols: 4
   dt: d
   data: [ 2.7138347938371021e-01, 2.7379947931050763e-01,
       2.7754065274939860e-01, 1.7727638855637437e-01 ]
pca_proj: !!opencv-matrix
   rows: 2
   cols: 21
   dt: f
   data: [ 1.02604255e-02, 8.46533298e-01, 5.67100069e-05,
       -5.08859605e-02, 4.68450844e-01, 1.89823491e-04, -5.55210514e-03,
       1.46431834e-01, -1.98076777e-05, -7.31809530e-03, 1.34976640e-01,
       -4.80776835e-05, -6.69380091e-03, 1.46460637e-01, -1.57161594e-05,
       2.11501210e-05, 1.32904761e-05, -3.16381829e-07, -1.62182951e-05,
       4.47223283e-04, 4.04881848e-06, 8.19958210e-01, 1.87153444e-02,
       -7.93817599e-05, 4.28530097e-01, 8.29724409e-03, 8.75842488e-06,
       2.28233948e-01, -2.37727305e-03, -1.84168690e-04, 2.08515689e-01,
       -1.20344283e-02, -2.14158339e-04, 2.18838796e-01, -7.27251405e-04,
       -1.84816250e-04, -3.05604735e-05, -5.04301033e-06,
       -1.27042276e-05, 6.79167337e-04, 1.30049409e-06, -1.63660501e-04 ]
pca_mean: !!opencv-matrix
   rows: 1
   cols: 21
   dt: f
   data: [ 4.33646118e+02, 2.44701981e+02, 1.49672687e+00,
       4.18191803e+02, 2.60206879e+02, 1.62062907e+00, 3.68545319e+02,
       2.27059875e+02, 1.69770968e+00, 3.19420807e+02, 1.63929108e+02,
       1.75046074e+00, 3.16613464e+02, 2.25532654e+02, 1.70717156e+00,
       1.08872897e-04, -9.74175637e-05, 6.24380555e-05, -2.17504916e-04,
       -2.50119597e-01, 1.75055194e+00 ]
gamma: !!opencv-matrix
   rows: 4
   cols: 1
   dt: d
   data: [ 9.2225944733359400e-01, 9.1554194722731030e-01,
       9.2449963983919958e-01, 9.2472874086877366e-01 ]
