%YAML:1.0
means: !!opencv-matrix
   rows: 7
   cols: 12
   dt: d
   data: [ -5.7705478990723527e+01, -1.0233042935932592e+02,
       1.0109898692808839e+01, 6.5461001481741448e+01,
       -7.0774805307886828e+00, -2.3105218153217701e+00,
       1.3298141264372296e+00, -7.5267982786751353e-01,
       3.1120712016171581e-01, -2.0196184177143431e-01,
       3.7843990835941498e-02, -8.4522045097781395e-03,
       -6.3019361179335647e+01, 9.3217984793660200e+00,
       1.4623401378401033e+01, -3.0173761874608980e+00,
       1.8410453341536375e+00, -5.8421538216874662e+00,
       2.2898593478156246e+00, 1.3062247986916407e+00,
       4.8251446469017667e-01, 7.1555271710868548e-02,
       -1.1595777656577386e-01, 1.3139272161489581e-02,
       8.1775320498358525e+01, 1.5261609039512983e+01,
       -2.4126682344452078e+01, -3.2278518783406341e+01,
       -2.6502838320280652e+01, -1.9650782531625286e+01,
       8.7107757422999021e-01, -2.3241006932037980e+00,
       2.0506375609264646e-01, -4.0817004425578264e-02,
       1.0550518249593079e-01, -4.6716326231709413e-03,
       -2.0153311275314914e+02, 4.8620734669601056e+01,
       4.2006737074639304e+01, -2.4205063873541111e+01,
       -1.6775805602889058e+01, 1.0845516741183372e+01,
       -2.8127525002157880e+00, -3.3122393560125601e-01,
       -2.0225103766808222e-02, 1.6085787659207437e-01,
       1.8040854452442596e-02, -1.9797458106925198e-02,
       1.3493366610906278e+02, -1.7153355801714902e+01,
       -3.6468823038518082e+01, 1.3509641415904273e+01,
       -4.8031936262214110e+00, 1.1781169428131285e+01,
       -7.3704706946695275e-01, 1.2385968371374856e+00,
       2.6724959616506500e-01, -4.0921789343378888e-02,
       7.2168815407701953e-02, -1.9495059428573238e-02,
       3.1983289518679733e+01, 3.3320282228502634e+01,
       -1.1394137928334973e+00, -2.0736383906075588e+01,
       8.4118310709692814e+00, 4.4235840092743928e+00,
       -5.0568197052112689e+00, -3.3214751284992148e+00,
       -3.2673247083418451e+00, -3.1142530515600314e-03,
       -1.2204558356998868e-01, -1.0360341598333444e-02,
       4.0729038828477535e+01, 2.6529620499410420e+00,
       -3.7915815653865557e+00, -3.4709457312710873e-01,
       1.7250963108452474e+01, -1.3186065470233654e-01,
       6.9466628697068300e-01, 6.5174351714169299e-01,
       3.5941463277992591e-01, -8.6522481212019282e-03,
       2.6706505104405559e-02, 1.6736150283072116e-02 ]
covs: !!opencv-matrix
   rows: 84
   cols: 12
   dt: d
   data: [ 1.0124744166289207e+04, 4.3564912577922405e+02,
       1.9736588595794613e+03, 3.2664444807722987e+02,
       3.8809171652758465e+02, -3.1772580390355444e+01,
       6.8229481707277003e+01, 8.6460596326647874e+00,
       -2.2055111229569064e+01, 9.4147797535173776e+00,
       -2.0254176179125176e+00, -7.1621939102792298e-01,
       4.3564912577922405e+02, 6.2510334219763172e+03,
       -7.5347741184534812e+01, 2.1695529444105414e+03,
       -5.8307706425213738e+01, -3.1787640731132761e+01,
       8.5305310941649992e+01, -2.2718606836557541e+01,
       -1.0275782883038032e+01, -3.7271361024837085e-01,
       1.2487256687635993e+00, 1.1380304780632601e-01,
       1.9736588595794613e+03, -7.5347741184534783e+01,
       2.7617822778952022e+03, -6.8477294184906398e+01,
       -1.7289524736300842e+02, 3.6207201358657770e+01,
       -1.0988164407206376e+01, 7.9643579185370328e+00,
       3.9233912458011941e+00, 2.8540788884342905e+00,
       4.8738644454741220e-01, -5.9435890096734795e-04,
       3.2664444807722981e+02, 2.1695529444105414e+03,
       -6.8477294184906370e+01, 1.2050726120676736e+03,
       -7.8834687588278683e+01, -1.2075640697642723e+02,
       -4.0549022292096161e+01, 7.8156365781415893e+00,
       7.8016009507820252e+00, -2.4764823426798599e-01,
       -3.4567460346041129e-01, -9.6860274793900095e-02,
       3.8809171652758465e+02, -5.8307706425213716e+01,
       -1.7289524736300845e+02, -7.8834687588278669e+01,
       1.3522265843204946e+02, -1.9132744865200205e+01,
       9.2356392391188002e+00, 3.3758295818689041e+00,
       -3.7577122042238451e+00, 1.0386583584649218e+00,
       -3.2608128567442995e-01, -1.9379393493610394e-02,
       -3.1772580390355461e+01, -3.1787640731132761e+01,
       3.6207201358657755e+01, -1.2075640697642721e+02,
       -1.9132744865200202e+01, 4.8454128466366221e+01,
       2.0638354489916001e+01, -8.2511586886439776e+00,
       -1.9806818788856264e+00, -5.0600015933103482e-01,
       2.4136539034347065e-01, 5.8624382406025438e-02,
       6.8229481707276989e+01, 8.5305310941649978e+01,
       -1.0988164407206373e+01, -4.0549022292096161e+01,
       9.2356392391188002e+00, 2.0638354489916004e+01,
       2.0421840370481647e+01, -1.4482281706122122e+00,
       -3.0648820744839287e+00, 5.7467757879702075e-01,
       8.9632929344571594e-02, 3.0892044783413813e-02,
       8.6460596326647838e+00, -2.2718606836557541e+01,
       7.9643579185370372e+00, 7.8156365781415893e+00,
       3.3758295818689041e+00, -8.2511586886439776e+00,
       -1.4482281706122122e+00, 1.4374382546827240e+01,
       -2.8258043151426810e+00, 6.4878441602308190e-01,
       -1.5429884423941588e-03, -2.9500732028706175e-02,
       -2.2055111229569079e+01, -1.0275782883038032e+01,
       3.9233912458011941e+00, 7.8016009507820252e+00,
       -3.7577122042238460e+00, -1.9806818788856262e+00,
       -3.0648820744839278e+00, -2.8258043151426815e+00,
       1.8212334218800461e+00, -2.5384080778964563e-01,
       -3.5006986181067866e-02, 1.6562716100557398e-04,
       9.4147797535173741e+00, -3.7271361024837102e-01,
       2.8540788884342914e+00, -2.4764823426798591e-01,
       1.0386583584649216e+00, -5.0600015933103459e-01,
       5.7467757879702075e-01, 6.4878441602308179e-01,
       -2.5384080778964563e-01, 3.8926284482865248e-01,
       -1.7793026096094938e-02, 4.2512925853266399e-03,
       -2.0254176179125176e+00, 1.2487256687635993e+00,
       4.8738644454741220e-01, -3.4567460346041129e-01,
       -3.2608128567443007e-01, 2.4136539034347071e-01,
       8.9632929344571594e-02, -1.5429884423941577e-03,
       -3.5006986181067866e-02, -1.7793026096094938e-02,
       7.1109020690113276e-03, -4.0765643148265972e-04,
       -7.1621939102792287e-01, 1.1380304780632601e-01,
       -5.9435890096735488e-04, -9.6860274793900095e-02,
       -1.9379393493610394e-02, 5.8624382406025424e-02,
       3.0892044783413813e-02, -2.9500732028706168e-02,
       1.6562716100557376e-04, 4.2512925853266399e-03,
       -4.0765643148265993e-04, 1.8109303573104745e-03,
       1.1925623971184283e+04, 2.1612410117105119e+03,
       1.1136076805292939e+03, -7.4024134080886165e+02,
       2.0816187202760936e+01, -4.9559157733764145e+00,
       3.1795248099530674e+01, 1.7263400275877046e+01,
       2.0903156957496776e+01, 1.6437440432757811e+01,
       -3.9560187459207805e+00, 8.9460521776917556e-01,
       2.1612410117105123e+03, 1.0587939465665113e+04,
       -4.8545117978104446e+02, -2.1898231663945782e+02,
       2.7747442990043669e+02, 2.8905456346473969e+01,
       1.8165489739549116e+01, 2.6048567493698527e+00,
       1.2631017532789087e+01, 1.3082404061567066e+01,
       1.1398580220255183e+00, -4.8622971505805201e-01,
       1.1136076805292942e+03, -4.8545117978104435e+02,
       2.9534822122885043e+03, 1.2153787727208957e+02,
       -3.4435237715764096e+01, -9.3233796404065785e+00,
       -1.4179337016094662e+01, -9.1702506356140674e+00,
       -8.8242803604128959e+00, -4.0029872151780932e+00,
       1.3774454497066084e+00, -1.8007334269756406e-01,
       -7.4024134080886176e+02, -2.1898231663945782e+02,
       1.2153787727208962e+02, 2.5500265846041198e+03,
       -1.3382819949258055e+02, 8.6249485880062636e+01,
       -1.9513563237047116e+01, -1.4865497546332429e+01,
       -6.3038422791100901e-01, 9.1916529983389572e-01,
       -1.3619752144137809e+00, 1.2486750324861867e-01,
       2.0816187202760926e+01, 2.7747442990043658e+02,
       -3.4435237715764089e+01, -1.3382819949258055e+02,
