%YAML:1.0
means: !!opencv-matrix
   rows: 45
   cols: 2
   dt: d
   data: [ -3.6220723098215473e+01, 5.4317440454550221e+00,
       -6.0190236076933289e+01, -6.9921454550594333e+01,
       1.1531250879227997e+02, 1.1120368999412338e+02,
       -9.3014801555776643e+01, 1.3499153195660162e+02,
       1.0545624025125770e+02, -1.1077066271457883e+02,
       -1.6831807638045518e+02, -1.0395302941687611e+02,
       1.7184514542037900e+02, -1.4923052442881547e+01,
       6.0053938546347489e+01, -6.3312400441107727e+01,
       -2.5463612998771700e+02, 1.1966968724343195e+02,
       -1.9919422066036081e+01, 1.1164477833667758e+02,
       -2.7366519458615028e+02, 2.4140805721083840e+01,
       1.4415114257351291e+01, -1.8280520017731229e+02,
       2.9144516392553136e+01, 2.0868860034565427e+02,
       2.4842439156701906e+02, -6.5631396433674098e+01,
       6.2761768502249126e+01, 7.6764754080153637e+01,
       -2.1716032460194808e+02, -4.1936671887786225e+01,
       6.2452870241720845e+01, 9.4026954649911048e+00,
       1.8606537099731813e+02, 6.2050724946001694e+01,
       -1.3917617337109107e+02, 3.9124932551687280e+01,
       -2.4966296032721613e+02, -1.4236949915854987e+02,
       -1.3442158107077049e+02, -4.2317592331930022e+01,
       -7.0726711458914508e+01, 6.4121170859026407e+01,
       -1.0973476297937819e+02, -1.2710091268387083e+02,
       -1.4139169828379465e+02, 2.0051768915884338e+02,
       4.4938020580263171e+01, -3.0171949662247664e+02,
       1.6209668997027936e+02, -1.4327615500557698e+02,
       1.9197577996096629e+02, 1.3077298041182326e+02,
       -9.2541457506996437e+01, 1.6954879816484818e+00,
       1.1893837715709626e+01, -3.1179314364819604e+01,
       7.8137161661334986e+01, -1.6235962492769985e+02,
       1.0872387618493183e+02, -3.7345360248393007e+01,
       -2.0173167153234647e+02, 4.1202020510053771e+01,
       1.2116859892005867e+02, 3.5741849344790509e+01,
       1.7089141569244680e+02, -8.0133759009057854e+01,
       5.8411917993527238e+00, 4.4718755981869847e+01,
       1.1980406095185533e+02, 1.8088324023054253e+02,
       -7.4094871916273732e+01, -2.2085356457982979e+02,
       -3.6834643355248993e+01, 1.9212081855483544e+02,
       -1.9320113889268688e+02, -1.8238298491982951e+02,
       -1.7138235440766806e+02, 1.1988682212177093e+02,
       2.5254274187422419e+02, 3.7605823873401626e+01,
       -2.8053336040816265e+02, -6.1781746158198942e+01,
       5.4814923685852484e+01, 1.4455477560686867e+02,
       -4.6165022872954609e+01, -1.4848199215064170e+02,
       1.6573184474894791e+01, -1.1094576144543933e+02 ]
covs: !!opencv-matrix
   rows: 90
   cols: 2
   dt: d
   data: [ 6.1476882557536078e+02, 6.0546426063619023e+01,
       6.0546426063619023e+01, 1.1312220176864751e+03,
       1.0703600538212806e+03, 1.7756111180263892e+00,
       1.7756111180263900e+00, 1.5299003304405157e+03,
       1.1950282769328771e+03, 2.6231753494130140e+02,
       2.6231753494130140e+02, 1.3340434702066573e+03,
       1.1781094847271147e+03, 1.7692690800730469e+02,
       1.7692690800730469e+02, 1.8584279429395060e+03,
       1.1339273110548152e+03, 1.9371521428338684e+02,
       1.9371521428338681e+02, 1.1240595816921482e+03,
       1.3569161141094460e+03, -2.3655493195961446e+02,
       -2.3655493195961446e+02, 9.3284275704351319e+02,
       1.0634007049745273e+03, 3.2152629517826149e+01,
       3.2152629517826149e+01, 9.1083330680444999e+02,
       7.1819139561296879e+02, -6.4233166974584293e+01,
       -6.4233166974584279e+01, 1.0307030358186498e+03,
       2.5858792344630592e+03, 2.4088443822673844e+02,
       2.4088443822673855e+02, 2.2000572705526529e+03,
       1.0696294699055377e+03, 2.3135173841848946e+01,
       2.3135173841848957e+01, 1.3330634792560497e+03,
       1.7625541939541674e+03, -2.3671908235692453e+02,
       -2.3671908235692453e+02, 1.4667205829244265e+03,
       1.1740155001780756e+03, -4.9570342189223732e+02,
       -4.9570342189223732e+02, 1.6484578273558861e+03,
       2.2162320204357834e+03, 5.6426050831773682e+02,
       5.6426050831773682e+02, 2.5673649782943407e+03,
       2.1191414138325936e+03, 3.1968429900368118e+01,
       3.1968429900368118e+01, 3.1002000780149842e+03,
       1.1671943188957434e+03, -1.1440213006742661e+02,
       -1.1440213006742664e+02, 9.2516838288397514e+02,
       1.2600250446961006e+03, 1.2707846827083178e+02,
       1.2707846827083178e+02, 1.5154269410804827e+03,
       8.2602957565136842e+02, -9.4517862305809018e+01,
       -9.4517862305809032e+01, 8.4986907051315393e+02,
       1.1439764109455671e+03, -8.8505213546197851e+01,
       -8.8505213546197879e+01, 1.2630991029266356e+03,
       8.4708430697556707e+02, 2.5977564437519840e+02,
       2.5977564437519840e+02, 1.6845905827267252e+03,
       2.3725576378098954e+03, -2.6495568009659200e+02,
       -2.6495568009659206e+02, 1.8499703567648405e+03,
       1.2365381875066632e+03, -4.2408322079266350e+02,
       -4.2408322079266350e+02, 1.3354712756148240e+03,
       9.9002122793408296e+02, 5.0719111123280634e+01,
       5.0719111123280634e+01, 1.2150261986956261e+03,
       1.1418250954280406e+03, -1.0260498496042329e+02,
       -1.0260498496042332e+02, 2.1353161088734478e+03,
       4.0959991180408051e+03, -4.7867510186976926e+02,
       -4.7867510186976932e+02, 2.0998210805484064e+03,
       4.7329763815515435e+03, -1.5455775401534339e+02,
       -1.5455775401534339e+02, 2.3117690319857757e+03,
       1.8777269009778879e+03, 6.7368682909437041e+01,
       6.7368682909437041e+01, 1.5490793245625709e+03,
       2.5423564055750539e+03, 5.4278483596909723e+02,
       5.4278483596909723e+02, 1.8310953009891680e+03,
       6.2463534647194081e+02, -7.0274760590814054e+01,
       -7.0274760590814068e+01, 1.3333519341512688e+03,
       6.7697424279757718e+02, 7.7596056528975510e+01,
       7.7596056528975510e+01, 1.1083773795920015e+03,
       1.2161320716578632e+03, -6.0915381102907020e+02,
       -6.0915381102907020e+02, 2.5040441970481802e+03,
       7.9020924620650590e+02, 6.3625652353179419e+01,
       6.3625652353179369e+01, 1.0444373737048375e+03,
       9.6858409778438693e+02, 5.9115168048176926e+01,
       5.9115168048176926e+01, 1.5007131262046928e+03,
       9.1265748560619932e+02, -9.5948708384672550e+00,
       -9.5948708384672532e+00, 8.6197516157462712e+02,
       1.2484078179363469e+03, 5.5474656017109346e+01,
       5.5474656017109332e+01, 1.1542374528379314e+03,
       8.6446478553967324e+02, -4.6297107861921518e+01,
       -4.6297107861921518e+01, 9.7886241263948136e+02,
       2.5308904996356764e+03, 6.2108780168056808e+02,
       6.2108780168056785e+02, 2.1302828538657600e+03,
       1.9571775246079424e+03, -8.6006128734944969e+02,
       -8.6006128734944969e+02, 4.5121443056430953e+03,
       2.1150108946355936e+03, -9.2307485725261097e+02,
       -9.2307485725261085e+02, 3.1261616141551667e+03,
       3.3410872660494774e+03, 4.2685467709797399e+02,
       4.2685467709797393e+02, 3.2847654471956462e+03,
       1.6504842696983130e+03, 3.9925169419692182e+01,
       3.9925169419692182e+01, 1.7466578639946470e+03,
       1.6375987037672148e+03, 7.8050588171405093e+02,
       7.8050588171405093e+02, 3.0902707274517429e+03,
       1.8273112289903579e+03, -3.5799947176637613e+02,
       -3.5799947176637613e+02, 2.0098436682968343e+03,
       1.3850429682680501e+03, 6.3823716009653879e+01,
       6.3823716009653879e+01, 1.4666042000081579e+03,
       1.2612590978346768e+03, 1.4535446867104474e+02,
       1.4535446867104474e+02, 1.9280636198027194e+03,
       1.0389672416061167e+03, -2.5265594218920808e+02,
       -2.5265594218920808e+02, 1.2808290087147948e+03 ]
