%YAML:1.0
means: !!opencv-matrix
   rows: 20
   cols: 7
   dt: d
   data: [ -1.0669177599938902e+02, 3.4493728596940308e+01,
       3.0931105708590675e+01, -2.4441377579629599e+01,
       6.2788203295115084e+00, -1.6005443856621305e+01,
       8.2098536187586002e-01, 9.0134971833737922e+01,
       -5.3834961024529520e+01, -2.6460114919133549e+01,
       3.9689389135179447e+01, -5.9587124161187255e+00,
       1.0218233554326567e+01, -5.7153575883584051e-01,
       3.3696968411822319e+01, -9.8167822525553078e+01,
       -1.1071620014296759e+01, 6.7726734534625905e+01,
       -4.0085677158386144e+00, -1.0298210852756058e+00,
       2.0440328074732355e+00, 8.2210770080522522e+01,
       1.6733569671377939e+01, -2.3440779289656835e+01,
       -3.2410234945421408e+01, -2.5936458136332188e+01,
       -1.9791514427312727e+01, 1.0359637877702155e+00,
       -1.9707844695970815e+02, 9.2829251030022533e+01,
       4.0539582299254924e+01, -5.2451852517100079e+01,
       -2.3909716176296012e+01, 1.5501329029109890e+01,
       -3.4728972396003202e+00, -1.5165111420885023e+02,
       -9.9117365428348847e+01, 2.8581153684152174e+01,
       6.4544364183862044e+01, -1.9412280409714203e+01,
       1.1627975256633705e+00, -2.5058448298801683e-01,
       1.2697656556681601e+01, 3.7610419404937367e+01,
       -5.4800034391753464e+01, 1.2123335449278119e+00,
       1.1876302361577492e+01, -2.4450682224074069e-01,
       7.5617186936967995e-01, 1.1717535271508108e+02,
       2.3765737549429748e+01, 3.7006856398440917e+01,
       -9.1802717909720422e-01, 8.0325318068987936e+00,
       -1.8459591341675672e+00, 3.5610024139845042e-01,
       -1.9089201601787497e+02, 8.2371171842643705e+00,
       4.4109084572824365e+01, -2.8069382988150031e+00,
       -8.9162850564839395e+00, 8.2279680597787208e-01,
       1.7873858413492319e-01, -3.1868145409681318e+01,
       -1.0039782232549811e+01, 1.0688369826942829e+01,
       9.7475483028364085e+00, 1.6549893400898043e+01,
       -3.5360027216589032e+00, -2.8777634860030679e+00,
       1.6347345327024874e+02, 2.7223927707860259e+01,
       -3.8332559788595169e+01, -1.8698867771062030e+01,
       -1.0878967908310763e+01, 2.0540463357716603e+00,
       1.0300126256357900e+00, -8.6358954178027965e+00,
       3.5646036993223575e+01, 9.8724035073048348e+00,
       -1.7747892504197853e+01, 3.7646370844773557e+01,
       -5.9465075972369368e+00, 1.5584750124183522e+00,
       -1.6643515898679149e+02, 2.7917133427896648e+01,
       4.0490638474801919e+01, -4.4137934173613722e+00,
       -2.7117353651521281e+00, 2.1854778947987597e+01,
       -2.2848767141007924e+00, 1.4789711657406602e+02,
       2.8144986375003146e+01, -4.5492255210335401e+01,
       -4.5446860467296526e+00, -3.8727234339787837e+00,
       1.3362347316012496e+01, -2.0791489952080480e+00,
       -5.4586671922193148e+01, -8.0129523253191124e+01,
       1.3453433974768259e+01, 5.0202982275853763e+01,
       9.0101317719468685e+00, -3.4816345387826746e+00,
       2.1481477711042247e+00, 8.0426918260707907e+01,
       8.0579677157879424e+00, -2.2196680823798946e+01,
       -1.7340642911796682e+01, -1.9244900532701362e+01,
       -3.3915864889319773e+00, -5.3556209997330324e+00,
       4.8492060506685803e+01, -9.3538619361144157e+01,
       -1.1228766093071762e+01, -2.2515803726444993e+01,
       2.0054863270459546e+01, 1.1512211837786648e+01,
       3.5661178394239584e-01, 1.5049150465632587e+02,
       5.0028148071764844e-01, -4.1275769848639555e+01,
       -2.2700965556105595e+00, -6.7804840930980133e+00,
       1.3339215110221424e+01, 1.9478166385769807e-01,
       8.6742225174285696e+00, 1.1576659663783330e+02,
       -3.1399952320160058e-03, -6.7282448915137607e+01,
       1.3926397411401712e+01, 1.1617421661839934e-01,
       -4.5462096550808830e-02, -1.4304882010307659e+02,
       -5.6179471775062161e+01, 3.5344949441696862e+01,
       3.7849602441672864e+01, -1.9870726758103258e-01,
       3.4455203769051281e+00, 8.3107939411018561e-01 ]
covs: !!opencv-matrix
   rows: 140
   cols: 7
   dt: d
   data: [ 5.6992184567825252e+03, -2.1128752222526475e+02,
       3.0184466045093232e+03, 4.7847710338950441e+02,
       3.7076766225717233e+02, -2.8383444836852266e+01,
       1.0656875983554357e+02, -2.1128752222526481e+02,
       6.2601947359215437e+03, -1.5109435995465245e+02,
       2.1892599900036548e+03, -2.4179256251706551e+02,
       7.9169781668288735e+01, -1.6059695892608421e+00,
       3.0184466045093236e+03, -1.5109435995465245e+02,
       2.4657759097058229e+03, -2.4394774336432647e+01,
       -9.6280247824066905e+01, 2.5685618571109263e+01,
       -8.1370367701338573e+00, 4.7847710338950441e+02,
       2.1892599900036544e+03, -2.4394774336432636e+01,
       1.2760408995310042e+03, 1.8179128336005155e+02,
       -6.2846760934545749e+00, 6.0293528710673367e+00,
       3.7076766225717233e+02, -2.4179256251706553e+02,
       -9.6280247824066905e+01, 1.8179128336005155e+02,
       2.4413883296897825e+02, -1.0704521951159206e+01,
       8.4586358487118716e+00, -2.8383444836852266e+01,
       7.9169781668288721e+01, 2.5685618571109266e+01,
       -6.2846760934545740e+00, -1.0704521951159208e+01,
       1.1532411430553523e+02, 2.2859400599874490e+01,
       1.0656875983554356e+02, -1.6059695892608414e+00,
       -8.1370367701338608e+00, 6.0293528710673385e+00,
       8.4586358487118716e+00, 2.2859400599874490e+01,
       3.0047687569831979e+01, 5.5991024444840541e+03,
       6.5586857606372860e+02, 2.7175731955857136e+03,
       -1.9444106577726521e+02, 1.1316660366729083e+01,
       8.9365498351948261e+01, -9.4414697721964231e+01,
       6.5586857606372871e+02, 7.0776867355653667e+03,
       -3.1159027363294058e+02, 1.9069528191055304e+03,
       7.0083446510582291e+01, 7.4014927454688404e+01,
       2.3004072192820221e+01, 2.7175731955857136e+03,
       -3.1159027363294052e+02, 2.4962652756384296e+03,
       -3.5579550768256958e+01, -1.2495599714889747e+02,
       4.6525976740952075e+01, 2.0748593265270500e+01,
       -1.9444106577726527e+02, 1.9069528191055306e+03,
       -3.5579550768256965e+01, 1.2288693700524975e+03,
       -9.2040498932388616e+01, -1.6986399706217608e+02,
       -1.5527820036094607e+01, 1.1316660366729076e+01,
       7.0083446510582291e+01, -1.2495599714889744e+02,
       -9.2040498932388616e+01, 6.1553717151396150e+01,
       3.8311935709621068e+01, -4.3216500398297129e+00,
       8.9365498351948261e+01, 7.4014927454688404e+01,
       4.6525976740952075e+01, -1.6986399706217611e+02,
       3.8311935709621068e+01, 8.3581127302965953e+01,
       7.4762193808287689e+00, -9.4414697721964231e+01,
       2.3004072192820210e+01, 2.0748593265270504e+01,
       -1.5527820036094607e+01, -4.3216500398297120e+00,
       7.4762193808287680e+00, 2.7070096680344705e+01,
       5.8216120742765625e+03, 5.6079244169233641e+02,
       2.9343888380965091e+03, -5.7751894512161265e+01,
       -7.1325692057640367e+01, 1.3271296235886632e+02,
       -3.3218083493012315e+01, 5.6079244169233630e+02,
       6.1823867973445012e+03, -1.6814527535457876e+02,
       2.1248309003570198e+03, -7.0514198827476193e+01,
       -1.9708812978670633e+01, 7.2738917585970924e+01,
       2.9343888380965095e+03, -1.6814527535457867e+02,
       2.5466911025467039e+03, -2.6364691694341662e+01,
       -1.2301174950573190e+02, 2.8417218197174410e+01,
       1.7790537419823554e+01, -5.7751894512161229e+01,
       2.1248309003570198e+03, -2.6364691694341651e+01,
       1.1937352969939191e+03, -5.1715566581358893e+01,
       -1.6110379870077659e+02, -3.9504831283119906e+01,
       -7.1325692057640381e+01, -7.0514198827476179e+01,
       -1.2301174950573190e+02, -5.1715566581358893e+01,
       2.4681384590177188e+01, 8.2220425908164287e+00,
       -4.0964527626426692e+00, 1.3271296235886632e+02,
       -1.9708812978670640e+01, 2.8417218197174417e+01,
       -1.6110379870077659e+02, 8.2220425908164287e+00,
       5.2939358707950205e+01, 2.1565388971731622e+01,
