%YAML:1.0
means: !!opencv-matrix
   rows: 25
   cols: 11
   dt: d
   data: [ 5.0576038369207048e+01, 1.4773450909477921e+02,
       -7.7558494513887783e+00, -8.0239215786509661e+01,
       1.7711398212436826e+01, 4.9109896490244687e+00,
       1.7565344377070158e+00, 2.9959921219475696e+00,
       1.6188785804296191e+00, 3.4979843180378323e-01,
       -1.0071883804636939e-01, -1.9092032632783000e+02,
       2.6640335080263732e+01, 3.6840112768069751e+01,
       -1.5092105886623147e+01, -4.4566591576255945e+00,
       2.9706490559219492e+00, -3.4706854893850800e+00,
       -6.5939296577833648e+00, -2.6782180131410986e+00,
       9.1435772221317024e-01, -1.3344270834117747e-01,
       8.3486514902929471e+01, 1.7661542714648512e+01,
       -2.3834784235857065e+01, -3.1641667864246823e+01,
       -2.6196453816856611e+01, -1.9319230513218908e+01,
       8.6278584945982195e-01, -2.4683236132309938e+00,
       2.9000243125457836e-01, 4.2691935805625456e-02,
       1.0985553683706088e-01, 3.1900317616381834e+01,
       3.0045981859424089e+01, 2.6838471805643294e+00,
       -2.3564917132939776e+01, 6.3988279305598175e+00,
       -6.5269332491359835e+00, -4.8784910297955451e+00,
       -1.4366021982929640e+00, -5.1759910508272142e+00,
       -2.2260469095095790e+00, -2.1761601746620843e-01,
       5.7648748218744174e+01, -5.8026337635883849e+01,
       -1.9529335347481815e+01, 3.5444473947340967e+01,
       3.9698776912102964e+00, 9.6016427214891671e+00,
       -1.3130518438142516e+00, -2.8183187595987730e-01,
       8.6043366638938434e-01, 1.4265818003266456e-01,
       1.7145560965467632e-01, -1.4525316339650931e+02,
       -5.6876039497267623e+00, 3.6694036222179825e+01,
       1.3660299843105372e+01, -3.8422586716192479e+00,
       1.8381628828697679e+01, -6.3887061485998664e-01,
       2.1179346785839943e+00, 6.9880343149603685e-01,
       -3.6929692545533366e-01, -2.8298838806766141e-01,
       -3.4360068555222988e+01, 3.0959733556358309e+00,
       2.2701791221325117e+01, 2.6313774932823000e+00,
       2.3550297189928340e+01, -2.6611115483673964e+00,
       -5.8897936142091085e+00, -7.3155628983876646e+00,
       -4.4358442845324220e+00, 1.3805308113153487e+00,
       -1.3374696018158452e-01, 3.5131536118057873e+01,
       -9.6906787148241222e+01, -9.5487438628349608e+00,
       6.8548773919891559e+01, -4.0743301510317513e+00,
       -1.1540876271907321e+00, 2.0685753983145014e+00,
       -3.9569091019417030e-01, -5.3190312755666005e-02,
       -1.4335501742085088e-01, 1.6509577039798457e-02,
       1.5551608657351952e+02, 1.7482801200124076e+01,
       -3.6979769697601604e+01, -2.0142739871211077e+01,
       -1.0249113033519826e+01, 1.4944212697032940e+01,
       -6.6790718230558808e+00, -6.4025994813555416e+00,
       -3.1474592424834049e+00, 2.5279028169710025e+00,
       -1.7908532465783292e-01, -1.9238163123424212e+02,
       8.9217660364430600e+01, 4.0868320667989728e+01,
       -5.1138436742741305e+01, -2.3359248001947044e+01,
       1.3010376257932293e+01, -3.0180923684393384e+00,
       1.9703705980478767e+00, 7.1016273085387616e-01,
       -6.1096864439719935e-02, 4.5384573862247167e-02,
       1.4134837263331417e+02, -1.0906752604442541e+01,
       -4.3666012062034625e+01, 1.1692749073851651e+01,
       -5.0708648684866278e+00, 1.1435484950556074e+01,
       -1.7239110539052646e-01, 1.3022373964868668e+00,
       4.4535236181209359e-01, -2.4967960833241948e-01,
       -2.6531544392902319e-02, 3.3557679319552740e+01,
       -8.0388909693035743e+01, -1.7224638902930725e+01,
       4.6489955841746536e+01, -1.0546139291695640e+01,
       4.3711989042434949e+00, 1.4439698326215873e+00,
       7.3204862012635441e-01, 4.8994211738896176e-01,
       2.0376064026282309e-01, -2.3826712615904191e-01,
       -1.7756622861876872e+02, 4.3444504646204729e+00,
       4.2407192193963333e+01, -3.0552754043317250e+00,
       -7.1297114276355389e+00, -2.9391288806257214e+00,
       9.1577752814562352e-01, 9.7841316203051287e-01,
       4.2041605066893623e-01, -8.1133067941895065e-02,
       2.0560617445020631e-02, 6.6118647318536745e+01,
       9.6558011218618116e+00, -1.2899907418912576e+01,
       5.5554558259224607e-01, 1.4543680734271721e+01,
       4.4058840972440727e+00, 2.9435462471803220e-01,
       1.3906423031159716e+00, 2.7601187500372976e-01,
       -9.6230682203696898e-03, -2.5922241612826826e-02,
       1.2299495717514113e+00, 5.5454878768526314e+01,
       1.0132022127527765e+01, -3.4385504435488343e+01,
       3.5989053147383068e+01, -1.1388467347447721e+01,
       2.3221313417957168e+00, 5.6472109205128584e-01,
       3.6977274416149064e-01, 7.4657839336668946e-02,
       4.1074627518149234e-02, 1.2402373500022154e+02,
       -3.4738481218675417e+01, -2.9023156337905846e+01,
       2.9570530045382995e+01, -4.0478610384816882e+00,
       1.5809703834516204e+01, -8.4058833085984452e-01,
       3.2925017439685806e+00, -1.2395505905789574e+00,
       4.8064886287089000e-02, 7.4687610208352767e-02,
       -2.1976070687393339e+01, 1.6220202049758657e+02,
       9.3093142427074156e+00, -9.3563568288534483e+01,
       1.3381886721229767e+01, 2.9073584238886180e+01,
       -3.0935100921412113e+00, 1.6496077820129382e+00,
       2.2010247580870765e+00, 5.9976321450730763e-01,
       5.2567407680673911e-03, 1.1121958412922729e+02,
       1.0945362009066235e+01, -3.2524296173549629e+01,
       -3.5750047077585222e+01, -1.9149611003602370e+01,
       -4.4783634819459568e+00, 8.6012115777293441e-01,
       -2.3502283854530868e+00, -2.0251992619867454e+00,
       -1.5801971993038104e+00, -4.4752855830000167e-02,
       -7.5281665491526255e+01, -6.0861744159134517e+01,
       2.3699757007097194e+01, 3.9077435191807957e+01,
       9.0918015338453841e+00, -7.6080276506696274e+00,
       1.9863059349660637e+00, -2.5922316636396620e-01,
       9.8649626284056255e-02, 2.2584029495176052e-03,
       1.2171401174862897e-02, -5.4372457176093327e+01,
       -1.2334298544817729e+01, 2.8559191053050451e+01,
       1.8673367801963845e+01, 2.1916714988971204e+01,
       -1.2535189281716354e+01, -6.6890315562431555e+00,
       -3.1607123602948390e+00, -2.6697019624968363e+00,
       6.5487038865597291e-01, 3.5379545103209975e-01,
       -1.3786657816781895e+01, -4.1636859444412959e+00,
       1.4649238279032565e+01, 4.9637819366179210e+00,
       3.5152747262628509e+01, 1.2667831799936635e-01,
       4.4293870391759765e-01, 5.3857039851912902e-01,
       4.6468507780248841e-01, 9.6795383865204587e-02,
       1.4935597853462187e-01, -1.9517595498267827e+01,
       2.4261627162054026e+01, 5.5390264763344907e+00,
       -1.6195461260023446e+01, -1.3347234963384393e+00,
       -1.1297864701511307e+01, 2.5333380017460865e+00,
       1.2632516750938321e+00, 2.4809012866651839e-01,
       -2.0283759761986715e-02, -2.0068318461026996e-01,
       -1.5610288029738351e+02, -9.6195996471487916e+01,
       2.7929554188274835e+01, 6.0757826528345817e+01,
       -1.7721966312263298e+01, 2.6600611433906773e+00,
       -4.0977100834324204e-01, -1.9444551069211173e+00,
       6.2499587316041649e-01, -2.8020867217196510e-01,
       4.8571502517793394e-02, 1.5799892616904700e+02,
       2.1271174260956958e+01, -4.0592200278262325e+01,
       -7.5889090548817952e+00, -4.8643306156843975e+00,
       1.3564007784267087e+01, -1.7211989333867814e+00,
       1.0353077409402975e+00, 5.8286795671039748e-01,
       1.4798606802933706e-01, 1.7067811463616195e-01,
       1.0031954224433090e+02, 3.1274526472496181e+01,
       -2.6283286019023986e+01, -2.6188724081647297e+01,
       -9.1594141305413270e+00, -1.2095271609188499e+01,
       2.1122547765894208e+00, 7.1341207672516371e-01,
       5.6446958126467983e-01, 3.3814457790927989e-02,
       -3.5696935041373910e-02 ]
