%YAML:1.0
means: !!opencv-matrix
   rows: 19
   cols: 2
   dt: d
   data: [ -2.2755971338356068e+02, -1.1962417519512658e+02,
       1.0649514104867447e+02, 6.3750834435738085e+01,
       1.2438342503772532e+02, -1.1105445143764591e+02,
       -2.7962626042131571e+01, -2.9661691003501311e+00,
       -7.4016136422623305e+01, 1.7859918996845721e+02,
       2.3766443353196941e+01, -2.4489889698691846e+02,
       -2.3623976560527350e+02, -1.5767353465691714e+01,
       2.5012376478106386e+01, -1.0880597392257573e+02,
       1.5809865334452903e+02, 1.2913866396404839e+02,
       7.6773097066700089e+01, -2.0299805267815046e+01,
       -1.9019815609897435e+02, 1.0819922780972693e+02,
       -1.2889226487309338e+02, 1.2234852599442466e+01,
       2.1801087279569776e+02, -8.1904329887163641e+01,
       -7.3469253968606054e+01, -1.5645431537598540e+02,
       3.4055871613772510e+01, 1.5688783704582718e+02,
       -9.7645481694293636e+01, -8.2623858430973186e+01,
       1.8217624607075800e+02, 8.7542567805061502e+00,
       -6.3305774099209330e+01, 8.5971819226750227e+01,
       2.6533441903024553e+01, 4.9165799399242026e+01 ]
covs: !!opencv-matrix
   rows: 38
   cols: 2
   dt: d
   data: [ 3.2678080471307194e+03, -4.7336764470268224e+02,
       -4.7336764470268218e+02, 5.4119958070576104e+03,
       1.9589983786106407e+03, -4.1459273265126330e+02,
       -4.1459273265126336e+02, 2.8229563915890640e+03,
       2.5607191253111869e+03, 5.4180740239775980e+02,
       5.4180740239776003e+02, 3.0128616458777788e+03,
       2.7432579996531499e+03, -5.8210894532872078e+02,
       -5.8210894532872067e+02, 2.2333274417890566e+03,
       3.6909339555694573e+03, 1.1123354924881119e+02,
       1.1123354924881116e+02, 3.3983457197910348e+03,
       5.9496726336161255e+03, 1.3296804994555496e+01,
       1.3296804994555512e+01, 5.0704467289053810e+03,
       3.3495207478361681e+03, -1.0522579399434032e+03,
       -1.0522579399434032e+03, 4.7849457329241686e+03,
       2.2466239460221627e+03, -1.2316104785076413e+02,
       -1.2316104785076418e+02, 2.7431804866204757e+03,
       4.4071427453229808e+03, -5.8388870830155156e+02,
       -5.8388870830155145e+02, 3.7328846516962726e+03,
       2.4387203412792983e+03, 1.1102743150322198e+02,
       1.1102743150322198e+02, 2.3824805373204654e+03,
       3.9467847938921409e+03, 1.5995290516713195e+02,
       1.5995290516713195e+02, 5.1711226701758997e+03,
       3.1822945720098801e+03, -3.6497159386307561e+02,
       -3.6497159386307561e+02, 2.4815959727836043e+03,
       3.2121521214072895e+03, 5.3765396022769653e+02,
       5.3765396022769619e+02, 3.2807110669877520e+03,
       1.9532595763018144e+03, 2.6369729380590144e+02,
       2.6369729380590144e+02, 3.4964953921604711e+03,
       3.8065386678720561e+03, 2.3786983638680579e+02,
       2.3786983638680579e+02, 3.8855479371930692e+03,
       2.6285105132417502e+03, 2.6558217162960977e+02,
       2.6558217162960977e+02, 2.5659824653492615e+03,
       3.6979897793540317e+03, 1.3408668158112671e+03,
       1.3408668158112671e+03, 3.3189671542310807e+03,
       2.5193690861909604e+03, 1.4546347555004101e+02,
       1.4546347555004095e+02, 2.6377659712021532e+03,
       1.7743892669908178e+03, -2.2830544501469640e+02,
       -2.2830544501469640e+02, 2.2330688958460823e+03 ]
weights: !!opencv-matrix
   rows: 1
   cols: 19
   dt: d
   data: [ 3.8847718165443398e-02, 6.9190228809784732e-02,
       6.2775553971139264e-02, 7.3605484810711899e-02,
       3.6889205364215610e-02, 1.8848983719681356e-02,
       3.8354323051598284e-02, 7.6092842637994471e-02,
       3.6421059142245235e-02, 8.2671543598235669e-02,
       4.3109643078687587e-02, 5.9634619138686763e-02,
       3.2159434318289937e-02, 2.7699206904614138e-02,
       5.5957579636532896e-02, 6.1690964282510828e-02,
       5.7563760263492837e-02, 6.4698049914947181e-02,
       6.3789799191177610e-02 ]
pca_proj: !!opencv-matrix
   rows: 2
   cols: 21
   dt: f
   data: [ 1.02604255e-02, 8.46533298e-01, 5.67100069e-05,
       -5.08859605e-02, 4.68450844e-01, 1.89823491e-04, -5.55210514e-03,
       1.46431834e-01, -1.98076777e-05, -7.31809530e-03, 1.34976640e-01,
       -4.80776835e-05, -6.69380091e-03, 1.46460637e-01, -1.57161594e-05,
       2.11501210e-05, 1.32904761e-05, -3.16381829e-07, -1.62182951e-05,
       4.47223283e-04, 4.04881848e-06, 8.19958210e-01, 1.87153444e-02,
       -7.93817599e-05, 4.28530097e-01, 8.29724409e-03, 8.75842488e-06,
       2.28233948e-01, -2.37727305e-03, -1.84168690e-04, 2.08515689e-01,
       -1.20344283e-02, -2.14158339e-04, 2.18838796e-01, -7.27251405e-04,
       -1.84816250e-04, -3.05604735e-05, -5.04301033e-06,
       -1.27042276e-05, 6.79167337e-04, 1.30049409e-06, -1.63660501e-04 ]
pca_mean: !!opencv-matrix
   rows: 1
   cols: 21
   dt: f
   data: [ 4.33646118e+02, 2.44701981e+02, 1.49672687e+00,
       4.18191803e+02, 2.60206879e+02, 1.62062907e+00, 3.68545319e+02,
       2.27059875e+02, 1.69770968e+00, 3.19420807e+02, 1.63929108e+02,
       1.75046074e+00, 3.16613464e+02, 2.25532654e+02, 1.70717156e+00,
       1.08872897e-04, -9.74175637e-05, 6.24380555e-05, -2.17504916e-04,
       -2.50119597e-01, 1.75055194e+00 ]
gamma: !!opencv-matrix
   rows: 19
   cols: 1
   dt: d
   data: [ 9.0113176704085529e-01, 8.4466010564420990e-01,
       8.5842742592646781e-01, 8.1861100621348781e-01,
       8.7613706746210684e-01, 9.0703962637955238e-01,
       8.9478372542778850e-01, 8.3738987752190130e-01,
       8.8718412573288985e-01, 8.2645591933373519e-01,
       8.9463102667970218e-01, 8.4531442797363099e-01,
       8.8036715050957592e-01, 8.4946040957709079e-01,
       8.7247250133918297e-01, 8.3980354712123984e-01,
       8.5749323763115093e-01, 8.3782515032027816e-01,
       8.1395642765575726e-01 ]
