%YAML:1.0
means: !!opencv-matrix
   rows: 11
   cols: 10
   dt: d
   data: [ 1.3104978856497419e+02, -3.5416060951082827e+01,
       -3.0112060597834382e+01, 3.2930290033530547e+01,
       -2.1992535441049210e+01, 1.2476844991262384e+01,
       8.5911618790104016e-01, 6.9536848109138216e-01,
       -4.8074188894941729e-02, -4.8301364021792553e-02,
       -9.1880460735028379e+01, -5.8021099616788348e+01,
       3.5244590425501890e+01, 2.0223853299664164e+01,
       1.0279855145160527e+01, 9.6195650022154453e+00,
       1.1333476458341214e+00, 5.4144576193888250e-01,
       -4.7916743287728930e-01, 2.2937193815038760e-02,
       6.9796196950938976e+00, -3.8212911994830201e+01,
       -1.3722510699541446e+00, 1.1442390029550719e+01,
       -1.0105955884464569e+01, -1.3544086323341151e+01,
       -6.6664417951718669e-01, -8.5812852870923773e-01,
       -1.6037038120619309e+00, 2.1118901617022900e-01,
       5.1695037384181415e+00, -1.0556811768959587e+02,
       6.2197619758140164e+00, 2.4098063608975906e+01,
       9.1713273696623290e+00, -1.6534036800107536e+01,
       -2.7322065414802745e+00, 2.4075680295936555e+00,
       4.4807778282987609e+00, -2.4278949089857096e+00,
       6.9766957356535130e+01, 1.0867947332573029e+02,
       -3.3096481561392018e+01, -3.9777804946479478e+01,
       -8.7499165411368107e+00, 6.8624601185027956e-01,
       2.1086735833461958e+00, -1.4269155684617216e-01,
       -2.9088302000727523e-01, -1.2712837407229230e-01,
       -1.7652108990734732e+02, 3.1973853867561719e+01,
       3.6234998161262347e+01, -2.4518993705226983e+01,
       -3.3290927014954086e+00, -1.5039570515473539e+00,
       3.5990542533179004e-01, 8.8186176067633160e-01,
       -6.9179437396959906e-02, 8.9297671149867780e-02,
       4.0305383618828323e+01, 4.9796029262267140e+01,
       -1.0229602784958914e+01, -2.5378255347431942e+01,
       -1.6429656188259201e+00, -8.6734071696504991e+00,
       -8.7604594667859406e+00, 6.2697758795587810e-01,
       6.6210527297367676e+00, 1.4222849409317826e+00,
       -9.9312818876671130e+01, 1.1163461834278340e+02,
       5.7437956989326597e+00, -5.4442177008403448e+01,
       -7.9422973696116639e+00, 1.1787318373611111e+00,
       1.0339706687013328e+00, -8.3440852219419026e-01,
       -3.0809506087579980e-01, -1.8810613441058219e-01,
       -1.8091105339495277e+02, -1.0369449818080365e+02,
       4.5530509399663870e+01, 3.5783658652665736e+01,
       -2.8655665293583819e+01, -1.7766170074148764e+00,
       -3.6541783449293961e+00, -5.4285186537998797e-01,
       1.4171224319035552e-01, 1.9963634398023666e-01,
       -7.1531654462009939e+00, -3.9918714019784007e-01,
       -5.1299870762115972e+01, 1.5336066584221877e+01,
       1.5884029972926006e+01, 5.4707752741712024e-01,
       4.5193329394310960e-01, -1.9848624399336504e-01,
       -4.3375897072883801e-01, 7.8932822341397216e-02,
       1.0171589744765465e+02, 1.2288275181425121e+00,
       2.6018268506003849e+01, -6.9033278953339945e+00,
       1.2458552418498213e+01, -1.0104349486902267e+00,
       5.1527476965564512e-01, -4.8214563611917399e-01,
       -4.3534567506149779e-01, 7.9104975513755019e-02 ]
covs: !!opencv-matrix
   rows: 110
   cols: 10
   dt: d
   data: [ 7.2010327144968005e+03, 7.4522769856561717e+02,
       2.1590645765925874e+03, -1.1559421042092133e+03,
       4.0622723618184534e+02, -7.6253860568314155e+02,
       -1.0607291440032751e+02, -3.4626068437948312e+01,
       -5.5371075490824545e+01, -1.2441327905724606e+00,
       7.4522769856561717e+02, 5.5324359355666666e+03,
       7.1195283402555538e+02, 2.5442830894078934e+03,
       1.1037188597553263e+02, -2.5782795379288325e+02,
       -3.9866778186568489e+01, -4.4610972690692186e+01,
       -9.6961510023814323e+00, -8.5080491610114635e+00,
       2.1590645765925874e+03, 7.1195283402555538e+02,
       2.6493372401997935e+03, -1.2958975252865843e+01,
       -2.0984500931454662e+02, 1.2539938999306960e+02,
       2.1551612543657921e+01, 1.0254411815339470e+01,
       8.9279179633603025e+00, 3.8835536138058306e+00,
       -1.1559421042092135e+03, 2.5442830894078934e+03,
       -1.2958975252865839e+01, 1.7747457089838874e+03,
       -2.2638267448568885e+00, -2.7202188380715402e+00,
       -6.7820087942969698e+00, 1.0187794616344638e+01,
       2.6815092505044729e+00, -4.4990829470924643e-01,
       4.0622723618184534e+02, 1.1037188597553263e+02,
       -2.0984500931454662e+02, -2.2638267448568903e+00,
       1.1337383928372454e+02, -1.5413330392971761e+02,
       -7.0221562297488225e+00, 3.8604086391712156e+00,
       -7.7455127172036313e+00, 3.0216794749335468e-01,
       -7.6253860568314155e+02, -2.5782795379288325e+02,
       1.2539938999306960e+02, -2.7202188380715424e+00,
       -1.5413330392971761e+02, 3.2793678380270148e+02,
       -1.4292868026333082e+01, 7.3424960103704286e+00,
       9.3495037907970868e+00, -9.2159100581720499e-01,
       -1.0607291440032751e+02, -3.9866778186568489e+01,
       2.1551612543657917e+01, -6.7820087942969725e+00,
       -7.0221562297488225e+00, -1.4292868026333082e+01,
       2.1769035941553060e+01, 9.8958703414276733e-02,
       3.3974560815376416e+00, 2.6985912789013733e-01,
       -3.4626068437948319e+01, -4.4610972690692179e+01,
       1.0254411815339468e+01, 1.0187794616344638e+01,
       3.8604086391712165e+00, 7.3424960103704295e+00,
       9.8958703414276816e-02, 1.4851069828104636e+01,
       -4.9441755873144161e-01, 8.1050690410089210e-01,
       -5.5371075490824538e+01, -9.6961510023814306e+00,
       8.9279179633603025e+00, 2.6815092505044738e+00,
       -7.7455127172036313e+00, 9.3495037907970868e+00,
       3.3974560815376416e+00, -4.9441755873144161e-01,
       1.4711128490209417e+00, 7.2175723025748900e-02,
       -1.2441327905724606e+00, -8.5080491610114635e+00,
       3.8835536138058306e+00, -4.4990829470924643e-01,
       3.0216794749335490e-01, -9.2159100581720499e-01,
       2.6985912789013733e-01, 8.1050690410089210e-01,
       7.2175723025748886e-02, 3.2936446687065668e-01,
       9.2789915887518910e+03, -1.5250418302904523e+03,
       2.0303963811912022e+03, 1.7525211069079060e+02,
       1.2830527215691841e+03, 2.2293619468813139e+02,
       5.9958790559884491e+01, -5.8500686216396751e+01,
       1.9891255876440688e+01, 6.8676977130978818e+00,
       -1.5250418302904523e+03, 7.0779633729014713e+03,
       1.0537580870444476e+03, 2.1127173724143122e+03,
       -2.6397103972508023e+02, 3.0571878105663609e+02,
       9.9425878671820271e+00, 8.5213319908046241e+00,
       2.3996894251314764e+01, -5.5110059042155921e+00,
       2.0303963811912022e+03, 1.0537580870444474e+03,
       2.5674674699702864e+03, -2.5736548092510446e+02,
       -3.2658076861355642e+02, -6.6989272444464660e+01,
       -2.3686245052618691e+01, 9.6017808234409134e+00,
       -5.5125794236933814e+00, 2.9461381251905858e+00,
       1.7525211069079060e+02, 2.1127173724143122e+03,
       -2.5736548092510458e+02, 2.0272269804621392e+03,
       2.2687296293656590e+02, -5.9364008394125731e+00,
       1.9431864380853664e+01, -2.6711264800391280e+01,
       6.1926017748517914e+00, 6.9001743725490572e+00,
       1.2830527215691841e+03, -2.6397103972508023e+02,
       -3.2658076861355642e+02, 2.2687296293656595e+02,
       4.9124003231933875e+02, 4.2427591858377014e+01,
       -5.3844781582076031e+00, -1.9242672073466984e+01,
       1.6497571780224316e+00, -1.4381850373735317e-02,
       2.2293619468813145e+02, 3.0571878105663609e+02,
       -6.6989272444464675e+01, -5.9364008394125669e+00,
       4.2427591858377006e+01, 2.2984769309101856e+02,
       -1.0659510881339033e+01, 8.5346710355454869e-01,
       5.6331424577226503e+00, -4.3409863836210860e+00,
       5.9958790559884491e+01, 9.9425878671820378e+00,
       -2.3686245052618688e+01, 1.9431864380853657e+01,
       -5.3844781582076013e+00, -1.0659510881339033e+01,
       2.2099598227700731e+01, 9.8630115271889762e-01,
       3.3431541142993892e+00, 1.9117641330600041e-01,
