%YAML:1.0
means: !!opencv-matrix
   rows: 25
   cols: 6
   dt: d
   data: [ -4.3290976942636696e+01, 5.3981157566906308e-02,
       9.7676110226569421e+01, -1.5012882173462259e+01,
       4.6103236105317889e+00, 5.6339669861614086e+00,
       7.0283185854401765e+01, -3.5748760975119822e+01,
       -2.1279724391031735e+01, 4.1538076573982742e+01,
       -2.8430879336830948e+01, 2.4517433133834828e+01,
       4.2421265424350096e+01, -1.0068641904247296e+02,
       8.9131504000833548e+00, 4.9733906365286153e+01,
       1.4212160179569597e+01, 1.5395005605394269e+01,
       -1.8996412111229890e+02, 4.2798765803521107e+01,
       3.1084048260538538e+01, -2.9395383867308126e+01,
       -8.8642153286552077e+00, -1.5788255628827045e+01,
       -5.6828022852048228e+01, 6.7990007066132335e+01,
       -2.7703238643226086e+01, 4.9674361868123498e+01,
       2.5579298344002673e+01, 1.1284686420404091e+00,
       4.9146386236756207e+01, 1.1243203828746917e+02,
       -2.3618333166646043e+01, -4.6799613545516138e+01,
       -5.3047518855320055e+00, -2.0070445880461874e+00,
       -1.7209050611524515e+02, 5.9036869466974814e+01,
       3.0803352866954363e+01, 2.0623227448673148e+01,
       1.9386575999006679e+00, 2.5353009677893801e+00,
       1.2672383246523316e+02, -6.8268474650900302e+01,
       3.7170002531317110e+01, -5.4440447703452911e+01,
       1.0591558446145541e+01, 1.9739903589735535e+00,
       1.3897296325092713e+01, 5.7540507595333068e+01,
       -9.2203299968334576e+01, 5.1421827602291192e-01,
       -6.6814638607424719e+00, -3.5314482187229181e+00,
       1.7888449207055811e+02, 1.5706000735448647e+01,
       -4.2410360981021398e+01, 8.7383921378788667e+00,
       -1.2435284922985746e+01, -8.7726644621644052e+00,
       8.7495575564131414e+01, 7.8860941258352028e+01,
       5.4087902434239425e+01, 1.4828595638332235e+01,
       1.4785460208318669e+01, -1.4686768500362948e+00,
       -1.1984639998565324e+02, -4.8823091595420706e+01,
       4.1878216603980796e+01, 2.4425539396830967e+01,
       -8.2211132041795896e+00, 1.8880799156928607e+01,
       1.1270183191500657e+02, -1.5554905590008062e+01,
       -2.7663168081846688e+01, 2.2495096236701752e+01,
       5.9882093661506755e+00, -9.5605273120020122e+00,
       -1.5112884483296881e+02, -1.0002988571502341e+02,
       7.8258694811169590e+01, 2.4547447129311955e+01,
       -2.8401029658969588e+01, -9.0933297760572245e+00,
       1.4729855251720403e+02, -2.5878811476211578e+01,
       -2.5919477112109561e+01, 1.8110193944721935e+01,
       -1.7592432368697125e+01, -6.6970336942719269e-02,
       3.2921090624074864e+01, 4.9125139666733624e+00,
       -2.1420908409888026e+00, -5.6212893460108431e+00,
       -1.1121105689458730e+01, -8.8301257553928920e+00,
       -1.6839906702085429e+02, -7.8310178678055181e+01,
       1.5957605598291314e+01, -4.7394525764197411e+01,
       1.0694794780907727e-01, 2.0475003654777684e+00,
       -2.6020903821376140e+02, -1.0676477215137609e+02,
       -3.1448929371135108e+00, 4.6036352774976699e+01,
       -2.8716957302597862e+01, -5.1933276241163506e+00,
       -4.8438757007484888e+01, 9.8941504255503304e+01,
       6.2124272214811127e-01, -4.3905564754321247e+01,
       9.0605685521696486e+00, 1.3802036712087689e+00,
       -1.0505679807475005e+02, 1.2885175715004587e+02,
       5.4151004926850312e+00, -5.8077818363912641e+01,
       -2.2847639559255601e+01, -2.7509865053815323e+00,
       -3.2003830261467492e+01, -6.5591615324015166e+01,
       -3.4158166651405260e+01, -2.7922005434906243e+01,
       2.3073296945172018e+01, 4.6958937062962898e+00,
       8.6407626817272742e+00, -4.3561350006937012e+01,
       1.5648429945081633e+01, 1.5206492380173392e+01,
       3.8631353000308223e+01, -1.3779662424232639e-01,
       1.0203036380317836e+02, -4.8739845437168015e+01,
       -2.1311502673366448e+01, 3.6129781467438008e+01,
       -2.7112996749091355e+01, 2.2687110920950321e+01,
       4.1206807560474999e+01, 6.2595755769644299e+00,
       -1.8244276943559232e+01, -3.1353128987955369e+01,
       7.1780510230073338e+00, -2.4534195966973620e+01,
       1.5507412767538685e+01, -2.2956807556478341e+02,
       9.5624191271532606e+00, 7.5366568580236233e+01,
       -1.9686560511688151e+00, -2.8827246355394351e+01 ]
