%YAML:1.0
means: !!opencv-matrix
   rows: 20
   cols: 5
   dt: d
   data: [ -8.4612336137808999e+00, 7.3092449271214846e+01,
       -5.0667710656321127e+01, -3.7715622283341162e+01,
       4.0999561769036434e+00, -1.0064490604643144e+02,
       -3.4017290030393411e+01, 4.1136215811406245e+01,
       2.2611176434626145e+01, 1.8222115346387469e+00,
       1.2132915209635328e+02, -9.1083129478390063e+01,
       1.7908815175423154e+01, -5.7049020984236869e+01,
       7.2058528698123290e+00, 1.0793321245769137e+02,
       2.9334742829653280e+01, 3.3065910421661023e+01,
       -4.8503062655162976e+00, 8.2457236996546523e+00,
       -1.5879658819272015e+02, -1.0435000141571962e+02,
       2.6379363372990746e+01, -5.6049366938619301e+01,
       -2.8778090322907368e+00, 8.7481319442367877e+01,
       1.5330560211485141e+02, -2.3553023483819050e+01,
       2.4983751782472005e+01, -7.8127034027046713e+00,
       -2.9060746794917055e+01, 1.9269779719788295e+02,
       1.2810335817204944e+01, 5.3519887297099809e+00,
       1.0161400792996909e+01, -1.7890388014901390e+02,
       8.0370682505874953e+01, -4.0800566160568117e+01,
       -3.7487469168248793e+01, 2.1619013558086833e+00,
       1.0071677699426971e+02, -4.8407314804224832e+01,
       -2.1584394272163500e+01, 3.5681362121009691e+01,
       -2.7266896745590515e+01, 1.1016873190831535e+02,
       -4.0935292242607112e+01, -1.9636131938150765e+01,
       5.4714733805191457e+01, -2.4718289375495250e+01,
       7.7063096919804175e-01, -3.6397695059253913e+01,
       1.1410808875927771e+01, 1.3162070847655190e+01,
       3.7931021767512235e+01, 1.8747162946307385e+00,
       -1.7607339713461528e+02, 1.3453245311265832e+01,
       6.0370238673258079e+01, 1.2357441441446685e+01,
       -9.5159244045455207e+00, -9.4124312600621323e+01,
       -6.1666195500291870e+01, -2.4776221966057481e+01,
       8.7441944589066178e+00, -2.6959390081257801e+01,
       4.2718422344109772e+00, -3.8118288904700655e+01,
       5.1931039695179322e+01, 1.0712390295418125e+01,
       1.2895823213993890e+02, -1.6259744897329021e+01,
       2.9605927370619671e+01, 4.8871930274796966e+00,
       -1.1618319141693659e+01, -5.3092315257324984e+01,
       6.3992664329522938e+01, 7.1619024059955166e+01,
       -4.2088777780982682e+01, 4.3299837591650037e-01,
       -2.6600163564108708e+01, 1.1652394091382234e+02,
       -7.1821741194411430e+00, -5.9516774654116617e+01,
       -1.7198804824626077e+01, -2.1147558790680608e+02,
       3.9918287439693991e+01, 1.2941152904920427e+01,
       5.8670971557925522e-01, -3.2188590703079711e+00,
       -1.8209806517919358e+02, -8.1668926275787001e+01,
       5.4917373378567099e+01, 2.5088932435069804e+01,
       -2.5861759545288805e+01, 1.6382730052390610e+02,
       -8.7894442826981596e+00, -5.1250381429920708e+01,
       7.3930542529533483e+00, -1.2318316919555903e+01 ]
covs: !!opencv-matrix
   rows: 100
   cols: 5
   dt: d
   data: [ 4.1333725020440570e+03, -7.4809293040708019e+02,
       4.2247947034231504e+02, 3.5034358000802490e+02,
       -9.3057997757100580e+01, -7.4809293040708019e+02,
       4.0109957350528966e+03, -2.3486686951660690e+01,
       1.3760175981455525e+03, -9.4350529139587849e+00,
       4.2247947034231504e+02, -2.3486686951660673e+01,
       1.5789839899685649e+03, -1.2303454236538663e+02,
       9.6600035103469466e+01, 3.5034358000802490e+02,
       1.3760175981455525e+03, -1.2303454236538667e+02,
       1.7639115272242534e+03, 1.7008030736585025e+02,
       -9.3057997757100580e+01, -9.4350529139587795e+00,
       9.6600035103469466e+01, 1.7008030736585022e+02,
       1.5358629987562688e+02, 6.3542063042605196e+03,
       6.4564753105971158e+02, 2.6712164247016199e+03,
       -1.2642476851836893e+03, 7.7986226120511310e+02,
       6.4564753105971147e+02, 5.4957571033793347e+03,
       6.2222694592648895e+02, 2.1020054864579497e+03,
       5.5358087991137631e+02, 2.6712164247016199e+03,
       6.2222694592648895e+02, 2.2782592587994818e+03,
       -1.2651235983050283e+02, -1.0073626541632946e+02,
       -1.2642476851836889e+03, 2.1020054864579497e+03,
       -1.2651235983050283e+02, 1.5396789311814566e+03,
       -1.9741338557229554e+02, 7.7986226120511310e+02,
       5.5358087991137643e+02, -1.0073626541632949e+02,
       -1.9741338557229551e+02, 4.4667958649813050e+02,
       4.7296622153155877e+03, -1.5203651383830092e+02,
       -2.5645409487705871e+02, 2.3180460348151291e+02,
       -6.0752070803005086e+02, -1.5203651383830078e+02,
       4.9809070227148759e+03, -6.2665515492249597e+02,
       -1.8939026666324428e+03, -2.5190745100984159e+02,
       -2.5645409487705871e+02, -6.2665515492249585e+02,
       1.0211721067912537e+03, 1.6472662988889221e+02,
       2.3747098986759900e+02, 2.3180460348151286e+02,
       -1.8939026666324428e+03, 1.6472662988889223e+02,
       1.2475295453547976e+03, 2.9113658324971976e+01,
       -6.0752070803005074e+02, -2.5190745100984154e+02,
       2.3747098986759895e+02, 2.9113658324971968e+01,
       3.0430378170499881e+02, 3.6608573235209669e+03,
       -7.8371043325692938e+01, -5.3611519840348969e+01,
       -1.4724525461660050e+01, -2.2564580890152556e+02,
       -7.8371043325692938e+01, 6.5391698141388588e+03,
       1.5046633851005163e+02, -6.6726927116402362e+02,
       -1.8670943456073852e+02, -5.3611519840348961e+01,
       1.5046633851005160e+02, 1.1349762505417139e+03,
       4.2231017981952124e+02, 1.7031089453820158e+02,
       -1.4724525461660042e+01, -6.6726927116402339e+02,
       4.2231017981952124e+02, 2.5958250137251198e+03,
       2.6375243454530226e+02, -2.2564580890152561e+02,
       -1.8670943456073852e+02, 1.7031089453820158e+02,
       2.6375243454530221e+02, 1.5393156212298382e+02,
       7.4286892599482471e+03, 3.1948458523605331e+02,
       2.6893285320158852e+03, -6.2401123664909164e+02,
       4.3427521390597616e+02, 3.1948458523605325e+02,
       3.4523586476280211e+03, -5.7239251984610370e+01,
       -9.8526315255340194e+02, 1.0257594089198683e+02,
       2.6893285320158852e+03, -5.7239251984610348e+01,
       2.0243921655959737e+03, -4.0344176433903613e+02,
       -9.2738732288255235e+01, -6.2401123664909164e+02,
       -9.8526315255340205e+02, -4.0344176433903596e+02,
       8.1651782068119883e+02, -1.6257222799397002e+01,
       4.3427521390597616e+02, 1.0257594089198683e+02,
       -9.2738732288255235e+01, -1.6257222799396988e+01,
       1.4810750395591134e+02, 8.6821125844451381e+03,
       -1.8799182697178512e+03, 1.6710445691867262e+03,
       1.0661301130945048e+03, -6.5800108458477638e+01,
       -1.8799182697178514e+03, 4.2545441059740315e+03,
       5.0406724720595236e+02, -1.2652684421091835e+03,
       -2.9195319762437013e+01, 1.6710445691867262e+03,
       5.0406724720595236e+02, 2.4596949039216502e+03,
       -1.0246448164129808e+03, -6.1009482420011281e+01,
       1.0661301130945051e+03, -1.2652684421091835e+03,
       -1.0246448164129808e+03, 1.4995071833989218e+03,
       3.7641325155696293e+01, -6.5800108458477666e+01,
       -2.9195319762437013e+01, -6.1009482420011281e+01,
       3.7641325155696279e+01, 4.2638909159419569e+01,
       8.5123309610933575e+03, -5.7598597399026266e+02,
       1.9352935531421926e+03, -6.0335813361432679e+02,
       1.8993666231416827e+02, -5.7598597399026278e+02,
       2.8172622115333984e+03, -2.3318144449244502e+02,
       -5.7086484767640528e+01, -2.6168544184244450e+02,
       1.9352935531421926e+03, -2.3318144449244502e+02,
       2.2591030409393775e+03, -4.6389934161951834e+02,
       -7.2708297451942855e+01, -6.0335813361432679e+02,
       -5.7086484767640520e+01, -4.6389934161951840e+02,
       4.1611022486363692e+02, 1.3803039320733589e+02,
       1.8993666231416825e+02, -2.6168544184244439e+02,
       -7.2708297451942883e+01, 1.3803039320733586e+02,
       2.0375200631287217e+02, 4.6123542883542095e+03,
       3.6337283937753887e+02, -1.5995486552930123e+02,
       -3.4866216174170290e+02, 4.3261664333421209e+02,
