%YAML:1.0
means: !!opencv-matrix
   rows: 3
   cols: 15
   dt: d
   data: [ 6.5893348293574007e+01, -5.7853608518693056e+00,
       -1.4815205072823327e+01, 2.3076208230973343e+00,
       3.3673137049520374e+00, -1.5114889387348360e+00,
       6.3851058489847656e-01, 2.4370276268545105e-01,
       2.9963190883805252e-01, -1.1680954713201757e-02,
       4.6174201990992363e-02, 1.8326457768139996e-03,
       3.3730413190540469e-03, 8.9285961516828239e-04,
       8.3429837549620755e-03, -1.3339729268107968e+02,
       -1.1325017403344571e+01, 3.0600619059808267e+01,
       9.6810198456556993e+00, -8.2980942698934506e+00,
       9.4464998176767967e-01, 6.3119475136249059e-01,
       8.0157518336004208e-01, 5.1460512645264755e-01,
       -1.0813852453011245e-01, -3.5016964822400978e-02,
       1.0021512086318300e-02, 3.2717763298257970e-03,
       -7.0006988403119145e-04, -7.7412000275878393e-03,
       -1.2980129068619798e+01, 4.2269545603561596e+01,
       1.8241723655580699e+00, -2.6072507300294461e+01,
       1.9870326809749996e+00, 4.0639714784183072e+00,
       -3.5568240336443679e+00, -2.3680524417045108e+00,
       -2.0548698557690281e+00, 2.4048261401680213e-01,
       -1.1352499913285624e-01, -2.4842516930607326e-02,
       -1.8647962587211228e-02, -2.0800448144730824e-03,
       -1.7889293268897193e-02 ]
covs: !!opencv-matrix
   rows: 45
   cols: 15
   dt: d
   data: [ 8.0448118324443030e+03, 5.9319080516052520e+02,
       1.9157989639885136e+03, -1.4830739645209621e+02,
       -9.0995404379131037e+02, 2.9192472183832450e+02,
       -8.8911671256749074e+01, 2.3054815781813289e+01,
       1.4968117135391640e+01, -1.2224803145341863e+00,
       -1.9184281924872415e+00, -1.3704899768133110e-02,
       -2.2648878493254972e-02, -7.4882632759953924e-02,
       -3.2743714727999990e-01, 5.9319080516052520e+02,
       8.2266620429262384e+03, -1.5506451151522054e+02,
       7.6628341812309736e+02, 3.3820022187227231e+01,
       -2.6678291223189245e+02, 3.8604094300797151e+01,
       -1.6079627631513130e+01, 2.3153265986416938e+00,
       -2.4894502479216727e+00, 1.0037568075326326e+00,
       5.6314867359508225e-01, 5.3013920628131858e-02,
       1.1947377503357129e-01, 2.0836778419911614e-01,
       1.9157989639885136e+03, -1.5506451151522049e+02,
       2.8755099518432744e+03, 3.2473311594575271e+01,
       1.8618656405605046e+02, -5.9984490629128906e+01,
       3.0539033117056221e+01, -3.0089554468599128e-01,
       1.3688033482383712e+00, 3.4989742564951998e+00,
       7.3822983844405637e-02, -1.9105109966770961e-01,
       9.9851636239127892e-02, 4.1212514914640508e-02,
       1.5783287371871974e-01, -1.4830739645209627e+02,
       7.6628341812309736e+02, 3.2473311594575286e+01,
       2.2582930265093246e+03, 1.6652731611520689e+01,
       1.3347404246686875e+02, -1.5531426084712010e+01,
       1.9382881184609179e+01, -1.3116302268174824e+00,
       -3.2080333433501029e+00, -3.8625037149938340e-01,
       -2.2460920017988936e-01, -2.1766553146044785e-02,
       -1.1311753177718274e-01, -1.4251882522406831e-01,
       -9.0995404379131037e+02, 3.3820022187227231e+01,
       1.8618656405605049e+02, 1.6652731611520696e+01,
       4.5695401023893271e+02, 6.0289448554948663e+01,
       -3.6558474019359402e+00, 9.0738209486584775e+00,
       4.5597491880220442e+00, 1.3562056573502176e-01,
       2.3249119119066193e-02, -2.2780343683122605e-02,
       2.5597811060930387e-02, 2.6523744394600975e-02,
       7.0376072331616135e-02, 2.9192472183832456e+02,
       -2.6678291223189245e+02, -5.9984490629128885e+01,
       1.3347404246686878e+02, 6.0289448554948663e+01,
       2.2221089158544547e+02, 6.5725095298791354e+00,
       1.2715186853957501e+00, -1.0848339918173358e+00,
       -5.6634703421127719e-01, 1.6090425012667364e-01,
       3.1710339893801377e-02, 4.3357642438654380e-03,
       -2.2136811196421732e-03, -3.7868073127085247e-02,
       -8.8911671256749074e+01, 3.8604094300797151e+01,
       3.0539033117056231e+01, -1.5531426084712013e+01,
       -3.6558474019359402e+00, 6.5725095298791327e+00,
       2.2891980201611073e+01, -2.8752911535120211e+00,
       -2.7961011790059564e+00, 2.7220645551131173e-01,
       3.5881121747554118e-02, 4.4090255608125579e-02,
       -2.9289828361890747e-02, 7.9193765980339285e-03,
       1.5764705873220009e-03, 2.3054815781813286e+01,
       -1.6079627631513137e+01, -3.0089554468599200e-01,
       1.9382881184609179e+01, 9.0738209486584793e+00,
       1.2715186853957501e+00, -2.8752911535120216e+00,
       1.5163180901186983e+01, -2.2052710328412037e+00,
       6.3135993043964289e-01, -3.8676439898269653e-02,
       -1.8357525580880107e-02, -1.3509585051984442e-02,
       1.0200404140423246e-03, 2.9608703792808433e-03,
       1.4968117135391640e+01, 2.3153265986416929e+00,
       1.3688033482383715e+00, -1.3116302268174826e+00,
       4.5597491880220442e+00, -1.0848339918173355e+00,
       -2.7961011790059569e+00, -2.2052710328412037e+00,
       1.5526115400957123e+00, -1.1848401189586921e-01,
       -3.4615838486105770e-02, 9.1462206464892968e-04,
       -1.6569830213357770e-02, -4.1926559732471981e-03,
       -1.5741450130194318e-03, -1.2224803145341863e+00,
       -2.4894502479216727e+00, 3.4989742564951998e+00,
       -3.2080333433501029e+00, 1.3562056573502171e-01,
       -5.6634703421127719e-01, 2.7220645551131173e-01,
       6.3135993043964278e-01, -1.1848401189586923e-01,
       3.1641017036762492e-01, 1.1704774693457194e-02,
       1.4585985928846524e-03, 1.0422201071837369e-03,
       -1.1651538004974680e-02, 6.9278211879377958e-04,
       -1.9184281924872408e+00, 1.0037568075326331e+00,
       7.3822983844405665e-02, -3.8625037149938352e-01,
       2.3249119119066221e-02, 1.6090425012667367e-01,
       3.5881121747554111e-02, -3.8676439898269653e-02,
       -3.4615838486105763e-02, 1.1704774693457189e-02,
       1.9077208745261698e-02, -2.7979828162679392e-03,
       2.4898626341190267e-04, -5.5489613436248027e-04,
       -7.9679035934204106e-04, -1.3704899768133117e-02,
       5.6314867359508214e-01, -1.9105109966770961e-01,
       -2.2460920017988939e-01, -2.2780343683122609e-02,
       3.1710339893801391e-02, 4.4090255608125566e-02,
       -1.8357525580880104e-02, 9.1462206464892968e-04,
       1.4585985928846526e-03, -2.7979828162679396e-03,
       2.2203812990396078e-03, 1.6647612691406716e-04,
       -2.9830722363148653e-04, 5.8283238632714229e-04,
       -2.2648878493254979e-02, 5.3013920628131837e-02,
       9.9851636239127850e-02, -2.1766553146044802e-02,
       2.5597811060930391e-02, 4.3357642438654380e-03,
       -2.9289828361890754e-02, -1.3509585051984444e-02,
       -1.6569830213357770e-02, 1.0422201071837373e-03,
       2.4898626341190273e-04, 1.6647612691406710e-04,
       2.3552458135338333e-03, 5.4911469996440802e-06,
       -4.7547656848924824e-05, -7.4882632759953938e-02,
       1.1947377503357126e-01, 4.1212514914640508e-02,
       -1.1311753177718274e-01, 2.6523744394600986e-02,
       -2.2136811196421732e-03, 7.9193765980339267e-03,
       1.0200404140423228e-03, -4.1926559732471981e-03,
       -1.1651538004974678e-02, -5.5489613436248016e-04,
       -2.9830722363148647e-04, 5.4911469996440853e-06,
       1.9819608504734721e-03, 8.6730450554954082e-05,
       -3.2743714727999990e-01, 2.0836778419911617e-01,
       1.5783287371871976e-01, -1.4251882522406831e-01,
       7.0376072331616121e-02, -3.7868073127085254e-02,
       1.5764705873220009e-03, 2.9608703792808433e-03,
       -1.5741450130194313e-03, 6.9278211879377914e-04,
       -7.9679035934204074e-04, 5.8283238632714218e-04,
       -4.7547656848924831e-05, 8.6730450554954082e-05,
       1.2450604739990220e-03, 9.8392272891620523e+03,
       -1.5636341209399566e+03, 2.0820494798037826e+03,
       1.1819951842134044e+03, 3.8170989377894676e+02,
       -3.1437570516406737e+02, 1.3495594524797028e+02,
       -3.8380055803781502e+01, -1.4067021852988645e+01,
       8.9246223694636537e+00, -6.3853963082800806e+00,
