%YAML:1.0
means: !!opencv-matrix
   rows: 16
   cols: 5
   dt: d
   data: [ 1.4881114896899080e+01, 6.5944031088877804e+00,
       -1.4962815168482217e+01, -2.5677329229288571e+01,
       -5.6858554947341515e+00, -1.3446319273586585e+02,
       -2.5534437367193156e+01, 3.3290207041944853e+01,
       -2.9305538705757350e+01, 5.4593787259044282e+00,
       3.2996614045675436e+01, 2.8259837611274797e+01,
       -3.1981431966387671e+01, -2.1564329161189928e+01,
       1.6657935350911636e+01, -1.9513707606018053e+02,
       7.1021586397013593e+01, 3.7710123404662667e+01,
       -5.1012170635338194e+01, -2.0659560789807873e+01,
       1.9167044126551801e+02, 1.4825623128576249e+00,
       -8.9884431977750836e+00, -1.5495824179138294e+01,
       -7.4637406781254256e+00, 8.2532311754224338e+01,
       1.6407929122996428e+01, -2.3412541123541867e+01,
       -3.2138857775705929e+01, -2.6171477906274113e+01,
       -5.6216485931357397e+01, -6.5363744779060724e+01,
       -7.8186565885027024e+00, 1.9872444082465073e+01,
       2.1852152821283291e+01, -1.0369006448730824e+01,
       -6.9623845699039492e+01, 8.3185618206929291e+01,
       3.6723448888463892e+01, 5.4903853703436765e+00,
       -1.4618741997832103e+01, 6.2496743064103420e+01,
       4.6267854754456978e+00, -4.7685613925701958e+01,
       3.2663737857423008e+01, 8.5395535656138151e+01,
       1.1480434158571065e+01, -9.4063228590412706e+01,
       -1.6315964805111417e+01, -5.0825141521740838e+00,
       1.2868902406839581e+02, 7.7894196370565481e+01,
       -3.2341459407483697e+01, 5.4233489839648435e+01,
       -6.0462704503661993e+00, -1.6678007886812932e+02,
       -8.8790548543880561e+01, 1.4830900194314918e+01,
       4.9236895077967205e+01, -1.0448223282288696e+01,
       1.3618679640261016e+02, -4.8308446775757048e+00,
       5.3172842241931406e+01, -7.8718255462619995e+00,
       9.8670944373008673e+00, -8.7689506719089358e+00,
       8.8645053518571558e+01, 1.8414863561856500e+00,
       4.9350417831243043e+01, 1.9182031352216502e+01,
       6.2859360885819257e+01, -8.4890918847443444e+01,
       -2.4931411819888702e+01, 4.1256105098936011e+01,
       -5.3566058003847266e+00, -1.6495587787346264e+02,
       9.3881235755058171e+01, 3.9197075123874875e+01,
       2.7144926069928268e+01, -5.2073026723630482e+00 ]
covs: !!opencv-matrix
   rows: 80
   cols: 5
   dt: d
   data: [ 7.4991191683392472e+03, -9.6705570096378005e+02,
       1.4467969089030066e+03, 4.1280719963799999e+02,
       -4.1109772468689232e+02, -9.6705570096378005e+02,
       6.4697905636212345e+03, 2.3584802709012487e+02,
       1.2229999148234660e+03, -1.5474898506784709e+02,
       1.4467969089030066e+03, 2.3584802709012487e+02,
       2.4129329651478824e+03, -5.4824233679416650e+01,
       4.6062198222100257e+01, 4.1280719963800004e+02,
       1.2229999148234658e+03, -5.4824233679416650e+01,
       1.2091939856170832e+03, 9.4642706370172334e+01,
       -4.1109772468689249e+02, -1.5474898506784706e+02,
       4.6062198222100236e+01, 9.4642706370172363e+01,
       3.2211735772436396e+02, 9.1654771158136791e+03,
       1.0407042496332726e+03, 2.1483207193702251e+03,
       -5.4780978278950477e+02, 1.0009129901168570e+03,
       1.0407042496332724e+03, 3.9347607017450873e+03,
       -2.6837725634221931e+02, 7.8727700249034660e+02,
       1.0748657660440354e+02, 2.1483207193702251e+03,
       -2.6837725634221925e+02, 2.4308180408524522e+03,
       -1.9008845239240724e+01, -2.6637860015705877e+02,
       -5.4780978278950477e+02, 7.8727700249034672e+02,
       -1.9008845239240731e+01, 8.3558689510148781e+02,
       -7.9151800176538558e+01, 1.0009129901168570e+03,
       1.0748657660440354e+02, -2.6637860015705883e+02,
       -7.9151800176538543e+01, 2.9446571661337475e+02,
       3.6824147362022177e+03, 1.6688429826131340e+02,
       1.5767104758021728e+03, -9.7003190533658898e+00,
       -3.2911807001481054e+02, 1.6688429826131346e+02,
       1.0554720502254213e+04, 4.4275812847854291e+02,
       -5.7124852737599986e+02, 5.7304823274925539e+01,
       1.5767104758021726e+03, 4.4275812847854291e+02,
       1.8370357975933503e+03, -2.6492121654246586e+02,
       7.1834611621173011e+01, -9.7003190533658792e+00,
       -5.7124852737599986e+02, -2.6492121654246574e+02,
       2.1697609722894067e+03, -6.4537574066347219e+01,
       -3.2911807001481054e+02, 5.7304823274925525e+01,
       7.1834611621173011e+01, -6.4537574066347204e+01,
       1.3195721983182227e+02, 5.5592046933267657e+03,
       3.9735799397847484e+02, 3.1297585998092914e+03,
       4.7237761989932174e+01, -1.5222388731459591e+02,
       3.9735799397847455e+02, 6.9475640018030854e+03,
       -6.5201479370680900e+01, 1.7216174946095812e+03,
       -3.6245155204878102e+02, 3.1297585998092909e+03,
       -6.5201479370680858e+01, 2.4331732419627224e+03,
       2.1012383857467576e+01, -3.2170053993223576e+01,
       4.7237761989932132e+01, 1.7216174946095812e+03,
       2.1012383857467579e+01, 1.1561847118637297e+03,
       7.1727943986765638e+01, -1.5222388731459588e+02,
       -3.6245155204878097e+02, -3.2170053993223576e+01,
       7.1727943986765638e+01, 1.1494399942311091e+02,
       2.8378019636662325e+03, -3.9060660361061693e+01,
       1.1740984498007356e+03, 2.1863598658109314e+02,
       -7.8373419449603446e+01, -3.9060660361061693e+01,
       5.4649332363390531e+03, 6.4156625251639113e+01,
       1.6089411641572985e+03, -3.8972315706016886e+01,
       1.1740984498007356e+03, 6.4156625251639198e+01,
       1.0404176016566487e+03, 5.5074744807196730e+01,
       -3.2720467136082810e+01, 2.1863598658109316e+02,
       1.6089411641572985e+03, 5.5074744807196730e+01,
       1.2460232459511906e+03, -2.7074587675183963e+01,
       -7.8373419449603446e+01, -3.8972315706016872e+01,
       -3.2720467136082817e+01, -2.7074587675183963e+01,
       1.7636831188148438e+01, 4.0496340477459053e+03,
       7.2451028851606239e+01, 3.0634758738204664e+03,
       1.4200077541954718e+02, -1.0584077786520614e+02,
       7.2451028851606139e+01, 5.5896959744939777e+03,
       -5.5279183496996502e+01, 2.4656319940804265e+03,
       -4.1661124369316020e+01, 3.0634758738204659e+03,
       -5.5279183496996474e+01, 2.5656134534386465e+03,
       2.5639159313126143e+01, -8.2177535166151188e+01,
       1.4200077541954724e+02, 2.4656319940804265e+03,
       2.5639159313126132e+01, 1.1737972653574445e+03,
       -6.3006722619757277e+01, -1.0584077786520614e+02,
       -4.1661124369316020e+01, -8.2177535166151188e+01,
       -6.3006722619757262e+01, 3.6173002413304722e+01,
       4.2398467489559835e+03, 4.7517149843349011e+02,
       1.8941173562703432e+03, -2.4264152022877164e+02,
       1.0388183777819060e+02, 4.7517149843349011e+02,
       6.7441701816263121e+03, 1.1980060680516748e+02,
       6.4517226793787313e+02, 4.2345117186089448e+02,
       1.8941173562703432e+03, 1.1980060680516748e+02,
       1.6498687377401518e+03, -8.0727221034091542e+01,
       -6.4494592484352935e+01, -2.4264152022877170e+02,
       6.4517226793787324e+02, -8.0727221034091556e+01,
       1.3215859681330589e+03, -2.5580710456366521e+02,
       1.0388183777819060e+02, 4.2345117186089448e+02,
       -6.4494592484352950e+01, -2.5580710456366521e+02,
       2.0568667886671921e+02, 4.1003426047655103e+03,
       7.4536333788600882e+02, -3.2099601863675014e+02,
       -9.2666156263013136e+01, 7.6955785114152332e+02,
       7.4536333788600905e+02, 7.5538691276614800e+03,
       1.7476157026731775e+02, 1.2914481126730750e+03,
       3.4657503548238969e+02, -3.2099601863675014e+02,
       1.7476157026731767e+02, 4.5692348227856894e+02,
       9.1326314242315672e+00, -9.8710949512778271e+01,
       -9.2666156263013164e+01, 1.2914481126730750e+03,
       9.1326314242315672e+00, 1.4827018247034371e+03,
       -2.8972614229377609e+02, 7.6955785114152332e+02,
       3.4657503548238969e+02, -9.8710949512778271e+01,
       -2.8972614229377609e+02, 3.0351537839793463e+02,
       4.5979238846220705e+03, -1.8003817396079529e+02,
