%YAML:1.0
means: !!opencv-matrix
   rows: 36
   cols: 2
   dt: d
   data: [ -9.4062199383195505e+01, 1.4967598357211489e+01,
       2.0641688503668584e+02, -8.7345826904270226e+01,
       5.2284342201206250e+01, 2.5113613779642623e+01,
       -8.1400150048415327e+01, -1.1602206905478199e+02,
       4.5027621588943475e+01, 1.0373623832104229e+02,
       -2.5955602161309332e+02, -6.8512821324312114e+01,
       -4.4421562622300677e+01, -4.7069391905215205e+01,
       1.6360168165505823e+02, 7.2118183577924839e+01,
       -9.8315090129012134e+01, 8.3858882976946489e+01,
       -1.6917468590142792e+02, 1.5136367379289877e+02,
       -1.8455105171437946e+01, -1.6001188547986823e+02,
       5.9710613672741644e+01, -1.1924793719202486e+02,
       -2.6830985953417030e+02, 2.0464664593875582e+01,
       1.1669982049143049e+02, 1.2689163114985821e+02,
       -1.8768285326837790e+02, -1.3167861860391282e+01,
       -1.1517141529772603e+01, 7.6562428176289089e+01,
       1.9669005691040306e+02, 3.4186071127909847e+00,
       1.4414236965848343e+02, -4.9499917688713722e+01,
       -3.9953825916910679e-01, 2.3625876199948999e+02,
       -2.2017253149481579e+02, -1.7079437700102102e+02,
       -1.2161224602380102e+01, 1.3321832884882379e+01,
       9.5246004594708793e+01, -1.8494075421114266e+02,
       1.1954480287556670e+02, 1.4105997568251045e+01,
       -1.8294871053139454e+02, 6.3119793285076398e+01,
       2.2028115595516999e+02, 8.7190754320182862e+01,
       7.8430477941657841e+00, -8.9000349052032234e+01,
       -1.0814084551185746e+02, -1.9294223168318891e+02,
       1.2541982010088589e+02, -1.0612278736212298e+02,
       9.4329960912887685e+01, 7.2329368060973763e+01,
       -5.1054131365536556e+01, 1.4525395247291561e+02,
       7.8556900648593938e+01, -4.9482871925266252e+01,
       -1.2093093411739001e+02, -5.3708623220999506e+01,
       4.1347882154766964e+01, 1.5425380444899915e+02,
       -2.6499626800486209e+02, 1.2604351512022333e+02,
       1.9525345250838754e+01, -3.1406107016547352e+01,
       -1.7286710798291170e+02, -1.0902462418015126e+02 ]
covs: !!opencv-matrix
   rows: 72
   cols: 2
   dt: d
   data: [ 1.6185912693225994e+03, -3.3242755804116273e+00,
       -3.3242755804116304e+00, 1.1275266374274606e+03,
       1.8749605110812543e+03, 1.6351578877083443e+02,
       1.6351578877083440e+02, 2.3124957732927192e+03,
       9.7255633937944640e+02, -2.0808549465395254e+02,
       -2.0808549465395251e+02, 1.2135574725361464e+03,
       1.4789857135001851e+03, 1.2738812768630387e+02,
       1.2738812768630392e+02, 1.3446029793665668e+03,
       1.3168455771295701e+03, -2.1658414767895636e+01,
       -2.1658414767895650e+01, 1.1776867205046271e+03,
       2.6372609778352412e+03, 4.2708028275363375e+02,
       4.2708028275363370e+02, 2.6941202178165427e+03,
       1.2452276239280570e+03, -1.3134323678656395e+02,
       -1.3134323678656395e+02, 1.1027681503414231e+03,
       8.5940441487729765e+02, -4.8861270227137705e+00,
       -4.8861270227137670e+00, 1.6849220138956950e+03,
       1.5696237680689437e+03, -2.9283278462462994e+02,
       -2.9283278462462994e+02, 1.1280347968464382e+03,
       2.8947113984760549e+03, -1.9768403312755063e+02,
       -1.9768403312755058e+02, 1.4171095911036823e+03,
       1.5391281050493469e+03, 1.8184254025377822e+02,
       1.8184254025377822e+02, 1.6727456968876227e+03,
       1.2651138934230073e+03, 1.1686701273978098e+02,
       1.1686701273978102e+02, 1.4533975791420905e+03,
       1.9186862274963291e+03, 9.7547466401304547e+01,
       9.7547466401304547e+01, 2.2204824788325986e+03,
       2.1373116795375186e+03, -2.5889962231752389e+02,
       -2.5889962231752389e+02, 1.0352695891636149e+03,
       1.6720907697061389e+03, 3.2920718978378670e+02,
       3.2920718978378670e+02, 1.4642062926809206e+03,
       1.1366197457906512e+03, -1.7373683724385224e+01,
       -1.7373683724385209e+01, 1.1204640940676627e+03,
       1.9929727584622099e+03, 4.5160120508236503e+01,
       4.5160120508236517e+01, 1.4738411001918221e+03,
       1.2092157966855125e+03, -1.6040355177261344e+02,
       -1.6040355177261344e+02, 1.0173268296907620e+03,
       7.5059399292717408e+03, -5.1921337746677943e+02,
       -5.1921337746677943e+02, 1.7275289797075893e+03,
       1.6641753986950448e+03, 2.1714693394288815e+02,
       2.1714693394288821e+02, 2.3228050234313355e+03,
       1.0945063695580914e+03, 1.0447988108887070e+02,
       1.0447988108887066e+02, 8.1414289702795224e+02,
       4.1919563057347596e+03, 1.0098489529952541e+03,
       1.0098489529952540e+03, 2.1088149994924420e+03,
       1.2406974019306399e+03, 1.3276534847459626e+01,
       1.3276534847459617e+01, 9.0719108275674250e+02,
       2.1070856842125804e+03, -5.7977984109584213e+02,
       -5.7977984109584213e+02, 1.6205362478340753e+03,
       1.7463196995055455e+03, 8.1263522114032497e+01,
       8.1263522114032497e+01, 1.6458628385911511e+03,
       1.2764087197794433e+03, 1.7151630683127556e+02,
       1.7151630683127556e+02, 1.1592539095890718e+03,
       2.4792587160309445e+03, -1.1998903594983221e+02,
       -1.1998903594983221e+02, 1.8829160488524460e+03,
       1.3028090158853524e+03, -8.7924232369397430e+01,
       -8.7924232369397416e+01, 1.3299918339255921e+03,
       8.5655212952201487e+02, 1.8859318329985992e+01,
       1.8859318329985999e+01, 1.0725777107007666e+03,
       2.5102224183125873e+03, -3.4858618879147377e+02,
       -3.4858618879147383e+02, 1.2801639023259897e+03,
       9.6679309190989250e+02, 3.3964256865276219e+01,
       3.3964256865276226e+01, 1.1759572889224025e+03,
       1.2608826751117908e+03, 3.9046174214718796e+01,
       3.9046174214718803e+01, 1.0565293620947011e+03,
       4.3008788232033448e+03, 9.4608013252994203e+02,
       9.4608013252994181e+02, 1.9784806418703436e+03,
       2.3146548207304418e+03, 3.0607112658155501e+02,
       3.0607112658155495e+02, 4.1369802564271031e+03,
       1.0681031417102954e+03, 4.8740107721115663e+01,
       4.8740107721115663e+01, 8.6432552960116834e+02,
       2.2008511398937808e+03, -3.3455236777126839e+02,
       -3.3455236777126839e+02, 1.4727372417796219e+03 ]
weights: !!opencv-matrix
   rows: 1
   cols: 36
   dt: d
   data: [ 4.2262964868450048e-02, 2.2359427718047688e-02,
       4.7597308691038571e-02, 2.8761098714688502e-02,
       3.3929168152413078e-02, 1.5395470627655141e-02,
       3.8107805368479894e-02, 3.2245094082173194e-02,
       2.9756369775555746e-02, 1.8270903550226269e-02,
       2.1645906227282168e-02, 2.7840094210764558e-02,
       1.8711102086958434e-02, 2.8305828598365567e-02,
       2.8229305706195876e-02, 3.4164992153475696e-02,
       2.6534578053690874e-02, 3.3277359384634601e-02,
       1.0111056649584052e-02, 8.4959172338122304e-03,
       3.5712836188382086e-02, 1.7838248655820378e-02,
       3.8506216316362495e-02, 2.9724721403353402e-02,
       1.9886648964077488e-02, 3.3526990048908280e-02,
       1.4827683911450461e-02, 2.7271034211688062e-02,
       3.7673509957633654e-02, 2.8332554589667231e-02,
       4.9739856899151738e-02, 2.8817773641681525e-02,
       1.4568124038666438e-02, 1.8206003385072448e-02,
       3.7336243370378823e-02, 2.2029802564182858e-02 ]
