%YAML:1.0
means: !!opencv-matrix
   rows: 25
   cols: 5
   dt: d
   data: [ 6.1144677602959334e+01, 1.7849649716279050e+01,
       -2.7420169700540935e+01, -4.1556998336295891e+01,
       -1.5423625669129372e+01, -1.9628412477456789e+02,
       1.6264601990792474e+02, 4.1376135481496185e+01,
       -1.3233046741465538e+01, -2.0547966445283162e+01,
       1.9289107897159406e+02, -6.5147106114017859e+01,
       7.1595172682645138e+00, -2.5654199708038316e+01,
       -6.2925713385746809e+00, -1.1318464579093602e+02,
       4.0519750423636673e+01, 3.2647087765975883e+01,
       -3.0158607617965679e+01, 7.6767155080811333e-01,
       -4.0429316044740178e+00, 4.2647842888096953e+01,
       1.2249726333951303e+01, -2.7403288779876771e+01,
       3.7009228361163849e+01, 6.3764001218922814e+00,
       -1.3922283050611415e+02, -5.8121527814823708e+01,
       -1.8985702299267890e+00, 3.8600991599855270e+00,
       -8.9935228258249978e+01, -1.1988999864014978e+02,
       6.5419096676029199e+01, 4.6470511219658079e+01,
       -1.3298326573697878e+01, -2.0160848446611260e+02,
       -1.0626528169650607e+02, -2.0764484266799556e+01,
       4.3284713591942449e+01, -7.8174233822674095e+00,
       1.2378363466195898e+02, 6.3961494059149402e+01,
       5.4225884202894576e+01, 3.3706616662965772e+01,
       9.2898207028440911e+00, -2.1066743774423347e+02,
       2.5609664722481941e+01, 3.7968890243502742e+01,
       -7.0984808839018669e+01, -1.9943664110303022e+01,
       -1.8833688119523703e+01, 1.1015412373966066e+02,
       -1.2508071272153114e+01, 3.2074033061596488e+01,
       1.6412090180798820e+01, 1.5210213501708925e+01,
       1.6256526987060519e+02, -7.6054924435895801e+00,
       -9.3034675983799573e+01, 8.8504795239890335e+00,
       4.3923192246064581e+01, 2.7222621583658519e+01,
       -3.3978300352753777e+01, 4.2241132915676101e+00,
       1.4211701961860452e+01, 8.7907657421461295e+01,
       7.5379479736416002e+01, -2.1277613065559592e+01,
       -4.6566344887437223e+00, -2.7591488129993763e+01,
       -1.3993627342627585e+02, 2.7273564427920547e+01,
       3.4821672629687598e+01, 8.4078789072796368e+01,
       -8.7578659693629106e+00, 6.0834260282314446e+01,
       -3.4495056628292701e+01, 5.0461788538227353e+01,
       -3.9671231740042231e+01, 1.5428019513572618e+01,
       1.3970952349572937e+02, 7.7262627725952882e+01,
       -5.0204688047230967e+01, 1.4328677002920346e+01,
       -1.3786694363190291e+01, 2.0297995572517061e+02,
       6.5233715233866008e+01, 6.5976892543869958e+00,
       2.8901006719709500e+01, -8.7794683306954013e+00,
       -4.1971360200647823e+01, -6.0543385520159859e+01,
       1.4782118041340871e+01, 4.5983330372226035e+01,
       1.6166592314557185e+01, -1.7627324502400845e+02,
       3.1190041757478424e+00, 4.4459236098272669e+01,
       -3.3719505528608287e+00, -6.2348317477788786e+00,
       9.9751494882075306e+01, 5.3878112787174546e+00,
       -7.8520387064132251e+01, -9.6617099225057395e+00,
       -4.6587638738467358e+00, -7.7111872887046388e+01,
       -1.4371005033721332e+01, -4.1639409389966389e+01,
       -2.9428252726875524e+01, 1.9837690668186845e+01,
       1.0557111630261038e+02, -1.3963883464465974e+02,
       4.3727831718401191e+01, 1.3432432411818558e+01,
       3.8087252693253628e+00, 4.7764307113816166e+01,
       -5.7623239104046874e+01, -2.5925658266897820e+01,
       6.0947701472713980e+01, -6.1102379328073733e+00,
       7.9029162969221915e+01, -4.7742536836605197e+01,
       -2.4680182617059216e+01, -6.1875803532665429e+01,
       -2.4837325908506944e+01 ]
covs: !!opencv-matrix
   rows: 125
   cols: 5
   dt: d
   data: [ 4.6713490158988106e+03, -5.0424246912344489e+02,
       2.5521352590101828e+03, 1.7069115973650722e+02,
       2.2465056567980210e+02, -5.0424246912344483e+02,
       5.6754908944525678e+03, 1.9341377520451260e+02,
       1.8355868208488057e+03, -1.1673155009879670e+01,
       2.5521352590101824e+03, 1.9341377520451260e+02,
       2.2806339458046054e+03, 2.7381309634935686e+01,
       -1.1247732152494805e+02, 1.7069115973650722e+02,
       1.8355868208488062e+03, 2.7381309634935693e+01,
       9.5501759256647381e+02, -5.5465324319231790e+01,
       2.2465056567980207e+02, -1.1673155009879670e+01,
       -1.1247732152494810e+02, -5.5465324319231790e+01,
       3.0849148548783768e+02, 5.4005890934532144e+03,
       6.6186555345345795e+01, 3.2437280497678344e+03,
       -1.5721507651526983e+02, -1.5019034803073671e+02,
       6.6186555345345738e+01, 2.6001845156705413e+03,
       -1.3384779897486729e+02, -1.4807606542847125e+02,
       -2.5456980488780243e+02, 3.2437280497678344e+03,
       -1.3384779897486735e+02, 2.4937744900121679e+03,
       -1.7709898989112592e+01, -1.3765009166593462e+01,
       -1.5721507651526983e+02, -1.4807606542847131e+02,
       -1.7709898989112599e+01, 4.4820624222552692e+02,
       1.1397272500298654e+02, -1.5019034803073671e+02,
       -2.5456980488780249e+02, -1.3765009166593462e+01,
       1.1397272500298654e+02, 1.2619545542516860e+02,
       2.3443054515246072e+03, 1.4023749604058767e+02,
       5.4040568885819027e+02, -3.2475154120416931e+02,
       -8.1617521471903657e+01, 1.4023749604058767e+02,
       3.1862435225710983e+03, 1.0328016297464130e+02,
       2.0021108870572700e+01, 6.3999224462676940e+00,
       5.4040568885819027e+02, 1.0328016297464127e+02,
       6.7707139433378302e+02, 7.1769854141726455e+01,
       -1.0569617364346046e+01, -3.2475154120416931e+02,
       2.0021108870572707e+01, 7.1769854141726455e+01,
       9.6310612623935140e+02, 1.5988148593551678e+01,
       -8.1617521471903672e+01, 6.3999224462676940e+00,
       -1.0569617364346046e+01, 1.5988148593551678e+01,
       2.6993139822100563e+01, 5.9763266884941613e+03,
       -5.6539075062732400e+02, 2.8687416756424050e+03,
       1.0238243349375623e+03, 7.4373876767674778e+02,
       -5.6539075062732400e+02, 5.8051481314436442e+03,
       -9.8245398315499358e+01, 1.7283473887347834e+03,
       -4.6381076445247754e+02, 2.8687416756424050e+03,
       -9.8245398315499358e+01, 2.3038456562956403e+03,
       -1.5420262790859192e+01, -7.0335925539429169e+01,
       1.0238243349375623e+03, 1.7283473887347834e+03,
       -1.5420262790859168e+01, 1.4409038817980586e+03,
       4.2109635138788116e+02, 7.4373876767674778e+02,
       -4.6381076445247754e+02, -7.0335925539429169e+01,
       4.2109635138788121e+02, 4.2941185538365789e+02,
       4.4298859266356458e+03, 3.4879251456209789e+02,
       2.8521381009045667e+03, 3.7874797694598115e+01,
       -4.0711995316281971e+01, 3.4879251456209806e+02,
       7.3402022686814989e+03, -9.6723900658266402e+01,
       1.0081081162851607e+03, -2.1843341025451835e+02,
       2.8521381009045667e+03, -9.6723900658266373e+01,
       2.1391155722779063e+03, -3.2948352402891601e+01,
       -6.9732482105599985e+01, 3.7874797694598101e+01,
       1.0081081162851609e+03, -3.2948352402891594e+01,
       1.7346703088100710e+03, 7.6870281789663508e+01,
       -4.0711995316281957e+01, -2.1843341025451835e+02,
       -6.9732482105599985e+01, 7.6870281789663508e+01,
       6.8990539600520037e+01, 5.1098661580020826e+03,
       1.4890809733639985e+03, 1.5510552956168550e+02,
       -9.7273530403387645e+02, -2.6986720871098026e+02,
       1.4890809733639983e+03, 3.2713322693940622e+03,
       -2.0016948675682175e+02, -7.3716988860643414e+02,
       5.2331419292947984e+01, 1.5510552956168542e+02,
       -2.0016948675682178e+02, 1.3117294980912304e+03,
       9.7745827778719033e+01, 3.3004759293162600e+01,
       -9.7273530403387645e+02, -7.3716988860643426e+02,
       9.7745827778719033e+01, 6.8545844841848486e+02,
       -2.2910604343973500e+01, -2.6986720871098015e+02,
       5.2331419292947984e+01, 3.3004759293162586e+01,
       -2.2910604343973510e+01, 1.5315941486603964e+02,
       2.3921729491364781e+03, 5.2259310715069876e+02,
       9.9294960941555075e+02, 1.5121515888021187e+02,
       9.7294382237764225e+01, 5.2259310715069898e+02,
