%YAML:1.0
means: !!opencv-matrix
   rows: 21
   cols: 9
   dt: d
   data: [ -3.3757494064986489e+01, -2.3763631563195162e+01,
       7.4605262252493043e+00, 1.3039523282056347e+01,
       4.8283368575445573e+00, -3.6497891533594067e+00,
       1.3308848652192642e+00, 7.6277135171070154e-01,
       3.7221565104969778e-01, 6.0629497982123091e+01,
       9.1235853501771032e+01, -1.7534872590615091e+01,
       3.9948698974015649e+01, 1.0256848282663045e+01,
       -6.9458893536182975e-01, 5.4238245533384954e-01,
       1.0296102729886218e+00, 2.9363182502734236e-01,
       -2.1145448550209630e+02, 1.0154251159812107e+01,
       4.0884424498096202e+01, -3.3605131275538862e+00,
       -8.7041314976894615e+00, 9.1952476905589453e+00,
       -2.9940708584865234e+00, -3.3967349047066437e+00,
       -1.4546957166299173e+00, 1.4326859659515003e+02,
       -3.0355660196169918e+00, -4.0241771652352000e+01,
       8.1986644582687056e+00, -5.0262415360824084e+00,
       1.3033562756030728e+01, -6.8450944535384139e-01,
       1.5465433585755506e+00, 1.6165522839638077e-01,
       1.6221193716802335e+02, 2.4524707353556295e+01,
       -4.0988351702162923e+01, -3.0943765232883518e+01,
       -1.0094754808824282e+01, 1.5032771029613585e+01,
       -1.8089369919995464e+00, -4.6593839804208885e+00,
       -2.6939905153192312e+00, 4.3022439857470367e+00,
       4.5191006440097318e+01, -9.6166728711776550e-01,
       -4.0591274285324580e+01, -2.6585956108942885e+00,
       -2.2999755582455478e+01, 3.1723337320347995e+00,
       1.3241392290188334e+00, -6.7287247942216605e-02,
       8.5734111984067184e+01, 8.6574334300178197e+00,
       -2.7083399756873582e+01, -3.0901517805883181e+01,
       -2.8911820137158699e+01, -1.6444737454693183e+01,
       2.1981375676984015e-02, -1.2076604030330194e+00,
       8.1519085609964445e-02, -1.6586503994932002e+02,
       4.9275418417207604e+00, 4.2030059618917093e+01,
       -2.5814988868406226e+00, -4.3369503409980137e+00,
       -5.4014100366279543e+00, 1.6186878441768064e+00,
       8.6495529514422975e-01, 4.3799476250506980e-01,
       5.9692587050581267e+01, -2.7454541625685430e+01,
       -3.5157211281047303e+01, -1.0348381196409100e+01,
       8.2361527324384305e+00, 4.6411873961271990e+00,
       4.0207476382497814e-01, 9.5428577648227753e-01,
       5.3557376107912691e-01, -6.9528628368408377e+01,
       -8.2719922308162538e+01, 1.7034956841539096e+01,
       4.8513360110215132e+01, 7.1976059405854720e+00,
       -4.5115149318332115e+00, 2.1046694932903658e+00,
       -2.3823383331650658e-01, 1.9825646991153650e-01,
       -1.4782846807439263e+01, 2.8026917342874558e+01,
       1.0107170153545251e+01, -1.8228100487338558e+01,
       3.6558955202481222e+01, -6.8717498860491171e+00,
       1.6519830421446773e+00, 4.8063678129338927e-01,
       4.6468181403502595e-01, -1.5014344100543920e+02,
       -1.0061822455763233e+02, 2.8617499207951262e+01,
       6.5341320136675392e+01, -1.9506551828979191e+01,
       9.5927180398531797e-01, -2.3170598853397581e-01,
       -1.3726479797648410e+00, 9.6612117824125865e-01,
       1.7285858784791518e+01, 1.5435383778485914e+02,
       -3.6976545839690322e-01, -8.6218147225965566e+01,
       1.5672569252054567e+01, 1.5441503558988565e+01,
       -3.8156811070817342e-01, 2.3260259480318073e+00,
       1.8971926610537337e+00, 3.7244595759509409e+01,
       -9.6744229486486432e+01, -1.1504557718028195e+01,
       6.7281070355263765e+01, -4.3307605955893598e+00,
       -7.6822873312530038e-01, 2.0865233685957403e+00,
       -3.8411409271594055e-01, 2.2001719644975042e-02,
       -1.9640109827066576e+02, 8.4464516600856413e+01,
       4.0583294763267986e+01, -4.8924971623029784e+01,
       -2.2642859440354925e+01, 1.1784981203561161e+01,
       -2.5853511225057404e+00, 1.8668654305591241e+00,
       7.8077958024022098e-01, 1.2653894604096079e+02,
       -3.5256490998676426e+01, 4.3582406809174472e+01,
       1.5894796834457145e+01, 7.9095258909759796e+00,
       7.7877912966959784e+00, -9.8934951610794097e-01,
       9.2023026770236971e-01, 5.7821505577745036e-01,
       -1.5070258859423345e+02, -4.8343449633692206e+00,
       3.7236389008485340e+01, 1.6065527730784222e+01,
       -6.3841280333978654e+00, 2.2988128556093478e+01,
       -5.3949724115781472e-01, 2.6349991709802398e+00,
       9.1898987498234042e-01, -1.2327994893855204e+02,
       7.6090648300025677e+01, 3.7378071842028938e+01,
       -4.1799715170633959e+01, -7.8483165908864256e+00,
       3.9198934131469237e-01, -7.7217693860881988e+00,
       -4.7959694130139701e+00, -3.2214973086700875e+00,
       -9.7983065426373059e+01, -3.8513290954080276e+01,
       3.5756158912936883e+01, 3.9696507747118865e+01,
       1.2277547936985050e+01, -4.7819977473458462e+00,
       -6.5825583978702555e+00, -5.7346615851429847e+00,
       -3.4955567952869147e+00, 3.6267589953299940e+01,
       1.8291919965904842e+01, 1.4554547851693651e+00,
       -1.3337440135677271e+01, 9.4445769566337869e+00,
       -9.9503165762474211e-01, -6.3549845456975032e+00,
       -3.4202446333667766e+00, -5.1662574198498676e+00,
       8.1505738151582236e+01, 1.9463771097607594e+01,
       -2.2397957844948845e+01, -3.2158968785032229e+01,
       -2.5035709964037117e+01, -2.0756142357960712e+01,
       1.3229149491130019e+00, -2.8839204758753052e+00,
       2.9394617476308327e-01 ]
