%YAML:1.0
means: !!opencv-matrix
   rows: 30
   cols: 8
   dt: d
   data: [ 4.8333254998097424e+01, -2.7966271889359028e+01,
       -1.2271537389763271e+01, 7.2530676976692456e+00,
       2.4359797769568988e+01, -5.9010379575626146e+00,
       9.7875196785950991e-01, -7.4649080728231032e-01,
       1.6474104393990519e+01, 2.9417596499364929e+01,
       4.1398191459054473e+01, 3.6372912671937414e+01,
       2.5703331409830735e+01, 9.1810107506281415e+00,
       1.4744991710381283e+00, -3.6612631619225433e-01,
       1.3855409045798730e+01, -1.8121656051523519e+02,
       1.8530079804592415e+01, 6.0969248060363789e+01,
       2.5710704067588853e+01, -2.9470832747466119e+01,
       -8.5050898103465178e-01, -2.6843594151240171e+00,
       2.1096975384230944e+01, -7.8054531217140152e+01,
       9.4597816079440378e+00, 3.9321663813394650e+01,
       -7.3780707148674030e-01, 2.4902959994749597e+01,
       2.6605995069909163e+00, 3.0667276688368816e-01,
       9.9773408379794660e+01, -4.6130935425833918e+01,
       -2.1424352820152759e+01, 3.6647777054788456e+01,
       -2.7605082520869303e+01, 2.3267997250218443e+01,
       1.1431706836199678e+00, 1.3389344819111852e+00,
       -1.1237643451427601e+02, -3.6954474197750216e+01,
       -3.7091830733723036e+01, 3.0187030774387402e+01,
       2.8873451386593484e+01, 1.1447319092060955e+01,
       1.7063930149757551e+00, 3.0029024341331586e-02,
       -1.8087129650142467e+02, -1.0259556756281933e+02,
       5.0480833084811820e+01, 3.5372574758209716e+01,
       -3.2341320039270805e+01, -2.3372379052321524e+00,
       -2.2716451235479407e+00, -3.9954452340418134e-01,
       1.3596441555615744e+00, -1.9756581702723668e+02,
       1.4715881538742632e+01, 6.9434483967665386e+01,
       8.9213286969753920e+00, -1.7230052626632155e+01,
       -1.3177047469601419e+00, -2.8339865292738158e+00,
       -8.0063935564593063e+00, 4.4027488003016018e+01,
       1.1718529716994366e+01, -1.9763934272046114e+01,
       2.8415535325599720e+01, -6.6959651669988158e+00,
       -4.2769882904317678e+00, 5.0501637503411934e-01,
       1.6468957830797524e+02, -1.3362584182627565e+01,
       -4.6207785887754078e+01, 2.5780381088496672e+01,
       -6.2032155961148687e+00, -1.2031609879732635e+01,
       -1.6181265839088661e+00, -1.3671781418179185e+00,
       -1.5390943492939860e+02, -1.3203749186405295e+02,
       4.5186715333819457e+01, 4.7148866515896515e+01,
       -3.5418203316760930e+01, -5.5976254192662260e+00,
       -6.9501059589416849e+00, -8.9146895482322286e-01,
       -1.0178710587265599e+02, 1.3407127370425511e+02,
       1.8905261904331061e+00, -6.0168459812967946e+01,
       -1.3384121172215146e+01, 1.6231436294909356e+00,
       1.4733656763720395e+00, -5.9977468041640514e-01,
       -9.2595908782912588e+01, 8.8963396059891735e+01,
       7.9665845732926863e+00, -5.2138778320884370e+01,
       3.6403570811126755e+00, 5.7916239558566387e+00,
       1.6274811774981255e+00, -7.3325864655998652e-01,
       9.0466826630506347e+01, -6.3642800493278280e+01,
       -1.2605713607395383e+01, 4.7543234496948102e+01,
       -3.9988632621429177e+00, 2.4831144375055992e+01,
       2.0872906614359721e+00, 3.6581334923077891e-01,
       -1.4663443024297320e+02, -4.4211902599122745e+01,
       4.4861888730363098e+01, 1.0451581201994113e+01,
       -3.2817098068977275e+00, 8.7973454407490408e+00,
       2.1619154327748735e-01, 9.3521034024220795e-01,
       4.8657183415324852e+00, 8.8448152882364354e+01,
       -1.0227800269062918e+01, -4.3042744508031625e+01,
       1.3003428299562295e+01, -3.3519006052167115e+00,
       1.6514652967154073e+00, 1.3344626614538005e-01,
       -1.6668614405315049e+02, 1.1712641241393673e+02,
       4.9115986391384681e+01, 1.3555379873792056e+01,
       -1.2142499660936534e+00, -1.9779699268238307e+00,
       8.3004180676517314e-01, 9.9907633652308903e-01,
       1.4986524851832803e+02, 1.8057655237288248e+01,
       -4.6845901186081818e+01, -6.4427166733355315e-02,
       -1.9254567252080957e+01, -1.2170953807123642e+01,
       -6.7494964610920888e-02, -2.7116003893168439e-01,
       9.3227375441342659e+01, 1.0788442648652027e+02,
       -8.9443452880484902e+00, 5.1995251229173910e+01,
       2.8823887272407696e+00, -5.0371122849110641e+00,
       -1.2576116459553408e+00, -9.3643285158911405e-02,
       2.5002816334984118e+01, 1.2827757016940194e+02,
       -2.6558820116902133e+01, -5.4751514108507358e+01,
       -8.4349475277665000e+00, 2.0026167780282877e+00,
       2.4821092911561178e+00, 2.1330559607681560e-02,
       2.9040631893547026e+01, 1.0177067038293225e+02,
       -2.4481396220482839e+01, -4.3990745384688751e+01,
       -1.0688193221626010e+01, 1.1833856925510715e+00,
       9.1553967983697326e-01, -1.1910619537782972e+00,
       2.4216311785042688e+01, -1.0055629580090310e+02,
       1.6987780728562779e+01, -2.9409244051901254e+01,
       2.4003336350072921e+01, 1.0720761674011825e+01,
       1.1896889393599701e+00, -8.2148658640597538e-01,
       -1.1993732893258129e+02, -3.7560617363132828e+01,
       3.9575309787269042e+01, -1.3779871101857365e+01,
       -3.8354164591198647e-01, -2.0345377601867010e+01,
       -1.5585756291430217e+00, -1.5714096940080827e-01,
       4.2357466344951284e+01, 4.3729830950570609e+01,
       -1.8330352687856028e+01, -3.0748784013303926e+01,
       -2.4965299114864918e+00, -1.6916600160894852e+01,
       -4.9325152150583440e+00, 3.3015050172538225e+00,
       1.1278416328800981e+02, 4.8437062472599905e+01,
       -3.1360564884264594e+01, -1.4181688517059325e+01,
       -4.0169173496457962e+00, -1.3364234953046664e+01,
       -5.0255777736961864e+00, 2.6243319139744231e-01,
       1.8446553163488949e+02, 2.7086189194905106e+01,
       -4.7376095499652820e+01, 7.4737110651833936e+00,
       -9.2039714739178393e+00, -5.4389255844369888e+00,
       1.7665517378012112e+00, -1.2569858850570062e-01,
       1.2141539612899638e+02, -4.5456779998988317e+01,
       -2.7779990768242389e+01, 4.2965668722850987e+00,
       -1.0528631757777603e+01, -5.3970779508283473e-01,
       -2.8497417156555588e-01, -1.5523993204029302e-01,
       6.5052852179289058e+00, -7.4737591869557860e+01,
       3.6911973524709643e+00, 2.0344060783247077e+01,
       -1.0501924290601469e+01, -1.4270895148781030e+01,
       -1.3187489334906781e+00, 1.9910765755811771e-01,
       -1.7589627628024297e+02, -6.6260484823027239e+00,
       2.8882712443998592e+01, -4.8541221479691913e+01,
       -4.4157231596926803e+00, -2.7464678285322068e+00,
       1.8825239387809822e-01, 8.6653787864736420e-01,
       -1.6646788678815841e+02, 1.0602712209904583e+02,
       2.2743483641746593e+01, -4.7033373278048664e+01,
       -2.3529339560646829e+01, -6.1516203664245763e+00,
       -1.2772157027690965e+00, 5.0036642089059691e-01 ]
