%YAML:1.0
means: !!opencv-matrix
   rows: 38
   cols: 7
   dt: d
   data: [ -5.0949321283317390e+00, -7.1193686579995955e+01,
       7.7550858498292939e+01, 4.1303559454742889e+01,
       8.3606557272697515e+00, -5.7271339066207485e+00,
       2.8115434572740767e+00, 3.3697651912722286e+01,
       -2.8277351483804072e+01, -8.7377290992943486e+00,
       1.8416543830617393e+01, -1.1263996218988234e+01,
       1.7538250990501201e+00, -2.5603094351225097e+00,
       7.9343094525543478e+01, 4.0473758664296959e+01,
       -1.6098515631785393e+01, -3.8006037997941768e+01,
       -5.3074568581632608e-01, -1.4724139992522083e+01,
       1.2678361054612119e+00, -2.0977266648901630e+02,
       -1.4502052203548658e+01, 4.5395235904394646e+01,
       1.5777966376620437e+01, -1.0376075383966006e+01,
       1.0426662080551594e+01, -1.3959718587635754e+00,
       -2.2565999132599611e+01, 1.6269990644111004e+01,
       -7.6995269643131962e+01, -4.8159180019989307e+00,
       1.7502965439553154e+01, 3.5719427117000135e+00,
       9.1517192563998762e-01, 9.6778384984381177e+01,
       -5.1904566369948235e+01, -3.1686814044410298e+01,
       3.8473180843001686e+01, -6.9894731574885451e+00,
       1.1404078447460453e+01, 3.0383233880100291e-01,
       4.1199301598994765e+01, -9.6276550270239028e+01,
       -1.3372515105754669e+01, 6.7300091388519263e+01,
       -4.7066076590698858e+00, -7.0783564599616988e-01,
       2.0691524351369699e+00, 8.2432318749493959e+01,
       1.7712922747980908e+01, -2.1986151148061492e+01,
       -3.3263519072457861e+01, -2.4886850550797973e+01,
       -2.0413646596650569e+01, 1.3858531787956967e+00,
       5.1171071714013983e+01, -2.6023158749548635e+01,
       -5.4375403729936531e+00, -1.2783570359325024e+01,
       2.1148995957018126e+01, 7.6000951898613893e+00,
       9.9790329573383507e-01, -9.1431389028237206e+01,
       7.7757879403478569e+01, 3.2724001010404621e+01,
       8.3147503469954351e+00, 1.2777042205680448e+01,
       -1.5686546676028819e+01, 1.4219622457211079e+00,
       -9.2904677644228784e+01, 1.0261646791635280e+02,
       -4.1899654505671265e+01, 2.2600558228686506e+01,
       3.5747512243249879e+01, -9.3990272071981060e+00,
       1.8171238366768134e+00, 1.4256631753831385e+02,
       1.3505227128737818e+01, -5.7103664150504493e+01,
       -6.1727040781086915e+00, -6.4037145585295159e+00,
       1.2998342941351574e+01, 8.3908441147056492e-02,
       7.0892896403292752e+01, 1.0789758621854585e+02,
       -7.5026430546544258e+00, 3.7682784886726843e+01,
       1.4726685082633407e+01, 1.0271205936052308e+00,
       6.2960934384385159e-01, -1.9300345848621493e+01,
       -1.6326738339725139e+01, 2.3481782070617921e+01,
       2.4562580394901058e+01, 3.3232692817532204e+01,
       1.2475189109495144e+00, -6.7551229307830063e+00,
       5.3070537023720647e+01, 1.4889321963947992e+02,
       -7.7685441871842880e+00, -8.1432581544760950e+01,
       1.7059904434152930e+01, 6.2561357936605324e+00,
       1.7602190230669028e+00, 1.5024748794719594e+02,
       3.0968020462381965e+01, -4.1961501684345464e+01,
       -1.6305669247904909e+01, -1.2951901199811326e+01,
       -6.5315736819624171e-01, 2.8170726230005321e+00,
       -2.0709208769079364e+01, -1.0572163070773958e+02,
       3.3358120457027436e+00, 6.9957704937359281e+01,
       -3.4971982188728497e+00, -3.2166047894906242e+00,
       1.9815044939494979e+00, 1.3129945753540892e+02,
       2.7447895410835706e+01, -2.9527728568479208e+01,
       -1.3502153439440406e+01, -5.2706063113030677e+00,
       1.9990922032485901e+01, -9.1913573420629504e+00,
       -1.9085345155393765e+02, 4.8860130584511282e+01,
       3.8977485067613891e+01, -3.0838668450437250e+01,
       -1.0038564854423894e+01, 3.7511620153896114e-01,
       -1.1985696543056890e+00, 8.8613011836553905e+00,
       5.7179665170543700e+01, 1.7219525337257625e+01,
       -3.7169046904434936e+01, 2.6926742925089879e+01,
       -6.3891429687381471e+00, -5.4368522462733742e+00,
       -1.5604617427724051e+02, 7.1626121616111163e+01,
       3.0519027399254949e+01, -5.0463767265910441e+01,
       -2.0958506289693783e+01, -7.1306218623893498e+00,
       -1.3127604535775663e+00, 2.1919825333543847e+02,
       -7.6585710896181087e+00, 1.1288137101811007e+01,
       4.1917879928669265e-02, -8.0666983148169287e+00,
       1.0856453070767499e+01, -9.3113790849174294e-01,
       -3.2175502165220529e+00, 3.9849240559673952e+01,
       1.2710227938219705e+00, -4.1566820602145484e+01,
       -1.2278373943072973e+01, -2.3057655930246145e+01,
       1.9892763579922945e+00, -6.1682100319585849e+01,
       3.6493231598029716e+01, 1.6681488870099702e+01,
       -1.5154401797148108e+01, -2.0719493029998404e+00,
       1.5876774126783747e+01, -9.4827343378331252e-01,
       -6.5014387668657250e+01, 2.4059841179439370e+00,
       7.1207419778705798e+00, 8.5868492759893385e+01,
       6.6235736854271154e+00, -6.0535727063211651e+00,
       1.5277486107490608e+00, 1.3543034889594313e+02,
       -1.2969687808946661e+01, 6.1395849592260909e+01,
       1.7561738271732701e+00, 1.2830724263394611e+01,
       2.2940859325267495e+00, -2.0980496506436178e-01,
       -2.1932280800186632e+02, 8.0499440328896256e+01,
       4.9164387707193356e+01, -3.9844121763311350e+01,
       -1.8764068356978722e+01, 2.2173881156352078e+01,
       -3.3674680033919002e+00, 8.1264150198117377e+01,
       1.1796734379047473e+01, -2.7818029324482804e+01,
       -2.9853788233783799e+01, -3.0006297020620089e+01,
       -1.8016207667702055e+01, -1.4590889174554678e-01,
       7.1716019192966897e+01, -5.7830272882981966e+01,
       -2.3727199864094896e+01, 3.1969753668290146e+01,
       4.7007391758554560e+00, 1.4736375694603627e+01,
       -2.8571729854452892e+00, 9.1575416960707692e+00,
       4.6051783969689353e+01, 1.7405065928230851e+01,
       -3.4309252937068592e+01, 3.8020194987160821e+01,
       -9.2809423842354093e+00, 2.2001350981613395e+00,
       -1.6962527519746084e+02, 1.3789944499676960e+02,
       4.4346081579673232e+01, -7.2416099576972371e+01,
       -3.3962651178597241e+01, 2.8313617060042834e+01,
       -8.8416898111228317e+00, -9.4982318589396513e+01,
       -5.3442683852512282e+01, 2.8283633066133312e+01,
       -4.6619468924296058e+01, 1.6531215892922667e+01,
       -1.4537153981246600e+01, 1.9213815949644446e+00,
       -1.5072914253215657e+01, 1.6175380574847881e+02,
       1.0034263466368284e+01, -9.2708232752020876e+01,
       1.6911028776429511e+01, 2.9273759016546894e+01,
       -2.8413774612238130e+00, 9.4113793138641000e+01,
       -3.1038941969662346e+01, -4.6684963986358966e+01,
       1.3106880444771161e+01, -6.8882714864377199e+00,
       6.0773569848466868e+00, -1.1420874918750104e+00,
       -6.8241605091115886e+01, -1.2858038714927190e+02,
       2.5411539076933312e+00, 3.0644299021005054e+01,
       1.0550985236336356e+01, -2.0024931864879347e+00,
       1.7665215250724742e+00, -2.1374211583706209e+01,
       -2.0139431436621123e+01, 1.3554264056107737e+01,
       6.1294145665961874e+00, 2.2641068427336748e+01,
       -8.0415745695670040e+00, 2.0683700623935231e+00,
       -1.4823990560729416e+02, -1.0404918828514397e+02,
       2.7518465751484850e+01, 6.6641405098727617e+01,
       -2.0004606483834682e+01, 8.2433202455599719e-01,
       -2.9911993511407214e-01, -1.5253834236037432e+02,
       -6.1573753056108025e+01, 2.6511800526660913e+01,
       3.3970316605671790e+01, -7.9532417671927591e-01,
       -2.2199223022326380e+00, 2.0644806633131307e+00 ]
