%YAML:1.0
means: !!opencv-matrix
   rows: 29
   cols: 5
   dt: d
   data: [ -2.8223119616388274e+01, 2.2088801708176096e+01,
       9.5034431137381816e+01, -2.1006795617999241e+01,
       6.3407129400677684e+00, 2.1798751804421630e+02,
       -3.1571720713589084e+01, 2.5980587990087145e+01,
       -5.9146973522837545e+00, -7.2220825640643325e+00,
       -7.8392603823886970e+00, 3.6875904421232001e+01,
       1.0665005146198977e+01, -2.7227024072825259e+01,
       3.7559782100527173e+01, 4.6561507273777622e+01,
       3.3979092320377042e+01, -2.2427366542007402e+01,
       -1.4364285409824703e+01, 1.6470230120310422e+01,
       -1.3110113448049071e+02, -4.8007577310758400e+01,
       3.3009066700469752e+01, 8.9939710790653464e+01,
       -1.9070677026182391e+01, 1.7662225818497799e+02,
       8.0779920529202798e+01, -8.4919799275646781e+00,
       4.5772532064372726e+01, -8.4656675349188575e+00,
       -2.0102093705719196e+02, 1.4702260549577980e+02,
       3.6398857647160234e+01, -1.9392257084551151e+01,
       -2.3911156134724088e+01, -1.7813752133638675e+02,
       9.4418373828527479e+01, 3.7806965749903206e+01,
       3.4471114815086850e+01, -6.3952390037859397e+00,
       6.1802965949041688e+00, -4.7333600458542563e+01,
       -7.5967124022856694e+01, 4.7046558207903090e+01,
       -3.5722112154552450e+00, 7.0452880995207883e+00,
       1.7454536607035442e+02, -2.5403287273676729e+00,
       -9.8360774649164171e+01, 3.5867319676641021e+00,
       -1.3007291074014935e+02, 4.2285297471912763e+01,
       2.3929363387822537e+01, -3.3544453702614518e+01,
       -1.7254080080812977e+00, 1.1201706435095188e+02,
       1.0436305160638008e+02, -3.3331190652961055e+01,
       1.9559083760333355e+01, -2.2653979022637163e+01,
       -1.8195081946329742e+02, -8.0728741134283339e+01,
       -3.0246552959783529e+01, 4.2095677915060634e+01,
       1.9534922094595026e+00, 3.3418469062101700e+01,
       2.0283006539632698e+01, -8.4565414761149981e+01,
       -3.6474973235176343e+01, -4.0662447622960700e+00,
       9.7649312394035874e+01, 2.3573052180898038e+01,
       1.9708172667559584e+01, -4.4099382957444746e+01,
       -2.1652889122563739e+00, -7.1973746913536303e+01,
       1.0294136559167637e+01, -2.5216051252030574e+01,
       4.3480895534204549e+01, 2.3661507593127677e+01,
       -1.9054455398669876e+02, -3.9561927477517230e+01,
       3.9593301532916456e+01, -1.5053761742398226e+01,
       -6.7126581533240000e+00, -8.0341013090914952e+00,
       1.0560051779344364e+02, -6.1308158373792763e+00,
       3.8160683920230632e+01, 1.4200320733089942e+01,
       -2.4727956381281810e+01, -6.8564200623076232e+01,
       6.0527408861010095e+01, 4.1826749745956796e+01,
       7.7683615483304180e+00, 9.2483072056262401e+01,
       -6.3740639014809666e+01, 5.7924321318363653e+01,
       -8.1259516333932691e+00, 1.2381701323462096e+01,
       -1.3921245739941705e+02, -1.7662751112129135e+02,
       3.2638695179963619e+01, 3.1317761669707433e+01,
       -1.5126249174576996e+01, 7.9783643707226361e+01,
       -2.4346815579717045e+01, -2.2354145849827063e+01,
       -4.5929040020745632e+01, -2.7131814215542779e+01,
       4.5169497713496426e+01, -1.4311383149250318e+02,
       -3.1829245738902802e+01, -5.2776726318254186e+00,
       4.8207442326469101e+00, -7.1320880123037682e+01,
       -3.6360464852802870e+01, -3.3476438213684595e+01,
       -2.9878392261090770e+01, 1.7381608050979548e+01,
       8.2914195898085893e+01, 1.5431285530431451e+01,
       -2.2957834396664097e+01, -3.2883998714061718e+01,
       -2.6064864348391051e+01, 9.8098461362845555e+01,
       -6.9895791949197587e+01, 3.8697382612151769e+00,
       5.0637663300837147e+01, -6.7191265129111368e+00,
       -2.1635721195354714e+02, 2.4384642300865004e+01,
       3.3082625487597575e+01, -7.4019466952239611e+01,
       -1.8899133882945019e+01, 1.3305556872401604e+02,
       8.3082152581498327e+00, -5.8141736344217172e+01,
       -1.4350671975227634e+01, -5.9079023857820694e+00,
       1.2266266736520244e+02, 9.6844377277670674e+01,
       4.9583754899573833e+01, 2.9068451714645462e+01,
       1.3991429930687747e+01 ]
