%YAML:1.0
means: !!opencv-matrix
   rows: 22
   cols: 6
   dt: d
   data: [ -1.4897149571960750e+02, -1.0478356351777100e+02,
       2.7705342379052922e+01, 6.5462236930651443e+01,
       -1.9527347795810911e+01, 8.4950614348689524e-01,
       2.5509287186679614e+00, 1.0400607514388510e+02,
       -5.4459247312646035e+01, 3.3055316994176557e+01,
       1.4667663302601316e+01, -7.6389684991560491e-01,
       1.2080325430696860e+02, -5.3318008870807525e+01,
       5.1482345935962023e+01, -2.2475506843635202e+01,
       1.1792137824319077e+01, 4.0864166962448465e+00,
       1.5683986118039627e+02, 1.0342579804861820e+01,
       -4.3647484845485778e+01, -6.2459072537074247e+00,
       -6.7949949731653518e+00, 1.2323902576107745e+01,
       1.8119510478415592e+01, 1.5255507143339315e+02,
       -1.7909151009803383e+00, -8.5966420291696750e+01,
       1.6042856914981719e+01, 1.5092794384195317e+01,
       -2.0451890701178309e+02, 9.5976211686779536e+01,
       4.0100428736433628e+01, -5.1011966029450804e+01,
       -2.2924574458586584e+01, 2.0070547073008044e+01,
       7.9136069619289785e+01, -4.9690808149790648e+01,
       -2.7126994156657737e+01, 3.1550031669442188e+01,
       -8.7971378939678164e+00, 7.7031675648395925e+00,
       4.9651480308326398e+01, 4.1830904576430378e+01,
       -1.2300825443896054e+01, -4.1759876702718856e+01,
       1.9458592539051058e+00, -1.7863899638885954e+01,
       -1.6787823244275233e+02, 6.9371690059098256e+01,
       4.1422594455079967e+01, 2.4590555481953871e+01,
       -5.7151059318506459e+00, -3.9253491246139816e+00,
       8.2635262948579921e+01, 1.7726347557850680e+01,
       -2.2937133528239485e+01, -3.2268718849832958e+01,
       -2.5703600292853871e+01, -2.0205210051814412e+01,
       -1.7518784234366913e+02, -6.7805817075851721e+01,
       4.2606957916569520e+01, -3.1647297298217335e+01,
       -4.5349233250899541e+00, -2.6331141822821360e+00,
       2.7168307657871424e+01, -3.8872445483387850e+01,
       -4.0795122833621427e+01, -1.6310357559586873e+01,
       1.3829482455332917e+01, 7.3262398770719717e+00,
       -1.1852759483375600e+02, 4.5585186413416849e+01,
       3.4930248431022555e+01, -3.0825797933515538e+01,
       -1.4065361638996829e+00, -1.2669885157764355e+01,
       1.0781445319614465e+02, -4.3313188070770373e+01,
       -3.0072950293570727e+01, 3.2203848950860895e+01,
       -1.5024648493272259e+00, 1.5068839884672357e+01,
       -6.0376473467249205e+01, 8.7691160551812022e+00,
       1.8262396498406460e+01, 8.6446039291363860e+01,
       5.8629159656804806e+00, -6.3502386248659430e+00,
       8.7691954984904271e+01, 1.1486770899307832e+01,
       -2.9476043482720797e+01, -2.8139819326005018e+01,
       -2.6986198475221773e+01, -1.3427788215844428e+01,
       -1.8880128154296264e+02, -1.0703750560916307e+01,
       4.0323252690465203e+01, 1.4787163114004624e+01,
       -7.4718025507420096e+00, 1.5520608116339067e+01,
       -5.1316959426263118e+01, 5.9928980803334397e-01,
       6.2469187382344693e-01, -7.9704173249724697e-01,
       1.1414143297261711e+01, -3.6282749032711079e+00,
       -5.9310870956299432e+01, -1.0918539132720764e+02,
       1.6858061513770277e+01, 3.3256973554359874e+01,
       1.0402807191502005e+01, -2.6270017802467263e+00,
       -6.1717751600637127e+00, 2.9896225035400715e+01,
       1.0538403534742340e+01, -2.3984302721435217e+01,
       3.7975479928309696e+01, -5.6921427086890093e+00,
       2.7125247603992978e+01, -1.0103734466890674e+02,
       -1.0084597906023133e+01, 6.7825802925522837e+01,
       -4.2628974533805275e+00, -1.4294230578584741e+00,
       1.2637103493053685e+02, 8.5922871286851517e+01,
       3.4975948376004858e+01, 3.1072724879513466e+01,
       8.5990672468181781e+00, 9.1842900176311337e-01 ]
covs: !!opencv-matrix
   rows: 132
   cols: 6
   dt: d
   data: [ 4.8514043048691201e+03, 3.5884868295605202e+02,
       3.1938771889262152e+03, 1.5823345247412016e+02,
       -1.0184028077838785e+02, 4.9216278099939522e+01,
       3.5884868295605219e+02, 6.2427395306463304e+03,
       -2.5749648406004702e+01, 2.1867416130077431e+03,
       -9.8407160099727847e+01, 4.9251530976452615e+00,
       3.1938771889262152e+03, -2.5749648406004709e+01,
       2.4894709444417999e+03, 1.5396763418300745e+00,
       -7.7021714319384827e+01, 1.2295991049221319e+01,
       1.5823345247412010e+02, 2.1867416130077431e+03,
       1.5396763418300747e+00, 1.1798539032707877e+03,
       -4.4139863189882803e+01, -1.1024152901199632e+02,
       -1.0184028077838785e+02, -9.8407160099727847e+01,
       -7.7021714319384827e+01, -4.4139863189882803e+01,
       2.8342891332911002e+01, -8.5655833995594346e+00,
       4.9216278099939508e+01, 4.9251530976452598e+00,
       1.2295991049221319e+01, -1.1024152901199632e+02,
       -8.5655833995594346e+00, 4.1665093614811859e+01,
       3.8858802586097027e+03, 2.2690554746774089e+02,
       -8.4212161921442430e+01, -1.1138224158921179e+02,
       -7.3107905142517313e+02, 2.4451554446684094e+02,
       2.2690554746774077e+02, 2.8606763541144123e+03,
       8.7040898249963902e+01, -9.1507795602472140e+02,
       1.0089115517269182e+02, -1.5980537292885660e+02,
       -8.4212161921442430e+01, 8.7040898249963902e+01,
       1.0141156198411670e+03, -1.0157545244602162e+00,
       1.7517131440323627e+02, -2.8464171175573153e+01,
       -1.1138224158921179e+02, -9.1507795602472140e+02,
       -1.0157545244602137e+00, 9.6544680091399948e+02,
       7.0693936159119479e+00, 9.2936674778567536e+01,
       -7.3107905142517313e+02, 1.0089115517269184e+02,
       1.7517131440323624e+02, 7.0693936159119524e+00,
       2.7694091481568972e+02, -3.2922352152065642e+01,
       2.4451554446684094e+02, -1.5980537292885660e+02,
       -2.8464171175573142e+01, 9.2936674778567536e+01,
       -3.2922352152065635e+01, 1.2858880845458313e+02,
       3.5822970314437403e+03, 1.4475760638954605e+02,
       -6.5680459570114044e+02, -9.6290186601631802e+01,
       -5.5483938378733637e+02, 2.7480781145505239e+02,
       1.4475760638954605e+02, 4.5586315001922003e+03,
       1.7896893022968971e+01, -3.5323172328769061e+02,
       5.5289216040532594e+01, -8.9057224670514003e+01,
       -6.5680459570114044e+02, 1.7896893022968971e+01,
       6.0016529893443180e+02, 7.5318634569972673e+01,
       2.1119418793672483e+02, -1.0317036079377499e+02,
       -9.6290186601631802e+01, -3.5323172328769061e+02,
       7.5318634569972659e+01, 1.2203860060566885e+03,
       -5.6529598055792469e+01, 7.0842179216819503e+01,
       -5.5483938378733649e+02, 5.5289216040532608e+01,
       2.1119418793672475e+02, -5.6529598055792469e+01,
       2.4122712016761022e+02, -2.3424575111951011e+01,
       2.7480781145505244e+02, -8.9057224670514032e+01,
       -1.0317036079377499e+02, 7.0842179216819474e+01,
       -2.3424575111951011e+01, 1.5497939360441106e+02,
       4.4998378300465156e+03, -8.9761368705418164e+01,
       2.9335070781600425e+03, 1.5396627801049263e+02,
       -1.1602341358423075e+02, -1.0028326764316381e+02,
       -8.9761368705418150e+01, 6.0245826877489517e+03,
       -9.2273914023947356e+01, 2.0173663640748368e+03,
       -6.0926204630647227e+01, -3.6409118664974322e+01,
       2.9335070781600434e+03, -9.2273914023947370e+01,
       2.5234806698399507e+03, 6.6253892581679935e+01,
       -8.5895647004286218e+01, 4.5860807795495070e+01,
       1.5396627801049266e+02, 2.0173663640748368e+03,
       6.6253892581679935e+01, 1.4408600561092469e+03,
       -3.1468942812867230e+01, -1.0680659972929436e+02,
       -1.1602341358423074e+02, -6.0926204630647227e+01,
       -8.5895647004286218e+01, -3.1468942812867237e+01,
       1.6454367752925460e+01, 1.0271573321265750e+01,
       -1.0028326764316385e+02, -3.6409118664974322e+01,
       4.5860807795495056e+01, -1.0680659972929438e+02,
       1.0271573321265754e+01, 4.8978490127176812e+01,
       6.0371941610297954e+03, -6.7349925380381947e+01,
       2.6798224381168293e+03, 4.5706444379545172e+02,
