%YAML:1.0
means: !!opencv-matrix
   rows: 10
   cols: 2
   dt: d
   data: [ -8.6727633642112849e+01, -1.4001474734134115e+01,
       1.4228397194400486e+02, -6.6817808740264184e+01,
       5.8395352463360695e+01, -1.1183715644058303e+01,
       -8.4241125927173613e+01, -1.3449308265402408e+02,
       5.7694475599984550e+01, 9.5942322982843692e+01,
       -2.2707140720470292e+02, -5.2102598837496522e+01,
       1.4749339848488420e+01, -8.1345049871905488e+01,
       1.5621626688628083e+02, 6.1551870939532442e+01,
       -6.9801468043181956e+01, 1.1020974022124614e+02,
       -2.0966486486758987e+02, 1.0130725126288510e+02 ]
covs: !!opencv-matrix
   rows: 20
   cols: 2
   dt: d
   data: [ 4.2419223671416948e+03, 4.2001104120307367e+01,
       4.2001104120307353e+01, 3.6151888460302621e+03,
       3.9105361233645403e+03, 2.6008212603409413e+02,
       2.6008212603409413e+02, 3.8850317519892219e+03,
       3.2908849325708902e+03, -2.9199661278634380e+02,
       -2.9199661278634386e+02, 2.8830322948291873e+03,
       4.0680736431130817e+03, -4.4171518635071220e+02,
       -4.4171518635071209e+02, 3.6542939664843325e+03,
       4.1748768280041904e+03, 5.2216979834469100e+02,
       5.2216979834469100e+02, 1.9451373494105380e+03,
       3.6013376127924976e+03, -9.9241656537616927e+02,
       -9.9241656537616961e+02, 7.4846512857931566e+03,
       3.6037938790763328e+03, -1.1683693855459408e+03,
       -1.1683693855459408e+03, 5.0829521617289438e+03,
       3.6335413444578198e+03, 2.6120818343607954e+02,
       2.6120818343607954e+02, 2.5971170943418301e+03,
       7.5766189896989490e+03, 2.5307813295178175e+03,
       2.5307813295178180e+03, 5.5563204289335972e+03,
       4.3319980035800336e+03, -2.4687081007527925e+02,
       -2.4687081007527917e+02, 5.1054836175541213e+03 ]
weights: !!opencv-matrix
   rows: 1
   cols: 10
   dt: d
   data: [ 1.2219041452618407e-01, 1.2103871337486090e-01,
       1.5658617444538647e-01, 6.6174191128778953e-02,
       1.0699915972122032e-01, 6.5599191436436680e-02,
       1.0994609192823790e-01, 9.6551255160890151e-02,
       1.0226695666436084e-01, 5.2647851613639274e-02 ]
pca_proj: !!opencv-matrix
   rows: 2
   cols: 21
   dt: f
   data: [ 4.36961316e-02, 8.50134730e-01, 1.73015636e-04,
       6.54514134e-02, 4.60692108e-01, 2.29939164e-04, 7.67599978e-03,
       1.46649793e-01, -1.37564148e-05, 1.21663406e-03, 1.30500361e-01,
       -5.45994153e-05, 8.06188770e-03, 1.42052382e-01, -2.12945142e-05,
       -2.45414903e-05, 9.56867734e-06, -1.94090262e-06, 3.13729906e-05,
       4.34020360e-04, 2.32224409e-07, 7.68702388e-01, -5.10314330e-02,
       1.14127281e-04, 4.21110362e-01, -3.83849256e-02, 4.02935693e-05,
       2.81941950e-01, -1.35209868e-02, 1.95932400e-04, 2.66951323e-01,
       -4.70317341e-03, 2.29704310e-04, 2.76557714e-01, -1.55316098e-02,
       2.11025646e-04, -3.74769334e-05, 5.54774260e-06, -7.89335627e-06,
       8.86836962e-04, -5.85095040e-05, 1.91629806e-04 ]
pca_mean: !!opencv-matrix
   rows: 1
   cols: 21
   dt: f
   data: [ 2.07625534e+02, 2.55653595e+02, 1.54502928e+00,
       2.18915131e+02, 2.60592743e+02, 1.67241716e+00, 2.65274475e+02,
       2.24016678e+02, 1.71669352e+00, 3.19420807e+02, 1.63929108e+02,
       1.75046074e+00, 3.16613464e+02, 2.25532654e+02, 1.70717156e+00,
       1.08872897e-04, -9.74175637e-05, 6.24380555e-05, -2.17504916e-04,
       -2.50119597e-01, 1.75055194e+00 ]
gamma: !!opencv-matrix
   rows: 10
   cols: 1
   dt: d
   data: [ 8.6439908315274872e-01, 8.7927763425960814e-01,
       8.3930716895142532e-01, 8.7623998273240333e-01,
       8.3730251749202433e-01, 9.0773663840701957e-01,
       8.6315699547047031e-01, 8.6014550228032183e-01,
       9.0163194309088635e-01, 9.0072290958311463e-01 ]
