%YAML:1.0
means: !!opencv-matrix
   rows: 4
   cols: 8
   dt: d
   data: [ -5.0828230850878185e+01, -9.4154289229300431e+01,
       9.4559675948686372e+00, 6.0167675395203503e+01,
       -4.6890004864192356e+00, -1.1936484398851306e+00,
       1.6523843304038688e+00, -6.3476648414660075e-01,
       -1.5407800550653644e+02, 3.5534960572400905e+01,
       3.5310117994083939e+01, -1.8955245403261539e+01,
       -6.1370807404662644e+00, 3.2843156788010988e+00,
       -6.2352992148626518e-01, 2.6475299987257961e-01,
       1.0226402854654992e+02, 1.6034120038466906e+01,
       -3.0247980595982003e+01, -2.7354361730590000e+01,
       -2.1445760807281566e+01, -1.0706450234294469e+01,
       6.7656146902605974e-01, -1.7628964443353761e+00,
       5.9992585258106899e+01, 6.3431505161860970e+00,
       -1.1061405068078727e+01, -7.8705823162372779e-01,
       1.0793227206910979e+01, 1.9442583167346872e+00,
       -3.9566881582348845e-01, 5.8465351037895108e-01 ]
covs: !!opencv-matrix
   rows: 32
   cols: 8
   dt: d
   data: [ 1.0254355341790782e+04, 2.7917696558124351e+02,
       1.9142167519992333e+03, 2.4552705074744225e+02,
       2.2748583494992505e+02, 3.3626127627372490e+01,
       6.7105137693375156e+01, 2.3455400273137581e+01,
       2.7917696558124373e+02, 6.5059012139658425e+03,
       -4.0833096358495048e+01, 2.0266382570510154e+03,
       2.5694882299260264e+01, -1.5157173871013010e+01,
       8.7792376216372574e+01, -2.3393258469582026e+01,
       1.9142167519992333e+03, -4.0833096358495069e+01,
       2.7664991485384153e+03, -9.4977695872634925e+01,
       -1.1686972364472902e+02, 2.4192274343859392e+01,
       -9.5782709984887067e+00, -2.1707637450506017e+00,
       2.4552705074744225e+02, 2.0266382570510154e+03,
       -9.4977695872634925e+01, 1.2334159296258611e+03,
       -1.0333212206453558e+02, -1.2203866267333559e+02,
       -4.1182965861460630e+01, 1.1086060029665651e+01,
       2.2748583494992505e+02, 2.5694882299260264e+01,
       -1.1686972364472902e+02, -1.0333212206453558e+02,
       1.5097948603378592e+02, -1.8289451305125741e+01,
       6.6849898495231104e+00, -1.0111985302060891e+00,
       3.3626127627372490e+01, -1.5157173871013004e+01,
       2.4192274343859385e+01, -1.2203866267333559e+02,
       -1.8289451305125741e+01, 5.8648397732343305e+01,
       2.0768940322261955e+01, -8.2085506380037074e+00,
       6.7105137693375156e+01, 8.7792376216372588e+01,
       -9.5782709984887049e+00, -4.1182965861460630e+01,
       6.6849898495231113e+00, 2.0768940322261955e+01,
       2.0086710169173244e+01, -8.8191241367720541e-01,
       2.3455400273137581e+01, -2.3393258469582037e+01,
       -2.1707637450506034e+00, 1.1086060029665651e+01,
       -1.0111985302060882e+00, -8.2085506380037074e+00,
       -8.8191241367720596e-01, 1.5408456309743771e+01,
       8.5338107174667966e+03, 7.6649830635381488e+02,
       2.4977660387523274e+03, -2.3474951947975032e+02,
       6.2527608194616403e+02, -2.9684971316211409e+02,
       1.1745801353082865e+02, -3.0677639215307259e+01,
       7.6649830635381477e+02, 9.7096612733623206e+03,
       -3.3607291612961058e+02, 2.2516423993133699e+02,
       -2.9438744411017308e+02, 5.5166413318636717e+02,
       -9.9410646940181692e+01, 1.7246956725104475e+01,
       2.4977660387523279e+03, -3.3607291612961069e+02,
       2.5363676282848987e+03, 1.5774189225221474e+02,
       -1.3596787049058943e+02, 3.4057292129987175e+01,
       -2.6879192952841333e+01, 7.7421903900647360e+00,
       -2.3474951947975032e+02, 2.2516423993133685e+02,
       1.5774189225221468e+02, 2.3058675175196854e+03,
       1.1868621129689052e+02, -2.1141244364670510e+02,
       4.4798566932864489e+01, -1.8782773437314884e+01,
       6.2527608194616403e+02, -2.9438744411017313e+02,
       -1.3596787049058943e+02, 1.1868621129689056e+02,
       2.4843780452564937e+02, -1.0562308913051487e+02,
       2.3601436411715099e+01, -1.6753188986930844e+01,
       -2.9684971316211414e+02, 5.5166413318636717e+02,
       3.4057292129987182e+01, -2.1141244364670507e+02,
       -1.0562308913051487e+02, 3.5652531344345783e+02,
       -1.9374500848118707e+01, 1.1330822190581491e+01,
       1.1745801353082865e+02, -9.9410646940181692e+01,
       -2.6879192952841333e+01, 4.4798566932864489e+01,
       2.3601436411715099e+01, -1.9374500848118707e+01,
       3.3484926110439311e+01, -7.3117532762866222e-01,
       -3.0677639215307270e+01, 1.7246956725104475e+01,
       7.7421903900647360e+00, -1.8782773437314887e+01,
       -1.6753188986930837e+01, 1.1330822190581491e+01,
       -7.3117532762866222e-01, 2.0291962494896453e+01,
       5.6348395513001033e+03, -3.4095351044192633e+01,
       2.6284936694255234e+03, 5.0704009421533766e+02,
       2.5628329184889481e+02, 4.7907719815653883e+02,
       -7.5218739460549372e+01, 2.6707330897782160e+01,
       -3.4095351044192626e+01, 5.6293406593706177e+03,
       -2.4486656686918689e+01, 2.4047727164949474e+03,
       -6.6000779133686038e+01, -1.1547525474103703e+02,
       4.0188110167301552e+01, -2.5811811468590935e+01,
       2.6284936694255234e+03, -2.4486656686918685e+01,
       2.6543554632236555e+03, -6.1785965490985596e+01,
       -1.7658364569794972e+02, -9.3741992135854801e+01,
       2.6325143801922032e+01, -1.1004374118868126e+01,
       5.0704009421533766e+02, 2.4047727164949474e+03,
       -6.1785965490985596e+01, 1.2715487813501336e+03,
       2.2725953460126853e+01, 2.2778979386637438e+01,
       -2.3844757793163938e+00, 2.6517381897032287e+01,
       2.5628329184889481e+02, -6.6000779133686052e+01,
       -1.7658364569794966e+02, 2.2725953460126867e+01,
       1.1372652350667785e+02, 1.3069434362554054e+02,
       -1.8436612851890068e+00, -7.3090939673318314e+00,
       4.7907719815653883e+02, -1.1547525474103711e+02,
       -9.3741992135854801e+01, 2.2778979386637438e+01,
       1.3069434362554054e+02, 2.7058981367888441e+02,
       1.7524576704323394e+01, 7.5020262161909979e-01,
       -7.5218739460549372e+01, 4.0188110167301545e+01,
       2.6325143801922039e+01, -2.3844757793163938e+00,
       -1.8436612851890053e+00, 1.7524576704323398e+01,
       2.0537128579991087e+01, -3.0383607397565475e+00,
       2.6707330897782160e+01, -2.5811811468590935e+01,
       -1.1004374118868125e+01, 2.6517381897032283e+01,
       -7.3090939673318314e+00, 7.5020262161910012e-01,
       -3.0383607397565475e+00, 1.3949289819505600e+01,
       8.5554667646656162e+03, -9.3114264519247342e+01,
       1.8032509648045352e+03, 2.6939803472326821e+02,
       -9.7714076109450082e+02, 4.2950276395198910e+02,
       -7.3434248282984896e+01, 2.8650868550350786e+01,
       -9.3114264519247314e+01, 8.6101450769161129e+03,
       5.5286299219029523e+01, 7.3682855667779074e+02,
       1.6223729661037936e+02, -2.8194136232702249e+02,
       6.7031720823275180e+01, -1.1582324690295346e+01,
       1.8032509648045352e+03, 5.5286299219029502e+01,
       2.9454314447517295e+03, -1.3043358117084730e+02,
       1.9939442822421674e+02, -1.2400918709279827e+02,
       1.5882422501742733e+01, -1.1992347137250400e+01,
       2.6939803472326838e+02, 7.3682855667779086e+02,
       -1.3043358117084730e+02, 2.1243607118748409e+03,
       -1.7105668018380268e+02, 9.9471355827229971e+01,
       -3.9269579117679740e+01, -2.0053624911604762e+00,
       -9.7714076109450082e+02, 1.6223729661037936e+02,
       1.9939442822421674e+02, -1.7105668018380277e+02,
       3.4727583462383774e+02, -6.3115037228876261e+01,
       -3.9075156475218344e+00, -7.0262254972742877e+00,
       4.2950276395198915e+02, -2.8194136232702260e+02,
       -1.2400918709279827e+02, 9.9471355827229985e+01,
       -6.3115037228876261e+01, 2.0272401705137349e+02,
       2.4730882848937301e+00, -1.0674903055318465e+01,
       -7.3434248282984896e+01, 6.7031720823275180e+01,
       1.5882422501742729e+01, -3.9269579117679740e+01,
       -3.9075156475218331e+00, 2.4730882848937319e+00,
       3.3106573514120875e+01, 2.5108498577619467e+00,
