%YAML:1.0
means: !!opencv-matrix
   rows: 5
   cols: 16
   dt: d
   data: [ 5.4465353496546058e+01, -1.3473300588606048e+01,
       -7.3704131124511401e+00, 1.0486175525132850e+01,
       1.0381425122448377e+01, 4.4011832518842358e+00,
       8.9368053333831599e-01, -2.3578560354125030e-01,
       -2.4715778279955949e-01, 4.0328690387422129e-02,
       2.7342247346084047e-02, 1.7515257543071667e-02,
       1.9444730773903484e-03, -8.3915170072594268e-03,
       1.9172621555930001e-02, 1.8441869589744168e-03,
       -1.5147329933285673e+02, -2.1563422096881862e+01,
       4.0359149053975251e+01, 6.4525764763137961e-01,
       -7.9380788475734914e+00, 1.9210133731517491e+00,
       3.1956703799476460e-01, 9.8735426630759260e-01,
       -1.0051125532319494e+00, -5.4497680214617636e-02,
       -7.5178862229149318e-03, 6.6659799245026661e-03,
       3.3695421978828942e-03, -1.1070034309475116e-04,
       -7.6139097738954177e-03, -9.0044382070240021e-03,
       -5.1402428276214209e+01, -8.3764184992852435e+01,
       1.2676044621033864e+01, 2.2271297361740469e+01,
       -3.0650058168908894e+00, -9.2181854874148428e+00,
       -2.3228554959934007e+00, -2.3448193857399244e-01,
       2.2577682113046174e+00, -1.9474639301022614e-01,
       -7.7471022993972044e-02, -7.8065013185770027e-02,
       -3.2441011274012351e-03, 5.8543001026084771e-03,
       -4.3135263001018937e-03, 6.7437767457631569e-03,
       7.2400701797198423e+01, 3.9246950541318938e+01,
       -2.0861024501358656e+01, -6.1115687179802975e+00,
       2.7481043753611392e+00, -7.8914934761453193e+00,
       -7.1459897079044961e+00, 1.2508950553538178e+00,
       3.0878724268606765e+00, 9.6147260413896096e-01,
       1.2637115581539382e-01, 4.6411578902082751e-02,
       -3.7351274556126995e-02, 1.9024156259668072e-02,
       -1.7764302646871503e-02, -2.0229434325116633e-02,
       4.1179860162273300e+01, 7.2148820054661599e+01,
       -2.1907871916930667e+01, -2.7428393692860269e+01,
       -9.8420487925409876e+00, -2.5492841999797924e+00,
       9.7190343744788110e-01, -5.6051139189837285e-01,
       -5.6711367701419468e-01, -1.2892254097672903e-01,
       -2.9186252596693801e-02, -6.3703765988261029e-03,
       3.8477555603394250e-03, 7.0464085620887086e-03,
       -1.9444611580702775e-02, 5.2140272434251919e-03 ]
covs: !!opencv-matrix
   rows: 80
   cols: 16
   dt: d
   data: [ 8.2498190160830982e+03, -6.4860370207023198e+02,
       1.9513944957253786e+03, -2.3480421053026703e+02,
       -1.1095271404523560e+03, -1.8613743008094279e+01,
       -7.2342173881515862e+01, 2.5751245951506743e+01,
       -1.6144103605193294e+01, 9.1565512653118231e-01,
       -9.3353188536908072e-01, -8.0277377505856937e-02,
       8.9624687313138912e-02, -2.7344645890070635e-01,
       7.4090424540203981e-01, 2.9435445414208495e-02,
       -6.4860370207023220e+02, 8.8927560308243683e+03,
       4.6754885220453184e+02, 1.1529275431989834e+03,
       7.3832105921815359e+00, -5.0126476798019081e+02,
       -4.8518567116235452e+01, -2.3850104015179376e+01,
       -1.2941244846585269e+01, -7.1964990824015995e+00,
       -1.0663620570509784e+00, -1.2061810268277003e-01,
       1.2033092786612658e-01, -2.5726993257518588e-01,
       3.0998452879423827e-01, -8.3713170704471009e-03,
       1.9513944957253786e+03, 4.6754885220453190e+02,
       2.7745703520038560e+03, -1.1680407512258917e+02,
       2.3462871226203481e+02, 1.3415773240186949e+01,
       2.2587733765860758e+01, -9.0794503628823886e+00,
       1.3311898934184216e+00, 4.2784082419966418e-01,
       3.1022504573753168e-01, -2.9177288926321454e-01,
       1.0616229014848417e-02, 1.0412761634475803e-01,
       -2.4760117515499280e-01, 1.7533979928316706e-02,
       -2.3480421053026703e+02, 1.1529275431989831e+03,
       -1.1680407512258913e+02, 2.4073710153877087e+03,
       -1.3326132973686308e+02, 1.5113497303134014e+02,
       7.0109234031227539e+00, 1.0426263405150896e+01,
       9.7315462857673669e+00, -9.4672245401866384e-01,
       4.3621856100216727e-01, -6.8647710708886756e-02,
       -2.5714011265407958e-02, 6.5181762393813125e-02,
       -4.2467700802247182e-02, 4.5643391305702267e-02,
       -1.1095271404523560e+03, 7.3832105921815385e+00,
       2.3462871226203472e+02, -1.3326132973686302e+02,
       5.6436002548460658e+02, -1.2455076382683502e+02,
       -1.3124087182659498e+01, -1.2169804516569652e+01,
       -8.9014653816692029e+00, 4.8216560232490746e-01,
       -1.5075444630873905e-01, -5.5105113392634193e-02,
       -5.1776359678585519e-03, 1.1399864304876962e-01,
       -2.3793472398730264e-01, 2.7119999282802683e-02,
       -1.8613743008094282e+01, -5.0126476798019081e+02,
       1.3415773240186960e+01, 1.5113497303134017e+02,
       -1.2455076382683504e+02, 2.5776375519931150e+02,
       -8.5183345398800121e+00, 1.9856462216716118e+00,
       5.3406073378161008e+00, -2.1966259229916809e+00,
       -1.6844556437386451e-01, -2.2374628371162955e-01,
       -1.9306769730693622e-02, 5.2217996622150271e-02,
       -1.1613530244326116e-01, -1.7256553090147588e-02,
       -7.2342173881515862e+01, -4.8518567116235467e+01,
       2.2587733765860747e+01, 7.0109234031227512e+00,
       -1.3124087182659498e+01, -8.5183345398800085e+00,
       2.3274645754875252e+01, 4.3994209482429253e-01,
       3.5733611815356197e+00, 1.9971668960134029e-01,
       -2.8487733938167567e-03, 5.0932474724893081e-02,
       -3.4741633752615048e-02, 1.2161015277852804e-02,
       -2.1743741906700503e-02, -5.7666173614229028e-03,
       2.5751245951506750e+01, -2.3850104015179390e+01,
       -9.0794503628823833e+00, 1.0426263405150896e+01,
       -1.2169804516569654e+01, 1.9856462216716118e+00,
       4.3994209482429275e-01, 1.3801429527895067e+01,
       -7.3130162671843324e-01, 6.2969099798887818e-01,
       2.2434940874360338e-02, -5.8268479740747553e-03,
       2.3903165504104043e-03, 1.1430418914789384e-02,
       8.4518849218601999e-04, 1.5627770222235490e-02,
       -1.6144103605193294e+01, -1.2941244846585267e+01,
       1.3311898934184216e+00, 9.7315462857673669e+00,
       -8.9014653816692029e+00, 5.3406073378161008e+00,
       3.5733611815356197e+00, -7.3130162671843324e-01,
       1.2777994033482249e+00, 8.6114178751432249e-03,
       1.0369411294170875e-02, 1.3759030377511312e-02,
       1.6079121925047363e-02, -3.0690554092718873e-04,
       -5.1628880134421086e-03, -1.4188667498037889e-03,
       9.1565512653118264e-01, -7.1964990824015995e+00,
       4.2784082419966418e-01, -9.4672245401866451e-01,
       4.8216560232490735e-01, -2.1966259229916809e+00,
       1.9971668960134029e-01, 6.2969099798887829e-01,
       8.6114178751432163e-03, 2.6228761859760652e-01,
       1.3252964200475175e-02, 3.1048940897080097e-04,
       3.1799588699123506e-03, -1.1306885627550937e-02,
       -9.0967693236088706e-04, 1.5376404331063107e-04,
       -9.3353188536908061e-01, -1.0663620570509784e+00,
       3.1022504573753146e-01, 4.3621856100216710e-01,
       -1.5075444630873913e-01, -1.6844556437386454e-01,
       -2.8487733938167546e-03, 2.2434940874360331e-02,
       1.0369411294170872e-02, 1.3252964200475175e-02,
       1.8827888854884355e-02, -1.7723219482243448e-04,
       4.4445414132121455e-04, 1.3822245900077355e-04,
       2.5976098071135690e-04, -2.3379245682301801e-05,
       -8.0277377505856909e-02, -1.2061810268277001e-01,
       -2.9177288926321443e-01, -6.8647710708886728e-02,
       -5.5105113392634214e-02, -2.2374628371162961e-01,
       5.0932474724893075e-02, -5.8268479740747571e-03,
       1.3759030377511312e-02, 3.1048940897080064e-04,
       -1.7723219482243454e-04, 1.6639674976346955e-03,
       4.7317763369773060e-04, 7.5322448439201173e-05,
       4.6800388876739885e-04, 6.8380811703217830e-05,
       8.9624687313138857e-02, 1.2033092786612662e-01,
       1.0616229014848417e-02, -2.5714011265407965e-02,
       -5.1776359678585553e-03, -1.9306769730693608e-02,
       -3.4741633752615048e-02, 2.3903165504104034e-03,
