%YAML:1.0
means: !!opencv-matrix
   rows: 23
   cols: 6
   dt: d
   data: [ 1.8420866358219769e+01, 1.5585557588624678e+02,
       -5.8333028619210681e-01, -8.5745172204492107e+01,
       1.6098342020173867e+01, 1.6058782479678253e+01,
       3.2910661944423815e+01, -3.8665436475329003e+01,
       -2.8951931548887078e+01, -3.2912871541497537e+01,
       1.3916561634218898e+01, 2.5166457345947824e+00,
       2.2669705892226414e+01, -1.0206574896399323e+02,
       -1.0375463161027328e+01, 6.9845389093184664e+01,
       -5.4075152456780256e+00, -2.2085539950023767e+00,
       -2.3813035851649428e+02, 9.9289556277073725e+00,
       -8.4994263612649537e+00, -1.1446898921947521e+00,
       -3.8485131469353004e+00, -3.2435429893774259e+00,
       1.2131465136539146e+02, 1.7414025812369127e+00,
       5.6307741675391085e+01, -1.2917279451608458e+01,
       9.6455585258092871e+00, -3.0435350242014803e+00,
       -1.0070034687028915e+02, -7.0981810245194481e+01,
       -1.8799759397243260e+01, 4.7457326098456839e+01,
       1.2082557124772418e+01, -3.7323283687040099e+00,
       1.5499057650766406e+02, 7.3810408907088927e+01,
       -4.0331605316524495e+01, 3.3530477977855938e+01,
       -7.3635626296226828e+00, 1.0442733900955139e+01,
       -1.2516810561220447e+02, 4.9009444048180484e+01,
       3.3409957670252403e+01, -3.2360642341571406e+01,
       -3.1564895035468750e+00, -1.1227419928947947e+01,
       6.9901606491100949e+01, -6.6590769522151689e+01,
       -2.4058511092533688e+01, 4.1161583181047128e+01,
       -1.0620319760260404e+01, 5.9129644987029408e+00,
       -5.7899734211413971e+01, 1.7786316323901840e+01,
       -9.7458081103830754e+00, -1.0065092185260063e+01,
       8.2673165249127241e+00, -7.3730896132487498e+00,
       -2.0550943331362288e+02, 9.7837376265556742e+01,
       4.1493759789203466e+01, -5.1636799284607235e+01,
       -2.3177316468521944e+01, 2.2247458115300592e+01,
       1.4472285575279821e+02, -4.7955025444976030e+01,
       -4.2528660054459152e+01, -2.3053522697968486e+01,
       -4.7272487429795493e+00, 1.4473360718729079e+01,
       8.2961779128375511e+01, 1.7871642974762441e+01,
       -2.3096900493436234e+01, -3.2430305147895851e+01,
       -2.5606623322784827e+01, -2.0130843835333838e+01,
       -1.9503107354685025e+02, -7.9859543539083219e+01,
       4.0210821106379676e+01, -1.0158467983725116e+01,
       -7.6007326846331553e+00, 1.4985383901868323e+01,
       -1.4611530238678199e+02, -1.0190749914105140e+02,
       2.7589216288404053e+01, 6.6536094176683108e+01,
       -1.8849068651150638e+01, 2.9413738184420118e-01,
       -1.0536335734945382e+01, 3.0510193990359515e+01,
       9.7417994139262802e+00, -2.1934300760200721e+01,
       3.7712576004038041e+01, -5.7817195931672014e+00,
       4.7419384360026221e+01, 9.6485265994354080e+01,
       -2.1777248626764003e+01, 2.2896055736077798e+01,
       1.2571453184158232e+01, -1.6464089052468984e+00,
       6.0289427125570993e+00, -7.9287837304412378e+01,
       6.5378427306284010e+01, 4.6387437431088046e+01,
       8.3842683120327735e+00, -4.1281081737321692e+00,
       -1.7953742111921571e+02, 6.7658556271960762e+01,
       4.5141734961679639e+01, 3.9512473279919377e+01,
       -8.4362168290858879e+00, 1.4112019100820545e+01,
       8.1743715648539762e+01, -6.1829751723009487e+01,
       -2.4288537089690983e+01, 4.1344499669187151e+01,
       1.4429674313639573e+00, 1.1899984367675218e+01,
       -1.1718491950098328e+02, 9.9040965174208329e-01,
       7.8392388809110344e+01, -6.5153703537736165e+00,
       -5.2090626103771998e+00, -5.2274610263301007e+00,
       1.6188491580909732e+02, 2.8506799543105320e+01,
       -3.6388707795001565e+01, -1.9571584707004487e+01,
       -1.2063568699089346e+01, 6.6417699358726026e+00,
       6.9939240211804545e+01, 1.4773817870097599e+01,
       -2.6222446752883947e+01, -3.1727331318416365e+01,
       -2.8775771082860651e+01, -1.6670115163218856e+01 ]
covs: !!opencv-matrix
   rows: 138
   cols: 6
   dt: d
   data: [ 6.1016124417531601e+03, -3.7697460628984679e+01,
       2.7139632923059294e+03, 4.7693017237859010e+02,
       2.4054144636306989e+02, -4.8347473531551793e+02,
       -3.7697460628984729e+01, 6.3111762106950846e+03,
       -1.4939782808326612e+02, 2.0756888584322251e+03,
       -1.5023170509657990e+02, 3.2240360293137820e+02,
       2.7139632923059289e+03, -1.4939782808326612e+02,
       2.4146129698454392e+03, 4.7560384284213235e+01,
       3.4381847621745614e+01, 9.2376929373003833e+01,
       4.7693017237858993e+02, 2.0756888584322251e+03,
       4.7560384284213228e+01, 1.2168595358975688e+03,
       1.0915458738726291e+02, -1.1283413521518949e+02,
       2.4054144636306995e+02, -1.5023170509657990e+02,
       3.4381847621745599e+01, 1.0915458738726294e+02,
       1.6085825553083481e+02, -9.4076455776006256e+01,
       -4.8347473531551793e+02, 3.2240360293137815e+02,
       9.2376929373003833e+01, -1.1283413521518949e+02,
       -9.4076455776006256e+01, 2.4185717455195712e+02,
       3.9319299702365242e+03, 8.9608520079108800e+01,
       1.4662475889710183e+03, -1.4248044858846782e+02,
       -3.9216272519638204e+02, 9.0732403591276849e+01,
       8.9608520079108700e+01, 4.1653667240033319e+03,
       -4.5418987142204614e+01, -3.3334328616846403e+02,
       -4.1919636751360736e+00, -2.3167417559048073e+02,
       1.4662475889710183e+03, -4.5418987142204600e+01,
       1.9778753159113380e+03, -2.8606593145572507e+01,
       1.1694384916948208e+02, 3.1621418977088876e+01,
       -1.4248044858846785e+02, -3.3334328616846403e+02,
       -2.8606593145572536e+01, 1.0709411993738847e+03,
       2.1209070225243629e+01, 2.0165470321403669e+02,
       -3.9216272519638204e+02, -4.1919636751360789e+00,
       1.1694384916948208e+02, 2.1209070225243629e+01,
       2.2657827326548369e+02, 4.5219916010776259e+01,
       9.0732403591276835e+01, -2.3167417559048073e+02,
       3.1621418977088869e+01, 2.0165470321403669e+02,
       4.5219916010776259e+01, 1.9079212127151362e+02,
       6.0580640062177872e+03, 5.9245653033570659e+02,
       2.9526131034218124e+03, 3.8884361828679097e+01,
       -7.9238968081233793e+01, 1.0682104951538719e+02,
       5.9245653033570682e+02, 6.3394869177141254e+03,
       -1.7271893737493346e+02, 2.1852708601607824e+03,
       -8.7065321145118233e+01, -2.6059595990046944e+01,
       2.9526131034218124e+03, -1.7271893737493346e+02,
       2.5647182288602576e+03, -1.7269599162323228e+01,
       -1.2840366953381195e+02, 2.4134165750734486e+01,
       3.8884361828679111e+01, 2.1852708601607824e+03,
       -1.7269599162323239e+01, 1.1798441826268568e+03,
       -5.1890330771613321e+01, -1.5041349238596018e+02,
       -7.9238968081233793e+01, -8.7065321145118219e+01,
       -1.2840366953381198e+02, -5.1890330771613321e+01,
       1.7459395689590409e+01, 5.8403027033018837e+00,
       1.0682104951538719e+02, -2.6059595990046951e+01,
       2.4134165750734493e+01, -1.5041349238596021e+02,
       5.8403027033018837e+00, 4.8297700207540366e+01,
       3.4893462373477869e+03, -5.4186724646582229e+02,
       5.3656281701437570e+02, 5.6914192793213897e+02,
       4.3911147180823923e+02, -3.5909762385467405e+02,
       -5.4186724646582240e+02, 7.8955138750675032e+03,
       1.0265603973690537e+02, 1.1625644458790443e+03,
       -3.2997697782295484e+02, 1.4717193846217529e+02,
       5.3656281701437570e+02, 1.0265603973690540e+02,
       4.9889553371873308e+02, -1.1592361748818165e+01,
       -4.7068275795598908e+01, 5.3180056748357842e+01,
       5.6914192793213908e+02, 1.1625644458790443e+03,
       -1.1592361748818156e+01, 1.6073526761528958e+03,
       1.0496007372291258e+02, -3.4956049695196278e+01,
       4.3911147180823917e+02, -3.2997697782295489e+02,
       -4.7068275795598915e+01, 1.0496007372291257e+02,
       1.2395037112659327e+02, -9.2107054705036290e+01,
       -3.5909762385467405e+02, 1.4717193846217526e+02,
       5.3180056748357835e+01, -3.4956049695196278e+01,
