%YAML:1.0
means: !!opencv-matrix
   rows: 10
   cols: 4
   dt: d
   data: [ -7.5877844184476729e+01, -6.5744546395845234e+01,
       -1.5604858089407122e+01, -8.2273796877730163e+00,
       9.0062198831392621e+01, 5.3827585847941059e+01,
       6.6188056764402930e+01, 3.8356370135746105e+00,
       -1.6971095350671297e+02, 6.7475347923914001e+01,
       1.3815676948795936e+01, -3.3337999099353766e+01,
       1.3886832872888961e+01, 2.1550404975995292e+01,
       -4.8176515623832479e+01, -6.6369301134273414e+01,
       -1.0006947171490703e+01, -8.4049929145291102e+01,
       1.2489904150847126e+00, 2.6201737689494585e+01,
       9.1590195697223677e+01, -7.4465075243129021e+01,
       3.9247414835558963e+01, -5.7202750619793385e+01,
       2.5457918958914554e+01, 1.4317258033255692e+02,
       -2.7104815525265114e+01, -5.4642835145935420e-01,
       1.0859005863782586e+02, -5.0180965711524642e+01,
       -3.9050036039439291e+01, 2.9513757819508974e+01,
       -1.9468882882483902e+02, -7.4533803390435736e+01,
       4.2874125628385443e+01, 1.8778744095112231e+01,
       -3.0541484696255974e+01, 5.7060207350062626e+01,
       4.3337782250096941e+00, 6.3431563690411231e+01 ]
covs: !!opencv-matrix
   rows: 40
   cols: 4
   dt: d
   data: [ 7.8799160533049262e+03, 1.7750556592917030e+03,
       -2.9715517989246666e+02, -6.9278050785751248e+02,
       1.7750556592917028e+03, 4.0085455523572668e+03,
       -7.9039950122418063e+01, 7.9554478817840868e+02,
       -2.9715517989246678e+02, -7.9039950122418034e+01,
       2.0299206992034647e+03, 1.8832812251807331e+02,
       -6.9278050785751248e+02, 7.9554478817840857e+02,
       1.8832812251807331e+02, 9.2235989197047206e+02,
       1.1056862972931842e+04, -1.8720718930243049e+02,
       -2.4097324531513423e+03, 7.5221142254792585e+02,
       -1.8720718930243058e+02, 8.0866682567911575e+03,
       -2.4788985465530141e+02, -1.1082741077024939e+03,
       -2.4097324531513423e+03, -2.4788985465530160e+02,
       1.0596528543521254e+03, 2.9173686486311192e+02,
       7.5221142254792585e+02, -1.1082741077024939e+03,
       2.9173686486311180e+02, 1.8339476544152376e+03,
       5.6311401614264460e+03, 1.3692210019600097e+03,
       2.0036769382237665e+03, -6.6774846907422830e+02,
       1.3692210019600102e+03, 8.7312840728088358e+03,
       2.7993611598354016e+02, 2.0690132185745192e+03,
       2.0036769382237669e+03, 2.7993611598354022e+02,
       2.0788296202024217e+03, 9.4210355331973162e+01,
       -6.6774846907422818e+02, 2.0690132185745192e+03,
       9.4210355331973133e+01, 1.4473078605165410e+03,
       8.7971168440568181e+03, -1.5584438122529718e+03,
       1.1595536699392583e+03, 5.4665513716997816e+02,
       -1.5584438122529718e+03, 3.7264127475705345e+03,
       2.5424318618078340e+02, -1.0357173367465116e+02,
       1.1595536699392583e+03, 2.5424318618078328e+02,
       2.0435852928892236e+03, -4.0546114804255535e+02,
       5.4665513716997827e+02, -1.0357173367465111e+02,
       -4.0546114804255541e+02, 9.3733774268355489e+02,
       4.4496520658816344e+03, -1.2359643370834326e+03,
       2.3717919152805412e+03, -4.4363557718090698e+02,
       -1.2359643370834324e+03, 1.3223139867111560e+04,
       4.5846645571890144e+02, -7.5512120021250212e+02,
       2.3717919152805407e+03, 4.5846645571890144e+02,
       1.9317575292238678e+03, 8.3229276889930603e+01,
       -4.4363557718090698e+02, -7.5512120021250223e+02,
       8.3229276889930603e+01, 2.3664923109475485e+03,
       1.0991785763544502e+04, -2.3081256284662709e+02,
       -2.1477758829921968e+03, 7.9028079712508429e+02,
       -2.3081256284662697e+02, 6.7531077722479486e+03,
       -4.8590978537021437e+02, -1.9979102340245390e+03,
       -2.1477758829921968e+03, -4.8590978537021414e+02,
       1.0553480203948081e+03, 8.7623925370415336e+01,
       7.9028079712508452e+02, -1.9979102340245390e+03,
       8.7623925370415321e+01, 1.4102713144577565e+03,
       8.6132618876589640e+03, -1.4373667253843275e+03,
       1.2584791853987056e+03, 4.7860403301593635e+02,
       -1.4373667253843273e+03, 4.5516614668822913e+03,
       4.0569198591385771e+02, 1.7069309403619269e+02,
       1.2584791853987053e+03, 4.0569198591385754e+02,
       2.1208789997997815e+03, -5.1374674899061040e+02,
       4.7860403301593635e+02, 1.7069309403619269e+02,
       -5.1374674899061040e+02, 1.0590136029644952e+03,
       5.8355727748198651e+03, 1.1177455882351614e+03,
       1.6359986068812927e+03, -8.5742728186261184e+02,
       1.1177455882351617e+03, 5.7525976646253130e+03,
       5.4077106787350579e+02, 1.7806801077119146e+03,
       1.6359986068812927e+03, 5.4077106787350601e+02,
       2.3343336675924143e+03, 1.6904726697036679e+02,
       -8.5742728186261184e+02, 1.7806801077119146e+03,
       1.6904726697036679e+02, 1.5729805567890476e+03,
       5.5152780543239551e+03, -1.1145432325118693e+03,
       2.9478590943581567e+03, -4.6538123787407403e+02,
       -1.1145432325118693e+03, 8.9165833201132391e+03,
       7.3966267008763805e+02, 1.1755431140308622e+03,
       2.9478590943581567e+03, 7.3966267008763805e+02,
       2.2464986893321220e+03, -3.2881625931029376e+01,
       -4.6538123787407403e+02, 1.1755431140308622e+03,
       -3.2881625931029411e+01, 2.1574615869794184e+03,
       1.5363093707298043e+04, 5.3014089303659443e+02,
       -7.9301054954690380e+02, 3.8232444190834701e+02,
       5.3014089303659443e+02, 2.5803784620946435e+03,
       -3.4944378124910378e+02, -4.3265221378985075e+02,
       -7.9301054954690380e+02, -3.4944378124910378e+02,
       2.4271640708438485e+03, -4.7931250174132907e+02,
       3.8232444190834701e+02, -4.3265221378985075e+02,
       -4.7931250174132907e+02, 8.1275897264156833e+02 ]
weights: !!opencv-matrix
   rows: 1
   cols: 10
   dt: d
   data: [ 7.8550641940616228e-02, 1.0767151390973767e-01,
       8.0815831228628288e-02, 1.0060560814187230e-01,
       1.1195961158257668e-01, 8.2729045660892050e-02,
       1.1545377186625572e-01, 1.5922232628260827e-01,
       7.9974389656495656e-02, 8.3017259730288007e-02 ]
pca_proj: !!opencv-matrix
   rows: 4
   cols: 21
   dt: f
   data: [ 1.02604255e-02, 8.46533298e-01, 5.67100069e-05,
       -5.08859605e-02, 4.68450844e-01, 1.89823491e-04, -5.55210514e-03,
       1.46431834e-01, -1.98076777e-05, -7.31809530e-03, 1.34976640e-01,
       -4.80776835e-05, -6.69380091e-03, 1.46460637e-01, -1.57161594e-05,
       2.11501210e-05, 1.32904761e-05, -3.16381829e-07, -1.62182951e-05,
       4.47223283e-04, 4.04881848e-06, 8.19958210e-01, 1.87153444e-02,
       -7.93817599e-05, 4.28530097e-01, 8.29724409e-03, 8.75842488e-06,
       2.28233948e-01, -2.37727305e-03, -1.84168690e-04, 2.08515689e-01,
       -1.20344283e-02, -2.14158339e-04, 2.18838796e-01, -7.27251405e-04,
       -1.84816250e-04, -3.05604735e-05, -5.04301033e-06,
       -1.27042276e-05, 6.79167337e-04, 1.30049409e-06, -1.63660501e-04,
       -1.48704097e-01, -3.29387456e-01, -1.82470303e-05, 1.08596861e-01,
       1.49965823e-01, -1.77574475e-04, 1.29315495e-01, 5.12750924e-01,
       2.36419466e-04, 1.37444586e-01, 5.11233926e-01, 2.85520800e-04,
       1.36541247e-01, 5.06532609e-01, 2.30281497e-04, -1.19767010e-05,
       -4.37137305e-06, 1.85016711e-06, 4.23374237e-04, 1.63331581e-03,
       1.86568883e-04, -4.72028166e-01, 1.25829116e-01, -3.95576280e-05,
       1.75304204e-01, -4.03850079e-02, -1.91588406e-04, 4.72358793e-01,
       -1.55570537e-01, 3.14154240e-05, 4.64089781e-01, -1.42328069e-01,
       9.23298430e-05, 4.71241623e-01, -1.54795542e-01, 4.75230554e-05,
       -2.49870754e-05, 5.87460408e-06, 1.53038200e-05, 1.49897439e-03,
       -5.03496267e-04, 3.15210091e-05 ]
