%YAML:1.0
means: !!opencv-matrix
   rows: 33
   cols: 9
   dt: d
   data: [ -5.9955457320511954e+01, -8.2366732397014374e+01,
       1.6228284408910511e+01, 5.0430175290211700e+01,
       7.3372221088767349e+00, -4.1319717077855236e+00,
       1.9350437973614507e+00, -3.0896863717391432e-01,
       2.0333761341471440e-01, -4.0229908241678864e+01,
       -2.8214384184734449e+01, 3.3779082654052893e+01,
       4.1562649301186440e+01, 2.3953955920007580e+01,
       -8.5169202101912003e+00, -1.1093564579137542e+01,
       -6.0799318725825442e+00, -5.5523178648743805e+00,
       7.5381193572362378e+01, 5.4398839832422112e+01,
       -1.7284738823299648e+01, -3.9493084616173569e+01,
       9.4713816431434150e+00, -7.5808842045103786e+00,
       7.9408256800264065e-01, 1.4649722138423356e+00,
       1.2706496457741961e-01, -1.9813018863300096e+02,
       8.7861146067753239e+01, 3.8572691621679070e+01,
       -5.0954617345482362e+01, -2.5718008388550537e+01,
       1.0783120500097469e+01, -3.0398461552261820e+00,
       1.3016460970970465e+00, 7.5498237259879464e-01,
       4.2471455716288034e+01, -5.2203795875506074e+01,
       -1.3454211993568038e+01, -2.5523277107171854e+01,
       2.1342832515004154e+01, 6.6357544550544576e+00,
       6.3773784316350457e-01, 1.1569048704574469e+00,
       3.5439455457515817e-01, -1.6244439071483843e+01,
       4.4245145361919347e+00, 1.1173406359457250e+00,
       -4.9389507391167857e+00, -8.5716321919661809e+00,
       -1.1638116560887233e+00, 1.6674210735005703e+00,
       1.5090396539934472e+00, 5.9943168726055507e-01,
       -1.8802739753142987e+02, 4.6250125437547126e+01,
       3.5377465265681984e+01, -2.9698329542876042e+01,
       -5.5740843864492007e+00, -2.9113011144833520e+00,
       -4.0494941934696769e+00, -7.0629469819794783e+00,
       -2.9411037324410501e+00, 1.6212304843386636e+02,
       2.7193253499909588e+01, -4.2862606312454723e+01,
       -3.5073055900212623e+01, -9.7627775148231635e+00,
       1.2942777672287235e+01, 6.5995806220239506e-01,
       -3.7644920691240418e+00, -1.8077656412134342e+00,
       5.2847800869441066e+01, 2.6765914076522971e+01,
       2.0249997612073836e+00, -2.9279470769568633e+01,
       2.7505311827141741e+00, -8.4889629018275485e+00,
       -4.9958761072844800e+00, -2.1297566923725553e+00,
       -5.0606061385030747e+00, -7.7480768664430570e+00,
       5.6340202740491833e+01, 9.3182583164396000e+00,
       -3.3124269223901891e+01, 2.2185933308158678e+01,
       -8.8401719712643310e+00, -3.6147458700028481e+00,
       -2.3470324133577316e+00, -5.3231493299512902e+00,
       1.0730075413001479e+02, -1.7468321999635751e+01,
       -1.8180219140157917e+01, 1.7455084388779298e+01,
       -3.2485345769216134e+00, 2.1340188300073763e+01,
       -1.3083736904023679e+01, -6.5897248994335449e+00,
       -6.0286810567451221e+00, 8.5300639743945055e+01,
       7.5448840495847866e+00, -2.8885093168766403e+01,
       -3.0839585825839155e+01, -2.8564365805354079e+01,
       -1.5777197325798223e+01, -6.7126946171965213e-02,
       -1.4132151562386295e+00, 1.8077668476055309e-01,
       1.5895137400762223e+02, 1.2412684422909489e+01,
       -4.6782005126091576e+01, -5.4863597288948940e+00,
       -6.0565387544768434e+00, 1.2281457973350188e+01,
       -5.8476895391203110e-01, 1.1850036027411861e+00,
       4.9595199430187148e-01, -1.5731138876670209e+02,
       1.4818512609714219e+02, 4.4370231696475727e+01,
       -6.9781805962529759e+01, -2.3901273658288549e+01,
       3.7245544779376949e+01, -1.1236698003020354e+01,
       1.9310499069978282e+00, -3.1251326397919499e-01,
       -3.6420472895436973e+01, 1.2004998551363785e+02,
       1.7603176669516174e+01, -6.8429535160140716e+01,
       1.4823532241170774e+01, 1.4606968442267135e+01,
       -3.4857806128931985e+00, -8.4436915455818062e-01,
       5.2316137942707330e-01, 1.5214795135877694e+02,
       3.2882751860621816e+01, -4.1410381031743171e+01,
       -1.6541959084125665e+01, -1.2002898497660150e+01,
       7.9748682910849111e-01, 2.2189761261604080e+00,
       2.4758413373972359e+00, 7.8350759107300871e-01,
       -1.4830965104045583e+02, -1.0361666439726140e+02,
       2.7548458116674929e+01, 6.6467209499781433e+01,
       -1.9746351683965603e+01, 6.9539317906940601e-01,
       -2.2101276327711797e-01, -1.4654322047211155e+00,
       1.0290153838808611e+00, -1.7488454804530802e+00,
       4.3543804808444321e+01, 1.2764193370047307e+01,
       -2.5745995997196530e+01, 3.7756539420602614e+01,
       -9.2037007827298645e+00, 2.1492133223680057e+00,
       7.3339123629844427e-01, 4.2941751367052311e-01,
       1.4329890077161227e+02, -3.1125328821206860e+01,
       2.0833495491170865e+01, 2.0607746378729189e+01,
       1.2561818964552693e+00, 1.0832499964962064e+01,
       -2.4450712392711091e+00, 1.2120870244980508e+00,
       7.6098227250477557e-01, -1.7115567815977587e+02,
       3.8241249902468049e+01, 4.0251019148071414e+01,
       -2.5102486373944757e+01, -9.9469695766029833e+00,
       -5.2714408225167491e+00, 1.1070922513082015e+00,
       1.4177766486710879e+00, 5.1837868990966351e-01,
       -1.5840653733449304e+02, -4.2657358034163813e+01,
       3.9162989975678144e+01, 2.4550577353154392e+01,
       -1.8756616093947043e+00, -5.3100222979485929e+00,
       1.9513499155266685e+00, 1.2408669254216663e-01,
       2.3989039533987375e-01, 3.3286279824444954e+01,
       -9.7524228144222832e+01, -1.0477510108921420e+01,
       6.8931496548037359e+01, -4.1724756825396669e+00,
       -1.3305263739709943e+00, 2.0765761808806840e+00,
       -3.9727248634349149e-01, -2.5400294658771472e-02,
       8.6567903261576504e+01, 1.3218596250546334e+01,
       -2.2351581525984592e+01, -3.2698295274941778e+01,
       -2.7582720688609946e+01, -1.7012789167963195e+01,
       1.0057662464091803e+00, -2.8334124837636838e+00,
       3.7769791428501992e-01, 7.9389464056802325e+01,
       2.2481488827547572e+01, -2.2071325829160791e+01,
       -3.1533905712830425e+01, -2.4019055143706204e+01,
       -2.2889429123627568e+01, 1.3377022912248890e+00,
       -2.5166904373913939e+00, 1.2855573066704290e-01,
       7.5023022656539553e+01, -5.1861917006426403e+01,
       -3.3406548898382347e+01, 3.1333305370639941e+01,
       -9.2352687508773545e+00, 7.4223554397676823e+00,
       -5.9684873442982966e-01, 2.7410262742543201e-01,
       4.0242614600376242e-01, 5.6022291841035425e+01,
       7.9080558215197925e+01, -1.3312999822098371e+01,
       2.9444263524204352e+01, 1.6936804893182309e+01,
       1.7418594953221709e+00, 6.3933508141349760e-01,
       1.5277187575606455e+00, 3.6405554286477165e-01,
       5.5654649156918808e+01, 2.8133537076396152e+01,
       -1.8144220841964895e+01, -3.1400869700510036e+01,
       -6.1579289604267071e+00, -1.8014879184139868e+01,
       2.5671367460504557e+00, 4.8754148813271275e-01,
       1.4598327411027634e-01, -7.5102089606671285e+01,
       2.5432625591930545e+01, 2.2506382952923133e+01,
       -1.9396329723017725e+01, 2.0502436615811870e+01,
       -1.6602111018936235e+01, 2.4356214001831717e+00,
       -1.4307246941124610e-01, 1.1118412381096246e-01,
       5.0670773376999726e+01, 1.4698432508628215e+02,
       -8.7841510328846937e+00, -8.0466393782987296e+01,
       1.7425833401478037e+01, 5.0777270974084106e+00,
       1.7600215063804776e+00, 3.0783823119043725e+00,
       1.5962059800795083e+00, -1.7116397402557098e+02,
       1.9973413737370418e+01, 4.0959413195862439e+01,
       1.5311634048729246e+00, -8.0912404704071701e+00,
       2.7422609200803738e+01, -1.0090895045745492e+00,
       3.3080733591540485e+00, 1.1960928688231069e+00,
       -8.6708947820548286e+00, -1.0243916758982238e+01,
       1.3087320396698386e+01, 9.8715133903639423e+00,
       2.8455806127089861e+01, -8.5831060616786481e-01,
       2.7588700536473654e-01, 8.6271734765689570e-02,
       3.8967920976072540e-01, -2.1065466844105910e+02,
       -2.2119676850451672e+01, 4.3876504143268576e+01,
