%YAML:1.0
means: !!opencv-matrix
   rows: 40
   cols: 8
   dt: d
   data: [ -4.5521727112222351e+01, -3.3528207970679702e+01,
       3.5290750128906403e+01, 5.0121850518774572e+01,
       1.8976714397728113e+01, -9.8982390889365242e+00,
       -1.2011627954025725e+01, -4.8979571739846062e+00,
       -1.6889564195689013e+02, 8.1328612611373629e+01,
       3.3471336911386558e+01, -5.4508470080721068e+01,
       -2.7501302126271678e+01, -5.1014840428446706e-01,
       -1.4428706152549307e+00, 9.9611407489446102e-01,
       2.9874104866663849e+01, -1.6321254209761694e+01,
       -1.1422185060777885e+01, 6.6394619414640088e+00,
       -1.1302568092165023e+01, -3.3737944993996205e+00,
       -4.6961171620661224e-01, -1.3826045755126750e+00,
       1.5100336486406124e+02, 3.3346933506002280e+01,
       -4.1736851323476266e+01, -1.6434810080684919e+01,
       -1.2254456265898192e+01, 5.6996564071534883e-01,
       2.4434405970077817e+00, 2.4895972401747160e+00,
       -3.1509466709503133e+01, 3.6211650414264859e+01,
       -7.3231550499233478e+01, 1.0174770146877441e+01,
       1.6370655152025716e+01, 3.0791504159177002e-01,
       1.2981510016761424e+00, 7.2544507313449780e-01,
       -2.1157761613157655e+02, -2.1527715746471500e+01,
       4.1780432563825691e+01, 2.4227957536966418e+01,
       -9.9926439658507658e+00, 1.2868679875171409e+01,
       -2.0248723789782574e+00, -1.6299685017230860e+00,
       5.9717178672672929e+01, -3.7229383036334617e+01,
       -1.9974237412744177e+01, -2.5574781663332171e+01,
       1.5278304847744757e+01, 6.3487284089257381e+00,
       6.1123522591667523e-01, 1.3684002755622315e+00,
       1.3172053913500951e+01, -5.1718613289196913e+00,
       9.1070911099867136e+00, -5.9491428110734299e+00,
       3.2853866767824385e+01, 1.8143888136077726e+00,
       1.4110588146998049e+00, 4.1197760411143358e-01,
       1.6975903129210263e+02, 8.0733219677063914e+00,
       -4.8543447020974305e+01, -4.7420419947009851e+00,
       -6.7980260672331809e+00, 1.1473225129816438e+01,
       -7.0418938947581944e-01, 5.4867795338707970e-01,
       8.3266984149890334e+01, 8.7081311021017918e+00,
       -2.7804981029202342e+01, -3.1176418361110585e+01,
       -2.9454229441885836e+01, -1.7215726856346663e+01,
       -1.1485282588026018e-01, -1.0782874397977220e+00,
       2.5192558025323304e+01, -1.0165245373970576e+02,
       -9.6226361148979489e+00, 6.8803753983014914e+01,
       -4.2614570118950406e+00, -1.7942319995170068e+00,
       2.0684195302876494e+00, -4.5551802598213825e-01,
       -1.4810888859373034e+02, -1.0399107184313100e+02,
       2.7579567888064858e+01, 6.6484798420489653e+01,
       -1.9912489814860908e+01, 8.0236617931637777e-01,
       -2.5296511400689581e-01, -1.4834189932509516e+00,
       1.0963263597471234e+02, -4.7451352322379272e+01,
       -3.0388392892468143e+01, 3.8634362005028308e+01,
       -2.2186708986355184e+00, 1.3084792645491440e+01,
       -1.4234252095814229e-02, 2.3652432906283032e+00,
       -1.5049330053790894e+02, -4.9971317843713699e+01,
       3.9921942257302234e+01, 2.7782879003260120e+01,
       -1.6922247059297935e+00, -8.2999814067249460e+00,
       2.9169696254807849e+00, 6.8653014765035547e-01,
       -1.0296154748002930e+02, 2.5681319246592842e+01,
       2.8731707036752301e+01, -1.6083631470048324e+01,
       1.5797961691639621e+01, -1.0458700469695698e+01,
       1.1965371712849413e+00, -5.4055951435473670e-01,
       9.8009753252189356e+01, -2.2124955732581629e+01,
       6.4578631010760972e+01, 1.3639543616635779e+00,
       1.7760691949509866e+01, -2.6236266433079307e+00,
       -1.2721220630727130e+00, 9.0031144917501083e-02,
       -1.0454315405156673e+02, 2.1897386960957576e+01,
       3.0111161831695615e+01, -2.0184869778409450e+01,
       4.4241126806523656e+00, -2.2789788823983219e+01,
       3.1726626605599719e+00, -1.8172936581627236e-01,
       1.1967758235368095e+02, 4.4655031696239767e+01,
       -3.6518372993240142e+01, -1.8286350121810610e+01,
       -2.1117622074737143e+00, 1.9867496253623507e+01,
       -4.4806320799250079e+00, 2.3846637354921150e+00,
       -1.9211330389301182e+02, 4.7161376216060305e+01,
       3.5324512864011893e+01, -3.1086650238416151e+01,
       -5.9765934026383141e+00, -1.5120835209901835e+00,
       -4.3055102169177486e+00, -7.2613523573455474e+00,
       8.2130213496129159e+01, 1.9314042479997433e+01,
       -2.1768471944601494e+01, -3.2447989881413037e+01,
       -2.4886000655542468e+01, -2.0702067934002145e+01,
       1.3869120149185314e+00, -2.9719581837835798e+00,
       1.4557258581190061e+02, 8.3258984619022343e+00,
       -2.8513599277376130e+01, -8.0984086619462192e-01,
       -1.1708915969282895e+01, 2.0585206961256539e+01,
       -1.5019572899306477e+01, -7.0239478734958682e+00,
       1.9455772220335294e+02, -3.9842484053396134e+01,
       3.4196332739122973e+01, 1.8550075520448029e+01,
       -6.6941857756228780e+00, 9.0237533436372743e+00,
       -1.9915242947951242e+00, 1.2729602380956158e+00,
       9.3248837694557196e+01, 3.6806281576419401e+01,
       -1.8696655931235195e+01, -3.2586452542167386e+01,
       -6.4413752571360980e+00, -1.1259502421394973e+01,
       -7.9337806689273316e-03, 2.4108902173536517e-01,
       -3.7798059902770241e+01, -7.7122386687891634e+01,
       1.1975512820879739e+01, 4.7731908079037261e+01,
       1.3158223029632570e+01, -2.8833047354805523e+00,
       1.9587986147067686e+00, -4.3021788571628755e-01,
       -2.6337087990173210e+01, 4.3077615611855871e+00,
       7.2113812484043400e+00, 1.5678793228592538e+00,
       3.6598249111119841e+01, -5.7801430941391896e-02,
       -2.7128392277274710e-01, 4.1407741877810267e-02,
       -1.0453121680100674e+02, 8.8910282658440792e+01,
       3.9275465679921837e+01, -4.6344445572509912e+01,
       -8.6626496361488954e+00, 1.7179653002615186e+01,
       -9.0126066538485130e+00, -1.8740513142793847e+00,
       -2.0553958199311819e+02, 3.0650872451314903e+01,
       4.5591533019173255e+01, -1.9501030454029411e+01,
       -1.5110991984226674e+01, 3.3081302583064085e+00,
       -2.1814696509229820e-01, 1.4911320324429242e+00,
       1.3997040485396289e+02, -7.4265398378488658e+00,
       -4.2600997912366530e+01, 1.2162986823985182e+01,
       -5.1553859740139663e+00, 1.1850897501255297e+01,
       -2.3973113209293873e-01, 1.4577365847296586e+00,
       -1.6463837377216933e+02, 3.7062694487176195e-01,
       3.5091345657243387e+01, 1.3984051012296431e+01,
       -7.4775906882854368e+00, 2.5616820231408578e+01,
       -3.5011113097320734e-01, 3.1919997353633587e+00,
       6.9237745112097841e+01, -4.7354214733047122e+01,
       -2.1878660578695278e+01, 2.9019956672787469e+01,
       6.4745120979750119e+00, 1.7908144648619814e+01,
       -5.1109678419236504e+00, -6.1203480234137697e-01,
       -9.7027313566626088e+00, 8.3702055818558190e+00,
       5.2952031535632731e+00, 2.4909797109552536e+00,
       4.7851325177748532e+00, 2.1400007629498736e+00,
       2.4389399787862329e+00, 2.6631396348754572e+00,
       1.5991606248947264e+02, 2.3354509136331295e+01,
       -4.5327675828371063e+01, -2.7829686022470433e+01,
       -8.5692095766290386e+00, 1.2644801975415016e+01,
       5.2318541018299536e-01, -2.2997775495226320e+00,
       -7.1168193881658315e+00, 5.1728894289027991e+01,
       3.3408497102952253e+00, -4.2813761178634884e+01,
       -1.4456273448093268e-01, -1.7482509354575587e+01,
       -4.2674917046381067e-01, 5.1054475353380313e-01,
       1.5768581082716899e+01, 1.5792905183238801e+02,
       6.7611960687027989e-02, -8.6461691851632253e+01,
       1.5932850945754534e+01, 1.6525670129259318e+01,
       -5.2520528266318811e-01, 2.3121235118637031e+00,
       4.8541368686931943e+00, 5.4522513500454210e+01,
       1.7560803077028019e+01, -4.2532726659223790e+01,
       3.6150074696544159e+01, -1.4073639656793095e+01,
       2.7310829884581715e+00, 7.0424804643015992e-01,
       -2.1750015272172803e+02, 9.4680260087845838e+01,
