%YAML:1.0
means: !!opencv-matrix
   rows: 14
   cols: 7
   dt: d
   data: [ 8.1574671825397019e+01, 1.5962551174910919e+01,
       -2.3720872066647665e+01, -3.2601090272961223e+01,
       -2.6109571035681341e+01, -1.9843214112457492e+01,
       9.8882510691751779e-01, -1.8183971705298018e+02,
       -2.2855765871405090e+01, 4.0628879102496207e+01,
       1.8722883969246038e+01, -6.7320926603186155e+00,
       7.9887064588296868e+00, 1.9254401608659338e-01,
       3.2581623219040750e+01, -9.8685320663338601e+01,
       -1.0644023475338967e+01, 6.7819347821110924e+01,
       -4.0043696008869736e+00, -1.1179212928702926e+00,
       2.0777141799478551e+00, 5.8336940498324266e+00,
       1.0160756117215166e+02, 2.9645733320872667e+00,
       -6.1430102154067598e+01, 8.4182367315647433e+00,
       -1.9469228793105473e+00, -5.2547175151745795e-01,
       -9.2015763354625363e+01, -9.3796768793955351e+01,
       2.0020497766895957e+01, 5.8048349799717222e+01,
       -3.7342429932455827e+00, -1.9667058596736071e+00,
       1.2638451627562635e+00, 1.5281414407751416e+02,
       1.0526394438478407e+01, -4.3543439082096107e+01,
       -4.4455688091644214e+00, -6.3771931063403358e+00,
       1.2707603329445584e+01, -2.6946601446778479e-01,
       9.1959151959071392e+01, -5.6127203425460685e+01,
       -2.7702261087816048e+01, 3.6866402478700316e+01,
       -5.1540671174968908e+00, 1.0435642351458730e+01,
       -1.8165404502388643e-01, -1.5994651151330945e+02,
       4.1202854679920030e+01, 3.7685632172598915e+01,
       -2.7447946145056306e+01, -6.6681850608795727e+00,
       -7.9947465493500554e+00, 2.6327276052955872e-02,
       -5.9296118864329292e+00, 3.5890148565294815e+01,
       9.8117611289926323e+00, -1.9856853127137956e+01,
       3.8609913055014964e+01, -5.1736633844008884e+00,
       1.5274947886982455e+00, -5.3812873906782933e+01,
       -1.4285669821610547e+01, 2.4155783209563509e+01,
       9.5813417966532555e+00, 2.2097527348375184e+01,
       -1.0510836197151910e+01, -1.4792143154733630e+00,
       1.3324902782838106e+02, 3.2228747385344398e+01,
       -3.8244793548822322e+01, -1.5552372934224719e+01,
       -1.1538284635915716e+01, -1.5692372302255455e+00,
       1.4628766206688035e+00, 5.2328123688171338e+01,
       1.0514848599276947e+01, -1.1023547978972914e+01,
       2.1875080316136239e+00, 1.7056225923940975e+01,
       3.8925372624185752e+00, 9.4729078424476931e-01,
       -1.9585120412285681e+02, 9.7464484416231045e+01,
       3.9826497121727854e+01, -5.4427587111598626e+01,
       -2.4768105374484946e+01, 1.6670286584254548e+01,
       -3.5016775403647995e+00, 6.2646930904141591e+01,
       -3.1933036838668980e+00, -4.8670285464528478e+00,
       -2.9740187982849160e+00, -2.1039220413306721e+00,
       1.7673110220573003e+00, -2.9361784844378658e+00 ]
covs: !!opencv-matrix
   rows: 98
   cols: 7
   dt: d
   data: [ 4.0933357822428306e+03, 8.3920281186106180e+01,
       3.0845004246360468e+03, 1.4470471581921217e+02,
       -1.0388820831695514e+02, -2.3347696015830198e+01,
       -5.2931769062150536e+01, 8.3920281186106081e+01,
       5.5914397649135490e+03, -4.4930590910677935e+01,
       2.4557643586185554e+03, -3.6330561844668658e+01,
       -1.3305908163617241e+02, 4.0078507634110821e+01,
       3.0845004246360468e+03, -4.4930590910677942e+01,
       2.5742569874432756e+03, 3.0646244841837948e+01,
       -8.0771006946195072e+01, 5.1641016692285618e+01,
       1.5937792983078074e+01, 1.4470471581921217e+02,
       2.4557643586185554e+03, 3.0646244841837948e+01,
       1.1728522123064681e+03, -6.6247860919040193e+01,
       -8.6454499824896359e+01, 3.0459582884885590e+00,
       -1.0388820831695514e+02, -3.6330561844668658e+01,
       -8.0771006946195072e+01, -6.6247860919040193e+01,
       4.0720346273470838e+01, 7.9523831101899676e+00,
       5.0104076531586204e+00, -2.3347696015830195e+01,
       -1.3305908163617241e+02, 5.1641016692285618e+01,
       -8.6454499824896359e+01, 7.9523831101899711e+00,
       8.1612074712652770e+01, 2.6546858001602892e+01,
       -5.2931769062150543e+01, 4.0078507634110807e+01,
       1.5937792983078070e+01, 3.0459582884885581e+00,
       5.0104076531586186e+00, 2.6546858001602892e+01,
       2.0026918945865976e+01, 6.1598140393935864e+03,
       -2.8217038848780129e+02, 2.9333082584295730e+03,
       3.9080069033777136e+02, 1.1832293354924234e+02,
       -1.2666520607368503e+02, 1.1578386248035007e+02,
       -2.8217038848780146e+02, 7.5628232083266121e+03,
       3.6181184726807473e+01, 1.4298474675737582e+03,
       -1.1917896123029435e+02, 2.6477893174803859e+02,
       -8.4965770620616266e-01, 2.9333082584295730e+03,
       3.6181184726807501e+01, 2.3211038066191968e+03,
       -8.4229692908677734e+01, -7.4331210343704498e+01,
       -9.4948924257825649e+00, -2.5278250584580814e+01,
       3.9080069033777153e+02, 1.4298474675737582e+03,
       -8.4229692908677720e+01, 1.4149203854202722e+03,
       -1.3305912150951924e+01, -1.1881466851056740e+02,
       -8.7828188882581912e+00, 1.1832293354924236e+02,
       -1.1917896123029436e+02, -7.4331210343704498e+01,
       -1.3305912150951917e+01, 7.2720117565933435e+01,
       -4.4364046158157414e+01, 5.7085389798861268e+00,
       -1.2666520607368500e+02, 2.6477893174803864e+02,
       -9.4948924257825684e+00, -1.1881466851056740e+02,
       -4.4364046158157421e+01, 1.8102194363947356e+02,
       -6.0374729392245441e-01, 1.1578386248035007e+02,
       -8.4965770620616266e-01, -2.5278250584580814e+01,
       -8.7828188882581912e+00, 5.7085389798861250e+00,
       -6.0374729392245507e-01, 2.5298905242624791e+01,
       5.8230355601532901e+03, 5.6734520429645397e+02,
       2.9307861849224846e+03, -4.6074925605723408e+01,
       -7.2511557201298700e+01, 1.2987297281060711e+02,
       -3.2126947470873240e+01, 5.6734520429645374e+02,
       6.1928170196315568e+03, -1.7347050388624402e+02,
       2.1323224025780873e+03, -7.3622158005904538e+01,
       -2.1430514139605823e+01, 7.3155844610993483e+01,
       2.9307861849224842e+03, -1.7347050388624402e+02,
       2.5501281664062021e+03, -2.9958527701986458e+01,
       -1.2060993834245308e+02, 2.8876589035928724e+01,
       1.7062756119113605e+01, -4.6074925605723401e+01,
       2.1323224025780873e+03, -2.9958527701986458e+01,
       1.1934599583492825e+03, -5.2051437557724320e+01,
       -1.6039684140331678e+02, -4.0093270261864276e+01,
       -7.2511557201298714e+01, -7.3622158005904538e+01,
       -1.2060993834245308e+02, -5.2051437557724306e+01,
       2.5102065535494685e+01, 8.0348436055370698e+00,
       -4.0358750298075474e+00, 1.2987297281060714e+02,
       -2.1430514139605815e+01, 2.8876589035928724e+01,
       -1.6039684140331678e+02, 8.0348436055370698e+00,
       5.2541397337386407e+01, 2.1777428807919701e+01,
       -3.2126947470873240e+01, 7.3155844610993483e+01,
       1.7062756119113601e+01, -4.0093270261864284e+01,
       -4.0358750298075474e+00, 2.1777428807919701e+01,
       1.8583378596757647e+01, 6.6736549333806461e+03,
       3.1653351954049742e+02, 2.7654948761984383e+03,
       8.0388851482106993e-01, 1.2595083755749211e+02,
       -3.5380706578654696e+02, 7.0104206563593067e+01,
       3.1653351954049759e+02, 9.0916775952039316e+03,
       -3.4785897410901873e+02, 1.1949222575519614e+03,
       3.7643911448346381e+02, 1.0802056385597789e+03,
       -5.4564088995689922e+01, 2.7654948761984383e+03,
       -3.4785897410901867e+02, 2.6464374478256914e+03,
       1.0708753401104649e+02, 4.9025202310367376e+01,
       8.6512383015329547e+01, -5.3258657285811424e+01,
       8.0388851482104628e-01, 1.1949222575519616e+03,
       1.0708753401104647e+02, 1.6163154223653046e+03,
       -9.6105058263478270e+01, -3.7666314993300290e+02,
       1.3589432073632178e+01, 1.2595083755749211e+02,
       3.7643911448346381e+02, 4.9025202310367391e+01,
       -9.6105058263478227e+01, 4.1448471757395367e+02,
       6.9074008258498850e+01, -1.5560186309723967e+01,
