%YAML:1.0
means: !!opencv-matrix
   rows: 44
   cols: 7
   dt: d
   data: [ -1.8188404922690481e+02, -6.0775361595150361e+00,
       3.2512191285092428e+01, -7.3180758695816905e+01,
       -1.6055056000424536e+01, -3.7173000593170573e+00,
       -1.0825453729370065e+00, 9.8625063969989242e+01,
       -1.2738713109750236e+01, -3.4812182328960468e+01,
       1.0284769175373635e+01, -7.0528629854215152e-03,
       6.4278954500499381e+00, -6.3185182258157768e-01,
       -3.5632755406226643e+01, -1.2223605535329771e+02,
       6.6967899898987087e+00, 3.4145795772432926e+01,
       1.3847905462311187e+01, -1.2258503161399474e+00,
       1.8072622511858196e+00, -8.3630129617993507e+00,
       5.0412941573825471e+01, 9.7957419302050823e+00,
       -3.0077524604976876e+01, 3.7736957705089509e+01,
       -1.0977221008623387e+01, 2.3865836874592286e+00,
       1.4923903994255156e+02, -4.8398303780076004e+00,
       5.4713846796787102e+01, -1.3099152757855579e+01,
       9.3336875593444564e+00, 1.0256794870943087e+00,
       -2.8544002583711996e+00, -1.7834967395052115e+02,
       1.1544625542104471e+02, 2.9993360567857433e+01,
       -6.6149431445861296e+01, -3.4137931731593426e+01,
       1.4124149322803911e+01, -4.6414821981677834e+00,
       5.7716108380638090e+01, -6.0833834728049361e+01,
       -1.9428111813529814e+01, 3.9103590886061284e+01,
       7.7156231097506884e+00, 1.3033531843446989e+01,
       -1.3592819384014769e+00, 4.5565804159238120e+01,
       -2.3505774885666089e+01, -1.2494796381298883e+01,
       1.5364770905529602e+01, -8.1800423803559923e+00,
       6.3909962440302666e+00, -4.6882651464326379e+00,
       -1.3328360710729102e+01, 1.5993580535866147e+02,
       1.0553956336231158e+01, -9.2007071848830492e+01,
       1.8099839637164397e+01, 2.9031856816162644e+01,
       -2.7068605830647372e+00, -2.1248207331576765e+02,
       -1.8348355985078442e+01, 3.9118490228204578e+01,
       2.2004384160935668e+01, -9.1404112700457496e+00,
       1.0714116944472623e+01, -1.5960673720507990e+00,
       7.2434304639305282e+01, -2.0700990942162041e+00,
       6.9264319399005743e+01, 8.1587891837281354e+00,
       2.4980541920725788e+01, -2.2805107246809477e+00,
       6.8789560978511721e-01, 3.8095927171398166e+01,
       7.0816107242114171e+01, -1.4192962935437018e+01,
       1.6086427818923188e+01, 2.0613165049954180e+01,
       1.6001897790872586e+00, 1.0847506300652570e+00,
       -3.9678246795342091e+01, -3.5169219792621384e+01,
       3.2188873945692407e+01, 5.0328139631488000e+01,
       1.9544633549471033e+01, -7.5295120197256074e+00,
       -1.2257470007595812e+01, -1.9103555656556844e+02,
       4.5509756030881988e+01, 3.5271877785728577e+01,
       -1.7565472380488433e+01, -3.4366710387568138e+00,
       1.1409007771204545e+01, -3.9725315808806445e+00,
       1.2041750195537431e+02, 5.9342607387036828e+01,
       -3.0701408491917320e+01, -4.0948358191095210e+01,
       -2.4342002866314183e+00, -6.5731066090433625e+00,
       9.8729354605955633e-01, -3.2352107535107194e+01,
       -8.4888769582877231e+01, 8.1621214820936189e+01,
       4.6850410355978447e+01, -4.6534319250805325e-02,
       -6.0266048673119581e+00, 1.7073859873387363e+00,
       2.1381471575442143e+02, 5.4576653950686238e-01,
       5.5228224527341325e+00, 6.1636669251336507e-01,
       -8.0988147007561260e+00, 1.1088778532664486e+01,
       -5.8499126685940128e-01, 3.0810665741905634e+01,
       5.9493042367638367e+01, -5.1922319427723300e+00,
       -4.4923044920624640e+01, -1.4232415671629449e+01,
       -2.0612475474228088e+01, 2.9840852323782037e+00,
       1.1515671119630011e+02, -4.7729568739500046e+01,
       -3.0506716525477430e+01, 3.5560209086560178e+01,
       -3.0657869313929962e+00, 1.3225226159839938e+01,
       -2.2187358263922446e-01, 6.7378205987375338e+01,
       -6.5206747798099201e+01, -2.5245900677595628e+01,
       4.2393017423361286e+01, -1.1248974568733196e+01,
       5.1312251408121456e+00, 2.0307791856620991e-01,
       8.2201472099729287e+01, 1.7442266339817863e+01,
       -2.2275575819608822e+01, -3.3396156249769597e+01,
       -2.4868111011663153e+01, -2.0411310857743118e+01,
       1.3188215678939386e+00, 2.9306627389393825e+01,
       -1.0015901683433562e+02, -1.0583563397923214e+01,
       6.8962203261674972e+01, -4.8874115158041658e+00,
       -1.6609050146591400e+00, 2.1748940057034019e+00,
       1.6079476841659806e+02, 1.2841761429160870e+01,
       -5.0273330838805613e+01, -1.1754823374559074e+01,
       -6.8363934108483857e+00, 1.3182790011553671e+01,
       1.8329523358068419e-02, -1.5498689578245327e+02,
       -8.9141718522533310e+01, 2.5696603593235295e-01,
       4.6872464385577032e+01, -2.6067919587718373e+00,
       -4.9647703412802748e+00, 2.1360634903317717e+00,
       -2.6353475864179355e+01, 4.6586054149597167e+01,
       5.7422503099425919e+00, -2.5249262723370943e+01,
       6.3537820533470535e-01, 1.1203081118110127e+01,
       -1.1672584009176014e-01, 1.2991272462366197e+02,
       3.4067204742830675e+01, -3.1793072721134259e+01,
       -1.3763123489571026e+01, -5.3291610156564708e+00,
       2.0604323566182572e+01, -8.3996390660047471e+00,
       9.8083405655338552e+01, 8.7298065447387732e+00,
       -8.0995123212782659e+01, 2.7219785616068926e-01,
       -4.2806369928773584e+00, 1.1726198421645483e+01,
       -4.9633371896686589e-02, 6.5804391282252070e+01,
       3.9332315507862610e+01, -2.0710962924555535e+01,
       -3.6029038305483624e+01, 3.4292154344706966e-03,
       -1.3560943711899995e+01, 7.1616410505257333e-01,
       -1.3562386981338094e+02, 4.9826120425217098e+01,
       2.1903442714626436e+01, 2.2875173581465987e+01,
       8.1235819385147714e+00, -1.0648790439393785e+01,
       1.6308753902448605e+00, -7.9773399155970182e+01,
       1.9725207100578743e+01, 2.9611442201952393e+01,
       -1.8765951689823066e+01, 1.6262830637895359e+01,
       -1.7981431276938277e+01, 1.7291485073986774e+00,
       5.0186820529630538e+01, 1.5132389572596799e+02,
       -8.3563480977330542e+00, -8.1452963861618883e+01,
       1.7259185043980533e+01, 6.6788504620942089e+00,
       1.6954268056849346e+00, -1.2086141976654554e+02,
       1.3638561628172319e+01, 9.4920914367753298e+01,
       -1.0116976577577727e+01, -1.1025150777722386e+01,
       -6.8365939417673349e-01, 5.3552028421603370e-01,
       -3.9180144508833799e+01, 6.6782016521174814e+00,
       7.9116600331888387e+00, 8.9236293111918741e+01,
       8.3038575051703045e+00, -5.3606372605957979e+00,
       1.4820559769186958e+00, -1.6753560665728589e+01,
       5.3148412361444137e+01, 8.7889402082903985e+00,
       -4.2116551321858474e+01, 1.2518374316912396e+01,
       -1.6667381292026946e+01, -1.0714663496725203e+00,
       -1.5661726044955557e+02, -9.5064056385409330e+01,
       2.7872991349443932e+01, -3.0953633891983653e+01,
       4.3239914551112735e+00, -9.0331227632335871e+00,
       2.1649883572768034e+00, 1.3382975208172556e+02,
       2.0350339708969280e+01, -4.3608510862988147e+01,
       -7.8660445517943627e+00, -1.7660132925564891e+01,
       -5.6021155359348711e+00, 3.8248185235883727e+00,
       -3.7864458854783251e+01, 6.0158240834924714e-01,
       -1.1464479889246403e+01, 6.8188437274274518e+00,
       3.1122089189216158e+01, -1.3776680787213718e+00,
       -6.2165626163851317e-01, 8.2289934647196830e+01,
       1.2537582695005662e+01, -2.7901791795455644e+01,
       -2.9408096438124907e+01, -3.0000890326773916e+01,
       -1.7839032341942112e+01, 5.3026710367258178e-03,
       -1.4266749705886133e+02, -1.0475401278434100e+02,
       2.6026234138823856e+01, 6.4836983710287896e+01,
       -2.7566415847071315e+01, 4.1292757488027041e+00,
       -1.5530429944020334e+00, -1.5484096494504263e+02,
       -2.4458987483435056e+01, 3.3216811476143526e+01,
       2.9685615233661835e+01, -1.1487322332874282e+01,
       2.6841647404954070e+01, 6.9908362898032539e-01,
       2.9671731114682085e+01, -6.8942401535694842e+01,
