%YAML:1.0
means: !!opencv-matrix
   rows: 38
   cols: 5
   dt: d
   data: [ 1.0845195953425970e+02, -1.3296138080196521e+01,
       7.0517921043780461e+01, 4.9990366899529681e-01,
       1.7160935508298927e+01, -2.8556825862710593e+02,
       2.0241224005388805e+01, -1.7352576639286184e+01,
       -9.5771296479570118e+00, -8.5710404150823596e+00,
       5.8887902377201748e+01, 1.2144026485366078e+02,
       -4.6248760912372076e+00, 3.5004652465456076e+01,
       1.6988299218583258e+01, 1.4627366077434931e+02,
       7.6978730565986368e+01, 2.3183548155325255e+01,
       -5.2110958480361923e+01, 4.1392931349525268e+00,
       2.0288069966085153e+01, -7.3782975614555340e+01,
       -4.6495547223978043e+01, 5.2083666976842999e+01,
       -5.6605167549979472e+00, -1.8492658094257524e+02,
       8.7373468671385822e+01, 5.6372342521521439e+01,
       -5.3607623903869261e+01, -2.2624512868157318e+01,
       -7.5388935378270716e+01, 5.7949229677436612e+01,
       -5.3582808917228917e+01, -1.0256033884443363e+01,
       1.8025575321600094e+01, 7.2301394127946338e+01,
       9.7447537773873222e+01, -3.5078239413803502e+01,
       4.8159601191058066e+00, -2.7347717784492122e+01,
       1.4975533647938138e+02, -8.1687053542449760e+01,
       1.1528202626801214e+01, 3.3556450390966721e+00,
       -3.2691804330482455e-01, -1.4506495898467509e+02,
       -1.3927553142000889e+02, -2.8864233826711832e+01,
       1.7726964386454188e+01, 8.9292807064202080e+00,
       -9.1892621525537990e+01, -1.5342422475972359e+02,
       6.5194609175668603e+01, 3.5960716831491887e+01,
       -1.4494387154241981e+01, -7.5244153913358062e+01,
       -6.7335268017083028e+00, 7.5866863262127467e+01,
       7.8629235428552477e+01, -1.0501191454516327e+01,
       1.5685674717898553e+02, 2.6606377281009261e+00,
       3.5670591581315712e+01, -3.6232742028257839e+01,
       -2.8269879304626595e+01, -2.5232854200884052e+01,
       1.5540476543704470e+01, 9.3119956712357549e+01,
       -2.3677446094966726e+01, 7.3084747092175499e+00,
       -9.4605861291550482e+01, 1.2183929257861423e+02,
       2.6037162535880963e+01, 2.2926925530930607e+01,
       1.1750115386828830e+01, -9.2764616352682712e+00,
       -4.6817295428157415e+01, 4.2710182162939546e+01,
       5.4263440903911182e+01, 1.3843841323436964e+01,
       7.1464791895616230e+01, 3.6109080795511240e+01,
       -2.6662399982163016e+01, -4.1871630877931430e+01,
       1.7182139895798028e+00, 1.4062141475313442e+02,
       8.3235411057123613e+01, -6.0514229787024419e+01,
       1.5415479065271990e+01, -1.0387616458564144e+01,
       -1.6652485112974824e+02, -6.4326318109573108e+01,
       5.3217643202571693e+01, -2.2593105003135648e+01,
       -5.2546781426009801e+00, -1.2733480993400474e+02,
       -7.5403247719209365e-02, -2.8184220964293328e+01,
       7.3681098609601747e+01, 8.3953577518054914e+00,
       1.4131688654992621e+01, -1.3200449634059689e+02,
       4.6001246369730978e+01, -6.4976699084570884e+00,
       2.0560003335087959e+01, -1.7961773494049041e+02,
       7.4780745325390768e+01, 4.6635926510232949e+01,
       2.5514543135953243e+01, -8.7066838827675230e+00,
       2.3503688838832026e+01, 4.9282528536681454e+01,
       2.5332420660784866e+01, 8.8163185410112366e+00,
       1.3499237414925329e+01, 1.6018530675938277e+02,
       9.0267697110571746e+01, -2.2046379022547590e+01,
       4.6416138667745471e+01, -8.3296874113907666e+00,
       5.0779282802780649e+01, -2.3767285290825789e+01,
       -4.6720548815432359e+01, -5.2054886871068433e+01,
       -2.4231196668208241e+01, 1.5750622233897028e+02,
       -8.3751235101388977e-01, 3.2446401610601704e+01,
       6.3220718872460466e+01, -8.3205289373690530e+00,
       -1.9217063658831373e+02, -8.8209350033183185e+01,
       -9.4863038062354068e+00, 7.2098414401746467e+01,
       -1.7497659564989998e+01, 9.9280055854749477e+01,
       -3.1154570406099776e+01, -8.0425184879143643e+01,
       -2.7793605794130276e+01, -4.1681196446904698e+00,
       1.9161202500779915e+01, -5.9161100515135615e+01,
       -5.5007668144081997e+01, -5.3876553882117428e-01,
       1.4279341925415213e+01, 6.3591124755594791e+01,
       1.0939563561843892e+01, -2.6799460100771153e+01,
       -3.0902316073481611e+01, -2.9198085500516971e+01,
       -8.3440227788128407e+00, 1.6368991070568393e+02,
       -1.6598682297075815e+01, -9.5535594902480085e+01,
       6.4784754071816568e+00, -2.4271361029836146e+02,
       7.8637538178768537e+01, -9.0631070913897247e+00,
       -5.1927476886045120e+01, -2.5746246910280856e+01,
       2.0906177939220890e+02, -1.4506364831666954e+01,
       -1.5754862697332137e+00, -2.4668640516990177e+01,
       -7.5890383467049887e+00, -8.2079738425807793e+00,
       4.8158297346906060e+01, 8.6033053331646681e+00,
       -3.3313474329744395e+01, 3.7084979229795557e+01,
       5.7910682885379892e+01, 5.6394803057401361e+01,
       -8.8309728797302640e+01, 3.9628659528164079e+01,
       -1.0985155014230692e+00, 6.7280219843530972e+01,
       -1.5985102087607683e+02, 2.8135677615886078e+01,
       3.8999648599335984e+01, -8.0744099623609351e+00,
       -1.2654704616452524e+02, 3.6004118366068496e+01,
       2.8603444885026306e+01, -3.8020927458798170e+01,
       -3.0303771473743142e+00, -1.9101389253250886e+01,
       -6.1334290439488854e+01, -2.5892190206121950e+00,
       -5.0483378833730050e+01, 1.8646463093163074e+01 ]
