%YAML:1.0
means: !!opencv-matrix
   rows: 47
   cols: 6
   dt: d
   data: [ 2.9357791489924217e+01, 1.1397661794056526e+02,
       -3.1003752243261271e+01, 3.8204207838129669e+01,
       1.6516923785339944e+01, -1.9250278528606915e-01,
       -1.9560296106797221e+01, -1.1389113720375208e+00,
       6.4720067713724632e+01, -1.3494133233302010e+01,
       2.0566079960450601e+01, -1.3367657529705838e+01,
       -1.9621307999485765e+02, -1.4776192494072228e+01,
       3.1862965057783303e+01, -8.4731572246991817e+01,
       -2.3163113726622587e+01, 3.5982177817022407e+00,
       6.2274377795374960e+01, -7.9667884211556640e+01,
       -1.1198382630627552e+01, 4.4305483565668894e+01,
       3.2616555775187592e+00, 9.4671299455402913e+00,
       7.8752347808195580e+01, 9.2772745315638740e+00,
       -1.9774830644567185e+01, -2.9185532950135457e+01,
       -3.1896508524256067e+01, -1.8809818191105904e+01,
       3.5661329100621934e+01, -2.1822624046071368e+01,
       -3.8552582643455516e+01, -9.4240521264901673e+00,
       1.5699488560818258e+01, 8.3502470326889853e+00,
       -8.3718653682548450e+01, -1.5880760743109079e+02,
       1.3096127353416987e+01, 1.6671235638130959e+01,
       7.7787476277344023e+00, -3.4518056906188668e+00,
       1.3926006634355232e+02, 7.2304759118359300e+01,
       3.7813427680765670e+01, 2.2694393614889879e+01,
       8.9068872560746257e+00, 2.4296513908907218e+00,
       -8.8276466938690721e+00, -9.5782775638961848e+00,
       1.0160785838973609e+01, 1.5815848248790864e+01,
       1.1691346782940698e+01, -6.9608113565730454e+00,
       -1.0569641785760764e+02, -1.0358675214192171e+01,
       -2.1516004315482573e+00, 7.1047088975414198e+01,
       7.6323066318274808e+00, -7.5417270161947165e+00,
       1.6720370531580360e+02, 8.5266869487082104e+01,
       -2.9178581729515095e+01, 3.5647508031912217e+01,
       -7.5650569593817876e+00, 9.3644191693151537e+00,
       -1.5366485922210202e+02, 7.5867399287830722e+01,
       3.0628822673791419e+01, -4.8046251642836715e+01,
       -2.1021529431399298e+01, -7.5470161141366754e+00,
       1.3624451200962810e+01, 5.4845717591430436e+01,
       1.9748238559436690e+01, -2.9642122015065361e+01,
       3.7268727983665826e+01, -7.3813804407665291e+00,
       -1.2462304827259950e+02, 1.2918205699866266e+02,
       4.2502533811294256e+01, 6.2746114084725617e+00,
       -5.2669573727600394e-01, -9.0225891723927596e+00,
       1.2037645960078278e+02, -9.5288772777419609e+01,
       -3.0757484804090723e+01, 3.4712546107468079e+00,
       -2.5637146971583649e+00, 1.7181104350269869e+01,
       -2.6494833808139674e+02, -3.6477304020582091e+00,
       -1.8228743910885235e+01, 5.1283285866834607e+00,
       -3.7323841418744075e+00, 2.6336722934061871e+00,
       1.5808955014316058e+02, 1.4323125818435342e+01,
       -5.0106548853576776e+01, -1.4411246449636256e+01,
       -6.6584052181389426e+00, 1.4605283454809815e+01,
       -2.3226200955930722e+01, -7.4155745143113563e+01,
       -4.7274554979440824e+00, 4.2525589704748803e+01,
       1.9716785194827519e+01, 2.9360771000994816e+00,
       -1.6143364333005559e+02, -1.1213659149754230e+01,
       4.1132459756199822e+01, 1.7309109131038426e+01,
       -4.0346966297657634e+00, 1.9864980841080513e+01,
       9.6686787382192378e+01, 1.7474444821082287e+01,
       7.9684820838049106e+01, -3.6335405452895020e+00,
       2.6445587775327088e+01, -3.5240077205493203e+00,
       7.3075492256163500e+01, 9.0924736075324795e+00,
       -3.4928055122431736e+01, -3.4295725036422439e+01,
       -2.7699907711373875e+01, -9.4121443374294511e+00,
       4.1017769197747915e+00, 5.1280644311345860e+01,
       2.0202843136140212e+00, -4.0506697149784316e+01,
       7.6018460775127004e+00, -2.2117549972195892e+01,
       -1.2183374314301408e+02, -2.7659762175690780e+01,
       -5.0994261786383476e+01, 2.1124842986727700e+01,
       8.5682172921069242e+00, -3.6544110186009998e-01,
       -8.3129630054968757e+01, 4.4034245106808903e+01,
       -5.7769946157841616e+01, -5.8419794709920918e+00,
       3.6461061641566744e+01, -2.5824171618279377e+00,
       1.3785328729326176e+02, -6.4797095388830826e+01,
       4.3403235211238645e+01, -3.4291854091710434e+01,
       1.0787313216490409e+01, 5.5887559809862877e+00,
       6.0193697546691325e+01, 3.5390593627467609e+01,
       -1.0187971229635056e+02, 1.9190830122214784e+01,
       -4.7711223788419543e+00, 1.0881146190259891e+01,
       -1.5757690605264307e+02, -7.1632410448505709e+01,
       3.6964210572203037e+01, 5.7013495374668253e+01,
       -1.5442447834663872e+01, 1.5012476760673870e+00,
       -1.8466679761588853e+02, 1.0833959811323751e+02,
       3.8989796257452603e+01, -4.8414892569605072e+01,
       -2.3186686066342439e+01, 1.4317006310837488e+01,
       7.7800527154246026e+01, 4.3493506265301853e+01,
       -2.6742629783134131e+01, -3.4116225616050286e+01,
       -5.4366666421237966e+00, -1.4187424157822587e+01,
       1.2556459944872017e+02, -3.7273054887418589e+01,
       -5.7661514995330052e+01, -2.4089655026514173e+01,
       -4.6318797269072727e+00, 1.3580362159955056e+01,
       3.1381463123204430e+01, 1.4757193045315702e+02,
       -2.9478459120353673e+00, -8.1222979918655241e+01,
       2.0708535119017032e+01, 1.0654453676433926e+01,
       -2.1661124841504474e+02, 9.5991789804933006e+01,
       5.0901246694235731e+01, -4.3137822995835585e+01,
       -1.8053238797449023e+01, 2.7559914477318443e+01,
       3.8133156154255765e+01, -1.0366735748876798e+02,
       8.3336539110607539e+00, 7.0468781586549113e+01,
       -6.4364779839640907e+00, -2.3308895198352331e+00,
       7.8495315156515275e+01, 2.6407894261075050e+01,
       -2.1558812101527472e+01, -1.1692992820042900e+01,
       -6.8957627079241313e+00, 1.8439305054001385e+00,
       1.1903650102970643e+02, 3.1367822676250629e+01,
       -2.8155078028361270e+01, 6.7674651156478774e+01,
       -4.7796838658476037e+00, 1.1322235100148228e+01,
       -1.9669965873692860e+01, -8.5672736127489060e+01,
       2.3144340109108055e+00, -4.4867224983860915e+01,
       3.3495361740134342e+01, 9.1138143225805002e-01,
       -1.7450223387438729e+02, -6.3100546801942208e+01,
       5.1338700136272415e+01, -3.3615485669426896e+01,
       -6.5341409110198176e+00, 6.8673321812167482e-02,
       -1.7221262402891239e+02, 6.3131171039818213e+01,
       5.4745596108138876e+01, 2.3869538901988964e+01,
       -1.0143927756746066e+01, 3.8295573413406153e-01,
       2.1887051599131007e+02, -2.7579572645372874e+01,
       1.9364134499638993e+01, -1.1992929434510767e+01,
       -7.3377560871537977e+00, 1.2894748936959980e+01,
       6.5429744778385157e+01, -7.0195860415538618e+01,
       -2.3856281141725791e+01, 4.2000037864013798e+01,
       -1.0955578132022355e+01, 5.4181437828232735e+00,
       7.9111042885829747e+01, -4.7516840469553699e+01,
       -2.4332280851107484e+01, -6.3605242198254842e+01,
       -2.3580420474410538e+01, -1.7861904914342428e+01,
       -4.1883569131866714e+01, 1.6439936562824295e+02,
       9.3746658448657652e+00, -1.0198711673841730e+02,
       -6.7678975586465464e+00, 3.3506407500692319e+01,
       -3.4113559870155484e+01, -9.1794376938779408e+01,
       -7.2212572415485127e+01, 6.8667507227960400e+01,
       -2.2099200575806703e+00, -1.5416085950232075e+00,
       6.2399963444487005e-01, -5.5431660661269788e+01,
       7.8261741190242304e+01, 5.1993957238317243e+01,
       6.4440657079122019e+00, -6.3958967812253738e+00,
       -1.4701926845292118e+02, -1.1011003812185621e+02,
       2.3339918337054502e+01, 6.8597355671015052e+01,
       -2.1527928678947852e+01, 1.4252332532495571e+00,
       -1.1741440499166626e+02, 1.3877855152826015e+01,
       -1.9405239096636215e+01, -1.0472313936586616e+01,
       2.6696852498720524e+01, -1.2193100987213739e+01,
       8.6581621301105542e+01, 7.7148746407308536e+01,
       -2.2425711502441509e+01, -5.6630676487735370e+00,
       -2.6389929385356591e+01, -2.2577992809235674e+01 ]
