%YAML:1.0
means: !!opencv-matrix
   rows: 25
   cols: 10
   dt: d
   data: [ 1.8874628793400640e+02, 1.3332166593987541e+01,
       -5.0036096605672171e+01, 1.2872594701301088e+01,
       -9.5698329869190566e+00, -6.8025455785278863e+00,
       1.0277987191816722e+00, -5.1028252388881012e-01,
       -9.2333747768508312e-01, -2.3575184151457776e-01,
       8.2479561333151263e+00, 6.0696888575135359e+00,
       -7.1276245687435251e+00, -2.4852772075355110e+00,
       -9.6339982858495841e+00, -9.3697462862212522e+00,
       -6.2965362405859773e-02, -4.9643383883038128e-01,
       -1.2171627306184714e+00, -5.4864028638449053e-02,
       -1.7935512971744510e+02, 1.7944205593072400e+01,
       2.8056219109506767e+01, -3.2838504002327795e+01,
       2.1711957441523442e+00, -1.1621170801877696e+01,
       -7.8109488436045393e-01, -2.9122097055310636e-01,
       3.4346831763059456e+00, 4.3410063558203404e-01,
       3.6687573094264195e+01, 9.2372300147031808e+01,
       -2.2913234719404873e+01, -3.9226069409229574e+01,
       5.6000908596050607e+00, -5.5051073046374759e+00,
       1.0373791753745829e+00, -3.3679395574267290e-01,
       -5.8254860901213090e-01, 2.0973681319929302e-01,
       2.1131558248784472e+00, 7.4466691726161457e+01,
       2.6555386497718981e+01, 3.8237060771464144e+01,
       2.3502917812807919e+01, 4.0692273714989620e+00,
       1.4559169485977304e+00, -4.7720084978569877e-01,
       -1.7248822937011209e-02, -1.2515726904697236e-01,
       -1.4790853650639201e+02, -4.8389036814180621e+01,
       4.2274941646915600e+01, 1.4041450957620198e+01,
       -6.4942436112636033e+00, 9.4761988151042100e+00,
       5.9885407488475106e-01, 1.2784570233013524e+00,
       -6.7923421008925644e-01, -4.1460168707141525e-02,
       -1.7286213456767317e+02, 3.9242198741424083e+01,
       3.7689271520597693e+01, -2.6529486571379131e+01,
       -4.9962771807578710e+00, 2.2737992879950333e-01,
       5.6004746981801867e-01, 1.2814802835332360e+00,
       -9.6156961906086047e-01, -2.0465861268338863e-02,
       -6.6370168181893101e+00, -1.0290938111761562e+02,
       3.0330476120036911e+00, 3.1296700521256998e+01,
       8.1186683917407478e+00, -3.9788222434975573e+00,
       -1.0461008767552638e+00, 2.3090620775588717e+00,
       3.4991702786826950e+00, -3.0622341928609140e+00,
       9.0205297325182954e+01, -6.5933656446862216e+01,
       -1.2231103908544849e+01, 4.7083709794447564e+01,
       -2.2419582015923329e+00, 2.2559310467072329e+01,
       1.9210021238759944e+00, 3.0044908815749011e-01,
       1.5644815033949300e-01, -4.3236105983936443e-02,
       -1.3296783335611366e+02, 1.3134183490961925e+02,
       1.0332215529801600e+01, -5.4138014902333410e+01,
       -2.4979750324811679e+01, -4.0883101945656461e+00,
       -2.5620964006854463e-01, -1.1862772354483706e+00,
       -5.7879318868335261e-01, -4.2568893305312611e-01,
       7.4636341762152810e+01, 2.6367759198320531e+01,
       -1.9475779795647345e+01, -2.0717733067732304e+01,
       -1.7229682947350382e+00, -1.8015076239762884e+01,
       -9.2575919484366835e+00, 3.0434422305632096e+00,
       7.1612598449447997e+00, 2.3023285680648994e-01,
       -1.3787201544544459e+02, -2.8232434813608585e+01,
       3.5870139786316805e+01, -1.0850357800489055e+01,
       -4.3586241631553326e+00, -2.6899566319704281e+01,
       -2.0993068120577254e+00, -2.4777497761525394e-01,
       -2.2072163457465743e+00, 2.6086364086000142e-02,
       4.2062511795844877e+01, -1.6923039836656294e+01,
       -3.0733822734166665e+01, 2.4727169579697375e+01,
       -1.0540911660423470e+01, 1.0368807207348500e+01,
       6.5186990985819770e-01, 7.2503827793955411e-01,
       -8.0065335549804517e-01, -8.8053423302713076e-03,
       -1.3215615940996232e+01, 1.1538435494823393e+02,
       8.7547571242102933e+00, -3.4270670186791847e+01,
       2.0416236691055559e+01, 3.1538829781669597e-01,
       -6.2863719203501747e+00, 1.6735139464865227e+00,
       3.0902679818133745e+00, -2.9887203773288542e-02,
       1.3832325250831852e+02, -8.9567661407928966e+01,
       -2.4026960630610859e+01, 5.1617118422672561e+01,
       -1.7935305113933222e+01, 1.5625284446397909e+00,
       1.5529110383634723e+00, -1.9068626874213661e+00,
       -7.8494341290708891e-01, 9.8518300290963978e-01,
       1.2605359358708397e+02, 1.4309008648584442e+01,
       -2.9336334973183249e+01, 4.2919520007012339e+00,
       -5.3388740886633927e+00, -6.0504460019609052e+00,
       -1.2130626711930292e+00, 7.6437732562236252e-02,
       -5.6210563083059173e-01, 1.2496068214747987e-01,
       8.8852710705063505e+00, -4.9480607314932072e+01,
       1.0752965766896837e+01, 2.0500830267646016e+01,
       3.8071244526385712e+01, -6.3558551385091155e-01,
       5.5389695380421333e-01, -9.8207913415626780e-01,
       -4.9965416040367655e-01, 2.5154075190404246e-01,
       -1.7133421807959812e+02, -1.2434251353033180e+02,
       4.6846591401821819e+01, 4.4777990098720373e+01,
       -3.5495794136334887e+01, -6.2891392586258039e+00,
       -4.7176941594175537e+00, -1.2436562965558215e+00,
       -3.1626075290287581e-01, 1.0074721568937883e-01,
       -7.4633832731231237e+01, 1.0288101979854274e+02,
       3.3281291047535269e+00, -5.4550489724503258e+01,
       2.6035864844319625e+00, 4.8240536298654257e+00,
       1.7874228262067833e+00, -5.2083440642668044e-01,
       -1.5071798919983104e-01, -8.1383881855911208e-02,
       9.8750778539335951e+00, -5.6666599772920073e+01,
       1.7476218893695885e+00, -2.2922123951143746e+01,
       2.2840710769057623e+01, 6.3602337955003074e+00,
       1.6888394130539850e+00, -8.2271747091589054e-01,
       -6.3298736561105795e-02, 1.0320867098954170e-02,
       4.9021572390102186e+00, -2.0730158630737137e+02,
       1.4546721843731916e+01, 7.2038989382172574e+01,
       1.0976107427939811e+01, -2.8198964876118659e+01,
       -1.7258352457455852e+00, -2.8480107815709577e+00,
       -1.1593468293550526e+00, -2.7537926197714563e-01,
       -2.2830436116049871e+01, 2.4581538426297840e+01,
       -1.1855743559681077e+01, -4.1480488690963057e+01,
       -1.9713266640262937e+01, -7.8476356811292440e+00,
       8.9450698068237922e-01, -3.4341283473755562e+00,
       4.0099116886545447e+00, 2.3446648864936424e+00,
       3.8117623849842964e+01, 1.3290270682515526e+02,
       -2.6939565947262171e+01, -5.3757273625097525e+01,
       -9.7465349249048767e+00, 2.7294096578061864e+00,
       2.2685134496530854e+00, 1.9427860756008497e-01,
       -1.3349886524734933e-01, -2.6258791615780319e-01,
       -1.3671844777315596e+02, -5.3939612735883493e+01,
       3.6676866626943124e+01, 8.5212319922019635e+00,
       8.0019144076477513e+00, 6.5282096142442327e+00,
       -3.7866315699431752e+00, -2.2625853090736561e-01,
       5.5421902322241401e+00, 9.6280346687374641e-01,
       1.0018006161732572e+02, -4.5833100136052522e+01,
       -2.1187546381484665e+01, 3.6617913620377323e+01,
       -2.7641724499104065e+01, 2.3323630091207551e+01,
       1.1667288323317468e+00, 1.3158507470061696e+00,
       5.0228966521370921e-01, 4.8027544187914661e-02 ]
