%YAML:1.0
means: !!opencv-matrix
   rows: 21
   cols: 4
   dt: d
   data: [ -1.3716551575567945e+02, -6.7029098481991696e+01,
       8.6503139137880467e+01, 1.2513633436747638e+01,
       7.3196568910027111e+01, -7.5060237848624709e+01,
       -7.5788030343159704e+01, 1.7359856073439293e+01,
       1.6300405271698131e+02, -6.0960130734896179e-01,
       1.8242600093298574e+01, 4.3798764141267853e+01,
       -1.6911104657976873e+02, -1.4148137723851255e+02,
       2.4204518577715469e+01, -4.3793649173424235e+01,
       -2.1199800937220949e+00, 1.4525774475687197e+02,
       -5.2286840064539362e+01, 1.6032685893257256e+01,
       6.2487129656639098e+01, 2.3894513654395581e+01,
       -4.6732832182818044e+01, 8.3972325349934167e+01,
       6.7703103565727204e+01, 4.7716366602221306e+01,
       1.8862287825570430e+00, -7.4130811450513377e+01,
       -1.7721007212475104e+02, 1.3327403144740191e+02,
       2.0001122473260057e+01, 4.6679434187774467e+00,
       -3.9138303555133710e+01, 5.3200858504412153e+01,
       5.0726604655562049e+01, 4.6977497977511376e+01,
       3.7978111013377407e+00, -8.5573552263188390e+01,
       1.4053843953383051e+01, 3.8389212724641709e+01,
       -3.5799329176087731e+01, -5.4628363164937483e+01,
       2.3499413068418988e+01, -1.2681717327182291e+01,
       -1.8531507868986373e+02, 1.8453985080364767e+01,
       -7.1900712908297688e+00, -5.6729081104871824e+01,
       1.6167349791877984e+02, -1.0518377822566188e+02,
       -1.2854634674518863e+01, -2.2604442364989271e+01,
       -3.4819839048599377e+01, 5.2754511542354848e+01,
       -7.1799241912748968e+01, -5.1804714766343935e+01,
       9.2130229324723288e+01, 1.5190921222430785e+02,
       2.1256936407435060e+01, -3.5824702466712246e+00,
       -8.0980073285895529e+01, 7.4697213372451486e+01,
       7.6837706564607160e+01, -4.4536357952472905e+01,
       1.1482826939698318e+01, -1.1089747809849618e+02,
       -8.2930989578157437e+00, -5.1499690953685899e+01,
       -7.9223797171368446e+01, -8.2448098657438138e+01,
       -6.1193346590100845e+01, -1.2717125861860882e+01,
       1.1535753807005452e+02, 1.1978644339220879e+00,
       6.2450048679277906e+01, -1.9670735284063809e+01,
       -2.5566065349046210e+02, -5.3600198313630749e+01,
       5.2061605486212592e+00, 3.8347724176458549e+01,
       -1.0402016997422112e+02, 3.3552938437678478e+01,
       -3.4698045338520046e+01, 5.5210263843805812e+01 ]
covs: !!opencv-matrix
   rows: 84
   cols: 4
   dt: d
   data: [ 2.3030133787808841e+03, -1.5025118701765405e+03,
       8.9321324128578055e+02, 1.2795902835245523e+02,
       -1.5025118701765405e+03, 7.7913754934442923e+03,
       3.1683598090725792e+02, 5.5408030107863817e+02,
       8.9321324128578033e+02, 3.1683598090725803e+02,
       7.9255680481539753e+02, 2.4611324223318735e+02,
       1.2795902835245529e+02, 5.5408030107863817e+02,
       2.4611324223318735e+02, 2.0339676996332289e+03,
       3.1369379850534242e+03, 7.5251151325801527e+02,
       1.0008824049902843e+02, -4.2120038135943179e+02,
       7.5251151325801550e+02, 3.9465990634547607e+03,
       3.3421831026032251e+01, 4.6284789461664337e+02,
       1.0008824049902840e+02, 3.3421831026032251e+01,
       1.1881814258068448e+03, 2.5559200773496093e+02,
       -4.2120038135943179e+02, 4.6284789461664337e+02,
       2.5559200773496084e+02, 8.7362517119887491e+02,
       4.5884665155019102e+03, 1.4976151261681575e+03,
       -2.3665359279598746e+02, -2.7984270845601378e+02,
       1.4976151261681575e+03, 3.5757500035859935e+03,
       1.2720758896328094e+02, 8.0440958921488357e+02,
       -2.3665359279598746e+02, 1.2720758896328095e+02,
       1.1903039105707455e+03, 3.7729041768834423e+02,
       -2.7984270845601378e+02, 8.0440958921488357e+02,
       3.7729041768834423e+02, 9.9584775892358914e+02,
       6.3493017523489743e+03, 7.6081886986389372e+02,
       2.5398437329951275e+03, -8.3358357968851180e+02,
       7.6081886986389372e+02, 4.7502775621052815e+03,
       1.4770501996241100e+02, -1.8764928010223464e+03,
       2.5398437329951275e+03, 1.4770501996241100e+02,
       1.8033059335549040e+03, -4.6948772433810132e+02,
       -8.3358357968851169e+02, -1.8764928010223468e+03,
       -4.6948772433810126e+02, 1.1795878330036148e+03,
       7.3431189785351426e+03, -2.2347060293461873e+03,
       -3.5378895216223208e+02, 1.0299158680237852e+03,
       -2.2347060293461873e+03, 4.6506653784473820e+03,
       1.9681470707566348e+02, -1.8049552521808064e+02,
       -3.5378895216223208e+02, 1.9681470707566345e+02,
       1.1180545856951551e+03, -3.0821700218403754e+02,
       1.0299158680237852e+03, -1.8049552521808076e+02,
       -3.0821700218403754e+02, 9.6281731460363289e+02,
       3.8525848009090760e+03, 1.1422985782872840e+03,
       6.8523374741075301e+01, -3.8075225775153041e+02,
       1.1422985782872840e+03, 2.5623431638558964e+03,
       -3.7280768834754684e+02, 3.2098534976636836e+02,
       6.8523374741075315e+01, -3.7280768834754684e+02,
       1.4999465970880149e+03, 1.8510569668618057e+01,
       -3.8075225775153041e+02, 3.2098534976636836e+02,
       1.8510569668618064e+01, 5.3102431880193410e+02,
       5.8826095752853425e+03, -8.9330920998461158e+02,
       -1.3133692097015643e+02, 3.5766116075081737e+02,
       -8.9330920998461158e+02, 3.2365636055536143e+03,
       1.4973469041765534e+02, 5.0272989260001970e+02,
       -1.3133692097015646e+02, 1.4973469041765537e+02,
       1.1005639149999968e+03, -2.3951338742528264e+02,
       3.5766116075081737e+02, 5.0272989260001964e+02,
       -2.3951338742528264e+02, 1.0724510418387511e+03,
       5.0087537164865726e+03, 2.8943359314758516e+02,
       1.2797676373076872e+03, -6.7186979575025691e+02,
       2.8943359314758527e+02, 4.3384824904217157e+03,
       -7.3459643885914852e+02, 1.2810666103766604e+02,
       1.2797676373076872e+03, -7.3459643885914852e+02,
       1.7372548719234383e+03, 3.6980922701214766e+01,
       -6.7186979575025691e+02, 1.2810666103766604e+02,
       3.6980922701214780e+01, 5.6749837646325886e+02,
       8.2280869046662447e+03, 1.4703933103179133e+03,
       -2.1782827276696324e+02, -8.0664562411913107e+02,
       1.4703933103179133e+03, 2.0482441822046194e+03,
       -4.8880010110311520e+02, -9.5558585211850939e+00,
       -2.1782827276696312e+02, -4.8880010110311520e+02,
       1.9168314826489561e+03, -5.8295491680773345e+01,
       -8.0664562411913084e+02, -9.5558585211850957e+00,
       -5.8295491680773345e+01, 4.7116313739048985e+02,
       4.2422675282202845e+03, -5.6258925371189446e+02,
       2.3155865226469341e+03, -6.3185518751460859e+02,
       -5.6258925371189457e+02, 1.3210250514857984e+04,
       1.1956704222296605e+03, -5.0176509149666902e+02,
       2.3155865226469341e+03, 1.1956704222296605e+03,
       1.9704427837111523e+03, -1.0940594575081636e+02,
       -6.3185518751460882e+02, -5.0176509149666896e+02,
       -1.0940594575081633e+02, 2.0915312177908118e+03,
       6.7669284763132455e+03, 1.3038962295854005e+03,
       -1.1030924520589556e+02, -1.2985400230244070e+03,
       1.3038962295854005e+03, 3.3077855133914181e+03,
       -7.1268161240869267e+02, 6.8474480526451828e+02,
       -1.1030924520589556e+02, -7.1268161240869267e+02,
       1.7813681372322044e+03, -9.4753539820138180e+00,
       -1.2985400230244070e+03, 6.8474480526451828e+02,
       -9.4753539820138215e+00, 9.8577470506691304e+02,
       4.3911852134556812e+03, 4.9851500994689150e+02,
       1.1315629388438288e+03, -6.3696738022489717e+02,
       4.9851500994689138e+02, 3.6872232317808330e+03,
       -6.4989080217913556e+02, 2.3746283478660058e+02,
       1.1315629388438288e+03, -6.4989080217913556e+02,
       1.6603973748591850e+03, 2.8364739417598975e+02,
       -6.3696738022489717e+02, 2.3746283478660061e+02,
       2.8364739417598975e+02, 8.9049747134397103e+02,
       4.6606715999627904e+03, 8.0748153018271319e+02,
       2.1776879156538129e+02, -5.4044724758000837e+02,
       8.0748153018271319e+02, 2.8153772375001490e+03,
