%YAML:1.0
means: !!opencv-matrix
   rows: 9
   cols: 4
   dt: d
   data: [ -2.7996710400830032e+01, 2.8923116583832574e+01,
       6.6067536366033792e+00, 5.7440934905594020e+01,
       1.0083557013262215e+02, 4.7121666486657446e+01,
       6.2284402305798942e+01, -2.4568431210358055e+00,
       -1.9714145044553710e+01, -9.9512084250059502e+01,
       -1.0630661286930650e+01, 7.7558676441598784e-01,
       -2.3551321182360354e+02, -1.2792157182516368e+01,
       -1.6373169932607098e+01, 1.1927623033564354e+01,
       2.3883273036200762e+01, 1.3629497768375073e+01,
       -4.8812459728255448e+01, -5.6202799039844741e+01,
       -1.4349609787978844e+02, -1.6473293296944181e+01,
       5.3082060382870893e+01, -3.3386032993313082e+00,
       3.2894600011344465e+01, 1.4246129555891969e+02,
       -2.7668372810360975e+01, 7.7340556592400276e+00,
       1.0435489593349044e+02, -3.9748135119715812e+01,
       -3.6415524394128219e+01, 3.7464623242791106e+01,
       8.9887563378391221e+01, -8.0818241614553529e+01,
       3.6262659324745847e+01, -6.1595572952129700e+01 ]
covs: !!opencv-matrix
   rows: 36
   cols: 4
   dt: d
   data: [ 4.6098636865927147e+03, -1.0406903801705585e+03,
       2.0753176694513199e+03, -2.5372003812378676e+02,
       -1.0406903801705580e+03, 8.1160357671341726e+03,
       -3.0275055433185190e+02, -1.9836870271274422e+03,
       2.0753176694513199e+03, -3.0275055433185190e+02,
       1.7483747259677007e+03, -8.9449844626417530e+01,
       -2.5372003812378674e+02, -1.9836870271274422e+03,
       -8.9449844626417530e+01, 1.4556660533819254e+03,
       9.9670819934986175e+03, -7.2997113457005401e+02,
       -2.2154108135317833e+03, 7.9587546100502561e+02,
       -7.2997113457005401e+02, 8.5900053282434710e+03,
       -8.1094276061033256e+01, -9.0498361669588803e+02,
       -2.2154108135317833e+03, -8.1094276061033241e+01,
       1.0377377275574772e+03, 3.4284085268951571e+02,
       7.9587546100502561e+02, -9.0498361669588803e+02,
       3.4284085268951571e+02, 2.0388679852911191e+03,
       4.5751966875225462e+03, -1.4849131527454165e+03,
       2.2862376816871815e+03, 4.4175347344970199e+01,
       -1.4849131527454160e+03, 1.0534160767907220e+04,
       -1.1799408573652271e+02, -1.5951225312322279e+03,
       2.2862376816871815e+03, -1.1799408573652292e+02,
       1.8550850531415704e+03, 1.2588735678858481e+02,
       4.4175347344970199e+01, -1.5951225312322279e+03,
       1.2588735678858477e+02, 1.5941052439191333e+03,
       3.5970284675127236e+03, 4.7834333865202547e+02,
       7.2806263406273519e+00, -2.7136930897242127e+02,
       4.7834333865202541e+02, 1.2203388341416850e+04,
       6.7214748878330056e+01, 3.4884371858978858e+02,
       7.2806263406273493e+00, 6.7214748878330056e+01,
       6.3065552319607309e+02, 6.7319098643395739e+02,
       -2.7136930897242121e+02, 3.4884371858978881e+02,
       6.7319098643395739e+02, 2.4680860365449244e+03,
       9.1887156653118273e+03, -1.9554811485219107e+03,
       9.0000774481473604e+02, 9.1556244379842769e+02,
       -1.9554811485219102e+03, 4.7825592416978134e+03,
       5.1617042893994403e+02, -3.9755515085107180e+02,
       9.0000774481473593e+02, 5.1617042893994403e+02,
       2.0756881758956351e+03, -4.0162939944438949e+02,
       9.1556244379842747e+02, -3.9755515085107180e+02,
       -4.0162939944438938e+02, 1.1602707240580039e+03,
       3.9971814226451429e+03, 1.4763844242524678e+02,
       1.2404502575564256e+03, -1.7748681096918651e+02,
       1.4763844242524672e+02, 1.1181345571708847e+04,
       1.7507324521888907e+02, 4.8700744531342923e+02,
       1.2404502575564256e+03, 1.7507324521888904e+02,
       1.5739951612996933e+03, 5.0000293274974086e+02,
       -1.7748681096918656e+02, 4.8700744531342923e+02,
       5.0000293274974086e+02, 2.2007944513476509e+03,
       1.0050974350922121e+04, -1.9720147509286594e+03,
       1.0378736039695900e+03, 1.0790220086556146e+03,
       -1.9720147509286599e+03, 4.5411074059984321e+03,
       4.8431903371254487e+02, -2.8674052128982612e+02,
       1.0378736039695902e+03, 4.8431903371254487e+02,
       2.1681123480149881e+03, -5.9331653493378883e+02,
       1.0790220086556146e+03, -2.8674052128982618e+02,
       -5.9331653493378883e+02, 1.2001997028686260e+03,
       5.5802889787562854e+03, 7.2447665833919166e+02,
       1.7097894742979836e+03, -8.4173152844680067e+02,
       7.2447665833919166e+02, 5.9014673532756824e+03,
       6.3944156947048384e+02, 2.0686100296208992e+03,
       1.7097894742979827e+03, 6.3944156947048384e+02,
       2.2756561614580546e+03, 1.5984343790082298e+02,
       -8.4173152844680044e+02, 2.0686100296208992e+03,
       1.5984343790082298e+02, 1.6795692045989069e+03,
       1.1185407228963926e+04, -3.8911586669125688e+02,
       -2.1321327378527517e+03, 8.3519842521884129e+02,
       -3.8911586669125694e+02, 6.3319128392349076e+03,
       -5.7464230100919281e+02, -2.1503474221394381e+03,
       -2.1321327378527517e+03, -5.7464230100919281e+02,
       1.1047442773091534e+03, 7.8323178784401691e+01,
       8.3519842521884129e+02, -2.1503474221394385e+03,
       7.8323178784401691e+01, 1.3918795838321105e+03 ]
weights: !!opencv-matrix
   rows: 1
   cols: 9
   dt: d
   data: [ 7.9335973819449637e-02, 1.1545785197514907e-01,
       1.1193340659533985e-01, 7.1997922985536783e-02,
       1.2958624663106208e-01, 1.4169777322338942e-01,
       1.1918799572083666e-01, 1.5982426394107935e-01,
       7.0978565108136618e-02 ]
pca_proj: !!opencv-matrix
   rows: 4
   cols: 21
   dt: f
   data: [ 1.02604255e-02, 8.46533298e-01, 5.67100069e-05,
       -5.08859605e-02, 4.68450844e-01, 1.89823491e-04, -5.55210514e-03,
       1.46431834e-01, -1.98076777e-05, -7.31809530e-03, 1.34976640e-01,
       -4.80776835e-05, -6.69380091e-03, 1.46460637e-01, -1.57161594e-05,
       2.11501210e-05, 1.32904761e-05, -3.16381829e-07, -1.62182951e-05,
       4.47223283e-04, 4.04881848e-06, 8.19958210e-01, 1.87153444e-02,
       -7.93817599e-05, 4.28530097e-01, 8.29724409e-03, 8.75842488e-06,
       2.28233948e-01, -2.37727305e-03, -1.84168690e-04, 2.08515689e-01,
       -1.20344283e-02, -2.14158339e-04, 2.18838796e-01, -7.27251405e-04,
       -1.84816250e-04, -3.05604735e-05, -5.04301033e-06,
       -1.27042276e-05, 6.79167337e-04, 1.30049409e-06, -1.63660501e-04,
       -1.48704097e-01, -3.29387456e-01, -1.82470303e-05, 1.08596861e-01,
       1.49965823e-01, -1.77574475e-04, 1.29315495e-01, 5.12750924e-01,
       2.36419466e-04, 1.37444586e-01, 5.11233926e-01, 2.85520800e-04,
       1.36541247e-01, 5.06532609e-01, 2.30281497e-04, -1.19767010e-05,
       -4.37137305e-06, 1.85016711e-06, 4.23374237e-04, 1.63331581e-03,
       1.86568883e-04, -4.72028166e-01, 1.25829116e-01, -3.95576280e-05,
       1.75304204e-01, -4.03850079e-02, -1.91588406e-04, 4.72358793e-01,
       -1.55570537e-01, 3.14154240e-05, 4.64089781e-01, -1.42328069e-01,
       9.23298430e-05, 4.71241623e-01, -1.54795542e-01, 4.75230554e-05,
       -2.49870754e-05, 5.87460408e-06, 1.53038200e-05, 1.49897439e-03,
       -5.03496267e-04, 3.15210091e-05 ]
pca_mean: !!opencv-matrix
   rows: 1
   cols: 21
   dt: f
   data: [ 4.33646118e+02, 2.44701981e+02, 1.49672687e+00,
       4.18191803e+02, 2.60206879e+02, 1.62062907e+00, 3.68545319e+02,
       2.27059875e+02, 1.69770968e+00, 3.19420807e+02, 1.63929108e+02,
       1.75046074e+00, 3.16613464e+02, 2.25532654e+02, 1.70717156e+00,
       1.08872897e-04, -9.74175637e-05, 6.24380555e-05, -2.17504916e-04,
       -2.50119597e-01, 1.75055194e+00 ]
gamma: !!opencv-matrix
   rows: 9
   cols: 1
   dt: d
   data: [ 8.6650524845144927e-01, 8.2458895321102665e-01,
       8.8559233719997410e-01, 8.6424595719973074e-01,
       8.8786952326229351e-01, 9.1567636517408091e-01,
       8.8686728458704411e-01, 9.0726303669550201e-01,
       8.1327319403908882e-01 ]
