%YAML:1.0
means: !!opencv-matrix
   rows: 19
   cols: 4
   dt: d
   data: [ -6.6405447187132069e+01, -8.8663215336844658e+01,
       7.2916025305409136e+01, -5.2905351653052875e+01,
       1.8145283752860800e+02, -8.7607500041898490e+01,
       8.5144962136892666e+00, -1.6526742530779362e+01,
       -8.9187140087307540e+01, 2.6510197319423636e+01,
       1.9810094436361755e+01, 4.3813502584937936e+01,
       2.1267605973258696e+01, -2.4452011077759380e+02,
       5.9707002597450174e+00, 7.5076660700838829e+01,
       8.3142529254011805e+01, 3.2413995845516375e+01,
       5.4545226875765431e+00, -8.0995588111394170e+01,
       -6.6114055936033651e+01, -4.8923432551717617e+01,
       -3.6441103523571897e+01, 2.0710651929050702e+01,
       -2.3720325452991350e+01, 3.5250089161156190e+01,
       -7.2476378450937347e+01, -5.4494336572369626e+01,
       4.2287529654809418e+01, -1.2260339818270241e+02,
       1.8048419217623980e+01, -4.2313139511514677e+01,
       -5.3782637129995706e+01, 4.8281983792387855e+01,
       1.0209668772037028e+02, 4.9496798641080488e+00,
       -2.0258505206269206e+02, -6.4505245608686124e+01,
       4.2119866913732402e+01, 2.6919064037336344e+01,
       -1.6789759649737795e+02, 1.3635697793526248e+02,
       2.1297154425532138e+01, 4.1134488028403338e+00,
       1.2552065087318860e+02, 1.3415653475104307e+02,
       4.0125343014018505e+01, -1.6778998254996910e+01,
       5.8255884039817730e+01, -8.3346652016775241e-02,
       -4.8749990631090682e+01, 7.1272010161935341e+01,
       7.5023936132527979e+01, -9.9545070863370583e+01,
       -7.0924406775516246e+01, 8.3463736235387664e-01,
       5.8415157734988981e+01, -1.6104796424001467e+01,
       5.5153292883085356e+01, 1.6129449037182862e+01,
       -1.7403379678235657e+02, -1.1144283867785592e+02,
       -9.1956476891237653e+00, -1.8501202176681975e+01,
       2.1704551249469112e+01, 1.3805279858182794e+02,
       -3.7520549223612690e+01, 1.1166339436407874e+01,
       1.7213313098297695e+02, 1.8692302392299752e+01,
       2.8236125808497487e+01, 5.4886918476673138e+01,
       -1.7863030323213775e+02, 2.2921280436182450e+01,
       -2.0386570840841553e-01, -5.9385483642224223e+01 ]
covs: !!opencv-matrix
   rows: 76
   cols: 4
   dt: d
   data: [ 3.6149621354629830e+03, 8.7193559057439052e+02,
       8.5254046630016219e+01, -6.3093945580729020e+01,
       8.7193559057439052e+02, 6.3696668779594893e+03,
       -3.8115035119199769e+02, -1.4458061931956811e+03,
       8.5254046630016191e+01, -3.8115035119199757e+02,
       5.5009430551740218e+02, 1.2400368845431709e+02,
       -6.3093945580729070e+01, -1.4458061931956813e+03,
       1.2400368845431714e+02, 1.1904128062092807e+03,
       4.0437452096860666e+03, 5.3724263523538480e+02,
       -3.5417135859406716e+02, -4.8141129126992479e+02,
       5.3724263523538457e+02, 3.4797231644332483e+03,
       -3.0931714259867988e+02, 3.4930935684507538e+01,
       -3.5417135859406710e+02, -3.0931714259867982e+02,
       9.8407800201086116e+02, 1.6080723207495004e+02,
       -4.8141129126992479e+02, 3.4930935684507538e+01,
       1.6080723207495004e+02, 9.0443269513121879e+02,
       9.3929062092724889e+03, 1.3961556738007782e+03,
       7.9031219021041238e+02, -1.2471385016120621e+03,
       1.3961556738007787e+03, 3.2786042142049055e+03,
       -2.9701612950850819e+02, 5.9115639440850998e+02,
       7.9031219021041215e+02, -2.9701612950850824e+02,
       1.7034211336485109e+03, -2.0802808602984990e+02,
       -1.2471385016120621e+03, 5.9115639440850998e+02,
       -2.0802808602984996e+02, 8.6100287018046527e+02,
       5.5296937888356288e+03, -6.1605746432216989e+01,
       3.0225840669880927e+03, -9.2479177562925702e+02,
       -6.1605746432216954e+01, 6.0203122609161064e+03,
       1.1717813812274069e+03, 2.6133432615952333e+03,
       3.0225840669880927e+03, 1.1717813812274067e+03,
       2.3947360001645488e+03, -5.2677492166908607e+01,
       -9.2479177562925690e+02, 2.6133432615952333e+03,
       -5.2677492166908635e+01, 1.7390191711534130e+03,
       6.2329380861030786e+03, -1.0596961593383444e+03,
       -6.1143839395664180e+01, 4.0526598566499763e+02,
       -1.0596961593383444e+03, 3.1788578554825854e+03,
       2.6713133036005348e+02, 1.5458881748632137e+02,
       -6.1143839395664216e+01, 2.6713133036005348e+02,
       1.0507715256527222e+03, -1.8939514138272435e+02,
       4.0526598566499757e+02, 1.5458881748632132e+02,
       -1.8939514138272432e+02, 9.0790443833611573e+02,
       1.7697392807926260e+03, -1.3175995677456189e+02,
       6.0475830699278458e+02, -1.1734469484454723e+02,
       -1.3175995677456186e+02, 7.8423791095738588e+03,
       3.1187837467071608e+02, 3.6678892510158931e+02,
       6.0475830699278458e+02, 3.1187837467071603e+02,
       7.7533350735430292e+02, 5.9300482413842519e+02,
       -1.1734469484454716e+02, 3.6678892510158931e+02,
       5.9300482413842519e+02, 2.3436865036631789e+03,
       5.6589294695442622e+03, -1.3801836020544167e+03,
       -5.7857067087275373e+00, 5.7089303019972647e+02,
       -1.3801836020544172e+03, 4.1981583356552337e+03,
       1.3284542274201132e+02, 2.9589892671695299e+02,
       -5.7857067087275169e+00, 1.3284542274201132e+02,
       1.0380649903487695e+03, -3.3477880662059938e+01,
       5.7089303019972635e+02, 2.9589892671695293e+02,
       -3.3477880662059960e+01, 9.7296096450419464e+02,
       3.3823226768938302e+03, -3.5312782561828027e+02,
       1.3532466268346502e+03, -2.9030895842797150e+02,
       -3.5312782561828027e+02, 4.9716789394095549e+03,
       -4.4440224167335930e+02, -1.6937894524859812e+03,
       1.3532466268346504e+03, -4.4440224167335941e+02,
       1.2821571167292218e+03, -1.8096674400576163e+01,
       -2.9030895842797150e+02, -1.6937894524859812e+03,
       -1.8096674400576163e+01, 1.1665046210828662e+03,
       3.7799531634666801e+03, 4.0971233165507539e+02,
       -3.2511517496828674e+02, -2.1836190175036046e+02,
       4.0971233165507550e+02, 7.0146638743533749e+03,
       -2.5954776724935795e+02, -8.3209010831382784e+02,
       -3.2511517496828668e+02, -2.5954776724935795e+02,
       4.7834621000670660e+02, 4.0031201750482398e+02,
       -2.1836190175036046e+02, -8.3209010831382739e+02,
       4.0031201750482398e+02, 1.5219137914350013e+03,
       4.7851140506940892e+03, -1.6080718198707518e+03,
       2.4899819338951283e+03, -4.8485283227069328e+02,
       -1.6080718198707518e+03, 8.2878799936704072e+03,
       4.0862510076268387e+02, 6.5636993126419361e+02,
       2.4899819338951283e+03, 4.0862510076268404e+02,
       1.8747376792539717e+03, -1.6808624944905270e+02,
       -4.8485283227069317e+02, 6.5636993126419361e+02,
       -1.6808624944905273e+02, 2.0713581219247740e+03,
       6.5784202033719384e+03, 1.3144915848147259e+03,
       1.5487972160115578e+03, -1.0558037607306262e+03,
       1.3144915848147264e+03, 4.4446735609672169e+03,
       -1.9171351533679737e+02, -1.4435405713323110e+01,
       1.5487972160115578e+03, -1.9171351533679737e+02,
       1.6709093735243935e+03, -1.7488508576670790e+02,
       -1.0558037607306264e+03, -1.4435405713323082e+01,
       -1.7488508576670790e+02, 6.5832176200443450e+02,
       7.0836955470129578e+03, -1.8025196334507973e+03,
       -7.8784263469153757e+02, 1.1160283046821498e+03,
       -1.8025196334507968e+03, 5.2965280472010691e+03,
       4.1756586621642924e+02, 9.5704446766818435e+01,
       -7.8784263469153734e+02, 4.1756586621642924e+02,
       6.2967125200826410e+02, -1.4084280849371297e+02,
       1.1160283046821498e+03, 9.5704446766818435e+01,
       -1.4084280849371299e+02, 1.0834554462625204e+03,
       4.0184434481577000e+03, 8.4034905402425250e+02,
       -8.8697472948372365e+01, -5.5308726589989317e+02,
       8.4034905402425250e+02, 3.3887608385604785e+03,
       -4.1462443465655230e+02, 7.5945869182405761e+02,
       -8.8697472948372393e+01, -4.1462443465655230e+02,
       1.5056533281735303e+03, 9.2805578290044480e+01,
