%YAML:1.0
means: !!opencv-matrix
   rows: 9
   cols: 5
   dt: d
   data: [ 1.3707411622087997e+02, 3.5018553109395705e+00,
       -3.9701755417761397e+01, 5.8337234508743165e+00,
       -5.7549041632725624e+00, -1.3388714374685426e+02,
       -7.3607234179740345e+01, 3.0981021698923694e+01,
       4.7021532404224210e+01, -6.2073654269833618e+00,
       -6.2977641461075571e+01, 2.6159733989887929e+01,
       1.9440411862464625e+01, -1.5494556380935830e+01,
       2.3068199411386004e+01, 2.7110340226933999e+01,
       -7.9608520991481896e+01, -2.0371691687607520e+01,
       -3.8563561826448399e+01, 1.3898979816293208e+01,
       8.2236509809941509e+01, 1.5895826825775892e+01,
       -2.3793837736957819e+01, -3.2240028053820950e+01,
       -2.6201046780381180e+01, 5.6581697325548967e+00,
       8.5548640107847618e+01, -2.0407580166350204e+01,
       -1.8953945476762907e+01, 7.4908806582381473e+00,
       -1.9799026320816321e+02, 5.6872966747505679e+01,
       4.0292467159981165e+01, -3.2063813578770976e+01,
       -1.6563014431184978e+01, -2.4033158332450162e+00,
       -4.9370950895423377e+01, -1.6312911545661528e+01,
       5.2340285743574960e+01, 7.8466391564706761e+00,
       1.2147573979104631e+02, -1.6326641483227704e+00,
       5.5142956993251964e+01, 4.9824206799689721e+00,
       1.0125239283973334e+01 ]
covs: !!opencv-matrix
   rows: 45
   cols: 5
   dt: d
   data: [ 5.0555900667340675e+03, 2.3137887251740707e+02,
       2.7969024458725603e+03, -2.8707503400656134e+02,
       -1.5883946649306105e+02, 2.3137887251740702e+02,
       6.7149141077779095e+03, -1.9411912620646007e+02,
       1.5368389501825632e+03, -9.0321616237179512e+01,
       2.7969024458725603e+03, -1.9411912620646007e+02,
       2.4879340188739948e+03, 9.4710113166008455e+01,
       -7.8139421512546519e+01, -2.8707503400656122e+02,
       1.5368389501825632e+03, 9.4710113166008426e+01,
       1.7242322442240909e+03, -1.0231058345874221e+01,
       -1.5883946649306105e+02, -9.0321616237179512e+01,
       -7.8139421512546491e+01, -1.0231058345874219e+01,
       3.4156331435111383e+01, 6.6895675709785182e+03,
       -1.8263428138571965e+02, 2.9316069792617955e+03,
       2.6115593066403358e+02, 2.1032669221128182e+02,
       -1.8263428138571967e+02, 7.3392461499790188e+03,
       1.7806916713598187e+02, 1.6978354027670102e+03,
       7.4737026693914103e+01, 2.9316069792617955e+03,
       1.7806916713598187e+02, 2.5045660615378483e+03,
       -9.7627725500964814e+01, -5.3629230571455160e+01,
       2.6115593066403358e+02, 1.6978354027670102e+03,
       -9.7627725500964843e+01, 1.3928059698196080e+03,
       -1.6037760149738563e+02, 2.1032669221128177e+02,
       7.4737026693914103e+01, -5.3629230571455160e+01,
       -1.6037760149738565e+02, 1.5217212118239198e+02,
       6.3512875653343353e+03, 3.7684142712190686e+02,
       2.1563081702187110e+03, 9.9795417420026737e+00,
       6.6202518497092422e+02, 3.7684142712190703e+02,
       6.4853776651208882e+03, -2.2765415668716963e+02,
       1.8413696916112092e+03, -7.4114541239994182e+01,
       2.1563081702187110e+03, -2.2765415668716966e+02,
       2.5314853491115741e+03, 2.2727597061857854e-01,
       -3.4743283013373463e+02, 9.9795417420026666e+00,
       1.8413696916112092e+03, 2.2727597061858204e-01,
       1.3215111618068056e+03, -8.5717314596620664e+00,
       6.6202518497092410e+02, -7.4114541239994210e+01,
       -3.4743283013373463e+02, -8.5717314596620664e+00,
       3.2376407758421811e+02, 5.3658444302664311e+03,
       5.5801992426615207e+01, 1.6400576573471042e+03,
       -6.2737114333065776e+01, -5.6723081153575731e+02,
       5.5801992426615186e+01, 5.7565569121431945e+03,
       2.4040743640310777e+02, -2.3488109835332039e+03,
       3.3228414745338341e+02, 1.6400576573471042e+03,
       2.4040743640310771e+02, 2.3922414892277125e+03,
       -2.0806767956380475e+02, 1.3358910432499212e+02,
       -6.2737114333065811e+01, -2.3488109835332039e+03,
       -2.0806767956380475e+02, 1.6874161689929037e+03,
       -1.7208114244429112e+02, -5.6723081153575731e+02,
       3.3228414745338341e+02, 1.3358910432499215e+02,
       -1.7208114244429112e+02, 2.8495465381105481e+02,
       4.0629092700214628e+03, 8.8463321237649453e+01,
       3.0615709755029443e+03, 1.4809826619463763e+02,
       -1.0269901229791984e+02, 8.8463321237649396e+01,
       5.6022057556135705e+03, -5.1839533211329154e+01,
       2.4662325847105321e+03, -3.8467252072378180e+01,
       3.0615709755029443e+03, -5.1839533211329183e+01,
       2.5694381063399551e+03, 2.5861826793007438e+01,
       -8.1585706492795097e+01, 1.4809826619463763e+02,
       2.4662325847105321e+03, 2.5861826793007435e+01,
       1.1737200364294790e+03, -6.1515382144173778e+01,
       -1.0269901229791984e+02, -3.8467252072378180e+01,
       -8.1585706492795097e+01, -6.1515382144173778e+01,
       3.6868001790563376e+01, 4.7941847129923362e+03,
       2.8023519432670508e+02, 1.5533652390053476e+03,
       4.4847549523281248e+02, -1.6751287132439413e+02,
       2.8023519432670497e+02, 7.6085938854057122e+03,
       5.2541225320343372e+01, -3.2341432865164018e+02,
       4.6385622023977379e+02, 1.5533652390053476e+03,
       5.2541225320343393e+01, 1.9568739822691139e+03,
       -1.9592693299554449e+02, -6.0242669170287350e+01,
       4.4847549523281248e+02, -3.2341432865164018e+02,
       -1.9592693299554449e+02, 2.2094093021071699e+03,
       6.5341038400554751e+01, -1.6751287132439413e+02,
       4.6385622023977390e+02, -6.0242669170287357e+01,
       6.5341038400554751e+01, 3.8585326476554570e+02,
       5.5712683624550291e+03, 5.2131014171733591e+02,
       3.0776205336216608e+03, -9.8629009569116974e+01,
       -8.7974552704844783e+01, 5.2131014171733591e+02,
       8.0995746582420006e+03, -1.1655388834785970e+02,
       1.2864490880681828e+03, -3.4829631936186041e+02,
       3.0776205336216608e+03, -1.1655388834785975e+02,
       2.4346411456643618e+03, 5.7543584325993642e+01,
       -3.7026063790881480e+01, -9.8629009569116889e+01,
       1.2864490880681831e+03, 5.7543584325993642e+01,
       1.6699828109449254e+03, 1.5580537407450919e+02,
       -8.7974552704844783e+01, -3.4829631936186053e+02,
       -3.7026063790881480e+01, 1.5580537407450916e+02,
       1.1793339205243875e+02, 5.1657329896394258e+03,
       5.0574169943875864e+02, 1.7890663969973396e+03,
       1.4754443923661549e+02, -3.3087167872013623e+02,
       5.0574169943875881e+02, 6.9650665142320076e+03,
       4.4350507802290828e+01, 1.1294164006795081e+03,
       4.0085219476089594e+02, 1.7890663969973396e+03,
       4.4350507802290771e+01, 2.2014303339310595e+03,
       -5.7508381841139432e+01, 7.5416356827561151e+00,
       1.4754443923661552e+02, 1.1294164006795081e+03,
       -5.7508381841139418e+01, 1.3182240525714756e+03,
       -2.1065389042482329e+02, -3.3087167872013617e+02,
       4.0085219476089594e+02, 7.5416356827561186e+00,
       -2.1065389042482329e+02, 2.3597756388871682e+02,
       2.7190672912153764e+03, 3.8211113420436652e+02,
       -5.2145505898932913e+02, -4.6542266064630681e+01,
       -4.5596811509682135e+02, 3.8211113420436669e+02,
       1.0610191358811819e+04, -2.9802678155936672e+01,
       -5.9851695817812254e+02, 4.3265294710935416e+02,
       -5.2145505898932913e+02, -2.9802678155936647e+01,
       5.3538613790353838e+02, -1.9361043781178775e+01,
       2.1011132054986041e+02, -4.6542266064630695e+01,
       -5.9851695817812231e+02, -1.9361043781178772e+01,
       2.5312485820991237e+03, -2.9251717293608260e+02,
       -4.5596811509682135e+02, 4.3265294710935393e+02,
       2.1011132054986035e+02, -2.9251717293608260e+02,
       2.9668192427173466e+02 ]
weights: !!opencv-matrix
   rows: 1
   cols: 9
   dt: d
   data: [ 1.8070248087614535e-01, 1.1355714136930849e-01,
       1.1425244735912596e-01, 7.1710705027910771e-02,
       9.7268763942959094e-02, 1.0026986190721346e-01,
       1.1507076713697004e-01, 1.2322280888624777e-01,
       8.3945023494100407e-02 ]
