%YAML:1.0
means: !!opencv-matrix
   rows: 8
   cols: 13
   dt: d
   data: [ 8.1818358511898424e+01, 1.5252720569699845e+01,
       -2.4117528921670608e+01, -3.2265719088222887e+01,
       -2.6535885672963968e+01, -1.9657237499261299e+01,
       8.6193181804875796e-01, -2.3240614403893032e+00,
       2.0619015144338795e-01, -4.2108434883633715e-02,
       1.0563812919455050e-01, -4.8637625192386605e-03,
       7.0597656404053995e-04, -1.7984253021718476e+02,
       -3.2270170298456563e+01, 3.6894081456710040e+01,
       2.6084508072454533e+01, -1.1639844346409046e+01,
       7.1868592215037426e+00, -6.6238286242932742e-01,
       -8.5396792718799752e-01, 1.4776239039648442e-01,
       -1.8539548644707571e-02, -4.5807958896953507e-02,
       -2.2761490731260544e-02, 2.7165064872344230e-03,
       1.3397505727055278e+02, 6.9411522983162737e+00,
       -3.3991908490261650e+01, -1.3727903947458319e+01,
       -9.5156648373391928e+00, 1.2303658718313232e+01,
       -4.6790989381187984e+00, -4.7934343475563415e+00,
       -3.2751033150636695e+00, 6.4746299796749385e-01,
       -1.8458302800405557e-01, -6.7335413319940196e-02,
       -2.4135236067063116e-02, -6.6205844079779297e+00,
       7.1184518799662797e+01, 1.3107013159282292e+01,
       -3.8056983475418825e+01, 1.8081037948207651e+01,
       2.2192080290667113e+00, -4.5013139023676594e+00,
       -1.5982098140955925e+00, -2.4292410984869299e+00,
       -4.0871098465907824e-01, -7.8246952088437446e-02,
       2.0582911732534973e-02, -2.7810700612955184e-02,
       1.3524480860724520e+02, -1.6581625854690763e+01,
       -3.6395146451437846e+01, 1.3220032618756647e+01,
       -4.4836160403293741e+00, 1.2173127220985327e+01,
       -8.5595783721639485e-01, 1.3188060956561567e+00,
       2.4569983206614243e-01, -3.8029494306566596e-02,
       7.9926743653779983e-02, -1.8991796945108268e-02,
       -3.7433160432871807e-03, 4.0136484580899918e+01,
       -1.2213431782216112e+01, -3.6562903181955306e+00,
       9.3210262533975357e+00, 1.4526785755223969e+01,
       1.6347573832011145e-01, 8.9821270540618892e-01,
       4.3640779798755602e-01, 2.6859879481601012e-01,
       -5.5270051037426167e-02, 2.5089733165355864e-02,
       1.3033835833782178e-02, 8.7977294698700428e-03,
       -4.2277995764817561e+01, -1.2770464781808821e+01,
       8.1877413377217767e+00, 9.1102769919303537e+00,
       3.9806779282555516e+00, -9.1077693450453463e+00,
       2.3503926792256480e+00, 8.1915919661760839e-01,
       4.0311344177726688e-01, 1.3234981140633648e-01,
       -7.6208582600751432e-02, 9.3891401541999903e-03,
       1.1390514678329116e-04, -1.8905602002484235e+02,
       8.1566894656122585e+01, 4.0109306131842814e+01,
       -4.7099116949163800e+01, -2.0747786401554986e+01,
       8.8817716218131739e+00, -2.7566521793653078e+00,
       1.2205655614752529e+00, 3.3633706505673255e-01,
       9.3150722286790555e-02, 3.3759936841032845e-02,
       9.3220900769314524e-03, 6.1012616693777395e-05 ]
covs: !!opencv-matrix
   rows: 104
   cols: 13
   dt: d
   data: [ 4.0831530628632745e+03, 8.5507879112086044e+01,
       3.0778384908096104e+03, 1.4608673103700011e+02,
       -1.0358267600588373e+02, -2.0471575096146264e+01,
       -5.3393269043659117e+01, -5.1802399584395413e+00,
       1.9827760918442486e+01, -7.6911070754749655e-01,
       -2.9698653833653688e-01, -3.6513169840477716e-01,
       1.1667426144157969e-01, 8.5507879112086002e+01,
       5.6140672084913367e+03, -4.9634698073210522e+01,
       2.4760956553960395e+03, -4.2642697365899352e+01,
       -1.3290417185652987e+02, 4.1574647953388009e+01,
       -2.5881570803040660e+01, -1.5826707921814556e+00,
       -8.0716632477419434e+00, 5.2305513347359012e-01,
       7.1256641384104827e-02, 3.1964605974669727e-02,
       3.0778384908096104e+03, -4.9634698073210487e+01,
       2.5814604000218555e+03, 2.8184129726071362e+01,
       -8.2809778824110978e+01, 5.0282540760713786e+01,
       1.6739447655262108e+01, -5.3938171552191241e+00,
       3.8879081108563183e+00, 3.2233167507752669e-01,
       1.0496416410236969e-01, -2.4400368266177466e-01,
       1.1140099793991030e-01, 1.4608673103700008e+02,
       2.4760956553960395e+03, 2.8184129726071372e+01,
       1.1772763118558619e+03, -6.1183200842003323e+01,
       -8.6442748569888266e+01, 4.6062767411405234e+00,
       1.7409798454230259e+01, -4.3375047527392914e+00,
       -2.9003731702316360e+00, 1.6210641334662843e-01,
       8.5506970307029065e-04, -4.4072357642420637e-02,
       -1.0358267600588373e+02, -4.2642697365899345e+01,
       -8.2809778824110978e+01, -6.1183200842003323e+01,
       3.4824403791342121e+01, 8.9985511929382120e+00,
       4.0603089488320050e+00, -1.6082321013169238e+01,
       2.8223253555095931e+00, -7.2880794004282479e-01,
       -2.2774718334815078e-02, 1.6471884972214686e-02,
       2.4036669287626416e-02, -2.0471575096146275e+01,
       -1.3290417185652984e+02, 5.0282540760713800e+01,
       -8.6442748569888280e+01, 8.9985511929382120e+00,
       8.3268472878500077e+01, 2.5957244943406454e+01,
       -7.6991196773709403e+00, -3.4974114000627843e+00,
       1.9382159588368789e-01, 3.6760893514455939e-01,
       3.6762510935127266e-02, 3.2274253291231923e-02,
       -5.3393269043659117e+01, 4.1574647953388009e+01,
       1.6739447655262108e+01, 4.6062767411405234e+00,
       4.0603089488320032e+00, 2.5957244943406451e+01,
       2.0070917181484383e+01, -2.6417601086983895e+00,
       -2.3843863138508614e+00, 1.8987944121003289e-01,
       1.0900792485872488e-01, 2.4568081126256584e-02,
       -3.6643944928864539e-02, -5.1802399584395395e+00,
       -2.5881570803040660e+01, -5.3938171552191267e+00,
       1.7409798454230259e+01, -1.6082321013169238e+01,
       -7.6991196773709385e+00, -2.6417601086983895e+00,
       1.3980547257027697e+01, -2.8325168526303401e+00,
       4.7436617072093806e-01, 3.0870463682367965e-02,
       -4.2270303711274878e-03, -2.0373074056616047e-02,
       1.9827760918442483e+01, -1.5826707921814549e+00,
       3.8879081108563165e+00, -4.3375047527392914e+00,
       2.8223253555095931e+00, -3.4974114000627843e+00,
       -2.3843863138508619e+00, -2.8325168526303401e+00,
       1.5786688723637872e+00, -4.2030858005479940e-02,
       -4.5084192018188009e-02, 8.5310650717970954e-04,
       -1.3698895154158338e-02, -7.6911070754749655e-01,
       -8.0716632477419417e+00, 3.2233167507752625e-01,
       -2.9003731702316351e+00, -7.2880794004282479e-01,
       1.9382159588368797e-01, 1.8987944121003286e-01,
       4.7436617072093806e-01, -4.2030858005479947e-02,
       3.7114386017403878e-01, 1.4488970731949128e-03,
       5.5466275866609101e-03, 9.9384238863158740e-04,
       -2.9698653833653677e-01, 5.2305513347359012e-01,
       1.0496416410236974e-01, 1.6210641334662840e-01,
       -2.2774718334815078e-02, 3.6760893514455933e-01,
       1.0900792485872488e-01, 3.0870463682367972e-02,
       -4.5084192018188009e-02, 1.4488970731949126e-03,
       4.3003964376455706e-03, 7.9822183287743596e-04,
       1.0976635220615481e-03, -3.6513169840477716e-01,
       7.1256641384104827e-02, -2.4400368266177461e-01,
       8.5506970307029401e-04, 1.6471884972214686e-02,
       3.6762510935127266e-02, 2.4568081126256594e-02,
       -4.2270303711274878e-03, 8.5310650717970900e-04,
       5.5466275866609092e-03, 7.9822183287743596e-04,
       1.0182549014706491e-03, -2.2929498956862670e-04,
       1.1667426144157965e-01, 3.1964605974669755e-02,
       1.1140099793991030e-01, -4.4072357642420623e-02,
       2.4036669287626426e-02, 3.2274253291231923e-02,
       -3.6643944928864539e-02, -2.0373074056616047e-02,
       -1.3698895154158335e-02, 9.9384238863158719e-04,
       1.0976635220615485e-03, -2.2929498956862675e-04,
       2.2980457498380604e-03, 6.1742273796963282e+03,
       -9.2787200692161730e+02, 2.8696880353227270e+03,
       8.9591536580298180e+02, -7.4339659078623825e+01,
       -4.7489222610466250e+01, 7.6576989727243486e+01,
