%YAML:1.0
means: !!opencv-matrix
   rows: 9
   cols: 14
   dt: d
   data: [ 3.5189777371933111e+01, -3.5158763554169866e+01,
       -3.6493309705039882e+00, 2.4912320992897172e+01,
       1.4049628281379640e+01, 3.6003984302779974e+00,
       8.9849090859336411e-01, 2.0730688645265327e-01,
       2.4977129538201112e-01, -9.3886059857778967e-02,
       1.6739618218494748e-02, 1.1417016795367795e-02,
       9.1368824540029054e-03, 5.7976883828929834e-03,
       -4.1296843895603701e+01, 2.8061506277954864e+00,
       1.2787974426863439e+01, -2.1660093735858232e-01,
       1.3017773347328779e+01, -8.7678582505469009e+00,
       2.1304693689594694e+00, 8.8335944111055897e-01,
       4.3440905309856348e-01, 1.5550524440790703e-01,
       -3.3274093575547774e-02, 4.8169448899076147e-03,
       9.9589903634807251e-04, -1.5861645303406719e-03,
       1.3642526227735607e+02, -1.6081347684422973e+01,
       -3.7131618663555770e+01, 1.3090113859849591e+01,
       -4.7815334004148893e+00, 1.2103602256149596e+01,
       -9.8987861914623976e-01, 1.3736420422336266e+00,
       2.5407363694641327e-01, -3.2324919080575873e-02,
       8.6304409945537966e-02, -2.0665424093161536e-02,
       -4.2581794734045161e-03, -1.0332813857152314e-02,
       1.3222454238893993e+01, 4.5067632371980437e+01,
       5.1875618629340243e+00, -2.3899380010241398e+01,
       1.1680750399874224e+01, 3.9836520014303440e+00,
       -6.0551903439750889e+00, -2.7667344694168161e+00,
       -3.1316829203246059e+00, 6.4236665050130927e-03,
       -9.0084004745001375e-02, 3.0352412973903672e-02,
       -3.4732603555555477e-02, -1.2377965057794691e-03,
       1.4516041842432179e+02, 2.3156296336548539e+01,
       -4.0364461329301889e+01, -3.5364806338139452e+01,
       -1.1834000007648694e+01, 6.3554736750777163e+00,
       9.6982159836634796e-01, -3.5256640037133429e+00,
       -1.6477277230075571e+00, -6.4774762470737102e-01,
       -1.8205692582851085e-01, -1.6299882845159219e-01,
       2.1039157574432037e-03, -3.3164332794838894e-02,
       -1.9349122760543290e+02, 7.1580099522924797e+01,
       4.0078052570970449e+01, -4.1302549453676257e+01,
       -1.8469803513559746e+01, 7.5253378174585164e+00,
       -2.5530959825289208e+00, 3.9662507226330257e-01,
       1.2234561153125444e-01, 1.7028266804056980e-01,
       1.0489549500323435e-02, -4.2369926661761821e-03,
       9.8647308847582722e-04, 5.7567015641858477e-03,
       -1.6791023349417966e+02, -5.1567657010557802e+01,
       3.5444214144028315e+01, 3.6549871720779926e+01,
       -1.0817650835798942e+01, 6.1358719169470284e+00,
       1.1527719428396614e-02, -2.5995850334228743e-01,
       3.0576372544651292e-01, -9.8635837671123966e-02,
       -4.2942546824081711e-02, -1.6427226537783848e-02,
       2.4945750835549665e-03, -4.8065346184390763e-03,
       9.4583353239480473e+01, 4.2021377762084398e+01,
       -2.4830545020609510e+01, -2.6919941330651405e+01,
       -8.6690624927795152e+00, -9.6185518906321015e+00,
       1.2827694667179375e+00, 1.1050199767082629e+00,
       3.3988887220200203e-01, 1.1425142588578876e-02,
       -5.5219028717929122e-02, 3.4404521171592699e-02,
       5.0028612310951473e-03, 9.9643443929703489e-03,
       8.2386690959297241e+01, 1.5711460020256805e+01,
       -2.4025054598701356e+01, -3.2341771977711069e+01,
       -2.6677605094671435e+01, -1.9381881081042366e+01,
       8.3053920321778141e-01, -2.4116134923919050e+00,
       2.6309458555874926e-01, 1.9410121606382180e-02,
       1.0846796470645430e-01, -3.8754784209278736e-03,
       7.1193438819171174e-04, 3.2958784403137706e-03 ]
covs: !!opencv-matrix
   rows: 126
   cols: 14
   dt: d
   data: [ 6.2795276306105152e+03, 5.5973605376372859e+02,
       2.3838920085750960e+03, 3.0736652991590116e+01,
       -5.0015002818823052e+02, 2.1812049326165638e+02,
       -5.2853241129454467e+01, 3.1350436309129687e+01,
       1.2697278472215094e+01, 2.4510864958156229e+00,
       -2.9388886807357668e+00, 3.7216415317034396e-01,
       4.3088892110095880e-03, 1.2945567381510373e-01,
       5.5973605376372871e+02, 8.5327339116401381e+03,
       -2.0095951511372698e-01, 7.1064374000721364e+02,
       4.2009576704503945e+02, 7.4024622404434490e+00,
       3.8040511464630299e+01, -2.1179042033960007e+00,
       1.7293008836430812e+00, -4.8519934162776801e+00,
       1.6227473988629217e+00, 1.1834817498954580e+00,
       2.8254659296419304e-01, 3.7435153683721495e-01,
       2.3838920085750960e+03, -2.0095951511372825e-01,
       2.6686010037880837e+03, -7.5149141067979215e+01,
       5.8891967628015031e+01, -4.9676649956391415e+01,
       2.3660131386880860e+01, 2.2165649602093436e+00,
       2.2994710873175452e+00, 5.3790621839966271e+00,
       3.8286455089865501e-01, -3.3655968285911175e-01,
       -2.8520546981238785e-02, 7.9138747916241616e-03,
       3.0736652991590123e+01, 7.1064374000721364e+02,
       -7.5149141067979187e+01, 1.9738284697197421e+03,
       -3.5770084412533367e+02, -1.4054222481573251e+02,
       -1.1791709760326619e+01, 2.3925258040510522e-01,
       9.9255868616870424e-01, -2.2454603180464630e+00,
       -1.8531034179950792e-01, -4.6258745199145768e-01,
       -1.4745335281480726e-01, -2.7713372689864263e-01,
       -5.0015002818823064e+02, 4.2009576704503945e+02,
       5.8891967628015017e+01, -3.5770084412533367e+02,
       3.0355514755423599e+02, -7.0625781618577621e-01,
       -1.5664580781155278e+01, -2.1166797378199435e-02,
       5.4259450900833599e+00, -2.0766681533386303e-01,
       7.9770463888338006e-01, -9.9439437532651914e-02,
       2.1649712026130426e-03, 3.8649591500810404e-02,
       2.1812049326165638e+02, 7.4024622404434437e+00,
       -4.9676649956391415e+01, -1.4054222481573251e+02,
       -7.0625781618577654e-01, 1.0194783785899735e+02,
       9.4848373492090587e+00, -5.3060367796908157e+00,
       -2.6302535681643036e-01, -1.0723842915075830e-01,
       2.2478905609255118e-01, 8.3310083612366512e-02,
       -8.3152914090672842e-03, 3.5915824667792209e-02,
       -5.2853241129454481e+01, 3.8040511464630299e+01,
       2.3660131386880860e+01, -1.1791709760326627e+01,
       -1.5664580781155284e+01, 9.4848373492090587e+00,
       2.2493538370358973e+01, -2.9024930878268891e+00,
       -3.0723652908423493e+00, 2.4692180415412709e-01,
       6.4720509847658023e-02, 5.0072312489665462e-02,
       -3.3446521893366388e-02, 5.2954689896217199e-03,
       3.1350436309129687e+01, -2.1179042033960020e+00,
       2.2165649602093453e+00, 2.3925258040510475e-01,
       -2.1166797378199098e-02, -5.3060367796908157e+00,
       -2.9024930878268891e+00, 1.3418870324102185e+01,
       -2.0578207481805619e+00, 4.5547414232485672e-01,
       -1.2528105898967682e-03, -2.0792643368895761e-02,
       -9.2123862315167705e-03, 2.3693071502389152e-03,
       1.2697278472215094e+01, 1.7293008836430812e+00,
       2.2994710873175439e+00, 9.9255868616870524e-01,
       5.4259450900833581e+00, -2.6302535681643036e-01,
       -3.0723652908423493e+00, -2.0578207481805619e+00,
       1.4631956591533279e+00, -1.0652922589469470e-01,
       -2.3491602581538106e-02, 2.5023743538201098e-04,
       -1.7340080987147583e-02, -5.0406164569512715e-03,
       2.4510864958156229e+00, -4.8519934162776801e+00,
       5.3790621839966253e+00, -2.2454603180464630e+00,
       -2.0766681533386294e-01, -1.0723842915075837e-01,
       2.4692180415412718e-01, 4.5547414232485689e-01,
       -1.0652922589469474e-01, 2.8322304983357566e-01,
       1.0960595555076879e-02, 3.7596427444270895e-03,
       3.6289320633580663e-03, -1.1105656318323449e-02,
       -2.9388886807357659e+00, 1.6227473988629217e+00,
       3.8286455089865490e-01, -1.8531034179950795e-01,
       7.9770463888338006e-01, 2.2478905609255118e-01,
       6.4720509847658036e-02, -1.2528105898967673e-03,
       -2.3491602581538110e-02, 1.0960595555076875e-02,
       1.6433703598334650e-02, -1.9451328629609987e-03,
       3.8055538180613015e-04, 9.7892215496069005e-05,
