%YAML:1.0
means: !!opencv-matrix
   rows: 21
   cols: 11
   dt: d
   data: [ 5.7138617770811258e+01, -8.2670096847277421e+01,
       -1.8487074229728027e+01, 5.7806061597754308e+01,
       -3.1999636811201948e+00, 3.7101394009641928e+00,
       1.3227862977547598e+00, 6.4472322093515599e-01,
       -1.1867679770168678e-01, 1.3104909284441990e-03,
       4.5081410531277781e-02, 1.6491711551326239e+02,
       2.0116405513738325e+01, -4.3172821289341492e+01,
       -2.0936300258966590e+01, -1.4936160584803977e+01,
       3.2180309044794480e+00, 2.9751346113357791e+00,
       -1.6933161815995572e+00, 7.9002292878962910e-01,
       1.6227580081965305e+00, -3.5047164026361866e-01,
       4.4077338892584322e-01, 1.6978369377218591e+01,
       1.3773816511250239e+01, -7.6451439068694196e+00,
       1.4134249919779419e+01, -8.0667215023078533e+00,
       -6.0024863309567094e+00, -3.5057736659011844e+00,
       -4.9757344788537061e+00, -8.4366749748476855e-01,
       -1.1405501601803587e-01, 1.0872440225649753e+02,
       -7.0425177718955307e+00, -1.6758136395058106e+01,
       1.1186159321190447e+01, 1.9117063133801708e+00,
       2.1989651361357659e+01, -1.3907360923182836e+01,
       -7.4552101871820584e+00, -6.4961984181998718e+00,
       2.4367378625586333e+00, 1.8495801578541124e-02,
       -1.0935945811742327e+01, -1.9332895131904358e+01,
       1.0742953170243984e+01, 1.4635280898029038e+01,
       2.7381245909016332e+01, -2.3486021984448500e+00,
       1.0706087281680421e+00, 1.0549290608826766e-02,
       4.6521490052063857e-01, 6.8414529251436340e-03,
       7.2032142003844099e-02, 2.8596859305005992e+01,
       -5.0217947882604697e+01, -8.8739808291516891e+00,
       3.3923806569145640e+01, -9.8253075207040546e+00,
       7.7947678303336474e+00, 1.5256717495519339e+00,
       1.7765751286967628e+00, 3.5895668449635643e-01,
       -1.6857332859412891e-01, -2.8117269413349799e-01,
       -3.5063105510387537e+01, -4.6404602440341796e+00,
       3.9675340798109842e+00, 3.7366065845579306e+00,
       -6.2460567047437965e-01, 3.6118652468902877e+00,
       -3.7070037864008148e-01, -6.9250064981959281e-01,
       4.6854259734033377e-01, 3.8814731457454382e-01,
       -2.9973909608330479e-01, 2.4793318094327883e+01,
       1.5578589225440183e+02, -8.7524700338795858e-01,
       -8.4946124998790054e+01, 1.7755943785813955e+01,
       1.4963064042990686e+01, -4.8645047915404194e-02,
       2.6003568023013375e+00, 1.9460321763265542e+00,
       5.3160028128991077e-01, -4.6540450317766463e-02,
       -1.3989369935706981e+02, -1.6636214823671551e+01,
       3.5454840918816672e+01, 1.8705312585035777e+01,
       -3.5038877229016139e+00, 1.5343922580760639e+01,
       9.7678264433378648e-01, 2.4222456556675316e+00,
       7.3834018624262865e-01, -3.3076061480367264e-01,
       -2.8667509929349688e-01, -1.8877982414519366e+02,
       4.0946014131135833e+01, 3.5834880993202688e+01,
       -2.6859024269551384e+01, -5.0041514662701205e+00,
       -1.7855547120360256e+00, -3.8578820584310183e+00,
       -6.9693492118987859e+00, -2.8733675226708941e+00,
       1.1167746492659847e+00, -1.2797499453226949e-01,
       8.3084449931592331e+01, 5.8925813957283451e+00,
       -2.7371701447123336e+01, -3.2284030714740737e+01,
       -2.7376498828865980e+01, -1.7551815938791805e+01,
       3.2235287914060923e-01, -1.3868982210402885e+00,
       -5.8851418831038053e-02, -2.8512986269804291e-01,
       1.0322369990412364e-01, 8.3035766570006345e+01,
       2.1489818184026767e+01, -2.2428302325799987e+01,
       -3.1104143977889514e+01, -2.5475989575897731e+01,
       -2.0063830374872506e+01, 1.1911760243361391e+00,
       -2.9501534669098288e+00, 4.1432828290934587e-01,
       1.0969813615507841e-01, 1.0457498930721176e-01,
       -1.9892179886659977e+02, 9.5409174589043985e+01,
       4.3130389651847842e+01, -5.1630617989939338e+01,
       -2.4362399391471310e+01, 1.7517159906567432e+01,
       -4.1936840372537239e+00, 1.6179766596586531e+00,
       8.1601306383004812e-01, -4.7123563747647292e-02,
       7.6393280001275848e-02, -1.4637331265021155e+02,
       3.6654725831640306e+01, 3.5097273911353483e+01,
       -2.8521351071899169e+01, -5.7693772362683875e+00,
       -1.2611140480051146e+01, 2.3507122423821638e+00,
       1.2821556918678529e+00, 2.3638138109914042e-01,
       1.9710750002669673e-02, -1.0271703983986781e-02,
       9.0533136024314302e+01, 8.2382923448233001e+00,
       -2.2285607679020636e+01, 4.9695695385322375e-01,
       7.1885773114498290e+00, 7.1584279460775848e+00,
       -2.3884481048324691e-01, 1.4715118687009099e+00,
       3.1507892774022139e-01, -7.0844821822079851e-02,
       -2.7142337756266399e-02, -1.3342235199903925e+02,
       -1.0463560171366751e+02, 2.4510695246522598e+01,
       6.6393444021612538e+01, -1.6668115262965589e+01,
       -1.1526461962027954e+00, 2.0638544290051006e-01,
       -1.3188383752828674e+00, 7.7214574846585415e-01,
       -3.3266272440384892e-01, 6.8931322345973406e-02,
       -2.1044860985355248e+02, -1.3891823252673587e+01,
       4.4731343370629062e+01, 1.4444357371358169e+01,
       -1.2071943744324980e+01, 9.5695843617226544e+00,
       -1.0284731975322752e+00, -1.2008716951305197e-02,
       1.5508967371763810e-01, -5.7363550529854972e-02,
       1.5740172780232421e-02, 1.4520178651463405e+01,
       5.0135024910805122e+01, 1.3970220686476376e+00,
       -3.9496772248524557e+01, 1.2557080729512410e+01,
       -1.8909255820053520e+01, 2.7393360501524655e+00,
       1.1053762521998520e+00, 1.7142020747726042e-01,
       1.5323416987309055e-01, -6.5899432789871763e-03,
       1.3909270204999285e+02, -5.5946613621273720e+00,
       -3.5054887700072655e+01, 1.0442732850038809e+01,
       -6.1489059176047762e+00, 1.0811378862788867e+01,
       -1.1364747443563383e+00, 1.1271544842573407e+00,
       4.1434067870930114e-01, 4.0912760356422564e-02,
       1.4728688543098514e-01, -1.0676144949108395e+02,
       -4.6492215921589072e+01, 3.0253650355058085e+01,
       2.8273461953578526e+01, 8.5140979987372738e+00,
       -9.6091773832228657e+00, 2.4376639108614433e+00,
       -4.9922343454838106e-02, 1.1396020452772153e-01,
       4.2015142453301894e-02, 2.9807581516881330e-03,
       1.6434103143897886e+02, 1.4541612080385764e+01,
       -4.7122441654175944e+01, -1.6789830815079391e+01,
       -7.2946054183198239e+00, 1.3489782554431478e+01,
       -5.2329650360106217e-01, -7.0099870943773968e-01,
       -5.6631714356318108e-01, -8.0516595604933205e-01,
       -2.1490661513137790e-02 ]
