%YAML:1.0
means: !!opencv-matrix
   rows: 2
   cols: 8
   dt: d
   data: [ -1.4248772361804390e+02, 5.1842645915478913e+00,
       3.2316746742605012e+01, 8.7934696181104333e-01,
       -6.0407677970640821e+00, 2.4204115111249092e+00,
       -6.1504073159333628e-01, -1.5162831461556506e-01,
       6.4162207613439776e+01, -2.3315443894152206e+00,
       -1.4554189240303327e+01, -3.9628239377510011e-01,
       2.7216338830232369e+00, -1.0919107016659448e+00,
       2.7751957097955959e-01, 6.6332634906844101e-02 ]
covs: !!opencv-matrix
   rows: 16
   cols: 8
   dt: d
   data: [ 8.5897481291952572e+03, -1.5046208719652768e+02,
       2.4974735752029164e+03, 4.9851875781419113e+02,
       5.9903548619333037e+02, -2.4991221932586538e+02,
       7.8254479140578653e+01, -4.6199892370356750e+01,
       -1.5046208719652776e+02, 1.1973668772718671e+04,
       -5.2781360254706957e+00, -1.1315589816349570e+03,
       -1.5326814588908235e+02, 5.2275021933148264e+02,
       -8.1259608551575440e+01, 3.8644393378961240e+01,
       2.4974735752029164e+03, -5.2781360254706602e+00,
       2.5701934682237934e+03, -6.6882429024955329e+01,
       -1.2883962565110647e+02, 3.3090970820194030e+01,
       -2.5673898042131590e+01, 8.9758901602714563e+00,
       4.9851875781419113e+02, -1.1315589816349573e+03,
       -6.6882429024955329e+01, 3.1353377257765687e+03,
       5.8637369074823482e+01, -2.7556276882342411e+02,
       3.6890873690752358e+01, -3.4581769284857664e+01,
       5.9903548619333037e+02, -1.5326814588908229e+02,
       -1.2883962565110645e+02, 5.8637369074823482e+01,
       2.4980781232356395e+02, -8.7711429589217332e+01,
       9.9431471011408536e+00, -1.5684558713346307e+01,
       -2.4991221932586527e+02, 5.2275021933148264e+02,
       3.3090970820194030e+01, -2.7556276882342411e+02,
       -8.7711429589217303e+01, 2.8186149278322063e+02,
       -4.9684818362083707e+00, 9.1569468421105160e+00,
       7.8254479140578653e+01, -8.1259608551575440e+01,
       -2.5673898042131587e+01, 3.6890873690752372e+01,
       9.9431471011408554e+00, -4.9684818362083689e+00,
       3.3685072439425241e+01, 1.9239897585868551e-01,
       -4.6199892370356750e+01, 3.8644393378961240e+01,
       8.9758901602714545e+00, -3.4581769284857664e+01,
       -1.5684558713346307e+01, 9.1569468421105160e+00,
       1.9239897585868540e-01, 2.0330240230241138e+01,
       8.2725141332493513e+03, 5.4999128858281040e+02,
       1.8827501764766712e+03, -1.4263927558127673e+02,
       -8.3197449042315452e+02, 3.3789920188317052e+02,
       -9.2507972354774012e+01, 6.8195029054942449e+00,
       5.4999128858281040e+02, 8.7611472379702227e+03,
       -1.0700100098715617e+02, 5.0657129588994866e+02,
       8.9465264604614518e+01, -2.4359422058071095e+02,
       3.8675050443114898e+01, -1.6892954345185004e+01,
       1.8827501764766707e+03, -1.0700100098715615e+02,
       2.9113173454277444e+03, 1.1553452672323187e+01,
       1.8553705916232468e+02, -6.6016084663205589e+01,
       2.4550534331366460e+01, -8.6966544273101021e-01,
       -1.4263927558127673e+02, 5.0657129588994866e+02,
       1.1553452672323168e+01, 2.4032447202763274e+03,
       -2.2934549066811531e+01, 1.2269712671256693e+02,
       -1.6258551507227384e+01, 1.5658861860531118e+01,
       -8.3197449042315452e+02, 8.9465264604614518e+01,
       1.8553705916232471e+02, -2.2934549066811545e+01,
       4.3781813128025129e+02, 4.9053017398551439e+01,
       -6.9059422292817594e+00, 6.4698934665286698e+00,
       3.3789920188317052e+02, -2.4359422058071095e+02,
       -6.6016084663205561e+01, 1.2269712671256693e+02,
       4.9053017398551432e+01, 2.2944662588918897e+02,
       3.2106565843856227e+00, -3.8856904505662619e+00,
       -9.2507972354774012e+01, 3.8675050443114884e+01,
       2.4550534331366464e+01, -1.6258551507227384e+01,
       -6.9059422292817603e+00, 3.2106565843856210e+00,
       2.8302577264192710e+01, -1.4695105504756772e-01,
       6.8195029054942449e+00, -1.6892954345185011e+01,
       -8.6966544273101165e-01, 1.5658861860531118e+01,
       6.4698934665286716e+00, -3.8856904505662611e+00,
       -1.4695105504756772e-01, 1.7650479931718316e+01 ]
weights: !!opencv-matrix
   rows: 1
   cols: 2
   dt: d
   data: [ 3.1049140516352036e-01, 6.8950859483648974e-01 ]
pca_proj: !!opencv-matrix
   rows: 8
   cols: 21
   dt: f
   data: [ 4.36961316e-02, 8.50134730e-01, 1.73015636e-04,
       6.54514134e-02, 4.60692108e-01, 2.29939164e-04, 7.67599978e-03,
       1.46649793e-01, -1.37564148e-05, 1.21663406e-03, 1.30500361e-01,
       -5.45994153e-05, 8.06188770e-03, 1.42052382e-01, -2.12945142e-05,
       -2.45414903e-05, 9.56867734e-06, -1.94090262e-06, 3.13729906e-05,
       4.34020360e-04, 2.32224409e-07, 7.68702388e-01, -5.10314330e-02,
       1.14127281e-04, 4.21110362e-01, -3.83849256e-02, 4.02935693e-05,
       2.81941950e-01, -1.35209868e-02, 1.95932400e-04, 2.66951323e-01,
       -4.70317341e-03, 2.29704310e-04, 2.76557714e-01, -1.55316098e-02,
       2.11025646e-04, -3.74769334e-05, 5.54774260e-06, -7.89335627e-06,
       8.86836962e-04, -5.85095040e-05, 1.91629806e-04, 1.28585771e-02,
       -3.46314937e-01, -1.22481215e-04, -4.01510373e-02, 1.58088982e-01,
       -1.45607672e-04, 1.89476740e-02, 5.27356327e-01, 2.33430081e-04,
       1.79703757e-02, 5.36674440e-01, 2.90960423e-04, 1.17339585e-02,
       5.35117626e-01, 2.47836346e-04, -7.02231409e-06, -3.17391914e-06,
       2.59759432e-08, 1.54912759e-05, 1.72088097e-03, 2.08691781e-04,
       -5.93480825e-01, -8.48098937e-03, -8.88030772e-05, 2.05370650e-01,
       3.40346433e-02, 1.63823628e-04, 4.45453286e-01, -5.44621795e-03,
       -1.30590008e-04, 4.45820451e-01, -1.72652975e-02, -2.10900864e-04,
       4.54801619e-01, -3.90723068e-03, -1.75610170e-04, -1.74471352e-05,
       -6.38676829e-06, 1.65030560e-05, 1.38473080e-03, -5.51051289e-06,
       -1.34489819e-04, -4.15651649e-02, -3.88010889e-01,
       -1.59748225e-03, 2.57949054e-01, 8.27547431e-01, -5.50693134e-04,
       -8.53880048e-02, -1.33590102e-01, -3.55328375e-04,
       -8.88043940e-02, -1.88108414e-01, -3.67236295e-04,
       -7.92043582e-02, -1.47186622e-01, -3.09964700e-04,
       -2.68626522e-04, -4.51062988e-05, -9.29085581e-06,
       -3.75579461e-04, -5.09061909e-04, -3.50576767e-04,
       -2.29677543e-01, 6.27092123e-02, 2.84698303e-03, 8.33015800e-01,
       -2.64675170e-01, 3.15759354e-03, -1.39708534e-01, 2.80198567e-02,
       3.38124041e-03, -2.62821585e-01, 1.58270776e-01, 3.37547949e-03,
       -2.53903240e-01, 1.97897218e-02, 3.25371907e-03, -1.88428123e-04,
       9.26321736e-05, 1.05069688e-04, -8.69478390e-04, 5.32297554e-06,
       3.23282625e-03, 1.65469572e-02, -1.22944964e-02, 1.79094095e-02,
       -1.09140642e-01, 7.21300468e-02, 1.91718508e-02, 3.82933050e-01,
       -4.23867494e-01, 2.11461242e-02, -7.92417750e-02, 7.01953173e-01,
       2.17523333e-02, -2.13373944e-01, -3.30373585e-01, 2.08413042e-02,
       1.44753244e-03, -7.25856051e-04, -2.26010093e-06, -4.08638298e-04,
       -1.03708194e-03, 2.05057804e-02, -6.12482149e-03, 4.53187432e-03,
       -1.47227561e-02, 4.62815911e-02, 4.60040104e-03, -1.30038531e-02,
       -5.40814281e-01, -3.94846082e-01, -9.67654400e-03, 6.69368744e-01,
       1.90595120e-01, -8.65626615e-03, -1.51365533e-01, 2.03159422e-01,
       -1.02407113e-02, 8.06973968e-03, -6.19888189e-04, 5.93176403e-04,
       9.08632996e-04, 1.30988006e-03, -1.01137022e-02 ]
pca_mean: !!opencv-matrix
   rows: 1
   cols: 21
   dt: f
   data: [ 2.07625534e+02, 2.55653595e+02, 1.54502928e+00,
       2.18915131e+02, 2.60592743e+02, 1.67241716e+00, 2.65274475e+02,
       2.24016678e+02, 1.71669352e+00, 3.19420807e+02, 1.63929108e+02,
       1.75046074e+00, 3.16613464e+02, 2.25532654e+02, 1.70717156e+00,
       1.08872897e-04, -9.74175637e-05, 6.24380555e-05, -2.17504916e-04,
       -2.50119597e-01, 1.75055194e+00 ]
gamma: !!opencv-matrix
   rows: 2
   cols: 1
   dt: d
   data: [ 8.7323371736238653e-01, 8.4859809837011424e-01 ]
