%YAML:1.0
means: !!opencv-matrix
   rows: 11
   cols: 15
   dt: d
   data: [ 3.1512657559111059e+01, 1.1727648344617977e+02,
       -2.4680429104261905e+00, -6.9802610641514931e+01,
       1.1364525730402780e+01, -2.0939579726174040e+00,
       1.8374705917391221e+00, 1.8063910109521513e+00,
       1.3338249592306732e+00, 5.3349746016674138e-01,
       -4.2956085787370320e-02, -2.7957083212346880e-02,
       5.5475456604867014e-04, -6.3127382722823989e-03,
       -6.6941457930527345e-02, -1.3330130007393424e+02,
       1.1303531240528777e+01, 2.9871583736053161e+01,
       -9.1064618700949644e+00, 9.0277715200888782e+00,
       -5.3951126535413891e+00, -9.5529894657402648e-01,
       -3.6274965027148243e+00, -1.1941644226653432e+00,
       5.8774006032714665e-01, 3.0688355067117416e-02,
       -7.5989233719561705e-02, -6.4308271518103985e-03,
       -7.4525685867430583e-03, -5.7933334953747702e-03,
       2.1320542956887898e+01, 7.5460080232624254e+00,
       4.5397649203201711e+00, -1.7029794638715152e+00,
       1.1372484038512409e+01, -1.2402805076089995e+00,
       -6.8388917302054759e+00, -3.8400115977855216e+00,
       -4.7585234122023232e+00, -6.1335796984971602e-02,
       -1.0069951687196424e-01, 4.6195164375250446e-02,
       -4.3549404393269139e-02, 2.0866957927703524e-03,
       -1.3825495881279177e-02, 1.5004134016054039e+02,
       2.8847833960372178e+01, -4.1793599910033038e+01,
       -2.6825746082841690e+01, -6.3409911683801559e+00,
       1.5811810681734368e+01, -1.5725853677912747e+00,
       -1.4272370123279334e+00, -6.0645702625626607e-01,
       -2.4131629027632447e-02, 1.5487693784627193e-02,
       -1.2073664083400582e-01, -7.1791097790851223e-03,
       -2.8624673917576244e-02, -1.3959886944349152e-02,
       -4.8170469078742137e+01, 2.5372266881159153e+01,
       9.4016274036825500e+00, -6.2267163587082495e+00,
       -7.5555149862158082e+00, 1.3970199219177623e+01,
       -1.7191481624633337e-01, 2.3025230863188986e+00,
       8.1562443274602636e-01, -1.1881214821913352e-01,
       -2.6901810649204200e-01, 5.4727963225649205e-02,
       6.2782721436710036e-03, 9.9262452352544186e-03,
       -2.5326224638330751e-02, -1.5582447517286141e+02,
       -6.4752779625952584e+01, 3.4626304270162528e+01,
       4.2194500013790929e+01, -1.0082968126350062e+01,
       -1.0961263773855017e+00, 6.3658148917940238e-01,
       -1.1645392233957563e-01, 4.9277626777339589e-01,
       -2.0394386086377819e-01, 4.2050123934126792e-02,
       -6.3586131409687661e-03, -2.1165536235383104e-04,
       -7.7444391775365346e-03, -1.1002649903814951e-02,
       5.3950376278708871e+00, 2.0069564201119039e+01,
       7.5489540347393573e+00, -8.3729403873619273e+00,
       2.5270999954560413e+01, -5.4285980095413171e+00,
       1.5011474301722745e+00, 7.7033725973938560e-01,
       3.0127472364828262e-01, 3.7507538450781232e-02,
       1.2225406857605514e-02, 1.7762956232639199e-02,
       7.5016347768680934e-03, 7.3962403099918214e-03,
       2.3243468830174932e-02, 8.1656629271062158e+01,
       1.5393918508705504e+01, -2.4099471696603221e+01,
       -3.2275699265834888e+01, -2.6563110203429332e+01,
       -1.9704827023989001e+01, 8.7844257482690480e-01,
       -2.3352489011581912e+00, 2.0579378981324822e-01,
       -4.1208649948834136e-02, 1.0578700069520076e-01,
       -5.1025722266916660e-03, 5.8913732745827588e-04,
       2.7887018638846971e-03, 1.4871294859977773e-02,
       1.2222708815448520e+02, -7.0645331811224841e+00,
       -3.3153801246200992e+01, 5.9039362263365378e+00,
       -3.4890566175793261e+00, 7.8391045582442782e+00,
       -5.4227927162645639e-01, 1.2769039409158798e+00,
       2.5162925323121565e-01, -8.3773789943041493e-02,
       2.3429138359563173e-02, 9.4888559240372972e-03,
       2.2962363545158174e-03, 1.9055896818047867e-03,
       7.2841684619174051e-03, 2.3997585085571295e+01,
       -8.4514177877722219e+01, -7.1509603522407259e+00,
       5.5614390168574559e+01, 2.1039732582627031e+00,
       1.0506784187577762e+00, 1.6428478486914466e+00,
       -1.3963294643369742e-01, 2.4442591560310548e-01,
       -3.3630424251581956e-02, -1.6232230599146209e-02,
       -3.0671163471685087e-03, 3.0245158548870958e-03,
       -3.5109599004066270e-03, -9.7624450192563238e-03,
       -1.8564397486549561e+02, 6.2731416649387853e+01,
       4.1407442860631669e+01, -3.7221326929085627e+01,
       -1.6940310632086671e+01, 4.7932512638839269e+00,
       -9.3500203021770600e-01, 1.5972229082539224e+00,
       6.9137958348806205e-01, -2.5847166899046776e-02,
       2.1047175487828543e-02, 2.6147828623506084e-03,
       5.4452049287102913e-03, 2.5167831454519555e-03,
       8.8277126936098706e-03 ]
