%YAML:1.0
means: !!opencv-matrix
   rows: 7
   cols: 6
   dt: d
   data: [ 1.4748722349203587e+02, 2.0973694914928447e+00,
       -3.9880923153246997e+01, 1.9920210152505784e+00,
       -6.1470304193466445e+00, 1.2369144768743979e+01,
       4.1443552674001801e+01, 1.0428052870778993e+01,
       -6.2339219505969226e+00, -3.9080237491863157e+00,
       1.5938444700308871e+01, -1.5117085075517939e-01,
       1.8877983122809663e+00, 7.7569524916577592e+01,
       5.7890079372441772e+00, -4.9460544780272215e+01,
       1.0973991310809801e+01, -3.3371205468468941e+00,
       -1.2175361801191488e+02, -6.1808089530323365e+01,
       2.9296976577302161e+01, 4.2239979113939022e+01,
       -2.1614704673223590e+00, 3.8075627854550897e-01,
       8.1507427761498448e+01, 1.5776175232319142e+01,
       -2.3724439807155026e+01, -3.2544416406513434e+01,
       -2.6148588602187335e+01, -1.9868139807218338e+01,
       5.1372731263226200e+01, -8.3478183319704442e+01,
       -1.6913769451121855e+01, 5.4979744742317699e+01,
       -3.5120882343061299e+00, 4.6787902780615163e+00,
       -1.6365128299908628e+02, 5.4078868290949067e+01,
       3.8487644154383062e+01, -3.2498282777069740e+01,
       -9.2905683508884032e+00, 2.7184966722699572e-01 ]
covs: !!opencv-matrix
   rows: 42
   cols: 6
   dt: d
   data: [ 4.7656303130946771e+03, 1.5470869617537232e+02,
       2.8848857745500482e+03, -5.7846019635882477e+01,
       -1.4479799099777753e+02, -1.0026855564879546e+02,
       1.5470869617537238e+02, 6.4942543894292230e+03,
       -1.6569931532962462e+02, 1.8143641548171097e+03,
       -6.9390971719970736e+01, -4.8828479094987266e+01,
       2.8848857745500477e+03, -1.6569931532962460e+02,
       2.5764804307993709e+03, 1.1126892619739699e+02,
       -8.6262064310801918e+01, 5.3019176285928587e+01,
       -5.7846019635882541e+01, 1.8143641548171099e+03,
       1.1126892619739704e+02, 1.6048347139656669e+03,
       -3.0864063511443213e+01, -1.0883770102788957e+02,
       -1.4479799099777753e+02, -6.9390971719970736e+01,
       -8.6262064310801918e+01, -3.0864063511443220e+01,
       2.5002862572373147e+01, 1.5803655235032437e+01,
       -1.0026855564879546e+02, -4.8828479094987244e+01,
       5.3019176285928566e+01, -1.0883770102788957e+02,
       1.5803655235032437e+01, 5.6906159472280471e+01,
       7.3168305842453155e+03, 3.8577491768068614e+02,
       2.2286188264928091e+03, -2.7901874438846040e+01,
       -8.8028044902948341e+02, 1.9358597073152171e+02,
       3.8577491768068626e+02, 8.2557126848634471e+03,
       -5.2352863760275277e+01, 1.0158812591722775e+03,
       1.0746157010313804e+02, -3.2782506555342394e+02,
       2.2286188264928091e+03, -5.2352863760275376e+01,
       2.7468845771462084e+03, -2.2956641433954452e+01,
       1.5152477367815365e+02, -1.4710008495521539e+01,
       -2.7901874438846047e+01, 1.0158812591722775e+03,
       -2.2956641433954463e+01, 1.8458655595033358e+03,
       -1.0770019629235166e+02, 9.3257933974061743e+01,
       -8.8028044902948341e+02, 1.0746157010313800e+02,
       1.5152477367815365e+02, -1.0770019629235171e+02,
       3.7508483722872961e+02, -1.6615712405463189e+01,
       1.9358597073152171e+02, -3.2782506555342394e+02,
       -1.4710008495521539e+01, 9.3257933974061757e+01,
       -1.6615712405463192e+01, 1.6499235429160711e+02,
       6.1965647254349515e+03, 8.3492185891735699e+02,
       2.8904214960852719e+03, -2.6229032780398126e+02,
       6.0199445225250614e+01, -2.0557442489226057e+02,
       8.3492185891735699e+02, 9.7249318059159868e+03,
       -5.1257480410662913e+02, 5.7574774321933353e+02,
       1.4739175680029118e+02, 9.9585866236330207e+02,
       2.8904214960852719e+03, -5.1257480410662913e+02,
       2.4707088129097388e+03, 1.2007696143861517e+02,
       1.3129874720742640e+02, -3.3244256486533033e+01,
       -2.6229032780398126e+02, 5.7574774321933342e+02,
       1.2007696143861517e+02, 2.0506196426200700e+03,
       -7.4330956783992320e+01, -3.0733677779312558e+02,
       6.0199445225250614e+01, 1.4739175680029118e+02,
       1.3129874720742643e+02, -7.4330956783992335e+01,
       4.5384791974888498e+02, 3.8268121751007520e+01,
       -2.0557442489226057e+02, 9.9585866236330230e+02,
       -3.3244256486533033e+01, -3.0733677779312558e+02,
       3.8268121751007506e+01, 4.2795717952331000e+02,
       9.0379506736791354e+03, -6.9392503743389523e+02,
       2.5507544783048347e+03, 6.9541268066959765e+02,
       5.7293647688648480e+02, -3.1959894848431736e+02,
       -6.9392503743389500e+02, 7.7460701392565870e+03,
       2.0071449771496583e+02, 1.4442169613977237e+03,
       9.9679471657522178e+00, 1.5373911686676030e+02,
       2.5507544783048347e+03, 2.0071449771496583e+02,
       2.5660118223891750e+03, -1.7425560007955372e+02,
       -1.3148838854935440e+02, 4.3521454603730788e+01,
       6.9541268066959765e+02, 1.4442169613977237e+03,
       -1.7425560007955369e+02, 1.5045828173995542e+03,
       -7.3129639882514653e+01, -1.5605335591108019e+02,
       5.7293647688648480e+02, 9.9679471657522196e+00,
       -1.3148838854935440e+02, -7.3129639882514653e+01,
       2.1106018002760416e+02, -7.1537191474522530e+01,
       -3.1959894848431730e+02, 1.5373911686676030e+02,
       4.3521454603730795e+01, -1.5605335591108019e+02,
       -7.1537191474522530e+01, 1.4204447996281826e+02,
       4.0912784193975394e+03, 8.4917569523628302e+01,
       3.0879782975690746e+03, 1.4305678827683275e+02,
       -1.0463344740573115e+02, -2.4214628852029996e+01,
       8.4917569523628288e+01, 5.5939874587856111e+03,
       -4.0249396767548021e+01, 2.4614728459652033e+03,
       -4.0389496624569176e+01, -1.3492092280717557e+02,
       3.0879782975690750e+03, -4.0249396767548035e+01,
       2.5777602971668148e+03, 3.2018780797797760e+01,
       -8.1456712420865429e+01, 5.1905151366444251e+01,
       1.4305678827683280e+02, 2.4614728459652033e+03,
       3.2018780797797760e+01, 1.1726391221787287e+03,
       -6.4819749637586526e+01, -8.7230140479658587e+01,
       -1.0463344740573115e+02, -4.0389496624569183e+01,
       -8.1456712420865415e+01, -6.4819749637586526e+01,
       3.8707424029987386e+01, 7.6871877283042291e+00,
       -2.4214628852029996e+01, -1.3492092280717557e+02,
       5.1905151366444258e+01, -8.7230140479658587e+01,
       7.6871877283042291e+00, 8.1536922150942289e+01,
       6.2352311472295287e+03, 7.9152636264834882e+02,
       2.7380645832545606e+03, -3.9364135593365859e+02,
       -5.7291865021396859e+01, 2.6076672236668338e+02,
       7.9152636264834894e+02, 6.7064144363909336e+03,
       -3.0629868234646051e+02, 1.8257547267089149e+03,
       -2.4238081551318409e+01, 1.3106024598510660e+02,
       2.7380645832545606e+03, -3.0629868234646057e+02,
       2.6251318789312386e+03, 8.7412691822148602e+01,
       -1.3302353493438420e+02, -2.2321628416931336e+01,
       -3.9364135593365859e+02, 1.8257547267089151e+03,
       8.7412691822148560e+01, 1.4083254201025593e+03,
       -7.7688095235378654e+01, -2.6667798273960022e+02,
       -5.7291865021396859e+01, -2.4238081551318416e+01,
       -1.3302353493438420e+02, -7.7688095235378654e+01,
       5.9601279068304535e+01, 2.6005372733513639e+01,
       2.6076672236668338e+02, 1.3106024598510660e+02,
       -2.2321628416931329e+01, -2.6667798273960028e+02,
       2.6005372733513639e+01, 1.0710537998099700e+02,
       7.3316395598958497e+03, -6.4467120337288554e+02,
       2.9733924904932965e+03, 5.1557921634186869e+02,
       5.1536844313561141e+02, -6.1909852120452354e+02,
       -6.4467120337288554e+02, 7.7266711106985304e+03,
       -6.3896100540585103e+01, 1.5863502491289628e+03,
       -5.1274210967103818e+02, 5.9978131571433300e+02,
       2.9733924904932969e+03, -6.3896100540585095e+01,
       2.4691021440969098e+03, 1.6298145257295712e+01,
       -7.6840246901617604e+01, 1.0537522436752434e+02,
       5.1557921634186869e+02, 1.5863502491289628e+03,
       1.6298145257295694e+01, 1.4719615478426790e+03,
