%YAML:1.0
means: !!opencv-matrix
   rows: 15
   cols: 2
   dt: d
   data: [ 9.9484477536634643e+01, 7.9568784780136204e+00,
       -1.1955689992047388e+02, -1.4134292128047110e+02,
       -6.6840697746041840e+01, 1.6197494515033929e+02,
       -5.2973638974593005e+00, -1.1015469262401412e+02,
       -1.2781227012727469e+02, -2.9465357488754641e+01,
       1.0365858222894626e+02, -1.0324190119581441e+02,
       1.5610186672927580e+02, 8.0668137607716858e+01,
       -2.0160415342829378e+02, 5.9858662360655110e+01,
       1.8795852838200415e+02, -3.8345345631551893e+01,
       3.7646765638907958e+01, 7.8709649047978203e+01,
       1.2617974183939705e+01, -2.4406335104036478e+02,
       -6.9618183907952442e+01, 5.8324279099497339e+01,
       5.4852165893318329e+01, 1.7354529822720846e+02,
       -2.5584161554385460e+02, -8.9332512902281294e+01,
       5.1763332131169664e+00, -1.2732068111732406e+01 ]
covs: !!opencv-matrix
   rows: 30
   cols: 2
   dt: d
   data: [ 2.4305984693071200e+03, -9.7779372719212788e+01,
       -9.7779372719212788e+01, 2.8615228502557584e+03,
       3.8818970028967033e+03, -8.1436802382489270e+02,
       -8.1436802382489270e+02, 3.4393140415597181e+03,
       6.2536077506640013e+03, -5.4038119109874117e+02,
       -5.4038119109874117e+02, 3.6598088942704912e+03,
       2.8155445481061174e+03, -7.9914556637233875e+02,
       -7.9914556637233875e+02, 2.7975224625253086e+03,
       3.8134441321935819e+03, -6.6826407719168333e+02,
       -6.6826407719168333e+02, 3.9779426579770861e+03,
       3.0513525761125811e+03, -2.5322968953872029e+02,
       -2.5322968953872024e+02, 3.1534021845621523e+03,
       4.9472132773144322e+03, -4.3401973060146378e+02,
       -4.3401973060146372e+02, 3.6265599664676733e+03,
       4.3167363518444763e+03, 1.4899243771773777e+02,
       1.4899243771773780e+02, 6.0719572623878939e+03,
       3.5633435337611554e+03, -5.1872963297988326e+02,
       -5.1872963297988326e+02, 3.9852389477271563e+03,
       3.5872155963158862e+03, 3.5339949394169501e+01,
       3.5339949394169530e+01, 2.5170115006817268e+03,
       6.1730250526161844e+03, -3.2236236212349945e+02,
       -3.2236236212349945e+02, 6.5223054192059817e+03,
       2.6632440566972023e+03, 3.0198158179601733e+00,
       3.0198158179601760e+00, 3.2519727405516765e+03,
       6.4764717358698590e+03, -4.8123818786613816e+02,
       -4.8123818786613816e+02, 3.3473307094920115e+03,
       2.5707759777388724e+03, -7.6777185726825041e+02,
       -7.6777185726825053e+02, 7.1231932188009223e+03,
       2.6233736436036097e+03, -4.4985107353976531e+02,
       -4.4985107353976531e+02, 2.5134987730037128e+03 ]
weights: !!opencv-matrix
   rows: 1
   cols: 15
   dt: d
   data: [ 1.0089747476466507e-01, 4.2520331205507737e-02,
       5.9385257150105022e-02, 6.6825586191672920e-02,
       7.5529879906146735e-02, 9.7370017083327043e-02,
       6.2610517054237619e-02, 6.0113010611675698e-02,
       5.9005146688531136e-02, 8.2557336536248249e-02,
       2.0845349007132852e-02, 7.6798151050452929e-02,
       4.6817749691081621e-02, 4.2821421060483172e-02,
       1.0590277199873209e-01 ]
pca_proj: !!opencv-matrix
   rows: 2
   cols: 21
   dt: f
   data: [ 5.63373789e-03, 8.35267961e-01, 5.83751062e-05,
       -5.80007359e-02, 4.84125257e-01, 1.95079178e-04, -6.77564694e-03,
       1.50318190e-01, -1.70619260e-05, -8.73430166e-03, 1.38595566e-01,
       -4.68143007e-05, -8.15791450e-03, 1.50207818e-01, -1.44241785e-05,
       2.21457431e-05, 1.35637856e-05, -4.88518765e-07, -2.06586064e-05,
       4.58652736e-04, 5.48774005e-06, 8.17724526e-01, 2.43934356e-02,
       -8.38518681e-05, 4.30278718e-01, 1.32395271e-02, 1.03611219e-05,
       2.29871377e-01, -2.17832508e-04, -1.83913537e-04, 2.09620148e-01,
       -1.02265961e-02, -2.14034415e-04, 2.20292181e-01, 1.33573310e-03,
       -1.85908779e-04, -3.04957885e-05, -4.88717978e-06,
       -1.28264119e-05, 6.83600490e-04, 7.30521424e-06, -1.64255340e-04 ]
pca_mean: !!opencv-matrix
   rows: 1
   cols: 21
   dt: f
   data: [ 4.33655304e+02, 2.44726227e+02, 1.49661684e+00,
       4.18114990e+02, 2.60146667e+02, 1.62077343e+00, 3.68545135e+02,
       2.27056747e+02, 1.69769967e+00, 3.19422852e+02, 1.63930801e+02,
       1.75047195e+00, 3.16612885e+02, 2.25533173e+02, 1.70718026e+00,
       1.08872897e-04, -9.74175637e-05, 6.24380555e-05, -2.17504916e-04,
       -2.50119597e-01, 1.75055194e+00 ]
gamma: !!opencv-matrix
   rows: 15
   cols: 1
   dt: d
   data: [ 8.3931975383227853e-01, 8.7914652567107354e-01,
       8.8687435881112453e-01, 8.4310505276245085e-01,
       8.7042652584345248e-01, 8.5742780098715321e-01,
       8.8054114395230620e-01, 8.9989912871631517e-01,
       8.7958284946185905e-01, 8.3972843570978273e-01,
       9.1338918255015300e-01, 8.4271007927946062e-01,
       8.8797530576690387e-01, 9.0557577334603212e-01,
       8.2141743952575108e-01 ]
