%YAML:1.0
means: !!opencv-matrix
   rows: 15
   cols: 2
   dt: d
   data: [ -1.1297282349160950e+02, 4.7752953729078179e+01,
       7.9788516968649148e+01, 1.6573544477821500e+00,
       -1.1315704755623720e+02, -5.1067283403096162e+01,
       -4.4460336833980044e+01, 1.3429814456036530e+02,
       1.7078694657601898e+02, 5.9404697334887324e+01,
       5.9747938279690516e+01, -7.9766166888028565e+01,
       -1.2450919377723929e+01, -1.1666412600550643e+01,
       -2.2759857346220622e+02, 1.1321502276340976e+02,
       -1.8058542062998760e+02, -1.3347761438281384e+02,
       1.1490726014016920e+02, 1.0172673286396883e+02,
       -2.4039069069357342e+02, -8.2815762094012566e+00,
       1.2025819464176782e+02, -1.3901695870452883e+02,
       2.9409114462805711e+01, 8.5962391560652932e+01,
       -3.7771211027550294e+01, -1.3051167142456575e+02,
       1.4452909541733254e+02, -4.8091876671964783e+01 ]
covs: !!opencv-matrix
   rows: 30
   cols: 2
   dt: d
   data: [ 2.8977459171749028e+03, 4.8809259047409677e+02,
       4.8809259047409677e+02, 3.9937718870429544e+03,
       2.4565314089351600e+03, 9.9511298710487406e+00,
       9.9511298710487495e+00, 1.8280758818767774e+03,
       3.3054893657018638e+03, -2.4327349606133089e+02,
       -2.4327349606133089e+02, 2.9851905356078651e+03,
       8.2542265669151857e+03, 1.3797677917194255e+03,
       1.3797677917194253e+03, 5.6908276896571106e+03,
       2.9318400257083754e+03, 3.1371321020371477e+02,
       3.1371321020371471e+02, 2.6694786526965709e+03,
       2.7219993095796453e+03, 9.7092267345302830e+01,
       9.7092267345302915e+01, 1.8462642046385174e+03,
       2.0900505279917470e+03, 1.7971061357299195e+01,
       1.7971061357299188e+01, 2.5858709548716483e+03,
       3.6683498268513990e+03, -1.3955674598529865e+02,
       -1.3955674598529865e+02, 4.2034079844877815e+03,
       5.1229734431777506e+03, -4.6153005404139873e+02,
       -4.6153005404139873e+02, 3.6357328458102170e+03,
       2.1483108871761096e+03, -1.2697510656525453e+02,
       -1.2697510656525452e+02, 2.0744203350199332e+03,
       3.4925592596386077e+03, 8.4908285549180363e+01,
       8.4908285549180462e+01, 4.0122857023254051e+03,
       4.7397942624025054e+03, 1.4148552012999814e+03,
       1.4148552012999814e+03, 3.1310129341912416e+03,
       2.6533543647038459e+03, -2.6955657246114390e+02,
       -2.6955657246114390e+02, 1.9199448042252716e+03,
       3.1563138235546799e+03, 3.5025544775399413e+02,
       3.5025544775399413e+02, 3.2972755236320713e+03,
       3.0235704721970928e+03, 4.3046303007511007e+01,
       4.3046303007510986e+01, 2.3162041439223121e+03 ]
weights: !!opencv-matrix
   rows: 1
   cols: 15
   dt: d
   data: [ 6.7394350170915787e-02, 9.5752319708983819e-02,
       6.1092499497122067e-02, 5.6856397463157703e-02,
       6.5064633725202950e-02, 8.5801425235212475e-02,
       1.0640457649821029e-01, 4.3978625841621856e-02,
       3.7635604589115697e-02, 6.2331280892915827e-02,
       4.8571104957930988e-02, 4.4960088608542607e-02,
       9.3516339249248820e-02, 6.1531894525424312e-02,
       6.9108859036384029e-02 ]
pca_proj: !!opencv-matrix
   rows: 2
   cols: 21
   dt: f
   data: [ 4.81252931e-02, 8.41752231e-01, 1.63098011e-04,
       6.90931007e-02, 4.71874714e-01, 2.44211958e-04, 8.48124735e-03,
       1.50370494e-01, -1.10552901e-05, 1.42873358e-03, 1.33659542e-01,
       -5.35700201e-05, 8.92702211e-03, 1.45150989e-01, -2.01689654e-05,
       -2.50127760e-05, 9.73796159e-06, -2.09843824e-06, 3.38420759e-05,
       4.43316239e-04, 1.89034722e-06, 7.59872437e-01, -5.38273267e-02,
       1.16802432e-04, 4.27527487e-01, -4.29408289e-02, 5.30391771e-05,
       2.86159456e-01, -1.59358028e-02, 1.96534820e-04, 2.70987511e-01,
       -6.59630867e-03, 2.31873273e-04, 2.81312615e-01, -1.78012252e-02,
       2.13424210e-04, -3.75416894e-05, 5.58383726e-06, -8.10696656e-06,
       9.01252322e-04, -6.54473988e-05, 1.93194865e-04 ]
pca_mean: !!opencv-matrix
   rows: 1
   cols: 21
   dt: f
   data: [ 2.07631958e+02, 2.55771317e+02, 1.54495704e+00,
       2.18952042e+02, 2.60557281e+02, 1.67247391e+00, 2.65277283e+02,
       2.24017120e+02, 1.71669185e+00, 3.19422852e+02, 1.63930801e+02,
       1.75047195e+00, 3.16612885e+02, 2.25533173e+02, 1.70718026e+00,
       1.08872897e-04, -9.74175637e-05, 6.24380555e-05, -2.17504916e-04,
       -2.50119597e-01, 1.75055194e+00 ]
gamma: !!opencv-matrix
   rows: 15
   cols: 1
   dt: d
   data: [ 8.6627604759518806e-01, 8.1474167104885065e-01,
       8.5428709266983638e-01, 9.1032030634473193e-01,
       8.6182823771176786e-01, 8.2608630821886886e-01,
       8.1804847763884836e-01, 8.9537333674424235e-01,
       8.9112963792495525e-01, 8.4360982926087424e-01,
       8.9270224964992351e-01, 8.8139121181232472e-01,
       8.2291609260207810e-01, 8.6075622867555179e-01,
       8.4930233581179482e-01 ]
