%YAML:1.0
means: !!opencv-matrix
   rows: 15
   cols: 6
   dt: d
   data: [ 8.5545399513832436e+01, 4.1635249817988409e+01,
       3.3572760503576625e+01, 2.4395820558908142e+01,
       9.1362209165404751e-01, 3.7573727868732085e+00,
       -1.5427759903486267e+02, 1.1174220247488849e+02,
       1.9036681960413812e+01, -4.6312407293333671e+01,
       -2.5665123200228113e+00, -8.2109951696688306e+00,
       -2.5871014280822859e+01, -5.6888649690366847e+01,
       -5.7471031468803652e+01, -4.2246616337304586e+00,
       2.4989112462994401e+00, 3.7152440991158655e+00,
       -3.1284579461691482e+01, 6.7084130308879125e+01,
       -3.2861403122997416e+01, 5.8631886923858730e+01,
       1.2984383886149845e-01, 3.6305092969830830e+00,
       -1.9150465780441783e+02, -1.2302668904318436e+02,
       5.7809158502285833e+01, 2.4750212295130048e+01,
       -1.0664981050619197e+01, -2.9989224090932329e+00,
       -1.7705246611073670e+02, -3.6092291891026889e+01,
       4.6672219981135441e+01, -9.9636328497879170e+00,
       -1.2631623205467772e+01, 1.3529998800260513e+01,
       6.6914544960208104e+01, -6.5333446846036097e+01,
       -5.2390787379470298e+00, 3.7118555519237383e+01,
       1.6408974210137877e+01, -3.4149642097432946e+00,
       -4.0484142896955611e-01, 1.7709220010780871e+02,
       -1.1009410781062948e+01, -1.2465834520047082e+01,
       -4.0711266857096371e+00, -2.6114215132701259e+00,
       -6.6088252377332886e+00, 5.0493280968322146e+01,
       -3.5914407776788650e+01, -7.6399358546246390e+01,
       2.5121396894109899e-01, -3.1385864802270715e+00,
       -2.1043029220316222e+02, -1.8095337700280311e+01,
       1.4493609886309125e+01, 4.1522353780124783e+00,
       7.8577644968291782e-01, -5.9462659787176193e+00,
       8.9930374801186701e+01, -9.0813187483996387e+01,
       9.8129931921143712e+00, -3.8454100087799866e+01,
       3.9201871117026035e+00, 2.7579073278202606e+00,
       9.7969008154169117e+00, -2.0328073073823208e+02,
       1.7723277384625916e+01, 6.7548311868276897e+01,
       -1.9884442053863069e+01, 3.9549972246797696e+00,
       -9.0123358630127328e+01, -7.5768207003630792e+00,
       8.5726498354308461e+01, -1.9680951379910617e+01,
       5.1249812582689929e+00, -4.7505832095567380e+00,
       1.3848770721319079e+02, 2.7603752011905176e+01,
       -4.4584415246951991e+01, 3.7488542158495197e+00,
       -8.5144428253031368e+00, -2.7976637409372915e+00,
       1.3903701215045953e+02, 3.3007398905949394e+01,
       4.6307839392210333e+01, -3.2075395780406659e+01,
       -5.3805260834940540e+00, 2.0969794484544377e+00 ]
covs: !!opencv-matrix
   rows: 90
   cols: 6
   dt: d
   data: [ 6.2978734888946346e+03, -2.5876214760245449e+02,
       -1.1071246557442626e+02, 6.6819625103169756e+02,
       -1.0166669534351105e+02, -2.9123071373868419e+02,
       -2.5876214760245432e+02, 5.3828485788049611e+03,
       -4.1201475708785999e+01, -1.1491325096982902e+02,
       1.7348957587395816e+01, 4.1865138365498638e+01,
       -1.1071246557442629e+02, -4.1201475708785971e+01,
       1.2432426850160055e+03, 1.5301612210188335e+02,
       1.2000859846414353e+02, 5.0984203554482363e+01,
       6.6819625103169756e+02, -1.1491325096982899e+02,
       1.5301612210188333e+02, 1.1960693245216312e+03,
       3.2579704821310848e+01, -4.1860045222398057e+01,
       -1.0166669534351105e+02, 1.7348957587395823e+01,
       1.2000859846414353e+02, 3.2579704821310848e+01,
       1.6755316627187119e+02, -1.0546727962455265e+01,
       -2.9123071373868419e+02, 4.1865138365498666e+01,
       5.0984203554482377e+01, -4.1860045222398071e+01,
       -1.0546727962455266e+01, 8.2080277911104190e+01,
       6.6572456975958958e+03, 1.2564978563287150e+03,
       2.2812076114519559e+03, -1.4924633096059802e+03,
       6.4794529660432204e+01, 1.1172818363601041e+02,
       1.2564978563287148e+03, 7.0440815888267416e+03,
       4.6874644889852027e+02, 1.9818969316447822e+03,
       1.8984898703949295e+02, 9.5959084748729794e+01,
       2.2812076114519559e+03, 4.6874644889852038e+02,
       2.5710137186457150e+03, 9.2956819926968890e+01,
       -4.7638550853822245e+01, 1.7895192867991891e+01,
       -1.4924633096059804e+03, 1.9818969316447826e+03,
       9.2956819926968890e+01, 1.7916550229825086e+03,
       -6.8376616441100396e+01, -3.7529250402539649e+00,
       6.4794529660432190e+01, 1.8984898703949293e+02,
       -4.7638550853822260e+01, -6.8376616441100396e+01,
       4.8995550652623315e+01, 2.4856831872334848e+01,
       1.1172818363601043e+02, 9.5959084748729794e+01,
       1.7895192867991891e+01, -3.7529250402539667e+00,
       2.4856831872334848e+01, 4.1084539715872339e+01,
       6.0839945727146041e+03, -5.2367629025364272e+02,
       -5.0155976082960944e+02, 3.7683934986662354e+02,
       -2.1680274588188303e+02, -2.1180046246585488e+02,
       -5.2367629025364272e+02, 5.6816426169403185e+03,
       3.7810549452627491e+01, -3.4683059283639949e+02,
       -3.5177050799792497e+01, 5.2296453546314957e+01,
       -5.0155976082960950e+02, 3.7810549452627498e+01,
       1.1240790994073127e+03, 1.6886678553210010e+02,
       1.2608624545672045e+01, 3.6261739093949529e+01,
       3.7683934986662348e+02, -3.4683059283639943e+02,
       1.6886678553210007e+02, 1.2344691408826950e+03,
       -6.8150478667690679e+00, -2.8177859322380744e+01,
       -2.1680274588188311e+02, -3.5177050799792497e+01,
       1.2608624545672040e+01, -6.8150478667690662e+00,
       1.5643611822609864e+02, -1.8509066052933199e+00,
       -2.1180046246585488e+02, 5.2296453546314950e+01,
       3.6261739093949515e+01, -2.8177859322380755e+01,
       -1.8509066052933205e+00, 8.9480221051934322e+01,
       6.7271294005690534e+03, -2.5806634653130379e+02,
       -6.7708777220250852e+02, 5.2563151186980451e+02,
       -2.6967653686941389e+02, -2.4355740278929622e+02,
       -2.5806634653130385e+02, 5.0592240497864714e+03,
       -3.1947580935175432e+02, -8.0140827867774397e+02,
       1.5587945969260540e+01, 1.1361734524704650e+02,
       -6.7708777220250852e+02, -3.1947580935175438e+02,
       1.2175628467769077e+03, -7.0393762371363479e+01,
       4.9750748430253815e+01, 3.3974742282504081e+01,
       5.2563151186980451e+02, -8.0140827867774408e+02,
       -7.0393762371363479e+01, 1.0357262809327876e+03,
       6.2557339944624353e+01, -4.3881234835944191e+01,
       -2.6967653686941389e+02, 1.5587945969260552e+01,
       4.9750748430253815e+01, 6.2557339944624353e+01,
       1.5816670674810442e+02, -3.7727894511571956e+00,
       -2.4355740278929622e+02, 1.1361734524704653e+02,
       3.3974742282504081e+01, -4.3881234835944177e+01,
       -3.7727894511571964e+00, 9.2500963342931627e+01,
       5.7616183968336445e+03, -9.8983388754459168e+02,
       3.0237853723239814e+03, -7.0021198095375780e+02,
       -2.7294355190025919e+02, -2.6114229288643196e+02,
       -9.8983388754459133e+02, 7.1468615814782606e+03,
       9.7691728507444782e+02, 1.7830111315708784e+03,
       5.6530073259208791e+02, 6.3448221650352571e+02,
       3.0237853723239814e+03, 9.7691728507444782e+02,
       2.2425091039495610e+03, -2.2815123055022775e+00,
       -8.7525875638304331e+00, 9.9462427182559345e+00,
       -7.0021198095375803e+02, 1.7830111315708784e+03,
       -2.2815123055022721e+00, 2.0752217307855663e+03,
       -2.2044920870001769e+02, -4.3296541350994465e+02,
       -2.7294355190025919e+02, 5.6530073259208791e+02,
       -8.7525875638304296e+00, -2.2044920870001769e+02,
       2.3852179956075409e+02, 2.9997599460007427e+02,
       -2.6114229288643190e+02, 6.3448221650352571e+02,
       9.9462427182559345e+00, -4.3296541350994465e+02,
       2.9997599460007427e+02, 5.3150211788116792e+02,
       7.0894556904380006e+03, -1.3042348544738304e+03,
       2.7689508338222990e+03, -7.5819104511024523e+02,
       -1.6601799424475379e+02, -1.7695139498843133e+02,
       -1.3042348544738304e+03, 8.3748596790008942e+03,
       9.3333626682311774e+02, 1.7066077994179213e+03,
