%YAML:1.0
means: !!opencv-matrix
   rows: 15
   cols: 6
   dt: d
   data: [ -2.2606696664130244e+01, -4.0572165307422885e+01,
       -7.5742164840470522e+01, 4.1771208552505755e+01,
       7.9818465922238682e+00, -1.3935786853592087e+00,
       -1.9553218376207866e+02, 5.9842415387339393e+01,
       4.5263572143918950e+01, -2.9763583581652117e+01,
       6.9836205650561789e+00, 1.5459982666670964e+01,
       -3.4107436287893691e+01, -2.4204663687431026e+01,
       9.4532663075687466e+01, 1.5537665236507834e+01,
       -4.9271288958269484e+00, 1.1708011210173972e+00,
       1.2415349766056065e+02, 1.7496507030108255e+01,
       -4.4929699682707444e+01, -7.7761139355838873e+00,
       8.1468806405151231e+00, -5.6835946081412159e+00,
       3.6567833564536031e+01, -5.4311357642245135e+01,
       -2.7639767125861422e+01, -3.5536458425789050e+01,
       8.1744247223473359e+00, 5.4243407095817888e+00,
       -4.7559584304797362e+01, -1.5831784165742110e+02,
       4.2723910279315085e+00, 2.1560492929674272e+01,
       -1.8633900658819784e+00, -1.6832531884076978e+00,
       6.6089928051444289e+01, 1.2716636944924545e+01,
       -2.0742312739994244e+01, -2.8836640459890223e+01,
       -2.4524367205965728e+01, -3.8047046056514970e+00,
       1.7336107855535673e+01, 1.5821546706189474e+02,
       -1.5777198534073180e+00, -8.8812654818662324e+01,
       1.8734350796941197e+01, -2.5506604586826160e+00,
       1.4781253099282964e+02, -2.7985460714760073e+01,
       4.6052630199767613e+01, -2.1411741765368436e+01,
       3.7358454737719446e+00, 3.7654602601216411e+00,
       1.0889679020413627e+01, 5.4785759785143973e+01,
       -1.7038287268445306e+01, 3.9247446924146189e+01,
       1.6609836756893370e+00, 3.1365963424769521e+00,
       -2.0039006811699494e+02, 7.6737491362261224e+01,
       4.2390823834533421e+01, -4.4518289010159620e+01,
       1.4918906237514113e+00, -8.7558547163164562e+00,
       -4.3264956372537135e+01, 1.7132455797585965e+01,
       -8.3067086208681395e+00, -1.2688839842782851e+01,
       -6.5260532012372039e+00, 7.8594953848687270e+00,
       1.4736002854930820e+02, 1.0319933234086062e+02,
       3.1856136138786241e+01, 2.9119102970276959e+01,
       -3.4454399190213106e-02, 3.0601130735016762e+00,
       8.2808119255476385e+01, -6.6368115529294883e+01,
       2.6119762552015886e+00, 5.0117834529546904e+01,
       7.0117233635393159e+00, -4.5047075943340680e+00,
       -1.8557209004519365e+02, -4.2844309910966878e+01,
       2.9758531174532010e+01, 4.1216028581086363e+01,
       2.0292537845201482e+00, -5.0999933872613710e+00 ]
covs: !!opencv-matrix
   rows: 90
   cols: 6
   dt: d
   data: [ 3.5466113232123530e+03, 1.7747205431144773e+03,
       -5.3082039498420750e+02, -7.8907369862951680e+02,
       2.3925024411244635e+02, -5.1334155982795565e+01,
       1.7747205431144773e+03, 7.2669256801956872e+03,
       -3.2538857946673936e+01, 8.9385568002499940e+02,
       1.5585087217844304e+02, 1.9461367939197782e+01,
       -5.3082039498420761e+02, -3.2538857946673971e+01,
       6.0175320024064581e+02, 1.4842539095259886e+02,
       -7.7795013450270130e+00, -1.6536162025570487e+01,
       -7.8907369862951657e+02, 8.9385568002499940e+02,
       1.4842539095259886e+02, 1.7550684039702103e+03,
       -2.3838937747348308e+02, 7.0996979955634778e+00,
       2.3925024411244635e+02, 1.5585087217844304e+02,
       -7.7795013450270130e+00, -2.3838937747348302e+02,
       8.2580664810846031e+01, 7.3437509418410629e+00,
       -5.1334155982795579e+01, 1.9461367939197778e+01,
       -1.6536162025570487e+01, 7.0996979955634805e+00,
       7.3437509418410629e+00, 4.4324372467238611e+01,
       6.2464163122689624e+03, -1.8458576050202634e+01,
       2.7999729306492259e+03, 4.0982178401126151e+02,
       2.6225744593111506e+02, -3.9398867328994820e+00,
       -1.8458576050202677e+01, 6.7359043671373329e+03,
       1.0413521705049043e+02, 2.1067515923379797e+03,
       -1.8597149676204819e+02, -2.1843565778320777e+02,
       2.7999729306492259e+03, 1.0413521705049043e+02,
       2.3448092602508018e+03, 5.6684057850123835e+01,
       -2.5818370748417557e+01, 1.0238902765012380e+01,
       4.0982178401126151e+02, 2.1067515923379792e+03,
       5.6684057850123843e+01, 1.1622059179911673e+03,
       2.0991458898559443e+02, 2.9648898845141698e+01,
       2.6225744593111506e+02, -1.8597149676204819e+02,
       -2.5818370748417561e+01, 2.0991458898559443e+02,
       3.2871103211095630e+02, 3.8722702421415406e+01,
       -3.9398867328994873e+00, -2.1843565778320777e+02,
       1.0238902765012380e+01, 2.9648898845141698e+01,
       3.8722702421415406e+01, 2.6557245039136859e+02,
       5.7460448988600883e+03, -7.2620655777901891e+02,
       -8.7697618989084094e+02, 1.0796083492883074e+03,
       -2.4355698644082779e+02, 3.5005508685877402e+02,
       -7.2620655777901914e+02, 8.3034465372679060e+03,
       2.8945977425192916e+02, 4.7898618075092293e+02,
       -6.8128864128996618e+00, -4.7367373850142030e+01,
       -8.7697618989084094e+02, 2.8945977425192916e+02,
       4.4154998462756652e+02, -1.7591682930197749e+02,
       5.1440469996552629e+01, -2.1711150419271281e+01,
       1.0796083492883074e+03, 4.7898618075092293e+02,
       -1.7591682930197754e+02, 2.2565967612306267e+03,
       -3.0243509872203507e+01, -1.7484051323957161e+01,
       -2.4355698644082773e+02, -6.8128864128996627e+00,
       5.1440469996552622e+01, -3.0243509872203514e+01,
       1.1485624916661985e+02, -2.4492868768596246e+01,
       3.5005508685877402e+02, -4.7367373850142044e+01,
       -2.1711150419271284e+01, -1.7484051323957154e+01,
       -2.4492868768596246e+01, 1.0765252335176758e+02,
       4.3915003827686933e+03, -4.0308505481739502e+02,
       2.2809287911555384e+03, -2.8982580653855786e+02,
       -8.2366851800234556e+01, -2.3339024710083618e+02,
       -4.0308505481739491e+02, 5.5782761138395417e+03,
       -1.5458744810713023e+02, 1.8159982321833195e+03,
       -1.5553274821223886e+02, -6.0807254397699930e+00,
       2.2809287911555384e+03, -1.5458744810713023e+02,
       2.1025169189500484e+03, -6.2840606269622256e+01,
       8.6688955897736648e+01, -9.3862099318785930e+00,
       -2.8982580653855786e+02, 1.8159982321833195e+03,
       -6.2840606269622285e+01, 1.2975850081498422e+03,
       -2.0278597327919666e+01, 1.0616691755939755e+02,
       -8.2366851800234556e+01, -1.5553274821223886e+02,
       8.6688955897736619e+01, -2.0278597327919673e+01,
       1.3511676136613107e+02, 6.7559770364502048e-01,
       -2.3339024710083618e+02, -6.0807254397699948e+00,
       -9.3862099318786001e+00, 1.0616691755939755e+02,
       6.7559770364502125e-01, 1.0808887514121594e+02,
       4.8188732567802308e+03, -5.4307585668592640e+02,
       1.5656201744476632e+03, 1.2312136414899969e+02,
       4.5297275798180621e+01, -6.9928633340047355e+01,
       -5.4307585668592617e+02, 3.4454867631603638e+03,
       1.0131767345455417e+02, -4.0880464632172266e+02,
       -4.4361042969466482e+01, 3.1037602819279360e+01,
       1.5656201744476632e+03, 1.0131767345455417e+02,
       1.8400683361294889e+03, 5.3081401673928754e+00,
       2.5835696389333087e+01, -5.4077537380212533e+01,
       1.2312136414899969e+02, -4.0880464632172266e+02,
       5.3081401673928719e+00, 9.2562635813510599e+02,
       1.2830209692541180e+02, -4.3110269097205531e+01,
       4.5297275798180628e+01, -4.4361042969466475e+01,
       2.5835696389333080e+01, 1.2830209692541180e+02,
       1.1474724997233666e+02, -1.7163021454435537e+01,
       -6.9928633340047355e+01, 3.1037602819279364e+01,
       -5.4077537380212533e+01, -4.3110269097205531e+01,
       -1.7163021454435537e+01, 4.4082569080498502e+01,
       1.1567210347202734e+04, 3.5346708768072921e+02,
       1.3595600294969981e+03, -3.3593778410125412e+02,
       1.9773973531069873e+02, -5.9469402430075554e+01,
       3.5346708768072909e+02, 2.9625489781984475e+03,
       -1.7047023549237841e+02, 6.5696529438151941e+01,
